timeStep,numberOfRobotsOnBlackSite,numberOfRobotsOnWhiteSite
1,0,0
timeStep,numberOfRobotsOnBlackSite,numberOfRobotsOnWhiteSite
2,0,0
timeStep,numberOfRobotsOnBlackSite,numberOfRobotsOnWhiteSite
3,0,0
timeStep,numberOfRobotsOnBlackSite,numberOfRobotsOnWhiteSite
4,0,0
timeStep,numberOfRobotsOnBlackSite,numberOfRobotsOnWhiteSite
5,0,0
timeStep,numberOfRobotsOnBlackSite,numberOfRobotsOnWhiteSite
6,0,0
timeStep,numberOfRobotsOnBlackSite,numberOfRobotsOnWhiteSite
7,0,0
timeStep,numberOfRobotsOnBlackSite,numberOfRobotsOnWhiteSite
8,0,0
timeStep,numberOfRobotsOnBlackSite,numberOfRobotsOnWhiteSite
9,0,0
timeStep,numberOfRobotsOnBlackSite,numberOfRobotsOnWhiteSite
10,0,0
timeStep,numberOfRobotsOnBlackSite,numberOfRobotsOnWhiteSite
11,0,0
timeStep,numberOfRobotsOnBlackSite,numberOfRobotsOnWhiteSite
12,0,0
timeStep,numberOfRobotsOnBlackSite,numberOfRobotsOnWhiteSite
13,0,0
timeStep,numberOfRobotsOnBlackSite,numberOfRobotsOnWhiteSite
14,0,0
timeStep,numberOfRobotsOnBlackSite,numberOfRobotsOnWhiteSite
15,0,0
timeStep,numberOfRobotsOnBlackSite,numberOfRobotsOnWhiteSite
16,0,0
timeStep,numberOfRobotsOnBlackSite,numberOfRobotsOnWhiteSite
17,0,0
timeStep,numberOfRobotsOnBlackSite,numberOfRobotsOnWhiteSite
18,0,0
timeStep,numberOfRobotsOnBlackSite,numberOfRobotsOnWhiteSite
19,0,0
timeStep,numberOfRobotsOnBlackSite,numberOfRobotsOnWhiteSite
20,0,0
timeStep,numberOfRobotsOnBlackSite,numberOfRobotsOnWhiteSite
21,0,0
timeStep,numberOfRobotsOnBlackSite,numberOfRobotsOnWhiteSite
22,0,0
timeStep,numberOfRobotsOnBlackSite,numberOfRobotsOnWhiteSite
23,0,0
timeStep,numberOfRobotsOnBlackSite,numberOfRobotsOnWhiteSite
24,0,0
timeStep,numberOfRobotsOnBlackSite,numberOfRobotsOnWhiteSite
25,0,0
timeStep,numberOfRobotsOnBlackSite,numberOfRobotsOnWhiteSite
26,0,0
timeStep,numberOfRobotsOnBlackSite,numberOfRobotsOnWhiteSite
27,0,0
timeStep,numberOfRobotsOnBlackSite,numberOfRobotsOnWhiteSite
28,0,0
timeStep,numberOfRobotsOnBlackSite,numberOfRobotsOnWhiteSite
29,0,0
timeStep,numberOfRobotsOnBlackSite,numberOfRobotsOnWhiteSite
30,0,0
timeStep,numberOfRobotsOnBlackSite,numberOfRobotsOnWhiteSite
31,0,0
timeStep,numberOfRobotsOnBlackSite,numberOfRobotsOnWhiteSite
32,0,0
timeStep,numberOfRobotsOnBlackSite,numberOfRobotsOnWhiteSite
33,0,0
timeStep,numberOfRobotsOnBlackSite,numberOfRobotsOnWhiteSite
34,0,0
timeStep,numberOfRobotsOnBlackSite,numberOfRobotsOnWhiteSite
35,0,0
timeStep,numberOfRobotsOnBlackSite,numberOfRobotsOnWhiteSite
36,0,0
timeStep,numberOfRobotsOnBlackSite,numberOfRobotsOnWhiteSite
37,0,0
timeStep,numberOfRobotsOnBlackSite,numberOfRobotsOnWhiteSite
38,0,0
timeStep,numberOfRobotsOnBlackSite,numberOfRobotsOnWhiteSite
39,0,0
timeStep,numberOfRobotsOnBlackSite,numberOfRobotsOnWhiteSite
40,0,0
timeStep,numberOfRobotsOnBlackSite,numberOfRobotsOnWhiteSite
41,0,0
timeStep,numberOfRobotsOnBlackSite,numberOfRobotsOnWhiteSite
42,0,0
timeStep,numberOfRobotsOnBlackSite,numberOfRobotsOnWhiteSite
43,0,0
timeStep,numberOfRobotsOnBlackSite,numberOfRobotsOnWhiteSite
44,0,0
timeStep,numberOfRobotsOnBlackSite,numberOfRobotsOnWhiteSite
45,0,1
timeStep,numberOfRobotsOnBlackSite,numberOfRobotsOnWhiteSite
46,0,1
timeStep,numberOfRobotsOnBlackSite,numberOfRobotsOnWhiteSite
47,0,1
timeStep,numberOfRobotsOnBlackSite,numberOfRobotsOnWhiteSite
48,0,1
timeStep,numberOfRobotsOnBlackSite,numberOfRobotsOnWhiteSite
49,0,1
timeStep,numberOfRobotsOnBlackSite,numberOfRobotsOnWhiteSite
50,0,1
timeStep,numberOfRobotsOnBlackSite,numberOfRobotsOnWhiteSite
51,0,1
timeStep,numberOfRobotsOnBlackSite,numberOfRobotsOnWhiteSite
52,0,1
timeStep,numberOfRobotsOnBlackSite,numberOfRobotsOnWhiteSite
53,0,1
timeStep,numberOfRobotsOnBlackSite,numberOfRobotsOnWhiteSite
54,0,1
timeStep,numberOfRobotsOnBlackSite,numberOfRobotsOnWhiteSite
55,0,1
timeStep,numberOfRobotsOnBlackSite,numberOfRobotsOnWhiteSite
56,0,1
timeStep,numberOfRobotsOnBlackSite,numberOfRobotsOnWhiteSite
57,0,1
timeStep,numberOfRobotsOnBlackSite,numberOfRobotsOnWhiteSite
58,0,1
timeStep,numberOfRobotsOnBlackSite,numberOfRobotsOnWhiteSite
59,0,1
timeStep,numberOfRobotsOnBlackSite,numberOfRobotsOnWhiteSite
60,0,1
timeStep,numberOfRobotsOnBlackSite,numberOfRobotsOnWhiteSite
61,0,1
timeStep,numberOfRobotsOnBlackSite,numberOfRobotsOnWhiteSite
62,0,1
timeStep,numberOfRobotsOnBlackSite,numberOfRobotsOnWhiteSite
63,0,1
timeStep,numberOfRobotsOnBlackSite,numberOfRobotsOnWhiteSite
64,0,1
timeStep,numberOfRobotsOnBlackSite,numberOfRobotsOnWhiteSite
65,0,2
timeStep,numberOfRobotsOnBlackSite,numberOfRobotsOnWhiteSite
66,0,2
timeStep,numberOfRobotsOnBlackSite,numberOfRobotsOnWhiteSite
67,0,2
timeStep,numberOfRobotsOnBlackSite,numberOfRobotsOnWhiteSite
68,0,2
timeStep,numberOfRobotsOnBlackSite,numberOfRobotsOnWhiteSite
69,0,2
timeStep,numberOfRobotsOnBlackSite,numberOfRobotsOnWhiteSite
70,0,3
timeStep,numberOfRobotsOnBlackSite,numberOfRobotsOnWhiteSite
71,0,3
timeStep,numberOfRobotsOnBlackSite,numberOfRobotsOnWhiteSite
72,0,3
timeStep,numberOfRobotsOnBlackSite,numberOfRobotsOnWhiteSite
73,0,3
timeStep,numberOfRobotsOnBlackSite,numberOfRobotsOnWhiteSite
74,0,3
timeStep,numberOfRobotsOnBlackSite,numberOfRobotsOnWhiteSite
75,1,3
timeStep,numberOfRobotsOnBlackSite,numberOfRobotsOnWhiteSite
76,1,3
timeStep,numberOfRobotsOnBlackSite,numberOfRobotsOnWhiteSite
77,1,3
timeStep,numberOfRobotsOnBlackSite,numberOfRobotsOnWhiteSite
78,1,3
timeStep,numberOfRobotsOnBlackSite,numberOfRobotsOnWhiteSite
79,1,3
timeStep,numberOfRobotsOnBlackSite,numberOfRobotsOnWhiteSite
80,1,3
timeStep,numberOfRobotsOnBlackSite,numberOfRobotsOnWhiteSite
81,1,3
timeStep,numberOfRobotsOnBlackSite,numberOfRobotsOnWhiteSite
82,1,3
timeStep,numberOfRobotsOnBlackSite,numberOfRobotsOnWhiteSite
83,1,3
timeStep,numberOfRobotsOnBlackSite,numberOfRobotsOnWhiteSite
84,1,3
timeStep,numberOfRobotsOnBlackSite,numberOfRobotsOnWhiteSite
85,1,3
timeStep,numberOfRobotsOnBlackSite,numberOfRobotsOnWhiteSite
86,1,3
timeStep,numberOfRobotsOnBlackSite,numberOfRobotsOnWhiteSite
87,1,3
timeStep,numberOfRobotsOnBlackSite,numberOfRobotsOnWhiteSite
88,1,3
timeStep,numberOfRobotsOnBlackSite,numberOfRobotsOnWhiteSite
89,1,3
timeStep,numberOfRobotsOnBlackSite,numberOfRobotsOnWhiteSite
90,1,3
timeStep,numberOfRobotsOnBlackSite,numberOfRobotsOnWhiteSite
91,1,3
timeStep,numberOfRobotsOnBlackSite,numberOfRobotsOnWhiteSite
92,1,3
timeStep,numberOfRobotsOnBlackSite,numberOfRobotsOnWhiteSite
93,1,3
timeStep,numberOfRobotsOnBlackSite,numberOfRobotsOnWhiteSite
94,1,3
timeStep,numberOfRobotsOnBlackSite,numberOfRobotsOnWhiteSite
95,1,3
timeStep,numberOfRobotsOnBlackSite,numberOfRobotsOnWhiteSite
96,1,3
timeStep,numberOfRobotsOnBlackSite,numberOfRobotsOnWhiteSite
97,1,3
timeStep,numberOfRobotsOnBlackSite,numberOfRobotsOnWhiteSite
98,1,3
timeStep,numberOfRobotsOnBlackSite,numberOfRobotsOnWhiteSite
99,1,3
timeStep,numberOfRobotsOnBlackSite,numberOfRobotsOnWhiteSite
100,1,3
timeStep,numberOfRobotsOnBlackSite,numberOfRobotsOnWhiteSite
101,1,3
timeStep,numberOfRobotsOnBlackSite,numberOfRobotsOnWhiteSite
102,1,3
timeStep,numberOfRobotsOnBlackSite,numberOfRobotsOnWhiteSite
103,1,3
timeStep,numberOfRobotsOnBlackSite,numberOfRobotsOnWhiteSite
104,1,3
timeStep,numberOfRobotsOnBlackSite,numberOfRobotsOnWhiteSite
105,2,3
timeStep,numberOfRobotsOnBlackSite,numberOfRobotsOnWhiteSite
106,2,3
timeStep,numberOfRobotsOnBlackSite,numberOfRobotsOnWhiteSite
107,2,3
timeStep,numberOfRobotsOnBlackSite,numberOfRobotsOnWhiteSite
108,2,3
timeStep,numberOfRobotsOnBlackSite,numberOfRobotsOnWhiteSite
109,2,3
timeStep,numberOfRobotsOnBlackSite,numberOfRobotsOnWhiteSite
110,2,3
timeStep,numberOfRobotsOnBlackSite,numberOfRobotsOnWhiteSite
111,2,3
timeStep,numberOfRobotsOnBlackSite,numberOfRobotsOnWhiteSite
112,2,3
timeStep,numberOfRobotsOnBlackSite,numberOfRobotsOnWhiteSite
113,2,3
timeStep,numberOfRobotsOnBlackSite,numberOfRobotsOnWhiteSite
114,2,3
timeStep,numberOfRobotsOnBlackSite,numberOfRobotsOnWhiteSite
115,2,3
timeStep,numberOfRobotsOnBlackSite,numberOfRobotsOnWhiteSite
116,2,3
timeStep,numberOfRobotsOnBlackSite,numberOfRobotsOnWhiteSite
117,2,3
timeStep,numberOfRobotsOnBlackSite,numberOfRobotsOnWhiteSite
118,2,3
timeStep,numberOfRobotsOnBlackSite,numberOfRobotsOnWhiteSite
119,2,3
timeStep,numberOfRobotsOnBlackSite,numberOfRobotsOnWhiteSite
120,2,3
timeStep,numberOfRobotsOnBlackSite,numberOfRobotsOnWhiteSite
121,2,3
timeStep,numberOfRobotsOnBlackSite,numberOfRobotsOnWhiteSite
122,2,3
timeStep,numberOfRobotsOnBlackSite,numberOfRobotsOnWhiteSite
123,2,3
timeStep,numberOfRobotsOnBlackSite,numberOfRobotsOnWhiteSite
124,2,3
timeStep,numberOfRobotsOnBlackSite,numberOfRobotsOnWhiteSite
125,2,3
timeStep,numberOfRobotsOnBlackSite,numberOfRobotsOnWhiteSite
126,2,3
timeStep,numberOfRobotsOnBlackSite,numberOfRobotsOnWhiteSite
127,2,3
timeStep,numberOfRobotsOnBlackSite,numberOfRobotsOnWhiteSite
128,2,3
timeStep,numberOfRobotsOnBlackSite,numberOfRobotsOnWhiteSite
129,2,3
timeStep,numberOfRobotsOnBlackSite,numberOfRobotsOnWhiteSite
130,3,3
timeStep,numberOfRobotsOnBlackSite,numberOfRobotsOnWhiteSite
131,3,3
timeStep,numberOfRobotsOnBlackSite,numberOfRobotsOnWhiteSite
132,3,3
timeStep,numberOfRobotsOnBlackSite,numberOfRobotsOnWhiteSite
133,3,3
timeStep,numberOfRobotsOnBlackSite,numberOfRobotsOnWhiteSite
134,3,3
timeStep,numberOfRobotsOnBlackSite,numberOfRobotsOnWhiteSite
135,3,3
timeStep,numberOfRobotsOnBlackSite,numberOfRobotsOnWhiteSite
136,3,3
timeStep,numberOfRobotsOnBlackSite,numberOfRobotsOnWhiteSite
137,3,3
timeStep,numberOfRobotsOnBlackSite,numberOfRobotsOnWhiteSite
138,3,3
timeStep,numberOfRobotsOnBlackSite,numberOfRobotsOnWhiteSite
139,3,3
timeStep,numberOfRobotsOnBlackSite,numberOfRobotsOnWhiteSite
140,3,3
timeStep,numberOfRobotsOnBlackSite,numberOfRobotsOnWhiteSite
141,3,3
timeStep,numberOfRobotsOnBlackSite,numberOfRobotsOnWhiteSite
142,3,3
timeStep,numberOfRobotsOnBlackSite,numberOfRobotsOnWhiteSite
143,3,3
timeStep,numberOfRobotsOnBlackSite,numberOfRobotsOnWhiteSite
144,3,3
timeStep,numberOfRobotsOnBlackSite,numberOfRobotsOnWhiteSite
145,3,3
timeStep,numberOfRobotsOnBlackSite,numberOfRobotsOnWhiteSite
146,3,3
timeStep,numberOfRobotsOnBlackSite,numberOfRobotsOnWhiteSite
147,3,3
timeStep,numberOfRobotsOnBlackSite,numberOfRobotsOnWhiteSite
148,3,3
timeStep,numberOfRobotsOnBlackSite,numberOfRobotsOnWhiteSite
149,3,3
timeStep,numberOfRobotsOnBlackSite,numberOfRobotsOnWhiteSite
150,3,4
timeStep,numberOfRobotsOnBlackSite,numberOfRobotsOnWhiteSite
151,3,4
timeStep,numberOfRobotsOnBlackSite,numberOfRobotsOnWhiteSite
152,3,4
timeStep,numberOfRobotsOnBlackSite,numberOfRobotsOnWhiteSite
153,3,4
timeStep,numberOfRobotsOnBlackSite,numberOfRobotsOnWhiteSite
154,3,4
timeStep,numberOfRobotsOnBlackSite,numberOfRobotsOnWhiteSite
155,3,5
timeStep,numberOfRobotsOnBlackSite,numberOfRobotsOnWhiteSite
156,3,5
timeStep,numberOfRobotsOnBlackSite,numberOfRobotsOnWhiteSite
157,3,5
timeStep,numberOfRobotsOnBlackSite,numberOfRobotsOnWhiteSite
158,3,5
timeStep,numberOfRobotsOnBlackSite,numberOfRobotsOnWhiteSite
159,3,5
timeStep,numberOfRobotsOnBlackSite,numberOfRobotsOnWhiteSite
160,3,5
timeStep,numberOfRobotsOnBlackSite,numberOfRobotsOnWhiteSite
161,3,5
timeStep,numberOfRobotsOnBlackSite,numberOfRobotsOnWhiteSite
162,3,5
timeStep,numberOfRobotsOnBlackSite,numberOfRobotsOnWhiteSite
163,3,5
timeStep,numberOfRobotsOnBlackSite,numberOfRobotsOnWhiteSite
164,3,5
timeStep,numberOfRobotsOnBlackSite,numberOfRobotsOnWhiteSite
165,3,5
timeStep,numberOfRobotsOnBlackSite,numberOfRobotsOnWhiteSite
166,3,5
timeStep,numberOfRobotsOnBlackSite,numberOfRobotsOnWhiteSite
167,3,5
timeStep,numberOfRobotsOnBlackSite,numberOfRobotsOnWhiteSite
168,3,5
timeStep,numberOfRobotsOnBlackSite,numberOfRobotsOnWhiteSite
169,3,5
timeStep,numberOfRobotsOnBlackSite,numberOfRobotsOnWhiteSite
170,3,5
timeStep,numberOfRobotsOnBlackSite,numberOfRobotsOnWhiteSite
171,3,5
timeStep,numberOfRobotsOnBlackSite,numberOfRobotsOnWhiteSite
172,3,5
timeStep,numberOfRobotsOnBlackSite,numberOfRobotsOnWhiteSite
173,3,5
timeStep,numberOfRobotsOnBlackSite,numberOfRobotsOnWhiteSite
174,3,5
timeStep,numberOfRobotsOnBlackSite,numberOfRobotsOnWhiteSite
175,3,6
timeStep,numberOfRobotsOnBlackSite,numberOfRobotsOnWhiteSite
176,3,6
timeStep,numberOfRobotsOnBlackSite,numberOfRobotsOnWhiteSite
177,3,6
timeStep,numberOfRobotsOnBlackSite,numberOfRobotsOnWhiteSite
178,3,6
timeStep,numberOfRobotsOnBlackSite,numberOfRobotsOnWhiteSite
179,3,6
timeStep,numberOfRobotsOnBlackSite,numberOfRobotsOnWhiteSite
180,3,6
timeStep,numberOfRobotsOnBlackSite,numberOfRobotsOnWhiteSite
181,3,6
timeStep,numberOfRobotsOnBlackSite,numberOfRobotsOnWhiteSite
182,3,6
timeStep,numberOfRobotsOnBlackSite,numberOfRobotsOnWhiteSite
183,3,6
timeStep,numberOfRobotsOnBlackSite,numberOfRobotsOnWhiteSite
184,3,6
timeStep,numberOfRobotsOnBlackSite,numberOfRobotsOnWhiteSite
185,4,6
timeStep,numberOfRobotsOnBlackSite,numberOfRobotsOnWhiteSite
186,4,6
timeStep,numberOfRobotsOnBlackSite,numberOfRobotsOnWhiteSite
187,4,6
timeStep,numberOfRobotsOnBlackSite,numberOfRobotsOnWhiteSite
188,4,6
timeStep,numberOfRobotsOnBlackSite,numberOfRobotsOnWhiteSite
189,4,6
timeStep,numberOfRobotsOnBlackSite,numberOfRobotsOnWhiteSite
190,4,6
timeStep,numberOfRobotsOnBlackSite,numberOfRobotsOnWhiteSite
191,4,6
timeStep,numberOfRobotsOnBlackSite,numberOfRobotsOnWhiteSite
192,4,6
timeStep,numberOfRobotsOnBlackSite,numberOfRobotsOnWhiteSite
193,4,6
timeStep,numberOfRobotsOnBlackSite,numberOfRobotsOnWhiteSite
194,4,6
timeStep,numberOfRobotsOnBlackSite,numberOfRobotsOnWhiteSite
195,4,6
timeStep,numberOfRobotsOnBlackSite,numberOfRobotsOnWhiteSite
196,4,6
timeStep,numberOfRobotsOnBlackSite,numberOfRobotsOnWhiteSite
197,4,6
timeStep,numberOfRobotsOnBlackSite,numberOfRobotsOnWhiteSite
198,4,6
timeStep,numberOfRobotsOnBlackSite,numberOfRobotsOnWhiteSite
199,4,6
timeStep,numberOfRobotsOnBlackSite,numberOfRobotsOnWhiteSite
200,4,6
timeStep,numberOfRobotsOnBlackSite,numberOfRobotsOnWhiteSite
201,4,6
timeStep,numberOfRobotsOnBlackSite,numberOfRobotsOnWhiteSite
202,4,6
timeStep,numberOfRobotsOnBlackSite,numberOfRobotsOnWhiteSite
203,4,6
timeStep,numberOfRobotsOnBlackSite,numberOfRobotsOnWhiteSite
204,4,6
timeStep,numberOfRobotsOnBlackSite,numberOfRobotsOnWhiteSite
205,4,6
timeStep,numberOfRobotsOnBlackSite,numberOfRobotsOnWhiteSite
206,4,6
timeStep,numberOfRobotsOnBlackSite,numberOfRobotsOnWhiteSite
207,4,6
timeStep,numberOfRobotsOnBlackSite,numberOfRobotsOnWhiteSite
208,4,6
timeStep,numberOfRobotsOnBlackSite,numberOfRobotsOnWhiteSite
209,4,6
timeStep,numberOfRobotsOnBlackSite,numberOfRobotsOnWhiteSite
210,4,7
timeStep,numberOfRobotsOnBlackSite,numberOfRobotsOnWhiteSite
211,4,7
timeStep,numberOfRobotsOnBlackSite,numberOfRobotsOnWhiteSite
212,4,7
timeStep,numberOfRobotsOnBlackSite,numberOfRobotsOnWhiteSite
213,4,7
timeStep,numberOfRobotsOnBlackSite,numberOfRobotsOnWhiteSite
214,4,7
timeStep,numberOfRobotsOnBlackSite,numberOfRobotsOnWhiteSite
215,4,7
timeStep,numberOfRobotsOnBlackSite,numberOfRobotsOnWhiteSite
216,4,7
timeStep,numberOfRobotsOnBlackSite,numberOfRobotsOnWhiteSite
217,4,7
timeStep,numberOfRobotsOnBlackSite,numberOfRobotsOnWhiteSite
218,4,7
timeStep,numberOfRobotsOnBlackSite,numberOfRobotsOnWhiteSite
219,4,7
timeStep,numberOfRobotsOnBlackSite,numberOfRobotsOnWhiteSite
220,4,7
timeStep,numberOfRobotsOnBlackSite,numberOfRobotsOnWhiteSite
221,4,7
timeStep,numberOfRobotsOnBlackSite,numberOfRobotsOnWhiteSite
222,4,7
timeStep,numberOfRobotsOnBlackSite,numberOfRobotsOnWhiteSite
223,4,7
timeStep,numberOfRobotsOnBlackSite,numberOfRobotsOnWhiteSite
224,4,7
timeStep,numberOfRobotsOnBlackSite,numberOfRobotsOnWhiteSite
225,4,7
timeStep,numberOfRobotsOnBlackSite,numberOfRobotsOnWhiteSite
226,4,7
timeStep,numberOfRobotsOnBlackSite,numberOfRobotsOnWhiteSite
227,4,7
timeStep,numberOfRobotsOnBlackSite,numberOfRobotsOnWhiteSite
228,4,7
timeStep,numberOfRobotsOnBlackSite,numberOfRobotsOnWhiteSite
229,4,7
timeStep,numberOfRobotsOnBlackSite,numberOfRobotsOnWhiteSite
230,4,8
timeStep,numberOfRobotsOnBlackSite,numberOfRobotsOnWhiteSite
231,4,8
timeStep,numberOfRobotsOnBlackSite,numberOfRobotsOnWhiteSite
232,4,8
timeStep,numberOfRobotsOnBlackSite,numberOfRobotsOnWhiteSite
233,4,8
timeStep,numberOfRobotsOnBlackSite,numberOfRobotsOnWhiteSite
234,4,8
timeStep,numberOfRobotsOnBlackSite,numberOfRobotsOnWhiteSite
235,4,8
timeStep,numberOfRobotsOnBlackSite,numberOfRobotsOnWhiteSite
236,4,8
timeStep,numberOfRobotsOnBlackSite,numberOfRobotsOnWhiteSite
237,4,8
timeStep,numberOfRobotsOnBlackSite,numberOfRobotsOnWhiteSite
238,4,8
timeStep,numberOfRobotsOnBlackSite,numberOfRobotsOnWhiteSite
239,4,8
timeStep,numberOfRobotsOnBlackSite,numberOfRobotsOnWhiteSite
240,4,8
timeStep,numberOfRobotsOnBlackSite,numberOfRobotsOnWhiteSite
241,4,8
timeStep,numberOfRobotsOnBlackSite,numberOfRobotsOnWhiteSite
242,4,8
timeStep,numberOfRobotsOnBlackSite,numberOfRobotsOnWhiteSite
243,4,8
timeStep,numberOfRobotsOnBlackSite,numberOfRobotsOnWhiteSite
244,4,8
timeStep,numberOfRobotsOnBlackSite,numberOfRobotsOnWhiteSite
245,4,7
timeStep,numberOfRobotsOnBlackSite,numberOfRobotsOnWhiteSite
246,4,7
timeStep,numberOfRobotsOnBlackSite,numberOfRobotsOnWhiteSite
247,4,7
timeStep,numberOfRobotsOnBlackSite,numberOfRobotsOnWhiteSite
248,4,7
timeStep,numberOfRobotsOnBlackSite,numberOfRobotsOnWhiteSite
249,4,7
timeStep,numberOfRobotsOnBlackSite,numberOfRobotsOnWhiteSite
250,4,7
timeStep,numberOfRobotsOnBlackSite,numberOfRobotsOnWhiteSite
251,4,7
timeStep,numberOfRobotsOnBlackSite,numberOfRobotsOnWhiteSite
252,4,7
timeStep,numberOfRobotsOnBlackSite,numberOfRobotsOnWhiteSite
253,4,7
timeStep,numberOfRobotsOnBlackSite,numberOfRobotsOnWhiteSite
254,4,7
timeStep,numberOfRobotsOnBlackSite,numberOfRobotsOnWhiteSite
255,4,7
timeStep,numberOfRobotsOnBlackSite,numberOfRobotsOnWhiteSite
256,4,7
timeStep,numberOfRobotsOnBlackSite,numberOfRobotsOnWhiteSite
257,4,7
timeStep,numberOfRobotsOnBlackSite,numberOfRobotsOnWhiteSite
258,4,7
timeStep,numberOfRobotsOnBlackSite,numberOfRobotsOnWhiteSite
259,4,7
timeStep,numberOfRobotsOnBlackSite,numberOfRobotsOnWhiteSite
260,4,7
timeStep,numberOfRobotsOnBlackSite,numberOfRobotsOnWhiteSite
261,4,7
timeStep,numberOfRobotsOnBlackSite,numberOfRobotsOnWhiteSite
262,4,7
timeStep,numberOfRobotsOnBlackSite,numberOfRobotsOnWhiteSite
263,4,7
timeStep,numberOfRobotsOnBlackSite,numberOfRobotsOnWhiteSite
264,4,7
timeStep,numberOfRobotsOnBlackSite,numberOfRobotsOnWhiteSite
265,4,9
timeStep,numberOfRobotsOnBlackSite,numberOfRobotsOnWhiteSite
266,4,9
timeStep,numberOfRobotsOnBlackSite,numberOfRobotsOnWhiteSite
267,4,9
timeStep,numberOfRobotsOnBlackSite,numberOfRobotsOnWhiteSite
268,4,9
timeStep,numberOfRobotsOnBlackSite,numberOfRobotsOnWhiteSite
269,4,9
timeStep,numberOfRobotsOnBlackSite,numberOfRobotsOnWhiteSite
270,4,9
timeStep,numberOfRobotsOnBlackSite,numberOfRobotsOnWhiteSite
271,4,9
timeStep,numberOfRobotsOnBlackSite,numberOfRobotsOnWhiteSite
272,4,9
timeStep,numberOfRobotsOnBlackSite,numberOfRobotsOnWhiteSite
273,4,9
timeStep,numberOfRobotsOnBlackSite,numberOfRobotsOnWhiteSite
274,4,9
timeStep,numberOfRobotsOnBlackSite,numberOfRobotsOnWhiteSite
275,4,9
timeStep,numberOfRobotsOnBlackSite,numberOfRobotsOnWhiteSite
276,4,9
timeStep,numberOfRobotsOnBlackSite,numberOfRobotsOnWhiteSite
277,4,9
timeStep,numberOfRobotsOnBlackSite,numberOfRobotsOnWhiteSite
278,4,9
timeStep,numberOfRobotsOnBlackSite,numberOfRobotsOnWhiteSite
279,4,9
timeStep,numberOfRobotsOnBlackSite,numberOfRobotsOnWhiteSite
280,4,9
timeStep,numberOfRobotsOnBlackSite,numberOfRobotsOnWhiteSite
281,4,9
timeStep,numberOfRobotsOnBlackSite,numberOfRobotsOnWhiteSite
282,4,9
timeStep,numberOfRobotsOnBlackSite,numberOfRobotsOnWhiteSite
283,4,9
timeStep,numberOfRobotsOnBlackSite,numberOfRobotsOnWhiteSite
284,4,9
timeStep,numberOfRobotsOnBlackSite,numberOfRobotsOnWhiteSite
285,4,9
timeStep,numberOfRobotsOnBlackSite,numberOfRobotsOnWhiteSite
286,4,9
timeStep,numberOfRobotsOnBlackSite,numberOfRobotsOnWhiteSite
287,4,9
timeStep,numberOfRobotsOnBlackSite,numberOfRobotsOnWhiteSite
288,4,9
timeStep,numberOfRobotsOnBlackSite,numberOfRobotsOnWhiteSite
289,4,9
timeStep,numberOfRobotsOnBlackSite,numberOfRobotsOnWhiteSite
290,4,9
timeStep,numberOfRobotsOnBlackSite,numberOfRobotsOnWhiteSite
291,4,9
timeStep,numberOfRobotsOnBlackSite,numberOfRobotsOnWhiteSite
292,4,9
timeStep,numberOfRobotsOnBlackSite,numberOfRobotsOnWhiteSite
293,4,9
timeStep,numberOfRobotsOnBlackSite,numberOfRobotsOnWhiteSite
294,4,9
timeStep,numberOfRobotsOnBlackSite,numberOfRobotsOnWhiteSite
295,4,9
timeStep,numberOfRobotsOnBlackSite,numberOfRobotsOnWhiteSite
296,4,9
timeStep,numberOfRobotsOnBlackSite,numberOfRobotsOnWhiteSite
297,4,9
timeStep,numberOfRobotsOnBlackSite,numberOfRobotsOnWhiteSite
298,4,9
timeStep,numberOfRobotsOnBlackSite,numberOfRobotsOnWhiteSite
299,4,9
timeStep,numberOfRobotsOnBlackSite,numberOfRobotsOnWhiteSite
300,4,10
timeStep,numberOfRobotsOnBlackSite,numberOfRobotsOnWhiteSite
301,4,10
timeStep,numberOfRobotsOnBlackSite,numberOfRobotsOnWhiteSite
302,4,10
timeStep,numberOfRobotsOnBlackSite,numberOfRobotsOnWhiteSite
303,4,10
timeStep,numberOfRobotsOnBlackSite,numberOfRobotsOnWhiteSite
304,4,10
timeStep,numberOfRobotsOnBlackSite,numberOfRobotsOnWhiteSite
305,4,10
timeStep,numberOfRobotsOnBlackSite,numberOfRobotsOnWhiteSite
306,4,10
timeStep,numberOfRobotsOnBlackSite,numberOfRobotsOnWhiteSite
307,4,10
timeStep,numberOfRobotsOnBlackSite,numberOfRobotsOnWhiteSite
308,4,10
timeStep,numberOfRobotsOnBlackSite,numberOfRobotsOnWhiteSite
309,4,10
timeStep,numberOfRobotsOnBlackSite,numberOfRobotsOnWhiteSite
310,4,10
timeStep,numberOfRobotsOnBlackSite,numberOfRobotsOnWhiteSite
311,4,10
timeStep,numberOfRobotsOnBlackSite,numberOfRobotsOnWhiteSite
312,4,10
timeStep,numberOfRobotsOnBlackSite,numberOfRobotsOnWhiteSite
313,4,10
timeStep,numberOfRobotsOnBlackSite,numberOfRobotsOnWhiteSite
314,4,10
timeStep,numberOfRobotsOnBlackSite,numberOfRobotsOnWhiteSite
315,4,10
timeStep,numberOfRobotsOnBlackSite,numberOfRobotsOnWhiteSite
316,4,10
timeStep,numberOfRobotsOnBlackSite,numberOfRobotsOnWhiteSite
317,4,10
timeStep,numberOfRobotsOnBlackSite,numberOfRobotsOnWhiteSite
318,4,10
timeStep,numberOfRobotsOnBlackSite,numberOfRobotsOnWhiteSite
319,4,10
timeStep,numberOfRobotsOnBlackSite,numberOfRobotsOnWhiteSite
320,4,10
timeStep,numberOfRobotsOnBlackSite,numberOfRobotsOnWhiteSite
321,4,10
timeStep,numberOfRobotsOnBlackSite,numberOfRobotsOnWhiteSite
322,4,10
timeStep,numberOfRobotsOnBlackSite,numberOfRobotsOnWhiteSite
323,4,10
timeStep,numberOfRobotsOnBlackSite,numberOfRobotsOnWhiteSite
324,4,10
timeStep,numberOfRobotsOnBlackSite,numberOfRobotsOnWhiteSite
325,4,10
timeStep,numberOfRobotsOnBlackSite,numberOfRobotsOnWhiteSite
326,4,10
timeStep,numberOfRobotsOnBlackSite,numberOfRobotsOnWhiteSite
327,4,10
timeStep,numberOfRobotsOnBlackSite,numberOfRobotsOnWhiteSite
328,4,10
timeStep,numberOfRobotsOnBlackSite,numberOfRobotsOnWhiteSite
329,4,10
timeStep,numberOfRobotsOnBlackSite,numberOfRobotsOnWhiteSite
330,4,11
timeStep,numberOfRobotsOnBlackSite,numberOfRobotsOnWhiteSite
331,4,11
timeStep,numberOfRobotsOnBlackSite,numberOfRobotsOnWhiteSite
332,4,11
timeStep,numberOfRobotsOnBlackSite,numberOfRobotsOnWhiteSite
333,4,11
timeStep,numberOfRobotsOnBlackSite,numberOfRobotsOnWhiteSite
334,4,11
timeStep,numberOfRobotsOnBlackSite,numberOfRobotsOnWhiteSite
335,5,11
timeStep,numberOfRobotsOnBlackSite,numberOfRobotsOnWhiteSite
336,5,11
timeStep,numberOfRobotsOnBlackSite,numberOfRobotsOnWhiteSite
337,5,11
timeStep,numberOfRobotsOnBlackSite,numberOfRobotsOnWhiteSite
338,5,11
timeStep,numberOfRobotsOnBlackSite,numberOfRobotsOnWhiteSite
339,5,11
timeStep,numberOfRobotsOnBlackSite,numberOfRobotsOnWhiteSite
340,5,11
timeStep,numberOfRobotsOnBlackSite,numberOfRobotsOnWhiteSite
341,5,11
timeStep,numberOfRobotsOnBlackSite,numberOfRobotsOnWhiteSite
342,5,11
timeStep,numberOfRobotsOnBlackSite,numberOfRobotsOnWhiteSite
343,5,11
timeStep,numberOfRobotsOnBlackSite,numberOfRobotsOnWhiteSite
344,5,11
timeStep,numberOfRobotsOnBlackSite,numberOfRobotsOnWhiteSite
345,4,11
timeStep,numberOfRobotsOnBlackSite,numberOfRobotsOnWhiteSite
346,4,11
timeStep,numberOfRobotsOnBlackSite,numberOfRobotsOnWhiteSite
347,4,11
timeStep,numberOfRobotsOnBlackSite,numberOfRobotsOnWhiteSite
348,4,11
timeStep,numberOfRobotsOnBlackSite,numberOfRobotsOnWhiteSite
349,4,11
timeStep,numberOfRobotsOnBlackSite,numberOfRobotsOnWhiteSite
350,4,11
timeStep,numberOfRobotsOnBlackSite,numberOfRobotsOnWhiteSite
351,4,11
timeStep,numberOfRobotsOnBlackSite,numberOfRobotsOnWhiteSite
352,4,11
timeStep,numberOfRobotsOnBlackSite,numberOfRobotsOnWhiteSite
353,4,11
timeStep,numberOfRobotsOnBlackSite,numberOfRobotsOnWhiteSite
354,4,11
timeStep,numberOfRobotsOnBlackSite,numberOfRobotsOnWhiteSite
355,4,11
timeStep,numberOfRobotsOnBlackSite,numberOfRobotsOnWhiteSite
356,4,11
timeStep,numberOfRobotsOnBlackSite,numberOfRobotsOnWhiteSite
357,4,11
timeStep,numberOfRobotsOnBlackSite,numberOfRobotsOnWhiteSite
358,4,11
timeStep,numberOfRobotsOnBlackSite,numberOfRobotsOnWhiteSite
359,4,11
timeStep,numberOfRobotsOnBlackSite,numberOfRobotsOnWhiteSite
360,4,11
timeStep,numberOfRobotsOnBlackSite,numberOfRobotsOnWhiteSite
361,4,11
timeStep,numberOfRobotsOnBlackSite,numberOfRobotsOnWhiteSite
362,4,11
timeStep,numberOfRobotsOnBlackSite,numberOfRobotsOnWhiteSite
363,4,11
timeStep,numberOfRobotsOnBlackSite,numberOfRobotsOnWhiteSite
364,4,11
timeStep,numberOfRobotsOnBlackSite,numberOfRobotsOnWhiteSite
365,5,11
timeStep,numberOfRobotsOnBlackSite,numberOfRobotsOnWhiteSite
366,5,11
timeStep,numberOfRobotsOnBlackSite,numberOfRobotsOnWhiteSite
367,5,11
timeStep,numberOfRobotsOnBlackSite,numberOfRobotsOnWhiteSite
368,5,11
timeStep,numberOfRobotsOnBlackSite,numberOfRobotsOnWhiteSite
369,5,11
timeStep,numberOfRobotsOnBlackSite,numberOfRobotsOnWhiteSite
370,5,11
timeStep,numberOfRobotsOnBlackSite,numberOfRobotsOnWhiteSite
371,5,11
timeStep,numberOfRobotsOnBlackSite,numberOfRobotsOnWhiteSite
372,5,11
timeStep,numberOfRobotsOnBlackSite,numberOfRobotsOnWhiteSite
373,5,11
timeStep,numberOfRobotsOnBlackSite,numberOfRobotsOnWhiteSite
374,5,11
timeStep,numberOfRobotsOnBlackSite,numberOfRobotsOnWhiteSite
375,5,11
timeStep,numberOfRobotsOnBlackSite,numberOfRobotsOnWhiteSite
376,5,11
timeStep,numberOfRobotsOnBlackSite,numberOfRobotsOnWhiteSite
377,5,11
timeStep,numberOfRobotsOnBlackSite,numberOfRobotsOnWhiteSite
378,5,11
timeStep,numberOfRobotsOnBlackSite,numberOfRobotsOnWhiteSite
379,5,11
timeStep,numberOfRobotsOnBlackSite,numberOfRobotsOnWhiteSite
380,5,11
timeStep,numberOfRobotsOnBlackSite,numberOfRobotsOnWhiteSite
381,5,11
timeStep,numberOfRobotsOnBlackSite,numberOfRobotsOnWhiteSite
382,5,11
timeStep,numberOfRobotsOnBlackSite,numberOfRobotsOnWhiteSite
383,5,11
timeStep,numberOfRobotsOnBlackSite,numberOfRobotsOnWhiteSite
384,5,11
timeStep,numberOfRobotsOnBlackSite,numberOfRobotsOnWhiteSite
385,5,11
timeStep,numberOfRobotsOnBlackSite,numberOfRobotsOnWhiteSite
386,5,11
timeStep,numberOfRobotsOnBlackSite,numberOfRobotsOnWhiteSite
387,5,11
timeStep,numberOfRobotsOnBlackSite,numberOfRobotsOnWhiteSite
388,5,11
timeStep,numberOfRobotsOnBlackSite,numberOfRobotsOnWhiteSite
389,5,11
timeStep,numberOfRobotsOnBlackSite,numberOfRobotsOnWhiteSite
390,6,11
timeStep,numberOfRobotsOnBlackSite,numberOfRobotsOnWhiteSite
391,6,11
timeStep,numberOfRobotsOnBlackSite,numberOfRobotsOnWhiteSite
392,6,11
timeStep,numberOfRobotsOnBlackSite,numberOfRobotsOnWhiteSite
393,6,11
timeStep,numberOfRobotsOnBlackSite,numberOfRobotsOnWhiteSite
394,6,11
timeStep,numberOfRobotsOnBlackSite,numberOfRobotsOnWhiteSite
395,6,11
timeStep,numberOfRobotsOnBlackSite,numberOfRobotsOnWhiteSite
396,6,11
timeStep,numberOfRobotsOnBlackSite,numberOfRobotsOnWhiteSite
397,6,11
timeStep,numberOfRobotsOnBlackSite,numberOfRobotsOnWhiteSite
398,6,11
timeStep,numberOfRobotsOnBlackSite,numberOfRobotsOnWhiteSite
399,6,11
timeStep,numberOfRobotsOnBlackSite,numberOfRobotsOnWhiteSite
400,6,11
timeStep,numberOfRobotsOnBlackSite,numberOfRobotsOnWhiteSite
401,6,11
timeStep,numberOfRobotsOnBlackSite,numberOfRobotsOnWhiteSite
402,6,11
timeStep,numberOfRobotsOnBlackSite,numberOfRobotsOnWhiteSite
403,6,11
timeStep,numberOfRobotsOnBlackSite,numberOfRobotsOnWhiteSite
404,6,11
timeStep,numberOfRobotsOnBlackSite,numberOfRobotsOnWhiteSite
405,6,11
timeStep,numberOfRobotsOnBlackSite,numberOfRobotsOnWhiteSite
406,6,11
timeStep,numberOfRobotsOnBlackSite,numberOfRobotsOnWhiteSite
407,6,11
timeStep,numberOfRobotsOnBlackSite,numberOfRobotsOnWhiteSite
408,6,11
timeStep,numberOfRobotsOnBlackSite,numberOfRobotsOnWhiteSite
409,6,11
timeStep,numberOfRobotsOnBlackSite,numberOfRobotsOnWhiteSite
410,6,11
timeStep,numberOfRobotsOnBlackSite,numberOfRobotsOnWhiteSite
411,6,11
timeStep,numberOfRobotsOnBlackSite,numberOfRobotsOnWhiteSite
412,6,11
timeStep,numberOfRobotsOnBlackSite,numberOfRobotsOnWhiteSite
413,6,11
timeStep,numberOfRobotsOnBlackSite,numberOfRobotsOnWhiteSite
414,6,11
timeStep,numberOfRobotsOnBlackSite,numberOfRobotsOnWhiteSite
415,6,11
timeStep,numberOfRobotsOnBlackSite,numberOfRobotsOnWhiteSite
416,6,11
timeStep,numberOfRobotsOnBlackSite,numberOfRobotsOnWhiteSite
417,6,11
timeStep,numberOfRobotsOnBlackSite,numberOfRobotsOnWhiteSite
418,6,11
timeStep,numberOfRobotsOnBlackSite,numberOfRobotsOnWhiteSite
419,6,11
timeStep,numberOfRobotsOnBlackSite,numberOfRobotsOnWhiteSite
420,6,11
timeStep,numberOfRobotsOnBlackSite,numberOfRobotsOnWhiteSite
421,6,11
timeStep,numberOfRobotsOnBlackSite,numberOfRobotsOnWhiteSite
422,6,11
timeStep,numberOfRobotsOnBlackSite,numberOfRobotsOnWhiteSite
423,6,11
timeStep,numberOfRobotsOnBlackSite,numberOfRobotsOnWhiteSite
424,6,11
timeStep,numberOfRobotsOnBlackSite,numberOfRobotsOnWhiteSite
425,6,11
timeStep,numberOfRobotsOnBlackSite,numberOfRobotsOnWhiteSite
426,6,11
timeStep,numberOfRobotsOnBlackSite,numberOfRobotsOnWhiteSite
427,6,11
timeStep,numberOfRobotsOnBlackSite,numberOfRobotsOnWhiteSite
428,6,11
timeStep,numberOfRobotsOnBlackSite,numberOfRobotsOnWhiteSite
429,6,11
timeStep,numberOfRobotsOnBlackSite,numberOfRobotsOnWhiteSite
430,6,11
timeStep,numberOfRobotsOnBlackSite,numberOfRobotsOnWhiteSite
431,6,11
timeStep,numberOfRobotsOnBlackSite,numberOfRobotsOnWhiteSite
432,6,11
timeStep,numberOfRobotsOnBlackSite,numberOfRobotsOnWhiteSite
433,6,11
timeStep,numberOfRobotsOnBlackSite,numberOfRobotsOnWhiteSite
434,6,11
timeStep,numberOfRobotsOnBlackSite,numberOfRobotsOnWhiteSite
435,6,11
timeStep,numberOfRobotsOnBlackSite,numberOfRobotsOnWhiteSite
436,6,11
timeStep,numberOfRobotsOnBlackSite,numberOfRobotsOnWhiteSite
437,6,11
timeStep,numberOfRobotsOnBlackSite,numberOfRobotsOnWhiteSite
438,6,11
timeStep,numberOfRobotsOnBlackSite,numberOfRobotsOnWhiteSite
439,6,11
timeStep,numberOfRobotsOnBlackSite,numberOfRobotsOnWhiteSite
440,6,12
timeStep,numberOfRobotsOnBlackSite,numberOfRobotsOnWhiteSite
441,6,12
timeStep,numberOfRobotsOnBlackSite,numberOfRobotsOnWhiteSite
442,6,12
timeStep,numberOfRobotsOnBlackSite,numberOfRobotsOnWhiteSite
443,6,12
timeStep,numberOfRobotsOnBlackSite,numberOfRobotsOnWhiteSite
444,6,12
timeStep,numberOfRobotsOnBlackSite,numberOfRobotsOnWhiteSite
445,6,12
timeStep,numberOfRobotsOnBlackSite,numberOfRobotsOnWhiteSite
446,6,12
timeStep,numberOfRobotsOnBlackSite,numberOfRobotsOnWhiteSite
447,6,12
timeStep,numberOfRobotsOnBlackSite,numberOfRobotsOnWhiteSite
448,6,12
timeStep,numberOfRobotsOnBlackSite,numberOfRobotsOnWhiteSite
449,6,12
timeStep,numberOfRobotsOnBlackSite,numberOfRobotsOnWhiteSite
450,6,12
timeStep,numberOfRobotsOnBlackSite,numberOfRobotsOnWhiteSite
451,6,12
timeStep,numberOfRobotsOnBlackSite,numberOfRobotsOnWhiteSite
452,6,12
timeStep,numberOfRobotsOnBlackSite,numberOfRobotsOnWhiteSite
453,6,12
timeStep,numberOfRobotsOnBlackSite,numberOfRobotsOnWhiteSite
454,6,12
timeStep,numberOfRobotsOnBlackSite,numberOfRobotsOnWhiteSite
455,6,12
timeStep,numberOfRobotsOnBlackSite,numberOfRobotsOnWhiteSite
456,6,12
timeStep,numberOfRobotsOnBlackSite,numberOfRobotsOnWhiteSite
457,6,12
timeStep,numberOfRobotsOnBlackSite,numberOfRobotsOnWhiteSite
458,6,12
timeStep,numberOfRobotsOnBlackSite,numberOfRobotsOnWhiteSite
459,6,12
timeStep,numberOfRobotsOnBlackSite,numberOfRobotsOnWhiteSite
460,6,12
timeStep,numberOfRobotsOnBlackSite,numberOfRobotsOnWhiteSite
461,6,12
timeStep,numberOfRobotsOnBlackSite,numberOfRobotsOnWhiteSite
462,6,12
timeStep,numberOfRobotsOnBlackSite,numberOfRobotsOnWhiteSite
463,6,12
timeStep,numberOfRobotsOnBlackSite,numberOfRobotsOnWhiteSite
464,6,12
timeStep,numberOfRobotsOnBlackSite,numberOfRobotsOnWhiteSite
465,6,12
timeStep,numberOfRobotsOnBlackSite,numberOfRobotsOnWhiteSite
466,6,12
timeStep,numberOfRobotsOnBlackSite,numberOfRobotsOnWhiteSite
467,6,12
timeStep,numberOfRobotsOnBlackSite,numberOfRobotsOnWhiteSite
468,6,12
timeStep,numberOfRobotsOnBlackSite,numberOfRobotsOnWhiteSite
469,6,12
timeStep,numberOfRobotsOnBlackSite,numberOfRobotsOnWhiteSite
470,6,11
timeStep,numberOfRobotsOnBlackSite,numberOfRobotsOnWhiteSite
471,6,11
timeStep,numberOfRobotsOnBlackSite,numberOfRobotsOnWhiteSite
472,6,11
timeStep,numberOfRobotsOnBlackSite,numberOfRobotsOnWhiteSite
473,6,11
timeStep,numberOfRobotsOnBlackSite,numberOfRobotsOnWhiteSite
474,6,11
timeStep,numberOfRobotsOnBlackSite,numberOfRobotsOnWhiteSite
475,6,11
timeStep,numberOfRobotsOnBlackSite,numberOfRobotsOnWhiteSite
476,6,11
timeStep,numberOfRobotsOnBlackSite,numberOfRobotsOnWhiteSite
477,6,11
timeStep,numberOfRobotsOnBlackSite,numberOfRobotsOnWhiteSite
478,6,11
timeStep,numberOfRobotsOnBlackSite,numberOfRobotsOnWhiteSite
479,6,11
timeStep,numberOfRobotsOnBlackSite,numberOfRobotsOnWhiteSite
480,6,11
timeStep,numberOfRobotsOnBlackSite,numberOfRobotsOnWhiteSite
481,6,11
timeStep,numberOfRobotsOnBlackSite,numberOfRobotsOnWhiteSite
482,6,11
timeStep,numberOfRobotsOnBlackSite,numberOfRobotsOnWhiteSite
483,6,11
timeStep,numberOfRobotsOnBlackSite,numberOfRobotsOnWhiteSite
484,6,11
timeStep,numberOfRobotsOnBlackSite,numberOfRobotsOnWhiteSite
485,6,12
timeStep,numberOfRobotsOnBlackSite,numberOfRobotsOnWhiteSite
486,6,12
timeStep,numberOfRobotsOnBlackSite,numberOfRobotsOnWhiteSite
487,6,12
timeStep,numberOfRobotsOnBlackSite,numberOfRobotsOnWhiteSite
488,6,12
timeStep,numberOfRobotsOnBlackSite,numberOfRobotsOnWhiteSite
489,6,12
timeStep,numberOfRobotsOnBlackSite,numberOfRobotsOnWhiteSite
490,6,13
timeStep,numberOfRobotsOnBlackSite,numberOfRobotsOnWhiteSite
491,6,13
timeStep,numberOfRobotsOnBlackSite,numberOfRobotsOnWhiteSite
492,6,13
timeStep,numberOfRobotsOnBlackSite,numberOfRobotsOnWhiteSite
493,6,13
timeStep,numberOfRobotsOnBlackSite,numberOfRobotsOnWhiteSite
494,6,13
timeStep,numberOfRobotsOnBlackSite,numberOfRobotsOnWhiteSite
495,6,12
timeStep,numberOfRobotsOnBlackSite,numberOfRobotsOnWhiteSite
496,6,12
timeStep,numberOfRobotsOnBlackSite,numberOfRobotsOnWhiteSite
497,6,12
timeStep,numberOfRobotsOnBlackSite,numberOfRobotsOnWhiteSite
498,6,12
timeStep,numberOfRobotsOnBlackSite,numberOfRobotsOnWhiteSite
499,6,12
timeStep,numberOfRobotsOnBlackSite,numberOfRobotsOnWhiteSite
500,6,12
timeStep,numberOfRobotsOnBlackSite,numberOfRobotsOnWhiteSite
501,6,12
timeStep,numberOfRobotsOnBlackSite,numberOfRobotsOnWhiteSite
502,6,12
timeStep,numberOfRobotsOnBlackSite,numberOfRobotsOnWhiteSite
503,6,12
timeStep,numberOfRobotsOnBlackSite,numberOfRobotsOnWhiteSite
504,6,12
timeStep,numberOfRobotsOnBlackSite,numberOfRobotsOnWhiteSite
505,6,11
timeStep,numberOfRobotsOnBlackSite,numberOfRobotsOnWhiteSite
506,6,11
timeStep,numberOfRobotsOnBlackSite,numberOfRobotsOnWhiteSite
507,6,11
timeStep,numberOfRobotsOnBlackSite,numberOfRobotsOnWhiteSite
508,6,11
timeStep,numberOfRobotsOnBlackSite,numberOfRobotsOnWhiteSite
509,6,11
timeStep,numberOfRobotsOnBlackSite,numberOfRobotsOnWhiteSite
510,5,11
timeStep,numberOfRobotsOnBlackSite,numberOfRobotsOnWhiteSite
511,5,11
timeStep,numberOfRobotsOnBlackSite,numberOfRobotsOnWhiteSite
512,5,11
timeStep,numberOfRobotsOnBlackSite,numberOfRobotsOnWhiteSite
513,5,11
timeStep,numberOfRobotsOnBlackSite,numberOfRobotsOnWhiteSite
514,5,11
timeStep,numberOfRobotsOnBlackSite,numberOfRobotsOnWhiteSite
515,5,11
timeStep,numberOfRobotsOnBlackSite,numberOfRobotsOnWhiteSite
516,5,11
timeStep,numberOfRobotsOnBlackSite,numberOfRobotsOnWhiteSite
517,5,11
timeStep,numberOfRobotsOnBlackSite,numberOfRobotsOnWhiteSite
518,5,11
timeStep,numberOfRobotsOnBlackSite,numberOfRobotsOnWhiteSite
519,5,11
timeStep,numberOfRobotsOnBlackSite,numberOfRobotsOnWhiteSite
520,5,11
timeStep,numberOfRobotsOnBlackSite,numberOfRobotsOnWhiteSite
521,5,11
timeStep,numberOfRobotsOnBlackSite,numberOfRobotsOnWhiteSite
522,5,11
timeStep,numberOfRobotsOnBlackSite,numberOfRobotsOnWhiteSite
523,5,11
timeStep,numberOfRobotsOnBlackSite,numberOfRobotsOnWhiteSite
524,5,11
timeStep,numberOfRobotsOnBlackSite,numberOfRobotsOnWhiteSite
525,5,11
timeStep,numberOfRobotsOnBlackSite,numberOfRobotsOnWhiteSite
526,5,11
timeStep,numberOfRobotsOnBlackSite,numberOfRobotsOnWhiteSite
527,5,11
timeStep,numberOfRobotsOnBlackSite,numberOfRobotsOnWhiteSite
528,5,11
timeStep,numberOfRobotsOnBlackSite,numberOfRobotsOnWhiteSite
529,5,11
timeStep,numberOfRobotsOnBlackSite,numberOfRobotsOnWhiteSite
530,4,11
timeStep,numberOfRobotsOnBlackSite,numberOfRobotsOnWhiteSite
531,4,11
timeStep,numberOfRobotsOnBlackSite,numberOfRobotsOnWhiteSite
532,4,11
timeStep,numberOfRobotsOnBlackSite,numberOfRobotsOnWhiteSite
533,4,11
timeStep,numberOfRobotsOnBlackSite,numberOfRobotsOnWhiteSite
534,4,11
timeStep,numberOfRobotsOnBlackSite,numberOfRobotsOnWhiteSite
535,5,11
timeStep,numberOfRobotsOnBlackSite,numberOfRobotsOnWhiteSite
536,5,11
timeStep,numberOfRobotsOnBlackSite,numberOfRobotsOnWhiteSite
537,5,11
timeStep,numberOfRobotsOnBlackSite,numberOfRobotsOnWhiteSite
538,5,11
timeStep,numberOfRobotsOnBlackSite,numberOfRobotsOnWhiteSite
539,5,11
timeStep,numberOfRobotsOnBlackSite,numberOfRobotsOnWhiteSite
540,5,11
timeStep,numberOfRobotsOnBlackSite,numberOfRobotsOnWhiteSite
541,5,11
timeStep,numberOfRobotsOnBlackSite,numberOfRobotsOnWhiteSite
542,5,11
timeStep,numberOfRobotsOnBlackSite,numberOfRobotsOnWhiteSite
543,5,11
timeStep,numberOfRobotsOnBlackSite,numberOfRobotsOnWhiteSite
544,5,11
timeStep,numberOfRobotsOnBlackSite,numberOfRobotsOnWhiteSite
545,5,11
timeStep,numberOfRobotsOnBlackSite,numberOfRobotsOnWhiteSite
546,5,11
timeStep,numberOfRobotsOnBlackSite,numberOfRobotsOnWhiteSite
547,5,11
timeStep,numberOfRobotsOnBlackSite,numberOfRobotsOnWhiteSite
548,5,11
timeStep,numberOfRobotsOnBlackSite,numberOfRobotsOnWhiteSite
549,5,11
timeStep,numberOfRobotsOnBlackSite,numberOfRobotsOnWhiteSite
550,5,11
timeStep,numberOfRobotsOnBlackSite,numberOfRobotsOnWhiteSite
551,5,11
timeStep,numberOfRobotsOnBlackSite,numberOfRobotsOnWhiteSite
552,5,11
timeStep,numberOfRobotsOnBlackSite,numberOfRobotsOnWhiteSite
553,5,11
timeStep,numberOfRobotsOnBlackSite,numberOfRobotsOnWhiteSite
554,5,11
timeStep,numberOfRobotsOnBlackSite,numberOfRobotsOnWhiteSite
555,5,11
timeStep,numberOfRobotsOnBlackSite,numberOfRobotsOnWhiteSite
556,5,11
timeStep,numberOfRobotsOnBlackSite,numberOfRobotsOnWhiteSite
557,5,11
timeStep,numberOfRobotsOnBlackSite,numberOfRobotsOnWhiteSite
558,5,11
timeStep,numberOfRobotsOnBlackSite,numberOfRobotsOnWhiteSite
559,5,11
timeStep,numberOfRobotsOnBlackSite,numberOfRobotsOnWhiteSite
560,5,11
timeStep,numberOfRobotsOnBlackSite,numberOfRobotsOnWhiteSite
561,5,11
timeStep,numberOfRobotsOnBlackSite,numberOfRobotsOnWhiteSite
562,5,11
timeStep,numberOfRobotsOnBlackSite,numberOfRobotsOnWhiteSite
563,5,11
timeStep,numberOfRobotsOnBlackSite,numberOfRobotsOnWhiteSite
564,5,11
timeStep,numberOfRobotsOnBlackSite,numberOfRobotsOnWhiteSite
565,6,11
timeStep,numberOfRobotsOnBlackSite,numberOfRobotsOnWhiteSite
566,6,11
timeStep,numberOfRobotsOnBlackSite,numberOfRobotsOnWhiteSite
567,6,11
timeStep,numberOfRobotsOnBlackSite,numberOfRobotsOnWhiteSite
568,6,11
timeStep,numberOfRobotsOnBlackSite,numberOfRobotsOnWhiteSite
569,6,11
timeStep,numberOfRobotsOnBlackSite,numberOfRobotsOnWhiteSite
570,6,11
timeStep,numberOfRobotsOnBlackSite,numberOfRobotsOnWhiteSite
571,6,11
timeStep,numberOfRobotsOnBlackSite,numberOfRobotsOnWhiteSite
572,6,11
timeStep,numberOfRobotsOnBlackSite,numberOfRobotsOnWhiteSite
573,6,11
timeStep,numberOfRobotsOnBlackSite,numberOfRobotsOnWhiteSite
574,6,11
timeStep,numberOfRobotsOnBlackSite,numberOfRobotsOnWhiteSite
575,6,12
timeStep,numberOfRobotsOnBlackSite,numberOfRobotsOnWhiteSite
576,6,12
timeStep,numberOfRobotsOnBlackSite,numberOfRobotsOnWhiteSite
577,6,12
timeStep,numberOfRobotsOnBlackSite,numberOfRobotsOnWhiteSite
578,6,12
timeStep,numberOfRobotsOnBlackSite,numberOfRobotsOnWhiteSite
579,6,12
timeStep,numberOfRobotsOnBlackSite,numberOfRobotsOnWhiteSite
580,6,11
timeStep,numberOfRobotsOnBlackSite,numberOfRobotsOnWhiteSite
581,6,11
timeStep,numberOfRobotsOnBlackSite,numberOfRobotsOnWhiteSite
582,6,11
timeStep,numberOfRobotsOnBlackSite,numberOfRobotsOnWhiteSite
583,6,11
timeStep,numberOfRobotsOnBlackSite,numberOfRobotsOnWhiteSite
584,6,11
timeStep,numberOfRobotsOnBlackSite,numberOfRobotsOnWhiteSite
585,7,11
timeStep,numberOfRobotsOnBlackSite,numberOfRobotsOnWhiteSite
586,7,11
timeStep,numberOfRobotsOnBlackSite,numberOfRobotsOnWhiteSite
587,7,11
timeStep,numberOfRobotsOnBlackSite,numberOfRobotsOnWhiteSite
588,7,11
timeStep,numberOfRobotsOnBlackSite,numberOfRobotsOnWhiteSite
589,7,11
timeStep,numberOfRobotsOnBlackSite,numberOfRobotsOnWhiteSite
590,7,11
timeStep,numberOfRobotsOnBlackSite,numberOfRobotsOnWhiteSite
591,7,11
timeStep,numberOfRobotsOnBlackSite,numberOfRobotsOnWhiteSite
592,7,11
timeStep,numberOfRobotsOnBlackSite,numberOfRobotsOnWhiteSite
593,7,11
timeStep,numberOfRobotsOnBlackSite,numberOfRobotsOnWhiteSite
594,7,11
timeStep,numberOfRobotsOnBlackSite,numberOfRobotsOnWhiteSite
595,7,11
timeStep,numberOfRobotsOnBlackSite,numberOfRobotsOnWhiteSite
596,7,11
timeStep,numberOfRobotsOnBlackSite,numberOfRobotsOnWhiteSite
597,7,11
timeStep,numberOfRobotsOnBlackSite,numberOfRobotsOnWhiteSite
598,7,11
timeStep,numberOfRobotsOnBlackSite,numberOfRobotsOnWhiteSite
599,7,11
timeStep,numberOfRobotsOnBlackSite,numberOfRobotsOnWhiteSite
600,7,11
timeStep,numberOfRobotsOnBlackSite,numberOfRobotsOnWhiteSite
601,7,11
timeStep,numberOfRobotsOnBlackSite,numberOfRobotsOnWhiteSite
602,7,11
timeStep,numberOfRobotsOnBlackSite,numberOfRobotsOnWhiteSite
603,7,11
timeStep,numberOfRobotsOnBlackSite,numberOfRobotsOnWhiteSite
604,7,11
timeStep,numberOfRobotsOnBlackSite,numberOfRobotsOnWhiteSite
605,7,11
timeStep,numberOfRobotsOnBlackSite,numberOfRobotsOnWhiteSite
606,7,11
timeStep,numberOfRobotsOnBlackSite,numberOfRobotsOnWhiteSite
607,7,11
timeStep,numberOfRobotsOnBlackSite,numberOfRobotsOnWhiteSite
608,7,11
timeStep,numberOfRobotsOnBlackSite,numberOfRobotsOnWhiteSite
609,7,11
timeStep,numberOfRobotsOnBlackSite,numberOfRobotsOnWhiteSite
610,7,10
timeStep,numberOfRobotsOnBlackSite,numberOfRobotsOnWhiteSite
611,7,10
timeStep,numberOfRobotsOnBlackSite,numberOfRobotsOnWhiteSite
612,7,10
timeStep,numberOfRobotsOnBlackSite,numberOfRobotsOnWhiteSite
613,7,10
timeStep,numberOfRobotsOnBlackSite,numberOfRobotsOnWhiteSite
614,7,10
timeStep,numberOfRobotsOnBlackSite,numberOfRobotsOnWhiteSite
615,7,10
timeStep,numberOfRobotsOnBlackSite,numberOfRobotsOnWhiteSite
616,7,10
timeStep,numberOfRobotsOnBlackSite,numberOfRobotsOnWhiteSite
617,7,10
timeStep,numberOfRobotsOnBlackSite,numberOfRobotsOnWhiteSite
618,7,10
timeStep,numberOfRobotsOnBlackSite,numberOfRobotsOnWhiteSite
619,7,10
timeStep,numberOfRobotsOnBlackSite,numberOfRobotsOnWhiteSite
620,7,10
timeStep,numberOfRobotsOnBlackSite,numberOfRobotsOnWhiteSite
621,7,10
timeStep,numberOfRobotsOnBlackSite,numberOfRobotsOnWhiteSite
622,7,10
timeStep,numberOfRobotsOnBlackSite,numberOfRobotsOnWhiteSite
623,7,10
timeStep,numberOfRobotsOnBlackSite,numberOfRobotsOnWhiteSite
624,7,10
timeStep,numberOfRobotsOnBlackSite,numberOfRobotsOnWhiteSite
625,7,10
timeStep,numberOfRobotsOnBlackSite,numberOfRobotsOnWhiteSite
626,7,10
timeStep,numberOfRobotsOnBlackSite,numberOfRobotsOnWhiteSite
627,7,10
timeStep,numberOfRobotsOnBlackSite,numberOfRobotsOnWhiteSite
628,7,10
timeStep,numberOfRobotsOnBlackSite,numberOfRobotsOnWhiteSite
629,7,10
timeStep,numberOfRobotsOnBlackSite,numberOfRobotsOnWhiteSite
630,7,10
timeStep,numberOfRobotsOnBlackSite,numberOfRobotsOnWhiteSite
631,7,10
timeStep,numberOfRobotsOnBlackSite,numberOfRobotsOnWhiteSite
632,7,10
timeStep,numberOfRobotsOnBlackSite,numberOfRobotsOnWhiteSite
633,7,10
timeStep,numberOfRobotsOnBlackSite,numberOfRobotsOnWhiteSite
634,7,10
timeStep,numberOfRobotsOnBlackSite,numberOfRobotsOnWhiteSite
635,7,10
timeStep,numberOfRobotsOnBlackSite,numberOfRobotsOnWhiteSite
636,7,10
timeStep,numberOfRobotsOnBlackSite,numberOfRobotsOnWhiteSite
637,7,10
timeStep,numberOfRobotsOnBlackSite,numberOfRobotsOnWhiteSite
638,7,10
timeStep,numberOfRobotsOnBlackSite,numberOfRobotsOnWhiteSite
639,7,10
timeStep,numberOfRobotsOnBlackSite,numberOfRobotsOnWhiteSite
640,6,10
timeStep,numberOfRobotsOnBlackSite,numberOfRobotsOnWhiteSite
641,6,10
timeStep,numberOfRobotsOnBlackSite,numberOfRobotsOnWhiteSite
642,6,10
timeStep,numberOfRobotsOnBlackSite,numberOfRobotsOnWhiteSite
643,6,10
timeStep,numberOfRobotsOnBlackSite,numberOfRobotsOnWhiteSite
644,6,10
timeStep,numberOfRobotsOnBlackSite,numberOfRobotsOnWhiteSite
645,6,10
timeStep,numberOfRobotsOnBlackSite,numberOfRobotsOnWhiteSite
646,6,10
timeStep,numberOfRobotsOnBlackSite,numberOfRobotsOnWhiteSite
647,6,10
timeStep,numberOfRobotsOnBlackSite,numberOfRobotsOnWhiteSite
648,6,10
timeStep,numberOfRobotsOnBlackSite,numberOfRobotsOnWhiteSite
649,6,10
timeStep,numberOfRobotsOnBlackSite,numberOfRobotsOnWhiteSite
650,6,10
timeStep,numberOfRobotsOnBlackSite,numberOfRobotsOnWhiteSite
651,6,10
timeStep,numberOfRobotsOnBlackSite,numberOfRobotsOnWhiteSite
652,6,10
timeStep,numberOfRobotsOnBlackSite,numberOfRobotsOnWhiteSite
653,6,10
timeStep,numberOfRobotsOnBlackSite,numberOfRobotsOnWhiteSite
654,6,10
timeStep,numberOfRobotsOnBlackSite,numberOfRobotsOnWhiteSite
655,5,10
timeStep,numberOfRobotsOnBlackSite,numberOfRobotsOnWhiteSite
656,5,10
timeStep,numberOfRobotsOnBlackSite,numberOfRobotsOnWhiteSite
657,5,10
timeStep,numberOfRobotsOnBlackSite,numberOfRobotsOnWhiteSite
658,5,10
timeStep,numberOfRobotsOnBlackSite,numberOfRobotsOnWhiteSite
659,5,10
timeStep,numberOfRobotsOnBlackSite,numberOfRobotsOnWhiteSite
660,5,9
timeStep,numberOfRobotsOnBlackSite,numberOfRobotsOnWhiteSite
661,5,9
timeStep,numberOfRobotsOnBlackSite,numberOfRobotsOnWhiteSite
662,5,9
timeStep,numberOfRobotsOnBlackSite,numberOfRobotsOnWhiteSite
663,5,9
timeStep,numberOfRobotsOnBlackSite,numberOfRobotsOnWhiteSite
664,5,9
timeStep,numberOfRobotsOnBlackSite,numberOfRobotsOnWhiteSite
665,4,9
timeStep,numberOfRobotsOnBlackSite,numberOfRobotsOnWhiteSite
666,4,9
timeStep,numberOfRobotsOnBlackSite,numberOfRobotsOnWhiteSite
667,4,9
timeStep,numberOfRobotsOnBlackSite,numberOfRobotsOnWhiteSite
668,4,9
timeStep,numberOfRobotsOnBlackSite,numberOfRobotsOnWhiteSite
669,4,9
timeStep,numberOfRobotsOnBlackSite,numberOfRobotsOnWhiteSite
670,4,9
timeStep,numberOfRobotsOnBlackSite,numberOfRobotsOnWhiteSite
671,4,9
timeStep,numberOfRobotsOnBlackSite,numberOfRobotsOnWhiteSite
672,4,9
timeStep,numberOfRobotsOnBlackSite,numberOfRobotsOnWhiteSite
673,4,9
timeStep,numberOfRobotsOnBlackSite,numberOfRobotsOnWhiteSite
674,4,9
timeStep,numberOfRobotsOnBlackSite,numberOfRobotsOnWhiteSite
675,4,9
timeStep,numberOfRobotsOnBlackSite,numberOfRobotsOnWhiteSite
676,4,9
timeStep,numberOfRobotsOnBlackSite,numberOfRobotsOnWhiteSite
677,4,9
timeStep,numberOfRobotsOnBlackSite,numberOfRobotsOnWhiteSite
678,4,9
timeStep,numberOfRobotsOnBlackSite,numberOfRobotsOnWhiteSite
679,4,9
timeStep,numberOfRobotsOnBlackSite,numberOfRobotsOnWhiteSite
680,4,10
timeStep,numberOfRobotsOnBlackSite,numberOfRobotsOnWhiteSite
681,4,10
timeStep,numberOfRobotsOnBlackSite,numberOfRobotsOnWhiteSite
682,4,10
timeStep,numberOfRobotsOnBlackSite,numberOfRobotsOnWhiteSite
683,4,10
timeStep,numberOfRobotsOnBlackSite,numberOfRobotsOnWhiteSite
684,4,10
timeStep,numberOfRobotsOnBlackSite,numberOfRobotsOnWhiteSite
685,4,10
timeStep,numberOfRobotsOnBlackSite,numberOfRobotsOnWhiteSite
686,4,10
timeStep,numberOfRobotsOnBlackSite,numberOfRobotsOnWhiteSite
687,4,10
timeStep,numberOfRobotsOnBlackSite,numberOfRobotsOnWhiteSite
688,4,10
timeStep,numberOfRobotsOnBlackSite,numberOfRobotsOnWhiteSite
689,4,10
timeStep,numberOfRobotsOnBlackSite,numberOfRobotsOnWhiteSite
690,4,11
timeStep,numberOfRobotsOnBlackSite,numberOfRobotsOnWhiteSite
691,4,11
timeStep,numberOfRobotsOnBlackSite,numberOfRobotsOnWhiteSite
692,4,11
timeStep,numberOfRobotsOnBlackSite,numberOfRobotsOnWhiteSite
693,4,11
timeStep,numberOfRobotsOnBlackSite,numberOfRobotsOnWhiteSite
694,4,11
timeStep,numberOfRobotsOnBlackSite,numberOfRobotsOnWhiteSite
695,4,12
timeStep,numberOfRobotsOnBlackSite,numberOfRobotsOnWhiteSite
696,4,12
timeStep,numberOfRobotsOnBlackSite,numberOfRobotsOnWhiteSite
697,4,12
timeStep,numberOfRobotsOnBlackSite,numberOfRobotsOnWhiteSite
698,4,12
timeStep,numberOfRobotsOnBlackSite,numberOfRobotsOnWhiteSite
699,4,12
timeStep,numberOfRobotsOnBlackSite,numberOfRobotsOnWhiteSite
700,4,12
timeStep,numberOfRobotsOnBlackSite,numberOfRobotsOnWhiteSite
701,4,12
timeStep,numberOfRobotsOnBlackSite,numberOfRobotsOnWhiteSite
702,4,12
timeStep,numberOfRobotsOnBlackSite,numberOfRobotsOnWhiteSite
703,4,12
timeStep,numberOfRobotsOnBlackSite,numberOfRobotsOnWhiteSite
704,4,12
timeStep,numberOfRobotsOnBlackSite,numberOfRobotsOnWhiteSite
705,4,12
timeStep,numberOfRobotsOnBlackSite,numberOfRobotsOnWhiteSite
706,4,12
timeStep,numberOfRobotsOnBlackSite,numberOfRobotsOnWhiteSite
707,4,12
timeStep,numberOfRobotsOnBlackSite,numberOfRobotsOnWhiteSite
708,4,12
timeStep,numberOfRobotsOnBlackSite,numberOfRobotsOnWhiteSite
709,4,12
timeStep,numberOfRobotsOnBlackSite,numberOfRobotsOnWhiteSite
710,4,13
timeStep,numberOfRobotsOnBlackSite,numberOfRobotsOnWhiteSite
711,4,13
timeStep,numberOfRobotsOnBlackSite,numberOfRobotsOnWhiteSite
712,4,13
timeStep,numberOfRobotsOnBlackSite,numberOfRobotsOnWhiteSite
713,4,13
timeStep,numberOfRobotsOnBlackSite,numberOfRobotsOnWhiteSite
714,4,13
timeStep,numberOfRobotsOnBlackSite,numberOfRobotsOnWhiteSite
715,4,13
timeStep,numberOfRobotsOnBlackSite,numberOfRobotsOnWhiteSite
716,4,13
timeStep,numberOfRobotsOnBlackSite,numberOfRobotsOnWhiteSite
717,4,13
timeStep,numberOfRobotsOnBlackSite,numberOfRobotsOnWhiteSite
718,4,13
timeStep,numberOfRobotsOnBlackSite,numberOfRobotsOnWhiteSite
719,4,13
timeStep,numberOfRobotsOnBlackSite,numberOfRobotsOnWhiteSite
720,5,13
timeStep,numberOfRobotsOnBlackSite,numberOfRobotsOnWhiteSite
721,5,13
timeStep,numberOfRobotsOnBlackSite,numberOfRobotsOnWhiteSite
722,5,13
timeStep,numberOfRobotsOnBlackSite,numberOfRobotsOnWhiteSite
723,5,13
timeStep,numberOfRobotsOnBlackSite,numberOfRobotsOnWhiteSite
724,5,13
timeStep,numberOfRobotsOnBlackSite,numberOfRobotsOnWhiteSite
725,5,13
timeStep,numberOfRobotsOnBlackSite,numberOfRobotsOnWhiteSite
726,5,13
timeStep,numberOfRobotsOnBlackSite,numberOfRobotsOnWhiteSite
727,5,13
timeStep,numberOfRobotsOnBlackSite,numberOfRobotsOnWhiteSite
728,5,13
timeStep,numberOfRobotsOnBlackSite,numberOfRobotsOnWhiteSite
729,5,13
timeStep,numberOfRobotsOnBlackSite,numberOfRobotsOnWhiteSite
730,5,13
timeStep,numberOfRobotsOnBlackSite,numberOfRobotsOnWhiteSite
731,5,13
timeStep,numberOfRobotsOnBlackSite,numberOfRobotsOnWhiteSite
732,5,13
timeStep,numberOfRobotsOnBlackSite,numberOfRobotsOnWhiteSite
733,5,13
timeStep,numberOfRobotsOnBlackSite,numberOfRobotsOnWhiteSite
734,5,13
timeStep,numberOfRobotsOnBlackSite,numberOfRobotsOnWhiteSite
735,5,13
timeStep,numberOfRobotsOnBlackSite,numberOfRobotsOnWhiteSite
736,5,13
timeStep,numberOfRobotsOnBlackSite,numberOfRobotsOnWhiteSite
737,5,13
timeStep,numberOfRobotsOnBlackSite,numberOfRobotsOnWhiteSite
738,5,13
timeStep,numberOfRobotsOnBlackSite,numberOfRobotsOnWhiteSite
739,5,13
timeStep,numberOfRobotsOnBlackSite,numberOfRobotsOnWhiteSite
740,5,14
timeStep,numberOfRobotsOnBlackSite,numberOfRobotsOnWhiteSite
741,5,14
timeStep,numberOfRobotsOnBlackSite,numberOfRobotsOnWhiteSite
742,5,14
timeStep,numberOfRobotsOnBlackSite,numberOfRobotsOnWhiteSite
743,5,14
timeStep,numberOfRobotsOnBlackSite,numberOfRobotsOnWhiteSite
744,5,14
timeStep,numberOfRobotsOnBlackSite,numberOfRobotsOnWhiteSite
745,5,13
timeStep,numberOfRobotsOnBlackSite,numberOfRobotsOnWhiteSite
746,5,13
timeStep,numberOfRobotsOnBlackSite,numberOfRobotsOnWhiteSite
747,5,13
timeStep,numberOfRobotsOnBlackSite,numberOfRobotsOnWhiteSite
748,5,13
timeStep,numberOfRobotsOnBlackSite,numberOfRobotsOnWhiteSite
749,5,13
timeStep,numberOfRobotsOnBlackSite,numberOfRobotsOnWhiteSite
750,6,13
timeStep,numberOfRobotsOnBlackSite,numberOfRobotsOnWhiteSite
751,6,13
timeStep,numberOfRobotsOnBlackSite,numberOfRobotsOnWhiteSite
752,6,13
timeStep,numberOfRobotsOnBlackSite,numberOfRobotsOnWhiteSite
753,6,13
timeStep,numberOfRobotsOnBlackSite,numberOfRobotsOnWhiteSite
754,6,13
timeStep,numberOfRobotsOnBlackSite,numberOfRobotsOnWhiteSite
755,6,13
timeStep,numberOfRobotsOnBlackSite,numberOfRobotsOnWhiteSite
756,6,13
timeStep,numberOfRobotsOnBlackSite,numberOfRobotsOnWhiteSite
757,6,13
timeStep,numberOfRobotsOnBlackSite,numberOfRobotsOnWhiteSite
758,6,13
timeStep,numberOfRobotsOnBlackSite,numberOfRobotsOnWhiteSite
759,6,13
timeStep,numberOfRobotsOnBlackSite,numberOfRobotsOnWhiteSite
760,6,13
timeStep,numberOfRobotsOnBlackSite,numberOfRobotsOnWhiteSite
761,6,13
timeStep,numberOfRobotsOnBlackSite,numberOfRobotsOnWhiteSite
762,6,13
timeStep,numberOfRobotsOnBlackSite,numberOfRobotsOnWhiteSite
763,6,13
timeStep,numberOfRobotsOnBlackSite,numberOfRobotsOnWhiteSite
764,6,13
timeStep,numberOfRobotsOnBlackSite,numberOfRobotsOnWhiteSite
765,6,12
timeStep,numberOfRobotsOnBlackSite,numberOfRobotsOnWhiteSite
766,6,12
timeStep,numberOfRobotsOnBlackSite,numberOfRobotsOnWhiteSite
767,6,12
timeStep,numberOfRobotsOnBlackSite,numberOfRobotsOnWhiteSite
768,6,12
timeStep,numberOfRobotsOnBlackSite,numberOfRobotsOnWhiteSite
769,6,12
timeStep,numberOfRobotsOnBlackSite,numberOfRobotsOnWhiteSite
770,6,12
timeStep,numberOfRobotsOnBlackSite,numberOfRobotsOnWhiteSite
771,6,12
timeStep,numberOfRobotsOnBlackSite,numberOfRobotsOnWhiteSite
772,6,12
timeStep,numberOfRobotsOnBlackSite,numberOfRobotsOnWhiteSite
773,6,12
timeStep,numberOfRobotsOnBlackSite,numberOfRobotsOnWhiteSite
774,6,12
timeStep,numberOfRobotsOnBlackSite,numberOfRobotsOnWhiteSite
775,6,12
timeStep,numberOfRobotsOnBlackSite,numberOfRobotsOnWhiteSite
776,6,12
timeStep,numberOfRobotsOnBlackSite,numberOfRobotsOnWhiteSite
777,6,12
timeStep,numberOfRobotsOnBlackSite,numberOfRobotsOnWhiteSite
778,6,12
timeStep,numberOfRobotsOnBlackSite,numberOfRobotsOnWhiteSite
779,6,12
timeStep,numberOfRobotsOnBlackSite,numberOfRobotsOnWhiteSite
780,6,12
timeStep,numberOfRobotsOnBlackSite,numberOfRobotsOnWhiteSite
781,6,12
timeStep,numberOfRobotsOnBlackSite,numberOfRobotsOnWhiteSite
782,6,12
timeStep,numberOfRobotsOnBlackSite,numberOfRobotsOnWhiteSite
783,6,12
timeStep,numberOfRobotsOnBlackSite,numberOfRobotsOnWhiteSite
784,6,12
timeStep,numberOfRobotsOnBlackSite,numberOfRobotsOnWhiteSite
785,7,12
timeStep,numberOfRobotsOnBlackSite,numberOfRobotsOnWhiteSite
786,7,12
timeStep,numberOfRobotsOnBlackSite,numberOfRobotsOnWhiteSite
787,7,12
timeStep,numberOfRobotsOnBlackSite,numberOfRobotsOnWhiteSite
788,7,12
timeStep,numberOfRobotsOnBlackSite,numberOfRobotsOnWhiteSite
789,7,12
timeStep,numberOfRobotsOnBlackSite,numberOfRobotsOnWhiteSite
790,7,12
timeStep,numberOfRobotsOnBlackSite,numberOfRobotsOnWhiteSite
791,7,12
timeStep,numberOfRobotsOnBlackSite,numberOfRobotsOnWhiteSite
792,7,12
timeStep,numberOfRobotsOnBlackSite,numberOfRobotsOnWhiteSite
793,7,12
timeStep,numberOfRobotsOnBlackSite,numberOfRobotsOnWhiteSite
794,7,12
timeStep,numberOfRobotsOnBlackSite,numberOfRobotsOnWhiteSite
795,7,12
timeStep,numberOfRobotsOnBlackSite,numberOfRobotsOnWhiteSite
796,7,12
timeStep,numberOfRobotsOnBlackSite,numberOfRobotsOnWhiteSite
797,7,12
timeStep,numberOfRobotsOnBlackSite,numberOfRobotsOnWhiteSite
798,7,12
timeStep,numberOfRobotsOnBlackSite,numberOfRobotsOnWhiteSite
799,7,12
timeStep,numberOfRobotsOnBlackSite,numberOfRobotsOnWhiteSite
800,6,12
timeStep,numberOfRobotsOnBlackSite,numberOfRobotsOnWhiteSite
801,6,12
timeStep,numberOfRobotsOnBlackSite,numberOfRobotsOnWhiteSite
802,6,12
timeStep,numberOfRobotsOnBlackSite,numberOfRobotsOnWhiteSite
803,6,12
timeStep,numberOfRobotsOnBlackSite,numberOfRobotsOnWhiteSite
804,6,12
timeStep,numberOfRobotsOnBlackSite,numberOfRobotsOnWhiteSite
805,6,12
timeStep,numberOfRobotsOnBlackSite,numberOfRobotsOnWhiteSite
806,6,12
timeStep,numberOfRobotsOnBlackSite,numberOfRobotsOnWhiteSite
807,6,12
timeStep,numberOfRobotsOnBlackSite,numberOfRobotsOnWhiteSite
808,6,12
timeStep,numberOfRobotsOnBlackSite,numberOfRobotsOnWhiteSite
809,6,12
timeStep,numberOfRobotsOnBlackSite,numberOfRobotsOnWhiteSite
810,6,12
timeStep,numberOfRobotsOnBlackSite,numberOfRobotsOnWhiteSite
811,6,12
timeStep,numberOfRobotsOnBlackSite,numberOfRobotsOnWhiteSite
812,6,12
timeStep,numberOfRobotsOnBlackSite,numberOfRobotsOnWhiteSite
813,6,12
timeStep,numberOfRobotsOnBlackSite,numberOfRobotsOnWhiteSite
814,6,12
timeStep,numberOfRobotsOnBlackSite,numberOfRobotsOnWhiteSite
815,6,12
timeStep,numberOfRobotsOnBlackSite,numberOfRobotsOnWhiteSite
816,6,12
timeStep,numberOfRobotsOnBlackSite,numberOfRobotsOnWhiteSite
817,6,12
timeStep,numberOfRobotsOnBlackSite,numberOfRobotsOnWhiteSite
818,6,12
timeStep,numberOfRobotsOnBlackSite,numberOfRobotsOnWhiteSite
819,6,12
timeStep,numberOfRobotsOnBlackSite,numberOfRobotsOnWhiteSite
820,6,12
timeStep,numberOfRobotsOnBlackSite,numberOfRobotsOnWhiteSite
821,6,12
timeStep,numberOfRobotsOnBlackSite,numberOfRobotsOnWhiteSite
822,6,12
timeStep,numberOfRobotsOnBlackSite,numberOfRobotsOnWhiteSite
823,6,12
timeStep,numberOfRobotsOnBlackSite,numberOfRobotsOnWhiteSite
824,6,12
timeStep,numberOfRobotsOnBlackSite,numberOfRobotsOnWhiteSite
825,6,11
timeStep,numberOfRobotsOnBlackSite,numberOfRobotsOnWhiteSite
826,6,11
timeStep,numberOfRobotsOnBlackSite,numberOfRobotsOnWhiteSite
827,6,11
timeStep,numberOfRobotsOnBlackSite,numberOfRobotsOnWhiteSite
828,6,11
timeStep,numberOfRobotsOnBlackSite,numberOfRobotsOnWhiteSite
829,6,11
timeStep,numberOfRobotsOnBlackSite,numberOfRobotsOnWhiteSite
830,6,11
timeStep,numberOfRobotsOnBlackSite,numberOfRobotsOnWhiteSite
831,6,11
timeStep,numberOfRobotsOnBlackSite,numberOfRobotsOnWhiteSite
832,6,11
timeStep,numberOfRobotsOnBlackSite,numberOfRobotsOnWhiteSite
833,6,11
timeStep,numberOfRobotsOnBlackSite,numberOfRobotsOnWhiteSite
834,6,11
timeStep,numberOfRobotsOnBlackSite,numberOfRobotsOnWhiteSite
835,6,10
timeStep,numberOfRobotsOnBlackSite,numberOfRobotsOnWhiteSite
836,6,10
timeStep,numberOfRobotsOnBlackSite,numberOfRobotsOnWhiteSite
837,6,10
timeStep,numberOfRobotsOnBlackSite,numberOfRobotsOnWhiteSite
838,6,10
timeStep,numberOfRobotsOnBlackSite,numberOfRobotsOnWhiteSite
839,6,10
timeStep,numberOfRobotsOnBlackSite,numberOfRobotsOnWhiteSite
840,6,10
timeStep,numberOfRobotsOnBlackSite,numberOfRobotsOnWhiteSite
841,6,10
timeStep,numberOfRobotsOnBlackSite,numberOfRobotsOnWhiteSite
842,6,10
timeStep,numberOfRobotsOnBlackSite,numberOfRobotsOnWhiteSite
843,6,10
timeStep,numberOfRobotsOnBlackSite,numberOfRobotsOnWhiteSite
844,6,10
timeStep,numberOfRobotsOnBlackSite,numberOfRobotsOnWhiteSite
845,6,10
timeStep,numberOfRobotsOnBlackSite,numberOfRobotsOnWhiteSite
846,6,10
timeStep,numberOfRobotsOnBlackSite,numberOfRobotsOnWhiteSite
847,6,10
timeStep,numberOfRobotsOnBlackSite,numberOfRobotsOnWhiteSite
848,6,10
timeStep,numberOfRobotsOnBlackSite,numberOfRobotsOnWhiteSite
849,6,10
timeStep,numberOfRobotsOnBlackSite,numberOfRobotsOnWhiteSite
850,6,9
timeStep,numberOfRobotsOnBlackSite,numberOfRobotsOnWhiteSite
851,6,9
timeStep,numberOfRobotsOnBlackSite,numberOfRobotsOnWhiteSite
852,6,9
timeStep,numberOfRobotsOnBlackSite,numberOfRobotsOnWhiteSite
853,6,9
timeStep,numberOfRobotsOnBlackSite,numberOfRobotsOnWhiteSite
854,6,9
timeStep,numberOfRobotsOnBlackSite,numberOfRobotsOnWhiteSite
855,6,9
timeStep,numberOfRobotsOnBlackSite,numberOfRobotsOnWhiteSite
856,6,9
timeStep,numberOfRobotsOnBlackSite,numberOfRobotsOnWhiteSite
857,6,9
timeStep,numberOfRobotsOnBlackSite,numberOfRobotsOnWhiteSite
858,6,9
timeStep,numberOfRobotsOnBlackSite,numberOfRobotsOnWhiteSite
859,6,9
timeStep,numberOfRobotsOnBlackSite,numberOfRobotsOnWhiteSite
860,6,8
timeStep,numberOfRobotsOnBlackSite,numberOfRobotsOnWhiteSite
861,6,8
timeStep,numberOfRobotsOnBlackSite,numberOfRobotsOnWhiteSite
862,6,8
timeStep,numberOfRobotsOnBlackSite,numberOfRobotsOnWhiteSite
863,6,8
timeStep,numberOfRobotsOnBlackSite,numberOfRobotsOnWhiteSite
864,6,8
timeStep,numberOfRobotsOnBlackSite,numberOfRobotsOnWhiteSite
865,6,8
timeStep,numberOfRobotsOnBlackSite,numberOfRobotsOnWhiteSite
866,6,8
timeStep,numberOfRobotsOnBlackSite,numberOfRobotsOnWhiteSite
867,6,8
timeStep,numberOfRobotsOnBlackSite,numberOfRobotsOnWhiteSite
868,6,8
timeStep,numberOfRobotsOnBlackSite,numberOfRobotsOnWhiteSite
869,6,8
timeStep,numberOfRobotsOnBlackSite,numberOfRobotsOnWhiteSite
870,6,8
timeStep,numberOfRobotsOnBlackSite,numberOfRobotsOnWhiteSite
871,6,8
timeStep,numberOfRobotsOnBlackSite,numberOfRobotsOnWhiteSite
872,6,8
timeStep,numberOfRobotsOnBlackSite,numberOfRobotsOnWhiteSite
873,6,8
timeStep,numberOfRobotsOnBlackSite,numberOfRobotsOnWhiteSite
874,6,8
timeStep,numberOfRobotsOnBlackSite,numberOfRobotsOnWhiteSite
875,6,9
timeStep,numberOfRobotsOnBlackSite,numberOfRobotsOnWhiteSite
876,6,9
timeStep,numberOfRobotsOnBlackSite,numberOfRobotsOnWhiteSite
877,6,9
timeStep,numberOfRobotsOnBlackSite,numberOfRobotsOnWhiteSite
878,6,9
timeStep,numberOfRobotsOnBlackSite,numberOfRobotsOnWhiteSite
879,6,9
timeStep,numberOfRobotsOnBlackSite,numberOfRobotsOnWhiteSite
880,6,9
timeStep,numberOfRobotsOnBlackSite,numberOfRobotsOnWhiteSite
881,6,9
timeStep,numberOfRobotsOnBlackSite,numberOfRobotsOnWhiteSite
882,6,9
timeStep,numberOfRobotsOnBlackSite,numberOfRobotsOnWhiteSite
883,6,9
timeStep,numberOfRobotsOnBlackSite,numberOfRobotsOnWhiteSite
884,6,9
timeStep,numberOfRobotsOnBlackSite,numberOfRobotsOnWhiteSite
885,6,9
timeStep,numberOfRobotsOnBlackSite,numberOfRobotsOnWhiteSite
886,6,9
timeStep,numberOfRobotsOnBlackSite,numberOfRobotsOnWhiteSite
887,6,9
timeStep,numberOfRobotsOnBlackSite,numberOfRobotsOnWhiteSite
888,6,9
timeStep,numberOfRobotsOnBlackSite,numberOfRobotsOnWhiteSite
889,6,9
timeStep,numberOfRobotsOnBlackSite,numberOfRobotsOnWhiteSite
890,6,9
timeStep,numberOfRobotsOnBlackSite,numberOfRobotsOnWhiteSite
891,6,9
timeStep,numberOfRobotsOnBlackSite,numberOfRobotsOnWhiteSite
892,6,9
timeStep,numberOfRobotsOnBlackSite,numberOfRobotsOnWhiteSite
893,6,9
timeStep,numberOfRobotsOnBlackSite,numberOfRobotsOnWhiteSite
894,6,9
timeStep,numberOfRobotsOnBlackSite,numberOfRobotsOnWhiteSite
895,6,9
timeStep,numberOfRobotsOnBlackSite,numberOfRobotsOnWhiteSite
896,6,9
timeStep,numberOfRobotsOnBlackSite,numberOfRobotsOnWhiteSite
897,6,9
timeStep,numberOfRobotsOnBlackSite,numberOfRobotsOnWhiteSite
898,6,9
timeStep,numberOfRobotsOnBlackSite,numberOfRobotsOnWhiteSite
899,6,9
timeStep,numberOfRobotsOnBlackSite,numberOfRobotsOnWhiteSite
900,6,10
timeStep,numberOfRobotsOnBlackSite,numberOfRobotsOnWhiteSite
901,6,10
timeStep,numberOfRobotsOnBlackSite,numberOfRobotsOnWhiteSite
902,6,10
timeStep,numberOfRobotsOnBlackSite,numberOfRobotsOnWhiteSite
903,6,10
timeStep,numberOfRobotsOnBlackSite,numberOfRobotsOnWhiteSite
904,6,10
timeStep,numberOfRobotsOnBlackSite,numberOfRobotsOnWhiteSite
905,6,10
timeStep,numberOfRobotsOnBlackSite,numberOfRobotsOnWhiteSite
906,6,10
timeStep,numberOfRobotsOnBlackSite,numberOfRobotsOnWhiteSite
907,6,10
timeStep,numberOfRobotsOnBlackSite,numberOfRobotsOnWhiteSite
908,6,10
timeStep,numberOfRobotsOnBlackSite,numberOfRobotsOnWhiteSite
909,6,10
timeStep,numberOfRobotsOnBlackSite,numberOfRobotsOnWhiteSite
910,6,10
timeStep,numberOfRobotsOnBlackSite,numberOfRobotsOnWhiteSite
911,6,10
timeStep,numberOfRobotsOnBlackSite,numberOfRobotsOnWhiteSite
912,6,10
timeStep,numberOfRobotsOnBlackSite,numberOfRobotsOnWhiteSite
913,6,10
timeStep,numberOfRobotsOnBlackSite,numberOfRobotsOnWhiteSite
914,6,10
timeStep,numberOfRobotsOnBlackSite,numberOfRobotsOnWhiteSite
915,6,10
timeStep,numberOfRobotsOnBlackSite,numberOfRobotsOnWhiteSite
916,6,10
timeStep,numberOfRobotsOnBlackSite,numberOfRobotsOnWhiteSite
917,6,10
timeStep,numberOfRobotsOnBlackSite,numberOfRobotsOnWhiteSite
918,6,10
timeStep,numberOfRobotsOnBlackSite,numberOfRobotsOnWhiteSite
919,6,10
timeStep,numberOfRobotsOnBlackSite,numberOfRobotsOnWhiteSite
920,6,9
timeStep,numberOfRobotsOnBlackSite,numberOfRobotsOnWhiteSite
921,6,9
timeStep,numberOfRobotsOnBlackSite,numberOfRobotsOnWhiteSite
922,6,9
timeStep,numberOfRobotsOnBlackSite,numberOfRobotsOnWhiteSite
923,6,9
timeStep,numberOfRobotsOnBlackSite,numberOfRobotsOnWhiteSite
924,6,9
timeStep,numberOfRobotsOnBlackSite,numberOfRobotsOnWhiteSite
925,7,9
timeStep,numberOfRobotsOnBlackSite,numberOfRobotsOnWhiteSite
926,7,9
timeStep,numberOfRobotsOnBlackSite,numberOfRobotsOnWhiteSite
927,7,9
timeStep,numberOfRobotsOnBlackSite,numberOfRobotsOnWhiteSite
928,7,9
timeStep,numberOfRobotsOnBlackSite,numberOfRobotsOnWhiteSite
929,7,9
timeStep,numberOfRobotsOnBlackSite,numberOfRobotsOnWhiteSite
930,7,9
timeStep,numberOfRobotsOnBlackSite,numberOfRobotsOnWhiteSite
931,7,9
timeStep,numberOfRobotsOnBlackSite,numberOfRobotsOnWhiteSite
932,7,9
timeStep,numberOfRobotsOnBlackSite,numberOfRobotsOnWhiteSite
933,7,9
timeStep,numberOfRobotsOnBlackSite,numberOfRobotsOnWhiteSite
934,7,9
timeStep,numberOfRobotsOnBlackSite,numberOfRobotsOnWhiteSite
935,7,9
timeStep,numberOfRobotsOnBlackSite,numberOfRobotsOnWhiteSite
936,7,9
timeStep,numberOfRobotsOnBlackSite,numberOfRobotsOnWhiteSite
937,7,9
timeStep,numberOfRobotsOnBlackSite,numberOfRobotsOnWhiteSite
938,7,9
timeStep,numberOfRobotsOnBlackSite,numberOfRobotsOnWhiteSite
939,7,9
timeStep,numberOfRobotsOnBlackSite,numberOfRobotsOnWhiteSite
940,7,9
timeStep,numberOfRobotsOnBlackSite,numberOfRobotsOnWhiteSite
941,7,9
timeStep,numberOfRobotsOnBlackSite,numberOfRobotsOnWhiteSite
942,7,9
timeStep,numberOfRobotsOnBlackSite,numberOfRobotsOnWhiteSite
943,7,9
timeStep,numberOfRobotsOnBlackSite,numberOfRobotsOnWhiteSite
944,7,9
timeStep,numberOfRobotsOnBlackSite,numberOfRobotsOnWhiteSite
945,7,9
timeStep,numberOfRobotsOnBlackSite,numberOfRobotsOnWhiteSite
946,7,9
timeStep,numberOfRobotsOnBlackSite,numberOfRobotsOnWhiteSite
947,7,9
timeStep,numberOfRobotsOnBlackSite,numberOfRobotsOnWhiteSite
948,7,9
timeStep,numberOfRobotsOnBlackSite,numberOfRobotsOnWhiteSite
949,7,9
timeStep,numberOfRobotsOnBlackSite,numberOfRobotsOnWhiteSite
950,8,9
timeStep,numberOfRobotsOnBlackSite,numberOfRobotsOnWhiteSite
951,8,9
timeStep,numberOfRobotsOnBlackSite,numberOfRobotsOnWhiteSite
952,8,9
timeStep,numberOfRobotsOnBlackSite,numberOfRobotsOnWhiteSite
953,8,9
timeStep,numberOfRobotsOnBlackSite,numberOfRobotsOnWhiteSite
954,8,9
timeStep,numberOfRobotsOnBlackSite,numberOfRobotsOnWhiteSite
955,8,8
timeStep,numberOfRobotsOnBlackSite,numberOfRobotsOnWhiteSite
956,8,8
timeStep,numberOfRobotsOnBlackSite,numberOfRobotsOnWhiteSite
957,8,8
timeStep,numberOfRobotsOnBlackSite,numberOfRobotsOnWhiteSite
958,8,8
timeStep,numberOfRobotsOnBlackSite,numberOfRobotsOnWhiteSite
959,8,8
timeStep,numberOfRobotsOnBlackSite,numberOfRobotsOnWhiteSite
960,8,8
timeStep,numberOfRobotsOnBlackSite,numberOfRobotsOnWhiteSite
961,8,8
timeStep,numberOfRobotsOnBlackSite,numberOfRobotsOnWhiteSite
962,8,8
timeStep,numberOfRobotsOnBlackSite,numberOfRobotsOnWhiteSite
963,8,8
timeStep,numberOfRobotsOnBlackSite,numberOfRobotsOnWhiteSite
964,8,8
timeStep,numberOfRobotsOnBlackSite,numberOfRobotsOnWhiteSite
965,8,9
timeStep,numberOfRobotsOnBlackSite,numberOfRobotsOnWhiteSite
966,8,9
timeStep,numberOfRobotsOnBlackSite,numberOfRobotsOnWhiteSite
967,8,9
timeStep,numberOfRobotsOnBlackSite,numberOfRobotsOnWhiteSite
968,8,9
timeStep,numberOfRobotsOnBlackSite,numberOfRobotsOnWhiteSite
969,8,9
timeStep,numberOfRobotsOnBlackSite,numberOfRobotsOnWhiteSite
970,8,10
timeStep,numberOfRobotsOnBlackSite,numberOfRobotsOnWhiteSite
971,8,10
timeStep,numberOfRobotsOnBlackSite,numberOfRobotsOnWhiteSite
972,8,10
timeStep,numberOfRobotsOnBlackSite,numberOfRobotsOnWhiteSite
973,8,10
timeStep,numberOfRobotsOnBlackSite,numberOfRobotsOnWhiteSite
974,8,10
timeStep,numberOfRobotsOnBlackSite,numberOfRobotsOnWhiteSite
975,8,10
timeStep,numberOfRobotsOnBlackSite,numberOfRobotsOnWhiteSite
976,8,10
timeStep,numberOfRobotsOnBlackSite,numberOfRobotsOnWhiteSite
977,8,10
timeStep,numberOfRobotsOnBlackSite,numberOfRobotsOnWhiteSite
978,8,10
timeStep,numberOfRobotsOnBlackSite,numberOfRobotsOnWhiteSite
979,8,10
timeStep,numberOfRobotsOnBlackSite,numberOfRobotsOnWhiteSite
980,8,10
timeStep,numberOfRobotsOnBlackSite,numberOfRobotsOnWhiteSite
981,8,10
timeStep,numberOfRobotsOnBlackSite,numberOfRobotsOnWhiteSite
982,8,10
timeStep,numberOfRobotsOnBlackSite,numberOfRobotsOnWhiteSite
983,8,10
timeStep,numberOfRobotsOnBlackSite,numberOfRobotsOnWhiteSite
984,8,10
timeStep,numberOfRobotsOnBlackSite,numberOfRobotsOnWhiteSite
985,8,10
timeStep,numberOfRobotsOnBlackSite,numberOfRobotsOnWhiteSite
986,8,10
timeStep,numberOfRobotsOnBlackSite,numberOfRobotsOnWhiteSite
987,8,10
timeStep,numberOfRobotsOnBlackSite,numberOfRobotsOnWhiteSite
988,8,10
timeStep,numberOfRobotsOnBlackSite,numberOfRobotsOnWhiteSite
989,8,10
timeStep,numberOfRobotsOnBlackSite,numberOfRobotsOnWhiteSite
990,8,10
timeStep,numberOfRobotsOnBlackSite,numberOfRobotsOnWhiteSite
991,8,10
timeStep,numberOfRobotsOnBlackSite,numberOfRobotsOnWhiteSite
992,8,10
timeStep,numberOfRobotsOnBlackSite,numberOfRobotsOnWhiteSite
993,8,10
timeStep,numberOfRobotsOnBlackSite,numberOfRobotsOnWhiteSite
994,8,10
timeStep,numberOfRobotsOnBlackSite,numberOfRobotsOnWhiteSite
995,8,10
timeStep,numberOfRobotsOnBlackSite,numberOfRobotsOnWhiteSite
996,8,10
timeStep,numberOfRobotsOnBlackSite,numberOfRobotsOnWhiteSite
997,8,10
timeStep,numberOfRobotsOnBlackSite,numberOfRobotsOnWhiteSite
998,8,10
timeStep,numberOfRobotsOnBlackSite,numberOfRobotsOnWhiteSite
999,8,10
timeStep,numberOfRobotsOnBlackSite,numberOfRobotsOnWhiteSite
1000,8,10
timeStep,numberOfRobotsOnBlackSite,numberOfRobotsOnWhiteSite
1001,8,10
timeStep,numberOfRobotsOnBlackSite,numberOfRobotsOnWhiteSite
1002,8,10
timeStep,numberOfRobotsOnBlackSite,numberOfRobotsOnWhiteSite
1003,8,10
timeStep,numberOfRobotsOnBlackSite,numberOfRobotsOnWhiteSite
1004,8,10
timeStep,numberOfRobotsOnBlackSite,numberOfRobotsOnWhiteSite
1005,8,10
timeStep,numberOfRobotsOnBlackSite,numberOfRobotsOnWhiteSite
1006,8,10
timeStep,numberOfRobotsOnBlackSite,numberOfRobotsOnWhiteSite
1007,8,10
timeStep,numberOfRobotsOnBlackSite,numberOfRobotsOnWhiteSite
1008,8,10
timeStep,numberOfRobotsOnBlackSite,numberOfRobotsOnWhiteSite
1009,8,10
timeStep,numberOfRobotsOnBlackSite,numberOfRobotsOnWhiteSite
1010,8,10
timeStep,numberOfRobotsOnBlackSite,numberOfRobotsOnWhiteSite
1011,8,10
timeStep,numberOfRobotsOnBlackSite,numberOfRobotsOnWhiteSite
1012,8,10
timeStep,numberOfRobotsOnBlackSite,numberOfRobotsOnWhiteSite
1013,8,10
timeStep,numberOfRobotsOnBlackSite,numberOfRobotsOnWhiteSite
1014,8,10
timeStep,numberOfRobotsOnBlackSite,numberOfRobotsOnWhiteSite
1015,8,10
timeStep,numberOfRobotsOnBlackSite,numberOfRobotsOnWhiteSite
1016,8,10
timeStep,numberOfRobotsOnBlackSite,numberOfRobotsOnWhiteSite
1017,8,10
timeStep,numberOfRobotsOnBlackSite,numberOfRobotsOnWhiteSite
1018,8,10
timeStep,numberOfRobotsOnBlackSite,numberOfRobotsOnWhiteSite
1019,8,10
timeStep,numberOfRobotsOnBlackSite,numberOfRobotsOnWhiteSite
1020,9,10
timeStep,numberOfRobotsOnBlackSite,numberOfRobotsOnWhiteSite
1021,9,10
timeStep,numberOfRobotsOnBlackSite,numberOfRobotsOnWhiteSite
1022,9,10
timeStep,numberOfRobotsOnBlackSite,numberOfRobotsOnWhiteSite
1023,9,10
timeStep,numberOfRobotsOnBlackSite,numberOfRobotsOnWhiteSite
1024,9,10
timeStep,numberOfRobotsOnBlackSite,numberOfRobotsOnWhiteSite
1025,9,9
timeStep,numberOfRobotsOnBlackSite,numberOfRobotsOnWhiteSite
1026,9,9
timeStep,numberOfRobotsOnBlackSite,numberOfRobotsOnWhiteSite
1027,9,9
timeStep,numberOfRobotsOnBlackSite,numberOfRobotsOnWhiteSite
1028,9,9
timeStep,numberOfRobotsOnBlackSite,numberOfRobotsOnWhiteSite
1029,9,9
timeStep,numberOfRobotsOnBlackSite,numberOfRobotsOnWhiteSite
1030,9,9
timeStep,numberOfRobotsOnBlackSite,numberOfRobotsOnWhiteSite
1031,9,9
timeStep,numberOfRobotsOnBlackSite,numberOfRobotsOnWhiteSite
1032,9,9
timeStep,numberOfRobotsOnBlackSite,numberOfRobotsOnWhiteSite
1033,9,9
timeStep,numberOfRobotsOnBlackSite,numberOfRobotsOnWhiteSite
1034,9,9
timeStep,numberOfRobotsOnBlackSite,numberOfRobotsOnWhiteSite
1035,9,9
timeStep,numberOfRobotsOnBlackSite,numberOfRobotsOnWhiteSite
1036,9,9
timeStep,numberOfRobotsOnBlackSite,numberOfRobotsOnWhiteSite
1037,9,9
timeStep,numberOfRobotsOnBlackSite,numberOfRobotsOnWhiteSite
1038,9,9
timeStep,numberOfRobotsOnBlackSite,numberOfRobotsOnWhiteSite
1039,9,9
timeStep,numberOfRobotsOnBlackSite,numberOfRobotsOnWhiteSite
1040,9,9
timeStep,numberOfRobotsOnBlackSite,numberOfRobotsOnWhiteSite
1041,9,9
timeStep,numberOfRobotsOnBlackSite,numberOfRobotsOnWhiteSite
1042,9,9
timeStep,numberOfRobotsOnBlackSite,numberOfRobotsOnWhiteSite
1043,9,9
timeStep,numberOfRobotsOnBlackSite,numberOfRobotsOnWhiteSite
1044,9,9
timeStep,numberOfRobotsOnBlackSite,numberOfRobotsOnWhiteSite
1045,9,9
timeStep,numberOfRobotsOnBlackSite,numberOfRobotsOnWhiteSite
1046,9,9
timeStep,numberOfRobotsOnBlackSite,numberOfRobotsOnWhiteSite
1047,9,9
timeStep,numberOfRobotsOnBlackSite,numberOfRobotsOnWhiteSite
1048,9,9
timeStep,numberOfRobotsOnBlackSite,numberOfRobotsOnWhiteSite
1049,9,9
timeStep,numberOfRobotsOnBlackSite,numberOfRobotsOnWhiteSite
1050,9,9
timeStep,numberOfRobotsOnBlackSite,numberOfRobotsOnWhiteSite
1051,9,9
timeStep,numberOfRobotsOnBlackSite,numberOfRobotsOnWhiteSite
1052,9,9
timeStep,numberOfRobotsOnBlackSite,numberOfRobotsOnWhiteSite
1053,9,9
timeStep,numberOfRobotsOnBlackSite,numberOfRobotsOnWhiteSite
1054,9,9
timeStep,numberOfRobotsOnBlackSite,numberOfRobotsOnWhiteSite
1055,9,10
timeStep,numberOfRobotsOnBlackSite,numberOfRobotsOnWhiteSite
1056,9,10
timeStep,numberOfRobotsOnBlackSite,numberOfRobotsOnWhiteSite
1057,9,10
timeStep,numberOfRobotsOnBlackSite,numberOfRobotsOnWhiteSite
1058,9,10
timeStep,numberOfRobotsOnBlackSite,numberOfRobotsOnWhiteSite
1059,9,10
timeStep,numberOfRobotsOnBlackSite,numberOfRobotsOnWhiteSite
1060,9,10
timeStep,numberOfRobotsOnBlackSite,numberOfRobotsOnWhiteSite
1061,9,10
timeStep,numberOfRobotsOnBlackSite,numberOfRobotsOnWhiteSite
1062,9,10
timeStep,numberOfRobotsOnBlackSite,numberOfRobotsOnWhiteSite
1063,9,10
timeStep,numberOfRobotsOnBlackSite,numberOfRobotsOnWhiteSite
1064,9,10
timeStep,numberOfRobotsOnBlackSite,numberOfRobotsOnWhiteSite
1065,9,10
timeStep,numberOfRobotsOnBlackSite,numberOfRobotsOnWhiteSite
1066,9,10
timeStep,numberOfRobotsOnBlackSite,numberOfRobotsOnWhiteSite
1067,9,10
timeStep,numberOfRobotsOnBlackSite,numberOfRobotsOnWhiteSite
1068,9,10
timeStep,numberOfRobotsOnBlackSite,numberOfRobotsOnWhiteSite
1069,9,10
timeStep,numberOfRobotsOnBlackSite,numberOfRobotsOnWhiteSite
1070,9,10
timeStep,numberOfRobotsOnBlackSite,numberOfRobotsOnWhiteSite
1071,9,10
timeStep,numberOfRobotsOnBlackSite,numberOfRobotsOnWhiteSite
1072,9,10
timeStep,numberOfRobotsOnBlackSite,numberOfRobotsOnWhiteSite
1073,9,10
timeStep,numberOfRobotsOnBlackSite,numberOfRobotsOnWhiteSite
1074,9,10
timeStep,numberOfRobotsOnBlackSite,numberOfRobotsOnWhiteSite
1075,9,10
timeStep,numberOfRobotsOnBlackSite,numberOfRobotsOnWhiteSite
1076,9,10
timeStep,numberOfRobotsOnBlackSite,numberOfRobotsOnWhiteSite
1077,9,10
timeStep,numberOfRobotsOnBlackSite,numberOfRobotsOnWhiteSite
1078,9,10
timeStep,numberOfRobotsOnBlackSite,numberOfRobotsOnWhiteSite
1079,9,10
timeStep,numberOfRobotsOnBlackSite,numberOfRobotsOnWhiteSite
1080,9,10
timeStep,numberOfRobotsOnBlackSite,numberOfRobotsOnWhiteSite
1081,9,10
timeStep,numberOfRobotsOnBlackSite,numberOfRobotsOnWhiteSite
1082,9,10
timeStep,numberOfRobotsOnBlackSite,numberOfRobotsOnWhiteSite
1083,9,10
timeStep,numberOfRobotsOnBlackSite,numberOfRobotsOnWhiteSite
1084,9,10
timeStep,numberOfRobotsOnBlackSite,numberOfRobotsOnWhiteSite
1085,9,10
timeStep,numberOfRobotsOnBlackSite,numberOfRobotsOnWhiteSite
1086,9,10
timeStep,numberOfRobotsOnBlackSite,numberOfRobotsOnWhiteSite
1087,9,10
timeStep,numberOfRobotsOnBlackSite,numberOfRobotsOnWhiteSite
1088,9,10
timeStep,numberOfRobotsOnBlackSite,numberOfRobotsOnWhiteSite
1089,9,10
timeStep,numberOfRobotsOnBlackSite,numberOfRobotsOnWhiteSite
1090,9,12
timeStep,numberOfRobotsOnBlackSite,numberOfRobotsOnWhiteSite
1091,9,12
timeStep,numberOfRobotsOnBlackSite,numberOfRobotsOnWhiteSite
1092,9,12
timeStep,numberOfRobotsOnBlackSite,numberOfRobotsOnWhiteSite
1093,9,12
timeStep,numberOfRobotsOnBlackSite,numberOfRobotsOnWhiteSite
1094,9,12
timeStep,numberOfRobotsOnBlackSite,numberOfRobotsOnWhiteSite
1095,9,12
timeStep,numberOfRobotsOnBlackSite,numberOfRobotsOnWhiteSite
1096,9,12
timeStep,numberOfRobotsOnBlackSite,numberOfRobotsOnWhiteSite
1097,9,12
timeStep,numberOfRobotsOnBlackSite,numberOfRobotsOnWhiteSite
1098,9,12
timeStep,numberOfRobotsOnBlackSite,numberOfRobotsOnWhiteSite
1099,9,12
timeStep,numberOfRobotsOnBlackSite,numberOfRobotsOnWhiteSite
1100,9,12
timeStep,numberOfRobotsOnBlackSite,numberOfRobotsOnWhiteSite
1101,9,12
timeStep,numberOfRobotsOnBlackSite,numberOfRobotsOnWhiteSite
1102,9,12
timeStep,numberOfRobotsOnBlackSite,numberOfRobotsOnWhiteSite
1103,9,12
timeStep,numberOfRobotsOnBlackSite,numberOfRobotsOnWhiteSite
1104,9,12
timeStep,numberOfRobotsOnBlackSite,numberOfRobotsOnWhiteSite
1105,9,12
timeStep,numberOfRobotsOnBlackSite,numberOfRobotsOnWhiteSite
1106,9,12
timeStep,numberOfRobotsOnBlackSite,numberOfRobotsOnWhiteSite
1107,9,12
timeStep,numberOfRobotsOnBlackSite,numberOfRobotsOnWhiteSite
1108,9,12
timeStep,numberOfRobotsOnBlackSite,numberOfRobotsOnWhiteSite
1109,9,12
timeStep,numberOfRobotsOnBlackSite,numberOfRobotsOnWhiteSite
1110,9,12
timeStep,numberOfRobotsOnBlackSite,numberOfRobotsOnWhiteSite
1111,9,12
timeStep,numberOfRobotsOnBlackSite,numberOfRobotsOnWhiteSite
1112,9,12
timeStep,numberOfRobotsOnBlackSite,numberOfRobotsOnWhiteSite
1113,9,12
timeStep,numberOfRobotsOnBlackSite,numberOfRobotsOnWhiteSite
1114,9,12
timeStep,numberOfRobotsOnBlackSite,numberOfRobotsOnWhiteSite
1115,9,12
timeStep,numberOfRobotsOnBlackSite,numberOfRobotsOnWhiteSite
1116,9,12
timeStep,numberOfRobotsOnBlackSite,numberOfRobotsOnWhiteSite
1117,9,12
timeStep,numberOfRobotsOnBlackSite,numberOfRobotsOnWhiteSite
1118,9,12
timeStep,numberOfRobotsOnBlackSite,numberOfRobotsOnWhiteSite
1119,9,12
timeStep,numberOfRobotsOnBlackSite,numberOfRobotsOnWhiteSite
1120,9,12
timeStep,numberOfRobotsOnBlackSite,numberOfRobotsOnWhiteSite
1121,9,12
timeStep,numberOfRobotsOnBlackSite,numberOfRobotsOnWhiteSite
1122,9,12
timeStep,numberOfRobotsOnBlackSite,numberOfRobotsOnWhiteSite
1123,9,12
timeStep,numberOfRobotsOnBlackSite,numberOfRobotsOnWhiteSite
1124,9,12
timeStep,numberOfRobotsOnBlackSite,numberOfRobotsOnWhiteSite
1125,9,12
timeStep,numberOfRobotsOnBlackSite,numberOfRobotsOnWhiteSite
1126,9,12
timeStep,numberOfRobotsOnBlackSite,numberOfRobotsOnWhiteSite
1127,9,12
timeStep,numberOfRobotsOnBlackSite,numberOfRobotsOnWhiteSite
1128,9,12
timeStep,numberOfRobotsOnBlackSite,numberOfRobotsOnWhiteSite
1129,9,12
timeStep,numberOfRobotsOnBlackSite,numberOfRobotsOnWhiteSite
1130,9,12
timeStep,numberOfRobotsOnBlackSite,numberOfRobotsOnWhiteSite
1131,9,12
timeStep,numberOfRobotsOnBlackSite,numberOfRobotsOnWhiteSite
1132,9,12
timeStep,numberOfRobotsOnBlackSite,numberOfRobotsOnWhiteSite
1133,9,12
timeStep,numberOfRobotsOnBlackSite,numberOfRobotsOnWhiteSite
1134,9,12
timeStep,numberOfRobotsOnBlackSite,numberOfRobotsOnWhiteSite
1135,9,12
timeStep,numberOfRobotsOnBlackSite,numberOfRobotsOnWhiteSite
1136,9,12
timeStep,numberOfRobotsOnBlackSite,numberOfRobotsOnWhiteSite
1137,9,12
timeStep,numberOfRobotsOnBlackSite,numberOfRobotsOnWhiteSite
1138,9,12
timeStep,numberOfRobotsOnBlackSite,numberOfRobotsOnWhiteSite
1139,9,12
timeStep,numberOfRobotsOnBlackSite,numberOfRobotsOnWhiteSite
1140,9,10
timeStep,numberOfRobotsOnBlackSite,numberOfRobotsOnWhiteSite
1141,9,10
timeStep,numberOfRobotsOnBlackSite,numberOfRobotsOnWhiteSite
1142,9,10
timeStep,numberOfRobotsOnBlackSite,numberOfRobotsOnWhiteSite
1143,9,10
timeStep,numberOfRobotsOnBlackSite,numberOfRobotsOnWhiteSite
1144,9,10
timeStep,numberOfRobotsOnBlackSite,numberOfRobotsOnWhiteSite
1145,10,10
timeStep,numberOfRobotsOnBlackSite,numberOfRobotsOnWhiteSite
1146,10,10
timeStep,numberOfRobotsOnBlackSite,numberOfRobotsOnWhiteSite
1147,10,10
timeStep,numberOfRobotsOnBlackSite,numberOfRobotsOnWhiteSite
1148,10,10
timeStep,numberOfRobotsOnBlackSite,numberOfRobotsOnWhiteSite
1149,10,10
timeStep,numberOfRobotsOnBlackSite,numberOfRobotsOnWhiteSite
1150,10,10
timeStep,numberOfRobotsOnBlackSite,numberOfRobotsOnWhiteSite
1151,10,10
timeStep,numberOfRobotsOnBlackSite,numberOfRobotsOnWhiteSite
1152,10,10
timeStep,numberOfRobotsOnBlackSite,numberOfRobotsOnWhiteSite
1153,10,10
timeStep,numberOfRobotsOnBlackSite,numberOfRobotsOnWhiteSite
1154,10,10
timeStep,numberOfRobotsOnBlackSite,numberOfRobotsOnWhiteSite
1155,9,11
timeStep,numberOfRobotsOnBlackSite,numberOfRobotsOnWhiteSite
1156,9,11
timeStep,numberOfRobotsOnBlackSite,numberOfRobotsOnWhiteSite
1157,9,11
timeStep,numberOfRobotsOnBlackSite,numberOfRobotsOnWhiteSite
1158,9,11
timeStep,numberOfRobotsOnBlackSite,numberOfRobotsOnWhiteSite
1159,9,11
timeStep,numberOfRobotsOnBlackSite,numberOfRobotsOnWhiteSite
1160,9,11
timeStep,numberOfRobotsOnBlackSite,numberOfRobotsOnWhiteSite
1161,9,11
timeStep,numberOfRobotsOnBlackSite,numberOfRobotsOnWhiteSite
1162,9,11
timeStep,numberOfRobotsOnBlackSite,numberOfRobotsOnWhiteSite
1163,9,11
timeStep,numberOfRobotsOnBlackSite,numberOfRobotsOnWhiteSite
1164,9,11
timeStep,numberOfRobotsOnBlackSite,numberOfRobotsOnWhiteSite
1165,9,12
timeStep,numberOfRobotsOnBlackSite,numberOfRobotsOnWhiteSite
1166,9,12
timeStep,numberOfRobotsOnBlackSite,numberOfRobotsOnWhiteSite
1167,9,12
timeStep,numberOfRobotsOnBlackSite,numberOfRobotsOnWhiteSite
1168,9,12
timeStep,numberOfRobotsOnBlackSite,numberOfRobotsOnWhiteSite
1169,9,12
timeStep,numberOfRobotsOnBlackSite,numberOfRobotsOnWhiteSite
1170,9,12
timeStep,numberOfRobotsOnBlackSite,numberOfRobotsOnWhiteSite
1171,9,12
timeStep,numberOfRobotsOnBlackSite,numberOfRobotsOnWhiteSite
1172,9,12
timeStep,numberOfRobotsOnBlackSite,numberOfRobotsOnWhiteSite
1173,9,12
timeStep,numberOfRobotsOnBlackSite,numberOfRobotsOnWhiteSite
1174,9,12
timeStep,numberOfRobotsOnBlackSite,numberOfRobotsOnWhiteSite
1175,9,12
timeStep,numberOfRobotsOnBlackSite,numberOfRobotsOnWhiteSite
1176,9,12
timeStep,numberOfRobotsOnBlackSite,numberOfRobotsOnWhiteSite
1177,9,12
timeStep,numberOfRobotsOnBlackSite,numberOfRobotsOnWhiteSite
1178,9,12
timeStep,numberOfRobotsOnBlackSite,numberOfRobotsOnWhiteSite
1179,9,12
timeStep,numberOfRobotsOnBlackSite,numberOfRobotsOnWhiteSite
1180,10,12
timeStep,numberOfRobotsOnBlackSite,numberOfRobotsOnWhiteSite
1181,10,12
timeStep,numberOfRobotsOnBlackSite,numberOfRobotsOnWhiteSite
1182,10,12
timeStep,numberOfRobotsOnBlackSite,numberOfRobotsOnWhiteSite
1183,10,12
timeStep,numberOfRobotsOnBlackSite,numberOfRobotsOnWhiteSite
1184,10,12
timeStep,numberOfRobotsOnBlackSite,numberOfRobotsOnWhiteSite
1185,10,12
timeStep,numberOfRobotsOnBlackSite,numberOfRobotsOnWhiteSite
1186,10,12
timeStep,numberOfRobotsOnBlackSite,numberOfRobotsOnWhiteSite
1187,10,12
timeStep,numberOfRobotsOnBlackSite,numberOfRobotsOnWhiteSite
1188,10,12
timeStep,numberOfRobotsOnBlackSite,numberOfRobotsOnWhiteSite
1189,10,12
timeStep,numberOfRobotsOnBlackSite,numberOfRobotsOnWhiteSite
1190,9,12
timeStep,numberOfRobotsOnBlackSite,numberOfRobotsOnWhiteSite
1191,9,12
timeStep,numberOfRobotsOnBlackSite,numberOfRobotsOnWhiteSite
1192,9,12
timeStep,numberOfRobotsOnBlackSite,numberOfRobotsOnWhiteSite
1193,9,12
timeStep,numberOfRobotsOnBlackSite,numberOfRobotsOnWhiteSite
1194,9,12
timeStep,numberOfRobotsOnBlackSite,numberOfRobotsOnWhiteSite
1195,9,12
timeStep,numberOfRobotsOnBlackSite,numberOfRobotsOnWhiteSite
1196,9,12
timeStep,numberOfRobotsOnBlackSite,numberOfRobotsOnWhiteSite
1197,9,12
timeStep,numberOfRobotsOnBlackSite,numberOfRobotsOnWhiteSite
1198,9,12
timeStep,numberOfRobotsOnBlackSite,numberOfRobotsOnWhiteSite
1199,9,12
timeStep,numberOfRobotsOnBlackSite,numberOfRobotsOnWhiteSite
1200,9,12
timeStep,numberOfRobotsOnBlackSite,numberOfRobotsOnWhiteSite
1201,9,12
timeStep,numberOfRobotsOnBlackSite,numberOfRobotsOnWhiteSite
1202,9,12
timeStep,numberOfRobotsOnBlackSite,numberOfRobotsOnWhiteSite
1203,9,12
timeStep,numberOfRobotsOnBlackSite,numberOfRobotsOnWhiteSite
1204,9,12
timeStep,numberOfRobotsOnBlackSite,numberOfRobotsOnWhiteSite
1205,9,12
timeStep,numberOfRobotsOnBlackSite,numberOfRobotsOnWhiteSite
1206,9,12
timeStep,numberOfRobotsOnBlackSite,numberOfRobotsOnWhiteSite
1207,9,12
timeStep,numberOfRobotsOnBlackSite,numberOfRobotsOnWhiteSite
1208,9,12
timeStep,numberOfRobotsOnBlackSite,numberOfRobotsOnWhiteSite
1209,9,12
timeStep,numberOfRobotsOnBlackSite,numberOfRobotsOnWhiteSite
1210,10,12
timeStep,numberOfRobotsOnBlackSite,numberOfRobotsOnWhiteSite
1211,10,12
timeStep,numberOfRobotsOnBlackSite,numberOfRobotsOnWhiteSite
1212,10,12
timeStep,numberOfRobotsOnBlackSite,numberOfRobotsOnWhiteSite
1213,10,12
timeStep,numberOfRobotsOnBlackSite,numberOfRobotsOnWhiteSite
1214,10,12
timeStep,numberOfRobotsOnBlackSite,numberOfRobotsOnWhiteSite
1215,10,12
timeStep,numberOfRobotsOnBlackSite,numberOfRobotsOnWhiteSite
1216,10,12
timeStep,numberOfRobotsOnBlackSite,numberOfRobotsOnWhiteSite
1217,10,12
timeStep,numberOfRobotsOnBlackSite,numberOfRobotsOnWhiteSite
1218,10,12
timeStep,numberOfRobotsOnBlackSite,numberOfRobotsOnWhiteSite
1219,10,12
timeStep,numberOfRobotsOnBlackSite,numberOfRobotsOnWhiteSite
1220,12,12
timeStep,numberOfRobotsOnBlackSite,numberOfRobotsOnWhiteSite
1221,12,12
timeStep,numberOfRobotsOnBlackSite,numberOfRobotsOnWhiteSite
1222,12,12
timeStep,numberOfRobotsOnBlackSite,numberOfRobotsOnWhiteSite
1223,12,12
timeStep,numberOfRobotsOnBlackSite,numberOfRobotsOnWhiteSite
1224,12,12
timeStep,numberOfRobotsOnBlackSite,numberOfRobotsOnWhiteSite
1225,13,12
timeStep,numberOfRobotsOnBlackSite,numberOfRobotsOnWhiteSite
1226,13,12
timeStep,numberOfRobotsOnBlackSite,numberOfRobotsOnWhiteSite
1227,13,12
timeStep,numberOfRobotsOnBlackSite,numberOfRobotsOnWhiteSite
1228,13,12
timeStep,numberOfRobotsOnBlackSite,numberOfRobotsOnWhiteSite
1229,13,12
timeStep,numberOfRobotsOnBlackSite,numberOfRobotsOnWhiteSite
1230,13,12
timeStep,numberOfRobotsOnBlackSite,numberOfRobotsOnWhiteSite
1231,13,12
timeStep,numberOfRobotsOnBlackSite,numberOfRobotsOnWhiteSite
1232,13,12
timeStep,numberOfRobotsOnBlackSite,numberOfRobotsOnWhiteSite
1233,13,12
timeStep,numberOfRobotsOnBlackSite,numberOfRobotsOnWhiteSite
1234,13,12
timeStep,numberOfRobotsOnBlackSite,numberOfRobotsOnWhiteSite
1235,14,12
timeStep,numberOfRobotsOnBlackSite,numberOfRobotsOnWhiteSite
1236,14,12
timeStep,numberOfRobotsOnBlackSite,numberOfRobotsOnWhiteSite
1237,14,12
timeStep,numberOfRobotsOnBlackSite,numberOfRobotsOnWhiteSite
1238,14,12
timeStep,numberOfRobotsOnBlackSite,numberOfRobotsOnWhiteSite
1239,14,12
timeStep,numberOfRobotsOnBlackSite,numberOfRobotsOnWhiteSite
1240,14,12
timeStep,numberOfRobotsOnBlackSite,numberOfRobotsOnWhiteSite
1241,14,12
timeStep,numberOfRobotsOnBlackSite,numberOfRobotsOnWhiteSite
1242,14,12
timeStep,numberOfRobotsOnBlackSite,numberOfRobotsOnWhiteSite
1243,14,12
timeStep,numberOfRobotsOnBlackSite,numberOfRobotsOnWhiteSite
1244,14,12
timeStep,numberOfRobotsOnBlackSite,numberOfRobotsOnWhiteSite
1245,14,12
timeStep,numberOfRobotsOnBlackSite,numberOfRobotsOnWhiteSite
1246,14,12
timeStep,numberOfRobotsOnBlackSite,numberOfRobotsOnWhiteSite
1247,14,12
timeStep,numberOfRobotsOnBlackSite,numberOfRobotsOnWhiteSite
1248,14,12
timeStep,numberOfRobotsOnBlackSite,numberOfRobotsOnWhiteSite
1249,14,12
timeStep,numberOfRobotsOnBlackSite,numberOfRobotsOnWhiteSite
1250,13,11
timeStep,numberOfRobotsOnBlackSite,numberOfRobotsOnWhiteSite
1251,13,11
timeStep,numberOfRobotsOnBlackSite,numberOfRobotsOnWhiteSite
1252,13,11
timeStep,numberOfRobotsOnBlackSite,numberOfRobotsOnWhiteSite
1253,13,11
timeStep,numberOfRobotsOnBlackSite,numberOfRobotsOnWhiteSite
1254,13,11
timeStep,numberOfRobotsOnBlackSite,numberOfRobotsOnWhiteSite
1255,13,11
timeStep,numberOfRobotsOnBlackSite,numberOfRobotsOnWhiteSite
1256,13,11
timeStep,numberOfRobotsOnBlackSite,numberOfRobotsOnWhiteSite
1257,13,11
timeStep,numberOfRobotsOnBlackSite,numberOfRobotsOnWhiteSite
1258,13,11
timeStep,numberOfRobotsOnBlackSite,numberOfRobotsOnWhiteSite
1259,13,11
timeStep,numberOfRobotsOnBlackSite,numberOfRobotsOnWhiteSite
1260,13,11
timeStep,numberOfRobotsOnBlackSite,numberOfRobotsOnWhiteSite
1261,13,11
timeStep,numberOfRobotsOnBlackSite,numberOfRobotsOnWhiteSite
1262,13,11
timeStep,numberOfRobotsOnBlackSite,numberOfRobotsOnWhiteSite
1263,13,11
timeStep,numberOfRobotsOnBlackSite,numberOfRobotsOnWhiteSite
1264,13,11
timeStep,numberOfRobotsOnBlackSite,numberOfRobotsOnWhiteSite
1265,13,11
timeStep,numberOfRobotsOnBlackSite,numberOfRobotsOnWhiteSite
1266,13,11
timeStep,numberOfRobotsOnBlackSite,numberOfRobotsOnWhiteSite
1267,13,11
timeStep,numberOfRobotsOnBlackSite,numberOfRobotsOnWhiteSite
1268,13,11
timeStep,numberOfRobotsOnBlackSite,numberOfRobotsOnWhiteSite
1269,13,11
timeStep,numberOfRobotsOnBlackSite,numberOfRobotsOnWhiteSite
1270,13,11
timeStep,numberOfRobotsOnBlackSite,numberOfRobotsOnWhiteSite
1271,13,11
timeStep,numberOfRobotsOnBlackSite,numberOfRobotsOnWhiteSite
1272,13,11
timeStep,numberOfRobotsOnBlackSite,numberOfRobotsOnWhiteSite
1273,13,11
timeStep,numberOfRobotsOnBlackSite,numberOfRobotsOnWhiteSite
1274,13,11
timeStep,numberOfRobotsOnBlackSite,numberOfRobotsOnWhiteSite
1275,13,11
timeStep,numberOfRobotsOnBlackSite,numberOfRobotsOnWhiteSite
1276,13,11
timeStep,numberOfRobotsOnBlackSite,numberOfRobotsOnWhiteSite
1277,13,11
timeStep,numberOfRobotsOnBlackSite,numberOfRobotsOnWhiteSite
1278,13,11
timeStep,numberOfRobotsOnBlackSite,numberOfRobotsOnWhiteSite
1279,13,11
timeStep,numberOfRobotsOnBlackSite,numberOfRobotsOnWhiteSite
1280,13,11
timeStep,numberOfRobotsOnBlackSite,numberOfRobotsOnWhiteSite
1281,13,11
timeStep,numberOfRobotsOnBlackSite,numberOfRobotsOnWhiteSite
1282,13,11
timeStep,numberOfRobotsOnBlackSite,numberOfRobotsOnWhiteSite
1283,13,11
timeStep,numberOfRobotsOnBlackSite,numberOfRobotsOnWhiteSite
1284,13,11
timeStep,numberOfRobotsOnBlackSite,numberOfRobotsOnWhiteSite
1285,13,10
timeStep,numberOfRobotsOnBlackSite,numberOfRobotsOnWhiteSite
1286,13,10
timeStep,numberOfRobotsOnBlackSite,numberOfRobotsOnWhiteSite
1287,13,10
timeStep,numberOfRobotsOnBlackSite,numberOfRobotsOnWhiteSite
1288,13,10
timeStep,numberOfRobotsOnBlackSite,numberOfRobotsOnWhiteSite
1289,13,10
timeStep,numberOfRobotsOnBlackSite,numberOfRobotsOnWhiteSite
1290,13,10
timeStep,numberOfRobotsOnBlackSite,numberOfRobotsOnWhiteSite
1291,13,10
timeStep,numberOfRobotsOnBlackSite,numberOfRobotsOnWhiteSite
1292,13,10
timeStep,numberOfRobotsOnBlackSite,numberOfRobotsOnWhiteSite
1293,13,10
timeStep,numberOfRobotsOnBlackSite,numberOfRobotsOnWhiteSite
1294,13,10
timeStep,numberOfRobotsOnBlackSite,numberOfRobotsOnWhiteSite
1295,13,10
timeStep,numberOfRobotsOnBlackSite,numberOfRobotsOnWhiteSite
1296,13,10
timeStep,numberOfRobotsOnBlackSite,numberOfRobotsOnWhiteSite
1297,13,10
timeStep,numberOfRobotsOnBlackSite,numberOfRobotsOnWhiteSite
1298,13,10
timeStep,numberOfRobotsOnBlackSite,numberOfRobotsOnWhiteSite
1299,13,10
timeStep,numberOfRobotsOnBlackSite,numberOfRobotsOnWhiteSite
1300,13,10
timeStep,numberOfRobotsOnBlackSite,numberOfRobotsOnWhiteSite
1301,13,10
timeStep,numberOfRobotsOnBlackSite,numberOfRobotsOnWhiteSite
1302,13,10
timeStep,numberOfRobotsOnBlackSite,numberOfRobotsOnWhiteSite
1303,13,10
timeStep,numberOfRobotsOnBlackSite,numberOfRobotsOnWhiteSite
1304,13,10
timeStep,numberOfRobotsOnBlackSite,numberOfRobotsOnWhiteSite
1305,12,10
timeStep,numberOfRobotsOnBlackSite,numberOfRobotsOnWhiteSite
1306,12,10
timeStep,numberOfRobotsOnBlackSite,numberOfRobotsOnWhiteSite
1307,12,10
timeStep,numberOfRobotsOnBlackSite,numberOfRobotsOnWhiteSite
1308,12,10
timeStep,numberOfRobotsOnBlackSite,numberOfRobotsOnWhiteSite
1309,12,10
timeStep,numberOfRobotsOnBlackSite,numberOfRobotsOnWhiteSite
1310,12,11
timeStep,numberOfRobotsOnBlackSite,numberOfRobotsOnWhiteSite
1311,12,11
timeStep,numberOfRobotsOnBlackSite,numberOfRobotsOnWhiteSite
1312,12,11
timeStep,numberOfRobotsOnBlackSite,numberOfRobotsOnWhiteSite
1313,12,11
timeStep,numberOfRobotsOnBlackSite,numberOfRobotsOnWhiteSite
1314,12,11
timeStep,numberOfRobotsOnBlackSite,numberOfRobotsOnWhiteSite
1315,12,11
timeStep,numberOfRobotsOnBlackSite,numberOfRobotsOnWhiteSite
1316,12,11
timeStep,numberOfRobotsOnBlackSite,numberOfRobotsOnWhiteSite
1317,12,11
timeStep,numberOfRobotsOnBlackSite,numberOfRobotsOnWhiteSite
1318,12,11
timeStep,numberOfRobotsOnBlackSite,numberOfRobotsOnWhiteSite
1319,12,11
timeStep,numberOfRobotsOnBlackSite,numberOfRobotsOnWhiteSite
1320,12,11
timeStep,numberOfRobotsOnBlackSite,numberOfRobotsOnWhiteSite
1321,12,11
timeStep,numberOfRobotsOnBlackSite,numberOfRobotsOnWhiteSite
1322,12,11
timeStep,numberOfRobotsOnBlackSite,numberOfRobotsOnWhiteSite
1323,12,11
timeStep,numberOfRobotsOnBlackSite,numberOfRobotsOnWhiteSite
1324,12,11
timeStep,numberOfRobotsOnBlackSite,numberOfRobotsOnWhiteSite
1325,12,11
timeStep,numberOfRobotsOnBlackSite,numberOfRobotsOnWhiteSite
1326,12,11
timeStep,numberOfRobotsOnBlackSite,numberOfRobotsOnWhiteSite
1327,12,11
timeStep,numberOfRobotsOnBlackSite,numberOfRobotsOnWhiteSite
1328,12,11
timeStep,numberOfRobotsOnBlackSite,numberOfRobotsOnWhiteSite
1329,12,11
timeStep,numberOfRobotsOnBlackSite,numberOfRobotsOnWhiteSite
1330,12,11
timeStep,numberOfRobotsOnBlackSite,numberOfRobotsOnWhiteSite
1331,12,11
timeStep,numberOfRobotsOnBlackSite,numberOfRobotsOnWhiteSite
1332,12,11
timeStep,numberOfRobotsOnBlackSite,numberOfRobotsOnWhiteSite
1333,12,11
timeStep,numberOfRobotsOnBlackSite,numberOfRobotsOnWhiteSite
1334,12,11
timeStep,numberOfRobotsOnBlackSite,numberOfRobotsOnWhiteSite
1335,13,11
timeStep,numberOfRobotsOnBlackSite,numberOfRobotsOnWhiteSite
1336,13,11
timeStep,numberOfRobotsOnBlackSite,numberOfRobotsOnWhiteSite
1337,13,11
timeStep,numberOfRobotsOnBlackSite,numberOfRobotsOnWhiteSite
1338,13,11
timeStep,numberOfRobotsOnBlackSite,numberOfRobotsOnWhiteSite
1339,13,11
timeStep,numberOfRobotsOnBlackSite,numberOfRobotsOnWhiteSite
1340,13,11
timeStep,numberOfRobotsOnBlackSite,numberOfRobotsOnWhiteSite
1341,13,11
timeStep,numberOfRobotsOnBlackSite,numberOfRobotsOnWhiteSite
1342,13,11
timeStep,numberOfRobotsOnBlackSite,numberOfRobotsOnWhiteSite
1343,13,11
timeStep,numberOfRobotsOnBlackSite,numberOfRobotsOnWhiteSite
1344,13,11
timeStep,numberOfRobotsOnBlackSite,numberOfRobotsOnWhiteSite
1345,13,12
timeStep,numberOfRobotsOnBlackSite,numberOfRobotsOnWhiteSite
1346,13,12
timeStep,numberOfRobotsOnBlackSite,numberOfRobotsOnWhiteSite
1347,13,12
timeStep,numberOfRobotsOnBlackSite,numberOfRobotsOnWhiteSite
1348,13,12
timeStep,numberOfRobotsOnBlackSite,numberOfRobotsOnWhiteSite
1349,13,12
timeStep,numberOfRobotsOnBlackSite,numberOfRobotsOnWhiteSite
1350,13,12
timeStep,numberOfRobotsOnBlackSite,numberOfRobotsOnWhiteSite
1351,13,12
timeStep,numberOfRobotsOnBlackSite,numberOfRobotsOnWhiteSite
1352,13,12
timeStep,numberOfRobotsOnBlackSite,numberOfRobotsOnWhiteSite
1353,13,12
timeStep,numberOfRobotsOnBlackSite,numberOfRobotsOnWhiteSite
1354,13,12
timeStep,numberOfRobotsOnBlackSite,numberOfRobotsOnWhiteSite
1355,12,12
timeStep,numberOfRobotsOnBlackSite,numberOfRobotsOnWhiteSite
1356,12,12
timeStep,numberOfRobotsOnBlackSite,numberOfRobotsOnWhiteSite
1357,12,12
timeStep,numberOfRobotsOnBlackSite,numberOfRobotsOnWhiteSite
1358,12,12
timeStep,numberOfRobotsOnBlackSite,numberOfRobotsOnWhiteSite
1359,12,12
timeStep,numberOfRobotsOnBlackSite,numberOfRobotsOnWhiteSite
1360,12,12
timeStep,numberOfRobotsOnBlackSite,numberOfRobotsOnWhiteSite
1361,12,12
timeStep,numberOfRobotsOnBlackSite,numberOfRobotsOnWhiteSite
1362,12,12
timeStep,numberOfRobotsOnBlackSite,numberOfRobotsOnWhiteSite
1363,12,12
timeStep,numberOfRobotsOnBlackSite,numberOfRobotsOnWhiteSite
1364,12,12
timeStep,numberOfRobotsOnBlackSite,numberOfRobotsOnWhiteSite
1365,12,11
timeStep,numberOfRobotsOnBlackSite,numberOfRobotsOnWhiteSite
1366,12,11
timeStep,numberOfRobotsOnBlackSite,numberOfRobotsOnWhiteSite
1367,12,11
timeStep,numberOfRobotsOnBlackSite,numberOfRobotsOnWhiteSite
1368,12,11
timeStep,numberOfRobotsOnBlackSite,numberOfRobotsOnWhiteSite
1369,12,11
timeStep,numberOfRobotsOnBlackSite,numberOfRobotsOnWhiteSite
1370,12,11
timeStep,numberOfRobotsOnBlackSite,numberOfRobotsOnWhiteSite
1371,12,11
timeStep,numberOfRobotsOnBlackSite,numberOfRobotsOnWhiteSite
1372,12,11
timeStep,numberOfRobotsOnBlackSite,numberOfRobotsOnWhiteSite
1373,12,11
timeStep,numberOfRobotsOnBlackSite,numberOfRobotsOnWhiteSite
1374,12,11
timeStep,numberOfRobotsOnBlackSite,numberOfRobotsOnWhiteSite
1375,12,11
timeStep,numberOfRobotsOnBlackSite,numberOfRobotsOnWhiteSite
1376,12,11
timeStep,numberOfRobotsOnBlackSite,numberOfRobotsOnWhiteSite
1377,12,11
timeStep,numberOfRobotsOnBlackSite,numberOfRobotsOnWhiteSite
1378,12,11
timeStep,numberOfRobotsOnBlackSite,numberOfRobotsOnWhiteSite
1379,12,11
timeStep,numberOfRobotsOnBlackSite,numberOfRobotsOnWhiteSite
1380,12,11
timeStep,numberOfRobotsOnBlackSite,numberOfRobotsOnWhiteSite
1381,12,11
timeStep,numberOfRobotsOnBlackSite,numberOfRobotsOnWhiteSite
1382,12,11
timeStep,numberOfRobotsOnBlackSite,numberOfRobotsOnWhiteSite
1383,12,11
timeStep,numberOfRobotsOnBlackSite,numberOfRobotsOnWhiteSite
1384,12,11
timeStep,numberOfRobotsOnBlackSite,numberOfRobotsOnWhiteSite
1385,12,11
timeStep,numberOfRobotsOnBlackSite,numberOfRobotsOnWhiteSite
1386,12,11
timeStep,numberOfRobotsOnBlackSite,numberOfRobotsOnWhiteSite
1387,12,11
timeStep,numberOfRobotsOnBlackSite,numberOfRobotsOnWhiteSite
1388,12,11
timeStep,numberOfRobotsOnBlackSite,numberOfRobotsOnWhiteSite
1389,12,11
timeStep,numberOfRobotsOnBlackSite,numberOfRobotsOnWhiteSite
1390,12,11
timeStep,numberOfRobotsOnBlackSite,numberOfRobotsOnWhiteSite
1391,12,11
timeStep,numberOfRobotsOnBlackSite,numberOfRobotsOnWhiteSite
1392,12,11
timeStep,numberOfRobotsOnBlackSite,numberOfRobotsOnWhiteSite
1393,12,11
timeStep,numberOfRobotsOnBlackSite,numberOfRobotsOnWhiteSite
1394,12,11
timeStep,numberOfRobotsOnBlackSite,numberOfRobotsOnWhiteSite
1395,12,11
timeStep,numberOfRobotsOnBlackSite,numberOfRobotsOnWhiteSite
1396,12,11
timeStep,numberOfRobotsOnBlackSite,numberOfRobotsOnWhiteSite
1397,12,11
timeStep,numberOfRobotsOnBlackSite,numberOfRobotsOnWhiteSite
1398,12,11
timeStep,numberOfRobotsOnBlackSite,numberOfRobotsOnWhiteSite
1399,12,11
timeStep,numberOfRobotsOnBlackSite,numberOfRobotsOnWhiteSite
1400,12,12
timeStep,numberOfRobotsOnBlackSite,numberOfRobotsOnWhiteSite
1401,12,12
timeStep,numberOfRobotsOnBlackSite,numberOfRobotsOnWhiteSite
1402,12,12
timeStep,numberOfRobotsOnBlackSite,numberOfRobotsOnWhiteSite
1403,12,12
timeStep,numberOfRobotsOnBlackSite,numberOfRobotsOnWhiteSite
1404,12,12
timeStep,numberOfRobotsOnBlackSite,numberOfRobotsOnWhiteSite
1405,12,12
timeStep,numberOfRobotsOnBlackSite,numberOfRobotsOnWhiteSite
1406,12,12
timeStep,numberOfRobotsOnBlackSite,numberOfRobotsOnWhiteSite
1407,12,12
timeStep,numberOfRobotsOnBlackSite,numberOfRobotsOnWhiteSite
1408,12,12
timeStep,numberOfRobotsOnBlackSite,numberOfRobotsOnWhiteSite
1409,12,12
timeStep,numberOfRobotsOnBlackSite,numberOfRobotsOnWhiteSite
1410,12,12
timeStep,numberOfRobotsOnBlackSite,numberOfRobotsOnWhiteSite
1411,12,12
timeStep,numberOfRobotsOnBlackSite,numberOfRobotsOnWhiteSite
1412,12,12
timeStep,numberOfRobotsOnBlackSite,numberOfRobotsOnWhiteSite
1413,12,12
timeStep,numberOfRobotsOnBlackSite,numberOfRobotsOnWhiteSite
1414,12,12
timeStep,numberOfRobotsOnBlackSite,numberOfRobotsOnWhiteSite
1415,12,12
timeStep,numberOfRobotsOnBlackSite,numberOfRobotsOnWhiteSite
1416,12,12
timeStep,numberOfRobotsOnBlackSite,numberOfRobotsOnWhiteSite
1417,12,12
timeStep,numberOfRobotsOnBlackSite,numberOfRobotsOnWhiteSite
1418,12,12
timeStep,numberOfRobotsOnBlackSite,numberOfRobotsOnWhiteSite
1419,12,12
timeStep,numberOfRobotsOnBlackSite,numberOfRobotsOnWhiteSite
1420,12,13
timeStep,numberOfRobotsOnBlackSite,numberOfRobotsOnWhiteSite
1421,12,13
timeStep,numberOfRobotsOnBlackSite,numberOfRobotsOnWhiteSite
1422,12,13
timeStep,numberOfRobotsOnBlackSite,numberOfRobotsOnWhiteSite
1423,12,13
timeStep,numberOfRobotsOnBlackSite,numberOfRobotsOnWhiteSite
1424,12,13
timeStep,numberOfRobotsOnBlackSite,numberOfRobotsOnWhiteSite
1425,12,13
timeStep,numberOfRobotsOnBlackSite,numberOfRobotsOnWhiteSite
1426,12,13
timeStep,numberOfRobotsOnBlackSite,numberOfRobotsOnWhiteSite
1427,12,13
timeStep,numberOfRobotsOnBlackSite,numberOfRobotsOnWhiteSite
1428,12,13
timeStep,numberOfRobotsOnBlackSite,numberOfRobotsOnWhiteSite
1429,12,13
timeStep,numberOfRobotsOnBlackSite,numberOfRobotsOnWhiteSite
1430,12,13
timeStep,numberOfRobotsOnBlackSite,numberOfRobotsOnWhiteSite
1431,12,13
timeStep,numberOfRobotsOnBlackSite,numberOfRobotsOnWhiteSite
1432,12,13
timeStep,numberOfRobotsOnBlackSite,numberOfRobotsOnWhiteSite
1433,12,13
timeStep,numberOfRobotsOnBlackSite,numberOfRobotsOnWhiteSite
1434,12,13
timeStep,numberOfRobotsOnBlackSite,numberOfRobotsOnWhiteSite
1435,12,13
timeStep,numberOfRobotsOnBlackSite,numberOfRobotsOnWhiteSite
1436,12,13
timeStep,numberOfRobotsOnBlackSite,numberOfRobotsOnWhiteSite
1437,12,13
timeStep,numberOfRobotsOnBlackSite,numberOfRobotsOnWhiteSite
1438,12,13
timeStep,numberOfRobotsOnBlackSite,numberOfRobotsOnWhiteSite
1439,12,13
timeStep,numberOfRobotsOnBlackSite,numberOfRobotsOnWhiteSite
1440,12,13
timeStep,numberOfRobotsOnBlackSite,numberOfRobotsOnWhiteSite
1441,12,13
timeStep,numberOfRobotsOnBlackSite,numberOfRobotsOnWhiteSite
1442,12,13
timeStep,numberOfRobotsOnBlackSite,numberOfRobotsOnWhiteSite
1443,12,13
timeStep,numberOfRobotsOnBlackSite,numberOfRobotsOnWhiteSite
1444,12,13
timeStep,numberOfRobotsOnBlackSite,numberOfRobotsOnWhiteSite
1445,12,13
timeStep,numberOfRobotsOnBlackSite,numberOfRobotsOnWhiteSite
1446,12,13
timeStep,numberOfRobotsOnBlackSite,numberOfRobotsOnWhiteSite
1447,12,13
timeStep,numberOfRobotsOnBlackSite,numberOfRobotsOnWhiteSite
1448,12,13
timeStep,numberOfRobotsOnBlackSite,numberOfRobotsOnWhiteSite
1449,12,13
timeStep,numberOfRobotsOnBlackSite,numberOfRobotsOnWhiteSite
1450,12,13
timeStep,numberOfRobotsOnBlackSite,numberOfRobotsOnWhiteSite
1451,12,13
timeStep,numberOfRobotsOnBlackSite,numberOfRobotsOnWhiteSite
1452,12,13
timeStep,numberOfRobotsOnBlackSite,numberOfRobotsOnWhiteSite
1453,12,13
timeStep,numberOfRobotsOnBlackSite,numberOfRobotsOnWhiteSite
1454,12,13
timeStep,numberOfRobotsOnBlackSite,numberOfRobotsOnWhiteSite
1455,11,14
timeStep,numberOfRobotsOnBlackSite,numberOfRobotsOnWhiteSite
1456,11,14
timeStep,numberOfRobotsOnBlackSite,numberOfRobotsOnWhiteSite
1457,11,14
timeStep,numberOfRobotsOnBlackSite,numberOfRobotsOnWhiteSite
1458,11,14
timeStep,numberOfRobotsOnBlackSite,numberOfRobotsOnWhiteSite
1459,11,14
timeStep,numberOfRobotsOnBlackSite,numberOfRobotsOnWhiteSite
1460,11,15
timeStep,numberOfRobotsOnBlackSite,numberOfRobotsOnWhiteSite
1461,11,15
timeStep,numberOfRobotsOnBlackSite,numberOfRobotsOnWhiteSite
1462,11,15
timeStep,numberOfRobotsOnBlackSite,numberOfRobotsOnWhiteSite
1463,11,15
timeStep,numberOfRobotsOnBlackSite,numberOfRobotsOnWhiteSite
1464,11,15
timeStep,numberOfRobotsOnBlackSite,numberOfRobotsOnWhiteSite
1465,11,15
timeStep,numberOfRobotsOnBlackSite,numberOfRobotsOnWhiteSite
1466,11,15
timeStep,numberOfRobotsOnBlackSite,numberOfRobotsOnWhiteSite
1467,11,15
timeStep,numberOfRobotsOnBlackSite,numberOfRobotsOnWhiteSite
1468,11,15
timeStep,numberOfRobotsOnBlackSite,numberOfRobotsOnWhiteSite
1469,11,15
timeStep,numberOfRobotsOnBlackSite,numberOfRobotsOnWhiteSite
1470,11,15
timeStep,numberOfRobotsOnBlackSite,numberOfRobotsOnWhiteSite
1471,11,15
timeStep,numberOfRobotsOnBlackSite,numberOfRobotsOnWhiteSite
1472,11,15
timeStep,numberOfRobotsOnBlackSite,numberOfRobotsOnWhiteSite
1473,11,15
timeStep,numberOfRobotsOnBlackSite,numberOfRobotsOnWhiteSite
1474,11,15
timeStep,numberOfRobotsOnBlackSite,numberOfRobotsOnWhiteSite
1475,11,15
timeStep,numberOfRobotsOnBlackSite,numberOfRobotsOnWhiteSite
1476,11,15
timeStep,numberOfRobotsOnBlackSite,numberOfRobotsOnWhiteSite
1477,11,15
timeStep,numberOfRobotsOnBlackSite,numberOfRobotsOnWhiteSite
1478,11,15
timeStep,numberOfRobotsOnBlackSite,numberOfRobotsOnWhiteSite
1479,11,15
timeStep,numberOfRobotsOnBlackSite,numberOfRobotsOnWhiteSite
1480,11,14
timeStep,numberOfRobotsOnBlackSite,numberOfRobotsOnWhiteSite
1481,11,14
timeStep,numberOfRobotsOnBlackSite,numberOfRobotsOnWhiteSite
1482,11,14
timeStep,numberOfRobotsOnBlackSite,numberOfRobotsOnWhiteSite
1483,11,14
timeStep,numberOfRobotsOnBlackSite,numberOfRobotsOnWhiteSite
1484,11,14
timeStep,numberOfRobotsOnBlackSite,numberOfRobotsOnWhiteSite
1485,11,14
timeStep,numberOfRobotsOnBlackSite,numberOfRobotsOnWhiteSite
1486,11,14
timeStep,numberOfRobotsOnBlackSite,numberOfRobotsOnWhiteSite
1487,11,14
timeStep,numberOfRobotsOnBlackSite,numberOfRobotsOnWhiteSite
1488,11,14
timeStep,numberOfRobotsOnBlackSite,numberOfRobotsOnWhiteSite
1489,11,14
timeStep,numberOfRobotsOnBlackSite,numberOfRobotsOnWhiteSite
1490,11,14
timeStep,numberOfRobotsOnBlackSite,numberOfRobotsOnWhiteSite
1491,11,14
timeStep,numberOfRobotsOnBlackSite,numberOfRobotsOnWhiteSite
1492,11,14
timeStep,numberOfRobotsOnBlackSite,numberOfRobotsOnWhiteSite
1493,11,14
timeStep,numberOfRobotsOnBlackSite,numberOfRobotsOnWhiteSite
1494,11,14
timeStep,numberOfRobotsOnBlackSite,numberOfRobotsOnWhiteSite
1495,11,14
timeStep,numberOfRobotsOnBlackSite,numberOfRobotsOnWhiteSite
1496,11,14
timeStep,numberOfRobotsOnBlackSite,numberOfRobotsOnWhiteSite
1497,11,14
timeStep,numberOfRobotsOnBlackSite,numberOfRobotsOnWhiteSite
1498,11,14
timeStep,numberOfRobotsOnBlackSite,numberOfRobotsOnWhiteSite
1499,11,14
timeStep,numberOfRobotsOnBlackSite,numberOfRobotsOnWhiteSite
1500,11,14
timeStep,numberOfRobotsOnBlackSite,numberOfRobotsOnWhiteSite
1501,11,14
timeStep,numberOfRobotsOnBlackSite,numberOfRobotsOnWhiteSite
1502,11,14
timeStep,numberOfRobotsOnBlackSite,numberOfRobotsOnWhiteSite
1503,11,14
timeStep,numberOfRobotsOnBlackSite,numberOfRobotsOnWhiteSite
1504,11,14
timeStep,numberOfRobotsOnBlackSite,numberOfRobotsOnWhiteSite
1505,11,14
timeStep,numberOfRobotsOnBlackSite,numberOfRobotsOnWhiteSite
1506,11,14
timeStep,numberOfRobotsOnBlackSite,numberOfRobotsOnWhiteSite
1507,11,14
timeStep,numberOfRobotsOnBlackSite,numberOfRobotsOnWhiteSite
1508,11,14
timeStep,numberOfRobotsOnBlackSite,numberOfRobotsOnWhiteSite
1509,11,14
timeStep,numberOfRobotsOnBlackSite,numberOfRobotsOnWhiteSite
1510,11,12
timeStep,numberOfRobotsOnBlackSite,numberOfRobotsOnWhiteSite
1511,11,12
timeStep,numberOfRobotsOnBlackSite,numberOfRobotsOnWhiteSite
1512,11,12
timeStep,numberOfRobotsOnBlackSite,numberOfRobotsOnWhiteSite
1513,11,12
timeStep,numberOfRobotsOnBlackSite,numberOfRobotsOnWhiteSite
1514,11,12
timeStep,numberOfRobotsOnBlackSite,numberOfRobotsOnWhiteSite
1515,11,12
timeStep,numberOfRobotsOnBlackSite,numberOfRobotsOnWhiteSite
1516,11,12
timeStep,numberOfRobotsOnBlackSite,numberOfRobotsOnWhiteSite
1517,11,12
timeStep,numberOfRobotsOnBlackSite,numberOfRobotsOnWhiteSite
1518,11,12
timeStep,numberOfRobotsOnBlackSite,numberOfRobotsOnWhiteSite
1519,11,12
timeStep,numberOfRobotsOnBlackSite,numberOfRobotsOnWhiteSite
1520,11,12
timeStep,numberOfRobotsOnBlackSite,numberOfRobotsOnWhiteSite
1521,11,12
timeStep,numberOfRobotsOnBlackSite,numberOfRobotsOnWhiteSite
1522,11,12
timeStep,numberOfRobotsOnBlackSite,numberOfRobotsOnWhiteSite
1523,11,12
timeStep,numberOfRobotsOnBlackSite,numberOfRobotsOnWhiteSite
1524,11,12
timeStep,numberOfRobotsOnBlackSite,numberOfRobotsOnWhiteSite
1525,11,12
timeStep,numberOfRobotsOnBlackSite,numberOfRobotsOnWhiteSite
1526,11,12
timeStep,numberOfRobotsOnBlackSite,numberOfRobotsOnWhiteSite
1527,11,12
timeStep,numberOfRobotsOnBlackSite,numberOfRobotsOnWhiteSite
1528,11,12
timeStep,numberOfRobotsOnBlackSite,numberOfRobotsOnWhiteSite
1529,11,12
timeStep,numberOfRobotsOnBlackSite,numberOfRobotsOnWhiteSite
1530,12,13
timeStep,numberOfRobotsOnBlackSite,numberOfRobotsOnWhiteSite
1531,12,13
timeStep,numberOfRobotsOnBlackSite,numberOfRobotsOnWhiteSite
1532,12,13
timeStep,numberOfRobotsOnBlackSite,numberOfRobotsOnWhiteSite
1533,12,13
timeStep,numberOfRobotsOnBlackSite,numberOfRobotsOnWhiteSite
1534,12,13
timeStep,numberOfRobotsOnBlackSite,numberOfRobotsOnWhiteSite
1535,12,11
timeStep,numberOfRobotsOnBlackSite,numberOfRobotsOnWhiteSite
1536,12,11
timeStep,numberOfRobotsOnBlackSite,numberOfRobotsOnWhiteSite
1537,12,11
timeStep,numberOfRobotsOnBlackSite,numberOfRobotsOnWhiteSite
1538,12,11
timeStep,numberOfRobotsOnBlackSite,numberOfRobotsOnWhiteSite
1539,12,11
timeStep,numberOfRobotsOnBlackSite,numberOfRobotsOnWhiteSite
1540,12,11
timeStep,numberOfRobotsOnBlackSite,numberOfRobotsOnWhiteSite
1541,12,11
timeStep,numberOfRobotsOnBlackSite,numberOfRobotsOnWhiteSite
1542,12,11
timeStep,numberOfRobotsOnBlackSite,numberOfRobotsOnWhiteSite
1543,12,11
timeStep,numberOfRobotsOnBlackSite,numberOfRobotsOnWhiteSite
1544,12,11
timeStep,numberOfRobotsOnBlackSite,numberOfRobotsOnWhiteSite
1545,12,11
timeStep,numberOfRobotsOnBlackSite,numberOfRobotsOnWhiteSite
1546,12,11
timeStep,numberOfRobotsOnBlackSite,numberOfRobotsOnWhiteSite
1547,12,11
timeStep,numberOfRobotsOnBlackSite,numberOfRobotsOnWhiteSite
1548,12,11
timeStep,numberOfRobotsOnBlackSite,numberOfRobotsOnWhiteSite
1549,12,11
timeStep,numberOfRobotsOnBlackSite,numberOfRobotsOnWhiteSite
1550,12,11
timeStep,numberOfRobotsOnBlackSite,numberOfRobotsOnWhiteSite
1551,12,11
timeStep,numberOfRobotsOnBlackSite,numberOfRobotsOnWhiteSite
1552,12,11
timeStep,numberOfRobotsOnBlackSite,numberOfRobotsOnWhiteSite
1553,12,11
timeStep,numberOfRobotsOnBlackSite,numberOfRobotsOnWhiteSite
1554,12,11
timeStep,numberOfRobotsOnBlackSite,numberOfRobotsOnWhiteSite
1555,12,11
timeStep,numberOfRobotsOnBlackSite,numberOfRobotsOnWhiteSite
1556,12,11
timeStep,numberOfRobotsOnBlackSite,numberOfRobotsOnWhiteSite
1557,12,11
timeStep,numberOfRobotsOnBlackSite,numberOfRobotsOnWhiteSite
1558,12,11
timeStep,numberOfRobotsOnBlackSite,numberOfRobotsOnWhiteSite
1559,12,11
timeStep,numberOfRobotsOnBlackSite,numberOfRobotsOnWhiteSite
1560,12,11
timeStep,numberOfRobotsOnBlackSite,numberOfRobotsOnWhiteSite
1561,12,11
timeStep,numberOfRobotsOnBlackSite,numberOfRobotsOnWhiteSite
1562,12,11
timeStep,numberOfRobotsOnBlackSite,numberOfRobotsOnWhiteSite
1563,12,11
timeStep,numberOfRobotsOnBlackSite,numberOfRobotsOnWhiteSite
1564,12,11
timeStep,numberOfRobotsOnBlackSite,numberOfRobotsOnWhiteSite
1565,12,11
timeStep,numberOfRobotsOnBlackSite,numberOfRobotsOnWhiteSite
1566,12,11
timeStep,numberOfRobotsOnBlackSite,numberOfRobotsOnWhiteSite
1567,12,11
timeStep,numberOfRobotsOnBlackSite,numberOfRobotsOnWhiteSite
1568,12,11
timeStep,numberOfRobotsOnBlackSite,numberOfRobotsOnWhiteSite
1569,12,11
timeStep,numberOfRobotsOnBlackSite,numberOfRobotsOnWhiteSite
1570,12,11
timeStep,numberOfRobotsOnBlackSite,numberOfRobotsOnWhiteSite
1571,12,11
timeStep,numberOfRobotsOnBlackSite,numberOfRobotsOnWhiteSite
1572,12,11
timeStep,numberOfRobotsOnBlackSite,numberOfRobotsOnWhiteSite
1573,12,11
timeStep,numberOfRobotsOnBlackSite,numberOfRobotsOnWhiteSite
1574,12,11
timeStep,numberOfRobotsOnBlackSite,numberOfRobotsOnWhiteSite
1575,12,11
timeStep,numberOfRobotsOnBlackSite,numberOfRobotsOnWhiteSite
1576,12,11
timeStep,numberOfRobotsOnBlackSite,numberOfRobotsOnWhiteSite
1577,12,11
timeStep,numberOfRobotsOnBlackSite,numberOfRobotsOnWhiteSite
1578,12,11
timeStep,numberOfRobotsOnBlackSite,numberOfRobotsOnWhiteSite
1579,12,11
timeStep,numberOfRobotsOnBlackSite,numberOfRobotsOnWhiteSite
1580,12,11
timeStep,numberOfRobotsOnBlackSite,numberOfRobotsOnWhiteSite
1581,12,11
timeStep,numberOfRobotsOnBlackSite,numberOfRobotsOnWhiteSite
1582,12,11
timeStep,numberOfRobotsOnBlackSite,numberOfRobotsOnWhiteSite
1583,12,11
timeStep,numberOfRobotsOnBlackSite,numberOfRobotsOnWhiteSite
1584,12,11
timeStep,numberOfRobotsOnBlackSite,numberOfRobotsOnWhiteSite
1585,12,12
timeStep,numberOfRobotsOnBlackSite,numberOfRobotsOnWhiteSite
1586,12,12
timeStep,numberOfRobotsOnBlackSite,numberOfRobotsOnWhiteSite
1587,12,12
timeStep,numberOfRobotsOnBlackSite,numberOfRobotsOnWhiteSite
1588,12,12
timeStep,numberOfRobotsOnBlackSite,numberOfRobotsOnWhiteSite
1589,12,12
timeStep,numberOfRobotsOnBlackSite,numberOfRobotsOnWhiteSite
1590,13,12
timeStep,numberOfRobotsOnBlackSite,numberOfRobotsOnWhiteSite
1591,13,12
timeStep,numberOfRobotsOnBlackSite,numberOfRobotsOnWhiteSite
1592,13,12
timeStep,numberOfRobotsOnBlackSite,numberOfRobotsOnWhiteSite
1593,13,12
timeStep,numberOfRobotsOnBlackSite,numberOfRobotsOnWhiteSite
1594,13,12
timeStep,numberOfRobotsOnBlackSite,numberOfRobotsOnWhiteSite
1595,13,12
timeStep,numberOfRobotsOnBlackSite,numberOfRobotsOnWhiteSite
1596,13,12
timeStep,numberOfRobotsOnBlackSite,numberOfRobotsOnWhiteSite
1597,13,12
timeStep,numberOfRobotsOnBlackSite,numberOfRobotsOnWhiteSite
1598,13,12
timeStep,numberOfRobotsOnBlackSite,numberOfRobotsOnWhiteSite
1599,13,12
timeStep,numberOfRobotsOnBlackSite,numberOfRobotsOnWhiteSite
1600,13,13
timeStep,numberOfRobotsOnBlackSite,numberOfRobotsOnWhiteSite
1601,13,13
timeStep,numberOfRobotsOnBlackSite,numberOfRobotsOnWhiteSite
1602,13,13
timeStep,numberOfRobotsOnBlackSite,numberOfRobotsOnWhiteSite
1603,13,13
timeStep,numberOfRobotsOnBlackSite,numberOfRobotsOnWhiteSite
1604,13,13
timeStep,numberOfRobotsOnBlackSite,numberOfRobotsOnWhiteSite
1605,13,13
timeStep,numberOfRobotsOnBlackSite,numberOfRobotsOnWhiteSite
1606,13,13
timeStep,numberOfRobotsOnBlackSite,numberOfRobotsOnWhiteSite
1607,13,13
timeStep,numberOfRobotsOnBlackSite,numberOfRobotsOnWhiteSite
1608,13,13
timeStep,numberOfRobotsOnBlackSite,numberOfRobotsOnWhiteSite
1609,13,13
timeStep,numberOfRobotsOnBlackSite,numberOfRobotsOnWhiteSite
1610,13,13
timeStep,numberOfRobotsOnBlackSite,numberOfRobotsOnWhiteSite
1611,13,13
timeStep,numberOfRobotsOnBlackSite,numberOfRobotsOnWhiteSite
1612,13,13
timeStep,numberOfRobotsOnBlackSite,numberOfRobotsOnWhiteSite
1613,13,13
timeStep,numberOfRobotsOnBlackSite,numberOfRobotsOnWhiteSite
1614,13,13
timeStep,numberOfRobotsOnBlackSite,numberOfRobotsOnWhiteSite
1615,13,13
timeStep,numberOfRobotsOnBlackSite,numberOfRobotsOnWhiteSite
1616,13,13
timeStep,numberOfRobotsOnBlackSite,numberOfRobotsOnWhiteSite
1617,13,13
timeStep,numberOfRobotsOnBlackSite,numberOfRobotsOnWhiteSite
1618,13,13
timeStep,numberOfRobotsOnBlackSite,numberOfRobotsOnWhiteSite
1619,13,13
timeStep,numberOfRobotsOnBlackSite,numberOfRobotsOnWhiteSite
1620,13,13
timeStep,numberOfRobotsOnBlackSite,numberOfRobotsOnWhiteSite
1621,13,13
timeStep,numberOfRobotsOnBlackSite,numberOfRobotsOnWhiteSite
1622,13,13
timeStep,numberOfRobotsOnBlackSite,numberOfRobotsOnWhiteSite
1623,13,13
timeStep,numberOfRobotsOnBlackSite,numberOfRobotsOnWhiteSite
1624,13,13
timeStep,numberOfRobotsOnBlackSite,numberOfRobotsOnWhiteSite
1625,13,12
timeStep,numberOfRobotsOnBlackSite,numberOfRobotsOnWhiteSite
1626,13,12
timeStep,numberOfRobotsOnBlackSite,numberOfRobotsOnWhiteSite
1627,13,12
timeStep,numberOfRobotsOnBlackSite,numberOfRobotsOnWhiteSite
1628,13,12
timeStep,numberOfRobotsOnBlackSite,numberOfRobotsOnWhiteSite
1629,13,12
timeStep,numberOfRobotsOnBlackSite,numberOfRobotsOnWhiteSite
1630,13,12
timeStep,numberOfRobotsOnBlackSite,numberOfRobotsOnWhiteSite
1631,13,12
timeStep,numberOfRobotsOnBlackSite,numberOfRobotsOnWhiteSite
1632,13,12
timeStep,numberOfRobotsOnBlackSite,numberOfRobotsOnWhiteSite
1633,13,12
timeStep,numberOfRobotsOnBlackSite,numberOfRobotsOnWhiteSite
1634,13,12
timeStep,numberOfRobotsOnBlackSite,numberOfRobotsOnWhiteSite
1635,13,13
timeStep,numberOfRobotsOnBlackSite,numberOfRobotsOnWhiteSite
1636,13,13
timeStep,numberOfRobotsOnBlackSite,numberOfRobotsOnWhiteSite
1637,13,13
timeStep,numberOfRobotsOnBlackSite,numberOfRobotsOnWhiteSite
1638,13,13
timeStep,numberOfRobotsOnBlackSite,numberOfRobotsOnWhiteSite
1639,13,13
timeStep,numberOfRobotsOnBlackSite,numberOfRobotsOnWhiteSite
1640,13,13
timeStep,numberOfRobotsOnBlackSite,numberOfRobotsOnWhiteSite
1641,13,13
timeStep,numberOfRobotsOnBlackSite,numberOfRobotsOnWhiteSite
1642,13,13
timeStep,numberOfRobotsOnBlackSite,numberOfRobotsOnWhiteSite
1643,13,13
timeStep,numberOfRobotsOnBlackSite,numberOfRobotsOnWhiteSite
1644,13,13
timeStep,numberOfRobotsOnBlackSite,numberOfRobotsOnWhiteSite
1645,13,14
timeStep,numberOfRobotsOnBlackSite,numberOfRobotsOnWhiteSite
1646,13,14
timeStep,numberOfRobotsOnBlackSite,numberOfRobotsOnWhiteSite
1647,13,14
timeStep,numberOfRobotsOnBlackSite,numberOfRobotsOnWhiteSite
1648,13,14
timeStep,numberOfRobotsOnBlackSite,numberOfRobotsOnWhiteSite
1649,13,14
timeStep,numberOfRobotsOnBlackSite,numberOfRobotsOnWhiteSite
1650,13,14
timeStep,numberOfRobotsOnBlackSite,numberOfRobotsOnWhiteSite
1651,13,14
timeStep,numberOfRobotsOnBlackSite,numberOfRobotsOnWhiteSite
1652,13,14
timeStep,numberOfRobotsOnBlackSite,numberOfRobotsOnWhiteSite
1653,13,14
timeStep,numberOfRobotsOnBlackSite,numberOfRobotsOnWhiteSite
1654,13,14
timeStep,numberOfRobotsOnBlackSite,numberOfRobotsOnWhiteSite
1655,13,14
timeStep,numberOfRobotsOnBlackSite,numberOfRobotsOnWhiteSite
1656,13,14
timeStep,numberOfRobotsOnBlackSite,numberOfRobotsOnWhiteSite
1657,13,14
timeStep,numberOfRobotsOnBlackSite,numberOfRobotsOnWhiteSite
1658,13,14
timeStep,numberOfRobotsOnBlackSite,numberOfRobotsOnWhiteSite
1659,13,14
timeStep,numberOfRobotsOnBlackSite,numberOfRobotsOnWhiteSite
1660,12,14
timeStep,numberOfRobotsOnBlackSite,numberOfRobotsOnWhiteSite
1661,12,14
timeStep,numberOfRobotsOnBlackSite,numberOfRobotsOnWhiteSite
1662,12,14
timeStep,numberOfRobotsOnBlackSite,numberOfRobotsOnWhiteSite
1663,12,14
timeStep,numberOfRobotsOnBlackSite,numberOfRobotsOnWhiteSite
1664,12,14
timeStep,numberOfRobotsOnBlackSite,numberOfRobotsOnWhiteSite
1665,12,13
timeStep,numberOfRobotsOnBlackSite,numberOfRobotsOnWhiteSite
1666,12,13
timeStep,numberOfRobotsOnBlackSite,numberOfRobotsOnWhiteSite
1667,12,13
timeStep,numberOfRobotsOnBlackSite,numberOfRobotsOnWhiteSite
1668,12,13
timeStep,numberOfRobotsOnBlackSite,numberOfRobotsOnWhiteSite
1669,12,13
timeStep,numberOfRobotsOnBlackSite,numberOfRobotsOnWhiteSite
1670,12,12
timeStep,numberOfRobotsOnBlackSite,numberOfRobotsOnWhiteSite
1671,12,12
timeStep,numberOfRobotsOnBlackSite,numberOfRobotsOnWhiteSite
1672,12,12
timeStep,numberOfRobotsOnBlackSite,numberOfRobotsOnWhiteSite
1673,12,12
timeStep,numberOfRobotsOnBlackSite,numberOfRobotsOnWhiteSite
1674,12,12
timeStep,numberOfRobotsOnBlackSite,numberOfRobotsOnWhiteSite
1675,12,11
timeStep,numberOfRobotsOnBlackSite,numberOfRobotsOnWhiteSite
1676,12,11
timeStep,numberOfRobotsOnBlackSite,numberOfRobotsOnWhiteSite
1677,12,11
timeStep,numberOfRobotsOnBlackSite,numberOfRobotsOnWhiteSite
1678,12,11
timeStep,numberOfRobotsOnBlackSite,numberOfRobotsOnWhiteSite
1679,12,11
timeStep,numberOfRobotsOnBlackSite,numberOfRobotsOnWhiteSite
1680,12,11
timeStep,numberOfRobotsOnBlackSite,numberOfRobotsOnWhiteSite
1681,12,11
timeStep,numberOfRobotsOnBlackSite,numberOfRobotsOnWhiteSite
1682,12,11
timeStep,numberOfRobotsOnBlackSite,numberOfRobotsOnWhiteSite
1683,12,11
timeStep,numberOfRobotsOnBlackSite,numberOfRobotsOnWhiteSite
1684,12,11
timeStep,numberOfRobotsOnBlackSite,numberOfRobotsOnWhiteSite
1685,12,11
timeStep,numberOfRobotsOnBlackSite,numberOfRobotsOnWhiteSite
1686,12,11
timeStep,numberOfRobotsOnBlackSite,numberOfRobotsOnWhiteSite
1687,12,11
timeStep,numberOfRobotsOnBlackSite,numberOfRobotsOnWhiteSite
1688,12,11
timeStep,numberOfRobotsOnBlackSite,numberOfRobotsOnWhiteSite
1689,12,11
timeStep,numberOfRobotsOnBlackSite,numberOfRobotsOnWhiteSite
1690,12,11
timeStep,numberOfRobotsOnBlackSite,numberOfRobotsOnWhiteSite
1691,12,11
timeStep,numberOfRobotsOnBlackSite,numberOfRobotsOnWhiteSite
1692,12,11
timeStep,numberOfRobotsOnBlackSite,numberOfRobotsOnWhiteSite
1693,12,11
timeStep,numberOfRobotsOnBlackSite,numberOfRobotsOnWhiteSite
1694,12,11
timeStep,numberOfRobotsOnBlackSite,numberOfRobotsOnWhiteSite
1695,12,11
timeStep,numberOfRobotsOnBlackSite,numberOfRobotsOnWhiteSite
1696,12,11
timeStep,numberOfRobotsOnBlackSite,numberOfRobotsOnWhiteSite
1697,12,11
timeStep,numberOfRobotsOnBlackSite,numberOfRobotsOnWhiteSite
1698,12,11
timeStep,numberOfRobotsOnBlackSite,numberOfRobotsOnWhiteSite
1699,12,11
timeStep,numberOfRobotsOnBlackSite,numberOfRobotsOnWhiteSite
1700,13,11
timeStep,numberOfRobotsOnBlackSite,numberOfRobotsOnWhiteSite
1701,13,11
timeStep,numberOfRobotsOnBlackSite,numberOfRobotsOnWhiteSite
1702,13,11
timeStep,numberOfRobotsOnBlackSite,numberOfRobotsOnWhiteSite
1703,13,11
timeStep,numberOfRobotsOnBlackSite,numberOfRobotsOnWhiteSite
1704,13,11
timeStep,numberOfRobotsOnBlackSite,numberOfRobotsOnWhiteSite
1705,13,11
timeStep,numberOfRobotsOnBlackSite,numberOfRobotsOnWhiteSite
1706,13,11
timeStep,numberOfRobotsOnBlackSite,numberOfRobotsOnWhiteSite
1707,13,11
timeStep,numberOfRobotsOnBlackSite,numberOfRobotsOnWhiteSite
1708,13,11
timeStep,numberOfRobotsOnBlackSite,numberOfRobotsOnWhiteSite
1709,13,11
timeStep,numberOfRobotsOnBlackSite,numberOfRobotsOnWhiteSite
1710,13,11
timeStep,numberOfRobotsOnBlackSite,numberOfRobotsOnWhiteSite
1711,13,11
timeStep,numberOfRobotsOnBlackSite,numberOfRobotsOnWhiteSite
1712,13,11
timeStep,numberOfRobotsOnBlackSite,numberOfRobotsOnWhiteSite
1713,13,11
timeStep,numberOfRobotsOnBlackSite,numberOfRobotsOnWhiteSite
1714,13,11
timeStep,numberOfRobotsOnBlackSite,numberOfRobotsOnWhiteSite
1715,13,11
timeStep,numberOfRobotsOnBlackSite,numberOfRobotsOnWhiteSite
1716,13,11
timeStep,numberOfRobotsOnBlackSite,numberOfRobotsOnWhiteSite
1717,13,11
timeStep,numberOfRobotsOnBlackSite,numberOfRobotsOnWhiteSite
1718,13,11
timeStep,numberOfRobotsOnBlackSite,numberOfRobotsOnWhiteSite
1719,13,11
timeStep,numberOfRobotsOnBlackSite,numberOfRobotsOnWhiteSite
1720,13,12
timeStep,numberOfRobotsOnBlackSite,numberOfRobotsOnWhiteSite
1721,13,12
timeStep,numberOfRobotsOnBlackSite,numberOfRobotsOnWhiteSite
1722,13,12
timeStep,numberOfRobotsOnBlackSite,numberOfRobotsOnWhiteSite
1723,13,12
timeStep,numberOfRobotsOnBlackSite,numberOfRobotsOnWhiteSite
1724,13,12
timeStep,numberOfRobotsOnBlackSite,numberOfRobotsOnWhiteSite
1725,13,12
timeStep,numberOfRobotsOnBlackSite,numberOfRobotsOnWhiteSite
1726,13,12
timeStep,numberOfRobotsOnBlackSite,numberOfRobotsOnWhiteSite
1727,13,12
timeStep,numberOfRobotsOnBlackSite,numberOfRobotsOnWhiteSite
1728,13,12
timeStep,numberOfRobotsOnBlackSite,numberOfRobotsOnWhiteSite
1729,13,12
timeStep,numberOfRobotsOnBlackSite,numberOfRobotsOnWhiteSite
1730,13,12
timeStep,numberOfRobotsOnBlackSite,numberOfRobotsOnWhiteSite
1731,13,12
timeStep,numberOfRobotsOnBlackSite,numberOfRobotsOnWhiteSite
1732,13,12
timeStep,numberOfRobotsOnBlackSite,numberOfRobotsOnWhiteSite
1733,13,12
timeStep,numberOfRobotsOnBlackSite,numberOfRobotsOnWhiteSite
1734,13,12
timeStep,numberOfRobotsOnBlackSite,numberOfRobotsOnWhiteSite
1735,13,13
timeStep,numberOfRobotsOnBlackSite,numberOfRobotsOnWhiteSite
1736,13,13
timeStep,numberOfRobotsOnBlackSite,numberOfRobotsOnWhiteSite
1737,13,13
timeStep,numberOfRobotsOnBlackSite,numberOfRobotsOnWhiteSite
1738,13,13
timeStep,numberOfRobotsOnBlackSite,numberOfRobotsOnWhiteSite
1739,13,13
timeStep,numberOfRobotsOnBlackSite,numberOfRobotsOnWhiteSite
1740,13,13
timeStep,numberOfRobotsOnBlackSite,numberOfRobotsOnWhiteSite
1741,13,13
timeStep,numberOfRobotsOnBlackSite,numberOfRobotsOnWhiteSite
1742,13,13
timeStep,numberOfRobotsOnBlackSite,numberOfRobotsOnWhiteSite
1743,13,13
timeStep,numberOfRobotsOnBlackSite,numberOfRobotsOnWhiteSite
1744,13,13
timeStep,numberOfRobotsOnBlackSite,numberOfRobotsOnWhiteSite
1745,13,14
timeStep,numberOfRobotsOnBlackSite,numberOfRobotsOnWhiteSite
1746,13,14
timeStep,numberOfRobotsOnBlackSite,numberOfRobotsOnWhiteSite
1747,13,14
timeStep,numberOfRobotsOnBlackSite,numberOfRobotsOnWhiteSite
1748,13,14
timeStep,numberOfRobotsOnBlackSite,numberOfRobotsOnWhiteSite
1749,13,14
timeStep,numberOfRobotsOnBlackSite,numberOfRobotsOnWhiteSite
1750,13,14
timeStep,numberOfRobotsOnBlackSite,numberOfRobotsOnWhiteSite
1751,13,14
timeStep,numberOfRobotsOnBlackSite,numberOfRobotsOnWhiteSite
1752,13,14
timeStep,numberOfRobotsOnBlackSite,numberOfRobotsOnWhiteSite
1753,13,14
timeStep,numberOfRobotsOnBlackSite,numberOfRobotsOnWhiteSite
1754,13,14
timeStep,numberOfRobotsOnBlackSite,numberOfRobotsOnWhiteSite
1755,13,14
timeStep,numberOfRobotsOnBlackSite,numberOfRobotsOnWhiteSite
1756,13,14
timeStep,numberOfRobotsOnBlackSite,numberOfRobotsOnWhiteSite
1757,13,14
timeStep,numberOfRobotsOnBlackSite,numberOfRobotsOnWhiteSite
1758,13,14
timeStep,numberOfRobotsOnBlackSite,numberOfRobotsOnWhiteSite
1759,13,14
timeStep,numberOfRobotsOnBlackSite,numberOfRobotsOnWhiteSite
1760,13,13
timeStep,numberOfRobotsOnBlackSite,numberOfRobotsOnWhiteSite
1761,13,13
timeStep,numberOfRobotsOnBlackSite,numberOfRobotsOnWhiteSite
1762,13,13
timeStep,numberOfRobotsOnBlackSite,numberOfRobotsOnWhiteSite
1763,13,13
timeStep,numberOfRobotsOnBlackSite,numberOfRobotsOnWhiteSite
1764,13,13
timeStep,numberOfRobotsOnBlackSite,numberOfRobotsOnWhiteSite
1765,13,13
timeStep,numberOfRobotsOnBlackSite,numberOfRobotsOnWhiteSite
1766,13,13
timeStep,numberOfRobotsOnBlackSite,numberOfRobotsOnWhiteSite
1767,13,13
timeStep,numberOfRobotsOnBlackSite,numberOfRobotsOnWhiteSite
1768,13,13
timeStep,numberOfRobotsOnBlackSite,numberOfRobotsOnWhiteSite
1769,13,13
timeStep,numberOfRobotsOnBlackSite,numberOfRobotsOnWhiteSite
1770,13,13
timeStep,numberOfRobotsOnBlackSite,numberOfRobotsOnWhiteSite
1771,13,13
timeStep,numberOfRobotsOnBlackSite,numberOfRobotsOnWhiteSite
1772,13,13
timeStep,numberOfRobotsOnBlackSite,numberOfRobotsOnWhiteSite
1773,13,13
timeStep,numberOfRobotsOnBlackSite,numberOfRobotsOnWhiteSite
1774,13,13
timeStep,numberOfRobotsOnBlackSite,numberOfRobotsOnWhiteSite
1775,14,13
timeStep,numberOfRobotsOnBlackSite,numberOfRobotsOnWhiteSite
1776,14,13
timeStep,numberOfRobotsOnBlackSite,numberOfRobotsOnWhiteSite
1777,14,13
timeStep,numberOfRobotsOnBlackSite,numberOfRobotsOnWhiteSite
1778,14,13
timeStep,numberOfRobotsOnBlackSite,numberOfRobotsOnWhiteSite
1779,14,13
timeStep,numberOfRobotsOnBlackSite,numberOfRobotsOnWhiteSite
1780,14,13
timeStep,numberOfRobotsOnBlackSite,numberOfRobotsOnWhiteSite
1781,14,13
timeStep,numberOfRobotsOnBlackSite,numberOfRobotsOnWhiteSite
1782,14,13
timeStep,numberOfRobotsOnBlackSite,numberOfRobotsOnWhiteSite
1783,14,13
timeStep,numberOfRobotsOnBlackSite,numberOfRobotsOnWhiteSite
1784,14,13
timeStep,numberOfRobotsOnBlackSite,numberOfRobotsOnWhiteSite
1785,14,13
timeStep,numberOfRobotsOnBlackSite,numberOfRobotsOnWhiteSite
1786,14,13
timeStep,numberOfRobotsOnBlackSite,numberOfRobotsOnWhiteSite
1787,14,13
timeStep,numberOfRobotsOnBlackSite,numberOfRobotsOnWhiteSite
1788,14,13
timeStep,numberOfRobotsOnBlackSite,numberOfRobotsOnWhiteSite
1789,14,13
timeStep,numberOfRobotsOnBlackSite,numberOfRobotsOnWhiteSite
1790,14,12
timeStep,numberOfRobotsOnBlackSite,numberOfRobotsOnWhiteSite
1791,14,12
timeStep,numberOfRobotsOnBlackSite,numberOfRobotsOnWhiteSite
1792,14,12
timeStep,numberOfRobotsOnBlackSite,numberOfRobotsOnWhiteSite
1793,14,12
timeStep,numberOfRobotsOnBlackSite,numberOfRobotsOnWhiteSite
1794,14,12
timeStep,numberOfRobotsOnBlackSite,numberOfRobotsOnWhiteSite
1795,14,12
timeStep,numberOfRobotsOnBlackSite,numberOfRobotsOnWhiteSite
1796,14,12
timeStep,numberOfRobotsOnBlackSite,numberOfRobotsOnWhiteSite
1797,14,12
timeStep,numberOfRobotsOnBlackSite,numberOfRobotsOnWhiteSite
1798,14,12
timeStep,numberOfRobotsOnBlackSite,numberOfRobotsOnWhiteSite
1799,14,12
timeStep,numberOfRobotsOnBlackSite,numberOfRobotsOnWhiteSite
1800,14,11
timeStep,numberOfRobotsOnBlackSite,numberOfRobotsOnWhiteSite
1801,14,11
timeStep,numberOfRobotsOnBlackSite,numberOfRobotsOnWhiteSite
1802,14,11
timeStep,numberOfRobotsOnBlackSite,numberOfRobotsOnWhiteSite
1803,14,11
timeStep,numberOfRobotsOnBlackSite,numberOfRobotsOnWhiteSite
1804,14,11
timeStep,numberOfRobotsOnBlackSite,numberOfRobotsOnWhiteSite
1805,13,11
timeStep,numberOfRobotsOnBlackSite,numberOfRobotsOnWhiteSite
1806,13,11
timeStep,numberOfRobotsOnBlackSite,numberOfRobotsOnWhiteSite
1807,13,11
timeStep,numberOfRobotsOnBlackSite,numberOfRobotsOnWhiteSite
1808,13,11
timeStep,numberOfRobotsOnBlackSite,numberOfRobotsOnWhiteSite
1809,13,11
timeStep,numberOfRobotsOnBlackSite,numberOfRobotsOnWhiteSite
1810,13,11
timeStep,numberOfRobotsOnBlackSite,numberOfRobotsOnWhiteSite
1811,13,11
timeStep,numberOfRobotsOnBlackSite,numberOfRobotsOnWhiteSite
1812,13,11
timeStep,numberOfRobotsOnBlackSite,numberOfRobotsOnWhiteSite
1813,13,11
timeStep,numberOfRobotsOnBlackSite,numberOfRobotsOnWhiteSite
1814,13,11
timeStep,numberOfRobotsOnBlackSite,numberOfRobotsOnWhiteSite
1815,13,11
timeStep,numberOfRobotsOnBlackSite,numberOfRobotsOnWhiteSite
1816,13,11
timeStep,numberOfRobotsOnBlackSite,numberOfRobotsOnWhiteSite
1817,13,11
timeStep,numberOfRobotsOnBlackSite,numberOfRobotsOnWhiteSite
1818,13,11
timeStep,numberOfRobotsOnBlackSite,numberOfRobotsOnWhiteSite
1819,13,11
timeStep,numberOfRobotsOnBlackSite,numberOfRobotsOnWhiteSite
1820,13,11
timeStep,numberOfRobotsOnBlackSite,numberOfRobotsOnWhiteSite
1821,13,11
timeStep,numberOfRobotsOnBlackSite,numberOfRobotsOnWhiteSite
1822,13,11
timeStep,numberOfRobotsOnBlackSite,numberOfRobotsOnWhiteSite
1823,13,11
timeStep,numberOfRobotsOnBlackSite,numberOfRobotsOnWhiteSite
1824,13,11
timeStep,numberOfRobotsOnBlackSite,numberOfRobotsOnWhiteSite
1825,13,11
timeStep,numberOfRobotsOnBlackSite,numberOfRobotsOnWhiteSite
1826,13,11
timeStep,numberOfRobotsOnBlackSite,numberOfRobotsOnWhiteSite
1827,13,11
timeStep,numberOfRobotsOnBlackSite,numberOfRobotsOnWhiteSite
1828,13,11
timeStep,numberOfRobotsOnBlackSite,numberOfRobotsOnWhiteSite
1829,13,11
timeStep,numberOfRobotsOnBlackSite,numberOfRobotsOnWhiteSite
1830,13,11
timeStep,numberOfRobotsOnBlackSite,numberOfRobotsOnWhiteSite
1831,13,11
timeStep,numberOfRobotsOnBlackSite,numberOfRobotsOnWhiteSite
1832,13,11
timeStep,numberOfRobotsOnBlackSite,numberOfRobotsOnWhiteSite
1833,13,11
timeStep,numberOfRobotsOnBlackSite,numberOfRobotsOnWhiteSite
1834,13,11
timeStep,numberOfRobotsOnBlackSite,numberOfRobotsOnWhiteSite
1835,13,11
timeStep,numberOfRobotsOnBlackSite,numberOfRobotsOnWhiteSite
1836,13,11
timeStep,numberOfRobotsOnBlackSite,numberOfRobotsOnWhiteSite
1837,13,11
timeStep,numberOfRobotsOnBlackSite,numberOfRobotsOnWhiteSite
1838,13,11
timeStep,numberOfRobotsOnBlackSite,numberOfRobotsOnWhiteSite
1839,13,11
timeStep,numberOfRobotsOnBlackSite,numberOfRobotsOnWhiteSite
1840,13,11
timeStep,numberOfRobotsOnBlackSite,numberOfRobotsOnWhiteSite
1841,13,11
timeStep,numberOfRobotsOnBlackSite,numberOfRobotsOnWhiteSite
1842,13,11
timeStep,numberOfRobotsOnBlackSite,numberOfRobotsOnWhiteSite
1843,13,11
timeStep,numberOfRobotsOnBlackSite,numberOfRobotsOnWhiteSite
1844,13,11
timeStep,numberOfRobotsOnBlackSite,numberOfRobotsOnWhiteSite
1845,14,11
timeStep,numberOfRobotsOnBlackSite,numberOfRobotsOnWhiteSite
1846,14,11
timeStep,numberOfRobotsOnBlackSite,numberOfRobotsOnWhiteSite
1847,14,11
timeStep,numberOfRobotsOnBlackSite,numberOfRobotsOnWhiteSite
1848,14,11
timeStep,numberOfRobotsOnBlackSite,numberOfRobotsOnWhiteSite
1849,14,11
timeStep,numberOfRobotsOnBlackSite,numberOfRobotsOnWhiteSite
1850,14,11
timeStep,numberOfRobotsOnBlackSite,numberOfRobotsOnWhiteSite
1851,14,11
timeStep,numberOfRobotsOnBlackSite,numberOfRobotsOnWhiteSite
1852,14,11
timeStep,numberOfRobotsOnBlackSite,numberOfRobotsOnWhiteSite
1853,14,11
timeStep,numberOfRobotsOnBlackSite,numberOfRobotsOnWhiteSite
1854,14,11
timeStep,numberOfRobotsOnBlackSite,numberOfRobotsOnWhiteSite
1855,14,11
timeStep,numberOfRobotsOnBlackSite,numberOfRobotsOnWhiteSite
1856,14,11
timeStep,numberOfRobotsOnBlackSite,numberOfRobotsOnWhiteSite
1857,14,11
timeStep,numberOfRobotsOnBlackSite,numberOfRobotsOnWhiteSite
1858,14,11
timeStep,numberOfRobotsOnBlackSite,numberOfRobotsOnWhiteSite
1859,14,11
timeStep,numberOfRobotsOnBlackSite,numberOfRobotsOnWhiteSite
1860,14,12
timeStep,numberOfRobotsOnBlackSite,numberOfRobotsOnWhiteSite
1861,14,12
timeStep,numberOfRobotsOnBlackSite,numberOfRobotsOnWhiteSite
1862,14,12
timeStep,numberOfRobotsOnBlackSite,numberOfRobotsOnWhiteSite
1863,14,12
timeStep,numberOfRobotsOnBlackSite,numberOfRobotsOnWhiteSite
1864,14,12
timeStep,numberOfRobotsOnBlackSite,numberOfRobotsOnWhiteSite
1865,14,12
timeStep,numberOfRobotsOnBlackSite,numberOfRobotsOnWhiteSite
1866,14,12
timeStep,numberOfRobotsOnBlackSite,numberOfRobotsOnWhiteSite
1867,14,12
timeStep,numberOfRobotsOnBlackSite,numberOfRobotsOnWhiteSite
1868,14,12
timeStep,numberOfRobotsOnBlackSite,numberOfRobotsOnWhiteSite
1869,14,12
timeStep,numberOfRobotsOnBlackSite,numberOfRobotsOnWhiteSite
1870,14,12
timeStep,numberOfRobotsOnBlackSite,numberOfRobotsOnWhiteSite
1871,14,12
timeStep,numberOfRobotsOnBlackSite,numberOfRobotsOnWhiteSite
1872,14,12
timeStep,numberOfRobotsOnBlackSite,numberOfRobotsOnWhiteSite
1873,14,12
timeStep,numberOfRobotsOnBlackSite,numberOfRobotsOnWhiteSite
1874,14,12
timeStep,numberOfRobotsOnBlackSite,numberOfRobotsOnWhiteSite
1875,14,12
timeStep,numberOfRobotsOnBlackSite,numberOfRobotsOnWhiteSite
1876,14,12
timeStep,numberOfRobotsOnBlackSite,numberOfRobotsOnWhiteSite
1877,14,12
timeStep,numberOfRobotsOnBlackSite,numberOfRobotsOnWhiteSite
1878,14,12
timeStep,numberOfRobotsOnBlackSite,numberOfRobotsOnWhiteSite
1879,14,12
timeStep,numberOfRobotsOnBlackSite,numberOfRobotsOnWhiteSite
1880,14,12
timeStep,numberOfRobotsOnBlackSite,numberOfRobotsOnWhiteSite
1881,14,12
timeStep,numberOfRobotsOnBlackSite,numberOfRobotsOnWhiteSite
1882,14,12
timeStep,numberOfRobotsOnBlackSite,numberOfRobotsOnWhiteSite
1883,14,12
timeStep,numberOfRobotsOnBlackSite,numberOfRobotsOnWhiteSite
1884,14,12
timeStep,numberOfRobotsOnBlackSite,numberOfRobotsOnWhiteSite
1885,14,13
timeStep,numberOfRobotsOnBlackSite,numberOfRobotsOnWhiteSite
1886,14,13
timeStep,numberOfRobotsOnBlackSite,numberOfRobotsOnWhiteSite
1887,14,13
timeStep,numberOfRobotsOnBlackSite,numberOfRobotsOnWhiteSite
1888,14,13
timeStep,numberOfRobotsOnBlackSite,numberOfRobotsOnWhiteSite
1889,14,13
timeStep,numberOfRobotsOnBlackSite,numberOfRobotsOnWhiteSite
1890,14,13
timeStep,numberOfRobotsOnBlackSite,numberOfRobotsOnWhiteSite
1891,14,13
timeStep,numberOfRobotsOnBlackSite,numberOfRobotsOnWhiteSite
1892,14,13
timeStep,numberOfRobotsOnBlackSite,numberOfRobotsOnWhiteSite
1893,14,13
timeStep,numberOfRobotsOnBlackSite,numberOfRobotsOnWhiteSite
1894,14,13
timeStep,numberOfRobotsOnBlackSite,numberOfRobotsOnWhiteSite
1895,14,13
timeStep,numberOfRobotsOnBlackSite,numberOfRobotsOnWhiteSite
1896,14,13
timeStep,numberOfRobotsOnBlackSite,numberOfRobotsOnWhiteSite
1897,14,13
timeStep,numberOfRobotsOnBlackSite,numberOfRobotsOnWhiteSite
1898,14,13
timeStep,numberOfRobotsOnBlackSite,numberOfRobotsOnWhiteSite
1899,14,13
timeStep,numberOfRobotsOnBlackSite,numberOfRobotsOnWhiteSite
1900,14,14
timeStep,numberOfRobotsOnBlackSite,numberOfRobotsOnWhiteSite
1901,14,14
timeStep,numberOfRobotsOnBlackSite,numberOfRobotsOnWhiteSite
1902,14,14
timeStep,numberOfRobotsOnBlackSite,numberOfRobotsOnWhiteSite
1903,14,14
timeStep,numberOfRobotsOnBlackSite,numberOfRobotsOnWhiteSite
1904,14,14
timeStep,numberOfRobotsOnBlackSite,numberOfRobotsOnWhiteSite
1905,14,14
timeStep,numberOfRobotsOnBlackSite,numberOfRobotsOnWhiteSite
1906,14,14
timeStep,numberOfRobotsOnBlackSite,numberOfRobotsOnWhiteSite
1907,14,14
timeStep,numberOfRobotsOnBlackSite,numberOfRobotsOnWhiteSite
1908,14,14
timeStep,numberOfRobotsOnBlackSite,numberOfRobotsOnWhiteSite
1909,14,14
timeStep,numberOfRobotsOnBlackSite,numberOfRobotsOnWhiteSite
1910,14,14
timeStep,numberOfRobotsOnBlackSite,numberOfRobotsOnWhiteSite
1911,14,14
timeStep,numberOfRobotsOnBlackSite,numberOfRobotsOnWhiteSite
1912,14,14
timeStep,numberOfRobotsOnBlackSite,numberOfRobotsOnWhiteSite
1913,14,14
timeStep,numberOfRobotsOnBlackSite,numberOfRobotsOnWhiteSite
1914,14,14
timeStep,numberOfRobotsOnBlackSite,numberOfRobotsOnWhiteSite
1915,14,14
timeStep,numberOfRobotsOnBlackSite,numberOfRobotsOnWhiteSite
1916,14,14
timeStep,numberOfRobotsOnBlackSite,numberOfRobotsOnWhiteSite
1917,14,14
timeStep,numberOfRobotsOnBlackSite,numberOfRobotsOnWhiteSite
1918,14,14
timeStep,numberOfRobotsOnBlackSite,numberOfRobotsOnWhiteSite
1919,14,14
timeStep,numberOfRobotsOnBlackSite,numberOfRobotsOnWhiteSite
1920,14,14
timeStep,numberOfRobotsOnBlackSite,numberOfRobotsOnWhiteSite
1921,14,14
timeStep,numberOfRobotsOnBlackSite,numberOfRobotsOnWhiteSite
1922,14,14
timeStep,numberOfRobotsOnBlackSite,numberOfRobotsOnWhiteSite
1923,14,14
timeStep,numberOfRobotsOnBlackSite,numberOfRobotsOnWhiteSite
1924,14,14
timeStep,numberOfRobotsOnBlackSite,numberOfRobotsOnWhiteSite
1925,14,15
timeStep,numberOfRobotsOnBlackSite,numberOfRobotsOnWhiteSite
1926,14,15
timeStep,numberOfRobotsOnBlackSite,numberOfRobotsOnWhiteSite
1927,14,15
timeStep,numberOfRobotsOnBlackSite,numberOfRobotsOnWhiteSite
1928,14,15
timeStep,numberOfRobotsOnBlackSite,numberOfRobotsOnWhiteSite
1929,14,15
timeStep,numberOfRobotsOnBlackSite,numberOfRobotsOnWhiteSite
1930,14,15
timeStep,numberOfRobotsOnBlackSite,numberOfRobotsOnWhiteSite
1931,14,15
timeStep,numberOfRobotsOnBlackSite,numberOfRobotsOnWhiteSite
1932,14,15
timeStep,numberOfRobotsOnBlackSite,numberOfRobotsOnWhiteSite
1933,14,15
timeStep,numberOfRobotsOnBlackSite,numberOfRobotsOnWhiteSite
1934,14,15
timeStep,numberOfRobotsOnBlackSite,numberOfRobotsOnWhiteSite
1935,14,15
timeStep,numberOfRobotsOnBlackSite,numberOfRobotsOnWhiteSite
1936,14,15
timeStep,numberOfRobotsOnBlackSite,numberOfRobotsOnWhiteSite
1937,14,15
timeStep,numberOfRobotsOnBlackSite,numberOfRobotsOnWhiteSite
1938,14,15
timeStep,numberOfRobotsOnBlackSite,numberOfRobotsOnWhiteSite
1939,14,15
timeStep,numberOfRobotsOnBlackSite,numberOfRobotsOnWhiteSite
1940,14,14
timeStep,numberOfRobotsOnBlackSite,numberOfRobotsOnWhiteSite
1941,14,14
timeStep,numberOfRobotsOnBlackSite,numberOfRobotsOnWhiteSite
1942,14,14
timeStep,numberOfRobotsOnBlackSite,numberOfRobotsOnWhiteSite
1943,14,14
timeStep,numberOfRobotsOnBlackSite,numberOfRobotsOnWhiteSite
1944,14,14
timeStep,numberOfRobotsOnBlackSite,numberOfRobotsOnWhiteSite
1945,14,14
timeStep,numberOfRobotsOnBlackSite,numberOfRobotsOnWhiteSite
1946,14,14
timeStep,numberOfRobotsOnBlackSite,numberOfRobotsOnWhiteSite
1947,14,14
timeStep,numberOfRobotsOnBlackSite,numberOfRobotsOnWhiteSite
1948,14,14
timeStep,numberOfRobotsOnBlackSite,numberOfRobotsOnWhiteSite
1949,14,14
timeStep,numberOfRobotsOnBlackSite,numberOfRobotsOnWhiteSite
1950,14,14
timeStep,numberOfRobotsOnBlackSite,numberOfRobotsOnWhiteSite
1951,14,14
timeStep,numberOfRobotsOnBlackSite,numberOfRobotsOnWhiteSite
1952,14,14
timeStep,numberOfRobotsOnBlackSite,numberOfRobotsOnWhiteSite
1953,14,14
timeStep,numberOfRobotsOnBlackSite,numberOfRobotsOnWhiteSite
1954,14,14
timeStep,numberOfRobotsOnBlackSite,numberOfRobotsOnWhiteSite
1955,14,14
timeStep,numberOfRobotsOnBlackSite,numberOfRobotsOnWhiteSite
1956,14,14
timeStep,numberOfRobotsOnBlackSite,numberOfRobotsOnWhiteSite
1957,14,14
timeStep,numberOfRobotsOnBlackSite,numberOfRobotsOnWhiteSite
1958,14,14
timeStep,numberOfRobotsOnBlackSite,numberOfRobotsOnWhiteSite
1959,14,14
timeStep,numberOfRobotsOnBlackSite,numberOfRobotsOnWhiteSite
1960,14,15
timeStep,numberOfRobotsOnBlackSite,numberOfRobotsOnWhiteSite
1961,14,15
timeStep,numberOfRobotsOnBlackSite,numberOfRobotsOnWhiteSite
1962,14,15
timeStep,numberOfRobotsOnBlackSite,numberOfRobotsOnWhiteSite
1963,14,15
timeStep,numberOfRobotsOnBlackSite,numberOfRobotsOnWhiteSite
1964,14,15
timeStep,numberOfRobotsOnBlackSite,numberOfRobotsOnWhiteSite
1965,14,15
timeStep,numberOfRobotsOnBlackSite,numberOfRobotsOnWhiteSite
1966,14,15
timeStep,numberOfRobotsOnBlackSite,numberOfRobotsOnWhiteSite
1967,14,15
timeStep,numberOfRobotsOnBlackSite,numberOfRobotsOnWhiteSite
1968,14,15
timeStep,numberOfRobotsOnBlackSite,numberOfRobotsOnWhiteSite
1969,14,15
timeStep,numberOfRobotsOnBlackSite,numberOfRobotsOnWhiteSite
1970,14,15
timeStep,numberOfRobotsOnBlackSite,numberOfRobotsOnWhiteSite
1971,14,15
timeStep,numberOfRobotsOnBlackSite,numberOfRobotsOnWhiteSite
1972,14,15
timeStep,numberOfRobotsOnBlackSite,numberOfRobotsOnWhiteSite
1973,14,15
timeStep,numberOfRobotsOnBlackSite,numberOfRobotsOnWhiteSite
1974,14,15
timeStep,numberOfRobotsOnBlackSite,numberOfRobotsOnWhiteSite
1975,14,15
timeStep,numberOfRobotsOnBlackSite,numberOfRobotsOnWhiteSite
1976,14,15
timeStep,numberOfRobotsOnBlackSite,numberOfRobotsOnWhiteSite
1977,14,15
timeStep,numberOfRobotsOnBlackSite,numberOfRobotsOnWhiteSite
1978,14,15
timeStep,numberOfRobotsOnBlackSite,numberOfRobotsOnWhiteSite
1979,14,15
timeStep,numberOfRobotsOnBlackSite,numberOfRobotsOnWhiteSite
1980,14,16
timeStep,numberOfRobotsOnBlackSite,numberOfRobotsOnWhiteSite
1981,14,16
timeStep,numberOfRobotsOnBlackSite,numberOfRobotsOnWhiteSite
1982,14,16
timeStep,numberOfRobotsOnBlackSite,numberOfRobotsOnWhiteSite
1983,14,16
timeStep,numberOfRobotsOnBlackSite,numberOfRobotsOnWhiteSite
1984,14,16
timeStep,numberOfRobotsOnBlackSite,numberOfRobotsOnWhiteSite
1985,14,16
timeStep,numberOfRobotsOnBlackSite,numberOfRobotsOnWhiteSite
1986,14,16
timeStep,numberOfRobotsOnBlackSite,numberOfRobotsOnWhiteSite
1987,14,16
timeStep,numberOfRobotsOnBlackSite,numberOfRobotsOnWhiteSite
1988,14,16
timeStep,numberOfRobotsOnBlackSite,numberOfRobotsOnWhiteSite
1989,14,16
timeStep,numberOfRobotsOnBlackSite,numberOfRobotsOnWhiteSite
1990,14,17
timeStep,numberOfRobotsOnBlackSite,numberOfRobotsOnWhiteSite
1991,14,17
timeStep,numberOfRobotsOnBlackSite,numberOfRobotsOnWhiteSite
1992,14,17
timeStep,numberOfRobotsOnBlackSite,numberOfRobotsOnWhiteSite
1993,14,17
timeStep,numberOfRobotsOnBlackSite,numberOfRobotsOnWhiteSite
1994,14,17
timeStep,numberOfRobotsOnBlackSite,numberOfRobotsOnWhiteSite
1995,14,17
timeStep,numberOfRobotsOnBlackSite,numberOfRobotsOnWhiteSite
1996,14,17
timeStep,numberOfRobotsOnBlackSite,numberOfRobotsOnWhiteSite
1997,14,17
timeStep,numberOfRobotsOnBlackSite,numberOfRobotsOnWhiteSite
1998,14,17
timeStep,numberOfRobotsOnBlackSite,numberOfRobotsOnWhiteSite
1999,14,17
timeStep,numberOfRobotsOnBlackSite,numberOfRobotsOnWhiteSite
2000,14,17
timeStep,numberOfRobotsOnBlackSite,numberOfRobotsOnWhiteSite
2001,14,17
timeStep,numberOfRobotsOnBlackSite,numberOfRobotsOnWhiteSite
2002,14,17
timeStep,numberOfRobotsOnBlackSite,numberOfRobotsOnWhiteSite
2003,14,17
timeStep,numberOfRobotsOnBlackSite,numberOfRobotsOnWhiteSite
2004,14,17
timeStep,numberOfRobotsOnBlackSite,numberOfRobotsOnWhiteSite
2005,14,17
timeStep,numberOfRobotsOnBlackSite,numberOfRobotsOnWhiteSite
2006,14,17
timeStep,numberOfRobotsOnBlackSite,numberOfRobotsOnWhiteSite
2007,14,17
timeStep,numberOfRobotsOnBlackSite,numberOfRobotsOnWhiteSite
2008,14,17
timeStep,numberOfRobotsOnBlackSite,numberOfRobotsOnWhiteSite
2009,14,17
timeStep,numberOfRobotsOnBlackSite,numberOfRobotsOnWhiteSite
2010,15,17
timeStep,numberOfRobotsOnBlackSite,numberOfRobotsOnWhiteSite
2011,15,17
timeStep,numberOfRobotsOnBlackSite,numberOfRobotsOnWhiteSite
2012,15,17
timeStep,numberOfRobotsOnBlackSite,numberOfRobotsOnWhiteSite
2013,15,17
timeStep,numberOfRobotsOnBlackSite,numberOfRobotsOnWhiteSite
2014,15,17
timeStep,numberOfRobotsOnBlackSite,numberOfRobotsOnWhiteSite
2015,14,16
timeStep,numberOfRobotsOnBlackSite,numberOfRobotsOnWhiteSite
2016,14,16
timeStep,numberOfRobotsOnBlackSite,numberOfRobotsOnWhiteSite
2017,14,16
timeStep,numberOfRobotsOnBlackSite,numberOfRobotsOnWhiteSite
2018,14,16
timeStep,numberOfRobotsOnBlackSite,numberOfRobotsOnWhiteSite
2019,14,16
timeStep,numberOfRobotsOnBlackSite,numberOfRobotsOnWhiteSite
2020,13,15
timeStep,numberOfRobotsOnBlackSite,numberOfRobotsOnWhiteSite
2021,13,15
timeStep,numberOfRobotsOnBlackSite,numberOfRobotsOnWhiteSite
2022,13,15
timeStep,numberOfRobotsOnBlackSite,numberOfRobotsOnWhiteSite
2023,13,15
timeStep,numberOfRobotsOnBlackSite,numberOfRobotsOnWhiteSite
2024,13,15
timeStep,numberOfRobotsOnBlackSite,numberOfRobotsOnWhiteSite
2025,13,14
timeStep,numberOfRobotsOnBlackSite,numberOfRobotsOnWhiteSite
2026,13,14
timeStep,numberOfRobotsOnBlackSite,numberOfRobotsOnWhiteSite
2027,13,14
timeStep,numberOfRobotsOnBlackSite,numberOfRobotsOnWhiteSite
2028,13,14
timeStep,numberOfRobotsOnBlackSite,numberOfRobotsOnWhiteSite
2029,13,14
timeStep,numberOfRobotsOnBlackSite,numberOfRobotsOnWhiteSite
2030,13,14
timeStep,numberOfRobotsOnBlackSite,numberOfRobotsOnWhiteSite
2031,13,14
timeStep,numberOfRobotsOnBlackSite,numberOfRobotsOnWhiteSite
2032,13,14
timeStep,numberOfRobotsOnBlackSite,numberOfRobotsOnWhiteSite
2033,13,14
timeStep,numberOfRobotsOnBlackSite,numberOfRobotsOnWhiteSite
2034,13,14
timeStep,numberOfRobotsOnBlackSite,numberOfRobotsOnWhiteSite
2035,13,14
timeStep,numberOfRobotsOnBlackSite,numberOfRobotsOnWhiteSite
2036,13,14
timeStep,numberOfRobotsOnBlackSite,numberOfRobotsOnWhiteSite
2037,13,14
timeStep,numberOfRobotsOnBlackSite,numberOfRobotsOnWhiteSite
2038,13,14
timeStep,numberOfRobotsOnBlackSite,numberOfRobotsOnWhiteSite
2039,13,14
timeStep,numberOfRobotsOnBlackSite,numberOfRobotsOnWhiteSite
2040,13,15
timeStep,numberOfRobotsOnBlackSite,numberOfRobotsOnWhiteSite
2041,13,15
timeStep,numberOfRobotsOnBlackSite,numberOfRobotsOnWhiteSite
2042,13,15
timeStep,numberOfRobotsOnBlackSite,numberOfRobotsOnWhiteSite
2043,13,15
timeStep,numberOfRobotsOnBlackSite,numberOfRobotsOnWhiteSite
2044,13,15
timeStep,numberOfRobotsOnBlackSite,numberOfRobotsOnWhiteSite
2045,13,15
timeStep,numberOfRobotsOnBlackSite,numberOfRobotsOnWhiteSite
2046,13,15
timeStep,numberOfRobotsOnBlackSite,numberOfRobotsOnWhiteSite
2047,13,15
timeStep,numberOfRobotsOnBlackSite,numberOfRobotsOnWhiteSite
2048,13,15
timeStep,numberOfRobotsOnBlackSite,numberOfRobotsOnWhiteSite
2049,13,15
timeStep,numberOfRobotsOnBlackSite,numberOfRobotsOnWhiteSite
2050,13,15
timeStep,numberOfRobotsOnBlackSite,numberOfRobotsOnWhiteSite
2051,13,15
timeStep,numberOfRobotsOnBlackSite,numberOfRobotsOnWhiteSite
2052,13,15
timeStep,numberOfRobotsOnBlackSite,numberOfRobotsOnWhiteSite
2053,13,15
timeStep,numberOfRobotsOnBlackSite,numberOfRobotsOnWhiteSite
2054,13,15
timeStep,numberOfRobotsOnBlackSite,numberOfRobotsOnWhiteSite
2055,13,15
timeStep,numberOfRobotsOnBlackSite,numberOfRobotsOnWhiteSite
2056,13,15
timeStep,numberOfRobotsOnBlackSite,numberOfRobotsOnWhiteSite
2057,13,15
timeStep,numberOfRobotsOnBlackSite,numberOfRobotsOnWhiteSite
2058,13,15
timeStep,numberOfRobotsOnBlackSite,numberOfRobotsOnWhiteSite
2059,13,15
timeStep,numberOfRobotsOnBlackSite,numberOfRobotsOnWhiteSite
2060,13,15
timeStep,numberOfRobotsOnBlackSite,numberOfRobotsOnWhiteSite
2061,13,15
timeStep,numberOfRobotsOnBlackSite,numberOfRobotsOnWhiteSite
2062,13,15
timeStep,numberOfRobotsOnBlackSite,numberOfRobotsOnWhiteSite
2063,13,15
timeStep,numberOfRobotsOnBlackSite,numberOfRobotsOnWhiteSite
2064,13,15
timeStep,numberOfRobotsOnBlackSite,numberOfRobotsOnWhiteSite
2065,13,16
timeStep,numberOfRobotsOnBlackSite,numberOfRobotsOnWhiteSite
2066,13,16
timeStep,numberOfRobotsOnBlackSite,numberOfRobotsOnWhiteSite
2067,13,16
timeStep,numberOfRobotsOnBlackSite,numberOfRobotsOnWhiteSite
2068,13,16
timeStep,numberOfRobotsOnBlackSite,numberOfRobotsOnWhiteSite
2069,13,16
timeStep,numberOfRobotsOnBlackSite,numberOfRobotsOnWhiteSite
2070,14,16
timeStep,numberOfRobotsOnBlackSite,numberOfRobotsOnWhiteSite
2071,14,16
timeStep,numberOfRobotsOnBlackSite,numberOfRobotsOnWhiteSite
2072,14,16
timeStep,numberOfRobotsOnBlackSite,numberOfRobotsOnWhiteSite
2073,14,16
timeStep,numberOfRobotsOnBlackSite,numberOfRobotsOnWhiteSite
2074,14,16
timeStep,numberOfRobotsOnBlackSite,numberOfRobotsOnWhiteSite
2075,15,15
timeStep,numberOfRobotsOnBlackSite,numberOfRobotsOnWhiteSite
2076,15,15
timeStep,numberOfRobotsOnBlackSite,numberOfRobotsOnWhiteSite
2077,15,15
timeStep,numberOfRobotsOnBlackSite,numberOfRobotsOnWhiteSite
2078,15,15
timeStep,numberOfRobotsOnBlackSite,numberOfRobotsOnWhiteSite
2079,15,15
timeStep,numberOfRobotsOnBlackSite,numberOfRobotsOnWhiteSite
2080,15,15
timeStep,numberOfRobotsOnBlackSite,numberOfRobotsOnWhiteSite
2081,15,15
timeStep,numberOfRobotsOnBlackSite,numberOfRobotsOnWhiteSite
2082,15,15
timeStep,numberOfRobotsOnBlackSite,numberOfRobotsOnWhiteSite
2083,15,15
timeStep,numberOfRobotsOnBlackSite,numberOfRobotsOnWhiteSite
2084,15,15
timeStep,numberOfRobotsOnBlackSite,numberOfRobotsOnWhiteSite
2085,15,15
timeStep,numberOfRobotsOnBlackSite,numberOfRobotsOnWhiteSite
2086,15,15
timeStep,numberOfRobotsOnBlackSite,numberOfRobotsOnWhiteSite
2087,15,15
timeStep,numberOfRobotsOnBlackSite,numberOfRobotsOnWhiteSite
2088,15,15
timeStep,numberOfRobotsOnBlackSite,numberOfRobotsOnWhiteSite
2089,15,15
timeStep,numberOfRobotsOnBlackSite,numberOfRobotsOnWhiteSite
2090,15,15
timeStep,numberOfRobotsOnBlackSite,numberOfRobotsOnWhiteSite
2091,15,15
timeStep,numberOfRobotsOnBlackSite,numberOfRobotsOnWhiteSite
2092,15,15
timeStep,numberOfRobotsOnBlackSite,numberOfRobotsOnWhiteSite
2093,15,15
timeStep,numberOfRobotsOnBlackSite,numberOfRobotsOnWhiteSite
2094,15,15
timeStep,numberOfRobotsOnBlackSite,numberOfRobotsOnWhiteSite
2095,15,15
timeStep,numberOfRobotsOnBlackSite,numberOfRobotsOnWhiteSite
2096,15,15
timeStep,numberOfRobotsOnBlackSite,numberOfRobotsOnWhiteSite
2097,15,15
timeStep,numberOfRobotsOnBlackSite,numberOfRobotsOnWhiteSite
2098,15,15
timeStep,numberOfRobotsOnBlackSite,numberOfRobotsOnWhiteSite
2099,15,15
timeStep,numberOfRobotsOnBlackSite,numberOfRobotsOnWhiteSite
2100,16,15
timeStep,numberOfRobotsOnBlackSite,numberOfRobotsOnWhiteSite
2101,16,15
timeStep,numberOfRobotsOnBlackSite,numberOfRobotsOnWhiteSite
2102,16,15
timeStep,numberOfRobotsOnBlackSite,numberOfRobotsOnWhiteSite
2103,16,15
timeStep,numberOfRobotsOnBlackSite,numberOfRobotsOnWhiteSite
2104,16,15
timeStep,numberOfRobotsOnBlackSite,numberOfRobotsOnWhiteSite
2105,16,16
timeStep,numberOfRobotsOnBlackSite,numberOfRobotsOnWhiteSite
2106,16,16
timeStep,numberOfRobotsOnBlackSite,numberOfRobotsOnWhiteSite
2107,16,16
timeStep,numberOfRobotsOnBlackSite,numberOfRobotsOnWhiteSite
2108,16,16
timeStep,numberOfRobotsOnBlackSite,numberOfRobotsOnWhiteSite
2109,16,16
timeStep,numberOfRobotsOnBlackSite,numberOfRobotsOnWhiteSite
2110,15,16
timeStep,numberOfRobotsOnBlackSite,numberOfRobotsOnWhiteSite
2111,15,16
timeStep,numberOfRobotsOnBlackSite,numberOfRobotsOnWhiteSite
2112,15,16
timeStep,numberOfRobotsOnBlackSite,numberOfRobotsOnWhiteSite
2113,15,16
timeStep,numberOfRobotsOnBlackSite,numberOfRobotsOnWhiteSite
2114,15,16
timeStep,numberOfRobotsOnBlackSite,numberOfRobotsOnWhiteSite
2115,15,16
timeStep,numberOfRobotsOnBlackSite,numberOfRobotsOnWhiteSite
2116,15,16
timeStep,numberOfRobotsOnBlackSite,numberOfRobotsOnWhiteSite
2117,15,16
timeStep,numberOfRobotsOnBlackSite,numberOfRobotsOnWhiteSite
2118,15,16
timeStep,numberOfRobotsOnBlackSite,numberOfRobotsOnWhiteSite
2119,15,16
timeStep,numberOfRobotsOnBlackSite,numberOfRobotsOnWhiteSite
2120,15,17
timeStep,numberOfRobotsOnBlackSite,numberOfRobotsOnWhiteSite
2121,15,17
timeStep,numberOfRobotsOnBlackSite,numberOfRobotsOnWhiteSite
2122,15,17
timeStep,numberOfRobotsOnBlackSite,numberOfRobotsOnWhiteSite
2123,15,17
timeStep,numberOfRobotsOnBlackSite,numberOfRobotsOnWhiteSite
2124,15,17
timeStep,numberOfRobotsOnBlackSite,numberOfRobotsOnWhiteSite
2125,15,17
timeStep,numberOfRobotsOnBlackSite,numberOfRobotsOnWhiteSite
2126,15,17
timeStep,numberOfRobotsOnBlackSite,numberOfRobotsOnWhiteSite
2127,15,17
timeStep,numberOfRobotsOnBlackSite,numberOfRobotsOnWhiteSite
2128,15,17
timeStep,numberOfRobotsOnBlackSite,numberOfRobotsOnWhiteSite
2129,15,17
timeStep,numberOfRobotsOnBlackSite,numberOfRobotsOnWhiteSite
2130,15,16
timeStep,numberOfRobotsOnBlackSite,numberOfRobotsOnWhiteSite
2131,15,16
timeStep,numberOfRobotsOnBlackSite,numberOfRobotsOnWhiteSite
2132,15,16
timeStep,numberOfRobotsOnBlackSite,numberOfRobotsOnWhiteSite
2133,15,16
timeStep,numberOfRobotsOnBlackSite,numberOfRobotsOnWhiteSite
2134,15,16
timeStep,numberOfRobotsOnBlackSite,numberOfRobotsOnWhiteSite
2135,15,17
timeStep,numberOfRobotsOnBlackSite,numberOfRobotsOnWhiteSite
2136,15,17
timeStep,numberOfRobotsOnBlackSite,numberOfRobotsOnWhiteSite
2137,15,17
timeStep,numberOfRobotsOnBlackSite,numberOfRobotsOnWhiteSite
2138,15,17
timeStep,numberOfRobotsOnBlackSite,numberOfRobotsOnWhiteSite
2139,15,17
timeStep,numberOfRobotsOnBlackSite,numberOfRobotsOnWhiteSite
2140,15,17
timeStep,numberOfRobotsOnBlackSite,numberOfRobotsOnWhiteSite
2141,15,17
timeStep,numberOfRobotsOnBlackSite,numberOfRobotsOnWhiteSite
2142,15,17
timeStep,numberOfRobotsOnBlackSite,numberOfRobotsOnWhiteSite
2143,15,17
timeStep,numberOfRobotsOnBlackSite,numberOfRobotsOnWhiteSite
2144,15,17
timeStep,numberOfRobotsOnBlackSite,numberOfRobotsOnWhiteSite
2145,15,17
timeStep,numberOfRobotsOnBlackSite,numberOfRobotsOnWhiteSite
2146,15,17
timeStep,numberOfRobotsOnBlackSite,numberOfRobotsOnWhiteSite
2147,15,17
timeStep,numberOfRobotsOnBlackSite,numberOfRobotsOnWhiteSite
2148,15,17
timeStep,numberOfRobotsOnBlackSite,numberOfRobotsOnWhiteSite
2149,15,17
timeStep,numberOfRobotsOnBlackSite,numberOfRobotsOnWhiteSite
2150,15,17
timeStep,numberOfRobotsOnBlackSite,numberOfRobotsOnWhiteSite
2151,15,17
timeStep,numberOfRobotsOnBlackSite,numberOfRobotsOnWhiteSite
2152,15,17
timeStep,numberOfRobotsOnBlackSite,numberOfRobotsOnWhiteSite
2153,15,17
timeStep,numberOfRobotsOnBlackSite,numberOfRobotsOnWhiteSite
2154,15,17
timeStep,numberOfRobotsOnBlackSite,numberOfRobotsOnWhiteSite
2155,15,18
timeStep,numberOfRobotsOnBlackSite,numberOfRobotsOnWhiteSite
2156,15,18
timeStep,numberOfRobotsOnBlackSite,numberOfRobotsOnWhiteSite
2157,15,18
timeStep,numberOfRobotsOnBlackSite,numberOfRobotsOnWhiteSite
2158,15,18
timeStep,numberOfRobotsOnBlackSite,numberOfRobotsOnWhiteSite
2159,15,18
timeStep,numberOfRobotsOnBlackSite,numberOfRobotsOnWhiteSite
2160,15,16
timeStep,numberOfRobotsOnBlackSite,numberOfRobotsOnWhiteSite
2161,15,16
timeStep,numberOfRobotsOnBlackSite,numberOfRobotsOnWhiteSite
2162,15,16
timeStep,numberOfRobotsOnBlackSite,numberOfRobotsOnWhiteSite
2163,15,16
timeStep,numberOfRobotsOnBlackSite,numberOfRobotsOnWhiteSite
2164,15,16
timeStep,numberOfRobotsOnBlackSite,numberOfRobotsOnWhiteSite
2165,15,16
timeStep,numberOfRobotsOnBlackSite,numberOfRobotsOnWhiteSite
2166,15,16
timeStep,numberOfRobotsOnBlackSite,numberOfRobotsOnWhiteSite
2167,15,16
timeStep,numberOfRobotsOnBlackSite,numberOfRobotsOnWhiteSite
2168,15,16
timeStep,numberOfRobotsOnBlackSite,numberOfRobotsOnWhiteSite
2169,15,16
timeStep,numberOfRobotsOnBlackSite,numberOfRobotsOnWhiteSite
2170,15,16
timeStep,numberOfRobotsOnBlackSite,numberOfRobotsOnWhiteSite
2171,15,16
timeStep,numberOfRobotsOnBlackSite,numberOfRobotsOnWhiteSite
2172,15,16
timeStep,numberOfRobotsOnBlackSite,numberOfRobotsOnWhiteSite
2173,15,16
timeStep,numberOfRobotsOnBlackSite,numberOfRobotsOnWhiteSite
2174,15,16
timeStep,numberOfRobotsOnBlackSite,numberOfRobotsOnWhiteSite
2175,15,16
timeStep,numberOfRobotsOnBlackSite,numberOfRobotsOnWhiteSite
2176,15,16
timeStep,numberOfRobotsOnBlackSite,numberOfRobotsOnWhiteSite
2177,15,16
timeStep,numberOfRobotsOnBlackSite,numberOfRobotsOnWhiteSite
2178,15,16
timeStep,numberOfRobotsOnBlackSite,numberOfRobotsOnWhiteSite
2179,15,16
timeStep,numberOfRobotsOnBlackSite,numberOfRobotsOnWhiteSite
2180,15,16
timeStep,numberOfRobotsOnBlackSite,numberOfRobotsOnWhiteSite
2181,15,16
timeStep,numberOfRobotsOnBlackSite,numberOfRobotsOnWhiteSite
2182,15,16
timeStep,numberOfRobotsOnBlackSite,numberOfRobotsOnWhiteSite
2183,15,16
timeStep,numberOfRobotsOnBlackSite,numberOfRobotsOnWhiteSite
2184,15,16
timeStep,numberOfRobotsOnBlackSite,numberOfRobotsOnWhiteSite
2185,15,16
timeStep,numberOfRobotsOnBlackSite,numberOfRobotsOnWhiteSite
2186,15,16
timeStep,numberOfRobotsOnBlackSite,numberOfRobotsOnWhiteSite
2187,15,16
timeStep,numberOfRobotsOnBlackSite,numberOfRobotsOnWhiteSite
2188,15,16
timeStep,numberOfRobotsOnBlackSite,numberOfRobotsOnWhiteSite
2189,15,16
timeStep,numberOfRobotsOnBlackSite,numberOfRobotsOnWhiteSite
2190,15,16
timeStep,numberOfRobotsOnBlackSite,numberOfRobotsOnWhiteSite
2191,15,16
timeStep,numberOfRobotsOnBlackSite,numberOfRobotsOnWhiteSite
2192,15,16
timeStep,numberOfRobotsOnBlackSite,numberOfRobotsOnWhiteSite
2193,15,16
timeStep,numberOfRobotsOnBlackSite,numberOfRobotsOnWhiteSite
2194,15,16
timeStep,numberOfRobotsOnBlackSite,numberOfRobotsOnWhiteSite
2195,15,16
timeStep,numberOfRobotsOnBlackSite,numberOfRobotsOnWhiteSite
2196,15,16
timeStep,numberOfRobotsOnBlackSite,numberOfRobotsOnWhiteSite
2197,15,16
timeStep,numberOfRobotsOnBlackSite,numberOfRobotsOnWhiteSite
2198,15,16
timeStep,numberOfRobotsOnBlackSite,numberOfRobotsOnWhiteSite
2199,15,16
timeStep,numberOfRobotsOnBlackSite,numberOfRobotsOnWhiteSite
2200,16,16
timeStep,numberOfRobotsOnBlackSite,numberOfRobotsOnWhiteSite
2201,16,16
timeStep,numberOfRobotsOnBlackSite,numberOfRobotsOnWhiteSite
2202,16,16
timeStep,numberOfRobotsOnBlackSite,numberOfRobotsOnWhiteSite
2203,16,16
timeStep,numberOfRobotsOnBlackSite,numberOfRobotsOnWhiteSite
2204,16,16
timeStep,numberOfRobotsOnBlackSite,numberOfRobotsOnWhiteSite
2205,17,16
timeStep,numberOfRobotsOnBlackSite,numberOfRobotsOnWhiteSite
2206,17,16
timeStep,numberOfRobotsOnBlackSite,numberOfRobotsOnWhiteSite
2207,17,16
timeStep,numberOfRobotsOnBlackSite,numberOfRobotsOnWhiteSite
2208,17,16
timeStep,numberOfRobotsOnBlackSite,numberOfRobotsOnWhiteSite
2209,17,16
timeStep,numberOfRobotsOnBlackSite,numberOfRobotsOnWhiteSite
2210,17,16
timeStep,numberOfRobotsOnBlackSite,numberOfRobotsOnWhiteSite
2211,17,16
timeStep,numberOfRobotsOnBlackSite,numberOfRobotsOnWhiteSite
2212,17,16
timeStep,numberOfRobotsOnBlackSite,numberOfRobotsOnWhiteSite
2213,17,16
timeStep,numberOfRobotsOnBlackSite,numberOfRobotsOnWhiteSite
2214,17,16
timeStep,numberOfRobotsOnBlackSite,numberOfRobotsOnWhiteSite
2215,17,16
timeStep,numberOfRobotsOnBlackSite,numberOfRobotsOnWhiteSite
2216,17,16
timeStep,numberOfRobotsOnBlackSite,numberOfRobotsOnWhiteSite
2217,17,16
timeStep,numberOfRobotsOnBlackSite,numberOfRobotsOnWhiteSite
2218,17,16
timeStep,numberOfRobotsOnBlackSite,numberOfRobotsOnWhiteSite
2219,17,16
timeStep,numberOfRobotsOnBlackSite,numberOfRobotsOnWhiteSite
2220,17,16
timeStep,numberOfRobotsOnBlackSite,numberOfRobotsOnWhiteSite
2221,17,16
timeStep,numberOfRobotsOnBlackSite,numberOfRobotsOnWhiteSite
2222,17,16
timeStep,numberOfRobotsOnBlackSite,numberOfRobotsOnWhiteSite
2223,17,16
timeStep,numberOfRobotsOnBlackSite,numberOfRobotsOnWhiteSite
2224,17,16
timeStep,numberOfRobotsOnBlackSite,numberOfRobotsOnWhiteSite
2225,17,16
timeStep,numberOfRobotsOnBlackSite,numberOfRobotsOnWhiteSite
2226,17,16
timeStep,numberOfRobotsOnBlackSite,numberOfRobotsOnWhiteSite
2227,17,16
timeStep,numberOfRobotsOnBlackSite,numberOfRobotsOnWhiteSite
2228,17,16
timeStep,numberOfRobotsOnBlackSite,numberOfRobotsOnWhiteSite
2229,17,16
timeStep,numberOfRobotsOnBlackSite,numberOfRobotsOnWhiteSite
2230,17,16
timeStep,numberOfRobotsOnBlackSite,numberOfRobotsOnWhiteSite
2231,17,16
timeStep,numberOfRobotsOnBlackSite,numberOfRobotsOnWhiteSite
2232,17,16
timeStep,numberOfRobotsOnBlackSite,numberOfRobotsOnWhiteSite
2233,17,16
timeStep,numberOfRobotsOnBlackSite,numberOfRobotsOnWhiteSite
2234,17,16
timeStep,numberOfRobotsOnBlackSite,numberOfRobotsOnWhiteSite
2235,17,16
timeStep,numberOfRobotsOnBlackSite,numberOfRobotsOnWhiteSite
2236,17,16
timeStep,numberOfRobotsOnBlackSite,numberOfRobotsOnWhiteSite
2237,17,16
timeStep,numberOfRobotsOnBlackSite,numberOfRobotsOnWhiteSite
2238,17,16
timeStep,numberOfRobotsOnBlackSite,numberOfRobotsOnWhiteSite
2239,17,16
timeStep,numberOfRobotsOnBlackSite,numberOfRobotsOnWhiteSite
2240,17,17
timeStep,numberOfRobotsOnBlackSite,numberOfRobotsOnWhiteSite
2241,17,17
timeStep,numberOfRobotsOnBlackSite,numberOfRobotsOnWhiteSite
2242,17,17
timeStep,numberOfRobotsOnBlackSite,numberOfRobotsOnWhiteSite
2243,17,17
timeStep,numberOfRobotsOnBlackSite,numberOfRobotsOnWhiteSite
2244,17,17
timeStep,numberOfRobotsOnBlackSite,numberOfRobotsOnWhiteSite
2245,17,17
timeStep,numberOfRobotsOnBlackSite,numberOfRobotsOnWhiteSite
2246,17,17
timeStep,numberOfRobotsOnBlackSite,numberOfRobotsOnWhiteSite
2247,17,17
timeStep,numberOfRobotsOnBlackSite,numberOfRobotsOnWhiteSite
2248,17,17
timeStep,numberOfRobotsOnBlackSite,numberOfRobotsOnWhiteSite
2249,17,17
timeStep,numberOfRobotsOnBlackSite,numberOfRobotsOnWhiteSite
2250,17,17
timeStep,numberOfRobotsOnBlackSite,numberOfRobotsOnWhiteSite
2251,17,17
timeStep,numberOfRobotsOnBlackSite,numberOfRobotsOnWhiteSite
2252,17,17
timeStep,numberOfRobotsOnBlackSite,numberOfRobotsOnWhiteSite
2253,17,17
timeStep,numberOfRobotsOnBlackSite,numberOfRobotsOnWhiteSite
2254,17,17
timeStep,numberOfRobotsOnBlackSite,numberOfRobotsOnWhiteSite
2255,17,17
timeStep,numberOfRobotsOnBlackSite,numberOfRobotsOnWhiteSite
2256,17,17
timeStep,numberOfRobotsOnBlackSite,numberOfRobotsOnWhiteSite
2257,17,17
timeStep,numberOfRobotsOnBlackSite,numberOfRobotsOnWhiteSite
2258,17,17
timeStep,numberOfRobotsOnBlackSite,numberOfRobotsOnWhiteSite
2259,17,17
timeStep,numberOfRobotsOnBlackSite,numberOfRobotsOnWhiteSite
2260,17,17
timeStep,numberOfRobotsOnBlackSite,numberOfRobotsOnWhiteSite
2261,17,17
timeStep,numberOfRobotsOnBlackSite,numberOfRobotsOnWhiteSite
2262,17,17
timeStep,numberOfRobotsOnBlackSite,numberOfRobotsOnWhiteSite
2263,17,17
timeStep,numberOfRobotsOnBlackSite,numberOfRobotsOnWhiteSite
2264,17,17
timeStep,numberOfRobotsOnBlackSite,numberOfRobotsOnWhiteSite
2265,17,18
timeStep,numberOfRobotsOnBlackSite,numberOfRobotsOnWhiteSite
2266,17,18
timeStep,numberOfRobotsOnBlackSite,numberOfRobotsOnWhiteSite
2267,17,18
timeStep,numberOfRobotsOnBlackSite,numberOfRobotsOnWhiteSite
2268,17,18
timeStep,numberOfRobotsOnBlackSite,numberOfRobotsOnWhiteSite
2269,17,18
timeStep,numberOfRobotsOnBlackSite,numberOfRobotsOnWhiteSite
2270,17,18
timeStep,numberOfRobotsOnBlackSite,numberOfRobotsOnWhiteSite
2271,17,18
timeStep,numberOfRobotsOnBlackSite,numberOfRobotsOnWhiteSite
2272,17,18
timeStep,numberOfRobotsOnBlackSite,numberOfRobotsOnWhiteSite
2273,17,18
timeStep,numberOfRobotsOnBlackSite,numberOfRobotsOnWhiteSite
2274,17,18
timeStep,numberOfRobotsOnBlackSite,numberOfRobotsOnWhiteSite
2275,17,18
timeStep,numberOfRobotsOnBlackSite,numberOfRobotsOnWhiteSite
2276,17,18
timeStep,numberOfRobotsOnBlackSite,numberOfRobotsOnWhiteSite
2277,17,18
timeStep,numberOfRobotsOnBlackSite,numberOfRobotsOnWhiteSite
2278,17,18
timeStep,numberOfRobotsOnBlackSite,numberOfRobotsOnWhiteSite
2279,17,18
timeStep,numberOfRobotsOnBlackSite,numberOfRobotsOnWhiteSite
2280,17,18
timeStep,numberOfRobotsOnBlackSite,numberOfRobotsOnWhiteSite
2281,17,18
timeStep,numberOfRobotsOnBlackSite,numberOfRobotsOnWhiteSite
2282,17,18
timeStep,numberOfRobotsOnBlackSite,numberOfRobotsOnWhiteSite
2283,17,18
timeStep,numberOfRobotsOnBlackSite,numberOfRobotsOnWhiteSite
2284,17,18
timeStep,numberOfRobotsOnBlackSite,numberOfRobotsOnWhiteSite
2285,17,18
timeStep,numberOfRobotsOnBlackSite,numberOfRobotsOnWhiteSite
2286,17,18
timeStep,numberOfRobotsOnBlackSite,numberOfRobotsOnWhiteSite
2287,17,18
timeStep,numberOfRobotsOnBlackSite,numberOfRobotsOnWhiteSite
2288,17,18
timeStep,numberOfRobotsOnBlackSite,numberOfRobotsOnWhiteSite
2289,17,18
timeStep,numberOfRobotsOnBlackSite,numberOfRobotsOnWhiteSite
2290,17,18
timeStep,numberOfRobotsOnBlackSite,numberOfRobotsOnWhiteSite
2291,17,18
timeStep,numberOfRobotsOnBlackSite,numberOfRobotsOnWhiteSite
2292,17,18
timeStep,numberOfRobotsOnBlackSite,numberOfRobotsOnWhiteSite
2293,17,18
timeStep,numberOfRobotsOnBlackSite,numberOfRobotsOnWhiteSite
2294,17,18
timeStep,numberOfRobotsOnBlackSite,numberOfRobotsOnWhiteSite
2295,17,18
timeStep,numberOfRobotsOnBlackSite,numberOfRobotsOnWhiteSite
2296,17,18
timeStep,numberOfRobotsOnBlackSite,numberOfRobotsOnWhiteSite
2297,17,18
timeStep,numberOfRobotsOnBlackSite,numberOfRobotsOnWhiteSite
2298,17,18
timeStep,numberOfRobotsOnBlackSite,numberOfRobotsOnWhiteSite
2299,17,18
timeStep,numberOfRobotsOnBlackSite,numberOfRobotsOnWhiteSite
2300,17,18
timeStep,numberOfRobotsOnBlackSite,numberOfRobotsOnWhiteSite
2301,17,18
timeStep,numberOfRobotsOnBlackSite,numberOfRobotsOnWhiteSite
2302,17,18
timeStep,numberOfRobotsOnBlackSite,numberOfRobotsOnWhiteSite
2303,17,18
timeStep,numberOfRobotsOnBlackSite,numberOfRobotsOnWhiteSite
2304,17,18
timeStep,numberOfRobotsOnBlackSite,numberOfRobotsOnWhiteSite
2305,15,18
timeStep,numberOfRobotsOnBlackSite,numberOfRobotsOnWhiteSite
2306,15,18
timeStep,numberOfRobotsOnBlackSite,numberOfRobotsOnWhiteSite
2307,15,18
timeStep,numberOfRobotsOnBlackSite,numberOfRobotsOnWhiteSite
2308,15,18
timeStep,numberOfRobotsOnBlackSite,numberOfRobotsOnWhiteSite
2309,15,18
timeStep,numberOfRobotsOnBlackSite,numberOfRobotsOnWhiteSite
2310,14,18
timeStep,numberOfRobotsOnBlackSite,numberOfRobotsOnWhiteSite
2311,14,18
timeStep,numberOfRobotsOnBlackSite,numberOfRobotsOnWhiteSite
2312,14,18
timeStep,numberOfRobotsOnBlackSite,numberOfRobotsOnWhiteSite
2313,14,18
timeStep,numberOfRobotsOnBlackSite,numberOfRobotsOnWhiteSite
2314,14,18
timeStep,numberOfRobotsOnBlackSite,numberOfRobotsOnWhiteSite
2315,14,18
timeStep,numberOfRobotsOnBlackSite,numberOfRobotsOnWhiteSite
2316,14,18
timeStep,numberOfRobotsOnBlackSite,numberOfRobotsOnWhiteSite
2317,14,18
timeStep,numberOfRobotsOnBlackSite,numberOfRobotsOnWhiteSite
2318,14,18
timeStep,numberOfRobotsOnBlackSite,numberOfRobotsOnWhiteSite
2319,14,18
timeStep,numberOfRobotsOnBlackSite,numberOfRobotsOnWhiteSite
2320,14,18
timeStep,numberOfRobotsOnBlackSite,numberOfRobotsOnWhiteSite
2321,14,18
timeStep,numberOfRobotsOnBlackSite,numberOfRobotsOnWhiteSite
2322,14,18
timeStep,numberOfRobotsOnBlackSite,numberOfRobotsOnWhiteSite
2323,14,18
timeStep,numberOfRobotsOnBlackSite,numberOfRobotsOnWhiteSite
2324,14,18
timeStep,numberOfRobotsOnBlackSite,numberOfRobotsOnWhiteSite
2325,14,18
timeStep,numberOfRobotsOnBlackSite,numberOfRobotsOnWhiteSite
2326,14,18
timeStep,numberOfRobotsOnBlackSite,numberOfRobotsOnWhiteSite
2327,14,18
timeStep,numberOfRobotsOnBlackSite,numberOfRobotsOnWhiteSite
2328,14,18
timeStep,numberOfRobotsOnBlackSite,numberOfRobotsOnWhiteSite
2329,14,18
timeStep,numberOfRobotsOnBlackSite,numberOfRobotsOnWhiteSite
2330,14,17
timeStep,numberOfRobotsOnBlackSite,numberOfRobotsOnWhiteSite
2331,14,17
timeStep,numberOfRobotsOnBlackSite,numberOfRobotsOnWhiteSite
2332,14,17
timeStep,numberOfRobotsOnBlackSite,numberOfRobotsOnWhiteSite
2333,14,17
timeStep,numberOfRobotsOnBlackSite,numberOfRobotsOnWhiteSite
2334,14,17
timeStep,numberOfRobotsOnBlackSite,numberOfRobotsOnWhiteSite
2335,14,17
timeStep,numberOfRobotsOnBlackSite,numberOfRobotsOnWhiteSite
2336,14,17
timeStep,numberOfRobotsOnBlackSite,numberOfRobotsOnWhiteSite
2337,14,17
timeStep,numberOfRobotsOnBlackSite,numberOfRobotsOnWhiteSite
2338,14,17
timeStep,numberOfRobotsOnBlackSite,numberOfRobotsOnWhiteSite
2339,14,17
timeStep,numberOfRobotsOnBlackSite,numberOfRobotsOnWhiteSite
2340,14,16
timeStep,numberOfRobotsOnBlackSite,numberOfRobotsOnWhiteSite
2341,14,16
timeStep,numberOfRobotsOnBlackSite,numberOfRobotsOnWhiteSite
2342,14,16
timeStep,numberOfRobotsOnBlackSite,numberOfRobotsOnWhiteSite
2343,14,16
timeStep,numberOfRobotsOnBlackSite,numberOfRobotsOnWhiteSite
2344,14,16
timeStep,numberOfRobotsOnBlackSite,numberOfRobotsOnWhiteSite
2345,16,16
timeStep,numberOfRobotsOnBlackSite,numberOfRobotsOnWhiteSite
2346,16,16
timeStep,numberOfRobotsOnBlackSite,numberOfRobotsOnWhiteSite
2347,16,16
timeStep,numberOfRobotsOnBlackSite,numberOfRobotsOnWhiteSite
2348,16,16
timeStep,numberOfRobotsOnBlackSite,numberOfRobotsOnWhiteSite
2349,16,16
timeStep,numberOfRobotsOnBlackSite,numberOfRobotsOnWhiteSite
2350,16,16
timeStep,numberOfRobotsOnBlackSite,numberOfRobotsOnWhiteSite
2351,16,16
timeStep,numberOfRobotsOnBlackSite,numberOfRobotsOnWhiteSite
2352,16,16
timeStep,numberOfRobotsOnBlackSite,numberOfRobotsOnWhiteSite
2353,16,16
timeStep,numberOfRobotsOnBlackSite,numberOfRobotsOnWhiteSite
2354,16,16
timeStep,numberOfRobotsOnBlackSite,numberOfRobotsOnWhiteSite
2355,16,16
timeStep,numberOfRobotsOnBlackSite,numberOfRobotsOnWhiteSite
2356,16,16
timeStep,numberOfRobotsOnBlackSite,numberOfRobotsOnWhiteSite
2357,16,16
timeStep,numberOfRobotsOnBlackSite,numberOfRobotsOnWhiteSite
2358,16,16
timeStep,numberOfRobotsOnBlackSite,numberOfRobotsOnWhiteSite
2359,16,16
timeStep,numberOfRobotsOnBlackSite,numberOfRobotsOnWhiteSite
2360,16,16
timeStep,numberOfRobotsOnBlackSite,numberOfRobotsOnWhiteSite
2361,16,16
timeStep,numberOfRobotsOnBlackSite,numberOfRobotsOnWhiteSite
2362,16,16
timeStep,numberOfRobotsOnBlackSite,numberOfRobotsOnWhiteSite
2363,16,16
timeStep,numberOfRobotsOnBlackSite,numberOfRobotsOnWhiteSite
2364,16,16
timeStep,numberOfRobotsOnBlackSite,numberOfRobotsOnWhiteSite
2365,16,16
timeStep,numberOfRobotsOnBlackSite,numberOfRobotsOnWhiteSite
2366,16,16
timeStep,numberOfRobotsOnBlackSite,numberOfRobotsOnWhiteSite
2367,16,16
timeStep,numberOfRobotsOnBlackSite,numberOfRobotsOnWhiteSite
2368,16,16
timeStep,numberOfRobotsOnBlackSite,numberOfRobotsOnWhiteSite
2369,16,16
timeStep,numberOfRobotsOnBlackSite,numberOfRobotsOnWhiteSite
2370,16,16
timeStep,numberOfRobotsOnBlackSite,numberOfRobotsOnWhiteSite
2371,16,16
timeStep,numberOfRobotsOnBlackSite,numberOfRobotsOnWhiteSite
2372,16,16
timeStep,numberOfRobotsOnBlackSite,numberOfRobotsOnWhiteSite
2373,16,16
timeStep,numberOfRobotsOnBlackSite,numberOfRobotsOnWhiteSite
2374,16,16
timeStep,numberOfRobotsOnBlackSite,numberOfRobotsOnWhiteSite
2375,15,15
timeStep,numberOfRobotsOnBlackSite,numberOfRobotsOnWhiteSite
2376,15,15
timeStep,numberOfRobotsOnBlackSite,numberOfRobotsOnWhiteSite
2377,15,15
timeStep,numberOfRobotsOnBlackSite,numberOfRobotsOnWhiteSite
2378,15,15
timeStep,numberOfRobotsOnBlackSite,numberOfRobotsOnWhiteSite
2379,15,15
timeStep,numberOfRobotsOnBlackSite,numberOfRobotsOnWhiteSite
2380,15,15
timeStep,numberOfRobotsOnBlackSite,numberOfRobotsOnWhiteSite
2381,15,15
timeStep,numberOfRobotsOnBlackSite,numberOfRobotsOnWhiteSite
2382,15,15
timeStep,numberOfRobotsOnBlackSite,numberOfRobotsOnWhiteSite
2383,15,15
timeStep,numberOfRobotsOnBlackSite,numberOfRobotsOnWhiteSite
2384,15,15
timeStep,numberOfRobotsOnBlackSite,numberOfRobotsOnWhiteSite
2385,15,14
timeStep,numberOfRobotsOnBlackSite,numberOfRobotsOnWhiteSite
2386,15,14
timeStep,numberOfRobotsOnBlackSite,numberOfRobotsOnWhiteSite
2387,15,14
timeStep,numberOfRobotsOnBlackSite,numberOfRobotsOnWhiteSite
2388,15,14
timeStep,numberOfRobotsOnBlackSite,numberOfRobotsOnWhiteSite
2389,15,14
timeStep,numberOfRobotsOnBlackSite,numberOfRobotsOnWhiteSite
2390,15,14
timeStep,numberOfRobotsOnBlackSite,numberOfRobotsOnWhiteSite
2391,15,14
timeStep,numberOfRobotsOnBlackSite,numberOfRobotsOnWhiteSite
2392,15,14
timeStep,numberOfRobotsOnBlackSite,numberOfRobotsOnWhiteSite
2393,15,14
timeStep,numberOfRobotsOnBlackSite,numberOfRobotsOnWhiteSite
2394,15,14
timeStep,numberOfRobotsOnBlackSite,numberOfRobotsOnWhiteSite
2395,16,14
timeStep,numberOfRobotsOnBlackSite,numberOfRobotsOnWhiteSite
2396,16,14
timeStep,numberOfRobotsOnBlackSite,numberOfRobotsOnWhiteSite
2397,16,14
timeStep,numberOfRobotsOnBlackSite,numberOfRobotsOnWhiteSite
2398,16,14
timeStep,numberOfRobotsOnBlackSite,numberOfRobotsOnWhiteSite
2399,16,14
timeStep,numberOfRobotsOnBlackSite,numberOfRobotsOnWhiteSite
2400,17,14
timeStep,numberOfRobotsOnBlackSite,numberOfRobotsOnWhiteSite
2401,17,14
timeStep,numberOfRobotsOnBlackSite,numberOfRobotsOnWhiteSite
2402,17,14
timeStep,numberOfRobotsOnBlackSite,numberOfRobotsOnWhiteSite
2403,17,14
timeStep,numberOfRobotsOnBlackSite,numberOfRobotsOnWhiteSite
2404,17,14
timeStep,numberOfRobotsOnBlackSite,numberOfRobotsOnWhiteSite
2405,18,14
timeStep,numberOfRobotsOnBlackSite,numberOfRobotsOnWhiteSite
2406,18,14
timeStep,numberOfRobotsOnBlackSite,numberOfRobotsOnWhiteSite
2407,18,14
timeStep,numberOfRobotsOnBlackSite,numberOfRobotsOnWhiteSite
2408,18,14
timeStep,numberOfRobotsOnBlackSite,numberOfRobotsOnWhiteSite
2409,18,14
timeStep,numberOfRobotsOnBlackSite,numberOfRobotsOnWhiteSite
2410,18,14
timeStep,numberOfRobotsOnBlackSite,numberOfRobotsOnWhiteSite
2411,18,14
timeStep,numberOfRobotsOnBlackSite,numberOfRobotsOnWhiteSite
2412,18,14
timeStep,numberOfRobotsOnBlackSite,numberOfRobotsOnWhiteSite
2413,18,14
timeStep,numberOfRobotsOnBlackSite,numberOfRobotsOnWhiteSite
2414,18,14
timeStep,numberOfRobotsOnBlackSite,numberOfRobotsOnWhiteSite
2415,18,13
timeStep,numberOfRobotsOnBlackSite,numberOfRobotsOnWhiteSite
2416,18,13
timeStep,numberOfRobotsOnBlackSite,numberOfRobotsOnWhiteSite
2417,18,13
timeStep,numberOfRobotsOnBlackSite,numberOfRobotsOnWhiteSite
2418,18,13
timeStep,numberOfRobotsOnBlackSite,numberOfRobotsOnWhiteSite
2419,18,13
timeStep,numberOfRobotsOnBlackSite,numberOfRobotsOnWhiteSite
2420,18,13
timeStep,numberOfRobotsOnBlackSite,numberOfRobotsOnWhiteSite
2421,18,13
timeStep,numberOfRobotsOnBlackSite,numberOfRobotsOnWhiteSite
2422,18,13
timeStep,numberOfRobotsOnBlackSite,numberOfRobotsOnWhiteSite
2423,18,13
timeStep,numberOfRobotsOnBlackSite,numberOfRobotsOnWhiteSite
2424,18,13
timeStep,numberOfRobotsOnBlackSite,numberOfRobotsOnWhiteSite
2425,19,13
timeStep,numberOfRobotsOnBlackSite,numberOfRobotsOnWhiteSite
2426,19,13
timeStep,numberOfRobotsOnBlackSite,numberOfRobotsOnWhiteSite
2427,19,13
timeStep,numberOfRobotsOnBlackSite,numberOfRobotsOnWhiteSite
2428,19,13
timeStep,numberOfRobotsOnBlackSite,numberOfRobotsOnWhiteSite
2429,19,13
timeStep,numberOfRobotsOnBlackSite,numberOfRobotsOnWhiteSite
2430,19,13
timeStep,numberOfRobotsOnBlackSite,numberOfRobotsOnWhiteSite
2431,19,13
timeStep,numberOfRobotsOnBlackSite,numberOfRobotsOnWhiteSite
2432,19,13
timeStep,numberOfRobotsOnBlackSite,numberOfRobotsOnWhiteSite
2433,19,13
timeStep,numberOfRobotsOnBlackSite,numberOfRobotsOnWhiteSite
2434,19,13
timeStep,numberOfRobotsOnBlackSite,numberOfRobotsOnWhiteSite
2435,19,13
timeStep,numberOfRobotsOnBlackSite,numberOfRobotsOnWhiteSite
2436,19,13
timeStep,numberOfRobotsOnBlackSite,numberOfRobotsOnWhiteSite
2437,19,13
timeStep,numberOfRobotsOnBlackSite,numberOfRobotsOnWhiteSite
2438,19,13
timeStep,numberOfRobotsOnBlackSite,numberOfRobotsOnWhiteSite
2439,19,13
timeStep,numberOfRobotsOnBlackSite,numberOfRobotsOnWhiteSite
2440,19,16
timeStep,numberOfRobotsOnBlackSite,numberOfRobotsOnWhiteSite
2441,19,16
timeStep,numberOfRobotsOnBlackSite,numberOfRobotsOnWhiteSite
2442,19,16
timeStep,numberOfRobotsOnBlackSite,numberOfRobotsOnWhiteSite
2443,19,16
timeStep,numberOfRobotsOnBlackSite,numberOfRobotsOnWhiteSite
2444,19,16
timeStep,numberOfRobotsOnBlackSite,numberOfRobotsOnWhiteSite
2445,19,16
timeStep,numberOfRobotsOnBlackSite,numberOfRobotsOnWhiteSite
2446,19,16
timeStep,numberOfRobotsOnBlackSite,numberOfRobotsOnWhiteSite
2447,19,16
timeStep,numberOfRobotsOnBlackSite,numberOfRobotsOnWhiteSite
2448,19,16
timeStep,numberOfRobotsOnBlackSite,numberOfRobotsOnWhiteSite
2449,19,16
timeStep,numberOfRobotsOnBlackSite,numberOfRobotsOnWhiteSite
2450,19,16
timeStep,numberOfRobotsOnBlackSite,numberOfRobotsOnWhiteSite
2451,19,16
timeStep,numberOfRobotsOnBlackSite,numberOfRobotsOnWhiteSite
2452,19,16
timeStep,numberOfRobotsOnBlackSite,numberOfRobotsOnWhiteSite
2453,19,16
timeStep,numberOfRobotsOnBlackSite,numberOfRobotsOnWhiteSite
2454,19,16
timeStep,numberOfRobotsOnBlackSite,numberOfRobotsOnWhiteSite
2455,19,16
timeStep,numberOfRobotsOnBlackSite,numberOfRobotsOnWhiteSite
2456,19,16
timeStep,numberOfRobotsOnBlackSite,numberOfRobotsOnWhiteSite
2457,19,16
timeStep,numberOfRobotsOnBlackSite,numberOfRobotsOnWhiteSite
2458,19,16
timeStep,numberOfRobotsOnBlackSite,numberOfRobotsOnWhiteSite
2459,19,16
timeStep,numberOfRobotsOnBlackSite,numberOfRobotsOnWhiteSite
2460,19,16
timeStep,numberOfRobotsOnBlackSite,numberOfRobotsOnWhiteSite
2461,19,16
timeStep,numberOfRobotsOnBlackSite,numberOfRobotsOnWhiteSite
2462,19,16
timeStep,numberOfRobotsOnBlackSite,numberOfRobotsOnWhiteSite
2463,19,16
timeStep,numberOfRobotsOnBlackSite,numberOfRobotsOnWhiteSite
2464,19,16
timeStep,numberOfRobotsOnBlackSite,numberOfRobotsOnWhiteSite
2465,19,16
timeStep,numberOfRobotsOnBlackSite,numberOfRobotsOnWhiteSite
2466,19,16
timeStep,numberOfRobotsOnBlackSite,numberOfRobotsOnWhiteSite
2467,19,16
timeStep,numberOfRobotsOnBlackSite,numberOfRobotsOnWhiteSite
2468,19,16
timeStep,numberOfRobotsOnBlackSite,numberOfRobotsOnWhiteSite
2469,19,16
timeStep,numberOfRobotsOnBlackSite,numberOfRobotsOnWhiteSite
2470,19,16
timeStep,numberOfRobotsOnBlackSite,numberOfRobotsOnWhiteSite
2471,19,16
timeStep,numberOfRobotsOnBlackSite,numberOfRobotsOnWhiteSite
2472,19,16
timeStep,numberOfRobotsOnBlackSite,numberOfRobotsOnWhiteSite
2473,19,16
timeStep,numberOfRobotsOnBlackSite,numberOfRobotsOnWhiteSite
2474,19,16
timeStep,numberOfRobotsOnBlackSite,numberOfRobotsOnWhiteSite
2475,19,17
timeStep,numberOfRobotsOnBlackSite,numberOfRobotsOnWhiteSite
2476,19,17
timeStep,numberOfRobotsOnBlackSite,numberOfRobotsOnWhiteSite
2477,19,17
timeStep,numberOfRobotsOnBlackSite,numberOfRobotsOnWhiteSite
2478,19,17
timeStep,numberOfRobotsOnBlackSite,numberOfRobotsOnWhiteSite
2479,19,17
timeStep,numberOfRobotsOnBlackSite,numberOfRobotsOnWhiteSite
2480,19,18
timeStep,numberOfRobotsOnBlackSite,numberOfRobotsOnWhiteSite
2481,19,18
timeStep,numberOfRobotsOnBlackSite,numberOfRobotsOnWhiteSite
2482,19,18
timeStep,numberOfRobotsOnBlackSite,numberOfRobotsOnWhiteSite
2483,19,18
timeStep,numberOfRobotsOnBlackSite,numberOfRobotsOnWhiteSite
2484,19,18
timeStep,numberOfRobotsOnBlackSite,numberOfRobotsOnWhiteSite
2485,19,18
timeStep,numberOfRobotsOnBlackSite,numberOfRobotsOnWhiteSite
2486,19,18
timeStep,numberOfRobotsOnBlackSite,numberOfRobotsOnWhiteSite
2487,19,18
timeStep,numberOfRobotsOnBlackSite,numberOfRobotsOnWhiteSite
2488,19,18
timeStep,numberOfRobotsOnBlackSite,numberOfRobotsOnWhiteSite
2489,19,18
timeStep,numberOfRobotsOnBlackSite,numberOfRobotsOnWhiteSite
2490,19,18
timeStep,numberOfRobotsOnBlackSite,numberOfRobotsOnWhiteSite
2491,19,18
timeStep,numberOfRobotsOnBlackSite,numberOfRobotsOnWhiteSite
2492,19,18
timeStep,numberOfRobotsOnBlackSite,numberOfRobotsOnWhiteSite
2493,19,18
timeStep,numberOfRobotsOnBlackSite,numberOfRobotsOnWhiteSite
2494,19,18
timeStep,numberOfRobotsOnBlackSite,numberOfRobotsOnWhiteSite
2495,20,19
timeStep,numberOfRobotsOnBlackSite,numberOfRobotsOnWhiteSite
2496,20,19
timeStep,numberOfRobotsOnBlackSite,numberOfRobotsOnWhiteSite
2497,20,19
timeStep,numberOfRobotsOnBlackSite,numberOfRobotsOnWhiteSite
2498,20,19
timeStep,numberOfRobotsOnBlackSite,numberOfRobotsOnWhiteSite
2499,20,19
timeStep,numberOfRobotsOnBlackSite,numberOfRobotsOnWhiteSite
2500,20,19
timeStep,numberOfRobotsOnBlackSite,numberOfRobotsOnWhiteSite
2501,20,19
timeStep,numberOfRobotsOnBlackSite,numberOfRobotsOnWhiteSite
2502,20,19
timeStep,numberOfRobotsOnBlackSite,numberOfRobotsOnWhiteSite
2503,20,19
timeStep,numberOfRobotsOnBlackSite,numberOfRobotsOnWhiteSite
2504,20,19
timeStep,numberOfRobotsOnBlackSite,numberOfRobotsOnWhiteSite
2505,20,19
timeStep,numberOfRobotsOnBlackSite,numberOfRobotsOnWhiteSite
2506,20,19
timeStep,numberOfRobotsOnBlackSite,numberOfRobotsOnWhiteSite
2507,20,19
timeStep,numberOfRobotsOnBlackSite,numberOfRobotsOnWhiteSite
2508,20,19
timeStep,numberOfRobotsOnBlackSite,numberOfRobotsOnWhiteSite
2509,20,19
timeStep,numberOfRobotsOnBlackSite,numberOfRobotsOnWhiteSite
2510,19,18
timeStep,numberOfRobotsOnBlackSite,numberOfRobotsOnWhiteSite
2511,19,18
timeStep,numberOfRobotsOnBlackSite,numberOfRobotsOnWhiteSite
2512,19,18
timeStep,numberOfRobotsOnBlackSite,numberOfRobotsOnWhiteSite
2513,19,18
timeStep,numberOfRobotsOnBlackSite,numberOfRobotsOnWhiteSite
2514,19,18
timeStep,numberOfRobotsOnBlackSite,numberOfRobotsOnWhiteSite
2515,19,19
timeStep,numberOfRobotsOnBlackSite,numberOfRobotsOnWhiteSite
2516,19,19
timeStep,numberOfRobotsOnBlackSite,numberOfRobotsOnWhiteSite
2517,19,19
timeStep,numberOfRobotsOnBlackSite,numberOfRobotsOnWhiteSite
2518,19,19
timeStep,numberOfRobotsOnBlackSite,numberOfRobotsOnWhiteSite
2519,19,19
timeStep,numberOfRobotsOnBlackSite,numberOfRobotsOnWhiteSite
2520,19,19
timeStep,numberOfRobotsOnBlackSite,numberOfRobotsOnWhiteSite
2521,19,19
timeStep,numberOfRobotsOnBlackSite,numberOfRobotsOnWhiteSite
2522,19,19
timeStep,numberOfRobotsOnBlackSite,numberOfRobotsOnWhiteSite
2523,19,19
timeStep,numberOfRobotsOnBlackSite,numberOfRobotsOnWhiteSite
2524,19,19
timeStep,numberOfRobotsOnBlackSite,numberOfRobotsOnWhiteSite
2525,19,18
timeStep,numberOfRobotsOnBlackSite,numberOfRobotsOnWhiteSite
2526,19,18
timeStep,numberOfRobotsOnBlackSite,numberOfRobotsOnWhiteSite
2527,19,18
timeStep,numberOfRobotsOnBlackSite,numberOfRobotsOnWhiteSite
2528,19,18
timeStep,numberOfRobotsOnBlackSite,numberOfRobotsOnWhiteSite
2529,19,18
timeStep,numberOfRobotsOnBlackSite,numberOfRobotsOnWhiteSite
2530,19,18
timeStep,numberOfRobotsOnBlackSite,numberOfRobotsOnWhiteSite
2531,19,18
timeStep,numberOfRobotsOnBlackSite,numberOfRobotsOnWhiteSite
2532,19,18
timeStep,numberOfRobotsOnBlackSite,numberOfRobotsOnWhiteSite
2533,19,18
timeStep,numberOfRobotsOnBlackSite,numberOfRobotsOnWhiteSite
2534,19,18
timeStep,numberOfRobotsOnBlackSite,numberOfRobotsOnWhiteSite
2535,19,17
timeStep,numberOfRobotsOnBlackSite,numberOfRobotsOnWhiteSite
2536,19,17
timeStep,numberOfRobotsOnBlackSite,numberOfRobotsOnWhiteSite
2537,19,17
timeStep,numberOfRobotsOnBlackSite,numberOfRobotsOnWhiteSite
2538,19,17
timeStep,numberOfRobotsOnBlackSite,numberOfRobotsOnWhiteSite
2539,19,17
timeStep,numberOfRobotsOnBlackSite,numberOfRobotsOnWhiteSite
2540,19,17
timeStep,numberOfRobotsOnBlackSite,numberOfRobotsOnWhiteSite
2541,19,17
timeStep,numberOfRobotsOnBlackSite,numberOfRobotsOnWhiteSite
2542,19,17
timeStep,numberOfRobotsOnBlackSite,numberOfRobotsOnWhiteSite
2543,19,17
timeStep,numberOfRobotsOnBlackSite,numberOfRobotsOnWhiteSite
2544,19,17
timeStep,numberOfRobotsOnBlackSite,numberOfRobotsOnWhiteSite
2545,19,17
timeStep,numberOfRobotsOnBlackSite,numberOfRobotsOnWhiteSite
2546,19,17
timeStep,numberOfRobotsOnBlackSite,numberOfRobotsOnWhiteSite
2547,19,17
timeStep,numberOfRobotsOnBlackSite,numberOfRobotsOnWhiteSite
2548,19,17
timeStep,numberOfRobotsOnBlackSite,numberOfRobotsOnWhiteSite
2549,19,17
timeStep,numberOfRobotsOnBlackSite,numberOfRobotsOnWhiteSite
2550,19,17
timeStep,numberOfRobotsOnBlackSite,numberOfRobotsOnWhiteSite
2551,19,17
timeStep,numberOfRobotsOnBlackSite,numberOfRobotsOnWhiteSite
2552,19,17
timeStep,numberOfRobotsOnBlackSite,numberOfRobotsOnWhiteSite
2553,19,17
timeStep,numberOfRobotsOnBlackSite,numberOfRobotsOnWhiteSite
2554,19,17
timeStep,numberOfRobotsOnBlackSite,numberOfRobotsOnWhiteSite
2555,19,17
timeStep,numberOfRobotsOnBlackSite,numberOfRobotsOnWhiteSite
2556,19,17
timeStep,numberOfRobotsOnBlackSite,numberOfRobotsOnWhiteSite
2557,19,17
timeStep,numberOfRobotsOnBlackSite,numberOfRobotsOnWhiteSite
2558,19,17
timeStep,numberOfRobotsOnBlackSite,numberOfRobotsOnWhiteSite
2559,19,17
timeStep,numberOfRobotsOnBlackSite,numberOfRobotsOnWhiteSite
2560,19,18
timeStep,numberOfRobotsOnBlackSite,numberOfRobotsOnWhiteSite
2561,19,18
timeStep,numberOfRobotsOnBlackSite,numberOfRobotsOnWhiteSite
2562,19,18
timeStep,numberOfRobotsOnBlackSite,numberOfRobotsOnWhiteSite
2563,19,18
timeStep,numberOfRobotsOnBlackSite,numberOfRobotsOnWhiteSite
2564,19,18
timeStep,numberOfRobotsOnBlackSite,numberOfRobotsOnWhiteSite
2565,19,18
timeStep,numberOfRobotsOnBlackSite,numberOfRobotsOnWhiteSite
2566,19,18
timeStep,numberOfRobotsOnBlackSite,numberOfRobotsOnWhiteSite
2567,19,18
timeStep,numberOfRobotsOnBlackSite,numberOfRobotsOnWhiteSite
2568,19,18
timeStep,numberOfRobotsOnBlackSite,numberOfRobotsOnWhiteSite
2569,19,18
timeStep,numberOfRobotsOnBlackSite,numberOfRobotsOnWhiteSite
2570,19,18
timeStep,numberOfRobotsOnBlackSite,numberOfRobotsOnWhiteSite
2571,19,18
timeStep,numberOfRobotsOnBlackSite,numberOfRobotsOnWhiteSite
2572,19,18
timeStep,numberOfRobotsOnBlackSite,numberOfRobotsOnWhiteSite
2573,19,18
timeStep,numberOfRobotsOnBlackSite,numberOfRobotsOnWhiteSite
2574,19,18
timeStep,numberOfRobotsOnBlackSite,numberOfRobotsOnWhiteSite
2575,18,18
timeStep,numberOfRobotsOnBlackSite,numberOfRobotsOnWhiteSite
2576,18,18
timeStep,numberOfRobotsOnBlackSite,numberOfRobotsOnWhiteSite
2577,18,18
timeStep,numberOfRobotsOnBlackSite,numberOfRobotsOnWhiteSite
2578,18,18
timeStep,numberOfRobotsOnBlackSite,numberOfRobotsOnWhiteSite
2579,18,18
timeStep,numberOfRobotsOnBlackSite,numberOfRobotsOnWhiteSite
2580,18,18
timeStep,numberOfRobotsOnBlackSite,numberOfRobotsOnWhiteSite
2581,18,18
timeStep,numberOfRobotsOnBlackSite,numberOfRobotsOnWhiteSite
2582,18,18
timeStep,numberOfRobotsOnBlackSite,numberOfRobotsOnWhiteSite
2583,18,18
timeStep,numberOfRobotsOnBlackSite,numberOfRobotsOnWhiteSite
2584,18,18
timeStep,numberOfRobotsOnBlackSite,numberOfRobotsOnWhiteSite
2585,18,17
timeStep,numberOfRobotsOnBlackSite,numberOfRobotsOnWhiteSite
2586,18,17
timeStep,numberOfRobotsOnBlackSite,numberOfRobotsOnWhiteSite
2587,18,17
timeStep,numberOfRobotsOnBlackSite,numberOfRobotsOnWhiteSite
2588,18,17
timeStep,numberOfRobotsOnBlackSite,numberOfRobotsOnWhiteSite
2589,18,17
timeStep,numberOfRobotsOnBlackSite,numberOfRobotsOnWhiteSite
2590,19,17
timeStep,numberOfRobotsOnBlackSite,numberOfRobotsOnWhiteSite
2591,19,17
timeStep,numberOfRobotsOnBlackSite,numberOfRobotsOnWhiteSite
2592,19,17
timeStep,numberOfRobotsOnBlackSite,numberOfRobotsOnWhiteSite
2593,19,17
timeStep,numberOfRobotsOnBlackSite,numberOfRobotsOnWhiteSite
2594,19,17
timeStep,numberOfRobotsOnBlackSite,numberOfRobotsOnWhiteSite
2595,19,17
timeStep,numberOfRobotsOnBlackSite,numberOfRobotsOnWhiteSite
2596,19,17
timeStep,numberOfRobotsOnBlackSite,numberOfRobotsOnWhiteSite
2597,19,17
timeStep,numberOfRobotsOnBlackSite,numberOfRobotsOnWhiteSite
2598,19,17
timeStep,numberOfRobotsOnBlackSite,numberOfRobotsOnWhiteSite
2599,19,17
timeStep,numberOfRobotsOnBlackSite,numberOfRobotsOnWhiteSite
2600,19,16
timeStep,numberOfRobotsOnBlackSite,numberOfRobotsOnWhiteSite
2601,19,16
timeStep,numberOfRobotsOnBlackSite,numberOfRobotsOnWhiteSite
2602,19,16
timeStep,numberOfRobotsOnBlackSite,numberOfRobotsOnWhiteSite
2603,19,16
timeStep,numberOfRobotsOnBlackSite,numberOfRobotsOnWhiteSite
2604,19,16
timeStep,numberOfRobotsOnBlackSite,numberOfRobotsOnWhiteSite
2605,19,16
timeStep,numberOfRobotsOnBlackSite,numberOfRobotsOnWhiteSite
2606,19,16
timeStep,numberOfRobotsOnBlackSite,numberOfRobotsOnWhiteSite
2607,19,16
timeStep,numberOfRobotsOnBlackSite,numberOfRobotsOnWhiteSite
2608,19,16
timeStep,numberOfRobotsOnBlackSite,numberOfRobotsOnWhiteSite
2609,19,16
timeStep,numberOfRobotsOnBlackSite,numberOfRobotsOnWhiteSite
2610,19,17
timeStep,numberOfRobotsOnBlackSite,numberOfRobotsOnWhiteSite
2611,19,17
timeStep,numberOfRobotsOnBlackSite,numberOfRobotsOnWhiteSite
2612,19,17
timeStep,numberOfRobotsOnBlackSite,numberOfRobotsOnWhiteSite
2613,19,17
timeStep,numberOfRobotsOnBlackSite,numberOfRobotsOnWhiteSite
2614,19,17
timeStep,numberOfRobotsOnBlackSite,numberOfRobotsOnWhiteSite
2615,19,17
timeStep,numberOfRobotsOnBlackSite,numberOfRobotsOnWhiteSite
2616,19,17
timeStep,numberOfRobotsOnBlackSite,numberOfRobotsOnWhiteSite
2617,19,17
timeStep,numberOfRobotsOnBlackSite,numberOfRobotsOnWhiteSite
2618,19,17
timeStep,numberOfRobotsOnBlackSite,numberOfRobotsOnWhiteSite
2619,19,17
timeStep,numberOfRobotsOnBlackSite,numberOfRobotsOnWhiteSite
2620,19,17
timeStep,numberOfRobotsOnBlackSite,numberOfRobotsOnWhiteSite
2621,19,17
timeStep,numberOfRobotsOnBlackSite,numberOfRobotsOnWhiteSite
2622,19,17
timeStep,numberOfRobotsOnBlackSite,numberOfRobotsOnWhiteSite
2623,19,17
timeStep,numberOfRobotsOnBlackSite,numberOfRobotsOnWhiteSite
2624,19,17
timeStep,numberOfRobotsOnBlackSite,numberOfRobotsOnWhiteSite
2625,19,17
timeStep,numberOfRobotsOnBlackSite,numberOfRobotsOnWhiteSite
2626,19,17
timeStep,numberOfRobotsOnBlackSite,numberOfRobotsOnWhiteSite
2627,19,17
timeStep,numberOfRobotsOnBlackSite,numberOfRobotsOnWhiteSite
2628,19,17
timeStep,numberOfRobotsOnBlackSite,numberOfRobotsOnWhiteSite
2629,19,17
timeStep,numberOfRobotsOnBlackSite,numberOfRobotsOnWhiteSite
2630,19,18
timeStep,numberOfRobotsOnBlackSite,numberOfRobotsOnWhiteSite
2631,19,18
timeStep,numberOfRobotsOnBlackSite,numberOfRobotsOnWhiteSite
2632,19,18
timeStep,numberOfRobotsOnBlackSite,numberOfRobotsOnWhiteSite
2633,19,18
timeStep,numberOfRobotsOnBlackSite,numberOfRobotsOnWhiteSite
2634,19,18
timeStep,numberOfRobotsOnBlackSite,numberOfRobotsOnWhiteSite
2635,19,18
timeStep,numberOfRobotsOnBlackSite,numberOfRobotsOnWhiteSite
2636,19,18
timeStep,numberOfRobotsOnBlackSite,numberOfRobotsOnWhiteSite
2637,19,18
timeStep,numberOfRobotsOnBlackSite,numberOfRobotsOnWhiteSite
2638,19,18
timeStep,numberOfRobotsOnBlackSite,numberOfRobotsOnWhiteSite
2639,19,18
timeStep,numberOfRobotsOnBlackSite,numberOfRobotsOnWhiteSite
2640,19,18
timeStep,numberOfRobotsOnBlackSite,numberOfRobotsOnWhiteSite
2641,19,18
timeStep,numberOfRobotsOnBlackSite,numberOfRobotsOnWhiteSite
2642,19,18
timeStep,numberOfRobotsOnBlackSite,numberOfRobotsOnWhiteSite
2643,19,18
timeStep,numberOfRobotsOnBlackSite,numberOfRobotsOnWhiteSite
2644,19,18
timeStep,numberOfRobotsOnBlackSite,numberOfRobotsOnWhiteSite
2645,19,18
timeStep,numberOfRobotsOnBlackSite,numberOfRobotsOnWhiteSite
2646,19,18
timeStep,numberOfRobotsOnBlackSite,numberOfRobotsOnWhiteSite
2647,19,18
timeStep,numberOfRobotsOnBlackSite,numberOfRobotsOnWhiteSite
2648,19,18
timeStep,numberOfRobotsOnBlackSite,numberOfRobotsOnWhiteSite
2649,19,18
timeStep,numberOfRobotsOnBlackSite,numberOfRobotsOnWhiteSite
2650,19,18
timeStep,numberOfRobotsOnBlackSite,numberOfRobotsOnWhiteSite
2651,19,18
timeStep,numberOfRobotsOnBlackSite,numberOfRobotsOnWhiteSite
2652,19,18
timeStep,numberOfRobotsOnBlackSite,numberOfRobotsOnWhiteSite
2653,19,18
timeStep,numberOfRobotsOnBlackSite,numberOfRobotsOnWhiteSite
2654,19,18
timeStep,numberOfRobotsOnBlackSite,numberOfRobotsOnWhiteSite
2655,19,18
timeStep,numberOfRobotsOnBlackSite,numberOfRobotsOnWhiteSite
2656,19,18
timeStep,numberOfRobotsOnBlackSite,numberOfRobotsOnWhiteSite
2657,19,18
timeStep,numberOfRobotsOnBlackSite,numberOfRobotsOnWhiteSite
2658,19,18
timeStep,numberOfRobotsOnBlackSite,numberOfRobotsOnWhiteSite
2659,19,18
timeStep,numberOfRobotsOnBlackSite,numberOfRobotsOnWhiteSite
2660,19,18
timeStep,numberOfRobotsOnBlackSite,numberOfRobotsOnWhiteSite
2661,19,18
timeStep,numberOfRobotsOnBlackSite,numberOfRobotsOnWhiteSite
2662,19,18
timeStep,numberOfRobotsOnBlackSite,numberOfRobotsOnWhiteSite
2663,19,18
timeStep,numberOfRobotsOnBlackSite,numberOfRobotsOnWhiteSite
2664,19,18
timeStep,numberOfRobotsOnBlackSite,numberOfRobotsOnWhiteSite
2665,19,18
timeStep,numberOfRobotsOnBlackSite,numberOfRobotsOnWhiteSite
2666,19,18
timeStep,numberOfRobotsOnBlackSite,numberOfRobotsOnWhiteSite
2667,19,18
timeStep,numberOfRobotsOnBlackSite,numberOfRobotsOnWhiteSite
2668,19,18
timeStep,numberOfRobotsOnBlackSite,numberOfRobotsOnWhiteSite
2669,19,18
timeStep,numberOfRobotsOnBlackSite,numberOfRobotsOnWhiteSite
2670,19,17
timeStep,numberOfRobotsOnBlackSite,numberOfRobotsOnWhiteSite
2671,19,17
timeStep,numberOfRobotsOnBlackSite,numberOfRobotsOnWhiteSite
2672,19,17
timeStep,numberOfRobotsOnBlackSite,numberOfRobotsOnWhiteSite
2673,19,17
timeStep,numberOfRobotsOnBlackSite,numberOfRobotsOnWhiteSite
2674,19,17
timeStep,numberOfRobotsOnBlackSite,numberOfRobotsOnWhiteSite
2675,19,18
timeStep,numberOfRobotsOnBlackSite,numberOfRobotsOnWhiteSite
2676,19,18
timeStep,numberOfRobotsOnBlackSite,numberOfRobotsOnWhiteSite
2677,19,18
timeStep,numberOfRobotsOnBlackSite,numberOfRobotsOnWhiteSite
2678,19,18
timeStep,numberOfRobotsOnBlackSite,numberOfRobotsOnWhiteSite
2679,19,18
timeStep,numberOfRobotsOnBlackSite,numberOfRobotsOnWhiteSite
2680,19,18
timeStep,numberOfRobotsOnBlackSite,numberOfRobotsOnWhiteSite
2681,19,18
timeStep,numberOfRobotsOnBlackSite,numberOfRobotsOnWhiteSite
2682,19,18
timeStep,numberOfRobotsOnBlackSite,numberOfRobotsOnWhiteSite
2683,19,18
timeStep,numberOfRobotsOnBlackSite,numberOfRobotsOnWhiteSite
2684,19,18
timeStep,numberOfRobotsOnBlackSite,numberOfRobotsOnWhiteSite
2685,19,18
timeStep,numberOfRobotsOnBlackSite,numberOfRobotsOnWhiteSite
2686,19,18
timeStep,numberOfRobotsOnBlackSite,numberOfRobotsOnWhiteSite
2687,19,18
timeStep,numberOfRobotsOnBlackSite,numberOfRobotsOnWhiteSite
2688,19,18
timeStep,numberOfRobotsOnBlackSite,numberOfRobotsOnWhiteSite
2689,19,18
timeStep,numberOfRobotsOnBlackSite,numberOfRobotsOnWhiteSite
2690,19,18
timeStep,numberOfRobotsOnBlackSite,numberOfRobotsOnWhiteSite
2691,19,18
timeStep,numberOfRobotsOnBlackSite,numberOfRobotsOnWhiteSite
2692,19,18
timeStep,numberOfRobotsOnBlackSite,numberOfRobotsOnWhiteSite
2693,19,18
timeStep,numberOfRobotsOnBlackSite,numberOfRobotsOnWhiteSite
2694,19,18
timeStep,numberOfRobotsOnBlackSite,numberOfRobotsOnWhiteSite
2695,18,18
timeStep,numberOfRobotsOnBlackSite,numberOfRobotsOnWhiteSite
2696,18,18
timeStep,numberOfRobotsOnBlackSite,numberOfRobotsOnWhiteSite
2697,18,18
timeStep,numberOfRobotsOnBlackSite,numberOfRobotsOnWhiteSite
2698,18,18
timeStep,numberOfRobotsOnBlackSite,numberOfRobotsOnWhiteSite
2699,18,18
timeStep,numberOfRobotsOnBlackSite,numberOfRobotsOnWhiteSite
2700,18,18
timeStep,numberOfRobotsOnBlackSite,numberOfRobotsOnWhiteSite
2701,18,18
timeStep,numberOfRobotsOnBlackSite,numberOfRobotsOnWhiteSite
2702,18,18
timeStep,numberOfRobotsOnBlackSite,numberOfRobotsOnWhiteSite
2703,18,18
timeStep,numberOfRobotsOnBlackSite,numberOfRobotsOnWhiteSite
2704,18,18
timeStep,numberOfRobotsOnBlackSite,numberOfRobotsOnWhiteSite
2705,17,18
timeStep,numberOfRobotsOnBlackSite,numberOfRobotsOnWhiteSite
2706,17,18
timeStep,numberOfRobotsOnBlackSite,numberOfRobotsOnWhiteSite
2707,17,18
timeStep,numberOfRobotsOnBlackSite,numberOfRobotsOnWhiteSite
2708,17,18
timeStep,numberOfRobotsOnBlackSite,numberOfRobotsOnWhiteSite
2709,17,18
timeStep,numberOfRobotsOnBlackSite,numberOfRobotsOnWhiteSite
2710,17,18
timeStep,numberOfRobotsOnBlackSite,numberOfRobotsOnWhiteSite
2711,17,18
timeStep,numberOfRobotsOnBlackSite,numberOfRobotsOnWhiteSite
2712,17,18
timeStep,numberOfRobotsOnBlackSite,numberOfRobotsOnWhiteSite
2713,17,18
timeStep,numberOfRobotsOnBlackSite,numberOfRobotsOnWhiteSite
2714,17,18
timeStep,numberOfRobotsOnBlackSite,numberOfRobotsOnWhiteSite
2715,17,18
timeStep,numberOfRobotsOnBlackSite,numberOfRobotsOnWhiteSite
2716,17,18
timeStep,numberOfRobotsOnBlackSite,numberOfRobotsOnWhiteSite
2717,17,18
timeStep,numberOfRobotsOnBlackSite,numberOfRobotsOnWhiteSite
2718,17,18
timeStep,numberOfRobotsOnBlackSite,numberOfRobotsOnWhiteSite
2719,17,18
timeStep,numberOfRobotsOnBlackSite,numberOfRobotsOnWhiteSite
2720,17,18
timeStep,numberOfRobotsOnBlackSite,numberOfRobotsOnWhiteSite
2721,17,18
timeStep,numberOfRobotsOnBlackSite,numberOfRobotsOnWhiteSite
2722,17,18
timeStep,numberOfRobotsOnBlackSite,numberOfRobotsOnWhiteSite
2723,17,18
timeStep,numberOfRobotsOnBlackSite,numberOfRobotsOnWhiteSite
2724,17,18
timeStep,numberOfRobotsOnBlackSite,numberOfRobotsOnWhiteSite
2725,17,17
timeStep,numberOfRobotsOnBlackSite,numberOfRobotsOnWhiteSite
2726,17,17
timeStep,numberOfRobotsOnBlackSite,numberOfRobotsOnWhiteSite
2727,17,17
timeStep,numberOfRobotsOnBlackSite,numberOfRobotsOnWhiteSite
2728,17,17
timeStep,numberOfRobotsOnBlackSite,numberOfRobotsOnWhiteSite
2729,17,17
timeStep,numberOfRobotsOnBlackSite,numberOfRobotsOnWhiteSite
2730,17,17
timeStep,numberOfRobotsOnBlackSite,numberOfRobotsOnWhiteSite
2731,17,17
timeStep,numberOfRobotsOnBlackSite,numberOfRobotsOnWhiteSite
2732,17,17
timeStep,numberOfRobotsOnBlackSite,numberOfRobotsOnWhiteSite
2733,17,17
timeStep,numberOfRobotsOnBlackSite,numberOfRobotsOnWhiteSite
2734,17,17
timeStep,numberOfRobotsOnBlackSite,numberOfRobotsOnWhiteSite
2735,17,17
timeStep,numberOfRobotsOnBlackSite,numberOfRobotsOnWhiteSite
2736,17,17
timeStep,numberOfRobotsOnBlackSite,numberOfRobotsOnWhiteSite
2737,17,17
timeStep,numberOfRobotsOnBlackSite,numberOfRobotsOnWhiteSite
2738,17,17
timeStep,numberOfRobotsOnBlackSite,numberOfRobotsOnWhiteSite
2739,17,17
timeStep,numberOfRobotsOnBlackSite,numberOfRobotsOnWhiteSite
2740,18,17
timeStep,numberOfRobotsOnBlackSite,numberOfRobotsOnWhiteSite
2741,18,17
timeStep,numberOfRobotsOnBlackSite,numberOfRobotsOnWhiteSite
2742,18,17
timeStep,numberOfRobotsOnBlackSite,numberOfRobotsOnWhiteSite
2743,18,17
timeStep,numberOfRobotsOnBlackSite,numberOfRobotsOnWhiteSite
2744,18,17
timeStep,numberOfRobotsOnBlackSite,numberOfRobotsOnWhiteSite
2745,18,17
timeStep,numberOfRobotsOnBlackSite,numberOfRobotsOnWhiteSite
2746,18,17
timeStep,numberOfRobotsOnBlackSite,numberOfRobotsOnWhiteSite
2747,18,17
timeStep,numberOfRobotsOnBlackSite,numberOfRobotsOnWhiteSite
2748,18,17
timeStep,numberOfRobotsOnBlackSite,numberOfRobotsOnWhiteSite
2749,18,17
timeStep,numberOfRobotsOnBlackSite,numberOfRobotsOnWhiteSite
2750,18,17
timeStep,numberOfRobotsOnBlackSite,numberOfRobotsOnWhiteSite
2751,18,17
timeStep,numberOfRobotsOnBlackSite,numberOfRobotsOnWhiteSite
2752,18,17
timeStep,numberOfRobotsOnBlackSite,numberOfRobotsOnWhiteSite
2753,18,17
timeStep,numberOfRobotsOnBlackSite,numberOfRobotsOnWhiteSite
2754,18,17
timeStep,numberOfRobotsOnBlackSite,numberOfRobotsOnWhiteSite
2755,19,17
timeStep,numberOfRobotsOnBlackSite,numberOfRobotsOnWhiteSite
2756,19,17
timeStep,numberOfRobotsOnBlackSite,numberOfRobotsOnWhiteSite
2757,19,17
timeStep,numberOfRobotsOnBlackSite,numberOfRobotsOnWhiteSite
2758,19,17
timeStep,numberOfRobotsOnBlackSite,numberOfRobotsOnWhiteSite
2759,19,17
timeStep,numberOfRobotsOnBlackSite,numberOfRobotsOnWhiteSite
2760,19,17
timeStep,numberOfRobotsOnBlackSite,numberOfRobotsOnWhiteSite
2761,19,17
timeStep,numberOfRobotsOnBlackSite,numberOfRobotsOnWhiteSite
2762,19,17
timeStep,numberOfRobotsOnBlackSite,numberOfRobotsOnWhiteSite
2763,19,17
timeStep,numberOfRobotsOnBlackSite,numberOfRobotsOnWhiteSite
2764,19,17
timeStep,numberOfRobotsOnBlackSite,numberOfRobotsOnWhiteSite
2765,19,17
timeStep,numberOfRobotsOnBlackSite,numberOfRobotsOnWhiteSite
2766,19,17
timeStep,numberOfRobotsOnBlackSite,numberOfRobotsOnWhiteSite
2767,19,17
timeStep,numberOfRobotsOnBlackSite,numberOfRobotsOnWhiteSite
2768,19,17
timeStep,numberOfRobotsOnBlackSite,numberOfRobotsOnWhiteSite
2769,19,17
timeStep,numberOfRobotsOnBlackSite,numberOfRobotsOnWhiteSite
2770,19,17
timeStep,numberOfRobotsOnBlackSite,numberOfRobotsOnWhiteSite
2771,19,17
timeStep,numberOfRobotsOnBlackSite,numberOfRobotsOnWhiteSite
2772,19,17
timeStep,numberOfRobotsOnBlackSite,numberOfRobotsOnWhiteSite
2773,19,17
timeStep,numberOfRobotsOnBlackSite,numberOfRobotsOnWhiteSite
2774,19,17
timeStep,numberOfRobotsOnBlackSite,numberOfRobotsOnWhiteSite
2775,19,16
timeStep,numberOfRobotsOnBlackSite,numberOfRobotsOnWhiteSite
2776,19,16
timeStep,numberOfRobotsOnBlackSite,numberOfRobotsOnWhiteSite
2777,19,16
timeStep,numberOfRobotsOnBlackSite,numberOfRobotsOnWhiteSite
2778,19,16
timeStep,numberOfRobotsOnBlackSite,numberOfRobotsOnWhiteSite
2779,19,16
timeStep,numberOfRobotsOnBlackSite,numberOfRobotsOnWhiteSite
2780,19,16
timeStep,numberOfRobotsOnBlackSite,numberOfRobotsOnWhiteSite
2781,19,16
timeStep,numberOfRobotsOnBlackSite,numberOfRobotsOnWhiteSite
2782,19,16
timeStep,numberOfRobotsOnBlackSite,numberOfRobotsOnWhiteSite
2783,19,16
timeStep,numberOfRobotsOnBlackSite,numberOfRobotsOnWhiteSite
2784,19,16
timeStep,numberOfRobotsOnBlackSite,numberOfRobotsOnWhiteSite
2785,19,16
timeStep,numberOfRobotsOnBlackSite,numberOfRobotsOnWhiteSite
2786,19,16
timeStep,numberOfRobotsOnBlackSite,numberOfRobotsOnWhiteSite
2787,19,16
timeStep,numberOfRobotsOnBlackSite,numberOfRobotsOnWhiteSite
2788,19,16
timeStep,numberOfRobotsOnBlackSite,numberOfRobotsOnWhiteSite
2789,19,16
timeStep,numberOfRobotsOnBlackSite,numberOfRobotsOnWhiteSite
2790,19,16
timeStep,numberOfRobotsOnBlackSite,numberOfRobotsOnWhiteSite
2791,19,16
timeStep,numberOfRobotsOnBlackSite,numberOfRobotsOnWhiteSite
2792,19,16
timeStep,numberOfRobotsOnBlackSite,numberOfRobotsOnWhiteSite
2793,19,16
timeStep,numberOfRobotsOnBlackSite,numberOfRobotsOnWhiteSite
2794,19,16
timeStep,numberOfRobotsOnBlackSite,numberOfRobotsOnWhiteSite
2795,19,17
timeStep,numberOfRobotsOnBlackSite,numberOfRobotsOnWhiteSite
2796,19,17
timeStep,numberOfRobotsOnBlackSite,numberOfRobotsOnWhiteSite
2797,19,17
timeStep,numberOfRobotsOnBlackSite,numberOfRobotsOnWhiteSite
2798,19,17
timeStep,numberOfRobotsOnBlackSite,numberOfRobotsOnWhiteSite
2799,19,17
timeStep,numberOfRobotsOnBlackSite,numberOfRobotsOnWhiteSite
2800,19,17
timeStep,numberOfRobotsOnBlackSite,numberOfRobotsOnWhiteSite
2801,19,17
timeStep,numberOfRobotsOnBlackSite,numberOfRobotsOnWhiteSite
2802,19,17
timeStep,numberOfRobotsOnBlackSite,numberOfRobotsOnWhiteSite
2803,19,17
timeStep,numberOfRobotsOnBlackSite,numberOfRobotsOnWhiteSite
2804,19,17
timeStep,numberOfRobotsOnBlackSite,numberOfRobotsOnWhiteSite
2805,19,17
timeStep,numberOfRobotsOnBlackSite,numberOfRobotsOnWhiteSite
2806,19,17
timeStep,numberOfRobotsOnBlackSite,numberOfRobotsOnWhiteSite
2807,19,17
timeStep,numberOfRobotsOnBlackSite,numberOfRobotsOnWhiteSite
2808,19,17
timeStep,numberOfRobotsOnBlackSite,numberOfRobotsOnWhiteSite
2809,19,17
timeStep,numberOfRobotsOnBlackSite,numberOfRobotsOnWhiteSite
2810,19,17
timeStep,numberOfRobotsOnBlackSite,numberOfRobotsOnWhiteSite
2811,19,17
timeStep,numberOfRobotsOnBlackSite,numberOfRobotsOnWhiteSite
2812,19,17
timeStep,numberOfRobotsOnBlackSite,numberOfRobotsOnWhiteSite
2813,19,17
timeStep,numberOfRobotsOnBlackSite,numberOfRobotsOnWhiteSite
2814,19,17
timeStep,numberOfRobotsOnBlackSite,numberOfRobotsOnWhiteSite
2815,19,17
timeStep,numberOfRobotsOnBlackSite,numberOfRobotsOnWhiteSite
2816,19,17
timeStep,numberOfRobotsOnBlackSite,numberOfRobotsOnWhiteSite
2817,19,17
timeStep,numberOfRobotsOnBlackSite,numberOfRobotsOnWhiteSite
2818,19,17
timeStep,numberOfRobotsOnBlackSite,numberOfRobotsOnWhiteSite
2819,19,17
timeStep,numberOfRobotsOnBlackSite,numberOfRobotsOnWhiteSite
2820,19,17
timeStep,numberOfRobotsOnBlackSite,numberOfRobotsOnWhiteSite
2821,19,17
timeStep,numberOfRobotsOnBlackSite,numberOfRobotsOnWhiteSite
2822,19,17
timeStep,numberOfRobotsOnBlackSite,numberOfRobotsOnWhiteSite
2823,19,17
timeStep,numberOfRobotsOnBlackSite,numberOfRobotsOnWhiteSite
2824,19,17
timeStep,numberOfRobotsOnBlackSite,numberOfRobotsOnWhiteSite
2825,19,17
timeStep,numberOfRobotsOnBlackSite,numberOfRobotsOnWhiteSite
2826,19,17
timeStep,numberOfRobotsOnBlackSite,numberOfRobotsOnWhiteSite
2827,19,17
timeStep,numberOfRobotsOnBlackSite,numberOfRobotsOnWhiteSite
2828,19,17
timeStep,numberOfRobotsOnBlackSite,numberOfRobotsOnWhiteSite
2829,19,17
timeStep,numberOfRobotsOnBlackSite,numberOfRobotsOnWhiteSite
2830,19,17
timeStep,numberOfRobotsOnBlackSite,numberOfRobotsOnWhiteSite
2831,19,17
timeStep,numberOfRobotsOnBlackSite,numberOfRobotsOnWhiteSite
2832,19,17
timeStep,numberOfRobotsOnBlackSite,numberOfRobotsOnWhiteSite
2833,19,17
timeStep,numberOfRobotsOnBlackSite,numberOfRobotsOnWhiteSite
2834,19,17
timeStep,numberOfRobotsOnBlackSite,numberOfRobotsOnWhiteSite
2835,19,17
timeStep,numberOfRobotsOnBlackSite,numberOfRobotsOnWhiteSite
2836,19,17
timeStep,numberOfRobotsOnBlackSite,numberOfRobotsOnWhiteSite
2837,19,17
timeStep,numberOfRobotsOnBlackSite,numberOfRobotsOnWhiteSite
2838,19,17
timeStep,numberOfRobotsOnBlackSite,numberOfRobotsOnWhiteSite
2839,19,17
timeStep,numberOfRobotsOnBlackSite,numberOfRobotsOnWhiteSite
2840,19,18
timeStep,numberOfRobotsOnBlackSite,numberOfRobotsOnWhiteSite
2841,19,18
timeStep,numberOfRobotsOnBlackSite,numberOfRobotsOnWhiteSite
2842,19,18
timeStep,numberOfRobotsOnBlackSite,numberOfRobotsOnWhiteSite
2843,19,18
timeStep,numberOfRobotsOnBlackSite,numberOfRobotsOnWhiteSite
2844,19,18
timeStep,numberOfRobotsOnBlackSite,numberOfRobotsOnWhiteSite
2845,18,18
timeStep,numberOfRobotsOnBlackSite,numberOfRobotsOnWhiteSite
2846,18,18
timeStep,numberOfRobotsOnBlackSite,numberOfRobotsOnWhiteSite
2847,18,18
timeStep,numberOfRobotsOnBlackSite,numberOfRobotsOnWhiteSite
2848,18,18
timeStep,numberOfRobotsOnBlackSite,numberOfRobotsOnWhiteSite
2849,18,18
timeStep,numberOfRobotsOnBlackSite,numberOfRobotsOnWhiteSite
2850,18,18
timeStep,numberOfRobotsOnBlackSite,numberOfRobotsOnWhiteSite
2851,18,18
timeStep,numberOfRobotsOnBlackSite,numberOfRobotsOnWhiteSite
2852,18,18
timeStep,numberOfRobotsOnBlackSite,numberOfRobotsOnWhiteSite
2853,18,18
timeStep,numberOfRobotsOnBlackSite,numberOfRobotsOnWhiteSite
2854,18,18
timeStep,numberOfRobotsOnBlackSite,numberOfRobotsOnWhiteSite
2855,18,18
timeStep,numberOfRobotsOnBlackSite,numberOfRobotsOnWhiteSite
2856,18,18
timeStep,numberOfRobotsOnBlackSite,numberOfRobotsOnWhiteSite
2857,18,18
timeStep,numberOfRobotsOnBlackSite,numberOfRobotsOnWhiteSite
2858,18,18
timeStep,numberOfRobotsOnBlackSite,numberOfRobotsOnWhiteSite
2859,18,18
timeStep,numberOfRobotsOnBlackSite,numberOfRobotsOnWhiteSite
2860,17,18
timeStep,numberOfRobotsOnBlackSite,numberOfRobotsOnWhiteSite
2861,17,18
timeStep,numberOfRobotsOnBlackSite,numberOfRobotsOnWhiteSite
2862,17,18
timeStep,numberOfRobotsOnBlackSite,numberOfRobotsOnWhiteSite
2863,17,18
timeStep,numberOfRobotsOnBlackSite,numberOfRobotsOnWhiteSite
2864,17,18
timeStep,numberOfRobotsOnBlackSite,numberOfRobotsOnWhiteSite
2865,17,18
timeStep,numberOfRobotsOnBlackSite,numberOfRobotsOnWhiteSite
2866,17,18
timeStep,numberOfRobotsOnBlackSite,numberOfRobotsOnWhiteSite
2867,17,18
timeStep,numberOfRobotsOnBlackSite,numberOfRobotsOnWhiteSite
2868,17,18
timeStep,numberOfRobotsOnBlackSite,numberOfRobotsOnWhiteSite
2869,17,18
timeStep,numberOfRobotsOnBlackSite,numberOfRobotsOnWhiteSite
2870,17,18
timeStep,numberOfRobotsOnBlackSite,numberOfRobotsOnWhiteSite
2871,17,18
timeStep,numberOfRobotsOnBlackSite,numberOfRobotsOnWhiteSite
2872,17,18
timeStep,numberOfRobotsOnBlackSite,numberOfRobotsOnWhiteSite
2873,17,18
timeStep,numberOfRobotsOnBlackSite,numberOfRobotsOnWhiteSite
2874,17,18
timeStep,numberOfRobotsOnBlackSite,numberOfRobotsOnWhiteSite
2875,17,18
timeStep,numberOfRobotsOnBlackSite,numberOfRobotsOnWhiteSite
2876,17,18
timeStep,numberOfRobotsOnBlackSite,numberOfRobotsOnWhiteSite
2877,17,18
timeStep,numberOfRobotsOnBlackSite,numberOfRobotsOnWhiteSite
2878,17,18
timeStep,numberOfRobotsOnBlackSite,numberOfRobotsOnWhiteSite
2879,17,18
timeStep,numberOfRobotsOnBlackSite,numberOfRobotsOnWhiteSite
2880,17,18
timeStep,numberOfRobotsOnBlackSite,numberOfRobotsOnWhiteSite
2881,17,18
timeStep,numberOfRobotsOnBlackSite,numberOfRobotsOnWhiteSite
2882,17,18
timeStep,numberOfRobotsOnBlackSite,numberOfRobotsOnWhiteSite
2883,17,18
timeStep,numberOfRobotsOnBlackSite,numberOfRobotsOnWhiteSite
2884,17,18
timeStep,numberOfRobotsOnBlackSite,numberOfRobotsOnWhiteSite
2885,17,18
timeStep,numberOfRobotsOnBlackSite,numberOfRobotsOnWhiteSite
2886,17,18
timeStep,numberOfRobotsOnBlackSite,numberOfRobotsOnWhiteSite
2887,17,18
timeStep,numberOfRobotsOnBlackSite,numberOfRobotsOnWhiteSite
2888,17,18
timeStep,numberOfRobotsOnBlackSite,numberOfRobotsOnWhiteSite
2889,17,18
timeStep,numberOfRobotsOnBlackSite,numberOfRobotsOnWhiteSite
2890,17,18
timeStep,numberOfRobotsOnBlackSite,numberOfRobotsOnWhiteSite
2891,17,18
timeStep,numberOfRobotsOnBlackSite,numberOfRobotsOnWhiteSite
2892,17,18
timeStep,numberOfRobotsOnBlackSite,numberOfRobotsOnWhiteSite
2893,17,18
timeStep,numberOfRobotsOnBlackSite,numberOfRobotsOnWhiteSite
2894,17,18
timeStep,numberOfRobotsOnBlackSite,numberOfRobotsOnWhiteSite
2895,17,18
timeStep,numberOfRobotsOnBlackSite,numberOfRobotsOnWhiteSite
2896,17,18
timeStep,numberOfRobotsOnBlackSite,numberOfRobotsOnWhiteSite
2897,17,18
timeStep,numberOfRobotsOnBlackSite,numberOfRobotsOnWhiteSite
2898,17,18
timeStep,numberOfRobotsOnBlackSite,numberOfRobotsOnWhiteSite
2899,17,18
timeStep,numberOfRobotsOnBlackSite,numberOfRobotsOnWhiteSite
2900,16,18
timeStep,numberOfRobotsOnBlackSite,numberOfRobotsOnWhiteSite
2901,16,18
timeStep,numberOfRobotsOnBlackSite,numberOfRobotsOnWhiteSite
2902,16,18
timeStep,numberOfRobotsOnBlackSite,numberOfRobotsOnWhiteSite
2903,16,18
timeStep,numberOfRobotsOnBlackSite,numberOfRobotsOnWhiteSite
2904,16,18
timeStep,numberOfRobotsOnBlackSite,numberOfRobotsOnWhiteSite
2905,16,18
timeStep,numberOfRobotsOnBlackSite,numberOfRobotsOnWhiteSite
2906,16,18
timeStep,numberOfRobotsOnBlackSite,numberOfRobotsOnWhiteSite
2907,16,18
timeStep,numberOfRobotsOnBlackSite,numberOfRobotsOnWhiteSite
2908,16,18
timeStep,numberOfRobotsOnBlackSite,numberOfRobotsOnWhiteSite
2909,16,18
timeStep,numberOfRobotsOnBlackSite,numberOfRobotsOnWhiteSite
2910,17,18
timeStep,numberOfRobotsOnBlackSite,numberOfRobotsOnWhiteSite
2911,17,18
timeStep,numberOfRobotsOnBlackSite,numberOfRobotsOnWhiteSite
2912,17,18
timeStep,numberOfRobotsOnBlackSite,numberOfRobotsOnWhiteSite
2913,17,18
timeStep,numberOfRobotsOnBlackSite,numberOfRobotsOnWhiteSite
2914,17,18
timeStep,numberOfRobotsOnBlackSite,numberOfRobotsOnWhiteSite
2915,17,18
timeStep,numberOfRobotsOnBlackSite,numberOfRobotsOnWhiteSite
2916,17,18
timeStep,numberOfRobotsOnBlackSite,numberOfRobotsOnWhiteSite
2917,17,18
timeStep,numberOfRobotsOnBlackSite,numberOfRobotsOnWhiteSite
2918,17,18
timeStep,numberOfRobotsOnBlackSite,numberOfRobotsOnWhiteSite
2919,17,18
timeStep,numberOfRobotsOnBlackSite,numberOfRobotsOnWhiteSite
2920,17,18
timeStep,numberOfRobotsOnBlackSite,numberOfRobotsOnWhiteSite
2921,17,18
timeStep,numberOfRobotsOnBlackSite,numberOfRobotsOnWhiteSite
2922,17,18
timeStep,numberOfRobotsOnBlackSite,numberOfRobotsOnWhiteSite
2923,17,18
timeStep,numberOfRobotsOnBlackSite,numberOfRobotsOnWhiteSite
2924,17,18
timeStep,numberOfRobotsOnBlackSite,numberOfRobotsOnWhiteSite
2925,17,17
timeStep,numberOfRobotsOnBlackSite,numberOfRobotsOnWhiteSite
2926,17,17
timeStep,numberOfRobotsOnBlackSite,numberOfRobotsOnWhiteSite
2927,17,17
timeStep,numberOfRobotsOnBlackSite,numberOfRobotsOnWhiteSite
2928,17,17
timeStep,numberOfRobotsOnBlackSite,numberOfRobotsOnWhiteSite
2929,17,17
timeStep,numberOfRobotsOnBlackSite,numberOfRobotsOnWhiteSite
2930,17,17
timeStep,numberOfRobotsOnBlackSite,numberOfRobotsOnWhiteSite
2931,17,17
timeStep,numberOfRobotsOnBlackSite,numberOfRobotsOnWhiteSite
2932,17,17
timeStep,numberOfRobotsOnBlackSite,numberOfRobotsOnWhiteSite
2933,17,17
timeStep,numberOfRobotsOnBlackSite,numberOfRobotsOnWhiteSite
2934,17,17
timeStep,numberOfRobotsOnBlackSite,numberOfRobotsOnWhiteSite
2935,17,17
timeStep,numberOfRobotsOnBlackSite,numberOfRobotsOnWhiteSite
2936,17,17
timeStep,numberOfRobotsOnBlackSite,numberOfRobotsOnWhiteSite
2937,17,17
timeStep,numberOfRobotsOnBlackSite,numberOfRobotsOnWhiteSite
2938,17,17
timeStep,numberOfRobotsOnBlackSite,numberOfRobotsOnWhiteSite
2939,17,17
timeStep,numberOfRobotsOnBlackSite,numberOfRobotsOnWhiteSite
2940,17,16
timeStep,numberOfRobotsOnBlackSite,numberOfRobotsOnWhiteSite
2941,17,16
timeStep,numberOfRobotsOnBlackSite,numberOfRobotsOnWhiteSite
2942,17,16
timeStep,numberOfRobotsOnBlackSite,numberOfRobotsOnWhiteSite
2943,17,16
timeStep,numberOfRobotsOnBlackSite,numberOfRobotsOnWhiteSite
2944,17,16
timeStep,numberOfRobotsOnBlackSite,numberOfRobotsOnWhiteSite
2945,17,16
timeStep,numberOfRobotsOnBlackSite,numberOfRobotsOnWhiteSite
2946,17,16
timeStep,numberOfRobotsOnBlackSite,numberOfRobotsOnWhiteSite
2947,17,16
timeStep,numberOfRobotsOnBlackSite,numberOfRobotsOnWhiteSite
2948,17,16
timeStep,numberOfRobotsOnBlackSite,numberOfRobotsOnWhiteSite
2949,17,16
timeStep,numberOfRobotsOnBlackSite,numberOfRobotsOnWhiteSite
2950,17,16
timeStep,numberOfRobotsOnBlackSite,numberOfRobotsOnWhiteSite
2951,17,16
timeStep,numberOfRobotsOnBlackSite,numberOfRobotsOnWhiteSite
2952,17,16
timeStep,numberOfRobotsOnBlackSite,numberOfRobotsOnWhiteSite
2953,17,16
timeStep,numberOfRobotsOnBlackSite,numberOfRobotsOnWhiteSite
2954,17,16
timeStep,numberOfRobotsOnBlackSite,numberOfRobotsOnWhiteSite
2955,18,16
timeStep,numberOfRobotsOnBlackSite,numberOfRobotsOnWhiteSite
2956,18,16
timeStep,numberOfRobotsOnBlackSite,numberOfRobotsOnWhiteSite
2957,18,16
timeStep,numberOfRobotsOnBlackSite,numberOfRobotsOnWhiteSite
2958,18,16
timeStep,numberOfRobotsOnBlackSite,numberOfRobotsOnWhiteSite
2959,18,16
timeStep,numberOfRobotsOnBlackSite,numberOfRobotsOnWhiteSite
2960,18,16
timeStep,numberOfRobotsOnBlackSite,numberOfRobotsOnWhiteSite
2961,18,16
timeStep,numberOfRobotsOnBlackSite,numberOfRobotsOnWhiteSite
2962,18,16
timeStep,numberOfRobotsOnBlackSite,numberOfRobotsOnWhiteSite
2963,18,16
timeStep,numberOfRobotsOnBlackSite,numberOfRobotsOnWhiteSite
2964,18,16
timeStep,numberOfRobotsOnBlackSite,numberOfRobotsOnWhiteSite
2965,18,16
timeStep,numberOfRobotsOnBlackSite,numberOfRobotsOnWhiteSite
2966,18,16
timeStep,numberOfRobotsOnBlackSite,numberOfRobotsOnWhiteSite
2967,18,16
timeStep,numberOfRobotsOnBlackSite,numberOfRobotsOnWhiteSite
2968,18,16
timeStep,numberOfRobotsOnBlackSite,numberOfRobotsOnWhiteSite
2969,18,16
timeStep,numberOfRobotsOnBlackSite,numberOfRobotsOnWhiteSite
2970,18,16
timeStep,numberOfRobotsOnBlackSite,numberOfRobotsOnWhiteSite
2971,18,16
timeStep,numberOfRobotsOnBlackSite,numberOfRobotsOnWhiteSite
2972,18,16
timeStep,numberOfRobotsOnBlackSite,numberOfRobotsOnWhiteSite
2973,18,16
timeStep,numberOfRobotsOnBlackSite,numberOfRobotsOnWhiteSite
2974,18,16
timeStep,numberOfRobotsOnBlackSite,numberOfRobotsOnWhiteSite
2975,18,16
timeStep,numberOfRobotsOnBlackSite,numberOfRobotsOnWhiteSite
2976,18,16
timeStep,numberOfRobotsOnBlackSite,numberOfRobotsOnWhiteSite
2977,18,16
timeStep,numberOfRobotsOnBlackSite,numberOfRobotsOnWhiteSite
2978,18,16
timeStep,numberOfRobotsOnBlackSite,numberOfRobotsOnWhiteSite
2979,18,16
timeStep,numberOfRobotsOnBlackSite,numberOfRobotsOnWhiteSite
2980,18,16
timeStep,numberOfRobotsOnBlackSite,numberOfRobotsOnWhiteSite
2981,18,16
timeStep,numberOfRobotsOnBlackSite,numberOfRobotsOnWhiteSite
2982,18,16
timeStep,numberOfRobotsOnBlackSite,numberOfRobotsOnWhiteSite
2983,18,16
timeStep,numberOfRobotsOnBlackSite,numberOfRobotsOnWhiteSite
2984,18,16
timeStep,numberOfRobotsOnBlackSite,numberOfRobotsOnWhiteSite
2985,18,16
timeStep,numberOfRobotsOnBlackSite,numberOfRobotsOnWhiteSite
2986,18,16
timeStep,numberOfRobotsOnBlackSite,numberOfRobotsOnWhiteSite
2987,18,16
timeStep,numberOfRobotsOnBlackSite,numberOfRobotsOnWhiteSite
2988,18,16
timeStep,numberOfRobotsOnBlackSite,numberOfRobotsOnWhiteSite
2989,18,16
timeStep,numberOfRobotsOnBlackSite,numberOfRobotsOnWhiteSite
2990,17,16
timeStep,numberOfRobotsOnBlackSite,numberOfRobotsOnWhiteSite
2991,17,16
timeStep,numberOfRobotsOnBlackSite,numberOfRobotsOnWhiteSite
2992,17,16
timeStep,numberOfRobotsOnBlackSite,numberOfRobotsOnWhiteSite
2993,17,16
timeStep,numberOfRobotsOnBlackSite,numberOfRobotsOnWhiteSite
2994,17,16
timeStep,numberOfRobotsOnBlackSite,numberOfRobotsOnWhiteSite
2995,17,16
timeStep,numberOfRobotsOnBlackSite,numberOfRobotsOnWhiteSite
2996,17,16
timeStep,numberOfRobotsOnBlackSite,numberOfRobotsOnWhiteSite
2997,17,16
timeStep,numberOfRobotsOnBlackSite,numberOfRobotsOnWhiteSite
2998,17,16
timeStep,numberOfRobotsOnBlackSite,numberOfRobotsOnWhiteSite
2999,17,16
timeStep,numberOfRobotsOnBlackSite,numberOfRobotsOnWhiteSite
3000,17,17
timeStep,numberOfRobotsOnBlackSite,numberOfRobotsOnWhiteSite
3001,17,17
timeStep,numberOfRobotsOnBlackSite,numberOfRobotsOnWhiteSite
3002,17,17
timeStep,numberOfRobotsOnBlackSite,numberOfRobotsOnWhiteSite
3003,17,17
timeStep,numberOfRobotsOnBlackSite,numberOfRobotsOnWhiteSite
3004,17,17
timeStep,numberOfRobotsOnBlackSite,numberOfRobotsOnWhiteSite
3005,17,17
timeStep,numberOfRobotsOnBlackSite,numberOfRobotsOnWhiteSite
3006,17,17
timeStep,numberOfRobotsOnBlackSite,numberOfRobotsOnWhiteSite
3007,17,17
timeStep,numberOfRobotsOnBlackSite,numberOfRobotsOnWhiteSite
3008,17,17
timeStep,numberOfRobotsOnBlackSite,numberOfRobotsOnWhiteSite
3009,17,17
timeStep,numberOfRobotsOnBlackSite,numberOfRobotsOnWhiteSite
3010,17,17
timeStep,numberOfRobotsOnBlackSite,numberOfRobotsOnWhiteSite
3011,17,17
timeStep,numberOfRobotsOnBlackSite,numberOfRobotsOnWhiteSite
3012,17,17
timeStep,numberOfRobotsOnBlackSite,numberOfRobotsOnWhiteSite
3013,17,17
timeStep,numberOfRobotsOnBlackSite,numberOfRobotsOnWhiteSite
3014,17,17
timeStep,numberOfRobotsOnBlackSite,numberOfRobotsOnWhiteSite
3015,17,17
timeStep,numberOfRobotsOnBlackSite,numberOfRobotsOnWhiteSite
3016,17,17
timeStep,numberOfRobotsOnBlackSite,numberOfRobotsOnWhiteSite
3017,17,17
timeStep,numberOfRobotsOnBlackSite,numberOfRobotsOnWhiteSite
3018,17,17
timeStep,numberOfRobotsOnBlackSite,numberOfRobotsOnWhiteSite
3019,17,17
timeStep,numberOfRobotsOnBlackSite,numberOfRobotsOnWhiteSite
3020,17,17
timeStep,numberOfRobotsOnBlackSite,numberOfRobotsOnWhiteSite
3021,17,17
timeStep,numberOfRobotsOnBlackSite,numberOfRobotsOnWhiteSite
3022,17,17
timeStep,numberOfRobotsOnBlackSite,numberOfRobotsOnWhiteSite
3023,17,17
timeStep,numberOfRobotsOnBlackSite,numberOfRobotsOnWhiteSite
3024,17,17
timeStep,numberOfRobotsOnBlackSite,numberOfRobotsOnWhiteSite
3025,17,17
timeStep,numberOfRobotsOnBlackSite,numberOfRobotsOnWhiteSite
3026,17,17
timeStep,numberOfRobotsOnBlackSite,numberOfRobotsOnWhiteSite
3027,17,17
timeStep,numberOfRobotsOnBlackSite,numberOfRobotsOnWhiteSite
3028,17,17
timeStep,numberOfRobotsOnBlackSite,numberOfRobotsOnWhiteSite
3029,17,17
timeStep,numberOfRobotsOnBlackSite,numberOfRobotsOnWhiteSite
3030,17,17
timeStep,numberOfRobotsOnBlackSite,numberOfRobotsOnWhiteSite
3031,17,17
timeStep,numberOfRobotsOnBlackSite,numberOfRobotsOnWhiteSite
3032,17,17
timeStep,numberOfRobotsOnBlackSite,numberOfRobotsOnWhiteSite
3033,17,17
timeStep,numberOfRobotsOnBlackSite,numberOfRobotsOnWhiteSite
3034,17,17
timeStep,numberOfRobotsOnBlackSite,numberOfRobotsOnWhiteSite
3035,17,17
timeStep,numberOfRobotsOnBlackSite,numberOfRobotsOnWhiteSite
3036,17,17
timeStep,numberOfRobotsOnBlackSite,numberOfRobotsOnWhiteSite
3037,17,17
timeStep,numberOfRobotsOnBlackSite,numberOfRobotsOnWhiteSite
3038,17,17
timeStep,numberOfRobotsOnBlackSite,numberOfRobotsOnWhiteSite
3039,17,17
timeStep,numberOfRobotsOnBlackSite,numberOfRobotsOnWhiteSite
3040,15,16
timeStep,numberOfRobotsOnBlackSite,numberOfRobotsOnWhiteSite
3041,15,16
timeStep,numberOfRobotsOnBlackSite,numberOfRobotsOnWhiteSite
3042,15,16
timeStep,numberOfRobotsOnBlackSite,numberOfRobotsOnWhiteSite
3043,15,16
timeStep,numberOfRobotsOnBlackSite,numberOfRobotsOnWhiteSite
3044,15,16
timeStep,numberOfRobotsOnBlackSite,numberOfRobotsOnWhiteSite
3045,15,16
timeStep,numberOfRobotsOnBlackSite,numberOfRobotsOnWhiteSite
3046,15,16
timeStep,numberOfRobotsOnBlackSite,numberOfRobotsOnWhiteSite
3047,15,16
timeStep,numberOfRobotsOnBlackSite,numberOfRobotsOnWhiteSite
3048,15,16
timeStep,numberOfRobotsOnBlackSite,numberOfRobotsOnWhiteSite
3049,15,16
timeStep,numberOfRobotsOnBlackSite,numberOfRobotsOnWhiteSite
3050,15,15
timeStep,numberOfRobotsOnBlackSite,numberOfRobotsOnWhiteSite
3051,15,15
timeStep,numberOfRobotsOnBlackSite,numberOfRobotsOnWhiteSite
3052,15,15
timeStep,numberOfRobotsOnBlackSite,numberOfRobotsOnWhiteSite
3053,15,15
timeStep,numberOfRobotsOnBlackSite,numberOfRobotsOnWhiteSite
3054,15,15
timeStep,numberOfRobotsOnBlackSite,numberOfRobotsOnWhiteSite
3055,15,15
timeStep,numberOfRobotsOnBlackSite,numberOfRobotsOnWhiteSite
3056,15,15
timeStep,numberOfRobotsOnBlackSite,numberOfRobotsOnWhiteSite
3057,15,15
timeStep,numberOfRobotsOnBlackSite,numberOfRobotsOnWhiteSite
3058,15,15
timeStep,numberOfRobotsOnBlackSite,numberOfRobotsOnWhiteSite
3059,15,15
timeStep,numberOfRobotsOnBlackSite,numberOfRobotsOnWhiteSite
3060,15,15
timeStep,numberOfRobotsOnBlackSite,numberOfRobotsOnWhiteSite
3061,15,15
timeStep,numberOfRobotsOnBlackSite,numberOfRobotsOnWhiteSite
3062,15,15
timeStep,numberOfRobotsOnBlackSite,numberOfRobotsOnWhiteSite
3063,15,15
timeStep,numberOfRobotsOnBlackSite,numberOfRobotsOnWhiteSite
3064,15,15
timeStep,numberOfRobotsOnBlackSite,numberOfRobotsOnWhiteSite
3065,15,15
timeStep,numberOfRobotsOnBlackSite,numberOfRobotsOnWhiteSite
3066,15,15
timeStep,numberOfRobotsOnBlackSite,numberOfRobotsOnWhiteSite
3067,15,15
timeStep,numberOfRobotsOnBlackSite,numberOfRobotsOnWhiteSite
3068,15,15
timeStep,numberOfRobotsOnBlackSite,numberOfRobotsOnWhiteSite
3069,15,15
timeStep,numberOfRobotsOnBlackSite,numberOfRobotsOnWhiteSite
3070,14,15
timeStep,numberOfRobotsOnBlackSite,numberOfRobotsOnWhiteSite
3071,14,15
timeStep,numberOfRobotsOnBlackSite,numberOfRobotsOnWhiteSite
3072,14,15
timeStep,numberOfRobotsOnBlackSite,numberOfRobotsOnWhiteSite
3073,14,15
timeStep,numberOfRobotsOnBlackSite,numberOfRobotsOnWhiteSite
3074,14,15
timeStep,numberOfRobotsOnBlackSite,numberOfRobotsOnWhiteSite
3075,14,15
timeStep,numberOfRobotsOnBlackSite,numberOfRobotsOnWhiteSite
3076,14,15
timeStep,numberOfRobotsOnBlackSite,numberOfRobotsOnWhiteSite
3077,14,15
timeStep,numberOfRobotsOnBlackSite,numberOfRobotsOnWhiteSite
3078,14,15
timeStep,numberOfRobotsOnBlackSite,numberOfRobotsOnWhiteSite
3079,14,15
timeStep,numberOfRobotsOnBlackSite,numberOfRobotsOnWhiteSite
3080,14,15
timeStep,numberOfRobotsOnBlackSite,numberOfRobotsOnWhiteSite
3081,14,15
timeStep,numberOfRobotsOnBlackSite,numberOfRobotsOnWhiteSite
3082,14,15
timeStep,numberOfRobotsOnBlackSite,numberOfRobotsOnWhiteSite
3083,14,15
timeStep,numberOfRobotsOnBlackSite,numberOfRobotsOnWhiteSite
3084,14,15
timeStep,numberOfRobotsOnBlackSite,numberOfRobotsOnWhiteSite
3085,14,15
timeStep,numberOfRobotsOnBlackSite,numberOfRobotsOnWhiteSite
3086,14,15
timeStep,numberOfRobotsOnBlackSite,numberOfRobotsOnWhiteSite
3087,14,15
timeStep,numberOfRobotsOnBlackSite,numberOfRobotsOnWhiteSite
3088,14,15
timeStep,numberOfRobotsOnBlackSite,numberOfRobotsOnWhiteSite
3089,14,15
timeStep,numberOfRobotsOnBlackSite,numberOfRobotsOnWhiteSite
3090,15,15
timeStep,numberOfRobotsOnBlackSite,numberOfRobotsOnWhiteSite
3091,15,15
timeStep,numberOfRobotsOnBlackSite,numberOfRobotsOnWhiteSite
3092,15,15
timeStep,numberOfRobotsOnBlackSite,numberOfRobotsOnWhiteSite
3093,15,15
timeStep,numberOfRobotsOnBlackSite,numberOfRobotsOnWhiteSite
3094,15,15
timeStep,numberOfRobotsOnBlackSite,numberOfRobotsOnWhiteSite
3095,15,16
timeStep,numberOfRobotsOnBlackSite,numberOfRobotsOnWhiteSite
3096,15,16
timeStep,numberOfRobotsOnBlackSite,numberOfRobotsOnWhiteSite
3097,15,16
timeStep,numberOfRobotsOnBlackSite,numberOfRobotsOnWhiteSite
3098,15,16
timeStep,numberOfRobotsOnBlackSite,numberOfRobotsOnWhiteSite
3099,15,16
timeStep,numberOfRobotsOnBlackSite,numberOfRobotsOnWhiteSite
3100,16,16
timeStep,numberOfRobotsOnBlackSite,numberOfRobotsOnWhiteSite
3101,16,16
timeStep,numberOfRobotsOnBlackSite,numberOfRobotsOnWhiteSite
3102,16,16
timeStep,numberOfRobotsOnBlackSite,numberOfRobotsOnWhiteSite
3103,16,16
timeStep,numberOfRobotsOnBlackSite,numberOfRobotsOnWhiteSite
3104,16,16
timeStep,numberOfRobotsOnBlackSite,numberOfRobotsOnWhiteSite
3105,16,16
timeStep,numberOfRobotsOnBlackSite,numberOfRobotsOnWhiteSite
3106,16,16
timeStep,numberOfRobotsOnBlackSite,numberOfRobotsOnWhiteSite
3107,16,16
timeStep,numberOfRobotsOnBlackSite,numberOfRobotsOnWhiteSite
3108,16,16
timeStep,numberOfRobotsOnBlackSite,numberOfRobotsOnWhiteSite
3109,16,16
timeStep,numberOfRobotsOnBlackSite,numberOfRobotsOnWhiteSite
3110,16,16
timeStep,numberOfRobotsOnBlackSite,numberOfRobotsOnWhiteSite
3111,16,16
timeStep,numberOfRobotsOnBlackSite,numberOfRobotsOnWhiteSite
3112,16,16
timeStep,numberOfRobotsOnBlackSite,numberOfRobotsOnWhiteSite
3113,16,16
timeStep,numberOfRobotsOnBlackSite,numberOfRobotsOnWhiteSite
3114,16,16
timeStep,numberOfRobotsOnBlackSite,numberOfRobotsOnWhiteSite
3115,16,16
timeStep,numberOfRobotsOnBlackSite,numberOfRobotsOnWhiteSite
3116,16,16
timeStep,numberOfRobotsOnBlackSite,numberOfRobotsOnWhiteSite
3117,16,16
timeStep,numberOfRobotsOnBlackSite,numberOfRobotsOnWhiteSite
3118,16,16
timeStep,numberOfRobotsOnBlackSite,numberOfRobotsOnWhiteSite
3119,16,16
timeStep,numberOfRobotsOnBlackSite,numberOfRobotsOnWhiteSite
3120,16,16
timeStep,numberOfRobotsOnBlackSite,numberOfRobotsOnWhiteSite
3121,16,16
timeStep,numberOfRobotsOnBlackSite,numberOfRobotsOnWhiteSite
3122,16,16
timeStep,numberOfRobotsOnBlackSite,numberOfRobotsOnWhiteSite
3123,16,16
timeStep,numberOfRobotsOnBlackSite,numberOfRobotsOnWhiteSite
3124,16,16
timeStep,numberOfRobotsOnBlackSite,numberOfRobotsOnWhiteSite
3125,17,16
timeStep,numberOfRobotsOnBlackSite,numberOfRobotsOnWhiteSite
3126,17,16
timeStep,numberOfRobotsOnBlackSite,numberOfRobotsOnWhiteSite
3127,17,16
timeStep,numberOfRobotsOnBlackSite,numberOfRobotsOnWhiteSite
3128,17,16
timeStep,numberOfRobotsOnBlackSite,numberOfRobotsOnWhiteSite
3129,17,16
timeStep,numberOfRobotsOnBlackSite,numberOfRobotsOnWhiteSite
3130,17,17
timeStep,numberOfRobotsOnBlackSite,numberOfRobotsOnWhiteSite
3131,17,17
timeStep,numberOfRobotsOnBlackSite,numberOfRobotsOnWhiteSite
3132,17,17
timeStep,numberOfRobotsOnBlackSite,numberOfRobotsOnWhiteSite
3133,17,17
timeStep,numberOfRobotsOnBlackSite,numberOfRobotsOnWhiteSite
3134,17,17
timeStep,numberOfRobotsOnBlackSite,numberOfRobotsOnWhiteSite
3135,17,17
timeStep,numberOfRobotsOnBlackSite,numberOfRobotsOnWhiteSite
3136,17,17
timeStep,numberOfRobotsOnBlackSite,numberOfRobotsOnWhiteSite
3137,17,17
timeStep,numberOfRobotsOnBlackSite,numberOfRobotsOnWhiteSite
3138,17,17
timeStep,numberOfRobotsOnBlackSite,numberOfRobotsOnWhiteSite
3139,17,17
timeStep,numberOfRobotsOnBlackSite,numberOfRobotsOnWhiteSite
3140,17,17
timeStep,numberOfRobotsOnBlackSite,numberOfRobotsOnWhiteSite
3141,17,17
timeStep,numberOfRobotsOnBlackSite,numberOfRobotsOnWhiteSite
3142,17,17
timeStep,numberOfRobotsOnBlackSite,numberOfRobotsOnWhiteSite
3143,17,17
timeStep,numberOfRobotsOnBlackSite,numberOfRobotsOnWhiteSite
3144,17,17
timeStep,numberOfRobotsOnBlackSite,numberOfRobotsOnWhiteSite
3145,17,16
timeStep,numberOfRobotsOnBlackSite,numberOfRobotsOnWhiteSite
3146,17,16
timeStep,numberOfRobotsOnBlackSite,numberOfRobotsOnWhiteSite
3147,17,16
timeStep,numberOfRobotsOnBlackSite,numberOfRobotsOnWhiteSite
3148,17,16
timeStep,numberOfRobotsOnBlackSite,numberOfRobotsOnWhiteSite
3149,17,16
timeStep,numberOfRobotsOnBlackSite,numberOfRobotsOnWhiteSite
3150,17,16
timeStep,numberOfRobotsOnBlackSite,numberOfRobotsOnWhiteSite
3151,17,16
timeStep,numberOfRobotsOnBlackSite,numberOfRobotsOnWhiteSite
3152,17,16
timeStep,numberOfRobotsOnBlackSite,numberOfRobotsOnWhiteSite
3153,17,16
timeStep,numberOfRobotsOnBlackSite,numberOfRobotsOnWhiteSite
3154,17,16
timeStep,numberOfRobotsOnBlackSite,numberOfRobotsOnWhiteSite
3155,16,16
timeStep,numberOfRobotsOnBlackSite,numberOfRobotsOnWhiteSite
3156,16,16
timeStep,numberOfRobotsOnBlackSite,numberOfRobotsOnWhiteSite
3157,16,16
timeStep,numberOfRobotsOnBlackSite,numberOfRobotsOnWhiteSite
3158,16,16
timeStep,numberOfRobotsOnBlackSite,numberOfRobotsOnWhiteSite
3159,16,16
timeStep,numberOfRobotsOnBlackSite,numberOfRobotsOnWhiteSite
3160,15,16
timeStep,numberOfRobotsOnBlackSite,numberOfRobotsOnWhiteSite
3161,15,16
timeStep,numberOfRobotsOnBlackSite,numberOfRobotsOnWhiteSite
3162,15,16
timeStep,numberOfRobotsOnBlackSite,numberOfRobotsOnWhiteSite
3163,15,16
timeStep,numberOfRobotsOnBlackSite,numberOfRobotsOnWhiteSite
3164,15,16
timeStep,numberOfRobotsOnBlackSite,numberOfRobotsOnWhiteSite
3165,15,16
timeStep,numberOfRobotsOnBlackSite,numberOfRobotsOnWhiteSite
3166,15,16
timeStep,numberOfRobotsOnBlackSite,numberOfRobotsOnWhiteSite
3167,15,16
timeStep,numberOfRobotsOnBlackSite,numberOfRobotsOnWhiteSite
3168,15,16
timeStep,numberOfRobotsOnBlackSite,numberOfRobotsOnWhiteSite
3169,15,16
timeStep,numberOfRobotsOnBlackSite,numberOfRobotsOnWhiteSite
3170,15,16
timeStep,numberOfRobotsOnBlackSite,numberOfRobotsOnWhiteSite
3171,15,16
timeStep,numberOfRobotsOnBlackSite,numberOfRobotsOnWhiteSite
3172,15,16
timeStep,numberOfRobotsOnBlackSite,numberOfRobotsOnWhiteSite
3173,15,16
timeStep,numberOfRobotsOnBlackSite,numberOfRobotsOnWhiteSite
3174,15,16
timeStep,numberOfRobotsOnBlackSite,numberOfRobotsOnWhiteSite
3175,15,16
timeStep,numberOfRobotsOnBlackSite,numberOfRobotsOnWhiteSite
3176,15,16
timeStep,numberOfRobotsOnBlackSite,numberOfRobotsOnWhiteSite
3177,15,16
timeStep,numberOfRobotsOnBlackSite,numberOfRobotsOnWhiteSite
3178,15,16
timeStep,numberOfRobotsOnBlackSite,numberOfRobotsOnWhiteSite
3179,15,16
timeStep,numberOfRobotsOnBlackSite,numberOfRobotsOnWhiteSite
3180,15,16
timeStep,numberOfRobotsOnBlackSite,numberOfRobotsOnWhiteSite
3181,15,16
timeStep,numberOfRobotsOnBlackSite,numberOfRobotsOnWhiteSite
3182,15,16
timeStep,numberOfRobotsOnBlackSite,numberOfRobotsOnWhiteSite
3183,15,16
timeStep,numberOfRobotsOnBlackSite,numberOfRobotsOnWhiteSite
3184,15,16
timeStep,numberOfRobotsOnBlackSite,numberOfRobotsOnWhiteSite
3185,15,16
timeStep,numberOfRobotsOnBlackSite,numberOfRobotsOnWhiteSite
3186,15,16
timeStep,numberOfRobotsOnBlackSite,numberOfRobotsOnWhiteSite
3187,15,16
timeStep,numberOfRobotsOnBlackSite,numberOfRobotsOnWhiteSite
3188,15,16
timeStep,numberOfRobotsOnBlackSite,numberOfRobotsOnWhiteSite
3189,15,16
timeStep,numberOfRobotsOnBlackSite,numberOfRobotsOnWhiteSite
3190,14,16
timeStep,numberOfRobotsOnBlackSite,numberOfRobotsOnWhiteSite
3191,14,16
timeStep,numberOfRobotsOnBlackSite,numberOfRobotsOnWhiteSite
3192,14,16
timeStep,numberOfRobotsOnBlackSite,numberOfRobotsOnWhiteSite
3193,14,16
timeStep,numberOfRobotsOnBlackSite,numberOfRobotsOnWhiteSite
3194,14,16
timeStep,numberOfRobotsOnBlackSite,numberOfRobotsOnWhiteSite
3195,14,16
timeStep,numberOfRobotsOnBlackSite,numberOfRobotsOnWhiteSite
3196,14,16
timeStep,numberOfRobotsOnBlackSite,numberOfRobotsOnWhiteSite
3197,14,16
timeStep,numberOfRobotsOnBlackSite,numberOfRobotsOnWhiteSite
3198,14,16
timeStep,numberOfRobotsOnBlackSite,numberOfRobotsOnWhiteSite
3199,14,16
timeStep,numberOfRobotsOnBlackSite,numberOfRobotsOnWhiteSite
3200,14,16
timeStep,numberOfRobotsOnBlackSite,numberOfRobotsOnWhiteSite
3201,14,16
timeStep,numberOfRobotsOnBlackSite,numberOfRobotsOnWhiteSite
3202,14,16
timeStep,numberOfRobotsOnBlackSite,numberOfRobotsOnWhiteSite
3203,14,16
timeStep,numberOfRobotsOnBlackSite,numberOfRobotsOnWhiteSite
3204,14,16
timeStep,numberOfRobotsOnBlackSite,numberOfRobotsOnWhiteSite
3205,14,16
timeStep,numberOfRobotsOnBlackSite,numberOfRobotsOnWhiteSite
3206,14,16
timeStep,numberOfRobotsOnBlackSite,numberOfRobotsOnWhiteSite
3207,14,16
timeStep,numberOfRobotsOnBlackSite,numberOfRobotsOnWhiteSite
3208,14,16
timeStep,numberOfRobotsOnBlackSite,numberOfRobotsOnWhiteSite
3209,14,16
timeStep,numberOfRobotsOnBlackSite,numberOfRobotsOnWhiteSite
3210,14,16
timeStep,numberOfRobotsOnBlackSite,numberOfRobotsOnWhiteSite
3211,14,16
timeStep,numberOfRobotsOnBlackSite,numberOfRobotsOnWhiteSite
3212,14,16
timeStep,numberOfRobotsOnBlackSite,numberOfRobotsOnWhiteSite
3213,14,16
timeStep,numberOfRobotsOnBlackSite,numberOfRobotsOnWhiteSite
3214,14,16
timeStep,numberOfRobotsOnBlackSite,numberOfRobotsOnWhiteSite
3215,14,16
timeStep,numberOfRobotsOnBlackSite,numberOfRobotsOnWhiteSite
3216,14,16
timeStep,numberOfRobotsOnBlackSite,numberOfRobotsOnWhiteSite
3217,14,16
timeStep,numberOfRobotsOnBlackSite,numberOfRobotsOnWhiteSite
3218,14,16
timeStep,numberOfRobotsOnBlackSite,numberOfRobotsOnWhiteSite
3219,14,16
timeStep,numberOfRobotsOnBlackSite,numberOfRobotsOnWhiteSite
3220,15,16
timeStep,numberOfRobotsOnBlackSite,numberOfRobotsOnWhiteSite
3221,15,16
timeStep,numberOfRobotsOnBlackSite,numberOfRobotsOnWhiteSite
3222,15,16
timeStep,numberOfRobotsOnBlackSite,numberOfRobotsOnWhiteSite
3223,15,16
timeStep,numberOfRobotsOnBlackSite,numberOfRobotsOnWhiteSite
3224,15,16
timeStep,numberOfRobotsOnBlackSite,numberOfRobotsOnWhiteSite
3225,15,16
timeStep,numberOfRobotsOnBlackSite,numberOfRobotsOnWhiteSite
3226,15,16
timeStep,numberOfRobotsOnBlackSite,numberOfRobotsOnWhiteSite
3227,15,16
timeStep,numberOfRobotsOnBlackSite,numberOfRobotsOnWhiteSite
3228,15,16
timeStep,numberOfRobotsOnBlackSite,numberOfRobotsOnWhiteSite
3229,15,16
timeStep,numberOfRobotsOnBlackSite,numberOfRobotsOnWhiteSite
3230,15,16
timeStep,numberOfRobotsOnBlackSite,numberOfRobotsOnWhiteSite
3231,15,16
timeStep,numberOfRobotsOnBlackSite,numberOfRobotsOnWhiteSite
3232,15,16
timeStep,numberOfRobotsOnBlackSite,numberOfRobotsOnWhiteSite
3233,15,16
timeStep,numberOfRobotsOnBlackSite,numberOfRobotsOnWhiteSite
3234,15,16
timeStep,numberOfRobotsOnBlackSite,numberOfRobotsOnWhiteSite
3235,15,16
timeStep,numberOfRobotsOnBlackSite,numberOfRobotsOnWhiteSite
3236,15,16
timeStep,numberOfRobotsOnBlackSite,numberOfRobotsOnWhiteSite
3237,15,16
timeStep,numberOfRobotsOnBlackSite,numberOfRobotsOnWhiteSite
3238,15,16
timeStep,numberOfRobotsOnBlackSite,numberOfRobotsOnWhiteSite
3239,15,16
timeStep,numberOfRobotsOnBlackSite,numberOfRobotsOnWhiteSite
3240,16,16
timeStep,numberOfRobotsOnBlackSite,numberOfRobotsOnWhiteSite
3241,16,16
timeStep,numberOfRobotsOnBlackSite,numberOfRobotsOnWhiteSite
3242,16,16
timeStep,numberOfRobotsOnBlackSite,numberOfRobotsOnWhiteSite
3243,16,16
timeStep,numberOfRobotsOnBlackSite,numberOfRobotsOnWhiteSite
3244,16,16
timeStep,numberOfRobotsOnBlackSite,numberOfRobotsOnWhiteSite
3245,16,17
timeStep,numberOfRobotsOnBlackSite,numberOfRobotsOnWhiteSite
3246,16,17
timeStep,numberOfRobotsOnBlackSite,numberOfRobotsOnWhiteSite
3247,16,17
timeStep,numberOfRobotsOnBlackSite,numberOfRobotsOnWhiteSite
3248,16,17
timeStep,numberOfRobotsOnBlackSite,numberOfRobotsOnWhiteSite
3249,16,17
timeStep,numberOfRobotsOnBlackSite,numberOfRobotsOnWhiteSite
3250,16,17
timeStep,numberOfRobotsOnBlackSite,numberOfRobotsOnWhiteSite
3251,16,17
timeStep,numberOfRobotsOnBlackSite,numberOfRobotsOnWhiteSite
3252,16,17
timeStep,numberOfRobotsOnBlackSite,numberOfRobotsOnWhiteSite
3253,16,17
timeStep,numberOfRobotsOnBlackSite,numberOfRobotsOnWhiteSite
3254,16,17
timeStep,numberOfRobotsOnBlackSite,numberOfRobotsOnWhiteSite
3255,16,17
timeStep,numberOfRobotsOnBlackSite,numberOfRobotsOnWhiteSite
3256,16,17
timeStep,numberOfRobotsOnBlackSite,numberOfRobotsOnWhiteSite
3257,16,17
timeStep,numberOfRobotsOnBlackSite,numberOfRobotsOnWhiteSite
3258,16,17
timeStep,numberOfRobotsOnBlackSite,numberOfRobotsOnWhiteSite
3259,16,17
timeStep,numberOfRobotsOnBlackSite,numberOfRobotsOnWhiteSite
3260,16,17
timeStep,numberOfRobotsOnBlackSite,numberOfRobotsOnWhiteSite
3261,16,17
timeStep,numberOfRobotsOnBlackSite,numberOfRobotsOnWhiteSite
3262,16,17
timeStep,numberOfRobotsOnBlackSite,numberOfRobotsOnWhiteSite
3263,16,17
timeStep,numberOfRobotsOnBlackSite,numberOfRobotsOnWhiteSite
3264,16,17
timeStep,numberOfRobotsOnBlackSite,numberOfRobotsOnWhiteSite
3265,16,17
timeStep,numberOfRobotsOnBlackSite,numberOfRobotsOnWhiteSite
3266,16,17
timeStep,numberOfRobotsOnBlackSite,numberOfRobotsOnWhiteSite
3267,16,17
timeStep,numberOfRobotsOnBlackSite,numberOfRobotsOnWhiteSite
3268,16,17
timeStep,numberOfRobotsOnBlackSite,numberOfRobotsOnWhiteSite
3269,16,17
timeStep,numberOfRobotsOnBlackSite,numberOfRobotsOnWhiteSite
3270,16,17
timeStep,numberOfRobotsOnBlackSite,numberOfRobotsOnWhiteSite
3271,16,17
timeStep,numberOfRobotsOnBlackSite,numberOfRobotsOnWhiteSite
3272,16,17
timeStep,numberOfRobotsOnBlackSite,numberOfRobotsOnWhiteSite
3273,16,17
timeStep,numberOfRobotsOnBlackSite,numberOfRobotsOnWhiteSite
3274,16,17
timeStep,numberOfRobotsOnBlackSite,numberOfRobotsOnWhiteSite
3275,16,17
timeStep,numberOfRobotsOnBlackSite,numberOfRobotsOnWhiteSite
3276,16,17
timeStep,numberOfRobotsOnBlackSite,numberOfRobotsOnWhiteSite
3277,16,17
timeStep,numberOfRobotsOnBlackSite,numberOfRobotsOnWhiteSite
3278,16,17
timeStep,numberOfRobotsOnBlackSite,numberOfRobotsOnWhiteSite
3279,16,17
timeStep,numberOfRobotsOnBlackSite,numberOfRobotsOnWhiteSite
3280,17,17
timeStep,numberOfRobotsOnBlackSite,numberOfRobotsOnWhiteSite
3281,17,17
timeStep,numberOfRobotsOnBlackSite,numberOfRobotsOnWhiteSite
3282,17,17
timeStep,numberOfRobotsOnBlackSite,numberOfRobotsOnWhiteSite
3283,17,17
timeStep,numberOfRobotsOnBlackSite,numberOfRobotsOnWhiteSite
3284,17,17
timeStep,numberOfRobotsOnBlackSite,numberOfRobotsOnWhiteSite
3285,16,17
timeStep,numberOfRobotsOnBlackSite,numberOfRobotsOnWhiteSite
3286,16,17
timeStep,numberOfRobotsOnBlackSite,numberOfRobotsOnWhiteSite
3287,16,17
timeStep,numberOfRobotsOnBlackSite,numberOfRobotsOnWhiteSite
3288,16,17
timeStep,numberOfRobotsOnBlackSite,numberOfRobotsOnWhiteSite
3289,16,17
timeStep,numberOfRobotsOnBlackSite,numberOfRobotsOnWhiteSite
3290,16,17
timeStep,numberOfRobotsOnBlackSite,numberOfRobotsOnWhiteSite
3291,16,17
timeStep,numberOfRobotsOnBlackSite,numberOfRobotsOnWhiteSite
3292,16,17
timeStep,numberOfRobotsOnBlackSite,numberOfRobotsOnWhiteSite
3293,16,17
timeStep,numberOfRobotsOnBlackSite,numberOfRobotsOnWhiteSite
3294,16,17
timeStep,numberOfRobotsOnBlackSite,numberOfRobotsOnWhiteSite
3295,16,17
timeStep,numberOfRobotsOnBlackSite,numberOfRobotsOnWhiteSite
3296,16,17
timeStep,numberOfRobotsOnBlackSite,numberOfRobotsOnWhiteSite
3297,16,17
timeStep,numberOfRobotsOnBlackSite,numberOfRobotsOnWhiteSite
3298,16,17
timeStep,numberOfRobotsOnBlackSite,numberOfRobotsOnWhiteSite
3299,16,17
timeStep,numberOfRobotsOnBlackSite,numberOfRobotsOnWhiteSite
3300,16,17
timeStep,numberOfRobotsOnBlackSite,numberOfRobotsOnWhiteSite
3301,16,17
timeStep,numberOfRobotsOnBlackSite,numberOfRobotsOnWhiteSite
3302,16,17
timeStep,numberOfRobotsOnBlackSite,numberOfRobotsOnWhiteSite
3303,16,17
timeStep,numberOfRobotsOnBlackSite,numberOfRobotsOnWhiteSite
3304,16,17
timeStep,numberOfRobotsOnBlackSite,numberOfRobotsOnWhiteSite
3305,16,17
timeStep,numberOfRobotsOnBlackSite,numberOfRobotsOnWhiteSite
3306,16,17
timeStep,numberOfRobotsOnBlackSite,numberOfRobotsOnWhiteSite
3307,16,17
timeStep,numberOfRobotsOnBlackSite,numberOfRobotsOnWhiteSite
3308,16,17
timeStep,numberOfRobotsOnBlackSite,numberOfRobotsOnWhiteSite
3309,16,17
timeStep,numberOfRobotsOnBlackSite,numberOfRobotsOnWhiteSite
3310,16,17
timeStep,numberOfRobotsOnBlackSite,numberOfRobotsOnWhiteSite
3311,16,17
timeStep,numberOfRobotsOnBlackSite,numberOfRobotsOnWhiteSite
3312,16,17
timeStep,numberOfRobotsOnBlackSite,numberOfRobotsOnWhiteSite
3313,16,17
timeStep,numberOfRobotsOnBlackSite,numberOfRobotsOnWhiteSite
3314,16,17
timeStep,numberOfRobotsOnBlackSite,numberOfRobotsOnWhiteSite
3315,16,17
timeStep,numberOfRobotsOnBlackSite,numberOfRobotsOnWhiteSite
3316,16,17
timeStep,numberOfRobotsOnBlackSite,numberOfRobotsOnWhiteSite
3317,16,17
timeStep,numberOfRobotsOnBlackSite,numberOfRobotsOnWhiteSite
3318,16,17
timeStep,numberOfRobotsOnBlackSite,numberOfRobotsOnWhiteSite
3319,16,17
timeStep,numberOfRobotsOnBlackSite,numberOfRobotsOnWhiteSite
3320,17,17
timeStep,numberOfRobotsOnBlackSite,numberOfRobotsOnWhiteSite
3321,17,17
timeStep,numberOfRobotsOnBlackSite,numberOfRobotsOnWhiteSite
3322,17,17
timeStep,numberOfRobotsOnBlackSite,numberOfRobotsOnWhiteSite
3323,17,17
timeStep,numberOfRobotsOnBlackSite,numberOfRobotsOnWhiteSite
3324,17,17
timeStep,numberOfRobotsOnBlackSite,numberOfRobotsOnWhiteSite
3325,17,17
timeStep,numberOfRobotsOnBlackSite,numberOfRobotsOnWhiteSite
3326,17,17
timeStep,numberOfRobotsOnBlackSite,numberOfRobotsOnWhiteSite
3327,17,17
timeStep,numberOfRobotsOnBlackSite,numberOfRobotsOnWhiteSite
3328,17,17
timeStep,numberOfRobotsOnBlackSite,numberOfRobotsOnWhiteSite
3329,17,17
timeStep,numberOfRobotsOnBlackSite,numberOfRobotsOnWhiteSite
3330,17,17
timeStep,numberOfRobotsOnBlackSite,numberOfRobotsOnWhiteSite
3331,17,17
timeStep,numberOfRobotsOnBlackSite,numberOfRobotsOnWhiteSite
3332,17,17
timeStep,numberOfRobotsOnBlackSite,numberOfRobotsOnWhiteSite
3333,17,17
timeStep,numberOfRobotsOnBlackSite,numberOfRobotsOnWhiteSite
3334,17,17
timeStep,numberOfRobotsOnBlackSite,numberOfRobotsOnWhiteSite
3335,17,17
timeStep,numberOfRobotsOnBlackSite,numberOfRobotsOnWhiteSite
3336,17,17
timeStep,numberOfRobotsOnBlackSite,numberOfRobotsOnWhiteSite
3337,17,17
timeStep,numberOfRobotsOnBlackSite,numberOfRobotsOnWhiteSite
3338,17,17
timeStep,numberOfRobotsOnBlackSite,numberOfRobotsOnWhiteSite
3339,17,17
timeStep,numberOfRobotsOnBlackSite,numberOfRobotsOnWhiteSite
3340,17,17
timeStep,numberOfRobotsOnBlackSite,numberOfRobotsOnWhiteSite
3341,17,17
timeStep,numberOfRobotsOnBlackSite,numberOfRobotsOnWhiteSite
3342,17,17
timeStep,numberOfRobotsOnBlackSite,numberOfRobotsOnWhiteSite
3343,17,17
timeStep,numberOfRobotsOnBlackSite,numberOfRobotsOnWhiteSite
3344,17,17
timeStep,numberOfRobotsOnBlackSite,numberOfRobotsOnWhiteSite
3345,17,17
timeStep,numberOfRobotsOnBlackSite,numberOfRobotsOnWhiteSite
3346,17,17
timeStep,numberOfRobotsOnBlackSite,numberOfRobotsOnWhiteSite
3347,17,17
timeStep,numberOfRobotsOnBlackSite,numberOfRobotsOnWhiteSite
3348,17,17
timeStep,numberOfRobotsOnBlackSite,numberOfRobotsOnWhiteSite
3349,17,17
timeStep,numberOfRobotsOnBlackSite,numberOfRobotsOnWhiteSite
3350,16,18
timeStep,numberOfRobotsOnBlackSite,numberOfRobotsOnWhiteSite
3351,16,18
timeStep,numberOfRobotsOnBlackSite,numberOfRobotsOnWhiteSite
3352,16,18
timeStep,numberOfRobotsOnBlackSite,numberOfRobotsOnWhiteSite
3353,16,18
timeStep,numberOfRobotsOnBlackSite,numberOfRobotsOnWhiteSite
3354,16,18
timeStep,numberOfRobotsOnBlackSite,numberOfRobotsOnWhiteSite
3355,16,19
timeStep,numberOfRobotsOnBlackSite,numberOfRobotsOnWhiteSite
3356,16,19
timeStep,numberOfRobotsOnBlackSite,numberOfRobotsOnWhiteSite
3357,16,19
timeStep,numberOfRobotsOnBlackSite,numberOfRobotsOnWhiteSite
3358,16,19
timeStep,numberOfRobotsOnBlackSite,numberOfRobotsOnWhiteSite
3359,16,19
timeStep,numberOfRobotsOnBlackSite,numberOfRobotsOnWhiteSite
3360,16,19
timeStep,numberOfRobotsOnBlackSite,numberOfRobotsOnWhiteSite
3361,16,19
timeStep,numberOfRobotsOnBlackSite,numberOfRobotsOnWhiteSite
3362,16,19
timeStep,numberOfRobotsOnBlackSite,numberOfRobotsOnWhiteSite
3363,16,19
timeStep,numberOfRobotsOnBlackSite,numberOfRobotsOnWhiteSite
3364,16,19
timeStep,numberOfRobotsOnBlackSite,numberOfRobotsOnWhiteSite
3365,16,19
timeStep,numberOfRobotsOnBlackSite,numberOfRobotsOnWhiteSite
3366,16,19
timeStep,numberOfRobotsOnBlackSite,numberOfRobotsOnWhiteSite
3367,16,19
timeStep,numberOfRobotsOnBlackSite,numberOfRobotsOnWhiteSite
3368,16,19
timeStep,numberOfRobotsOnBlackSite,numberOfRobotsOnWhiteSite
3369,16,19
timeStep,numberOfRobotsOnBlackSite,numberOfRobotsOnWhiteSite
3370,17,18
timeStep,numberOfRobotsOnBlackSite,numberOfRobotsOnWhiteSite
3371,17,18
timeStep,numberOfRobotsOnBlackSite,numberOfRobotsOnWhiteSite
3372,17,18
timeStep,numberOfRobotsOnBlackSite,numberOfRobotsOnWhiteSite
3373,17,18
timeStep,numberOfRobotsOnBlackSite,numberOfRobotsOnWhiteSite
3374,17,18
timeStep,numberOfRobotsOnBlackSite,numberOfRobotsOnWhiteSite
3375,16,18
timeStep,numberOfRobotsOnBlackSite,numberOfRobotsOnWhiteSite
3376,16,18
timeStep,numberOfRobotsOnBlackSite,numberOfRobotsOnWhiteSite
3377,16,18
timeStep,numberOfRobotsOnBlackSite,numberOfRobotsOnWhiteSite
3378,16,18
timeStep,numberOfRobotsOnBlackSite,numberOfRobotsOnWhiteSite
3379,16,18
timeStep,numberOfRobotsOnBlackSite,numberOfRobotsOnWhiteSite
3380,17,18
timeStep,numberOfRobotsOnBlackSite,numberOfRobotsOnWhiteSite
3381,17,18
timeStep,numberOfRobotsOnBlackSite,numberOfRobotsOnWhiteSite
3382,17,18
timeStep,numberOfRobotsOnBlackSite,numberOfRobotsOnWhiteSite
3383,17,18
timeStep,numberOfRobotsOnBlackSite,numberOfRobotsOnWhiteSite
3384,17,18
timeStep,numberOfRobotsOnBlackSite,numberOfRobotsOnWhiteSite
3385,17,18
timeStep,numberOfRobotsOnBlackSite,numberOfRobotsOnWhiteSite
3386,17,18
timeStep,numberOfRobotsOnBlackSite,numberOfRobotsOnWhiteSite
3387,17,18
timeStep,numberOfRobotsOnBlackSite,numberOfRobotsOnWhiteSite
3388,17,18
timeStep,numberOfRobotsOnBlackSite,numberOfRobotsOnWhiteSite
3389,17,18
timeStep,numberOfRobotsOnBlackSite,numberOfRobotsOnWhiteSite
3390,18,18
timeStep,numberOfRobotsOnBlackSite,numberOfRobotsOnWhiteSite
3391,18,18
timeStep,numberOfRobotsOnBlackSite,numberOfRobotsOnWhiteSite
3392,18,18
timeStep,numberOfRobotsOnBlackSite,numberOfRobotsOnWhiteSite
3393,18,18
timeStep,numberOfRobotsOnBlackSite,numberOfRobotsOnWhiteSite
3394,18,18
timeStep,numberOfRobotsOnBlackSite,numberOfRobotsOnWhiteSite
3395,18,18
timeStep,numberOfRobotsOnBlackSite,numberOfRobotsOnWhiteSite
3396,18,18
timeStep,numberOfRobotsOnBlackSite,numberOfRobotsOnWhiteSite
3397,18,18
timeStep,numberOfRobotsOnBlackSite,numberOfRobotsOnWhiteSite
3398,18,18
timeStep,numberOfRobotsOnBlackSite,numberOfRobotsOnWhiteSite
3399,18,18
timeStep,numberOfRobotsOnBlackSite,numberOfRobotsOnWhiteSite
3400,18,18
timeStep,numberOfRobotsOnBlackSite,numberOfRobotsOnWhiteSite
3401,18,18
timeStep,numberOfRobotsOnBlackSite,numberOfRobotsOnWhiteSite
3402,18,18
timeStep,numberOfRobotsOnBlackSite,numberOfRobotsOnWhiteSite
3403,18,18
timeStep,numberOfRobotsOnBlackSite,numberOfRobotsOnWhiteSite
3404,18,18
timeStep,numberOfRobotsOnBlackSite,numberOfRobotsOnWhiteSite
3405,18,18
timeStep,numberOfRobotsOnBlackSite,numberOfRobotsOnWhiteSite
3406,18,18
timeStep,numberOfRobotsOnBlackSite,numberOfRobotsOnWhiteSite
3407,18,18
timeStep,numberOfRobotsOnBlackSite,numberOfRobotsOnWhiteSite
3408,18,18
timeStep,numberOfRobotsOnBlackSite,numberOfRobotsOnWhiteSite
3409,18,18
timeStep,numberOfRobotsOnBlackSite,numberOfRobotsOnWhiteSite
3410,18,18
timeStep,numberOfRobotsOnBlackSite,numberOfRobotsOnWhiteSite
3411,18,18
timeStep,numberOfRobotsOnBlackSite,numberOfRobotsOnWhiteSite
3412,18,18
timeStep,numberOfRobotsOnBlackSite,numberOfRobotsOnWhiteSite
3413,18,18
timeStep,numberOfRobotsOnBlackSite,numberOfRobotsOnWhiteSite
3414,18,18
timeStep,numberOfRobotsOnBlackSite,numberOfRobotsOnWhiteSite
3415,18,18
timeStep,numberOfRobotsOnBlackSite,numberOfRobotsOnWhiteSite
3416,18,18
timeStep,numberOfRobotsOnBlackSite,numberOfRobotsOnWhiteSite
3417,18,18
timeStep,numberOfRobotsOnBlackSite,numberOfRobotsOnWhiteSite
3418,18,18
timeStep,numberOfRobotsOnBlackSite,numberOfRobotsOnWhiteSite
3419,18,18
timeStep,numberOfRobotsOnBlackSite,numberOfRobotsOnWhiteSite
3420,18,18
timeStep,numberOfRobotsOnBlackSite,numberOfRobotsOnWhiteSite
3421,18,18
timeStep,numberOfRobotsOnBlackSite,numberOfRobotsOnWhiteSite
3422,18,18
timeStep,numberOfRobotsOnBlackSite,numberOfRobotsOnWhiteSite
3423,18,18
timeStep,numberOfRobotsOnBlackSite,numberOfRobotsOnWhiteSite
3424,18,18
timeStep,numberOfRobotsOnBlackSite,numberOfRobotsOnWhiteSite
3425,18,17
timeStep,numberOfRobotsOnBlackSite,numberOfRobotsOnWhiteSite
3426,18,17
timeStep,numberOfRobotsOnBlackSite,numberOfRobotsOnWhiteSite
3427,18,17
timeStep,numberOfRobotsOnBlackSite,numberOfRobotsOnWhiteSite
3428,18,17
timeStep,numberOfRobotsOnBlackSite,numberOfRobotsOnWhiteSite
3429,18,17
timeStep,numberOfRobotsOnBlackSite,numberOfRobotsOnWhiteSite
3430,17,17
timeStep,numberOfRobotsOnBlackSite,numberOfRobotsOnWhiteSite
3431,17,17
timeStep,numberOfRobotsOnBlackSite,numberOfRobotsOnWhiteSite
3432,17,17
timeStep,numberOfRobotsOnBlackSite,numberOfRobotsOnWhiteSite
3433,17,17
timeStep,numberOfRobotsOnBlackSite,numberOfRobotsOnWhiteSite
3434,17,17
timeStep,numberOfRobotsOnBlackSite,numberOfRobotsOnWhiteSite
3435,18,17
timeStep,numberOfRobotsOnBlackSite,numberOfRobotsOnWhiteSite
3436,18,17
timeStep,numberOfRobotsOnBlackSite,numberOfRobotsOnWhiteSite
3437,18,17
timeStep,numberOfRobotsOnBlackSite,numberOfRobotsOnWhiteSite
3438,18,17
timeStep,numberOfRobotsOnBlackSite,numberOfRobotsOnWhiteSite
3439,18,17
timeStep,numberOfRobotsOnBlackSite,numberOfRobotsOnWhiteSite
3440,18,17
timeStep,numberOfRobotsOnBlackSite,numberOfRobotsOnWhiteSite
3441,18,17
timeStep,numberOfRobotsOnBlackSite,numberOfRobotsOnWhiteSite
3442,18,17
timeStep,numberOfRobotsOnBlackSite,numberOfRobotsOnWhiteSite
3443,18,17
timeStep,numberOfRobotsOnBlackSite,numberOfRobotsOnWhiteSite
3444,18,17
timeStep,numberOfRobotsOnBlackSite,numberOfRobotsOnWhiteSite
3445,18,17
timeStep,numberOfRobotsOnBlackSite,numberOfRobotsOnWhiteSite
3446,18,17
timeStep,numberOfRobotsOnBlackSite,numberOfRobotsOnWhiteSite
3447,18,17
timeStep,numberOfRobotsOnBlackSite,numberOfRobotsOnWhiteSite
3448,18,17
timeStep,numberOfRobotsOnBlackSite,numberOfRobotsOnWhiteSite
3449,18,17
timeStep,numberOfRobotsOnBlackSite,numberOfRobotsOnWhiteSite
3450,18,17
timeStep,numberOfRobotsOnBlackSite,numberOfRobotsOnWhiteSite
3451,18,17
timeStep,numberOfRobotsOnBlackSite,numberOfRobotsOnWhiteSite
3452,18,17
timeStep,numberOfRobotsOnBlackSite,numberOfRobotsOnWhiteSite
3453,18,17
timeStep,numberOfRobotsOnBlackSite,numberOfRobotsOnWhiteSite
3454,18,17
timeStep,numberOfRobotsOnBlackSite,numberOfRobotsOnWhiteSite
3455,18,18
timeStep,numberOfRobotsOnBlackSite,numberOfRobotsOnWhiteSite
3456,18,18
timeStep,numberOfRobotsOnBlackSite,numberOfRobotsOnWhiteSite
3457,18,18
timeStep,numberOfRobotsOnBlackSite,numberOfRobotsOnWhiteSite
3458,18,18
timeStep,numberOfRobotsOnBlackSite,numberOfRobotsOnWhiteSite
3459,18,18
timeStep,numberOfRobotsOnBlackSite,numberOfRobotsOnWhiteSite
3460,18,18
timeStep,numberOfRobotsOnBlackSite,numberOfRobotsOnWhiteSite
3461,18,18
timeStep,numberOfRobotsOnBlackSite,numberOfRobotsOnWhiteSite
3462,18,18
timeStep,numberOfRobotsOnBlackSite,numberOfRobotsOnWhiteSite
3463,18,18
timeStep,numberOfRobotsOnBlackSite,numberOfRobotsOnWhiteSite
3464,18,18
timeStep,numberOfRobotsOnBlackSite,numberOfRobotsOnWhiteSite
3465,18,18
timeStep,numberOfRobotsOnBlackSite,numberOfRobotsOnWhiteSite
3466,18,18
timeStep,numberOfRobotsOnBlackSite,numberOfRobotsOnWhiteSite
3467,18,18
timeStep,numberOfRobotsOnBlackSite,numberOfRobotsOnWhiteSite
3468,18,18
timeStep,numberOfRobotsOnBlackSite,numberOfRobotsOnWhiteSite
3469,18,18
timeStep,numberOfRobotsOnBlackSite,numberOfRobotsOnWhiteSite
3470,18,18
timeStep,numberOfRobotsOnBlackSite,numberOfRobotsOnWhiteSite
3471,18,18
timeStep,numberOfRobotsOnBlackSite,numberOfRobotsOnWhiteSite
3472,18,18
timeStep,numberOfRobotsOnBlackSite,numberOfRobotsOnWhiteSite
3473,18,18
timeStep,numberOfRobotsOnBlackSite,numberOfRobotsOnWhiteSite
3474,18,18
timeStep,numberOfRobotsOnBlackSite,numberOfRobotsOnWhiteSite
3475,18,18
timeStep,numberOfRobotsOnBlackSite,numberOfRobotsOnWhiteSite
3476,18,18
timeStep,numberOfRobotsOnBlackSite,numberOfRobotsOnWhiteSite
3477,18,18
timeStep,numberOfRobotsOnBlackSite,numberOfRobotsOnWhiteSite
3478,18,18
timeStep,numberOfRobotsOnBlackSite,numberOfRobotsOnWhiteSite
3479,18,18
timeStep,numberOfRobotsOnBlackSite,numberOfRobotsOnWhiteSite
3480,18,18
timeStep,numberOfRobotsOnBlackSite,numberOfRobotsOnWhiteSite
3481,18,18
timeStep,numberOfRobotsOnBlackSite,numberOfRobotsOnWhiteSite
3482,18,18
timeStep,numberOfRobotsOnBlackSite,numberOfRobotsOnWhiteSite
3483,18,18
timeStep,numberOfRobotsOnBlackSite,numberOfRobotsOnWhiteSite
3484,18,18
timeStep,numberOfRobotsOnBlackSite,numberOfRobotsOnWhiteSite
3485,18,18
timeStep,numberOfRobotsOnBlackSite,numberOfRobotsOnWhiteSite
3486,18,18
timeStep,numberOfRobotsOnBlackSite,numberOfRobotsOnWhiteSite
3487,18,18
timeStep,numberOfRobotsOnBlackSite,numberOfRobotsOnWhiteSite
3488,18,18
timeStep,numberOfRobotsOnBlackSite,numberOfRobotsOnWhiteSite
3489,18,18
timeStep,numberOfRobotsOnBlackSite,numberOfRobotsOnWhiteSite
3490,18,18
timeStep,numberOfRobotsOnBlackSite,numberOfRobotsOnWhiteSite
3491,18,18
timeStep,numberOfRobotsOnBlackSite,numberOfRobotsOnWhiteSite
3492,18,18
timeStep,numberOfRobotsOnBlackSite,numberOfRobotsOnWhiteSite
3493,18,18
timeStep,numberOfRobotsOnBlackSite,numberOfRobotsOnWhiteSite
3494,18,18
timeStep,numberOfRobotsOnBlackSite,numberOfRobotsOnWhiteSite
3495,18,18
timeStep,numberOfRobotsOnBlackSite,numberOfRobotsOnWhiteSite
3496,18,18
timeStep,numberOfRobotsOnBlackSite,numberOfRobotsOnWhiteSite
3497,18,18
timeStep,numberOfRobotsOnBlackSite,numberOfRobotsOnWhiteSite
3498,18,18
timeStep,numberOfRobotsOnBlackSite,numberOfRobotsOnWhiteSite
3499,18,18
timeStep,numberOfRobotsOnBlackSite,numberOfRobotsOnWhiteSite
3500,18,18
timeStep,numberOfRobotsOnBlackSite,numberOfRobotsOnWhiteSite
3501,18,18
timeStep,numberOfRobotsOnBlackSite,numberOfRobotsOnWhiteSite
3502,18,18
timeStep,numberOfRobotsOnBlackSite,numberOfRobotsOnWhiteSite
3503,18,18
timeStep,numberOfRobotsOnBlackSite,numberOfRobotsOnWhiteSite
3504,18,18
timeStep,numberOfRobotsOnBlackSite,numberOfRobotsOnWhiteSite
3505,18,18
timeStep,numberOfRobotsOnBlackSite,numberOfRobotsOnWhiteSite
3506,18,18
timeStep,numberOfRobotsOnBlackSite,numberOfRobotsOnWhiteSite
3507,18,18
timeStep,numberOfRobotsOnBlackSite,numberOfRobotsOnWhiteSite
3508,18,18
timeStep,numberOfRobotsOnBlackSite,numberOfRobotsOnWhiteSite
3509,18,18
timeStep,numberOfRobotsOnBlackSite,numberOfRobotsOnWhiteSite
3510,18,18
timeStep,numberOfRobotsOnBlackSite,numberOfRobotsOnWhiteSite
3511,18,18
timeStep,numberOfRobotsOnBlackSite,numberOfRobotsOnWhiteSite
3512,18,18
timeStep,numberOfRobotsOnBlackSite,numberOfRobotsOnWhiteSite
3513,18,18
timeStep,numberOfRobotsOnBlackSite,numberOfRobotsOnWhiteSite
3514,18,18
timeStep,numberOfRobotsOnBlackSite,numberOfRobotsOnWhiteSite
3515,18,18
timeStep,numberOfRobotsOnBlackSite,numberOfRobotsOnWhiteSite
3516,18,18
timeStep,numberOfRobotsOnBlackSite,numberOfRobotsOnWhiteSite
3517,18,18
timeStep,numberOfRobotsOnBlackSite,numberOfRobotsOnWhiteSite
3518,18,18
timeStep,numberOfRobotsOnBlackSite,numberOfRobotsOnWhiteSite
3519,18,18
timeStep,numberOfRobotsOnBlackSite,numberOfRobotsOnWhiteSite
3520,18,18
timeStep,numberOfRobotsOnBlackSite,numberOfRobotsOnWhiteSite
3521,18,18
timeStep,numberOfRobotsOnBlackSite,numberOfRobotsOnWhiteSite
3522,18,18
timeStep,numberOfRobotsOnBlackSite,numberOfRobotsOnWhiteSite
3523,18,18
timeStep,numberOfRobotsOnBlackSite,numberOfRobotsOnWhiteSite
3524,18,18
timeStep,numberOfRobotsOnBlackSite,numberOfRobotsOnWhiteSite
3525,18,18
timeStep,numberOfRobotsOnBlackSite,numberOfRobotsOnWhiteSite
3526,18,18
timeStep,numberOfRobotsOnBlackSite,numberOfRobotsOnWhiteSite
3527,18,18
timeStep,numberOfRobotsOnBlackSite,numberOfRobotsOnWhiteSite
3528,18,18
timeStep,numberOfRobotsOnBlackSite,numberOfRobotsOnWhiteSite
3529,18,18
timeStep,numberOfRobotsOnBlackSite,numberOfRobotsOnWhiteSite
3530,18,18
timeStep,numberOfRobotsOnBlackSite,numberOfRobotsOnWhiteSite
3531,18,18
timeStep,numberOfRobotsOnBlackSite,numberOfRobotsOnWhiteSite
3532,18,18
timeStep,numberOfRobotsOnBlackSite,numberOfRobotsOnWhiteSite
3533,18,18
timeStep,numberOfRobotsOnBlackSite,numberOfRobotsOnWhiteSite
3534,18,18
timeStep,numberOfRobotsOnBlackSite,numberOfRobotsOnWhiteSite
3535,17,17
timeStep,numberOfRobotsOnBlackSite,numberOfRobotsOnWhiteSite
3536,17,17
timeStep,numberOfRobotsOnBlackSite,numberOfRobotsOnWhiteSite
3537,17,17
timeStep,numberOfRobotsOnBlackSite,numberOfRobotsOnWhiteSite
3538,17,17
timeStep,numberOfRobotsOnBlackSite,numberOfRobotsOnWhiteSite
3539,17,17
timeStep,numberOfRobotsOnBlackSite,numberOfRobotsOnWhiteSite
3540,17,17
timeStep,numberOfRobotsOnBlackSite,numberOfRobotsOnWhiteSite
3541,17,17
timeStep,numberOfRobotsOnBlackSite,numberOfRobotsOnWhiteSite
3542,17,17
timeStep,numberOfRobotsOnBlackSite,numberOfRobotsOnWhiteSite
3543,17,17
timeStep,numberOfRobotsOnBlackSite,numberOfRobotsOnWhiteSite
3544,17,17
timeStep,numberOfRobotsOnBlackSite,numberOfRobotsOnWhiteSite
3545,17,17
timeStep,numberOfRobotsOnBlackSite,numberOfRobotsOnWhiteSite
3546,17,17
timeStep,numberOfRobotsOnBlackSite,numberOfRobotsOnWhiteSite
3547,17,17
timeStep,numberOfRobotsOnBlackSite,numberOfRobotsOnWhiteSite
3548,17,17
timeStep,numberOfRobotsOnBlackSite,numberOfRobotsOnWhiteSite
3549,17,17
timeStep,numberOfRobotsOnBlackSite,numberOfRobotsOnWhiteSite
3550,17,17
timeStep,numberOfRobotsOnBlackSite,numberOfRobotsOnWhiteSite
3551,17,17
timeStep,numberOfRobotsOnBlackSite,numberOfRobotsOnWhiteSite
3552,17,17
timeStep,numberOfRobotsOnBlackSite,numberOfRobotsOnWhiteSite
3553,17,17
timeStep,numberOfRobotsOnBlackSite,numberOfRobotsOnWhiteSite
3554,17,17
timeStep,numberOfRobotsOnBlackSite,numberOfRobotsOnWhiteSite
3555,17,17
timeStep,numberOfRobotsOnBlackSite,numberOfRobotsOnWhiteSite
3556,17,17
timeStep,numberOfRobotsOnBlackSite,numberOfRobotsOnWhiteSite
3557,17,17
timeStep,numberOfRobotsOnBlackSite,numberOfRobotsOnWhiteSite
3558,17,17
timeStep,numberOfRobotsOnBlackSite,numberOfRobotsOnWhiteSite
3559,17,17
timeStep,numberOfRobotsOnBlackSite,numberOfRobotsOnWhiteSite
3560,17,17
timeStep,numberOfRobotsOnBlackSite,numberOfRobotsOnWhiteSite
3561,17,17
timeStep,numberOfRobotsOnBlackSite,numberOfRobotsOnWhiteSite
3562,17,17
timeStep,numberOfRobotsOnBlackSite,numberOfRobotsOnWhiteSite
3563,17,17
timeStep,numberOfRobotsOnBlackSite,numberOfRobotsOnWhiteSite
3564,17,17
timeStep,numberOfRobotsOnBlackSite,numberOfRobotsOnWhiteSite
3565,18,17
timeStep,numberOfRobotsOnBlackSite,numberOfRobotsOnWhiteSite
3566,18,17
timeStep,numberOfRobotsOnBlackSite,numberOfRobotsOnWhiteSite
3567,18,17
timeStep,numberOfRobotsOnBlackSite,numberOfRobotsOnWhiteSite
3568,18,17
timeStep,numberOfRobotsOnBlackSite,numberOfRobotsOnWhiteSite
3569,18,17
timeStep,numberOfRobotsOnBlackSite,numberOfRobotsOnWhiteSite
3570,18,17
timeStep,numberOfRobotsOnBlackSite,numberOfRobotsOnWhiteSite
3571,18,17
timeStep,numberOfRobotsOnBlackSite,numberOfRobotsOnWhiteSite
3572,18,17
timeStep,numberOfRobotsOnBlackSite,numberOfRobotsOnWhiteSite
3573,18,17
timeStep,numberOfRobotsOnBlackSite,numberOfRobotsOnWhiteSite
3574,18,17
timeStep,numberOfRobotsOnBlackSite,numberOfRobotsOnWhiteSite
3575,18,17
timeStep,numberOfRobotsOnBlackSite,numberOfRobotsOnWhiteSite
3576,18,17
timeStep,numberOfRobotsOnBlackSite,numberOfRobotsOnWhiteSite
3577,18,17
timeStep,numberOfRobotsOnBlackSite,numberOfRobotsOnWhiteSite
3578,18,17
timeStep,numberOfRobotsOnBlackSite,numberOfRobotsOnWhiteSite
3579,18,17
timeStep,numberOfRobotsOnBlackSite,numberOfRobotsOnWhiteSite
3580,18,17
timeStep,numberOfRobotsOnBlackSite,numberOfRobotsOnWhiteSite
3581,18,17
timeStep,numberOfRobotsOnBlackSite,numberOfRobotsOnWhiteSite
3582,18,17
timeStep,numberOfRobotsOnBlackSite,numberOfRobotsOnWhiteSite
3583,18,17
timeStep,numberOfRobotsOnBlackSite,numberOfRobotsOnWhiteSite
3584,18,17
timeStep,numberOfRobotsOnBlackSite,numberOfRobotsOnWhiteSite
3585,18,17
timeStep,numberOfRobotsOnBlackSite,numberOfRobotsOnWhiteSite
3586,18,17
timeStep,numberOfRobotsOnBlackSite,numberOfRobotsOnWhiteSite
3587,18,17
timeStep,numberOfRobotsOnBlackSite,numberOfRobotsOnWhiteSite
3588,18,17
timeStep,numberOfRobotsOnBlackSite,numberOfRobotsOnWhiteSite
3589,18,17
timeStep,numberOfRobotsOnBlackSite,numberOfRobotsOnWhiteSite
3590,18,17
timeStep,numberOfRobotsOnBlackSite,numberOfRobotsOnWhiteSite
3591,18,17
timeStep,numberOfRobotsOnBlackSite,numberOfRobotsOnWhiteSite
3592,18,17
timeStep,numberOfRobotsOnBlackSite,numberOfRobotsOnWhiteSite
3593,18,17
timeStep,numberOfRobotsOnBlackSite,numberOfRobotsOnWhiteSite
3594,18,17
timeStep,numberOfRobotsOnBlackSite,numberOfRobotsOnWhiteSite
3595,18,18
timeStep,numberOfRobotsOnBlackSite,numberOfRobotsOnWhiteSite
3596,18,18
timeStep,numberOfRobotsOnBlackSite,numberOfRobotsOnWhiteSite
3597,18,18
timeStep,numberOfRobotsOnBlackSite,numberOfRobotsOnWhiteSite
3598,18,18
timeStep,numberOfRobotsOnBlackSite,numberOfRobotsOnWhiteSite
3599,18,18
timeStep,numberOfRobotsOnBlackSite,numberOfRobotsOnWhiteSite
3600,18,18
timeStep,numberOfRobotsOnBlackSite,numberOfRobotsOnWhiteSite
3601,18,18
timeStep,numberOfRobotsOnBlackSite,numberOfRobotsOnWhiteSite
3602,18,18
timeStep,numberOfRobotsOnBlackSite,numberOfRobotsOnWhiteSite
3603,18,18
timeStep,numberOfRobotsOnBlackSite,numberOfRobotsOnWhiteSite
3604,18,18
timeStep,numberOfRobotsOnBlackSite,numberOfRobotsOnWhiteSite
3605,18,18
timeStep,numberOfRobotsOnBlackSite,numberOfRobotsOnWhiteSite
3606,18,18
timeStep,numberOfRobotsOnBlackSite,numberOfRobotsOnWhiteSite
3607,18,18
timeStep,numberOfRobotsOnBlackSite,numberOfRobotsOnWhiteSite
3608,18,18
timeStep,numberOfRobotsOnBlackSite,numberOfRobotsOnWhiteSite
3609,18,18
timeStep,numberOfRobotsOnBlackSite,numberOfRobotsOnWhiteSite
3610,18,18
timeStep,numberOfRobotsOnBlackSite,numberOfRobotsOnWhiteSite
3611,18,18
timeStep,numberOfRobotsOnBlackSite,numberOfRobotsOnWhiteSite
3612,18,18
timeStep,numberOfRobotsOnBlackSite,numberOfRobotsOnWhiteSite
3613,18,18
timeStep,numberOfRobotsOnBlackSite,numberOfRobotsOnWhiteSite
3614,18,18
timeStep,numberOfRobotsOnBlackSite,numberOfRobotsOnWhiteSite
3615,18,18
timeStep,numberOfRobotsOnBlackSite,numberOfRobotsOnWhiteSite
3616,18,18
timeStep,numberOfRobotsOnBlackSite,numberOfRobotsOnWhiteSite
3617,18,18
timeStep,numberOfRobotsOnBlackSite,numberOfRobotsOnWhiteSite
3618,18,18
timeStep,numberOfRobotsOnBlackSite,numberOfRobotsOnWhiteSite
3619,18,18
timeStep,numberOfRobotsOnBlackSite,numberOfRobotsOnWhiteSite
3620,18,18
timeStep,numberOfRobotsOnBlackSite,numberOfRobotsOnWhiteSite
3621,18,18
timeStep,numberOfRobotsOnBlackSite,numberOfRobotsOnWhiteSite
3622,18,18
timeStep,numberOfRobotsOnBlackSite,numberOfRobotsOnWhiteSite
3623,18,18
timeStep,numberOfRobotsOnBlackSite,numberOfRobotsOnWhiteSite
3624,18,18
timeStep,numberOfRobotsOnBlackSite,numberOfRobotsOnWhiteSite
3625,18,18
timeStep,numberOfRobotsOnBlackSite,numberOfRobotsOnWhiteSite
3626,18,18
timeStep,numberOfRobotsOnBlackSite,numberOfRobotsOnWhiteSite
3627,18,18
timeStep,numberOfRobotsOnBlackSite,numberOfRobotsOnWhiteSite
3628,18,18
timeStep,numberOfRobotsOnBlackSite,numberOfRobotsOnWhiteSite
3629,18,18
timeStep,numberOfRobotsOnBlackSite,numberOfRobotsOnWhiteSite
3630,18,18
timeStep,numberOfRobotsOnBlackSite,numberOfRobotsOnWhiteSite
3631,18,18
timeStep,numberOfRobotsOnBlackSite,numberOfRobotsOnWhiteSite
3632,18,18
timeStep,numberOfRobotsOnBlackSite,numberOfRobotsOnWhiteSite
3633,18,18
timeStep,numberOfRobotsOnBlackSite,numberOfRobotsOnWhiteSite
3634,18,18
timeStep,numberOfRobotsOnBlackSite,numberOfRobotsOnWhiteSite
3635,18,18
timeStep,numberOfRobotsOnBlackSite,numberOfRobotsOnWhiteSite
3636,18,18
timeStep,numberOfRobotsOnBlackSite,numberOfRobotsOnWhiteSite
3637,18,18
timeStep,numberOfRobotsOnBlackSite,numberOfRobotsOnWhiteSite
3638,18,18
timeStep,numberOfRobotsOnBlackSite,numberOfRobotsOnWhiteSite
3639,18,18
timeStep,numberOfRobotsOnBlackSite,numberOfRobotsOnWhiteSite
3640,18,18
timeStep,numberOfRobotsOnBlackSite,numberOfRobotsOnWhiteSite
3641,18,18
timeStep,numberOfRobotsOnBlackSite,numberOfRobotsOnWhiteSite
3642,18,18
timeStep,numberOfRobotsOnBlackSite,numberOfRobotsOnWhiteSite
3643,18,18
timeStep,numberOfRobotsOnBlackSite,numberOfRobotsOnWhiteSite
3644,18,18
timeStep,numberOfRobotsOnBlackSite,numberOfRobotsOnWhiteSite
3645,18,18
timeStep,numberOfRobotsOnBlackSite,numberOfRobotsOnWhiteSite
3646,18,18
timeStep,numberOfRobotsOnBlackSite,numberOfRobotsOnWhiteSite
3647,18,18
timeStep,numberOfRobotsOnBlackSite,numberOfRobotsOnWhiteSite
3648,18,18
timeStep,numberOfRobotsOnBlackSite,numberOfRobotsOnWhiteSite
3649,18,18
timeStep,numberOfRobotsOnBlackSite,numberOfRobotsOnWhiteSite
3650,18,18
timeStep,numberOfRobotsOnBlackSite,numberOfRobotsOnWhiteSite
3651,18,18
timeStep,numberOfRobotsOnBlackSite,numberOfRobotsOnWhiteSite
3652,18,18
timeStep,numberOfRobotsOnBlackSite,numberOfRobotsOnWhiteSite
3653,18,18
timeStep,numberOfRobotsOnBlackSite,numberOfRobotsOnWhiteSite
3654,18,18
timeStep,numberOfRobotsOnBlackSite,numberOfRobotsOnWhiteSite
3655,18,18
timeStep,numberOfRobotsOnBlackSite,numberOfRobotsOnWhiteSite
3656,18,18
timeStep,numberOfRobotsOnBlackSite,numberOfRobotsOnWhiteSite
3657,18,18
timeStep,numberOfRobotsOnBlackSite,numberOfRobotsOnWhiteSite
3658,18,18
timeStep,numberOfRobotsOnBlackSite,numberOfRobotsOnWhiteSite
3659,18,18
timeStep,numberOfRobotsOnBlackSite,numberOfRobotsOnWhiteSite
3660,18,18
timeStep,numberOfRobotsOnBlackSite,numberOfRobotsOnWhiteSite
3661,18,18
timeStep,numberOfRobotsOnBlackSite,numberOfRobotsOnWhiteSite
3662,18,18
timeStep,numberOfRobotsOnBlackSite,numberOfRobotsOnWhiteSite
3663,18,18
timeStep,numberOfRobotsOnBlackSite,numberOfRobotsOnWhiteSite
3664,18,18
timeStep,numberOfRobotsOnBlackSite,numberOfRobotsOnWhiteSite
3665,18,18
timeStep,numberOfRobotsOnBlackSite,numberOfRobotsOnWhiteSite
3666,18,18
timeStep,numberOfRobotsOnBlackSite,numberOfRobotsOnWhiteSite
3667,18,18
timeStep,numberOfRobotsOnBlackSite,numberOfRobotsOnWhiteSite
3668,18,18
timeStep,numberOfRobotsOnBlackSite,numberOfRobotsOnWhiteSite
3669,18,18
timeStep,numberOfRobotsOnBlackSite,numberOfRobotsOnWhiteSite
3670,17,18
timeStep,numberOfRobotsOnBlackSite,numberOfRobotsOnWhiteSite
3671,17,18
timeStep,numberOfRobotsOnBlackSite,numberOfRobotsOnWhiteSite
3672,17,18
timeStep,numberOfRobotsOnBlackSite,numberOfRobotsOnWhiteSite
3673,17,18
timeStep,numberOfRobotsOnBlackSite,numberOfRobotsOnWhiteSite
3674,17,18
timeStep,numberOfRobotsOnBlackSite,numberOfRobotsOnWhiteSite
3675,17,18
timeStep,numberOfRobotsOnBlackSite,numberOfRobotsOnWhiteSite
3676,17,18
timeStep,numberOfRobotsOnBlackSite,numberOfRobotsOnWhiteSite
3677,17,18
timeStep,numberOfRobotsOnBlackSite,numberOfRobotsOnWhiteSite
3678,17,18
timeStep,numberOfRobotsOnBlackSite,numberOfRobotsOnWhiteSite
3679,17,18
timeStep,numberOfRobotsOnBlackSite,numberOfRobotsOnWhiteSite
3680,17,17
timeStep,numberOfRobotsOnBlackSite,numberOfRobotsOnWhiteSite
3681,17,17
timeStep,numberOfRobotsOnBlackSite,numberOfRobotsOnWhiteSite
3682,17,17
timeStep,numberOfRobotsOnBlackSite,numberOfRobotsOnWhiteSite
3683,17,17
timeStep,numberOfRobotsOnBlackSite,numberOfRobotsOnWhiteSite
3684,17,17
timeStep,numberOfRobotsOnBlackSite,numberOfRobotsOnWhiteSite
3685,17,17
timeStep,numberOfRobotsOnBlackSite,numberOfRobotsOnWhiteSite
3686,17,17
timeStep,numberOfRobotsOnBlackSite,numberOfRobotsOnWhiteSite
3687,17,17
timeStep,numberOfRobotsOnBlackSite,numberOfRobotsOnWhiteSite
3688,17,17
timeStep,numberOfRobotsOnBlackSite,numberOfRobotsOnWhiteSite
3689,17,17
timeStep,numberOfRobotsOnBlackSite,numberOfRobotsOnWhiteSite
3690,17,17
timeStep,numberOfRobotsOnBlackSite,numberOfRobotsOnWhiteSite
3691,17,17
timeStep,numberOfRobotsOnBlackSite,numberOfRobotsOnWhiteSite
3692,17,17
timeStep,numberOfRobotsOnBlackSite,numberOfRobotsOnWhiteSite
3693,17,17
timeStep,numberOfRobotsOnBlackSite,numberOfRobotsOnWhiteSite
3694,17,17
timeStep,numberOfRobotsOnBlackSite,numberOfRobotsOnWhiteSite
3695,17,17
timeStep,numberOfRobotsOnBlackSite,numberOfRobotsOnWhiteSite
3696,17,17
timeStep,numberOfRobotsOnBlackSite,numberOfRobotsOnWhiteSite
3697,17,17
timeStep,numberOfRobotsOnBlackSite,numberOfRobotsOnWhiteSite
3698,17,17
timeStep,numberOfRobotsOnBlackSite,numberOfRobotsOnWhiteSite
3699,17,17
timeStep,numberOfRobotsOnBlackSite,numberOfRobotsOnWhiteSite
3700,17,17
timeStep,numberOfRobotsOnBlackSite,numberOfRobotsOnWhiteSite
3701,17,17
timeStep,numberOfRobotsOnBlackSite,numberOfRobotsOnWhiteSite
3702,17,17
timeStep,numberOfRobotsOnBlackSite,numberOfRobotsOnWhiteSite
3703,17,17
timeStep,numberOfRobotsOnBlackSite,numberOfRobotsOnWhiteSite
3704,17,17
timeStep,numberOfRobotsOnBlackSite,numberOfRobotsOnWhiteSite
3705,17,17
timeStep,numberOfRobotsOnBlackSite,numberOfRobotsOnWhiteSite
3706,17,17
timeStep,numberOfRobotsOnBlackSite,numberOfRobotsOnWhiteSite
3707,17,17
timeStep,numberOfRobotsOnBlackSite,numberOfRobotsOnWhiteSite
3708,17,17
timeStep,numberOfRobotsOnBlackSite,numberOfRobotsOnWhiteSite
3709,17,17
timeStep,numberOfRobotsOnBlackSite,numberOfRobotsOnWhiteSite
3710,17,17
timeStep,numberOfRobotsOnBlackSite,numberOfRobotsOnWhiteSite
3711,17,17
timeStep,numberOfRobotsOnBlackSite,numberOfRobotsOnWhiteSite
3712,17,17
timeStep,numberOfRobotsOnBlackSite,numberOfRobotsOnWhiteSite
3713,17,17
timeStep,numberOfRobotsOnBlackSite,numberOfRobotsOnWhiteSite
3714,17,17
timeStep,numberOfRobotsOnBlackSite,numberOfRobotsOnWhiteSite
3715,17,17
timeStep,numberOfRobotsOnBlackSite,numberOfRobotsOnWhiteSite
3716,17,17
timeStep,numberOfRobotsOnBlackSite,numberOfRobotsOnWhiteSite
3717,17,17
timeStep,numberOfRobotsOnBlackSite,numberOfRobotsOnWhiteSite
3718,17,17
timeStep,numberOfRobotsOnBlackSite,numberOfRobotsOnWhiteSite
3719,17,17
timeStep,numberOfRobotsOnBlackSite,numberOfRobotsOnWhiteSite
3720,17,17
timeStep,numberOfRobotsOnBlackSite,numberOfRobotsOnWhiteSite
3721,17,17
timeStep,numberOfRobotsOnBlackSite,numberOfRobotsOnWhiteSite
3722,17,17
timeStep,numberOfRobotsOnBlackSite,numberOfRobotsOnWhiteSite
3723,17,17
timeStep,numberOfRobotsOnBlackSite,numberOfRobotsOnWhiteSite
3724,17,17
timeStep,numberOfRobotsOnBlackSite,numberOfRobotsOnWhiteSite
3725,17,17
timeStep,numberOfRobotsOnBlackSite,numberOfRobotsOnWhiteSite
3726,17,17
timeStep,numberOfRobotsOnBlackSite,numberOfRobotsOnWhiteSite
3727,17,17
timeStep,numberOfRobotsOnBlackSite,numberOfRobotsOnWhiteSite
3728,17,17
timeStep,numberOfRobotsOnBlackSite,numberOfRobotsOnWhiteSite
3729,17,17
timeStep,numberOfRobotsOnBlackSite,numberOfRobotsOnWhiteSite
3730,17,17
timeStep,numberOfRobotsOnBlackSite,numberOfRobotsOnWhiteSite
3731,17,17
timeStep,numberOfRobotsOnBlackSite,numberOfRobotsOnWhiteSite
3732,17,17
timeStep,numberOfRobotsOnBlackSite,numberOfRobotsOnWhiteSite
3733,17,17
timeStep,numberOfRobotsOnBlackSite,numberOfRobotsOnWhiteSite
3734,17,17
timeStep,numberOfRobotsOnBlackSite,numberOfRobotsOnWhiteSite
3735,17,17
timeStep,numberOfRobotsOnBlackSite,numberOfRobotsOnWhiteSite
3736,17,17
timeStep,numberOfRobotsOnBlackSite,numberOfRobotsOnWhiteSite
3737,17,17
timeStep,numberOfRobotsOnBlackSite,numberOfRobotsOnWhiteSite
3738,17,17
timeStep,numberOfRobotsOnBlackSite,numberOfRobotsOnWhiteSite
3739,17,17
timeStep,numberOfRobotsOnBlackSite,numberOfRobotsOnWhiteSite
3740,18,17
timeStep,numberOfRobotsOnBlackSite,numberOfRobotsOnWhiteSite
3741,18,17
timeStep,numberOfRobotsOnBlackSite,numberOfRobotsOnWhiteSite
3742,18,17
timeStep,numberOfRobotsOnBlackSite,numberOfRobotsOnWhiteSite
3743,18,17
timeStep,numberOfRobotsOnBlackSite,numberOfRobotsOnWhiteSite
3744,18,17
timeStep,numberOfRobotsOnBlackSite,numberOfRobotsOnWhiteSite
3745,18,17
timeStep,numberOfRobotsOnBlackSite,numberOfRobotsOnWhiteSite
3746,18,17
timeStep,numberOfRobotsOnBlackSite,numberOfRobotsOnWhiteSite
3747,18,17
timeStep,numberOfRobotsOnBlackSite,numberOfRobotsOnWhiteSite
3748,18,17
timeStep,numberOfRobotsOnBlackSite,numberOfRobotsOnWhiteSite
3749,18,17
timeStep,numberOfRobotsOnBlackSite,numberOfRobotsOnWhiteSite
3750,18,17
timeStep,numberOfRobotsOnBlackSite,numberOfRobotsOnWhiteSite
3751,18,17
timeStep,numberOfRobotsOnBlackSite,numberOfRobotsOnWhiteSite
3752,18,17
timeStep,numberOfRobotsOnBlackSite,numberOfRobotsOnWhiteSite
3753,18,17
timeStep,numberOfRobotsOnBlackSite,numberOfRobotsOnWhiteSite
3754,18,17
timeStep,numberOfRobotsOnBlackSite,numberOfRobotsOnWhiteSite
3755,18,17
timeStep,numberOfRobotsOnBlackSite,numberOfRobotsOnWhiteSite
3756,18,17
timeStep,numberOfRobotsOnBlackSite,numberOfRobotsOnWhiteSite
3757,18,17
timeStep,numberOfRobotsOnBlackSite,numberOfRobotsOnWhiteSite
3758,18,17
timeStep,numberOfRobotsOnBlackSite,numberOfRobotsOnWhiteSite
3759,18,17
timeStep,numberOfRobotsOnBlackSite,numberOfRobotsOnWhiteSite
3760,18,16
timeStep,numberOfRobotsOnBlackSite,numberOfRobotsOnWhiteSite
3761,18,16
timeStep,numberOfRobotsOnBlackSite,numberOfRobotsOnWhiteSite
3762,18,16
timeStep,numberOfRobotsOnBlackSite,numberOfRobotsOnWhiteSite
3763,18,16
timeStep,numberOfRobotsOnBlackSite,numberOfRobotsOnWhiteSite
3764,18,16
timeStep,numberOfRobotsOnBlackSite,numberOfRobotsOnWhiteSite
3765,18,16
timeStep,numberOfRobotsOnBlackSite,numberOfRobotsOnWhiteSite
3766,18,16
timeStep,numberOfRobotsOnBlackSite,numberOfRobotsOnWhiteSite
3767,18,16
timeStep,numberOfRobotsOnBlackSite,numberOfRobotsOnWhiteSite
3768,18,16
timeStep,numberOfRobotsOnBlackSite,numberOfRobotsOnWhiteSite
3769,18,16
timeStep,numberOfRobotsOnBlackSite,numberOfRobotsOnWhiteSite
3770,18,16
timeStep,numberOfRobotsOnBlackSite,numberOfRobotsOnWhiteSite
3771,18,16
timeStep,numberOfRobotsOnBlackSite,numberOfRobotsOnWhiteSite
3772,18,16
timeStep,numberOfRobotsOnBlackSite,numberOfRobotsOnWhiteSite
3773,18,16
timeStep,numberOfRobotsOnBlackSite,numberOfRobotsOnWhiteSite
3774,18,16
timeStep,numberOfRobotsOnBlackSite,numberOfRobotsOnWhiteSite
3775,18,16
timeStep,numberOfRobotsOnBlackSite,numberOfRobotsOnWhiteSite
3776,18,16
timeStep,numberOfRobotsOnBlackSite,numberOfRobotsOnWhiteSite
3777,18,16
timeStep,numberOfRobotsOnBlackSite,numberOfRobotsOnWhiteSite
3778,18,16
timeStep,numberOfRobotsOnBlackSite,numberOfRobotsOnWhiteSite
3779,18,16
timeStep,numberOfRobotsOnBlackSite,numberOfRobotsOnWhiteSite
3780,18,16
timeStep,numberOfRobotsOnBlackSite,numberOfRobotsOnWhiteSite
3781,18,16
timeStep,numberOfRobotsOnBlackSite,numberOfRobotsOnWhiteSite
3782,18,16
timeStep,numberOfRobotsOnBlackSite,numberOfRobotsOnWhiteSite
3783,18,16
timeStep,numberOfRobotsOnBlackSite,numberOfRobotsOnWhiteSite
3784,18,16
timeStep,numberOfRobotsOnBlackSite,numberOfRobotsOnWhiteSite
3785,18,16
timeStep,numberOfRobotsOnBlackSite,numberOfRobotsOnWhiteSite
3786,18,16
timeStep,numberOfRobotsOnBlackSite,numberOfRobotsOnWhiteSite
3787,18,16
timeStep,numberOfRobotsOnBlackSite,numberOfRobotsOnWhiteSite
3788,18,16
timeStep,numberOfRobotsOnBlackSite,numberOfRobotsOnWhiteSite
3789,18,16
timeStep,numberOfRobotsOnBlackSite,numberOfRobotsOnWhiteSite
3790,18,16
timeStep,numberOfRobotsOnBlackSite,numberOfRobotsOnWhiteSite
3791,18,16
timeStep,numberOfRobotsOnBlackSite,numberOfRobotsOnWhiteSite
3792,18,16
timeStep,numberOfRobotsOnBlackSite,numberOfRobotsOnWhiteSite
3793,18,16
timeStep,numberOfRobotsOnBlackSite,numberOfRobotsOnWhiteSite
3794,18,16
timeStep,numberOfRobotsOnBlackSite,numberOfRobotsOnWhiteSite
3795,18,16
timeStep,numberOfRobotsOnBlackSite,numberOfRobotsOnWhiteSite
3796,18,16
timeStep,numberOfRobotsOnBlackSite,numberOfRobotsOnWhiteSite
3797,18,16
timeStep,numberOfRobotsOnBlackSite,numberOfRobotsOnWhiteSite
3798,18,16
timeStep,numberOfRobotsOnBlackSite,numberOfRobotsOnWhiteSite
3799,18,16
timeStep,numberOfRobotsOnBlackSite,numberOfRobotsOnWhiteSite
3800,18,16
timeStep,numberOfRobotsOnBlackSite,numberOfRobotsOnWhiteSite
3801,18,16
timeStep,numberOfRobotsOnBlackSite,numberOfRobotsOnWhiteSite
3802,18,16
timeStep,numberOfRobotsOnBlackSite,numberOfRobotsOnWhiteSite
3803,18,16
timeStep,numberOfRobotsOnBlackSite,numberOfRobotsOnWhiteSite
3804,18,16
timeStep,numberOfRobotsOnBlackSite,numberOfRobotsOnWhiteSite
3805,18,16
timeStep,numberOfRobotsOnBlackSite,numberOfRobotsOnWhiteSite
3806,18,16
timeStep,numberOfRobotsOnBlackSite,numberOfRobotsOnWhiteSite
3807,18,16
timeStep,numberOfRobotsOnBlackSite,numberOfRobotsOnWhiteSite
3808,18,16
timeStep,numberOfRobotsOnBlackSite,numberOfRobotsOnWhiteSite
3809,18,16
timeStep,numberOfRobotsOnBlackSite,numberOfRobotsOnWhiteSite
3810,17,16
timeStep,numberOfRobotsOnBlackSite,numberOfRobotsOnWhiteSite
3811,17,16
timeStep,numberOfRobotsOnBlackSite,numberOfRobotsOnWhiteSite
3812,17,16
timeStep,numberOfRobotsOnBlackSite,numberOfRobotsOnWhiteSite
3813,17,16
timeStep,numberOfRobotsOnBlackSite,numberOfRobotsOnWhiteSite
3814,17,16
timeStep,numberOfRobotsOnBlackSite,numberOfRobotsOnWhiteSite
3815,17,15
timeStep,numberOfRobotsOnBlackSite,numberOfRobotsOnWhiteSite
3816,17,15
timeStep,numberOfRobotsOnBlackSite,numberOfRobotsOnWhiteSite
3817,17,15
timeStep,numberOfRobotsOnBlackSite,numberOfRobotsOnWhiteSite
3818,17,15
timeStep,numberOfRobotsOnBlackSite,numberOfRobotsOnWhiteSite
3819,17,15
timeStep,numberOfRobotsOnBlackSite,numberOfRobotsOnWhiteSite
3820,17,15
timeStep,numberOfRobotsOnBlackSite,numberOfRobotsOnWhiteSite
3821,17,15
timeStep,numberOfRobotsOnBlackSite,numberOfRobotsOnWhiteSite
3822,17,15
timeStep,numberOfRobotsOnBlackSite,numberOfRobotsOnWhiteSite
3823,17,15
timeStep,numberOfRobotsOnBlackSite,numberOfRobotsOnWhiteSite
3824,17,15
timeStep,numberOfRobotsOnBlackSite,numberOfRobotsOnWhiteSite
3825,17,15
timeStep,numberOfRobotsOnBlackSite,numberOfRobotsOnWhiteSite
3826,17,15
timeStep,numberOfRobotsOnBlackSite,numberOfRobotsOnWhiteSite
3827,17,15
timeStep,numberOfRobotsOnBlackSite,numberOfRobotsOnWhiteSite
3828,17,15
timeStep,numberOfRobotsOnBlackSite,numberOfRobotsOnWhiteSite
3829,17,15
timeStep,numberOfRobotsOnBlackSite,numberOfRobotsOnWhiteSite
3830,17,15
timeStep,numberOfRobotsOnBlackSite,numberOfRobotsOnWhiteSite
3831,17,15
timeStep,numberOfRobotsOnBlackSite,numberOfRobotsOnWhiteSite
3832,17,15
timeStep,numberOfRobotsOnBlackSite,numberOfRobotsOnWhiteSite
3833,17,15
timeStep,numberOfRobotsOnBlackSite,numberOfRobotsOnWhiteSite
3834,17,15
timeStep,numberOfRobotsOnBlackSite,numberOfRobotsOnWhiteSite
3835,17,15
timeStep,numberOfRobotsOnBlackSite,numberOfRobotsOnWhiteSite
3836,17,15
timeStep,numberOfRobotsOnBlackSite,numberOfRobotsOnWhiteSite
3837,17,15
timeStep,numberOfRobotsOnBlackSite,numberOfRobotsOnWhiteSite
3838,17,15
timeStep,numberOfRobotsOnBlackSite,numberOfRobotsOnWhiteSite
3839,17,15
timeStep,numberOfRobotsOnBlackSite,numberOfRobotsOnWhiteSite
3840,17,16
timeStep,numberOfRobotsOnBlackSite,numberOfRobotsOnWhiteSite
3841,17,16
timeStep,numberOfRobotsOnBlackSite,numberOfRobotsOnWhiteSite
3842,17,16
timeStep,numberOfRobotsOnBlackSite,numberOfRobotsOnWhiteSite
3843,17,16
timeStep,numberOfRobotsOnBlackSite,numberOfRobotsOnWhiteSite
3844,17,16
timeStep,numberOfRobotsOnBlackSite,numberOfRobotsOnWhiteSite
3845,17,16
timeStep,numberOfRobotsOnBlackSite,numberOfRobotsOnWhiteSite
3846,17,16
timeStep,numberOfRobotsOnBlackSite,numberOfRobotsOnWhiteSite
3847,17,16
timeStep,numberOfRobotsOnBlackSite,numberOfRobotsOnWhiteSite
3848,17,16
timeStep,numberOfRobotsOnBlackSite,numberOfRobotsOnWhiteSite
3849,17,16
timeStep,numberOfRobotsOnBlackSite,numberOfRobotsOnWhiteSite
3850,17,16
timeStep,numberOfRobotsOnBlackSite,numberOfRobotsOnWhiteSite
3851,17,16
timeStep,numberOfRobotsOnBlackSite,numberOfRobotsOnWhiteSite
3852,17,16
timeStep,numberOfRobotsOnBlackSite,numberOfRobotsOnWhiteSite
3853,17,16
timeStep,numberOfRobotsOnBlackSite,numberOfRobotsOnWhiteSite
3854,17,16
timeStep,numberOfRobotsOnBlackSite,numberOfRobotsOnWhiteSite
3855,17,15
timeStep,numberOfRobotsOnBlackSite,numberOfRobotsOnWhiteSite
3856,17,15
timeStep,numberOfRobotsOnBlackSite,numberOfRobotsOnWhiteSite
3857,17,15
timeStep,numberOfRobotsOnBlackSite,numberOfRobotsOnWhiteSite
3858,17,15
timeStep,numberOfRobotsOnBlackSite,numberOfRobotsOnWhiteSite
3859,17,15
timeStep,numberOfRobotsOnBlackSite,numberOfRobotsOnWhiteSite
3860,17,15
timeStep,numberOfRobotsOnBlackSite,numberOfRobotsOnWhiteSite
3861,17,15
timeStep,numberOfRobotsOnBlackSite,numberOfRobotsOnWhiteSite
3862,17,15
timeStep,numberOfRobotsOnBlackSite,numberOfRobotsOnWhiteSite
3863,17,15
timeStep,numberOfRobotsOnBlackSite,numberOfRobotsOnWhiteSite
3864,17,15
timeStep,numberOfRobotsOnBlackSite,numberOfRobotsOnWhiteSite
3865,17,15
timeStep,numberOfRobotsOnBlackSite,numberOfRobotsOnWhiteSite
3866,17,15
timeStep,numberOfRobotsOnBlackSite,numberOfRobotsOnWhiteSite
3867,17,15
timeStep,numberOfRobotsOnBlackSite,numberOfRobotsOnWhiteSite
3868,17,15
timeStep,numberOfRobotsOnBlackSite,numberOfRobotsOnWhiteSite
3869,17,15
timeStep,numberOfRobotsOnBlackSite,numberOfRobotsOnWhiteSite
3870,17,15
timeStep,numberOfRobotsOnBlackSite,numberOfRobotsOnWhiteSite
3871,17,15
timeStep,numberOfRobotsOnBlackSite,numberOfRobotsOnWhiteSite
3872,17,15
timeStep,numberOfRobotsOnBlackSite,numberOfRobotsOnWhiteSite
3873,17,15
timeStep,numberOfRobotsOnBlackSite,numberOfRobotsOnWhiteSite
3874,17,15
timeStep,numberOfRobotsOnBlackSite,numberOfRobotsOnWhiteSite
3875,17,15
timeStep,numberOfRobotsOnBlackSite,numberOfRobotsOnWhiteSite
3876,17,15
timeStep,numberOfRobotsOnBlackSite,numberOfRobotsOnWhiteSite
3877,17,15
timeStep,numberOfRobotsOnBlackSite,numberOfRobotsOnWhiteSite
3878,17,15
timeStep,numberOfRobotsOnBlackSite,numberOfRobotsOnWhiteSite
3879,17,15
timeStep,numberOfRobotsOnBlackSite,numberOfRobotsOnWhiteSite
3880,17,15
timeStep,numberOfRobotsOnBlackSite,numberOfRobotsOnWhiteSite
3881,17,15
timeStep,numberOfRobotsOnBlackSite,numberOfRobotsOnWhiteSite
3882,17,15
timeStep,numberOfRobotsOnBlackSite,numberOfRobotsOnWhiteSite
3883,17,15
timeStep,numberOfRobotsOnBlackSite,numberOfRobotsOnWhiteSite
3884,17,15
timeStep,numberOfRobotsOnBlackSite,numberOfRobotsOnWhiteSite
3885,17,15
timeStep,numberOfRobotsOnBlackSite,numberOfRobotsOnWhiteSite
3886,17,15
timeStep,numberOfRobotsOnBlackSite,numberOfRobotsOnWhiteSite
3887,17,15
timeStep,numberOfRobotsOnBlackSite,numberOfRobotsOnWhiteSite
3888,17,15
timeStep,numberOfRobotsOnBlackSite,numberOfRobotsOnWhiteSite
3889,17,15
timeStep,numberOfRobotsOnBlackSite,numberOfRobotsOnWhiteSite
3890,17,15
timeStep,numberOfRobotsOnBlackSite,numberOfRobotsOnWhiteSite
3891,17,15
timeStep,numberOfRobotsOnBlackSite,numberOfRobotsOnWhiteSite
3892,17,15
timeStep,numberOfRobotsOnBlackSite,numberOfRobotsOnWhiteSite
3893,17,15
timeStep,numberOfRobotsOnBlackSite,numberOfRobotsOnWhiteSite
3894,17,15
timeStep,numberOfRobotsOnBlackSite,numberOfRobotsOnWhiteSite
3895,17,15
timeStep,numberOfRobotsOnBlackSite,numberOfRobotsOnWhiteSite
3896,17,15
timeStep,numberOfRobotsOnBlackSite,numberOfRobotsOnWhiteSite
3897,17,15
timeStep,numberOfRobotsOnBlackSite,numberOfRobotsOnWhiteSite
3898,17,15
timeStep,numberOfRobotsOnBlackSite,numberOfRobotsOnWhiteSite
3899,17,15
timeStep,numberOfRobotsOnBlackSite,numberOfRobotsOnWhiteSite
3900,17,15
timeStep,numberOfRobotsOnBlackSite,numberOfRobotsOnWhiteSite
3901,17,15
timeStep,numberOfRobotsOnBlackSite,numberOfRobotsOnWhiteSite
3902,17,15
timeStep,numberOfRobotsOnBlackSite,numberOfRobotsOnWhiteSite
3903,17,15
timeStep,numberOfRobotsOnBlackSite,numberOfRobotsOnWhiteSite
3904,17,15
timeStep,numberOfRobotsOnBlackSite,numberOfRobotsOnWhiteSite
3905,17,15
timeStep,numberOfRobotsOnBlackSite,numberOfRobotsOnWhiteSite
3906,17,15
timeStep,numberOfRobotsOnBlackSite,numberOfRobotsOnWhiteSite
3907,17,15
timeStep,numberOfRobotsOnBlackSite,numberOfRobotsOnWhiteSite
3908,17,15
timeStep,numberOfRobotsOnBlackSite,numberOfRobotsOnWhiteSite
3909,17,15
timeStep,numberOfRobotsOnBlackSite,numberOfRobotsOnWhiteSite
3910,17,15
timeStep,numberOfRobotsOnBlackSite,numberOfRobotsOnWhiteSite
3911,17,15
timeStep,numberOfRobotsOnBlackSite,numberOfRobotsOnWhiteSite
3912,17,15
timeStep,numberOfRobotsOnBlackSite,numberOfRobotsOnWhiteSite
3913,17,15
timeStep,numberOfRobotsOnBlackSite,numberOfRobotsOnWhiteSite
3914,17,15
timeStep,numberOfRobotsOnBlackSite,numberOfRobotsOnWhiteSite
3915,17,15
timeStep,numberOfRobotsOnBlackSite,numberOfRobotsOnWhiteSite
3916,17,15
timeStep,numberOfRobotsOnBlackSite,numberOfRobotsOnWhiteSite
3917,17,15
timeStep,numberOfRobotsOnBlackSite,numberOfRobotsOnWhiteSite
3918,17,15
timeStep,numberOfRobotsOnBlackSite,numberOfRobotsOnWhiteSite
3919,17,15
timeStep,numberOfRobotsOnBlackSite,numberOfRobotsOnWhiteSite
3920,17,15
timeStep,numberOfRobotsOnBlackSite,numberOfRobotsOnWhiteSite
3921,17,15
timeStep,numberOfRobotsOnBlackSite,numberOfRobotsOnWhiteSite
3922,17,15
timeStep,numberOfRobotsOnBlackSite,numberOfRobotsOnWhiteSite
3923,17,15
timeStep,numberOfRobotsOnBlackSite,numberOfRobotsOnWhiteSite
3924,17,15
timeStep,numberOfRobotsOnBlackSite,numberOfRobotsOnWhiteSite
3925,17,15
timeStep,numberOfRobotsOnBlackSite,numberOfRobotsOnWhiteSite
3926,17,15
timeStep,numberOfRobotsOnBlackSite,numberOfRobotsOnWhiteSite
3927,17,15
timeStep,numberOfRobotsOnBlackSite,numberOfRobotsOnWhiteSite
3928,17,15
timeStep,numberOfRobotsOnBlackSite,numberOfRobotsOnWhiteSite
3929,17,15
timeStep,numberOfRobotsOnBlackSite,numberOfRobotsOnWhiteSite
3930,17,15
timeStep,numberOfRobotsOnBlackSite,numberOfRobotsOnWhiteSite
3931,17,15
timeStep,numberOfRobotsOnBlackSite,numberOfRobotsOnWhiteSite
3932,17,15
timeStep,numberOfRobotsOnBlackSite,numberOfRobotsOnWhiteSite
3933,17,15
timeStep,numberOfRobotsOnBlackSite,numberOfRobotsOnWhiteSite
3934,17,15
timeStep,numberOfRobotsOnBlackSite,numberOfRobotsOnWhiteSite
3935,16,14
timeStep,numberOfRobotsOnBlackSite,numberOfRobotsOnWhiteSite
3936,16,14
timeStep,numberOfRobotsOnBlackSite,numberOfRobotsOnWhiteSite
3937,16,14
timeStep,numberOfRobotsOnBlackSite,numberOfRobotsOnWhiteSite
3938,16,14
timeStep,numberOfRobotsOnBlackSite,numberOfRobotsOnWhiteSite
3939,16,14
timeStep,numberOfRobotsOnBlackSite,numberOfRobotsOnWhiteSite
3940,16,14
timeStep,numberOfRobotsOnBlackSite,numberOfRobotsOnWhiteSite
3941,16,14
timeStep,numberOfRobotsOnBlackSite,numberOfRobotsOnWhiteSite
3942,16,14
timeStep,numberOfRobotsOnBlackSite,numberOfRobotsOnWhiteSite
3943,16,14
timeStep,numberOfRobotsOnBlackSite,numberOfRobotsOnWhiteSite
3944,16,14
timeStep,numberOfRobotsOnBlackSite,numberOfRobotsOnWhiteSite
3945,16,14
timeStep,numberOfRobotsOnBlackSite,numberOfRobotsOnWhiteSite
3946,16,14
timeStep,numberOfRobotsOnBlackSite,numberOfRobotsOnWhiteSite
3947,16,14
timeStep,numberOfRobotsOnBlackSite,numberOfRobotsOnWhiteSite
3948,16,14
timeStep,numberOfRobotsOnBlackSite,numberOfRobotsOnWhiteSite
3949,16,14
timeStep,numberOfRobotsOnBlackSite,numberOfRobotsOnWhiteSite
3950,16,14
timeStep,numberOfRobotsOnBlackSite,numberOfRobotsOnWhiteSite
3951,16,14
timeStep,numberOfRobotsOnBlackSite,numberOfRobotsOnWhiteSite
3952,16,14
timeStep,numberOfRobotsOnBlackSite,numberOfRobotsOnWhiteSite
3953,16,14
timeStep,numberOfRobotsOnBlackSite,numberOfRobotsOnWhiteSite
3954,16,14
timeStep,numberOfRobotsOnBlackSite,numberOfRobotsOnWhiteSite
3955,16,14
timeStep,numberOfRobotsOnBlackSite,numberOfRobotsOnWhiteSite
3956,16,14
timeStep,numberOfRobotsOnBlackSite,numberOfRobotsOnWhiteSite
3957,16,14
timeStep,numberOfRobotsOnBlackSite,numberOfRobotsOnWhiteSite
3958,16,14
timeStep,numberOfRobotsOnBlackSite,numberOfRobotsOnWhiteSite
3959,16,14
timeStep,numberOfRobotsOnBlackSite,numberOfRobotsOnWhiteSite
3960,16,14
timeStep,numberOfRobotsOnBlackSite,numberOfRobotsOnWhiteSite
3961,16,14
timeStep,numberOfRobotsOnBlackSite,numberOfRobotsOnWhiteSite
3962,16,14
timeStep,numberOfRobotsOnBlackSite,numberOfRobotsOnWhiteSite
3963,16,14
timeStep,numberOfRobotsOnBlackSite,numberOfRobotsOnWhiteSite
3964,16,14
timeStep,numberOfRobotsOnBlackSite,numberOfRobotsOnWhiteSite
3965,16,14
timeStep,numberOfRobotsOnBlackSite,numberOfRobotsOnWhiteSite
3966,16,14
timeStep,numberOfRobotsOnBlackSite,numberOfRobotsOnWhiteSite
3967,16,14
timeStep,numberOfRobotsOnBlackSite,numberOfRobotsOnWhiteSite
3968,16,14
timeStep,numberOfRobotsOnBlackSite,numberOfRobotsOnWhiteSite
3969,16,14
timeStep,numberOfRobotsOnBlackSite,numberOfRobotsOnWhiteSite
3970,16,14
timeStep,numberOfRobotsOnBlackSite,numberOfRobotsOnWhiteSite
3971,16,14
timeStep,numberOfRobotsOnBlackSite,numberOfRobotsOnWhiteSite
3972,16,14
timeStep,numberOfRobotsOnBlackSite,numberOfRobotsOnWhiteSite
3973,16,14
timeStep,numberOfRobotsOnBlackSite,numberOfRobotsOnWhiteSite
3974,16,14
timeStep,numberOfRobotsOnBlackSite,numberOfRobotsOnWhiteSite
3975,16,13
timeStep,numberOfRobotsOnBlackSite,numberOfRobotsOnWhiteSite
3976,16,13
timeStep,numberOfRobotsOnBlackSite,numberOfRobotsOnWhiteSite
3977,16,13
timeStep,numberOfRobotsOnBlackSite,numberOfRobotsOnWhiteSite
3978,16,13
timeStep,numberOfRobotsOnBlackSite,numberOfRobotsOnWhiteSite
3979,16,13
timeStep,numberOfRobotsOnBlackSite,numberOfRobotsOnWhiteSite
3980,16,13
timeStep,numberOfRobotsOnBlackSite,numberOfRobotsOnWhiteSite
3981,16,13
timeStep,numberOfRobotsOnBlackSite,numberOfRobotsOnWhiteSite
3982,16,13
timeStep,numberOfRobotsOnBlackSite,numberOfRobotsOnWhiteSite
3983,16,13
timeStep,numberOfRobotsOnBlackSite,numberOfRobotsOnWhiteSite
3984,16,13
timeStep,numberOfRobotsOnBlackSite,numberOfRobotsOnWhiteSite
3985,17,13
timeStep,numberOfRobotsOnBlackSite,numberOfRobotsOnWhiteSite
3986,17,13
timeStep,numberOfRobotsOnBlackSite,numberOfRobotsOnWhiteSite
3987,17,13
timeStep,numberOfRobotsOnBlackSite,numberOfRobotsOnWhiteSite
3988,17,13
timeStep,numberOfRobotsOnBlackSite,numberOfRobotsOnWhiteSite
3989,17,13
timeStep,numberOfRobotsOnBlackSite,numberOfRobotsOnWhiteSite
3990,17,13
timeStep,numberOfRobotsOnBlackSite,numberOfRobotsOnWhiteSite
3991,17,13
timeStep,numberOfRobotsOnBlackSite,numberOfRobotsOnWhiteSite
3992,17,13
timeStep,numberOfRobotsOnBlackSite,numberOfRobotsOnWhiteSite
3993,17,13
timeStep,numberOfRobotsOnBlackSite,numberOfRobotsOnWhiteSite
3994,17,13
timeStep,numberOfRobotsOnBlackSite,numberOfRobotsOnWhiteSite
3995,17,13
timeStep,numberOfRobotsOnBlackSite,numberOfRobotsOnWhiteSite
3996,17,13
timeStep,numberOfRobotsOnBlackSite,numberOfRobotsOnWhiteSite
3997,17,13
timeStep,numberOfRobotsOnBlackSite,numberOfRobotsOnWhiteSite
3998,17,13
timeStep,numberOfRobotsOnBlackSite,numberOfRobotsOnWhiteSite
3999,17,13
timeStep,numberOfRobotsOnBlackSite,numberOfRobotsOnWhiteSite
4000,17,13
timeStep,numberOfRobotsOnBlackSite,numberOfRobotsOnWhiteSite
4001,17,13
timeStep,numberOfRobotsOnBlackSite,numberOfRobotsOnWhiteSite
4002,17,13
timeStep,numberOfRobotsOnBlackSite,numberOfRobotsOnWhiteSite
4003,17,13
timeStep,numberOfRobotsOnBlackSite,numberOfRobotsOnWhiteSite
4004,17,13
timeStep,numberOfRobotsOnBlackSite,numberOfRobotsOnWhiteSite
4005,17,13
timeStep,numberOfRobotsOnBlackSite,numberOfRobotsOnWhiteSite
4006,17,13
timeStep,numberOfRobotsOnBlackSite,numberOfRobotsOnWhiteSite
4007,17,13
timeStep,numberOfRobotsOnBlackSite,numberOfRobotsOnWhiteSite
4008,17,13
timeStep,numberOfRobotsOnBlackSite,numberOfRobotsOnWhiteSite
4009,17,13
timeStep,numberOfRobotsOnBlackSite,numberOfRobotsOnWhiteSite
4010,18,13
timeStep,numberOfRobotsOnBlackSite,numberOfRobotsOnWhiteSite
4011,18,13
timeStep,numberOfRobotsOnBlackSite,numberOfRobotsOnWhiteSite
4012,18,13
timeStep,numberOfRobotsOnBlackSite,numberOfRobotsOnWhiteSite
4013,18,13
timeStep,numberOfRobotsOnBlackSite,numberOfRobotsOnWhiteSite
4014,18,13
timeStep,numberOfRobotsOnBlackSite,numberOfRobotsOnWhiteSite
4015,18,13
timeStep,numberOfRobotsOnBlackSite,numberOfRobotsOnWhiteSite
4016,18,13
timeStep,numberOfRobotsOnBlackSite,numberOfRobotsOnWhiteSite
4017,18,13
timeStep,numberOfRobotsOnBlackSite,numberOfRobotsOnWhiteSite
4018,18,13
timeStep,numberOfRobotsOnBlackSite,numberOfRobotsOnWhiteSite
4019,18,13
timeStep,numberOfRobotsOnBlackSite,numberOfRobotsOnWhiteSite
4020,18,14
timeStep,numberOfRobotsOnBlackSite,numberOfRobotsOnWhiteSite
4021,18,14
timeStep,numberOfRobotsOnBlackSite,numberOfRobotsOnWhiteSite
4022,18,14
timeStep,numberOfRobotsOnBlackSite,numberOfRobotsOnWhiteSite
4023,18,14
timeStep,numberOfRobotsOnBlackSite,numberOfRobotsOnWhiteSite
4024,18,14
timeStep,numberOfRobotsOnBlackSite,numberOfRobotsOnWhiteSite
4025,18,14
timeStep,numberOfRobotsOnBlackSite,numberOfRobotsOnWhiteSite
4026,18,14
timeStep,numberOfRobotsOnBlackSite,numberOfRobotsOnWhiteSite
4027,18,14
timeStep,numberOfRobotsOnBlackSite,numberOfRobotsOnWhiteSite
4028,18,14
timeStep,numberOfRobotsOnBlackSite,numberOfRobotsOnWhiteSite
4029,18,14
timeStep,numberOfRobotsOnBlackSite,numberOfRobotsOnWhiteSite
4030,18,14
timeStep,numberOfRobotsOnBlackSite,numberOfRobotsOnWhiteSite
4031,18,14
timeStep,numberOfRobotsOnBlackSite,numberOfRobotsOnWhiteSite
4032,18,14
timeStep,numberOfRobotsOnBlackSite,numberOfRobotsOnWhiteSite
4033,18,14
timeStep,numberOfRobotsOnBlackSite,numberOfRobotsOnWhiteSite
4034,18,14
timeStep,numberOfRobotsOnBlackSite,numberOfRobotsOnWhiteSite
4035,18,14
timeStep,numberOfRobotsOnBlackSite,numberOfRobotsOnWhiteSite
4036,18,14
timeStep,numberOfRobotsOnBlackSite,numberOfRobotsOnWhiteSite
4037,18,14
timeStep,numberOfRobotsOnBlackSite,numberOfRobotsOnWhiteSite
4038,18,14
timeStep,numberOfRobotsOnBlackSite,numberOfRobotsOnWhiteSite
4039,18,14
timeStep,numberOfRobotsOnBlackSite,numberOfRobotsOnWhiteSite
4040,18,15
timeStep,numberOfRobotsOnBlackSite,numberOfRobotsOnWhiteSite
4041,18,15
timeStep,numberOfRobotsOnBlackSite,numberOfRobotsOnWhiteSite
4042,18,15
timeStep,numberOfRobotsOnBlackSite,numberOfRobotsOnWhiteSite
4043,18,15
timeStep,numberOfRobotsOnBlackSite,numberOfRobotsOnWhiteSite
4044,18,15
timeStep,numberOfRobotsOnBlackSite,numberOfRobotsOnWhiteSite
4045,18,15
timeStep,numberOfRobotsOnBlackSite,numberOfRobotsOnWhiteSite
4046,18,15
timeStep,numberOfRobotsOnBlackSite,numberOfRobotsOnWhiteSite
4047,18,15
timeStep,numberOfRobotsOnBlackSite,numberOfRobotsOnWhiteSite
4048,18,15
timeStep,numberOfRobotsOnBlackSite,numberOfRobotsOnWhiteSite
4049,18,15
timeStep,numberOfRobotsOnBlackSite,numberOfRobotsOnWhiteSite
4050,18,15
timeStep,numberOfRobotsOnBlackSite,numberOfRobotsOnWhiteSite
4051,18,15
timeStep,numberOfRobotsOnBlackSite,numberOfRobotsOnWhiteSite
4052,18,15
timeStep,numberOfRobotsOnBlackSite,numberOfRobotsOnWhiteSite
4053,18,15
timeStep,numberOfRobotsOnBlackSite,numberOfRobotsOnWhiteSite
4054,18,15
timeStep,numberOfRobotsOnBlackSite,numberOfRobotsOnWhiteSite
4055,18,15
timeStep,numberOfRobotsOnBlackSite,numberOfRobotsOnWhiteSite
4056,18,15
timeStep,numberOfRobotsOnBlackSite,numberOfRobotsOnWhiteSite
4057,18,15
timeStep,numberOfRobotsOnBlackSite,numberOfRobotsOnWhiteSite
4058,18,15
timeStep,numberOfRobotsOnBlackSite,numberOfRobotsOnWhiteSite
4059,18,15
timeStep,numberOfRobotsOnBlackSite,numberOfRobotsOnWhiteSite
4060,18,15
timeStep,numberOfRobotsOnBlackSite,numberOfRobotsOnWhiteSite
4061,18,15
timeStep,numberOfRobotsOnBlackSite,numberOfRobotsOnWhiteSite
4062,18,15
timeStep,numberOfRobotsOnBlackSite,numberOfRobotsOnWhiteSite
4063,18,15
timeStep,numberOfRobotsOnBlackSite,numberOfRobotsOnWhiteSite
4064,18,15
timeStep,numberOfRobotsOnBlackSite,numberOfRobotsOnWhiteSite
4065,18,15
timeStep,numberOfRobotsOnBlackSite,numberOfRobotsOnWhiteSite
4066,18,15
timeStep,numberOfRobotsOnBlackSite,numberOfRobotsOnWhiteSite
4067,18,15
timeStep,numberOfRobotsOnBlackSite,numberOfRobotsOnWhiteSite
4068,18,15
timeStep,numberOfRobotsOnBlackSite,numberOfRobotsOnWhiteSite
4069,18,15
timeStep,numberOfRobotsOnBlackSite,numberOfRobotsOnWhiteSite
4070,18,15
timeStep,numberOfRobotsOnBlackSite,numberOfRobotsOnWhiteSite
4071,18,15
timeStep,numberOfRobotsOnBlackSite,numberOfRobotsOnWhiteSite
4072,18,15
timeStep,numberOfRobotsOnBlackSite,numberOfRobotsOnWhiteSite
4073,18,15
timeStep,numberOfRobotsOnBlackSite,numberOfRobotsOnWhiteSite
4074,18,15
timeStep,numberOfRobotsOnBlackSite,numberOfRobotsOnWhiteSite
4075,18,15
timeStep,numberOfRobotsOnBlackSite,numberOfRobotsOnWhiteSite
4076,18,15
timeStep,numberOfRobotsOnBlackSite,numberOfRobotsOnWhiteSite
4077,18,15
timeStep,numberOfRobotsOnBlackSite,numberOfRobotsOnWhiteSite
4078,18,15
timeStep,numberOfRobotsOnBlackSite,numberOfRobotsOnWhiteSite
4079,18,15
timeStep,numberOfRobotsOnBlackSite,numberOfRobotsOnWhiteSite
4080,18,15
timeStep,numberOfRobotsOnBlackSite,numberOfRobotsOnWhiteSite
4081,18,15
timeStep,numberOfRobotsOnBlackSite,numberOfRobotsOnWhiteSite
4082,18,15
timeStep,numberOfRobotsOnBlackSite,numberOfRobotsOnWhiteSite
4083,18,15
timeStep,numberOfRobotsOnBlackSite,numberOfRobotsOnWhiteSite
4084,18,15
timeStep,numberOfRobotsOnBlackSite,numberOfRobotsOnWhiteSite
4085,18,15
timeStep,numberOfRobotsOnBlackSite,numberOfRobotsOnWhiteSite
4086,18,15
timeStep,numberOfRobotsOnBlackSite,numberOfRobotsOnWhiteSite
4087,18,15
timeStep,numberOfRobotsOnBlackSite,numberOfRobotsOnWhiteSite
4088,18,15
timeStep,numberOfRobotsOnBlackSite,numberOfRobotsOnWhiteSite
4089,18,15
timeStep,numberOfRobotsOnBlackSite,numberOfRobotsOnWhiteSite
4090,18,15
timeStep,numberOfRobotsOnBlackSite,numberOfRobotsOnWhiteSite
4091,18,15
timeStep,numberOfRobotsOnBlackSite,numberOfRobotsOnWhiteSite
4092,18,15
timeStep,numberOfRobotsOnBlackSite,numberOfRobotsOnWhiteSite
4093,18,15
timeStep,numberOfRobotsOnBlackSite,numberOfRobotsOnWhiteSite
4094,18,15
timeStep,numberOfRobotsOnBlackSite,numberOfRobotsOnWhiteSite
4095,18,15
timeStep,numberOfRobotsOnBlackSite,numberOfRobotsOnWhiteSite
4096,18,15
timeStep,numberOfRobotsOnBlackSite,numberOfRobotsOnWhiteSite
4097,18,15
timeStep,numberOfRobotsOnBlackSite,numberOfRobotsOnWhiteSite
4098,18,15
timeStep,numberOfRobotsOnBlackSite,numberOfRobotsOnWhiteSite
4099,18,15
timeStep,numberOfRobotsOnBlackSite,numberOfRobotsOnWhiteSite
4100,18,15
timeStep,numberOfRobotsOnBlackSite,numberOfRobotsOnWhiteSite
4101,18,15
timeStep,numberOfRobotsOnBlackSite,numberOfRobotsOnWhiteSite
4102,18,15
timeStep,numberOfRobotsOnBlackSite,numberOfRobotsOnWhiteSite
4103,18,15
timeStep,numberOfRobotsOnBlackSite,numberOfRobotsOnWhiteSite
4104,18,15
timeStep,numberOfRobotsOnBlackSite,numberOfRobotsOnWhiteSite
4105,18,15
timeStep,numberOfRobotsOnBlackSite,numberOfRobotsOnWhiteSite
4106,18,15
timeStep,numberOfRobotsOnBlackSite,numberOfRobotsOnWhiteSite
4107,18,15
timeStep,numberOfRobotsOnBlackSite,numberOfRobotsOnWhiteSite
4108,18,15
timeStep,numberOfRobotsOnBlackSite,numberOfRobotsOnWhiteSite
4109,18,15
timeStep,numberOfRobotsOnBlackSite,numberOfRobotsOnWhiteSite
4110,18,15
timeStep,numberOfRobotsOnBlackSite,numberOfRobotsOnWhiteSite
4111,18,15
timeStep,numberOfRobotsOnBlackSite,numberOfRobotsOnWhiteSite
4112,18,15
timeStep,numberOfRobotsOnBlackSite,numberOfRobotsOnWhiteSite
4113,18,15
timeStep,numberOfRobotsOnBlackSite,numberOfRobotsOnWhiteSite
4114,18,15
timeStep,numberOfRobotsOnBlackSite,numberOfRobotsOnWhiteSite
4115,18,15
timeStep,numberOfRobotsOnBlackSite,numberOfRobotsOnWhiteSite
4116,18,15
timeStep,numberOfRobotsOnBlackSite,numberOfRobotsOnWhiteSite
4117,18,15
timeStep,numberOfRobotsOnBlackSite,numberOfRobotsOnWhiteSite
4118,18,15
timeStep,numberOfRobotsOnBlackSite,numberOfRobotsOnWhiteSite
4119,18,15
timeStep,numberOfRobotsOnBlackSite,numberOfRobotsOnWhiteSite
4120,18,15
timeStep,numberOfRobotsOnBlackSite,numberOfRobotsOnWhiteSite
4121,18,15
timeStep,numberOfRobotsOnBlackSite,numberOfRobotsOnWhiteSite
4122,18,15
timeStep,numberOfRobotsOnBlackSite,numberOfRobotsOnWhiteSite
4123,18,15
timeStep,numberOfRobotsOnBlackSite,numberOfRobotsOnWhiteSite
4124,18,15
timeStep,numberOfRobotsOnBlackSite,numberOfRobotsOnWhiteSite
4125,18,15
timeStep,numberOfRobotsOnBlackSite,numberOfRobotsOnWhiteSite
4126,18,15
timeStep,numberOfRobotsOnBlackSite,numberOfRobotsOnWhiteSite
4127,18,15
timeStep,numberOfRobotsOnBlackSite,numberOfRobotsOnWhiteSite
4128,18,15
timeStep,numberOfRobotsOnBlackSite,numberOfRobotsOnWhiteSite
4129,18,15
timeStep,numberOfRobotsOnBlackSite,numberOfRobotsOnWhiteSite
4130,18,15
timeStep,numberOfRobotsOnBlackSite,numberOfRobotsOnWhiteSite
4131,18,15
timeStep,numberOfRobotsOnBlackSite,numberOfRobotsOnWhiteSite
4132,18,15
timeStep,numberOfRobotsOnBlackSite,numberOfRobotsOnWhiteSite
4133,18,15
timeStep,numberOfRobotsOnBlackSite,numberOfRobotsOnWhiteSite
4134,18,15
timeStep,numberOfRobotsOnBlackSite,numberOfRobotsOnWhiteSite
4135,18,15
timeStep,numberOfRobotsOnBlackSite,numberOfRobotsOnWhiteSite
4136,18,15
timeStep,numberOfRobotsOnBlackSite,numberOfRobotsOnWhiteSite
4137,18,15
timeStep,numberOfRobotsOnBlackSite,numberOfRobotsOnWhiteSite
4138,18,15
timeStep,numberOfRobotsOnBlackSite,numberOfRobotsOnWhiteSite
4139,18,15
timeStep,numberOfRobotsOnBlackSite,numberOfRobotsOnWhiteSite
4140,18,14
timeStep,numberOfRobotsOnBlackSite,numberOfRobotsOnWhiteSite
4141,18,14
timeStep,numberOfRobotsOnBlackSite,numberOfRobotsOnWhiteSite
4142,18,14
timeStep,numberOfRobotsOnBlackSite,numberOfRobotsOnWhiteSite
4143,18,14
timeStep,numberOfRobotsOnBlackSite,numberOfRobotsOnWhiteSite
4144,18,14
timeStep,numberOfRobotsOnBlackSite,numberOfRobotsOnWhiteSite
4145,18,14
timeStep,numberOfRobotsOnBlackSite,numberOfRobotsOnWhiteSite
4146,18,14
timeStep,numberOfRobotsOnBlackSite,numberOfRobotsOnWhiteSite
4147,18,14
timeStep,numberOfRobotsOnBlackSite,numberOfRobotsOnWhiteSite
4148,18,14
timeStep,numberOfRobotsOnBlackSite,numberOfRobotsOnWhiteSite
4149,18,14
timeStep,numberOfRobotsOnBlackSite,numberOfRobotsOnWhiteSite
4150,18,14
timeStep,numberOfRobotsOnBlackSite,numberOfRobotsOnWhiteSite
4151,18,14
timeStep,numberOfRobotsOnBlackSite,numberOfRobotsOnWhiteSite
4152,18,14
timeStep,numberOfRobotsOnBlackSite,numberOfRobotsOnWhiteSite
4153,18,14
timeStep,numberOfRobotsOnBlackSite,numberOfRobotsOnWhiteSite
4154,18,14
timeStep,numberOfRobotsOnBlackSite,numberOfRobotsOnWhiteSite
4155,18,14
timeStep,numberOfRobotsOnBlackSite,numberOfRobotsOnWhiteSite
4156,18,14
timeStep,numberOfRobotsOnBlackSite,numberOfRobotsOnWhiteSite
4157,18,14
timeStep,numberOfRobotsOnBlackSite,numberOfRobotsOnWhiteSite
4158,18,14
timeStep,numberOfRobotsOnBlackSite,numberOfRobotsOnWhiteSite
4159,18,14
timeStep,numberOfRobotsOnBlackSite,numberOfRobotsOnWhiteSite
4160,18,14
timeStep,numberOfRobotsOnBlackSite,numberOfRobotsOnWhiteSite
4161,18,14
timeStep,numberOfRobotsOnBlackSite,numberOfRobotsOnWhiteSite
4162,18,14
timeStep,numberOfRobotsOnBlackSite,numberOfRobotsOnWhiteSite
4163,18,14
timeStep,numberOfRobotsOnBlackSite,numberOfRobotsOnWhiteSite
4164,18,14
timeStep,numberOfRobotsOnBlackSite,numberOfRobotsOnWhiteSite
4165,18,14
timeStep,numberOfRobotsOnBlackSite,numberOfRobotsOnWhiteSite
4166,18,14
timeStep,numberOfRobotsOnBlackSite,numberOfRobotsOnWhiteSite
4167,18,14
timeStep,numberOfRobotsOnBlackSite,numberOfRobotsOnWhiteSite
4168,18,14
timeStep,numberOfRobotsOnBlackSite,numberOfRobotsOnWhiteSite
4169,18,14
timeStep,numberOfRobotsOnBlackSite,numberOfRobotsOnWhiteSite
4170,18,14
timeStep,numberOfRobotsOnBlackSite,numberOfRobotsOnWhiteSite
4171,18,14
timeStep,numberOfRobotsOnBlackSite,numberOfRobotsOnWhiteSite
4172,18,14
timeStep,numberOfRobotsOnBlackSite,numberOfRobotsOnWhiteSite
4173,18,14
timeStep,numberOfRobotsOnBlackSite,numberOfRobotsOnWhiteSite
4174,18,14
timeStep,numberOfRobotsOnBlackSite,numberOfRobotsOnWhiteSite
4175,18,14
timeStep,numberOfRobotsOnBlackSite,numberOfRobotsOnWhiteSite
4176,18,14
timeStep,numberOfRobotsOnBlackSite,numberOfRobotsOnWhiteSite
4177,18,14
timeStep,numberOfRobotsOnBlackSite,numberOfRobotsOnWhiteSite
4178,18,14
timeStep,numberOfRobotsOnBlackSite,numberOfRobotsOnWhiteSite
4179,18,14
timeStep,numberOfRobotsOnBlackSite,numberOfRobotsOnWhiteSite
4180,18,14
timeStep,numberOfRobotsOnBlackSite,numberOfRobotsOnWhiteSite
4181,18,14
timeStep,numberOfRobotsOnBlackSite,numberOfRobotsOnWhiteSite
4182,18,14
timeStep,numberOfRobotsOnBlackSite,numberOfRobotsOnWhiteSite
4183,18,14
timeStep,numberOfRobotsOnBlackSite,numberOfRobotsOnWhiteSite
4184,18,14
timeStep,numberOfRobotsOnBlackSite,numberOfRobotsOnWhiteSite
4185,18,14
timeStep,numberOfRobotsOnBlackSite,numberOfRobotsOnWhiteSite
4186,18,14
timeStep,numberOfRobotsOnBlackSite,numberOfRobotsOnWhiteSite
4187,18,14
timeStep,numberOfRobotsOnBlackSite,numberOfRobotsOnWhiteSite
4188,18,14
timeStep,numberOfRobotsOnBlackSite,numberOfRobotsOnWhiteSite
4189,18,14
timeStep,numberOfRobotsOnBlackSite,numberOfRobotsOnWhiteSite
4190,18,14
timeStep,numberOfRobotsOnBlackSite,numberOfRobotsOnWhiteSite
4191,18,14
timeStep,numberOfRobotsOnBlackSite,numberOfRobotsOnWhiteSite
4192,18,14
timeStep,numberOfRobotsOnBlackSite,numberOfRobotsOnWhiteSite
4193,18,14
timeStep,numberOfRobotsOnBlackSite,numberOfRobotsOnWhiteSite
4194,18,14
timeStep,numberOfRobotsOnBlackSite,numberOfRobotsOnWhiteSite
4195,18,15
timeStep,numberOfRobotsOnBlackSite,numberOfRobotsOnWhiteSite
4196,18,15
timeStep,numberOfRobotsOnBlackSite,numberOfRobotsOnWhiteSite
4197,18,15
timeStep,numberOfRobotsOnBlackSite,numberOfRobotsOnWhiteSite
4198,18,15
timeStep,numberOfRobotsOnBlackSite,numberOfRobotsOnWhiteSite
4199,18,15
timeStep,numberOfRobotsOnBlackSite,numberOfRobotsOnWhiteSite
4200,18,15
timeStep,numberOfRobotsOnBlackSite,numberOfRobotsOnWhiteSite
4201,18,15
timeStep,numberOfRobotsOnBlackSite,numberOfRobotsOnWhiteSite
4202,18,15
timeStep,numberOfRobotsOnBlackSite,numberOfRobotsOnWhiteSite
4203,18,15
timeStep,numberOfRobotsOnBlackSite,numberOfRobotsOnWhiteSite
4204,18,15
timeStep,numberOfRobotsOnBlackSite,numberOfRobotsOnWhiteSite
4205,18,16
timeStep,numberOfRobotsOnBlackSite,numberOfRobotsOnWhiteSite
4206,18,16
timeStep,numberOfRobotsOnBlackSite,numberOfRobotsOnWhiteSite
4207,18,16
timeStep,numberOfRobotsOnBlackSite,numberOfRobotsOnWhiteSite
4208,18,16
timeStep,numberOfRobotsOnBlackSite,numberOfRobotsOnWhiteSite
4209,18,16
timeStep,numberOfRobotsOnBlackSite,numberOfRobotsOnWhiteSite
4210,18,16
timeStep,numberOfRobotsOnBlackSite,numberOfRobotsOnWhiteSite
4211,18,16
timeStep,numberOfRobotsOnBlackSite,numberOfRobotsOnWhiteSite
4212,18,16
timeStep,numberOfRobotsOnBlackSite,numberOfRobotsOnWhiteSite
4213,18,16
timeStep,numberOfRobotsOnBlackSite,numberOfRobotsOnWhiteSite
4214,18,16
timeStep,numberOfRobotsOnBlackSite,numberOfRobotsOnWhiteSite
4215,18,16
timeStep,numberOfRobotsOnBlackSite,numberOfRobotsOnWhiteSite
4216,18,16
timeStep,numberOfRobotsOnBlackSite,numberOfRobotsOnWhiteSite
4217,18,16
timeStep,numberOfRobotsOnBlackSite,numberOfRobotsOnWhiteSite
4218,18,16
timeStep,numberOfRobotsOnBlackSite,numberOfRobotsOnWhiteSite
4219,18,16
timeStep,numberOfRobotsOnBlackSite,numberOfRobotsOnWhiteSite
4220,18,16
timeStep,numberOfRobotsOnBlackSite,numberOfRobotsOnWhiteSite
4221,18,16
timeStep,numberOfRobotsOnBlackSite,numberOfRobotsOnWhiteSite
4222,18,16
timeStep,numberOfRobotsOnBlackSite,numberOfRobotsOnWhiteSite
4223,18,16
timeStep,numberOfRobotsOnBlackSite,numberOfRobotsOnWhiteSite
4224,18,16
timeStep,numberOfRobotsOnBlackSite,numberOfRobotsOnWhiteSite
4225,18,16
timeStep,numberOfRobotsOnBlackSite,numberOfRobotsOnWhiteSite
4226,18,16
timeStep,numberOfRobotsOnBlackSite,numberOfRobotsOnWhiteSite
4227,18,16
timeStep,numberOfRobotsOnBlackSite,numberOfRobotsOnWhiteSite
4228,18,16
timeStep,numberOfRobotsOnBlackSite,numberOfRobotsOnWhiteSite
4229,18,16
timeStep,numberOfRobotsOnBlackSite,numberOfRobotsOnWhiteSite
4230,18,16
timeStep,numberOfRobotsOnBlackSite,numberOfRobotsOnWhiteSite
4231,18,16
timeStep,numberOfRobotsOnBlackSite,numberOfRobotsOnWhiteSite
4232,18,16
timeStep,numberOfRobotsOnBlackSite,numberOfRobotsOnWhiteSite
4233,18,16
timeStep,numberOfRobotsOnBlackSite,numberOfRobotsOnWhiteSite
4234,18,16
timeStep,numberOfRobotsOnBlackSite,numberOfRobotsOnWhiteSite
4235,19,16
timeStep,numberOfRobotsOnBlackSite,numberOfRobotsOnWhiteSite
4236,19,16
timeStep,numberOfRobotsOnBlackSite,numberOfRobotsOnWhiteSite
4237,19,16
timeStep,numberOfRobotsOnBlackSite,numberOfRobotsOnWhiteSite
4238,19,16
timeStep,numberOfRobotsOnBlackSite,numberOfRobotsOnWhiteSite
4239,19,16
timeStep,numberOfRobotsOnBlackSite,numberOfRobotsOnWhiteSite
4240,19,17
timeStep,numberOfRobotsOnBlackSite,numberOfRobotsOnWhiteSite
4241,19,17
timeStep,numberOfRobotsOnBlackSite,numberOfRobotsOnWhiteSite
4242,19,17
timeStep,numberOfRobotsOnBlackSite,numberOfRobotsOnWhiteSite
4243,19,17
timeStep,numberOfRobotsOnBlackSite,numberOfRobotsOnWhiteSite
4244,19,17
timeStep,numberOfRobotsOnBlackSite,numberOfRobotsOnWhiteSite
4245,19,16
timeStep,numberOfRobotsOnBlackSite,numberOfRobotsOnWhiteSite
4246,19,16
timeStep,numberOfRobotsOnBlackSite,numberOfRobotsOnWhiteSite
4247,19,16
timeStep,numberOfRobotsOnBlackSite,numberOfRobotsOnWhiteSite
4248,19,16
timeStep,numberOfRobotsOnBlackSite,numberOfRobotsOnWhiteSite
4249,19,16
timeStep,numberOfRobotsOnBlackSite,numberOfRobotsOnWhiteSite
4250,19,16
timeStep,numberOfRobotsOnBlackSite,numberOfRobotsOnWhiteSite
4251,19,16
timeStep,numberOfRobotsOnBlackSite,numberOfRobotsOnWhiteSite
4252,19,16
timeStep,numberOfRobotsOnBlackSite,numberOfRobotsOnWhiteSite
4253,19,16
timeStep,numberOfRobotsOnBlackSite,numberOfRobotsOnWhiteSite
4254,19,16
timeStep,numberOfRobotsOnBlackSite,numberOfRobotsOnWhiteSite
4255,18,16
timeStep,numberOfRobotsOnBlackSite,numberOfRobotsOnWhiteSite
4256,18,16
timeStep,numberOfRobotsOnBlackSite,numberOfRobotsOnWhiteSite
4257,18,16
timeStep,numberOfRobotsOnBlackSite,numberOfRobotsOnWhiteSite
4258,18,16
timeStep,numberOfRobotsOnBlackSite,numberOfRobotsOnWhiteSite
4259,18,16
timeStep,numberOfRobotsOnBlackSite,numberOfRobotsOnWhiteSite
4260,18,16
timeStep,numberOfRobotsOnBlackSite,numberOfRobotsOnWhiteSite
4261,18,16
timeStep,numberOfRobotsOnBlackSite,numberOfRobotsOnWhiteSite
4262,18,16
timeStep,numberOfRobotsOnBlackSite,numberOfRobotsOnWhiteSite
4263,18,16
timeStep,numberOfRobotsOnBlackSite,numberOfRobotsOnWhiteSite
4264,18,16
timeStep,numberOfRobotsOnBlackSite,numberOfRobotsOnWhiteSite
4265,18,16
timeStep,numberOfRobotsOnBlackSite,numberOfRobotsOnWhiteSite
4266,18,16
timeStep,numberOfRobotsOnBlackSite,numberOfRobotsOnWhiteSite
4267,18,16
timeStep,numberOfRobotsOnBlackSite,numberOfRobotsOnWhiteSite
4268,18,16
timeStep,numberOfRobotsOnBlackSite,numberOfRobotsOnWhiteSite
4269,18,16
timeStep,numberOfRobotsOnBlackSite,numberOfRobotsOnWhiteSite
4270,18,16
timeStep,numberOfRobotsOnBlackSite,numberOfRobotsOnWhiteSite
4271,18,16
timeStep,numberOfRobotsOnBlackSite,numberOfRobotsOnWhiteSite
4272,18,16
timeStep,numberOfRobotsOnBlackSite,numberOfRobotsOnWhiteSite
4273,18,16
timeStep,numberOfRobotsOnBlackSite,numberOfRobotsOnWhiteSite
4274,18,16
timeStep,numberOfRobotsOnBlackSite,numberOfRobotsOnWhiteSite
4275,18,16
timeStep,numberOfRobotsOnBlackSite,numberOfRobotsOnWhiteSite
4276,18,16
timeStep,numberOfRobotsOnBlackSite,numberOfRobotsOnWhiteSite
4277,18,16
timeStep,numberOfRobotsOnBlackSite,numberOfRobotsOnWhiteSite
4278,18,16
timeStep,numberOfRobotsOnBlackSite,numberOfRobotsOnWhiteSite
4279,18,16
timeStep,numberOfRobotsOnBlackSite,numberOfRobotsOnWhiteSite
4280,18,16
timeStep,numberOfRobotsOnBlackSite,numberOfRobotsOnWhiteSite
4281,18,16
timeStep,numberOfRobotsOnBlackSite,numberOfRobotsOnWhiteSite
4282,18,16
timeStep,numberOfRobotsOnBlackSite,numberOfRobotsOnWhiteSite
4283,18,16
timeStep,numberOfRobotsOnBlackSite,numberOfRobotsOnWhiteSite
4284,18,16
timeStep,numberOfRobotsOnBlackSite,numberOfRobotsOnWhiteSite
4285,18,16
timeStep,numberOfRobotsOnBlackSite,numberOfRobotsOnWhiteSite
4286,18,16
timeStep,numberOfRobotsOnBlackSite,numberOfRobotsOnWhiteSite
4287,18,16
timeStep,numberOfRobotsOnBlackSite,numberOfRobotsOnWhiteSite
4288,18,16
timeStep,numberOfRobotsOnBlackSite,numberOfRobotsOnWhiteSite
4289,18,16
timeStep,numberOfRobotsOnBlackSite,numberOfRobotsOnWhiteSite
4290,18,16
timeStep,numberOfRobotsOnBlackSite,numberOfRobotsOnWhiteSite
4291,18,16
timeStep,numberOfRobotsOnBlackSite,numberOfRobotsOnWhiteSite
4292,18,16
timeStep,numberOfRobotsOnBlackSite,numberOfRobotsOnWhiteSite
4293,18,16
timeStep,numberOfRobotsOnBlackSite,numberOfRobotsOnWhiteSite
4294,18,16
timeStep,numberOfRobotsOnBlackSite,numberOfRobotsOnWhiteSite
4295,18,16
timeStep,numberOfRobotsOnBlackSite,numberOfRobotsOnWhiteSite
4296,18,16
timeStep,numberOfRobotsOnBlackSite,numberOfRobotsOnWhiteSite
4297,18,16
timeStep,numberOfRobotsOnBlackSite,numberOfRobotsOnWhiteSite
4298,18,16
timeStep,numberOfRobotsOnBlackSite,numberOfRobotsOnWhiteSite
4299,18,16
timeStep,numberOfRobotsOnBlackSite,numberOfRobotsOnWhiteSite
4300,19,17
timeStep,numberOfRobotsOnBlackSite,numberOfRobotsOnWhiteSite
4301,19,17
timeStep,numberOfRobotsOnBlackSite,numberOfRobotsOnWhiteSite
4302,19,17
timeStep,numberOfRobotsOnBlackSite,numberOfRobotsOnWhiteSite
4303,19,17
timeStep,numberOfRobotsOnBlackSite,numberOfRobotsOnWhiteSite
4304,19,17
timeStep,numberOfRobotsOnBlackSite,numberOfRobotsOnWhiteSite
4305,19,17
timeStep,numberOfRobotsOnBlackSite,numberOfRobotsOnWhiteSite
4306,19,17
timeStep,numberOfRobotsOnBlackSite,numberOfRobotsOnWhiteSite
4307,19,17
timeStep,numberOfRobotsOnBlackSite,numberOfRobotsOnWhiteSite
4308,19,17
timeStep,numberOfRobotsOnBlackSite,numberOfRobotsOnWhiteSite
4309,19,17
timeStep,numberOfRobotsOnBlackSite,numberOfRobotsOnWhiteSite
4310,19,17
timeStep,numberOfRobotsOnBlackSite,numberOfRobotsOnWhiteSite
4311,19,17
timeStep,numberOfRobotsOnBlackSite,numberOfRobotsOnWhiteSite
4312,19,17
timeStep,numberOfRobotsOnBlackSite,numberOfRobotsOnWhiteSite
4313,19,17
timeStep,numberOfRobotsOnBlackSite,numberOfRobotsOnWhiteSite
4314,19,17
timeStep,numberOfRobotsOnBlackSite,numberOfRobotsOnWhiteSite
4315,20,17
timeStep,numberOfRobotsOnBlackSite,numberOfRobotsOnWhiteSite
4316,20,17
timeStep,numberOfRobotsOnBlackSite,numberOfRobotsOnWhiteSite
4317,20,17
timeStep,numberOfRobotsOnBlackSite,numberOfRobotsOnWhiteSite
4318,20,17
timeStep,numberOfRobotsOnBlackSite,numberOfRobotsOnWhiteSite
4319,20,17
timeStep,numberOfRobotsOnBlackSite,numberOfRobotsOnWhiteSite
4320,20,17
timeStep,numberOfRobotsOnBlackSite,numberOfRobotsOnWhiteSite
4321,20,17
timeStep,numberOfRobotsOnBlackSite,numberOfRobotsOnWhiteSite
4322,20,17
timeStep,numberOfRobotsOnBlackSite,numberOfRobotsOnWhiteSite
4323,20,17
timeStep,numberOfRobotsOnBlackSite,numberOfRobotsOnWhiteSite
4324,20,17
timeStep,numberOfRobotsOnBlackSite,numberOfRobotsOnWhiteSite
4325,20,17
timeStep,numberOfRobotsOnBlackSite,numberOfRobotsOnWhiteSite
4326,20,17
timeStep,numberOfRobotsOnBlackSite,numberOfRobotsOnWhiteSite
4327,20,17
timeStep,numberOfRobotsOnBlackSite,numberOfRobotsOnWhiteSite
4328,20,17
timeStep,numberOfRobotsOnBlackSite,numberOfRobotsOnWhiteSite
4329,20,17
timeStep,numberOfRobotsOnBlackSite,numberOfRobotsOnWhiteSite
4330,20,16
timeStep,numberOfRobotsOnBlackSite,numberOfRobotsOnWhiteSite
4331,20,16
timeStep,numberOfRobotsOnBlackSite,numberOfRobotsOnWhiteSite
4332,20,16
timeStep,numberOfRobotsOnBlackSite,numberOfRobotsOnWhiteSite
4333,20,16
timeStep,numberOfRobotsOnBlackSite,numberOfRobotsOnWhiteSite
4334,20,16
timeStep,numberOfRobotsOnBlackSite,numberOfRobotsOnWhiteSite
4335,20,16
timeStep,numberOfRobotsOnBlackSite,numberOfRobotsOnWhiteSite
4336,20,16
timeStep,numberOfRobotsOnBlackSite,numberOfRobotsOnWhiteSite
4337,20,16
timeStep,numberOfRobotsOnBlackSite,numberOfRobotsOnWhiteSite
4338,20,16
timeStep,numberOfRobotsOnBlackSite,numberOfRobotsOnWhiteSite
4339,20,16
timeStep,numberOfRobotsOnBlackSite,numberOfRobotsOnWhiteSite
4340,20,16
timeStep,numberOfRobotsOnBlackSite,numberOfRobotsOnWhiteSite
4341,20,16
timeStep,numberOfRobotsOnBlackSite,numberOfRobotsOnWhiteSite
4342,20,16
timeStep,numberOfRobotsOnBlackSite,numberOfRobotsOnWhiteSite
4343,20,16
timeStep,numberOfRobotsOnBlackSite,numberOfRobotsOnWhiteSite
4344,20,16
timeStep,numberOfRobotsOnBlackSite,numberOfRobotsOnWhiteSite
4345,20,16
timeStep,numberOfRobotsOnBlackSite,numberOfRobotsOnWhiteSite
4346,20,16
timeStep,numberOfRobotsOnBlackSite,numberOfRobotsOnWhiteSite
4347,20,16
timeStep,numberOfRobotsOnBlackSite,numberOfRobotsOnWhiteSite
4348,20,16
timeStep,numberOfRobotsOnBlackSite,numberOfRobotsOnWhiteSite
4349,20,16
timeStep,numberOfRobotsOnBlackSite,numberOfRobotsOnWhiteSite
4350,20,16
timeStep,numberOfRobotsOnBlackSite,numberOfRobotsOnWhiteSite
4351,20,16
timeStep,numberOfRobotsOnBlackSite,numberOfRobotsOnWhiteSite
4352,20,16
timeStep,numberOfRobotsOnBlackSite,numberOfRobotsOnWhiteSite
4353,20,16
timeStep,numberOfRobotsOnBlackSite,numberOfRobotsOnWhiteSite
4354,20,16
timeStep,numberOfRobotsOnBlackSite,numberOfRobotsOnWhiteSite
4355,20,16
timeStep,numberOfRobotsOnBlackSite,numberOfRobotsOnWhiteSite
4356,20,16
timeStep,numberOfRobotsOnBlackSite,numberOfRobotsOnWhiteSite
4357,20,16
timeStep,numberOfRobotsOnBlackSite,numberOfRobotsOnWhiteSite
4358,20,16
timeStep,numberOfRobotsOnBlackSite,numberOfRobotsOnWhiteSite
4359,20,16
timeStep,numberOfRobotsOnBlackSite,numberOfRobotsOnWhiteSite
4360,20,16
timeStep,numberOfRobotsOnBlackSite,numberOfRobotsOnWhiteSite
4361,20,16
timeStep,numberOfRobotsOnBlackSite,numberOfRobotsOnWhiteSite
4362,20,16
timeStep,numberOfRobotsOnBlackSite,numberOfRobotsOnWhiteSite
4363,20,16
timeStep,numberOfRobotsOnBlackSite,numberOfRobotsOnWhiteSite
4364,20,16
timeStep,numberOfRobotsOnBlackSite,numberOfRobotsOnWhiteSite
4365,20,16
timeStep,numberOfRobotsOnBlackSite,numberOfRobotsOnWhiteSite
4366,20,16
timeStep,numberOfRobotsOnBlackSite,numberOfRobotsOnWhiteSite
4367,20,16
timeStep,numberOfRobotsOnBlackSite,numberOfRobotsOnWhiteSite
4368,20,16
timeStep,numberOfRobotsOnBlackSite,numberOfRobotsOnWhiteSite
4369,20,16
timeStep,numberOfRobotsOnBlackSite,numberOfRobotsOnWhiteSite
4370,20,14
timeStep,numberOfRobotsOnBlackSite,numberOfRobotsOnWhiteSite
4371,20,14
timeStep,numberOfRobotsOnBlackSite,numberOfRobotsOnWhiteSite
4372,20,14
timeStep,numberOfRobotsOnBlackSite,numberOfRobotsOnWhiteSite
4373,20,14
timeStep,numberOfRobotsOnBlackSite,numberOfRobotsOnWhiteSite
4374,20,14
timeStep,numberOfRobotsOnBlackSite,numberOfRobotsOnWhiteSite
4375,19,14
timeStep,numberOfRobotsOnBlackSite,numberOfRobotsOnWhiteSite
4376,19,14
timeStep,numberOfRobotsOnBlackSite,numberOfRobotsOnWhiteSite
4377,19,14
timeStep,numberOfRobotsOnBlackSite,numberOfRobotsOnWhiteSite
4378,19,14
timeStep,numberOfRobotsOnBlackSite,numberOfRobotsOnWhiteSite
4379,19,14
timeStep,numberOfRobotsOnBlackSite,numberOfRobotsOnWhiteSite
4380,19,14
timeStep,numberOfRobotsOnBlackSite,numberOfRobotsOnWhiteSite
4381,19,14
timeStep,numberOfRobotsOnBlackSite,numberOfRobotsOnWhiteSite
4382,19,14
timeStep,numberOfRobotsOnBlackSite,numberOfRobotsOnWhiteSite
4383,19,14
timeStep,numberOfRobotsOnBlackSite,numberOfRobotsOnWhiteSite
4384,19,14
timeStep,numberOfRobotsOnBlackSite,numberOfRobotsOnWhiteSite
4385,19,14
timeStep,numberOfRobotsOnBlackSite,numberOfRobotsOnWhiteSite
4386,19,14
timeStep,numberOfRobotsOnBlackSite,numberOfRobotsOnWhiteSite
4387,19,14
timeStep,numberOfRobotsOnBlackSite,numberOfRobotsOnWhiteSite
4388,19,14
timeStep,numberOfRobotsOnBlackSite,numberOfRobotsOnWhiteSite
4389,19,14
timeStep,numberOfRobotsOnBlackSite,numberOfRobotsOnWhiteSite
4390,19,14
timeStep,numberOfRobotsOnBlackSite,numberOfRobotsOnWhiteSite
4391,19,14
timeStep,numberOfRobotsOnBlackSite,numberOfRobotsOnWhiteSite
4392,19,14
timeStep,numberOfRobotsOnBlackSite,numberOfRobotsOnWhiteSite
4393,19,14
timeStep,numberOfRobotsOnBlackSite,numberOfRobotsOnWhiteSite
4394,19,14
timeStep,numberOfRobotsOnBlackSite,numberOfRobotsOnWhiteSite
4395,19,14
timeStep,numberOfRobotsOnBlackSite,numberOfRobotsOnWhiteSite
4396,19,14
timeStep,numberOfRobotsOnBlackSite,numberOfRobotsOnWhiteSite
4397,19,14
timeStep,numberOfRobotsOnBlackSite,numberOfRobotsOnWhiteSite
4398,19,14
timeStep,numberOfRobotsOnBlackSite,numberOfRobotsOnWhiteSite
4399,19,14
timeStep,numberOfRobotsOnBlackSite,numberOfRobotsOnWhiteSite
4400,18,14
timeStep,numberOfRobotsOnBlackSite,numberOfRobotsOnWhiteSite
4401,18,14
timeStep,numberOfRobotsOnBlackSite,numberOfRobotsOnWhiteSite
4402,18,14
timeStep,numberOfRobotsOnBlackSite,numberOfRobotsOnWhiteSite
4403,18,14
timeStep,numberOfRobotsOnBlackSite,numberOfRobotsOnWhiteSite
4404,18,14
timeStep,numberOfRobotsOnBlackSite,numberOfRobotsOnWhiteSite
4405,18,14
timeStep,numberOfRobotsOnBlackSite,numberOfRobotsOnWhiteSite
4406,18,14
timeStep,numberOfRobotsOnBlackSite,numberOfRobotsOnWhiteSite
4407,18,14
timeStep,numberOfRobotsOnBlackSite,numberOfRobotsOnWhiteSite
4408,18,14
timeStep,numberOfRobotsOnBlackSite,numberOfRobotsOnWhiteSite
4409,18,14
timeStep,numberOfRobotsOnBlackSite,numberOfRobotsOnWhiteSite
4410,18,14
timeStep,numberOfRobotsOnBlackSite,numberOfRobotsOnWhiteSite
4411,18,14
timeStep,numberOfRobotsOnBlackSite,numberOfRobotsOnWhiteSite
4412,18,14
timeStep,numberOfRobotsOnBlackSite,numberOfRobotsOnWhiteSite
4413,18,14
timeStep,numberOfRobotsOnBlackSite,numberOfRobotsOnWhiteSite
4414,18,14
timeStep,numberOfRobotsOnBlackSite,numberOfRobotsOnWhiteSite
4415,18,15
timeStep,numberOfRobotsOnBlackSite,numberOfRobotsOnWhiteSite
4416,18,15
timeStep,numberOfRobotsOnBlackSite,numberOfRobotsOnWhiteSite
4417,18,15
timeStep,numberOfRobotsOnBlackSite,numberOfRobotsOnWhiteSite
4418,18,15
timeStep,numberOfRobotsOnBlackSite,numberOfRobotsOnWhiteSite
4419,18,15
timeStep,numberOfRobotsOnBlackSite,numberOfRobotsOnWhiteSite
4420,19,15
timeStep,numberOfRobotsOnBlackSite,numberOfRobotsOnWhiteSite
4421,19,15
timeStep,numberOfRobotsOnBlackSite,numberOfRobotsOnWhiteSite
4422,19,15
timeStep,numberOfRobotsOnBlackSite,numberOfRobotsOnWhiteSite
4423,19,15
timeStep,numberOfRobotsOnBlackSite,numberOfRobotsOnWhiteSite
4424,19,15
timeStep,numberOfRobotsOnBlackSite,numberOfRobotsOnWhiteSite
4425,18,15
timeStep,numberOfRobotsOnBlackSite,numberOfRobotsOnWhiteSite
4426,18,15
timeStep,numberOfRobotsOnBlackSite,numberOfRobotsOnWhiteSite
4427,18,15
timeStep,numberOfRobotsOnBlackSite,numberOfRobotsOnWhiteSite
4428,18,15
timeStep,numberOfRobotsOnBlackSite,numberOfRobotsOnWhiteSite
4429,18,15
timeStep,numberOfRobotsOnBlackSite,numberOfRobotsOnWhiteSite
4430,18,16
timeStep,numberOfRobotsOnBlackSite,numberOfRobotsOnWhiteSite
4431,18,16
timeStep,numberOfRobotsOnBlackSite,numberOfRobotsOnWhiteSite
4432,18,16
timeStep,numberOfRobotsOnBlackSite,numberOfRobotsOnWhiteSite
4433,18,16
timeStep,numberOfRobotsOnBlackSite,numberOfRobotsOnWhiteSite
4434,18,16
timeStep,numberOfRobotsOnBlackSite,numberOfRobotsOnWhiteSite
4435,19,16
timeStep,numberOfRobotsOnBlackSite,numberOfRobotsOnWhiteSite
4436,19,16
timeStep,numberOfRobotsOnBlackSite,numberOfRobotsOnWhiteSite
4437,19,16
timeStep,numberOfRobotsOnBlackSite,numberOfRobotsOnWhiteSite
4438,19,16
timeStep,numberOfRobotsOnBlackSite,numberOfRobotsOnWhiteSite
4439,19,16
timeStep,numberOfRobotsOnBlackSite,numberOfRobotsOnWhiteSite
4440,20,16
timeStep,numberOfRobotsOnBlackSite,numberOfRobotsOnWhiteSite
4441,20,16
timeStep,numberOfRobotsOnBlackSite,numberOfRobotsOnWhiteSite
4442,20,16
timeStep,numberOfRobotsOnBlackSite,numberOfRobotsOnWhiteSite
4443,20,16
timeStep,numberOfRobotsOnBlackSite,numberOfRobotsOnWhiteSite
4444,20,16
timeStep,numberOfRobotsOnBlackSite,numberOfRobotsOnWhiteSite
4445,20,16
timeStep,numberOfRobotsOnBlackSite,numberOfRobotsOnWhiteSite
4446,20,16
timeStep,numberOfRobotsOnBlackSite,numberOfRobotsOnWhiteSite
4447,20,16
timeStep,numberOfRobotsOnBlackSite,numberOfRobotsOnWhiteSite
4448,20,16
timeStep,numberOfRobotsOnBlackSite,numberOfRobotsOnWhiteSite
4449,20,16
timeStep,numberOfRobotsOnBlackSite,numberOfRobotsOnWhiteSite
4450,20,16
timeStep,numberOfRobotsOnBlackSite,numberOfRobotsOnWhiteSite
4451,20,16
timeStep,numberOfRobotsOnBlackSite,numberOfRobotsOnWhiteSite
4452,20,16
timeStep,numberOfRobotsOnBlackSite,numberOfRobotsOnWhiteSite
4453,20,16
timeStep,numberOfRobotsOnBlackSite,numberOfRobotsOnWhiteSite
4454,20,16
timeStep,numberOfRobotsOnBlackSite,numberOfRobotsOnWhiteSite
4455,20,16
timeStep,numberOfRobotsOnBlackSite,numberOfRobotsOnWhiteSite
4456,20,16
timeStep,numberOfRobotsOnBlackSite,numberOfRobotsOnWhiteSite
4457,20,16
timeStep,numberOfRobotsOnBlackSite,numberOfRobotsOnWhiteSite
4458,20,16
timeStep,numberOfRobotsOnBlackSite,numberOfRobotsOnWhiteSite
4459,20,16
timeStep,numberOfRobotsOnBlackSite,numberOfRobotsOnWhiteSite
4460,20,16
timeStep,numberOfRobotsOnBlackSite,numberOfRobotsOnWhiteSite
4461,20,16
timeStep,numberOfRobotsOnBlackSite,numberOfRobotsOnWhiteSite
4462,20,16
timeStep,numberOfRobotsOnBlackSite,numberOfRobotsOnWhiteSite
4463,20,16
timeStep,numberOfRobotsOnBlackSite,numberOfRobotsOnWhiteSite
4464,20,16
timeStep,numberOfRobotsOnBlackSite,numberOfRobotsOnWhiteSite
4465,20,16
timeStep,numberOfRobotsOnBlackSite,numberOfRobotsOnWhiteSite
4466,20,16
timeStep,numberOfRobotsOnBlackSite,numberOfRobotsOnWhiteSite
4467,20,16
timeStep,numberOfRobotsOnBlackSite,numberOfRobotsOnWhiteSite
4468,20,16
timeStep,numberOfRobotsOnBlackSite,numberOfRobotsOnWhiteSite
4469,20,16
timeStep,numberOfRobotsOnBlackSite,numberOfRobotsOnWhiteSite
4470,20,16
timeStep,numberOfRobotsOnBlackSite,numberOfRobotsOnWhiteSite
4471,20,16
timeStep,numberOfRobotsOnBlackSite,numberOfRobotsOnWhiteSite
4472,20,16
timeStep,numberOfRobotsOnBlackSite,numberOfRobotsOnWhiteSite
4473,20,16
timeStep,numberOfRobotsOnBlackSite,numberOfRobotsOnWhiteSite
4474,20,16
timeStep,numberOfRobotsOnBlackSite,numberOfRobotsOnWhiteSite
4475,20,16
timeStep,numberOfRobotsOnBlackSite,numberOfRobotsOnWhiteSite
4476,20,16
timeStep,numberOfRobotsOnBlackSite,numberOfRobotsOnWhiteSite
4477,20,16
timeStep,numberOfRobotsOnBlackSite,numberOfRobotsOnWhiteSite
4478,20,16
timeStep,numberOfRobotsOnBlackSite,numberOfRobotsOnWhiteSite
4479,20,16
timeStep,numberOfRobotsOnBlackSite,numberOfRobotsOnWhiteSite
4480,21,15
timeStep,numberOfRobotsOnBlackSite,numberOfRobotsOnWhiteSite
4481,21,15
timeStep,numberOfRobotsOnBlackSite,numberOfRobotsOnWhiteSite
4482,21,15
timeStep,numberOfRobotsOnBlackSite,numberOfRobotsOnWhiteSite
4483,21,15
timeStep,numberOfRobotsOnBlackSite,numberOfRobotsOnWhiteSite
4484,21,15
timeStep,numberOfRobotsOnBlackSite,numberOfRobotsOnWhiteSite
4485,21,16
timeStep,numberOfRobotsOnBlackSite,numberOfRobotsOnWhiteSite
4486,21,16
timeStep,numberOfRobotsOnBlackSite,numberOfRobotsOnWhiteSite
4487,21,16
timeStep,numberOfRobotsOnBlackSite,numberOfRobotsOnWhiteSite
4488,21,16
timeStep,numberOfRobotsOnBlackSite,numberOfRobotsOnWhiteSite
4489,21,16
timeStep,numberOfRobotsOnBlackSite,numberOfRobotsOnWhiteSite
4490,21,15
timeStep,numberOfRobotsOnBlackSite,numberOfRobotsOnWhiteSite
4491,21,15
timeStep,numberOfRobotsOnBlackSite,numberOfRobotsOnWhiteSite
4492,21,15
timeStep,numberOfRobotsOnBlackSite,numberOfRobotsOnWhiteSite
4493,21,15
timeStep,numberOfRobotsOnBlackSite,numberOfRobotsOnWhiteSite
4494,21,15
timeStep,numberOfRobotsOnBlackSite,numberOfRobotsOnWhiteSite
4495,21,15
timeStep,numberOfRobotsOnBlackSite,numberOfRobotsOnWhiteSite
4496,21,15
timeStep,numberOfRobotsOnBlackSite,numberOfRobotsOnWhiteSite
4497,21,15
timeStep,numberOfRobotsOnBlackSite,numberOfRobotsOnWhiteSite
4498,21,15
timeStep,numberOfRobotsOnBlackSite,numberOfRobotsOnWhiteSite
4499,21,15
timeStep,numberOfRobotsOnBlackSite,numberOfRobotsOnWhiteSite
4500,21,15
timeStep,numberOfRobotsOnBlackSite,numberOfRobotsOnWhiteSite
4501,21,15
timeStep,numberOfRobotsOnBlackSite,numberOfRobotsOnWhiteSite
4502,21,15
timeStep,numberOfRobotsOnBlackSite,numberOfRobotsOnWhiteSite
4503,21,15
timeStep,numberOfRobotsOnBlackSite,numberOfRobotsOnWhiteSite
4504,21,15
timeStep,numberOfRobotsOnBlackSite,numberOfRobotsOnWhiteSite
4505,21,15
timeStep,numberOfRobotsOnBlackSite,numberOfRobotsOnWhiteSite
4506,21,15
timeStep,numberOfRobotsOnBlackSite,numberOfRobotsOnWhiteSite
4507,21,15
timeStep,numberOfRobotsOnBlackSite,numberOfRobotsOnWhiteSite
4508,21,15
timeStep,numberOfRobotsOnBlackSite,numberOfRobotsOnWhiteSite
4509,21,15
timeStep,numberOfRobotsOnBlackSite,numberOfRobotsOnWhiteSite
4510,21,15
timeStep,numberOfRobotsOnBlackSite,numberOfRobotsOnWhiteSite
4511,21,15
timeStep,numberOfRobotsOnBlackSite,numberOfRobotsOnWhiteSite
4512,21,15
timeStep,numberOfRobotsOnBlackSite,numberOfRobotsOnWhiteSite
4513,21,15
timeStep,numberOfRobotsOnBlackSite,numberOfRobotsOnWhiteSite
4514,21,15
timeStep,numberOfRobotsOnBlackSite,numberOfRobotsOnWhiteSite
4515,21,14
timeStep,numberOfRobotsOnBlackSite,numberOfRobotsOnWhiteSite
4516,21,14
timeStep,numberOfRobotsOnBlackSite,numberOfRobotsOnWhiteSite
4517,21,14
timeStep,numberOfRobotsOnBlackSite,numberOfRobotsOnWhiteSite
4518,21,14
timeStep,numberOfRobotsOnBlackSite,numberOfRobotsOnWhiteSite
4519,21,14
timeStep,numberOfRobotsOnBlackSite,numberOfRobotsOnWhiteSite
4520,21,14
timeStep,numberOfRobotsOnBlackSite,numberOfRobotsOnWhiteSite
4521,21,14
timeStep,numberOfRobotsOnBlackSite,numberOfRobotsOnWhiteSite
4522,21,14
timeStep,numberOfRobotsOnBlackSite,numberOfRobotsOnWhiteSite
4523,21,14
timeStep,numberOfRobotsOnBlackSite,numberOfRobotsOnWhiteSite
4524,21,14
timeStep,numberOfRobotsOnBlackSite,numberOfRobotsOnWhiteSite
4525,21,14
timeStep,numberOfRobotsOnBlackSite,numberOfRobotsOnWhiteSite
4526,21,14
timeStep,numberOfRobotsOnBlackSite,numberOfRobotsOnWhiteSite
4527,21,14
timeStep,numberOfRobotsOnBlackSite,numberOfRobotsOnWhiteSite
4528,21,14
timeStep,numberOfRobotsOnBlackSite,numberOfRobotsOnWhiteSite
4529,21,14
timeStep,numberOfRobotsOnBlackSite,numberOfRobotsOnWhiteSite
4530,21,14
timeStep,numberOfRobotsOnBlackSite,numberOfRobotsOnWhiteSite
4531,21,14
timeStep,numberOfRobotsOnBlackSite,numberOfRobotsOnWhiteSite
4532,21,14
timeStep,numberOfRobotsOnBlackSite,numberOfRobotsOnWhiteSite
4533,21,14
timeStep,numberOfRobotsOnBlackSite,numberOfRobotsOnWhiteSite
4534,21,14
timeStep,numberOfRobotsOnBlackSite,numberOfRobotsOnWhiteSite
4535,21,14
timeStep,numberOfRobotsOnBlackSite,numberOfRobotsOnWhiteSite
4536,21,14
timeStep,numberOfRobotsOnBlackSite,numberOfRobotsOnWhiteSite
4537,21,14
timeStep,numberOfRobotsOnBlackSite,numberOfRobotsOnWhiteSite
4538,21,14
timeStep,numberOfRobotsOnBlackSite,numberOfRobotsOnWhiteSite
4539,21,14
timeStep,numberOfRobotsOnBlackSite,numberOfRobotsOnWhiteSite
4540,21,14
timeStep,numberOfRobotsOnBlackSite,numberOfRobotsOnWhiteSite
4541,21,14
timeStep,numberOfRobotsOnBlackSite,numberOfRobotsOnWhiteSite
4542,21,14
timeStep,numberOfRobotsOnBlackSite,numberOfRobotsOnWhiteSite
4543,21,14
timeStep,numberOfRobotsOnBlackSite,numberOfRobotsOnWhiteSite
4544,21,14
timeStep,numberOfRobotsOnBlackSite,numberOfRobotsOnWhiteSite
4545,21,14
timeStep,numberOfRobotsOnBlackSite,numberOfRobotsOnWhiteSite
4546,21,14
timeStep,numberOfRobotsOnBlackSite,numberOfRobotsOnWhiteSite
4547,21,14
timeStep,numberOfRobotsOnBlackSite,numberOfRobotsOnWhiteSite
4548,21,14
timeStep,numberOfRobotsOnBlackSite,numberOfRobotsOnWhiteSite
4549,21,14
timeStep,numberOfRobotsOnBlackSite,numberOfRobotsOnWhiteSite
4550,21,14
timeStep,numberOfRobotsOnBlackSite,numberOfRobotsOnWhiteSite
4551,21,14
timeStep,numberOfRobotsOnBlackSite,numberOfRobotsOnWhiteSite
4552,21,14
timeStep,numberOfRobotsOnBlackSite,numberOfRobotsOnWhiteSite
4553,21,14
timeStep,numberOfRobotsOnBlackSite,numberOfRobotsOnWhiteSite
4554,21,14
timeStep,numberOfRobotsOnBlackSite,numberOfRobotsOnWhiteSite
4555,21,14
timeStep,numberOfRobotsOnBlackSite,numberOfRobotsOnWhiteSite
4556,21,14
timeStep,numberOfRobotsOnBlackSite,numberOfRobotsOnWhiteSite
4557,21,14
timeStep,numberOfRobotsOnBlackSite,numberOfRobotsOnWhiteSite
4558,21,14
timeStep,numberOfRobotsOnBlackSite,numberOfRobotsOnWhiteSite
4559,21,14
timeStep,numberOfRobotsOnBlackSite,numberOfRobotsOnWhiteSite
4560,21,15
timeStep,numberOfRobotsOnBlackSite,numberOfRobotsOnWhiteSite
4561,21,15
timeStep,numberOfRobotsOnBlackSite,numberOfRobotsOnWhiteSite
4562,21,15
timeStep,numberOfRobotsOnBlackSite,numberOfRobotsOnWhiteSite
4563,21,15
timeStep,numberOfRobotsOnBlackSite,numberOfRobotsOnWhiteSite
4564,21,15
timeStep,numberOfRobotsOnBlackSite,numberOfRobotsOnWhiteSite
4565,21,15
timeStep,numberOfRobotsOnBlackSite,numberOfRobotsOnWhiteSite
4566,21,15
timeStep,numberOfRobotsOnBlackSite,numberOfRobotsOnWhiteSite
4567,21,15
timeStep,numberOfRobotsOnBlackSite,numberOfRobotsOnWhiteSite
4568,21,15
timeStep,numberOfRobotsOnBlackSite,numberOfRobotsOnWhiteSite
4569,21,15
timeStep,numberOfRobotsOnBlackSite,numberOfRobotsOnWhiteSite
4570,21,14
timeStep,numberOfRobotsOnBlackSite,numberOfRobotsOnWhiteSite
4571,21,14
timeStep,numberOfRobotsOnBlackSite,numberOfRobotsOnWhiteSite
4572,21,14
timeStep,numberOfRobotsOnBlackSite,numberOfRobotsOnWhiteSite
4573,21,14
timeStep,numberOfRobotsOnBlackSite,numberOfRobotsOnWhiteSite
4574,21,14
timeStep,numberOfRobotsOnBlackSite,numberOfRobotsOnWhiteSite
4575,21,14
timeStep,numberOfRobotsOnBlackSite,numberOfRobotsOnWhiteSite
4576,21,14
timeStep,numberOfRobotsOnBlackSite,numberOfRobotsOnWhiteSite
4577,21,14
timeStep,numberOfRobotsOnBlackSite,numberOfRobotsOnWhiteSite
4578,21,14
timeStep,numberOfRobotsOnBlackSite,numberOfRobotsOnWhiteSite
4579,21,14
timeStep,numberOfRobotsOnBlackSite,numberOfRobotsOnWhiteSite
4580,21,14
timeStep,numberOfRobotsOnBlackSite,numberOfRobotsOnWhiteSite
4581,21,14
timeStep,numberOfRobotsOnBlackSite,numberOfRobotsOnWhiteSite
4582,21,14
timeStep,numberOfRobotsOnBlackSite,numberOfRobotsOnWhiteSite
4583,21,14
timeStep,numberOfRobotsOnBlackSite,numberOfRobotsOnWhiteSite
4584,21,14
timeStep,numberOfRobotsOnBlackSite,numberOfRobotsOnWhiteSite
4585,21,14
timeStep,numberOfRobotsOnBlackSite,numberOfRobotsOnWhiteSite
4586,21,14
timeStep,numberOfRobotsOnBlackSite,numberOfRobotsOnWhiteSite
4587,21,14
timeStep,numberOfRobotsOnBlackSite,numberOfRobotsOnWhiteSite
4588,21,14
timeStep,numberOfRobotsOnBlackSite,numberOfRobotsOnWhiteSite
4589,21,14
timeStep,numberOfRobotsOnBlackSite,numberOfRobotsOnWhiteSite
4590,21,14
timeStep,numberOfRobotsOnBlackSite,numberOfRobotsOnWhiteSite
4591,21,14
timeStep,numberOfRobotsOnBlackSite,numberOfRobotsOnWhiteSite
4592,21,14
timeStep,numberOfRobotsOnBlackSite,numberOfRobotsOnWhiteSite
4593,21,14
timeStep,numberOfRobotsOnBlackSite,numberOfRobotsOnWhiteSite
4594,21,14
timeStep,numberOfRobotsOnBlackSite,numberOfRobotsOnWhiteSite
4595,21,14
timeStep,numberOfRobotsOnBlackSite,numberOfRobotsOnWhiteSite
4596,21,14
timeStep,numberOfRobotsOnBlackSite,numberOfRobotsOnWhiteSite
4597,21,14
timeStep,numberOfRobotsOnBlackSite,numberOfRobotsOnWhiteSite
4598,21,14
timeStep,numberOfRobotsOnBlackSite,numberOfRobotsOnWhiteSite
4599,21,14
timeStep,numberOfRobotsOnBlackSite,numberOfRobotsOnWhiteSite
4600,21,15
timeStep,numberOfRobotsOnBlackSite,numberOfRobotsOnWhiteSite
4601,21,15
timeStep,numberOfRobotsOnBlackSite,numberOfRobotsOnWhiteSite
4602,21,15
timeStep,numberOfRobotsOnBlackSite,numberOfRobotsOnWhiteSite
4603,21,15
timeStep,numberOfRobotsOnBlackSite,numberOfRobotsOnWhiteSite
4604,21,15
timeStep,numberOfRobotsOnBlackSite,numberOfRobotsOnWhiteSite
4605,21,15
timeStep,numberOfRobotsOnBlackSite,numberOfRobotsOnWhiteSite
4606,21,15
timeStep,numberOfRobotsOnBlackSite,numberOfRobotsOnWhiteSite
4607,21,15
timeStep,numberOfRobotsOnBlackSite,numberOfRobotsOnWhiteSite
4608,21,15
timeStep,numberOfRobotsOnBlackSite,numberOfRobotsOnWhiteSite
4609,21,15
timeStep,numberOfRobotsOnBlackSite,numberOfRobotsOnWhiteSite
4610,21,15
timeStep,numberOfRobotsOnBlackSite,numberOfRobotsOnWhiteSite
4611,21,15
timeStep,numberOfRobotsOnBlackSite,numberOfRobotsOnWhiteSite
4612,21,15
timeStep,numberOfRobotsOnBlackSite,numberOfRobotsOnWhiteSite
4613,21,15
timeStep,numberOfRobotsOnBlackSite,numberOfRobotsOnWhiteSite
4614,21,15
timeStep,numberOfRobotsOnBlackSite,numberOfRobotsOnWhiteSite
4615,21,16
timeStep,numberOfRobotsOnBlackSite,numberOfRobotsOnWhiteSite
4616,21,16
timeStep,numberOfRobotsOnBlackSite,numberOfRobotsOnWhiteSite
4617,21,16
timeStep,numberOfRobotsOnBlackSite,numberOfRobotsOnWhiteSite
4618,21,16
timeStep,numberOfRobotsOnBlackSite,numberOfRobotsOnWhiteSite
4619,21,16
timeStep,numberOfRobotsOnBlackSite,numberOfRobotsOnWhiteSite
4620,21,15
timeStep,numberOfRobotsOnBlackSite,numberOfRobotsOnWhiteSite
4621,21,15
timeStep,numberOfRobotsOnBlackSite,numberOfRobotsOnWhiteSite
4622,21,15
timeStep,numberOfRobotsOnBlackSite,numberOfRobotsOnWhiteSite
4623,21,15
timeStep,numberOfRobotsOnBlackSite,numberOfRobotsOnWhiteSite
4624,21,15
timeStep,numberOfRobotsOnBlackSite,numberOfRobotsOnWhiteSite
4625,21,15
timeStep,numberOfRobotsOnBlackSite,numberOfRobotsOnWhiteSite
4626,21,15
timeStep,numberOfRobotsOnBlackSite,numberOfRobotsOnWhiteSite
4627,21,15
timeStep,numberOfRobotsOnBlackSite,numberOfRobotsOnWhiteSite
4628,21,15
timeStep,numberOfRobotsOnBlackSite,numberOfRobotsOnWhiteSite
4629,21,15
timeStep,numberOfRobotsOnBlackSite,numberOfRobotsOnWhiteSite
4630,21,15
timeStep,numberOfRobotsOnBlackSite,numberOfRobotsOnWhiteSite
4631,21,15
timeStep,numberOfRobotsOnBlackSite,numberOfRobotsOnWhiteSite
4632,21,15
timeStep,numberOfRobotsOnBlackSite,numberOfRobotsOnWhiteSite
4633,21,15
timeStep,numberOfRobotsOnBlackSite,numberOfRobotsOnWhiteSite
4634,21,15
timeStep,numberOfRobotsOnBlackSite,numberOfRobotsOnWhiteSite
4635,21,15
timeStep,numberOfRobotsOnBlackSite,numberOfRobotsOnWhiteSite
4636,21,15
timeStep,numberOfRobotsOnBlackSite,numberOfRobotsOnWhiteSite
4637,21,15
timeStep,numberOfRobotsOnBlackSite,numberOfRobotsOnWhiteSite
4638,21,15
timeStep,numberOfRobotsOnBlackSite,numberOfRobotsOnWhiteSite
4639,21,15
timeStep,numberOfRobotsOnBlackSite,numberOfRobotsOnWhiteSite
4640,20,15
timeStep,numberOfRobotsOnBlackSite,numberOfRobotsOnWhiteSite
4641,20,15
timeStep,numberOfRobotsOnBlackSite,numberOfRobotsOnWhiteSite
4642,20,15
timeStep,numberOfRobotsOnBlackSite,numberOfRobotsOnWhiteSite
4643,20,15
timeStep,numberOfRobotsOnBlackSite,numberOfRobotsOnWhiteSite
4644,20,15
timeStep,numberOfRobotsOnBlackSite,numberOfRobotsOnWhiteSite
4645,20,15
timeStep,numberOfRobotsOnBlackSite,numberOfRobotsOnWhiteSite
4646,20,15
timeStep,numberOfRobotsOnBlackSite,numberOfRobotsOnWhiteSite
4647,20,15
timeStep,numberOfRobotsOnBlackSite,numberOfRobotsOnWhiteSite
4648,20,15
timeStep,numberOfRobotsOnBlackSite,numberOfRobotsOnWhiteSite
4649,20,15
timeStep,numberOfRobotsOnBlackSite,numberOfRobotsOnWhiteSite
4650,20,15
timeStep,numberOfRobotsOnBlackSite,numberOfRobotsOnWhiteSite
4651,20,15
timeStep,numberOfRobotsOnBlackSite,numberOfRobotsOnWhiteSite
4652,20,15
timeStep,numberOfRobotsOnBlackSite,numberOfRobotsOnWhiteSite
4653,20,15
timeStep,numberOfRobotsOnBlackSite,numberOfRobotsOnWhiteSite
4654,20,15
timeStep,numberOfRobotsOnBlackSite,numberOfRobotsOnWhiteSite
4655,20,15
timeStep,numberOfRobotsOnBlackSite,numberOfRobotsOnWhiteSite
4656,20,15
timeStep,numberOfRobotsOnBlackSite,numberOfRobotsOnWhiteSite
4657,20,15
timeStep,numberOfRobotsOnBlackSite,numberOfRobotsOnWhiteSite
4658,20,15
timeStep,numberOfRobotsOnBlackSite,numberOfRobotsOnWhiteSite
4659,20,15
timeStep,numberOfRobotsOnBlackSite,numberOfRobotsOnWhiteSite
4660,20,15
timeStep,numberOfRobotsOnBlackSite,numberOfRobotsOnWhiteSite
4661,20,15
timeStep,numberOfRobotsOnBlackSite,numberOfRobotsOnWhiteSite
4662,20,15
timeStep,numberOfRobotsOnBlackSite,numberOfRobotsOnWhiteSite
4663,20,15
timeStep,numberOfRobotsOnBlackSite,numberOfRobotsOnWhiteSite
4664,20,15
timeStep,numberOfRobotsOnBlackSite,numberOfRobotsOnWhiteSite
4665,20,15
timeStep,numberOfRobotsOnBlackSite,numberOfRobotsOnWhiteSite
4666,20,15
timeStep,numberOfRobotsOnBlackSite,numberOfRobotsOnWhiteSite
4667,20,15
timeStep,numberOfRobotsOnBlackSite,numberOfRobotsOnWhiteSite
4668,20,15
timeStep,numberOfRobotsOnBlackSite,numberOfRobotsOnWhiteSite
4669,20,15
timeStep,numberOfRobotsOnBlackSite,numberOfRobotsOnWhiteSite
4670,20,14
timeStep,numberOfRobotsOnBlackSite,numberOfRobotsOnWhiteSite
4671,20,14
timeStep,numberOfRobotsOnBlackSite,numberOfRobotsOnWhiteSite
4672,20,14
timeStep,numberOfRobotsOnBlackSite,numberOfRobotsOnWhiteSite
4673,20,14
timeStep,numberOfRobotsOnBlackSite,numberOfRobotsOnWhiteSite
4674,20,14
timeStep,numberOfRobotsOnBlackSite,numberOfRobotsOnWhiteSite
4675,20,14
timeStep,numberOfRobotsOnBlackSite,numberOfRobotsOnWhiteSite
4676,20,14
timeStep,numberOfRobotsOnBlackSite,numberOfRobotsOnWhiteSite
4677,20,14
timeStep,numberOfRobotsOnBlackSite,numberOfRobotsOnWhiteSite
4678,20,14
timeStep,numberOfRobotsOnBlackSite,numberOfRobotsOnWhiteSite
4679,20,14
timeStep,numberOfRobotsOnBlackSite,numberOfRobotsOnWhiteSite
4680,21,15
timeStep,numberOfRobotsOnBlackSite,numberOfRobotsOnWhiteSite
4681,21,15
timeStep,numberOfRobotsOnBlackSite,numberOfRobotsOnWhiteSite
4682,21,15
timeStep,numberOfRobotsOnBlackSite,numberOfRobotsOnWhiteSite
4683,21,15
timeStep,numberOfRobotsOnBlackSite,numberOfRobotsOnWhiteSite
4684,21,15
timeStep,numberOfRobotsOnBlackSite,numberOfRobotsOnWhiteSite
4685,21,15
timeStep,numberOfRobotsOnBlackSite,numberOfRobotsOnWhiteSite
4686,21,15
timeStep,numberOfRobotsOnBlackSite,numberOfRobotsOnWhiteSite
4687,21,15
timeStep,numberOfRobotsOnBlackSite,numberOfRobotsOnWhiteSite
4688,21,15
timeStep,numberOfRobotsOnBlackSite,numberOfRobotsOnWhiteSite
4689,21,15
timeStep,numberOfRobotsOnBlackSite,numberOfRobotsOnWhiteSite
4690,21,15
timeStep,numberOfRobotsOnBlackSite,numberOfRobotsOnWhiteSite
4691,21,15
timeStep,numberOfRobotsOnBlackSite,numberOfRobotsOnWhiteSite
4692,21,15
timeStep,numberOfRobotsOnBlackSite,numberOfRobotsOnWhiteSite
4693,21,15
timeStep,numberOfRobotsOnBlackSite,numberOfRobotsOnWhiteSite
4694,21,15
timeStep,numberOfRobotsOnBlackSite,numberOfRobotsOnWhiteSite
4695,21,15
timeStep,numberOfRobotsOnBlackSite,numberOfRobotsOnWhiteSite
4696,21,15
timeStep,numberOfRobotsOnBlackSite,numberOfRobotsOnWhiteSite
4697,21,15
timeStep,numberOfRobotsOnBlackSite,numberOfRobotsOnWhiteSite
4698,21,15
timeStep,numberOfRobotsOnBlackSite,numberOfRobotsOnWhiteSite
4699,21,15
timeStep,numberOfRobotsOnBlackSite,numberOfRobotsOnWhiteSite
4700,21,16
timeStep,numberOfRobotsOnBlackSite,numberOfRobotsOnWhiteSite
4701,21,16
timeStep,numberOfRobotsOnBlackSite,numberOfRobotsOnWhiteSite
4702,21,16
timeStep,numberOfRobotsOnBlackSite,numberOfRobotsOnWhiteSite
4703,21,16
timeStep,numberOfRobotsOnBlackSite,numberOfRobotsOnWhiteSite
4704,21,16
timeStep,numberOfRobotsOnBlackSite,numberOfRobotsOnWhiteSite
4705,21,16
timeStep,numberOfRobotsOnBlackSite,numberOfRobotsOnWhiteSite
4706,21,16
timeStep,numberOfRobotsOnBlackSite,numberOfRobotsOnWhiteSite
4707,21,16
timeStep,numberOfRobotsOnBlackSite,numberOfRobotsOnWhiteSite
4708,21,16
timeStep,numberOfRobotsOnBlackSite,numberOfRobotsOnWhiteSite
4709,21,16
timeStep,numberOfRobotsOnBlackSite,numberOfRobotsOnWhiteSite
4710,21,16
timeStep,numberOfRobotsOnBlackSite,numberOfRobotsOnWhiteSite
4711,21,16
timeStep,numberOfRobotsOnBlackSite,numberOfRobotsOnWhiteSite
4712,21,16
timeStep,numberOfRobotsOnBlackSite,numberOfRobotsOnWhiteSite
4713,21,16
timeStep,numberOfRobotsOnBlackSite,numberOfRobotsOnWhiteSite
4714,21,16
timeStep,numberOfRobotsOnBlackSite,numberOfRobotsOnWhiteSite
4715,21,16
timeStep,numberOfRobotsOnBlackSite,numberOfRobotsOnWhiteSite
4716,21,16
timeStep,numberOfRobotsOnBlackSite,numberOfRobotsOnWhiteSite
4717,21,16
timeStep,numberOfRobotsOnBlackSite,numberOfRobotsOnWhiteSite
4718,21,16
timeStep,numberOfRobotsOnBlackSite,numberOfRobotsOnWhiteSite
4719,21,16
timeStep,numberOfRobotsOnBlackSite,numberOfRobotsOnWhiteSite
4720,21,16
timeStep,numberOfRobotsOnBlackSite,numberOfRobotsOnWhiteSite
4721,21,16
timeStep,numberOfRobotsOnBlackSite,numberOfRobotsOnWhiteSite
4722,21,16
timeStep,numberOfRobotsOnBlackSite,numberOfRobotsOnWhiteSite
4723,21,16
timeStep,numberOfRobotsOnBlackSite,numberOfRobotsOnWhiteSite
4724,21,16
timeStep,numberOfRobotsOnBlackSite,numberOfRobotsOnWhiteSite
4725,21,17
timeStep,numberOfRobotsOnBlackSite,numberOfRobotsOnWhiteSite
4726,21,17
timeStep,numberOfRobotsOnBlackSite,numberOfRobotsOnWhiteSite
4727,21,17
timeStep,numberOfRobotsOnBlackSite,numberOfRobotsOnWhiteSite
4728,21,17
timeStep,numberOfRobotsOnBlackSite,numberOfRobotsOnWhiteSite
4729,21,17
timeStep,numberOfRobotsOnBlackSite,numberOfRobotsOnWhiteSite
4730,21,17
timeStep,numberOfRobotsOnBlackSite,numberOfRobotsOnWhiteSite
4731,21,17
timeStep,numberOfRobotsOnBlackSite,numberOfRobotsOnWhiteSite
4732,21,17
timeStep,numberOfRobotsOnBlackSite,numberOfRobotsOnWhiteSite
4733,21,17
timeStep,numberOfRobotsOnBlackSite,numberOfRobotsOnWhiteSite
4734,21,17
timeStep,numberOfRobotsOnBlackSite,numberOfRobotsOnWhiteSite
4735,21,17
timeStep,numberOfRobotsOnBlackSite,numberOfRobotsOnWhiteSite
4736,21,17
timeStep,numberOfRobotsOnBlackSite,numberOfRobotsOnWhiteSite
4737,21,17
timeStep,numberOfRobotsOnBlackSite,numberOfRobotsOnWhiteSite
4738,21,17
timeStep,numberOfRobotsOnBlackSite,numberOfRobotsOnWhiteSite
4739,21,17
timeStep,numberOfRobotsOnBlackSite,numberOfRobotsOnWhiteSite
4740,21,17
timeStep,numberOfRobotsOnBlackSite,numberOfRobotsOnWhiteSite
4741,21,17
timeStep,numberOfRobotsOnBlackSite,numberOfRobotsOnWhiteSite
4742,21,17
timeStep,numberOfRobotsOnBlackSite,numberOfRobotsOnWhiteSite
4743,21,17
timeStep,numberOfRobotsOnBlackSite,numberOfRobotsOnWhiteSite
4744,21,17
timeStep,numberOfRobotsOnBlackSite,numberOfRobotsOnWhiteSite
4745,21,17
timeStep,numberOfRobotsOnBlackSite,numberOfRobotsOnWhiteSite
4746,21,17
timeStep,numberOfRobotsOnBlackSite,numberOfRobotsOnWhiteSite
4747,21,17
timeStep,numberOfRobotsOnBlackSite,numberOfRobotsOnWhiteSite
4748,21,17
timeStep,numberOfRobotsOnBlackSite,numberOfRobotsOnWhiteSite
4749,21,17
timeStep,numberOfRobotsOnBlackSite,numberOfRobotsOnWhiteSite
4750,21,17
timeStep,numberOfRobotsOnBlackSite,numberOfRobotsOnWhiteSite
4751,21,17
timeStep,numberOfRobotsOnBlackSite,numberOfRobotsOnWhiteSite
4752,21,17
timeStep,numberOfRobotsOnBlackSite,numberOfRobotsOnWhiteSite
4753,21,17
timeStep,numberOfRobotsOnBlackSite,numberOfRobotsOnWhiteSite
4754,21,17
timeStep,numberOfRobotsOnBlackSite,numberOfRobotsOnWhiteSite
4755,21,17
timeStep,numberOfRobotsOnBlackSite,numberOfRobotsOnWhiteSite
4756,21,17
timeStep,numberOfRobotsOnBlackSite,numberOfRobotsOnWhiteSite
4757,21,17
timeStep,numberOfRobotsOnBlackSite,numberOfRobotsOnWhiteSite
4758,21,17
timeStep,numberOfRobotsOnBlackSite,numberOfRobotsOnWhiteSite
4759,21,17
timeStep,numberOfRobotsOnBlackSite,numberOfRobotsOnWhiteSite
4760,21,17
timeStep,numberOfRobotsOnBlackSite,numberOfRobotsOnWhiteSite
4761,21,17
timeStep,numberOfRobotsOnBlackSite,numberOfRobotsOnWhiteSite
4762,21,17
timeStep,numberOfRobotsOnBlackSite,numberOfRobotsOnWhiteSite
4763,21,17
timeStep,numberOfRobotsOnBlackSite,numberOfRobotsOnWhiteSite
4764,21,17
timeStep,numberOfRobotsOnBlackSite,numberOfRobotsOnWhiteSite
4765,21,17
timeStep,numberOfRobotsOnBlackSite,numberOfRobotsOnWhiteSite
4766,21,17
timeStep,numberOfRobotsOnBlackSite,numberOfRobotsOnWhiteSite
4767,21,17
timeStep,numberOfRobotsOnBlackSite,numberOfRobotsOnWhiteSite
4768,21,17
timeStep,numberOfRobotsOnBlackSite,numberOfRobotsOnWhiteSite
4769,21,17
timeStep,numberOfRobotsOnBlackSite,numberOfRobotsOnWhiteSite
4770,21,17
timeStep,numberOfRobotsOnBlackSite,numberOfRobotsOnWhiteSite
4771,21,17
timeStep,numberOfRobotsOnBlackSite,numberOfRobotsOnWhiteSite
4772,21,17
timeStep,numberOfRobotsOnBlackSite,numberOfRobotsOnWhiteSite
4773,21,17
timeStep,numberOfRobotsOnBlackSite,numberOfRobotsOnWhiteSite
4774,21,17
timeStep,numberOfRobotsOnBlackSite,numberOfRobotsOnWhiteSite
4775,21,16
timeStep,numberOfRobotsOnBlackSite,numberOfRobotsOnWhiteSite
4776,21,16
timeStep,numberOfRobotsOnBlackSite,numberOfRobotsOnWhiteSite
4777,21,16
timeStep,numberOfRobotsOnBlackSite,numberOfRobotsOnWhiteSite
4778,21,16
timeStep,numberOfRobotsOnBlackSite,numberOfRobotsOnWhiteSite
4779,21,16
timeStep,numberOfRobotsOnBlackSite,numberOfRobotsOnWhiteSite
4780,20,16
timeStep,numberOfRobotsOnBlackSite,numberOfRobotsOnWhiteSite
4781,20,16
timeStep,numberOfRobotsOnBlackSite,numberOfRobotsOnWhiteSite
4782,20,16
timeStep,numberOfRobotsOnBlackSite,numberOfRobotsOnWhiteSite
4783,20,16
timeStep,numberOfRobotsOnBlackSite,numberOfRobotsOnWhiteSite
4784,20,16
timeStep,numberOfRobotsOnBlackSite,numberOfRobotsOnWhiteSite
4785,20,15
timeStep,numberOfRobotsOnBlackSite,numberOfRobotsOnWhiteSite
4786,20,15
timeStep,numberOfRobotsOnBlackSite,numberOfRobotsOnWhiteSite
4787,20,15
timeStep,numberOfRobotsOnBlackSite,numberOfRobotsOnWhiteSite
4788,20,15
timeStep,numberOfRobotsOnBlackSite,numberOfRobotsOnWhiteSite
4789,20,15
timeStep,numberOfRobotsOnBlackSite,numberOfRobotsOnWhiteSite
4790,20,15
timeStep,numberOfRobotsOnBlackSite,numberOfRobotsOnWhiteSite
4791,20,15
timeStep,numberOfRobotsOnBlackSite,numberOfRobotsOnWhiteSite
4792,20,15
timeStep,numberOfRobotsOnBlackSite,numberOfRobotsOnWhiteSite
4793,20,15
timeStep,numberOfRobotsOnBlackSite,numberOfRobotsOnWhiteSite
4794,20,15
timeStep,numberOfRobotsOnBlackSite,numberOfRobotsOnWhiteSite
4795,20,15
timeStep,numberOfRobotsOnBlackSite,numberOfRobotsOnWhiteSite
4796,20,15
timeStep,numberOfRobotsOnBlackSite,numberOfRobotsOnWhiteSite
4797,20,15
timeStep,numberOfRobotsOnBlackSite,numberOfRobotsOnWhiteSite
4798,20,15
timeStep,numberOfRobotsOnBlackSite,numberOfRobotsOnWhiteSite
4799,20,15
timeStep,numberOfRobotsOnBlackSite,numberOfRobotsOnWhiteSite
4800,20,15
timeStep,numberOfRobotsOnBlackSite,numberOfRobotsOnWhiteSite
4801,20,15
timeStep,numberOfRobotsOnBlackSite,numberOfRobotsOnWhiteSite
4802,20,15
timeStep,numberOfRobotsOnBlackSite,numberOfRobotsOnWhiteSite
4803,20,15
timeStep,numberOfRobotsOnBlackSite,numberOfRobotsOnWhiteSite
4804,20,15
timeStep,numberOfRobotsOnBlackSite,numberOfRobotsOnWhiteSite
4805,20,15
timeStep,numberOfRobotsOnBlackSite,numberOfRobotsOnWhiteSite
4806,20,15
timeStep,numberOfRobotsOnBlackSite,numberOfRobotsOnWhiteSite
4807,20,15
timeStep,numberOfRobotsOnBlackSite,numberOfRobotsOnWhiteSite
4808,20,15
timeStep,numberOfRobotsOnBlackSite,numberOfRobotsOnWhiteSite
4809,20,15
timeStep,numberOfRobotsOnBlackSite,numberOfRobotsOnWhiteSite
4810,20,15
timeStep,numberOfRobotsOnBlackSite,numberOfRobotsOnWhiteSite
4811,20,15
timeStep,numberOfRobotsOnBlackSite,numberOfRobotsOnWhiteSite
4812,20,15
timeStep,numberOfRobotsOnBlackSite,numberOfRobotsOnWhiteSite
4813,20,15
timeStep,numberOfRobotsOnBlackSite,numberOfRobotsOnWhiteSite
4814,20,15
timeStep,numberOfRobotsOnBlackSite,numberOfRobotsOnWhiteSite
4815,20,15
timeStep,numberOfRobotsOnBlackSite,numberOfRobotsOnWhiteSite
4816,20,15
timeStep,numberOfRobotsOnBlackSite,numberOfRobotsOnWhiteSite
4817,20,15
timeStep,numberOfRobotsOnBlackSite,numberOfRobotsOnWhiteSite
4818,20,15
timeStep,numberOfRobotsOnBlackSite,numberOfRobotsOnWhiteSite
4819,20,15
timeStep,numberOfRobotsOnBlackSite,numberOfRobotsOnWhiteSite
4820,20,15
timeStep,numberOfRobotsOnBlackSite,numberOfRobotsOnWhiteSite
4821,20,15
timeStep,numberOfRobotsOnBlackSite,numberOfRobotsOnWhiteSite
4822,20,15
timeStep,numberOfRobotsOnBlackSite,numberOfRobotsOnWhiteSite
4823,20,15
timeStep,numberOfRobotsOnBlackSite,numberOfRobotsOnWhiteSite
4824,20,15
timeStep,numberOfRobotsOnBlackSite,numberOfRobotsOnWhiteSite
4825,20,15
timeStep,numberOfRobotsOnBlackSite,numberOfRobotsOnWhiteSite
4826,20,15
timeStep,numberOfRobotsOnBlackSite,numberOfRobotsOnWhiteSite
4827,20,15
timeStep,numberOfRobotsOnBlackSite,numberOfRobotsOnWhiteSite
4828,20,15
timeStep,numberOfRobotsOnBlackSite,numberOfRobotsOnWhiteSite
4829,20,15
timeStep,numberOfRobotsOnBlackSite,numberOfRobotsOnWhiteSite
4830,20,15
timeStep,numberOfRobotsOnBlackSite,numberOfRobotsOnWhiteSite
4831,20,15
timeStep,numberOfRobotsOnBlackSite,numberOfRobotsOnWhiteSite
4832,20,15
timeStep,numberOfRobotsOnBlackSite,numberOfRobotsOnWhiteSite
4833,20,15
timeStep,numberOfRobotsOnBlackSite,numberOfRobotsOnWhiteSite
4834,20,15
timeStep,numberOfRobotsOnBlackSite,numberOfRobotsOnWhiteSite
4835,21,15
timeStep,numberOfRobotsOnBlackSite,numberOfRobotsOnWhiteSite
4836,21,15
timeStep,numberOfRobotsOnBlackSite,numberOfRobotsOnWhiteSite
4837,21,15
timeStep,numberOfRobotsOnBlackSite,numberOfRobotsOnWhiteSite
4838,21,15
timeStep,numberOfRobotsOnBlackSite,numberOfRobotsOnWhiteSite
4839,21,15
timeStep,numberOfRobotsOnBlackSite,numberOfRobotsOnWhiteSite
4840,21,15
timeStep,numberOfRobotsOnBlackSite,numberOfRobotsOnWhiteSite
4841,21,15
timeStep,numberOfRobotsOnBlackSite,numberOfRobotsOnWhiteSite
4842,21,15
timeStep,numberOfRobotsOnBlackSite,numberOfRobotsOnWhiteSite
4843,21,15
timeStep,numberOfRobotsOnBlackSite,numberOfRobotsOnWhiteSite
4844,21,15
timeStep,numberOfRobotsOnBlackSite,numberOfRobotsOnWhiteSite
4845,21,15
timeStep,numberOfRobotsOnBlackSite,numberOfRobotsOnWhiteSite
4846,21,15
timeStep,numberOfRobotsOnBlackSite,numberOfRobotsOnWhiteSite
4847,21,15
timeStep,numberOfRobotsOnBlackSite,numberOfRobotsOnWhiteSite
4848,21,15
timeStep,numberOfRobotsOnBlackSite,numberOfRobotsOnWhiteSite
4849,21,15
timeStep,numberOfRobotsOnBlackSite,numberOfRobotsOnWhiteSite
4850,21,15
timeStep,numberOfRobotsOnBlackSite,numberOfRobotsOnWhiteSite
4851,21,15
timeStep,numberOfRobotsOnBlackSite,numberOfRobotsOnWhiteSite
4852,21,15
timeStep,numberOfRobotsOnBlackSite,numberOfRobotsOnWhiteSite
4853,21,15
timeStep,numberOfRobotsOnBlackSite,numberOfRobotsOnWhiteSite
4854,21,15
timeStep,numberOfRobotsOnBlackSite,numberOfRobotsOnWhiteSite
4855,21,15
timeStep,numberOfRobotsOnBlackSite,numberOfRobotsOnWhiteSite
4856,21,15
timeStep,numberOfRobotsOnBlackSite,numberOfRobotsOnWhiteSite
4857,21,15
timeStep,numberOfRobotsOnBlackSite,numberOfRobotsOnWhiteSite
4858,21,15
timeStep,numberOfRobotsOnBlackSite,numberOfRobotsOnWhiteSite
4859,21,15
timeStep,numberOfRobotsOnBlackSite,numberOfRobotsOnWhiteSite
4860,21,15
timeStep,numberOfRobotsOnBlackSite,numberOfRobotsOnWhiteSite
4861,21,15
timeStep,numberOfRobotsOnBlackSite,numberOfRobotsOnWhiteSite
4862,21,15
timeStep,numberOfRobotsOnBlackSite,numberOfRobotsOnWhiteSite
4863,21,15
timeStep,numberOfRobotsOnBlackSite,numberOfRobotsOnWhiteSite
4864,21,15
timeStep,numberOfRobotsOnBlackSite,numberOfRobotsOnWhiteSite
4865,21,15
timeStep,numberOfRobotsOnBlackSite,numberOfRobotsOnWhiteSite
4866,21,15
timeStep,numberOfRobotsOnBlackSite,numberOfRobotsOnWhiteSite
4867,21,15
timeStep,numberOfRobotsOnBlackSite,numberOfRobotsOnWhiteSite
4868,21,15
timeStep,numberOfRobotsOnBlackSite,numberOfRobotsOnWhiteSite
4869,21,15
timeStep,numberOfRobotsOnBlackSite,numberOfRobotsOnWhiteSite
4870,21,15
timeStep,numberOfRobotsOnBlackSite,numberOfRobotsOnWhiteSite
4871,21,15
timeStep,numberOfRobotsOnBlackSite,numberOfRobotsOnWhiteSite
4872,21,15
timeStep,numberOfRobotsOnBlackSite,numberOfRobotsOnWhiteSite
4873,21,15
timeStep,numberOfRobotsOnBlackSite,numberOfRobotsOnWhiteSite
4874,21,15
timeStep,numberOfRobotsOnBlackSite,numberOfRobotsOnWhiteSite
4875,21,15
timeStep,numberOfRobotsOnBlackSite,numberOfRobotsOnWhiteSite
4876,21,15
timeStep,numberOfRobotsOnBlackSite,numberOfRobotsOnWhiteSite
4877,21,15
timeStep,numberOfRobotsOnBlackSite,numberOfRobotsOnWhiteSite
4878,21,15
timeStep,numberOfRobotsOnBlackSite,numberOfRobotsOnWhiteSite
4879,21,15
timeStep,numberOfRobotsOnBlackSite,numberOfRobotsOnWhiteSite
4880,21,15
timeStep,numberOfRobotsOnBlackSite,numberOfRobotsOnWhiteSite
4881,21,15
timeStep,numberOfRobotsOnBlackSite,numberOfRobotsOnWhiteSite
4882,21,15
timeStep,numberOfRobotsOnBlackSite,numberOfRobotsOnWhiteSite
4883,21,15
timeStep,numberOfRobotsOnBlackSite,numberOfRobotsOnWhiteSite
4884,21,15
timeStep,numberOfRobotsOnBlackSite,numberOfRobotsOnWhiteSite
4885,20,15
timeStep,numberOfRobotsOnBlackSite,numberOfRobotsOnWhiteSite
4886,20,15
timeStep,numberOfRobotsOnBlackSite,numberOfRobotsOnWhiteSite
4887,20,15
timeStep,numberOfRobotsOnBlackSite,numberOfRobotsOnWhiteSite
4888,20,15
timeStep,numberOfRobotsOnBlackSite,numberOfRobotsOnWhiteSite
4889,20,15
timeStep,numberOfRobotsOnBlackSite,numberOfRobotsOnWhiteSite
4890,20,15
timeStep,numberOfRobotsOnBlackSite,numberOfRobotsOnWhiteSite
4891,20,15
timeStep,numberOfRobotsOnBlackSite,numberOfRobotsOnWhiteSite
4892,20,15
timeStep,numberOfRobotsOnBlackSite,numberOfRobotsOnWhiteSite
4893,20,15
timeStep,numberOfRobotsOnBlackSite,numberOfRobotsOnWhiteSite
4894,20,15
timeStep,numberOfRobotsOnBlackSite,numberOfRobotsOnWhiteSite
4895,20,15
timeStep,numberOfRobotsOnBlackSite,numberOfRobotsOnWhiteSite
4896,20,15
timeStep,numberOfRobotsOnBlackSite,numberOfRobotsOnWhiteSite
4897,20,15
timeStep,numberOfRobotsOnBlackSite,numberOfRobotsOnWhiteSite
4898,20,15
timeStep,numberOfRobotsOnBlackSite,numberOfRobotsOnWhiteSite
4899,20,15
timeStep,numberOfRobotsOnBlackSite,numberOfRobotsOnWhiteSite
4900,20,14
timeStep,numberOfRobotsOnBlackSite,numberOfRobotsOnWhiteSite
4901,20,14
timeStep,numberOfRobotsOnBlackSite,numberOfRobotsOnWhiteSite
4902,20,14
timeStep,numberOfRobotsOnBlackSite,numberOfRobotsOnWhiteSite
4903,20,14
timeStep,numberOfRobotsOnBlackSite,numberOfRobotsOnWhiteSite
4904,20,14
timeStep,numberOfRobotsOnBlackSite,numberOfRobotsOnWhiteSite
4905,20,15
timeStep,numberOfRobotsOnBlackSite,numberOfRobotsOnWhiteSite
4906,20,15
timeStep,numberOfRobotsOnBlackSite,numberOfRobotsOnWhiteSite
4907,20,15
timeStep,numberOfRobotsOnBlackSite,numberOfRobotsOnWhiteSite
4908,20,15
timeStep,numberOfRobotsOnBlackSite,numberOfRobotsOnWhiteSite
4909,20,15
timeStep,numberOfRobotsOnBlackSite,numberOfRobotsOnWhiteSite
4910,20,14
timeStep,numberOfRobotsOnBlackSite,numberOfRobotsOnWhiteSite
4911,20,14
timeStep,numberOfRobotsOnBlackSite,numberOfRobotsOnWhiteSite
4912,20,14
timeStep,numberOfRobotsOnBlackSite,numberOfRobotsOnWhiteSite
4913,20,14
timeStep,numberOfRobotsOnBlackSite,numberOfRobotsOnWhiteSite
4914,20,14
timeStep,numberOfRobotsOnBlackSite,numberOfRobotsOnWhiteSite
4915,20,14
timeStep,numberOfRobotsOnBlackSite,numberOfRobotsOnWhiteSite
4916,20,14
timeStep,numberOfRobotsOnBlackSite,numberOfRobotsOnWhiteSite
4917,20,14
timeStep,numberOfRobotsOnBlackSite,numberOfRobotsOnWhiteSite
4918,20,14
timeStep,numberOfRobotsOnBlackSite,numberOfRobotsOnWhiteSite
4919,20,14
timeStep,numberOfRobotsOnBlackSite,numberOfRobotsOnWhiteSite
4920,20,14
timeStep,numberOfRobotsOnBlackSite,numberOfRobotsOnWhiteSite
4921,20,14
timeStep,numberOfRobotsOnBlackSite,numberOfRobotsOnWhiteSite
4922,20,14
timeStep,numberOfRobotsOnBlackSite,numberOfRobotsOnWhiteSite
4923,20,14
timeStep,numberOfRobotsOnBlackSite,numberOfRobotsOnWhiteSite
4924,20,14
timeStep,numberOfRobotsOnBlackSite,numberOfRobotsOnWhiteSite
4925,20,14
timeStep,numberOfRobotsOnBlackSite,numberOfRobotsOnWhiteSite
4926,20,14
timeStep,numberOfRobotsOnBlackSite,numberOfRobotsOnWhiteSite
4927,20,14
timeStep,numberOfRobotsOnBlackSite,numberOfRobotsOnWhiteSite
4928,20,14
timeStep,numberOfRobotsOnBlackSite,numberOfRobotsOnWhiteSite
4929,20,14
timeStep,numberOfRobotsOnBlackSite,numberOfRobotsOnWhiteSite
4930,20,14
timeStep,numberOfRobotsOnBlackSite,numberOfRobotsOnWhiteSite
4931,20,14
timeStep,numberOfRobotsOnBlackSite,numberOfRobotsOnWhiteSite
4932,20,14
timeStep,numberOfRobotsOnBlackSite,numberOfRobotsOnWhiteSite
4933,20,14
timeStep,numberOfRobotsOnBlackSite,numberOfRobotsOnWhiteSite
4934,20,14
timeStep,numberOfRobotsOnBlackSite,numberOfRobotsOnWhiteSite
4935,20,14
timeStep,numberOfRobotsOnBlackSite,numberOfRobotsOnWhiteSite
4936,20,14
timeStep,numberOfRobotsOnBlackSite,numberOfRobotsOnWhiteSite
4937,20,14
timeStep,numberOfRobotsOnBlackSite,numberOfRobotsOnWhiteSite
4938,20,14
timeStep,numberOfRobotsOnBlackSite,numberOfRobotsOnWhiteSite
4939,20,14
timeStep,numberOfRobotsOnBlackSite,numberOfRobotsOnWhiteSite
4940,20,14
timeStep,numberOfRobotsOnBlackSite,numberOfRobotsOnWhiteSite
4941,20,14
timeStep,numberOfRobotsOnBlackSite,numberOfRobotsOnWhiteSite
4942,20,14
timeStep,numberOfRobotsOnBlackSite,numberOfRobotsOnWhiteSite
4943,20,14
timeStep,numberOfRobotsOnBlackSite,numberOfRobotsOnWhiteSite
4944,20,14
timeStep,numberOfRobotsOnBlackSite,numberOfRobotsOnWhiteSite
4945,20,14
timeStep,numberOfRobotsOnBlackSite,numberOfRobotsOnWhiteSite
4946,20,14
timeStep,numberOfRobotsOnBlackSite,numberOfRobotsOnWhiteSite
4947,20,14
timeStep,numberOfRobotsOnBlackSite,numberOfRobotsOnWhiteSite
4948,20,14
timeStep,numberOfRobotsOnBlackSite,numberOfRobotsOnWhiteSite
4949,20,14
timeStep,numberOfRobotsOnBlackSite,numberOfRobotsOnWhiteSite
4950,20,14
timeStep,numberOfRobotsOnBlackSite,numberOfRobotsOnWhiteSite
4951,20,14
timeStep,numberOfRobotsOnBlackSite,numberOfRobotsOnWhiteSite
4952,20,14
timeStep,numberOfRobotsOnBlackSite,numberOfRobotsOnWhiteSite
4953,20,14
timeStep,numberOfRobotsOnBlackSite,numberOfRobotsOnWhiteSite
4954,20,14
timeStep,numberOfRobotsOnBlackSite,numberOfRobotsOnWhiteSite
4955,20,14
timeStep,numberOfRobotsOnBlackSite,numberOfRobotsOnWhiteSite
4956,20,14
timeStep,numberOfRobotsOnBlackSite,numberOfRobotsOnWhiteSite
4957,20,14
timeStep,numberOfRobotsOnBlackSite,numberOfRobotsOnWhiteSite
4958,20,14
timeStep,numberOfRobotsOnBlackSite,numberOfRobotsOnWhiteSite
4959,20,14
timeStep,numberOfRobotsOnBlackSite,numberOfRobotsOnWhiteSite
4960,20,14
timeStep,numberOfRobotsOnBlackSite,numberOfRobotsOnWhiteSite
4961,20,14
timeStep,numberOfRobotsOnBlackSite,numberOfRobotsOnWhiteSite
4962,20,14
timeStep,numberOfRobotsOnBlackSite,numberOfRobotsOnWhiteSite
4963,20,14
timeStep,numberOfRobotsOnBlackSite,numberOfRobotsOnWhiteSite
4964,20,14
timeStep,numberOfRobotsOnBlackSite,numberOfRobotsOnWhiteSite
4965,20,13
timeStep,numberOfRobotsOnBlackSite,numberOfRobotsOnWhiteSite
4966,20,13
timeStep,numberOfRobotsOnBlackSite,numberOfRobotsOnWhiteSite
4967,20,13
timeStep,numberOfRobotsOnBlackSite,numberOfRobotsOnWhiteSite
4968,20,13
timeStep,numberOfRobotsOnBlackSite,numberOfRobotsOnWhiteSite
4969,20,13
timeStep,numberOfRobotsOnBlackSite,numberOfRobotsOnWhiteSite
4970,20,15
timeStep,numberOfRobotsOnBlackSite,numberOfRobotsOnWhiteSite
4971,20,15
timeStep,numberOfRobotsOnBlackSite,numberOfRobotsOnWhiteSite
4972,20,15
timeStep,numberOfRobotsOnBlackSite,numberOfRobotsOnWhiteSite
4973,20,15
timeStep,numberOfRobotsOnBlackSite,numberOfRobotsOnWhiteSite
4974,20,15
timeStep,numberOfRobotsOnBlackSite,numberOfRobotsOnWhiteSite
4975,20,16
timeStep,numberOfRobotsOnBlackSite,numberOfRobotsOnWhiteSite
4976,20,16
timeStep,numberOfRobotsOnBlackSite,numberOfRobotsOnWhiteSite
4977,20,16
timeStep,numberOfRobotsOnBlackSite,numberOfRobotsOnWhiteSite
4978,20,16
timeStep,numberOfRobotsOnBlackSite,numberOfRobotsOnWhiteSite
4979,20,16
timeStep,numberOfRobotsOnBlackSite,numberOfRobotsOnWhiteSite
4980,20,17
timeStep,numberOfRobotsOnBlackSite,numberOfRobotsOnWhiteSite
4981,20,17
timeStep,numberOfRobotsOnBlackSite,numberOfRobotsOnWhiteSite
4982,20,17
timeStep,numberOfRobotsOnBlackSite,numberOfRobotsOnWhiteSite
4983,20,17
timeStep,numberOfRobotsOnBlackSite,numberOfRobotsOnWhiteSite
4984,20,17
timeStep,numberOfRobotsOnBlackSite,numberOfRobotsOnWhiteSite
4985,20,16
timeStep,numberOfRobotsOnBlackSite,numberOfRobotsOnWhiteSite
4986,20,16
timeStep,numberOfRobotsOnBlackSite,numberOfRobotsOnWhiteSite
4987,20,16
timeStep,numberOfRobotsOnBlackSite,numberOfRobotsOnWhiteSite
4988,20,16
timeStep,numberOfRobotsOnBlackSite,numberOfRobotsOnWhiteSite
4989,20,16
timeStep,numberOfRobotsOnBlackSite,numberOfRobotsOnWhiteSite
4990,21,16
timeStep,numberOfRobotsOnBlackSite,numberOfRobotsOnWhiteSite
4991,21,16
timeStep,numberOfRobotsOnBlackSite,numberOfRobotsOnWhiteSite
4992,21,16
timeStep,numberOfRobotsOnBlackSite,numberOfRobotsOnWhiteSite
4993,21,16
timeStep,numberOfRobotsOnBlackSite,numberOfRobotsOnWhiteSite
4994,21,16
timeStep,numberOfRobotsOnBlackSite,numberOfRobotsOnWhiteSite
4995,21,16
timeStep,numberOfRobotsOnBlackSite,numberOfRobotsOnWhiteSite
4996,21,16
timeStep,numberOfRobotsOnBlackSite,numberOfRobotsOnWhiteSite
4997,21,16
timeStep,numberOfRobotsOnBlackSite,numberOfRobotsOnWhiteSite
4998,21,16
timeStep,numberOfRobotsOnBlackSite,numberOfRobotsOnWhiteSite
4999,21,16
timeStep,numberOfRobotsOnBlackSite,numberOfRobotsOnWhiteSite
5000,21,16
timeStep,numberOfRobotsOnBlackSite,numberOfRobotsOnWhiteSite
5001,21,16
timeStep,numberOfRobotsOnBlackSite,numberOfRobotsOnWhiteSite
5002,21,16
timeStep,numberOfRobotsOnBlackSite,numberOfRobotsOnWhiteSite
5003,21,16
timeStep,numberOfRobotsOnBlackSite,numberOfRobotsOnWhiteSite
5004,21,16
timeStep,numberOfRobotsOnBlackSite,numberOfRobotsOnWhiteSite
5005,21,17
timeStep,numberOfRobotsOnBlackSite,numberOfRobotsOnWhiteSite
5006,21,17
timeStep,numberOfRobotsOnBlackSite,numberOfRobotsOnWhiteSite
5007,21,17
timeStep,numberOfRobotsOnBlackSite,numberOfRobotsOnWhiteSite
5008,21,17
timeStep,numberOfRobotsOnBlackSite,numberOfRobotsOnWhiteSite
5009,21,17
timeStep,numberOfRobotsOnBlackSite,numberOfRobotsOnWhiteSite
5010,21,17
timeStep,numberOfRobotsOnBlackSite,numberOfRobotsOnWhiteSite
5011,21,17
timeStep,numberOfRobotsOnBlackSite,numberOfRobotsOnWhiteSite
5012,21,17
timeStep,numberOfRobotsOnBlackSite,numberOfRobotsOnWhiteSite
5013,21,17
timeStep,numberOfRobotsOnBlackSite,numberOfRobotsOnWhiteSite
5014,21,17
timeStep,numberOfRobotsOnBlackSite,numberOfRobotsOnWhiteSite
5015,21,17
timeStep,numberOfRobotsOnBlackSite,numberOfRobotsOnWhiteSite
5016,21,17
timeStep,numberOfRobotsOnBlackSite,numberOfRobotsOnWhiteSite
5017,21,17
timeStep,numberOfRobotsOnBlackSite,numberOfRobotsOnWhiteSite
5018,21,17
timeStep,numberOfRobotsOnBlackSite,numberOfRobotsOnWhiteSite
5019,21,17
timeStep,numberOfRobotsOnBlackSite,numberOfRobotsOnWhiteSite
5020,21,17
timeStep,numberOfRobotsOnBlackSite,numberOfRobotsOnWhiteSite
5021,21,17
timeStep,numberOfRobotsOnBlackSite,numberOfRobotsOnWhiteSite
5022,21,17
timeStep,numberOfRobotsOnBlackSite,numberOfRobotsOnWhiteSite
5023,21,17
timeStep,numberOfRobotsOnBlackSite,numberOfRobotsOnWhiteSite
5024,21,17
timeStep,numberOfRobotsOnBlackSite,numberOfRobotsOnWhiteSite
5025,21,17
timeStep,numberOfRobotsOnBlackSite,numberOfRobotsOnWhiteSite
5026,21,17
timeStep,numberOfRobotsOnBlackSite,numberOfRobotsOnWhiteSite
5027,21,17
timeStep,numberOfRobotsOnBlackSite,numberOfRobotsOnWhiteSite
5028,21,17
timeStep,numberOfRobotsOnBlackSite,numberOfRobotsOnWhiteSite
5029,21,17
timeStep,numberOfRobotsOnBlackSite,numberOfRobotsOnWhiteSite
5030,21,18
timeStep,numberOfRobotsOnBlackSite,numberOfRobotsOnWhiteSite
5031,21,18
timeStep,numberOfRobotsOnBlackSite,numberOfRobotsOnWhiteSite
5032,21,18
timeStep,numberOfRobotsOnBlackSite,numberOfRobotsOnWhiteSite
5033,21,18
timeStep,numberOfRobotsOnBlackSite,numberOfRobotsOnWhiteSite
5034,21,18
timeStep,numberOfRobotsOnBlackSite,numberOfRobotsOnWhiteSite
5035,21,18
timeStep,numberOfRobotsOnBlackSite,numberOfRobotsOnWhiteSite
5036,21,18
timeStep,numberOfRobotsOnBlackSite,numberOfRobotsOnWhiteSite
5037,21,18
timeStep,numberOfRobotsOnBlackSite,numberOfRobotsOnWhiteSite
5038,21,18
timeStep,numberOfRobotsOnBlackSite,numberOfRobotsOnWhiteSite
5039,21,18
timeStep,numberOfRobotsOnBlackSite,numberOfRobotsOnWhiteSite
5040,21,18
timeStep,numberOfRobotsOnBlackSite,numberOfRobotsOnWhiteSite
5041,21,18
timeStep,numberOfRobotsOnBlackSite,numberOfRobotsOnWhiteSite
5042,21,18
timeStep,numberOfRobotsOnBlackSite,numberOfRobotsOnWhiteSite
5043,21,18
timeStep,numberOfRobotsOnBlackSite,numberOfRobotsOnWhiteSite
5044,21,18
timeStep,numberOfRobotsOnBlackSite,numberOfRobotsOnWhiteSite
5045,21,18
timeStep,numberOfRobotsOnBlackSite,numberOfRobotsOnWhiteSite
5046,21,18
timeStep,numberOfRobotsOnBlackSite,numberOfRobotsOnWhiteSite
5047,21,18
timeStep,numberOfRobotsOnBlackSite,numberOfRobotsOnWhiteSite
5048,21,18
timeStep,numberOfRobotsOnBlackSite,numberOfRobotsOnWhiteSite
5049,21,18
timeStep,numberOfRobotsOnBlackSite,numberOfRobotsOnWhiteSite
5050,21,18
timeStep,numberOfRobotsOnBlackSite,numberOfRobotsOnWhiteSite
5051,21,18
timeStep,numberOfRobotsOnBlackSite,numberOfRobotsOnWhiteSite
5052,21,18
timeStep,numberOfRobotsOnBlackSite,numberOfRobotsOnWhiteSite
5053,21,18
timeStep,numberOfRobotsOnBlackSite,numberOfRobotsOnWhiteSite
5054,21,18
timeStep,numberOfRobotsOnBlackSite,numberOfRobotsOnWhiteSite
5055,21,18
timeStep,numberOfRobotsOnBlackSite,numberOfRobotsOnWhiteSite
5056,21,18
timeStep,numberOfRobotsOnBlackSite,numberOfRobotsOnWhiteSite
5057,21,18
timeStep,numberOfRobotsOnBlackSite,numberOfRobotsOnWhiteSite
5058,21,18
timeStep,numberOfRobotsOnBlackSite,numberOfRobotsOnWhiteSite
5059,21,18
timeStep,numberOfRobotsOnBlackSite,numberOfRobotsOnWhiteSite
5060,21,18
timeStep,numberOfRobotsOnBlackSite,numberOfRobotsOnWhiteSite
5061,21,18
timeStep,numberOfRobotsOnBlackSite,numberOfRobotsOnWhiteSite
5062,21,18
timeStep,numberOfRobotsOnBlackSite,numberOfRobotsOnWhiteSite
5063,21,18
timeStep,numberOfRobotsOnBlackSite,numberOfRobotsOnWhiteSite
5064,21,18
timeStep,numberOfRobotsOnBlackSite,numberOfRobotsOnWhiteSite
5065,21,18
timeStep,numberOfRobotsOnBlackSite,numberOfRobotsOnWhiteSite
5066,21,18
timeStep,numberOfRobotsOnBlackSite,numberOfRobotsOnWhiteSite
5067,21,18
timeStep,numberOfRobotsOnBlackSite,numberOfRobotsOnWhiteSite
5068,21,18
timeStep,numberOfRobotsOnBlackSite,numberOfRobotsOnWhiteSite
5069,21,18
timeStep,numberOfRobotsOnBlackSite,numberOfRobotsOnWhiteSite
5070,21,18
timeStep,numberOfRobotsOnBlackSite,numberOfRobotsOnWhiteSite
5071,21,18
timeStep,numberOfRobotsOnBlackSite,numberOfRobotsOnWhiteSite
5072,21,18
timeStep,numberOfRobotsOnBlackSite,numberOfRobotsOnWhiteSite
5073,21,18
timeStep,numberOfRobotsOnBlackSite,numberOfRobotsOnWhiteSite
5074,21,18
timeStep,numberOfRobotsOnBlackSite,numberOfRobotsOnWhiteSite
5075,21,18
timeStep,numberOfRobotsOnBlackSite,numberOfRobotsOnWhiteSite
5076,21,18
timeStep,numberOfRobotsOnBlackSite,numberOfRobotsOnWhiteSite
5077,21,18
timeStep,numberOfRobotsOnBlackSite,numberOfRobotsOnWhiteSite
5078,21,18
timeStep,numberOfRobotsOnBlackSite,numberOfRobotsOnWhiteSite
5079,21,18
timeStep,numberOfRobotsOnBlackSite,numberOfRobotsOnWhiteSite
5080,21,18
timeStep,numberOfRobotsOnBlackSite,numberOfRobotsOnWhiteSite
5081,21,18
timeStep,numberOfRobotsOnBlackSite,numberOfRobotsOnWhiteSite
5082,21,18
timeStep,numberOfRobotsOnBlackSite,numberOfRobotsOnWhiteSite
5083,21,18
timeStep,numberOfRobotsOnBlackSite,numberOfRobotsOnWhiteSite
5084,21,18
timeStep,numberOfRobotsOnBlackSite,numberOfRobotsOnWhiteSite
5085,21,17
timeStep,numberOfRobotsOnBlackSite,numberOfRobotsOnWhiteSite
5086,21,17
timeStep,numberOfRobotsOnBlackSite,numberOfRobotsOnWhiteSite
5087,21,17
timeStep,numberOfRobotsOnBlackSite,numberOfRobotsOnWhiteSite
5088,21,17
timeStep,numberOfRobotsOnBlackSite,numberOfRobotsOnWhiteSite
5089,21,17
timeStep,numberOfRobotsOnBlackSite,numberOfRobotsOnWhiteSite
5090,21,17
timeStep,numberOfRobotsOnBlackSite,numberOfRobotsOnWhiteSite
5091,21,17
timeStep,numberOfRobotsOnBlackSite,numberOfRobotsOnWhiteSite
5092,21,17
timeStep,numberOfRobotsOnBlackSite,numberOfRobotsOnWhiteSite
5093,21,17
timeStep,numberOfRobotsOnBlackSite,numberOfRobotsOnWhiteSite
5094,21,17
timeStep,numberOfRobotsOnBlackSite,numberOfRobotsOnWhiteSite
5095,21,17
timeStep,numberOfRobotsOnBlackSite,numberOfRobotsOnWhiteSite
5096,21,17
timeStep,numberOfRobotsOnBlackSite,numberOfRobotsOnWhiteSite
5097,21,17
timeStep,numberOfRobotsOnBlackSite,numberOfRobotsOnWhiteSite
5098,21,17
timeStep,numberOfRobotsOnBlackSite,numberOfRobotsOnWhiteSite
5099,21,17
timeStep,numberOfRobotsOnBlackSite,numberOfRobotsOnWhiteSite
5100,21,17
timeStep,numberOfRobotsOnBlackSite,numberOfRobotsOnWhiteSite
5101,21,17
timeStep,numberOfRobotsOnBlackSite,numberOfRobotsOnWhiteSite
5102,21,17
timeStep,numberOfRobotsOnBlackSite,numberOfRobotsOnWhiteSite
5103,21,17
timeStep,numberOfRobotsOnBlackSite,numberOfRobotsOnWhiteSite
5104,21,17
timeStep,numberOfRobotsOnBlackSite,numberOfRobotsOnWhiteSite
5105,22,17
timeStep,numberOfRobotsOnBlackSite,numberOfRobotsOnWhiteSite
5106,22,17
timeStep,numberOfRobotsOnBlackSite,numberOfRobotsOnWhiteSite
5107,22,17
timeStep,numberOfRobotsOnBlackSite,numberOfRobotsOnWhiteSite
5108,22,17
timeStep,numberOfRobotsOnBlackSite,numberOfRobotsOnWhiteSite
5109,22,17
timeStep,numberOfRobotsOnBlackSite,numberOfRobotsOnWhiteSite
5110,22,17
timeStep,numberOfRobotsOnBlackSite,numberOfRobotsOnWhiteSite
5111,22,17
timeStep,numberOfRobotsOnBlackSite,numberOfRobotsOnWhiteSite
5112,22,17
timeStep,numberOfRobotsOnBlackSite,numberOfRobotsOnWhiteSite
5113,22,17
timeStep,numberOfRobotsOnBlackSite,numberOfRobotsOnWhiteSite
5114,22,17
timeStep,numberOfRobotsOnBlackSite,numberOfRobotsOnWhiteSite
5115,22,17
timeStep,numberOfRobotsOnBlackSite,numberOfRobotsOnWhiteSite
5116,22,17
timeStep,numberOfRobotsOnBlackSite,numberOfRobotsOnWhiteSite
5117,22,17
timeStep,numberOfRobotsOnBlackSite,numberOfRobotsOnWhiteSite
5118,22,17
timeStep,numberOfRobotsOnBlackSite,numberOfRobotsOnWhiteSite
5119,22,17
timeStep,numberOfRobotsOnBlackSite,numberOfRobotsOnWhiteSite
5120,22,17
timeStep,numberOfRobotsOnBlackSite,numberOfRobotsOnWhiteSite
5121,22,17
timeStep,numberOfRobotsOnBlackSite,numberOfRobotsOnWhiteSite
5122,22,17
timeStep,numberOfRobotsOnBlackSite,numberOfRobotsOnWhiteSite
5123,22,17
timeStep,numberOfRobotsOnBlackSite,numberOfRobotsOnWhiteSite
5124,22,17
timeStep,numberOfRobotsOnBlackSite,numberOfRobotsOnWhiteSite
5125,22,17
timeStep,numberOfRobotsOnBlackSite,numberOfRobotsOnWhiteSite
5126,22,17
timeStep,numberOfRobotsOnBlackSite,numberOfRobotsOnWhiteSite
5127,22,17
timeStep,numberOfRobotsOnBlackSite,numberOfRobotsOnWhiteSite
5128,22,17
timeStep,numberOfRobotsOnBlackSite,numberOfRobotsOnWhiteSite
5129,22,17
timeStep,numberOfRobotsOnBlackSite,numberOfRobotsOnWhiteSite
5130,22,17
timeStep,numberOfRobotsOnBlackSite,numberOfRobotsOnWhiteSite
5131,22,17
timeStep,numberOfRobotsOnBlackSite,numberOfRobotsOnWhiteSite
5132,22,17
timeStep,numberOfRobotsOnBlackSite,numberOfRobotsOnWhiteSite
5133,22,17
timeStep,numberOfRobotsOnBlackSite,numberOfRobotsOnWhiteSite
5134,22,17
timeStep,numberOfRobotsOnBlackSite,numberOfRobotsOnWhiteSite
5135,22,17
timeStep,numberOfRobotsOnBlackSite,numberOfRobotsOnWhiteSite
5136,22,17
timeStep,numberOfRobotsOnBlackSite,numberOfRobotsOnWhiteSite
5137,22,17
timeStep,numberOfRobotsOnBlackSite,numberOfRobotsOnWhiteSite
5138,22,17
timeStep,numberOfRobotsOnBlackSite,numberOfRobotsOnWhiteSite
5139,22,17
timeStep,numberOfRobotsOnBlackSite,numberOfRobotsOnWhiteSite
5140,22,17
timeStep,numberOfRobotsOnBlackSite,numberOfRobotsOnWhiteSite
5141,22,17
timeStep,numberOfRobotsOnBlackSite,numberOfRobotsOnWhiteSite
5142,22,17
timeStep,numberOfRobotsOnBlackSite,numberOfRobotsOnWhiteSite
5143,22,17
timeStep,numberOfRobotsOnBlackSite,numberOfRobotsOnWhiteSite
5144,22,17
timeStep,numberOfRobotsOnBlackSite,numberOfRobotsOnWhiteSite
5145,22,18
timeStep,numberOfRobotsOnBlackSite,numberOfRobotsOnWhiteSite
5146,22,18
timeStep,numberOfRobotsOnBlackSite,numberOfRobotsOnWhiteSite
5147,22,18
timeStep,numberOfRobotsOnBlackSite,numberOfRobotsOnWhiteSite
5148,22,18
timeStep,numberOfRobotsOnBlackSite,numberOfRobotsOnWhiteSite
5149,22,18
timeStep,numberOfRobotsOnBlackSite,numberOfRobotsOnWhiteSite
5150,22,18
timeStep,numberOfRobotsOnBlackSite,numberOfRobotsOnWhiteSite
5151,22,18
timeStep,numberOfRobotsOnBlackSite,numberOfRobotsOnWhiteSite
5152,22,18
timeStep,numberOfRobotsOnBlackSite,numberOfRobotsOnWhiteSite
5153,22,18
timeStep,numberOfRobotsOnBlackSite,numberOfRobotsOnWhiteSite
5154,22,18
timeStep,numberOfRobotsOnBlackSite,numberOfRobotsOnWhiteSite
5155,22,18
timeStep,numberOfRobotsOnBlackSite,numberOfRobotsOnWhiteSite
5156,22,18
timeStep,numberOfRobotsOnBlackSite,numberOfRobotsOnWhiteSite
5157,22,18
timeStep,numberOfRobotsOnBlackSite,numberOfRobotsOnWhiteSite
5158,22,18
timeStep,numberOfRobotsOnBlackSite,numberOfRobotsOnWhiteSite
5159,22,18
timeStep,numberOfRobotsOnBlackSite,numberOfRobotsOnWhiteSite
5160,22,18
timeStep,numberOfRobotsOnBlackSite,numberOfRobotsOnWhiteSite
5161,22,18
timeStep,numberOfRobotsOnBlackSite,numberOfRobotsOnWhiteSite
5162,22,18
timeStep,numberOfRobotsOnBlackSite,numberOfRobotsOnWhiteSite
5163,22,18
timeStep,numberOfRobotsOnBlackSite,numberOfRobotsOnWhiteSite
5164,22,18
timeStep,numberOfRobotsOnBlackSite,numberOfRobotsOnWhiteSite
5165,22,18
timeStep,numberOfRobotsOnBlackSite,numberOfRobotsOnWhiteSite
5166,22,18
timeStep,numberOfRobotsOnBlackSite,numberOfRobotsOnWhiteSite
5167,22,18
timeStep,numberOfRobotsOnBlackSite,numberOfRobotsOnWhiteSite
5168,22,18
timeStep,numberOfRobotsOnBlackSite,numberOfRobotsOnWhiteSite
5169,22,18
timeStep,numberOfRobotsOnBlackSite,numberOfRobotsOnWhiteSite
5170,22,18
timeStep,numberOfRobotsOnBlackSite,numberOfRobotsOnWhiteSite
5171,22,18
timeStep,numberOfRobotsOnBlackSite,numberOfRobotsOnWhiteSite
5172,22,18
timeStep,numberOfRobotsOnBlackSite,numberOfRobotsOnWhiteSite
5173,22,18
timeStep,numberOfRobotsOnBlackSite,numberOfRobotsOnWhiteSite
5174,22,18
timeStep,numberOfRobotsOnBlackSite,numberOfRobotsOnWhiteSite
5175,22,18
timeStep,numberOfRobotsOnBlackSite,numberOfRobotsOnWhiteSite
5176,22,18
timeStep,numberOfRobotsOnBlackSite,numberOfRobotsOnWhiteSite
5177,22,18
timeStep,numberOfRobotsOnBlackSite,numberOfRobotsOnWhiteSite
5178,22,18
timeStep,numberOfRobotsOnBlackSite,numberOfRobotsOnWhiteSite
5179,22,18
timeStep,numberOfRobotsOnBlackSite,numberOfRobotsOnWhiteSite
5180,22,18
timeStep,numberOfRobotsOnBlackSite,numberOfRobotsOnWhiteSite
5181,22,18
timeStep,numberOfRobotsOnBlackSite,numberOfRobotsOnWhiteSite
5182,22,18
timeStep,numberOfRobotsOnBlackSite,numberOfRobotsOnWhiteSite
5183,22,18
timeStep,numberOfRobotsOnBlackSite,numberOfRobotsOnWhiteSite
5184,22,18
timeStep,numberOfRobotsOnBlackSite,numberOfRobotsOnWhiteSite
5185,22,18
timeStep,numberOfRobotsOnBlackSite,numberOfRobotsOnWhiteSite
5186,22,18
timeStep,numberOfRobotsOnBlackSite,numberOfRobotsOnWhiteSite
5187,22,18
timeStep,numberOfRobotsOnBlackSite,numberOfRobotsOnWhiteSite
5188,22,18
timeStep,numberOfRobotsOnBlackSite,numberOfRobotsOnWhiteSite
5189,22,18
timeStep,numberOfRobotsOnBlackSite,numberOfRobotsOnWhiteSite
5190,22,17
timeStep,numberOfRobotsOnBlackSite,numberOfRobotsOnWhiteSite
5191,22,17
timeStep,numberOfRobotsOnBlackSite,numberOfRobotsOnWhiteSite
5192,22,17
timeStep,numberOfRobotsOnBlackSite,numberOfRobotsOnWhiteSite
5193,22,17
timeStep,numberOfRobotsOnBlackSite,numberOfRobotsOnWhiteSite
5194,22,17
timeStep,numberOfRobotsOnBlackSite,numberOfRobotsOnWhiteSite
5195,22,17
timeStep,numberOfRobotsOnBlackSite,numberOfRobotsOnWhiteSite
5196,22,17
timeStep,numberOfRobotsOnBlackSite,numberOfRobotsOnWhiteSite
5197,22,17
timeStep,numberOfRobotsOnBlackSite,numberOfRobotsOnWhiteSite
5198,22,17
timeStep,numberOfRobotsOnBlackSite,numberOfRobotsOnWhiteSite
5199,22,17
timeStep,numberOfRobotsOnBlackSite,numberOfRobotsOnWhiteSite
5200,22,17
timeStep,numberOfRobotsOnBlackSite,numberOfRobotsOnWhiteSite
5201,22,17
timeStep,numberOfRobotsOnBlackSite,numberOfRobotsOnWhiteSite
5202,22,17
timeStep,numberOfRobotsOnBlackSite,numberOfRobotsOnWhiteSite
5203,22,17
timeStep,numberOfRobotsOnBlackSite,numberOfRobotsOnWhiteSite
5204,22,17
timeStep,numberOfRobotsOnBlackSite,numberOfRobotsOnWhiteSite
5205,22,16
timeStep,numberOfRobotsOnBlackSite,numberOfRobotsOnWhiteSite
5206,22,16
timeStep,numberOfRobotsOnBlackSite,numberOfRobotsOnWhiteSite
5207,22,16
timeStep,numberOfRobotsOnBlackSite,numberOfRobotsOnWhiteSite
5208,22,16
timeStep,numberOfRobotsOnBlackSite,numberOfRobotsOnWhiteSite
5209,22,16
timeStep,numberOfRobotsOnBlackSite,numberOfRobotsOnWhiteSite
5210,22,16
timeStep,numberOfRobotsOnBlackSite,numberOfRobotsOnWhiteSite
5211,22,16
timeStep,numberOfRobotsOnBlackSite,numberOfRobotsOnWhiteSite
5212,22,16
timeStep,numberOfRobotsOnBlackSite,numberOfRobotsOnWhiteSite
5213,22,16
timeStep,numberOfRobotsOnBlackSite,numberOfRobotsOnWhiteSite
5214,22,16
timeStep,numberOfRobotsOnBlackSite,numberOfRobotsOnWhiteSite
5215,22,16
timeStep,numberOfRobotsOnBlackSite,numberOfRobotsOnWhiteSite
5216,22,16
timeStep,numberOfRobotsOnBlackSite,numberOfRobotsOnWhiteSite
5217,22,16
timeStep,numberOfRobotsOnBlackSite,numberOfRobotsOnWhiteSite
5218,22,16
timeStep,numberOfRobotsOnBlackSite,numberOfRobotsOnWhiteSite
5219,22,16
timeStep,numberOfRobotsOnBlackSite,numberOfRobotsOnWhiteSite
5220,22,16
timeStep,numberOfRobotsOnBlackSite,numberOfRobotsOnWhiteSite
5221,22,16
timeStep,numberOfRobotsOnBlackSite,numberOfRobotsOnWhiteSite
5222,22,16
timeStep,numberOfRobotsOnBlackSite,numberOfRobotsOnWhiteSite
5223,22,16
timeStep,numberOfRobotsOnBlackSite,numberOfRobotsOnWhiteSite
5224,22,16
timeStep,numberOfRobotsOnBlackSite,numberOfRobotsOnWhiteSite
5225,22,16
timeStep,numberOfRobotsOnBlackSite,numberOfRobotsOnWhiteSite
5226,22,16
timeStep,numberOfRobotsOnBlackSite,numberOfRobotsOnWhiteSite
5227,22,16
timeStep,numberOfRobotsOnBlackSite,numberOfRobotsOnWhiteSite
5228,22,16
timeStep,numberOfRobotsOnBlackSite,numberOfRobotsOnWhiteSite
5229,22,16
timeStep,numberOfRobotsOnBlackSite,numberOfRobotsOnWhiteSite
5230,22,18
timeStep,numberOfRobotsOnBlackSite,numberOfRobotsOnWhiteSite
5231,22,18
timeStep,numberOfRobotsOnBlackSite,numberOfRobotsOnWhiteSite
5232,22,18
timeStep,numberOfRobotsOnBlackSite,numberOfRobotsOnWhiteSite
5233,22,18
timeStep,numberOfRobotsOnBlackSite,numberOfRobotsOnWhiteSite
5234,22,18
timeStep,numberOfRobotsOnBlackSite,numberOfRobotsOnWhiteSite
5235,22,18
timeStep,numberOfRobotsOnBlackSite,numberOfRobotsOnWhiteSite
5236,22,18
timeStep,numberOfRobotsOnBlackSite,numberOfRobotsOnWhiteSite
5237,22,18
timeStep,numberOfRobotsOnBlackSite,numberOfRobotsOnWhiteSite
5238,22,18
timeStep,numberOfRobotsOnBlackSite,numberOfRobotsOnWhiteSite
5239,22,18
timeStep,numberOfRobotsOnBlackSite,numberOfRobotsOnWhiteSite
5240,22,18
timeStep,numberOfRobotsOnBlackSite,numberOfRobotsOnWhiteSite
5241,22,18
timeStep,numberOfRobotsOnBlackSite,numberOfRobotsOnWhiteSite
5242,22,18
timeStep,numberOfRobotsOnBlackSite,numberOfRobotsOnWhiteSite
5243,22,18
timeStep,numberOfRobotsOnBlackSite,numberOfRobotsOnWhiteSite
5244,22,18
timeStep,numberOfRobotsOnBlackSite,numberOfRobotsOnWhiteSite
5245,22,18
timeStep,numberOfRobotsOnBlackSite,numberOfRobotsOnWhiteSite
5246,22,18
timeStep,numberOfRobotsOnBlackSite,numberOfRobotsOnWhiteSite
5247,22,18
timeStep,numberOfRobotsOnBlackSite,numberOfRobotsOnWhiteSite
5248,22,18
timeStep,numberOfRobotsOnBlackSite,numberOfRobotsOnWhiteSite
5249,22,18
timeStep,numberOfRobotsOnBlackSite,numberOfRobotsOnWhiteSite
5250,22,18
timeStep,numberOfRobotsOnBlackSite,numberOfRobotsOnWhiteSite
5251,22,18
timeStep,numberOfRobotsOnBlackSite,numberOfRobotsOnWhiteSite
5252,22,18
timeStep,numberOfRobotsOnBlackSite,numberOfRobotsOnWhiteSite
5253,22,18
timeStep,numberOfRobotsOnBlackSite,numberOfRobotsOnWhiteSite
5254,22,18
timeStep,numberOfRobotsOnBlackSite,numberOfRobotsOnWhiteSite
5255,22,17
timeStep,numberOfRobotsOnBlackSite,numberOfRobotsOnWhiteSite
5256,22,17
timeStep,numberOfRobotsOnBlackSite,numberOfRobotsOnWhiteSite
5257,22,17
timeStep,numberOfRobotsOnBlackSite,numberOfRobotsOnWhiteSite
5258,22,17
timeStep,numberOfRobotsOnBlackSite,numberOfRobotsOnWhiteSite
5259,22,17
timeStep,numberOfRobotsOnBlackSite,numberOfRobotsOnWhiteSite
5260,22,17
timeStep,numberOfRobotsOnBlackSite,numberOfRobotsOnWhiteSite
5261,22,17
timeStep,numberOfRobotsOnBlackSite,numberOfRobotsOnWhiteSite
5262,22,17
timeStep,numberOfRobotsOnBlackSite,numberOfRobotsOnWhiteSite
5263,22,17
timeStep,numberOfRobotsOnBlackSite,numberOfRobotsOnWhiteSite
5264,22,17
timeStep,numberOfRobotsOnBlackSite,numberOfRobotsOnWhiteSite
5265,22,17
timeStep,numberOfRobotsOnBlackSite,numberOfRobotsOnWhiteSite
5266,22,17
timeStep,numberOfRobotsOnBlackSite,numberOfRobotsOnWhiteSite
5267,22,17
timeStep,numberOfRobotsOnBlackSite,numberOfRobotsOnWhiteSite
5268,22,17
timeStep,numberOfRobotsOnBlackSite,numberOfRobotsOnWhiteSite
5269,22,17
timeStep,numberOfRobotsOnBlackSite,numberOfRobotsOnWhiteSite
5270,22,16
timeStep,numberOfRobotsOnBlackSite,numberOfRobotsOnWhiteSite
5271,22,16
timeStep,numberOfRobotsOnBlackSite,numberOfRobotsOnWhiteSite
5272,22,16
timeStep,numberOfRobotsOnBlackSite,numberOfRobotsOnWhiteSite
5273,22,16
timeStep,numberOfRobotsOnBlackSite,numberOfRobotsOnWhiteSite
5274,22,16
timeStep,numberOfRobotsOnBlackSite,numberOfRobotsOnWhiteSite
5275,22,15
timeStep,numberOfRobotsOnBlackSite,numberOfRobotsOnWhiteSite
5276,22,15
timeStep,numberOfRobotsOnBlackSite,numberOfRobotsOnWhiteSite
5277,22,15
timeStep,numberOfRobotsOnBlackSite,numberOfRobotsOnWhiteSite
5278,22,15
timeStep,numberOfRobotsOnBlackSite,numberOfRobotsOnWhiteSite
5279,22,15
timeStep,numberOfRobotsOnBlackSite,numberOfRobotsOnWhiteSite
5280,22,15
timeStep,numberOfRobotsOnBlackSite,numberOfRobotsOnWhiteSite
5281,22,15
timeStep,numberOfRobotsOnBlackSite,numberOfRobotsOnWhiteSite
5282,22,15
timeStep,numberOfRobotsOnBlackSite,numberOfRobotsOnWhiteSite
5283,22,15
timeStep,numberOfRobotsOnBlackSite,numberOfRobotsOnWhiteSite
5284,22,15
timeStep,numberOfRobotsOnBlackSite,numberOfRobotsOnWhiteSite
5285,22,15
timeStep,numberOfRobotsOnBlackSite,numberOfRobotsOnWhiteSite
5286,22,15
timeStep,numberOfRobotsOnBlackSite,numberOfRobotsOnWhiteSite
5287,22,15
timeStep,numberOfRobotsOnBlackSite,numberOfRobotsOnWhiteSite
5288,22,15
timeStep,numberOfRobotsOnBlackSite,numberOfRobotsOnWhiteSite
5289,22,15
timeStep,numberOfRobotsOnBlackSite,numberOfRobotsOnWhiteSite
5290,22,15
timeStep,numberOfRobotsOnBlackSite,numberOfRobotsOnWhiteSite
5291,22,15
timeStep,numberOfRobotsOnBlackSite,numberOfRobotsOnWhiteSite
5292,22,15
timeStep,numberOfRobotsOnBlackSite,numberOfRobotsOnWhiteSite
5293,22,15
timeStep,numberOfRobotsOnBlackSite,numberOfRobotsOnWhiteSite
5294,22,15
timeStep,numberOfRobotsOnBlackSite,numberOfRobotsOnWhiteSite
5295,22,15
timeStep,numberOfRobotsOnBlackSite,numberOfRobotsOnWhiteSite
5296,22,15
timeStep,numberOfRobotsOnBlackSite,numberOfRobotsOnWhiteSite
5297,22,15
timeStep,numberOfRobotsOnBlackSite,numberOfRobotsOnWhiteSite
5298,22,15
timeStep,numberOfRobotsOnBlackSite,numberOfRobotsOnWhiteSite
5299,22,15
timeStep,numberOfRobotsOnBlackSite,numberOfRobotsOnWhiteSite
5300,22,15
timeStep,numberOfRobotsOnBlackSite,numberOfRobotsOnWhiteSite
5301,22,15
timeStep,numberOfRobotsOnBlackSite,numberOfRobotsOnWhiteSite
5302,22,15
timeStep,numberOfRobotsOnBlackSite,numberOfRobotsOnWhiteSite
5303,22,15
timeStep,numberOfRobotsOnBlackSite,numberOfRobotsOnWhiteSite
5304,22,15
timeStep,numberOfRobotsOnBlackSite,numberOfRobotsOnWhiteSite
5305,22,15
timeStep,numberOfRobotsOnBlackSite,numberOfRobotsOnWhiteSite
5306,22,15
timeStep,numberOfRobotsOnBlackSite,numberOfRobotsOnWhiteSite
5307,22,15
timeStep,numberOfRobotsOnBlackSite,numberOfRobotsOnWhiteSite
5308,22,15
timeStep,numberOfRobotsOnBlackSite,numberOfRobotsOnWhiteSite
5309,22,15
timeStep,numberOfRobotsOnBlackSite,numberOfRobotsOnWhiteSite
5310,22,15
timeStep,numberOfRobotsOnBlackSite,numberOfRobotsOnWhiteSite
5311,22,15
timeStep,numberOfRobotsOnBlackSite,numberOfRobotsOnWhiteSite
5312,22,15
timeStep,numberOfRobotsOnBlackSite,numberOfRobotsOnWhiteSite
5313,22,15
timeStep,numberOfRobotsOnBlackSite,numberOfRobotsOnWhiteSite
5314,22,15
timeStep,numberOfRobotsOnBlackSite,numberOfRobotsOnWhiteSite
5315,22,15
timeStep,numberOfRobotsOnBlackSite,numberOfRobotsOnWhiteSite
5316,22,15
timeStep,numberOfRobotsOnBlackSite,numberOfRobotsOnWhiteSite
5317,22,15
timeStep,numberOfRobotsOnBlackSite,numberOfRobotsOnWhiteSite
5318,22,15
timeStep,numberOfRobotsOnBlackSite,numberOfRobotsOnWhiteSite
5319,22,15
timeStep,numberOfRobotsOnBlackSite,numberOfRobotsOnWhiteSite
5320,22,15
timeStep,numberOfRobotsOnBlackSite,numberOfRobotsOnWhiteSite
5321,22,15
timeStep,numberOfRobotsOnBlackSite,numberOfRobotsOnWhiteSite
5322,22,15
timeStep,numberOfRobotsOnBlackSite,numberOfRobotsOnWhiteSite
5323,22,15
timeStep,numberOfRobotsOnBlackSite,numberOfRobotsOnWhiteSite
5324,22,15
timeStep,numberOfRobotsOnBlackSite,numberOfRobotsOnWhiteSite
5325,22,14
timeStep,numberOfRobotsOnBlackSite,numberOfRobotsOnWhiteSite
5326,22,14
timeStep,numberOfRobotsOnBlackSite,numberOfRobotsOnWhiteSite
5327,22,14
timeStep,numberOfRobotsOnBlackSite,numberOfRobotsOnWhiteSite
5328,22,14
timeStep,numberOfRobotsOnBlackSite,numberOfRobotsOnWhiteSite
5329,22,14
timeStep,numberOfRobotsOnBlackSite,numberOfRobotsOnWhiteSite
5330,22,14
timeStep,numberOfRobotsOnBlackSite,numberOfRobotsOnWhiteSite
5331,22,14
timeStep,numberOfRobotsOnBlackSite,numberOfRobotsOnWhiteSite
5332,22,14
timeStep,numberOfRobotsOnBlackSite,numberOfRobotsOnWhiteSite
5333,22,14
timeStep,numberOfRobotsOnBlackSite,numberOfRobotsOnWhiteSite
5334,22,14
timeStep,numberOfRobotsOnBlackSite,numberOfRobotsOnWhiteSite
5335,22,14
timeStep,numberOfRobotsOnBlackSite,numberOfRobotsOnWhiteSite
5336,22,14
timeStep,numberOfRobotsOnBlackSite,numberOfRobotsOnWhiteSite
5337,22,14
timeStep,numberOfRobotsOnBlackSite,numberOfRobotsOnWhiteSite
5338,22,14
timeStep,numberOfRobotsOnBlackSite,numberOfRobotsOnWhiteSite
5339,22,14
timeStep,numberOfRobotsOnBlackSite,numberOfRobotsOnWhiteSite
5340,23,14
timeStep,numberOfRobotsOnBlackSite,numberOfRobotsOnWhiteSite
5341,23,14
timeStep,numberOfRobotsOnBlackSite,numberOfRobotsOnWhiteSite
5342,23,14
timeStep,numberOfRobotsOnBlackSite,numberOfRobotsOnWhiteSite
5343,23,14
timeStep,numberOfRobotsOnBlackSite,numberOfRobotsOnWhiteSite
5344,23,14
timeStep,numberOfRobotsOnBlackSite,numberOfRobotsOnWhiteSite
5345,23,14
timeStep,numberOfRobotsOnBlackSite,numberOfRobotsOnWhiteSite
5346,23,14
timeStep,numberOfRobotsOnBlackSite,numberOfRobotsOnWhiteSite
5347,23,14
timeStep,numberOfRobotsOnBlackSite,numberOfRobotsOnWhiteSite
5348,23,14
timeStep,numberOfRobotsOnBlackSite,numberOfRobotsOnWhiteSite
5349,23,14
timeStep,numberOfRobotsOnBlackSite,numberOfRobotsOnWhiteSite
5350,23,14
timeStep,numberOfRobotsOnBlackSite,numberOfRobotsOnWhiteSite
5351,23,14
timeStep,numberOfRobotsOnBlackSite,numberOfRobotsOnWhiteSite
5352,23,14
timeStep,numberOfRobotsOnBlackSite,numberOfRobotsOnWhiteSite
5353,23,14
timeStep,numberOfRobotsOnBlackSite,numberOfRobotsOnWhiteSite
5354,23,14
timeStep,numberOfRobotsOnBlackSite,numberOfRobotsOnWhiteSite
5355,23,14
timeStep,numberOfRobotsOnBlackSite,numberOfRobotsOnWhiteSite
5356,23,14
timeStep,numberOfRobotsOnBlackSite,numberOfRobotsOnWhiteSite
5357,23,14
timeStep,numberOfRobotsOnBlackSite,numberOfRobotsOnWhiteSite
5358,23,14
timeStep,numberOfRobotsOnBlackSite,numberOfRobotsOnWhiteSite
5359,23,14
timeStep,numberOfRobotsOnBlackSite,numberOfRobotsOnWhiteSite
5360,23,14
timeStep,numberOfRobotsOnBlackSite,numberOfRobotsOnWhiteSite
5361,23,14
timeStep,numberOfRobotsOnBlackSite,numberOfRobotsOnWhiteSite
5362,23,14
timeStep,numberOfRobotsOnBlackSite,numberOfRobotsOnWhiteSite
5363,23,14
timeStep,numberOfRobotsOnBlackSite,numberOfRobotsOnWhiteSite
5364,23,14
timeStep,numberOfRobotsOnBlackSite,numberOfRobotsOnWhiteSite
5365,23,14
timeStep,numberOfRobotsOnBlackSite,numberOfRobotsOnWhiteSite
5366,23,14
timeStep,numberOfRobotsOnBlackSite,numberOfRobotsOnWhiteSite
5367,23,14
timeStep,numberOfRobotsOnBlackSite,numberOfRobotsOnWhiteSite
5368,23,14
timeStep,numberOfRobotsOnBlackSite,numberOfRobotsOnWhiteSite
5369,23,14
timeStep,numberOfRobotsOnBlackSite,numberOfRobotsOnWhiteSite
5370,23,14
timeStep,numberOfRobotsOnBlackSite,numberOfRobotsOnWhiteSite
5371,23,14
timeStep,numberOfRobotsOnBlackSite,numberOfRobotsOnWhiteSite
5372,23,14
timeStep,numberOfRobotsOnBlackSite,numberOfRobotsOnWhiteSite
5373,23,14
timeStep,numberOfRobotsOnBlackSite,numberOfRobotsOnWhiteSite
5374,23,14
timeStep,numberOfRobotsOnBlackSite,numberOfRobotsOnWhiteSite
5375,23,14
timeStep,numberOfRobotsOnBlackSite,numberOfRobotsOnWhiteSite
5376,23,14
timeStep,numberOfRobotsOnBlackSite,numberOfRobotsOnWhiteSite
5377,23,14
timeStep,numberOfRobotsOnBlackSite,numberOfRobotsOnWhiteSite
5378,23,14
timeStep,numberOfRobotsOnBlackSite,numberOfRobotsOnWhiteSite
5379,23,14
timeStep,numberOfRobotsOnBlackSite,numberOfRobotsOnWhiteSite
5380,23,14
timeStep,numberOfRobotsOnBlackSite,numberOfRobotsOnWhiteSite
5381,23,14
timeStep,numberOfRobotsOnBlackSite,numberOfRobotsOnWhiteSite
5382,23,14
timeStep,numberOfRobotsOnBlackSite,numberOfRobotsOnWhiteSite
5383,23,14
timeStep,numberOfRobotsOnBlackSite,numberOfRobotsOnWhiteSite
5384,23,14
timeStep,numberOfRobotsOnBlackSite,numberOfRobotsOnWhiteSite
5385,23,14
timeStep,numberOfRobotsOnBlackSite,numberOfRobotsOnWhiteSite
5386,23,14
timeStep,numberOfRobotsOnBlackSite,numberOfRobotsOnWhiteSite
5387,23,14
timeStep,numberOfRobotsOnBlackSite,numberOfRobotsOnWhiteSite
5388,23,14
timeStep,numberOfRobotsOnBlackSite,numberOfRobotsOnWhiteSite
5389,23,14
timeStep,numberOfRobotsOnBlackSite,numberOfRobotsOnWhiteSite
5390,23,14
timeStep,numberOfRobotsOnBlackSite,numberOfRobotsOnWhiteSite
5391,23,14
timeStep,numberOfRobotsOnBlackSite,numberOfRobotsOnWhiteSite
5392,23,14
timeStep,numberOfRobotsOnBlackSite,numberOfRobotsOnWhiteSite
5393,23,14
timeStep,numberOfRobotsOnBlackSite,numberOfRobotsOnWhiteSite
5394,23,14
timeStep,numberOfRobotsOnBlackSite,numberOfRobotsOnWhiteSite
5395,23,14
timeStep,numberOfRobotsOnBlackSite,numberOfRobotsOnWhiteSite
5396,23,14
timeStep,numberOfRobotsOnBlackSite,numberOfRobotsOnWhiteSite
5397,23,14
timeStep,numberOfRobotsOnBlackSite,numberOfRobotsOnWhiteSite
5398,23,14
timeStep,numberOfRobotsOnBlackSite,numberOfRobotsOnWhiteSite
5399,23,14
timeStep,numberOfRobotsOnBlackSite,numberOfRobotsOnWhiteSite
5400,23,14
timeStep,numberOfRobotsOnBlackSite,numberOfRobotsOnWhiteSite
5401,23,14
timeStep,numberOfRobotsOnBlackSite,numberOfRobotsOnWhiteSite
5402,23,14
timeStep,numberOfRobotsOnBlackSite,numberOfRobotsOnWhiteSite
5403,23,14
timeStep,numberOfRobotsOnBlackSite,numberOfRobotsOnWhiteSite
5404,23,14
timeStep,numberOfRobotsOnBlackSite,numberOfRobotsOnWhiteSite
5405,23,14
timeStep,numberOfRobotsOnBlackSite,numberOfRobotsOnWhiteSite
5406,23,14
timeStep,numberOfRobotsOnBlackSite,numberOfRobotsOnWhiteSite
5407,23,14
timeStep,numberOfRobotsOnBlackSite,numberOfRobotsOnWhiteSite
5408,23,14
timeStep,numberOfRobotsOnBlackSite,numberOfRobotsOnWhiteSite
5409,23,14
timeStep,numberOfRobotsOnBlackSite,numberOfRobotsOnWhiteSite
5410,23,14
timeStep,numberOfRobotsOnBlackSite,numberOfRobotsOnWhiteSite
5411,23,14
timeStep,numberOfRobotsOnBlackSite,numberOfRobotsOnWhiteSite
5412,23,14
timeStep,numberOfRobotsOnBlackSite,numberOfRobotsOnWhiteSite
5413,23,14
timeStep,numberOfRobotsOnBlackSite,numberOfRobotsOnWhiteSite
5414,23,14
timeStep,numberOfRobotsOnBlackSite,numberOfRobotsOnWhiteSite
5415,23,14
timeStep,numberOfRobotsOnBlackSite,numberOfRobotsOnWhiteSite
5416,23,14
timeStep,numberOfRobotsOnBlackSite,numberOfRobotsOnWhiteSite
5417,23,14
timeStep,numberOfRobotsOnBlackSite,numberOfRobotsOnWhiteSite
5418,23,14
timeStep,numberOfRobotsOnBlackSite,numberOfRobotsOnWhiteSite
5419,23,14
timeStep,numberOfRobotsOnBlackSite,numberOfRobotsOnWhiteSite
5420,23,14
timeStep,numberOfRobotsOnBlackSite,numberOfRobotsOnWhiteSite
5421,23,14
timeStep,numberOfRobotsOnBlackSite,numberOfRobotsOnWhiteSite
5422,23,14
timeStep,numberOfRobotsOnBlackSite,numberOfRobotsOnWhiteSite
5423,23,14
timeStep,numberOfRobotsOnBlackSite,numberOfRobotsOnWhiteSite
5424,23,14
timeStep,numberOfRobotsOnBlackSite,numberOfRobotsOnWhiteSite
5425,23,14
timeStep,numberOfRobotsOnBlackSite,numberOfRobotsOnWhiteSite
5426,23,14
timeStep,numberOfRobotsOnBlackSite,numberOfRobotsOnWhiteSite
5427,23,14
timeStep,numberOfRobotsOnBlackSite,numberOfRobotsOnWhiteSite
5428,23,14
timeStep,numberOfRobotsOnBlackSite,numberOfRobotsOnWhiteSite
5429,23,14
timeStep,numberOfRobotsOnBlackSite,numberOfRobotsOnWhiteSite
5430,23,14
timeStep,numberOfRobotsOnBlackSite,numberOfRobotsOnWhiteSite
5431,23,14
timeStep,numberOfRobotsOnBlackSite,numberOfRobotsOnWhiteSite
5432,23,14
timeStep,numberOfRobotsOnBlackSite,numberOfRobotsOnWhiteSite
5433,23,14
timeStep,numberOfRobotsOnBlackSite,numberOfRobotsOnWhiteSite
5434,23,14
timeStep,numberOfRobotsOnBlackSite,numberOfRobotsOnWhiteSite
5435,23,14
timeStep,numberOfRobotsOnBlackSite,numberOfRobotsOnWhiteSite
5436,23,14
timeStep,numberOfRobotsOnBlackSite,numberOfRobotsOnWhiteSite
5437,23,14
timeStep,numberOfRobotsOnBlackSite,numberOfRobotsOnWhiteSite
5438,23,14
timeStep,numberOfRobotsOnBlackSite,numberOfRobotsOnWhiteSite
5439,23,14
timeStep,numberOfRobotsOnBlackSite,numberOfRobotsOnWhiteSite
5440,23,14
timeStep,numberOfRobotsOnBlackSite,numberOfRobotsOnWhiteSite
5441,23,14
timeStep,numberOfRobotsOnBlackSite,numberOfRobotsOnWhiteSite
5442,23,14
timeStep,numberOfRobotsOnBlackSite,numberOfRobotsOnWhiteSite
5443,23,14
timeStep,numberOfRobotsOnBlackSite,numberOfRobotsOnWhiteSite
5444,23,14
timeStep,numberOfRobotsOnBlackSite,numberOfRobotsOnWhiteSite
5445,23,14
timeStep,numberOfRobotsOnBlackSite,numberOfRobotsOnWhiteSite
5446,23,14
timeStep,numberOfRobotsOnBlackSite,numberOfRobotsOnWhiteSite
5447,23,14
timeStep,numberOfRobotsOnBlackSite,numberOfRobotsOnWhiteSite
5448,23,14
timeStep,numberOfRobotsOnBlackSite,numberOfRobotsOnWhiteSite
5449,23,14
timeStep,numberOfRobotsOnBlackSite,numberOfRobotsOnWhiteSite
5450,23,14
timeStep,numberOfRobotsOnBlackSite,numberOfRobotsOnWhiteSite
5451,23,14
timeStep,numberOfRobotsOnBlackSite,numberOfRobotsOnWhiteSite
5452,23,14
timeStep,numberOfRobotsOnBlackSite,numberOfRobotsOnWhiteSite
5453,23,14
timeStep,numberOfRobotsOnBlackSite,numberOfRobotsOnWhiteSite
5454,23,14
timeStep,numberOfRobotsOnBlackSite,numberOfRobotsOnWhiteSite
5455,23,14
timeStep,numberOfRobotsOnBlackSite,numberOfRobotsOnWhiteSite
5456,23,14
timeStep,numberOfRobotsOnBlackSite,numberOfRobotsOnWhiteSite
5457,23,14
timeStep,numberOfRobotsOnBlackSite,numberOfRobotsOnWhiteSite
5458,23,14
timeStep,numberOfRobotsOnBlackSite,numberOfRobotsOnWhiteSite
5459,23,14
timeStep,numberOfRobotsOnBlackSite,numberOfRobotsOnWhiteSite
5460,23,15
timeStep,numberOfRobotsOnBlackSite,numberOfRobotsOnWhiteSite
5461,23,15
timeStep,numberOfRobotsOnBlackSite,numberOfRobotsOnWhiteSite
5462,23,15
timeStep,numberOfRobotsOnBlackSite,numberOfRobotsOnWhiteSite
5463,23,15
timeStep,numberOfRobotsOnBlackSite,numberOfRobotsOnWhiteSite
5464,23,15
timeStep,numberOfRobotsOnBlackSite,numberOfRobotsOnWhiteSite
5465,23,15
timeStep,numberOfRobotsOnBlackSite,numberOfRobotsOnWhiteSite
5466,23,15
timeStep,numberOfRobotsOnBlackSite,numberOfRobotsOnWhiteSite
5467,23,15
timeStep,numberOfRobotsOnBlackSite,numberOfRobotsOnWhiteSite
5468,23,15
timeStep,numberOfRobotsOnBlackSite,numberOfRobotsOnWhiteSite
5469,23,15
timeStep,numberOfRobotsOnBlackSite,numberOfRobotsOnWhiteSite
5470,23,15
timeStep,numberOfRobotsOnBlackSite,numberOfRobotsOnWhiteSite
5471,23,15
timeStep,numberOfRobotsOnBlackSite,numberOfRobotsOnWhiteSite
5472,23,15
timeStep,numberOfRobotsOnBlackSite,numberOfRobotsOnWhiteSite
5473,23,15
timeStep,numberOfRobotsOnBlackSite,numberOfRobotsOnWhiteSite
5474,23,15
timeStep,numberOfRobotsOnBlackSite,numberOfRobotsOnWhiteSite
5475,23,15
timeStep,numberOfRobotsOnBlackSite,numberOfRobotsOnWhiteSite
5476,23,15
timeStep,numberOfRobotsOnBlackSite,numberOfRobotsOnWhiteSite
5477,23,15
timeStep,numberOfRobotsOnBlackSite,numberOfRobotsOnWhiteSite
5478,23,15
timeStep,numberOfRobotsOnBlackSite,numberOfRobotsOnWhiteSite
5479,23,15
timeStep,numberOfRobotsOnBlackSite,numberOfRobotsOnWhiteSite
5480,23,15
timeStep,numberOfRobotsOnBlackSite,numberOfRobotsOnWhiteSite
5481,23,15
timeStep,numberOfRobotsOnBlackSite,numberOfRobotsOnWhiteSite
5482,23,15
timeStep,numberOfRobotsOnBlackSite,numberOfRobotsOnWhiteSite
5483,23,15
timeStep,numberOfRobotsOnBlackSite,numberOfRobotsOnWhiteSite
5484,23,15
timeStep,numberOfRobotsOnBlackSite,numberOfRobotsOnWhiteSite
5485,23,15
timeStep,numberOfRobotsOnBlackSite,numberOfRobotsOnWhiteSite
5486,23,15
timeStep,numberOfRobotsOnBlackSite,numberOfRobotsOnWhiteSite
5487,23,15
timeStep,numberOfRobotsOnBlackSite,numberOfRobotsOnWhiteSite
5488,23,15
timeStep,numberOfRobotsOnBlackSite,numberOfRobotsOnWhiteSite
5489,23,15
timeStep,numberOfRobotsOnBlackSite,numberOfRobotsOnWhiteSite
5490,23,14
timeStep,numberOfRobotsOnBlackSite,numberOfRobotsOnWhiteSite
5491,23,14
timeStep,numberOfRobotsOnBlackSite,numberOfRobotsOnWhiteSite
5492,23,14
timeStep,numberOfRobotsOnBlackSite,numberOfRobotsOnWhiteSite
5493,23,14
timeStep,numberOfRobotsOnBlackSite,numberOfRobotsOnWhiteSite
5494,23,14
timeStep,numberOfRobotsOnBlackSite,numberOfRobotsOnWhiteSite
5495,23,14
timeStep,numberOfRobotsOnBlackSite,numberOfRobotsOnWhiteSite
5496,23,14
timeStep,numberOfRobotsOnBlackSite,numberOfRobotsOnWhiteSite
5497,23,14
timeStep,numberOfRobotsOnBlackSite,numberOfRobotsOnWhiteSite
5498,23,14
timeStep,numberOfRobotsOnBlackSite,numberOfRobotsOnWhiteSite
5499,23,14
timeStep,numberOfRobotsOnBlackSite,numberOfRobotsOnWhiteSite
5500,23,14
timeStep,numberOfRobotsOnBlackSite,numberOfRobotsOnWhiteSite
5501,23,14
timeStep,numberOfRobotsOnBlackSite,numberOfRobotsOnWhiteSite
5502,23,14
timeStep,numberOfRobotsOnBlackSite,numberOfRobotsOnWhiteSite
5503,23,14
timeStep,numberOfRobotsOnBlackSite,numberOfRobotsOnWhiteSite
5504,23,14
timeStep,numberOfRobotsOnBlackSite,numberOfRobotsOnWhiteSite
5505,23,14
timeStep,numberOfRobotsOnBlackSite,numberOfRobotsOnWhiteSite
5506,23,14
timeStep,numberOfRobotsOnBlackSite,numberOfRobotsOnWhiteSite
5507,23,14
timeStep,numberOfRobotsOnBlackSite,numberOfRobotsOnWhiteSite
5508,23,14
timeStep,numberOfRobotsOnBlackSite,numberOfRobotsOnWhiteSite
5509,23,14
timeStep,numberOfRobotsOnBlackSite,numberOfRobotsOnWhiteSite
5510,23,14
timeStep,numberOfRobotsOnBlackSite,numberOfRobotsOnWhiteSite
5511,23,14
timeStep,numberOfRobotsOnBlackSite,numberOfRobotsOnWhiteSite
5512,23,14
timeStep,numberOfRobotsOnBlackSite,numberOfRobotsOnWhiteSite
5513,23,14
timeStep,numberOfRobotsOnBlackSite,numberOfRobotsOnWhiteSite
5514,23,14
timeStep,numberOfRobotsOnBlackSite,numberOfRobotsOnWhiteSite
5515,23,15
timeStep,numberOfRobotsOnBlackSite,numberOfRobotsOnWhiteSite
5516,23,15
timeStep,numberOfRobotsOnBlackSite,numberOfRobotsOnWhiteSite
5517,23,15
timeStep,numberOfRobotsOnBlackSite,numberOfRobotsOnWhiteSite
5518,23,15
timeStep,numberOfRobotsOnBlackSite,numberOfRobotsOnWhiteSite
5519,23,15
timeStep,numberOfRobotsOnBlackSite,numberOfRobotsOnWhiteSite
5520,23,15
timeStep,numberOfRobotsOnBlackSite,numberOfRobotsOnWhiteSite
5521,23,15
timeStep,numberOfRobotsOnBlackSite,numberOfRobotsOnWhiteSite
5522,23,15
timeStep,numberOfRobotsOnBlackSite,numberOfRobotsOnWhiteSite
5523,23,15
timeStep,numberOfRobotsOnBlackSite,numberOfRobotsOnWhiteSite
5524,23,15
timeStep,numberOfRobotsOnBlackSite,numberOfRobotsOnWhiteSite
5525,23,15
timeStep,numberOfRobotsOnBlackSite,numberOfRobotsOnWhiteSite
5526,23,15
timeStep,numberOfRobotsOnBlackSite,numberOfRobotsOnWhiteSite
5527,23,15
timeStep,numberOfRobotsOnBlackSite,numberOfRobotsOnWhiteSite
5528,23,15
timeStep,numberOfRobotsOnBlackSite,numberOfRobotsOnWhiteSite
5529,23,15
timeStep,numberOfRobotsOnBlackSite,numberOfRobotsOnWhiteSite
5530,23,15
timeStep,numberOfRobotsOnBlackSite,numberOfRobotsOnWhiteSite
5531,23,15
timeStep,numberOfRobotsOnBlackSite,numberOfRobotsOnWhiteSite
5532,23,15
timeStep,numberOfRobotsOnBlackSite,numberOfRobotsOnWhiteSite
5533,23,15
timeStep,numberOfRobotsOnBlackSite,numberOfRobotsOnWhiteSite
5534,23,15
timeStep,numberOfRobotsOnBlackSite,numberOfRobotsOnWhiteSite
5535,23,15
timeStep,numberOfRobotsOnBlackSite,numberOfRobotsOnWhiteSite
5536,23,15
timeStep,numberOfRobotsOnBlackSite,numberOfRobotsOnWhiteSite
5537,23,15
timeStep,numberOfRobotsOnBlackSite,numberOfRobotsOnWhiteSite
5538,23,15
timeStep,numberOfRobotsOnBlackSite,numberOfRobotsOnWhiteSite
5539,23,15
timeStep,numberOfRobotsOnBlackSite,numberOfRobotsOnWhiteSite
5540,23,15
timeStep,numberOfRobotsOnBlackSite,numberOfRobotsOnWhiteSite
5541,23,15
timeStep,numberOfRobotsOnBlackSite,numberOfRobotsOnWhiteSite
5542,23,15
timeStep,numberOfRobotsOnBlackSite,numberOfRobotsOnWhiteSite
5543,23,15
timeStep,numberOfRobotsOnBlackSite,numberOfRobotsOnWhiteSite
5544,23,15
timeStep,numberOfRobotsOnBlackSite,numberOfRobotsOnWhiteSite
5545,23,15
timeStep,numberOfRobotsOnBlackSite,numberOfRobotsOnWhiteSite
5546,23,15
timeStep,numberOfRobotsOnBlackSite,numberOfRobotsOnWhiteSite
5547,23,15
timeStep,numberOfRobotsOnBlackSite,numberOfRobotsOnWhiteSite
5548,23,15
timeStep,numberOfRobotsOnBlackSite,numberOfRobotsOnWhiteSite
5549,23,15
timeStep,numberOfRobotsOnBlackSite,numberOfRobotsOnWhiteSite
5550,23,14
timeStep,numberOfRobotsOnBlackSite,numberOfRobotsOnWhiteSite
5551,23,14
timeStep,numberOfRobotsOnBlackSite,numberOfRobotsOnWhiteSite
5552,23,14
timeStep,numberOfRobotsOnBlackSite,numberOfRobotsOnWhiteSite
5553,23,14
timeStep,numberOfRobotsOnBlackSite,numberOfRobotsOnWhiteSite
5554,23,14
timeStep,numberOfRobotsOnBlackSite,numberOfRobotsOnWhiteSite
5555,23,14
timeStep,numberOfRobotsOnBlackSite,numberOfRobotsOnWhiteSite
5556,23,14
timeStep,numberOfRobotsOnBlackSite,numberOfRobotsOnWhiteSite
5557,23,14
timeStep,numberOfRobotsOnBlackSite,numberOfRobotsOnWhiteSite
5558,23,14
timeStep,numberOfRobotsOnBlackSite,numberOfRobotsOnWhiteSite
5559,23,14
timeStep,numberOfRobotsOnBlackSite,numberOfRobotsOnWhiteSite
5560,22,14
timeStep,numberOfRobotsOnBlackSite,numberOfRobotsOnWhiteSite
5561,22,14
timeStep,numberOfRobotsOnBlackSite,numberOfRobotsOnWhiteSite
5562,22,14
timeStep,numberOfRobotsOnBlackSite,numberOfRobotsOnWhiteSite
5563,22,14
timeStep,numberOfRobotsOnBlackSite,numberOfRobotsOnWhiteSite
5564,22,14
timeStep,numberOfRobotsOnBlackSite,numberOfRobotsOnWhiteSite
5565,22,14
timeStep,numberOfRobotsOnBlackSite,numberOfRobotsOnWhiteSite
5566,22,14
timeStep,numberOfRobotsOnBlackSite,numberOfRobotsOnWhiteSite
5567,22,14
timeStep,numberOfRobotsOnBlackSite,numberOfRobotsOnWhiteSite
5568,22,14
timeStep,numberOfRobotsOnBlackSite,numberOfRobotsOnWhiteSite
5569,22,14
timeStep,numberOfRobotsOnBlackSite,numberOfRobotsOnWhiteSite
5570,22,14
timeStep,numberOfRobotsOnBlackSite,numberOfRobotsOnWhiteSite
5571,22,14
timeStep,numberOfRobotsOnBlackSite,numberOfRobotsOnWhiteSite
5572,22,14
timeStep,numberOfRobotsOnBlackSite,numberOfRobotsOnWhiteSite
5573,22,14
timeStep,numberOfRobotsOnBlackSite,numberOfRobotsOnWhiteSite
5574,22,14
timeStep,numberOfRobotsOnBlackSite,numberOfRobotsOnWhiteSite
5575,22,14
timeStep,numberOfRobotsOnBlackSite,numberOfRobotsOnWhiteSite
5576,22,14
timeStep,numberOfRobotsOnBlackSite,numberOfRobotsOnWhiteSite
5577,22,14
timeStep,numberOfRobotsOnBlackSite,numberOfRobotsOnWhiteSite
5578,22,14
timeStep,numberOfRobotsOnBlackSite,numberOfRobotsOnWhiteSite
5579,22,14
timeStep,numberOfRobotsOnBlackSite,numberOfRobotsOnWhiteSite
5580,22,14
timeStep,numberOfRobotsOnBlackSite,numberOfRobotsOnWhiteSite
5581,22,14
timeStep,numberOfRobotsOnBlackSite,numberOfRobotsOnWhiteSite
5582,22,14
timeStep,numberOfRobotsOnBlackSite,numberOfRobotsOnWhiteSite
5583,22,14
timeStep,numberOfRobotsOnBlackSite,numberOfRobotsOnWhiteSite
5584,22,14
timeStep,numberOfRobotsOnBlackSite,numberOfRobotsOnWhiteSite
5585,22,13
timeStep,numberOfRobotsOnBlackSite,numberOfRobotsOnWhiteSite
5586,22,13
timeStep,numberOfRobotsOnBlackSite,numberOfRobotsOnWhiteSite
5587,22,13
timeStep,numberOfRobotsOnBlackSite,numberOfRobotsOnWhiteSite
5588,22,13
timeStep,numberOfRobotsOnBlackSite,numberOfRobotsOnWhiteSite
5589,22,13
timeStep,numberOfRobotsOnBlackSite,numberOfRobotsOnWhiteSite
5590,21,13
timeStep,numberOfRobotsOnBlackSite,numberOfRobotsOnWhiteSite
5591,21,13
timeStep,numberOfRobotsOnBlackSite,numberOfRobotsOnWhiteSite
5592,21,13
timeStep,numberOfRobotsOnBlackSite,numberOfRobotsOnWhiteSite
5593,21,13
timeStep,numberOfRobotsOnBlackSite,numberOfRobotsOnWhiteSite
5594,21,13
timeStep,numberOfRobotsOnBlackSite,numberOfRobotsOnWhiteSite
5595,21,13
timeStep,numberOfRobotsOnBlackSite,numberOfRobotsOnWhiteSite
5596,21,13
timeStep,numberOfRobotsOnBlackSite,numberOfRobotsOnWhiteSite
5597,21,13
timeStep,numberOfRobotsOnBlackSite,numberOfRobotsOnWhiteSite
5598,21,13
timeStep,numberOfRobotsOnBlackSite,numberOfRobotsOnWhiteSite
5599,21,13
timeStep,numberOfRobotsOnBlackSite,numberOfRobotsOnWhiteSite
5600,21,13
timeStep,numberOfRobotsOnBlackSite,numberOfRobotsOnWhiteSite
5601,21,13
timeStep,numberOfRobotsOnBlackSite,numberOfRobotsOnWhiteSite
5602,21,13
timeStep,numberOfRobotsOnBlackSite,numberOfRobotsOnWhiteSite
5603,21,13
timeStep,numberOfRobotsOnBlackSite,numberOfRobotsOnWhiteSite
5604,21,13
timeStep,numberOfRobotsOnBlackSite,numberOfRobotsOnWhiteSite
5605,21,13
timeStep,numberOfRobotsOnBlackSite,numberOfRobotsOnWhiteSite
5606,21,13
timeStep,numberOfRobotsOnBlackSite,numberOfRobotsOnWhiteSite
5607,21,13
timeStep,numberOfRobotsOnBlackSite,numberOfRobotsOnWhiteSite
5608,21,13
timeStep,numberOfRobotsOnBlackSite,numberOfRobotsOnWhiteSite
5609,21,13
timeStep,numberOfRobotsOnBlackSite,numberOfRobotsOnWhiteSite
5610,21,13
timeStep,numberOfRobotsOnBlackSite,numberOfRobotsOnWhiteSite
5611,21,13
timeStep,numberOfRobotsOnBlackSite,numberOfRobotsOnWhiteSite
5612,21,13
timeStep,numberOfRobotsOnBlackSite,numberOfRobotsOnWhiteSite
5613,21,13
timeStep,numberOfRobotsOnBlackSite,numberOfRobotsOnWhiteSite
5614,21,13
timeStep,numberOfRobotsOnBlackSite,numberOfRobotsOnWhiteSite
5615,21,13
timeStep,numberOfRobotsOnBlackSite,numberOfRobotsOnWhiteSite
5616,21,13
timeStep,numberOfRobotsOnBlackSite,numberOfRobotsOnWhiteSite
5617,21,13
timeStep,numberOfRobotsOnBlackSite,numberOfRobotsOnWhiteSite
5618,21,13
timeStep,numberOfRobotsOnBlackSite,numberOfRobotsOnWhiteSite
5619,21,13
timeStep,numberOfRobotsOnBlackSite,numberOfRobotsOnWhiteSite
5620,21,14
timeStep,numberOfRobotsOnBlackSite,numberOfRobotsOnWhiteSite
5621,21,14
timeStep,numberOfRobotsOnBlackSite,numberOfRobotsOnWhiteSite
5622,21,14
timeStep,numberOfRobotsOnBlackSite,numberOfRobotsOnWhiteSite
5623,21,14
timeStep,numberOfRobotsOnBlackSite,numberOfRobotsOnWhiteSite
5624,21,14
timeStep,numberOfRobotsOnBlackSite,numberOfRobotsOnWhiteSite
5625,21,14
timeStep,numberOfRobotsOnBlackSite,numberOfRobotsOnWhiteSite
5626,21,14
timeStep,numberOfRobotsOnBlackSite,numberOfRobotsOnWhiteSite
5627,21,14
timeStep,numberOfRobotsOnBlackSite,numberOfRobotsOnWhiteSite
5628,21,14
timeStep,numberOfRobotsOnBlackSite,numberOfRobotsOnWhiteSite
5629,21,14
timeStep,numberOfRobotsOnBlackSite,numberOfRobotsOnWhiteSite
5630,21,14
timeStep,numberOfRobotsOnBlackSite,numberOfRobotsOnWhiteSite
5631,21,14
timeStep,numberOfRobotsOnBlackSite,numberOfRobotsOnWhiteSite
5632,21,14
timeStep,numberOfRobotsOnBlackSite,numberOfRobotsOnWhiteSite
5633,21,14
timeStep,numberOfRobotsOnBlackSite,numberOfRobotsOnWhiteSite
5634,21,14
timeStep,numberOfRobotsOnBlackSite,numberOfRobotsOnWhiteSite
5635,21,14
timeStep,numberOfRobotsOnBlackSite,numberOfRobotsOnWhiteSite
5636,21,14
timeStep,numberOfRobotsOnBlackSite,numberOfRobotsOnWhiteSite
5637,21,14
timeStep,numberOfRobotsOnBlackSite,numberOfRobotsOnWhiteSite
5638,21,14
timeStep,numberOfRobotsOnBlackSite,numberOfRobotsOnWhiteSite
5639,21,14
timeStep,numberOfRobotsOnBlackSite,numberOfRobotsOnWhiteSite
5640,21,14
timeStep,numberOfRobotsOnBlackSite,numberOfRobotsOnWhiteSite
5641,21,14
timeStep,numberOfRobotsOnBlackSite,numberOfRobotsOnWhiteSite
5642,21,14
timeStep,numberOfRobotsOnBlackSite,numberOfRobotsOnWhiteSite
5643,21,14
timeStep,numberOfRobotsOnBlackSite,numberOfRobotsOnWhiteSite
5644,21,14
timeStep,numberOfRobotsOnBlackSite,numberOfRobotsOnWhiteSite
5645,21,14
timeStep,numberOfRobotsOnBlackSite,numberOfRobotsOnWhiteSite
5646,21,14
timeStep,numberOfRobotsOnBlackSite,numberOfRobotsOnWhiteSite
5647,21,14
timeStep,numberOfRobotsOnBlackSite,numberOfRobotsOnWhiteSite
5648,21,14
timeStep,numberOfRobotsOnBlackSite,numberOfRobotsOnWhiteSite
5649,21,14
timeStep,numberOfRobotsOnBlackSite,numberOfRobotsOnWhiteSite
5650,21,14
timeStep,numberOfRobotsOnBlackSite,numberOfRobotsOnWhiteSite
5651,21,14
timeStep,numberOfRobotsOnBlackSite,numberOfRobotsOnWhiteSite
5652,21,14
timeStep,numberOfRobotsOnBlackSite,numberOfRobotsOnWhiteSite
5653,21,14
timeStep,numberOfRobotsOnBlackSite,numberOfRobotsOnWhiteSite
5654,21,14
timeStep,numberOfRobotsOnBlackSite,numberOfRobotsOnWhiteSite
5655,21,14
timeStep,numberOfRobotsOnBlackSite,numberOfRobotsOnWhiteSite
5656,21,14
timeStep,numberOfRobotsOnBlackSite,numberOfRobotsOnWhiteSite
5657,21,14
timeStep,numberOfRobotsOnBlackSite,numberOfRobotsOnWhiteSite
5658,21,14
timeStep,numberOfRobotsOnBlackSite,numberOfRobotsOnWhiteSite
5659,21,14
timeStep,numberOfRobotsOnBlackSite,numberOfRobotsOnWhiteSite
5660,21,14
timeStep,numberOfRobotsOnBlackSite,numberOfRobotsOnWhiteSite
5661,21,14
timeStep,numberOfRobotsOnBlackSite,numberOfRobotsOnWhiteSite
5662,21,14
timeStep,numberOfRobotsOnBlackSite,numberOfRobotsOnWhiteSite
5663,21,14
timeStep,numberOfRobotsOnBlackSite,numberOfRobotsOnWhiteSite
5664,21,14
timeStep,numberOfRobotsOnBlackSite,numberOfRobotsOnWhiteSite
5665,21,14
timeStep,numberOfRobotsOnBlackSite,numberOfRobotsOnWhiteSite
5666,21,14
timeStep,numberOfRobotsOnBlackSite,numberOfRobotsOnWhiteSite
5667,21,14
timeStep,numberOfRobotsOnBlackSite,numberOfRobotsOnWhiteSite
5668,21,14
timeStep,numberOfRobotsOnBlackSite,numberOfRobotsOnWhiteSite
5669,21,14
timeStep,numberOfRobotsOnBlackSite,numberOfRobotsOnWhiteSite
5670,21,14
timeStep,numberOfRobotsOnBlackSite,numberOfRobotsOnWhiteSite
5671,21,14
timeStep,numberOfRobotsOnBlackSite,numberOfRobotsOnWhiteSite
5672,21,14
timeStep,numberOfRobotsOnBlackSite,numberOfRobotsOnWhiteSite
5673,21,14
timeStep,numberOfRobotsOnBlackSite,numberOfRobotsOnWhiteSite
5674,21,14
timeStep,numberOfRobotsOnBlackSite,numberOfRobotsOnWhiteSite
5675,21,14
timeStep,numberOfRobotsOnBlackSite,numberOfRobotsOnWhiteSite
5676,21,14
timeStep,numberOfRobotsOnBlackSite,numberOfRobotsOnWhiteSite
5677,21,14
timeStep,numberOfRobotsOnBlackSite,numberOfRobotsOnWhiteSite
5678,21,14
timeStep,numberOfRobotsOnBlackSite,numberOfRobotsOnWhiteSite
5679,21,14
timeStep,numberOfRobotsOnBlackSite,numberOfRobotsOnWhiteSite
5680,21,14
timeStep,numberOfRobotsOnBlackSite,numberOfRobotsOnWhiteSite
5681,21,14
timeStep,numberOfRobotsOnBlackSite,numberOfRobotsOnWhiteSite
5682,21,14
timeStep,numberOfRobotsOnBlackSite,numberOfRobotsOnWhiteSite
5683,21,14
timeStep,numberOfRobotsOnBlackSite,numberOfRobotsOnWhiteSite
5684,21,14
timeStep,numberOfRobotsOnBlackSite,numberOfRobotsOnWhiteSite
5685,21,14
timeStep,numberOfRobotsOnBlackSite,numberOfRobotsOnWhiteSite
5686,21,14
timeStep,numberOfRobotsOnBlackSite,numberOfRobotsOnWhiteSite
5687,21,14
timeStep,numberOfRobotsOnBlackSite,numberOfRobotsOnWhiteSite
5688,21,14
timeStep,numberOfRobotsOnBlackSite,numberOfRobotsOnWhiteSite
5689,21,14
timeStep,numberOfRobotsOnBlackSite,numberOfRobotsOnWhiteSite
5690,21,14
timeStep,numberOfRobotsOnBlackSite,numberOfRobotsOnWhiteSite
5691,21,14
timeStep,numberOfRobotsOnBlackSite,numberOfRobotsOnWhiteSite
5692,21,14
timeStep,numberOfRobotsOnBlackSite,numberOfRobotsOnWhiteSite
5693,21,14
timeStep,numberOfRobotsOnBlackSite,numberOfRobotsOnWhiteSite
5694,21,14
timeStep,numberOfRobotsOnBlackSite,numberOfRobotsOnWhiteSite
5695,21,14
timeStep,numberOfRobotsOnBlackSite,numberOfRobotsOnWhiteSite
5696,21,14
timeStep,numberOfRobotsOnBlackSite,numberOfRobotsOnWhiteSite
5697,21,14
timeStep,numberOfRobotsOnBlackSite,numberOfRobotsOnWhiteSite
5698,21,14
timeStep,numberOfRobotsOnBlackSite,numberOfRobotsOnWhiteSite
5699,21,14
timeStep,numberOfRobotsOnBlackSite,numberOfRobotsOnWhiteSite
5700,21,14
timeStep,numberOfRobotsOnBlackSite,numberOfRobotsOnWhiteSite
5701,21,14
timeStep,numberOfRobotsOnBlackSite,numberOfRobotsOnWhiteSite
5702,21,14
timeStep,numberOfRobotsOnBlackSite,numberOfRobotsOnWhiteSite
5703,21,14
timeStep,numberOfRobotsOnBlackSite,numberOfRobotsOnWhiteSite
5704,21,14
timeStep,numberOfRobotsOnBlackSite,numberOfRobotsOnWhiteSite
5705,21,14
timeStep,numberOfRobotsOnBlackSite,numberOfRobotsOnWhiteSite
5706,21,14
timeStep,numberOfRobotsOnBlackSite,numberOfRobotsOnWhiteSite
5707,21,14
timeStep,numberOfRobotsOnBlackSite,numberOfRobotsOnWhiteSite
5708,21,14
timeStep,numberOfRobotsOnBlackSite,numberOfRobotsOnWhiteSite
5709,21,14
timeStep,numberOfRobotsOnBlackSite,numberOfRobotsOnWhiteSite
5710,21,14
timeStep,numberOfRobotsOnBlackSite,numberOfRobotsOnWhiteSite
5711,21,14
timeStep,numberOfRobotsOnBlackSite,numberOfRobotsOnWhiteSite
5712,21,14
timeStep,numberOfRobotsOnBlackSite,numberOfRobotsOnWhiteSite
5713,21,14
timeStep,numberOfRobotsOnBlackSite,numberOfRobotsOnWhiteSite
5714,21,14
timeStep,numberOfRobotsOnBlackSite,numberOfRobotsOnWhiteSite
5715,20,14
timeStep,numberOfRobotsOnBlackSite,numberOfRobotsOnWhiteSite
5716,20,14
timeStep,numberOfRobotsOnBlackSite,numberOfRobotsOnWhiteSite
5717,20,14
timeStep,numberOfRobotsOnBlackSite,numberOfRobotsOnWhiteSite
5718,20,14
timeStep,numberOfRobotsOnBlackSite,numberOfRobotsOnWhiteSite
5719,20,14
timeStep,numberOfRobotsOnBlackSite,numberOfRobotsOnWhiteSite
5720,20,14
timeStep,numberOfRobotsOnBlackSite,numberOfRobotsOnWhiteSite
5721,20,14
timeStep,numberOfRobotsOnBlackSite,numberOfRobotsOnWhiteSite
5722,20,14
timeStep,numberOfRobotsOnBlackSite,numberOfRobotsOnWhiteSite
5723,20,14
timeStep,numberOfRobotsOnBlackSite,numberOfRobotsOnWhiteSite
5724,20,14
timeStep,numberOfRobotsOnBlackSite,numberOfRobotsOnWhiteSite
5725,20,14
timeStep,numberOfRobotsOnBlackSite,numberOfRobotsOnWhiteSite
5726,20,14
timeStep,numberOfRobotsOnBlackSite,numberOfRobotsOnWhiteSite
5727,20,14
timeStep,numberOfRobotsOnBlackSite,numberOfRobotsOnWhiteSite
5728,20,14
timeStep,numberOfRobotsOnBlackSite,numberOfRobotsOnWhiteSite
5729,20,14
timeStep,numberOfRobotsOnBlackSite,numberOfRobotsOnWhiteSite
5730,20,14
timeStep,numberOfRobotsOnBlackSite,numberOfRobotsOnWhiteSite
5731,20,14
timeStep,numberOfRobotsOnBlackSite,numberOfRobotsOnWhiteSite
5732,20,14
timeStep,numberOfRobotsOnBlackSite,numberOfRobotsOnWhiteSite
5733,20,14
timeStep,numberOfRobotsOnBlackSite,numberOfRobotsOnWhiteSite
5734,20,14
timeStep,numberOfRobotsOnBlackSite,numberOfRobotsOnWhiteSite
5735,20,14
timeStep,numberOfRobotsOnBlackSite,numberOfRobotsOnWhiteSite
5736,20,14
timeStep,numberOfRobotsOnBlackSite,numberOfRobotsOnWhiteSite
5737,20,14
timeStep,numberOfRobotsOnBlackSite,numberOfRobotsOnWhiteSite
5738,20,14
timeStep,numberOfRobotsOnBlackSite,numberOfRobotsOnWhiteSite
5739,20,14
timeStep,numberOfRobotsOnBlackSite,numberOfRobotsOnWhiteSite
5740,20,14
timeStep,numberOfRobotsOnBlackSite,numberOfRobotsOnWhiteSite
5741,20,14
timeStep,numberOfRobotsOnBlackSite,numberOfRobotsOnWhiteSite
5742,20,14
timeStep,numberOfRobotsOnBlackSite,numberOfRobotsOnWhiteSite
5743,20,14
timeStep,numberOfRobotsOnBlackSite,numberOfRobotsOnWhiteSite
5744,20,14
timeStep,numberOfRobotsOnBlackSite,numberOfRobotsOnWhiteSite
5745,20,14
timeStep,numberOfRobotsOnBlackSite,numberOfRobotsOnWhiteSite
5746,20,14
timeStep,numberOfRobotsOnBlackSite,numberOfRobotsOnWhiteSite
5747,20,14
timeStep,numberOfRobotsOnBlackSite,numberOfRobotsOnWhiteSite
5748,20,14
timeStep,numberOfRobotsOnBlackSite,numberOfRobotsOnWhiteSite
5749,20,14
timeStep,numberOfRobotsOnBlackSite,numberOfRobotsOnWhiteSite
5750,20,14
timeStep,numberOfRobotsOnBlackSite,numberOfRobotsOnWhiteSite
5751,20,14
timeStep,numberOfRobotsOnBlackSite,numberOfRobotsOnWhiteSite
5752,20,14
timeStep,numberOfRobotsOnBlackSite,numberOfRobotsOnWhiteSite
5753,20,14
timeStep,numberOfRobotsOnBlackSite,numberOfRobotsOnWhiteSite
5754,20,14
timeStep,numberOfRobotsOnBlackSite,numberOfRobotsOnWhiteSite
5755,20,14
timeStep,numberOfRobotsOnBlackSite,numberOfRobotsOnWhiteSite
5756,20,14
timeStep,numberOfRobotsOnBlackSite,numberOfRobotsOnWhiteSite
5757,20,14
timeStep,numberOfRobotsOnBlackSite,numberOfRobotsOnWhiteSite
5758,20,14
timeStep,numberOfRobotsOnBlackSite,numberOfRobotsOnWhiteSite
5759,20,14
timeStep,numberOfRobotsOnBlackSite,numberOfRobotsOnWhiteSite
5760,20,14
timeStep,numberOfRobotsOnBlackSite,numberOfRobotsOnWhiteSite
5761,20,14
timeStep,numberOfRobotsOnBlackSite,numberOfRobotsOnWhiteSite
5762,20,14
timeStep,numberOfRobotsOnBlackSite,numberOfRobotsOnWhiteSite
5763,20,14
timeStep,numberOfRobotsOnBlackSite,numberOfRobotsOnWhiteSite
5764,20,14
timeStep,numberOfRobotsOnBlackSite,numberOfRobotsOnWhiteSite
5765,20,14
timeStep,numberOfRobotsOnBlackSite,numberOfRobotsOnWhiteSite
5766,20,14
timeStep,numberOfRobotsOnBlackSite,numberOfRobotsOnWhiteSite
5767,20,14
timeStep,numberOfRobotsOnBlackSite,numberOfRobotsOnWhiteSite
5768,20,14
timeStep,numberOfRobotsOnBlackSite,numberOfRobotsOnWhiteSite
5769,20,14
timeStep,numberOfRobotsOnBlackSite,numberOfRobotsOnWhiteSite
5770,20,14
timeStep,numberOfRobotsOnBlackSite,numberOfRobotsOnWhiteSite
5771,20,14
timeStep,numberOfRobotsOnBlackSite,numberOfRobotsOnWhiteSite
5772,20,14
timeStep,numberOfRobotsOnBlackSite,numberOfRobotsOnWhiteSite
5773,20,14
timeStep,numberOfRobotsOnBlackSite,numberOfRobotsOnWhiteSite
5774,20,14
timeStep,numberOfRobotsOnBlackSite,numberOfRobotsOnWhiteSite
5775,20,14
timeStep,numberOfRobotsOnBlackSite,numberOfRobotsOnWhiteSite
5776,20,14
timeStep,numberOfRobotsOnBlackSite,numberOfRobotsOnWhiteSite
5777,20,14
timeStep,numberOfRobotsOnBlackSite,numberOfRobotsOnWhiteSite
5778,20,14
timeStep,numberOfRobotsOnBlackSite,numberOfRobotsOnWhiteSite
5779,20,14
timeStep,numberOfRobotsOnBlackSite,numberOfRobotsOnWhiteSite
5780,20,15
timeStep,numberOfRobotsOnBlackSite,numberOfRobotsOnWhiteSite
5781,20,15
timeStep,numberOfRobotsOnBlackSite,numberOfRobotsOnWhiteSite
5782,20,15
timeStep,numberOfRobotsOnBlackSite,numberOfRobotsOnWhiteSite
5783,20,15
timeStep,numberOfRobotsOnBlackSite,numberOfRobotsOnWhiteSite
5784,20,15
timeStep,numberOfRobotsOnBlackSite,numberOfRobotsOnWhiteSite
5785,20,15
timeStep,numberOfRobotsOnBlackSite,numberOfRobotsOnWhiteSite
5786,20,15
timeStep,numberOfRobotsOnBlackSite,numberOfRobotsOnWhiteSite
5787,20,15
timeStep,numberOfRobotsOnBlackSite,numberOfRobotsOnWhiteSite
5788,20,15
timeStep,numberOfRobotsOnBlackSite,numberOfRobotsOnWhiteSite
5789,20,15
timeStep,numberOfRobotsOnBlackSite,numberOfRobotsOnWhiteSite
5790,20,15
timeStep,numberOfRobotsOnBlackSite,numberOfRobotsOnWhiteSite
5791,20,15
timeStep,numberOfRobotsOnBlackSite,numberOfRobotsOnWhiteSite
5792,20,15
timeStep,numberOfRobotsOnBlackSite,numberOfRobotsOnWhiteSite
5793,20,15
timeStep,numberOfRobotsOnBlackSite,numberOfRobotsOnWhiteSite
5794,20,15
timeStep,numberOfRobotsOnBlackSite,numberOfRobotsOnWhiteSite
5795,20,15
timeStep,numberOfRobotsOnBlackSite,numberOfRobotsOnWhiteSite
5796,20,15
timeStep,numberOfRobotsOnBlackSite,numberOfRobotsOnWhiteSite
5797,20,15
timeStep,numberOfRobotsOnBlackSite,numberOfRobotsOnWhiteSite
5798,20,15
timeStep,numberOfRobotsOnBlackSite,numberOfRobotsOnWhiteSite
5799,20,15
timeStep,numberOfRobotsOnBlackSite,numberOfRobotsOnWhiteSite
5800,20,15
timeStep,numberOfRobotsOnBlackSite,numberOfRobotsOnWhiteSite
5801,20,15
timeStep,numberOfRobotsOnBlackSite,numberOfRobotsOnWhiteSite
5802,20,15
timeStep,numberOfRobotsOnBlackSite,numberOfRobotsOnWhiteSite
5803,20,15
timeStep,numberOfRobotsOnBlackSite,numberOfRobotsOnWhiteSite
5804,20,15
timeStep,numberOfRobotsOnBlackSite,numberOfRobotsOnWhiteSite
5805,20,15
timeStep,numberOfRobotsOnBlackSite,numberOfRobotsOnWhiteSite
5806,20,15
timeStep,numberOfRobotsOnBlackSite,numberOfRobotsOnWhiteSite
5807,20,15
timeStep,numberOfRobotsOnBlackSite,numberOfRobotsOnWhiteSite
5808,20,15
timeStep,numberOfRobotsOnBlackSite,numberOfRobotsOnWhiteSite
5809,20,15
timeStep,numberOfRobotsOnBlackSite,numberOfRobotsOnWhiteSite
5810,20,15
timeStep,numberOfRobotsOnBlackSite,numberOfRobotsOnWhiteSite
5811,20,15
timeStep,numberOfRobotsOnBlackSite,numberOfRobotsOnWhiteSite
5812,20,15
timeStep,numberOfRobotsOnBlackSite,numberOfRobotsOnWhiteSite
5813,20,15
timeStep,numberOfRobotsOnBlackSite,numberOfRobotsOnWhiteSite
5814,20,15
timeStep,numberOfRobotsOnBlackSite,numberOfRobotsOnWhiteSite
5815,20,15
timeStep,numberOfRobotsOnBlackSite,numberOfRobotsOnWhiteSite
5816,20,15
timeStep,numberOfRobotsOnBlackSite,numberOfRobotsOnWhiteSite
5817,20,15
timeStep,numberOfRobotsOnBlackSite,numberOfRobotsOnWhiteSite
5818,20,15
timeStep,numberOfRobotsOnBlackSite,numberOfRobotsOnWhiteSite
5819,20,15
timeStep,numberOfRobotsOnBlackSite,numberOfRobotsOnWhiteSite
5820,21,15
timeStep,numberOfRobotsOnBlackSite,numberOfRobotsOnWhiteSite
5821,21,15
timeStep,numberOfRobotsOnBlackSite,numberOfRobotsOnWhiteSite
5822,21,15
timeStep,numberOfRobotsOnBlackSite,numberOfRobotsOnWhiteSite
5823,21,15
timeStep,numberOfRobotsOnBlackSite,numberOfRobotsOnWhiteSite
5824,21,15
timeStep,numberOfRobotsOnBlackSite,numberOfRobotsOnWhiteSite
5825,21,15
timeStep,numberOfRobotsOnBlackSite,numberOfRobotsOnWhiteSite
5826,21,15
timeStep,numberOfRobotsOnBlackSite,numberOfRobotsOnWhiteSite
5827,21,15
timeStep,numberOfRobotsOnBlackSite,numberOfRobotsOnWhiteSite
5828,21,15
timeStep,numberOfRobotsOnBlackSite,numberOfRobotsOnWhiteSite
5829,21,15
timeStep,numberOfRobotsOnBlackSite,numberOfRobotsOnWhiteSite
5830,21,15
timeStep,numberOfRobotsOnBlackSite,numberOfRobotsOnWhiteSite
5831,21,15
timeStep,numberOfRobotsOnBlackSite,numberOfRobotsOnWhiteSite
5832,21,15
timeStep,numberOfRobotsOnBlackSite,numberOfRobotsOnWhiteSite
5833,21,15
timeStep,numberOfRobotsOnBlackSite,numberOfRobotsOnWhiteSite
5834,21,15
timeStep,numberOfRobotsOnBlackSite,numberOfRobotsOnWhiteSite
5835,21,15
timeStep,numberOfRobotsOnBlackSite,numberOfRobotsOnWhiteSite
5836,21,15
timeStep,numberOfRobotsOnBlackSite,numberOfRobotsOnWhiteSite
5837,21,15
timeStep,numberOfRobotsOnBlackSite,numberOfRobotsOnWhiteSite
5838,21,15
timeStep,numberOfRobotsOnBlackSite,numberOfRobotsOnWhiteSite
5839,21,15
timeStep,numberOfRobotsOnBlackSite,numberOfRobotsOnWhiteSite
5840,21,15
timeStep,numberOfRobotsOnBlackSite,numberOfRobotsOnWhiteSite
5841,21,15
timeStep,numberOfRobotsOnBlackSite,numberOfRobotsOnWhiteSite
5842,21,15
timeStep,numberOfRobotsOnBlackSite,numberOfRobotsOnWhiteSite
5843,21,15
timeStep,numberOfRobotsOnBlackSite,numberOfRobotsOnWhiteSite
5844,21,15
timeStep,numberOfRobotsOnBlackSite,numberOfRobotsOnWhiteSite
5845,21,15
timeStep,numberOfRobotsOnBlackSite,numberOfRobotsOnWhiteSite
5846,21,15
timeStep,numberOfRobotsOnBlackSite,numberOfRobotsOnWhiteSite
5847,21,15
timeStep,numberOfRobotsOnBlackSite,numberOfRobotsOnWhiteSite
5848,21,15
timeStep,numberOfRobotsOnBlackSite,numberOfRobotsOnWhiteSite
5849,21,15
timeStep,numberOfRobotsOnBlackSite,numberOfRobotsOnWhiteSite
5850,21,15
timeStep,numberOfRobotsOnBlackSite,numberOfRobotsOnWhiteSite
5851,21,15
timeStep,numberOfRobotsOnBlackSite,numberOfRobotsOnWhiteSite
5852,21,15
timeStep,numberOfRobotsOnBlackSite,numberOfRobotsOnWhiteSite
5853,21,15
timeStep,numberOfRobotsOnBlackSite,numberOfRobotsOnWhiteSite
5854,21,15
timeStep,numberOfRobotsOnBlackSite,numberOfRobotsOnWhiteSite
5855,21,15
timeStep,numberOfRobotsOnBlackSite,numberOfRobotsOnWhiteSite
5856,21,15
timeStep,numberOfRobotsOnBlackSite,numberOfRobotsOnWhiteSite
5857,21,15
timeStep,numberOfRobotsOnBlackSite,numberOfRobotsOnWhiteSite
5858,21,15
timeStep,numberOfRobotsOnBlackSite,numberOfRobotsOnWhiteSite
5859,21,15
timeStep,numberOfRobotsOnBlackSite,numberOfRobotsOnWhiteSite
5860,21,15
timeStep,numberOfRobotsOnBlackSite,numberOfRobotsOnWhiteSite
5861,21,15
timeStep,numberOfRobotsOnBlackSite,numberOfRobotsOnWhiteSite
5862,21,15
timeStep,numberOfRobotsOnBlackSite,numberOfRobotsOnWhiteSite
5863,21,15
timeStep,numberOfRobotsOnBlackSite,numberOfRobotsOnWhiteSite
5864,21,15
timeStep,numberOfRobotsOnBlackSite,numberOfRobotsOnWhiteSite
5865,21,15
timeStep,numberOfRobotsOnBlackSite,numberOfRobotsOnWhiteSite
5866,21,15
timeStep,numberOfRobotsOnBlackSite,numberOfRobotsOnWhiteSite
5867,21,15
timeStep,numberOfRobotsOnBlackSite,numberOfRobotsOnWhiteSite
5868,21,15
timeStep,numberOfRobotsOnBlackSite,numberOfRobotsOnWhiteSite
5869,21,15
timeStep,numberOfRobotsOnBlackSite,numberOfRobotsOnWhiteSite
5870,22,15
timeStep,numberOfRobotsOnBlackSite,numberOfRobotsOnWhiteSite
5871,22,15
timeStep,numberOfRobotsOnBlackSite,numberOfRobotsOnWhiteSite
5872,22,15
timeStep,numberOfRobotsOnBlackSite,numberOfRobotsOnWhiteSite
5873,22,15
timeStep,numberOfRobotsOnBlackSite,numberOfRobotsOnWhiteSite
5874,22,15
timeStep,numberOfRobotsOnBlackSite,numberOfRobotsOnWhiteSite
5875,22,15
timeStep,numberOfRobotsOnBlackSite,numberOfRobotsOnWhiteSite
5876,22,15
timeStep,numberOfRobotsOnBlackSite,numberOfRobotsOnWhiteSite
5877,22,15
timeStep,numberOfRobotsOnBlackSite,numberOfRobotsOnWhiteSite
5878,22,15
timeStep,numberOfRobotsOnBlackSite,numberOfRobotsOnWhiteSite
5879,22,15
timeStep,numberOfRobotsOnBlackSite,numberOfRobotsOnWhiteSite
5880,22,15
timeStep,numberOfRobotsOnBlackSite,numberOfRobotsOnWhiteSite
5881,22,15
timeStep,numberOfRobotsOnBlackSite,numberOfRobotsOnWhiteSite
5882,22,15
timeStep,numberOfRobotsOnBlackSite,numberOfRobotsOnWhiteSite
5883,22,15
timeStep,numberOfRobotsOnBlackSite,numberOfRobotsOnWhiteSite
5884,22,15
timeStep,numberOfRobotsOnBlackSite,numberOfRobotsOnWhiteSite
5885,22,15
timeStep,numberOfRobotsOnBlackSite,numberOfRobotsOnWhiteSite
5886,22,15
timeStep,numberOfRobotsOnBlackSite,numberOfRobotsOnWhiteSite
5887,22,15
timeStep,numberOfRobotsOnBlackSite,numberOfRobotsOnWhiteSite
5888,22,15
timeStep,numberOfRobotsOnBlackSite,numberOfRobotsOnWhiteSite
5889,22,15
timeStep,numberOfRobotsOnBlackSite,numberOfRobotsOnWhiteSite
5890,22,15
timeStep,numberOfRobotsOnBlackSite,numberOfRobotsOnWhiteSite
5891,22,15
timeStep,numberOfRobotsOnBlackSite,numberOfRobotsOnWhiteSite
5892,22,15
timeStep,numberOfRobotsOnBlackSite,numberOfRobotsOnWhiteSite
5893,22,15
timeStep,numberOfRobotsOnBlackSite,numberOfRobotsOnWhiteSite
5894,22,15
timeStep,numberOfRobotsOnBlackSite,numberOfRobotsOnWhiteSite
5895,22,15
timeStep,numberOfRobotsOnBlackSite,numberOfRobotsOnWhiteSite
5896,22,15
timeStep,numberOfRobotsOnBlackSite,numberOfRobotsOnWhiteSite
5897,22,15
timeStep,numberOfRobotsOnBlackSite,numberOfRobotsOnWhiteSite
5898,22,15
timeStep,numberOfRobotsOnBlackSite,numberOfRobotsOnWhiteSite
5899,22,15
timeStep,numberOfRobotsOnBlackSite,numberOfRobotsOnWhiteSite
5900,22,15
timeStep,numberOfRobotsOnBlackSite,numberOfRobotsOnWhiteSite
5901,22,15
timeStep,numberOfRobotsOnBlackSite,numberOfRobotsOnWhiteSite
5902,22,15
timeStep,numberOfRobotsOnBlackSite,numberOfRobotsOnWhiteSite
5903,22,15
timeStep,numberOfRobotsOnBlackSite,numberOfRobotsOnWhiteSite
5904,22,15
timeStep,numberOfRobotsOnBlackSite,numberOfRobotsOnWhiteSite
5905,22,15
timeStep,numberOfRobotsOnBlackSite,numberOfRobotsOnWhiteSite
5906,22,15
timeStep,numberOfRobotsOnBlackSite,numberOfRobotsOnWhiteSite
5907,22,15
timeStep,numberOfRobotsOnBlackSite,numberOfRobotsOnWhiteSite
5908,22,15
timeStep,numberOfRobotsOnBlackSite,numberOfRobotsOnWhiteSite
5909,22,15
timeStep,numberOfRobotsOnBlackSite,numberOfRobotsOnWhiteSite
5910,21,15
timeStep,numberOfRobotsOnBlackSite,numberOfRobotsOnWhiteSite
5911,21,15
timeStep,numberOfRobotsOnBlackSite,numberOfRobotsOnWhiteSite
5912,21,15
timeStep,numberOfRobotsOnBlackSite,numberOfRobotsOnWhiteSite
5913,21,15
timeStep,numberOfRobotsOnBlackSite,numberOfRobotsOnWhiteSite
5914,21,15
timeStep,numberOfRobotsOnBlackSite,numberOfRobotsOnWhiteSite
5915,21,15
timeStep,numberOfRobotsOnBlackSite,numberOfRobotsOnWhiteSite
5916,21,15
timeStep,numberOfRobotsOnBlackSite,numberOfRobotsOnWhiteSite
5917,21,15
timeStep,numberOfRobotsOnBlackSite,numberOfRobotsOnWhiteSite
5918,21,15
timeStep,numberOfRobotsOnBlackSite,numberOfRobotsOnWhiteSite
5919,21,15
timeStep,numberOfRobotsOnBlackSite,numberOfRobotsOnWhiteSite
5920,21,14
timeStep,numberOfRobotsOnBlackSite,numberOfRobotsOnWhiteSite
5921,21,14
timeStep,numberOfRobotsOnBlackSite,numberOfRobotsOnWhiteSite
5922,21,14
timeStep,numberOfRobotsOnBlackSite,numberOfRobotsOnWhiteSite
5923,21,14
timeStep,numberOfRobotsOnBlackSite,numberOfRobotsOnWhiteSite
5924,21,14
timeStep,numberOfRobotsOnBlackSite,numberOfRobotsOnWhiteSite
5925,21,14
timeStep,numberOfRobotsOnBlackSite,numberOfRobotsOnWhiteSite
5926,21,14
timeStep,numberOfRobotsOnBlackSite,numberOfRobotsOnWhiteSite
5927,21,14
timeStep,numberOfRobotsOnBlackSite,numberOfRobotsOnWhiteSite
5928,21,14
timeStep,numberOfRobotsOnBlackSite,numberOfRobotsOnWhiteSite
5929,21,14
timeStep,numberOfRobotsOnBlackSite,numberOfRobotsOnWhiteSite
5930,21,14
timeStep,numberOfRobotsOnBlackSite,numberOfRobotsOnWhiteSite
5931,21,14
timeStep,numberOfRobotsOnBlackSite,numberOfRobotsOnWhiteSite
5932,21,14
timeStep,numberOfRobotsOnBlackSite,numberOfRobotsOnWhiteSite
5933,21,14
timeStep,numberOfRobotsOnBlackSite,numberOfRobotsOnWhiteSite
5934,21,14
timeStep,numberOfRobotsOnBlackSite,numberOfRobotsOnWhiteSite
5935,21,14
timeStep,numberOfRobotsOnBlackSite,numberOfRobotsOnWhiteSite
5936,21,14
timeStep,numberOfRobotsOnBlackSite,numberOfRobotsOnWhiteSite
5937,21,14
timeStep,numberOfRobotsOnBlackSite,numberOfRobotsOnWhiteSite
5938,21,14
timeStep,numberOfRobotsOnBlackSite,numberOfRobotsOnWhiteSite
5939,21,14
timeStep,numberOfRobotsOnBlackSite,numberOfRobotsOnWhiteSite
5940,21,14
timeStep,numberOfRobotsOnBlackSite,numberOfRobotsOnWhiteSite
5941,21,14
timeStep,numberOfRobotsOnBlackSite,numberOfRobotsOnWhiteSite
5942,21,14
timeStep,numberOfRobotsOnBlackSite,numberOfRobotsOnWhiteSite
5943,21,14
timeStep,numberOfRobotsOnBlackSite,numberOfRobotsOnWhiteSite
5944,21,14
timeStep,numberOfRobotsOnBlackSite,numberOfRobotsOnWhiteSite
5945,21,14
timeStep,numberOfRobotsOnBlackSite,numberOfRobotsOnWhiteSite
5946,21,14
timeStep,numberOfRobotsOnBlackSite,numberOfRobotsOnWhiteSite
5947,21,14
timeStep,numberOfRobotsOnBlackSite,numberOfRobotsOnWhiteSite
5948,21,14
timeStep,numberOfRobotsOnBlackSite,numberOfRobotsOnWhiteSite
5949,21,14
timeStep,numberOfRobotsOnBlackSite,numberOfRobotsOnWhiteSite
5950,21,14
timeStep,numberOfRobotsOnBlackSite,numberOfRobotsOnWhiteSite
5951,21,14
timeStep,numberOfRobotsOnBlackSite,numberOfRobotsOnWhiteSite
5952,21,14
timeStep,numberOfRobotsOnBlackSite,numberOfRobotsOnWhiteSite
5953,21,14
timeStep,numberOfRobotsOnBlackSite,numberOfRobotsOnWhiteSite
5954,21,14
timeStep,numberOfRobotsOnBlackSite,numberOfRobotsOnWhiteSite
5955,21,14
timeStep,numberOfRobotsOnBlackSite,numberOfRobotsOnWhiteSite
5956,21,14
timeStep,numberOfRobotsOnBlackSite,numberOfRobotsOnWhiteSite
5957,21,14
timeStep,numberOfRobotsOnBlackSite,numberOfRobotsOnWhiteSite
5958,21,14
timeStep,numberOfRobotsOnBlackSite,numberOfRobotsOnWhiteSite
5959,21,14
timeStep,numberOfRobotsOnBlackSite,numberOfRobotsOnWhiteSite
5960,21,14
timeStep,numberOfRobotsOnBlackSite,numberOfRobotsOnWhiteSite
5961,21,14
timeStep,numberOfRobotsOnBlackSite,numberOfRobotsOnWhiteSite
5962,21,14
timeStep,numberOfRobotsOnBlackSite,numberOfRobotsOnWhiteSite
5963,21,14
timeStep,numberOfRobotsOnBlackSite,numberOfRobotsOnWhiteSite
5964,21,14
timeStep,numberOfRobotsOnBlackSite,numberOfRobotsOnWhiteSite
5965,21,14
timeStep,numberOfRobotsOnBlackSite,numberOfRobotsOnWhiteSite
5966,21,14
timeStep,numberOfRobotsOnBlackSite,numberOfRobotsOnWhiteSite
5967,21,14
timeStep,numberOfRobotsOnBlackSite,numberOfRobotsOnWhiteSite
5968,21,14
timeStep,numberOfRobotsOnBlackSite,numberOfRobotsOnWhiteSite
5969,21,14
timeStep,numberOfRobotsOnBlackSite,numberOfRobotsOnWhiteSite
5970,21,14
timeStep,numberOfRobotsOnBlackSite,numberOfRobotsOnWhiteSite
5971,21,14
timeStep,numberOfRobotsOnBlackSite,numberOfRobotsOnWhiteSite
5972,21,14
timeStep,numberOfRobotsOnBlackSite,numberOfRobotsOnWhiteSite
5973,21,14
timeStep,numberOfRobotsOnBlackSite,numberOfRobotsOnWhiteSite
5974,21,14
timeStep,numberOfRobotsOnBlackSite,numberOfRobotsOnWhiteSite
5975,21,14
timeStep,numberOfRobotsOnBlackSite,numberOfRobotsOnWhiteSite
5976,21,14
timeStep,numberOfRobotsOnBlackSite,numberOfRobotsOnWhiteSite
5977,21,14
timeStep,numberOfRobotsOnBlackSite,numberOfRobotsOnWhiteSite
5978,21,14
timeStep,numberOfRobotsOnBlackSite,numberOfRobotsOnWhiteSite
5979,21,14
timeStep,numberOfRobotsOnBlackSite,numberOfRobotsOnWhiteSite
5980,21,14
timeStep,numberOfRobotsOnBlackSite,numberOfRobotsOnWhiteSite
5981,21,14
timeStep,numberOfRobotsOnBlackSite,numberOfRobotsOnWhiteSite
5982,21,14
timeStep,numberOfRobotsOnBlackSite,numberOfRobotsOnWhiteSite
5983,21,14
timeStep,numberOfRobotsOnBlackSite,numberOfRobotsOnWhiteSite
5984,21,14
timeStep,numberOfRobotsOnBlackSite,numberOfRobotsOnWhiteSite
5985,21,13
timeStep,numberOfRobotsOnBlackSite,numberOfRobotsOnWhiteSite
5986,21,13
timeStep,numberOfRobotsOnBlackSite,numberOfRobotsOnWhiteSite
5987,21,13
timeStep,numberOfRobotsOnBlackSite,numberOfRobotsOnWhiteSite
5988,21,13
timeStep,numberOfRobotsOnBlackSite,numberOfRobotsOnWhiteSite
5989,21,13
timeStep,numberOfRobotsOnBlackSite,numberOfRobotsOnWhiteSite
5990,21,13
timeStep,numberOfRobotsOnBlackSite,numberOfRobotsOnWhiteSite
5991,21,13
timeStep,numberOfRobotsOnBlackSite,numberOfRobotsOnWhiteSite
5992,21,13
timeStep,numberOfRobotsOnBlackSite,numberOfRobotsOnWhiteSite
5993,21,13
timeStep,numberOfRobotsOnBlackSite,numberOfRobotsOnWhiteSite
5994,21,13
timeStep,numberOfRobotsOnBlackSite,numberOfRobotsOnWhiteSite
5995,21,13
timeStep,numberOfRobotsOnBlackSite,numberOfRobotsOnWhiteSite
5996,21,13
timeStep,numberOfRobotsOnBlackSite,numberOfRobotsOnWhiteSite
5997,21,13
timeStep,numberOfRobotsOnBlackSite,numberOfRobotsOnWhiteSite
5998,21,13
timeStep,numberOfRobotsOnBlackSite,numberOfRobotsOnWhiteSite
5999,21,13
timeStep,numberOfRobotsOnBlackSite,numberOfRobotsOnWhiteSite
6000,21,13
timeStep,numberOfRobotsOnBlackSite,numberOfRobotsOnWhiteSite
6001,21,13
timeStep,numberOfRobotsOnBlackSite,numberOfRobotsOnWhiteSite
6002,21,13
timeStep,numberOfRobotsOnBlackSite,numberOfRobotsOnWhiteSite
6003,21,13
timeStep,numberOfRobotsOnBlackSite,numberOfRobotsOnWhiteSite
6004,21,13
timeStep,numberOfRobotsOnBlackSite,numberOfRobotsOnWhiteSite
6005,21,13
timeStep,numberOfRobotsOnBlackSite,numberOfRobotsOnWhiteSite
6006,21,13
timeStep,numberOfRobotsOnBlackSite,numberOfRobotsOnWhiteSite
6007,21,13
timeStep,numberOfRobotsOnBlackSite,numberOfRobotsOnWhiteSite
6008,21,13
timeStep,numberOfRobotsOnBlackSite,numberOfRobotsOnWhiteSite
6009,21,13
timeStep,numberOfRobotsOnBlackSite,numberOfRobotsOnWhiteSite
6010,21,13
timeStep,numberOfRobotsOnBlackSite,numberOfRobotsOnWhiteSite
6011,21,13
timeStep,numberOfRobotsOnBlackSite,numberOfRobotsOnWhiteSite
6012,21,13
timeStep,numberOfRobotsOnBlackSite,numberOfRobotsOnWhiteSite
6013,21,13
timeStep,numberOfRobotsOnBlackSite,numberOfRobotsOnWhiteSite
6014,21,13
timeStep,numberOfRobotsOnBlackSite,numberOfRobotsOnWhiteSite
6015,21,13
timeStep,numberOfRobotsOnBlackSite,numberOfRobotsOnWhiteSite
6016,21,13
timeStep,numberOfRobotsOnBlackSite,numberOfRobotsOnWhiteSite
6017,21,13
timeStep,numberOfRobotsOnBlackSite,numberOfRobotsOnWhiteSite
6018,21,13
timeStep,numberOfRobotsOnBlackSite,numberOfRobotsOnWhiteSite
6019,21,13
timeStep,numberOfRobotsOnBlackSite,numberOfRobotsOnWhiteSite
6020,22,13
timeStep,numberOfRobotsOnBlackSite,numberOfRobotsOnWhiteSite
6021,22,13
timeStep,numberOfRobotsOnBlackSite,numberOfRobotsOnWhiteSite
6022,22,13
timeStep,numberOfRobotsOnBlackSite,numberOfRobotsOnWhiteSite
6023,22,13
timeStep,numberOfRobotsOnBlackSite,numberOfRobotsOnWhiteSite
6024,22,13
timeStep,numberOfRobotsOnBlackSite,numberOfRobotsOnWhiteSite
6025,22,13
timeStep,numberOfRobotsOnBlackSite,numberOfRobotsOnWhiteSite
6026,22,13
timeStep,numberOfRobotsOnBlackSite,numberOfRobotsOnWhiteSite
6027,22,13
timeStep,numberOfRobotsOnBlackSite,numberOfRobotsOnWhiteSite
6028,22,13
timeStep,numberOfRobotsOnBlackSite,numberOfRobotsOnWhiteSite
6029,22,13
timeStep,numberOfRobotsOnBlackSite,numberOfRobotsOnWhiteSite
6030,22,13
timeStep,numberOfRobotsOnBlackSite,numberOfRobotsOnWhiteSite
6031,22,13
timeStep,numberOfRobotsOnBlackSite,numberOfRobotsOnWhiteSite
6032,22,13
timeStep,numberOfRobotsOnBlackSite,numberOfRobotsOnWhiteSite
6033,22,13
timeStep,numberOfRobotsOnBlackSite,numberOfRobotsOnWhiteSite
6034,22,13
timeStep,numberOfRobotsOnBlackSite,numberOfRobotsOnWhiteSite
6035,22,13
timeStep,numberOfRobotsOnBlackSite,numberOfRobotsOnWhiteSite
6036,22,13
timeStep,numberOfRobotsOnBlackSite,numberOfRobotsOnWhiteSite
6037,22,13
timeStep,numberOfRobotsOnBlackSite,numberOfRobotsOnWhiteSite
6038,22,13
timeStep,numberOfRobotsOnBlackSite,numberOfRobotsOnWhiteSite
6039,22,13
timeStep,numberOfRobotsOnBlackSite,numberOfRobotsOnWhiteSite
6040,22,13
timeStep,numberOfRobotsOnBlackSite,numberOfRobotsOnWhiteSite
6041,22,13
timeStep,numberOfRobotsOnBlackSite,numberOfRobotsOnWhiteSite
6042,22,13
timeStep,numberOfRobotsOnBlackSite,numberOfRobotsOnWhiteSite
6043,22,13
timeStep,numberOfRobotsOnBlackSite,numberOfRobotsOnWhiteSite
6044,22,13
timeStep,numberOfRobotsOnBlackSite,numberOfRobotsOnWhiteSite
6045,22,13
timeStep,numberOfRobotsOnBlackSite,numberOfRobotsOnWhiteSite
6046,22,13
timeStep,numberOfRobotsOnBlackSite,numberOfRobotsOnWhiteSite
6047,22,13
timeStep,numberOfRobotsOnBlackSite,numberOfRobotsOnWhiteSite
6048,22,13
timeStep,numberOfRobotsOnBlackSite,numberOfRobotsOnWhiteSite
6049,22,13
timeStep,numberOfRobotsOnBlackSite,numberOfRobotsOnWhiteSite
6050,22,13
timeStep,numberOfRobotsOnBlackSite,numberOfRobotsOnWhiteSite
6051,22,13
timeStep,numberOfRobotsOnBlackSite,numberOfRobotsOnWhiteSite
6052,22,13
timeStep,numberOfRobotsOnBlackSite,numberOfRobotsOnWhiteSite
6053,22,13
timeStep,numberOfRobotsOnBlackSite,numberOfRobotsOnWhiteSite
6054,22,13
timeStep,numberOfRobotsOnBlackSite,numberOfRobotsOnWhiteSite
6055,22,13
timeStep,numberOfRobotsOnBlackSite,numberOfRobotsOnWhiteSite
6056,22,13
timeStep,numberOfRobotsOnBlackSite,numberOfRobotsOnWhiteSite
6057,22,13
timeStep,numberOfRobotsOnBlackSite,numberOfRobotsOnWhiteSite
6058,22,13
timeStep,numberOfRobotsOnBlackSite,numberOfRobotsOnWhiteSite
6059,22,13
timeStep,numberOfRobotsOnBlackSite,numberOfRobotsOnWhiteSite
6060,22,13
timeStep,numberOfRobotsOnBlackSite,numberOfRobotsOnWhiteSite
6061,22,13
timeStep,numberOfRobotsOnBlackSite,numberOfRobotsOnWhiteSite
6062,22,13
timeStep,numberOfRobotsOnBlackSite,numberOfRobotsOnWhiteSite
6063,22,13
timeStep,numberOfRobotsOnBlackSite,numberOfRobotsOnWhiteSite
6064,22,13
timeStep,numberOfRobotsOnBlackSite,numberOfRobotsOnWhiteSite
6065,22,13
timeStep,numberOfRobotsOnBlackSite,numberOfRobotsOnWhiteSite
6066,22,13
timeStep,numberOfRobotsOnBlackSite,numberOfRobotsOnWhiteSite
6067,22,13
timeStep,numberOfRobotsOnBlackSite,numberOfRobotsOnWhiteSite
6068,22,13
timeStep,numberOfRobotsOnBlackSite,numberOfRobotsOnWhiteSite
6069,22,13
timeStep,numberOfRobotsOnBlackSite,numberOfRobotsOnWhiteSite
6070,22,13
timeStep,numberOfRobotsOnBlackSite,numberOfRobotsOnWhiteSite
6071,22,13
timeStep,numberOfRobotsOnBlackSite,numberOfRobotsOnWhiteSite
6072,22,13
timeStep,numberOfRobotsOnBlackSite,numberOfRobotsOnWhiteSite
6073,22,13
timeStep,numberOfRobotsOnBlackSite,numberOfRobotsOnWhiteSite
6074,22,13
timeStep,numberOfRobotsOnBlackSite,numberOfRobotsOnWhiteSite
6075,22,13
timeStep,numberOfRobotsOnBlackSite,numberOfRobotsOnWhiteSite
6076,22,13
timeStep,numberOfRobotsOnBlackSite,numberOfRobotsOnWhiteSite
6077,22,13
timeStep,numberOfRobotsOnBlackSite,numberOfRobotsOnWhiteSite
6078,22,13
timeStep,numberOfRobotsOnBlackSite,numberOfRobotsOnWhiteSite
6079,22,13
timeStep,numberOfRobotsOnBlackSite,numberOfRobotsOnWhiteSite
6080,22,13
timeStep,numberOfRobotsOnBlackSite,numberOfRobotsOnWhiteSite
6081,22,13
timeStep,numberOfRobotsOnBlackSite,numberOfRobotsOnWhiteSite
6082,22,13
timeStep,numberOfRobotsOnBlackSite,numberOfRobotsOnWhiteSite
6083,22,13
timeStep,numberOfRobotsOnBlackSite,numberOfRobotsOnWhiteSite
6084,22,13
timeStep,numberOfRobotsOnBlackSite,numberOfRobotsOnWhiteSite
6085,22,13
timeStep,numberOfRobotsOnBlackSite,numberOfRobotsOnWhiteSite
6086,22,13
timeStep,numberOfRobotsOnBlackSite,numberOfRobotsOnWhiteSite
6087,22,13
timeStep,numberOfRobotsOnBlackSite,numberOfRobotsOnWhiteSite
6088,22,13
timeStep,numberOfRobotsOnBlackSite,numberOfRobotsOnWhiteSite
6089,22,13
timeStep,numberOfRobotsOnBlackSite,numberOfRobotsOnWhiteSite
6090,22,13
timeStep,numberOfRobotsOnBlackSite,numberOfRobotsOnWhiteSite
6091,22,13
timeStep,numberOfRobotsOnBlackSite,numberOfRobotsOnWhiteSite
6092,22,13
timeStep,numberOfRobotsOnBlackSite,numberOfRobotsOnWhiteSite
6093,22,13
timeStep,numberOfRobotsOnBlackSite,numberOfRobotsOnWhiteSite
6094,22,13
timeStep,numberOfRobotsOnBlackSite,numberOfRobotsOnWhiteSite
6095,22,14
timeStep,numberOfRobotsOnBlackSite,numberOfRobotsOnWhiteSite
6096,22,14
timeStep,numberOfRobotsOnBlackSite,numberOfRobotsOnWhiteSite
6097,22,14
timeStep,numberOfRobotsOnBlackSite,numberOfRobotsOnWhiteSite
6098,22,14
timeStep,numberOfRobotsOnBlackSite,numberOfRobotsOnWhiteSite
6099,22,14
timeStep,numberOfRobotsOnBlackSite,numberOfRobotsOnWhiteSite
6100,22,14
timeStep,numberOfRobotsOnBlackSite,numberOfRobotsOnWhiteSite
6101,22,14
timeStep,numberOfRobotsOnBlackSite,numberOfRobotsOnWhiteSite
6102,22,14
timeStep,numberOfRobotsOnBlackSite,numberOfRobotsOnWhiteSite
6103,22,14
timeStep,numberOfRobotsOnBlackSite,numberOfRobotsOnWhiteSite
6104,22,14
timeStep,numberOfRobotsOnBlackSite,numberOfRobotsOnWhiteSite
6105,22,14
timeStep,numberOfRobotsOnBlackSite,numberOfRobotsOnWhiteSite
6106,22,14
timeStep,numberOfRobotsOnBlackSite,numberOfRobotsOnWhiteSite
6107,22,14
timeStep,numberOfRobotsOnBlackSite,numberOfRobotsOnWhiteSite
6108,22,14
timeStep,numberOfRobotsOnBlackSite,numberOfRobotsOnWhiteSite
6109,22,14
timeStep,numberOfRobotsOnBlackSite,numberOfRobotsOnWhiteSite
6110,22,14
timeStep,numberOfRobotsOnBlackSite,numberOfRobotsOnWhiteSite
6111,22,14
timeStep,numberOfRobotsOnBlackSite,numberOfRobotsOnWhiteSite
6112,22,14
timeStep,numberOfRobotsOnBlackSite,numberOfRobotsOnWhiteSite
6113,22,14
timeStep,numberOfRobotsOnBlackSite,numberOfRobotsOnWhiteSite
6114,22,14
timeStep,numberOfRobotsOnBlackSite,numberOfRobotsOnWhiteSite
6115,22,14
timeStep,numberOfRobotsOnBlackSite,numberOfRobotsOnWhiteSite
6116,22,14
timeStep,numberOfRobotsOnBlackSite,numberOfRobotsOnWhiteSite
6117,22,14
timeStep,numberOfRobotsOnBlackSite,numberOfRobotsOnWhiteSite
6118,22,14
timeStep,numberOfRobotsOnBlackSite,numberOfRobotsOnWhiteSite
6119,22,14
timeStep,numberOfRobotsOnBlackSite,numberOfRobotsOnWhiteSite
6120,22,14
timeStep,numberOfRobotsOnBlackSite,numberOfRobotsOnWhiteSite
6121,22,14
timeStep,numberOfRobotsOnBlackSite,numberOfRobotsOnWhiteSite
6122,22,14
timeStep,numberOfRobotsOnBlackSite,numberOfRobotsOnWhiteSite
6123,22,14
timeStep,numberOfRobotsOnBlackSite,numberOfRobotsOnWhiteSite
6124,22,14
timeStep,numberOfRobotsOnBlackSite,numberOfRobotsOnWhiteSite
6125,22,14
timeStep,numberOfRobotsOnBlackSite,numberOfRobotsOnWhiteSite
6126,22,14
timeStep,numberOfRobotsOnBlackSite,numberOfRobotsOnWhiteSite
6127,22,14
timeStep,numberOfRobotsOnBlackSite,numberOfRobotsOnWhiteSite
6128,22,14
timeStep,numberOfRobotsOnBlackSite,numberOfRobotsOnWhiteSite
6129,22,14
timeStep,numberOfRobotsOnBlackSite,numberOfRobotsOnWhiteSite
6130,22,14
timeStep,numberOfRobotsOnBlackSite,numberOfRobotsOnWhiteSite
6131,22,14
timeStep,numberOfRobotsOnBlackSite,numberOfRobotsOnWhiteSite
6132,22,14
timeStep,numberOfRobotsOnBlackSite,numberOfRobotsOnWhiteSite
6133,22,14
timeStep,numberOfRobotsOnBlackSite,numberOfRobotsOnWhiteSite
6134,22,14
timeStep,numberOfRobotsOnBlackSite,numberOfRobotsOnWhiteSite
6135,22,15
timeStep,numberOfRobotsOnBlackSite,numberOfRobotsOnWhiteSite
6136,22,15
timeStep,numberOfRobotsOnBlackSite,numberOfRobotsOnWhiteSite
6137,22,15
timeStep,numberOfRobotsOnBlackSite,numberOfRobotsOnWhiteSite
6138,22,15
timeStep,numberOfRobotsOnBlackSite,numberOfRobotsOnWhiteSite
6139,22,15
timeStep,numberOfRobotsOnBlackSite,numberOfRobotsOnWhiteSite
6140,22,15
timeStep,numberOfRobotsOnBlackSite,numberOfRobotsOnWhiteSite
6141,22,15
timeStep,numberOfRobotsOnBlackSite,numberOfRobotsOnWhiteSite
6142,22,15
timeStep,numberOfRobotsOnBlackSite,numberOfRobotsOnWhiteSite
6143,22,15
timeStep,numberOfRobotsOnBlackSite,numberOfRobotsOnWhiteSite
6144,22,15
timeStep,numberOfRobotsOnBlackSite,numberOfRobotsOnWhiteSite
6145,22,15
timeStep,numberOfRobotsOnBlackSite,numberOfRobotsOnWhiteSite
6146,22,15
timeStep,numberOfRobotsOnBlackSite,numberOfRobotsOnWhiteSite
6147,22,15
timeStep,numberOfRobotsOnBlackSite,numberOfRobotsOnWhiteSite
6148,22,15
timeStep,numberOfRobotsOnBlackSite,numberOfRobotsOnWhiteSite
6149,22,15
timeStep,numberOfRobotsOnBlackSite,numberOfRobotsOnWhiteSite
6150,22,15
timeStep,numberOfRobotsOnBlackSite,numberOfRobotsOnWhiteSite
6151,22,15
timeStep,numberOfRobotsOnBlackSite,numberOfRobotsOnWhiteSite
6152,22,15
timeStep,numberOfRobotsOnBlackSite,numberOfRobotsOnWhiteSite
6153,22,15
timeStep,numberOfRobotsOnBlackSite,numberOfRobotsOnWhiteSite
6154,22,15
timeStep,numberOfRobotsOnBlackSite,numberOfRobotsOnWhiteSite
6155,22,15
timeStep,numberOfRobotsOnBlackSite,numberOfRobotsOnWhiteSite
6156,22,15
timeStep,numberOfRobotsOnBlackSite,numberOfRobotsOnWhiteSite
6157,22,15
timeStep,numberOfRobotsOnBlackSite,numberOfRobotsOnWhiteSite
6158,22,15
timeStep,numberOfRobotsOnBlackSite,numberOfRobotsOnWhiteSite
6159,22,15
timeStep,numberOfRobotsOnBlackSite,numberOfRobotsOnWhiteSite
6160,22,15
timeStep,numberOfRobotsOnBlackSite,numberOfRobotsOnWhiteSite
6161,22,15
timeStep,numberOfRobotsOnBlackSite,numberOfRobotsOnWhiteSite
6162,22,15
timeStep,numberOfRobotsOnBlackSite,numberOfRobotsOnWhiteSite
6163,22,15
timeStep,numberOfRobotsOnBlackSite,numberOfRobotsOnWhiteSite
6164,22,15
timeStep,numberOfRobotsOnBlackSite,numberOfRobotsOnWhiteSite
6165,22,15
timeStep,numberOfRobotsOnBlackSite,numberOfRobotsOnWhiteSite
6166,22,15
timeStep,numberOfRobotsOnBlackSite,numberOfRobotsOnWhiteSite
6167,22,15
timeStep,numberOfRobotsOnBlackSite,numberOfRobotsOnWhiteSite
6168,22,15
timeStep,numberOfRobotsOnBlackSite,numberOfRobotsOnWhiteSite
6169,22,15
timeStep,numberOfRobotsOnBlackSite,numberOfRobotsOnWhiteSite
6170,22,15
timeStep,numberOfRobotsOnBlackSite,numberOfRobotsOnWhiteSite
6171,22,15
timeStep,numberOfRobotsOnBlackSite,numberOfRobotsOnWhiteSite
6172,22,15
timeStep,numberOfRobotsOnBlackSite,numberOfRobotsOnWhiteSite
6173,22,15
timeStep,numberOfRobotsOnBlackSite,numberOfRobotsOnWhiteSite
6174,22,15
timeStep,numberOfRobotsOnBlackSite,numberOfRobotsOnWhiteSite
6175,22,15
timeStep,numberOfRobotsOnBlackSite,numberOfRobotsOnWhiteSite
6176,22,15
timeStep,numberOfRobotsOnBlackSite,numberOfRobotsOnWhiteSite
6177,22,15
timeStep,numberOfRobotsOnBlackSite,numberOfRobotsOnWhiteSite
6178,22,15
timeStep,numberOfRobotsOnBlackSite,numberOfRobotsOnWhiteSite
6179,22,15
timeStep,numberOfRobotsOnBlackSite,numberOfRobotsOnWhiteSite
6180,22,15
timeStep,numberOfRobotsOnBlackSite,numberOfRobotsOnWhiteSite
6181,22,15
timeStep,numberOfRobotsOnBlackSite,numberOfRobotsOnWhiteSite
6182,22,15
timeStep,numberOfRobotsOnBlackSite,numberOfRobotsOnWhiteSite
6183,22,15
timeStep,numberOfRobotsOnBlackSite,numberOfRobotsOnWhiteSite
6184,22,15
timeStep,numberOfRobotsOnBlackSite,numberOfRobotsOnWhiteSite
6185,22,15
timeStep,numberOfRobotsOnBlackSite,numberOfRobotsOnWhiteSite
6186,22,15
timeStep,numberOfRobotsOnBlackSite,numberOfRobotsOnWhiteSite
6187,22,15
timeStep,numberOfRobotsOnBlackSite,numberOfRobotsOnWhiteSite
6188,22,15
timeStep,numberOfRobotsOnBlackSite,numberOfRobotsOnWhiteSite
6189,22,15
timeStep,numberOfRobotsOnBlackSite,numberOfRobotsOnWhiteSite
6190,23,15
timeStep,numberOfRobotsOnBlackSite,numberOfRobotsOnWhiteSite
6191,23,15
timeStep,numberOfRobotsOnBlackSite,numberOfRobotsOnWhiteSite
6192,23,15
timeStep,numberOfRobotsOnBlackSite,numberOfRobotsOnWhiteSite
6193,23,15
timeStep,numberOfRobotsOnBlackSite,numberOfRobotsOnWhiteSite
6194,23,15
timeStep,numberOfRobotsOnBlackSite,numberOfRobotsOnWhiteSite
6195,23,15
timeStep,numberOfRobotsOnBlackSite,numberOfRobotsOnWhiteSite
6196,23,15
timeStep,numberOfRobotsOnBlackSite,numberOfRobotsOnWhiteSite
6197,23,15
timeStep,numberOfRobotsOnBlackSite,numberOfRobotsOnWhiteSite
6198,23,15
timeStep,numberOfRobotsOnBlackSite,numberOfRobotsOnWhiteSite
6199,23,15
timeStep,numberOfRobotsOnBlackSite,numberOfRobotsOnWhiteSite
6200,23,15
timeStep,numberOfRobotsOnBlackSite,numberOfRobotsOnWhiteSite
6201,23,15
timeStep,numberOfRobotsOnBlackSite,numberOfRobotsOnWhiteSite
6202,23,15
timeStep,numberOfRobotsOnBlackSite,numberOfRobotsOnWhiteSite
6203,23,15
timeStep,numberOfRobotsOnBlackSite,numberOfRobotsOnWhiteSite
6204,23,15
timeStep,numberOfRobotsOnBlackSite,numberOfRobotsOnWhiteSite
6205,23,15
timeStep,numberOfRobotsOnBlackSite,numberOfRobotsOnWhiteSite
6206,23,15
timeStep,numberOfRobotsOnBlackSite,numberOfRobotsOnWhiteSite
6207,23,15
timeStep,numberOfRobotsOnBlackSite,numberOfRobotsOnWhiteSite
6208,23,15
timeStep,numberOfRobotsOnBlackSite,numberOfRobotsOnWhiteSite
6209,23,15
timeStep,numberOfRobotsOnBlackSite,numberOfRobotsOnWhiteSite
6210,22,15
timeStep,numberOfRobotsOnBlackSite,numberOfRobotsOnWhiteSite
6211,22,15
timeStep,numberOfRobotsOnBlackSite,numberOfRobotsOnWhiteSite
6212,22,15
timeStep,numberOfRobotsOnBlackSite,numberOfRobotsOnWhiteSite
6213,22,15
timeStep,numberOfRobotsOnBlackSite,numberOfRobotsOnWhiteSite
6214,22,15
timeStep,numberOfRobotsOnBlackSite,numberOfRobotsOnWhiteSite
6215,22,15
timeStep,numberOfRobotsOnBlackSite,numberOfRobotsOnWhiteSite
6216,22,15
timeStep,numberOfRobotsOnBlackSite,numberOfRobotsOnWhiteSite
6217,22,15
timeStep,numberOfRobotsOnBlackSite,numberOfRobotsOnWhiteSite
6218,22,15
timeStep,numberOfRobotsOnBlackSite,numberOfRobotsOnWhiteSite
6219,22,15
timeStep,numberOfRobotsOnBlackSite,numberOfRobotsOnWhiteSite
6220,22,15
timeStep,numberOfRobotsOnBlackSite,numberOfRobotsOnWhiteSite
6221,22,15
timeStep,numberOfRobotsOnBlackSite,numberOfRobotsOnWhiteSite
6222,22,15
timeStep,numberOfRobotsOnBlackSite,numberOfRobotsOnWhiteSite
6223,22,15
timeStep,numberOfRobotsOnBlackSite,numberOfRobotsOnWhiteSite
6224,22,15
timeStep,numberOfRobotsOnBlackSite,numberOfRobotsOnWhiteSite
6225,22,15
timeStep,numberOfRobotsOnBlackSite,numberOfRobotsOnWhiteSite
6226,22,15
timeStep,numberOfRobotsOnBlackSite,numberOfRobotsOnWhiteSite
6227,22,15
timeStep,numberOfRobotsOnBlackSite,numberOfRobotsOnWhiteSite
6228,22,15
timeStep,numberOfRobotsOnBlackSite,numberOfRobotsOnWhiteSite
6229,22,15
timeStep,numberOfRobotsOnBlackSite,numberOfRobotsOnWhiteSite
6230,22,15
timeStep,numberOfRobotsOnBlackSite,numberOfRobotsOnWhiteSite
6231,22,15
timeStep,numberOfRobotsOnBlackSite,numberOfRobotsOnWhiteSite
6232,22,15
timeStep,numberOfRobotsOnBlackSite,numberOfRobotsOnWhiteSite
6233,22,15
timeStep,numberOfRobotsOnBlackSite,numberOfRobotsOnWhiteSite
6234,22,15
timeStep,numberOfRobotsOnBlackSite,numberOfRobotsOnWhiteSite
6235,22,15
timeStep,numberOfRobotsOnBlackSite,numberOfRobotsOnWhiteSite
6236,22,15
timeStep,numberOfRobotsOnBlackSite,numberOfRobotsOnWhiteSite
6237,22,15
timeStep,numberOfRobotsOnBlackSite,numberOfRobotsOnWhiteSite
6238,22,15
timeStep,numberOfRobotsOnBlackSite,numberOfRobotsOnWhiteSite
6239,22,15
timeStep,numberOfRobotsOnBlackSite,numberOfRobotsOnWhiteSite
6240,22,15
timeStep,numberOfRobotsOnBlackSite,numberOfRobotsOnWhiteSite
6241,22,15
timeStep,numberOfRobotsOnBlackSite,numberOfRobotsOnWhiteSite
6242,22,15
timeStep,numberOfRobotsOnBlackSite,numberOfRobotsOnWhiteSite
6243,22,15
timeStep,numberOfRobotsOnBlackSite,numberOfRobotsOnWhiteSite
6244,22,15
timeStep,numberOfRobotsOnBlackSite,numberOfRobotsOnWhiteSite
6245,22,15
timeStep,numberOfRobotsOnBlackSite,numberOfRobotsOnWhiteSite
6246,22,15
timeStep,numberOfRobotsOnBlackSite,numberOfRobotsOnWhiteSite
6247,22,15
timeStep,numberOfRobotsOnBlackSite,numberOfRobotsOnWhiteSite
6248,22,15
timeStep,numberOfRobotsOnBlackSite,numberOfRobotsOnWhiteSite
6249,22,15
timeStep,numberOfRobotsOnBlackSite,numberOfRobotsOnWhiteSite
6250,23,15
timeStep,numberOfRobotsOnBlackSite,numberOfRobotsOnWhiteSite
6251,23,15
timeStep,numberOfRobotsOnBlackSite,numberOfRobotsOnWhiteSite
6252,23,15
timeStep,numberOfRobotsOnBlackSite,numberOfRobotsOnWhiteSite
6253,23,15
timeStep,numberOfRobotsOnBlackSite,numberOfRobotsOnWhiteSite
6254,23,15
timeStep,numberOfRobotsOnBlackSite,numberOfRobotsOnWhiteSite
6255,23,15
timeStep,numberOfRobotsOnBlackSite,numberOfRobotsOnWhiteSite
6256,23,15
timeStep,numberOfRobotsOnBlackSite,numberOfRobotsOnWhiteSite
6257,23,15
timeStep,numberOfRobotsOnBlackSite,numberOfRobotsOnWhiteSite
6258,23,15
timeStep,numberOfRobotsOnBlackSite,numberOfRobotsOnWhiteSite
6259,23,15
timeStep,numberOfRobotsOnBlackSite,numberOfRobotsOnWhiteSite
6260,23,15
timeStep,numberOfRobotsOnBlackSite,numberOfRobotsOnWhiteSite
6261,23,15
timeStep,numberOfRobotsOnBlackSite,numberOfRobotsOnWhiteSite
6262,23,15
timeStep,numberOfRobotsOnBlackSite,numberOfRobotsOnWhiteSite
6263,23,15
timeStep,numberOfRobotsOnBlackSite,numberOfRobotsOnWhiteSite
6264,23,15
timeStep,numberOfRobotsOnBlackSite,numberOfRobotsOnWhiteSite
6265,23,16
timeStep,numberOfRobotsOnBlackSite,numberOfRobotsOnWhiteSite
6266,23,16
timeStep,numberOfRobotsOnBlackSite,numberOfRobotsOnWhiteSite
6267,23,16
timeStep,numberOfRobotsOnBlackSite,numberOfRobotsOnWhiteSite
6268,23,16
timeStep,numberOfRobotsOnBlackSite,numberOfRobotsOnWhiteSite
6269,23,16
timeStep,numberOfRobotsOnBlackSite,numberOfRobotsOnWhiteSite
6270,23,16
timeStep,numberOfRobotsOnBlackSite,numberOfRobotsOnWhiteSite
6271,23,16
timeStep,numberOfRobotsOnBlackSite,numberOfRobotsOnWhiteSite
6272,23,16
timeStep,numberOfRobotsOnBlackSite,numberOfRobotsOnWhiteSite
6273,23,16
timeStep,numberOfRobotsOnBlackSite,numberOfRobotsOnWhiteSite
6274,23,16
timeStep,numberOfRobotsOnBlackSite,numberOfRobotsOnWhiteSite
6275,23,16
timeStep,numberOfRobotsOnBlackSite,numberOfRobotsOnWhiteSite
6276,23,16
timeStep,numberOfRobotsOnBlackSite,numberOfRobotsOnWhiteSite
6277,23,16
timeStep,numberOfRobotsOnBlackSite,numberOfRobotsOnWhiteSite
6278,23,16
timeStep,numberOfRobotsOnBlackSite,numberOfRobotsOnWhiteSite
6279,23,16
timeStep,numberOfRobotsOnBlackSite,numberOfRobotsOnWhiteSite
6280,23,17
timeStep,numberOfRobotsOnBlackSite,numberOfRobotsOnWhiteSite
6281,23,17
timeStep,numberOfRobotsOnBlackSite,numberOfRobotsOnWhiteSite
6282,23,17
timeStep,numberOfRobotsOnBlackSite,numberOfRobotsOnWhiteSite
6283,23,17
timeStep,numberOfRobotsOnBlackSite,numberOfRobotsOnWhiteSite
6284,23,17
timeStep,numberOfRobotsOnBlackSite,numberOfRobotsOnWhiteSite
6285,23,17
timeStep,numberOfRobotsOnBlackSite,numberOfRobotsOnWhiteSite
6286,23,17
timeStep,numberOfRobotsOnBlackSite,numberOfRobotsOnWhiteSite
6287,23,17
timeStep,numberOfRobotsOnBlackSite,numberOfRobotsOnWhiteSite
6288,23,17
timeStep,numberOfRobotsOnBlackSite,numberOfRobotsOnWhiteSite
6289,23,17
timeStep,numberOfRobotsOnBlackSite,numberOfRobotsOnWhiteSite
6290,23,17
timeStep,numberOfRobotsOnBlackSite,numberOfRobotsOnWhiteSite
6291,23,17
timeStep,numberOfRobotsOnBlackSite,numberOfRobotsOnWhiteSite
6292,23,17
timeStep,numberOfRobotsOnBlackSite,numberOfRobotsOnWhiteSite
6293,23,17
timeStep,numberOfRobotsOnBlackSite,numberOfRobotsOnWhiteSite
6294,23,17
timeStep,numberOfRobotsOnBlackSite,numberOfRobotsOnWhiteSite
6295,23,17
timeStep,numberOfRobotsOnBlackSite,numberOfRobotsOnWhiteSite
6296,23,17
timeStep,numberOfRobotsOnBlackSite,numberOfRobotsOnWhiteSite
6297,23,17
timeStep,numberOfRobotsOnBlackSite,numberOfRobotsOnWhiteSite
6298,23,17
timeStep,numberOfRobotsOnBlackSite,numberOfRobotsOnWhiteSite
6299,23,17
timeStep,numberOfRobotsOnBlackSite,numberOfRobotsOnWhiteSite
6300,23,17
timeStep,numberOfRobotsOnBlackSite,numberOfRobotsOnWhiteSite
6301,23,17
timeStep,numberOfRobotsOnBlackSite,numberOfRobotsOnWhiteSite
6302,23,17
timeStep,numberOfRobotsOnBlackSite,numberOfRobotsOnWhiteSite
6303,23,17
timeStep,numberOfRobotsOnBlackSite,numberOfRobotsOnWhiteSite
6304,23,17
timeStep,numberOfRobotsOnBlackSite,numberOfRobotsOnWhiteSite
6305,23,17
timeStep,numberOfRobotsOnBlackSite,numberOfRobotsOnWhiteSite
6306,23,17
timeStep,numberOfRobotsOnBlackSite,numberOfRobotsOnWhiteSite
6307,23,17
timeStep,numberOfRobotsOnBlackSite,numberOfRobotsOnWhiteSite
6308,23,17
timeStep,numberOfRobotsOnBlackSite,numberOfRobotsOnWhiteSite
6309,23,17
timeStep,numberOfRobotsOnBlackSite,numberOfRobotsOnWhiteSite
6310,23,17
timeStep,numberOfRobotsOnBlackSite,numberOfRobotsOnWhiteSite
6311,23,17
timeStep,numberOfRobotsOnBlackSite,numberOfRobotsOnWhiteSite
6312,23,17
timeStep,numberOfRobotsOnBlackSite,numberOfRobotsOnWhiteSite
6313,23,17
timeStep,numberOfRobotsOnBlackSite,numberOfRobotsOnWhiteSite
6314,23,17
timeStep,numberOfRobotsOnBlackSite,numberOfRobotsOnWhiteSite
6315,23,17
timeStep,numberOfRobotsOnBlackSite,numberOfRobotsOnWhiteSite
6316,23,17
timeStep,numberOfRobotsOnBlackSite,numberOfRobotsOnWhiteSite
6317,23,17
timeStep,numberOfRobotsOnBlackSite,numberOfRobotsOnWhiteSite
6318,23,17
timeStep,numberOfRobotsOnBlackSite,numberOfRobotsOnWhiteSite
6319,23,17
timeStep,numberOfRobotsOnBlackSite,numberOfRobotsOnWhiteSite
6320,23,17
timeStep,numberOfRobotsOnBlackSite,numberOfRobotsOnWhiteSite
6321,23,17
timeStep,numberOfRobotsOnBlackSite,numberOfRobotsOnWhiteSite
6322,23,17
timeStep,numberOfRobotsOnBlackSite,numberOfRobotsOnWhiteSite
6323,23,17
timeStep,numberOfRobotsOnBlackSite,numberOfRobotsOnWhiteSite
6324,23,17
timeStep,numberOfRobotsOnBlackSite,numberOfRobotsOnWhiteSite
6325,23,17
timeStep,numberOfRobotsOnBlackSite,numberOfRobotsOnWhiteSite
6326,23,17
timeStep,numberOfRobotsOnBlackSite,numberOfRobotsOnWhiteSite
6327,23,17
timeStep,numberOfRobotsOnBlackSite,numberOfRobotsOnWhiteSite
6328,23,17
timeStep,numberOfRobotsOnBlackSite,numberOfRobotsOnWhiteSite
6329,23,17
timeStep,numberOfRobotsOnBlackSite,numberOfRobotsOnWhiteSite
6330,23,17
timeStep,numberOfRobotsOnBlackSite,numberOfRobotsOnWhiteSite
6331,23,17
timeStep,numberOfRobotsOnBlackSite,numberOfRobotsOnWhiteSite
6332,23,17
timeStep,numberOfRobotsOnBlackSite,numberOfRobotsOnWhiteSite
6333,23,17
timeStep,numberOfRobotsOnBlackSite,numberOfRobotsOnWhiteSite
6334,23,17
timeStep,numberOfRobotsOnBlackSite,numberOfRobotsOnWhiteSite
6335,23,17
timeStep,numberOfRobotsOnBlackSite,numberOfRobotsOnWhiteSite
6336,23,17
timeStep,numberOfRobotsOnBlackSite,numberOfRobotsOnWhiteSite
6337,23,17
timeStep,numberOfRobotsOnBlackSite,numberOfRobotsOnWhiteSite
6338,23,17
timeStep,numberOfRobotsOnBlackSite,numberOfRobotsOnWhiteSite
6339,23,17
timeStep,numberOfRobotsOnBlackSite,numberOfRobotsOnWhiteSite
6340,23,17
timeStep,numberOfRobotsOnBlackSite,numberOfRobotsOnWhiteSite
6341,23,17
timeStep,numberOfRobotsOnBlackSite,numberOfRobotsOnWhiteSite
6342,23,17
timeStep,numberOfRobotsOnBlackSite,numberOfRobotsOnWhiteSite
6343,23,17
timeStep,numberOfRobotsOnBlackSite,numberOfRobotsOnWhiteSite
6344,23,17
timeStep,numberOfRobotsOnBlackSite,numberOfRobotsOnWhiteSite
6345,23,17
timeStep,numberOfRobotsOnBlackSite,numberOfRobotsOnWhiteSite
6346,23,17
timeStep,numberOfRobotsOnBlackSite,numberOfRobotsOnWhiteSite
6347,23,17
timeStep,numberOfRobotsOnBlackSite,numberOfRobotsOnWhiteSite
6348,23,17
timeStep,numberOfRobotsOnBlackSite,numberOfRobotsOnWhiteSite
6349,23,17
timeStep,numberOfRobotsOnBlackSite,numberOfRobotsOnWhiteSite
6350,23,17
timeStep,numberOfRobotsOnBlackSite,numberOfRobotsOnWhiteSite
6351,23,17
timeStep,numberOfRobotsOnBlackSite,numberOfRobotsOnWhiteSite
6352,23,17
timeStep,numberOfRobotsOnBlackSite,numberOfRobotsOnWhiteSite
6353,23,17
timeStep,numberOfRobotsOnBlackSite,numberOfRobotsOnWhiteSite
6354,23,17
timeStep,numberOfRobotsOnBlackSite,numberOfRobotsOnWhiteSite
6355,23,17
timeStep,numberOfRobotsOnBlackSite,numberOfRobotsOnWhiteSite
6356,23,17
timeStep,numberOfRobotsOnBlackSite,numberOfRobotsOnWhiteSite
6357,23,17
timeStep,numberOfRobotsOnBlackSite,numberOfRobotsOnWhiteSite
6358,23,17
timeStep,numberOfRobotsOnBlackSite,numberOfRobotsOnWhiteSite
6359,23,17
timeStep,numberOfRobotsOnBlackSite,numberOfRobotsOnWhiteSite
6360,23,17
timeStep,numberOfRobotsOnBlackSite,numberOfRobotsOnWhiteSite
6361,23,17
timeStep,numberOfRobotsOnBlackSite,numberOfRobotsOnWhiteSite
6362,23,17
timeStep,numberOfRobotsOnBlackSite,numberOfRobotsOnWhiteSite
6363,23,17
timeStep,numberOfRobotsOnBlackSite,numberOfRobotsOnWhiteSite
6364,23,17
timeStep,numberOfRobotsOnBlackSite,numberOfRobotsOnWhiteSite
6365,23,17
timeStep,numberOfRobotsOnBlackSite,numberOfRobotsOnWhiteSite
6366,23,17
timeStep,numberOfRobotsOnBlackSite,numberOfRobotsOnWhiteSite
6367,23,17
timeStep,numberOfRobotsOnBlackSite,numberOfRobotsOnWhiteSite
6368,23,17
timeStep,numberOfRobotsOnBlackSite,numberOfRobotsOnWhiteSite
6369,23,17
timeStep,numberOfRobotsOnBlackSite,numberOfRobotsOnWhiteSite
6370,23,17
timeStep,numberOfRobotsOnBlackSite,numberOfRobotsOnWhiteSite
6371,23,17
timeStep,numberOfRobotsOnBlackSite,numberOfRobotsOnWhiteSite
6372,23,17
timeStep,numberOfRobotsOnBlackSite,numberOfRobotsOnWhiteSite
6373,23,17
timeStep,numberOfRobotsOnBlackSite,numberOfRobotsOnWhiteSite
6374,23,17
timeStep,numberOfRobotsOnBlackSite,numberOfRobotsOnWhiteSite
6375,23,17
timeStep,numberOfRobotsOnBlackSite,numberOfRobotsOnWhiteSite
6376,23,17
timeStep,numberOfRobotsOnBlackSite,numberOfRobotsOnWhiteSite
6377,23,17
timeStep,numberOfRobotsOnBlackSite,numberOfRobotsOnWhiteSite
6378,23,17
timeStep,numberOfRobotsOnBlackSite,numberOfRobotsOnWhiteSite
6379,23,17
timeStep,numberOfRobotsOnBlackSite,numberOfRobotsOnWhiteSite
6380,23,17
timeStep,numberOfRobotsOnBlackSite,numberOfRobotsOnWhiteSite
6381,23,17
timeStep,numberOfRobotsOnBlackSite,numberOfRobotsOnWhiteSite
6382,23,17
timeStep,numberOfRobotsOnBlackSite,numberOfRobotsOnWhiteSite
6383,23,17
timeStep,numberOfRobotsOnBlackSite,numberOfRobotsOnWhiteSite
6384,23,17
timeStep,numberOfRobotsOnBlackSite,numberOfRobotsOnWhiteSite
6385,23,17
timeStep,numberOfRobotsOnBlackSite,numberOfRobotsOnWhiteSite
6386,23,17
timeStep,numberOfRobotsOnBlackSite,numberOfRobotsOnWhiteSite
6387,23,17
timeStep,numberOfRobotsOnBlackSite,numberOfRobotsOnWhiteSite
6388,23,17
timeStep,numberOfRobotsOnBlackSite,numberOfRobotsOnWhiteSite
6389,23,17
timeStep,numberOfRobotsOnBlackSite,numberOfRobotsOnWhiteSite
6390,23,17
timeStep,numberOfRobotsOnBlackSite,numberOfRobotsOnWhiteSite
6391,23,17
timeStep,numberOfRobotsOnBlackSite,numberOfRobotsOnWhiteSite
6392,23,17
timeStep,numberOfRobotsOnBlackSite,numberOfRobotsOnWhiteSite
6393,23,17
timeStep,numberOfRobotsOnBlackSite,numberOfRobotsOnWhiteSite
6394,23,17
timeStep,numberOfRobotsOnBlackSite,numberOfRobotsOnWhiteSite
6395,23,18
timeStep,numberOfRobotsOnBlackSite,numberOfRobotsOnWhiteSite
6396,23,18
timeStep,numberOfRobotsOnBlackSite,numberOfRobotsOnWhiteSite
6397,23,18
timeStep,numberOfRobotsOnBlackSite,numberOfRobotsOnWhiteSite
6398,23,18
timeStep,numberOfRobotsOnBlackSite,numberOfRobotsOnWhiteSite
6399,23,18
timeStep,numberOfRobotsOnBlackSite,numberOfRobotsOnWhiteSite
6400,23,18
timeStep,numberOfRobotsOnBlackSite,numberOfRobotsOnWhiteSite
6401,23,18
timeStep,numberOfRobotsOnBlackSite,numberOfRobotsOnWhiteSite
6402,23,18
timeStep,numberOfRobotsOnBlackSite,numberOfRobotsOnWhiteSite
6403,23,18
timeStep,numberOfRobotsOnBlackSite,numberOfRobotsOnWhiteSite
6404,23,18
timeStep,numberOfRobotsOnBlackSite,numberOfRobotsOnWhiteSite
6405,24,18
timeStep,numberOfRobotsOnBlackSite,numberOfRobotsOnWhiteSite
6406,24,18
timeStep,numberOfRobotsOnBlackSite,numberOfRobotsOnWhiteSite
6407,24,18
timeStep,numberOfRobotsOnBlackSite,numberOfRobotsOnWhiteSite
6408,24,18
timeStep,numberOfRobotsOnBlackSite,numberOfRobotsOnWhiteSite
6409,24,18
timeStep,numberOfRobotsOnBlackSite,numberOfRobotsOnWhiteSite
6410,24,18
timeStep,numberOfRobotsOnBlackSite,numberOfRobotsOnWhiteSite
6411,24,18
timeStep,numberOfRobotsOnBlackSite,numberOfRobotsOnWhiteSite
6412,24,18
timeStep,numberOfRobotsOnBlackSite,numberOfRobotsOnWhiteSite
6413,24,18
timeStep,numberOfRobotsOnBlackSite,numberOfRobotsOnWhiteSite
6414,24,18
timeStep,numberOfRobotsOnBlackSite,numberOfRobotsOnWhiteSite
6415,24,18
timeStep,numberOfRobotsOnBlackSite,numberOfRobotsOnWhiteSite
6416,24,18
timeStep,numberOfRobotsOnBlackSite,numberOfRobotsOnWhiteSite
6417,24,18
timeStep,numberOfRobotsOnBlackSite,numberOfRobotsOnWhiteSite
6418,24,18
timeStep,numberOfRobotsOnBlackSite,numberOfRobotsOnWhiteSite
6419,24,18
timeStep,numberOfRobotsOnBlackSite,numberOfRobotsOnWhiteSite
6420,24,18
timeStep,numberOfRobotsOnBlackSite,numberOfRobotsOnWhiteSite
6421,24,18
timeStep,numberOfRobotsOnBlackSite,numberOfRobotsOnWhiteSite
6422,24,18
timeStep,numberOfRobotsOnBlackSite,numberOfRobotsOnWhiteSite
6423,24,18
timeStep,numberOfRobotsOnBlackSite,numberOfRobotsOnWhiteSite
6424,24,18
timeStep,numberOfRobotsOnBlackSite,numberOfRobotsOnWhiteSite
6425,24,18
timeStep,numberOfRobotsOnBlackSite,numberOfRobotsOnWhiteSite
6426,24,18
timeStep,numberOfRobotsOnBlackSite,numberOfRobotsOnWhiteSite
6427,24,18
timeStep,numberOfRobotsOnBlackSite,numberOfRobotsOnWhiteSite
6428,24,18
timeStep,numberOfRobotsOnBlackSite,numberOfRobotsOnWhiteSite
6429,24,18
timeStep,numberOfRobotsOnBlackSite,numberOfRobotsOnWhiteSite
6430,24,18
timeStep,numberOfRobotsOnBlackSite,numberOfRobotsOnWhiteSite
6431,24,18
timeStep,numberOfRobotsOnBlackSite,numberOfRobotsOnWhiteSite
6432,24,18
timeStep,numberOfRobotsOnBlackSite,numberOfRobotsOnWhiteSite
6433,24,18
timeStep,numberOfRobotsOnBlackSite,numberOfRobotsOnWhiteSite
6434,24,18
timeStep,numberOfRobotsOnBlackSite,numberOfRobotsOnWhiteSite
6435,24,18
timeStep,numberOfRobotsOnBlackSite,numberOfRobotsOnWhiteSite
6436,24,18
timeStep,numberOfRobotsOnBlackSite,numberOfRobotsOnWhiteSite
6437,24,18
timeStep,numberOfRobotsOnBlackSite,numberOfRobotsOnWhiteSite
6438,24,18
timeStep,numberOfRobotsOnBlackSite,numberOfRobotsOnWhiteSite
6439,24,18
timeStep,numberOfRobotsOnBlackSite,numberOfRobotsOnWhiteSite
6440,24,18
timeStep,numberOfRobotsOnBlackSite,numberOfRobotsOnWhiteSite
6441,24,18
timeStep,numberOfRobotsOnBlackSite,numberOfRobotsOnWhiteSite
6442,24,18
timeStep,numberOfRobotsOnBlackSite,numberOfRobotsOnWhiteSite
6443,24,18
timeStep,numberOfRobotsOnBlackSite,numberOfRobotsOnWhiteSite
6444,24,18
timeStep,numberOfRobotsOnBlackSite,numberOfRobotsOnWhiteSite
6445,24,18
timeStep,numberOfRobotsOnBlackSite,numberOfRobotsOnWhiteSite
6446,24,18
timeStep,numberOfRobotsOnBlackSite,numberOfRobotsOnWhiteSite
6447,24,18
timeStep,numberOfRobotsOnBlackSite,numberOfRobotsOnWhiteSite
6448,24,18
timeStep,numberOfRobotsOnBlackSite,numberOfRobotsOnWhiteSite
6449,24,18
timeStep,numberOfRobotsOnBlackSite,numberOfRobotsOnWhiteSite
6450,24,18
timeStep,numberOfRobotsOnBlackSite,numberOfRobotsOnWhiteSite
6451,24,18
timeStep,numberOfRobotsOnBlackSite,numberOfRobotsOnWhiteSite
6452,24,18
timeStep,numberOfRobotsOnBlackSite,numberOfRobotsOnWhiteSite
6453,24,18
timeStep,numberOfRobotsOnBlackSite,numberOfRobotsOnWhiteSite
6454,24,18
timeStep,numberOfRobotsOnBlackSite,numberOfRobotsOnWhiteSite
6455,24,19
timeStep,numberOfRobotsOnBlackSite,numberOfRobotsOnWhiteSite
6456,24,19
timeStep,numberOfRobotsOnBlackSite,numberOfRobotsOnWhiteSite
6457,24,19
timeStep,numberOfRobotsOnBlackSite,numberOfRobotsOnWhiteSite
6458,24,19
timeStep,numberOfRobotsOnBlackSite,numberOfRobotsOnWhiteSite
6459,24,19
timeStep,numberOfRobotsOnBlackSite,numberOfRobotsOnWhiteSite
6460,24,19
timeStep,numberOfRobotsOnBlackSite,numberOfRobotsOnWhiteSite
6461,24,19
timeStep,numberOfRobotsOnBlackSite,numberOfRobotsOnWhiteSite
6462,24,19
timeStep,numberOfRobotsOnBlackSite,numberOfRobotsOnWhiteSite
6463,24,19
timeStep,numberOfRobotsOnBlackSite,numberOfRobotsOnWhiteSite
6464,24,19
timeStep,numberOfRobotsOnBlackSite,numberOfRobotsOnWhiteSite
6465,24,19
timeStep,numberOfRobotsOnBlackSite,numberOfRobotsOnWhiteSite
6466,24,19
timeStep,numberOfRobotsOnBlackSite,numberOfRobotsOnWhiteSite
6467,24,19
timeStep,numberOfRobotsOnBlackSite,numberOfRobotsOnWhiteSite
6468,24,19
timeStep,numberOfRobotsOnBlackSite,numberOfRobotsOnWhiteSite
6469,24,19
timeStep,numberOfRobotsOnBlackSite,numberOfRobotsOnWhiteSite
6470,24,19
timeStep,numberOfRobotsOnBlackSite,numberOfRobotsOnWhiteSite
6471,24,19
timeStep,numberOfRobotsOnBlackSite,numberOfRobotsOnWhiteSite
6472,24,19
timeStep,numberOfRobotsOnBlackSite,numberOfRobotsOnWhiteSite
6473,24,19
timeStep,numberOfRobotsOnBlackSite,numberOfRobotsOnWhiteSite
6474,24,19
timeStep,numberOfRobotsOnBlackSite,numberOfRobotsOnWhiteSite
6475,24,19
timeStep,numberOfRobotsOnBlackSite,numberOfRobotsOnWhiteSite
6476,24,19
timeStep,numberOfRobotsOnBlackSite,numberOfRobotsOnWhiteSite
6477,24,19
timeStep,numberOfRobotsOnBlackSite,numberOfRobotsOnWhiteSite
6478,24,19
timeStep,numberOfRobotsOnBlackSite,numberOfRobotsOnWhiteSite
6479,24,19
timeStep,numberOfRobotsOnBlackSite,numberOfRobotsOnWhiteSite
6480,24,19
timeStep,numberOfRobotsOnBlackSite,numberOfRobotsOnWhiteSite
6481,24,19
timeStep,numberOfRobotsOnBlackSite,numberOfRobotsOnWhiteSite
6482,24,19
timeStep,numberOfRobotsOnBlackSite,numberOfRobotsOnWhiteSite
6483,24,19
timeStep,numberOfRobotsOnBlackSite,numberOfRobotsOnWhiteSite
6484,24,19
timeStep,numberOfRobotsOnBlackSite,numberOfRobotsOnWhiteSite
6485,24,19
timeStep,numberOfRobotsOnBlackSite,numberOfRobotsOnWhiteSite
6486,24,19
timeStep,numberOfRobotsOnBlackSite,numberOfRobotsOnWhiteSite
6487,24,19
timeStep,numberOfRobotsOnBlackSite,numberOfRobotsOnWhiteSite
6488,24,19
timeStep,numberOfRobotsOnBlackSite,numberOfRobotsOnWhiteSite
6489,24,19
timeStep,numberOfRobotsOnBlackSite,numberOfRobotsOnWhiteSite
6490,24,19
timeStep,numberOfRobotsOnBlackSite,numberOfRobotsOnWhiteSite
6491,24,19
timeStep,numberOfRobotsOnBlackSite,numberOfRobotsOnWhiteSite
6492,24,19
timeStep,numberOfRobotsOnBlackSite,numberOfRobotsOnWhiteSite
6493,24,19
timeStep,numberOfRobotsOnBlackSite,numberOfRobotsOnWhiteSite
6494,24,19
timeStep,numberOfRobotsOnBlackSite,numberOfRobotsOnWhiteSite
6495,24,19
timeStep,numberOfRobotsOnBlackSite,numberOfRobotsOnWhiteSite
6496,24,19
timeStep,numberOfRobotsOnBlackSite,numberOfRobotsOnWhiteSite
6497,24,19
timeStep,numberOfRobotsOnBlackSite,numberOfRobotsOnWhiteSite
6498,24,19
timeStep,numberOfRobotsOnBlackSite,numberOfRobotsOnWhiteSite
6499,24,19
timeStep,numberOfRobotsOnBlackSite,numberOfRobotsOnWhiteSite
6500,24,19
timeStep,numberOfRobotsOnBlackSite,numberOfRobotsOnWhiteSite
6501,24,19
timeStep,numberOfRobotsOnBlackSite,numberOfRobotsOnWhiteSite
6502,24,19
timeStep,numberOfRobotsOnBlackSite,numberOfRobotsOnWhiteSite
6503,24,19
timeStep,numberOfRobotsOnBlackSite,numberOfRobotsOnWhiteSite
6504,24,19
timeStep,numberOfRobotsOnBlackSite,numberOfRobotsOnWhiteSite
6505,24,19
timeStep,numberOfRobotsOnBlackSite,numberOfRobotsOnWhiteSite
6506,24,19
timeStep,numberOfRobotsOnBlackSite,numberOfRobotsOnWhiteSite
6507,24,19
timeStep,numberOfRobotsOnBlackSite,numberOfRobotsOnWhiteSite
6508,24,19
timeStep,numberOfRobotsOnBlackSite,numberOfRobotsOnWhiteSite
6509,24,19
timeStep,numberOfRobotsOnBlackSite,numberOfRobotsOnWhiteSite
6510,24,19
timeStep,numberOfRobotsOnBlackSite,numberOfRobotsOnWhiteSite
6511,24,19
timeStep,numberOfRobotsOnBlackSite,numberOfRobotsOnWhiteSite
6512,24,19
timeStep,numberOfRobotsOnBlackSite,numberOfRobotsOnWhiteSite
6513,24,19
timeStep,numberOfRobotsOnBlackSite,numberOfRobotsOnWhiteSite
6514,24,19
timeStep,numberOfRobotsOnBlackSite,numberOfRobotsOnWhiteSite
6515,24,19
timeStep,numberOfRobotsOnBlackSite,numberOfRobotsOnWhiteSite
6516,24,19
timeStep,numberOfRobotsOnBlackSite,numberOfRobotsOnWhiteSite
6517,24,19
timeStep,numberOfRobotsOnBlackSite,numberOfRobotsOnWhiteSite
6518,24,19
timeStep,numberOfRobotsOnBlackSite,numberOfRobotsOnWhiteSite
6519,24,19
timeStep,numberOfRobotsOnBlackSite,numberOfRobotsOnWhiteSite
6520,24,19
timeStep,numberOfRobotsOnBlackSite,numberOfRobotsOnWhiteSite
6521,24,19
timeStep,numberOfRobotsOnBlackSite,numberOfRobotsOnWhiteSite
6522,24,19
timeStep,numberOfRobotsOnBlackSite,numberOfRobotsOnWhiteSite
6523,24,19
timeStep,numberOfRobotsOnBlackSite,numberOfRobotsOnWhiteSite
6524,24,19
timeStep,numberOfRobotsOnBlackSite,numberOfRobotsOnWhiteSite
6525,24,19
timeStep,numberOfRobotsOnBlackSite,numberOfRobotsOnWhiteSite
6526,24,19
timeStep,numberOfRobotsOnBlackSite,numberOfRobotsOnWhiteSite
6527,24,19
timeStep,numberOfRobotsOnBlackSite,numberOfRobotsOnWhiteSite
6528,24,19
timeStep,numberOfRobotsOnBlackSite,numberOfRobotsOnWhiteSite
6529,24,19
timeStep,numberOfRobotsOnBlackSite,numberOfRobotsOnWhiteSite
6530,24,19
timeStep,numberOfRobotsOnBlackSite,numberOfRobotsOnWhiteSite
6531,24,19
timeStep,numberOfRobotsOnBlackSite,numberOfRobotsOnWhiteSite
6532,24,19
timeStep,numberOfRobotsOnBlackSite,numberOfRobotsOnWhiteSite
6533,24,19
timeStep,numberOfRobotsOnBlackSite,numberOfRobotsOnWhiteSite
6534,24,19
timeStep,numberOfRobotsOnBlackSite,numberOfRobotsOnWhiteSite
6535,24,19
timeStep,numberOfRobotsOnBlackSite,numberOfRobotsOnWhiteSite
6536,24,19
timeStep,numberOfRobotsOnBlackSite,numberOfRobotsOnWhiteSite
6537,24,19
timeStep,numberOfRobotsOnBlackSite,numberOfRobotsOnWhiteSite
6538,24,19
timeStep,numberOfRobotsOnBlackSite,numberOfRobotsOnWhiteSite
6539,24,19
timeStep,numberOfRobotsOnBlackSite,numberOfRobotsOnWhiteSite
6540,24,19
timeStep,numberOfRobotsOnBlackSite,numberOfRobotsOnWhiteSite
6541,24,19
timeStep,numberOfRobotsOnBlackSite,numberOfRobotsOnWhiteSite
6542,24,19
timeStep,numberOfRobotsOnBlackSite,numberOfRobotsOnWhiteSite
6543,24,19
timeStep,numberOfRobotsOnBlackSite,numberOfRobotsOnWhiteSite
6544,24,19
timeStep,numberOfRobotsOnBlackSite,numberOfRobotsOnWhiteSite
6545,24,19
timeStep,numberOfRobotsOnBlackSite,numberOfRobotsOnWhiteSite
6546,24,19
timeStep,numberOfRobotsOnBlackSite,numberOfRobotsOnWhiteSite
6547,24,19
timeStep,numberOfRobotsOnBlackSite,numberOfRobotsOnWhiteSite
6548,24,19
timeStep,numberOfRobotsOnBlackSite,numberOfRobotsOnWhiteSite
6549,24,19
timeStep,numberOfRobotsOnBlackSite,numberOfRobotsOnWhiteSite
6550,24,19
timeStep,numberOfRobotsOnBlackSite,numberOfRobotsOnWhiteSite
6551,24,19
timeStep,numberOfRobotsOnBlackSite,numberOfRobotsOnWhiteSite
6552,24,19
timeStep,numberOfRobotsOnBlackSite,numberOfRobotsOnWhiteSite
6553,24,19
timeStep,numberOfRobotsOnBlackSite,numberOfRobotsOnWhiteSite
6554,24,19
timeStep,numberOfRobotsOnBlackSite,numberOfRobotsOnWhiteSite
6555,24,19
timeStep,numberOfRobotsOnBlackSite,numberOfRobotsOnWhiteSite
6556,24,19
timeStep,numberOfRobotsOnBlackSite,numberOfRobotsOnWhiteSite
6557,24,19
timeStep,numberOfRobotsOnBlackSite,numberOfRobotsOnWhiteSite
6558,24,19
timeStep,numberOfRobotsOnBlackSite,numberOfRobotsOnWhiteSite
6559,24,19
timeStep,numberOfRobotsOnBlackSite,numberOfRobotsOnWhiteSite
6560,24,19
timeStep,numberOfRobotsOnBlackSite,numberOfRobotsOnWhiteSite
6561,24,19
timeStep,numberOfRobotsOnBlackSite,numberOfRobotsOnWhiteSite
6562,24,19
timeStep,numberOfRobotsOnBlackSite,numberOfRobotsOnWhiteSite
6563,24,19
timeStep,numberOfRobotsOnBlackSite,numberOfRobotsOnWhiteSite
6564,24,19
timeStep,numberOfRobotsOnBlackSite,numberOfRobotsOnWhiteSite
6565,24,19
timeStep,numberOfRobotsOnBlackSite,numberOfRobotsOnWhiteSite
6566,24,19
timeStep,numberOfRobotsOnBlackSite,numberOfRobotsOnWhiteSite
6567,24,19
timeStep,numberOfRobotsOnBlackSite,numberOfRobotsOnWhiteSite
6568,24,19
timeStep,numberOfRobotsOnBlackSite,numberOfRobotsOnWhiteSite
6569,24,19
timeStep,numberOfRobotsOnBlackSite,numberOfRobotsOnWhiteSite
6570,24,19
timeStep,numberOfRobotsOnBlackSite,numberOfRobotsOnWhiteSite
6571,24,19
timeStep,numberOfRobotsOnBlackSite,numberOfRobotsOnWhiteSite
6572,24,19
timeStep,numberOfRobotsOnBlackSite,numberOfRobotsOnWhiteSite
6573,24,19
timeStep,numberOfRobotsOnBlackSite,numberOfRobotsOnWhiteSite
6574,24,19
timeStep,numberOfRobotsOnBlackSite,numberOfRobotsOnWhiteSite
6575,24,19
timeStep,numberOfRobotsOnBlackSite,numberOfRobotsOnWhiteSite
6576,24,19
timeStep,numberOfRobotsOnBlackSite,numberOfRobotsOnWhiteSite
6577,24,19
timeStep,numberOfRobotsOnBlackSite,numberOfRobotsOnWhiteSite
6578,24,19
timeStep,numberOfRobotsOnBlackSite,numberOfRobotsOnWhiteSite
6579,24,19
timeStep,numberOfRobotsOnBlackSite,numberOfRobotsOnWhiteSite
6580,24,19
timeStep,numberOfRobotsOnBlackSite,numberOfRobotsOnWhiteSite
6581,24,19
timeStep,numberOfRobotsOnBlackSite,numberOfRobotsOnWhiteSite
6582,24,19
timeStep,numberOfRobotsOnBlackSite,numberOfRobotsOnWhiteSite
6583,24,19
timeStep,numberOfRobotsOnBlackSite,numberOfRobotsOnWhiteSite
6584,24,19
timeStep,numberOfRobotsOnBlackSite,numberOfRobotsOnWhiteSite
6585,24,19
timeStep,numberOfRobotsOnBlackSite,numberOfRobotsOnWhiteSite
6586,24,19
timeStep,numberOfRobotsOnBlackSite,numberOfRobotsOnWhiteSite
6587,24,19
timeStep,numberOfRobotsOnBlackSite,numberOfRobotsOnWhiteSite
6588,24,19
timeStep,numberOfRobotsOnBlackSite,numberOfRobotsOnWhiteSite
6589,24,19
timeStep,numberOfRobotsOnBlackSite,numberOfRobotsOnWhiteSite
6590,24,19
timeStep,numberOfRobotsOnBlackSite,numberOfRobotsOnWhiteSite
6591,24,19
timeStep,numberOfRobotsOnBlackSite,numberOfRobotsOnWhiteSite
6592,24,19
timeStep,numberOfRobotsOnBlackSite,numberOfRobotsOnWhiteSite
6593,24,19
timeStep,numberOfRobotsOnBlackSite,numberOfRobotsOnWhiteSite
6594,24,19
timeStep,numberOfRobotsOnBlackSite,numberOfRobotsOnWhiteSite
6595,24,19
timeStep,numberOfRobotsOnBlackSite,numberOfRobotsOnWhiteSite
6596,24,19
timeStep,numberOfRobotsOnBlackSite,numberOfRobotsOnWhiteSite
6597,24,19
timeStep,numberOfRobotsOnBlackSite,numberOfRobotsOnWhiteSite
6598,24,19
timeStep,numberOfRobotsOnBlackSite,numberOfRobotsOnWhiteSite
6599,24,19
timeStep,numberOfRobotsOnBlackSite,numberOfRobotsOnWhiteSite
6600,24,18
timeStep,numberOfRobotsOnBlackSite,numberOfRobotsOnWhiteSite
6601,24,18
timeStep,numberOfRobotsOnBlackSite,numberOfRobotsOnWhiteSite
6602,24,18
timeStep,numberOfRobotsOnBlackSite,numberOfRobotsOnWhiteSite
6603,24,18
timeStep,numberOfRobotsOnBlackSite,numberOfRobotsOnWhiteSite
6604,24,18
timeStep,numberOfRobotsOnBlackSite,numberOfRobotsOnWhiteSite
6605,24,18
timeStep,numberOfRobotsOnBlackSite,numberOfRobotsOnWhiteSite
6606,24,18
timeStep,numberOfRobotsOnBlackSite,numberOfRobotsOnWhiteSite
6607,24,18
timeStep,numberOfRobotsOnBlackSite,numberOfRobotsOnWhiteSite
6608,24,18
timeStep,numberOfRobotsOnBlackSite,numberOfRobotsOnWhiteSite
6609,24,18
timeStep,numberOfRobotsOnBlackSite,numberOfRobotsOnWhiteSite
6610,24,18
timeStep,numberOfRobotsOnBlackSite,numberOfRobotsOnWhiteSite
6611,24,18
timeStep,numberOfRobotsOnBlackSite,numberOfRobotsOnWhiteSite
6612,24,18
timeStep,numberOfRobotsOnBlackSite,numberOfRobotsOnWhiteSite
6613,24,18
timeStep,numberOfRobotsOnBlackSite,numberOfRobotsOnWhiteSite
6614,24,18
timeStep,numberOfRobotsOnBlackSite,numberOfRobotsOnWhiteSite
6615,24,18
timeStep,numberOfRobotsOnBlackSite,numberOfRobotsOnWhiteSite
6616,24,18
timeStep,numberOfRobotsOnBlackSite,numberOfRobotsOnWhiteSite
6617,24,18
timeStep,numberOfRobotsOnBlackSite,numberOfRobotsOnWhiteSite
6618,24,18
timeStep,numberOfRobotsOnBlackSite,numberOfRobotsOnWhiteSite
6619,24,18
timeStep,numberOfRobotsOnBlackSite,numberOfRobotsOnWhiteSite
6620,24,18
timeStep,numberOfRobotsOnBlackSite,numberOfRobotsOnWhiteSite
6621,24,18
timeStep,numberOfRobotsOnBlackSite,numberOfRobotsOnWhiteSite
6622,24,18
timeStep,numberOfRobotsOnBlackSite,numberOfRobotsOnWhiteSite
6623,24,18
timeStep,numberOfRobotsOnBlackSite,numberOfRobotsOnWhiteSite
6624,24,18
timeStep,numberOfRobotsOnBlackSite,numberOfRobotsOnWhiteSite
6625,24,18
timeStep,numberOfRobotsOnBlackSite,numberOfRobotsOnWhiteSite
6626,24,18
timeStep,numberOfRobotsOnBlackSite,numberOfRobotsOnWhiteSite
6627,24,18
timeStep,numberOfRobotsOnBlackSite,numberOfRobotsOnWhiteSite
6628,24,18
timeStep,numberOfRobotsOnBlackSite,numberOfRobotsOnWhiteSite
6629,24,18
timeStep,numberOfRobotsOnBlackSite,numberOfRobotsOnWhiteSite
6630,24,18
timeStep,numberOfRobotsOnBlackSite,numberOfRobotsOnWhiteSite
6631,24,18
timeStep,numberOfRobotsOnBlackSite,numberOfRobotsOnWhiteSite
6632,24,18
timeStep,numberOfRobotsOnBlackSite,numberOfRobotsOnWhiteSite
6633,24,18
timeStep,numberOfRobotsOnBlackSite,numberOfRobotsOnWhiteSite
6634,24,18
timeStep,numberOfRobotsOnBlackSite,numberOfRobotsOnWhiteSite
6635,24,18
timeStep,numberOfRobotsOnBlackSite,numberOfRobotsOnWhiteSite
6636,24,18
timeStep,numberOfRobotsOnBlackSite,numberOfRobotsOnWhiteSite
6637,24,18
timeStep,numberOfRobotsOnBlackSite,numberOfRobotsOnWhiteSite
6638,24,18
timeStep,numberOfRobotsOnBlackSite,numberOfRobotsOnWhiteSite
6639,24,18
timeStep,numberOfRobotsOnBlackSite,numberOfRobotsOnWhiteSite
6640,24,18
timeStep,numberOfRobotsOnBlackSite,numberOfRobotsOnWhiteSite
6641,24,18
timeStep,numberOfRobotsOnBlackSite,numberOfRobotsOnWhiteSite
6642,24,18
timeStep,numberOfRobotsOnBlackSite,numberOfRobotsOnWhiteSite
6643,24,18
timeStep,numberOfRobotsOnBlackSite,numberOfRobotsOnWhiteSite
6644,24,18
timeStep,numberOfRobotsOnBlackSite,numberOfRobotsOnWhiteSite
6645,24,18
timeStep,numberOfRobotsOnBlackSite,numberOfRobotsOnWhiteSite
6646,24,18
timeStep,numberOfRobotsOnBlackSite,numberOfRobotsOnWhiteSite
6647,24,18
timeStep,numberOfRobotsOnBlackSite,numberOfRobotsOnWhiteSite
6648,24,18
timeStep,numberOfRobotsOnBlackSite,numberOfRobotsOnWhiteSite
6649,24,18
timeStep,numberOfRobotsOnBlackSite,numberOfRobotsOnWhiteSite
6650,24,18
timeStep,numberOfRobotsOnBlackSite,numberOfRobotsOnWhiteSite
6651,24,18
timeStep,numberOfRobotsOnBlackSite,numberOfRobotsOnWhiteSite
6652,24,18
timeStep,numberOfRobotsOnBlackSite,numberOfRobotsOnWhiteSite
6653,24,18
timeStep,numberOfRobotsOnBlackSite,numberOfRobotsOnWhiteSite
6654,24,18
timeStep,numberOfRobotsOnBlackSite,numberOfRobotsOnWhiteSite
6655,24,18
timeStep,numberOfRobotsOnBlackSite,numberOfRobotsOnWhiteSite
6656,24,18
timeStep,numberOfRobotsOnBlackSite,numberOfRobotsOnWhiteSite
6657,24,18
timeStep,numberOfRobotsOnBlackSite,numberOfRobotsOnWhiteSite
6658,24,18
timeStep,numberOfRobotsOnBlackSite,numberOfRobotsOnWhiteSite
6659,24,18
timeStep,numberOfRobotsOnBlackSite,numberOfRobotsOnWhiteSite
6660,24,18
timeStep,numberOfRobotsOnBlackSite,numberOfRobotsOnWhiteSite
6661,24,18
timeStep,numberOfRobotsOnBlackSite,numberOfRobotsOnWhiteSite
6662,24,18
timeStep,numberOfRobotsOnBlackSite,numberOfRobotsOnWhiteSite
6663,24,18
timeStep,numberOfRobotsOnBlackSite,numberOfRobotsOnWhiteSite
6664,24,18
timeStep,numberOfRobotsOnBlackSite,numberOfRobotsOnWhiteSite
6665,24,18
timeStep,numberOfRobotsOnBlackSite,numberOfRobotsOnWhiteSite
6666,24,18
timeStep,numberOfRobotsOnBlackSite,numberOfRobotsOnWhiteSite
6667,24,18
timeStep,numberOfRobotsOnBlackSite,numberOfRobotsOnWhiteSite
6668,24,18
timeStep,numberOfRobotsOnBlackSite,numberOfRobotsOnWhiteSite
6669,24,18
timeStep,numberOfRobotsOnBlackSite,numberOfRobotsOnWhiteSite
6670,24,19
timeStep,numberOfRobotsOnBlackSite,numberOfRobotsOnWhiteSite
6671,24,19
timeStep,numberOfRobotsOnBlackSite,numberOfRobotsOnWhiteSite
6672,24,19
timeStep,numberOfRobotsOnBlackSite,numberOfRobotsOnWhiteSite
6673,24,19
timeStep,numberOfRobotsOnBlackSite,numberOfRobotsOnWhiteSite
6674,24,19
timeStep,numberOfRobotsOnBlackSite,numberOfRobotsOnWhiteSite
6675,24,19
timeStep,numberOfRobotsOnBlackSite,numberOfRobotsOnWhiteSite
6676,24,19
timeStep,numberOfRobotsOnBlackSite,numberOfRobotsOnWhiteSite
6677,24,19
timeStep,numberOfRobotsOnBlackSite,numberOfRobotsOnWhiteSite
6678,24,19
timeStep,numberOfRobotsOnBlackSite,numberOfRobotsOnWhiteSite
6679,24,19
timeStep,numberOfRobotsOnBlackSite,numberOfRobotsOnWhiteSite
6680,24,19
timeStep,numberOfRobotsOnBlackSite,numberOfRobotsOnWhiteSite
6681,24,19
timeStep,numberOfRobotsOnBlackSite,numberOfRobotsOnWhiteSite
6682,24,19
timeStep,numberOfRobotsOnBlackSite,numberOfRobotsOnWhiteSite
6683,24,19
timeStep,numberOfRobotsOnBlackSite,numberOfRobotsOnWhiteSite
6684,24,19
timeStep,numberOfRobotsOnBlackSite,numberOfRobotsOnWhiteSite
6685,24,19
timeStep,numberOfRobotsOnBlackSite,numberOfRobotsOnWhiteSite
6686,24,19
timeStep,numberOfRobotsOnBlackSite,numberOfRobotsOnWhiteSite
6687,24,19
timeStep,numberOfRobotsOnBlackSite,numberOfRobotsOnWhiteSite
6688,24,19
timeStep,numberOfRobotsOnBlackSite,numberOfRobotsOnWhiteSite
6689,24,19
timeStep,numberOfRobotsOnBlackSite,numberOfRobotsOnWhiteSite
6690,24,19
timeStep,numberOfRobotsOnBlackSite,numberOfRobotsOnWhiteSite
6691,24,19
timeStep,numberOfRobotsOnBlackSite,numberOfRobotsOnWhiteSite
6692,24,19
timeStep,numberOfRobotsOnBlackSite,numberOfRobotsOnWhiteSite
6693,24,19
timeStep,numberOfRobotsOnBlackSite,numberOfRobotsOnWhiteSite
6694,24,19
timeStep,numberOfRobotsOnBlackSite,numberOfRobotsOnWhiteSite
6695,24,19
timeStep,numberOfRobotsOnBlackSite,numberOfRobotsOnWhiteSite
6696,24,19
timeStep,numberOfRobotsOnBlackSite,numberOfRobotsOnWhiteSite
6697,24,19
timeStep,numberOfRobotsOnBlackSite,numberOfRobotsOnWhiteSite
6698,24,19
timeStep,numberOfRobotsOnBlackSite,numberOfRobotsOnWhiteSite
6699,24,19
timeStep,numberOfRobotsOnBlackSite,numberOfRobotsOnWhiteSite
6700,24,19
timeStep,numberOfRobotsOnBlackSite,numberOfRobotsOnWhiteSite
6701,24,19
timeStep,numberOfRobotsOnBlackSite,numberOfRobotsOnWhiteSite
6702,24,19
timeStep,numberOfRobotsOnBlackSite,numberOfRobotsOnWhiteSite
6703,24,19
timeStep,numberOfRobotsOnBlackSite,numberOfRobotsOnWhiteSite
6704,24,19
timeStep,numberOfRobotsOnBlackSite,numberOfRobotsOnWhiteSite
6705,24,19
timeStep,numberOfRobotsOnBlackSite,numberOfRobotsOnWhiteSite
6706,24,19
timeStep,numberOfRobotsOnBlackSite,numberOfRobotsOnWhiteSite
6707,24,19
timeStep,numberOfRobotsOnBlackSite,numberOfRobotsOnWhiteSite
6708,24,19
timeStep,numberOfRobotsOnBlackSite,numberOfRobotsOnWhiteSite
6709,24,19
timeStep,numberOfRobotsOnBlackSite,numberOfRobotsOnWhiteSite
6710,24,19
timeStep,numberOfRobotsOnBlackSite,numberOfRobotsOnWhiteSite
6711,24,19
timeStep,numberOfRobotsOnBlackSite,numberOfRobotsOnWhiteSite
6712,24,19
timeStep,numberOfRobotsOnBlackSite,numberOfRobotsOnWhiteSite
6713,24,19
timeStep,numberOfRobotsOnBlackSite,numberOfRobotsOnWhiteSite
6714,24,19
timeStep,numberOfRobotsOnBlackSite,numberOfRobotsOnWhiteSite
6715,24,19
timeStep,numberOfRobotsOnBlackSite,numberOfRobotsOnWhiteSite
6716,24,19
timeStep,numberOfRobotsOnBlackSite,numberOfRobotsOnWhiteSite
6717,24,19
timeStep,numberOfRobotsOnBlackSite,numberOfRobotsOnWhiteSite
6718,24,19
timeStep,numberOfRobotsOnBlackSite,numberOfRobotsOnWhiteSite
6719,24,19
timeStep,numberOfRobotsOnBlackSite,numberOfRobotsOnWhiteSite
6720,24,19
timeStep,numberOfRobotsOnBlackSite,numberOfRobotsOnWhiteSite
6721,24,19
timeStep,numberOfRobotsOnBlackSite,numberOfRobotsOnWhiteSite
6722,24,19
timeStep,numberOfRobotsOnBlackSite,numberOfRobotsOnWhiteSite
6723,24,19
timeStep,numberOfRobotsOnBlackSite,numberOfRobotsOnWhiteSite
6724,24,19
timeStep,numberOfRobotsOnBlackSite,numberOfRobotsOnWhiteSite
6725,24,19
timeStep,numberOfRobotsOnBlackSite,numberOfRobotsOnWhiteSite
6726,24,19
timeStep,numberOfRobotsOnBlackSite,numberOfRobotsOnWhiteSite
6727,24,19
timeStep,numberOfRobotsOnBlackSite,numberOfRobotsOnWhiteSite
6728,24,19
timeStep,numberOfRobotsOnBlackSite,numberOfRobotsOnWhiteSite
6729,24,19
timeStep,numberOfRobotsOnBlackSite,numberOfRobotsOnWhiteSite
6730,24,19
timeStep,numberOfRobotsOnBlackSite,numberOfRobotsOnWhiteSite
6731,24,19
timeStep,numberOfRobotsOnBlackSite,numberOfRobotsOnWhiteSite
6732,24,19
timeStep,numberOfRobotsOnBlackSite,numberOfRobotsOnWhiteSite
6733,24,19
timeStep,numberOfRobotsOnBlackSite,numberOfRobotsOnWhiteSite
6734,24,19
timeStep,numberOfRobotsOnBlackSite,numberOfRobotsOnWhiteSite
6735,24,19
timeStep,numberOfRobotsOnBlackSite,numberOfRobotsOnWhiteSite
6736,24,19
timeStep,numberOfRobotsOnBlackSite,numberOfRobotsOnWhiteSite
6737,24,19
timeStep,numberOfRobotsOnBlackSite,numberOfRobotsOnWhiteSite
6738,24,19
timeStep,numberOfRobotsOnBlackSite,numberOfRobotsOnWhiteSite
6739,24,19
timeStep,numberOfRobotsOnBlackSite,numberOfRobotsOnWhiteSite
6740,24,19
timeStep,numberOfRobotsOnBlackSite,numberOfRobotsOnWhiteSite
6741,24,19
timeStep,numberOfRobotsOnBlackSite,numberOfRobotsOnWhiteSite
6742,24,19
timeStep,numberOfRobotsOnBlackSite,numberOfRobotsOnWhiteSite
6743,24,19
timeStep,numberOfRobotsOnBlackSite,numberOfRobotsOnWhiteSite
6744,24,19
timeStep,numberOfRobotsOnBlackSite,numberOfRobotsOnWhiteSite
6745,24,19
timeStep,numberOfRobotsOnBlackSite,numberOfRobotsOnWhiteSite
6746,24,19
timeStep,numberOfRobotsOnBlackSite,numberOfRobotsOnWhiteSite
6747,24,19
timeStep,numberOfRobotsOnBlackSite,numberOfRobotsOnWhiteSite
6748,24,19
timeStep,numberOfRobotsOnBlackSite,numberOfRobotsOnWhiteSite
6749,24,19
timeStep,numberOfRobotsOnBlackSite,numberOfRobotsOnWhiteSite
6750,24,19
timeStep,numberOfRobotsOnBlackSite,numberOfRobotsOnWhiteSite
6751,24,19
timeStep,numberOfRobotsOnBlackSite,numberOfRobotsOnWhiteSite
6752,24,19
timeStep,numberOfRobotsOnBlackSite,numberOfRobotsOnWhiteSite
6753,24,19
timeStep,numberOfRobotsOnBlackSite,numberOfRobotsOnWhiteSite
6754,24,19
timeStep,numberOfRobotsOnBlackSite,numberOfRobotsOnWhiteSite
6755,24,19
timeStep,numberOfRobotsOnBlackSite,numberOfRobotsOnWhiteSite
6756,24,19
timeStep,numberOfRobotsOnBlackSite,numberOfRobotsOnWhiteSite
6757,24,19
timeStep,numberOfRobotsOnBlackSite,numberOfRobotsOnWhiteSite
6758,24,19
timeStep,numberOfRobotsOnBlackSite,numberOfRobotsOnWhiteSite
6759,24,19
timeStep,numberOfRobotsOnBlackSite,numberOfRobotsOnWhiteSite
6760,24,19
timeStep,numberOfRobotsOnBlackSite,numberOfRobotsOnWhiteSite
6761,24,19
timeStep,numberOfRobotsOnBlackSite,numberOfRobotsOnWhiteSite
6762,24,19
timeStep,numberOfRobotsOnBlackSite,numberOfRobotsOnWhiteSite
6763,24,19
timeStep,numberOfRobotsOnBlackSite,numberOfRobotsOnWhiteSite
6764,24,19
timeStep,numberOfRobotsOnBlackSite,numberOfRobotsOnWhiteSite
6765,24,18
timeStep,numberOfRobotsOnBlackSite,numberOfRobotsOnWhiteSite
6766,24,18
timeStep,numberOfRobotsOnBlackSite,numberOfRobotsOnWhiteSite
6767,24,18
timeStep,numberOfRobotsOnBlackSite,numberOfRobotsOnWhiteSite
6768,24,18
timeStep,numberOfRobotsOnBlackSite,numberOfRobotsOnWhiteSite
6769,24,18
timeStep,numberOfRobotsOnBlackSite,numberOfRobotsOnWhiteSite
6770,24,18
timeStep,numberOfRobotsOnBlackSite,numberOfRobotsOnWhiteSite
6771,24,18
timeStep,numberOfRobotsOnBlackSite,numberOfRobotsOnWhiteSite
6772,24,18
timeStep,numberOfRobotsOnBlackSite,numberOfRobotsOnWhiteSite
6773,24,18
timeStep,numberOfRobotsOnBlackSite,numberOfRobotsOnWhiteSite
6774,24,18
timeStep,numberOfRobotsOnBlackSite,numberOfRobotsOnWhiteSite
6775,24,17
timeStep,numberOfRobotsOnBlackSite,numberOfRobotsOnWhiteSite
6776,24,17
timeStep,numberOfRobotsOnBlackSite,numberOfRobotsOnWhiteSite
6777,24,17
timeStep,numberOfRobotsOnBlackSite,numberOfRobotsOnWhiteSite
6778,24,17
timeStep,numberOfRobotsOnBlackSite,numberOfRobotsOnWhiteSite
6779,24,17
timeStep,numberOfRobotsOnBlackSite,numberOfRobotsOnWhiteSite
6780,24,17
timeStep,numberOfRobotsOnBlackSite,numberOfRobotsOnWhiteSite
6781,24,17
timeStep,numberOfRobotsOnBlackSite,numberOfRobotsOnWhiteSite
6782,24,17
timeStep,numberOfRobotsOnBlackSite,numberOfRobotsOnWhiteSite
6783,24,17
timeStep,numberOfRobotsOnBlackSite,numberOfRobotsOnWhiteSite
6784,24,17
timeStep,numberOfRobotsOnBlackSite,numberOfRobotsOnWhiteSite
6785,24,17
timeStep,numberOfRobotsOnBlackSite,numberOfRobotsOnWhiteSite
6786,24,17
timeStep,numberOfRobotsOnBlackSite,numberOfRobotsOnWhiteSite
6787,24,17
timeStep,numberOfRobotsOnBlackSite,numberOfRobotsOnWhiteSite
6788,24,17
timeStep,numberOfRobotsOnBlackSite,numberOfRobotsOnWhiteSite
6789,24,17
timeStep,numberOfRobotsOnBlackSite,numberOfRobotsOnWhiteSite
6790,24,17
timeStep,numberOfRobotsOnBlackSite,numberOfRobotsOnWhiteSite
6791,24,17
timeStep,numberOfRobotsOnBlackSite,numberOfRobotsOnWhiteSite
6792,24,17
timeStep,numberOfRobotsOnBlackSite,numberOfRobotsOnWhiteSite
6793,24,17
timeStep,numberOfRobotsOnBlackSite,numberOfRobotsOnWhiteSite
6794,24,17
timeStep,numberOfRobotsOnBlackSite,numberOfRobotsOnWhiteSite
6795,24,17
timeStep,numberOfRobotsOnBlackSite,numberOfRobotsOnWhiteSite
6796,24,17
timeStep,numberOfRobotsOnBlackSite,numberOfRobotsOnWhiteSite
6797,24,17
timeStep,numberOfRobotsOnBlackSite,numberOfRobotsOnWhiteSite
6798,24,17
timeStep,numberOfRobotsOnBlackSite,numberOfRobotsOnWhiteSite
6799,24,17
timeStep,numberOfRobotsOnBlackSite,numberOfRobotsOnWhiteSite
6800,24,17
timeStep,numberOfRobotsOnBlackSite,numberOfRobotsOnWhiteSite
6801,24,17
timeStep,numberOfRobotsOnBlackSite,numberOfRobotsOnWhiteSite
6802,24,17
timeStep,numberOfRobotsOnBlackSite,numberOfRobotsOnWhiteSite
6803,24,17
timeStep,numberOfRobotsOnBlackSite,numberOfRobotsOnWhiteSite
6804,24,17
timeStep,numberOfRobotsOnBlackSite,numberOfRobotsOnWhiteSite
6805,24,17
timeStep,numberOfRobotsOnBlackSite,numberOfRobotsOnWhiteSite
6806,24,17
timeStep,numberOfRobotsOnBlackSite,numberOfRobotsOnWhiteSite
6807,24,17
timeStep,numberOfRobotsOnBlackSite,numberOfRobotsOnWhiteSite
6808,24,17
timeStep,numberOfRobotsOnBlackSite,numberOfRobotsOnWhiteSite
6809,24,17
timeStep,numberOfRobotsOnBlackSite,numberOfRobotsOnWhiteSite
6810,24,17
timeStep,numberOfRobotsOnBlackSite,numberOfRobotsOnWhiteSite
6811,24,17
timeStep,numberOfRobotsOnBlackSite,numberOfRobotsOnWhiteSite
6812,24,17
timeStep,numberOfRobotsOnBlackSite,numberOfRobotsOnWhiteSite
6813,24,17
timeStep,numberOfRobotsOnBlackSite,numberOfRobotsOnWhiteSite
6814,24,17
timeStep,numberOfRobotsOnBlackSite,numberOfRobotsOnWhiteSite
6815,24,17
timeStep,numberOfRobotsOnBlackSite,numberOfRobotsOnWhiteSite
6816,24,17
timeStep,numberOfRobotsOnBlackSite,numberOfRobotsOnWhiteSite
6817,24,17
timeStep,numberOfRobotsOnBlackSite,numberOfRobotsOnWhiteSite
6818,24,17
timeStep,numberOfRobotsOnBlackSite,numberOfRobotsOnWhiteSite
6819,24,17
timeStep,numberOfRobotsOnBlackSite,numberOfRobotsOnWhiteSite
6820,24,18
timeStep,numberOfRobotsOnBlackSite,numberOfRobotsOnWhiteSite
6821,24,18
timeStep,numberOfRobotsOnBlackSite,numberOfRobotsOnWhiteSite
6822,24,18
timeStep,numberOfRobotsOnBlackSite,numberOfRobotsOnWhiteSite
6823,24,18
timeStep,numberOfRobotsOnBlackSite,numberOfRobotsOnWhiteSite
6824,24,18
timeStep,numberOfRobotsOnBlackSite,numberOfRobotsOnWhiteSite
6825,24,17
timeStep,numberOfRobotsOnBlackSite,numberOfRobotsOnWhiteSite
6826,24,17
timeStep,numberOfRobotsOnBlackSite,numberOfRobotsOnWhiteSite
6827,24,17
timeStep,numberOfRobotsOnBlackSite,numberOfRobotsOnWhiteSite
6828,24,17
timeStep,numberOfRobotsOnBlackSite,numberOfRobotsOnWhiteSite
6829,24,17
timeStep,numberOfRobotsOnBlackSite,numberOfRobotsOnWhiteSite
6830,24,18
timeStep,numberOfRobotsOnBlackSite,numberOfRobotsOnWhiteSite
6831,24,18
timeStep,numberOfRobotsOnBlackSite,numberOfRobotsOnWhiteSite
6832,24,18
timeStep,numberOfRobotsOnBlackSite,numberOfRobotsOnWhiteSite
6833,24,18
timeStep,numberOfRobotsOnBlackSite,numberOfRobotsOnWhiteSite
6834,24,18
timeStep,numberOfRobotsOnBlackSite,numberOfRobotsOnWhiteSite
6835,24,18
timeStep,numberOfRobotsOnBlackSite,numberOfRobotsOnWhiteSite
6836,24,18
timeStep,numberOfRobotsOnBlackSite,numberOfRobotsOnWhiteSite
6837,24,18
timeStep,numberOfRobotsOnBlackSite,numberOfRobotsOnWhiteSite
6838,24,18
timeStep,numberOfRobotsOnBlackSite,numberOfRobotsOnWhiteSite
6839,24,18
timeStep,numberOfRobotsOnBlackSite,numberOfRobotsOnWhiteSite
6840,24,18
timeStep,numberOfRobotsOnBlackSite,numberOfRobotsOnWhiteSite
6841,24,18
timeStep,numberOfRobotsOnBlackSite,numberOfRobotsOnWhiteSite
6842,24,18
timeStep,numberOfRobotsOnBlackSite,numberOfRobotsOnWhiteSite
6843,24,18
timeStep,numberOfRobotsOnBlackSite,numberOfRobotsOnWhiteSite
6844,24,18
timeStep,numberOfRobotsOnBlackSite,numberOfRobotsOnWhiteSite
6845,24,18
timeStep,numberOfRobotsOnBlackSite,numberOfRobotsOnWhiteSite
6846,24,18
timeStep,numberOfRobotsOnBlackSite,numberOfRobotsOnWhiteSite
6847,24,18
timeStep,numberOfRobotsOnBlackSite,numberOfRobotsOnWhiteSite
6848,24,18
timeStep,numberOfRobotsOnBlackSite,numberOfRobotsOnWhiteSite
6849,24,18
timeStep,numberOfRobotsOnBlackSite,numberOfRobotsOnWhiteSite
6850,24,18
timeStep,numberOfRobotsOnBlackSite,numberOfRobotsOnWhiteSite
6851,24,18
timeStep,numberOfRobotsOnBlackSite,numberOfRobotsOnWhiteSite
6852,24,18
timeStep,numberOfRobotsOnBlackSite,numberOfRobotsOnWhiteSite
6853,24,18
timeStep,numberOfRobotsOnBlackSite,numberOfRobotsOnWhiteSite
6854,24,18
timeStep,numberOfRobotsOnBlackSite,numberOfRobotsOnWhiteSite
6855,24,18
timeStep,numberOfRobotsOnBlackSite,numberOfRobotsOnWhiteSite
6856,24,18
timeStep,numberOfRobotsOnBlackSite,numberOfRobotsOnWhiteSite
6857,24,18
timeStep,numberOfRobotsOnBlackSite,numberOfRobotsOnWhiteSite
6858,24,18
timeStep,numberOfRobotsOnBlackSite,numberOfRobotsOnWhiteSite
6859,24,18
timeStep,numberOfRobotsOnBlackSite,numberOfRobotsOnWhiteSite
6860,24,18
timeStep,numberOfRobotsOnBlackSite,numberOfRobotsOnWhiteSite
6861,24,18
timeStep,numberOfRobotsOnBlackSite,numberOfRobotsOnWhiteSite
6862,24,18
timeStep,numberOfRobotsOnBlackSite,numberOfRobotsOnWhiteSite
6863,24,18
timeStep,numberOfRobotsOnBlackSite,numberOfRobotsOnWhiteSite
6864,24,18
timeStep,numberOfRobotsOnBlackSite,numberOfRobotsOnWhiteSite
6865,24,18
timeStep,numberOfRobotsOnBlackSite,numberOfRobotsOnWhiteSite
6866,24,18
timeStep,numberOfRobotsOnBlackSite,numberOfRobotsOnWhiteSite
6867,24,18
timeStep,numberOfRobotsOnBlackSite,numberOfRobotsOnWhiteSite
6868,24,18
timeStep,numberOfRobotsOnBlackSite,numberOfRobotsOnWhiteSite
6869,24,18
timeStep,numberOfRobotsOnBlackSite,numberOfRobotsOnWhiteSite
6870,24,18
timeStep,numberOfRobotsOnBlackSite,numberOfRobotsOnWhiteSite
6871,24,18
timeStep,numberOfRobotsOnBlackSite,numberOfRobotsOnWhiteSite
6872,24,18
timeStep,numberOfRobotsOnBlackSite,numberOfRobotsOnWhiteSite
6873,24,18
timeStep,numberOfRobotsOnBlackSite,numberOfRobotsOnWhiteSite
6874,24,18
timeStep,numberOfRobotsOnBlackSite,numberOfRobotsOnWhiteSite
6875,24,18
timeStep,numberOfRobotsOnBlackSite,numberOfRobotsOnWhiteSite
6876,24,18
timeStep,numberOfRobotsOnBlackSite,numberOfRobotsOnWhiteSite
6877,24,18
timeStep,numberOfRobotsOnBlackSite,numberOfRobotsOnWhiteSite
6878,24,18
timeStep,numberOfRobotsOnBlackSite,numberOfRobotsOnWhiteSite
6879,24,18
timeStep,numberOfRobotsOnBlackSite,numberOfRobotsOnWhiteSite
6880,24,18
timeStep,numberOfRobotsOnBlackSite,numberOfRobotsOnWhiteSite
6881,24,18
timeStep,numberOfRobotsOnBlackSite,numberOfRobotsOnWhiteSite
6882,24,18
timeStep,numberOfRobotsOnBlackSite,numberOfRobotsOnWhiteSite
6883,24,18
timeStep,numberOfRobotsOnBlackSite,numberOfRobotsOnWhiteSite
6884,24,18
timeStep,numberOfRobotsOnBlackSite,numberOfRobotsOnWhiteSite
6885,24,18
timeStep,numberOfRobotsOnBlackSite,numberOfRobotsOnWhiteSite
6886,24,18
timeStep,numberOfRobotsOnBlackSite,numberOfRobotsOnWhiteSite
6887,24,18
timeStep,numberOfRobotsOnBlackSite,numberOfRobotsOnWhiteSite
6888,24,18
timeStep,numberOfRobotsOnBlackSite,numberOfRobotsOnWhiteSite
6889,24,18
timeStep,numberOfRobotsOnBlackSite,numberOfRobotsOnWhiteSite
6890,24,17
timeStep,numberOfRobotsOnBlackSite,numberOfRobotsOnWhiteSite
6891,24,17
timeStep,numberOfRobotsOnBlackSite,numberOfRobotsOnWhiteSite
6892,24,17
timeStep,numberOfRobotsOnBlackSite,numberOfRobotsOnWhiteSite
6893,24,17
timeStep,numberOfRobotsOnBlackSite,numberOfRobotsOnWhiteSite
6894,24,17
timeStep,numberOfRobotsOnBlackSite,numberOfRobotsOnWhiteSite
6895,24,17
timeStep,numberOfRobotsOnBlackSite,numberOfRobotsOnWhiteSite
6896,24,17
timeStep,numberOfRobotsOnBlackSite,numberOfRobotsOnWhiteSite
6897,24,17
timeStep,numberOfRobotsOnBlackSite,numberOfRobotsOnWhiteSite
6898,24,17
timeStep,numberOfRobotsOnBlackSite,numberOfRobotsOnWhiteSite
6899,24,17
timeStep,numberOfRobotsOnBlackSite,numberOfRobotsOnWhiteSite
6900,24,17
timeStep,numberOfRobotsOnBlackSite,numberOfRobotsOnWhiteSite
6901,24,17
timeStep,numberOfRobotsOnBlackSite,numberOfRobotsOnWhiteSite
6902,24,17
timeStep,numberOfRobotsOnBlackSite,numberOfRobotsOnWhiteSite
6903,24,17
timeStep,numberOfRobotsOnBlackSite,numberOfRobotsOnWhiteSite
6904,24,17
timeStep,numberOfRobotsOnBlackSite,numberOfRobotsOnWhiteSite
6905,24,17
timeStep,numberOfRobotsOnBlackSite,numberOfRobotsOnWhiteSite
6906,24,17
timeStep,numberOfRobotsOnBlackSite,numberOfRobotsOnWhiteSite
6907,24,17
timeStep,numberOfRobotsOnBlackSite,numberOfRobotsOnWhiteSite
6908,24,17
timeStep,numberOfRobotsOnBlackSite,numberOfRobotsOnWhiteSite
6909,24,17
timeStep,numberOfRobotsOnBlackSite,numberOfRobotsOnWhiteSite
6910,24,17
timeStep,numberOfRobotsOnBlackSite,numberOfRobotsOnWhiteSite
6911,24,17
timeStep,numberOfRobotsOnBlackSite,numberOfRobotsOnWhiteSite
6912,24,17
timeStep,numberOfRobotsOnBlackSite,numberOfRobotsOnWhiteSite
6913,24,17
timeStep,numberOfRobotsOnBlackSite,numberOfRobotsOnWhiteSite
6914,24,17
timeStep,numberOfRobotsOnBlackSite,numberOfRobotsOnWhiteSite
6915,24,17
timeStep,numberOfRobotsOnBlackSite,numberOfRobotsOnWhiteSite
6916,24,17
timeStep,numberOfRobotsOnBlackSite,numberOfRobotsOnWhiteSite
6917,24,17
timeStep,numberOfRobotsOnBlackSite,numberOfRobotsOnWhiteSite
6918,24,17
timeStep,numberOfRobotsOnBlackSite,numberOfRobotsOnWhiteSite
6919,24,17
timeStep,numberOfRobotsOnBlackSite,numberOfRobotsOnWhiteSite
6920,24,17
timeStep,numberOfRobotsOnBlackSite,numberOfRobotsOnWhiteSite
6921,24,17
timeStep,numberOfRobotsOnBlackSite,numberOfRobotsOnWhiteSite
6922,24,17
timeStep,numberOfRobotsOnBlackSite,numberOfRobotsOnWhiteSite
6923,24,17
timeStep,numberOfRobotsOnBlackSite,numberOfRobotsOnWhiteSite
6924,24,17
timeStep,numberOfRobotsOnBlackSite,numberOfRobotsOnWhiteSite
6925,24,17
timeStep,numberOfRobotsOnBlackSite,numberOfRobotsOnWhiteSite
6926,24,17
timeStep,numberOfRobotsOnBlackSite,numberOfRobotsOnWhiteSite
6927,24,17
timeStep,numberOfRobotsOnBlackSite,numberOfRobotsOnWhiteSite
6928,24,17
timeStep,numberOfRobotsOnBlackSite,numberOfRobotsOnWhiteSite
6929,24,17
timeStep,numberOfRobotsOnBlackSite,numberOfRobotsOnWhiteSite
6930,24,17
timeStep,numberOfRobotsOnBlackSite,numberOfRobotsOnWhiteSite
6931,24,17
timeStep,numberOfRobotsOnBlackSite,numberOfRobotsOnWhiteSite
6932,24,17
timeStep,numberOfRobotsOnBlackSite,numberOfRobotsOnWhiteSite
6933,24,17
timeStep,numberOfRobotsOnBlackSite,numberOfRobotsOnWhiteSite
6934,24,17
timeStep,numberOfRobotsOnBlackSite,numberOfRobotsOnWhiteSite
6935,24,17
timeStep,numberOfRobotsOnBlackSite,numberOfRobotsOnWhiteSite
6936,24,17
timeStep,numberOfRobotsOnBlackSite,numberOfRobotsOnWhiteSite
6937,24,17
timeStep,numberOfRobotsOnBlackSite,numberOfRobotsOnWhiteSite
6938,24,17
timeStep,numberOfRobotsOnBlackSite,numberOfRobotsOnWhiteSite
6939,24,17
timeStep,numberOfRobotsOnBlackSite,numberOfRobotsOnWhiteSite
6940,24,17
timeStep,numberOfRobotsOnBlackSite,numberOfRobotsOnWhiteSite
6941,24,17
timeStep,numberOfRobotsOnBlackSite,numberOfRobotsOnWhiteSite
6942,24,17
timeStep,numberOfRobotsOnBlackSite,numberOfRobotsOnWhiteSite
6943,24,17
timeStep,numberOfRobotsOnBlackSite,numberOfRobotsOnWhiteSite
6944,24,17
timeStep,numberOfRobotsOnBlackSite,numberOfRobotsOnWhiteSite
6945,24,17
timeStep,numberOfRobotsOnBlackSite,numberOfRobotsOnWhiteSite
6946,24,17
timeStep,numberOfRobotsOnBlackSite,numberOfRobotsOnWhiteSite
6947,24,17
timeStep,numberOfRobotsOnBlackSite,numberOfRobotsOnWhiteSite
6948,24,17
timeStep,numberOfRobotsOnBlackSite,numberOfRobotsOnWhiteSite
6949,24,17
timeStep,numberOfRobotsOnBlackSite,numberOfRobotsOnWhiteSite
6950,24,17
timeStep,numberOfRobotsOnBlackSite,numberOfRobotsOnWhiteSite
6951,24,17
timeStep,numberOfRobotsOnBlackSite,numberOfRobotsOnWhiteSite
6952,24,17
timeStep,numberOfRobotsOnBlackSite,numberOfRobotsOnWhiteSite
6953,24,17
timeStep,numberOfRobotsOnBlackSite,numberOfRobotsOnWhiteSite
6954,24,17
timeStep,numberOfRobotsOnBlackSite,numberOfRobotsOnWhiteSite
6955,24,17
timeStep,numberOfRobotsOnBlackSite,numberOfRobotsOnWhiteSite
6956,24,17
timeStep,numberOfRobotsOnBlackSite,numberOfRobotsOnWhiteSite
6957,24,17
timeStep,numberOfRobotsOnBlackSite,numberOfRobotsOnWhiteSite
6958,24,17
timeStep,numberOfRobotsOnBlackSite,numberOfRobotsOnWhiteSite
6959,24,17
timeStep,numberOfRobotsOnBlackSite,numberOfRobotsOnWhiteSite
6960,24,17
timeStep,numberOfRobotsOnBlackSite,numberOfRobotsOnWhiteSite
6961,24,17
timeStep,numberOfRobotsOnBlackSite,numberOfRobotsOnWhiteSite
6962,24,17
timeStep,numberOfRobotsOnBlackSite,numberOfRobotsOnWhiteSite
6963,24,17
timeStep,numberOfRobotsOnBlackSite,numberOfRobotsOnWhiteSite
6964,24,17
timeStep,numberOfRobotsOnBlackSite,numberOfRobotsOnWhiteSite
6965,24,17
timeStep,numberOfRobotsOnBlackSite,numberOfRobotsOnWhiteSite
6966,24,17
timeStep,numberOfRobotsOnBlackSite,numberOfRobotsOnWhiteSite
6967,24,17
timeStep,numberOfRobotsOnBlackSite,numberOfRobotsOnWhiteSite
6968,24,17
timeStep,numberOfRobotsOnBlackSite,numberOfRobotsOnWhiteSite
6969,24,17
timeStep,numberOfRobotsOnBlackSite,numberOfRobotsOnWhiteSite
6970,24,18
timeStep,numberOfRobotsOnBlackSite,numberOfRobotsOnWhiteSite
6971,24,18
timeStep,numberOfRobotsOnBlackSite,numberOfRobotsOnWhiteSite
6972,24,18
timeStep,numberOfRobotsOnBlackSite,numberOfRobotsOnWhiteSite
6973,24,18
timeStep,numberOfRobotsOnBlackSite,numberOfRobotsOnWhiteSite
6974,24,18
timeStep,numberOfRobotsOnBlackSite,numberOfRobotsOnWhiteSite
6975,24,18
timeStep,numberOfRobotsOnBlackSite,numberOfRobotsOnWhiteSite
6976,24,18
timeStep,numberOfRobotsOnBlackSite,numberOfRobotsOnWhiteSite
6977,24,18
timeStep,numberOfRobotsOnBlackSite,numberOfRobotsOnWhiteSite
6978,24,18
timeStep,numberOfRobotsOnBlackSite,numberOfRobotsOnWhiteSite
6979,24,18
timeStep,numberOfRobotsOnBlackSite,numberOfRobotsOnWhiteSite
6980,24,18
timeStep,numberOfRobotsOnBlackSite,numberOfRobotsOnWhiteSite
6981,24,18
timeStep,numberOfRobotsOnBlackSite,numberOfRobotsOnWhiteSite
6982,24,18
timeStep,numberOfRobotsOnBlackSite,numberOfRobotsOnWhiteSite
6983,24,18
timeStep,numberOfRobotsOnBlackSite,numberOfRobotsOnWhiteSite
6984,24,18
timeStep,numberOfRobotsOnBlackSite,numberOfRobotsOnWhiteSite
6985,24,17
timeStep,numberOfRobotsOnBlackSite,numberOfRobotsOnWhiteSite
6986,24,17
timeStep,numberOfRobotsOnBlackSite,numberOfRobotsOnWhiteSite
6987,24,17
timeStep,numberOfRobotsOnBlackSite,numberOfRobotsOnWhiteSite
6988,24,17
timeStep,numberOfRobotsOnBlackSite,numberOfRobotsOnWhiteSite
6989,24,17
timeStep,numberOfRobotsOnBlackSite,numberOfRobotsOnWhiteSite
6990,25,17
timeStep,numberOfRobotsOnBlackSite,numberOfRobotsOnWhiteSite
6991,25,17
timeStep,numberOfRobotsOnBlackSite,numberOfRobotsOnWhiteSite
6992,25,17
timeStep,numberOfRobotsOnBlackSite,numberOfRobotsOnWhiteSite
6993,25,17
timeStep,numberOfRobotsOnBlackSite,numberOfRobotsOnWhiteSite
6994,25,17
timeStep,numberOfRobotsOnBlackSite,numberOfRobotsOnWhiteSite
6995,25,17
timeStep,numberOfRobotsOnBlackSite,numberOfRobotsOnWhiteSite
6996,25,17
timeStep,numberOfRobotsOnBlackSite,numberOfRobotsOnWhiteSite
6997,25,17
timeStep,numberOfRobotsOnBlackSite,numberOfRobotsOnWhiteSite
6998,25,17
timeStep,numberOfRobotsOnBlackSite,numberOfRobotsOnWhiteSite
6999,25,17
timeStep,numberOfRobotsOnBlackSite,numberOfRobotsOnWhiteSite
7000,25,17
timeStep,numberOfRobotsOnBlackSite,numberOfRobotsOnWhiteSite
7001,25,17
timeStep,numberOfRobotsOnBlackSite,numberOfRobotsOnWhiteSite
7002,25,17
timeStep,numberOfRobotsOnBlackSite,numberOfRobotsOnWhiteSite
7003,25,17
timeStep,numberOfRobotsOnBlackSite,numberOfRobotsOnWhiteSite
7004,25,17
timeStep,numberOfRobotsOnBlackSite,numberOfRobotsOnWhiteSite
7005,25,17
timeStep,numberOfRobotsOnBlackSite,numberOfRobotsOnWhiteSite
7006,25,17
timeStep,numberOfRobotsOnBlackSite,numberOfRobotsOnWhiteSite
7007,25,17
timeStep,numberOfRobotsOnBlackSite,numberOfRobotsOnWhiteSite
7008,25,17
timeStep,numberOfRobotsOnBlackSite,numberOfRobotsOnWhiteSite
7009,25,17
timeStep,numberOfRobotsOnBlackSite,numberOfRobotsOnWhiteSite
7010,25,17
timeStep,numberOfRobotsOnBlackSite,numberOfRobotsOnWhiteSite
7011,25,17
timeStep,numberOfRobotsOnBlackSite,numberOfRobotsOnWhiteSite
7012,25,17
timeStep,numberOfRobotsOnBlackSite,numberOfRobotsOnWhiteSite
7013,25,17
timeStep,numberOfRobotsOnBlackSite,numberOfRobotsOnWhiteSite
7014,25,17
timeStep,numberOfRobotsOnBlackSite,numberOfRobotsOnWhiteSite
7015,25,17
timeStep,numberOfRobotsOnBlackSite,numberOfRobotsOnWhiteSite
7016,25,17
timeStep,numberOfRobotsOnBlackSite,numberOfRobotsOnWhiteSite
7017,25,17
timeStep,numberOfRobotsOnBlackSite,numberOfRobotsOnWhiteSite
7018,25,17
timeStep,numberOfRobotsOnBlackSite,numberOfRobotsOnWhiteSite
7019,25,17
timeStep,numberOfRobotsOnBlackSite,numberOfRobotsOnWhiteSite
7020,25,17
timeStep,numberOfRobotsOnBlackSite,numberOfRobotsOnWhiteSite
7021,25,17
timeStep,numberOfRobotsOnBlackSite,numberOfRobotsOnWhiteSite
7022,25,17
timeStep,numberOfRobotsOnBlackSite,numberOfRobotsOnWhiteSite
7023,25,17
timeStep,numberOfRobotsOnBlackSite,numberOfRobotsOnWhiteSite
7024,25,17
timeStep,numberOfRobotsOnBlackSite,numberOfRobotsOnWhiteSite
7025,25,17
timeStep,numberOfRobotsOnBlackSite,numberOfRobotsOnWhiteSite
7026,25,17
timeStep,numberOfRobotsOnBlackSite,numberOfRobotsOnWhiteSite
7027,25,17
timeStep,numberOfRobotsOnBlackSite,numberOfRobotsOnWhiteSite
7028,25,17
timeStep,numberOfRobotsOnBlackSite,numberOfRobotsOnWhiteSite
7029,25,17
timeStep,numberOfRobotsOnBlackSite,numberOfRobotsOnWhiteSite
7030,25,17
timeStep,numberOfRobotsOnBlackSite,numberOfRobotsOnWhiteSite
7031,25,17
timeStep,numberOfRobotsOnBlackSite,numberOfRobotsOnWhiteSite
7032,25,17
timeStep,numberOfRobotsOnBlackSite,numberOfRobotsOnWhiteSite
7033,25,17
timeStep,numberOfRobotsOnBlackSite,numberOfRobotsOnWhiteSite
7034,25,17
timeStep,numberOfRobotsOnBlackSite,numberOfRobotsOnWhiteSite
7035,25,17
timeStep,numberOfRobotsOnBlackSite,numberOfRobotsOnWhiteSite
7036,25,17
timeStep,numberOfRobotsOnBlackSite,numberOfRobotsOnWhiteSite
7037,25,17
timeStep,numberOfRobotsOnBlackSite,numberOfRobotsOnWhiteSite
7038,25,17
timeStep,numberOfRobotsOnBlackSite,numberOfRobotsOnWhiteSite
7039,25,17
timeStep,numberOfRobotsOnBlackSite,numberOfRobotsOnWhiteSite
7040,25,17
timeStep,numberOfRobotsOnBlackSite,numberOfRobotsOnWhiteSite
7041,25,17
timeStep,numberOfRobotsOnBlackSite,numberOfRobotsOnWhiteSite
7042,25,17
timeStep,numberOfRobotsOnBlackSite,numberOfRobotsOnWhiteSite
7043,25,17
timeStep,numberOfRobotsOnBlackSite,numberOfRobotsOnWhiteSite
7044,25,17
timeStep,numberOfRobotsOnBlackSite,numberOfRobotsOnWhiteSite
7045,25,18
timeStep,numberOfRobotsOnBlackSite,numberOfRobotsOnWhiteSite
7046,25,18
timeStep,numberOfRobotsOnBlackSite,numberOfRobotsOnWhiteSite
7047,25,18
timeStep,numberOfRobotsOnBlackSite,numberOfRobotsOnWhiteSite
7048,25,18
timeStep,numberOfRobotsOnBlackSite,numberOfRobotsOnWhiteSite
7049,25,18
timeStep,numberOfRobotsOnBlackSite,numberOfRobotsOnWhiteSite
7050,25,18
timeStep,numberOfRobotsOnBlackSite,numberOfRobotsOnWhiteSite
7051,25,18
timeStep,numberOfRobotsOnBlackSite,numberOfRobotsOnWhiteSite
7052,25,18
timeStep,numberOfRobotsOnBlackSite,numberOfRobotsOnWhiteSite
7053,25,18
timeStep,numberOfRobotsOnBlackSite,numberOfRobotsOnWhiteSite
7054,25,18
timeStep,numberOfRobotsOnBlackSite,numberOfRobotsOnWhiteSite
7055,25,18
timeStep,numberOfRobotsOnBlackSite,numberOfRobotsOnWhiteSite
7056,25,18
timeStep,numberOfRobotsOnBlackSite,numberOfRobotsOnWhiteSite
7057,25,18
timeStep,numberOfRobotsOnBlackSite,numberOfRobotsOnWhiteSite
7058,25,18
timeStep,numberOfRobotsOnBlackSite,numberOfRobotsOnWhiteSite
7059,25,18
timeStep,numberOfRobotsOnBlackSite,numberOfRobotsOnWhiteSite
7060,25,18
timeStep,numberOfRobotsOnBlackSite,numberOfRobotsOnWhiteSite
7061,25,18
timeStep,numberOfRobotsOnBlackSite,numberOfRobotsOnWhiteSite
7062,25,18
timeStep,numberOfRobotsOnBlackSite,numberOfRobotsOnWhiteSite
7063,25,18
timeStep,numberOfRobotsOnBlackSite,numberOfRobotsOnWhiteSite
7064,25,18
timeStep,numberOfRobotsOnBlackSite,numberOfRobotsOnWhiteSite
7065,25,17
timeStep,numberOfRobotsOnBlackSite,numberOfRobotsOnWhiteSite
7066,25,17
timeStep,numberOfRobotsOnBlackSite,numberOfRobotsOnWhiteSite
7067,25,17
timeStep,numberOfRobotsOnBlackSite,numberOfRobotsOnWhiteSite
7068,25,17
timeStep,numberOfRobotsOnBlackSite,numberOfRobotsOnWhiteSite
7069,25,17
timeStep,numberOfRobotsOnBlackSite,numberOfRobotsOnWhiteSite
7070,25,17
timeStep,numberOfRobotsOnBlackSite,numberOfRobotsOnWhiteSite
7071,25,17
timeStep,numberOfRobotsOnBlackSite,numberOfRobotsOnWhiteSite
7072,25,17
timeStep,numberOfRobotsOnBlackSite,numberOfRobotsOnWhiteSite
7073,25,17
timeStep,numberOfRobotsOnBlackSite,numberOfRobotsOnWhiteSite
7074,25,17
timeStep,numberOfRobotsOnBlackSite,numberOfRobotsOnWhiteSite
7075,25,17
timeStep,numberOfRobotsOnBlackSite,numberOfRobotsOnWhiteSite
7076,25,17
timeStep,numberOfRobotsOnBlackSite,numberOfRobotsOnWhiteSite
7077,25,17
timeStep,numberOfRobotsOnBlackSite,numberOfRobotsOnWhiteSite
7078,25,17
timeStep,numberOfRobotsOnBlackSite,numberOfRobotsOnWhiteSite
7079,25,17
timeStep,numberOfRobotsOnBlackSite,numberOfRobotsOnWhiteSite
7080,25,17
timeStep,numberOfRobotsOnBlackSite,numberOfRobotsOnWhiteSite
7081,25,17
timeStep,numberOfRobotsOnBlackSite,numberOfRobotsOnWhiteSite
7082,25,17
timeStep,numberOfRobotsOnBlackSite,numberOfRobotsOnWhiteSite
7083,25,17
timeStep,numberOfRobotsOnBlackSite,numberOfRobotsOnWhiteSite
7084,25,17
timeStep,numberOfRobotsOnBlackSite,numberOfRobotsOnWhiteSite
7085,25,17
timeStep,numberOfRobotsOnBlackSite,numberOfRobotsOnWhiteSite
7086,25,17
timeStep,numberOfRobotsOnBlackSite,numberOfRobotsOnWhiteSite
7087,25,17
timeStep,numberOfRobotsOnBlackSite,numberOfRobotsOnWhiteSite
7088,25,17
timeStep,numberOfRobotsOnBlackSite,numberOfRobotsOnWhiteSite
7089,25,17
timeStep,numberOfRobotsOnBlackSite,numberOfRobotsOnWhiteSite
7090,24,17
timeStep,numberOfRobotsOnBlackSite,numberOfRobotsOnWhiteSite
7091,24,17
timeStep,numberOfRobotsOnBlackSite,numberOfRobotsOnWhiteSite
7092,24,17
timeStep,numberOfRobotsOnBlackSite,numberOfRobotsOnWhiteSite
7093,24,17
timeStep,numberOfRobotsOnBlackSite,numberOfRobotsOnWhiteSite
7094,24,17
timeStep,numberOfRobotsOnBlackSite,numberOfRobotsOnWhiteSite
7095,24,17
timeStep,numberOfRobotsOnBlackSite,numberOfRobotsOnWhiteSite
7096,24,17
timeStep,numberOfRobotsOnBlackSite,numberOfRobotsOnWhiteSite
7097,24,17
timeStep,numberOfRobotsOnBlackSite,numberOfRobotsOnWhiteSite
7098,24,17
timeStep,numberOfRobotsOnBlackSite,numberOfRobotsOnWhiteSite
7099,24,17
timeStep,numberOfRobotsOnBlackSite,numberOfRobotsOnWhiteSite
7100,24,17
timeStep,numberOfRobotsOnBlackSite,numberOfRobotsOnWhiteSite
7101,24,17
timeStep,numberOfRobotsOnBlackSite,numberOfRobotsOnWhiteSite
7102,24,17
timeStep,numberOfRobotsOnBlackSite,numberOfRobotsOnWhiteSite
7103,24,17
timeStep,numberOfRobotsOnBlackSite,numberOfRobotsOnWhiteSite
7104,24,17
timeStep,numberOfRobotsOnBlackSite,numberOfRobotsOnWhiteSite
7105,24,17
timeStep,numberOfRobotsOnBlackSite,numberOfRobotsOnWhiteSite
7106,24,17
timeStep,numberOfRobotsOnBlackSite,numberOfRobotsOnWhiteSite
7107,24,17
timeStep,numberOfRobotsOnBlackSite,numberOfRobotsOnWhiteSite
7108,24,17
timeStep,numberOfRobotsOnBlackSite,numberOfRobotsOnWhiteSite
7109,24,17
timeStep,numberOfRobotsOnBlackSite,numberOfRobotsOnWhiteSite
7110,24,17
timeStep,numberOfRobotsOnBlackSite,numberOfRobotsOnWhiteSite
7111,24,17
timeStep,numberOfRobotsOnBlackSite,numberOfRobotsOnWhiteSite
7112,24,17
timeStep,numberOfRobotsOnBlackSite,numberOfRobotsOnWhiteSite
7113,24,17
timeStep,numberOfRobotsOnBlackSite,numberOfRobotsOnWhiteSite
7114,24,17
timeStep,numberOfRobotsOnBlackSite,numberOfRobotsOnWhiteSite
7115,24,17
timeStep,numberOfRobotsOnBlackSite,numberOfRobotsOnWhiteSite
7116,24,17
timeStep,numberOfRobotsOnBlackSite,numberOfRobotsOnWhiteSite
7117,24,17
timeStep,numberOfRobotsOnBlackSite,numberOfRobotsOnWhiteSite
7118,24,17
timeStep,numberOfRobotsOnBlackSite,numberOfRobotsOnWhiteSite
7119,24,17
timeStep,numberOfRobotsOnBlackSite,numberOfRobotsOnWhiteSite
7120,24,17
timeStep,numberOfRobotsOnBlackSite,numberOfRobotsOnWhiteSite
7121,24,17
timeStep,numberOfRobotsOnBlackSite,numberOfRobotsOnWhiteSite
7122,24,17
timeStep,numberOfRobotsOnBlackSite,numberOfRobotsOnWhiteSite
7123,24,17
timeStep,numberOfRobotsOnBlackSite,numberOfRobotsOnWhiteSite
7124,24,17
timeStep,numberOfRobotsOnBlackSite,numberOfRobotsOnWhiteSite
7125,24,17
timeStep,numberOfRobotsOnBlackSite,numberOfRobotsOnWhiteSite
7126,24,17
timeStep,numberOfRobotsOnBlackSite,numberOfRobotsOnWhiteSite
7127,24,17
timeStep,numberOfRobotsOnBlackSite,numberOfRobotsOnWhiteSite
7128,24,17
timeStep,numberOfRobotsOnBlackSite,numberOfRobotsOnWhiteSite
7129,24,17
timeStep,numberOfRobotsOnBlackSite,numberOfRobotsOnWhiteSite
7130,24,17
timeStep,numberOfRobotsOnBlackSite,numberOfRobotsOnWhiteSite
7131,24,17
timeStep,numberOfRobotsOnBlackSite,numberOfRobotsOnWhiteSite
7132,24,17
timeStep,numberOfRobotsOnBlackSite,numberOfRobotsOnWhiteSite
7133,24,17
timeStep,numberOfRobotsOnBlackSite,numberOfRobotsOnWhiteSite
7134,24,17
timeStep,numberOfRobotsOnBlackSite,numberOfRobotsOnWhiteSite
7135,24,17
timeStep,numberOfRobotsOnBlackSite,numberOfRobotsOnWhiteSite
7136,24,17
timeStep,numberOfRobotsOnBlackSite,numberOfRobotsOnWhiteSite
7137,24,17
timeStep,numberOfRobotsOnBlackSite,numberOfRobotsOnWhiteSite
7138,24,17
timeStep,numberOfRobotsOnBlackSite,numberOfRobotsOnWhiteSite
7139,24,17
timeStep,numberOfRobotsOnBlackSite,numberOfRobotsOnWhiteSite
7140,24,17
timeStep,numberOfRobotsOnBlackSite,numberOfRobotsOnWhiteSite
7141,24,17
timeStep,numberOfRobotsOnBlackSite,numberOfRobotsOnWhiteSite
7142,24,17
timeStep,numberOfRobotsOnBlackSite,numberOfRobotsOnWhiteSite
7143,24,17
timeStep,numberOfRobotsOnBlackSite,numberOfRobotsOnWhiteSite
7144,24,17
timeStep,numberOfRobotsOnBlackSite,numberOfRobotsOnWhiteSite
7145,24,17
timeStep,numberOfRobotsOnBlackSite,numberOfRobotsOnWhiteSite
7146,24,17
timeStep,numberOfRobotsOnBlackSite,numberOfRobotsOnWhiteSite
7147,24,17
timeStep,numberOfRobotsOnBlackSite,numberOfRobotsOnWhiteSite
7148,24,17
timeStep,numberOfRobotsOnBlackSite,numberOfRobotsOnWhiteSite
7149,24,17
timeStep,numberOfRobotsOnBlackSite,numberOfRobotsOnWhiteSite
7150,24,17
timeStep,numberOfRobotsOnBlackSite,numberOfRobotsOnWhiteSite
7151,24,17
timeStep,numberOfRobotsOnBlackSite,numberOfRobotsOnWhiteSite
7152,24,17
timeStep,numberOfRobotsOnBlackSite,numberOfRobotsOnWhiteSite
7153,24,17
timeStep,numberOfRobotsOnBlackSite,numberOfRobotsOnWhiteSite
7154,24,17
timeStep,numberOfRobotsOnBlackSite,numberOfRobotsOnWhiteSite
7155,24,17
timeStep,numberOfRobotsOnBlackSite,numberOfRobotsOnWhiteSite
7156,24,17
timeStep,numberOfRobotsOnBlackSite,numberOfRobotsOnWhiteSite
7157,24,17
timeStep,numberOfRobotsOnBlackSite,numberOfRobotsOnWhiteSite
7158,24,17
timeStep,numberOfRobotsOnBlackSite,numberOfRobotsOnWhiteSite
7159,24,17
timeStep,numberOfRobotsOnBlackSite,numberOfRobotsOnWhiteSite
7160,24,17
timeStep,numberOfRobotsOnBlackSite,numberOfRobotsOnWhiteSite
7161,24,17
timeStep,numberOfRobotsOnBlackSite,numberOfRobotsOnWhiteSite
7162,24,17
timeStep,numberOfRobotsOnBlackSite,numberOfRobotsOnWhiteSite
7163,24,17
timeStep,numberOfRobotsOnBlackSite,numberOfRobotsOnWhiteSite
7164,24,17
timeStep,numberOfRobotsOnBlackSite,numberOfRobotsOnWhiteSite
7165,24,17
timeStep,numberOfRobotsOnBlackSite,numberOfRobotsOnWhiteSite
7166,24,17
timeStep,numberOfRobotsOnBlackSite,numberOfRobotsOnWhiteSite
7167,24,17
timeStep,numberOfRobotsOnBlackSite,numberOfRobotsOnWhiteSite
7168,24,17
timeStep,numberOfRobotsOnBlackSite,numberOfRobotsOnWhiteSite
7169,24,17
timeStep,numberOfRobotsOnBlackSite,numberOfRobotsOnWhiteSite
7170,24,17
timeStep,numberOfRobotsOnBlackSite,numberOfRobotsOnWhiteSite
7171,24,17
timeStep,numberOfRobotsOnBlackSite,numberOfRobotsOnWhiteSite
7172,24,17
timeStep,numberOfRobotsOnBlackSite,numberOfRobotsOnWhiteSite
7173,24,17
timeStep,numberOfRobotsOnBlackSite,numberOfRobotsOnWhiteSite
7174,24,17
timeStep,numberOfRobotsOnBlackSite,numberOfRobotsOnWhiteSite
7175,24,17
timeStep,numberOfRobotsOnBlackSite,numberOfRobotsOnWhiteSite
7176,24,17
timeStep,numberOfRobotsOnBlackSite,numberOfRobotsOnWhiteSite
7177,24,17
timeStep,numberOfRobotsOnBlackSite,numberOfRobotsOnWhiteSite
7178,24,17
timeStep,numberOfRobotsOnBlackSite,numberOfRobotsOnWhiteSite
7179,24,17
timeStep,numberOfRobotsOnBlackSite,numberOfRobotsOnWhiteSite
7180,24,17
timeStep,numberOfRobotsOnBlackSite,numberOfRobotsOnWhiteSite
7181,24,17
timeStep,numberOfRobotsOnBlackSite,numberOfRobotsOnWhiteSite
7182,24,17
timeStep,numberOfRobotsOnBlackSite,numberOfRobotsOnWhiteSite
7183,24,17
timeStep,numberOfRobotsOnBlackSite,numberOfRobotsOnWhiteSite
7184,24,17
timeStep,numberOfRobotsOnBlackSite,numberOfRobotsOnWhiteSite
7185,24,17
timeStep,numberOfRobotsOnBlackSite,numberOfRobotsOnWhiteSite
7186,24,17
timeStep,numberOfRobotsOnBlackSite,numberOfRobotsOnWhiteSite
7187,24,17
timeStep,numberOfRobotsOnBlackSite,numberOfRobotsOnWhiteSite
7188,24,17
timeStep,numberOfRobotsOnBlackSite,numberOfRobotsOnWhiteSite
7189,24,17
timeStep,numberOfRobotsOnBlackSite,numberOfRobotsOnWhiteSite
7190,24,17
timeStep,numberOfRobotsOnBlackSite,numberOfRobotsOnWhiteSite
7191,24,17
timeStep,numberOfRobotsOnBlackSite,numberOfRobotsOnWhiteSite
7192,24,17
timeStep,numberOfRobotsOnBlackSite,numberOfRobotsOnWhiteSite
7193,24,17
timeStep,numberOfRobotsOnBlackSite,numberOfRobotsOnWhiteSite
7194,24,17
timeStep,numberOfRobotsOnBlackSite,numberOfRobotsOnWhiteSite
7195,24,17
timeStep,numberOfRobotsOnBlackSite,numberOfRobotsOnWhiteSite
7196,24,17
timeStep,numberOfRobotsOnBlackSite,numberOfRobotsOnWhiteSite
7197,24,17
timeStep,numberOfRobotsOnBlackSite,numberOfRobotsOnWhiteSite
7198,24,17
timeStep,numberOfRobotsOnBlackSite,numberOfRobotsOnWhiteSite
7199,24,17
timeStep,numberOfRobotsOnBlackSite,numberOfRobotsOnWhiteSite
7200,24,17
timeStep,numberOfRobotsOnBlackSite,numberOfRobotsOnWhiteSite
7201,24,17
timeStep,numberOfRobotsOnBlackSite,numberOfRobotsOnWhiteSite
7202,24,17
timeStep,numberOfRobotsOnBlackSite,numberOfRobotsOnWhiteSite
7203,24,17
timeStep,numberOfRobotsOnBlackSite,numberOfRobotsOnWhiteSite
7204,24,17
timeStep,numberOfRobotsOnBlackSite,numberOfRobotsOnWhiteSite
7205,24,17
timeStep,numberOfRobotsOnBlackSite,numberOfRobotsOnWhiteSite
7206,24,17
timeStep,numberOfRobotsOnBlackSite,numberOfRobotsOnWhiteSite
7207,24,17
timeStep,numberOfRobotsOnBlackSite,numberOfRobotsOnWhiteSite
7208,24,17
timeStep,numberOfRobotsOnBlackSite,numberOfRobotsOnWhiteSite
7209,24,17
timeStep,numberOfRobotsOnBlackSite,numberOfRobotsOnWhiteSite
7210,25,17
timeStep,numberOfRobotsOnBlackSite,numberOfRobotsOnWhiteSite
7211,25,17
timeStep,numberOfRobotsOnBlackSite,numberOfRobotsOnWhiteSite
7212,25,17
timeStep,numberOfRobotsOnBlackSite,numberOfRobotsOnWhiteSite
7213,25,17
timeStep,numberOfRobotsOnBlackSite,numberOfRobotsOnWhiteSite
7214,25,17
timeStep,numberOfRobotsOnBlackSite,numberOfRobotsOnWhiteSite
7215,25,17
timeStep,numberOfRobotsOnBlackSite,numberOfRobotsOnWhiteSite
7216,25,17
timeStep,numberOfRobotsOnBlackSite,numberOfRobotsOnWhiteSite
7217,25,17
timeStep,numberOfRobotsOnBlackSite,numberOfRobotsOnWhiteSite
7218,25,17
timeStep,numberOfRobotsOnBlackSite,numberOfRobotsOnWhiteSite
7219,25,17
timeStep,numberOfRobotsOnBlackSite,numberOfRobotsOnWhiteSite
7220,25,17
timeStep,numberOfRobotsOnBlackSite,numberOfRobotsOnWhiteSite
7221,25,17
timeStep,numberOfRobotsOnBlackSite,numberOfRobotsOnWhiteSite
7222,25,17
timeStep,numberOfRobotsOnBlackSite,numberOfRobotsOnWhiteSite
7223,25,17
timeStep,numberOfRobotsOnBlackSite,numberOfRobotsOnWhiteSite
7224,25,17
timeStep,numberOfRobotsOnBlackSite,numberOfRobotsOnWhiteSite
7225,25,17
timeStep,numberOfRobotsOnBlackSite,numberOfRobotsOnWhiteSite
7226,25,17
timeStep,numberOfRobotsOnBlackSite,numberOfRobotsOnWhiteSite
7227,25,17
timeStep,numberOfRobotsOnBlackSite,numberOfRobotsOnWhiteSite
7228,25,17
timeStep,numberOfRobotsOnBlackSite,numberOfRobotsOnWhiteSite
7229,25,17
timeStep,numberOfRobotsOnBlackSite,numberOfRobotsOnWhiteSite
7230,25,17
timeStep,numberOfRobotsOnBlackSite,numberOfRobotsOnWhiteSite
7231,25,17
timeStep,numberOfRobotsOnBlackSite,numberOfRobotsOnWhiteSite
7232,25,17
timeStep,numberOfRobotsOnBlackSite,numberOfRobotsOnWhiteSite
7233,25,17
timeStep,numberOfRobotsOnBlackSite,numberOfRobotsOnWhiteSite
7234,25,17
timeStep,numberOfRobotsOnBlackSite,numberOfRobotsOnWhiteSite
7235,25,17
timeStep,numberOfRobotsOnBlackSite,numberOfRobotsOnWhiteSite
7236,25,17
timeStep,numberOfRobotsOnBlackSite,numberOfRobotsOnWhiteSite
7237,25,17
timeStep,numberOfRobotsOnBlackSite,numberOfRobotsOnWhiteSite
7238,25,17
timeStep,numberOfRobotsOnBlackSite,numberOfRobotsOnWhiteSite
7239,25,17
timeStep,numberOfRobotsOnBlackSite,numberOfRobotsOnWhiteSite
7240,25,17
timeStep,numberOfRobotsOnBlackSite,numberOfRobotsOnWhiteSite
7241,25,17
timeStep,numberOfRobotsOnBlackSite,numberOfRobotsOnWhiteSite
7242,25,17
timeStep,numberOfRobotsOnBlackSite,numberOfRobotsOnWhiteSite
7243,25,17
timeStep,numberOfRobotsOnBlackSite,numberOfRobotsOnWhiteSite
7244,25,17
timeStep,numberOfRobotsOnBlackSite,numberOfRobotsOnWhiteSite
7245,25,17
timeStep,numberOfRobotsOnBlackSite,numberOfRobotsOnWhiteSite
7246,25,17
timeStep,numberOfRobotsOnBlackSite,numberOfRobotsOnWhiteSite
7247,25,17
timeStep,numberOfRobotsOnBlackSite,numberOfRobotsOnWhiteSite
7248,25,17
timeStep,numberOfRobotsOnBlackSite,numberOfRobotsOnWhiteSite
7249,25,17
timeStep,numberOfRobotsOnBlackSite,numberOfRobotsOnWhiteSite
7250,25,17
timeStep,numberOfRobotsOnBlackSite,numberOfRobotsOnWhiteSite
7251,25,17
timeStep,numberOfRobotsOnBlackSite,numberOfRobotsOnWhiteSite
7252,25,17
timeStep,numberOfRobotsOnBlackSite,numberOfRobotsOnWhiteSite
7253,25,17
timeStep,numberOfRobotsOnBlackSite,numberOfRobotsOnWhiteSite
7254,25,17
timeStep,numberOfRobotsOnBlackSite,numberOfRobotsOnWhiteSite
7255,25,17
timeStep,numberOfRobotsOnBlackSite,numberOfRobotsOnWhiteSite
7256,25,17
timeStep,numberOfRobotsOnBlackSite,numberOfRobotsOnWhiteSite
7257,25,17
timeStep,numberOfRobotsOnBlackSite,numberOfRobotsOnWhiteSite
7258,25,17
timeStep,numberOfRobotsOnBlackSite,numberOfRobotsOnWhiteSite
7259,25,17
timeStep,numberOfRobotsOnBlackSite,numberOfRobotsOnWhiteSite
7260,25,17
timeStep,numberOfRobotsOnBlackSite,numberOfRobotsOnWhiteSite
7261,25,17
timeStep,numberOfRobotsOnBlackSite,numberOfRobotsOnWhiteSite
7262,25,17
timeStep,numberOfRobotsOnBlackSite,numberOfRobotsOnWhiteSite
7263,25,17
timeStep,numberOfRobotsOnBlackSite,numberOfRobotsOnWhiteSite
7264,25,17
timeStep,numberOfRobotsOnBlackSite,numberOfRobotsOnWhiteSite
7265,25,17
timeStep,numberOfRobotsOnBlackSite,numberOfRobotsOnWhiteSite
7266,25,17
timeStep,numberOfRobotsOnBlackSite,numberOfRobotsOnWhiteSite
7267,25,17
timeStep,numberOfRobotsOnBlackSite,numberOfRobotsOnWhiteSite
7268,25,17
timeStep,numberOfRobotsOnBlackSite,numberOfRobotsOnWhiteSite
7269,25,17
timeStep,numberOfRobotsOnBlackSite,numberOfRobotsOnWhiteSite
7270,25,17
timeStep,numberOfRobotsOnBlackSite,numberOfRobotsOnWhiteSite
7271,25,17
timeStep,numberOfRobotsOnBlackSite,numberOfRobotsOnWhiteSite
7272,25,17
timeStep,numberOfRobotsOnBlackSite,numberOfRobotsOnWhiteSite
7273,25,17
timeStep,numberOfRobotsOnBlackSite,numberOfRobotsOnWhiteSite
7274,25,17
timeStep,numberOfRobotsOnBlackSite,numberOfRobotsOnWhiteSite
7275,24,17
timeStep,numberOfRobotsOnBlackSite,numberOfRobotsOnWhiteSite
7276,24,17
timeStep,numberOfRobotsOnBlackSite,numberOfRobotsOnWhiteSite
7277,24,17
timeStep,numberOfRobotsOnBlackSite,numberOfRobotsOnWhiteSite
7278,24,17
timeStep,numberOfRobotsOnBlackSite,numberOfRobotsOnWhiteSite
7279,24,17
timeStep,numberOfRobotsOnBlackSite,numberOfRobotsOnWhiteSite
7280,25,17
timeStep,numberOfRobotsOnBlackSite,numberOfRobotsOnWhiteSite
7281,25,17
timeStep,numberOfRobotsOnBlackSite,numberOfRobotsOnWhiteSite
7282,25,17
timeStep,numberOfRobotsOnBlackSite,numberOfRobotsOnWhiteSite
7283,25,17
timeStep,numberOfRobotsOnBlackSite,numberOfRobotsOnWhiteSite
7284,25,17
timeStep,numberOfRobotsOnBlackSite,numberOfRobotsOnWhiteSite
7285,25,17
timeStep,numberOfRobotsOnBlackSite,numberOfRobotsOnWhiteSite
7286,25,17
timeStep,numberOfRobotsOnBlackSite,numberOfRobotsOnWhiteSite
7287,25,17
timeStep,numberOfRobotsOnBlackSite,numberOfRobotsOnWhiteSite
7288,25,17
timeStep,numberOfRobotsOnBlackSite,numberOfRobotsOnWhiteSite
7289,25,17
timeStep,numberOfRobotsOnBlackSite,numberOfRobotsOnWhiteSite
7290,25,17
timeStep,numberOfRobotsOnBlackSite,numberOfRobotsOnWhiteSite
7291,25,17
timeStep,numberOfRobotsOnBlackSite,numberOfRobotsOnWhiteSite
7292,25,17
timeStep,numberOfRobotsOnBlackSite,numberOfRobotsOnWhiteSite
7293,25,17
timeStep,numberOfRobotsOnBlackSite,numberOfRobotsOnWhiteSite
7294,25,17
timeStep,numberOfRobotsOnBlackSite,numberOfRobotsOnWhiteSite
7295,25,17
timeStep,numberOfRobotsOnBlackSite,numberOfRobotsOnWhiteSite
7296,25,17
timeStep,numberOfRobotsOnBlackSite,numberOfRobotsOnWhiteSite
7297,25,17
timeStep,numberOfRobotsOnBlackSite,numberOfRobotsOnWhiteSite
7298,25,17
timeStep,numberOfRobotsOnBlackSite,numberOfRobotsOnWhiteSite
7299,25,17
timeStep,numberOfRobotsOnBlackSite,numberOfRobotsOnWhiteSite
7300,25,17
timeStep,numberOfRobotsOnBlackSite,numberOfRobotsOnWhiteSite
7301,25,17
timeStep,numberOfRobotsOnBlackSite,numberOfRobotsOnWhiteSite
7302,25,17
timeStep,numberOfRobotsOnBlackSite,numberOfRobotsOnWhiteSite
7303,25,17
timeStep,numberOfRobotsOnBlackSite,numberOfRobotsOnWhiteSite
7304,25,17
timeStep,numberOfRobotsOnBlackSite,numberOfRobotsOnWhiteSite
7305,24,17
timeStep,numberOfRobotsOnBlackSite,numberOfRobotsOnWhiteSite
7306,24,17
timeStep,numberOfRobotsOnBlackSite,numberOfRobotsOnWhiteSite
7307,24,17
timeStep,numberOfRobotsOnBlackSite,numberOfRobotsOnWhiteSite
7308,24,17
timeStep,numberOfRobotsOnBlackSite,numberOfRobotsOnWhiteSite
7309,24,17
timeStep,numberOfRobotsOnBlackSite,numberOfRobotsOnWhiteSite
7310,24,17
timeStep,numberOfRobotsOnBlackSite,numberOfRobotsOnWhiteSite
7311,24,17
timeStep,numberOfRobotsOnBlackSite,numberOfRobotsOnWhiteSite
7312,24,17
timeStep,numberOfRobotsOnBlackSite,numberOfRobotsOnWhiteSite
7313,24,17
timeStep,numberOfRobotsOnBlackSite,numberOfRobotsOnWhiteSite
7314,24,17
timeStep,numberOfRobotsOnBlackSite,numberOfRobotsOnWhiteSite
7315,24,17
timeStep,numberOfRobotsOnBlackSite,numberOfRobotsOnWhiteSite
7316,24,17
timeStep,numberOfRobotsOnBlackSite,numberOfRobotsOnWhiteSite
7317,24,17
timeStep,numberOfRobotsOnBlackSite,numberOfRobotsOnWhiteSite
7318,24,17
timeStep,numberOfRobotsOnBlackSite,numberOfRobotsOnWhiteSite
7319,24,17
timeStep,numberOfRobotsOnBlackSite,numberOfRobotsOnWhiteSite
7320,24,18
timeStep,numberOfRobotsOnBlackSite,numberOfRobotsOnWhiteSite
7321,24,18
timeStep,numberOfRobotsOnBlackSite,numberOfRobotsOnWhiteSite
7322,24,18
timeStep,numberOfRobotsOnBlackSite,numberOfRobotsOnWhiteSite
7323,24,18
timeStep,numberOfRobotsOnBlackSite,numberOfRobotsOnWhiteSite
7324,24,18
timeStep,numberOfRobotsOnBlackSite,numberOfRobotsOnWhiteSite
7325,25,18
timeStep,numberOfRobotsOnBlackSite,numberOfRobotsOnWhiteSite
7326,25,18
timeStep,numberOfRobotsOnBlackSite,numberOfRobotsOnWhiteSite
7327,25,18
timeStep,numberOfRobotsOnBlackSite,numberOfRobotsOnWhiteSite
7328,25,18
timeStep,numberOfRobotsOnBlackSite,numberOfRobotsOnWhiteSite
7329,25,18
timeStep,numberOfRobotsOnBlackSite,numberOfRobotsOnWhiteSite
7330,25,18
timeStep,numberOfRobotsOnBlackSite,numberOfRobotsOnWhiteSite
7331,25,18
timeStep,numberOfRobotsOnBlackSite,numberOfRobotsOnWhiteSite
7332,25,18
timeStep,numberOfRobotsOnBlackSite,numberOfRobotsOnWhiteSite
7333,25,18
timeStep,numberOfRobotsOnBlackSite,numberOfRobotsOnWhiteSite
7334,25,18
timeStep,numberOfRobotsOnBlackSite,numberOfRobotsOnWhiteSite
7335,25,18
timeStep,numberOfRobotsOnBlackSite,numberOfRobotsOnWhiteSite
7336,25,18
timeStep,numberOfRobotsOnBlackSite,numberOfRobotsOnWhiteSite
7337,25,18
timeStep,numberOfRobotsOnBlackSite,numberOfRobotsOnWhiteSite
7338,25,18
timeStep,numberOfRobotsOnBlackSite,numberOfRobotsOnWhiteSite
7339,25,18
timeStep,numberOfRobotsOnBlackSite,numberOfRobotsOnWhiteSite
7340,25,18
timeStep,numberOfRobotsOnBlackSite,numberOfRobotsOnWhiteSite
7341,25,18
timeStep,numberOfRobotsOnBlackSite,numberOfRobotsOnWhiteSite
7342,25,18
timeStep,numberOfRobotsOnBlackSite,numberOfRobotsOnWhiteSite
7343,25,18
timeStep,numberOfRobotsOnBlackSite,numberOfRobotsOnWhiteSite
7344,25,18
timeStep,numberOfRobotsOnBlackSite,numberOfRobotsOnWhiteSite
7345,25,18
timeStep,numberOfRobotsOnBlackSite,numberOfRobotsOnWhiteSite
7346,25,18
timeStep,numberOfRobotsOnBlackSite,numberOfRobotsOnWhiteSite
7347,25,18
timeStep,numberOfRobotsOnBlackSite,numberOfRobotsOnWhiteSite
7348,25,18
timeStep,numberOfRobotsOnBlackSite,numberOfRobotsOnWhiteSite
7349,25,18
timeStep,numberOfRobotsOnBlackSite,numberOfRobotsOnWhiteSite
7350,25,18
timeStep,numberOfRobotsOnBlackSite,numberOfRobotsOnWhiteSite
7351,25,18
timeStep,numberOfRobotsOnBlackSite,numberOfRobotsOnWhiteSite
7352,25,18
timeStep,numberOfRobotsOnBlackSite,numberOfRobotsOnWhiteSite
7353,25,18
timeStep,numberOfRobotsOnBlackSite,numberOfRobotsOnWhiteSite
7354,25,18
timeStep,numberOfRobotsOnBlackSite,numberOfRobotsOnWhiteSite
7355,25,18
timeStep,numberOfRobotsOnBlackSite,numberOfRobotsOnWhiteSite
7356,25,18
timeStep,numberOfRobotsOnBlackSite,numberOfRobotsOnWhiteSite
7357,25,18
timeStep,numberOfRobotsOnBlackSite,numberOfRobotsOnWhiteSite
7358,25,18
timeStep,numberOfRobotsOnBlackSite,numberOfRobotsOnWhiteSite
7359,25,18
timeStep,numberOfRobotsOnBlackSite,numberOfRobotsOnWhiteSite
7360,25,18
timeStep,numberOfRobotsOnBlackSite,numberOfRobotsOnWhiteSite
7361,25,18
timeStep,numberOfRobotsOnBlackSite,numberOfRobotsOnWhiteSite
7362,25,18
timeStep,numberOfRobotsOnBlackSite,numberOfRobotsOnWhiteSite
7363,25,18
timeStep,numberOfRobotsOnBlackSite,numberOfRobotsOnWhiteSite
7364,25,18
timeStep,numberOfRobotsOnBlackSite,numberOfRobotsOnWhiteSite
7365,25,18
timeStep,numberOfRobotsOnBlackSite,numberOfRobotsOnWhiteSite
7366,25,18
timeStep,numberOfRobotsOnBlackSite,numberOfRobotsOnWhiteSite
7367,25,18
timeStep,numberOfRobotsOnBlackSite,numberOfRobotsOnWhiteSite
7368,25,18
timeStep,numberOfRobotsOnBlackSite,numberOfRobotsOnWhiteSite
7369,25,18
timeStep,numberOfRobotsOnBlackSite,numberOfRobotsOnWhiteSite
7370,25,18
timeStep,numberOfRobotsOnBlackSite,numberOfRobotsOnWhiteSite
7371,25,18
timeStep,numberOfRobotsOnBlackSite,numberOfRobotsOnWhiteSite
7372,25,18
timeStep,numberOfRobotsOnBlackSite,numberOfRobotsOnWhiteSite
7373,25,18
timeStep,numberOfRobotsOnBlackSite,numberOfRobotsOnWhiteSite
7374,25,18
timeStep,numberOfRobotsOnBlackSite,numberOfRobotsOnWhiteSite
7375,25,18
timeStep,numberOfRobotsOnBlackSite,numberOfRobotsOnWhiteSite
7376,25,18
timeStep,numberOfRobotsOnBlackSite,numberOfRobotsOnWhiteSite
7377,25,18
timeStep,numberOfRobotsOnBlackSite,numberOfRobotsOnWhiteSite
7378,25,18
timeStep,numberOfRobotsOnBlackSite,numberOfRobotsOnWhiteSite
7379,25,18
timeStep,numberOfRobotsOnBlackSite,numberOfRobotsOnWhiteSite
7380,25,18
timeStep,numberOfRobotsOnBlackSite,numberOfRobotsOnWhiteSite
7381,25,18
timeStep,numberOfRobotsOnBlackSite,numberOfRobotsOnWhiteSite
7382,25,18
timeStep,numberOfRobotsOnBlackSite,numberOfRobotsOnWhiteSite
7383,25,18
timeStep,numberOfRobotsOnBlackSite,numberOfRobotsOnWhiteSite
7384,25,18
timeStep,numberOfRobotsOnBlackSite,numberOfRobotsOnWhiteSite
7385,25,18
timeStep,numberOfRobotsOnBlackSite,numberOfRobotsOnWhiteSite
7386,25,18
timeStep,numberOfRobotsOnBlackSite,numberOfRobotsOnWhiteSite
7387,25,18
timeStep,numberOfRobotsOnBlackSite,numberOfRobotsOnWhiteSite
7388,25,18
timeStep,numberOfRobotsOnBlackSite,numberOfRobotsOnWhiteSite
7389,25,18
timeStep,numberOfRobotsOnBlackSite,numberOfRobotsOnWhiteSite
7390,25,18
timeStep,numberOfRobotsOnBlackSite,numberOfRobotsOnWhiteSite
7391,25,18
timeStep,numberOfRobotsOnBlackSite,numberOfRobotsOnWhiteSite
7392,25,18
timeStep,numberOfRobotsOnBlackSite,numberOfRobotsOnWhiteSite
7393,25,18
timeStep,numberOfRobotsOnBlackSite,numberOfRobotsOnWhiteSite
7394,25,18
timeStep,numberOfRobotsOnBlackSite,numberOfRobotsOnWhiteSite
7395,25,18
timeStep,numberOfRobotsOnBlackSite,numberOfRobotsOnWhiteSite
7396,25,18
timeStep,numberOfRobotsOnBlackSite,numberOfRobotsOnWhiteSite
7397,25,18
timeStep,numberOfRobotsOnBlackSite,numberOfRobotsOnWhiteSite
7398,25,18
timeStep,numberOfRobotsOnBlackSite,numberOfRobotsOnWhiteSite
7399,25,18
timeStep,numberOfRobotsOnBlackSite,numberOfRobotsOnWhiteSite
7400,25,18
timeStep,numberOfRobotsOnBlackSite,numberOfRobotsOnWhiteSite
7401,25,18
timeStep,numberOfRobotsOnBlackSite,numberOfRobotsOnWhiteSite
7402,25,18
timeStep,numberOfRobotsOnBlackSite,numberOfRobotsOnWhiteSite
7403,25,18
timeStep,numberOfRobotsOnBlackSite,numberOfRobotsOnWhiteSite
7404,25,18
timeStep,numberOfRobotsOnBlackSite,numberOfRobotsOnWhiteSite
7405,25,18
timeStep,numberOfRobotsOnBlackSite,numberOfRobotsOnWhiteSite
7406,25,18
timeStep,numberOfRobotsOnBlackSite,numberOfRobotsOnWhiteSite
7407,25,18
timeStep,numberOfRobotsOnBlackSite,numberOfRobotsOnWhiteSite
7408,25,18
timeStep,numberOfRobotsOnBlackSite,numberOfRobotsOnWhiteSite
7409,25,18
timeStep,numberOfRobotsOnBlackSite,numberOfRobotsOnWhiteSite
7410,25,18
timeStep,numberOfRobotsOnBlackSite,numberOfRobotsOnWhiteSite
7411,25,18
timeStep,numberOfRobotsOnBlackSite,numberOfRobotsOnWhiteSite
7412,25,18
timeStep,numberOfRobotsOnBlackSite,numberOfRobotsOnWhiteSite
7413,25,18
timeStep,numberOfRobotsOnBlackSite,numberOfRobotsOnWhiteSite
7414,25,18
timeStep,numberOfRobotsOnBlackSite,numberOfRobotsOnWhiteSite
7415,25,18
timeStep,numberOfRobotsOnBlackSite,numberOfRobotsOnWhiteSite
7416,25,18
timeStep,numberOfRobotsOnBlackSite,numberOfRobotsOnWhiteSite
7417,25,18
timeStep,numberOfRobotsOnBlackSite,numberOfRobotsOnWhiteSite
7418,25,18
timeStep,numberOfRobotsOnBlackSite,numberOfRobotsOnWhiteSite
7419,25,18
timeStep,numberOfRobotsOnBlackSite,numberOfRobotsOnWhiteSite
7420,25,18
timeStep,numberOfRobotsOnBlackSite,numberOfRobotsOnWhiteSite
7421,25,18
timeStep,numberOfRobotsOnBlackSite,numberOfRobotsOnWhiteSite
7422,25,18
timeStep,numberOfRobotsOnBlackSite,numberOfRobotsOnWhiteSite
7423,25,18
timeStep,numberOfRobotsOnBlackSite,numberOfRobotsOnWhiteSite
7424,25,18
timeStep,numberOfRobotsOnBlackSite,numberOfRobotsOnWhiteSite
7425,25,18
timeStep,numberOfRobotsOnBlackSite,numberOfRobotsOnWhiteSite
7426,25,18
timeStep,numberOfRobotsOnBlackSite,numberOfRobotsOnWhiteSite
7427,25,18
timeStep,numberOfRobotsOnBlackSite,numberOfRobotsOnWhiteSite
7428,25,18
timeStep,numberOfRobotsOnBlackSite,numberOfRobotsOnWhiteSite
7429,25,18
timeStep,numberOfRobotsOnBlackSite,numberOfRobotsOnWhiteSite
7430,25,19
timeStep,numberOfRobotsOnBlackSite,numberOfRobotsOnWhiteSite
7431,25,19
timeStep,numberOfRobotsOnBlackSite,numberOfRobotsOnWhiteSite
7432,25,19
timeStep,numberOfRobotsOnBlackSite,numberOfRobotsOnWhiteSite
7433,25,19
timeStep,numberOfRobotsOnBlackSite,numberOfRobotsOnWhiteSite
7434,25,19
timeStep,numberOfRobotsOnBlackSite,numberOfRobotsOnWhiteSite
7435,25,19
timeStep,numberOfRobotsOnBlackSite,numberOfRobotsOnWhiteSite
7436,25,19
timeStep,numberOfRobotsOnBlackSite,numberOfRobotsOnWhiteSite
7437,25,19
timeStep,numberOfRobotsOnBlackSite,numberOfRobotsOnWhiteSite
7438,25,19
timeStep,numberOfRobotsOnBlackSite,numberOfRobotsOnWhiteSite
7439,25,19
timeStep,numberOfRobotsOnBlackSite,numberOfRobotsOnWhiteSite
7440,25,19
timeStep,numberOfRobotsOnBlackSite,numberOfRobotsOnWhiteSite
7441,25,19
timeStep,numberOfRobotsOnBlackSite,numberOfRobotsOnWhiteSite
7442,25,19
timeStep,numberOfRobotsOnBlackSite,numberOfRobotsOnWhiteSite
7443,25,19
timeStep,numberOfRobotsOnBlackSite,numberOfRobotsOnWhiteSite
7444,25,19
timeStep,numberOfRobotsOnBlackSite,numberOfRobotsOnWhiteSite
7445,25,19
timeStep,numberOfRobotsOnBlackSite,numberOfRobotsOnWhiteSite
7446,25,19
timeStep,numberOfRobotsOnBlackSite,numberOfRobotsOnWhiteSite
7447,25,19
timeStep,numberOfRobotsOnBlackSite,numberOfRobotsOnWhiteSite
7448,25,19
timeStep,numberOfRobotsOnBlackSite,numberOfRobotsOnWhiteSite
7449,25,19
timeStep,numberOfRobotsOnBlackSite,numberOfRobotsOnWhiteSite
7450,25,19
timeStep,numberOfRobotsOnBlackSite,numberOfRobotsOnWhiteSite
7451,25,19
timeStep,numberOfRobotsOnBlackSite,numberOfRobotsOnWhiteSite
7452,25,19
timeStep,numberOfRobotsOnBlackSite,numberOfRobotsOnWhiteSite
7453,25,19
timeStep,numberOfRobotsOnBlackSite,numberOfRobotsOnWhiteSite
7454,25,19
timeStep,numberOfRobotsOnBlackSite,numberOfRobotsOnWhiteSite
7455,25,19
timeStep,numberOfRobotsOnBlackSite,numberOfRobotsOnWhiteSite
7456,25,19
timeStep,numberOfRobotsOnBlackSite,numberOfRobotsOnWhiteSite
7457,25,19
timeStep,numberOfRobotsOnBlackSite,numberOfRobotsOnWhiteSite
7458,25,19
timeStep,numberOfRobotsOnBlackSite,numberOfRobotsOnWhiteSite
7459,25,19
timeStep,numberOfRobotsOnBlackSite,numberOfRobotsOnWhiteSite
7460,25,19
timeStep,numberOfRobotsOnBlackSite,numberOfRobotsOnWhiteSite
7461,25,19
timeStep,numberOfRobotsOnBlackSite,numberOfRobotsOnWhiteSite
7462,25,19
timeStep,numberOfRobotsOnBlackSite,numberOfRobotsOnWhiteSite
7463,25,19
timeStep,numberOfRobotsOnBlackSite,numberOfRobotsOnWhiteSite
7464,25,19
timeStep,numberOfRobotsOnBlackSite,numberOfRobotsOnWhiteSite
7465,25,19
timeStep,numberOfRobotsOnBlackSite,numberOfRobotsOnWhiteSite
7466,25,19
timeStep,numberOfRobotsOnBlackSite,numberOfRobotsOnWhiteSite
7467,25,19
timeStep,numberOfRobotsOnBlackSite,numberOfRobotsOnWhiteSite
7468,25,19
timeStep,numberOfRobotsOnBlackSite,numberOfRobotsOnWhiteSite
7469,25,19
timeStep,numberOfRobotsOnBlackSite,numberOfRobotsOnWhiteSite
7470,25,19
timeStep,numberOfRobotsOnBlackSite,numberOfRobotsOnWhiteSite
7471,25,19
timeStep,numberOfRobotsOnBlackSite,numberOfRobotsOnWhiteSite
7472,25,19
timeStep,numberOfRobotsOnBlackSite,numberOfRobotsOnWhiteSite
7473,25,19
timeStep,numberOfRobotsOnBlackSite,numberOfRobotsOnWhiteSite
7474,25,19
timeStep,numberOfRobotsOnBlackSite,numberOfRobotsOnWhiteSite
7475,25,19
timeStep,numberOfRobotsOnBlackSite,numberOfRobotsOnWhiteSite
7476,25,19
timeStep,numberOfRobotsOnBlackSite,numberOfRobotsOnWhiteSite
7477,25,19
timeStep,numberOfRobotsOnBlackSite,numberOfRobotsOnWhiteSite
7478,25,19
timeStep,numberOfRobotsOnBlackSite,numberOfRobotsOnWhiteSite
7479,25,19
timeStep,numberOfRobotsOnBlackSite,numberOfRobotsOnWhiteSite
7480,25,19
timeStep,numberOfRobotsOnBlackSite,numberOfRobotsOnWhiteSite
7481,25,19
timeStep,numberOfRobotsOnBlackSite,numberOfRobotsOnWhiteSite
7482,25,19
timeStep,numberOfRobotsOnBlackSite,numberOfRobotsOnWhiteSite
7483,25,19
timeStep,numberOfRobotsOnBlackSite,numberOfRobotsOnWhiteSite
7484,25,19
timeStep,numberOfRobotsOnBlackSite,numberOfRobotsOnWhiteSite
7485,25,19
timeStep,numberOfRobotsOnBlackSite,numberOfRobotsOnWhiteSite
7486,25,19
timeStep,numberOfRobotsOnBlackSite,numberOfRobotsOnWhiteSite
7487,25,19
timeStep,numberOfRobotsOnBlackSite,numberOfRobotsOnWhiteSite
7488,25,19
timeStep,numberOfRobotsOnBlackSite,numberOfRobotsOnWhiteSite
7489,25,19
timeStep,numberOfRobotsOnBlackSite,numberOfRobotsOnWhiteSite
7490,25,19
timeStep,numberOfRobotsOnBlackSite,numberOfRobotsOnWhiteSite
7491,25,19
timeStep,numberOfRobotsOnBlackSite,numberOfRobotsOnWhiteSite
7492,25,19
timeStep,numberOfRobotsOnBlackSite,numberOfRobotsOnWhiteSite
7493,25,19
timeStep,numberOfRobotsOnBlackSite,numberOfRobotsOnWhiteSite
7494,25,19
timeStep,numberOfRobotsOnBlackSite,numberOfRobotsOnWhiteSite
7495,25,19
timeStep,numberOfRobotsOnBlackSite,numberOfRobotsOnWhiteSite
7496,25,19
timeStep,numberOfRobotsOnBlackSite,numberOfRobotsOnWhiteSite
7497,25,19
timeStep,numberOfRobotsOnBlackSite,numberOfRobotsOnWhiteSite
7498,25,19
timeStep,numberOfRobotsOnBlackSite,numberOfRobotsOnWhiteSite
7499,25,19
timeStep,numberOfRobotsOnBlackSite,numberOfRobotsOnWhiteSite
7500,25,19
timeStep,numberOfRobotsOnBlackSite,numberOfRobotsOnWhiteSite
7501,25,19
timeStep,numberOfRobotsOnBlackSite,numberOfRobotsOnWhiteSite
7502,25,19
timeStep,numberOfRobotsOnBlackSite,numberOfRobotsOnWhiteSite
7503,25,19
timeStep,numberOfRobotsOnBlackSite,numberOfRobotsOnWhiteSite
7504,25,19
timeStep,numberOfRobotsOnBlackSite,numberOfRobotsOnWhiteSite
7505,25,19
timeStep,numberOfRobotsOnBlackSite,numberOfRobotsOnWhiteSite
7506,25,19
timeStep,numberOfRobotsOnBlackSite,numberOfRobotsOnWhiteSite
7507,25,19
timeStep,numberOfRobotsOnBlackSite,numberOfRobotsOnWhiteSite
7508,25,19
timeStep,numberOfRobotsOnBlackSite,numberOfRobotsOnWhiteSite
7509,25,19
timeStep,numberOfRobotsOnBlackSite,numberOfRobotsOnWhiteSite
7510,25,19
timeStep,numberOfRobotsOnBlackSite,numberOfRobotsOnWhiteSite
7511,25,19
timeStep,numberOfRobotsOnBlackSite,numberOfRobotsOnWhiteSite
7512,25,19
timeStep,numberOfRobotsOnBlackSite,numberOfRobotsOnWhiteSite
7513,25,19
timeStep,numberOfRobotsOnBlackSite,numberOfRobotsOnWhiteSite
7514,25,19
timeStep,numberOfRobotsOnBlackSite,numberOfRobotsOnWhiteSite
7515,25,19
timeStep,numberOfRobotsOnBlackSite,numberOfRobotsOnWhiteSite
7516,25,19
timeStep,numberOfRobotsOnBlackSite,numberOfRobotsOnWhiteSite
7517,25,19
timeStep,numberOfRobotsOnBlackSite,numberOfRobotsOnWhiteSite
7518,25,19
timeStep,numberOfRobotsOnBlackSite,numberOfRobotsOnWhiteSite
7519,25,19
timeStep,numberOfRobotsOnBlackSite,numberOfRobotsOnWhiteSite
7520,25,19
timeStep,numberOfRobotsOnBlackSite,numberOfRobotsOnWhiteSite
7521,25,19
timeStep,numberOfRobotsOnBlackSite,numberOfRobotsOnWhiteSite
7522,25,19
timeStep,numberOfRobotsOnBlackSite,numberOfRobotsOnWhiteSite
7523,25,19
timeStep,numberOfRobotsOnBlackSite,numberOfRobotsOnWhiteSite
7524,25,19
timeStep,numberOfRobotsOnBlackSite,numberOfRobotsOnWhiteSite
7525,25,19
timeStep,numberOfRobotsOnBlackSite,numberOfRobotsOnWhiteSite
7526,25,19
timeStep,numberOfRobotsOnBlackSite,numberOfRobotsOnWhiteSite
7527,25,19
timeStep,numberOfRobotsOnBlackSite,numberOfRobotsOnWhiteSite
7528,25,19
timeStep,numberOfRobotsOnBlackSite,numberOfRobotsOnWhiteSite
7529,25,19
timeStep,numberOfRobotsOnBlackSite,numberOfRobotsOnWhiteSite
7530,25,19
timeStep,numberOfRobotsOnBlackSite,numberOfRobotsOnWhiteSite
7531,25,19
timeStep,numberOfRobotsOnBlackSite,numberOfRobotsOnWhiteSite
7532,25,19
timeStep,numberOfRobotsOnBlackSite,numberOfRobotsOnWhiteSite
7533,25,19
timeStep,numberOfRobotsOnBlackSite,numberOfRobotsOnWhiteSite
7534,25,19
timeStep,numberOfRobotsOnBlackSite,numberOfRobotsOnWhiteSite
7535,25,19
timeStep,numberOfRobotsOnBlackSite,numberOfRobotsOnWhiteSite
7536,25,19
timeStep,numberOfRobotsOnBlackSite,numberOfRobotsOnWhiteSite
7537,25,19
timeStep,numberOfRobotsOnBlackSite,numberOfRobotsOnWhiteSite
7538,25,19
timeStep,numberOfRobotsOnBlackSite,numberOfRobotsOnWhiteSite
7539,25,19
timeStep,numberOfRobotsOnBlackSite,numberOfRobotsOnWhiteSite
7540,25,19
timeStep,numberOfRobotsOnBlackSite,numberOfRobotsOnWhiteSite
7541,25,19
timeStep,numberOfRobotsOnBlackSite,numberOfRobotsOnWhiteSite
7542,25,19
timeStep,numberOfRobotsOnBlackSite,numberOfRobotsOnWhiteSite
7543,25,19
timeStep,numberOfRobotsOnBlackSite,numberOfRobotsOnWhiteSite
7544,25,19
timeStep,numberOfRobotsOnBlackSite,numberOfRobotsOnWhiteSite
7545,25,19
timeStep,numberOfRobotsOnBlackSite,numberOfRobotsOnWhiteSite
7546,25,19
timeStep,numberOfRobotsOnBlackSite,numberOfRobotsOnWhiteSite
7547,25,19
timeStep,numberOfRobotsOnBlackSite,numberOfRobotsOnWhiteSite
7548,25,19
timeStep,numberOfRobotsOnBlackSite,numberOfRobotsOnWhiteSite
7549,25,19
timeStep,numberOfRobotsOnBlackSite,numberOfRobotsOnWhiteSite
7550,25,19
timeStep,numberOfRobotsOnBlackSite,numberOfRobotsOnWhiteSite
7551,25,19
timeStep,numberOfRobotsOnBlackSite,numberOfRobotsOnWhiteSite
7552,25,19
timeStep,numberOfRobotsOnBlackSite,numberOfRobotsOnWhiteSite
7553,25,19
timeStep,numberOfRobotsOnBlackSite,numberOfRobotsOnWhiteSite
7554,25,19
timeStep,numberOfRobotsOnBlackSite,numberOfRobotsOnWhiteSite
7555,25,19
timeStep,numberOfRobotsOnBlackSite,numberOfRobotsOnWhiteSite
7556,25,19
timeStep,numberOfRobotsOnBlackSite,numberOfRobotsOnWhiteSite
7557,25,19
timeStep,numberOfRobotsOnBlackSite,numberOfRobotsOnWhiteSite
7558,25,19
timeStep,numberOfRobotsOnBlackSite,numberOfRobotsOnWhiteSite
7559,25,19
timeStep,numberOfRobotsOnBlackSite,numberOfRobotsOnWhiteSite
7560,25,19
timeStep,numberOfRobotsOnBlackSite,numberOfRobotsOnWhiteSite
7561,25,19
timeStep,numberOfRobotsOnBlackSite,numberOfRobotsOnWhiteSite
7562,25,19
timeStep,numberOfRobotsOnBlackSite,numberOfRobotsOnWhiteSite
7563,25,19
timeStep,numberOfRobotsOnBlackSite,numberOfRobotsOnWhiteSite
7564,25,19
timeStep,numberOfRobotsOnBlackSite,numberOfRobotsOnWhiteSite
7565,25,19
timeStep,numberOfRobotsOnBlackSite,numberOfRobotsOnWhiteSite
7566,25,19
timeStep,numberOfRobotsOnBlackSite,numberOfRobotsOnWhiteSite
7567,25,19
timeStep,numberOfRobotsOnBlackSite,numberOfRobotsOnWhiteSite
7568,25,19
timeStep,numberOfRobotsOnBlackSite,numberOfRobotsOnWhiteSite
7569,25,19
timeStep,numberOfRobotsOnBlackSite,numberOfRobotsOnWhiteSite
7570,25,19
timeStep,numberOfRobotsOnBlackSite,numberOfRobotsOnWhiteSite
7571,25,19
timeStep,numberOfRobotsOnBlackSite,numberOfRobotsOnWhiteSite
7572,25,19
timeStep,numberOfRobotsOnBlackSite,numberOfRobotsOnWhiteSite
7573,25,19
timeStep,numberOfRobotsOnBlackSite,numberOfRobotsOnWhiteSite
7574,25,19
timeStep,numberOfRobotsOnBlackSite,numberOfRobotsOnWhiteSite
7575,25,19
timeStep,numberOfRobotsOnBlackSite,numberOfRobotsOnWhiteSite
7576,25,19
timeStep,numberOfRobotsOnBlackSite,numberOfRobotsOnWhiteSite
7577,25,19
timeStep,numberOfRobotsOnBlackSite,numberOfRobotsOnWhiteSite
7578,25,19
timeStep,numberOfRobotsOnBlackSite,numberOfRobotsOnWhiteSite
7579,25,19
timeStep,numberOfRobotsOnBlackSite,numberOfRobotsOnWhiteSite
7580,25,19
timeStep,numberOfRobotsOnBlackSite,numberOfRobotsOnWhiteSite
7581,25,19
timeStep,numberOfRobotsOnBlackSite,numberOfRobotsOnWhiteSite
7582,25,19
timeStep,numberOfRobotsOnBlackSite,numberOfRobotsOnWhiteSite
7583,25,19
timeStep,numberOfRobotsOnBlackSite,numberOfRobotsOnWhiteSite
7584,25,19
timeStep,numberOfRobotsOnBlackSite,numberOfRobotsOnWhiteSite
7585,25,18
timeStep,numberOfRobotsOnBlackSite,numberOfRobotsOnWhiteSite
7586,25,18
timeStep,numberOfRobotsOnBlackSite,numberOfRobotsOnWhiteSite
7587,25,18
timeStep,numberOfRobotsOnBlackSite,numberOfRobotsOnWhiteSite
7588,25,18
timeStep,numberOfRobotsOnBlackSite,numberOfRobotsOnWhiteSite
7589,25,18
timeStep,numberOfRobotsOnBlackSite,numberOfRobotsOnWhiteSite
7590,25,18
timeStep,numberOfRobotsOnBlackSite,numberOfRobotsOnWhiteSite
7591,25,18
timeStep,numberOfRobotsOnBlackSite,numberOfRobotsOnWhiteSite
7592,25,18
timeStep,numberOfRobotsOnBlackSite,numberOfRobotsOnWhiteSite
7593,25,18
timeStep,numberOfRobotsOnBlackSite,numberOfRobotsOnWhiteSite
7594,25,18
timeStep,numberOfRobotsOnBlackSite,numberOfRobotsOnWhiteSite
7595,25,18
timeStep,numberOfRobotsOnBlackSite,numberOfRobotsOnWhiteSite
7596,25,18
timeStep,numberOfRobotsOnBlackSite,numberOfRobotsOnWhiteSite
7597,25,18
timeStep,numberOfRobotsOnBlackSite,numberOfRobotsOnWhiteSite
7598,25,18
timeStep,numberOfRobotsOnBlackSite,numberOfRobotsOnWhiteSite
7599,25,18
timeStep,numberOfRobotsOnBlackSite,numberOfRobotsOnWhiteSite
7600,25,18
timeStep,numberOfRobotsOnBlackSite,numberOfRobotsOnWhiteSite
7601,25,18
timeStep,numberOfRobotsOnBlackSite,numberOfRobotsOnWhiteSite
7602,25,18
timeStep,numberOfRobotsOnBlackSite,numberOfRobotsOnWhiteSite
7603,25,18
timeStep,numberOfRobotsOnBlackSite,numberOfRobotsOnWhiteSite
7604,25,18
timeStep,numberOfRobotsOnBlackSite,numberOfRobotsOnWhiteSite
7605,25,18
timeStep,numberOfRobotsOnBlackSite,numberOfRobotsOnWhiteSite
7606,25,18
timeStep,numberOfRobotsOnBlackSite,numberOfRobotsOnWhiteSite
7607,25,18
timeStep,numberOfRobotsOnBlackSite,numberOfRobotsOnWhiteSite
7608,25,18
timeStep,numberOfRobotsOnBlackSite,numberOfRobotsOnWhiteSite
7609,25,18
timeStep,numberOfRobotsOnBlackSite,numberOfRobotsOnWhiteSite
7610,25,18
timeStep,numberOfRobotsOnBlackSite,numberOfRobotsOnWhiteSite
7611,25,18
timeStep,numberOfRobotsOnBlackSite,numberOfRobotsOnWhiteSite
7612,25,18
timeStep,numberOfRobotsOnBlackSite,numberOfRobotsOnWhiteSite
7613,25,18
timeStep,numberOfRobotsOnBlackSite,numberOfRobotsOnWhiteSite
7614,25,18
timeStep,numberOfRobotsOnBlackSite,numberOfRobotsOnWhiteSite
7615,25,18
timeStep,numberOfRobotsOnBlackSite,numberOfRobotsOnWhiteSite
7616,25,18
timeStep,numberOfRobotsOnBlackSite,numberOfRobotsOnWhiteSite
7617,25,18
timeStep,numberOfRobotsOnBlackSite,numberOfRobotsOnWhiteSite
7618,25,18
timeStep,numberOfRobotsOnBlackSite,numberOfRobotsOnWhiteSite
7619,25,18
timeStep,numberOfRobotsOnBlackSite,numberOfRobotsOnWhiteSite
7620,25,18
timeStep,numberOfRobotsOnBlackSite,numberOfRobotsOnWhiteSite
7621,25,18
timeStep,numberOfRobotsOnBlackSite,numberOfRobotsOnWhiteSite
7622,25,18
timeStep,numberOfRobotsOnBlackSite,numberOfRobotsOnWhiteSite
7623,25,18
timeStep,numberOfRobotsOnBlackSite,numberOfRobotsOnWhiteSite
7624,25,18
timeStep,numberOfRobotsOnBlackSite,numberOfRobotsOnWhiteSite
7625,25,18
timeStep,numberOfRobotsOnBlackSite,numberOfRobotsOnWhiteSite
7626,25,18
timeStep,numberOfRobotsOnBlackSite,numberOfRobotsOnWhiteSite
7627,25,18
timeStep,numberOfRobotsOnBlackSite,numberOfRobotsOnWhiteSite
7628,25,18
timeStep,numberOfRobotsOnBlackSite,numberOfRobotsOnWhiteSite
7629,25,18
timeStep,numberOfRobotsOnBlackSite,numberOfRobotsOnWhiteSite
7630,25,18
timeStep,numberOfRobotsOnBlackSite,numberOfRobotsOnWhiteSite
7631,25,18
timeStep,numberOfRobotsOnBlackSite,numberOfRobotsOnWhiteSite
7632,25,18
timeStep,numberOfRobotsOnBlackSite,numberOfRobotsOnWhiteSite
7633,25,18
timeStep,numberOfRobotsOnBlackSite,numberOfRobotsOnWhiteSite
7634,25,18
timeStep,numberOfRobotsOnBlackSite,numberOfRobotsOnWhiteSite
7635,25,18
timeStep,numberOfRobotsOnBlackSite,numberOfRobotsOnWhiteSite
7636,25,18
timeStep,numberOfRobotsOnBlackSite,numberOfRobotsOnWhiteSite
7637,25,18
timeStep,numberOfRobotsOnBlackSite,numberOfRobotsOnWhiteSite
7638,25,18
timeStep,numberOfRobotsOnBlackSite,numberOfRobotsOnWhiteSite
7639,25,18
timeStep,numberOfRobotsOnBlackSite,numberOfRobotsOnWhiteSite
7640,25,18
timeStep,numberOfRobotsOnBlackSite,numberOfRobotsOnWhiteSite
7641,25,18
timeStep,numberOfRobotsOnBlackSite,numberOfRobotsOnWhiteSite
7642,25,18
timeStep,numberOfRobotsOnBlackSite,numberOfRobotsOnWhiteSite
7643,25,18
timeStep,numberOfRobotsOnBlackSite,numberOfRobotsOnWhiteSite
7644,25,18
timeStep,numberOfRobotsOnBlackSite,numberOfRobotsOnWhiteSite
7645,25,18
timeStep,numberOfRobotsOnBlackSite,numberOfRobotsOnWhiteSite
7646,25,18
timeStep,numberOfRobotsOnBlackSite,numberOfRobotsOnWhiteSite
7647,25,18
timeStep,numberOfRobotsOnBlackSite,numberOfRobotsOnWhiteSite
7648,25,18
timeStep,numberOfRobotsOnBlackSite,numberOfRobotsOnWhiteSite
7649,25,18
timeStep,numberOfRobotsOnBlackSite,numberOfRobotsOnWhiteSite
7650,25,18
timeStep,numberOfRobotsOnBlackSite,numberOfRobotsOnWhiteSite
7651,25,18
timeStep,numberOfRobotsOnBlackSite,numberOfRobotsOnWhiteSite
7652,25,18
timeStep,numberOfRobotsOnBlackSite,numberOfRobotsOnWhiteSite
7653,25,18
timeStep,numberOfRobotsOnBlackSite,numberOfRobotsOnWhiteSite
7654,25,18
timeStep,numberOfRobotsOnBlackSite,numberOfRobotsOnWhiteSite
7655,25,18
timeStep,numberOfRobotsOnBlackSite,numberOfRobotsOnWhiteSite
7656,25,18
timeStep,numberOfRobotsOnBlackSite,numberOfRobotsOnWhiteSite
7657,25,18
timeStep,numberOfRobotsOnBlackSite,numberOfRobotsOnWhiteSite
7658,25,18
timeStep,numberOfRobotsOnBlackSite,numberOfRobotsOnWhiteSite
7659,25,18
timeStep,numberOfRobotsOnBlackSite,numberOfRobotsOnWhiteSite
7660,25,18
timeStep,numberOfRobotsOnBlackSite,numberOfRobotsOnWhiteSite
7661,25,18
timeStep,numberOfRobotsOnBlackSite,numberOfRobotsOnWhiteSite
7662,25,18
timeStep,numberOfRobotsOnBlackSite,numberOfRobotsOnWhiteSite
7663,25,18
timeStep,numberOfRobotsOnBlackSite,numberOfRobotsOnWhiteSite
7664,25,18
timeStep,numberOfRobotsOnBlackSite,numberOfRobotsOnWhiteSite
7665,25,18
timeStep,numberOfRobotsOnBlackSite,numberOfRobotsOnWhiteSite
7666,25,18
timeStep,numberOfRobotsOnBlackSite,numberOfRobotsOnWhiteSite
7667,25,18
timeStep,numberOfRobotsOnBlackSite,numberOfRobotsOnWhiteSite
7668,25,18
timeStep,numberOfRobotsOnBlackSite,numberOfRobotsOnWhiteSite
7669,25,18
timeStep,numberOfRobotsOnBlackSite,numberOfRobotsOnWhiteSite
7670,25,18
timeStep,numberOfRobotsOnBlackSite,numberOfRobotsOnWhiteSite
7671,25,18
timeStep,numberOfRobotsOnBlackSite,numberOfRobotsOnWhiteSite
7672,25,18
timeStep,numberOfRobotsOnBlackSite,numberOfRobotsOnWhiteSite
7673,25,18
timeStep,numberOfRobotsOnBlackSite,numberOfRobotsOnWhiteSite
7674,25,18
timeStep,numberOfRobotsOnBlackSite,numberOfRobotsOnWhiteSite
7675,25,18
timeStep,numberOfRobotsOnBlackSite,numberOfRobotsOnWhiteSite
7676,25,18
timeStep,numberOfRobotsOnBlackSite,numberOfRobotsOnWhiteSite
7677,25,18
timeStep,numberOfRobotsOnBlackSite,numberOfRobotsOnWhiteSite
7678,25,18
timeStep,numberOfRobotsOnBlackSite,numberOfRobotsOnWhiteSite
7679,25,18
timeStep,numberOfRobotsOnBlackSite,numberOfRobotsOnWhiteSite
7680,25,18
timeStep,numberOfRobotsOnBlackSite,numberOfRobotsOnWhiteSite
7681,25,18
timeStep,numberOfRobotsOnBlackSite,numberOfRobotsOnWhiteSite
7682,25,18
timeStep,numberOfRobotsOnBlackSite,numberOfRobotsOnWhiteSite
7683,25,18
timeStep,numberOfRobotsOnBlackSite,numberOfRobotsOnWhiteSite
7684,25,18
timeStep,numberOfRobotsOnBlackSite,numberOfRobotsOnWhiteSite
7685,25,18
timeStep,numberOfRobotsOnBlackSite,numberOfRobotsOnWhiteSite
7686,25,18
timeStep,numberOfRobotsOnBlackSite,numberOfRobotsOnWhiteSite
7687,25,18
timeStep,numberOfRobotsOnBlackSite,numberOfRobotsOnWhiteSite
7688,25,18
timeStep,numberOfRobotsOnBlackSite,numberOfRobotsOnWhiteSite
7689,25,18
timeStep,numberOfRobotsOnBlackSite,numberOfRobotsOnWhiteSite
7690,25,18
timeStep,numberOfRobotsOnBlackSite,numberOfRobotsOnWhiteSite
7691,25,18
timeStep,numberOfRobotsOnBlackSite,numberOfRobotsOnWhiteSite
7692,25,18
timeStep,numberOfRobotsOnBlackSite,numberOfRobotsOnWhiteSite
7693,25,18
timeStep,numberOfRobotsOnBlackSite,numberOfRobotsOnWhiteSite
7694,25,18
timeStep,numberOfRobotsOnBlackSite,numberOfRobotsOnWhiteSite
7695,25,18
timeStep,numberOfRobotsOnBlackSite,numberOfRobotsOnWhiteSite
7696,25,18
timeStep,numberOfRobotsOnBlackSite,numberOfRobotsOnWhiteSite
7697,25,18
timeStep,numberOfRobotsOnBlackSite,numberOfRobotsOnWhiteSite
7698,25,18
timeStep,numberOfRobotsOnBlackSite,numberOfRobotsOnWhiteSite
7699,25,18
timeStep,numberOfRobotsOnBlackSite,numberOfRobotsOnWhiteSite
7700,25,18
timeStep,numberOfRobotsOnBlackSite,numberOfRobotsOnWhiteSite
7701,25,18
timeStep,numberOfRobotsOnBlackSite,numberOfRobotsOnWhiteSite
7702,25,18
timeStep,numberOfRobotsOnBlackSite,numberOfRobotsOnWhiteSite
7703,25,18
timeStep,numberOfRobotsOnBlackSite,numberOfRobotsOnWhiteSite
7704,25,18
timeStep,numberOfRobotsOnBlackSite,numberOfRobotsOnWhiteSite
7705,25,18
timeStep,numberOfRobotsOnBlackSite,numberOfRobotsOnWhiteSite
7706,25,18
timeStep,numberOfRobotsOnBlackSite,numberOfRobotsOnWhiteSite
7707,25,18
timeStep,numberOfRobotsOnBlackSite,numberOfRobotsOnWhiteSite
7708,25,18
timeStep,numberOfRobotsOnBlackSite,numberOfRobotsOnWhiteSite
7709,25,18
timeStep,numberOfRobotsOnBlackSite,numberOfRobotsOnWhiteSite
7710,25,18
timeStep,numberOfRobotsOnBlackSite,numberOfRobotsOnWhiteSite
7711,25,18
timeStep,numberOfRobotsOnBlackSite,numberOfRobotsOnWhiteSite
7712,25,18
timeStep,numberOfRobotsOnBlackSite,numberOfRobotsOnWhiteSite
7713,25,18
timeStep,numberOfRobotsOnBlackSite,numberOfRobotsOnWhiteSite
7714,25,18
timeStep,numberOfRobotsOnBlackSite,numberOfRobotsOnWhiteSite
7715,25,18
timeStep,numberOfRobotsOnBlackSite,numberOfRobotsOnWhiteSite
7716,25,18
timeStep,numberOfRobotsOnBlackSite,numberOfRobotsOnWhiteSite
7717,25,18
timeStep,numberOfRobotsOnBlackSite,numberOfRobotsOnWhiteSite
7718,25,18
timeStep,numberOfRobotsOnBlackSite,numberOfRobotsOnWhiteSite
7719,25,18
timeStep,numberOfRobotsOnBlackSite,numberOfRobotsOnWhiteSite
7720,25,17
timeStep,numberOfRobotsOnBlackSite,numberOfRobotsOnWhiteSite
7721,25,17
timeStep,numberOfRobotsOnBlackSite,numberOfRobotsOnWhiteSite
7722,25,17
timeStep,numberOfRobotsOnBlackSite,numberOfRobotsOnWhiteSite
7723,25,17
timeStep,numberOfRobotsOnBlackSite,numberOfRobotsOnWhiteSite
7724,25,17
timeStep,numberOfRobotsOnBlackSite,numberOfRobotsOnWhiteSite
7725,25,18
timeStep,numberOfRobotsOnBlackSite,numberOfRobotsOnWhiteSite
7726,25,18
timeStep,numberOfRobotsOnBlackSite,numberOfRobotsOnWhiteSite
7727,25,18
timeStep,numberOfRobotsOnBlackSite,numberOfRobotsOnWhiteSite
7728,25,18
timeStep,numberOfRobotsOnBlackSite,numberOfRobotsOnWhiteSite
7729,25,18
timeStep,numberOfRobotsOnBlackSite,numberOfRobotsOnWhiteSite
7730,25,18
timeStep,numberOfRobotsOnBlackSite,numberOfRobotsOnWhiteSite
7731,25,18
timeStep,numberOfRobotsOnBlackSite,numberOfRobotsOnWhiteSite
7732,25,18
timeStep,numberOfRobotsOnBlackSite,numberOfRobotsOnWhiteSite
7733,25,18
timeStep,numberOfRobotsOnBlackSite,numberOfRobotsOnWhiteSite
7734,25,18
timeStep,numberOfRobotsOnBlackSite,numberOfRobotsOnWhiteSite
7735,25,18
timeStep,numberOfRobotsOnBlackSite,numberOfRobotsOnWhiteSite
7736,25,18
timeStep,numberOfRobotsOnBlackSite,numberOfRobotsOnWhiteSite
7737,25,18
timeStep,numberOfRobotsOnBlackSite,numberOfRobotsOnWhiteSite
7738,25,18
timeStep,numberOfRobotsOnBlackSite,numberOfRobotsOnWhiteSite
7739,25,18
timeStep,numberOfRobotsOnBlackSite,numberOfRobotsOnWhiteSite
7740,25,17
timeStep,numberOfRobotsOnBlackSite,numberOfRobotsOnWhiteSite
7741,25,17
timeStep,numberOfRobotsOnBlackSite,numberOfRobotsOnWhiteSite
7742,25,17
timeStep,numberOfRobotsOnBlackSite,numberOfRobotsOnWhiteSite
7743,25,17
timeStep,numberOfRobotsOnBlackSite,numberOfRobotsOnWhiteSite
7744,25,17
timeStep,numberOfRobotsOnBlackSite,numberOfRobotsOnWhiteSite
7745,25,17
timeStep,numberOfRobotsOnBlackSite,numberOfRobotsOnWhiteSite
7746,25,17
timeStep,numberOfRobotsOnBlackSite,numberOfRobotsOnWhiteSite
7747,25,17
timeStep,numberOfRobotsOnBlackSite,numberOfRobotsOnWhiteSite
7748,25,17
timeStep,numberOfRobotsOnBlackSite,numberOfRobotsOnWhiteSite
7749,25,17
timeStep,numberOfRobotsOnBlackSite,numberOfRobotsOnWhiteSite
7750,25,17
timeStep,numberOfRobotsOnBlackSite,numberOfRobotsOnWhiteSite
7751,25,17
timeStep,numberOfRobotsOnBlackSite,numberOfRobotsOnWhiteSite
7752,25,17
timeStep,numberOfRobotsOnBlackSite,numberOfRobotsOnWhiteSite
7753,25,17
timeStep,numberOfRobotsOnBlackSite,numberOfRobotsOnWhiteSite
7754,25,17
timeStep,numberOfRobotsOnBlackSite,numberOfRobotsOnWhiteSite
7755,25,17
timeStep,numberOfRobotsOnBlackSite,numberOfRobotsOnWhiteSite
7756,25,17
timeStep,numberOfRobotsOnBlackSite,numberOfRobotsOnWhiteSite
7757,25,17
timeStep,numberOfRobotsOnBlackSite,numberOfRobotsOnWhiteSite
7758,25,17
timeStep,numberOfRobotsOnBlackSite,numberOfRobotsOnWhiteSite
7759,25,17
timeStep,numberOfRobotsOnBlackSite,numberOfRobotsOnWhiteSite
7760,25,17
timeStep,numberOfRobotsOnBlackSite,numberOfRobotsOnWhiteSite
7761,25,17
timeStep,numberOfRobotsOnBlackSite,numberOfRobotsOnWhiteSite
7762,25,17
timeStep,numberOfRobotsOnBlackSite,numberOfRobotsOnWhiteSite
7763,25,17
timeStep,numberOfRobotsOnBlackSite,numberOfRobotsOnWhiteSite
7764,25,17
timeStep,numberOfRobotsOnBlackSite,numberOfRobotsOnWhiteSite
7765,25,17
timeStep,numberOfRobotsOnBlackSite,numberOfRobotsOnWhiteSite
7766,25,17
timeStep,numberOfRobotsOnBlackSite,numberOfRobotsOnWhiteSite
7767,25,17
timeStep,numberOfRobotsOnBlackSite,numberOfRobotsOnWhiteSite
7768,25,17
timeStep,numberOfRobotsOnBlackSite,numberOfRobotsOnWhiteSite
7769,25,17
timeStep,numberOfRobotsOnBlackSite,numberOfRobotsOnWhiteSite
7770,25,17
timeStep,numberOfRobotsOnBlackSite,numberOfRobotsOnWhiteSite
7771,25,17
timeStep,numberOfRobotsOnBlackSite,numberOfRobotsOnWhiteSite
7772,25,17
timeStep,numberOfRobotsOnBlackSite,numberOfRobotsOnWhiteSite
7773,25,17
timeStep,numberOfRobotsOnBlackSite,numberOfRobotsOnWhiteSite
7774,25,17
timeStep,numberOfRobotsOnBlackSite,numberOfRobotsOnWhiteSite
7775,25,17
timeStep,numberOfRobotsOnBlackSite,numberOfRobotsOnWhiteSite
7776,25,17
timeStep,numberOfRobotsOnBlackSite,numberOfRobotsOnWhiteSite
7777,25,17
timeStep,numberOfRobotsOnBlackSite,numberOfRobotsOnWhiteSite
7778,25,17
timeStep,numberOfRobotsOnBlackSite,numberOfRobotsOnWhiteSite
7779,25,17
timeStep,numberOfRobotsOnBlackSite,numberOfRobotsOnWhiteSite
7780,25,17
timeStep,numberOfRobotsOnBlackSite,numberOfRobotsOnWhiteSite
7781,25,17
timeStep,numberOfRobotsOnBlackSite,numberOfRobotsOnWhiteSite
7782,25,17
timeStep,numberOfRobotsOnBlackSite,numberOfRobotsOnWhiteSite
7783,25,17
timeStep,numberOfRobotsOnBlackSite,numberOfRobotsOnWhiteSite
7784,25,17
timeStep,numberOfRobotsOnBlackSite,numberOfRobotsOnWhiteSite
7785,25,17
timeStep,numberOfRobotsOnBlackSite,numberOfRobotsOnWhiteSite
7786,25,17
timeStep,numberOfRobotsOnBlackSite,numberOfRobotsOnWhiteSite
7787,25,17
timeStep,numberOfRobotsOnBlackSite,numberOfRobotsOnWhiteSite
7788,25,17
timeStep,numberOfRobotsOnBlackSite,numberOfRobotsOnWhiteSite
7789,25,17
timeStep,numberOfRobotsOnBlackSite,numberOfRobotsOnWhiteSite
7790,25,17
timeStep,numberOfRobotsOnBlackSite,numberOfRobotsOnWhiteSite
7791,25,17
timeStep,numberOfRobotsOnBlackSite,numberOfRobotsOnWhiteSite
7792,25,17
timeStep,numberOfRobotsOnBlackSite,numberOfRobotsOnWhiteSite
7793,25,17
timeStep,numberOfRobotsOnBlackSite,numberOfRobotsOnWhiteSite
7794,25,17
timeStep,numberOfRobotsOnBlackSite,numberOfRobotsOnWhiteSite
7795,25,17
timeStep,numberOfRobotsOnBlackSite,numberOfRobotsOnWhiteSite
7796,25,17
timeStep,numberOfRobotsOnBlackSite,numberOfRobotsOnWhiteSite
7797,25,17
timeStep,numberOfRobotsOnBlackSite,numberOfRobotsOnWhiteSite
7798,25,17
timeStep,numberOfRobotsOnBlackSite,numberOfRobotsOnWhiteSite
7799,25,17
timeStep,numberOfRobotsOnBlackSite,numberOfRobotsOnWhiteSite
7800,25,17
timeStep,numberOfRobotsOnBlackSite,numberOfRobotsOnWhiteSite
7801,25,17
timeStep,numberOfRobotsOnBlackSite,numberOfRobotsOnWhiteSite
7802,25,17
timeStep,numberOfRobotsOnBlackSite,numberOfRobotsOnWhiteSite
7803,25,17
timeStep,numberOfRobotsOnBlackSite,numberOfRobotsOnWhiteSite
7804,25,17
timeStep,numberOfRobotsOnBlackSite,numberOfRobotsOnWhiteSite
7805,25,17
timeStep,numberOfRobotsOnBlackSite,numberOfRobotsOnWhiteSite
7806,25,17
timeStep,numberOfRobotsOnBlackSite,numberOfRobotsOnWhiteSite
7807,25,17
timeStep,numberOfRobotsOnBlackSite,numberOfRobotsOnWhiteSite
7808,25,17
timeStep,numberOfRobotsOnBlackSite,numberOfRobotsOnWhiteSite
7809,25,17
timeStep,numberOfRobotsOnBlackSite,numberOfRobotsOnWhiteSite
7810,25,17
timeStep,numberOfRobotsOnBlackSite,numberOfRobotsOnWhiteSite
7811,25,17
timeStep,numberOfRobotsOnBlackSite,numberOfRobotsOnWhiteSite
7812,25,17
timeStep,numberOfRobotsOnBlackSite,numberOfRobotsOnWhiteSite
7813,25,17
timeStep,numberOfRobotsOnBlackSite,numberOfRobotsOnWhiteSite
7814,25,17
timeStep,numberOfRobotsOnBlackSite,numberOfRobotsOnWhiteSite
7815,25,17
timeStep,numberOfRobotsOnBlackSite,numberOfRobotsOnWhiteSite
7816,25,17
timeStep,numberOfRobotsOnBlackSite,numberOfRobotsOnWhiteSite
7817,25,17
timeStep,numberOfRobotsOnBlackSite,numberOfRobotsOnWhiteSite
7818,25,17
timeStep,numberOfRobotsOnBlackSite,numberOfRobotsOnWhiteSite
7819,25,17
timeStep,numberOfRobotsOnBlackSite,numberOfRobotsOnWhiteSite
7820,25,17
timeStep,numberOfRobotsOnBlackSite,numberOfRobotsOnWhiteSite
7821,25,17
timeStep,numberOfRobotsOnBlackSite,numberOfRobotsOnWhiteSite
7822,25,17
timeStep,numberOfRobotsOnBlackSite,numberOfRobotsOnWhiteSite
7823,25,17
timeStep,numberOfRobotsOnBlackSite,numberOfRobotsOnWhiteSite
7824,25,17
timeStep,numberOfRobotsOnBlackSite,numberOfRobotsOnWhiteSite
7825,25,17
timeStep,numberOfRobotsOnBlackSite,numberOfRobotsOnWhiteSite
7826,25,17
timeStep,numberOfRobotsOnBlackSite,numberOfRobotsOnWhiteSite
7827,25,17
timeStep,numberOfRobotsOnBlackSite,numberOfRobotsOnWhiteSite
7828,25,17
timeStep,numberOfRobotsOnBlackSite,numberOfRobotsOnWhiteSite
7829,25,17
timeStep,numberOfRobotsOnBlackSite,numberOfRobotsOnWhiteSite
7830,25,17
timeStep,numberOfRobotsOnBlackSite,numberOfRobotsOnWhiteSite
7831,25,17
timeStep,numberOfRobotsOnBlackSite,numberOfRobotsOnWhiteSite
7832,25,17
timeStep,numberOfRobotsOnBlackSite,numberOfRobotsOnWhiteSite
7833,25,17
timeStep,numberOfRobotsOnBlackSite,numberOfRobotsOnWhiteSite
7834,25,17
timeStep,numberOfRobotsOnBlackSite,numberOfRobotsOnWhiteSite
7835,25,17
timeStep,numberOfRobotsOnBlackSite,numberOfRobotsOnWhiteSite
7836,25,17
timeStep,numberOfRobotsOnBlackSite,numberOfRobotsOnWhiteSite
7837,25,17
timeStep,numberOfRobotsOnBlackSite,numberOfRobotsOnWhiteSite
7838,25,17
timeStep,numberOfRobotsOnBlackSite,numberOfRobotsOnWhiteSite
7839,25,17
timeStep,numberOfRobotsOnBlackSite,numberOfRobotsOnWhiteSite
7840,25,17
timeStep,numberOfRobotsOnBlackSite,numberOfRobotsOnWhiteSite
7841,25,17
timeStep,numberOfRobotsOnBlackSite,numberOfRobotsOnWhiteSite
7842,25,17
timeStep,numberOfRobotsOnBlackSite,numberOfRobotsOnWhiteSite
7843,25,17
timeStep,numberOfRobotsOnBlackSite,numberOfRobotsOnWhiteSite
7844,25,17
timeStep,numberOfRobotsOnBlackSite,numberOfRobotsOnWhiteSite
7845,25,17
timeStep,numberOfRobotsOnBlackSite,numberOfRobotsOnWhiteSite
7846,25,17
timeStep,numberOfRobotsOnBlackSite,numberOfRobotsOnWhiteSite
7847,25,17
timeStep,numberOfRobotsOnBlackSite,numberOfRobotsOnWhiteSite
7848,25,17
timeStep,numberOfRobotsOnBlackSite,numberOfRobotsOnWhiteSite
7849,25,17
timeStep,numberOfRobotsOnBlackSite,numberOfRobotsOnWhiteSite
7850,25,17
timeStep,numberOfRobotsOnBlackSite,numberOfRobotsOnWhiteSite
7851,25,17
timeStep,numberOfRobotsOnBlackSite,numberOfRobotsOnWhiteSite
7852,25,17
timeStep,numberOfRobotsOnBlackSite,numberOfRobotsOnWhiteSite
7853,25,17
timeStep,numberOfRobotsOnBlackSite,numberOfRobotsOnWhiteSite
7854,25,17
timeStep,numberOfRobotsOnBlackSite,numberOfRobotsOnWhiteSite
7855,25,17
timeStep,numberOfRobotsOnBlackSite,numberOfRobotsOnWhiteSite
7856,25,17
timeStep,numberOfRobotsOnBlackSite,numberOfRobotsOnWhiteSite
7857,25,17
timeStep,numberOfRobotsOnBlackSite,numberOfRobotsOnWhiteSite
7858,25,17
timeStep,numberOfRobotsOnBlackSite,numberOfRobotsOnWhiteSite
7859,25,17
timeStep,numberOfRobotsOnBlackSite,numberOfRobotsOnWhiteSite
7860,25,17
timeStep,numberOfRobotsOnBlackSite,numberOfRobotsOnWhiteSite
7861,25,17
timeStep,numberOfRobotsOnBlackSite,numberOfRobotsOnWhiteSite
7862,25,17
timeStep,numberOfRobotsOnBlackSite,numberOfRobotsOnWhiteSite
7863,25,17
timeStep,numberOfRobotsOnBlackSite,numberOfRobotsOnWhiteSite
7864,25,17
timeStep,numberOfRobotsOnBlackSite,numberOfRobotsOnWhiteSite
7865,25,17
timeStep,numberOfRobotsOnBlackSite,numberOfRobotsOnWhiteSite
7866,25,17
timeStep,numberOfRobotsOnBlackSite,numberOfRobotsOnWhiteSite
7867,25,17
timeStep,numberOfRobotsOnBlackSite,numberOfRobotsOnWhiteSite
7868,25,17
timeStep,numberOfRobotsOnBlackSite,numberOfRobotsOnWhiteSite
7869,25,17
timeStep,numberOfRobotsOnBlackSite,numberOfRobotsOnWhiteSite
7870,25,17
timeStep,numberOfRobotsOnBlackSite,numberOfRobotsOnWhiteSite
7871,25,17
timeStep,numberOfRobotsOnBlackSite,numberOfRobotsOnWhiteSite
7872,25,17
timeStep,numberOfRobotsOnBlackSite,numberOfRobotsOnWhiteSite
7873,25,17
timeStep,numberOfRobotsOnBlackSite,numberOfRobotsOnWhiteSite
7874,25,17
timeStep,numberOfRobotsOnBlackSite,numberOfRobotsOnWhiteSite
7875,25,17
timeStep,numberOfRobotsOnBlackSite,numberOfRobotsOnWhiteSite
7876,25,17
timeStep,numberOfRobotsOnBlackSite,numberOfRobotsOnWhiteSite
7877,25,17
timeStep,numberOfRobotsOnBlackSite,numberOfRobotsOnWhiteSite
7878,25,17
timeStep,numberOfRobotsOnBlackSite,numberOfRobotsOnWhiteSite
7879,25,17
timeStep,numberOfRobotsOnBlackSite,numberOfRobotsOnWhiteSite
7880,25,17
timeStep,numberOfRobotsOnBlackSite,numberOfRobotsOnWhiteSite
7881,25,17
timeStep,numberOfRobotsOnBlackSite,numberOfRobotsOnWhiteSite
7882,25,17
timeStep,numberOfRobotsOnBlackSite,numberOfRobotsOnWhiteSite
7883,25,17
timeStep,numberOfRobotsOnBlackSite,numberOfRobotsOnWhiteSite
7884,25,17
timeStep,numberOfRobotsOnBlackSite,numberOfRobotsOnWhiteSite
7885,25,17
timeStep,numberOfRobotsOnBlackSite,numberOfRobotsOnWhiteSite
7886,25,17
timeStep,numberOfRobotsOnBlackSite,numberOfRobotsOnWhiteSite
7887,25,17
timeStep,numberOfRobotsOnBlackSite,numberOfRobotsOnWhiteSite
7888,25,17
timeStep,numberOfRobotsOnBlackSite,numberOfRobotsOnWhiteSite
7889,25,17
timeStep,numberOfRobotsOnBlackSite,numberOfRobotsOnWhiteSite
7890,25,17
timeStep,numberOfRobotsOnBlackSite,numberOfRobotsOnWhiteSite
7891,25,17
timeStep,numberOfRobotsOnBlackSite,numberOfRobotsOnWhiteSite
7892,25,17
timeStep,numberOfRobotsOnBlackSite,numberOfRobotsOnWhiteSite
7893,25,17
timeStep,numberOfRobotsOnBlackSite,numberOfRobotsOnWhiteSite
7894,25,17
timeStep,numberOfRobotsOnBlackSite,numberOfRobotsOnWhiteSite
7895,25,17
timeStep,numberOfRobotsOnBlackSite,numberOfRobotsOnWhiteSite
7896,25,17
timeStep,numberOfRobotsOnBlackSite,numberOfRobotsOnWhiteSite
7897,25,17
timeStep,numberOfRobotsOnBlackSite,numberOfRobotsOnWhiteSite
7898,25,17
timeStep,numberOfRobotsOnBlackSite,numberOfRobotsOnWhiteSite
7899,25,17
timeStep,numberOfRobotsOnBlackSite,numberOfRobotsOnWhiteSite
7900,25,17
timeStep,numberOfRobotsOnBlackSite,numberOfRobotsOnWhiteSite
7901,25,17
timeStep,numberOfRobotsOnBlackSite,numberOfRobotsOnWhiteSite
7902,25,17
timeStep,numberOfRobotsOnBlackSite,numberOfRobotsOnWhiteSite
7903,25,17
timeStep,numberOfRobotsOnBlackSite,numberOfRobotsOnWhiteSite
7904,25,17
timeStep,numberOfRobotsOnBlackSite,numberOfRobotsOnWhiteSite
7905,25,17
timeStep,numberOfRobotsOnBlackSite,numberOfRobotsOnWhiteSite
7906,25,17
timeStep,numberOfRobotsOnBlackSite,numberOfRobotsOnWhiteSite
7907,25,17
timeStep,numberOfRobotsOnBlackSite,numberOfRobotsOnWhiteSite
7908,25,17
timeStep,numberOfRobotsOnBlackSite,numberOfRobotsOnWhiteSite
7909,25,17
timeStep,numberOfRobotsOnBlackSite,numberOfRobotsOnWhiteSite
7910,25,17
timeStep,numberOfRobotsOnBlackSite,numberOfRobotsOnWhiteSite
7911,25,17
timeStep,numberOfRobotsOnBlackSite,numberOfRobotsOnWhiteSite
7912,25,17
timeStep,numberOfRobotsOnBlackSite,numberOfRobotsOnWhiteSite
7913,25,17
timeStep,numberOfRobotsOnBlackSite,numberOfRobotsOnWhiteSite
7914,25,17
timeStep,numberOfRobotsOnBlackSite,numberOfRobotsOnWhiteSite
7915,25,17
timeStep,numberOfRobotsOnBlackSite,numberOfRobotsOnWhiteSite
7916,25,17
timeStep,numberOfRobotsOnBlackSite,numberOfRobotsOnWhiteSite
7917,25,17
timeStep,numberOfRobotsOnBlackSite,numberOfRobotsOnWhiteSite
7918,25,17
timeStep,numberOfRobotsOnBlackSite,numberOfRobotsOnWhiteSite
7919,25,17
timeStep,numberOfRobotsOnBlackSite,numberOfRobotsOnWhiteSite
7920,25,16
timeStep,numberOfRobotsOnBlackSite,numberOfRobotsOnWhiteSite
7921,25,16
timeStep,numberOfRobotsOnBlackSite,numberOfRobotsOnWhiteSite
7922,25,16
timeStep,numberOfRobotsOnBlackSite,numberOfRobotsOnWhiteSite
7923,25,16
timeStep,numberOfRobotsOnBlackSite,numberOfRobotsOnWhiteSite
7924,25,16
timeStep,numberOfRobotsOnBlackSite,numberOfRobotsOnWhiteSite
7925,25,16
timeStep,numberOfRobotsOnBlackSite,numberOfRobotsOnWhiteSite
7926,25,16
timeStep,numberOfRobotsOnBlackSite,numberOfRobotsOnWhiteSite
7927,25,16
timeStep,numberOfRobotsOnBlackSite,numberOfRobotsOnWhiteSite
7928,25,16
timeStep,numberOfRobotsOnBlackSite,numberOfRobotsOnWhiteSite
7929,25,16
timeStep,numberOfRobotsOnBlackSite,numberOfRobotsOnWhiteSite
7930,25,16
timeStep,numberOfRobotsOnBlackSite,numberOfRobotsOnWhiteSite
7931,25,16
timeStep,numberOfRobotsOnBlackSite,numberOfRobotsOnWhiteSite
7932,25,16
timeStep,numberOfRobotsOnBlackSite,numberOfRobotsOnWhiteSite
7933,25,16
timeStep,numberOfRobotsOnBlackSite,numberOfRobotsOnWhiteSite
7934,25,16
timeStep,numberOfRobotsOnBlackSite,numberOfRobotsOnWhiteSite
7935,25,16
timeStep,numberOfRobotsOnBlackSite,numberOfRobotsOnWhiteSite
7936,25,16
timeStep,numberOfRobotsOnBlackSite,numberOfRobotsOnWhiteSite
7937,25,16
timeStep,numberOfRobotsOnBlackSite,numberOfRobotsOnWhiteSite
7938,25,16
timeStep,numberOfRobotsOnBlackSite,numberOfRobotsOnWhiteSite
7939,25,16
timeStep,numberOfRobotsOnBlackSite,numberOfRobotsOnWhiteSite
7940,25,16
timeStep,numberOfRobotsOnBlackSite,numberOfRobotsOnWhiteSite
7941,25,16
timeStep,numberOfRobotsOnBlackSite,numberOfRobotsOnWhiteSite
7942,25,16
timeStep,numberOfRobotsOnBlackSite,numberOfRobotsOnWhiteSite
7943,25,16
timeStep,numberOfRobotsOnBlackSite,numberOfRobotsOnWhiteSite
7944,25,16
timeStep,numberOfRobotsOnBlackSite,numberOfRobotsOnWhiteSite
7945,25,16
timeStep,numberOfRobotsOnBlackSite,numberOfRobotsOnWhiteSite
7946,25,16
timeStep,numberOfRobotsOnBlackSite,numberOfRobotsOnWhiteSite
7947,25,16
timeStep,numberOfRobotsOnBlackSite,numberOfRobotsOnWhiteSite
7948,25,16
timeStep,numberOfRobotsOnBlackSite,numberOfRobotsOnWhiteSite
7949,25,16
timeStep,numberOfRobotsOnBlackSite,numberOfRobotsOnWhiteSite
7950,25,16
timeStep,numberOfRobotsOnBlackSite,numberOfRobotsOnWhiteSite
7951,25,16
timeStep,numberOfRobotsOnBlackSite,numberOfRobotsOnWhiteSite
7952,25,16
timeStep,numberOfRobotsOnBlackSite,numberOfRobotsOnWhiteSite
7953,25,16
timeStep,numberOfRobotsOnBlackSite,numberOfRobotsOnWhiteSite
7954,25,16
timeStep,numberOfRobotsOnBlackSite,numberOfRobotsOnWhiteSite
7955,25,16
timeStep,numberOfRobotsOnBlackSite,numberOfRobotsOnWhiteSite
7956,25,16
timeStep,numberOfRobotsOnBlackSite,numberOfRobotsOnWhiteSite
7957,25,16
timeStep,numberOfRobotsOnBlackSite,numberOfRobotsOnWhiteSite
7958,25,16
timeStep,numberOfRobotsOnBlackSite,numberOfRobotsOnWhiteSite
7959,25,16
timeStep,numberOfRobotsOnBlackSite,numberOfRobotsOnWhiteSite
7960,25,16
timeStep,numberOfRobotsOnBlackSite,numberOfRobotsOnWhiteSite
7961,25,16
timeStep,numberOfRobotsOnBlackSite,numberOfRobotsOnWhiteSite
7962,25,16
timeStep,numberOfRobotsOnBlackSite,numberOfRobotsOnWhiteSite
7963,25,16
timeStep,numberOfRobotsOnBlackSite,numberOfRobotsOnWhiteSite
7964,25,16
timeStep,numberOfRobotsOnBlackSite,numberOfRobotsOnWhiteSite
7965,25,16
timeStep,numberOfRobotsOnBlackSite,numberOfRobotsOnWhiteSite
7966,25,16
timeStep,numberOfRobotsOnBlackSite,numberOfRobotsOnWhiteSite
7967,25,16
timeStep,numberOfRobotsOnBlackSite,numberOfRobotsOnWhiteSite
7968,25,16
timeStep,numberOfRobotsOnBlackSite,numberOfRobotsOnWhiteSite
7969,25,16
timeStep,numberOfRobotsOnBlackSite,numberOfRobotsOnWhiteSite
7970,25,16
timeStep,numberOfRobotsOnBlackSite,numberOfRobotsOnWhiteSite
7971,25,16
timeStep,numberOfRobotsOnBlackSite,numberOfRobotsOnWhiteSite
7972,25,16
timeStep,numberOfRobotsOnBlackSite,numberOfRobotsOnWhiteSite
7973,25,16
timeStep,numberOfRobotsOnBlackSite,numberOfRobotsOnWhiteSite
7974,25,16
timeStep,numberOfRobotsOnBlackSite,numberOfRobotsOnWhiteSite
7975,25,16
timeStep,numberOfRobotsOnBlackSite,numberOfRobotsOnWhiteSite
7976,25,16
timeStep,numberOfRobotsOnBlackSite,numberOfRobotsOnWhiteSite
7977,25,16
timeStep,numberOfRobotsOnBlackSite,numberOfRobotsOnWhiteSite
7978,25,16
timeStep,numberOfRobotsOnBlackSite,numberOfRobotsOnWhiteSite
7979,25,16
timeStep,numberOfRobotsOnBlackSite,numberOfRobotsOnWhiteSite
7980,25,16
timeStep,numberOfRobotsOnBlackSite,numberOfRobotsOnWhiteSite
7981,25,16
timeStep,numberOfRobotsOnBlackSite,numberOfRobotsOnWhiteSite
7982,25,16
timeStep,numberOfRobotsOnBlackSite,numberOfRobotsOnWhiteSite
7983,25,16
timeStep,numberOfRobotsOnBlackSite,numberOfRobotsOnWhiteSite
7984,25,16
timeStep,numberOfRobotsOnBlackSite,numberOfRobotsOnWhiteSite
7985,25,16
timeStep,numberOfRobotsOnBlackSite,numberOfRobotsOnWhiteSite
7986,25,16
timeStep,numberOfRobotsOnBlackSite,numberOfRobotsOnWhiteSite
7987,25,16
timeStep,numberOfRobotsOnBlackSite,numberOfRobotsOnWhiteSite
7988,25,16
timeStep,numberOfRobotsOnBlackSite,numberOfRobotsOnWhiteSite
7989,25,16
timeStep,numberOfRobotsOnBlackSite,numberOfRobotsOnWhiteSite
7990,25,16
timeStep,numberOfRobotsOnBlackSite,numberOfRobotsOnWhiteSite
7991,25,16
timeStep,numberOfRobotsOnBlackSite,numberOfRobotsOnWhiteSite
7992,25,16
timeStep,numberOfRobotsOnBlackSite,numberOfRobotsOnWhiteSite
7993,25,16
timeStep,numberOfRobotsOnBlackSite,numberOfRobotsOnWhiteSite
7994,25,16
timeStep,numberOfRobotsOnBlackSite,numberOfRobotsOnWhiteSite
7995,25,16
timeStep,numberOfRobotsOnBlackSite,numberOfRobotsOnWhiteSite
7996,25,16
timeStep,numberOfRobotsOnBlackSite,numberOfRobotsOnWhiteSite
7997,25,16
timeStep,numberOfRobotsOnBlackSite,numberOfRobotsOnWhiteSite
7998,25,16
timeStep,numberOfRobotsOnBlackSite,numberOfRobotsOnWhiteSite
7999,25,16
timeStep,numberOfRobotsOnBlackSite,numberOfRobotsOnWhiteSite
8000,25,16
timeStep,numberOfRobotsOnBlackSite,numberOfRobotsOnWhiteSite
8001,25,16
timeStep,numberOfRobotsOnBlackSite,numberOfRobotsOnWhiteSite
8002,25,16
timeStep,numberOfRobotsOnBlackSite,numberOfRobotsOnWhiteSite
8003,25,16
timeStep,numberOfRobotsOnBlackSite,numberOfRobotsOnWhiteSite
8004,25,16
timeStep,numberOfRobotsOnBlackSite,numberOfRobotsOnWhiteSite
8005,25,16
timeStep,numberOfRobotsOnBlackSite,numberOfRobotsOnWhiteSite
8006,25,16
timeStep,numberOfRobotsOnBlackSite,numberOfRobotsOnWhiteSite
8007,25,16
timeStep,numberOfRobotsOnBlackSite,numberOfRobotsOnWhiteSite
8008,25,16
timeStep,numberOfRobotsOnBlackSite,numberOfRobotsOnWhiteSite
8009,25,16
timeStep,numberOfRobotsOnBlackSite,numberOfRobotsOnWhiteSite
8010,25,16
timeStep,numberOfRobotsOnBlackSite,numberOfRobotsOnWhiteSite
8011,25,16
timeStep,numberOfRobotsOnBlackSite,numberOfRobotsOnWhiteSite
8012,25,16
timeStep,numberOfRobotsOnBlackSite,numberOfRobotsOnWhiteSite
8013,25,16
timeStep,numberOfRobotsOnBlackSite,numberOfRobotsOnWhiteSite
8014,25,16
timeStep,numberOfRobotsOnBlackSite,numberOfRobotsOnWhiteSite
8015,25,16
timeStep,numberOfRobotsOnBlackSite,numberOfRobotsOnWhiteSite
8016,25,16
timeStep,numberOfRobotsOnBlackSite,numberOfRobotsOnWhiteSite
8017,25,16
timeStep,numberOfRobotsOnBlackSite,numberOfRobotsOnWhiteSite
8018,25,16
timeStep,numberOfRobotsOnBlackSite,numberOfRobotsOnWhiteSite
8019,25,16
timeStep,numberOfRobotsOnBlackSite,numberOfRobotsOnWhiteSite
8020,25,16
timeStep,numberOfRobotsOnBlackSite,numberOfRobotsOnWhiteSite
8021,25,16
timeStep,numberOfRobotsOnBlackSite,numberOfRobotsOnWhiteSite
8022,25,16
timeStep,numberOfRobotsOnBlackSite,numberOfRobotsOnWhiteSite
8023,25,16
timeStep,numberOfRobotsOnBlackSite,numberOfRobotsOnWhiteSite
8024,25,16
timeStep,numberOfRobotsOnBlackSite,numberOfRobotsOnWhiteSite
8025,25,16
timeStep,numberOfRobotsOnBlackSite,numberOfRobotsOnWhiteSite
8026,25,16
timeStep,numberOfRobotsOnBlackSite,numberOfRobotsOnWhiteSite
8027,25,16
timeStep,numberOfRobotsOnBlackSite,numberOfRobotsOnWhiteSite
8028,25,16
timeStep,numberOfRobotsOnBlackSite,numberOfRobotsOnWhiteSite
8029,25,16
timeStep,numberOfRobotsOnBlackSite,numberOfRobotsOnWhiteSite
8030,25,16
timeStep,numberOfRobotsOnBlackSite,numberOfRobotsOnWhiteSite
8031,25,16
timeStep,numberOfRobotsOnBlackSite,numberOfRobotsOnWhiteSite
8032,25,16
timeStep,numberOfRobotsOnBlackSite,numberOfRobotsOnWhiteSite
8033,25,16
timeStep,numberOfRobotsOnBlackSite,numberOfRobotsOnWhiteSite
8034,25,16
timeStep,numberOfRobotsOnBlackSite,numberOfRobotsOnWhiteSite
8035,25,16
timeStep,numberOfRobotsOnBlackSite,numberOfRobotsOnWhiteSite
8036,25,16
timeStep,numberOfRobotsOnBlackSite,numberOfRobotsOnWhiteSite
8037,25,16
timeStep,numberOfRobotsOnBlackSite,numberOfRobotsOnWhiteSite
8038,25,16
timeStep,numberOfRobotsOnBlackSite,numberOfRobotsOnWhiteSite
8039,25,16
timeStep,numberOfRobotsOnBlackSite,numberOfRobotsOnWhiteSite
8040,25,16
timeStep,numberOfRobotsOnBlackSite,numberOfRobotsOnWhiteSite
8041,25,16
timeStep,numberOfRobotsOnBlackSite,numberOfRobotsOnWhiteSite
8042,25,16
timeStep,numberOfRobotsOnBlackSite,numberOfRobotsOnWhiteSite
8043,25,16
timeStep,numberOfRobotsOnBlackSite,numberOfRobotsOnWhiteSite
8044,25,16
timeStep,numberOfRobotsOnBlackSite,numberOfRobotsOnWhiteSite
8045,25,16
timeStep,numberOfRobotsOnBlackSite,numberOfRobotsOnWhiteSite
8046,25,16
timeStep,numberOfRobotsOnBlackSite,numberOfRobotsOnWhiteSite
8047,25,16
timeStep,numberOfRobotsOnBlackSite,numberOfRobotsOnWhiteSite
8048,25,16
timeStep,numberOfRobotsOnBlackSite,numberOfRobotsOnWhiteSite
8049,25,16
timeStep,numberOfRobotsOnBlackSite,numberOfRobotsOnWhiteSite
8050,25,16
timeStep,numberOfRobotsOnBlackSite,numberOfRobotsOnWhiteSite
8051,25,16
timeStep,numberOfRobotsOnBlackSite,numberOfRobotsOnWhiteSite
8052,25,16
timeStep,numberOfRobotsOnBlackSite,numberOfRobotsOnWhiteSite
8053,25,16
timeStep,numberOfRobotsOnBlackSite,numberOfRobotsOnWhiteSite
8054,25,16
timeStep,numberOfRobotsOnBlackSite,numberOfRobotsOnWhiteSite
8055,25,16
timeStep,numberOfRobotsOnBlackSite,numberOfRobotsOnWhiteSite
8056,25,16
timeStep,numberOfRobotsOnBlackSite,numberOfRobotsOnWhiteSite
8057,25,16
timeStep,numberOfRobotsOnBlackSite,numberOfRobotsOnWhiteSite
8058,25,16
timeStep,numberOfRobotsOnBlackSite,numberOfRobotsOnWhiteSite
8059,25,16
timeStep,numberOfRobotsOnBlackSite,numberOfRobotsOnWhiteSite
8060,25,16
timeStep,numberOfRobotsOnBlackSite,numberOfRobotsOnWhiteSite
8061,25,16
timeStep,numberOfRobotsOnBlackSite,numberOfRobotsOnWhiteSite
8062,25,16
timeStep,numberOfRobotsOnBlackSite,numberOfRobotsOnWhiteSite
8063,25,16
timeStep,numberOfRobotsOnBlackSite,numberOfRobotsOnWhiteSite
8064,25,16
timeStep,numberOfRobotsOnBlackSite,numberOfRobotsOnWhiteSite
8065,25,16
timeStep,numberOfRobotsOnBlackSite,numberOfRobotsOnWhiteSite
8066,25,16
timeStep,numberOfRobotsOnBlackSite,numberOfRobotsOnWhiteSite
8067,25,16
timeStep,numberOfRobotsOnBlackSite,numberOfRobotsOnWhiteSite
8068,25,16
timeStep,numberOfRobotsOnBlackSite,numberOfRobotsOnWhiteSite
8069,25,16
timeStep,numberOfRobotsOnBlackSite,numberOfRobotsOnWhiteSite
8070,25,16
timeStep,numberOfRobotsOnBlackSite,numberOfRobotsOnWhiteSite
8071,25,16
timeStep,numberOfRobotsOnBlackSite,numberOfRobotsOnWhiteSite
8072,25,16
timeStep,numberOfRobotsOnBlackSite,numberOfRobotsOnWhiteSite
8073,25,16
timeStep,numberOfRobotsOnBlackSite,numberOfRobotsOnWhiteSite
8074,25,16
timeStep,numberOfRobotsOnBlackSite,numberOfRobotsOnWhiteSite
8075,25,16
timeStep,numberOfRobotsOnBlackSite,numberOfRobotsOnWhiteSite
8076,25,16
timeStep,numberOfRobotsOnBlackSite,numberOfRobotsOnWhiteSite
8077,25,16
timeStep,numberOfRobotsOnBlackSite,numberOfRobotsOnWhiteSite
8078,25,16
timeStep,numberOfRobotsOnBlackSite,numberOfRobotsOnWhiteSite
8079,25,16
timeStep,numberOfRobotsOnBlackSite,numberOfRobotsOnWhiteSite
8080,25,16
timeStep,numberOfRobotsOnBlackSite,numberOfRobotsOnWhiteSite
8081,25,16
timeStep,numberOfRobotsOnBlackSite,numberOfRobotsOnWhiteSite
8082,25,16
timeStep,numberOfRobotsOnBlackSite,numberOfRobotsOnWhiteSite
8083,25,16
timeStep,numberOfRobotsOnBlackSite,numberOfRobotsOnWhiteSite
8084,25,16
timeStep,numberOfRobotsOnBlackSite,numberOfRobotsOnWhiteSite
8085,25,16
timeStep,numberOfRobotsOnBlackSite,numberOfRobotsOnWhiteSite
8086,25,16
timeStep,numberOfRobotsOnBlackSite,numberOfRobotsOnWhiteSite
8087,25,16
timeStep,numberOfRobotsOnBlackSite,numberOfRobotsOnWhiteSite
8088,25,16
timeStep,numberOfRobotsOnBlackSite,numberOfRobotsOnWhiteSite
8089,25,16
timeStep,numberOfRobotsOnBlackSite,numberOfRobotsOnWhiteSite
8090,25,16
timeStep,numberOfRobotsOnBlackSite,numberOfRobotsOnWhiteSite
8091,25,16
timeStep,numberOfRobotsOnBlackSite,numberOfRobotsOnWhiteSite
8092,25,16
timeStep,numberOfRobotsOnBlackSite,numberOfRobotsOnWhiteSite
8093,25,16
timeStep,numberOfRobotsOnBlackSite,numberOfRobotsOnWhiteSite
8094,25,16
timeStep,numberOfRobotsOnBlackSite,numberOfRobotsOnWhiteSite
8095,25,16
timeStep,numberOfRobotsOnBlackSite,numberOfRobotsOnWhiteSite
8096,25,16
timeStep,numberOfRobotsOnBlackSite,numberOfRobotsOnWhiteSite
8097,25,16
timeStep,numberOfRobotsOnBlackSite,numberOfRobotsOnWhiteSite
8098,25,16
timeStep,numberOfRobotsOnBlackSite,numberOfRobotsOnWhiteSite
8099,25,16
timeStep,numberOfRobotsOnBlackSite,numberOfRobotsOnWhiteSite
8100,25,17
timeStep,numberOfRobotsOnBlackSite,numberOfRobotsOnWhiteSite
8101,25,17
timeStep,numberOfRobotsOnBlackSite,numberOfRobotsOnWhiteSite
8102,25,17
timeStep,numberOfRobotsOnBlackSite,numberOfRobotsOnWhiteSite
8103,25,17
timeStep,numberOfRobotsOnBlackSite,numberOfRobotsOnWhiteSite
8104,25,17
timeStep,numberOfRobotsOnBlackSite,numberOfRobotsOnWhiteSite
8105,25,17
timeStep,numberOfRobotsOnBlackSite,numberOfRobotsOnWhiteSite
8106,25,17
timeStep,numberOfRobotsOnBlackSite,numberOfRobotsOnWhiteSite
8107,25,17
timeStep,numberOfRobotsOnBlackSite,numberOfRobotsOnWhiteSite
8108,25,17
timeStep,numberOfRobotsOnBlackSite,numberOfRobotsOnWhiteSite
8109,25,17
timeStep,numberOfRobotsOnBlackSite,numberOfRobotsOnWhiteSite
8110,25,17
timeStep,numberOfRobotsOnBlackSite,numberOfRobotsOnWhiteSite
8111,25,17
timeStep,numberOfRobotsOnBlackSite,numberOfRobotsOnWhiteSite
8112,25,17
timeStep,numberOfRobotsOnBlackSite,numberOfRobotsOnWhiteSite
8113,25,17
timeStep,numberOfRobotsOnBlackSite,numberOfRobotsOnWhiteSite
8114,25,17
timeStep,numberOfRobotsOnBlackSite,numberOfRobotsOnWhiteSite
8115,25,17
timeStep,numberOfRobotsOnBlackSite,numberOfRobotsOnWhiteSite
8116,25,17
timeStep,numberOfRobotsOnBlackSite,numberOfRobotsOnWhiteSite
8117,25,17
timeStep,numberOfRobotsOnBlackSite,numberOfRobotsOnWhiteSite
8118,25,17
timeStep,numberOfRobotsOnBlackSite,numberOfRobotsOnWhiteSite
8119,25,17
timeStep,numberOfRobotsOnBlackSite,numberOfRobotsOnWhiteSite
8120,25,17
timeStep,numberOfRobotsOnBlackSite,numberOfRobotsOnWhiteSite
8121,25,17
timeStep,numberOfRobotsOnBlackSite,numberOfRobotsOnWhiteSite
8122,25,17
timeStep,numberOfRobotsOnBlackSite,numberOfRobotsOnWhiteSite
8123,25,17
timeStep,numberOfRobotsOnBlackSite,numberOfRobotsOnWhiteSite
8124,25,17
timeStep,numberOfRobotsOnBlackSite,numberOfRobotsOnWhiteSite
8125,25,17
timeStep,numberOfRobotsOnBlackSite,numberOfRobotsOnWhiteSite
8126,25,17
timeStep,numberOfRobotsOnBlackSite,numberOfRobotsOnWhiteSite
8127,25,17
timeStep,numberOfRobotsOnBlackSite,numberOfRobotsOnWhiteSite
8128,25,17
timeStep,numberOfRobotsOnBlackSite,numberOfRobotsOnWhiteSite
8129,25,17
timeStep,numberOfRobotsOnBlackSite,numberOfRobotsOnWhiteSite
8130,25,17
timeStep,numberOfRobotsOnBlackSite,numberOfRobotsOnWhiteSite
8131,25,17
timeStep,numberOfRobotsOnBlackSite,numberOfRobotsOnWhiteSite
8132,25,17
timeStep,numberOfRobotsOnBlackSite,numberOfRobotsOnWhiteSite
8133,25,17
timeStep,numberOfRobotsOnBlackSite,numberOfRobotsOnWhiteSite
8134,25,17
timeStep,numberOfRobotsOnBlackSite,numberOfRobotsOnWhiteSite
8135,25,17
timeStep,numberOfRobotsOnBlackSite,numberOfRobotsOnWhiteSite
8136,25,17
timeStep,numberOfRobotsOnBlackSite,numberOfRobotsOnWhiteSite
8137,25,17
timeStep,numberOfRobotsOnBlackSite,numberOfRobotsOnWhiteSite
8138,25,17
timeStep,numberOfRobotsOnBlackSite,numberOfRobotsOnWhiteSite
8139,25,17
timeStep,numberOfRobotsOnBlackSite,numberOfRobotsOnWhiteSite
8140,25,17
timeStep,numberOfRobotsOnBlackSite,numberOfRobotsOnWhiteSite
8141,25,17
timeStep,numberOfRobotsOnBlackSite,numberOfRobotsOnWhiteSite
8142,25,17
timeStep,numberOfRobotsOnBlackSite,numberOfRobotsOnWhiteSite
8143,25,17
timeStep,numberOfRobotsOnBlackSite,numberOfRobotsOnWhiteSite
8144,25,17
timeStep,numberOfRobotsOnBlackSite,numberOfRobotsOnWhiteSite
8145,25,17
timeStep,numberOfRobotsOnBlackSite,numberOfRobotsOnWhiteSite
8146,25,17
timeStep,numberOfRobotsOnBlackSite,numberOfRobotsOnWhiteSite
8147,25,17
timeStep,numberOfRobotsOnBlackSite,numberOfRobotsOnWhiteSite
8148,25,17
timeStep,numberOfRobotsOnBlackSite,numberOfRobotsOnWhiteSite
8149,25,17
timeStep,numberOfRobotsOnBlackSite,numberOfRobotsOnWhiteSite
8150,25,16
timeStep,numberOfRobotsOnBlackSite,numberOfRobotsOnWhiteSite
8151,25,16
timeStep,numberOfRobotsOnBlackSite,numberOfRobotsOnWhiteSite
8152,25,16
timeStep,numberOfRobotsOnBlackSite,numberOfRobotsOnWhiteSite
8153,25,16
timeStep,numberOfRobotsOnBlackSite,numberOfRobotsOnWhiteSite
8154,25,16
timeStep,numberOfRobotsOnBlackSite,numberOfRobotsOnWhiteSite
8155,25,16
timeStep,numberOfRobotsOnBlackSite,numberOfRobotsOnWhiteSite
8156,25,16
timeStep,numberOfRobotsOnBlackSite,numberOfRobotsOnWhiteSite
8157,25,16
timeStep,numberOfRobotsOnBlackSite,numberOfRobotsOnWhiteSite
8158,25,16
timeStep,numberOfRobotsOnBlackSite,numberOfRobotsOnWhiteSite
8159,25,16
timeStep,numberOfRobotsOnBlackSite,numberOfRobotsOnWhiteSite
8160,25,16
timeStep,numberOfRobotsOnBlackSite,numberOfRobotsOnWhiteSite
8161,25,16
timeStep,numberOfRobotsOnBlackSite,numberOfRobotsOnWhiteSite
8162,25,16
timeStep,numberOfRobotsOnBlackSite,numberOfRobotsOnWhiteSite
8163,25,16
timeStep,numberOfRobotsOnBlackSite,numberOfRobotsOnWhiteSite
8164,25,16
timeStep,numberOfRobotsOnBlackSite,numberOfRobotsOnWhiteSite
8165,25,16
timeStep,numberOfRobotsOnBlackSite,numberOfRobotsOnWhiteSite
8166,25,16
timeStep,numberOfRobotsOnBlackSite,numberOfRobotsOnWhiteSite
8167,25,16
timeStep,numberOfRobotsOnBlackSite,numberOfRobotsOnWhiteSite
8168,25,16
timeStep,numberOfRobotsOnBlackSite,numberOfRobotsOnWhiteSite
8169,25,16
timeStep,numberOfRobotsOnBlackSite,numberOfRobotsOnWhiteSite
8170,25,16
timeStep,numberOfRobotsOnBlackSite,numberOfRobotsOnWhiteSite
8171,25,16
timeStep,numberOfRobotsOnBlackSite,numberOfRobotsOnWhiteSite
8172,25,16
timeStep,numberOfRobotsOnBlackSite,numberOfRobotsOnWhiteSite
8173,25,16
timeStep,numberOfRobotsOnBlackSite,numberOfRobotsOnWhiteSite
8174,25,16
timeStep,numberOfRobotsOnBlackSite,numberOfRobotsOnWhiteSite
8175,25,16
timeStep,numberOfRobotsOnBlackSite,numberOfRobotsOnWhiteSite
8176,25,16
timeStep,numberOfRobotsOnBlackSite,numberOfRobotsOnWhiteSite
8177,25,16
timeStep,numberOfRobotsOnBlackSite,numberOfRobotsOnWhiteSite
8178,25,16
timeStep,numberOfRobotsOnBlackSite,numberOfRobotsOnWhiteSite
8179,25,16
timeStep,numberOfRobotsOnBlackSite,numberOfRobotsOnWhiteSite
8180,25,16
timeStep,numberOfRobotsOnBlackSite,numberOfRobotsOnWhiteSite
8181,25,16
timeStep,numberOfRobotsOnBlackSite,numberOfRobotsOnWhiteSite
8182,25,16
timeStep,numberOfRobotsOnBlackSite,numberOfRobotsOnWhiteSite
8183,25,16
timeStep,numberOfRobotsOnBlackSite,numberOfRobotsOnWhiteSite
8184,25,16
timeStep,numberOfRobotsOnBlackSite,numberOfRobotsOnWhiteSite
8185,25,16
timeStep,numberOfRobotsOnBlackSite,numberOfRobotsOnWhiteSite
8186,25,16
timeStep,numberOfRobotsOnBlackSite,numberOfRobotsOnWhiteSite
8187,25,16
timeStep,numberOfRobotsOnBlackSite,numberOfRobotsOnWhiteSite
8188,25,16
timeStep,numberOfRobotsOnBlackSite,numberOfRobotsOnWhiteSite
8189,25,16
timeStep,numberOfRobotsOnBlackSite,numberOfRobotsOnWhiteSite
8190,25,16
timeStep,numberOfRobotsOnBlackSite,numberOfRobotsOnWhiteSite
8191,25,16
timeStep,numberOfRobotsOnBlackSite,numberOfRobotsOnWhiteSite
8192,25,16
timeStep,numberOfRobotsOnBlackSite,numberOfRobotsOnWhiteSite
8193,25,16
timeStep,numberOfRobotsOnBlackSite,numberOfRobotsOnWhiteSite
8194,25,16
timeStep,numberOfRobotsOnBlackSite,numberOfRobotsOnWhiteSite
8195,25,17
timeStep,numberOfRobotsOnBlackSite,numberOfRobotsOnWhiteSite
8196,25,17
timeStep,numberOfRobotsOnBlackSite,numberOfRobotsOnWhiteSite
8197,25,17
timeStep,numberOfRobotsOnBlackSite,numberOfRobotsOnWhiteSite
8198,25,17
timeStep,numberOfRobotsOnBlackSite,numberOfRobotsOnWhiteSite
8199,25,17
timeStep,numberOfRobotsOnBlackSite,numberOfRobotsOnWhiteSite
8200,25,17
timeStep,numberOfRobotsOnBlackSite,numberOfRobotsOnWhiteSite
8201,25,17
timeStep,numberOfRobotsOnBlackSite,numberOfRobotsOnWhiteSite
8202,25,17
timeStep,numberOfRobotsOnBlackSite,numberOfRobotsOnWhiteSite
8203,25,17
timeStep,numberOfRobotsOnBlackSite,numberOfRobotsOnWhiteSite
8204,25,17
timeStep,numberOfRobotsOnBlackSite,numberOfRobotsOnWhiteSite
8205,25,17
timeStep,numberOfRobotsOnBlackSite,numberOfRobotsOnWhiteSite
8206,25,17
timeStep,numberOfRobotsOnBlackSite,numberOfRobotsOnWhiteSite
8207,25,17
timeStep,numberOfRobotsOnBlackSite,numberOfRobotsOnWhiteSite
8208,25,17
timeStep,numberOfRobotsOnBlackSite,numberOfRobotsOnWhiteSite
8209,25,17
timeStep,numberOfRobotsOnBlackSite,numberOfRobotsOnWhiteSite
8210,25,17
timeStep,numberOfRobotsOnBlackSite,numberOfRobotsOnWhiteSite
8211,25,17
timeStep,numberOfRobotsOnBlackSite,numberOfRobotsOnWhiteSite
8212,25,17
timeStep,numberOfRobotsOnBlackSite,numberOfRobotsOnWhiteSite
8213,25,17
timeStep,numberOfRobotsOnBlackSite,numberOfRobotsOnWhiteSite
8214,25,17
timeStep,numberOfRobotsOnBlackSite,numberOfRobotsOnWhiteSite
8215,25,17
timeStep,numberOfRobotsOnBlackSite,numberOfRobotsOnWhiteSite
8216,25,17
timeStep,numberOfRobotsOnBlackSite,numberOfRobotsOnWhiteSite
8217,25,17
timeStep,numberOfRobotsOnBlackSite,numberOfRobotsOnWhiteSite
8218,25,17
timeStep,numberOfRobotsOnBlackSite,numberOfRobotsOnWhiteSite
8219,25,17
timeStep,numberOfRobotsOnBlackSite,numberOfRobotsOnWhiteSite
8220,25,17
timeStep,numberOfRobotsOnBlackSite,numberOfRobotsOnWhiteSite
8221,25,17
timeStep,numberOfRobotsOnBlackSite,numberOfRobotsOnWhiteSite
8222,25,17
timeStep,numberOfRobotsOnBlackSite,numberOfRobotsOnWhiteSite
8223,25,17
timeStep,numberOfRobotsOnBlackSite,numberOfRobotsOnWhiteSite
8224,25,17
timeStep,numberOfRobotsOnBlackSite,numberOfRobotsOnWhiteSite
8225,25,17
timeStep,numberOfRobotsOnBlackSite,numberOfRobotsOnWhiteSite
8226,25,17
timeStep,numberOfRobotsOnBlackSite,numberOfRobotsOnWhiteSite
8227,25,17
timeStep,numberOfRobotsOnBlackSite,numberOfRobotsOnWhiteSite
8228,25,17
timeStep,numberOfRobotsOnBlackSite,numberOfRobotsOnWhiteSite
8229,25,17
timeStep,numberOfRobotsOnBlackSite,numberOfRobotsOnWhiteSite
8230,25,17
timeStep,numberOfRobotsOnBlackSite,numberOfRobotsOnWhiteSite
8231,25,17
timeStep,numberOfRobotsOnBlackSite,numberOfRobotsOnWhiteSite
8232,25,17
timeStep,numberOfRobotsOnBlackSite,numberOfRobotsOnWhiteSite
8233,25,17
timeStep,numberOfRobotsOnBlackSite,numberOfRobotsOnWhiteSite
8234,25,17
timeStep,numberOfRobotsOnBlackSite,numberOfRobotsOnWhiteSite
8235,26,17
timeStep,numberOfRobotsOnBlackSite,numberOfRobotsOnWhiteSite
8236,26,17
timeStep,numberOfRobotsOnBlackSite,numberOfRobotsOnWhiteSite
8237,26,17
timeStep,numberOfRobotsOnBlackSite,numberOfRobotsOnWhiteSite
8238,26,17
timeStep,numberOfRobotsOnBlackSite,numberOfRobotsOnWhiteSite
8239,26,17
timeStep,numberOfRobotsOnBlackSite,numberOfRobotsOnWhiteSite
8240,26,17
timeStep,numberOfRobotsOnBlackSite,numberOfRobotsOnWhiteSite
8241,26,17
timeStep,numberOfRobotsOnBlackSite,numberOfRobotsOnWhiteSite
8242,26,17
timeStep,numberOfRobotsOnBlackSite,numberOfRobotsOnWhiteSite
8243,26,17
timeStep,numberOfRobotsOnBlackSite,numberOfRobotsOnWhiteSite
8244,26,17
timeStep,numberOfRobotsOnBlackSite,numberOfRobotsOnWhiteSite
8245,26,17
timeStep,numberOfRobotsOnBlackSite,numberOfRobotsOnWhiteSite
8246,26,17
timeStep,numberOfRobotsOnBlackSite,numberOfRobotsOnWhiteSite
8247,26,17
timeStep,numberOfRobotsOnBlackSite,numberOfRobotsOnWhiteSite
8248,26,17
timeStep,numberOfRobotsOnBlackSite,numberOfRobotsOnWhiteSite
8249,26,17
timeStep,numberOfRobotsOnBlackSite,numberOfRobotsOnWhiteSite
8250,26,17
timeStep,numberOfRobotsOnBlackSite,numberOfRobotsOnWhiteSite
8251,26,17
timeStep,numberOfRobotsOnBlackSite,numberOfRobotsOnWhiteSite
8252,26,17
timeStep,numberOfRobotsOnBlackSite,numberOfRobotsOnWhiteSite
8253,26,17
timeStep,numberOfRobotsOnBlackSite,numberOfRobotsOnWhiteSite
8254,26,17
timeStep,numberOfRobotsOnBlackSite,numberOfRobotsOnWhiteSite
8255,26,17
timeStep,numberOfRobotsOnBlackSite,numberOfRobotsOnWhiteSite
8256,26,17
timeStep,numberOfRobotsOnBlackSite,numberOfRobotsOnWhiteSite
8257,26,17
timeStep,numberOfRobotsOnBlackSite,numberOfRobotsOnWhiteSite
8258,26,17
timeStep,numberOfRobotsOnBlackSite,numberOfRobotsOnWhiteSite
8259,26,17
timeStep,numberOfRobotsOnBlackSite,numberOfRobotsOnWhiteSite
8260,26,17
timeStep,numberOfRobotsOnBlackSite,numberOfRobotsOnWhiteSite
8261,26,17
timeStep,numberOfRobotsOnBlackSite,numberOfRobotsOnWhiteSite
8262,26,17
timeStep,numberOfRobotsOnBlackSite,numberOfRobotsOnWhiteSite
8263,26,17
timeStep,numberOfRobotsOnBlackSite,numberOfRobotsOnWhiteSite
8264,26,17
timeStep,numberOfRobotsOnBlackSite,numberOfRobotsOnWhiteSite
8265,26,17
timeStep,numberOfRobotsOnBlackSite,numberOfRobotsOnWhiteSite
8266,26,17
timeStep,numberOfRobotsOnBlackSite,numberOfRobotsOnWhiteSite
8267,26,17
timeStep,numberOfRobotsOnBlackSite,numberOfRobotsOnWhiteSite
8268,26,17
timeStep,numberOfRobotsOnBlackSite,numberOfRobotsOnWhiteSite
8269,26,17
timeStep,numberOfRobotsOnBlackSite,numberOfRobotsOnWhiteSite
8270,26,17
timeStep,numberOfRobotsOnBlackSite,numberOfRobotsOnWhiteSite
8271,26,17
timeStep,numberOfRobotsOnBlackSite,numberOfRobotsOnWhiteSite
8272,26,17
timeStep,numberOfRobotsOnBlackSite,numberOfRobotsOnWhiteSite
8273,26,17
timeStep,numberOfRobotsOnBlackSite,numberOfRobotsOnWhiteSite
8274,26,17
timeStep,numberOfRobotsOnBlackSite,numberOfRobotsOnWhiteSite
8275,26,18
timeStep,numberOfRobotsOnBlackSite,numberOfRobotsOnWhiteSite
8276,26,18
timeStep,numberOfRobotsOnBlackSite,numberOfRobotsOnWhiteSite
8277,26,18
timeStep,numberOfRobotsOnBlackSite,numberOfRobotsOnWhiteSite
8278,26,18
timeStep,numberOfRobotsOnBlackSite,numberOfRobotsOnWhiteSite
8279,26,18
timeStep,numberOfRobotsOnBlackSite,numberOfRobotsOnWhiteSite
8280,26,18
timeStep,numberOfRobotsOnBlackSite,numberOfRobotsOnWhiteSite
8281,26,18
timeStep,numberOfRobotsOnBlackSite,numberOfRobotsOnWhiteSite
8282,26,18
timeStep,numberOfRobotsOnBlackSite,numberOfRobotsOnWhiteSite
8283,26,18
timeStep,numberOfRobotsOnBlackSite,numberOfRobotsOnWhiteSite
8284,26,18
timeStep,numberOfRobotsOnBlackSite,numberOfRobotsOnWhiteSite
8285,26,18
timeStep,numberOfRobotsOnBlackSite,numberOfRobotsOnWhiteSite
8286,26,18
timeStep,numberOfRobotsOnBlackSite,numberOfRobotsOnWhiteSite
8287,26,18
timeStep,numberOfRobotsOnBlackSite,numberOfRobotsOnWhiteSite
8288,26,18
timeStep,numberOfRobotsOnBlackSite,numberOfRobotsOnWhiteSite
8289,26,18
timeStep,numberOfRobotsOnBlackSite,numberOfRobotsOnWhiteSite
8290,26,18
timeStep,numberOfRobotsOnBlackSite,numberOfRobotsOnWhiteSite
8291,26,18
timeStep,numberOfRobotsOnBlackSite,numberOfRobotsOnWhiteSite
8292,26,18
timeStep,numberOfRobotsOnBlackSite,numberOfRobotsOnWhiteSite
8293,26,18
timeStep,numberOfRobotsOnBlackSite,numberOfRobotsOnWhiteSite
8294,26,18
timeStep,numberOfRobotsOnBlackSite,numberOfRobotsOnWhiteSite
8295,26,18
timeStep,numberOfRobotsOnBlackSite,numberOfRobotsOnWhiteSite
8296,26,18
timeStep,numberOfRobotsOnBlackSite,numberOfRobotsOnWhiteSite
8297,26,18
timeStep,numberOfRobotsOnBlackSite,numberOfRobotsOnWhiteSite
8298,26,18
timeStep,numberOfRobotsOnBlackSite,numberOfRobotsOnWhiteSite
8299,26,18
timeStep,numberOfRobotsOnBlackSite,numberOfRobotsOnWhiteSite
8300,26,18
timeStep,numberOfRobotsOnBlackSite,numberOfRobotsOnWhiteSite
8301,26,18
timeStep,numberOfRobotsOnBlackSite,numberOfRobotsOnWhiteSite
8302,26,18
timeStep,numberOfRobotsOnBlackSite,numberOfRobotsOnWhiteSite
8303,26,18
timeStep,numberOfRobotsOnBlackSite,numberOfRobotsOnWhiteSite
8304,26,18
timeStep,numberOfRobotsOnBlackSite,numberOfRobotsOnWhiteSite
8305,25,18
timeStep,numberOfRobotsOnBlackSite,numberOfRobotsOnWhiteSite
8306,25,18
timeStep,numberOfRobotsOnBlackSite,numberOfRobotsOnWhiteSite
8307,25,18
timeStep,numberOfRobotsOnBlackSite,numberOfRobotsOnWhiteSite
8308,25,18
timeStep,numberOfRobotsOnBlackSite,numberOfRobotsOnWhiteSite
8309,25,18
timeStep,numberOfRobotsOnBlackSite,numberOfRobotsOnWhiteSite
8310,25,18
timeStep,numberOfRobotsOnBlackSite,numberOfRobotsOnWhiteSite
8311,25,18
timeStep,numberOfRobotsOnBlackSite,numberOfRobotsOnWhiteSite
8312,25,18
timeStep,numberOfRobotsOnBlackSite,numberOfRobotsOnWhiteSite
8313,25,18
timeStep,numberOfRobotsOnBlackSite,numberOfRobotsOnWhiteSite
8314,25,18
timeStep,numberOfRobotsOnBlackSite,numberOfRobotsOnWhiteSite
8315,25,18
timeStep,numberOfRobotsOnBlackSite,numberOfRobotsOnWhiteSite
8316,25,18
timeStep,numberOfRobotsOnBlackSite,numberOfRobotsOnWhiteSite
8317,25,18
timeStep,numberOfRobotsOnBlackSite,numberOfRobotsOnWhiteSite
8318,25,18
timeStep,numberOfRobotsOnBlackSite,numberOfRobotsOnWhiteSite
8319,25,18
timeStep,numberOfRobotsOnBlackSite,numberOfRobotsOnWhiteSite
8320,25,18
timeStep,numberOfRobotsOnBlackSite,numberOfRobotsOnWhiteSite
8321,25,18
timeStep,numberOfRobotsOnBlackSite,numberOfRobotsOnWhiteSite
8322,25,18
timeStep,numberOfRobotsOnBlackSite,numberOfRobotsOnWhiteSite
8323,25,18
timeStep,numberOfRobotsOnBlackSite,numberOfRobotsOnWhiteSite
8324,25,18
timeStep,numberOfRobotsOnBlackSite,numberOfRobotsOnWhiteSite
8325,25,18
timeStep,numberOfRobotsOnBlackSite,numberOfRobotsOnWhiteSite
8326,25,18
timeStep,numberOfRobotsOnBlackSite,numberOfRobotsOnWhiteSite
8327,25,18
timeStep,numberOfRobotsOnBlackSite,numberOfRobotsOnWhiteSite
8328,25,18
timeStep,numberOfRobotsOnBlackSite,numberOfRobotsOnWhiteSite
8329,25,18
timeStep,numberOfRobotsOnBlackSite,numberOfRobotsOnWhiteSite
8330,25,18
timeStep,numberOfRobotsOnBlackSite,numberOfRobotsOnWhiteSite
8331,25,18
timeStep,numberOfRobotsOnBlackSite,numberOfRobotsOnWhiteSite
8332,25,18
timeStep,numberOfRobotsOnBlackSite,numberOfRobotsOnWhiteSite
8333,25,18
timeStep,numberOfRobotsOnBlackSite,numberOfRobotsOnWhiteSite
8334,25,18
timeStep,numberOfRobotsOnBlackSite,numberOfRobotsOnWhiteSite
8335,25,18
timeStep,numberOfRobotsOnBlackSite,numberOfRobotsOnWhiteSite
8336,25,18
timeStep,numberOfRobotsOnBlackSite,numberOfRobotsOnWhiteSite
8337,25,18
timeStep,numberOfRobotsOnBlackSite,numberOfRobotsOnWhiteSite
8338,25,18
timeStep,numberOfRobotsOnBlackSite,numberOfRobotsOnWhiteSite
8339,25,18
timeStep,numberOfRobotsOnBlackSite,numberOfRobotsOnWhiteSite
8340,25,18
timeStep,numberOfRobotsOnBlackSite,numberOfRobotsOnWhiteSite
8341,25,18
timeStep,numberOfRobotsOnBlackSite,numberOfRobotsOnWhiteSite
8342,25,18
timeStep,numberOfRobotsOnBlackSite,numberOfRobotsOnWhiteSite
8343,25,18
timeStep,numberOfRobotsOnBlackSite,numberOfRobotsOnWhiteSite
8344,25,18
timeStep,numberOfRobotsOnBlackSite,numberOfRobotsOnWhiteSite
8345,25,18
timeStep,numberOfRobotsOnBlackSite,numberOfRobotsOnWhiteSite
8346,25,18
timeStep,numberOfRobotsOnBlackSite,numberOfRobotsOnWhiteSite
8347,25,18
timeStep,numberOfRobotsOnBlackSite,numberOfRobotsOnWhiteSite
8348,25,18
timeStep,numberOfRobotsOnBlackSite,numberOfRobotsOnWhiteSite
8349,25,18
timeStep,numberOfRobotsOnBlackSite,numberOfRobotsOnWhiteSite
8350,25,18
timeStep,numberOfRobotsOnBlackSite,numberOfRobotsOnWhiteSite
8351,25,18
timeStep,numberOfRobotsOnBlackSite,numberOfRobotsOnWhiteSite
8352,25,18
timeStep,numberOfRobotsOnBlackSite,numberOfRobotsOnWhiteSite
8353,25,18
timeStep,numberOfRobotsOnBlackSite,numberOfRobotsOnWhiteSite
8354,25,18
timeStep,numberOfRobotsOnBlackSite,numberOfRobotsOnWhiteSite
8355,25,18
timeStep,numberOfRobotsOnBlackSite,numberOfRobotsOnWhiteSite
8356,25,18
timeStep,numberOfRobotsOnBlackSite,numberOfRobotsOnWhiteSite
8357,25,18
timeStep,numberOfRobotsOnBlackSite,numberOfRobotsOnWhiteSite
8358,25,18
timeStep,numberOfRobotsOnBlackSite,numberOfRobotsOnWhiteSite
8359,25,18
timeStep,numberOfRobotsOnBlackSite,numberOfRobotsOnWhiteSite
8360,25,18
timeStep,numberOfRobotsOnBlackSite,numberOfRobotsOnWhiteSite
8361,25,18
timeStep,numberOfRobotsOnBlackSite,numberOfRobotsOnWhiteSite
8362,25,18
timeStep,numberOfRobotsOnBlackSite,numberOfRobotsOnWhiteSite
8363,25,18
timeStep,numberOfRobotsOnBlackSite,numberOfRobotsOnWhiteSite
8364,25,18
timeStep,numberOfRobotsOnBlackSite,numberOfRobotsOnWhiteSite
8365,25,18
timeStep,numberOfRobotsOnBlackSite,numberOfRobotsOnWhiteSite
8366,25,18
timeStep,numberOfRobotsOnBlackSite,numberOfRobotsOnWhiteSite
8367,25,18
timeStep,numberOfRobotsOnBlackSite,numberOfRobotsOnWhiteSite
8368,25,18
timeStep,numberOfRobotsOnBlackSite,numberOfRobotsOnWhiteSite
8369,25,18
timeStep,numberOfRobotsOnBlackSite,numberOfRobotsOnWhiteSite
8370,25,18
timeStep,numberOfRobotsOnBlackSite,numberOfRobotsOnWhiteSite
8371,25,18
timeStep,numberOfRobotsOnBlackSite,numberOfRobotsOnWhiteSite
8372,25,18
timeStep,numberOfRobotsOnBlackSite,numberOfRobotsOnWhiteSite
8373,25,18
timeStep,numberOfRobotsOnBlackSite,numberOfRobotsOnWhiteSite
8374,25,18
timeStep,numberOfRobotsOnBlackSite,numberOfRobotsOnWhiteSite
8375,25,18
timeStep,numberOfRobotsOnBlackSite,numberOfRobotsOnWhiteSite
8376,25,18
timeStep,numberOfRobotsOnBlackSite,numberOfRobotsOnWhiteSite
8377,25,18
timeStep,numberOfRobotsOnBlackSite,numberOfRobotsOnWhiteSite
8378,25,18
timeStep,numberOfRobotsOnBlackSite,numberOfRobotsOnWhiteSite
8379,25,18
timeStep,numberOfRobotsOnBlackSite,numberOfRobotsOnWhiteSite
8380,25,18
timeStep,numberOfRobotsOnBlackSite,numberOfRobotsOnWhiteSite
8381,25,18
timeStep,numberOfRobotsOnBlackSite,numberOfRobotsOnWhiteSite
8382,25,18
timeStep,numberOfRobotsOnBlackSite,numberOfRobotsOnWhiteSite
8383,25,18
timeStep,numberOfRobotsOnBlackSite,numberOfRobotsOnWhiteSite
8384,25,18
timeStep,numberOfRobotsOnBlackSite,numberOfRobotsOnWhiteSite
8385,25,17
timeStep,numberOfRobotsOnBlackSite,numberOfRobotsOnWhiteSite
8386,25,17
timeStep,numberOfRobotsOnBlackSite,numberOfRobotsOnWhiteSite
8387,25,17
timeStep,numberOfRobotsOnBlackSite,numberOfRobotsOnWhiteSite
8388,25,17
timeStep,numberOfRobotsOnBlackSite,numberOfRobotsOnWhiteSite
8389,25,17
timeStep,numberOfRobotsOnBlackSite,numberOfRobotsOnWhiteSite
8390,25,17
timeStep,numberOfRobotsOnBlackSite,numberOfRobotsOnWhiteSite
8391,25,17
timeStep,numberOfRobotsOnBlackSite,numberOfRobotsOnWhiteSite
8392,25,17
timeStep,numberOfRobotsOnBlackSite,numberOfRobotsOnWhiteSite
8393,25,17
timeStep,numberOfRobotsOnBlackSite,numberOfRobotsOnWhiteSite
8394,25,17
timeStep,numberOfRobotsOnBlackSite,numberOfRobotsOnWhiteSite
8395,25,17
timeStep,numberOfRobotsOnBlackSite,numberOfRobotsOnWhiteSite
8396,25,17
timeStep,numberOfRobotsOnBlackSite,numberOfRobotsOnWhiteSite
8397,25,17
timeStep,numberOfRobotsOnBlackSite,numberOfRobotsOnWhiteSite
8398,25,17
timeStep,numberOfRobotsOnBlackSite,numberOfRobotsOnWhiteSite
8399,25,17
timeStep,numberOfRobotsOnBlackSite,numberOfRobotsOnWhiteSite
8400,25,17
timeStep,numberOfRobotsOnBlackSite,numberOfRobotsOnWhiteSite
8401,25,17
timeStep,numberOfRobotsOnBlackSite,numberOfRobotsOnWhiteSite
8402,25,17
timeStep,numberOfRobotsOnBlackSite,numberOfRobotsOnWhiteSite
8403,25,17
timeStep,numberOfRobotsOnBlackSite,numberOfRobotsOnWhiteSite
8404,25,17
timeStep,numberOfRobotsOnBlackSite,numberOfRobotsOnWhiteSite
8405,25,17
timeStep,numberOfRobotsOnBlackSite,numberOfRobotsOnWhiteSite
8406,25,17
timeStep,numberOfRobotsOnBlackSite,numberOfRobotsOnWhiteSite
8407,25,17
timeStep,numberOfRobotsOnBlackSite,numberOfRobotsOnWhiteSite
8408,25,17
timeStep,numberOfRobotsOnBlackSite,numberOfRobotsOnWhiteSite
8409,25,17
timeStep,numberOfRobotsOnBlackSite,numberOfRobotsOnWhiteSite
8410,25,17
timeStep,numberOfRobotsOnBlackSite,numberOfRobotsOnWhiteSite
8411,25,17
timeStep,numberOfRobotsOnBlackSite,numberOfRobotsOnWhiteSite
8412,25,17
timeStep,numberOfRobotsOnBlackSite,numberOfRobotsOnWhiteSite
8413,25,17
timeStep,numberOfRobotsOnBlackSite,numberOfRobotsOnWhiteSite
8414,25,17
timeStep,numberOfRobotsOnBlackSite,numberOfRobotsOnWhiteSite
8415,25,17
timeStep,numberOfRobotsOnBlackSite,numberOfRobotsOnWhiteSite
8416,25,17
timeStep,numberOfRobotsOnBlackSite,numberOfRobotsOnWhiteSite
8417,25,17
timeStep,numberOfRobotsOnBlackSite,numberOfRobotsOnWhiteSite
8418,25,17
timeStep,numberOfRobotsOnBlackSite,numberOfRobotsOnWhiteSite
8419,25,17
timeStep,numberOfRobotsOnBlackSite,numberOfRobotsOnWhiteSite
8420,24,17
timeStep,numberOfRobotsOnBlackSite,numberOfRobotsOnWhiteSite
8421,24,17
timeStep,numberOfRobotsOnBlackSite,numberOfRobotsOnWhiteSite
8422,24,17
timeStep,numberOfRobotsOnBlackSite,numberOfRobotsOnWhiteSite
8423,24,17
timeStep,numberOfRobotsOnBlackSite,numberOfRobotsOnWhiteSite
8424,24,17
timeStep,numberOfRobotsOnBlackSite,numberOfRobotsOnWhiteSite
8425,24,17
timeStep,numberOfRobotsOnBlackSite,numberOfRobotsOnWhiteSite
8426,24,17
timeStep,numberOfRobotsOnBlackSite,numberOfRobotsOnWhiteSite
8427,24,17
timeStep,numberOfRobotsOnBlackSite,numberOfRobotsOnWhiteSite
8428,24,17
timeStep,numberOfRobotsOnBlackSite,numberOfRobotsOnWhiteSite
8429,24,17
timeStep,numberOfRobotsOnBlackSite,numberOfRobotsOnWhiteSite
8430,24,17
timeStep,numberOfRobotsOnBlackSite,numberOfRobotsOnWhiteSite
8431,24,17
timeStep,numberOfRobotsOnBlackSite,numberOfRobotsOnWhiteSite
8432,24,17
timeStep,numberOfRobotsOnBlackSite,numberOfRobotsOnWhiteSite
8433,24,17
timeStep,numberOfRobotsOnBlackSite,numberOfRobotsOnWhiteSite
8434,24,17
timeStep,numberOfRobotsOnBlackSite,numberOfRobotsOnWhiteSite
8435,24,17
timeStep,numberOfRobotsOnBlackSite,numberOfRobotsOnWhiteSite
8436,24,17
timeStep,numberOfRobotsOnBlackSite,numberOfRobotsOnWhiteSite
8437,24,17
timeStep,numberOfRobotsOnBlackSite,numberOfRobotsOnWhiteSite
8438,24,17
timeStep,numberOfRobotsOnBlackSite,numberOfRobotsOnWhiteSite
8439,24,17
timeStep,numberOfRobotsOnBlackSite,numberOfRobotsOnWhiteSite
8440,24,17
timeStep,numberOfRobotsOnBlackSite,numberOfRobotsOnWhiteSite
8441,24,17
timeStep,numberOfRobotsOnBlackSite,numberOfRobotsOnWhiteSite
8442,24,17
timeStep,numberOfRobotsOnBlackSite,numberOfRobotsOnWhiteSite
8443,24,17
timeStep,numberOfRobotsOnBlackSite,numberOfRobotsOnWhiteSite
8444,24,17
timeStep,numberOfRobotsOnBlackSite,numberOfRobotsOnWhiteSite
8445,24,17
timeStep,numberOfRobotsOnBlackSite,numberOfRobotsOnWhiteSite
8446,24,17
timeStep,numberOfRobotsOnBlackSite,numberOfRobotsOnWhiteSite
8447,24,17
timeStep,numberOfRobotsOnBlackSite,numberOfRobotsOnWhiteSite
8448,24,17
timeStep,numberOfRobotsOnBlackSite,numberOfRobotsOnWhiteSite
8449,24,17
timeStep,numberOfRobotsOnBlackSite,numberOfRobotsOnWhiteSite
8450,24,17
timeStep,numberOfRobotsOnBlackSite,numberOfRobotsOnWhiteSite
8451,24,17
timeStep,numberOfRobotsOnBlackSite,numberOfRobotsOnWhiteSite
8452,24,17
timeStep,numberOfRobotsOnBlackSite,numberOfRobotsOnWhiteSite
8453,24,17
timeStep,numberOfRobotsOnBlackSite,numberOfRobotsOnWhiteSite
8454,24,17
timeStep,numberOfRobotsOnBlackSite,numberOfRobotsOnWhiteSite
8455,24,17
timeStep,numberOfRobotsOnBlackSite,numberOfRobotsOnWhiteSite
8456,24,17
timeStep,numberOfRobotsOnBlackSite,numberOfRobotsOnWhiteSite
8457,24,17
timeStep,numberOfRobotsOnBlackSite,numberOfRobotsOnWhiteSite
8458,24,17
timeStep,numberOfRobotsOnBlackSite,numberOfRobotsOnWhiteSite
8459,24,17
timeStep,numberOfRobotsOnBlackSite,numberOfRobotsOnWhiteSite
8460,24,17
timeStep,numberOfRobotsOnBlackSite,numberOfRobotsOnWhiteSite
8461,24,17
timeStep,numberOfRobotsOnBlackSite,numberOfRobotsOnWhiteSite
8462,24,17
timeStep,numberOfRobotsOnBlackSite,numberOfRobotsOnWhiteSite
8463,24,17
timeStep,numberOfRobotsOnBlackSite,numberOfRobotsOnWhiteSite
8464,24,17
timeStep,numberOfRobotsOnBlackSite,numberOfRobotsOnWhiteSite
8465,24,17
timeStep,numberOfRobotsOnBlackSite,numberOfRobotsOnWhiteSite
8466,24,17
timeStep,numberOfRobotsOnBlackSite,numberOfRobotsOnWhiteSite
8467,24,17
timeStep,numberOfRobotsOnBlackSite,numberOfRobotsOnWhiteSite
8468,24,17
timeStep,numberOfRobotsOnBlackSite,numberOfRobotsOnWhiteSite
8469,24,17
timeStep,numberOfRobotsOnBlackSite,numberOfRobotsOnWhiteSite
8470,24,17
timeStep,numberOfRobotsOnBlackSite,numberOfRobotsOnWhiteSite
8471,24,17
timeStep,numberOfRobotsOnBlackSite,numberOfRobotsOnWhiteSite
8472,24,17
timeStep,numberOfRobotsOnBlackSite,numberOfRobotsOnWhiteSite
8473,24,17
timeStep,numberOfRobotsOnBlackSite,numberOfRobotsOnWhiteSite
8474,24,17
timeStep,numberOfRobotsOnBlackSite,numberOfRobotsOnWhiteSite
8475,24,17
timeStep,numberOfRobotsOnBlackSite,numberOfRobotsOnWhiteSite
8476,24,17
timeStep,numberOfRobotsOnBlackSite,numberOfRobotsOnWhiteSite
8477,24,17
timeStep,numberOfRobotsOnBlackSite,numberOfRobotsOnWhiteSite
8478,24,17
timeStep,numberOfRobotsOnBlackSite,numberOfRobotsOnWhiteSite
8479,24,17
timeStep,numberOfRobotsOnBlackSite,numberOfRobotsOnWhiteSite
8480,23,17
timeStep,numberOfRobotsOnBlackSite,numberOfRobotsOnWhiteSite
8481,23,17
timeStep,numberOfRobotsOnBlackSite,numberOfRobotsOnWhiteSite
8482,23,17
timeStep,numberOfRobotsOnBlackSite,numberOfRobotsOnWhiteSite
8483,23,17
timeStep,numberOfRobotsOnBlackSite,numberOfRobotsOnWhiteSite
8484,23,17
timeStep,numberOfRobotsOnBlackSite,numberOfRobotsOnWhiteSite
8485,23,17
timeStep,numberOfRobotsOnBlackSite,numberOfRobotsOnWhiteSite
8486,23,17
timeStep,numberOfRobotsOnBlackSite,numberOfRobotsOnWhiteSite
8487,23,17
timeStep,numberOfRobotsOnBlackSite,numberOfRobotsOnWhiteSite
8488,23,17
timeStep,numberOfRobotsOnBlackSite,numberOfRobotsOnWhiteSite
8489,23,17
timeStep,numberOfRobotsOnBlackSite,numberOfRobotsOnWhiteSite
8490,23,17
timeStep,numberOfRobotsOnBlackSite,numberOfRobotsOnWhiteSite
8491,23,17
timeStep,numberOfRobotsOnBlackSite,numberOfRobotsOnWhiteSite
8492,23,17
timeStep,numberOfRobotsOnBlackSite,numberOfRobotsOnWhiteSite
8493,23,17
timeStep,numberOfRobotsOnBlackSite,numberOfRobotsOnWhiteSite
8494,23,17
timeStep,numberOfRobotsOnBlackSite,numberOfRobotsOnWhiteSite
8495,23,17
timeStep,numberOfRobotsOnBlackSite,numberOfRobotsOnWhiteSite
8496,23,17
timeStep,numberOfRobotsOnBlackSite,numberOfRobotsOnWhiteSite
8497,23,17
timeStep,numberOfRobotsOnBlackSite,numberOfRobotsOnWhiteSite
8498,23,17
timeStep,numberOfRobotsOnBlackSite,numberOfRobotsOnWhiteSite
8499,23,17
timeStep,numberOfRobotsOnBlackSite,numberOfRobotsOnWhiteSite
8500,23,17
timeStep,numberOfRobotsOnBlackSite,numberOfRobotsOnWhiteSite
8501,23,17
timeStep,numberOfRobotsOnBlackSite,numberOfRobotsOnWhiteSite
8502,23,17
timeStep,numberOfRobotsOnBlackSite,numberOfRobotsOnWhiteSite
8503,23,17
timeStep,numberOfRobotsOnBlackSite,numberOfRobotsOnWhiteSite
8504,23,17
timeStep,numberOfRobotsOnBlackSite,numberOfRobotsOnWhiteSite
8505,23,17
timeStep,numberOfRobotsOnBlackSite,numberOfRobotsOnWhiteSite
8506,23,17
timeStep,numberOfRobotsOnBlackSite,numberOfRobotsOnWhiteSite
8507,23,17
timeStep,numberOfRobotsOnBlackSite,numberOfRobotsOnWhiteSite
8508,23,17
timeStep,numberOfRobotsOnBlackSite,numberOfRobotsOnWhiteSite
8509,23,17
timeStep,numberOfRobotsOnBlackSite,numberOfRobotsOnWhiteSite
8510,24,17
timeStep,numberOfRobotsOnBlackSite,numberOfRobotsOnWhiteSite
8511,24,17
timeStep,numberOfRobotsOnBlackSite,numberOfRobotsOnWhiteSite
8512,24,17
timeStep,numberOfRobotsOnBlackSite,numberOfRobotsOnWhiteSite
8513,24,17
timeStep,numberOfRobotsOnBlackSite,numberOfRobotsOnWhiteSite
8514,24,17
timeStep,numberOfRobotsOnBlackSite,numberOfRobotsOnWhiteSite
8515,24,17
timeStep,numberOfRobotsOnBlackSite,numberOfRobotsOnWhiteSite
8516,24,17
timeStep,numberOfRobotsOnBlackSite,numberOfRobotsOnWhiteSite
8517,24,17
timeStep,numberOfRobotsOnBlackSite,numberOfRobotsOnWhiteSite
8518,24,17
timeStep,numberOfRobotsOnBlackSite,numberOfRobotsOnWhiteSite
8519,24,17
timeStep,numberOfRobotsOnBlackSite,numberOfRobotsOnWhiteSite
8520,24,17
timeStep,numberOfRobotsOnBlackSite,numberOfRobotsOnWhiteSite
8521,24,17
timeStep,numberOfRobotsOnBlackSite,numberOfRobotsOnWhiteSite
8522,24,17
timeStep,numberOfRobotsOnBlackSite,numberOfRobotsOnWhiteSite
8523,24,17
timeStep,numberOfRobotsOnBlackSite,numberOfRobotsOnWhiteSite
8524,24,17
timeStep,numberOfRobotsOnBlackSite,numberOfRobotsOnWhiteSite
8525,24,17
timeStep,numberOfRobotsOnBlackSite,numberOfRobotsOnWhiteSite
8526,24,17
timeStep,numberOfRobotsOnBlackSite,numberOfRobotsOnWhiteSite
8527,24,17
timeStep,numberOfRobotsOnBlackSite,numberOfRobotsOnWhiteSite
8528,24,17
timeStep,numberOfRobotsOnBlackSite,numberOfRobotsOnWhiteSite
8529,24,17
timeStep,numberOfRobotsOnBlackSite,numberOfRobotsOnWhiteSite
8530,24,17
timeStep,numberOfRobotsOnBlackSite,numberOfRobotsOnWhiteSite
8531,24,17
timeStep,numberOfRobotsOnBlackSite,numberOfRobotsOnWhiteSite
8532,24,17
timeStep,numberOfRobotsOnBlackSite,numberOfRobotsOnWhiteSite
8533,24,17
timeStep,numberOfRobotsOnBlackSite,numberOfRobotsOnWhiteSite
8534,24,17
timeStep,numberOfRobotsOnBlackSite,numberOfRobotsOnWhiteSite
8535,24,17
timeStep,numberOfRobotsOnBlackSite,numberOfRobotsOnWhiteSite
8536,24,17
timeStep,numberOfRobotsOnBlackSite,numberOfRobotsOnWhiteSite
8537,24,17
timeStep,numberOfRobotsOnBlackSite,numberOfRobotsOnWhiteSite
8538,24,17
timeStep,numberOfRobotsOnBlackSite,numberOfRobotsOnWhiteSite
8539,24,17
timeStep,numberOfRobotsOnBlackSite,numberOfRobotsOnWhiteSite
8540,24,17
timeStep,numberOfRobotsOnBlackSite,numberOfRobotsOnWhiteSite
8541,24,17
timeStep,numberOfRobotsOnBlackSite,numberOfRobotsOnWhiteSite
8542,24,17
timeStep,numberOfRobotsOnBlackSite,numberOfRobotsOnWhiteSite
8543,24,17
timeStep,numberOfRobotsOnBlackSite,numberOfRobotsOnWhiteSite
8544,24,17
timeStep,numberOfRobotsOnBlackSite,numberOfRobotsOnWhiteSite
8545,24,17
timeStep,numberOfRobotsOnBlackSite,numberOfRobotsOnWhiteSite
8546,24,17
timeStep,numberOfRobotsOnBlackSite,numberOfRobotsOnWhiteSite
8547,24,17
timeStep,numberOfRobotsOnBlackSite,numberOfRobotsOnWhiteSite
8548,24,17
timeStep,numberOfRobotsOnBlackSite,numberOfRobotsOnWhiteSite
8549,24,17
timeStep,numberOfRobotsOnBlackSite,numberOfRobotsOnWhiteSite
8550,24,17
timeStep,numberOfRobotsOnBlackSite,numberOfRobotsOnWhiteSite
8551,24,17
timeStep,numberOfRobotsOnBlackSite,numberOfRobotsOnWhiteSite
8552,24,17
timeStep,numberOfRobotsOnBlackSite,numberOfRobotsOnWhiteSite
8553,24,17
timeStep,numberOfRobotsOnBlackSite,numberOfRobotsOnWhiteSite
8554,24,17
timeStep,numberOfRobotsOnBlackSite,numberOfRobotsOnWhiteSite
8555,24,17
timeStep,numberOfRobotsOnBlackSite,numberOfRobotsOnWhiteSite
8556,24,17
timeStep,numberOfRobotsOnBlackSite,numberOfRobotsOnWhiteSite
8557,24,17
timeStep,numberOfRobotsOnBlackSite,numberOfRobotsOnWhiteSite
8558,24,17
timeStep,numberOfRobotsOnBlackSite,numberOfRobotsOnWhiteSite
8559,24,17
timeStep,numberOfRobotsOnBlackSite,numberOfRobotsOnWhiteSite
8560,24,17
timeStep,numberOfRobotsOnBlackSite,numberOfRobotsOnWhiteSite
8561,24,17
timeStep,numberOfRobotsOnBlackSite,numberOfRobotsOnWhiteSite
8562,24,17
timeStep,numberOfRobotsOnBlackSite,numberOfRobotsOnWhiteSite
8563,24,17
timeStep,numberOfRobotsOnBlackSite,numberOfRobotsOnWhiteSite
8564,24,17
timeStep,numberOfRobotsOnBlackSite,numberOfRobotsOnWhiteSite
8565,24,17
timeStep,numberOfRobotsOnBlackSite,numberOfRobotsOnWhiteSite
8566,24,17
timeStep,numberOfRobotsOnBlackSite,numberOfRobotsOnWhiteSite
8567,24,17
timeStep,numberOfRobotsOnBlackSite,numberOfRobotsOnWhiteSite
8568,24,17
timeStep,numberOfRobotsOnBlackSite,numberOfRobotsOnWhiteSite
8569,24,17
timeStep,numberOfRobotsOnBlackSite,numberOfRobotsOnWhiteSite
8570,24,17
timeStep,numberOfRobotsOnBlackSite,numberOfRobotsOnWhiteSite
8571,24,17
timeStep,numberOfRobotsOnBlackSite,numberOfRobotsOnWhiteSite
8572,24,17
timeStep,numberOfRobotsOnBlackSite,numberOfRobotsOnWhiteSite
8573,24,17
timeStep,numberOfRobotsOnBlackSite,numberOfRobotsOnWhiteSite
8574,24,17
timeStep,numberOfRobotsOnBlackSite,numberOfRobotsOnWhiteSite
8575,24,17
timeStep,numberOfRobotsOnBlackSite,numberOfRobotsOnWhiteSite
8576,24,17
timeStep,numberOfRobotsOnBlackSite,numberOfRobotsOnWhiteSite
8577,24,17
timeStep,numberOfRobotsOnBlackSite,numberOfRobotsOnWhiteSite
8578,24,17
timeStep,numberOfRobotsOnBlackSite,numberOfRobotsOnWhiteSite
8579,24,17
timeStep,numberOfRobotsOnBlackSite,numberOfRobotsOnWhiteSite
8580,24,17
timeStep,numberOfRobotsOnBlackSite,numberOfRobotsOnWhiteSite
8581,24,17
timeStep,numberOfRobotsOnBlackSite,numberOfRobotsOnWhiteSite
8582,24,17
timeStep,numberOfRobotsOnBlackSite,numberOfRobotsOnWhiteSite
8583,24,17
timeStep,numberOfRobotsOnBlackSite,numberOfRobotsOnWhiteSite
8584,24,17
timeStep,numberOfRobotsOnBlackSite,numberOfRobotsOnWhiteSite
8585,24,17
timeStep,numberOfRobotsOnBlackSite,numberOfRobotsOnWhiteSite
8586,24,17
timeStep,numberOfRobotsOnBlackSite,numberOfRobotsOnWhiteSite
8587,24,17
timeStep,numberOfRobotsOnBlackSite,numberOfRobotsOnWhiteSite
8588,24,17
timeStep,numberOfRobotsOnBlackSite,numberOfRobotsOnWhiteSite
8589,24,17
timeStep,numberOfRobotsOnBlackSite,numberOfRobotsOnWhiteSite
8590,24,17
timeStep,numberOfRobotsOnBlackSite,numberOfRobotsOnWhiteSite
8591,24,17
timeStep,numberOfRobotsOnBlackSite,numberOfRobotsOnWhiteSite
8592,24,17
timeStep,numberOfRobotsOnBlackSite,numberOfRobotsOnWhiteSite
8593,24,17
timeStep,numberOfRobotsOnBlackSite,numberOfRobotsOnWhiteSite
8594,24,17
timeStep,numberOfRobotsOnBlackSite,numberOfRobotsOnWhiteSite
8595,24,17
timeStep,numberOfRobotsOnBlackSite,numberOfRobotsOnWhiteSite
8596,24,17
timeStep,numberOfRobotsOnBlackSite,numberOfRobotsOnWhiteSite
8597,24,17
timeStep,numberOfRobotsOnBlackSite,numberOfRobotsOnWhiteSite
8598,24,17
timeStep,numberOfRobotsOnBlackSite,numberOfRobotsOnWhiteSite
8599,24,17
timeStep,numberOfRobotsOnBlackSite,numberOfRobotsOnWhiteSite
8600,24,17
timeStep,numberOfRobotsOnBlackSite,numberOfRobotsOnWhiteSite
8601,24,17
timeStep,numberOfRobotsOnBlackSite,numberOfRobotsOnWhiteSite
8602,24,17
timeStep,numberOfRobotsOnBlackSite,numberOfRobotsOnWhiteSite
8603,24,17
timeStep,numberOfRobotsOnBlackSite,numberOfRobotsOnWhiteSite
8604,24,17
timeStep,numberOfRobotsOnBlackSite,numberOfRobotsOnWhiteSite
8605,24,17
timeStep,numberOfRobotsOnBlackSite,numberOfRobotsOnWhiteSite
8606,24,17
timeStep,numberOfRobotsOnBlackSite,numberOfRobotsOnWhiteSite
8607,24,17
timeStep,numberOfRobotsOnBlackSite,numberOfRobotsOnWhiteSite
8608,24,17
timeStep,numberOfRobotsOnBlackSite,numberOfRobotsOnWhiteSite
8609,24,17
timeStep,numberOfRobotsOnBlackSite,numberOfRobotsOnWhiteSite
8610,24,17
timeStep,numberOfRobotsOnBlackSite,numberOfRobotsOnWhiteSite
8611,24,17
timeStep,numberOfRobotsOnBlackSite,numberOfRobotsOnWhiteSite
8612,24,17
timeStep,numberOfRobotsOnBlackSite,numberOfRobotsOnWhiteSite
8613,24,17
timeStep,numberOfRobotsOnBlackSite,numberOfRobotsOnWhiteSite
8614,24,17
timeStep,numberOfRobotsOnBlackSite,numberOfRobotsOnWhiteSite
8615,24,17
timeStep,numberOfRobotsOnBlackSite,numberOfRobotsOnWhiteSite
8616,24,17
timeStep,numberOfRobotsOnBlackSite,numberOfRobotsOnWhiteSite
8617,24,17
timeStep,numberOfRobotsOnBlackSite,numberOfRobotsOnWhiteSite
8618,24,17
timeStep,numberOfRobotsOnBlackSite,numberOfRobotsOnWhiteSite
8619,24,17
timeStep,numberOfRobotsOnBlackSite,numberOfRobotsOnWhiteSite
8620,24,17
timeStep,numberOfRobotsOnBlackSite,numberOfRobotsOnWhiteSite
8621,24,17
timeStep,numberOfRobotsOnBlackSite,numberOfRobotsOnWhiteSite
8622,24,17
timeStep,numberOfRobotsOnBlackSite,numberOfRobotsOnWhiteSite
8623,24,17
timeStep,numberOfRobotsOnBlackSite,numberOfRobotsOnWhiteSite
8624,24,17
timeStep,numberOfRobotsOnBlackSite,numberOfRobotsOnWhiteSite
8625,23,17
timeStep,numberOfRobotsOnBlackSite,numberOfRobotsOnWhiteSite
8626,23,17
timeStep,numberOfRobotsOnBlackSite,numberOfRobotsOnWhiteSite
8627,23,17
timeStep,numberOfRobotsOnBlackSite,numberOfRobotsOnWhiteSite
8628,23,17
timeStep,numberOfRobotsOnBlackSite,numberOfRobotsOnWhiteSite
8629,23,17
timeStep,numberOfRobotsOnBlackSite,numberOfRobotsOnWhiteSite
8630,23,17
timeStep,numberOfRobotsOnBlackSite,numberOfRobotsOnWhiteSite
8631,23,17
timeStep,numberOfRobotsOnBlackSite,numberOfRobotsOnWhiteSite
8632,23,17
timeStep,numberOfRobotsOnBlackSite,numberOfRobotsOnWhiteSite
8633,23,17
timeStep,numberOfRobotsOnBlackSite,numberOfRobotsOnWhiteSite
8634,23,17
timeStep,numberOfRobotsOnBlackSite,numberOfRobotsOnWhiteSite
8635,23,17
timeStep,numberOfRobotsOnBlackSite,numberOfRobotsOnWhiteSite
8636,23,17
timeStep,numberOfRobotsOnBlackSite,numberOfRobotsOnWhiteSite
8637,23,17
timeStep,numberOfRobotsOnBlackSite,numberOfRobotsOnWhiteSite
8638,23,17
timeStep,numberOfRobotsOnBlackSite,numberOfRobotsOnWhiteSite
8639,23,17
timeStep,numberOfRobotsOnBlackSite,numberOfRobotsOnWhiteSite
8640,24,17
timeStep,numberOfRobotsOnBlackSite,numberOfRobotsOnWhiteSite
8641,24,17
timeStep,numberOfRobotsOnBlackSite,numberOfRobotsOnWhiteSite
8642,24,17
timeStep,numberOfRobotsOnBlackSite,numberOfRobotsOnWhiteSite
8643,24,17
timeStep,numberOfRobotsOnBlackSite,numberOfRobotsOnWhiteSite
8644,24,17
timeStep,numberOfRobotsOnBlackSite,numberOfRobotsOnWhiteSite
8645,24,17
timeStep,numberOfRobotsOnBlackSite,numberOfRobotsOnWhiteSite
8646,24,17
timeStep,numberOfRobotsOnBlackSite,numberOfRobotsOnWhiteSite
8647,24,17
timeStep,numberOfRobotsOnBlackSite,numberOfRobotsOnWhiteSite
8648,24,17
timeStep,numberOfRobotsOnBlackSite,numberOfRobotsOnWhiteSite
8649,24,17
timeStep,numberOfRobotsOnBlackSite,numberOfRobotsOnWhiteSite
8650,24,17
timeStep,numberOfRobotsOnBlackSite,numberOfRobotsOnWhiteSite
8651,24,17
timeStep,numberOfRobotsOnBlackSite,numberOfRobotsOnWhiteSite
8652,24,17
timeStep,numberOfRobotsOnBlackSite,numberOfRobotsOnWhiteSite
8653,24,17
timeStep,numberOfRobotsOnBlackSite,numberOfRobotsOnWhiteSite
8654,24,17
timeStep,numberOfRobotsOnBlackSite,numberOfRobotsOnWhiteSite
8655,24,17
timeStep,numberOfRobotsOnBlackSite,numberOfRobotsOnWhiteSite
8656,24,17
timeStep,numberOfRobotsOnBlackSite,numberOfRobotsOnWhiteSite
8657,24,17
timeStep,numberOfRobotsOnBlackSite,numberOfRobotsOnWhiteSite
8658,24,17
timeStep,numberOfRobotsOnBlackSite,numberOfRobotsOnWhiteSite
8659,24,17
timeStep,numberOfRobotsOnBlackSite,numberOfRobotsOnWhiteSite
8660,24,17
timeStep,numberOfRobotsOnBlackSite,numberOfRobotsOnWhiteSite
8661,24,17
timeStep,numberOfRobotsOnBlackSite,numberOfRobotsOnWhiteSite
8662,24,17
timeStep,numberOfRobotsOnBlackSite,numberOfRobotsOnWhiteSite
8663,24,17
timeStep,numberOfRobotsOnBlackSite,numberOfRobotsOnWhiteSite
8664,24,17
timeStep,numberOfRobotsOnBlackSite,numberOfRobotsOnWhiteSite
8665,24,17
timeStep,numberOfRobotsOnBlackSite,numberOfRobotsOnWhiteSite
8666,24,17
timeStep,numberOfRobotsOnBlackSite,numberOfRobotsOnWhiteSite
8667,24,17
timeStep,numberOfRobotsOnBlackSite,numberOfRobotsOnWhiteSite
8668,24,17
timeStep,numberOfRobotsOnBlackSite,numberOfRobotsOnWhiteSite
8669,24,17
timeStep,numberOfRobotsOnBlackSite,numberOfRobotsOnWhiteSite
8670,24,17
timeStep,numberOfRobotsOnBlackSite,numberOfRobotsOnWhiteSite
8671,24,17
timeStep,numberOfRobotsOnBlackSite,numberOfRobotsOnWhiteSite
8672,24,17
timeStep,numberOfRobotsOnBlackSite,numberOfRobotsOnWhiteSite
8673,24,17
timeStep,numberOfRobotsOnBlackSite,numberOfRobotsOnWhiteSite
8674,24,17
timeStep,numberOfRobotsOnBlackSite,numberOfRobotsOnWhiteSite
8675,24,17
timeStep,numberOfRobotsOnBlackSite,numberOfRobotsOnWhiteSite
8676,24,17
timeStep,numberOfRobotsOnBlackSite,numberOfRobotsOnWhiteSite
8677,24,17
timeStep,numberOfRobotsOnBlackSite,numberOfRobotsOnWhiteSite
8678,24,17
timeStep,numberOfRobotsOnBlackSite,numberOfRobotsOnWhiteSite
8679,24,17
timeStep,numberOfRobotsOnBlackSite,numberOfRobotsOnWhiteSite
8680,24,17
timeStep,numberOfRobotsOnBlackSite,numberOfRobotsOnWhiteSite
8681,24,17
timeStep,numberOfRobotsOnBlackSite,numberOfRobotsOnWhiteSite
8682,24,17
timeStep,numberOfRobotsOnBlackSite,numberOfRobotsOnWhiteSite
8683,24,17
timeStep,numberOfRobotsOnBlackSite,numberOfRobotsOnWhiteSite
8684,24,17
timeStep,numberOfRobotsOnBlackSite,numberOfRobotsOnWhiteSite
8685,24,17
timeStep,numberOfRobotsOnBlackSite,numberOfRobotsOnWhiteSite
8686,24,17
timeStep,numberOfRobotsOnBlackSite,numberOfRobotsOnWhiteSite
8687,24,17
timeStep,numberOfRobotsOnBlackSite,numberOfRobotsOnWhiteSite
8688,24,17
timeStep,numberOfRobotsOnBlackSite,numberOfRobotsOnWhiteSite
8689,24,17
timeStep,numberOfRobotsOnBlackSite,numberOfRobotsOnWhiteSite
8690,24,17
timeStep,numberOfRobotsOnBlackSite,numberOfRobotsOnWhiteSite
8691,24,17
timeStep,numberOfRobotsOnBlackSite,numberOfRobotsOnWhiteSite
8692,24,17
timeStep,numberOfRobotsOnBlackSite,numberOfRobotsOnWhiteSite
8693,24,17
timeStep,numberOfRobotsOnBlackSite,numberOfRobotsOnWhiteSite
8694,24,17
timeStep,numberOfRobotsOnBlackSite,numberOfRobotsOnWhiteSite
8695,24,17
timeStep,numberOfRobotsOnBlackSite,numberOfRobotsOnWhiteSite
8696,24,17
timeStep,numberOfRobotsOnBlackSite,numberOfRobotsOnWhiteSite
8697,24,17
timeStep,numberOfRobotsOnBlackSite,numberOfRobotsOnWhiteSite
8698,24,17
timeStep,numberOfRobotsOnBlackSite,numberOfRobotsOnWhiteSite
8699,24,17
timeStep,numberOfRobotsOnBlackSite,numberOfRobotsOnWhiteSite
8700,24,17
timeStep,numberOfRobotsOnBlackSite,numberOfRobotsOnWhiteSite
8701,24,17
timeStep,numberOfRobotsOnBlackSite,numberOfRobotsOnWhiteSite
8702,24,17
timeStep,numberOfRobotsOnBlackSite,numberOfRobotsOnWhiteSite
8703,24,17
timeStep,numberOfRobotsOnBlackSite,numberOfRobotsOnWhiteSite
8704,24,17
timeStep,numberOfRobotsOnBlackSite,numberOfRobotsOnWhiteSite
8705,24,17
timeStep,numberOfRobotsOnBlackSite,numberOfRobotsOnWhiteSite
8706,24,17
timeStep,numberOfRobotsOnBlackSite,numberOfRobotsOnWhiteSite
8707,24,17
timeStep,numberOfRobotsOnBlackSite,numberOfRobotsOnWhiteSite
8708,24,17
timeStep,numberOfRobotsOnBlackSite,numberOfRobotsOnWhiteSite
8709,24,17
timeStep,numberOfRobotsOnBlackSite,numberOfRobotsOnWhiteSite
8710,24,17
timeStep,numberOfRobotsOnBlackSite,numberOfRobotsOnWhiteSite
8711,24,17
timeStep,numberOfRobotsOnBlackSite,numberOfRobotsOnWhiteSite
8712,24,17
timeStep,numberOfRobotsOnBlackSite,numberOfRobotsOnWhiteSite
8713,24,17
timeStep,numberOfRobotsOnBlackSite,numberOfRobotsOnWhiteSite
8714,24,17
timeStep,numberOfRobotsOnBlackSite,numberOfRobotsOnWhiteSite
8715,24,17
timeStep,numberOfRobotsOnBlackSite,numberOfRobotsOnWhiteSite
8716,24,17
timeStep,numberOfRobotsOnBlackSite,numberOfRobotsOnWhiteSite
8717,24,17
timeStep,numberOfRobotsOnBlackSite,numberOfRobotsOnWhiteSite
8718,24,17
timeStep,numberOfRobotsOnBlackSite,numberOfRobotsOnWhiteSite
8719,24,17
timeStep,numberOfRobotsOnBlackSite,numberOfRobotsOnWhiteSite
8720,24,17
timeStep,numberOfRobotsOnBlackSite,numberOfRobotsOnWhiteSite
8721,24,17
timeStep,numberOfRobotsOnBlackSite,numberOfRobotsOnWhiteSite
8722,24,17
timeStep,numberOfRobotsOnBlackSite,numberOfRobotsOnWhiteSite
8723,24,17
timeStep,numberOfRobotsOnBlackSite,numberOfRobotsOnWhiteSite
8724,24,17
timeStep,numberOfRobotsOnBlackSite,numberOfRobotsOnWhiteSite
8725,24,17
timeStep,numberOfRobotsOnBlackSite,numberOfRobotsOnWhiteSite
8726,24,17
timeStep,numberOfRobotsOnBlackSite,numberOfRobotsOnWhiteSite
8727,24,17
timeStep,numberOfRobotsOnBlackSite,numberOfRobotsOnWhiteSite
8728,24,17
timeStep,numberOfRobotsOnBlackSite,numberOfRobotsOnWhiteSite
8729,24,17
timeStep,numberOfRobotsOnBlackSite,numberOfRobotsOnWhiteSite
8730,24,17
timeStep,numberOfRobotsOnBlackSite,numberOfRobotsOnWhiteSite
8731,24,17
timeStep,numberOfRobotsOnBlackSite,numberOfRobotsOnWhiteSite
8732,24,17
timeStep,numberOfRobotsOnBlackSite,numberOfRobotsOnWhiteSite
8733,24,17
timeStep,numberOfRobotsOnBlackSite,numberOfRobotsOnWhiteSite
8734,24,17
timeStep,numberOfRobotsOnBlackSite,numberOfRobotsOnWhiteSite
8735,24,17
timeStep,numberOfRobotsOnBlackSite,numberOfRobotsOnWhiteSite
8736,24,17
timeStep,numberOfRobotsOnBlackSite,numberOfRobotsOnWhiteSite
8737,24,17
timeStep,numberOfRobotsOnBlackSite,numberOfRobotsOnWhiteSite
8738,24,17
timeStep,numberOfRobotsOnBlackSite,numberOfRobotsOnWhiteSite
8739,24,17
timeStep,numberOfRobotsOnBlackSite,numberOfRobotsOnWhiteSite
8740,24,17
timeStep,numberOfRobotsOnBlackSite,numberOfRobotsOnWhiteSite
8741,24,17
timeStep,numberOfRobotsOnBlackSite,numberOfRobotsOnWhiteSite
8742,24,17
timeStep,numberOfRobotsOnBlackSite,numberOfRobotsOnWhiteSite
8743,24,17
timeStep,numberOfRobotsOnBlackSite,numberOfRobotsOnWhiteSite
8744,24,17
timeStep,numberOfRobotsOnBlackSite,numberOfRobotsOnWhiteSite
8745,24,17
timeStep,numberOfRobotsOnBlackSite,numberOfRobotsOnWhiteSite
8746,24,17
timeStep,numberOfRobotsOnBlackSite,numberOfRobotsOnWhiteSite
8747,24,17
timeStep,numberOfRobotsOnBlackSite,numberOfRobotsOnWhiteSite
8748,24,17
timeStep,numberOfRobotsOnBlackSite,numberOfRobotsOnWhiteSite
8749,24,17
timeStep,numberOfRobotsOnBlackSite,numberOfRobotsOnWhiteSite
8750,24,17
timeStep,numberOfRobotsOnBlackSite,numberOfRobotsOnWhiteSite
8751,24,17
timeStep,numberOfRobotsOnBlackSite,numberOfRobotsOnWhiteSite
8752,24,17
timeStep,numberOfRobotsOnBlackSite,numberOfRobotsOnWhiteSite
8753,24,17
timeStep,numberOfRobotsOnBlackSite,numberOfRobotsOnWhiteSite
8754,24,17
timeStep,numberOfRobotsOnBlackSite,numberOfRobotsOnWhiteSite
8755,24,17
timeStep,numberOfRobotsOnBlackSite,numberOfRobotsOnWhiteSite
8756,24,17
timeStep,numberOfRobotsOnBlackSite,numberOfRobotsOnWhiteSite
8757,24,17
timeStep,numberOfRobotsOnBlackSite,numberOfRobotsOnWhiteSite
8758,24,17
timeStep,numberOfRobotsOnBlackSite,numberOfRobotsOnWhiteSite
8759,24,17
timeStep,numberOfRobotsOnBlackSite,numberOfRobotsOnWhiteSite
8760,24,17
timeStep,numberOfRobotsOnBlackSite,numberOfRobotsOnWhiteSite
8761,24,17
timeStep,numberOfRobotsOnBlackSite,numberOfRobotsOnWhiteSite
8762,24,17
timeStep,numberOfRobotsOnBlackSite,numberOfRobotsOnWhiteSite
8763,24,17
timeStep,numberOfRobotsOnBlackSite,numberOfRobotsOnWhiteSite
8764,24,17
timeStep,numberOfRobotsOnBlackSite,numberOfRobotsOnWhiteSite
8765,24,17
timeStep,numberOfRobotsOnBlackSite,numberOfRobotsOnWhiteSite
8766,24,17
timeStep,numberOfRobotsOnBlackSite,numberOfRobotsOnWhiteSite
8767,24,17
timeStep,numberOfRobotsOnBlackSite,numberOfRobotsOnWhiteSite
8768,24,17
timeStep,numberOfRobotsOnBlackSite,numberOfRobotsOnWhiteSite
8769,24,17
timeStep,numberOfRobotsOnBlackSite,numberOfRobotsOnWhiteSite
8770,24,17
timeStep,numberOfRobotsOnBlackSite,numberOfRobotsOnWhiteSite
8771,24,17
timeStep,numberOfRobotsOnBlackSite,numberOfRobotsOnWhiteSite
8772,24,17
timeStep,numberOfRobotsOnBlackSite,numberOfRobotsOnWhiteSite
8773,24,17
timeStep,numberOfRobotsOnBlackSite,numberOfRobotsOnWhiteSite
8774,24,17
timeStep,numberOfRobotsOnBlackSite,numberOfRobotsOnWhiteSite
8775,24,17
timeStep,numberOfRobotsOnBlackSite,numberOfRobotsOnWhiteSite
8776,24,17
timeStep,numberOfRobotsOnBlackSite,numberOfRobotsOnWhiteSite
8777,24,17
timeStep,numberOfRobotsOnBlackSite,numberOfRobotsOnWhiteSite
8778,24,17
timeStep,numberOfRobotsOnBlackSite,numberOfRobotsOnWhiteSite
8779,24,17
timeStep,numberOfRobotsOnBlackSite,numberOfRobotsOnWhiteSite
8780,24,17
timeStep,numberOfRobotsOnBlackSite,numberOfRobotsOnWhiteSite
8781,24,17
timeStep,numberOfRobotsOnBlackSite,numberOfRobotsOnWhiteSite
8782,24,17
timeStep,numberOfRobotsOnBlackSite,numberOfRobotsOnWhiteSite
8783,24,17
timeStep,numberOfRobotsOnBlackSite,numberOfRobotsOnWhiteSite
8784,24,17
timeStep,numberOfRobotsOnBlackSite,numberOfRobotsOnWhiteSite
8785,24,17
timeStep,numberOfRobotsOnBlackSite,numberOfRobotsOnWhiteSite
8786,24,17
timeStep,numberOfRobotsOnBlackSite,numberOfRobotsOnWhiteSite
8787,24,17
timeStep,numberOfRobotsOnBlackSite,numberOfRobotsOnWhiteSite
8788,24,17
timeStep,numberOfRobotsOnBlackSite,numberOfRobotsOnWhiteSite
8789,24,17
timeStep,numberOfRobotsOnBlackSite,numberOfRobotsOnWhiteSite
8790,24,17
timeStep,numberOfRobotsOnBlackSite,numberOfRobotsOnWhiteSite
8791,24,17
timeStep,numberOfRobotsOnBlackSite,numberOfRobotsOnWhiteSite
8792,24,17
timeStep,numberOfRobotsOnBlackSite,numberOfRobotsOnWhiteSite
8793,24,17
timeStep,numberOfRobotsOnBlackSite,numberOfRobotsOnWhiteSite
8794,24,17
timeStep,numberOfRobotsOnBlackSite,numberOfRobotsOnWhiteSite
8795,24,17
timeStep,numberOfRobotsOnBlackSite,numberOfRobotsOnWhiteSite
8796,24,17
timeStep,numberOfRobotsOnBlackSite,numberOfRobotsOnWhiteSite
8797,24,17
timeStep,numberOfRobotsOnBlackSite,numberOfRobotsOnWhiteSite
8798,24,17
timeStep,numberOfRobotsOnBlackSite,numberOfRobotsOnWhiteSite
8799,24,17
timeStep,numberOfRobotsOnBlackSite,numberOfRobotsOnWhiteSite
8800,24,17
timeStep,numberOfRobotsOnBlackSite,numberOfRobotsOnWhiteSite
8801,24,17
timeStep,numberOfRobotsOnBlackSite,numberOfRobotsOnWhiteSite
8802,24,17
timeStep,numberOfRobotsOnBlackSite,numberOfRobotsOnWhiteSite
8803,24,17
timeStep,numberOfRobotsOnBlackSite,numberOfRobotsOnWhiteSite
8804,24,17
timeStep,numberOfRobotsOnBlackSite,numberOfRobotsOnWhiteSite
8805,24,17
timeStep,numberOfRobotsOnBlackSite,numberOfRobotsOnWhiteSite
8806,24,17
timeStep,numberOfRobotsOnBlackSite,numberOfRobotsOnWhiteSite
8807,24,17
timeStep,numberOfRobotsOnBlackSite,numberOfRobotsOnWhiteSite
8808,24,17
timeStep,numberOfRobotsOnBlackSite,numberOfRobotsOnWhiteSite
8809,24,17
timeStep,numberOfRobotsOnBlackSite,numberOfRobotsOnWhiteSite
8810,24,17
timeStep,numberOfRobotsOnBlackSite,numberOfRobotsOnWhiteSite
8811,24,17
timeStep,numberOfRobotsOnBlackSite,numberOfRobotsOnWhiteSite
8812,24,17
timeStep,numberOfRobotsOnBlackSite,numberOfRobotsOnWhiteSite
8813,24,17
timeStep,numberOfRobotsOnBlackSite,numberOfRobotsOnWhiteSite
8814,24,17
timeStep,numberOfRobotsOnBlackSite,numberOfRobotsOnWhiteSite
8815,24,17
timeStep,numberOfRobotsOnBlackSite,numberOfRobotsOnWhiteSite
8816,24,17
timeStep,numberOfRobotsOnBlackSite,numberOfRobotsOnWhiteSite
8817,24,17
timeStep,numberOfRobotsOnBlackSite,numberOfRobotsOnWhiteSite
8818,24,17
timeStep,numberOfRobotsOnBlackSite,numberOfRobotsOnWhiteSite
8819,24,17
timeStep,numberOfRobotsOnBlackSite,numberOfRobotsOnWhiteSite
8820,24,17
timeStep,numberOfRobotsOnBlackSite,numberOfRobotsOnWhiteSite
8821,24,17
timeStep,numberOfRobotsOnBlackSite,numberOfRobotsOnWhiteSite
8822,24,17
timeStep,numberOfRobotsOnBlackSite,numberOfRobotsOnWhiteSite
8823,24,17
timeStep,numberOfRobotsOnBlackSite,numberOfRobotsOnWhiteSite
8824,24,17
timeStep,numberOfRobotsOnBlackSite,numberOfRobotsOnWhiteSite
8825,24,17
timeStep,numberOfRobotsOnBlackSite,numberOfRobotsOnWhiteSite
8826,24,17
timeStep,numberOfRobotsOnBlackSite,numberOfRobotsOnWhiteSite
8827,24,17
timeStep,numberOfRobotsOnBlackSite,numberOfRobotsOnWhiteSite
8828,24,17
timeStep,numberOfRobotsOnBlackSite,numberOfRobotsOnWhiteSite
8829,24,17
timeStep,numberOfRobotsOnBlackSite,numberOfRobotsOnWhiteSite
8830,24,17
timeStep,numberOfRobotsOnBlackSite,numberOfRobotsOnWhiteSite
8831,24,17
timeStep,numberOfRobotsOnBlackSite,numberOfRobotsOnWhiteSite
8832,24,17
timeStep,numberOfRobotsOnBlackSite,numberOfRobotsOnWhiteSite
8833,24,17
timeStep,numberOfRobotsOnBlackSite,numberOfRobotsOnWhiteSite
8834,24,17
timeStep,numberOfRobotsOnBlackSite,numberOfRobotsOnWhiteSite
8835,24,17
timeStep,numberOfRobotsOnBlackSite,numberOfRobotsOnWhiteSite
8836,24,17
timeStep,numberOfRobotsOnBlackSite,numberOfRobotsOnWhiteSite
8837,24,17
timeStep,numberOfRobotsOnBlackSite,numberOfRobotsOnWhiteSite
8838,24,17
timeStep,numberOfRobotsOnBlackSite,numberOfRobotsOnWhiteSite
8839,24,17
timeStep,numberOfRobotsOnBlackSite,numberOfRobotsOnWhiteSite
8840,24,17
timeStep,numberOfRobotsOnBlackSite,numberOfRobotsOnWhiteSite
8841,24,17
timeStep,numberOfRobotsOnBlackSite,numberOfRobotsOnWhiteSite
8842,24,17
timeStep,numberOfRobotsOnBlackSite,numberOfRobotsOnWhiteSite
8843,24,17
timeStep,numberOfRobotsOnBlackSite,numberOfRobotsOnWhiteSite
8844,24,17
timeStep,numberOfRobotsOnBlackSite,numberOfRobotsOnWhiteSite
8845,24,17
timeStep,numberOfRobotsOnBlackSite,numberOfRobotsOnWhiteSite
8846,24,17
timeStep,numberOfRobotsOnBlackSite,numberOfRobotsOnWhiteSite
8847,24,17
timeStep,numberOfRobotsOnBlackSite,numberOfRobotsOnWhiteSite
8848,24,17
timeStep,numberOfRobotsOnBlackSite,numberOfRobotsOnWhiteSite
8849,24,17
timeStep,numberOfRobotsOnBlackSite,numberOfRobotsOnWhiteSite
8850,24,17
timeStep,numberOfRobotsOnBlackSite,numberOfRobotsOnWhiteSite
8851,24,17
timeStep,numberOfRobotsOnBlackSite,numberOfRobotsOnWhiteSite
8852,24,17
timeStep,numberOfRobotsOnBlackSite,numberOfRobotsOnWhiteSite
8853,24,17
timeStep,numberOfRobotsOnBlackSite,numberOfRobotsOnWhiteSite
8854,24,17
timeStep,numberOfRobotsOnBlackSite,numberOfRobotsOnWhiteSite
8855,24,17
timeStep,numberOfRobotsOnBlackSite,numberOfRobotsOnWhiteSite
8856,24,17
timeStep,numberOfRobotsOnBlackSite,numberOfRobotsOnWhiteSite
8857,24,17
timeStep,numberOfRobotsOnBlackSite,numberOfRobotsOnWhiteSite
8858,24,17
timeStep,numberOfRobotsOnBlackSite,numberOfRobotsOnWhiteSite
8859,24,17
timeStep,numberOfRobotsOnBlackSite,numberOfRobotsOnWhiteSite
8860,24,17
timeStep,numberOfRobotsOnBlackSite,numberOfRobotsOnWhiteSite
8861,24,17
timeStep,numberOfRobotsOnBlackSite,numberOfRobotsOnWhiteSite
8862,24,17
timeStep,numberOfRobotsOnBlackSite,numberOfRobotsOnWhiteSite
8863,24,17
timeStep,numberOfRobotsOnBlackSite,numberOfRobotsOnWhiteSite
8864,24,17
timeStep,numberOfRobotsOnBlackSite,numberOfRobotsOnWhiteSite
8865,24,17
timeStep,numberOfRobotsOnBlackSite,numberOfRobotsOnWhiteSite
8866,24,17
timeStep,numberOfRobotsOnBlackSite,numberOfRobotsOnWhiteSite
8867,24,17
timeStep,numberOfRobotsOnBlackSite,numberOfRobotsOnWhiteSite
8868,24,17
timeStep,numberOfRobotsOnBlackSite,numberOfRobotsOnWhiteSite
8869,24,17
timeStep,numberOfRobotsOnBlackSite,numberOfRobotsOnWhiteSite
8870,24,17
timeStep,numberOfRobotsOnBlackSite,numberOfRobotsOnWhiteSite
8871,24,17
timeStep,numberOfRobotsOnBlackSite,numberOfRobotsOnWhiteSite
8872,24,17
timeStep,numberOfRobotsOnBlackSite,numberOfRobotsOnWhiteSite
8873,24,17
timeStep,numberOfRobotsOnBlackSite,numberOfRobotsOnWhiteSite
8874,24,17
timeStep,numberOfRobotsOnBlackSite,numberOfRobotsOnWhiteSite
8875,24,17
timeStep,numberOfRobotsOnBlackSite,numberOfRobotsOnWhiteSite
8876,24,17
timeStep,numberOfRobotsOnBlackSite,numberOfRobotsOnWhiteSite
8877,24,17
timeStep,numberOfRobotsOnBlackSite,numberOfRobotsOnWhiteSite
8878,24,17
timeStep,numberOfRobotsOnBlackSite,numberOfRobotsOnWhiteSite
8879,24,17
timeStep,numberOfRobotsOnBlackSite,numberOfRobotsOnWhiteSite
8880,24,17
timeStep,numberOfRobotsOnBlackSite,numberOfRobotsOnWhiteSite
8881,24,17
timeStep,numberOfRobotsOnBlackSite,numberOfRobotsOnWhiteSite
8882,24,17
timeStep,numberOfRobotsOnBlackSite,numberOfRobotsOnWhiteSite
8883,24,17
timeStep,numberOfRobotsOnBlackSite,numberOfRobotsOnWhiteSite
8884,24,17
timeStep,numberOfRobotsOnBlackSite,numberOfRobotsOnWhiteSite
8885,24,17
timeStep,numberOfRobotsOnBlackSite,numberOfRobotsOnWhiteSite
8886,24,17
timeStep,numberOfRobotsOnBlackSite,numberOfRobotsOnWhiteSite
8887,24,17
timeStep,numberOfRobotsOnBlackSite,numberOfRobotsOnWhiteSite
8888,24,17
timeStep,numberOfRobotsOnBlackSite,numberOfRobotsOnWhiteSite
8889,24,17
timeStep,numberOfRobotsOnBlackSite,numberOfRobotsOnWhiteSite
8890,24,17
timeStep,numberOfRobotsOnBlackSite,numberOfRobotsOnWhiteSite
8891,24,17
timeStep,numberOfRobotsOnBlackSite,numberOfRobotsOnWhiteSite
8892,24,17
timeStep,numberOfRobotsOnBlackSite,numberOfRobotsOnWhiteSite
8893,24,17
timeStep,numberOfRobotsOnBlackSite,numberOfRobotsOnWhiteSite
8894,24,17
timeStep,numberOfRobotsOnBlackSite,numberOfRobotsOnWhiteSite
8895,24,17
timeStep,numberOfRobotsOnBlackSite,numberOfRobotsOnWhiteSite
8896,24,17
timeStep,numberOfRobotsOnBlackSite,numberOfRobotsOnWhiteSite
8897,24,17
timeStep,numberOfRobotsOnBlackSite,numberOfRobotsOnWhiteSite
8898,24,17
timeStep,numberOfRobotsOnBlackSite,numberOfRobotsOnWhiteSite
8899,24,17
timeStep,numberOfRobotsOnBlackSite,numberOfRobotsOnWhiteSite
8900,24,17
timeStep,numberOfRobotsOnBlackSite,numberOfRobotsOnWhiteSite
8901,24,17
timeStep,numberOfRobotsOnBlackSite,numberOfRobotsOnWhiteSite
8902,24,17
timeStep,numberOfRobotsOnBlackSite,numberOfRobotsOnWhiteSite
8903,24,17
timeStep,numberOfRobotsOnBlackSite,numberOfRobotsOnWhiteSite
8904,24,17
timeStep,numberOfRobotsOnBlackSite,numberOfRobotsOnWhiteSite
8905,24,17
timeStep,numberOfRobotsOnBlackSite,numberOfRobotsOnWhiteSite
8906,24,17
timeStep,numberOfRobotsOnBlackSite,numberOfRobotsOnWhiteSite
8907,24,17
timeStep,numberOfRobotsOnBlackSite,numberOfRobotsOnWhiteSite
8908,24,17
timeStep,numberOfRobotsOnBlackSite,numberOfRobotsOnWhiteSite
8909,24,17
timeStep,numberOfRobotsOnBlackSite,numberOfRobotsOnWhiteSite
8910,24,17
timeStep,numberOfRobotsOnBlackSite,numberOfRobotsOnWhiteSite
8911,24,17
timeStep,numberOfRobotsOnBlackSite,numberOfRobotsOnWhiteSite
8912,24,17
timeStep,numberOfRobotsOnBlackSite,numberOfRobotsOnWhiteSite
8913,24,17
timeStep,numberOfRobotsOnBlackSite,numberOfRobotsOnWhiteSite
8914,24,17
timeStep,numberOfRobotsOnBlackSite,numberOfRobotsOnWhiteSite
8915,24,17
timeStep,numberOfRobotsOnBlackSite,numberOfRobotsOnWhiteSite
8916,24,17
timeStep,numberOfRobotsOnBlackSite,numberOfRobotsOnWhiteSite
8917,24,17
timeStep,numberOfRobotsOnBlackSite,numberOfRobotsOnWhiteSite
8918,24,17
timeStep,numberOfRobotsOnBlackSite,numberOfRobotsOnWhiteSite
8919,24,17
timeStep,numberOfRobotsOnBlackSite,numberOfRobotsOnWhiteSite
8920,24,17
timeStep,numberOfRobotsOnBlackSite,numberOfRobotsOnWhiteSite
8921,24,17
timeStep,numberOfRobotsOnBlackSite,numberOfRobotsOnWhiteSite
8922,24,17
timeStep,numberOfRobotsOnBlackSite,numberOfRobotsOnWhiteSite
8923,24,17
timeStep,numberOfRobotsOnBlackSite,numberOfRobotsOnWhiteSite
8924,24,17
timeStep,numberOfRobotsOnBlackSite,numberOfRobotsOnWhiteSite
8925,24,17
timeStep,numberOfRobotsOnBlackSite,numberOfRobotsOnWhiteSite
8926,24,17
timeStep,numberOfRobotsOnBlackSite,numberOfRobotsOnWhiteSite
8927,24,17
timeStep,numberOfRobotsOnBlackSite,numberOfRobotsOnWhiteSite
8928,24,17
timeStep,numberOfRobotsOnBlackSite,numberOfRobotsOnWhiteSite
8929,24,17
timeStep,numberOfRobotsOnBlackSite,numberOfRobotsOnWhiteSite
8930,24,17
timeStep,numberOfRobotsOnBlackSite,numberOfRobotsOnWhiteSite
8931,24,17
timeStep,numberOfRobotsOnBlackSite,numberOfRobotsOnWhiteSite
8932,24,17
timeStep,numberOfRobotsOnBlackSite,numberOfRobotsOnWhiteSite
8933,24,17
timeStep,numberOfRobotsOnBlackSite,numberOfRobotsOnWhiteSite
8934,24,17
timeStep,numberOfRobotsOnBlackSite,numberOfRobotsOnWhiteSite
8935,24,17
timeStep,numberOfRobotsOnBlackSite,numberOfRobotsOnWhiteSite
8936,24,17
timeStep,numberOfRobotsOnBlackSite,numberOfRobotsOnWhiteSite
8937,24,17
timeStep,numberOfRobotsOnBlackSite,numberOfRobotsOnWhiteSite
8938,24,17
timeStep,numberOfRobotsOnBlackSite,numberOfRobotsOnWhiteSite
8939,24,17
timeStep,numberOfRobotsOnBlackSite,numberOfRobotsOnWhiteSite
8940,24,17
timeStep,numberOfRobotsOnBlackSite,numberOfRobotsOnWhiteSite
8941,24,17
timeStep,numberOfRobotsOnBlackSite,numberOfRobotsOnWhiteSite
8942,24,17
timeStep,numberOfRobotsOnBlackSite,numberOfRobotsOnWhiteSite
8943,24,17
timeStep,numberOfRobotsOnBlackSite,numberOfRobotsOnWhiteSite
8944,24,17
timeStep,numberOfRobotsOnBlackSite,numberOfRobotsOnWhiteSite
8945,24,17
timeStep,numberOfRobotsOnBlackSite,numberOfRobotsOnWhiteSite
8946,24,17
timeStep,numberOfRobotsOnBlackSite,numberOfRobotsOnWhiteSite
8947,24,17
timeStep,numberOfRobotsOnBlackSite,numberOfRobotsOnWhiteSite
8948,24,17
timeStep,numberOfRobotsOnBlackSite,numberOfRobotsOnWhiteSite
8949,24,17
timeStep,numberOfRobotsOnBlackSite,numberOfRobotsOnWhiteSite
8950,24,17
timeStep,numberOfRobotsOnBlackSite,numberOfRobotsOnWhiteSite
8951,24,17
timeStep,numberOfRobotsOnBlackSite,numberOfRobotsOnWhiteSite
8952,24,17
timeStep,numberOfRobotsOnBlackSite,numberOfRobotsOnWhiteSite
8953,24,17
timeStep,numberOfRobotsOnBlackSite,numberOfRobotsOnWhiteSite
8954,24,17
timeStep,numberOfRobotsOnBlackSite,numberOfRobotsOnWhiteSite
8955,24,17
timeStep,numberOfRobotsOnBlackSite,numberOfRobotsOnWhiteSite
8956,24,17
timeStep,numberOfRobotsOnBlackSite,numberOfRobotsOnWhiteSite
8957,24,17
timeStep,numberOfRobotsOnBlackSite,numberOfRobotsOnWhiteSite
8958,24,17
timeStep,numberOfRobotsOnBlackSite,numberOfRobotsOnWhiteSite
8959,24,17
timeStep,numberOfRobotsOnBlackSite,numberOfRobotsOnWhiteSite
8960,24,17
timeStep,numberOfRobotsOnBlackSite,numberOfRobotsOnWhiteSite
8961,24,17
timeStep,numberOfRobotsOnBlackSite,numberOfRobotsOnWhiteSite
8962,24,17
timeStep,numberOfRobotsOnBlackSite,numberOfRobotsOnWhiteSite
8963,24,17
timeStep,numberOfRobotsOnBlackSite,numberOfRobotsOnWhiteSite
8964,24,17
timeStep,numberOfRobotsOnBlackSite,numberOfRobotsOnWhiteSite
8965,24,17
timeStep,numberOfRobotsOnBlackSite,numberOfRobotsOnWhiteSite
8966,24,17
timeStep,numberOfRobotsOnBlackSite,numberOfRobotsOnWhiteSite
8967,24,17
timeStep,numberOfRobotsOnBlackSite,numberOfRobotsOnWhiteSite
8968,24,17
timeStep,numberOfRobotsOnBlackSite,numberOfRobotsOnWhiteSite
8969,24,17
timeStep,numberOfRobotsOnBlackSite,numberOfRobotsOnWhiteSite
8970,24,17
timeStep,numberOfRobotsOnBlackSite,numberOfRobotsOnWhiteSite
8971,24,17
timeStep,numberOfRobotsOnBlackSite,numberOfRobotsOnWhiteSite
8972,24,17
timeStep,numberOfRobotsOnBlackSite,numberOfRobotsOnWhiteSite
8973,24,17
timeStep,numberOfRobotsOnBlackSite,numberOfRobotsOnWhiteSite
8974,24,17
timeStep,numberOfRobotsOnBlackSite,numberOfRobotsOnWhiteSite
8975,24,17
timeStep,numberOfRobotsOnBlackSite,numberOfRobotsOnWhiteSite
8976,24,17
timeStep,numberOfRobotsOnBlackSite,numberOfRobotsOnWhiteSite
8977,24,17
timeStep,numberOfRobotsOnBlackSite,numberOfRobotsOnWhiteSite
8978,24,17
timeStep,numberOfRobotsOnBlackSite,numberOfRobotsOnWhiteSite
8979,24,17
timeStep,numberOfRobotsOnBlackSite,numberOfRobotsOnWhiteSite
8980,24,17
timeStep,numberOfRobotsOnBlackSite,numberOfRobotsOnWhiteSite
8981,24,17
timeStep,numberOfRobotsOnBlackSite,numberOfRobotsOnWhiteSite
8982,24,17
timeStep,numberOfRobotsOnBlackSite,numberOfRobotsOnWhiteSite
8983,24,17
timeStep,numberOfRobotsOnBlackSite,numberOfRobotsOnWhiteSite
8984,24,17
timeStep,numberOfRobotsOnBlackSite,numberOfRobotsOnWhiteSite
8985,24,17
timeStep,numberOfRobotsOnBlackSite,numberOfRobotsOnWhiteSite
8986,24,17
timeStep,numberOfRobotsOnBlackSite,numberOfRobotsOnWhiteSite
8987,24,17
timeStep,numberOfRobotsOnBlackSite,numberOfRobotsOnWhiteSite
8988,24,17
timeStep,numberOfRobotsOnBlackSite,numberOfRobotsOnWhiteSite
8989,24,17
timeStep,numberOfRobotsOnBlackSite,numberOfRobotsOnWhiteSite
8990,24,17
timeStep,numberOfRobotsOnBlackSite,numberOfRobotsOnWhiteSite
8991,24,17
timeStep,numberOfRobotsOnBlackSite,numberOfRobotsOnWhiteSite
8992,24,17
timeStep,numberOfRobotsOnBlackSite,numberOfRobotsOnWhiteSite
8993,24,17
timeStep,numberOfRobotsOnBlackSite,numberOfRobotsOnWhiteSite
8994,24,17
timeStep,numberOfRobotsOnBlackSite,numberOfRobotsOnWhiteSite
8995,24,17
timeStep,numberOfRobotsOnBlackSite,numberOfRobotsOnWhiteSite
8996,24,17
timeStep,numberOfRobotsOnBlackSite,numberOfRobotsOnWhiteSite
8997,24,17
timeStep,numberOfRobotsOnBlackSite,numberOfRobotsOnWhiteSite
8998,24,17
timeStep,numberOfRobotsOnBlackSite,numberOfRobotsOnWhiteSite
8999,24,17
timeStep,numberOfRobotsOnBlackSite,numberOfRobotsOnWhiteSite
9000,24,17
timeStep,numberOfRobotsOnBlackSite,numberOfRobotsOnWhiteSite
9001,24,17
timeStep,numberOfRobotsOnBlackSite,numberOfRobotsOnWhiteSite
9002,24,17
timeStep,numberOfRobotsOnBlackSite,numberOfRobotsOnWhiteSite
9003,24,17
timeStep,numberOfRobotsOnBlackSite,numberOfRobotsOnWhiteSite
9004,24,17
timeStep,numberOfRobotsOnBlackSite,numberOfRobotsOnWhiteSite
9005,24,17
timeStep,numberOfRobotsOnBlackSite,numberOfRobotsOnWhiteSite
9006,24,17
timeStep,numberOfRobotsOnBlackSite,numberOfRobotsOnWhiteSite
9007,24,17
timeStep,numberOfRobotsOnBlackSite,numberOfRobotsOnWhiteSite
9008,24,17
timeStep,numberOfRobotsOnBlackSite,numberOfRobotsOnWhiteSite
9009,24,17
timeStep,numberOfRobotsOnBlackSite,numberOfRobotsOnWhiteSite
9010,24,17
timeStep,numberOfRobotsOnBlackSite,numberOfRobotsOnWhiteSite
9011,24,17
timeStep,numberOfRobotsOnBlackSite,numberOfRobotsOnWhiteSite
9012,24,17
timeStep,numberOfRobotsOnBlackSite,numberOfRobotsOnWhiteSite
9013,24,17
timeStep,numberOfRobotsOnBlackSite,numberOfRobotsOnWhiteSite
9014,24,17
timeStep,numberOfRobotsOnBlackSite,numberOfRobotsOnWhiteSite
9015,24,17
timeStep,numberOfRobotsOnBlackSite,numberOfRobotsOnWhiteSite
9016,24,17
timeStep,numberOfRobotsOnBlackSite,numberOfRobotsOnWhiteSite
9017,24,17
timeStep,numberOfRobotsOnBlackSite,numberOfRobotsOnWhiteSite
9018,24,17
timeStep,numberOfRobotsOnBlackSite,numberOfRobotsOnWhiteSite
9019,24,17
timeStep,numberOfRobotsOnBlackSite,numberOfRobotsOnWhiteSite
9020,24,17
timeStep,numberOfRobotsOnBlackSite,numberOfRobotsOnWhiteSite
9021,24,17
timeStep,numberOfRobotsOnBlackSite,numberOfRobotsOnWhiteSite
9022,24,17
timeStep,numberOfRobotsOnBlackSite,numberOfRobotsOnWhiteSite
9023,24,17
timeStep,numberOfRobotsOnBlackSite,numberOfRobotsOnWhiteSite
9024,24,17
timeStep,numberOfRobotsOnBlackSite,numberOfRobotsOnWhiteSite
9025,24,17
timeStep,numberOfRobotsOnBlackSite,numberOfRobotsOnWhiteSite
9026,24,17
timeStep,numberOfRobotsOnBlackSite,numberOfRobotsOnWhiteSite
9027,24,17
timeStep,numberOfRobotsOnBlackSite,numberOfRobotsOnWhiteSite
9028,24,17
timeStep,numberOfRobotsOnBlackSite,numberOfRobotsOnWhiteSite
9029,24,17
timeStep,numberOfRobotsOnBlackSite,numberOfRobotsOnWhiteSite
9030,24,17
timeStep,numberOfRobotsOnBlackSite,numberOfRobotsOnWhiteSite
9031,24,17
timeStep,numberOfRobotsOnBlackSite,numberOfRobotsOnWhiteSite
9032,24,17
timeStep,numberOfRobotsOnBlackSite,numberOfRobotsOnWhiteSite
9033,24,17
timeStep,numberOfRobotsOnBlackSite,numberOfRobotsOnWhiteSite
9034,24,17
timeStep,numberOfRobotsOnBlackSite,numberOfRobotsOnWhiteSite
9035,24,17
timeStep,numberOfRobotsOnBlackSite,numberOfRobotsOnWhiteSite
9036,24,17
timeStep,numberOfRobotsOnBlackSite,numberOfRobotsOnWhiteSite
9037,24,17
timeStep,numberOfRobotsOnBlackSite,numberOfRobotsOnWhiteSite
9038,24,17
timeStep,numberOfRobotsOnBlackSite,numberOfRobotsOnWhiteSite
9039,24,17
timeStep,numberOfRobotsOnBlackSite,numberOfRobotsOnWhiteSite
9040,24,17
timeStep,numberOfRobotsOnBlackSite,numberOfRobotsOnWhiteSite
9041,24,17
timeStep,numberOfRobotsOnBlackSite,numberOfRobotsOnWhiteSite
9042,24,17
timeStep,numberOfRobotsOnBlackSite,numberOfRobotsOnWhiteSite
9043,24,17
timeStep,numberOfRobotsOnBlackSite,numberOfRobotsOnWhiteSite
9044,24,17
timeStep,numberOfRobotsOnBlackSite,numberOfRobotsOnWhiteSite
9045,24,17
timeStep,numberOfRobotsOnBlackSite,numberOfRobotsOnWhiteSite
9046,24,17
timeStep,numberOfRobotsOnBlackSite,numberOfRobotsOnWhiteSite
9047,24,17
timeStep,numberOfRobotsOnBlackSite,numberOfRobotsOnWhiteSite
9048,24,17
timeStep,numberOfRobotsOnBlackSite,numberOfRobotsOnWhiteSite
9049,24,17
timeStep,numberOfRobotsOnBlackSite,numberOfRobotsOnWhiteSite
9050,24,17
timeStep,numberOfRobotsOnBlackSite,numberOfRobotsOnWhiteSite
9051,24,17
timeStep,numberOfRobotsOnBlackSite,numberOfRobotsOnWhiteSite
9052,24,17
timeStep,numberOfRobotsOnBlackSite,numberOfRobotsOnWhiteSite
9053,24,17
timeStep,numberOfRobotsOnBlackSite,numberOfRobotsOnWhiteSite
9054,24,17
timeStep,numberOfRobotsOnBlackSite,numberOfRobotsOnWhiteSite
9055,24,17
timeStep,numberOfRobotsOnBlackSite,numberOfRobotsOnWhiteSite
9056,24,17
timeStep,numberOfRobotsOnBlackSite,numberOfRobotsOnWhiteSite
9057,24,17
timeStep,numberOfRobotsOnBlackSite,numberOfRobotsOnWhiteSite
9058,24,17
timeStep,numberOfRobotsOnBlackSite,numberOfRobotsOnWhiteSite
9059,24,17
timeStep,numberOfRobotsOnBlackSite,numberOfRobotsOnWhiteSite
9060,24,17
timeStep,numberOfRobotsOnBlackSite,numberOfRobotsOnWhiteSite
9061,24,17
timeStep,numberOfRobotsOnBlackSite,numberOfRobotsOnWhiteSite
9062,24,17
timeStep,numberOfRobotsOnBlackSite,numberOfRobotsOnWhiteSite
9063,24,17
timeStep,numberOfRobotsOnBlackSite,numberOfRobotsOnWhiteSite
9064,24,17
timeStep,numberOfRobotsOnBlackSite,numberOfRobotsOnWhiteSite
9065,24,17
timeStep,numberOfRobotsOnBlackSite,numberOfRobotsOnWhiteSite
9066,24,17
timeStep,numberOfRobotsOnBlackSite,numberOfRobotsOnWhiteSite
9067,24,17
timeStep,numberOfRobotsOnBlackSite,numberOfRobotsOnWhiteSite
9068,24,17
timeStep,numberOfRobotsOnBlackSite,numberOfRobotsOnWhiteSite
9069,24,17
timeStep,numberOfRobotsOnBlackSite,numberOfRobotsOnWhiteSite
9070,24,17
timeStep,numberOfRobotsOnBlackSite,numberOfRobotsOnWhiteSite
9071,24,17
timeStep,numberOfRobotsOnBlackSite,numberOfRobotsOnWhiteSite
9072,24,17
timeStep,numberOfRobotsOnBlackSite,numberOfRobotsOnWhiteSite
9073,24,17
timeStep,numberOfRobotsOnBlackSite,numberOfRobotsOnWhiteSite
9074,24,17
timeStep,numberOfRobotsOnBlackSite,numberOfRobotsOnWhiteSite
9075,24,17
timeStep,numberOfRobotsOnBlackSite,numberOfRobotsOnWhiteSite
9076,24,17
timeStep,numberOfRobotsOnBlackSite,numberOfRobotsOnWhiteSite
9077,24,17
timeStep,numberOfRobotsOnBlackSite,numberOfRobotsOnWhiteSite
9078,24,17
timeStep,numberOfRobotsOnBlackSite,numberOfRobotsOnWhiteSite
9079,24,17
timeStep,numberOfRobotsOnBlackSite,numberOfRobotsOnWhiteSite
9080,24,17
timeStep,numberOfRobotsOnBlackSite,numberOfRobotsOnWhiteSite
9081,24,17
timeStep,numberOfRobotsOnBlackSite,numberOfRobotsOnWhiteSite
9082,24,17
timeStep,numberOfRobotsOnBlackSite,numberOfRobotsOnWhiteSite
9083,24,17
timeStep,numberOfRobotsOnBlackSite,numberOfRobotsOnWhiteSite
9084,24,17
timeStep,numberOfRobotsOnBlackSite,numberOfRobotsOnWhiteSite
9085,24,17
timeStep,numberOfRobotsOnBlackSite,numberOfRobotsOnWhiteSite
9086,24,17
timeStep,numberOfRobotsOnBlackSite,numberOfRobotsOnWhiteSite
9087,24,17
timeStep,numberOfRobotsOnBlackSite,numberOfRobotsOnWhiteSite
9088,24,17
timeStep,numberOfRobotsOnBlackSite,numberOfRobotsOnWhiteSite
9089,24,17
timeStep,numberOfRobotsOnBlackSite,numberOfRobotsOnWhiteSite
9090,24,17
timeStep,numberOfRobotsOnBlackSite,numberOfRobotsOnWhiteSite
9091,24,17
timeStep,numberOfRobotsOnBlackSite,numberOfRobotsOnWhiteSite
9092,24,17
timeStep,numberOfRobotsOnBlackSite,numberOfRobotsOnWhiteSite
9093,24,17
timeStep,numberOfRobotsOnBlackSite,numberOfRobotsOnWhiteSite
9094,24,17
timeStep,numberOfRobotsOnBlackSite,numberOfRobotsOnWhiteSite
9095,24,17
timeStep,numberOfRobotsOnBlackSite,numberOfRobotsOnWhiteSite
9096,24,17
timeStep,numberOfRobotsOnBlackSite,numberOfRobotsOnWhiteSite
9097,24,17
timeStep,numberOfRobotsOnBlackSite,numberOfRobotsOnWhiteSite
9098,24,17
timeStep,numberOfRobotsOnBlackSite,numberOfRobotsOnWhiteSite
9099,24,17
timeStep,numberOfRobotsOnBlackSite,numberOfRobotsOnWhiteSite
9100,24,17
timeStep,numberOfRobotsOnBlackSite,numberOfRobotsOnWhiteSite
9101,24,17
timeStep,numberOfRobotsOnBlackSite,numberOfRobotsOnWhiteSite
9102,24,17
timeStep,numberOfRobotsOnBlackSite,numberOfRobotsOnWhiteSite
9103,24,17
timeStep,numberOfRobotsOnBlackSite,numberOfRobotsOnWhiteSite
9104,24,17
timeStep,numberOfRobotsOnBlackSite,numberOfRobotsOnWhiteSite
9105,24,17
timeStep,numberOfRobotsOnBlackSite,numberOfRobotsOnWhiteSite
9106,24,17
timeStep,numberOfRobotsOnBlackSite,numberOfRobotsOnWhiteSite
9107,24,17
timeStep,numberOfRobotsOnBlackSite,numberOfRobotsOnWhiteSite
9108,24,17
timeStep,numberOfRobotsOnBlackSite,numberOfRobotsOnWhiteSite
9109,24,17
timeStep,numberOfRobotsOnBlackSite,numberOfRobotsOnWhiteSite
9110,24,17
timeStep,numberOfRobotsOnBlackSite,numberOfRobotsOnWhiteSite
9111,24,17
timeStep,numberOfRobotsOnBlackSite,numberOfRobotsOnWhiteSite
9112,24,17
timeStep,numberOfRobotsOnBlackSite,numberOfRobotsOnWhiteSite
9113,24,17
timeStep,numberOfRobotsOnBlackSite,numberOfRobotsOnWhiteSite
9114,24,17
timeStep,numberOfRobotsOnBlackSite,numberOfRobotsOnWhiteSite
9115,24,17
timeStep,numberOfRobotsOnBlackSite,numberOfRobotsOnWhiteSite
9116,24,17
timeStep,numberOfRobotsOnBlackSite,numberOfRobotsOnWhiteSite
9117,24,17
timeStep,numberOfRobotsOnBlackSite,numberOfRobotsOnWhiteSite
9118,24,17
timeStep,numberOfRobotsOnBlackSite,numberOfRobotsOnWhiteSite
9119,24,17
timeStep,numberOfRobotsOnBlackSite,numberOfRobotsOnWhiteSite
9120,24,17
timeStep,numberOfRobotsOnBlackSite,numberOfRobotsOnWhiteSite
9121,24,17
timeStep,numberOfRobotsOnBlackSite,numberOfRobotsOnWhiteSite
9122,24,17
timeStep,numberOfRobotsOnBlackSite,numberOfRobotsOnWhiteSite
9123,24,17
timeStep,numberOfRobotsOnBlackSite,numberOfRobotsOnWhiteSite
9124,24,17
timeStep,numberOfRobotsOnBlackSite,numberOfRobotsOnWhiteSite
9125,24,17
timeStep,numberOfRobotsOnBlackSite,numberOfRobotsOnWhiteSite
9126,24,17
timeStep,numberOfRobotsOnBlackSite,numberOfRobotsOnWhiteSite
9127,24,17
timeStep,numberOfRobotsOnBlackSite,numberOfRobotsOnWhiteSite
9128,24,17
timeStep,numberOfRobotsOnBlackSite,numberOfRobotsOnWhiteSite
9129,24,17
timeStep,numberOfRobotsOnBlackSite,numberOfRobotsOnWhiteSite
9130,24,17
timeStep,numberOfRobotsOnBlackSite,numberOfRobotsOnWhiteSite
9131,24,17
timeStep,numberOfRobotsOnBlackSite,numberOfRobotsOnWhiteSite
9132,24,17
timeStep,numberOfRobotsOnBlackSite,numberOfRobotsOnWhiteSite
9133,24,17
timeStep,numberOfRobotsOnBlackSite,numberOfRobotsOnWhiteSite
9134,24,17
timeStep,numberOfRobotsOnBlackSite,numberOfRobotsOnWhiteSite
9135,24,18
timeStep,numberOfRobotsOnBlackSite,numberOfRobotsOnWhiteSite
9136,24,18
timeStep,numberOfRobotsOnBlackSite,numberOfRobotsOnWhiteSite
9137,24,18
timeStep,numberOfRobotsOnBlackSite,numberOfRobotsOnWhiteSite
9138,24,18
timeStep,numberOfRobotsOnBlackSite,numberOfRobotsOnWhiteSite
9139,24,18
timeStep,numberOfRobotsOnBlackSite,numberOfRobotsOnWhiteSite
9140,24,18
timeStep,numberOfRobotsOnBlackSite,numberOfRobotsOnWhiteSite
9141,24,18
timeStep,numberOfRobotsOnBlackSite,numberOfRobotsOnWhiteSite
9142,24,18
timeStep,numberOfRobotsOnBlackSite,numberOfRobotsOnWhiteSite
9143,24,18
timeStep,numberOfRobotsOnBlackSite,numberOfRobotsOnWhiteSite
9144,24,18
timeStep,numberOfRobotsOnBlackSite,numberOfRobotsOnWhiteSite
9145,24,18
timeStep,numberOfRobotsOnBlackSite,numberOfRobotsOnWhiteSite
9146,24,18
timeStep,numberOfRobotsOnBlackSite,numberOfRobotsOnWhiteSite
9147,24,18
timeStep,numberOfRobotsOnBlackSite,numberOfRobotsOnWhiteSite
9148,24,18
timeStep,numberOfRobotsOnBlackSite,numberOfRobotsOnWhiteSite
9149,24,18
timeStep,numberOfRobotsOnBlackSite,numberOfRobotsOnWhiteSite
9150,24,17
timeStep,numberOfRobotsOnBlackSite,numberOfRobotsOnWhiteSite
9151,24,17
timeStep,numberOfRobotsOnBlackSite,numberOfRobotsOnWhiteSite
9152,24,17
timeStep,numberOfRobotsOnBlackSite,numberOfRobotsOnWhiteSite
9153,24,17
timeStep,numberOfRobotsOnBlackSite,numberOfRobotsOnWhiteSite
9154,24,17
timeStep,numberOfRobotsOnBlackSite,numberOfRobotsOnWhiteSite
9155,24,17
timeStep,numberOfRobotsOnBlackSite,numberOfRobotsOnWhiteSite
9156,24,17
timeStep,numberOfRobotsOnBlackSite,numberOfRobotsOnWhiteSite
9157,24,17
timeStep,numberOfRobotsOnBlackSite,numberOfRobotsOnWhiteSite
9158,24,17
timeStep,numberOfRobotsOnBlackSite,numberOfRobotsOnWhiteSite
9159,24,17
timeStep,numberOfRobotsOnBlackSite,numberOfRobotsOnWhiteSite
9160,24,17
timeStep,numberOfRobotsOnBlackSite,numberOfRobotsOnWhiteSite
9161,24,17
timeStep,numberOfRobotsOnBlackSite,numberOfRobotsOnWhiteSite
9162,24,17
timeStep,numberOfRobotsOnBlackSite,numberOfRobotsOnWhiteSite
9163,24,17
timeStep,numberOfRobotsOnBlackSite,numberOfRobotsOnWhiteSite
9164,24,17
timeStep,numberOfRobotsOnBlackSite,numberOfRobotsOnWhiteSite
9165,24,17
timeStep,numberOfRobotsOnBlackSite,numberOfRobotsOnWhiteSite
9166,24,17
timeStep,numberOfRobotsOnBlackSite,numberOfRobotsOnWhiteSite
9167,24,17
timeStep,numberOfRobotsOnBlackSite,numberOfRobotsOnWhiteSite
9168,24,17
timeStep,numberOfRobotsOnBlackSite,numberOfRobotsOnWhiteSite
9169,24,17
timeStep,numberOfRobotsOnBlackSite,numberOfRobotsOnWhiteSite
9170,24,17
timeStep,numberOfRobotsOnBlackSite,numberOfRobotsOnWhiteSite
9171,24,17
timeStep,numberOfRobotsOnBlackSite,numberOfRobotsOnWhiteSite
9172,24,17
timeStep,numberOfRobotsOnBlackSite,numberOfRobotsOnWhiteSite
9173,24,17
timeStep,numberOfRobotsOnBlackSite,numberOfRobotsOnWhiteSite
9174,24,17
timeStep,numberOfRobotsOnBlackSite,numberOfRobotsOnWhiteSite
9175,24,17
timeStep,numberOfRobotsOnBlackSite,numberOfRobotsOnWhiteSite
9176,24,17
timeStep,numberOfRobotsOnBlackSite,numberOfRobotsOnWhiteSite
9177,24,17
timeStep,numberOfRobotsOnBlackSite,numberOfRobotsOnWhiteSite
9178,24,17
timeStep,numberOfRobotsOnBlackSite,numberOfRobotsOnWhiteSite
9179,24,17
timeStep,numberOfRobotsOnBlackSite,numberOfRobotsOnWhiteSite
9180,24,17
timeStep,numberOfRobotsOnBlackSite,numberOfRobotsOnWhiteSite
9181,24,17
timeStep,numberOfRobotsOnBlackSite,numberOfRobotsOnWhiteSite
9182,24,17
timeStep,numberOfRobotsOnBlackSite,numberOfRobotsOnWhiteSite
9183,24,17
timeStep,numberOfRobotsOnBlackSite,numberOfRobotsOnWhiteSite
9184,24,17
timeStep,numberOfRobotsOnBlackSite,numberOfRobotsOnWhiteSite
9185,24,17
timeStep,numberOfRobotsOnBlackSite,numberOfRobotsOnWhiteSite
9186,24,17
timeStep,numberOfRobotsOnBlackSite,numberOfRobotsOnWhiteSite
9187,24,17
timeStep,numberOfRobotsOnBlackSite,numberOfRobotsOnWhiteSite
9188,24,17
timeStep,numberOfRobotsOnBlackSite,numberOfRobotsOnWhiteSite
9189,24,17
timeStep,numberOfRobotsOnBlackSite,numberOfRobotsOnWhiteSite
9190,24,17
timeStep,numberOfRobotsOnBlackSite,numberOfRobotsOnWhiteSite
9191,24,17
timeStep,numberOfRobotsOnBlackSite,numberOfRobotsOnWhiteSite
9192,24,17
timeStep,numberOfRobotsOnBlackSite,numberOfRobotsOnWhiteSite
9193,24,17
timeStep,numberOfRobotsOnBlackSite,numberOfRobotsOnWhiteSite
9194,24,17
timeStep,numberOfRobotsOnBlackSite,numberOfRobotsOnWhiteSite
9195,24,17
timeStep,numberOfRobotsOnBlackSite,numberOfRobotsOnWhiteSite
9196,24,17
timeStep,numberOfRobotsOnBlackSite,numberOfRobotsOnWhiteSite
9197,24,17
timeStep,numberOfRobotsOnBlackSite,numberOfRobotsOnWhiteSite
9198,24,17
timeStep,numberOfRobotsOnBlackSite,numberOfRobotsOnWhiteSite
9199,24,17
timeStep,numberOfRobotsOnBlackSite,numberOfRobotsOnWhiteSite
9200,24,17
timeStep,numberOfRobotsOnBlackSite,numberOfRobotsOnWhiteSite
9201,24,17
timeStep,numberOfRobotsOnBlackSite,numberOfRobotsOnWhiteSite
9202,24,17
timeStep,numberOfRobotsOnBlackSite,numberOfRobotsOnWhiteSite
9203,24,17
timeStep,numberOfRobotsOnBlackSite,numberOfRobotsOnWhiteSite
9204,24,17
timeStep,numberOfRobotsOnBlackSite,numberOfRobotsOnWhiteSite
9205,24,17
timeStep,numberOfRobotsOnBlackSite,numberOfRobotsOnWhiteSite
9206,24,17
timeStep,numberOfRobotsOnBlackSite,numberOfRobotsOnWhiteSite
9207,24,17
timeStep,numberOfRobotsOnBlackSite,numberOfRobotsOnWhiteSite
9208,24,17
timeStep,numberOfRobotsOnBlackSite,numberOfRobotsOnWhiteSite
9209,24,17
timeStep,numberOfRobotsOnBlackSite,numberOfRobotsOnWhiteSite
9210,24,17
timeStep,numberOfRobotsOnBlackSite,numberOfRobotsOnWhiteSite
9211,24,17
timeStep,numberOfRobotsOnBlackSite,numberOfRobotsOnWhiteSite
9212,24,17
timeStep,numberOfRobotsOnBlackSite,numberOfRobotsOnWhiteSite
9213,24,17
timeStep,numberOfRobotsOnBlackSite,numberOfRobotsOnWhiteSite
9214,24,17
timeStep,numberOfRobotsOnBlackSite,numberOfRobotsOnWhiteSite
9215,24,17
timeStep,numberOfRobotsOnBlackSite,numberOfRobotsOnWhiteSite
9216,24,17
timeStep,numberOfRobotsOnBlackSite,numberOfRobotsOnWhiteSite
9217,24,17
timeStep,numberOfRobotsOnBlackSite,numberOfRobotsOnWhiteSite
9218,24,17
timeStep,numberOfRobotsOnBlackSite,numberOfRobotsOnWhiteSite
9219,24,17
timeStep,numberOfRobotsOnBlackSite,numberOfRobotsOnWhiteSite
9220,24,17
timeStep,numberOfRobotsOnBlackSite,numberOfRobotsOnWhiteSite
9221,24,17
timeStep,numberOfRobotsOnBlackSite,numberOfRobotsOnWhiteSite
9222,24,17
timeStep,numberOfRobotsOnBlackSite,numberOfRobotsOnWhiteSite
9223,24,17
timeStep,numberOfRobotsOnBlackSite,numberOfRobotsOnWhiteSite
9224,24,17
timeStep,numberOfRobotsOnBlackSite,numberOfRobotsOnWhiteSite
9225,24,17
timeStep,numberOfRobotsOnBlackSite,numberOfRobotsOnWhiteSite
9226,24,17
timeStep,numberOfRobotsOnBlackSite,numberOfRobotsOnWhiteSite
9227,24,17
timeStep,numberOfRobotsOnBlackSite,numberOfRobotsOnWhiteSite
9228,24,17
timeStep,numberOfRobotsOnBlackSite,numberOfRobotsOnWhiteSite
9229,24,17
timeStep,numberOfRobotsOnBlackSite,numberOfRobotsOnWhiteSite
9230,24,17
timeStep,numberOfRobotsOnBlackSite,numberOfRobotsOnWhiteSite
9231,24,17
timeStep,numberOfRobotsOnBlackSite,numberOfRobotsOnWhiteSite
9232,24,17
timeStep,numberOfRobotsOnBlackSite,numberOfRobotsOnWhiteSite
9233,24,17
timeStep,numberOfRobotsOnBlackSite,numberOfRobotsOnWhiteSite
9234,24,17
timeStep,numberOfRobotsOnBlackSite,numberOfRobotsOnWhiteSite
9235,24,17
timeStep,numberOfRobotsOnBlackSite,numberOfRobotsOnWhiteSite
9236,24,17
timeStep,numberOfRobotsOnBlackSite,numberOfRobotsOnWhiteSite
9237,24,17
timeStep,numberOfRobotsOnBlackSite,numberOfRobotsOnWhiteSite
9238,24,17
timeStep,numberOfRobotsOnBlackSite,numberOfRobotsOnWhiteSite
9239,24,17
timeStep,numberOfRobotsOnBlackSite,numberOfRobotsOnWhiteSite
9240,24,17
timeStep,numberOfRobotsOnBlackSite,numberOfRobotsOnWhiteSite
9241,24,17
timeStep,numberOfRobotsOnBlackSite,numberOfRobotsOnWhiteSite
9242,24,17
timeStep,numberOfRobotsOnBlackSite,numberOfRobotsOnWhiteSite
9243,24,17
timeStep,numberOfRobotsOnBlackSite,numberOfRobotsOnWhiteSite
9244,24,17
timeStep,numberOfRobotsOnBlackSite,numberOfRobotsOnWhiteSite
9245,24,17
timeStep,numberOfRobotsOnBlackSite,numberOfRobotsOnWhiteSite
9246,24,17
timeStep,numberOfRobotsOnBlackSite,numberOfRobotsOnWhiteSite
9247,24,17
timeStep,numberOfRobotsOnBlackSite,numberOfRobotsOnWhiteSite
9248,24,17
timeStep,numberOfRobotsOnBlackSite,numberOfRobotsOnWhiteSite
9249,24,17
timeStep,numberOfRobotsOnBlackSite,numberOfRobotsOnWhiteSite
9250,24,17
timeStep,numberOfRobotsOnBlackSite,numberOfRobotsOnWhiteSite
9251,24,17
timeStep,numberOfRobotsOnBlackSite,numberOfRobotsOnWhiteSite
9252,24,17
timeStep,numberOfRobotsOnBlackSite,numberOfRobotsOnWhiteSite
9253,24,17
timeStep,numberOfRobotsOnBlackSite,numberOfRobotsOnWhiteSite
9254,24,17
timeStep,numberOfRobotsOnBlackSite,numberOfRobotsOnWhiteSite
9255,24,17
timeStep,numberOfRobotsOnBlackSite,numberOfRobotsOnWhiteSite
9256,24,17
timeStep,numberOfRobotsOnBlackSite,numberOfRobotsOnWhiteSite
9257,24,17
timeStep,numberOfRobotsOnBlackSite,numberOfRobotsOnWhiteSite
9258,24,17
timeStep,numberOfRobotsOnBlackSite,numberOfRobotsOnWhiteSite
9259,24,17
timeStep,numberOfRobotsOnBlackSite,numberOfRobotsOnWhiteSite
9260,24,17
timeStep,numberOfRobotsOnBlackSite,numberOfRobotsOnWhiteSite
9261,24,17
timeStep,numberOfRobotsOnBlackSite,numberOfRobotsOnWhiteSite
9262,24,17
timeStep,numberOfRobotsOnBlackSite,numberOfRobotsOnWhiteSite
9263,24,17
timeStep,numberOfRobotsOnBlackSite,numberOfRobotsOnWhiteSite
9264,24,17
timeStep,numberOfRobotsOnBlackSite,numberOfRobotsOnWhiteSite
9265,24,17
timeStep,numberOfRobotsOnBlackSite,numberOfRobotsOnWhiteSite
9266,24,17
timeStep,numberOfRobotsOnBlackSite,numberOfRobotsOnWhiteSite
9267,24,17
timeStep,numberOfRobotsOnBlackSite,numberOfRobotsOnWhiteSite
9268,24,17
timeStep,numberOfRobotsOnBlackSite,numberOfRobotsOnWhiteSite
9269,24,17
timeStep,numberOfRobotsOnBlackSite,numberOfRobotsOnWhiteSite
9270,24,17
timeStep,numberOfRobotsOnBlackSite,numberOfRobotsOnWhiteSite
9271,24,17
timeStep,numberOfRobotsOnBlackSite,numberOfRobotsOnWhiteSite
9272,24,17
timeStep,numberOfRobotsOnBlackSite,numberOfRobotsOnWhiteSite
9273,24,17
timeStep,numberOfRobotsOnBlackSite,numberOfRobotsOnWhiteSite
9274,24,17
timeStep,numberOfRobotsOnBlackSite,numberOfRobotsOnWhiteSite
9275,24,17
timeStep,numberOfRobotsOnBlackSite,numberOfRobotsOnWhiteSite
9276,24,17
timeStep,numberOfRobotsOnBlackSite,numberOfRobotsOnWhiteSite
9277,24,17
timeStep,numberOfRobotsOnBlackSite,numberOfRobotsOnWhiteSite
9278,24,17
timeStep,numberOfRobotsOnBlackSite,numberOfRobotsOnWhiteSite
9279,24,17
timeStep,numberOfRobotsOnBlackSite,numberOfRobotsOnWhiteSite
9280,24,17
timeStep,numberOfRobotsOnBlackSite,numberOfRobotsOnWhiteSite
9281,24,17
timeStep,numberOfRobotsOnBlackSite,numberOfRobotsOnWhiteSite
9282,24,17
timeStep,numberOfRobotsOnBlackSite,numberOfRobotsOnWhiteSite
9283,24,17
timeStep,numberOfRobotsOnBlackSite,numberOfRobotsOnWhiteSite
9284,24,17
timeStep,numberOfRobotsOnBlackSite,numberOfRobotsOnWhiteSite
9285,24,17
timeStep,numberOfRobotsOnBlackSite,numberOfRobotsOnWhiteSite
9286,24,17
timeStep,numberOfRobotsOnBlackSite,numberOfRobotsOnWhiteSite
9287,24,17
timeStep,numberOfRobotsOnBlackSite,numberOfRobotsOnWhiteSite
9288,24,17
timeStep,numberOfRobotsOnBlackSite,numberOfRobotsOnWhiteSite
9289,24,17
timeStep,numberOfRobotsOnBlackSite,numberOfRobotsOnWhiteSite
9290,24,17
timeStep,numberOfRobotsOnBlackSite,numberOfRobotsOnWhiteSite
9291,24,17
timeStep,numberOfRobotsOnBlackSite,numberOfRobotsOnWhiteSite
9292,24,17
timeStep,numberOfRobotsOnBlackSite,numberOfRobotsOnWhiteSite
9293,24,17
timeStep,numberOfRobotsOnBlackSite,numberOfRobotsOnWhiteSite
9294,24,17
timeStep,numberOfRobotsOnBlackSite,numberOfRobotsOnWhiteSite
9295,24,17
timeStep,numberOfRobotsOnBlackSite,numberOfRobotsOnWhiteSite
9296,24,17
timeStep,numberOfRobotsOnBlackSite,numberOfRobotsOnWhiteSite
9297,24,17
timeStep,numberOfRobotsOnBlackSite,numberOfRobotsOnWhiteSite
9298,24,17
timeStep,numberOfRobotsOnBlackSite,numberOfRobotsOnWhiteSite
9299,24,17
timeStep,numberOfRobotsOnBlackSite,numberOfRobotsOnWhiteSite
9300,24,17
timeStep,numberOfRobotsOnBlackSite,numberOfRobotsOnWhiteSite
9301,24,17
timeStep,numberOfRobotsOnBlackSite,numberOfRobotsOnWhiteSite
9302,24,17
timeStep,numberOfRobotsOnBlackSite,numberOfRobotsOnWhiteSite
9303,24,17
timeStep,numberOfRobotsOnBlackSite,numberOfRobotsOnWhiteSite
9304,24,17
timeStep,numberOfRobotsOnBlackSite,numberOfRobotsOnWhiteSite
9305,24,17
timeStep,numberOfRobotsOnBlackSite,numberOfRobotsOnWhiteSite
9306,24,17
timeStep,numberOfRobotsOnBlackSite,numberOfRobotsOnWhiteSite
9307,24,17
timeStep,numberOfRobotsOnBlackSite,numberOfRobotsOnWhiteSite
9308,24,17
timeStep,numberOfRobotsOnBlackSite,numberOfRobotsOnWhiteSite
9309,24,17
timeStep,numberOfRobotsOnBlackSite,numberOfRobotsOnWhiteSite
9310,24,17
timeStep,numberOfRobotsOnBlackSite,numberOfRobotsOnWhiteSite
9311,24,17
timeStep,numberOfRobotsOnBlackSite,numberOfRobotsOnWhiteSite
9312,24,17
timeStep,numberOfRobotsOnBlackSite,numberOfRobotsOnWhiteSite
9313,24,17
timeStep,numberOfRobotsOnBlackSite,numberOfRobotsOnWhiteSite
9314,24,17
timeStep,numberOfRobotsOnBlackSite,numberOfRobotsOnWhiteSite
9315,24,17
timeStep,numberOfRobotsOnBlackSite,numberOfRobotsOnWhiteSite
9316,24,17
timeStep,numberOfRobotsOnBlackSite,numberOfRobotsOnWhiteSite
9317,24,17
timeStep,numberOfRobotsOnBlackSite,numberOfRobotsOnWhiteSite
9318,24,17
timeStep,numberOfRobotsOnBlackSite,numberOfRobotsOnWhiteSite
9319,24,17
timeStep,numberOfRobotsOnBlackSite,numberOfRobotsOnWhiteSite
9320,24,17
timeStep,numberOfRobotsOnBlackSite,numberOfRobotsOnWhiteSite
9321,24,17
timeStep,numberOfRobotsOnBlackSite,numberOfRobotsOnWhiteSite
9322,24,17
timeStep,numberOfRobotsOnBlackSite,numberOfRobotsOnWhiteSite
9323,24,17
timeStep,numberOfRobotsOnBlackSite,numberOfRobotsOnWhiteSite
9324,24,17
timeStep,numberOfRobotsOnBlackSite,numberOfRobotsOnWhiteSite
9325,23,17
timeStep,numberOfRobotsOnBlackSite,numberOfRobotsOnWhiteSite
9326,23,17
timeStep,numberOfRobotsOnBlackSite,numberOfRobotsOnWhiteSite
9327,23,17
timeStep,numberOfRobotsOnBlackSite,numberOfRobotsOnWhiteSite
9328,23,17
timeStep,numberOfRobotsOnBlackSite,numberOfRobotsOnWhiteSite
9329,23,17
timeStep,numberOfRobotsOnBlackSite,numberOfRobotsOnWhiteSite
9330,23,17
timeStep,numberOfRobotsOnBlackSite,numberOfRobotsOnWhiteSite
9331,23,17
timeStep,numberOfRobotsOnBlackSite,numberOfRobotsOnWhiteSite
9332,23,17
timeStep,numberOfRobotsOnBlackSite,numberOfRobotsOnWhiteSite
9333,23,17
timeStep,numberOfRobotsOnBlackSite,numberOfRobotsOnWhiteSite
9334,23,17
timeStep,numberOfRobotsOnBlackSite,numberOfRobotsOnWhiteSite
9335,23,17
timeStep,numberOfRobotsOnBlackSite,numberOfRobotsOnWhiteSite
9336,23,17
timeStep,numberOfRobotsOnBlackSite,numberOfRobotsOnWhiteSite
9337,23,17
timeStep,numberOfRobotsOnBlackSite,numberOfRobotsOnWhiteSite
9338,23,17
timeStep,numberOfRobotsOnBlackSite,numberOfRobotsOnWhiteSite
9339,23,17
timeStep,numberOfRobotsOnBlackSite,numberOfRobotsOnWhiteSite
9340,23,17
timeStep,numberOfRobotsOnBlackSite,numberOfRobotsOnWhiteSite
9341,23,17
timeStep,numberOfRobotsOnBlackSite,numberOfRobotsOnWhiteSite
9342,23,17
timeStep,numberOfRobotsOnBlackSite,numberOfRobotsOnWhiteSite
9343,23,17
timeStep,numberOfRobotsOnBlackSite,numberOfRobotsOnWhiteSite
9344,23,17
timeStep,numberOfRobotsOnBlackSite,numberOfRobotsOnWhiteSite
9345,23,17
timeStep,numberOfRobotsOnBlackSite,numberOfRobotsOnWhiteSite
9346,23,17
timeStep,numberOfRobotsOnBlackSite,numberOfRobotsOnWhiteSite
9347,23,17
timeStep,numberOfRobotsOnBlackSite,numberOfRobotsOnWhiteSite
9348,23,17
timeStep,numberOfRobotsOnBlackSite,numberOfRobotsOnWhiteSite
9349,23,17
timeStep,numberOfRobotsOnBlackSite,numberOfRobotsOnWhiteSite
9350,23,17
timeStep,numberOfRobotsOnBlackSite,numberOfRobotsOnWhiteSite
9351,23,17
timeStep,numberOfRobotsOnBlackSite,numberOfRobotsOnWhiteSite
9352,23,17
timeStep,numberOfRobotsOnBlackSite,numberOfRobotsOnWhiteSite
9353,23,17
timeStep,numberOfRobotsOnBlackSite,numberOfRobotsOnWhiteSite
9354,23,17
timeStep,numberOfRobotsOnBlackSite,numberOfRobotsOnWhiteSite
9355,23,17
timeStep,numberOfRobotsOnBlackSite,numberOfRobotsOnWhiteSite
9356,23,17
timeStep,numberOfRobotsOnBlackSite,numberOfRobotsOnWhiteSite
9357,23,17
timeStep,numberOfRobotsOnBlackSite,numberOfRobotsOnWhiteSite
9358,23,17
timeStep,numberOfRobotsOnBlackSite,numberOfRobotsOnWhiteSite
9359,23,17
timeStep,numberOfRobotsOnBlackSite,numberOfRobotsOnWhiteSite
9360,23,17
timeStep,numberOfRobotsOnBlackSite,numberOfRobotsOnWhiteSite
9361,23,17
timeStep,numberOfRobotsOnBlackSite,numberOfRobotsOnWhiteSite
9362,23,17
timeStep,numberOfRobotsOnBlackSite,numberOfRobotsOnWhiteSite
9363,23,17
timeStep,numberOfRobotsOnBlackSite,numberOfRobotsOnWhiteSite
9364,23,17
timeStep,numberOfRobotsOnBlackSite,numberOfRobotsOnWhiteSite
9365,23,17
timeStep,numberOfRobotsOnBlackSite,numberOfRobotsOnWhiteSite
9366,23,17
timeStep,numberOfRobotsOnBlackSite,numberOfRobotsOnWhiteSite
9367,23,17
timeStep,numberOfRobotsOnBlackSite,numberOfRobotsOnWhiteSite
9368,23,17
timeStep,numberOfRobotsOnBlackSite,numberOfRobotsOnWhiteSite
9369,23,17
timeStep,numberOfRobotsOnBlackSite,numberOfRobotsOnWhiteSite
9370,23,17
timeStep,numberOfRobotsOnBlackSite,numberOfRobotsOnWhiteSite
9371,23,17
timeStep,numberOfRobotsOnBlackSite,numberOfRobotsOnWhiteSite
9372,23,17
timeStep,numberOfRobotsOnBlackSite,numberOfRobotsOnWhiteSite
9373,23,17
timeStep,numberOfRobotsOnBlackSite,numberOfRobotsOnWhiteSite
9374,23,17
timeStep,numberOfRobotsOnBlackSite,numberOfRobotsOnWhiteSite
9375,23,17
timeStep,numberOfRobotsOnBlackSite,numberOfRobotsOnWhiteSite
9376,23,17
timeStep,numberOfRobotsOnBlackSite,numberOfRobotsOnWhiteSite
9377,23,17
timeStep,numberOfRobotsOnBlackSite,numberOfRobotsOnWhiteSite
9378,23,17
timeStep,numberOfRobotsOnBlackSite,numberOfRobotsOnWhiteSite
9379,23,17
timeStep,numberOfRobotsOnBlackSite,numberOfRobotsOnWhiteSite
9380,23,17
timeStep,numberOfRobotsOnBlackSite,numberOfRobotsOnWhiteSite
9381,23,17
timeStep,numberOfRobotsOnBlackSite,numberOfRobotsOnWhiteSite
9382,23,17
timeStep,numberOfRobotsOnBlackSite,numberOfRobotsOnWhiteSite
9383,23,17
timeStep,numberOfRobotsOnBlackSite,numberOfRobotsOnWhiteSite
9384,23,17
timeStep,numberOfRobotsOnBlackSite,numberOfRobotsOnWhiteSite
9385,23,17
timeStep,numberOfRobotsOnBlackSite,numberOfRobotsOnWhiteSite
9386,23,17
timeStep,numberOfRobotsOnBlackSite,numberOfRobotsOnWhiteSite
9387,23,17
timeStep,numberOfRobotsOnBlackSite,numberOfRobotsOnWhiteSite
9388,23,17
timeStep,numberOfRobotsOnBlackSite,numberOfRobotsOnWhiteSite
9389,23,17
timeStep,numberOfRobotsOnBlackSite,numberOfRobotsOnWhiteSite
9390,23,17
timeStep,numberOfRobotsOnBlackSite,numberOfRobotsOnWhiteSite
9391,23,17
timeStep,numberOfRobotsOnBlackSite,numberOfRobotsOnWhiteSite
9392,23,17
timeStep,numberOfRobotsOnBlackSite,numberOfRobotsOnWhiteSite
9393,23,17
timeStep,numberOfRobotsOnBlackSite,numberOfRobotsOnWhiteSite
9394,23,17
timeStep,numberOfRobotsOnBlackSite,numberOfRobotsOnWhiteSite
9395,24,17
timeStep,numberOfRobotsOnBlackSite,numberOfRobotsOnWhiteSite
9396,24,17
timeStep,numberOfRobotsOnBlackSite,numberOfRobotsOnWhiteSite
9397,24,17
timeStep,numberOfRobotsOnBlackSite,numberOfRobotsOnWhiteSite
9398,24,17
timeStep,numberOfRobotsOnBlackSite,numberOfRobotsOnWhiteSite
9399,24,17
timeStep,numberOfRobotsOnBlackSite,numberOfRobotsOnWhiteSite
9400,24,18
timeStep,numberOfRobotsOnBlackSite,numberOfRobotsOnWhiteSite
9401,24,18
timeStep,numberOfRobotsOnBlackSite,numberOfRobotsOnWhiteSite
9402,24,18
timeStep,numberOfRobotsOnBlackSite,numberOfRobotsOnWhiteSite
9403,24,18
timeStep,numberOfRobotsOnBlackSite,numberOfRobotsOnWhiteSite
9404,24,18
timeStep,numberOfRobotsOnBlackSite,numberOfRobotsOnWhiteSite
9405,24,18
timeStep,numberOfRobotsOnBlackSite,numberOfRobotsOnWhiteSite
9406,24,18
timeStep,numberOfRobotsOnBlackSite,numberOfRobotsOnWhiteSite
9407,24,18
timeStep,numberOfRobotsOnBlackSite,numberOfRobotsOnWhiteSite
9408,24,18
timeStep,numberOfRobotsOnBlackSite,numberOfRobotsOnWhiteSite
9409,24,18
timeStep,numberOfRobotsOnBlackSite,numberOfRobotsOnWhiteSite
9410,24,18
timeStep,numberOfRobotsOnBlackSite,numberOfRobotsOnWhiteSite
9411,24,18
timeStep,numberOfRobotsOnBlackSite,numberOfRobotsOnWhiteSite
9412,24,18
timeStep,numberOfRobotsOnBlackSite,numberOfRobotsOnWhiteSite
9413,24,18
timeStep,numberOfRobotsOnBlackSite,numberOfRobotsOnWhiteSite
9414,24,18
timeStep,numberOfRobotsOnBlackSite,numberOfRobotsOnWhiteSite
9415,24,18
timeStep,numberOfRobotsOnBlackSite,numberOfRobotsOnWhiteSite
9416,24,18
timeStep,numberOfRobotsOnBlackSite,numberOfRobotsOnWhiteSite
9417,24,18
timeStep,numberOfRobotsOnBlackSite,numberOfRobotsOnWhiteSite
9418,24,18
timeStep,numberOfRobotsOnBlackSite,numberOfRobotsOnWhiteSite
9419,24,18
timeStep,numberOfRobotsOnBlackSite,numberOfRobotsOnWhiteSite
9420,24,18
timeStep,numberOfRobotsOnBlackSite,numberOfRobotsOnWhiteSite
9421,24,18
timeStep,numberOfRobotsOnBlackSite,numberOfRobotsOnWhiteSite
9422,24,18
timeStep,numberOfRobotsOnBlackSite,numberOfRobotsOnWhiteSite
9423,24,18
timeStep,numberOfRobotsOnBlackSite,numberOfRobotsOnWhiteSite
9424,24,18
timeStep,numberOfRobotsOnBlackSite,numberOfRobotsOnWhiteSite
9425,24,18
timeStep,numberOfRobotsOnBlackSite,numberOfRobotsOnWhiteSite
9426,24,18
timeStep,numberOfRobotsOnBlackSite,numberOfRobotsOnWhiteSite
9427,24,18
timeStep,numberOfRobotsOnBlackSite,numberOfRobotsOnWhiteSite
9428,24,18
timeStep,numberOfRobotsOnBlackSite,numberOfRobotsOnWhiteSite
9429,24,18
timeStep,numberOfRobotsOnBlackSite,numberOfRobotsOnWhiteSite
9430,24,18
timeStep,numberOfRobotsOnBlackSite,numberOfRobotsOnWhiteSite
9431,24,18
timeStep,numberOfRobotsOnBlackSite,numberOfRobotsOnWhiteSite
9432,24,18
timeStep,numberOfRobotsOnBlackSite,numberOfRobotsOnWhiteSite
9433,24,18
timeStep,numberOfRobotsOnBlackSite,numberOfRobotsOnWhiteSite
9434,24,18
timeStep,numberOfRobotsOnBlackSite,numberOfRobotsOnWhiteSite
9435,24,18
timeStep,numberOfRobotsOnBlackSite,numberOfRobotsOnWhiteSite
9436,24,18
timeStep,numberOfRobotsOnBlackSite,numberOfRobotsOnWhiteSite
9437,24,18
timeStep,numberOfRobotsOnBlackSite,numberOfRobotsOnWhiteSite
9438,24,18
timeStep,numberOfRobotsOnBlackSite,numberOfRobotsOnWhiteSite
9439,24,18
timeStep,numberOfRobotsOnBlackSite,numberOfRobotsOnWhiteSite
9440,24,18
timeStep,numberOfRobotsOnBlackSite,numberOfRobotsOnWhiteSite
9441,24,18
timeStep,numberOfRobotsOnBlackSite,numberOfRobotsOnWhiteSite
9442,24,18
timeStep,numberOfRobotsOnBlackSite,numberOfRobotsOnWhiteSite
9443,24,18
timeStep,numberOfRobotsOnBlackSite,numberOfRobotsOnWhiteSite
9444,24,18
timeStep,numberOfRobotsOnBlackSite,numberOfRobotsOnWhiteSite
9445,24,18
timeStep,numberOfRobotsOnBlackSite,numberOfRobotsOnWhiteSite
9446,24,18
timeStep,numberOfRobotsOnBlackSite,numberOfRobotsOnWhiteSite
9447,24,18
timeStep,numberOfRobotsOnBlackSite,numberOfRobotsOnWhiteSite
9448,24,18
timeStep,numberOfRobotsOnBlackSite,numberOfRobotsOnWhiteSite
9449,24,18
timeStep,numberOfRobotsOnBlackSite,numberOfRobotsOnWhiteSite
9450,24,18
timeStep,numberOfRobotsOnBlackSite,numberOfRobotsOnWhiteSite
9451,24,18
timeStep,numberOfRobotsOnBlackSite,numberOfRobotsOnWhiteSite
9452,24,18
timeStep,numberOfRobotsOnBlackSite,numberOfRobotsOnWhiteSite
9453,24,18
timeStep,numberOfRobotsOnBlackSite,numberOfRobotsOnWhiteSite
9454,24,18
timeStep,numberOfRobotsOnBlackSite,numberOfRobotsOnWhiteSite
9455,24,18
timeStep,numberOfRobotsOnBlackSite,numberOfRobotsOnWhiteSite
9456,24,18
timeStep,numberOfRobotsOnBlackSite,numberOfRobotsOnWhiteSite
9457,24,18
timeStep,numberOfRobotsOnBlackSite,numberOfRobotsOnWhiteSite
9458,24,18
timeStep,numberOfRobotsOnBlackSite,numberOfRobotsOnWhiteSite
9459,24,18
timeStep,numberOfRobotsOnBlackSite,numberOfRobotsOnWhiteSite
9460,24,18
timeStep,numberOfRobotsOnBlackSite,numberOfRobotsOnWhiteSite
9461,24,18
timeStep,numberOfRobotsOnBlackSite,numberOfRobotsOnWhiteSite
9462,24,18
timeStep,numberOfRobotsOnBlackSite,numberOfRobotsOnWhiteSite
9463,24,18
timeStep,numberOfRobotsOnBlackSite,numberOfRobotsOnWhiteSite
9464,24,18
timeStep,numberOfRobotsOnBlackSite,numberOfRobotsOnWhiteSite
9465,24,18
timeStep,numberOfRobotsOnBlackSite,numberOfRobotsOnWhiteSite
9466,24,18
timeStep,numberOfRobotsOnBlackSite,numberOfRobotsOnWhiteSite
9467,24,18
timeStep,numberOfRobotsOnBlackSite,numberOfRobotsOnWhiteSite
9468,24,18
timeStep,numberOfRobotsOnBlackSite,numberOfRobotsOnWhiteSite
9469,24,18
timeStep,numberOfRobotsOnBlackSite,numberOfRobotsOnWhiteSite
9470,24,18
timeStep,numberOfRobotsOnBlackSite,numberOfRobotsOnWhiteSite
9471,24,18
timeStep,numberOfRobotsOnBlackSite,numberOfRobotsOnWhiteSite
9472,24,18
timeStep,numberOfRobotsOnBlackSite,numberOfRobotsOnWhiteSite
9473,24,18
timeStep,numberOfRobotsOnBlackSite,numberOfRobotsOnWhiteSite
9474,24,18
timeStep,numberOfRobotsOnBlackSite,numberOfRobotsOnWhiteSite
9475,24,18
timeStep,numberOfRobotsOnBlackSite,numberOfRobotsOnWhiteSite
9476,24,18
timeStep,numberOfRobotsOnBlackSite,numberOfRobotsOnWhiteSite
9477,24,18
timeStep,numberOfRobotsOnBlackSite,numberOfRobotsOnWhiteSite
9478,24,18
timeStep,numberOfRobotsOnBlackSite,numberOfRobotsOnWhiteSite
9479,24,18
timeStep,numberOfRobotsOnBlackSite,numberOfRobotsOnWhiteSite
9480,24,18
timeStep,numberOfRobotsOnBlackSite,numberOfRobotsOnWhiteSite
9481,24,18
timeStep,numberOfRobotsOnBlackSite,numberOfRobotsOnWhiteSite
9482,24,18
timeStep,numberOfRobotsOnBlackSite,numberOfRobotsOnWhiteSite
9483,24,18
timeStep,numberOfRobotsOnBlackSite,numberOfRobotsOnWhiteSite
9484,24,18
timeStep,numberOfRobotsOnBlackSite,numberOfRobotsOnWhiteSite
9485,24,18
timeStep,numberOfRobotsOnBlackSite,numberOfRobotsOnWhiteSite
9486,24,18
timeStep,numberOfRobotsOnBlackSite,numberOfRobotsOnWhiteSite
9487,24,18
timeStep,numberOfRobotsOnBlackSite,numberOfRobotsOnWhiteSite
9488,24,18
timeStep,numberOfRobotsOnBlackSite,numberOfRobotsOnWhiteSite
9489,24,18
timeStep,numberOfRobotsOnBlackSite,numberOfRobotsOnWhiteSite
9490,24,18
timeStep,numberOfRobotsOnBlackSite,numberOfRobotsOnWhiteSite
9491,24,18
timeStep,numberOfRobotsOnBlackSite,numberOfRobotsOnWhiteSite
9492,24,18
timeStep,numberOfRobotsOnBlackSite,numberOfRobotsOnWhiteSite
9493,24,18
timeStep,numberOfRobotsOnBlackSite,numberOfRobotsOnWhiteSite
9494,24,18
timeStep,numberOfRobotsOnBlackSite,numberOfRobotsOnWhiteSite
9495,24,18
timeStep,numberOfRobotsOnBlackSite,numberOfRobotsOnWhiteSite
9496,24,18
timeStep,numberOfRobotsOnBlackSite,numberOfRobotsOnWhiteSite
9497,24,18
timeStep,numberOfRobotsOnBlackSite,numberOfRobotsOnWhiteSite
9498,24,18
timeStep,numberOfRobotsOnBlackSite,numberOfRobotsOnWhiteSite
9499,24,18
timeStep,numberOfRobotsOnBlackSite,numberOfRobotsOnWhiteSite
9500,24,18
timeStep,numberOfRobotsOnBlackSite,numberOfRobotsOnWhiteSite
9501,24,18
timeStep,numberOfRobotsOnBlackSite,numberOfRobotsOnWhiteSite
9502,24,18
timeStep,numberOfRobotsOnBlackSite,numberOfRobotsOnWhiteSite
9503,24,18
timeStep,numberOfRobotsOnBlackSite,numberOfRobotsOnWhiteSite
9504,24,18
timeStep,numberOfRobotsOnBlackSite,numberOfRobotsOnWhiteSite
9505,24,18
timeStep,numberOfRobotsOnBlackSite,numberOfRobotsOnWhiteSite
9506,24,18
timeStep,numberOfRobotsOnBlackSite,numberOfRobotsOnWhiteSite
9507,24,18
timeStep,numberOfRobotsOnBlackSite,numberOfRobotsOnWhiteSite
9508,24,18
timeStep,numberOfRobotsOnBlackSite,numberOfRobotsOnWhiteSite
9509,24,18
timeStep,numberOfRobotsOnBlackSite,numberOfRobotsOnWhiteSite
9510,24,18
timeStep,numberOfRobotsOnBlackSite,numberOfRobotsOnWhiteSite
9511,24,18
timeStep,numberOfRobotsOnBlackSite,numberOfRobotsOnWhiteSite
9512,24,18
timeStep,numberOfRobotsOnBlackSite,numberOfRobotsOnWhiteSite
9513,24,18
timeStep,numberOfRobotsOnBlackSite,numberOfRobotsOnWhiteSite
9514,24,18
timeStep,numberOfRobotsOnBlackSite,numberOfRobotsOnWhiteSite
9515,24,18
timeStep,numberOfRobotsOnBlackSite,numberOfRobotsOnWhiteSite
9516,24,18
timeStep,numberOfRobotsOnBlackSite,numberOfRobotsOnWhiteSite
9517,24,18
timeStep,numberOfRobotsOnBlackSite,numberOfRobotsOnWhiteSite
9518,24,18
timeStep,numberOfRobotsOnBlackSite,numberOfRobotsOnWhiteSite
9519,24,18
timeStep,numberOfRobotsOnBlackSite,numberOfRobotsOnWhiteSite
9520,24,18
timeStep,numberOfRobotsOnBlackSite,numberOfRobotsOnWhiteSite
9521,24,18
timeStep,numberOfRobotsOnBlackSite,numberOfRobotsOnWhiteSite
9522,24,18
timeStep,numberOfRobotsOnBlackSite,numberOfRobotsOnWhiteSite
9523,24,18
timeStep,numberOfRobotsOnBlackSite,numberOfRobotsOnWhiteSite
9524,24,18
timeStep,numberOfRobotsOnBlackSite,numberOfRobotsOnWhiteSite
9525,24,18
timeStep,numberOfRobotsOnBlackSite,numberOfRobotsOnWhiteSite
9526,24,18
timeStep,numberOfRobotsOnBlackSite,numberOfRobotsOnWhiteSite
9527,24,18
timeStep,numberOfRobotsOnBlackSite,numberOfRobotsOnWhiteSite
9528,24,18
timeStep,numberOfRobotsOnBlackSite,numberOfRobotsOnWhiteSite
9529,24,18
timeStep,numberOfRobotsOnBlackSite,numberOfRobotsOnWhiteSite
9530,24,18
timeStep,numberOfRobotsOnBlackSite,numberOfRobotsOnWhiteSite
9531,24,18
timeStep,numberOfRobotsOnBlackSite,numberOfRobotsOnWhiteSite
9532,24,18
timeStep,numberOfRobotsOnBlackSite,numberOfRobotsOnWhiteSite
9533,24,18
timeStep,numberOfRobotsOnBlackSite,numberOfRobotsOnWhiteSite
9534,24,18
timeStep,numberOfRobotsOnBlackSite,numberOfRobotsOnWhiteSite
9535,24,18
timeStep,numberOfRobotsOnBlackSite,numberOfRobotsOnWhiteSite
9536,24,18
timeStep,numberOfRobotsOnBlackSite,numberOfRobotsOnWhiteSite
9537,24,18
timeStep,numberOfRobotsOnBlackSite,numberOfRobotsOnWhiteSite
9538,24,18
timeStep,numberOfRobotsOnBlackSite,numberOfRobotsOnWhiteSite
9539,24,18
timeStep,numberOfRobotsOnBlackSite,numberOfRobotsOnWhiteSite
9540,24,18
timeStep,numberOfRobotsOnBlackSite,numberOfRobotsOnWhiteSite
9541,24,18
timeStep,numberOfRobotsOnBlackSite,numberOfRobotsOnWhiteSite
9542,24,18
timeStep,numberOfRobotsOnBlackSite,numberOfRobotsOnWhiteSite
9543,24,18
timeStep,numberOfRobotsOnBlackSite,numberOfRobotsOnWhiteSite
9544,24,18
timeStep,numberOfRobotsOnBlackSite,numberOfRobotsOnWhiteSite
9545,24,18
timeStep,numberOfRobotsOnBlackSite,numberOfRobotsOnWhiteSite
9546,24,18
timeStep,numberOfRobotsOnBlackSite,numberOfRobotsOnWhiteSite
9547,24,18
timeStep,numberOfRobotsOnBlackSite,numberOfRobotsOnWhiteSite
9548,24,18
timeStep,numberOfRobotsOnBlackSite,numberOfRobotsOnWhiteSite
9549,24,18
timeStep,numberOfRobotsOnBlackSite,numberOfRobotsOnWhiteSite
9550,24,18
timeStep,numberOfRobotsOnBlackSite,numberOfRobotsOnWhiteSite
9551,24,18
timeStep,numberOfRobotsOnBlackSite,numberOfRobotsOnWhiteSite
9552,24,18
timeStep,numberOfRobotsOnBlackSite,numberOfRobotsOnWhiteSite
9553,24,18
timeStep,numberOfRobotsOnBlackSite,numberOfRobotsOnWhiteSite
9554,24,18
timeStep,numberOfRobotsOnBlackSite,numberOfRobotsOnWhiteSite
9555,24,18
timeStep,numberOfRobotsOnBlackSite,numberOfRobotsOnWhiteSite
9556,24,18
timeStep,numberOfRobotsOnBlackSite,numberOfRobotsOnWhiteSite
9557,24,18
timeStep,numberOfRobotsOnBlackSite,numberOfRobotsOnWhiteSite
9558,24,18
timeStep,numberOfRobotsOnBlackSite,numberOfRobotsOnWhiteSite
9559,24,18
timeStep,numberOfRobotsOnBlackSite,numberOfRobotsOnWhiteSite
9560,24,18
timeStep,numberOfRobotsOnBlackSite,numberOfRobotsOnWhiteSite
9561,24,18
timeStep,numberOfRobotsOnBlackSite,numberOfRobotsOnWhiteSite
9562,24,18
timeStep,numberOfRobotsOnBlackSite,numberOfRobotsOnWhiteSite
9563,24,18
timeStep,numberOfRobotsOnBlackSite,numberOfRobotsOnWhiteSite
9564,24,18
timeStep,numberOfRobotsOnBlackSite,numberOfRobotsOnWhiteSite
9565,24,18
timeStep,numberOfRobotsOnBlackSite,numberOfRobotsOnWhiteSite
9566,24,18
timeStep,numberOfRobotsOnBlackSite,numberOfRobotsOnWhiteSite
9567,24,18
timeStep,numberOfRobotsOnBlackSite,numberOfRobotsOnWhiteSite
9568,24,18
timeStep,numberOfRobotsOnBlackSite,numberOfRobotsOnWhiteSite
9569,24,18
timeStep,numberOfRobotsOnBlackSite,numberOfRobotsOnWhiteSite
9570,24,18
timeStep,numberOfRobotsOnBlackSite,numberOfRobotsOnWhiteSite
9571,24,18
timeStep,numberOfRobotsOnBlackSite,numberOfRobotsOnWhiteSite
9572,24,18
timeStep,numberOfRobotsOnBlackSite,numberOfRobotsOnWhiteSite
9573,24,18
timeStep,numberOfRobotsOnBlackSite,numberOfRobotsOnWhiteSite
9574,24,18
timeStep,numberOfRobotsOnBlackSite,numberOfRobotsOnWhiteSite
9575,24,18
timeStep,numberOfRobotsOnBlackSite,numberOfRobotsOnWhiteSite
9576,24,18
timeStep,numberOfRobotsOnBlackSite,numberOfRobotsOnWhiteSite
9577,24,18
timeStep,numberOfRobotsOnBlackSite,numberOfRobotsOnWhiteSite
9578,24,18
timeStep,numberOfRobotsOnBlackSite,numberOfRobotsOnWhiteSite
9579,24,18
timeStep,numberOfRobotsOnBlackSite,numberOfRobotsOnWhiteSite
9580,24,18
timeStep,numberOfRobotsOnBlackSite,numberOfRobotsOnWhiteSite
9581,24,18
timeStep,numberOfRobotsOnBlackSite,numberOfRobotsOnWhiteSite
9582,24,18
timeStep,numberOfRobotsOnBlackSite,numberOfRobotsOnWhiteSite
9583,24,18
timeStep,numberOfRobotsOnBlackSite,numberOfRobotsOnWhiteSite
9584,24,18
timeStep,numberOfRobotsOnBlackSite,numberOfRobotsOnWhiteSite
9585,24,18
timeStep,numberOfRobotsOnBlackSite,numberOfRobotsOnWhiteSite
9586,24,18
timeStep,numberOfRobotsOnBlackSite,numberOfRobotsOnWhiteSite
9587,24,18
timeStep,numberOfRobotsOnBlackSite,numberOfRobotsOnWhiteSite
9588,24,18
timeStep,numberOfRobotsOnBlackSite,numberOfRobotsOnWhiteSite
9589,24,18
timeStep,numberOfRobotsOnBlackSite,numberOfRobotsOnWhiteSite
9590,24,18
timeStep,numberOfRobotsOnBlackSite,numberOfRobotsOnWhiteSite
9591,24,18
timeStep,numberOfRobotsOnBlackSite,numberOfRobotsOnWhiteSite
9592,24,18
timeStep,numberOfRobotsOnBlackSite,numberOfRobotsOnWhiteSite
9593,24,18
timeStep,numberOfRobotsOnBlackSite,numberOfRobotsOnWhiteSite
9594,24,18
timeStep,numberOfRobotsOnBlackSite,numberOfRobotsOnWhiteSite
9595,24,18
timeStep,numberOfRobotsOnBlackSite,numberOfRobotsOnWhiteSite
9596,24,18
timeStep,numberOfRobotsOnBlackSite,numberOfRobotsOnWhiteSite
9597,24,18
timeStep,numberOfRobotsOnBlackSite,numberOfRobotsOnWhiteSite
9598,24,18
timeStep,numberOfRobotsOnBlackSite,numberOfRobotsOnWhiteSite
9599,24,18
timeStep,numberOfRobotsOnBlackSite,numberOfRobotsOnWhiteSite
9600,24,18
timeStep,numberOfRobotsOnBlackSite,numberOfRobotsOnWhiteSite
9601,24,18
timeStep,numberOfRobotsOnBlackSite,numberOfRobotsOnWhiteSite
9602,24,18
timeStep,numberOfRobotsOnBlackSite,numberOfRobotsOnWhiteSite
9603,24,18
timeStep,numberOfRobotsOnBlackSite,numberOfRobotsOnWhiteSite
9604,24,18
timeStep,numberOfRobotsOnBlackSite,numberOfRobotsOnWhiteSite
9605,24,18
timeStep,numberOfRobotsOnBlackSite,numberOfRobotsOnWhiteSite
9606,24,18
timeStep,numberOfRobotsOnBlackSite,numberOfRobotsOnWhiteSite
9607,24,18
timeStep,numberOfRobotsOnBlackSite,numberOfRobotsOnWhiteSite
9608,24,18
timeStep,numberOfRobotsOnBlackSite,numberOfRobotsOnWhiteSite
9609,24,18
timeStep,numberOfRobotsOnBlackSite,numberOfRobotsOnWhiteSite
9610,24,18
timeStep,numberOfRobotsOnBlackSite,numberOfRobotsOnWhiteSite
9611,24,18
timeStep,numberOfRobotsOnBlackSite,numberOfRobotsOnWhiteSite
9612,24,18
timeStep,numberOfRobotsOnBlackSite,numberOfRobotsOnWhiteSite
9613,24,18
timeStep,numberOfRobotsOnBlackSite,numberOfRobotsOnWhiteSite
9614,24,18
timeStep,numberOfRobotsOnBlackSite,numberOfRobotsOnWhiteSite
9615,24,18
timeStep,numberOfRobotsOnBlackSite,numberOfRobotsOnWhiteSite
9616,24,18
timeStep,numberOfRobotsOnBlackSite,numberOfRobotsOnWhiteSite
9617,24,18
timeStep,numberOfRobotsOnBlackSite,numberOfRobotsOnWhiteSite
9618,24,18
timeStep,numberOfRobotsOnBlackSite,numberOfRobotsOnWhiteSite
9619,24,18
timeStep,numberOfRobotsOnBlackSite,numberOfRobotsOnWhiteSite
9620,24,18
timeStep,numberOfRobotsOnBlackSite,numberOfRobotsOnWhiteSite
9621,24,18
timeStep,numberOfRobotsOnBlackSite,numberOfRobotsOnWhiteSite
9622,24,18
timeStep,numberOfRobotsOnBlackSite,numberOfRobotsOnWhiteSite
9623,24,18
timeStep,numberOfRobotsOnBlackSite,numberOfRobotsOnWhiteSite
9624,24,18
timeStep,numberOfRobotsOnBlackSite,numberOfRobotsOnWhiteSite
9625,24,18
timeStep,numberOfRobotsOnBlackSite,numberOfRobotsOnWhiteSite
9626,24,18
timeStep,numberOfRobotsOnBlackSite,numberOfRobotsOnWhiteSite
9627,24,18
timeStep,numberOfRobotsOnBlackSite,numberOfRobotsOnWhiteSite
9628,24,18
timeStep,numberOfRobotsOnBlackSite,numberOfRobotsOnWhiteSite
9629,24,18
timeStep,numberOfRobotsOnBlackSite,numberOfRobotsOnWhiteSite
9630,24,18
timeStep,numberOfRobotsOnBlackSite,numberOfRobotsOnWhiteSite
9631,24,18
timeStep,numberOfRobotsOnBlackSite,numberOfRobotsOnWhiteSite
9632,24,18
timeStep,numberOfRobotsOnBlackSite,numberOfRobotsOnWhiteSite
9633,24,18
timeStep,numberOfRobotsOnBlackSite,numberOfRobotsOnWhiteSite
9634,24,18
timeStep,numberOfRobotsOnBlackSite,numberOfRobotsOnWhiteSite
9635,24,18
timeStep,numberOfRobotsOnBlackSite,numberOfRobotsOnWhiteSite
9636,24,18
timeStep,numberOfRobotsOnBlackSite,numberOfRobotsOnWhiteSite
9637,24,18
timeStep,numberOfRobotsOnBlackSite,numberOfRobotsOnWhiteSite
9638,24,18
timeStep,numberOfRobotsOnBlackSite,numberOfRobotsOnWhiteSite
9639,24,18
timeStep,numberOfRobotsOnBlackSite,numberOfRobotsOnWhiteSite
9640,24,18
timeStep,numberOfRobotsOnBlackSite,numberOfRobotsOnWhiteSite
9641,24,18
timeStep,numberOfRobotsOnBlackSite,numberOfRobotsOnWhiteSite
9642,24,18
timeStep,numberOfRobotsOnBlackSite,numberOfRobotsOnWhiteSite
9643,24,18
timeStep,numberOfRobotsOnBlackSite,numberOfRobotsOnWhiteSite
9644,24,18
timeStep,numberOfRobotsOnBlackSite,numberOfRobotsOnWhiteSite
9645,24,18
timeStep,numberOfRobotsOnBlackSite,numberOfRobotsOnWhiteSite
9646,24,18
timeStep,numberOfRobotsOnBlackSite,numberOfRobotsOnWhiteSite
9647,24,18
timeStep,numberOfRobotsOnBlackSite,numberOfRobotsOnWhiteSite
9648,24,18
timeStep,numberOfRobotsOnBlackSite,numberOfRobotsOnWhiteSite
9649,24,18
timeStep,numberOfRobotsOnBlackSite,numberOfRobotsOnWhiteSite
9650,24,18
timeStep,numberOfRobotsOnBlackSite,numberOfRobotsOnWhiteSite
9651,24,18
timeStep,numberOfRobotsOnBlackSite,numberOfRobotsOnWhiteSite
9652,24,18
timeStep,numberOfRobotsOnBlackSite,numberOfRobotsOnWhiteSite
9653,24,18
timeStep,numberOfRobotsOnBlackSite,numberOfRobotsOnWhiteSite
9654,24,18
timeStep,numberOfRobotsOnBlackSite,numberOfRobotsOnWhiteSite
9655,24,18
timeStep,numberOfRobotsOnBlackSite,numberOfRobotsOnWhiteSite
9656,24,18
timeStep,numberOfRobotsOnBlackSite,numberOfRobotsOnWhiteSite
9657,24,18
timeStep,numberOfRobotsOnBlackSite,numberOfRobotsOnWhiteSite
9658,24,18
timeStep,numberOfRobotsOnBlackSite,numberOfRobotsOnWhiteSite
9659,24,18
timeStep,numberOfRobotsOnBlackSite,numberOfRobotsOnWhiteSite
9660,24,18
timeStep,numberOfRobotsOnBlackSite,numberOfRobotsOnWhiteSite
9661,24,18
timeStep,numberOfRobotsOnBlackSite,numberOfRobotsOnWhiteSite
9662,24,18
timeStep,numberOfRobotsOnBlackSite,numberOfRobotsOnWhiteSite
9663,24,18
timeStep,numberOfRobotsOnBlackSite,numberOfRobotsOnWhiteSite
9664,24,18
timeStep,numberOfRobotsOnBlackSite,numberOfRobotsOnWhiteSite
9665,24,18
timeStep,numberOfRobotsOnBlackSite,numberOfRobotsOnWhiteSite
9666,24,18
timeStep,numberOfRobotsOnBlackSite,numberOfRobotsOnWhiteSite
9667,24,18
timeStep,numberOfRobotsOnBlackSite,numberOfRobotsOnWhiteSite
9668,24,18
timeStep,numberOfRobotsOnBlackSite,numberOfRobotsOnWhiteSite
9669,24,18
timeStep,numberOfRobotsOnBlackSite,numberOfRobotsOnWhiteSite
9670,24,18
timeStep,numberOfRobotsOnBlackSite,numberOfRobotsOnWhiteSite
9671,24,18
timeStep,numberOfRobotsOnBlackSite,numberOfRobotsOnWhiteSite
9672,24,18
timeStep,numberOfRobotsOnBlackSite,numberOfRobotsOnWhiteSite
9673,24,18
timeStep,numberOfRobotsOnBlackSite,numberOfRobotsOnWhiteSite
9674,24,18
timeStep,numberOfRobotsOnBlackSite,numberOfRobotsOnWhiteSite
9675,24,18
timeStep,numberOfRobotsOnBlackSite,numberOfRobotsOnWhiteSite
9676,24,18
timeStep,numberOfRobotsOnBlackSite,numberOfRobotsOnWhiteSite
9677,24,18
timeStep,numberOfRobotsOnBlackSite,numberOfRobotsOnWhiteSite
9678,24,18
timeStep,numberOfRobotsOnBlackSite,numberOfRobotsOnWhiteSite
9679,24,18
timeStep,numberOfRobotsOnBlackSite,numberOfRobotsOnWhiteSite
9680,24,18
timeStep,numberOfRobotsOnBlackSite,numberOfRobotsOnWhiteSite
9681,24,18
timeStep,numberOfRobotsOnBlackSite,numberOfRobotsOnWhiteSite
9682,24,18
timeStep,numberOfRobotsOnBlackSite,numberOfRobotsOnWhiteSite
9683,24,18
timeStep,numberOfRobotsOnBlackSite,numberOfRobotsOnWhiteSite
9684,24,18
timeStep,numberOfRobotsOnBlackSite,numberOfRobotsOnWhiteSite
9685,24,18
timeStep,numberOfRobotsOnBlackSite,numberOfRobotsOnWhiteSite
9686,24,18
timeStep,numberOfRobotsOnBlackSite,numberOfRobotsOnWhiteSite
9687,24,18
timeStep,numberOfRobotsOnBlackSite,numberOfRobotsOnWhiteSite
9688,24,18
timeStep,numberOfRobotsOnBlackSite,numberOfRobotsOnWhiteSite
9689,24,18
timeStep,numberOfRobotsOnBlackSite,numberOfRobotsOnWhiteSite
9690,24,18
timeStep,numberOfRobotsOnBlackSite,numberOfRobotsOnWhiteSite
9691,24,18
timeStep,numberOfRobotsOnBlackSite,numberOfRobotsOnWhiteSite
9692,24,18
timeStep,numberOfRobotsOnBlackSite,numberOfRobotsOnWhiteSite
9693,24,18
timeStep,numberOfRobotsOnBlackSite,numberOfRobotsOnWhiteSite
9694,24,18
timeStep,numberOfRobotsOnBlackSite,numberOfRobotsOnWhiteSite
9695,24,18
timeStep,numberOfRobotsOnBlackSite,numberOfRobotsOnWhiteSite
9696,24,18
timeStep,numberOfRobotsOnBlackSite,numberOfRobotsOnWhiteSite
9697,24,18
timeStep,numberOfRobotsOnBlackSite,numberOfRobotsOnWhiteSite
9698,24,18
timeStep,numberOfRobotsOnBlackSite,numberOfRobotsOnWhiteSite
9699,24,18
timeStep,numberOfRobotsOnBlackSite,numberOfRobotsOnWhiteSite
9700,24,18
timeStep,numberOfRobotsOnBlackSite,numberOfRobotsOnWhiteSite
9701,24,18
timeStep,numberOfRobotsOnBlackSite,numberOfRobotsOnWhiteSite
9702,24,18
timeStep,numberOfRobotsOnBlackSite,numberOfRobotsOnWhiteSite
9703,24,18
timeStep,numberOfRobotsOnBlackSite,numberOfRobotsOnWhiteSite
9704,24,18
timeStep,numberOfRobotsOnBlackSite,numberOfRobotsOnWhiteSite
9705,24,18
timeStep,numberOfRobotsOnBlackSite,numberOfRobotsOnWhiteSite
9706,24,18
timeStep,numberOfRobotsOnBlackSite,numberOfRobotsOnWhiteSite
9707,24,18
timeStep,numberOfRobotsOnBlackSite,numberOfRobotsOnWhiteSite
9708,24,18
timeStep,numberOfRobotsOnBlackSite,numberOfRobotsOnWhiteSite
9709,24,18
timeStep,numberOfRobotsOnBlackSite,numberOfRobotsOnWhiteSite
9710,24,18
timeStep,numberOfRobotsOnBlackSite,numberOfRobotsOnWhiteSite
9711,24,18
timeStep,numberOfRobotsOnBlackSite,numberOfRobotsOnWhiteSite
9712,24,18
timeStep,numberOfRobotsOnBlackSite,numberOfRobotsOnWhiteSite
9713,24,18
timeStep,numberOfRobotsOnBlackSite,numberOfRobotsOnWhiteSite
9714,24,18
timeStep,numberOfRobotsOnBlackSite,numberOfRobotsOnWhiteSite
9715,24,18
timeStep,numberOfRobotsOnBlackSite,numberOfRobotsOnWhiteSite
9716,24,18
timeStep,numberOfRobotsOnBlackSite,numberOfRobotsOnWhiteSite
9717,24,18
timeStep,numberOfRobotsOnBlackSite,numberOfRobotsOnWhiteSite
9718,24,18
timeStep,numberOfRobotsOnBlackSite,numberOfRobotsOnWhiteSite
9719,24,18
timeStep,numberOfRobotsOnBlackSite,numberOfRobotsOnWhiteSite
9720,24,18
timeStep,numberOfRobotsOnBlackSite,numberOfRobotsOnWhiteSite
9721,24,18
timeStep,numberOfRobotsOnBlackSite,numberOfRobotsOnWhiteSite
9722,24,18
timeStep,numberOfRobotsOnBlackSite,numberOfRobotsOnWhiteSite
9723,24,18
timeStep,numberOfRobotsOnBlackSite,numberOfRobotsOnWhiteSite
9724,24,18
timeStep,numberOfRobotsOnBlackSite,numberOfRobotsOnWhiteSite
9725,24,18
timeStep,numberOfRobotsOnBlackSite,numberOfRobotsOnWhiteSite
9726,24,18
timeStep,numberOfRobotsOnBlackSite,numberOfRobotsOnWhiteSite
9727,24,18
timeStep,numberOfRobotsOnBlackSite,numberOfRobotsOnWhiteSite
9728,24,18
timeStep,numberOfRobotsOnBlackSite,numberOfRobotsOnWhiteSite
9729,24,18
timeStep,numberOfRobotsOnBlackSite,numberOfRobotsOnWhiteSite
9730,24,18
timeStep,numberOfRobotsOnBlackSite,numberOfRobotsOnWhiteSite
9731,24,18
timeStep,numberOfRobotsOnBlackSite,numberOfRobotsOnWhiteSite
9732,24,18
timeStep,numberOfRobotsOnBlackSite,numberOfRobotsOnWhiteSite
9733,24,18
timeStep,numberOfRobotsOnBlackSite,numberOfRobotsOnWhiteSite
9734,24,18
timeStep,numberOfRobotsOnBlackSite,numberOfRobotsOnWhiteSite
9735,24,18
timeStep,numberOfRobotsOnBlackSite,numberOfRobotsOnWhiteSite
9736,24,18
timeStep,numberOfRobotsOnBlackSite,numberOfRobotsOnWhiteSite
9737,24,18
timeStep,numberOfRobotsOnBlackSite,numberOfRobotsOnWhiteSite
9738,24,18
timeStep,numberOfRobotsOnBlackSite,numberOfRobotsOnWhiteSite
9739,24,18
timeStep,numberOfRobotsOnBlackSite,numberOfRobotsOnWhiteSite
9740,24,18
timeStep,numberOfRobotsOnBlackSite,numberOfRobotsOnWhiteSite
9741,24,18
timeStep,numberOfRobotsOnBlackSite,numberOfRobotsOnWhiteSite
9742,24,18
timeStep,numberOfRobotsOnBlackSite,numberOfRobotsOnWhiteSite
9743,24,18
timeStep,numberOfRobotsOnBlackSite,numberOfRobotsOnWhiteSite
9744,24,18
timeStep,numberOfRobotsOnBlackSite,numberOfRobotsOnWhiteSite
9745,24,18
timeStep,numberOfRobotsOnBlackSite,numberOfRobotsOnWhiteSite
9746,24,18
timeStep,numberOfRobotsOnBlackSite,numberOfRobotsOnWhiteSite
9747,24,18
timeStep,numberOfRobotsOnBlackSite,numberOfRobotsOnWhiteSite
9748,24,18
timeStep,numberOfRobotsOnBlackSite,numberOfRobotsOnWhiteSite
9749,24,18
timeStep,numberOfRobotsOnBlackSite,numberOfRobotsOnWhiteSite
9750,24,18
timeStep,numberOfRobotsOnBlackSite,numberOfRobotsOnWhiteSite
9751,24,18
timeStep,numberOfRobotsOnBlackSite,numberOfRobotsOnWhiteSite
9752,24,18
timeStep,numberOfRobotsOnBlackSite,numberOfRobotsOnWhiteSite
9753,24,18
timeStep,numberOfRobotsOnBlackSite,numberOfRobotsOnWhiteSite
9754,24,18
timeStep,numberOfRobotsOnBlackSite,numberOfRobotsOnWhiteSite
9755,24,18
timeStep,numberOfRobotsOnBlackSite,numberOfRobotsOnWhiteSite
9756,24,18
timeStep,numberOfRobotsOnBlackSite,numberOfRobotsOnWhiteSite
9757,24,18
timeStep,numberOfRobotsOnBlackSite,numberOfRobotsOnWhiteSite
9758,24,18
timeStep,numberOfRobotsOnBlackSite,numberOfRobotsOnWhiteSite
9759,24,18
timeStep,numberOfRobotsOnBlackSite,numberOfRobotsOnWhiteSite
9760,24,18
timeStep,numberOfRobotsOnBlackSite,numberOfRobotsOnWhiteSite
9761,24,18
timeStep,numberOfRobotsOnBlackSite,numberOfRobotsOnWhiteSite
9762,24,18
timeStep,numberOfRobotsOnBlackSite,numberOfRobotsOnWhiteSite
9763,24,18
timeStep,numberOfRobotsOnBlackSite,numberOfRobotsOnWhiteSite
9764,24,18
timeStep,numberOfRobotsOnBlackSite,numberOfRobotsOnWhiteSite
9765,24,18
timeStep,numberOfRobotsOnBlackSite,numberOfRobotsOnWhiteSite
9766,24,18
timeStep,numberOfRobotsOnBlackSite,numberOfRobotsOnWhiteSite
9767,24,18
timeStep,numberOfRobotsOnBlackSite,numberOfRobotsOnWhiteSite
9768,24,18
timeStep,numberOfRobotsOnBlackSite,numberOfRobotsOnWhiteSite
9769,24,18
timeStep,numberOfRobotsOnBlackSite,numberOfRobotsOnWhiteSite
9770,24,18
timeStep,numberOfRobotsOnBlackSite,numberOfRobotsOnWhiteSite
9771,24,18
timeStep,numberOfRobotsOnBlackSite,numberOfRobotsOnWhiteSite
9772,24,18
timeStep,numberOfRobotsOnBlackSite,numberOfRobotsOnWhiteSite
9773,24,18
timeStep,numberOfRobotsOnBlackSite,numberOfRobotsOnWhiteSite
9774,24,18
timeStep,numberOfRobotsOnBlackSite,numberOfRobotsOnWhiteSite
9775,24,18
timeStep,numberOfRobotsOnBlackSite,numberOfRobotsOnWhiteSite
9776,24,18
timeStep,numberOfRobotsOnBlackSite,numberOfRobotsOnWhiteSite
9777,24,18
timeStep,numberOfRobotsOnBlackSite,numberOfRobotsOnWhiteSite
9778,24,18
timeStep,numberOfRobotsOnBlackSite,numberOfRobotsOnWhiteSite
9779,24,18
timeStep,numberOfRobotsOnBlackSite,numberOfRobotsOnWhiteSite
9780,24,18
timeStep,numberOfRobotsOnBlackSite,numberOfRobotsOnWhiteSite
9781,24,18
timeStep,numberOfRobotsOnBlackSite,numberOfRobotsOnWhiteSite
9782,24,18
timeStep,numberOfRobotsOnBlackSite,numberOfRobotsOnWhiteSite
9783,24,18
timeStep,numberOfRobotsOnBlackSite,numberOfRobotsOnWhiteSite
9784,24,18
timeStep,numberOfRobotsOnBlackSite,numberOfRobotsOnWhiteSite
9785,24,18
timeStep,numberOfRobotsOnBlackSite,numberOfRobotsOnWhiteSite
9786,24,18
timeStep,numberOfRobotsOnBlackSite,numberOfRobotsOnWhiteSite
9787,24,18
timeStep,numberOfRobotsOnBlackSite,numberOfRobotsOnWhiteSite
9788,24,18
timeStep,numberOfRobotsOnBlackSite,numberOfRobotsOnWhiteSite
9789,24,18
timeStep,numberOfRobotsOnBlackSite,numberOfRobotsOnWhiteSite
9790,24,18
timeStep,numberOfRobotsOnBlackSite,numberOfRobotsOnWhiteSite
9791,24,18
timeStep,numberOfRobotsOnBlackSite,numberOfRobotsOnWhiteSite
9792,24,18
timeStep,numberOfRobotsOnBlackSite,numberOfRobotsOnWhiteSite
9793,24,18
timeStep,numberOfRobotsOnBlackSite,numberOfRobotsOnWhiteSite
9794,24,18
timeStep,numberOfRobotsOnBlackSite,numberOfRobotsOnWhiteSite
9795,24,18
timeStep,numberOfRobotsOnBlackSite,numberOfRobotsOnWhiteSite
9796,24,18
timeStep,numberOfRobotsOnBlackSite,numberOfRobotsOnWhiteSite
9797,24,18
timeStep,numberOfRobotsOnBlackSite,numberOfRobotsOnWhiteSite
9798,24,18
timeStep,numberOfRobotsOnBlackSite,numberOfRobotsOnWhiteSite
9799,24,18
timeStep,numberOfRobotsOnBlackSite,numberOfRobotsOnWhiteSite
9800,24,18
timeStep,numberOfRobotsOnBlackSite,numberOfRobotsOnWhiteSite
9801,24,18
timeStep,numberOfRobotsOnBlackSite,numberOfRobotsOnWhiteSite
9802,24,18
timeStep,numberOfRobotsOnBlackSite,numberOfRobotsOnWhiteSite
9803,24,18
timeStep,numberOfRobotsOnBlackSite,numberOfRobotsOnWhiteSite
9804,24,18
timeStep,numberOfRobotsOnBlackSite,numberOfRobotsOnWhiteSite
9805,24,18
timeStep,numberOfRobotsOnBlackSite,numberOfRobotsOnWhiteSite
9806,24,18
timeStep,numberOfRobotsOnBlackSite,numberOfRobotsOnWhiteSite
9807,24,18
timeStep,numberOfRobotsOnBlackSite,numberOfRobotsOnWhiteSite
9808,24,18
timeStep,numberOfRobotsOnBlackSite,numberOfRobotsOnWhiteSite
9809,24,18
timeStep,numberOfRobotsOnBlackSite,numberOfRobotsOnWhiteSite
9810,24,18
timeStep,numberOfRobotsOnBlackSite,numberOfRobotsOnWhiteSite
9811,24,18
timeStep,numberOfRobotsOnBlackSite,numberOfRobotsOnWhiteSite
9812,24,18
timeStep,numberOfRobotsOnBlackSite,numberOfRobotsOnWhiteSite
9813,24,18
timeStep,numberOfRobotsOnBlackSite,numberOfRobotsOnWhiteSite
9814,24,18
timeStep,numberOfRobotsOnBlackSite,numberOfRobotsOnWhiteSite
9815,25,18
timeStep,numberOfRobotsOnBlackSite,numberOfRobotsOnWhiteSite
9816,25,18
timeStep,numberOfRobotsOnBlackSite,numberOfRobotsOnWhiteSite
9817,25,18
timeStep,numberOfRobotsOnBlackSite,numberOfRobotsOnWhiteSite
9818,25,18
timeStep,numberOfRobotsOnBlackSite,numberOfRobotsOnWhiteSite
9819,25,18
timeStep,numberOfRobotsOnBlackSite,numberOfRobotsOnWhiteSite
9820,25,18
timeStep,numberOfRobotsOnBlackSite,numberOfRobotsOnWhiteSite
9821,25,18
timeStep,numberOfRobotsOnBlackSite,numberOfRobotsOnWhiteSite
9822,25,18
timeStep,numberOfRobotsOnBlackSite,numberOfRobotsOnWhiteSite
9823,25,18
timeStep,numberOfRobotsOnBlackSite,numberOfRobotsOnWhiteSite
9824,25,18
timeStep,numberOfRobotsOnBlackSite,numberOfRobotsOnWhiteSite
9825,25,18
timeStep,numberOfRobotsOnBlackSite,numberOfRobotsOnWhiteSite
9826,25,18
timeStep,numberOfRobotsOnBlackSite,numberOfRobotsOnWhiteSite
9827,25,18
timeStep,numberOfRobotsOnBlackSite,numberOfRobotsOnWhiteSite
9828,25,18
timeStep,numberOfRobotsOnBlackSite,numberOfRobotsOnWhiteSite
9829,25,18
timeStep,numberOfRobotsOnBlackSite,numberOfRobotsOnWhiteSite
9830,25,18
timeStep,numberOfRobotsOnBlackSite,numberOfRobotsOnWhiteSite
9831,25,18
timeStep,numberOfRobotsOnBlackSite,numberOfRobotsOnWhiteSite
9832,25,18
timeStep,numberOfRobotsOnBlackSite,numberOfRobotsOnWhiteSite
9833,25,18
timeStep,numberOfRobotsOnBlackSite,numberOfRobotsOnWhiteSite
9834,25,18
timeStep,numberOfRobotsOnBlackSite,numberOfRobotsOnWhiteSite
9835,25,18
timeStep,numberOfRobotsOnBlackSite,numberOfRobotsOnWhiteSite
9836,25,18
timeStep,numberOfRobotsOnBlackSite,numberOfRobotsOnWhiteSite
9837,25,18
timeStep,numberOfRobotsOnBlackSite,numberOfRobotsOnWhiteSite
9838,25,18
timeStep,numberOfRobotsOnBlackSite,numberOfRobotsOnWhiteSite
9839,25,18
timeStep,numberOfRobotsOnBlackSite,numberOfRobotsOnWhiteSite
9840,25,18
timeStep,numberOfRobotsOnBlackSite,numberOfRobotsOnWhiteSite
9841,25,18
timeStep,numberOfRobotsOnBlackSite,numberOfRobotsOnWhiteSite
9842,25,18
timeStep,numberOfRobotsOnBlackSite,numberOfRobotsOnWhiteSite
9843,25,18
timeStep,numberOfRobotsOnBlackSite,numberOfRobotsOnWhiteSite
9844,25,18
timeStep,numberOfRobotsOnBlackSite,numberOfRobotsOnWhiteSite
9845,25,18
timeStep,numberOfRobotsOnBlackSite,numberOfRobotsOnWhiteSite
9846,25,18
timeStep,numberOfRobotsOnBlackSite,numberOfRobotsOnWhiteSite
9847,25,18
timeStep,numberOfRobotsOnBlackSite,numberOfRobotsOnWhiteSite
9848,25,18
timeStep,numberOfRobotsOnBlackSite,numberOfRobotsOnWhiteSite
9849,25,18
timeStep,numberOfRobotsOnBlackSite,numberOfRobotsOnWhiteSite
9850,25,18
timeStep,numberOfRobotsOnBlackSite,numberOfRobotsOnWhiteSite
9851,25,18
timeStep,numberOfRobotsOnBlackSite,numberOfRobotsOnWhiteSite
9852,25,18
timeStep,numberOfRobotsOnBlackSite,numberOfRobotsOnWhiteSite
9853,25,18
timeStep,numberOfRobotsOnBlackSite,numberOfRobotsOnWhiteSite
9854,25,18
timeStep,numberOfRobotsOnBlackSite,numberOfRobotsOnWhiteSite
9855,25,18
timeStep,numberOfRobotsOnBlackSite,numberOfRobotsOnWhiteSite
9856,25,18
timeStep,numberOfRobotsOnBlackSite,numberOfRobotsOnWhiteSite
9857,25,18
timeStep,numberOfRobotsOnBlackSite,numberOfRobotsOnWhiteSite
9858,25,18
timeStep,numberOfRobotsOnBlackSite,numberOfRobotsOnWhiteSite
9859,25,18
timeStep,numberOfRobotsOnBlackSite,numberOfRobotsOnWhiteSite
9860,25,18
timeStep,numberOfRobotsOnBlackSite,numberOfRobotsOnWhiteSite
9861,25,18
timeStep,numberOfRobotsOnBlackSite,numberOfRobotsOnWhiteSite
9862,25,18
timeStep,numberOfRobotsOnBlackSite,numberOfRobotsOnWhiteSite
9863,25,18
timeStep,numberOfRobotsOnBlackSite,numberOfRobotsOnWhiteSite
9864,25,18
timeStep,numberOfRobotsOnBlackSite,numberOfRobotsOnWhiteSite
9865,25,18
timeStep,numberOfRobotsOnBlackSite,numberOfRobotsOnWhiteSite
9866,25,18
timeStep,numberOfRobotsOnBlackSite,numberOfRobotsOnWhiteSite
9867,25,18
timeStep,numberOfRobotsOnBlackSite,numberOfRobotsOnWhiteSite
9868,25,18
timeStep,numberOfRobotsOnBlackSite,numberOfRobotsOnWhiteSite
9869,25,18
timeStep,numberOfRobotsOnBlackSite,numberOfRobotsOnWhiteSite
9870,25,18
timeStep,numberOfRobotsOnBlackSite,numberOfRobotsOnWhiteSite
9871,25,18
timeStep,numberOfRobotsOnBlackSite,numberOfRobotsOnWhiteSite
9872,25,18
timeStep,numberOfRobotsOnBlackSite,numberOfRobotsOnWhiteSite
9873,25,18
timeStep,numberOfRobotsOnBlackSite,numberOfRobotsOnWhiteSite
9874,25,18
timeStep,numberOfRobotsOnBlackSite,numberOfRobotsOnWhiteSite
9875,25,18
timeStep,numberOfRobotsOnBlackSite,numberOfRobotsOnWhiteSite
9876,25,18
timeStep,numberOfRobotsOnBlackSite,numberOfRobotsOnWhiteSite
9877,25,18
timeStep,numberOfRobotsOnBlackSite,numberOfRobotsOnWhiteSite
9878,25,18
timeStep,numberOfRobotsOnBlackSite,numberOfRobotsOnWhiteSite
9879,25,18
timeStep,numberOfRobotsOnBlackSite,numberOfRobotsOnWhiteSite
9880,25,18
timeStep,numberOfRobotsOnBlackSite,numberOfRobotsOnWhiteSite
9881,25,18
timeStep,numberOfRobotsOnBlackSite,numberOfRobotsOnWhiteSite
9882,25,18
timeStep,numberOfRobotsOnBlackSite,numberOfRobotsOnWhiteSite
9883,25,18
timeStep,numberOfRobotsOnBlackSite,numberOfRobotsOnWhiteSite
9884,25,18
timeStep,numberOfRobotsOnBlackSite,numberOfRobotsOnWhiteSite
9885,25,18
timeStep,numberOfRobotsOnBlackSite,numberOfRobotsOnWhiteSite
9886,25,18
timeStep,numberOfRobotsOnBlackSite,numberOfRobotsOnWhiteSite
9887,25,18
timeStep,numberOfRobotsOnBlackSite,numberOfRobotsOnWhiteSite
9888,25,18
timeStep,numberOfRobotsOnBlackSite,numberOfRobotsOnWhiteSite
9889,25,18
timeStep,numberOfRobotsOnBlackSite,numberOfRobotsOnWhiteSite
9890,25,18
timeStep,numberOfRobotsOnBlackSite,numberOfRobotsOnWhiteSite
9891,25,18
timeStep,numberOfRobotsOnBlackSite,numberOfRobotsOnWhiteSite
9892,25,18
timeStep,numberOfRobotsOnBlackSite,numberOfRobotsOnWhiteSite
9893,25,18
timeStep,numberOfRobotsOnBlackSite,numberOfRobotsOnWhiteSite
9894,25,18
timeStep,numberOfRobotsOnBlackSite,numberOfRobotsOnWhiteSite
9895,25,18
timeStep,numberOfRobotsOnBlackSite,numberOfRobotsOnWhiteSite
9896,25,18
timeStep,numberOfRobotsOnBlackSite,numberOfRobotsOnWhiteSite
9897,25,18
timeStep,numberOfRobotsOnBlackSite,numberOfRobotsOnWhiteSite
9898,25,18
timeStep,numberOfRobotsOnBlackSite,numberOfRobotsOnWhiteSite
9899,25,18
timeStep,numberOfRobotsOnBlackSite,numberOfRobotsOnWhiteSite
9900,25,17
timeStep,numberOfRobotsOnBlackSite,numberOfRobotsOnWhiteSite
9901,25,17
timeStep,numberOfRobotsOnBlackSite,numberOfRobotsOnWhiteSite
9902,25,17
timeStep,numberOfRobotsOnBlackSite,numberOfRobotsOnWhiteSite
9903,25,17
timeStep,numberOfRobotsOnBlackSite,numberOfRobotsOnWhiteSite
9904,25,17
timeStep,numberOfRobotsOnBlackSite,numberOfRobotsOnWhiteSite
9905,24,17
timeStep,numberOfRobotsOnBlackSite,numberOfRobotsOnWhiteSite
9906,24,17
timeStep,numberOfRobotsOnBlackSite,numberOfRobotsOnWhiteSite
9907,24,17
timeStep,numberOfRobotsOnBlackSite,numberOfRobotsOnWhiteSite
9908,24,17
timeStep,numberOfRobotsOnBlackSite,numberOfRobotsOnWhiteSite
9909,24,17
timeStep,numberOfRobotsOnBlackSite,numberOfRobotsOnWhiteSite
9910,24,17
timeStep,numberOfRobotsOnBlackSite,numberOfRobotsOnWhiteSite
9911,24,17
timeStep,numberOfRobotsOnBlackSite,numberOfRobotsOnWhiteSite
9912,24,17
timeStep,numberOfRobotsOnBlackSite,numberOfRobotsOnWhiteSite
9913,24,17
timeStep,numberOfRobotsOnBlackSite,numberOfRobotsOnWhiteSite
9914,24,17
timeStep,numberOfRobotsOnBlackSite,numberOfRobotsOnWhiteSite
9915,25,17
timeStep,numberOfRobotsOnBlackSite,numberOfRobotsOnWhiteSite
9916,25,17
timeStep,numberOfRobotsOnBlackSite,numberOfRobotsOnWhiteSite
9917,25,17
timeStep,numberOfRobotsOnBlackSite,numberOfRobotsOnWhiteSite
9918,25,17
timeStep,numberOfRobotsOnBlackSite,numberOfRobotsOnWhiteSite
9919,25,17
timeStep,numberOfRobotsOnBlackSite,numberOfRobotsOnWhiteSite
9920,25,17
timeStep,numberOfRobotsOnBlackSite,numberOfRobotsOnWhiteSite
9921,25,17
timeStep,numberOfRobotsOnBlackSite,numberOfRobotsOnWhiteSite
9922,25,17
timeStep,numberOfRobotsOnBlackSite,numberOfRobotsOnWhiteSite
9923,25,17
timeStep,numberOfRobotsOnBlackSite,numberOfRobotsOnWhiteSite
9924,25,17
timeStep,numberOfRobotsOnBlackSite,numberOfRobotsOnWhiteSite
9925,25,17
timeStep,numberOfRobotsOnBlackSite,numberOfRobotsOnWhiteSite
9926,25,17
timeStep,numberOfRobotsOnBlackSite,numberOfRobotsOnWhiteSite
9927,25,17
timeStep,numberOfRobotsOnBlackSite,numberOfRobotsOnWhiteSite
9928,25,17
timeStep,numberOfRobotsOnBlackSite,numberOfRobotsOnWhiteSite
9929,25,17
timeStep,numberOfRobotsOnBlackSite,numberOfRobotsOnWhiteSite
9930,25,17
timeStep,numberOfRobotsOnBlackSite,numberOfRobotsOnWhiteSite
9931,25,17
timeStep,numberOfRobotsOnBlackSite,numberOfRobotsOnWhiteSite
9932,25,17
timeStep,numberOfRobotsOnBlackSite,numberOfRobotsOnWhiteSite
9933,25,17
timeStep,numberOfRobotsOnBlackSite,numberOfRobotsOnWhiteSite
9934,25,17
timeStep,numberOfRobotsOnBlackSite,numberOfRobotsOnWhiteSite
9935,25,17
timeStep,numberOfRobotsOnBlackSite,numberOfRobotsOnWhiteSite
9936,25,17
timeStep,numberOfRobotsOnBlackSite,numberOfRobotsOnWhiteSite
9937,25,17
timeStep,numberOfRobotsOnBlackSite,numberOfRobotsOnWhiteSite
9938,25,17
timeStep,numberOfRobotsOnBlackSite,numberOfRobotsOnWhiteSite
9939,25,17
timeStep,numberOfRobotsOnBlackSite,numberOfRobotsOnWhiteSite
9940,25,17
timeStep,numberOfRobotsOnBlackSite,numberOfRobotsOnWhiteSite
9941,25,17
timeStep,numberOfRobotsOnBlackSite,numberOfRobotsOnWhiteSite
9942,25,17
timeStep,numberOfRobotsOnBlackSite,numberOfRobotsOnWhiteSite
9943,25,17
timeStep,numberOfRobotsOnBlackSite,numberOfRobotsOnWhiteSite
9944,25,17
timeStep,numberOfRobotsOnBlackSite,numberOfRobotsOnWhiteSite
9945,25,17
timeStep,numberOfRobotsOnBlackSite,numberOfRobotsOnWhiteSite
9946,25,17
timeStep,numberOfRobotsOnBlackSite,numberOfRobotsOnWhiteSite
9947,25,17
timeStep,numberOfRobotsOnBlackSite,numberOfRobotsOnWhiteSite
9948,25,17
timeStep,numberOfRobotsOnBlackSite,numberOfRobotsOnWhiteSite
9949,25,17
timeStep,numberOfRobotsOnBlackSite,numberOfRobotsOnWhiteSite
9950,25,17
timeStep,numberOfRobotsOnBlackSite,numberOfRobotsOnWhiteSite
9951,25,17
timeStep,numberOfRobotsOnBlackSite,numberOfRobotsOnWhiteSite
9952,25,17
timeStep,numberOfRobotsOnBlackSite,numberOfRobotsOnWhiteSite
9953,25,17
timeStep,numberOfRobotsOnBlackSite,numberOfRobotsOnWhiteSite
9954,25,17
timeStep,numberOfRobotsOnBlackSite,numberOfRobotsOnWhiteSite
9955,25,17
timeStep,numberOfRobotsOnBlackSite,numberOfRobotsOnWhiteSite
9956,25,17
timeStep,numberOfRobotsOnBlackSite,numberOfRobotsOnWhiteSite
9957,25,17
timeStep,numberOfRobotsOnBlackSite,numberOfRobotsOnWhiteSite
9958,25,17
timeStep,numberOfRobotsOnBlackSite,numberOfRobotsOnWhiteSite
9959,25,17
timeStep,numberOfRobotsOnBlackSite,numberOfRobotsOnWhiteSite
9960,25,17
timeStep,numberOfRobotsOnBlackSite,numberOfRobotsOnWhiteSite
9961,25,17
timeStep,numberOfRobotsOnBlackSite,numberOfRobotsOnWhiteSite
9962,25,17
timeStep,numberOfRobotsOnBlackSite,numberOfRobotsOnWhiteSite
9963,25,17
timeStep,numberOfRobotsOnBlackSite,numberOfRobotsOnWhiteSite
9964,25,17
timeStep,numberOfRobotsOnBlackSite,numberOfRobotsOnWhiteSite
9965,25,17
timeStep,numberOfRobotsOnBlackSite,numberOfRobotsOnWhiteSite
9966,25,17
timeStep,numberOfRobotsOnBlackSite,numberOfRobotsOnWhiteSite
9967,25,17
timeStep,numberOfRobotsOnBlackSite,numberOfRobotsOnWhiteSite
9968,25,17
timeStep,numberOfRobotsOnBlackSite,numberOfRobotsOnWhiteSite
9969,25,17
timeStep,numberOfRobotsOnBlackSite,numberOfRobotsOnWhiteSite
9970,26,17
timeStep,numberOfRobotsOnBlackSite,numberOfRobotsOnWhiteSite
9971,26,17
timeStep,numberOfRobotsOnBlackSite,numberOfRobotsOnWhiteSite
9972,26,17
timeStep,numberOfRobotsOnBlackSite,numberOfRobotsOnWhiteSite
9973,26,17
timeStep,numberOfRobotsOnBlackSite,numberOfRobotsOnWhiteSite
9974,26,17
timeStep,numberOfRobotsOnBlackSite,numberOfRobotsOnWhiteSite
9975,25,17
timeStep,numberOfRobotsOnBlackSite,numberOfRobotsOnWhiteSite
9976,25,17
timeStep,numberOfRobotsOnBlackSite,numberOfRobotsOnWhiteSite
9977,25,17
timeStep,numberOfRobotsOnBlackSite,numberOfRobotsOnWhiteSite
9978,25,17
timeStep,numberOfRobotsOnBlackSite,numberOfRobotsOnWhiteSite
9979,25,17
timeStep,numberOfRobotsOnBlackSite,numberOfRobotsOnWhiteSite
9980,25,17
timeStep,numberOfRobotsOnBlackSite,numberOfRobotsOnWhiteSite
9981,25,17
timeStep,numberOfRobotsOnBlackSite,numberOfRobotsOnWhiteSite
9982,25,17
timeStep,numberOfRobotsOnBlackSite,numberOfRobotsOnWhiteSite
9983,25,17
timeStep,numberOfRobotsOnBlackSite,numberOfRobotsOnWhiteSite
9984,25,17
timeStep,numberOfRobotsOnBlackSite,numberOfRobotsOnWhiteSite
9985,25,17
timeStep,numberOfRobotsOnBlackSite,numberOfRobotsOnWhiteSite
9986,25,17
timeStep,numberOfRobotsOnBlackSite,numberOfRobotsOnWhiteSite
9987,25,17
timeStep,numberOfRobotsOnBlackSite,numberOfRobotsOnWhiteSite
9988,25,17
timeStep,numberOfRobotsOnBlackSite,numberOfRobotsOnWhiteSite
9989,25,17
timeStep,numberOfRobotsOnBlackSite,numberOfRobotsOnWhiteSite
9990,25,17
timeStep,numberOfRobotsOnBlackSite,numberOfRobotsOnWhiteSite
9991,25,17
timeStep,numberOfRobotsOnBlackSite,numberOfRobotsOnWhiteSite
9992,25,17
timeStep,numberOfRobotsOnBlackSite,numberOfRobotsOnWhiteSite
9993,25,17
timeStep,numberOfRobotsOnBlackSite,numberOfRobotsOnWhiteSite
9994,25,17
timeStep,numberOfRobotsOnBlackSite,numberOfRobotsOnWhiteSite
9995,25,17
timeStep,numberOfRobotsOnBlackSite,numberOfRobotsOnWhiteSite
9996,25,17
timeStep,numberOfRobotsOnBlackSite,numberOfRobotsOnWhiteSite
9997,25,17
timeStep,numberOfRobotsOnBlackSite,numberOfRobotsOnWhiteSite
9998,25,17
timeStep,numberOfRobotsOnBlackSite,numberOfRobotsOnWhiteSite
9999,25,17
timeStep,numberOfRobotsOnBlackSite,numberOfRobotsOnWhiteSite
10000,25,17
timeStep,numberOfRobotsOnBlackSite,numberOfRobotsOnWhiteSite
10001,25,17
timeStep,numberOfRobotsOnBlackSite,numberOfRobotsOnWhiteSite
10002,25,17
timeStep,numberOfRobotsOnBlackSite,numberOfRobotsOnWhiteSite
10003,25,17
timeStep,numberOfRobotsOnBlackSite,numberOfRobotsOnWhiteSite
10004,25,17
timeStep,numberOfRobotsOnBlackSite,numberOfRobotsOnWhiteSite
10005,25,17
timeStep,numberOfRobotsOnBlackSite,numberOfRobotsOnWhiteSite
10006,25,17
timeStep,numberOfRobotsOnBlackSite,numberOfRobotsOnWhiteSite
10007,25,17
timeStep,numberOfRobotsOnBlackSite,numberOfRobotsOnWhiteSite
10008,25,17
timeStep,numberOfRobotsOnBlackSite,numberOfRobotsOnWhiteSite
10009,25,17
timeStep,numberOfRobotsOnBlackSite,numberOfRobotsOnWhiteSite
10010,25,17
timeStep,numberOfRobotsOnBlackSite,numberOfRobotsOnWhiteSite
10011,25,17
timeStep,numberOfRobotsOnBlackSite,numberOfRobotsOnWhiteSite
10012,25,17
timeStep,numberOfRobotsOnBlackSite,numberOfRobotsOnWhiteSite
10013,25,17
timeStep,numberOfRobotsOnBlackSite,numberOfRobotsOnWhiteSite
10014,25,17
timeStep,numberOfRobotsOnBlackSite,numberOfRobotsOnWhiteSite
10015,25,17
timeStep,numberOfRobotsOnBlackSite,numberOfRobotsOnWhiteSite
10016,25,17
timeStep,numberOfRobotsOnBlackSite,numberOfRobotsOnWhiteSite
10017,25,17
timeStep,numberOfRobotsOnBlackSite,numberOfRobotsOnWhiteSite
10018,25,17
timeStep,numberOfRobotsOnBlackSite,numberOfRobotsOnWhiteSite
10019,25,17
timeStep,numberOfRobotsOnBlackSite,numberOfRobotsOnWhiteSite
10020,25,17
timeStep,numberOfRobotsOnBlackSite,numberOfRobotsOnWhiteSite
10021,25,17
timeStep,numberOfRobotsOnBlackSite,numberOfRobotsOnWhiteSite
10022,25,17
timeStep,numberOfRobotsOnBlackSite,numberOfRobotsOnWhiteSite
10023,25,17
timeStep,numberOfRobotsOnBlackSite,numberOfRobotsOnWhiteSite
10024,25,17
timeStep,numberOfRobotsOnBlackSite,numberOfRobotsOnWhiteSite
10025,25,17
timeStep,numberOfRobotsOnBlackSite,numberOfRobotsOnWhiteSite
10026,25,17
timeStep,numberOfRobotsOnBlackSite,numberOfRobotsOnWhiteSite
10027,25,17
timeStep,numberOfRobotsOnBlackSite,numberOfRobotsOnWhiteSite
10028,25,17
timeStep,numberOfRobotsOnBlackSite,numberOfRobotsOnWhiteSite
10029,25,17
timeStep,numberOfRobotsOnBlackSite,numberOfRobotsOnWhiteSite
10030,25,17
timeStep,numberOfRobotsOnBlackSite,numberOfRobotsOnWhiteSite
10031,25,17
timeStep,numberOfRobotsOnBlackSite,numberOfRobotsOnWhiteSite
10032,25,17
timeStep,numberOfRobotsOnBlackSite,numberOfRobotsOnWhiteSite
10033,25,17
timeStep,numberOfRobotsOnBlackSite,numberOfRobotsOnWhiteSite
10034,25,17
timeStep,numberOfRobotsOnBlackSite,numberOfRobotsOnWhiteSite
10035,25,17
timeStep,numberOfRobotsOnBlackSite,numberOfRobotsOnWhiteSite
10036,25,17
timeStep,numberOfRobotsOnBlackSite,numberOfRobotsOnWhiteSite
10037,25,17
timeStep,numberOfRobotsOnBlackSite,numberOfRobotsOnWhiteSite
10038,25,17
timeStep,numberOfRobotsOnBlackSite,numberOfRobotsOnWhiteSite
10039,25,17
timeStep,numberOfRobotsOnBlackSite,numberOfRobotsOnWhiteSite
10040,25,17
timeStep,numberOfRobotsOnBlackSite,numberOfRobotsOnWhiteSite
10041,25,17
timeStep,numberOfRobotsOnBlackSite,numberOfRobotsOnWhiteSite
10042,25,17
timeStep,numberOfRobotsOnBlackSite,numberOfRobotsOnWhiteSite
10043,25,17
timeStep,numberOfRobotsOnBlackSite,numberOfRobotsOnWhiteSite
10044,25,17
timeStep,numberOfRobotsOnBlackSite,numberOfRobotsOnWhiteSite
10045,25,17
timeStep,numberOfRobotsOnBlackSite,numberOfRobotsOnWhiteSite
10046,25,17
timeStep,numberOfRobotsOnBlackSite,numberOfRobotsOnWhiteSite
10047,25,17
timeStep,numberOfRobotsOnBlackSite,numberOfRobotsOnWhiteSite
10048,25,17
timeStep,numberOfRobotsOnBlackSite,numberOfRobotsOnWhiteSite
10049,25,17
timeStep,numberOfRobotsOnBlackSite,numberOfRobotsOnWhiteSite
10050,25,17
timeStep,numberOfRobotsOnBlackSite,numberOfRobotsOnWhiteSite
10051,25,17
timeStep,numberOfRobotsOnBlackSite,numberOfRobotsOnWhiteSite
10052,25,17
timeStep,numberOfRobotsOnBlackSite,numberOfRobotsOnWhiteSite
10053,25,17
timeStep,numberOfRobotsOnBlackSite,numberOfRobotsOnWhiteSite
10054,25,17
timeStep,numberOfRobotsOnBlackSite,numberOfRobotsOnWhiteSite
10055,25,17
timeStep,numberOfRobotsOnBlackSite,numberOfRobotsOnWhiteSite
10056,25,17
timeStep,numberOfRobotsOnBlackSite,numberOfRobotsOnWhiteSite
10057,25,17
timeStep,numberOfRobotsOnBlackSite,numberOfRobotsOnWhiteSite
10058,25,17
timeStep,numberOfRobotsOnBlackSite,numberOfRobotsOnWhiteSite
10059,25,17
timeStep,numberOfRobotsOnBlackSite,numberOfRobotsOnWhiteSite
10060,25,17
timeStep,numberOfRobotsOnBlackSite,numberOfRobotsOnWhiteSite
10061,25,17
timeStep,numberOfRobotsOnBlackSite,numberOfRobotsOnWhiteSite
10062,25,17
timeStep,numberOfRobotsOnBlackSite,numberOfRobotsOnWhiteSite
10063,25,17
timeStep,numberOfRobotsOnBlackSite,numberOfRobotsOnWhiteSite
10064,25,17
timeStep,numberOfRobotsOnBlackSite,numberOfRobotsOnWhiteSite
10065,25,17
timeStep,numberOfRobotsOnBlackSite,numberOfRobotsOnWhiteSite
10066,25,17
timeStep,numberOfRobotsOnBlackSite,numberOfRobotsOnWhiteSite
10067,25,17
timeStep,numberOfRobotsOnBlackSite,numberOfRobotsOnWhiteSite
10068,25,17
timeStep,numberOfRobotsOnBlackSite,numberOfRobotsOnWhiteSite
10069,25,17
timeStep,numberOfRobotsOnBlackSite,numberOfRobotsOnWhiteSite
10070,25,17
timeStep,numberOfRobotsOnBlackSite,numberOfRobotsOnWhiteSite
10071,25,17
timeStep,numberOfRobotsOnBlackSite,numberOfRobotsOnWhiteSite
10072,25,17
timeStep,numberOfRobotsOnBlackSite,numberOfRobotsOnWhiteSite
10073,25,17
timeStep,numberOfRobotsOnBlackSite,numberOfRobotsOnWhiteSite
10074,25,17
timeStep,numberOfRobotsOnBlackSite,numberOfRobotsOnWhiteSite
10075,25,17
timeStep,numberOfRobotsOnBlackSite,numberOfRobotsOnWhiteSite
10076,25,17
timeStep,numberOfRobotsOnBlackSite,numberOfRobotsOnWhiteSite
10077,25,17
timeStep,numberOfRobotsOnBlackSite,numberOfRobotsOnWhiteSite
10078,25,17
timeStep,numberOfRobotsOnBlackSite,numberOfRobotsOnWhiteSite
10079,25,17
timeStep,numberOfRobotsOnBlackSite,numberOfRobotsOnWhiteSite
10080,25,17
timeStep,numberOfRobotsOnBlackSite,numberOfRobotsOnWhiteSite
10081,25,17
timeStep,numberOfRobotsOnBlackSite,numberOfRobotsOnWhiteSite
10082,25,17
timeStep,numberOfRobotsOnBlackSite,numberOfRobotsOnWhiteSite
10083,25,17
timeStep,numberOfRobotsOnBlackSite,numberOfRobotsOnWhiteSite
10084,25,17
timeStep,numberOfRobotsOnBlackSite,numberOfRobotsOnWhiteSite
10085,25,17
timeStep,numberOfRobotsOnBlackSite,numberOfRobotsOnWhiteSite
10086,25,17
timeStep,numberOfRobotsOnBlackSite,numberOfRobotsOnWhiteSite
10087,25,17
timeStep,numberOfRobotsOnBlackSite,numberOfRobotsOnWhiteSite
10088,25,17
timeStep,numberOfRobotsOnBlackSite,numberOfRobotsOnWhiteSite
10089,25,17
timeStep,numberOfRobotsOnBlackSite,numberOfRobotsOnWhiteSite
10090,25,16
timeStep,numberOfRobotsOnBlackSite,numberOfRobotsOnWhiteSite
10091,25,16
timeStep,numberOfRobotsOnBlackSite,numberOfRobotsOnWhiteSite
10092,25,16
timeStep,numberOfRobotsOnBlackSite,numberOfRobotsOnWhiteSite
10093,25,16
timeStep,numberOfRobotsOnBlackSite,numberOfRobotsOnWhiteSite
10094,25,16
timeStep,numberOfRobotsOnBlackSite,numberOfRobotsOnWhiteSite
10095,25,16
timeStep,numberOfRobotsOnBlackSite,numberOfRobotsOnWhiteSite
10096,25,16
timeStep,numberOfRobotsOnBlackSite,numberOfRobotsOnWhiteSite
10097,25,16
timeStep,numberOfRobotsOnBlackSite,numberOfRobotsOnWhiteSite
10098,25,16
timeStep,numberOfRobotsOnBlackSite,numberOfRobotsOnWhiteSite
10099,25,16
timeStep,numberOfRobotsOnBlackSite,numberOfRobotsOnWhiteSite
10100,25,16
timeStep,numberOfRobotsOnBlackSite,numberOfRobotsOnWhiteSite
10101,25,16
timeStep,numberOfRobotsOnBlackSite,numberOfRobotsOnWhiteSite
10102,25,16
timeStep,numberOfRobotsOnBlackSite,numberOfRobotsOnWhiteSite
10103,25,16
timeStep,numberOfRobotsOnBlackSite,numberOfRobotsOnWhiteSite
10104,25,16
timeStep,numberOfRobotsOnBlackSite,numberOfRobotsOnWhiteSite
10105,25,16
timeStep,numberOfRobotsOnBlackSite,numberOfRobotsOnWhiteSite
10106,25,16
timeStep,numberOfRobotsOnBlackSite,numberOfRobotsOnWhiteSite
10107,25,16
timeStep,numberOfRobotsOnBlackSite,numberOfRobotsOnWhiteSite
10108,25,16
timeStep,numberOfRobotsOnBlackSite,numberOfRobotsOnWhiteSite
10109,25,16
timeStep,numberOfRobotsOnBlackSite,numberOfRobotsOnWhiteSite
10110,25,16
timeStep,numberOfRobotsOnBlackSite,numberOfRobotsOnWhiteSite
10111,25,16
timeStep,numberOfRobotsOnBlackSite,numberOfRobotsOnWhiteSite
10112,25,16
timeStep,numberOfRobotsOnBlackSite,numberOfRobotsOnWhiteSite
10113,25,16
timeStep,numberOfRobotsOnBlackSite,numberOfRobotsOnWhiteSite
10114,25,16
timeStep,numberOfRobotsOnBlackSite,numberOfRobotsOnWhiteSite
10115,25,16
timeStep,numberOfRobotsOnBlackSite,numberOfRobotsOnWhiteSite
10116,25,16
timeStep,numberOfRobotsOnBlackSite,numberOfRobotsOnWhiteSite
10117,25,16
timeStep,numberOfRobotsOnBlackSite,numberOfRobotsOnWhiteSite
10118,25,16
timeStep,numberOfRobotsOnBlackSite,numberOfRobotsOnWhiteSite
10119,25,16
timeStep,numberOfRobotsOnBlackSite,numberOfRobotsOnWhiteSite
10120,25,16
timeStep,numberOfRobotsOnBlackSite,numberOfRobotsOnWhiteSite
10121,25,16
timeStep,numberOfRobotsOnBlackSite,numberOfRobotsOnWhiteSite
10122,25,16
timeStep,numberOfRobotsOnBlackSite,numberOfRobotsOnWhiteSite
10123,25,16
timeStep,numberOfRobotsOnBlackSite,numberOfRobotsOnWhiteSite
10124,25,16
timeStep,numberOfRobotsOnBlackSite,numberOfRobotsOnWhiteSite
10125,25,16
timeStep,numberOfRobotsOnBlackSite,numberOfRobotsOnWhiteSite
10126,25,16
timeStep,numberOfRobotsOnBlackSite,numberOfRobotsOnWhiteSite
10127,25,16
timeStep,numberOfRobotsOnBlackSite,numberOfRobotsOnWhiteSite
10128,25,16
timeStep,numberOfRobotsOnBlackSite,numberOfRobotsOnWhiteSite
10129,25,16
timeStep,numberOfRobotsOnBlackSite,numberOfRobotsOnWhiteSite
10130,25,16
timeStep,numberOfRobotsOnBlackSite,numberOfRobotsOnWhiteSite
10131,25,16
timeStep,numberOfRobotsOnBlackSite,numberOfRobotsOnWhiteSite
10132,25,16
timeStep,numberOfRobotsOnBlackSite,numberOfRobotsOnWhiteSite
10133,25,16
timeStep,numberOfRobotsOnBlackSite,numberOfRobotsOnWhiteSite
10134,25,16
timeStep,numberOfRobotsOnBlackSite,numberOfRobotsOnWhiteSite
10135,25,16
timeStep,numberOfRobotsOnBlackSite,numberOfRobotsOnWhiteSite
10136,25,16
timeStep,numberOfRobotsOnBlackSite,numberOfRobotsOnWhiteSite
10137,25,16
timeStep,numberOfRobotsOnBlackSite,numberOfRobotsOnWhiteSite
10138,25,16
timeStep,numberOfRobotsOnBlackSite,numberOfRobotsOnWhiteSite
10139,25,16
timeStep,numberOfRobotsOnBlackSite,numberOfRobotsOnWhiteSite
10140,25,16
timeStep,numberOfRobotsOnBlackSite,numberOfRobotsOnWhiteSite
10141,25,16
timeStep,numberOfRobotsOnBlackSite,numberOfRobotsOnWhiteSite
10142,25,16
timeStep,numberOfRobotsOnBlackSite,numberOfRobotsOnWhiteSite
10143,25,16
timeStep,numberOfRobotsOnBlackSite,numberOfRobotsOnWhiteSite
10144,25,16
timeStep,numberOfRobotsOnBlackSite,numberOfRobotsOnWhiteSite
10145,25,16
timeStep,numberOfRobotsOnBlackSite,numberOfRobotsOnWhiteSite
10146,25,16
timeStep,numberOfRobotsOnBlackSite,numberOfRobotsOnWhiteSite
10147,25,16
timeStep,numberOfRobotsOnBlackSite,numberOfRobotsOnWhiteSite
10148,25,16
timeStep,numberOfRobotsOnBlackSite,numberOfRobotsOnWhiteSite
10149,25,16
timeStep,numberOfRobotsOnBlackSite,numberOfRobotsOnWhiteSite
10150,25,16
timeStep,numberOfRobotsOnBlackSite,numberOfRobotsOnWhiteSite
10151,25,16
timeStep,numberOfRobotsOnBlackSite,numberOfRobotsOnWhiteSite
10152,25,16
timeStep,numberOfRobotsOnBlackSite,numberOfRobotsOnWhiteSite
10153,25,16
timeStep,numberOfRobotsOnBlackSite,numberOfRobotsOnWhiteSite
10154,25,16
timeStep,numberOfRobotsOnBlackSite,numberOfRobotsOnWhiteSite
10155,25,16
timeStep,numberOfRobotsOnBlackSite,numberOfRobotsOnWhiteSite
10156,25,16
timeStep,numberOfRobotsOnBlackSite,numberOfRobotsOnWhiteSite
10157,25,16
timeStep,numberOfRobotsOnBlackSite,numberOfRobotsOnWhiteSite
10158,25,16
timeStep,numberOfRobotsOnBlackSite,numberOfRobotsOnWhiteSite
10159,25,16
timeStep,numberOfRobotsOnBlackSite,numberOfRobotsOnWhiteSite
10160,25,16
timeStep,numberOfRobotsOnBlackSite,numberOfRobotsOnWhiteSite
10161,25,16
timeStep,numberOfRobotsOnBlackSite,numberOfRobotsOnWhiteSite
10162,25,16
timeStep,numberOfRobotsOnBlackSite,numberOfRobotsOnWhiteSite
10163,25,16
timeStep,numberOfRobotsOnBlackSite,numberOfRobotsOnWhiteSite
10164,25,16
timeStep,numberOfRobotsOnBlackSite,numberOfRobotsOnWhiteSite
10165,25,16
timeStep,numberOfRobotsOnBlackSite,numberOfRobotsOnWhiteSite
10166,25,16
timeStep,numberOfRobotsOnBlackSite,numberOfRobotsOnWhiteSite
10167,25,16
timeStep,numberOfRobotsOnBlackSite,numberOfRobotsOnWhiteSite
10168,25,16
timeStep,numberOfRobotsOnBlackSite,numberOfRobotsOnWhiteSite
10169,25,16
timeStep,numberOfRobotsOnBlackSite,numberOfRobotsOnWhiteSite
10170,25,16
timeStep,numberOfRobotsOnBlackSite,numberOfRobotsOnWhiteSite
10171,25,16
timeStep,numberOfRobotsOnBlackSite,numberOfRobotsOnWhiteSite
10172,25,16
timeStep,numberOfRobotsOnBlackSite,numberOfRobotsOnWhiteSite
10173,25,16
timeStep,numberOfRobotsOnBlackSite,numberOfRobotsOnWhiteSite
10174,25,16
timeStep,numberOfRobotsOnBlackSite,numberOfRobotsOnWhiteSite
10175,25,16
timeStep,numberOfRobotsOnBlackSite,numberOfRobotsOnWhiteSite
10176,25,16
timeStep,numberOfRobotsOnBlackSite,numberOfRobotsOnWhiteSite
10177,25,16
timeStep,numberOfRobotsOnBlackSite,numberOfRobotsOnWhiteSite
10178,25,16
timeStep,numberOfRobotsOnBlackSite,numberOfRobotsOnWhiteSite
10179,25,16
timeStep,numberOfRobotsOnBlackSite,numberOfRobotsOnWhiteSite
10180,25,16
timeStep,numberOfRobotsOnBlackSite,numberOfRobotsOnWhiteSite
10181,25,16
timeStep,numberOfRobotsOnBlackSite,numberOfRobotsOnWhiteSite
10182,25,16
timeStep,numberOfRobotsOnBlackSite,numberOfRobotsOnWhiteSite
10183,25,16
timeStep,numberOfRobotsOnBlackSite,numberOfRobotsOnWhiteSite
10184,25,16
timeStep,numberOfRobotsOnBlackSite,numberOfRobotsOnWhiteSite
10185,25,16
timeStep,numberOfRobotsOnBlackSite,numberOfRobotsOnWhiteSite
10186,25,16
timeStep,numberOfRobotsOnBlackSite,numberOfRobotsOnWhiteSite
10187,25,16
timeStep,numberOfRobotsOnBlackSite,numberOfRobotsOnWhiteSite
10188,25,16
timeStep,numberOfRobotsOnBlackSite,numberOfRobotsOnWhiteSite
10189,25,16
timeStep,numberOfRobotsOnBlackSite,numberOfRobotsOnWhiteSite
10190,25,16
timeStep,numberOfRobotsOnBlackSite,numberOfRobotsOnWhiteSite
10191,25,16
timeStep,numberOfRobotsOnBlackSite,numberOfRobotsOnWhiteSite
10192,25,16
timeStep,numberOfRobotsOnBlackSite,numberOfRobotsOnWhiteSite
10193,25,16
timeStep,numberOfRobotsOnBlackSite,numberOfRobotsOnWhiteSite
10194,25,16
timeStep,numberOfRobotsOnBlackSite,numberOfRobotsOnWhiteSite
10195,25,16
timeStep,numberOfRobotsOnBlackSite,numberOfRobotsOnWhiteSite
10196,25,16
timeStep,numberOfRobotsOnBlackSite,numberOfRobotsOnWhiteSite
10197,25,16
timeStep,numberOfRobotsOnBlackSite,numberOfRobotsOnWhiteSite
10198,25,16
timeStep,numberOfRobotsOnBlackSite,numberOfRobotsOnWhiteSite
10199,25,16
timeStep,numberOfRobotsOnBlackSite,numberOfRobotsOnWhiteSite
10200,25,16
timeStep,numberOfRobotsOnBlackSite,numberOfRobotsOnWhiteSite
10201,25,16
timeStep,numberOfRobotsOnBlackSite,numberOfRobotsOnWhiteSite
10202,25,16
timeStep,numberOfRobotsOnBlackSite,numberOfRobotsOnWhiteSite
10203,25,16
timeStep,numberOfRobotsOnBlackSite,numberOfRobotsOnWhiteSite
10204,25,16
timeStep,numberOfRobotsOnBlackSite,numberOfRobotsOnWhiteSite
10205,25,16
timeStep,numberOfRobotsOnBlackSite,numberOfRobotsOnWhiteSite
10206,25,16
timeStep,numberOfRobotsOnBlackSite,numberOfRobotsOnWhiteSite
10207,25,16
timeStep,numberOfRobotsOnBlackSite,numberOfRobotsOnWhiteSite
10208,25,16
timeStep,numberOfRobotsOnBlackSite,numberOfRobotsOnWhiteSite
10209,25,16
timeStep,numberOfRobotsOnBlackSite,numberOfRobotsOnWhiteSite
10210,25,16
timeStep,numberOfRobotsOnBlackSite,numberOfRobotsOnWhiteSite
10211,25,16
timeStep,numberOfRobotsOnBlackSite,numberOfRobotsOnWhiteSite
10212,25,16
timeStep,numberOfRobotsOnBlackSite,numberOfRobotsOnWhiteSite
10213,25,16
timeStep,numberOfRobotsOnBlackSite,numberOfRobotsOnWhiteSite
10214,25,16
timeStep,numberOfRobotsOnBlackSite,numberOfRobotsOnWhiteSite
10215,25,16
timeStep,numberOfRobotsOnBlackSite,numberOfRobotsOnWhiteSite
10216,25,16
timeStep,numberOfRobotsOnBlackSite,numberOfRobotsOnWhiteSite
10217,25,16
timeStep,numberOfRobotsOnBlackSite,numberOfRobotsOnWhiteSite
10218,25,16
timeStep,numberOfRobotsOnBlackSite,numberOfRobotsOnWhiteSite
10219,25,16
timeStep,numberOfRobotsOnBlackSite,numberOfRobotsOnWhiteSite
10220,25,16
timeStep,numberOfRobotsOnBlackSite,numberOfRobotsOnWhiteSite
10221,25,16
timeStep,numberOfRobotsOnBlackSite,numberOfRobotsOnWhiteSite
10222,25,16
timeStep,numberOfRobotsOnBlackSite,numberOfRobotsOnWhiteSite
10223,25,16
timeStep,numberOfRobotsOnBlackSite,numberOfRobotsOnWhiteSite
10224,25,16
timeStep,numberOfRobotsOnBlackSite,numberOfRobotsOnWhiteSite
10225,25,16
timeStep,numberOfRobotsOnBlackSite,numberOfRobotsOnWhiteSite
10226,25,16
timeStep,numberOfRobotsOnBlackSite,numberOfRobotsOnWhiteSite
10227,25,16
timeStep,numberOfRobotsOnBlackSite,numberOfRobotsOnWhiteSite
10228,25,16
timeStep,numberOfRobotsOnBlackSite,numberOfRobotsOnWhiteSite
10229,25,16
timeStep,numberOfRobotsOnBlackSite,numberOfRobotsOnWhiteSite
10230,25,16
timeStep,numberOfRobotsOnBlackSite,numberOfRobotsOnWhiteSite
10231,25,16
timeStep,numberOfRobotsOnBlackSite,numberOfRobotsOnWhiteSite
10232,25,16
timeStep,numberOfRobotsOnBlackSite,numberOfRobotsOnWhiteSite
10233,25,16
timeStep,numberOfRobotsOnBlackSite,numberOfRobotsOnWhiteSite
10234,25,16
timeStep,numberOfRobotsOnBlackSite,numberOfRobotsOnWhiteSite
10235,25,16
timeStep,numberOfRobotsOnBlackSite,numberOfRobotsOnWhiteSite
10236,25,16
timeStep,numberOfRobotsOnBlackSite,numberOfRobotsOnWhiteSite
10237,25,16
timeStep,numberOfRobotsOnBlackSite,numberOfRobotsOnWhiteSite
10238,25,16
timeStep,numberOfRobotsOnBlackSite,numberOfRobotsOnWhiteSite
10239,25,16
timeStep,numberOfRobotsOnBlackSite,numberOfRobotsOnWhiteSite
10240,25,16
timeStep,numberOfRobotsOnBlackSite,numberOfRobotsOnWhiteSite
10241,25,16
timeStep,numberOfRobotsOnBlackSite,numberOfRobotsOnWhiteSite
10242,25,16
timeStep,numberOfRobotsOnBlackSite,numberOfRobotsOnWhiteSite
10243,25,16
timeStep,numberOfRobotsOnBlackSite,numberOfRobotsOnWhiteSite
10244,25,16
timeStep,numberOfRobotsOnBlackSite,numberOfRobotsOnWhiteSite
10245,25,16
timeStep,numberOfRobotsOnBlackSite,numberOfRobotsOnWhiteSite
10246,25,16
timeStep,numberOfRobotsOnBlackSite,numberOfRobotsOnWhiteSite
10247,25,16
timeStep,numberOfRobotsOnBlackSite,numberOfRobotsOnWhiteSite
10248,25,16
timeStep,numberOfRobotsOnBlackSite,numberOfRobotsOnWhiteSite
10249,25,16
timeStep,numberOfRobotsOnBlackSite,numberOfRobotsOnWhiteSite
10250,25,16
timeStep,numberOfRobotsOnBlackSite,numberOfRobotsOnWhiteSite
10251,25,16
timeStep,numberOfRobotsOnBlackSite,numberOfRobotsOnWhiteSite
10252,25,16
timeStep,numberOfRobotsOnBlackSite,numberOfRobotsOnWhiteSite
10253,25,16
timeStep,numberOfRobotsOnBlackSite,numberOfRobotsOnWhiteSite
10254,25,16
timeStep,numberOfRobotsOnBlackSite,numberOfRobotsOnWhiteSite
10255,25,16
timeStep,numberOfRobotsOnBlackSite,numberOfRobotsOnWhiteSite
10256,25,16
timeStep,numberOfRobotsOnBlackSite,numberOfRobotsOnWhiteSite
10257,25,16
timeStep,numberOfRobotsOnBlackSite,numberOfRobotsOnWhiteSite
10258,25,16
timeStep,numberOfRobotsOnBlackSite,numberOfRobotsOnWhiteSite
10259,25,16
timeStep,numberOfRobotsOnBlackSite,numberOfRobotsOnWhiteSite
10260,25,16
timeStep,numberOfRobotsOnBlackSite,numberOfRobotsOnWhiteSite
10261,25,16
timeStep,numberOfRobotsOnBlackSite,numberOfRobotsOnWhiteSite
10262,25,16
timeStep,numberOfRobotsOnBlackSite,numberOfRobotsOnWhiteSite
10263,25,16
timeStep,numberOfRobotsOnBlackSite,numberOfRobotsOnWhiteSite
10264,25,16
timeStep,numberOfRobotsOnBlackSite,numberOfRobotsOnWhiteSite
10265,25,16
timeStep,numberOfRobotsOnBlackSite,numberOfRobotsOnWhiteSite
10266,25,16
timeStep,numberOfRobotsOnBlackSite,numberOfRobotsOnWhiteSite
10267,25,16
timeStep,numberOfRobotsOnBlackSite,numberOfRobotsOnWhiteSite
10268,25,16
timeStep,numberOfRobotsOnBlackSite,numberOfRobotsOnWhiteSite
10269,25,16
timeStep,numberOfRobotsOnBlackSite,numberOfRobotsOnWhiteSite
10270,25,16
timeStep,numberOfRobotsOnBlackSite,numberOfRobotsOnWhiteSite
10271,25,16
timeStep,numberOfRobotsOnBlackSite,numberOfRobotsOnWhiteSite
10272,25,16
timeStep,numberOfRobotsOnBlackSite,numberOfRobotsOnWhiteSite
10273,25,16
timeStep,numberOfRobotsOnBlackSite,numberOfRobotsOnWhiteSite
10274,25,16
timeStep,numberOfRobotsOnBlackSite,numberOfRobotsOnWhiteSite
10275,25,16
timeStep,numberOfRobotsOnBlackSite,numberOfRobotsOnWhiteSite
10276,25,16
timeStep,numberOfRobotsOnBlackSite,numberOfRobotsOnWhiteSite
10277,25,16
timeStep,numberOfRobotsOnBlackSite,numberOfRobotsOnWhiteSite
10278,25,16
timeStep,numberOfRobotsOnBlackSite,numberOfRobotsOnWhiteSite
10279,25,16
timeStep,numberOfRobotsOnBlackSite,numberOfRobotsOnWhiteSite
10280,25,16
timeStep,numberOfRobotsOnBlackSite,numberOfRobotsOnWhiteSite
10281,25,16
timeStep,numberOfRobotsOnBlackSite,numberOfRobotsOnWhiteSite
10282,25,16
timeStep,numberOfRobotsOnBlackSite,numberOfRobotsOnWhiteSite
10283,25,16
timeStep,numberOfRobotsOnBlackSite,numberOfRobotsOnWhiteSite
10284,25,16
timeStep,numberOfRobotsOnBlackSite,numberOfRobotsOnWhiteSite
10285,25,16
timeStep,numberOfRobotsOnBlackSite,numberOfRobotsOnWhiteSite
10286,25,16
timeStep,numberOfRobotsOnBlackSite,numberOfRobotsOnWhiteSite
10287,25,16
timeStep,numberOfRobotsOnBlackSite,numberOfRobotsOnWhiteSite
10288,25,16
timeStep,numberOfRobotsOnBlackSite,numberOfRobotsOnWhiteSite
10289,25,16
timeStep,numberOfRobotsOnBlackSite,numberOfRobotsOnWhiteSite
10290,25,16
timeStep,numberOfRobotsOnBlackSite,numberOfRobotsOnWhiteSite
10291,25,16
timeStep,numberOfRobotsOnBlackSite,numberOfRobotsOnWhiteSite
10292,25,16
timeStep,numberOfRobotsOnBlackSite,numberOfRobotsOnWhiteSite
10293,25,16
timeStep,numberOfRobotsOnBlackSite,numberOfRobotsOnWhiteSite
10294,25,16
timeStep,numberOfRobotsOnBlackSite,numberOfRobotsOnWhiteSite
10295,25,16
timeStep,numberOfRobotsOnBlackSite,numberOfRobotsOnWhiteSite
10296,25,16
timeStep,numberOfRobotsOnBlackSite,numberOfRobotsOnWhiteSite
10297,25,16
timeStep,numberOfRobotsOnBlackSite,numberOfRobotsOnWhiteSite
10298,25,16
timeStep,numberOfRobotsOnBlackSite,numberOfRobotsOnWhiteSite
10299,25,16
timeStep,numberOfRobotsOnBlackSite,numberOfRobotsOnWhiteSite
10300,25,16
timeStep,numberOfRobotsOnBlackSite,numberOfRobotsOnWhiteSite
10301,25,16
timeStep,numberOfRobotsOnBlackSite,numberOfRobotsOnWhiteSite
10302,25,16
timeStep,numberOfRobotsOnBlackSite,numberOfRobotsOnWhiteSite
10303,25,16
timeStep,numberOfRobotsOnBlackSite,numberOfRobotsOnWhiteSite
10304,25,16
timeStep,numberOfRobotsOnBlackSite,numberOfRobotsOnWhiteSite
10305,25,16
timeStep,numberOfRobotsOnBlackSite,numberOfRobotsOnWhiteSite
10306,25,16
timeStep,numberOfRobotsOnBlackSite,numberOfRobotsOnWhiteSite
10307,25,16
timeStep,numberOfRobotsOnBlackSite,numberOfRobotsOnWhiteSite
10308,25,16
timeStep,numberOfRobotsOnBlackSite,numberOfRobotsOnWhiteSite
10309,25,16
timeStep,numberOfRobotsOnBlackSite,numberOfRobotsOnWhiteSite
10310,25,16
timeStep,numberOfRobotsOnBlackSite,numberOfRobotsOnWhiteSite
10311,25,16
timeStep,numberOfRobotsOnBlackSite,numberOfRobotsOnWhiteSite
10312,25,16
timeStep,numberOfRobotsOnBlackSite,numberOfRobotsOnWhiteSite
10313,25,16
timeStep,numberOfRobotsOnBlackSite,numberOfRobotsOnWhiteSite
10314,25,16
timeStep,numberOfRobotsOnBlackSite,numberOfRobotsOnWhiteSite
10315,25,16
timeStep,numberOfRobotsOnBlackSite,numberOfRobotsOnWhiteSite
10316,25,16
timeStep,numberOfRobotsOnBlackSite,numberOfRobotsOnWhiteSite
10317,25,16
timeStep,numberOfRobotsOnBlackSite,numberOfRobotsOnWhiteSite
10318,25,16
timeStep,numberOfRobotsOnBlackSite,numberOfRobotsOnWhiteSite
10319,25,16
timeStep,numberOfRobotsOnBlackSite,numberOfRobotsOnWhiteSite
10320,25,16
timeStep,numberOfRobotsOnBlackSite,numberOfRobotsOnWhiteSite
10321,25,16
timeStep,numberOfRobotsOnBlackSite,numberOfRobotsOnWhiteSite
10322,25,16
timeStep,numberOfRobotsOnBlackSite,numberOfRobotsOnWhiteSite
10323,25,16
timeStep,numberOfRobotsOnBlackSite,numberOfRobotsOnWhiteSite
10324,25,16
timeStep,numberOfRobotsOnBlackSite,numberOfRobotsOnWhiteSite
10325,25,16
timeStep,numberOfRobotsOnBlackSite,numberOfRobotsOnWhiteSite
10326,25,16
timeStep,numberOfRobotsOnBlackSite,numberOfRobotsOnWhiteSite
10327,25,16
timeStep,numberOfRobotsOnBlackSite,numberOfRobotsOnWhiteSite
10328,25,16
timeStep,numberOfRobotsOnBlackSite,numberOfRobotsOnWhiteSite
10329,25,16
timeStep,numberOfRobotsOnBlackSite,numberOfRobotsOnWhiteSite
10330,25,16
timeStep,numberOfRobotsOnBlackSite,numberOfRobotsOnWhiteSite
10331,25,16
timeStep,numberOfRobotsOnBlackSite,numberOfRobotsOnWhiteSite
10332,25,16
timeStep,numberOfRobotsOnBlackSite,numberOfRobotsOnWhiteSite
10333,25,16
timeStep,numberOfRobotsOnBlackSite,numberOfRobotsOnWhiteSite
10334,25,16
timeStep,numberOfRobotsOnBlackSite,numberOfRobotsOnWhiteSite
10335,25,16
timeStep,numberOfRobotsOnBlackSite,numberOfRobotsOnWhiteSite
10336,25,16
timeStep,numberOfRobotsOnBlackSite,numberOfRobotsOnWhiteSite
10337,25,16
timeStep,numberOfRobotsOnBlackSite,numberOfRobotsOnWhiteSite
10338,25,16
timeStep,numberOfRobotsOnBlackSite,numberOfRobotsOnWhiteSite
10339,25,16
timeStep,numberOfRobotsOnBlackSite,numberOfRobotsOnWhiteSite
10340,25,16
timeStep,numberOfRobotsOnBlackSite,numberOfRobotsOnWhiteSite
10341,25,16
timeStep,numberOfRobotsOnBlackSite,numberOfRobotsOnWhiteSite
10342,25,16
timeStep,numberOfRobotsOnBlackSite,numberOfRobotsOnWhiteSite
10343,25,16
timeStep,numberOfRobotsOnBlackSite,numberOfRobotsOnWhiteSite
10344,25,16
timeStep,numberOfRobotsOnBlackSite,numberOfRobotsOnWhiteSite
10345,25,16
timeStep,numberOfRobotsOnBlackSite,numberOfRobotsOnWhiteSite
10346,25,16
timeStep,numberOfRobotsOnBlackSite,numberOfRobotsOnWhiteSite
10347,25,16
timeStep,numberOfRobotsOnBlackSite,numberOfRobotsOnWhiteSite
10348,25,16
timeStep,numberOfRobotsOnBlackSite,numberOfRobotsOnWhiteSite
10349,25,16
timeStep,numberOfRobotsOnBlackSite,numberOfRobotsOnWhiteSite
10350,25,16
timeStep,numberOfRobotsOnBlackSite,numberOfRobotsOnWhiteSite
10351,25,16
timeStep,numberOfRobotsOnBlackSite,numberOfRobotsOnWhiteSite
10352,25,16
timeStep,numberOfRobotsOnBlackSite,numberOfRobotsOnWhiteSite
10353,25,16
timeStep,numberOfRobotsOnBlackSite,numberOfRobotsOnWhiteSite
10354,25,16
timeStep,numberOfRobotsOnBlackSite,numberOfRobotsOnWhiteSite
10355,25,16
timeStep,numberOfRobotsOnBlackSite,numberOfRobotsOnWhiteSite
10356,25,16
timeStep,numberOfRobotsOnBlackSite,numberOfRobotsOnWhiteSite
10357,25,16
timeStep,numberOfRobotsOnBlackSite,numberOfRobotsOnWhiteSite
10358,25,16
timeStep,numberOfRobotsOnBlackSite,numberOfRobotsOnWhiteSite
10359,25,16
timeStep,numberOfRobotsOnBlackSite,numberOfRobotsOnWhiteSite
10360,25,16
timeStep,numberOfRobotsOnBlackSite,numberOfRobotsOnWhiteSite
10361,25,16
timeStep,numberOfRobotsOnBlackSite,numberOfRobotsOnWhiteSite
10362,25,16
timeStep,numberOfRobotsOnBlackSite,numberOfRobotsOnWhiteSite
10363,25,16
timeStep,numberOfRobotsOnBlackSite,numberOfRobotsOnWhiteSite
10364,25,16
timeStep,numberOfRobotsOnBlackSite,numberOfRobotsOnWhiteSite
10365,25,15
timeStep,numberOfRobotsOnBlackSite,numberOfRobotsOnWhiteSite
10366,25,15
timeStep,numberOfRobotsOnBlackSite,numberOfRobotsOnWhiteSite
10367,25,15
timeStep,numberOfRobotsOnBlackSite,numberOfRobotsOnWhiteSite
10368,25,15
timeStep,numberOfRobotsOnBlackSite,numberOfRobotsOnWhiteSite
10369,25,15
timeStep,numberOfRobotsOnBlackSite,numberOfRobotsOnWhiteSite
10370,25,15
timeStep,numberOfRobotsOnBlackSite,numberOfRobotsOnWhiteSite
10371,25,15
timeStep,numberOfRobotsOnBlackSite,numberOfRobotsOnWhiteSite
10372,25,15
timeStep,numberOfRobotsOnBlackSite,numberOfRobotsOnWhiteSite
10373,25,15
timeStep,numberOfRobotsOnBlackSite,numberOfRobotsOnWhiteSite
10374,25,15
timeStep,numberOfRobotsOnBlackSite,numberOfRobotsOnWhiteSite
10375,25,15
timeStep,numberOfRobotsOnBlackSite,numberOfRobotsOnWhiteSite
10376,25,15
timeStep,numberOfRobotsOnBlackSite,numberOfRobotsOnWhiteSite
10377,25,15
timeStep,numberOfRobotsOnBlackSite,numberOfRobotsOnWhiteSite
10378,25,15
timeStep,numberOfRobotsOnBlackSite,numberOfRobotsOnWhiteSite
10379,25,15
timeStep,numberOfRobotsOnBlackSite,numberOfRobotsOnWhiteSite
10380,25,15
timeStep,numberOfRobotsOnBlackSite,numberOfRobotsOnWhiteSite
10381,25,15
timeStep,numberOfRobotsOnBlackSite,numberOfRobotsOnWhiteSite
10382,25,15
timeStep,numberOfRobotsOnBlackSite,numberOfRobotsOnWhiteSite
10383,25,15
timeStep,numberOfRobotsOnBlackSite,numberOfRobotsOnWhiteSite
10384,25,15
timeStep,numberOfRobotsOnBlackSite,numberOfRobotsOnWhiteSite
10385,25,15
timeStep,numberOfRobotsOnBlackSite,numberOfRobotsOnWhiteSite
10386,25,15
timeStep,numberOfRobotsOnBlackSite,numberOfRobotsOnWhiteSite
10387,25,15
timeStep,numberOfRobotsOnBlackSite,numberOfRobotsOnWhiteSite
10388,25,15
timeStep,numberOfRobotsOnBlackSite,numberOfRobotsOnWhiteSite
10389,25,15
timeStep,numberOfRobotsOnBlackSite,numberOfRobotsOnWhiteSite
10390,25,15
timeStep,numberOfRobotsOnBlackSite,numberOfRobotsOnWhiteSite
10391,25,15
timeStep,numberOfRobotsOnBlackSite,numberOfRobotsOnWhiteSite
10392,25,15
timeStep,numberOfRobotsOnBlackSite,numberOfRobotsOnWhiteSite
10393,25,15
timeStep,numberOfRobotsOnBlackSite,numberOfRobotsOnWhiteSite
10394,25,15
timeStep,numberOfRobotsOnBlackSite,numberOfRobotsOnWhiteSite
10395,25,15
timeStep,numberOfRobotsOnBlackSite,numberOfRobotsOnWhiteSite
10396,25,15
timeStep,numberOfRobotsOnBlackSite,numberOfRobotsOnWhiteSite
10397,25,15
timeStep,numberOfRobotsOnBlackSite,numberOfRobotsOnWhiteSite
10398,25,15
timeStep,numberOfRobotsOnBlackSite,numberOfRobotsOnWhiteSite
10399,25,15
timeStep,numberOfRobotsOnBlackSite,numberOfRobotsOnWhiteSite
10400,25,15
timeStep,numberOfRobotsOnBlackSite,numberOfRobotsOnWhiteSite
10401,25,15
timeStep,numberOfRobotsOnBlackSite,numberOfRobotsOnWhiteSite
10402,25,15
timeStep,numberOfRobotsOnBlackSite,numberOfRobotsOnWhiteSite
10403,25,15
timeStep,numberOfRobotsOnBlackSite,numberOfRobotsOnWhiteSite
10404,25,15
timeStep,numberOfRobotsOnBlackSite,numberOfRobotsOnWhiteSite
10405,25,15
timeStep,numberOfRobotsOnBlackSite,numberOfRobotsOnWhiteSite
10406,25,15
timeStep,numberOfRobotsOnBlackSite,numberOfRobotsOnWhiteSite
10407,25,15
timeStep,numberOfRobotsOnBlackSite,numberOfRobotsOnWhiteSite
10408,25,15
timeStep,numberOfRobotsOnBlackSite,numberOfRobotsOnWhiteSite
10409,25,15
timeStep,numberOfRobotsOnBlackSite,numberOfRobotsOnWhiteSite
10410,26,15
timeStep,numberOfRobotsOnBlackSite,numberOfRobotsOnWhiteSite
10411,26,15
timeStep,numberOfRobotsOnBlackSite,numberOfRobotsOnWhiteSite
10412,26,15
timeStep,numberOfRobotsOnBlackSite,numberOfRobotsOnWhiteSite
10413,26,15
timeStep,numberOfRobotsOnBlackSite,numberOfRobotsOnWhiteSite
10414,26,15
timeStep,numberOfRobotsOnBlackSite,numberOfRobotsOnWhiteSite
10415,26,15
timeStep,numberOfRobotsOnBlackSite,numberOfRobotsOnWhiteSite
10416,26,15
timeStep,numberOfRobotsOnBlackSite,numberOfRobotsOnWhiteSite
10417,26,15
timeStep,numberOfRobotsOnBlackSite,numberOfRobotsOnWhiteSite
10418,26,15
timeStep,numberOfRobotsOnBlackSite,numberOfRobotsOnWhiteSite
10419,26,15
timeStep,numberOfRobotsOnBlackSite,numberOfRobotsOnWhiteSite
10420,26,15
timeStep,numberOfRobotsOnBlackSite,numberOfRobotsOnWhiteSite
10421,26,15
timeStep,numberOfRobotsOnBlackSite,numberOfRobotsOnWhiteSite
10422,26,15
timeStep,numberOfRobotsOnBlackSite,numberOfRobotsOnWhiteSite
10423,26,15
timeStep,numberOfRobotsOnBlackSite,numberOfRobotsOnWhiteSite
10424,26,15
timeStep,numberOfRobotsOnBlackSite,numberOfRobotsOnWhiteSite
10425,26,16
timeStep,numberOfRobotsOnBlackSite,numberOfRobotsOnWhiteSite
10426,26,16
timeStep,numberOfRobotsOnBlackSite,numberOfRobotsOnWhiteSite
10427,26,16
timeStep,numberOfRobotsOnBlackSite,numberOfRobotsOnWhiteSite
10428,26,16
timeStep,numberOfRobotsOnBlackSite,numberOfRobotsOnWhiteSite
10429,26,16
timeStep,numberOfRobotsOnBlackSite,numberOfRobotsOnWhiteSite
10430,26,16
timeStep,numberOfRobotsOnBlackSite,numberOfRobotsOnWhiteSite
10431,26,16
timeStep,numberOfRobotsOnBlackSite,numberOfRobotsOnWhiteSite
10432,26,16
timeStep,numberOfRobotsOnBlackSite,numberOfRobotsOnWhiteSite
10433,26,16
timeStep,numberOfRobotsOnBlackSite,numberOfRobotsOnWhiteSite
10434,26,16
timeStep,numberOfRobotsOnBlackSite,numberOfRobotsOnWhiteSite
10435,26,16
timeStep,numberOfRobotsOnBlackSite,numberOfRobotsOnWhiteSite
10436,26,16
timeStep,numberOfRobotsOnBlackSite,numberOfRobotsOnWhiteSite
10437,26,16
timeStep,numberOfRobotsOnBlackSite,numberOfRobotsOnWhiteSite
10438,26,16
timeStep,numberOfRobotsOnBlackSite,numberOfRobotsOnWhiteSite
10439,26,16
timeStep,numberOfRobotsOnBlackSite,numberOfRobotsOnWhiteSite
10440,26,16
timeStep,numberOfRobotsOnBlackSite,numberOfRobotsOnWhiteSite
10441,26,16
timeStep,numberOfRobotsOnBlackSite,numberOfRobotsOnWhiteSite
10442,26,16
timeStep,numberOfRobotsOnBlackSite,numberOfRobotsOnWhiteSite
10443,26,16
timeStep,numberOfRobotsOnBlackSite,numberOfRobotsOnWhiteSite
10444,26,16
timeStep,numberOfRobotsOnBlackSite,numberOfRobotsOnWhiteSite
10445,26,16
timeStep,numberOfRobotsOnBlackSite,numberOfRobotsOnWhiteSite
10446,26,16
timeStep,numberOfRobotsOnBlackSite,numberOfRobotsOnWhiteSite
10447,26,16
timeStep,numberOfRobotsOnBlackSite,numberOfRobotsOnWhiteSite
10448,26,16
timeStep,numberOfRobotsOnBlackSite,numberOfRobotsOnWhiteSite
10449,26,16
timeStep,numberOfRobotsOnBlackSite,numberOfRobotsOnWhiteSite
10450,26,16
timeStep,numberOfRobotsOnBlackSite,numberOfRobotsOnWhiteSite
10451,26,16
timeStep,numberOfRobotsOnBlackSite,numberOfRobotsOnWhiteSite
10452,26,16
timeStep,numberOfRobotsOnBlackSite,numberOfRobotsOnWhiteSite
10453,26,16
timeStep,numberOfRobotsOnBlackSite,numberOfRobotsOnWhiteSite
10454,26,16
timeStep,numberOfRobotsOnBlackSite,numberOfRobotsOnWhiteSite
10455,26,16
timeStep,numberOfRobotsOnBlackSite,numberOfRobotsOnWhiteSite
10456,26,16
timeStep,numberOfRobotsOnBlackSite,numberOfRobotsOnWhiteSite
10457,26,16
timeStep,numberOfRobotsOnBlackSite,numberOfRobotsOnWhiteSite
10458,26,16
timeStep,numberOfRobotsOnBlackSite,numberOfRobotsOnWhiteSite
10459,26,16
timeStep,numberOfRobotsOnBlackSite,numberOfRobotsOnWhiteSite
10460,26,16
timeStep,numberOfRobotsOnBlackSite,numberOfRobotsOnWhiteSite
10461,26,16
timeStep,numberOfRobotsOnBlackSite,numberOfRobotsOnWhiteSite
10462,26,16
timeStep,numberOfRobotsOnBlackSite,numberOfRobotsOnWhiteSite
10463,26,16
timeStep,numberOfRobotsOnBlackSite,numberOfRobotsOnWhiteSite
10464,26,16
timeStep,numberOfRobotsOnBlackSite,numberOfRobotsOnWhiteSite
10465,26,16
timeStep,numberOfRobotsOnBlackSite,numberOfRobotsOnWhiteSite
10466,26,16
timeStep,numberOfRobotsOnBlackSite,numberOfRobotsOnWhiteSite
10467,26,16
timeStep,numberOfRobotsOnBlackSite,numberOfRobotsOnWhiteSite
10468,26,16
timeStep,numberOfRobotsOnBlackSite,numberOfRobotsOnWhiteSite
10469,26,16
timeStep,numberOfRobotsOnBlackSite,numberOfRobotsOnWhiteSite
10470,26,16
timeStep,numberOfRobotsOnBlackSite,numberOfRobotsOnWhiteSite
10471,26,16
timeStep,numberOfRobotsOnBlackSite,numberOfRobotsOnWhiteSite
10472,26,16
timeStep,numberOfRobotsOnBlackSite,numberOfRobotsOnWhiteSite
10473,26,16
timeStep,numberOfRobotsOnBlackSite,numberOfRobotsOnWhiteSite
10474,26,16
timeStep,numberOfRobotsOnBlackSite,numberOfRobotsOnWhiteSite
10475,26,16
timeStep,numberOfRobotsOnBlackSite,numberOfRobotsOnWhiteSite
10476,26,16
timeStep,numberOfRobotsOnBlackSite,numberOfRobotsOnWhiteSite
10477,26,16
timeStep,numberOfRobotsOnBlackSite,numberOfRobotsOnWhiteSite
10478,26,16
timeStep,numberOfRobotsOnBlackSite,numberOfRobotsOnWhiteSite
10479,26,16
timeStep,numberOfRobotsOnBlackSite,numberOfRobotsOnWhiteSite
10480,26,16
timeStep,numberOfRobotsOnBlackSite,numberOfRobotsOnWhiteSite
10481,26,16
timeStep,numberOfRobotsOnBlackSite,numberOfRobotsOnWhiteSite
10482,26,16
timeStep,numberOfRobotsOnBlackSite,numberOfRobotsOnWhiteSite
10483,26,16
timeStep,numberOfRobotsOnBlackSite,numberOfRobotsOnWhiteSite
10484,26,16
timeStep,numberOfRobotsOnBlackSite,numberOfRobotsOnWhiteSite
10485,26,16
timeStep,numberOfRobotsOnBlackSite,numberOfRobotsOnWhiteSite
10486,26,16
timeStep,numberOfRobotsOnBlackSite,numberOfRobotsOnWhiteSite
10487,26,16
timeStep,numberOfRobotsOnBlackSite,numberOfRobotsOnWhiteSite
10488,26,16
timeStep,numberOfRobotsOnBlackSite,numberOfRobotsOnWhiteSite
10489,26,16
timeStep,numberOfRobotsOnBlackSite,numberOfRobotsOnWhiteSite
10490,26,16
timeStep,numberOfRobotsOnBlackSite,numberOfRobotsOnWhiteSite
10491,26,16
timeStep,numberOfRobotsOnBlackSite,numberOfRobotsOnWhiteSite
10492,26,16
timeStep,numberOfRobotsOnBlackSite,numberOfRobotsOnWhiteSite
10493,26,16
timeStep,numberOfRobotsOnBlackSite,numberOfRobotsOnWhiteSite
10494,26,16
timeStep,numberOfRobotsOnBlackSite,numberOfRobotsOnWhiteSite
10495,26,16
timeStep,numberOfRobotsOnBlackSite,numberOfRobotsOnWhiteSite
10496,26,16
timeStep,numberOfRobotsOnBlackSite,numberOfRobotsOnWhiteSite
10497,26,16
timeStep,numberOfRobotsOnBlackSite,numberOfRobotsOnWhiteSite
10498,26,16
timeStep,numberOfRobotsOnBlackSite,numberOfRobotsOnWhiteSite
10499,26,16
timeStep,numberOfRobotsOnBlackSite,numberOfRobotsOnWhiteSite
10500,26,16
timeStep,numberOfRobotsOnBlackSite,numberOfRobotsOnWhiteSite
10501,26,16
timeStep,numberOfRobotsOnBlackSite,numberOfRobotsOnWhiteSite
10502,26,16
timeStep,numberOfRobotsOnBlackSite,numberOfRobotsOnWhiteSite
10503,26,16
timeStep,numberOfRobotsOnBlackSite,numberOfRobotsOnWhiteSite
10504,26,16
timeStep,numberOfRobotsOnBlackSite,numberOfRobotsOnWhiteSite
10505,26,16
timeStep,numberOfRobotsOnBlackSite,numberOfRobotsOnWhiteSite
10506,26,16
timeStep,numberOfRobotsOnBlackSite,numberOfRobotsOnWhiteSite
10507,26,16
timeStep,numberOfRobotsOnBlackSite,numberOfRobotsOnWhiteSite
10508,26,16
timeStep,numberOfRobotsOnBlackSite,numberOfRobotsOnWhiteSite
10509,26,16
timeStep,numberOfRobotsOnBlackSite,numberOfRobotsOnWhiteSite
10510,26,16
timeStep,numberOfRobotsOnBlackSite,numberOfRobotsOnWhiteSite
10511,26,16
timeStep,numberOfRobotsOnBlackSite,numberOfRobotsOnWhiteSite
10512,26,16
timeStep,numberOfRobotsOnBlackSite,numberOfRobotsOnWhiteSite
10513,26,16
timeStep,numberOfRobotsOnBlackSite,numberOfRobotsOnWhiteSite
10514,26,16
timeStep,numberOfRobotsOnBlackSite,numberOfRobotsOnWhiteSite
10515,26,16
timeStep,numberOfRobotsOnBlackSite,numberOfRobotsOnWhiteSite
10516,26,16
timeStep,numberOfRobotsOnBlackSite,numberOfRobotsOnWhiteSite
10517,26,16
timeStep,numberOfRobotsOnBlackSite,numberOfRobotsOnWhiteSite
10518,26,16
timeStep,numberOfRobotsOnBlackSite,numberOfRobotsOnWhiteSite
10519,26,16
timeStep,numberOfRobotsOnBlackSite,numberOfRobotsOnWhiteSite
10520,26,16
timeStep,numberOfRobotsOnBlackSite,numberOfRobotsOnWhiteSite
10521,26,16
timeStep,numberOfRobotsOnBlackSite,numberOfRobotsOnWhiteSite
10522,26,16
timeStep,numberOfRobotsOnBlackSite,numberOfRobotsOnWhiteSite
10523,26,16
timeStep,numberOfRobotsOnBlackSite,numberOfRobotsOnWhiteSite
10524,26,16
timeStep,numberOfRobotsOnBlackSite,numberOfRobotsOnWhiteSite
10525,26,16
timeStep,numberOfRobotsOnBlackSite,numberOfRobotsOnWhiteSite
10526,26,16
timeStep,numberOfRobotsOnBlackSite,numberOfRobotsOnWhiteSite
10527,26,16
timeStep,numberOfRobotsOnBlackSite,numberOfRobotsOnWhiteSite
10528,26,16
timeStep,numberOfRobotsOnBlackSite,numberOfRobotsOnWhiteSite
10529,26,16
timeStep,numberOfRobotsOnBlackSite,numberOfRobotsOnWhiteSite
10530,26,16
timeStep,numberOfRobotsOnBlackSite,numberOfRobotsOnWhiteSite
10531,26,16
timeStep,numberOfRobotsOnBlackSite,numberOfRobotsOnWhiteSite
10532,26,16
timeStep,numberOfRobotsOnBlackSite,numberOfRobotsOnWhiteSite
10533,26,16
timeStep,numberOfRobotsOnBlackSite,numberOfRobotsOnWhiteSite
10534,26,16
timeStep,numberOfRobotsOnBlackSite,numberOfRobotsOnWhiteSite
10535,26,16
timeStep,numberOfRobotsOnBlackSite,numberOfRobotsOnWhiteSite
10536,26,16
timeStep,numberOfRobotsOnBlackSite,numberOfRobotsOnWhiteSite
10537,26,16
timeStep,numberOfRobotsOnBlackSite,numberOfRobotsOnWhiteSite
10538,26,16
timeStep,numberOfRobotsOnBlackSite,numberOfRobotsOnWhiteSite
10539,26,16
timeStep,numberOfRobotsOnBlackSite,numberOfRobotsOnWhiteSite
10540,26,16
timeStep,numberOfRobotsOnBlackSite,numberOfRobotsOnWhiteSite
10541,26,16
timeStep,numberOfRobotsOnBlackSite,numberOfRobotsOnWhiteSite
10542,26,16
timeStep,numberOfRobotsOnBlackSite,numberOfRobotsOnWhiteSite
10543,26,16
timeStep,numberOfRobotsOnBlackSite,numberOfRobotsOnWhiteSite
10544,26,16
timeStep,numberOfRobotsOnBlackSite,numberOfRobotsOnWhiteSite
10545,26,16
timeStep,numberOfRobotsOnBlackSite,numberOfRobotsOnWhiteSite
10546,26,16
timeStep,numberOfRobotsOnBlackSite,numberOfRobotsOnWhiteSite
10547,26,16
timeStep,numberOfRobotsOnBlackSite,numberOfRobotsOnWhiteSite
10548,26,16
timeStep,numberOfRobotsOnBlackSite,numberOfRobotsOnWhiteSite
10549,26,16
timeStep,numberOfRobotsOnBlackSite,numberOfRobotsOnWhiteSite
10550,26,16
timeStep,numberOfRobotsOnBlackSite,numberOfRobotsOnWhiteSite
10551,26,16
timeStep,numberOfRobotsOnBlackSite,numberOfRobotsOnWhiteSite
10552,26,16
timeStep,numberOfRobotsOnBlackSite,numberOfRobotsOnWhiteSite
10553,26,16
timeStep,numberOfRobotsOnBlackSite,numberOfRobotsOnWhiteSite
10554,26,16
timeStep,numberOfRobotsOnBlackSite,numberOfRobotsOnWhiteSite
10555,26,16
timeStep,numberOfRobotsOnBlackSite,numberOfRobotsOnWhiteSite
10556,26,16
timeStep,numberOfRobotsOnBlackSite,numberOfRobotsOnWhiteSite
10557,26,16
timeStep,numberOfRobotsOnBlackSite,numberOfRobotsOnWhiteSite
10558,26,16
timeStep,numberOfRobotsOnBlackSite,numberOfRobotsOnWhiteSite
10559,26,16
timeStep,numberOfRobotsOnBlackSite,numberOfRobotsOnWhiteSite
10560,26,16
timeStep,numberOfRobotsOnBlackSite,numberOfRobotsOnWhiteSite
10561,26,16
timeStep,numberOfRobotsOnBlackSite,numberOfRobotsOnWhiteSite
10562,26,16
timeStep,numberOfRobotsOnBlackSite,numberOfRobotsOnWhiteSite
10563,26,16
timeStep,numberOfRobotsOnBlackSite,numberOfRobotsOnWhiteSite
10564,26,16
timeStep,numberOfRobotsOnBlackSite,numberOfRobotsOnWhiteSite
10565,26,16
timeStep,numberOfRobotsOnBlackSite,numberOfRobotsOnWhiteSite
10566,26,16
timeStep,numberOfRobotsOnBlackSite,numberOfRobotsOnWhiteSite
10567,26,16
timeStep,numberOfRobotsOnBlackSite,numberOfRobotsOnWhiteSite
10568,26,16
timeStep,numberOfRobotsOnBlackSite,numberOfRobotsOnWhiteSite
10569,26,16
timeStep,numberOfRobotsOnBlackSite,numberOfRobotsOnWhiteSite
10570,26,16
timeStep,numberOfRobotsOnBlackSite,numberOfRobotsOnWhiteSite
10571,26,16
timeStep,numberOfRobotsOnBlackSite,numberOfRobotsOnWhiteSite
10572,26,16
timeStep,numberOfRobotsOnBlackSite,numberOfRobotsOnWhiteSite
10573,26,16
timeStep,numberOfRobotsOnBlackSite,numberOfRobotsOnWhiteSite
10574,26,16
timeStep,numberOfRobotsOnBlackSite,numberOfRobotsOnWhiteSite
10575,26,16
timeStep,numberOfRobotsOnBlackSite,numberOfRobotsOnWhiteSite
10576,26,16
timeStep,numberOfRobotsOnBlackSite,numberOfRobotsOnWhiteSite
10577,26,16
timeStep,numberOfRobotsOnBlackSite,numberOfRobotsOnWhiteSite
10578,26,16
timeStep,numberOfRobotsOnBlackSite,numberOfRobotsOnWhiteSite
10579,26,16
timeStep,numberOfRobotsOnBlackSite,numberOfRobotsOnWhiteSite
10580,26,16
timeStep,numberOfRobotsOnBlackSite,numberOfRobotsOnWhiteSite
10581,26,16
timeStep,numberOfRobotsOnBlackSite,numberOfRobotsOnWhiteSite
10582,26,16
timeStep,numberOfRobotsOnBlackSite,numberOfRobotsOnWhiteSite
10583,26,16
timeStep,numberOfRobotsOnBlackSite,numberOfRobotsOnWhiteSite
10584,26,16
timeStep,numberOfRobotsOnBlackSite,numberOfRobotsOnWhiteSite
10585,26,16
timeStep,numberOfRobotsOnBlackSite,numberOfRobotsOnWhiteSite
10586,26,16
timeStep,numberOfRobotsOnBlackSite,numberOfRobotsOnWhiteSite
10587,26,16
timeStep,numberOfRobotsOnBlackSite,numberOfRobotsOnWhiteSite
10588,26,16
timeStep,numberOfRobotsOnBlackSite,numberOfRobotsOnWhiteSite
10589,26,16
timeStep,numberOfRobotsOnBlackSite,numberOfRobotsOnWhiteSite
10590,26,16
timeStep,numberOfRobotsOnBlackSite,numberOfRobotsOnWhiteSite
10591,26,16
timeStep,numberOfRobotsOnBlackSite,numberOfRobotsOnWhiteSite
10592,26,16
timeStep,numberOfRobotsOnBlackSite,numberOfRobotsOnWhiteSite
10593,26,16
timeStep,numberOfRobotsOnBlackSite,numberOfRobotsOnWhiteSite
10594,26,16
timeStep,numberOfRobotsOnBlackSite,numberOfRobotsOnWhiteSite
10595,26,16
timeStep,numberOfRobotsOnBlackSite,numberOfRobotsOnWhiteSite
10596,26,16
timeStep,numberOfRobotsOnBlackSite,numberOfRobotsOnWhiteSite
10597,26,16
timeStep,numberOfRobotsOnBlackSite,numberOfRobotsOnWhiteSite
10598,26,16
timeStep,numberOfRobotsOnBlackSite,numberOfRobotsOnWhiteSite
10599,26,16
timeStep,numberOfRobotsOnBlackSite,numberOfRobotsOnWhiteSite
10600,26,16
timeStep,numberOfRobotsOnBlackSite,numberOfRobotsOnWhiteSite
10601,26,16
timeStep,numberOfRobotsOnBlackSite,numberOfRobotsOnWhiteSite
10602,26,16
timeStep,numberOfRobotsOnBlackSite,numberOfRobotsOnWhiteSite
10603,26,16
timeStep,numberOfRobotsOnBlackSite,numberOfRobotsOnWhiteSite
10604,26,16
timeStep,numberOfRobotsOnBlackSite,numberOfRobotsOnWhiteSite
10605,26,16
timeStep,numberOfRobotsOnBlackSite,numberOfRobotsOnWhiteSite
10606,26,16
timeStep,numberOfRobotsOnBlackSite,numberOfRobotsOnWhiteSite
10607,26,16
timeStep,numberOfRobotsOnBlackSite,numberOfRobotsOnWhiteSite
10608,26,16
timeStep,numberOfRobotsOnBlackSite,numberOfRobotsOnWhiteSite
10609,26,16
timeStep,numberOfRobotsOnBlackSite,numberOfRobotsOnWhiteSite
10610,26,16
timeStep,numberOfRobotsOnBlackSite,numberOfRobotsOnWhiteSite
10611,26,16
timeStep,numberOfRobotsOnBlackSite,numberOfRobotsOnWhiteSite
10612,26,16
timeStep,numberOfRobotsOnBlackSite,numberOfRobotsOnWhiteSite
10613,26,16
timeStep,numberOfRobotsOnBlackSite,numberOfRobotsOnWhiteSite
10614,26,16
timeStep,numberOfRobotsOnBlackSite,numberOfRobotsOnWhiteSite
10615,26,16
timeStep,numberOfRobotsOnBlackSite,numberOfRobotsOnWhiteSite
10616,26,16
timeStep,numberOfRobotsOnBlackSite,numberOfRobotsOnWhiteSite
10617,26,16
timeStep,numberOfRobotsOnBlackSite,numberOfRobotsOnWhiteSite
10618,26,16
timeStep,numberOfRobotsOnBlackSite,numberOfRobotsOnWhiteSite
10619,26,16
timeStep,numberOfRobotsOnBlackSite,numberOfRobotsOnWhiteSite
10620,27,16
timeStep,numberOfRobotsOnBlackSite,numberOfRobotsOnWhiteSite
10621,27,16
timeStep,numberOfRobotsOnBlackSite,numberOfRobotsOnWhiteSite
10622,27,16
timeStep,numberOfRobotsOnBlackSite,numberOfRobotsOnWhiteSite
10623,27,16
timeStep,numberOfRobotsOnBlackSite,numberOfRobotsOnWhiteSite
10624,27,16
timeStep,numberOfRobotsOnBlackSite,numberOfRobotsOnWhiteSite
10625,27,16
timeStep,numberOfRobotsOnBlackSite,numberOfRobotsOnWhiteSite
10626,27,16
timeStep,numberOfRobotsOnBlackSite,numberOfRobotsOnWhiteSite
10627,27,16
timeStep,numberOfRobotsOnBlackSite,numberOfRobotsOnWhiteSite
10628,27,16
timeStep,numberOfRobotsOnBlackSite,numberOfRobotsOnWhiteSite
10629,27,16
timeStep,numberOfRobotsOnBlackSite,numberOfRobotsOnWhiteSite
10630,27,16
timeStep,numberOfRobotsOnBlackSite,numberOfRobotsOnWhiteSite
10631,27,16
timeStep,numberOfRobotsOnBlackSite,numberOfRobotsOnWhiteSite
10632,27,16
timeStep,numberOfRobotsOnBlackSite,numberOfRobotsOnWhiteSite
10633,27,16
timeStep,numberOfRobotsOnBlackSite,numberOfRobotsOnWhiteSite
10634,27,16
timeStep,numberOfRobotsOnBlackSite,numberOfRobotsOnWhiteSite
10635,26,16
timeStep,numberOfRobotsOnBlackSite,numberOfRobotsOnWhiteSite
10636,26,16
timeStep,numberOfRobotsOnBlackSite,numberOfRobotsOnWhiteSite
10637,26,16
timeStep,numberOfRobotsOnBlackSite,numberOfRobotsOnWhiteSite
10638,26,16
timeStep,numberOfRobotsOnBlackSite,numberOfRobotsOnWhiteSite
10639,26,16
timeStep,numberOfRobotsOnBlackSite,numberOfRobotsOnWhiteSite
10640,26,15
timeStep,numberOfRobotsOnBlackSite,numberOfRobotsOnWhiteSite
10641,26,15
timeStep,numberOfRobotsOnBlackSite,numberOfRobotsOnWhiteSite
10642,26,15
timeStep,numberOfRobotsOnBlackSite,numberOfRobotsOnWhiteSite
10643,26,15
timeStep,numberOfRobotsOnBlackSite,numberOfRobotsOnWhiteSite
10644,26,15
timeStep,numberOfRobotsOnBlackSite,numberOfRobotsOnWhiteSite
10645,26,15
timeStep,numberOfRobotsOnBlackSite,numberOfRobotsOnWhiteSite
10646,26,15
timeStep,numberOfRobotsOnBlackSite,numberOfRobotsOnWhiteSite
10647,26,15
timeStep,numberOfRobotsOnBlackSite,numberOfRobotsOnWhiteSite
10648,26,15
timeStep,numberOfRobotsOnBlackSite,numberOfRobotsOnWhiteSite
10649,26,15
timeStep,numberOfRobotsOnBlackSite,numberOfRobotsOnWhiteSite
10650,26,15
timeStep,numberOfRobotsOnBlackSite,numberOfRobotsOnWhiteSite
10651,26,15
timeStep,numberOfRobotsOnBlackSite,numberOfRobotsOnWhiteSite
10652,26,15
timeStep,numberOfRobotsOnBlackSite,numberOfRobotsOnWhiteSite
10653,26,15
timeStep,numberOfRobotsOnBlackSite,numberOfRobotsOnWhiteSite
10654,26,15
timeStep,numberOfRobotsOnBlackSite,numberOfRobotsOnWhiteSite
10655,26,15
timeStep,numberOfRobotsOnBlackSite,numberOfRobotsOnWhiteSite
10656,26,15
timeStep,numberOfRobotsOnBlackSite,numberOfRobotsOnWhiteSite
10657,26,15
timeStep,numberOfRobotsOnBlackSite,numberOfRobotsOnWhiteSite
10658,26,15
timeStep,numberOfRobotsOnBlackSite,numberOfRobotsOnWhiteSite
10659,26,15
timeStep,numberOfRobotsOnBlackSite,numberOfRobotsOnWhiteSite
10660,26,15
timeStep,numberOfRobotsOnBlackSite,numberOfRobotsOnWhiteSite
10661,26,15
timeStep,numberOfRobotsOnBlackSite,numberOfRobotsOnWhiteSite
10662,26,15
timeStep,numberOfRobotsOnBlackSite,numberOfRobotsOnWhiteSite
10663,26,15
timeStep,numberOfRobotsOnBlackSite,numberOfRobotsOnWhiteSite
10664,26,15
timeStep,numberOfRobotsOnBlackSite,numberOfRobotsOnWhiteSite
10665,26,15
timeStep,numberOfRobotsOnBlackSite,numberOfRobotsOnWhiteSite
10666,26,15
timeStep,numberOfRobotsOnBlackSite,numberOfRobotsOnWhiteSite
10667,26,15
timeStep,numberOfRobotsOnBlackSite,numberOfRobotsOnWhiteSite
10668,26,15
timeStep,numberOfRobotsOnBlackSite,numberOfRobotsOnWhiteSite
10669,26,15
timeStep,numberOfRobotsOnBlackSite,numberOfRobotsOnWhiteSite
10670,26,15
timeStep,numberOfRobotsOnBlackSite,numberOfRobotsOnWhiteSite
10671,26,15
timeStep,numberOfRobotsOnBlackSite,numberOfRobotsOnWhiteSite
10672,26,15
timeStep,numberOfRobotsOnBlackSite,numberOfRobotsOnWhiteSite
10673,26,15
timeStep,numberOfRobotsOnBlackSite,numberOfRobotsOnWhiteSite
10674,26,15
timeStep,numberOfRobotsOnBlackSite,numberOfRobotsOnWhiteSite
10675,26,15
timeStep,numberOfRobotsOnBlackSite,numberOfRobotsOnWhiteSite
10676,26,15
timeStep,numberOfRobotsOnBlackSite,numberOfRobotsOnWhiteSite
10677,26,15
timeStep,numberOfRobotsOnBlackSite,numberOfRobotsOnWhiteSite
10678,26,15
timeStep,numberOfRobotsOnBlackSite,numberOfRobotsOnWhiteSite
10679,26,15
timeStep,numberOfRobotsOnBlackSite,numberOfRobotsOnWhiteSite
10680,26,15
timeStep,numberOfRobotsOnBlackSite,numberOfRobotsOnWhiteSite
10681,26,15
timeStep,numberOfRobotsOnBlackSite,numberOfRobotsOnWhiteSite
10682,26,15
timeStep,numberOfRobotsOnBlackSite,numberOfRobotsOnWhiteSite
10683,26,15
timeStep,numberOfRobotsOnBlackSite,numberOfRobotsOnWhiteSite
10684,26,15
timeStep,numberOfRobotsOnBlackSite,numberOfRobotsOnWhiteSite
10685,26,15
timeStep,numberOfRobotsOnBlackSite,numberOfRobotsOnWhiteSite
10686,26,15
timeStep,numberOfRobotsOnBlackSite,numberOfRobotsOnWhiteSite
10687,26,15
timeStep,numberOfRobotsOnBlackSite,numberOfRobotsOnWhiteSite
10688,26,15
timeStep,numberOfRobotsOnBlackSite,numberOfRobotsOnWhiteSite
10689,26,15
timeStep,numberOfRobotsOnBlackSite,numberOfRobotsOnWhiteSite
10690,26,15
timeStep,numberOfRobotsOnBlackSite,numberOfRobotsOnWhiteSite
10691,26,15
timeStep,numberOfRobotsOnBlackSite,numberOfRobotsOnWhiteSite
10692,26,15
timeStep,numberOfRobotsOnBlackSite,numberOfRobotsOnWhiteSite
10693,26,15
timeStep,numberOfRobotsOnBlackSite,numberOfRobotsOnWhiteSite
10694,26,15
timeStep,numberOfRobotsOnBlackSite,numberOfRobotsOnWhiteSite
10695,26,15
timeStep,numberOfRobotsOnBlackSite,numberOfRobotsOnWhiteSite
10696,26,15
timeStep,numberOfRobotsOnBlackSite,numberOfRobotsOnWhiteSite
10697,26,15
timeStep,numberOfRobotsOnBlackSite,numberOfRobotsOnWhiteSite
10698,26,15
timeStep,numberOfRobotsOnBlackSite,numberOfRobotsOnWhiteSite
10699,26,15
timeStep,numberOfRobotsOnBlackSite,numberOfRobotsOnWhiteSite
10700,26,15
timeStep,numberOfRobotsOnBlackSite,numberOfRobotsOnWhiteSite
10701,26,15
timeStep,numberOfRobotsOnBlackSite,numberOfRobotsOnWhiteSite
10702,26,15
timeStep,numberOfRobotsOnBlackSite,numberOfRobotsOnWhiteSite
10703,26,15
timeStep,numberOfRobotsOnBlackSite,numberOfRobotsOnWhiteSite
10704,26,15
timeStep,numberOfRobotsOnBlackSite,numberOfRobotsOnWhiteSite
10705,26,15
timeStep,numberOfRobotsOnBlackSite,numberOfRobotsOnWhiteSite
10706,26,15
timeStep,numberOfRobotsOnBlackSite,numberOfRobotsOnWhiteSite
10707,26,15
timeStep,numberOfRobotsOnBlackSite,numberOfRobotsOnWhiteSite
10708,26,15
timeStep,numberOfRobotsOnBlackSite,numberOfRobotsOnWhiteSite
10709,26,15
timeStep,numberOfRobotsOnBlackSite,numberOfRobotsOnWhiteSite
10710,27,15
timeStep,numberOfRobotsOnBlackSite,numberOfRobotsOnWhiteSite
10711,27,15
timeStep,numberOfRobotsOnBlackSite,numberOfRobotsOnWhiteSite
10712,27,15
timeStep,numberOfRobotsOnBlackSite,numberOfRobotsOnWhiteSite
10713,27,15
timeStep,numberOfRobotsOnBlackSite,numberOfRobotsOnWhiteSite
10714,27,15
timeStep,numberOfRobotsOnBlackSite,numberOfRobotsOnWhiteSite
10715,26,15
timeStep,numberOfRobotsOnBlackSite,numberOfRobotsOnWhiteSite
10716,26,15
timeStep,numberOfRobotsOnBlackSite,numberOfRobotsOnWhiteSite
10717,26,15
timeStep,numberOfRobotsOnBlackSite,numberOfRobotsOnWhiteSite
10718,26,15
timeStep,numberOfRobotsOnBlackSite,numberOfRobotsOnWhiteSite
10719,26,15
timeStep,numberOfRobotsOnBlackSite,numberOfRobotsOnWhiteSite
10720,26,15
timeStep,numberOfRobotsOnBlackSite,numberOfRobotsOnWhiteSite
10721,26,15
timeStep,numberOfRobotsOnBlackSite,numberOfRobotsOnWhiteSite
10722,26,15
timeStep,numberOfRobotsOnBlackSite,numberOfRobotsOnWhiteSite
10723,26,15
timeStep,numberOfRobotsOnBlackSite,numberOfRobotsOnWhiteSite
10724,26,15
timeStep,numberOfRobotsOnBlackSite,numberOfRobotsOnWhiteSite
10725,26,15
timeStep,numberOfRobotsOnBlackSite,numberOfRobotsOnWhiteSite
10726,26,15
timeStep,numberOfRobotsOnBlackSite,numberOfRobotsOnWhiteSite
10727,26,15
timeStep,numberOfRobotsOnBlackSite,numberOfRobotsOnWhiteSite
10728,26,15
timeStep,numberOfRobotsOnBlackSite,numberOfRobotsOnWhiteSite
10729,26,15
timeStep,numberOfRobotsOnBlackSite,numberOfRobotsOnWhiteSite
10730,26,15
timeStep,numberOfRobotsOnBlackSite,numberOfRobotsOnWhiteSite
10731,26,15
timeStep,numberOfRobotsOnBlackSite,numberOfRobotsOnWhiteSite
10732,26,15
timeStep,numberOfRobotsOnBlackSite,numberOfRobotsOnWhiteSite
10733,26,15
timeStep,numberOfRobotsOnBlackSite,numberOfRobotsOnWhiteSite
10734,26,15
timeStep,numberOfRobotsOnBlackSite,numberOfRobotsOnWhiteSite
10735,26,15
timeStep,numberOfRobotsOnBlackSite,numberOfRobotsOnWhiteSite
10736,26,15
timeStep,numberOfRobotsOnBlackSite,numberOfRobotsOnWhiteSite
10737,26,15
timeStep,numberOfRobotsOnBlackSite,numberOfRobotsOnWhiteSite
10738,26,15
timeStep,numberOfRobotsOnBlackSite,numberOfRobotsOnWhiteSite
10739,26,15
timeStep,numberOfRobotsOnBlackSite,numberOfRobotsOnWhiteSite
10740,26,15
timeStep,numberOfRobotsOnBlackSite,numberOfRobotsOnWhiteSite
10741,26,15
timeStep,numberOfRobotsOnBlackSite,numberOfRobotsOnWhiteSite
10742,26,15
timeStep,numberOfRobotsOnBlackSite,numberOfRobotsOnWhiteSite
10743,26,15
timeStep,numberOfRobotsOnBlackSite,numberOfRobotsOnWhiteSite
10744,26,15
timeStep,numberOfRobotsOnBlackSite,numberOfRobotsOnWhiteSite
10745,26,15
timeStep,numberOfRobotsOnBlackSite,numberOfRobotsOnWhiteSite
10746,26,15
timeStep,numberOfRobotsOnBlackSite,numberOfRobotsOnWhiteSite
10747,26,15
timeStep,numberOfRobotsOnBlackSite,numberOfRobotsOnWhiteSite
10748,26,15
timeStep,numberOfRobotsOnBlackSite,numberOfRobotsOnWhiteSite
10749,26,15
timeStep,numberOfRobotsOnBlackSite,numberOfRobotsOnWhiteSite
10750,26,15
timeStep,numberOfRobotsOnBlackSite,numberOfRobotsOnWhiteSite
10751,26,15
timeStep,numberOfRobotsOnBlackSite,numberOfRobotsOnWhiteSite
10752,26,15
timeStep,numberOfRobotsOnBlackSite,numberOfRobotsOnWhiteSite
10753,26,15
timeStep,numberOfRobotsOnBlackSite,numberOfRobotsOnWhiteSite
10754,26,15
timeStep,numberOfRobotsOnBlackSite,numberOfRobotsOnWhiteSite
10755,26,15
timeStep,numberOfRobotsOnBlackSite,numberOfRobotsOnWhiteSite
10756,26,15
timeStep,numberOfRobotsOnBlackSite,numberOfRobotsOnWhiteSite
10757,26,15
timeStep,numberOfRobotsOnBlackSite,numberOfRobotsOnWhiteSite
10758,26,15
timeStep,numberOfRobotsOnBlackSite,numberOfRobotsOnWhiteSite
10759,26,15
timeStep,numberOfRobotsOnBlackSite,numberOfRobotsOnWhiteSite
10760,25,15
timeStep,numberOfRobotsOnBlackSite,numberOfRobotsOnWhiteSite
10761,25,15
timeStep,numberOfRobotsOnBlackSite,numberOfRobotsOnWhiteSite
10762,25,15
timeStep,numberOfRobotsOnBlackSite,numberOfRobotsOnWhiteSite
10763,25,15
timeStep,numberOfRobotsOnBlackSite,numberOfRobotsOnWhiteSite
10764,25,15
timeStep,numberOfRobotsOnBlackSite,numberOfRobotsOnWhiteSite
10765,25,15
timeStep,numberOfRobotsOnBlackSite,numberOfRobotsOnWhiteSite
10766,25,15
timeStep,numberOfRobotsOnBlackSite,numberOfRobotsOnWhiteSite
10767,25,15
timeStep,numberOfRobotsOnBlackSite,numberOfRobotsOnWhiteSite
10768,25,15
timeStep,numberOfRobotsOnBlackSite,numberOfRobotsOnWhiteSite
10769,25,15
timeStep,numberOfRobotsOnBlackSite,numberOfRobotsOnWhiteSite
10770,25,15
timeStep,numberOfRobotsOnBlackSite,numberOfRobotsOnWhiteSite
10771,25,15
timeStep,numberOfRobotsOnBlackSite,numberOfRobotsOnWhiteSite
10772,25,15
timeStep,numberOfRobotsOnBlackSite,numberOfRobotsOnWhiteSite
10773,25,15
timeStep,numberOfRobotsOnBlackSite,numberOfRobotsOnWhiteSite
10774,25,15
timeStep,numberOfRobotsOnBlackSite,numberOfRobotsOnWhiteSite
10775,25,15
timeStep,numberOfRobotsOnBlackSite,numberOfRobotsOnWhiteSite
10776,25,15
timeStep,numberOfRobotsOnBlackSite,numberOfRobotsOnWhiteSite
10777,25,15
timeStep,numberOfRobotsOnBlackSite,numberOfRobotsOnWhiteSite
10778,25,15
timeStep,numberOfRobotsOnBlackSite,numberOfRobotsOnWhiteSite
10779,25,15
timeStep,numberOfRobotsOnBlackSite,numberOfRobotsOnWhiteSite
10780,25,15
timeStep,numberOfRobotsOnBlackSite,numberOfRobotsOnWhiteSite
10781,25,15
timeStep,numberOfRobotsOnBlackSite,numberOfRobotsOnWhiteSite
10782,25,15
timeStep,numberOfRobotsOnBlackSite,numberOfRobotsOnWhiteSite
10783,25,15
timeStep,numberOfRobotsOnBlackSite,numberOfRobotsOnWhiteSite
10784,25,15
timeStep,numberOfRobotsOnBlackSite,numberOfRobotsOnWhiteSite
10785,25,15
timeStep,numberOfRobotsOnBlackSite,numberOfRobotsOnWhiteSite
10786,25,15
timeStep,numberOfRobotsOnBlackSite,numberOfRobotsOnWhiteSite
10787,25,15
timeStep,numberOfRobotsOnBlackSite,numberOfRobotsOnWhiteSite
10788,25,15
timeStep,numberOfRobotsOnBlackSite,numberOfRobotsOnWhiteSite
10789,25,15
timeStep,numberOfRobotsOnBlackSite,numberOfRobotsOnWhiteSite
10790,25,15
timeStep,numberOfRobotsOnBlackSite,numberOfRobotsOnWhiteSite
10791,25,15
timeStep,numberOfRobotsOnBlackSite,numberOfRobotsOnWhiteSite
10792,25,15
timeStep,numberOfRobotsOnBlackSite,numberOfRobotsOnWhiteSite
10793,25,15
timeStep,numberOfRobotsOnBlackSite,numberOfRobotsOnWhiteSite
10794,25,15
timeStep,numberOfRobotsOnBlackSite,numberOfRobotsOnWhiteSite
10795,25,15
timeStep,numberOfRobotsOnBlackSite,numberOfRobotsOnWhiteSite
10796,25,15
timeStep,numberOfRobotsOnBlackSite,numberOfRobotsOnWhiteSite
10797,25,15
timeStep,numberOfRobotsOnBlackSite,numberOfRobotsOnWhiteSite
10798,25,15
timeStep,numberOfRobotsOnBlackSite,numberOfRobotsOnWhiteSite
10799,25,15
timeStep,numberOfRobotsOnBlackSite,numberOfRobotsOnWhiteSite
10800,25,15
timeStep,numberOfRobotsOnBlackSite,numberOfRobotsOnWhiteSite
10801,25,15
timeStep,numberOfRobotsOnBlackSite,numberOfRobotsOnWhiteSite
10802,25,15
timeStep,numberOfRobotsOnBlackSite,numberOfRobotsOnWhiteSite
10803,25,15
timeStep,numberOfRobotsOnBlackSite,numberOfRobotsOnWhiteSite
10804,25,15
timeStep,numberOfRobotsOnBlackSite,numberOfRobotsOnWhiteSite
10805,25,15
timeStep,numberOfRobotsOnBlackSite,numberOfRobotsOnWhiteSite
10806,25,15
timeStep,numberOfRobotsOnBlackSite,numberOfRobotsOnWhiteSite
10807,25,15
timeStep,numberOfRobotsOnBlackSite,numberOfRobotsOnWhiteSite
10808,25,15
timeStep,numberOfRobotsOnBlackSite,numberOfRobotsOnWhiteSite
10809,25,15
timeStep,numberOfRobotsOnBlackSite,numberOfRobotsOnWhiteSite
10810,25,15
timeStep,numberOfRobotsOnBlackSite,numberOfRobotsOnWhiteSite
10811,25,15
timeStep,numberOfRobotsOnBlackSite,numberOfRobotsOnWhiteSite
10812,25,15
timeStep,numberOfRobotsOnBlackSite,numberOfRobotsOnWhiteSite
10813,25,15
timeStep,numberOfRobotsOnBlackSite,numberOfRobotsOnWhiteSite
10814,25,15
timeStep,numberOfRobotsOnBlackSite,numberOfRobotsOnWhiteSite
10815,25,15
timeStep,numberOfRobotsOnBlackSite,numberOfRobotsOnWhiteSite
10816,25,15
timeStep,numberOfRobotsOnBlackSite,numberOfRobotsOnWhiteSite
10817,25,15
timeStep,numberOfRobotsOnBlackSite,numberOfRobotsOnWhiteSite
10818,25,15
timeStep,numberOfRobotsOnBlackSite,numberOfRobotsOnWhiteSite
10819,25,15
timeStep,numberOfRobotsOnBlackSite,numberOfRobotsOnWhiteSite
10820,26,15
timeStep,numberOfRobotsOnBlackSite,numberOfRobotsOnWhiteSite
10821,26,15
timeStep,numberOfRobotsOnBlackSite,numberOfRobotsOnWhiteSite
10822,26,15
timeStep,numberOfRobotsOnBlackSite,numberOfRobotsOnWhiteSite
10823,26,15
timeStep,numberOfRobotsOnBlackSite,numberOfRobotsOnWhiteSite
10824,26,15
timeStep,numberOfRobotsOnBlackSite,numberOfRobotsOnWhiteSite
10825,26,15
timeStep,numberOfRobotsOnBlackSite,numberOfRobotsOnWhiteSite
10826,26,15
timeStep,numberOfRobotsOnBlackSite,numberOfRobotsOnWhiteSite
10827,26,15
timeStep,numberOfRobotsOnBlackSite,numberOfRobotsOnWhiteSite
10828,26,15
timeStep,numberOfRobotsOnBlackSite,numberOfRobotsOnWhiteSite
10829,26,15
timeStep,numberOfRobotsOnBlackSite,numberOfRobotsOnWhiteSite
10830,26,15
timeStep,numberOfRobotsOnBlackSite,numberOfRobotsOnWhiteSite
10831,26,15
timeStep,numberOfRobotsOnBlackSite,numberOfRobotsOnWhiteSite
10832,26,15
timeStep,numberOfRobotsOnBlackSite,numberOfRobotsOnWhiteSite
10833,26,15
timeStep,numberOfRobotsOnBlackSite,numberOfRobotsOnWhiteSite
10834,26,15
timeStep,numberOfRobotsOnBlackSite,numberOfRobotsOnWhiteSite
10835,26,15
timeStep,numberOfRobotsOnBlackSite,numberOfRobotsOnWhiteSite
10836,26,15
timeStep,numberOfRobotsOnBlackSite,numberOfRobotsOnWhiteSite
10837,26,15
timeStep,numberOfRobotsOnBlackSite,numberOfRobotsOnWhiteSite
10838,26,15
timeStep,numberOfRobotsOnBlackSite,numberOfRobotsOnWhiteSite
10839,26,15
timeStep,numberOfRobotsOnBlackSite,numberOfRobotsOnWhiteSite
10840,26,15
timeStep,numberOfRobotsOnBlackSite,numberOfRobotsOnWhiteSite
10841,26,15
timeStep,numberOfRobotsOnBlackSite,numberOfRobotsOnWhiteSite
10842,26,15
timeStep,numberOfRobotsOnBlackSite,numberOfRobotsOnWhiteSite
10843,26,15
timeStep,numberOfRobotsOnBlackSite,numberOfRobotsOnWhiteSite
10844,26,15
timeStep,numberOfRobotsOnBlackSite,numberOfRobotsOnWhiteSite
10845,26,15
timeStep,numberOfRobotsOnBlackSite,numberOfRobotsOnWhiteSite
10846,26,15
timeStep,numberOfRobotsOnBlackSite,numberOfRobotsOnWhiteSite
10847,26,15
timeStep,numberOfRobotsOnBlackSite,numberOfRobotsOnWhiteSite
10848,26,15
timeStep,numberOfRobotsOnBlackSite,numberOfRobotsOnWhiteSite
10849,26,15
timeStep,numberOfRobotsOnBlackSite,numberOfRobotsOnWhiteSite
10850,26,15
timeStep,numberOfRobotsOnBlackSite,numberOfRobotsOnWhiteSite
10851,26,15
timeStep,numberOfRobotsOnBlackSite,numberOfRobotsOnWhiteSite
10852,26,15
timeStep,numberOfRobotsOnBlackSite,numberOfRobotsOnWhiteSite
10853,26,15
timeStep,numberOfRobotsOnBlackSite,numberOfRobotsOnWhiteSite
10854,26,15
timeStep,numberOfRobotsOnBlackSite,numberOfRobotsOnWhiteSite
10855,26,15
timeStep,numberOfRobotsOnBlackSite,numberOfRobotsOnWhiteSite
10856,26,15
timeStep,numberOfRobotsOnBlackSite,numberOfRobotsOnWhiteSite
10857,26,15
timeStep,numberOfRobotsOnBlackSite,numberOfRobotsOnWhiteSite
10858,26,15
timeStep,numberOfRobotsOnBlackSite,numberOfRobotsOnWhiteSite
10859,26,15
timeStep,numberOfRobotsOnBlackSite,numberOfRobotsOnWhiteSite
10860,26,15
timeStep,numberOfRobotsOnBlackSite,numberOfRobotsOnWhiteSite
10861,26,15
timeStep,numberOfRobotsOnBlackSite,numberOfRobotsOnWhiteSite
10862,26,15
timeStep,numberOfRobotsOnBlackSite,numberOfRobotsOnWhiteSite
10863,26,15
timeStep,numberOfRobotsOnBlackSite,numberOfRobotsOnWhiteSite
10864,26,15
timeStep,numberOfRobotsOnBlackSite,numberOfRobotsOnWhiteSite
10865,26,15
timeStep,numberOfRobotsOnBlackSite,numberOfRobotsOnWhiteSite
10866,26,15
timeStep,numberOfRobotsOnBlackSite,numberOfRobotsOnWhiteSite
10867,26,15
timeStep,numberOfRobotsOnBlackSite,numberOfRobotsOnWhiteSite
10868,26,15
timeStep,numberOfRobotsOnBlackSite,numberOfRobotsOnWhiteSite
10869,26,15
timeStep,numberOfRobotsOnBlackSite,numberOfRobotsOnWhiteSite
10870,26,15
timeStep,numberOfRobotsOnBlackSite,numberOfRobotsOnWhiteSite
10871,26,15
timeStep,numberOfRobotsOnBlackSite,numberOfRobotsOnWhiteSite
10872,26,15
timeStep,numberOfRobotsOnBlackSite,numberOfRobotsOnWhiteSite
10873,26,15
timeStep,numberOfRobotsOnBlackSite,numberOfRobotsOnWhiteSite
10874,26,15
timeStep,numberOfRobotsOnBlackSite,numberOfRobotsOnWhiteSite
10875,26,15
timeStep,numberOfRobotsOnBlackSite,numberOfRobotsOnWhiteSite
10876,26,15
timeStep,numberOfRobotsOnBlackSite,numberOfRobotsOnWhiteSite
10877,26,15
timeStep,numberOfRobotsOnBlackSite,numberOfRobotsOnWhiteSite
10878,26,15
timeStep,numberOfRobotsOnBlackSite,numberOfRobotsOnWhiteSite
10879,26,15
timeStep,numberOfRobotsOnBlackSite,numberOfRobotsOnWhiteSite
10880,25,15
timeStep,numberOfRobotsOnBlackSite,numberOfRobotsOnWhiteSite
10881,25,15
timeStep,numberOfRobotsOnBlackSite,numberOfRobotsOnWhiteSite
10882,25,15
timeStep,numberOfRobotsOnBlackSite,numberOfRobotsOnWhiteSite
10883,25,15
timeStep,numberOfRobotsOnBlackSite,numberOfRobotsOnWhiteSite
10884,25,15
timeStep,numberOfRobotsOnBlackSite,numberOfRobotsOnWhiteSite
10885,25,15
timeStep,numberOfRobotsOnBlackSite,numberOfRobotsOnWhiteSite
10886,25,15
timeStep,numberOfRobotsOnBlackSite,numberOfRobotsOnWhiteSite
10887,25,15
timeStep,numberOfRobotsOnBlackSite,numberOfRobotsOnWhiteSite
10888,25,15
timeStep,numberOfRobotsOnBlackSite,numberOfRobotsOnWhiteSite
10889,25,15
timeStep,numberOfRobotsOnBlackSite,numberOfRobotsOnWhiteSite
10890,25,15
timeStep,numberOfRobotsOnBlackSite,numberOfRobotsOnWhiteSite
10891,25,15
timeStep,numberOfRobotsOnBlackSite,numberOfRobotsOnWhiteSite
10892,25,15
timeStep,numberOfRobotsOnBlackSite,numberOfRobotsOnWhiteSite
10893,25,15
timeStep,numberOfRobotsOnBlackSite,numberOfRobotsOnWhiteSite
10894,25,15
timeStep,numberOfRobotsOnBlackSite,numberOfRobotsOnWhiteSite
10895,25,15
timeStep,numberOfRobotsOnBlackSite,numberOfRobotsOnWhiteSite
10896,25,15
timeStep,numberOfRobotsOnBlackSite,numberOfRobotsOnWhiteSite
10897,25,15
timeStep,numberOfRobotsOnBlackSite,numberOfRobotsOnWhiteSite
10898,25,15
timeStep,numberOfRobotsOnBlackSite,numberOfRobotsOnWhiteSite
10899,25,15
timeStep,numberOfRobotsOnBlackSite,numberOfRobotsOnWhiteSite
10900,25,15
timeStep,numberOfRobotsOnBlackSite,numberOfRobotsOnWhiteSite
10901,25,15
timeStep,numberOfRobotsOnBlackSite,numberOfRobotsOnWhiteSite
10902,25,15
timeStep,numberOfRobotsOnBlackSite,numberOfRobotsOnWhiteSite
10903,25,15
timeStep,numberOfRobotsOnBlackSite,numberOfRobotsOnWhiteSite
10904,25,15
timeStep,numberOfRobotsOnBlackSite,numberOfRobotsOnWhiteSite
10905,25,15
timeStep,numberOfRobotsOnBlackSite,numberOfRobotsOnWhiteSite
10906,25,15
timeStep,numberOfRobotsOnBlackSite,numberOfRobotsOnWhiteSite
10907,25,15
timeStep,numberOfRobotsOnBlackSite,numberOfRobotsOnWhiteSite
10908,25,15
timeStep,numberOfRobotsOnBlackSite,numberOfRobotsOnWhiteSite
10909,25,15
timeStep,numberOfRobotsOnBlackSite,numberOfRobotsOnWhiteSite
10910,25,15
timeStep,numberOfRobotsOnBlackSite,numberOfRobotsOnWhiteSite
10911,25,15
timeStep,numberOfRobotsOnBlackSite,numberOfRobotsOnWhiteSite
10912,25,15
timeStep,numberOfRobotsOnBlackSite,numberOfRobotsOnWhiteSite
10913,25,15
timeStep,numberOfRobotsOnBlackSite,numberOfRobotsOnWhiteSite
10914,25,15
timeStep,numberOfRobotsOnBlackSite,numberOfRobotsOnWhiteSite
10915,25,15
timeStep,numberOfRobotsOnBlackSite,numberOfRobotsOnWhiteSite
10916,25,15
timeStep,numberOfRobotsOnBlackSite,numberOfRobotsOnWhiteSite
10917,25,15
timeStep,numberOfRobotsOnBlackSite,numberOfRobotsOnWhiteSite
10918,25,15
timeStep,numberOfRobotsOnBlackSite,numberOfRobotsOnWhiteSite
10919,25,15
timeStep,numberOfRobotsOnBlackSite,numberOfRobotsOnWhiteSite
10920,25,15
timeStep,numberOfRobotsOnBlackSite,numberOfRobotsOnWhiteSite
10921,25,15
timeStep,numberOfRobotsOnBlackSite,numberOfRobotsOnWhiteSite
10922,25,15
timeStep,numberOfRobotsOnBlackSite,numberOfRobotsOnWhiteSite
10923,25,15
timeStep,numberOfRobotsOnBlackSite,numberOfRobotsOnWhiteSite
10924,25,15
timeStep,numberOfRobotsOnBlackSite,numberOfRobotsOnWhiteSite
10925,24,15
timeStep,numberOfRobotsOnBlackSite,numberOfRobotsOnWhiteSite
10926,24,15
timeStep,numberOfRobotsOnBlackSite,numberOfRobotsOnWhiteSite
10927,24,15
timeStep,numberOfRobotsOnBlackSite,numberOfRobotsOnWhiteSite
10928,24,15
timeStep,numberOfRobotsOnBlackSite,numberOfRobotsOnWhiteSite
10929,24,15
timeStep,numberOfRobotsOnBlackSite,numberOfRobotsOnWhiteSite
10930,24,15
timeStep,numberOfRobotsOnBlackSite,numberOfRobotsOnWhiteSite
10931,24,15
timeStep,numberOfRobotsOnBlackSite,numberOfRobotsOnWhiteSite
10932,24,15
timeStep,numberOfRobotsOnBlackSite,numberOfRobotsOnWhiteSite
10933,24,15
timeStep,numberOfRobotsOnBlackSite,numberOfRobotsOnWhiteSite
10934,24,15
timeStep,numberOfRobotsOnBlackSite,numberOfRobotsOnWhiteSite
10935,24,15
timeStep,numberOfRobotsOnBlackSite,numberOfRobotsOnWhiteSite
10936,24,15
timeStep,numberOfRobotsOnBlackSite,numberOfRobotsOnWhiteSite
10937,24,15
timeStep,numberOfRobotsOnBlackSite,numberOfRobotsOnWhiteSite
10938,24,15
timeStep,numberOfRobotsOnBlackSite,numberOfRobotsOnWhiteSite
10939,24,15
timeStep,numberOfRobotsOnBlackSite,numberOfRobotsOnWhiteSite
10940,24,15
timeStep,numberOfRobotsOnBlackSite,numberOfRobotsOnWhiteSite
10941,24,15
timeStep,numberOfRobotsOnBlackSite,numberOfRobotsOnWhiteSite
10942,24,15
timeStep,numberOfRobotsOnBlackSite,numberOfRobotsOnWhiteSite
10943,24,15
timeStep,numberOfRobotsOnBlackSite,numberOfRobotsOnWhiteSite
10944,24,15
timeStep,numberOfRobotsOnBlackSite,numberOfRobotsOnWhiteSite
10945,24,15
timeStep,numberOfRobotsOnBlackSite,numberOfRobotsOnWhiteSite
10946,24,15
timeStep,numberOfRobotsOnBlackSite,numberOfRobotsOnWhiteSite
10947,24,15
timeStep,numberOfRobotsOnBlackSite,numberOfRobotsOnWhiteSite
10948,24,15
timeStep,numberOfRobotsOnBlackSite,numberOfRobotsOnWhiteSite
10949,24,15
timeStep,numberOfRobotsOnBlackSite,numberOfRobotsOnWhiteSite
10950,24,15
timeStep,numberOfRobotsOnBlackSite,numberOfRobotsOnWhiteSite
10951,24,15
timeStep,numberOfRobotsOnBlackSite,numberOfRobotsOnWhiteSite
10952,24,15
timeStep,numberOfRobotsOnBlackSite,numberOfRobotsOnWhiteSite
10953,24,15
timeStep,numberOfRobotsOnBlackSite,numberOfRobotsOnWhiteSite
10954,24,15
timeStep,numberOfRobotsOnBlackSite,numberOfRobotsOnWhiteSite
10955,24,15
timeStep,numberOfRobotsOnBlackSite,numberOfRobotsOnWhiteSite
10956,24,15
timeStep,numberOfRobotsOnBlackSite,numberOfRobotsOnWhiteSite
10957,24,15
timeStep,numberOfRobotsOnBlackSite,numberOfRobotsOnWhiteSite
10958,24,15
timeStep,numberOfRobotsOnBlackSite,numberOfRobotsOnWhiteSite
10959,24,15
timeStep,numberOfRobotsOnBlackSite,numberOfRobotsOnWhiteSite
10960,24,15
timeStep,numberOfRobotsOnBlackSite,numberOfRobotsOnWhiteSite
10961,24,15
timeStep,numberOfRobotsOnBlackSite,numberOfRobotsOnWhiteSite
10962,24,15
timeStep,numberOfRobotsOnBlackSite,numberOfRobotsOnWhiteSite
10963,24,15
timeStep,numberOfRobotsOnBlackSite,numberOfRobotsOnWhiteSite
10964,24,15
timeStep,numberOfRobotsOnBlackSite,numberOfRobotsOnWhiteSite
10965,25,15
timeStep,numberOfRobotsOnBlackSite,numberOfRobotsOnWhiteSite
10966,25,15
timeStep,numberOfRobotsOnBlackSite,numberOfRobotsOnWhiteSite
10967,25,15
timeStep,numberOfRobotsOnBlackSite,numberOfRobotsOnWhiteSite
10968,25,15
timeStep,numberOfRobotsOnBlackSite,numberOfRobotsOnWhiteSite
10969,25,15
timeStep,numberOfRobotsOnBlackSite,numberOfRobotsOnWhiteSite
10970,25,15
timeStep,numberOfRobotsOnBlackSite,numberOfRobotsOnWhiteSite
10971,25,15
timeStep,numberOfRobotsOnBlackSite,numberOfRobotsOnWhiteSite
10972,25,15
timeStep,numberOfRobotsOnBlackSite,numberOfRobotsOnWhiteSite
10973,25,15
timeStep,numberOfRobotsOnBlackSite,numberOfRobotsOnWhiteSite
10974,25,15
timeStep,numberOfRobotsOnBlackSite,numberOfRobotsOnWhiteSite
10975,25,15
timeStep,numberOfRobotsOnBlackSite,numberOfRobotsOnWhiteSite
10976,25,15
timeStep,numberOfRobotsOnBlackSite,numberOfRobotsOnWhiteSite
10977,25,15
timeStep,numberOfRobotsOnBlackSite,numberOfRobotsOnWhiteSite
10978,25,15
timeStep,numberOfRobotsOnBlackSite,numberOfRobotsOnWhiteSite
10979,25,15
timeStep,numberOfRobotsOnBlackSite,numberOfRobotsOnWhiteSite
10980,25,15
timeStep,numberOfRobotsOnBlackSite,numberOfRobotsOnWhiteSite
10981,25,15
timeStep,numberOfRobotsOnBlackSite,numberOfRobotsOnWhiteSite
10982,25,15
timeStep,numberOfRobotsOnBlackSite,numberOfRobotsOnWhiteSite
10983,25,15
timeStep,numberOfRobotsOnBlackSite,numberOfRobotsOnWhiteSite
10984,25,15
timeStep,numberOfRobotsOnBlackSite,numberOfRobotsOnWhiteSite
10985,25,15
timeStep,numberOfRobotsOnBlackSite,numberOfRobotsOnWhiteSite
10986,25,15
timeStep,numberOfRobotsOnBlackSite,numberOfRobotsOnWhiteSite
10987,25,15
timeStep,numberOfRobotsOnBlackSite,numberOfRobotsOnWhiteSite
10988,25,15
timeStep,numberOfRobotsOnBlackSite,numberOfRobotsOnWhiteSite
10989,25,15
timeStep,numberOfRobotsOnBlackSite,numberOfRobotsOnWhiteSite
10990,25,15
timeStep,numberOfRobotsOnBlackSite,numberOfRobotsOnWhiteSite
10991,25,15
timeStep,numberOfRobotsOnBlackSite,numberOfRobotsOnWhiteSite
10992,25,15
timeStep,numberOfRobotsOnBlackSite,numberOfRobotsOnWhiteSite
10993,25,15
timeStep,numberOfRobotsOnBlackSite,numberOfRobotsOnWhiteSite
10994,25,15
timeStep,numberOfRobotsOnBlackSite,numberOfRobotsOnWhiteSite
10995,25,15
timeStep,numberOfRobotsOnBlackSite,numberOfRobotsOnWhiteSite
10996,25,15
timeStep,numberOfRobotsOnBlackSite,numberOfRobotsOnWhiteSite
10997,25,15
timeStep,numberOfRobotsOnBlackSite,numberOfRobotsOnWhiteSite
10998,25,15
timeStep,numberOfRobotsOnBlackSite,numberOfRobotsOnWhiteSite
10999,25,15
timeStep,numberOfRobotsOnBlackSite,numberOfRobotsOnWhiteSite
11000,25,15
timeStep,numberOfRobotsOnBlackSite,numberOfRobotsOnWhiteSite
11001,25,15
timeStep,numberOfRobotsOnBlackSite,numberOfRobotsOnWhiteSite
11002,25,15
timeStep,numberOfRobotsOnBlackSite,numberOfRobotsOnWhiteSite
11003,25,15
timeStep,numberOfRobotsOnBlackSite,numberOfRobotsOnWhiteSite
11004,25,15
timeStep,numberOfRobotsOnBlackSite,numberOfRobotsOnWhiteSite
11005,25,15
timeStep,numberOfRobotsOnBlackSite,numberOfRobotsOnWhiteSite
11006,25,15
timeStep,numberOfRobotsOnBlackSite,numberOfRobotsOnWhiteSite
11007,25,15
timeStep,numberOfRobotsOnBlackSite,numberOfRobotsOnWhiteSite
11008,25,15
timeStep,numberOfRobotsOnBlackSite,numberOfRobotsOnWhiteSite
11009,25,15
timeStep,numberOfRobotsOnBlackSite,numberOfRobotsOnWhiteSite
11010,25,15
timeStep,numberOfRobotsOnBlackSite,numberOfRobotsOnWhiteSite
11011,25,15
timeStep,numberOfRobotsOnBlackSite,numberOfRobotsOnWhiteSite
11012,25,15
timeStep,numberOfRobotsOnBlackSite,numberOfRobotsOnWhiteSite
11013,25,15
timeStep,numberOfRobotsOnBlackSite,numberOfRobotsOnWhiteSite
11014,25,15
timeStep,numberOfRobotsOnBlackSite,numberOfRobotsOnWhiteSite
11015,25,15
timeStep,numberOfRobotsOnBlackSite,numberOfRobotsOnWhiteSite
11016,25,15
timeStep,numberOfRobotsOnBlackSite,numberOfRobotsOnWhiteSite
11017,25,15
timeStep,numberOfRobotsOnBlackSite,numberOfRobotsOnWhiteSite
11018,25,15
timeStep,numberOfRobotsOnBlackSite,numberOfRobotsOnWhiteSite
11019,25,15
timeStep,numberOfRobotsOnBlackSite,numberOfRobotsOnWhiteSite
11020,25,15
timeStep,numberOfRobotsOnBlackSite,numberOfRobotsOnWhiteSite
11021,25,15
timeStep,numberOfRobotsOnBlackSite,numberOfRobotsOnWhiteSite
11022,25,15
timeStep,numberOfRobotsOnBlackSite,numberOfRobotsOnWhiteSite
11023,25,15
timeStep,numberOfRobotsOnBlackSite,numberOfRobotsOnWhiteSite
11024,25,15
timeStep,numberOfRobotsOnBlackSite,numberOfRobotsOnWhiteSite
11025,25,15
timeStep,numberOfRobotsOnBlackSite,numberOfRobotsOnWhiteSite
11026,25,15
timeStep,numberOfRobotsOnBlackSite,numberOfRobotsOnWhiteSite
11027,25,15
timeStep,numberOfRobotsOnBlackSite,numberOfRobotsOnWhiteSite
11028,25,15
timeStep,numberOfRobotsOnBlackSite,numberOfRobotsOnWhiteSite
11029,25,15
timeStep,numberOfRobotsOnBlackSite,numberOfRobotsOnWhiteSite
11030,25,15
timeStep,numberOfRobotsOnBlackSite,numberOfRobotsOnWhiteSite
11031,25,15
timeStep,numberOfRobotsOnBlackSite,numberOfRobotsOnWhiteSite
11032,25,15
timeStep,numberOfRobotsOnBlackSite,numberOfRobotsOnWhiteSite
11033,25,15
timeStep,numberOfRobotsOnBlackSite,numberOfRobotsOnWhiteSite
11034,25,15
timeStep,numberOfRobotsOnBlackSite,numberOfRobotsOnWhiteSite
11035,25,15
timeStep,numberOfRobotsOnBlackSite,numberOfRobotsOnWhiteSite
11036,25,15
timeStep,numberOfRobotsOnBlackSite,numberOfRobotsOnWhiteSite
11037,25,15
timeStep,numberOfRobotsOnBlackSite,numberOfRobotsOnWhiteSite
11038,25,15
timeStep,numberOfRobotsOnBlackSite,numberOfRobotsOnWhiteSite
11039,25,15
timeStep,numberOfRobotsOnBlackSite,numberOfRobotsOnWhiteSite
11040,25,15
timeStep,numberOfRobotsOnBlackSite,numberOfRobotsOnWhiteSite
11041,25,15
timeStep,numberOfRobotsOnBlackSite,numberOfRobotsOnWhiteSite
11042,25,15
timeStep,numberOfRobotsOnBlackSite,numberOfRobotsOnWhiteSite
11043,25,15
timeStep,numberOfRobotsOnBlackSite,numberOfRobotsOnWhiteSite
11044,25,15
timeStep,numberOfRobotsOnBlackSite,numberOfRobotsOnWhiteSite
11045,24,15
timeStep,numberOfRobotsOnBlackSite,numberOfRobotsOnWhiteSite
11046,24,15
timeStep,numberOfRobotsOnBlackSite,numberOfRobotsOnWhiteSite
11047,24,15
timeStep,numberOfRobotsOnBlackSite,numberOfRobotsOnWhiteSite
11048,24,15
timeStep,numberOfRobotsOnBlackSite,numberOfRobotsOnWhiteSite
11049,24,15
timeStep,numberOfRobotsOnBlackSite,numberOfRobotsOnWhiteSite
11050,24,15
timeStep,numberOfRobotsOnBlackSite,numberOfRobotsOnWhiteSite
11051,24,15
timeStep,numberOfRobotsOnBlackSite,numberOfRobotsOnWhiteSite
11052,24,15
timeStep,numberOfRobotsOnBlackSite,numberOfRobotsOnWhiteSite
11053,24,15
timeStep,numberOfRobotsOnBlackSite,numberOfRobotsOnWhiteSite
11054,24,15
timeStep,numberOfRobotsOnBlackSite,numberOfRobotsOnWhiteSite
11055,25,16
timeStep,numberOfRobotsOnBlackSite,numberOfRobotsOnWhiteSite
11056,25,16
timeStep,numberOfRobotsOnBlackSite,numberOfRobotsOnWhiteSite
11057,25,16
timeStep,numberOfRobotsOnBlackSite,numberOfRobotsOnWhiteSite
11058,25,16
timeStep,numberOfRobotsOnBlackSite,numberOfRobotsOnWhiteSite
11059,25,16
timeStep,numberOfRobotsOnBlackSite,numberOfRobotsOnWhiteSite
11060,25,16
timeStep,numberOfRobotsOnBlackSite,numberOfRobotsOnWhiteSite
11061,25,16
timeStep,numberOfRobotsOnBlackSite,numberOfRobotsOnWhiteSite
11062,25,16
timeStep,numberOfRobotsOnBlackSite,numberOfRobotsOnWhiteSite
11063,25,16
timeStep,numberOfRobotsOnBlackSite,numberOfRobotsOnWhiteSite
11064,25,16
timeStep,numberOfRobotsOnBlackSite,numberOfRobotsOnWhiteSite
11065,25,16
timeStep,numberOfRobotsOnBlackSite,numberOfRobotsOnWhiteSite
11066,25,16
timeStep,numberOfRobotsOnBlackSite,numberOfRobotsOnWhiteSite
11067,25,16
timeStep,numberOfRobotsOnBlackSite,numberOfRobotsOnWhiteSite
11068,25,16
timeStep,numberOfRobotsOnBlackSite,numberOfRobotsOnWhiteSite
11069,25,16
timeStep,numberOfRobotsOnBlackSite,numberOfRobotsOnWhiteSite
11070,25,15
timeStep,numberOfRobotsOnBlackSite,numberOfRobotsOnWhiteSite
11071,25,15
timeStep,numberOfRobotsOnBlackSite,numberOfRobotsOnWhiteSite
11072,25,15
timeStep,numberOfRobotsOnBlackSite,numberOfRobotsOnWhiteSite
11073,25,15
timeStep,numberOfRobotsOnBlackSite,numberOfRobotsOnWhiteSite
11074,25,15
timeStep,numberOfRobotsOnBlackSite,numberOfRobotsOnWhiteSite
11075,25,15
timeStep,numberOfRobotsOnBlackSite,numberOfRobotsOnWhiteSite
11076,25,15
timeStep,numberOfRobotsOnBlackSite,numberOfRobotsOnWhiteSite
11077,25,15
timeStep,numberOfRobotsOnBlackSite,numberOfRobotsOnWhiteSite
11078,25,15
timeStep,numberOfRobotsOnBlackSite,numberOfRobotsOnWhiteSite
11079,25,15
timeStep,numberOfRobotsOnBlackSite,numberOfRobotsOnWhiteSite
11080,25,15
timeStep,numberOfRobotsOnBlackSite,numberOfRobotsOnWhiteSite
11081,25,15
timeStep,numberOfRobotsOnBlackSite,numberOfRobotsOnWhiteSite
11082,25,15
timeStep,numberOfRobotsOnBlackSite,numberOfRobotsOnWhiteSite
11083,25,15
timeStep,numberOfRobotsOnBlackSite,numberOfRobotsOnWhiteSite
11084,25,15
timeStep,numberOfRobotsOnBlackSite,numberOfRobotsOnWhiteSite
11085,25,15
timeStep,numberOfRobotsOnBlackSite,numberOfRobotsOnWhiteSite
11086,25,15
timeStep,numberOfRobotsOnBlackSite,numberOfRobotsOnWhiteSite
11087,25,15
timeStep,numberOfRobotsOnBlackSite,numberOfRobotsOnWhiteSite
11088,25,15
timeStep,numberOfRobotsOnBlackSite,numberOfRobotsOnWhiteSite
11089,25,15
timeStep,numberOfRobotsOnBlackSite,numberOfRobotsOnWhiteSite
11090,24,15
timeStep,numberOfRobotsOnBlackSite,numberOfRobotsOnWhiteSite
11091,24,15
timeStep,numberOfRobotsOnBlackSite,numberOfRobotsOnWhiteSite
11092,24,15
timeStep,numberOfRobotsOnBlackSite,numberOfRobotsOnWhiteSite
11093,24,15
timeStep,numberOfRobotsOnBlackSite,numberOfRobotsOnWhiteSite
11094,24,15
timeStep,numberOfRobotsOnBlackSite,numberOfRobotsOnWhiteSite
11095,24,15
timeStep,numberOfRobotsOnBlackSite,numberOfRobotsOnWhiteSite
11096,24,15
timeStep,numberOfRobotsOnBlackSite,numberOfRobotsOnWhiteSite
11097,24,15
timeStep,numberOfRobotsOnBlackSite,numberOfRobotsOnWhiteSite
11098,24,15
timeStep,numberOfRobotsOnBlackSite,numberOfRobotsOnWhiteSite
11099,24,15
timeStep,numberOfRobotsOnBlackSite,numberOfRobotsOnWhiteSite
11100,24,15
timeStep,numberOfRobotsOnBlackSite,numberOfRobotsOnWhiteSite
11101,24,15
timeStep,numberOfRobotsOnBlackSite,numberOfRobotsOnWhiteSite
11102,24,15
timeStep,numberOfRobotsOnBlackSite,numberOfRobotsOnWhiteSite
11103,24,15
timeStep,numberOfRobotsOnBlackSite,numberOfRobotsOnWhiteSite
11104,24,15
timeStep,numberOfRobotsOnBlackSite,numberOfRobotsOnWhiteSite
11105,24,15
timeStep,numberOfRobotsOnBlackSite,numberOfRobotsOnWhiteSite
11106,24,15
timeStep,numberOfRobotsOnBlackSite,numberOfRobotsOnWhiteSite
11107,24,15
timeStep,numberOfRobotsOnBlackSite,numberOfRobotsOnWhiteSite
11108,24,15
timeStep,numberOfRobotsOnBlackSite,numberOfRobotsOnWhiteSite
11109,24,15
timeStep,numberOfRobotsOnBlackSite,numberOfRobotsOnWhiteSite
11110,24,15
timeStep,numberOfRobotsOnBlackSite,numberOfRobotsOnWhiteSite
11111,24,15
timeStep,numberOfRobotsOnBlackSite,numberOfRobotsOnWhiteSite
11112,24,15
timeStep,numberOfRobotsOnBlackSite,numberOfRobotsOnWhiteSite
11113,24,15
timeStep,numberOfRobotsOnBlackSite,numberOfRobotsOnWhiteSite
11114,24,15
timeStep,numberOfRobotsOnBlackSite,numberOfRobotsOnWhiteSite
11115,24,15
timeStep,numberOfRobotsOnBlackSite,numberOfRobotsOnWhiteSite
11116,24,15
timeStep,numberOfRobotsOnBlackSite,numberOfRobotsOnWhiteSite
11117,24,15
timeStep,numberOfRobotsOnBlackSite,numberOfRobotsOnWhiteSite
11118,24,15
timeStep,numberOfRobotsOnBlackSite,numberOfRobotsOnWhiteSite
11119,24,15
timeStep,numberOfRobotsOnBlackSite,numberOfRobotsOnWhiteSite
11120,24,15
timeStep,numberOfRobotsOnBlackSite,numberOfRobotsOnWhiteSite
11121,24,15
timeStep,numberOfRobotsOnBlackSite,numberOfRobotsOnWhiteSite
11122,24,15
timeStep,numberOfRobotsOnBlackSite,numberOfRobotsOnWhiteSite
11123,24,15
timeStep,numberOfRobotsOnBlackSite,numberOfRobotsOnWhiteSite
11124,24,15
timeStep,numberOfRobotsOnBlackSite,numberOfRobotsOnWhiteSite
11125,24,15
timeStep,numberOfRobotsOnBlackSite,numberOfRobotsOnWhiteSite
11126,24,15
timeStep,numberOfRobotsOnBlackSite,numberOfRobotsOnWhiteSite
11127,24,15
timeStep,numberOfRobotsOnBlackSite,numberOfRobotsOnWhiteSite
11128,24,15
timeStep,numberOfRobotsOnBlackSite,numberOfRobotsOnWhiteSite
11129,24,15
timeStep,numberOfRobotsOnBlackSite,numberOfRobotsOnWhiteSite
11130,25,15
timeStep,numberOfRobotsOnBlackSite,numberOfRobotsOnWhiteSite
11131,25,15
timeStep,numberOfRobotsOnBlackSite,numberOfRobotsOnWhiteSite
11132,25,15
timeStep,numberOfRobotsOnBlackSite,numberOfRobotsOnWhiteSite
11133,25,15
timeStep,numberOfRobotsOnBlackSite,numberOfRobotsOnWhiteSite
11134,25,15
timeStep,numberOfRobotsOnBlackSite,numberOfRobotsOnWhiteSite
11135,25,15
timeStep,numberOfRobotsOnBlackSite,numberOfRobotsOnWhiteSite
11136,25,15
timeStep,numberOfRobotsOnBlackSite,numberOfRobotsOnWhiteSite
11137,25,15
timeStep,numberOfRobotsOnBlackSite,numberOfRobotsOnWhiteSite
11138,25,15
timeStep,numberOfRobotsOnBlackSite,numberOfRobotsOnWhiteSite
11139,25,15
timeStep,numberOfRobotsOnBlackSite,numberOfRobotsOnWhiteSite
11140,25,15
timeStep,numberOfRobotsOnBlackSite,numberOfRobotsOnWhiteSite
11141,25,15
timeStep,numberOfRobotsOnBlackSite,numberOfRobotsOnWhiteSite
11142,25,15
timeStep,numberOfRobotsOnBlackSite,numberOfRobotsOnWhiteSite
11143,25,15
timeStep,numberOfRobotsOnBlackSite,numberOfRobotsOnWhiteSite
11144,25,15
timeStep,numberOfRobotsOnBlackSite,numberOfRobotsOnWhiteSite
11145,25,15
timeStep,numberOfRobotsOnBlackSite,numberOfRobotsOnWhiteSite
11146,25,15
timeStep,numberOfRobotsOnBlackSite,numberOfRobotsOnWhiteSite
11147,25,15
timeStep,numberOfRobotsOnBlackSite,numberOfRobotsOnWhiteSite
11148,25,15
timeStep,numberOfRobotsOnBlackSite,numberOfRobotsOnWhiteSite
11149,25,15
timeStep,numberOfRobotsOnBlackSite,numberOfRobotsOnWhiteSite
11150,25,15
timeStep,numberOfRobotsOnBlackSite,numberOfRobotsOnWhiteSite
11151,25,15
timeStep,numberOfRobotsOnBlackSite,numberOfRobotsOnWhiteSite
11152,25,15
timeStep,numberOfRobotsOnBlackSite,numberOfRobotsOnWhiteSite
11153,25,15
timeStep,numberOfRobotsOnBlackSite,numberOfRobotsOnWhiteSite
11154,25,15
timeStep,numberOfRobotsOnBlackSite,numberOfRobotsOnWhiteSite
11155,25,15
timeStep,numberOfRobotsOnBlackSite,numberOfRobotsOnWhiteSite
11156,25,15
timeStep,numberOfRobotsOnBlackSite,numberOfRobotsOnWhiteSite
11157,25,15
timeStep,numberOfRobotsOnBlackSite,numberOfRobotsOnWhiteSite
11158,25,15
timeStep,numberOfRobotsOnBlackSite,numberOfRobotsOnWhiteSite
11159,25,15
timeStep,numberOfRobotsOnBlackSite,numberOfRobotsOnWhiteSite
11160,25,15
timeStep,numberOfRobotsOnBlackSite,numberOfRobotsOnWhiteSite
11161,25,15
timeStep,numberOfRobotsOnBlackSite,numberOfRobotsOnWhiteSite
11162,25,15
timeStep,numberOfRobotsOnBlackSite,numberOfRobotsOnWhiteSite
11163,25,15
timeStep,numberOfRobotsOnBlackSite,numberOfRobotsOnWhiteSite
11164,25,15
timeStep,numberOfRobotsOnBlackSite,numberOfRobotsOnWhiteSite
11165,25,15
timeStep,numberOfRobotsOnBlackSite,numberOfRobotsOnWhiteSite
11166,25,15
timeStep,numberOfRobotsOnBlackSite,numberOfRobotsOnWhiteSite
11167,25,15
timeStep,numberOfRobotsOnBlackSite,numberOfRobotsOnWhiteSite
11168,25,15
timeStep,numberOfRobotsOnBlackSite,numberOfRobotsOnWhiteSite
11169,25,15
timeStep,numberOfRobotsOnBlackSite,numberOfRobotsOnWhiteSite
11170,25,15
timeStep,numberOfRobotsOnBlackSite,numberOfRobotsOnWhiteSite
11171,25,15
timeStep,numberOfRobotsOnBlackSite,numberOfRobotsOnWhiteSite
11172,25,15
timeStep,numberOfRobotsOnBlackSite,numberOfRobotsOnWhiteSite
11173,25,15
timeStep,numberOfRobotsOnBlackSite,numberOfRobotsOnWhiteSite
11174,25,15
timeStep,numberOfRobotsOnBlackSite,numberOfRobotsOnWhiteSite
11175,25,15
timeStep,numberOfRobotsOnBlackSite,numberOfRobotsOnWhiteSite
11176,25,15
timeStep,numberOfRobotsOnBlackSite,numberOfRobotsOnWhiteSite
11177,25,15
timeStep,numberOfRobotsOnBlackSite,numberOfRobotsOnWhiteSite
11178,25,15
timeStep,numberOfRobotsOnBlackSite,numberOfRobotsOnWhiteSite
11179,25,15
timeStep,numberOfRobotsOnBlackSite,numberOfRobotsOnWhiteSite
11180,25,15
timeStep,numberOfRobotsOnBlackSite,numberOfRobotsOnWhiteSite
11181,25,15
timeStep,numberOfRobotsOnBlackSite,numberOfRobotsOnWhiteSite
11182,25,15
timeStep,numberOfRobotsOnBlackSite,numberOfRobotsOnWhiteSite
11183,25,15
timeStep,numberOfRobotsOnBlackSite,numberOfRobotsOnWhiteSite
11184,25,15
timeStep,numberOfRobotsOnBlackSite,numberOfRobotsOnWhiteSite
11185,25,15
timeStep,numberOfRobotsOnBlackSite,numberOfRobotsOnWhiteSite
11186,25,15
timeStep,numberOfRobotsOnBlackSite,numberOfRobotsOnWhiteSite
11187,25,15
timeStep,numberOfRobotsOnBlackSite,numberOfRobotsOnWhiteSite
11188,25,15
timeStep,numberOfRobotsOnBlackSite,numberOfRobotsOnWhiteSite
11189,25,15
timeStep,numberOfRobotsOnBlackSite,numberOfRobotsOnWhiteSite
11190,25,15
timeStep,numberOfRobotsOnBlackSite,numberOfRobotsOnWhiteSite
11191,25,15
timeStep,numberOfRobotsOnBlackSite,numberOfRobotsOnWhiteSite
11192,25,15
timeStep,numberOfRobotsOnBlackSite,numberOfRobotsOnWhiteSite
11193,25,15
timeStep,numberOfRobotsOnBlackSite,numberOfRobotsOnWhiteSite
11194,25,15
timeStep,numberOfRobotsOnBlackSite,numberOfRobotsOnWhiteSite
11195,25,15
timeStep,numberOfRobotsOnBlackSite,numberOfRobotsOnWhiteSite
11196,25,15
timeStep,numberOfRobotsOnBlackSite,numberOfRobotsOnWhiteSite
11197,25,15
timeStep,numberOfRobotsOnBlackSite,numberOfRobotsOnWhiteSite
11198,25,15
timeStep,numberOfRobotsOnBlackSite,numberOfRobotsOnWhiteSite
11199,25,15
timeStep,numberOfRobotsOnBlackSite,numberOfRobotsOnWhiteSite
11200,25,15
timeStep,numberOfRobotsOnBlackSite,numberOfRobotsOnWhiteSite
11201,25,15
timeStep,numberOfRobotsOnBlackSite,numberOfRobotsOnWhiteSite
11202,25,15
timeStep,numberOfRobotsOnBlackSite,numberOfRobotsOnWhiteSite
11203,25,15
timeStep,numberOfRobotsOnBlackSite,numberOfRobotsOnWhiteSite
11204,25,15
timeStep,numberOfRobotsOnBlackSite,numberOfRobotsOnWhiteSite
11205,25,15
timeStep,numberOfRobotsOnBlackSite,numberOfRobotsOnWhiteSite
11206,25,15
timeStep,numberOfRobotsOnBlackSite,numberOfRobotsOnWhiteSite
11207,25,15
timeStep,numberOfRobotsOnBlackSite,numberOfRobotsOnWhiteSite
11208,25,15
timeStep,numberOfRobotsOnBlackSite,numberOfRobotsOnWhiteSite
11209,25,15
timeStep,numberOfRobotsOnBlackSite,numberOfRobotsOnWhiteSite
11210,25,15
timeStep,numberOfRobotsOnBlackSite,numberOfRobotsOnWhiteSite
11211,25,15
timeStep,numberOfRobotsOnBlackSite,numberOfRobotsOnWhiteSite
11212,25,15
timeStep,numberOfRobotsOnBlackSite,numberOfRobotsOnWhiteSite
11213,25,15
timeStep,numberOfRobotsOnBlackSite,numberOfRobotsOnWhiteSite
11214,25,15
timeStep,numberOfRobotsOnBlackSite,numberOfRobotsOnWhiteSite
11215,25,15
timeStep,numberOfRobotsOnBlackSite,numberOfRobotsOnWhiteSite
11216,25,15
timeStep,numberOfRobotsOnBlackSite,numberOfRobotsOnWhiteSite
11217,25,15
timeStep,numberOfRobotsOnBlackSite,numberOfRobotsOnWhiteSite
11218,25,15
timeStep,numberOfRobotsOnBlackSite,numberOfRobotsOnWhiteSite
11219,25,15
timeStep,numberOfRobotsOnBlackSite,numberOfRobotsOnWhiteSite
11220,25,15
timeStep,numberOfRobotsOnBlackSite,numberOfRobotsOnWhiteSite
11221,25,15
timeStep,numberOfRobotsOnBlackSite,numberOfRobotsOnWhiteSite
11222,25,15
timeStep,numberOfRobotsOnBlackSite,numberOfRobotsOnWhiteSite
11223,25,15
timeStep,numberOfRobotsOnBlackSite,numberOfRobotsOnWhiteSite
11224,25,15
timeStep,numberOfRobotsOnBlackSite,numberOfRobotsOnWhiteSite
11225,25,15
timeStep,numberOfRobotsOnBlackSite,numberOfRobotsOnWhiteSite
11226,25,15
timeStep,numberOfRobotsOnBlackSite,numberOfRobotsOnWhiteSite
11227,25,15
timeStep,numberOfRobotsOnBlackSite,numberOfRobotsOnWhiteSite
11228,25,15
timeStep,numberOfRobotsOnBlackSite,numberOfRobotsOnWhiteSite
11229,25,15
timeStep,numberOfRobotsOnBlackSite,numberOfRobotsOnWhiteSite
11230,25,15
timeStep,numberOfRobotsOnBlackSite,numberOfRobotsOnWhiteSite
11231,25,15
timeStep,numberOfRobotsOnBlackSite,numberOfRobotsOnWhiteSite
11232,25,15
timeStep,numberOfRobotsOnBlackSite,numberOfRobotsOnWhiteSite
11233,25,15
timeStep,numberOfRobotsOnBlackSite,numberOfRobotsOnWhiteSite
11234,25,15
timeStep,numberOfRobotsOnBlackSite,numberOfRobotsOnWhiteSite
11235,25,15
timeStep,numberOfRobotsOnBlackSite,numberOfRobotsOnWhiteSite
11236,25,15
timeStep,numberOfRobotsOnBlackSite,numberOfRobotsOnWhiteSite
11237,25,15
timeStep,numberOfRobotsOnBlackSite,numberOfRobotsOnWhiteSite
11238,25,15
timeStep,numberOfRobotsOnBlackSite,numberOfRobotsOnWhiteSite
11239,25,15
timeStep,numberOfRobotsOnBlackSite,numberOfRobotsOnWhiteSite
11240,25,15
timeStep,numberOfRobotsOnBlackSite,numberOfRobotsOnWhiteSite
11241,25,15
timeStep,numberOfRobotsOnBlackSite,numberOfRobotsOnWhiteSite
11242,25,15
timeStep,numberOfRobotsOnBlackSite,numberOfRobotsOnWhiteSite
11243,25,15
timeStep,numberOfRobotsOnBlackSite,numberOfRobotsOnWhiteSite
11244,25,15
timeStep,numberOfRobotsOnBlackSite,numberOfRobotsOnWhiteSite
11245,24,15
timeStep,numberOfRobotsOnBlackSite,numberOfRobotsOnWhiteSite
11246,24,15
timeStep,numberOfRobotsOnBlackSite,numberOfRobotsOnWhiteSite
11247,24,15
timeStep,numberOfRobotsOnBlackSite,numberOfRobotsOnWhiteSite
11248,24,15
timeStep,numberOfRobotsOnBlackSite,numberOfRobotsOnWhiteSite
11249,24,15
timeStep,numberOfRobotsOnBlackSite,numberOfRobotsOnWhiteSite
11250,24,15
timeStep,numberOfRobotsOnBlackSite,numberOfRobotsOnWhiteSite
11251,24,15
timeStep,numberOfRobotsOnBlackSite,numberOfRobotsOnWhiteSite
11252,24,15
timeStep,numberOfRobotsOnBlackSite,numberOfRobotsOnWhiteSite
11253,24,15
timeStep,numberOfRobotsOnBlackSite,numberOfRobotsOnWhiteSite
11254,24,15
timeStep,numberOfRobotsOnBlackSite,numberOfRobotsOnWhiteSite
11255,24,15
timeStep,numberOfRobotsOnBlackSite,numberOfRobotsOnWhiteSite
11256,24,15
timeStep,numberOfRobotsOnBlackSite,numberOfRobotsOnWhiteSite
11257,24,15
timeStep,numberOfRobotsOnBlackSite,numberOfRobotsOnWhiteSite
11258,24,15
timeStep,numberOfRobotsOnBlackSite,numberOfRobotsOnWhiteSite
11259,24,15
timeStep,numberOfRobotsOnBlackSite,numberOfRobotsOnWhiteSite
11260,24,15
timeStep,numberOfRobotsOnBlackSite,numberOfRobotsOnWhiteSite
11261,24,15
timeStep,numberOfRobotsOnBlackSite,numberOfRobotsOnWhiteSite
11262,24,15
timeStep,numberOfRobotsOnBlackSite,numberOfRobotsOnWhiteSite
11263,24,15
timeStep,numberOfRobotsOnBlackSite,numberOfRobotsOnWhiteSite
11264,24,15
timeStep,numberOfRobotsOnBlackSite,numberOfRobotsOnWhiteSite
11265,24,15
timeStep,numberOfRobotsOnBlackSite,numberOfRobotsOnWhiteSite
11266,24,15
timeStep,numberOfRobotsOnBlackSite,numberOfRobotsOnWhiteSite
11267,24,15
timeStep,numberOfRobotsOnBlackSite,numberOfRobotsOnWhiteSite
11268,24,15
timeStep,numberOfRobotsOnBlackSite,numberOfRobotsOnWhiteSite
11269,24,15
timeStep,numberOfRobotsOnBlackSite,numberOfRobotsOnWhiteSite
11270,23,15
timeStep,numberOfRobotsOnBlackSite,numberOfRobotsOnWhiteSite
11271,23,15
timeStep,numberOfRobotsOnBlackSite,numberOfRobotsOnWhiteSite
11272,23,15
timeStep,numberOfRobotsOnBlackSite,numberOfRobotsOnWhiteSite
11273,23,15
timeStep,numberOfRobotsOnBlackSite,numberOfRobotsOnWhiteSite
11274,23,15
timeStep,numberOfRobotsOnBlackSite,numberOfRobotsOnWhiteSite
11275,23,15
timeStep,numberOfRobotsOnBlackSite,numberOfRobotsOnWhiteSite
11276,23,15
timeStep,numberOfRobotsOnBlackSite,numberOfRobotsOnWhiteSite
11277,23,15
timeStep,numberOfRobotsOnBlackSite,numberOfRobotsOnWhiteSite
11278,23,15
timeStep,numberOfRobotsOnBlackSite,numberOfRobotsOnWhiteSite
11279,23,15
timeStep,numberOfRobotsOnBlackSite,numberOfRobotsOnWhiteSite
11280,23,15
timeStep,numberOfRobotsOnBlackSite,numberOfRobotsOnWhiteSite
11281,23,15
timeStep,numberOfRobotsOnBlackSite,numberOfRobotsOnWhiteSite
11282,23,15
timeStep,numberOfRobotsOnBlackSite,numberOfRobotsOnWhiteSite
11283,23,15
timeStep,numberOfRobotsOnBlackSite,numberOfRobotsOnWhiteSite
11284,23,15
timeStep,numberOfRobotsOnBlackSite,numberOfRobotsOnWhiteSite
11285,23,15
timeStep,numberOfRobotsOnBlackSite,numberOfRobotsOnWhiteSite
11286,23,15
timeStep,numberOfRobotsOnBlackSite,numberOfRobotsOnWhiteSite
11287,23,15
timeStep,numberOfRobotsOnBlackSite,numberOfRobotsOnWhiteSite
11288,23,15
timeStep,numberOfRobotsOnBlackSite,numberOfRobotsOnWhiteSite
11289,23,15
timeStep,numberOfRobotsOnBlackSite,numberOfRobotsOnWhiteSite
11290,23,15
timeStep,numberOfRobotsOnBlackSite,numberOfRobotsOnWhiteSite
11291,23,15
timeStep,numberOfRobotsOnBlackSite,numberOfRobotsOnWhiteSite
11292,23,15
timeStep,numberOfRobotsOnBlackSite,numberOfRobotsOnWhiteSite
11293,23,15
timeStep,numberOfRobotsOnBlackSite,numberOfRobotsOnWhiteSite
11294,23,15
timeStep,numberOfRobotsOnBlackSite,numberOfRobotsOnWhiteSite
11295,24,15
timeStep,numberOfRobotsOnBlackSite,numberOfRobotsOnWhiteSite
11296,24,15
timeStep,numberOfRobotsOnBlackSite,numberOfRobotsOnWhiteSite
11297,24,15
timeStep,numberOfRobotsOnBlackSite,numberOfRobotsOnWhiteSite
11298,24,15
timeStep,numberOfRobotsOnBlackSite,numberOfRobotsOnWhiteSite
11299,24,15
timeStep,numberOfRobotsOnBlackSite,numberOfRobotsOnWhiteSite
11300,24,15
timeStep,numberOfRobotsOnBlackSite,numberOfRobotsOnWhiteSite
11301,24,15
timeStep,numberOfRobotsOnBlackSite,numberOfRobotsOnWhiteSite
11302,24,15
timeStep,numberOfRobotsOnBlackSite,numberOfRobotsOnWhiteSite
11303,24,15
timeStep,numberOfRobotsOnBlackSite,numberOfRobotsOnWhiteSite
11304,24,15
timeStep,numberOfRobotsOnBlackSite,numberOfRobotsOnWhiteSite
11305,24,15
timeStep,numberOfRobotsOnBlackSite,numberOfRobotsOnWhiteSite
11306,24,15
timeStep,numberOfRobotsOnBlackSite,numberOfRobotsOnWhiteSite
11307,24,15
timeStep,numberOfRobotsOnBlackSite,numberOfRobotsOnWhiteSite
11308,24,15
timeStep,numberOfRobotsOnBlackSite,numberOfRobotsOnWhiteSite
11309,24,15
timeStep,numberOfRobotsOnBlackSite,numberOfRobotsOnWhiteSite
11310,24,15
timeStep,numberOfRobotsOnBlackSite,numberOfRobotsOnWhiteSite
11311,24,15
timeStep,numberOfRobotsOnBlackSite,numberOfRobotsOnWhiteSite
11312,24,15
timeStep,numberOfRobotsOnBlackSite,numberOfRobotsOnWhiteSite
11313,24,15
timeStep,numberOfRobotsOnBlackSite,numberOfRobotsOnWhiteSite
11314,24,15
timeStep,numberOfRobotsOnBlackSite,numberOfRobotsOnWhiteSite
11315,24,15
timeStep,numberOfRobotsOnBlackSite,numberOfRobotsOnWhiteSite
11316,24,15
timeStep,numberOfRobotsOnBlackSite,numberOfRobotsOnWhiteSite
11317,24,15
timeStep,numberOfRobotsOnBlackSite,numberOfRobotsOnWhiteSite
11318,24,15
timeStep,numberOfRobotsOnBlackSite,numberOfRobotsOnWhiteSite
11319,24,15
timeStep,numberOfRobotsOnBlackSite,numberOfRobotsOnWhiteSite
11320,24,15
timeStep,numberOfRobotsOnBlackSite,numberOfRobotsOnWhiteSite
11321,24,15
timeStep,numberOfRobotsOnBlackSite,numberOfRobotsOnWhiteSite
11322,24,15
timeStep,numberOfRobotsOnBlackSite,numberOfRobotsOnWhiteSite
11323,24,15
timeStep,numberOfRobotsOnBlackSite,numberOfRobotsOnWhiteSite
11324,24,15
timeStep,numberOfRobotsOnBlackSite,numberOfRobotsOnWhiteSite
11325,24,15
timeStep,numberOfRobotsOnBlackSite,numberOfRobotsOnWhiteSite
11326,24,15
timeStep,numberOfRobotsOnBlackSite,numberOfRobotsOnWhiteSite
11327,24,15
timeStep,numberOfRobotsOnBlackSite,numberOfRobotsOnWhiteSite
11328,24,15
timeStep,numberOfRobotsOnBlackSite,numberOfRobotsOnWhiteSite
11329,24,15
timeStep,numberOfRobotsOnBlackSite,numberOfRobotsOnWhiteSite
11330,24,15
timeStep,numberOfRobotsOnBlackSite,numberOfRobotsOnWhiteSite
11331,24,15
timeStep,numberOfRobotsOnBlackSite,numberOfRobotsOnWhiteSite
11332,24,15
timeStep,numberOfRobotsOnBlackSite,numberOfRobotsOnWhiteSite
11333,24,15
timeStep,numberOfRobotsOnBlackSite,numberOfRobotsOnWhiteSite
11334,24,15
timeStep,numberOfRobotsOnBlackSite,numberOfRobotsOnWhiteSite
11335,24,15
timeStep,numberOfRobotsOnBlackSite,numberOfRobotsOnWhiteSite
11336,24,15
timeStep,numberOfRobotsOnBlackSite,numberOfRobotsOnWhiteSite
11337,24,15
timeStep,numberOfRobotsOnBlackSite,numberOfRobotsOnWhiteSite
11338,24,15
timeStep,numberOfRobotsOnBlackSite,numberOfRobotsOnWhiteSite
11339,24,15
timeStep,numberOfRobotsOnBlackSite,numberOfRobotsOnWhiteSite
11340,23,15
timeStep,numberOfRobotsOnBlackSite,numberOfRobotsOnWhiteSite
11341,23,15
timeStep,numberOfRobotsOnBlackSite,numberOfRobotsOnWhiteSite
11342,23,15
timeStep,numberOfRobotsOnBlackSite,numberOfRobotsOnWhiteSite
11343,23,15
timeStep,numberOfRobotsOnBlackSite,numberOfRobotsOnWhiteSite
11344,23,15
timeStep,numberOfRobotsOnBlackSite,numberOfRobotsOnWhiteSite
11345,23,15
timeStep,numberOfRobotsOnBlackSite,numberOfRobotsOnWhiteSite
11346,23,15
timeStep,numberOfRobotsOnBlackSite,numberOfRobotsOnWhiteSite
11347,23,15
timeStep,numberOfRobotsOnBlackSite,numberOfRobotsOnWhiteSite
11348,23,15
timeStep,numberOfRobotsOnBlackSite,numberOfRobotsOnWhiteSite
11349,23,15
timeStep,numberOfRobotsOnBlackSite,numberOfRobotsOnWhiteSite
11350,23,15
timeStep,numberOfRobotsOnBlackSite,numberOfRobotsOnWhiteSite
11351,23,15
timeStep,numberOfRobotsOnBlackSite,numberOfRobotsOnWhiteSite
11352,23,15
timeStep,numberOfRobotsOnBlackSite,numberOfRobotsOnWhiteSite
11353,23,15
timeStep,numberOfRobotsOnBlackSite,numberOfRobotsOnWhiteSite
11354,23,15
timeStep,numberOfRobotsOnBlackSite,numberOfRobotsOnWhiteSite
11355,22,15
timeStep,numberOfRobotsOnBlackSite,numberOfRobotsOnWhiteSite
11356,22,15
timeStep,numberOfRobotsOnBlackSite,numberOfRobotsOnWhiteSite
11357,22,15
timeStep,numberOfRobotsOnBlackSite,numberOfRobotsOnWhiteSite
11358,22,15
timeStep,numberOfRobotsOnBlackSite,numberOfRobotsOnWhiteSite
11359,22,15
timeStep,numberOfRobotsOnBlackSite,numberOfRobotsOnWhiteSite
11360,22,15
timeStep,numberOfRobotsOnBlackSite,numberOfRobotsOnWhiteSite
11361,22,15
timeStep,numberOfRobotsOnBlackSite,numberOfRobotsOnWhiteSite
11362,22,15
timeStep,numberOfRobotsOnBlackSite,numberOfRobotsOnWhiteSite
11363,22,15
timeStep,numberOfRobotsOnBlackSite,numberOfRobotsOnWhiteSite
11364,22,15
timeStep,numberOfRobotsOnBlackSite,numberOfRobotsOnWhiteSite
11365,22,15
timeStep,numberOfRobotsOnBlackSite,numberOfRobotsOnWhiteSite
11366,22,15
timeStep,numberOfRobotsOnBlackSite,numberOfRobotsOnWhiteSite
11367,22,15
timeStep,numberOfRobotsOnBlackSite,numberOfRobotsOnWhiteSite
11368,22,15
timeStep,numberOfRobotsOnBlackSite,numberOfRobotsOnWhiteSite
11369,22,15
timeStep,numberOfRobotsOnBlackSite,numberOfRobotsOnWhiteSite
11370,22,15
timeStep,numberOfRobotsOnBlackSite,numberOfRobotsOnWhiteSite
11371,22,15
timeStep,numberOfRobotsOnBlackSite,numberOfRobotsOnWhiteSite
11372,22,15
timeStep,numberOfRobotsOnBlackSite,numberOfRobotsOnWhiteSite
11373,22,15
timeStep,numberOfRobotsOnBlackSite,numberOfRobotsOnWhiteSite
11374,22,15
timeStep,numberOfRobotsOnBlackSite,numberOfRobotsOnWhiteSite
11375,22,15
timeStep,numberOfRobotsOnBlackSite,numberOfRobotsOnWhiteSite
11376,22,15
timeStep,numberOfRobotsOnBlackSite,numberOfRobotsOnWhiteSite
11377,22,15
timeStep,numberOfRobotsOnBlackSite,numberOfRobotsOnWhiteSite
11378,22,15
timeStep,numberOfRobotsOnBlackSite,numberOfRobotsOnWhiteSite
11379,22,15
timeStep,numberOfRobotsOnBlackSite,numberOfRobotsOnWhiteSite
11380,22,15
timeStep,numberOfRobotsOnBlackSite,numberOfRobotsOnWhiteSite
11381,22,15
timeStep,numberOfRobotsOnBlackSite,numberOfRobotsOnWhiteSite
11382,22,15
timeStep,numberOfRobotsOnBlackSite,numberOfRobotsOnWhiteSite
11383,22,15
timeStep,numberOfRobotsOnBlackSite,numberOfRobotsOnWhiteSite
11384,22,15
timeStep,numberOfRobotsOnBlackSite,numberOfRobotsOnWhiteSite
11385,22,15
timeStep,numberOfRobotsOnBlackSite,numberOfRobotsOnWhiteSite
11386,22,15
timeStep,numberOfRobotsOnBlackSite,numberOfRobotsOnWhiteSite
11387,22,15
timeStep,numberOfRobotsOnBlackSite,numberOfRobotsOnWhiteSite
11388,22,15
timeStep,numberOfRobotsOnBlackSite,numberOfRobotsOnWhiteSite
11389,22,15
timeStep,numberOfRobotsOnBlackSite,numberOfRobotsOnWhiteSite
11390,22,15
timeStep,numberOfRobotsOnBlackSite,numberOfRobotsOnWhiteSite
11391,22,15
timeStep,numberOfRobotsOnBlackSite,numberOfRobotsOnWhiteSite
11392,22,15
timeStep,numberOfRobotsOnBlackSite,numberOfRobotsOnWhiteSite
11393,22,15
timeStep,numberOfRobotsOnBlackSite,numberOfRobotsOnWhiteSite
11394,22,15
timeStep,numberOfRobotsOnBlackSite,numberOfRobotsOnWhiteSite
11395,22,15
timeStep,numberOfRobotsOnBlackSite,numberOfRobotsOnWhiteSite
11396,22,15
timeStep,numberOfRobotsOnBlackSite,numberOfRobotsOnWhiteSite
11397,22,15
timeStep,numberOfRobotsOnBlackSite,numberOfRobotsOnWhiteSite
11398,22,15
timeStep,numberOfRobotsOnBlackSite,numberOfRobotsOnWhiteSite
11399,22,15
timeStep,numberOfRobotsOnBlackSite,numberOfRobotsOnWhiteSite
11400,22,15
timeStep,numberOfRobotsOnBlackSite,numberOfRobotsOnWhiteSite
11401,22,15
timeStep,numberOfRobotsOnBlackSite,numberOfRobotsOnWhiteSite
11402,22,15
timeStep,numberOfRobotsOnBlackSite,numberOfRobotsOnWhiteSite
11403,22,15
timeStep,numberOfRobotsOnBlackSite,numberOfRobotsOnWhiteSite
11404,22,15
timeStep,numberOfRobotsOnBlackSite,numberOfRobotsOnWhiteSite
11405,22,15
timeStep,numberOfRobotsOnBlackSite,numberOfRobotsOnWhiteSite
11406,22,15
timeStep,numberOfRobotsOnBlackSite,numberOfRobotsOnWhiteSite
11407,22,15
timeStep,numberOfRobotsOnBlackSite,numberOfRobotsOnWhiteSite
11408,22,15
timeStep,numberOfRobotsOnBlackSite,numberOfRobotsOnWhiteSite
11409,22,15
timeStep,numberOfRobotsOnBlackSite,numberOfRobotsOnWhiteSite
11410,22,15
timeStep,numberOfRobotsOnBlackSite,numberOfRobotsOnWhiteSite
11411,22,15
timeStep,numberOfRobotsOnBlackSite,numberOfRobotsOnWhiteSite
11412,22,15
timeStep,numberOfRobotsOnBlackSite,numberOfRobotsOnWhiteSite
11413,22,15
timeStep,numberOfRobotsOnBlackSite,numberOfRobotsOnWhiteSite
11414,22,15
timeStep,numberOfRobotsOnBlackSite,numberOfRobotsOnWhiteSite
11415,22,15
timeStep,numberOfRobotsOnBlackSite,numberOfRobotsOnWhiteSite
11416,22,15
timeStep,numberOfRobotsOnBlackSite,numberOfRobotsOnWhiteSite
11417,22,15
timeStep,numberOfRobotsOnBlackSite,numberOfRobotsOnWhiteSite
11418,22,15
timeStep,numberOfRobotsOnBlackSite,numberOfRobotsOnWhiteSite
11419,22,15
timeStep,numberOfRobotsOnBlackSite,numberOfRobotsOnWhiteSite
11420,22,15
timeStep,numberOfRobotsOnBlackSite,numberOfRobotsOnWhiteSite
11421,22,15
timeStep,numberOfRobotsOnBlackSite,numberOfRobotsOnWhiteSite
11422,22,15
timeStep,numberOfRobotsOnBlackSite,numberOfRobotsOnWhiteSite
11423,22,15
timeStep,numberOfRobotsOnBlackSite,numberOfRobotsOnWhiteSite
11424,22,15
timeStep,numberOfRobotsOnBlackSite,numberOfRobotsOnWhiteSite
11425,22,15
timeStep,numberOfRobotsOnBlackSite,numberOfRobotsOnWhiteSite
11426,22,15
timeStep,numberOfRobotsOnBlackSite,numberOfRobotsOnWhiteSite
11427,22,15
timeStep,numberOfRobotsOnBlackSite,numberOfRobotsOnWhiteSite
11428,22,15
timeStep,numberOfRobotsOnBlackSite,numberOfRobotsOnWhiteSite
11429,22,15
timeStep,numberOfRobotsOnBlackSite,numberOfRobotsOnWhiteSite
11430,22,15
timeStep,numberOfRobotsOnBlackSite,numberOfRobotsOnWhiteSite
11431,22,15
timeStep,numberOfRobotsOnBlackSite,numberOfRobotsOnWhiteSite
11432,22,15
timeStep,numberOfRobotsOnBlackSite,numberOfRobotsOnWhiteSite
11433,22,15
timeStep,numberOfRobotsOnBlackSite,numberOfRobotsOnWhiteSite
11434,22,15
timeStep,numberOfRobotsOnBlackSite,numberOfRobotsOnWhiteSite
11435,22,15
timeStep,numberOfRobotsOnBlackSite,numberOfRobotsOnWhiteSite
11436,22,15
timeStep,numberOfRobotsOnBlackSite,numberOfRobotsOnWhiteSite
11437,22,15
timeStep,numberOfRobotsOnBlackSite,numberOfRobotsOnWhiteSite
11438,22,15
timeStep,numberOfRobotsOnBlackSite,numberOfRobotsOnWhiteSite
11439,22,15
timeStep,numberOfRobotsOnBlackSite,numberOfRobotsOnWhiteSite
11440,22,15
timeStep,numberOfRobotsOnBlackSite,numberOfRobotsOnWhiteSite
11441,22,15
timeStep,numberOfRobotsOnBlackSite,numberOfRobotsOnWhiteSite
11442,22,15
timeStep,numberOfRobotsOnBlackSite,numberOfRobotsOnWhiteSite
11443,22,15
timeStep,numberOfRobotsOnBlackSite,numberOfRobotsOnWhiteSite
11444,22,15
timeStep,numberOfRobotsOnBlackSite,numberOfRobotsOnWhiteSite
11445,22,15
timeStep,numberOfRobotsOnBlackSite,numberOfRobotsOnWhiteSite
11446,22,15
timeStep,numberOfRobotsOnBlackSite,numberOfRobotsOnWhiteSite
11447,22,15
timeStep,numberOfRobotsOnBlackSite,numberOfRobotsOnWhiteSite
11448,22,15
timeStep,numberOfRobotsOnBlackSite,numberOfRobotsOnWhiteSite
11449,22,15
timeStep,numberOfRobotsOnBlackSite,numberOfRobotsOnWhiteSite
11450,22,15
timeStep,numberOfRobotsOnBlackSite,numberOfRobotsOnWhiteSite
11451,22,15
timeStep,numberOfRobotsOnBlackSite,numberOfRobotsOnWhiteSite
11452,22,15
timeStep,numberOfRobotsOnBlackSite,numberOfRobotsOnWhiteSite
11453,22,15
timeStep,numberOfRobotsOnBlackSite,numberOfRobotsOnWhiteSite
11454,22,15
timeStep,numberOfRobotsOnBlackSite,numberOfRobotsOnWhiteSite
11455,22,15
timeStep,numberOfRobotsOnBlackSite,numberOfRobotsOnWhiteSite
11456,22,15
timeStep,numberOfRobotsOnBlackSite,numberOfRobotsOnWhiteSite
11457,22,15
timeStep,numberOfRobotsOnBlackSite,numberOfRobotsOnWhiteSite
11458,22,15
timeStep,numberOfRobotsOnBlackSite,numberOfRobotsOnWhiteSite
11459,22,15
timeStep,numberOfRobotsOnBlackSite,numberOfRobotsOnWhiteSite
11460,22,15
timeStep,numberOfRobotsOnBlackSite,numberOfRobotsOnWhiteSite
11461,22,15
timeStep,numberOfRobotsOnBlackSite,numberOfRobotsOnWhiteSite
11462,22,15
timeStep,numberOfRobotsOnBlackSite,numberOfRobotsOnWhiteSite
11463,22,15
timeStep,numberOfRobotsOnBlackSite,numberOfRobotsOnWhiteSite
11464,22,15
timeStep,numberOfRobotsOnBlackSite,numberOfRobotsOnWhiteSite
11465,22,15
timeStep,numberOfRobotsOnBlackSite,numberOfRobotsOnWhiteSite
11466,22,15
timeStep,numberOfRobotsOnBlackSite,numberOfRobotsOnWhiteSite
11467,22,15
timeStep,numberOfRobotsOnBlackSite,numberOfRobotsOnWhiteSite
11468,22,15
timeStep,numberOfRobotsOnBlackSite,numberOfRobotsOnWhiteSite
11469,22,15
timeStep,numberOfRobotsOnBlackSite,numberOfRobotsOnWhiteSite
11470,22,15
timeStep,numberOfRobotsOnBlackSite,numberOfRobotsOnWhiteSite
11471,22,15
timeStep,numberOfRobotsOnBlackSite,numberOfRobotsOnWhiteSite
11472,22,15
timeStep,numberOfRobotsOnBlackSite,numberOfRobotsOnWhiteSite
11473,22,15
timeStep,numberOfRobotsOnBlackSite,numberOfRobotsOnWhiteSite
11474,22,15
timeStep,numberOfRobotsOnBlackSite,numberOfRobotsOnWhiteSite
11475,22,15
timeStep,numberOfRobotsOnBlackSite,numberOfRobotsOnWhiteSite
11476,22,15
timeStep,numberOfRobotsOnBlackSite,numberOfRobotsOnWhiteSite
11477,22,15
timeStep,numberOfRobotsOnBlackSite,numberOfRobotsOnWhiteSite
11478,22,15
timeStep,numberOfRobotsOnBlackSite,numberOfRobotsOnWhiteSite
11479,22,15
timeStep,numberOfRobotsOnBlackSite,numberOfRobotsOnWhiteSite
11480,22,16
timeStep,numberOfRobotsOnBlackSite,numberOfRobotsOnWhiteSite
11481,22,16
timeStep,numberOfRobotsOnBlackSite,numberOfRobotsOnWhiteSite
11482,22,16
timeStep,numberOfRobotsOnBlackSite,numberOfRobotsOnWhiteSite
11483,22,16
timeStep,numberOfRobotsOnBlackSite,numberOfRobotsOnWhiteSite
11484,22,16
timeStep,numberOfRobotsOnBlackSite,numberOfRobotsOnWhiteSite
11485,22,16
timeStep,numberOfRobotsOnBlackSite,numberOfRobotsOnWhiteSite
11486,22,16
timeStep,numberOfRobotsOnBlackSite,numberOfRobotsOnWhiteSite
11487,22,16
timeStep,numberOfRobotsOnBlackSite,numberOfRobotsOnWhiteSite
11488,22,16
timeStep,numberOfRobotsOnBlackSite,numberOfRobotsOnWhiteSite
11489,22,16
timeStep,numberOfRobotsOnBlackSite,numberOfRobotsOnWhiteSite
11490,22,17
timeStep,numberOfRobotsOnBlackSite,numberOfRobotsOnWhiteSite
11491,22,17
timeStep,numberOfRobotsOnBlackSite,numberOfRobotsOnWhiteSite
11492,22,17
timeStep,numberOfRobotsOnBlackSite,numberOfRobotsOnWhiteSite
11493,22,17
timeStep,numberOfRobotsOnBlackSite,numberOfRobotsOnWhiteSite
11494,22,17
timeStep,numberOfRobotsOnBlackSite,numberOfRobotsOnWhiteSite
11495,22,17
timeStep,numberOfRobotsOnBlackSite,numberOfRobotsOnWhiteSite
11496,22,17
timeStep,numberOfRobotsOnBlackSite,numberOfRobotsOnWhiteSite
11497,22,17
timeStep,numberOfRobotsOnBlackSite,numberOfRobotsOnWhiteSite
11498,22,17
timeStep,numberOfRobotsOnBlackSite,numberOfRobotsOnWhiteSite
11499,22,17
timeStep,numberOfRobotsOnBlackSite,numberOfRobotsOnWhiteSite
11500,22,17
timeStep,numberOfRobotsOnBlackSite,numberOfRobotsOnWhiteSite
11501,22,17
timeStep,numberOfRobotsOnBlackSite,numberOfRobotsOnWhiteSite
11502,22,17
timeStep,numberOfRobotsOnBlackSite,numberOfRobotsOnWhiteSite
11503,22,17
timeStep,numberOfRobotsOnBlackSite,numberOfRobotsOnWhiteSite
11504,22,17
timeStep,numberOfRobotsOnBlackSite,numberOfRobotsOnWhiteSite
11505,22,17
timeStep,numberOfRobotsOnBlackSite,numberOfRobotsOnWhiteSite
11506,22,17
timeStep,numberOfRobotsOnBlackSite,numberOfRobotsOnWhiteSite
11507,22,17
timeStep,numberOfRobotsOnBlackSite,numberOfRobotsOnWhiteSite
11508,22,17
timeStep,numberOfRobotsOnBlackSite,numberOfRobotsOnWhiteSite
11509,22,17
timeStep,numberOfRobotsOnBlackSite,numberOfRobotsOnWhiteSite
11510,22,17
timeStep,numberOfRobotsOnBlackSite,numberOfRobotsOnWhiteSite
11511,22,17
timeStep,numberOfRobotsOnBlackSite,numberOfRobotsOnWhiteSite
11512,22,17
timeStep,numberOfRobotsOnBlackSite,numberOfRobotsOnWhiteSite
11513,22,17
timeStep,numberOfRobotsOnBlackSite,numberOfRobotsOnWhiteSite
11514,22,17
timeStep,numberOfRobotsOnBlackSite,numberOfRobotsOnWhiteSite
11515,22,17
timeStep,numberOfRobotsOnBlackSite,numberOfRobotsOnWhiteSite
11516,22,17
timeStep,numberOfRobotsOnBlackSite,numberOfRobotsOnWhiteSite
11517,22,17
timeStep,numberOfRobotsOnBlackSite,numberOfRobotsOnWhiteSite
11518,22,17
timeStep,numberOfRobotsOnBlackSite,numberOfRobotsOnWhiteSite
11519,22,17
timeStep,numberOfRobotsOnBlackSite,numberOfRobotsOnWhiteSite
11520,22,17
timeStep,numberOfRobotsOnBlackSite,numberOfRobotsOnWhiteSite
11521,22,17
timeStep,numberOfRobotsOnBlackSite,numberOfRobotsOnWhiteSite
11522,22,17
timeStep,numberOfRobotsOnBlackSite,numberOfRobotsOnWhiteSite
11523,22,17
timeStep,numberOfRobotsOnBlackSite,numberOfRobotsOnWhiteSite
11524,22,17
timeStep,numberOfRobotsOnBlackSite,numberOfRobotsOnWhiteSite
11525,22,17
timeStep,numberOfRobotsOnBlackSite,numberOfRobotsOnWhiteSite
11526,22,17
timeStep,numberOfRobotsOnBlackSite,numberOfRobotsOnWhiteSite
11527,22,17
timeStep,numberOfRobotsOnBlackSite,numberOfRobotsOnWhiteSite
11528,22,17
timeStep,numberOfRobotsOnBlackSite,numberOfRobotsOnWhiteSite
11529,22,17
timeStep,numberOfRobotsOnBlackSite,numberOfRobotsOnWhiteSite
11530,22,17
timeStep,numberOfRobotsOnBlackSite,numberOfRobotsOnWhiteSite
11531,22,17
timeStep,numberOfRobotsOnBlackSite,numberOfRobotsOnWhiteSite
11532,22,17
timeStep,numberOfRobotsOnBlackSite,numberOfRobotsOnWhiteSite
11533,22,17
timeStep,numberOfRobotsOnBlackSite,numberOfRobotsOnWhiteSite
11534,22,17
timeStep,numberOfRobotsOnBlackSite,numberOfRobotsOnWhiteSite
11535,22,17
timeStep,numberOfRobotsOnBlackSite,numberOfRobotsOnWhiteSite
11536,22,17
timeStep,numberOfRobotsOnBlackSite,numberOfRobotsOnWhiteSite
11537,22,17
timeStep,numberOfRobotsOnBlackSite,numberOfRobotsOnWhiteSite
11538,22,17
timeStep,numberOfRobotsOnBlackSite,numberOfRobotsOnWhiteSite
11539,22,17
timeStep,numberOfRobotsOnBlackSite,numberOfRobotsOnWhiteSite
11540,22,17
timeStep,numberOfRobotsOnBlackSite,numberOfRobotsOnWhiteSite
11541,22,17
timeStep,numberOfRobotsOnBlackSite,numberOfRobotsOnWhiteSite
11542,22,17
timeStep,numberOfRobotsOnBlackSite,numberOfRobotsOnWhiteSite
11543,22,17
timeStep,numberOfRobotsOnBlackSite,numberOfRobotsOnWhiteSite
11544,22,17
timeStep,numberOfRobotsOnBlackSite,numberOfRobotsOnWhiteSite
11545,22,17
timeStep,numberOfRobotsOnBlackSite,numberOfRobotsOnWhiteSite
11546,22,17
timeStep,numberOfRobotsOnBlackSite,numberOfRobotsOnWhiteSite
11547,22,17
timeStep,numberOfRobotsOnBlackSite,numberOfRobotsOnWhiteSite
11548,22,17
timeStep,numberOfRobotsOnBlackSite,numberOfRobotsOnWhiteSite
11549,22,17
timeStep,numberOfRobotsOnBlackSite,numberOfRobotsOnWhiteSite
11550,22,17
timeStep,numberOfRobotsOnBlackSite,numberOfRobotsOnWhiteSite
11551,22,17
timeStep,numberOfRobotsOnBlackSite,numberOfRobotsOnWhiteSite
11552,22,17
timeStep,numberOfRobotsOnBlackSite,numberOfRobotsOnWhiteSite
11553,22,17
timeStep,numberOfRobotsOnBlackSite,numberOfRobotsOnWhiteSite
11554,22,17
timeStep,numberOfRobotsOnBlackSite,numberOfRobotsOnWhiteSite
11555,22,17
timeStep,numberOfRobotsOnBlackSite,numberOfRobotsOnWhiteSite
11556,22,17
timeStep,numberOfRobotsOnBlackSite,numberOfRobotsOnWhiteSite
11557,22,17
timeStep,numberOfRobotsOnBlackSite,numberOfRobotsOnWhiteSite
11558,22,17
timeStep,numberOfRobotsOnBlackSite,numberOfRobotsOnWhiteSite
11559,22,17
timeStep,numberOfRobotsOnBlackSite,numberOfRobotsOnWhiteSite
11560,22,17
timeStep,numberOfRobotsOnBlackSite,numberOfRobotsOnWhiteSite
11561,22,17
timeStep,numberOfRobotsOnBlackSite,numberOfRobotsOnWhiteSite
11562,22,17
timeStep,numberOfRobotsOnBlackSite,numberOfRobotsOnWhiteSite
11563,22,17
timeStep,numberOfRobotsOnBlackSite,numberOfRobotsOnWhiteSite
11564,22,17
timeStep,numberOfRobotsOnBlackSite,numberOfRobotsOnWhiteSite
11565,22,17
timeStep,numberOfRobotsOnBlackSite,numberOfRobotsOnWhiteSite
11566,22,17
timeStep,numberOfRobotsOnBlackSite,numberOfRobotsOnWhiteSite
11567,22,17
timeStep,numberOfRobotsOnBlackSite,numberOfRobotsOnWhiteSite
11568,22,17
timeStep,numberOfRobotsOnBlackSite,numberOfRobotsOnWhiteSite
11569,22,17
timeStep,numberOfRobotsOnBlackSite,numberOfRobotsOnWhiteSite
11570,21,17
timeStep,numberOfRobotsOnBlackSite,numberOfRobotsOnWhiteSite
11571,21,17
timeStep,numberOfRobotsOnBlackSite,numberOfRobotsOnWhiteSite
11572,21,17
timeStep,numberOfRobotsOnBlackSite,numberOfRobotsOnWhiteSite
11573,21,17
timeStep,numberOfRobotsOnBlackSite,numberOfRobotsOnWhiteSite
11574,21,17
timeStep,numberOfRobotsOnBlackSite,numberOfRobotsOnWhiteSite
11575,21,17
timeStep,numberOfRobotsOnBlackSite,numberOfRobotsOnWhiteSite
11576,21,17
timeStep,numberOfRobotsOnBlackSite,numberOfRobotsOnWhiteSite
11577,21,17
timeStep,numberOfRobotsOnBlackSite,numberOfRobotsOnWhiteSite
11578,21,17
timeStep,numberOfRobotsOnBlackSite,numberOfRobotsOnWhiteSite
11579,21,17
timeStep,numberOfRobotsOnBlackSite,numberOfRobotsOnWhiteSite
11580,21,17
timeStep,numberOfRobotsOnBlackSite,numberOfRobotsOnWhiteSite
11581,21,17
timeStep,numberOfRobotsOnBlackSite,numberOfRobotsOnWhiteSite
11582,21,17
timeStep,numberOfRobotsOnBlackSite,numberOfRobotsOnWhiteSite
11583,21,17
timeStep,numberOfRobotsOnBlackSite,numberOfRobotsOnWhiteSite
11584,21,17
timeStep,numberOfRobotsOnBlackSite,numberOfRobotsOnWhiteSite
11585,21,17
timeStep,numberOfRobotsOnBlackSite,numberOfRobotsOnWhiteSite
11586,21,17
timeStep,numberOfRobotsOnBlackSite,numberOfRobotsOnWhiteSite
11587,21,17
timeStep,numberOfRobotsOnBlackSite,numberOfRobotsOnWhiteSite
11588,21,17
timeStep,numberOfRobotsOnBlackSite,numberOfRobotsOnWhiteSite
11589,21,17
timeStep,numberOfRobotsOnBlackSite,numberOfRobotsOnWhiteSite
11590,21,17
timeStep,numberOfRobotsOnBlackSite,numberOfRobotsOnWhiteSite
11591,21,17
timeStep,numberOfRobotsOnBlackSite,numberOfRobotsOnWhiteSite
11592,21,17
timeStep,numberOfRobotsOnBlackSite,numberOfRobotsOnWhiteSite
11593,21,17
timeStep,numberOfRobotsOnBlackSite,numberOfRobotsOnWhiteSite
11594,21,17
timeStep,numberOfRobotsOnBlackSite,numberOfRobotsOnWhiteSite
11595,21,17
timeStep,numberOfRobotsOnBlackSite,numberOfRobotsOnWhiteSite
11596,21,17
timeStep,numberOfRobotsOnBlackSite,numberOfRobotsOnWhiteSite
11597,21,17
timeStep,numberOfRobotsOnBlackSite,numberOfRobotsOnWhiteSite
11598,21,17
timeStep,numberOfRobotsOnBlackSite,numberOfRobotsOnWhiteSite
11599,21,17
timeStep,numberOfRobotsOnBlackSite,numberOfRobotsOnWhiteSite
11600,21,17
timeStep,numberOfRobotsOnBlackSite,numberOfRobotsOnWhiteSite
11601,21,17
timeStep,numberOfRobotsOnBlackSite,numberOfRobotsOnWhiteSite
11602,21,17
timeStep,numberOfRobotsOnBlackSite,numberOfRobotsOnWhiteSite
11603,21,17
timeStep,numberOfRobotsOnBlackSite,numberOfRobotsOnWhiteSite
11604,21,17
timeStep,numberOfRobotsOnBlackSite,numberOfRobotsOnWhiteSite
11605,21,18
timeStep,numberOfRobotsOnBlackSite,numberOfRobotsOnWhiteSite
11606,21,18
timeStep,numberOfRobotsOnBlackSite,numberOfRobotsOnWhiteSite
11607,21,18
timeStep,numberOfRobotsOnBlackSite,numberOfRobotsOnWhiteSite
11608,21,18
timeStep,numberOfRobotsOnBlackSite,numberOfRobotsOnWhiteSite
11609,21,18
timeStep,numberOfRobotsOnBlackSite,numberOfRobotsOnWhiteSite
11610,21,18
timeStep,numberOfRobotsOnBlackSite,numberOfRobotsOnWhiteSite
11611,21,18
timeStep,numberOfRobotsOnBlackSite,numberOfRobotsOnWhiteSite
11612,21,18
timeStep,numberOfRobotsOnBlackSite,numberOfRobotsOnWhiteSite
11613,21,18
timeStep,numberOfRobotsOnBlackSite,numberOfRobotsOnWhiteSite
11614,21,18
timeStep,numberOfRobotsOnBlackSite,numberOfRobotsOnWhiteSite
11615,21,18
timeStep,numberOfRobotsOnBlackSite,numberOfRobotsOnWhiteSite
11616,21,18
timeStep,numberOfRobotsOnBlackSite,numberOfRobotsOnWhiteSite
11617,21,18
timeStep,numberOfRobotsOnBlackSite,numberOfRobotsOnWhiteSite
11618,21,18
timeStep,numberOfRobotsOnBlackSite,numberOfRobotsOnWhiteSite
11619,21,18
timeStep,numberOfRobotsOnBlackSite,numberOfRobotsOnWhiteSite
11620,21,18
timeStep,numberOfRobotsOnBlackSite,numberOfRobotsOnWhiteSite
11621,21,18
timeStep,numberOfRobotsOnBlackSite,numberOfRobotsOnWhiteSite
11622,21,18
timeStep,numberOfRobotsOnBlackSite,numberOfRobotsOnWhiteSite
11623,21,18
timeStep,numberOfRobotsOnBlackSite,numberOfRobotsOnWhiteSite
11624,21,18
timeStep,numberOfRobotsOnBlackSite,numberOfRobotsOnWhiteSite
11625,21,18
timeStep,numberOfRobotsOnBlackSite,numberOfRobotsOnWhiteSite
11626,21,18
timeStep,numberOfRobotsOnBlackSite,numberOfRobotsOnWhiteSite
11627,21,18
timeStep,numberOfRobotsOnBlackSite,numberOfRobotsOnWhiteSite
11628,21,18
timeStep,numberOfRobotsOnBlackSite,numberOfRobotsOnWhiteSite
11629,21,18
timeStep,numberOfRobotsOnBlackSite,numberOfRobotsOnWhiteSite
11630,21,18
timeStep,numberOfRobotsOnBlackSite,numberOfRobotsOnWhiteSite
11631,21,18
timeStep,numberOfRobotsOnBlackSite,numberOfRobotsOnWhiteSite
11632,21,18
timeStep,numberOfRobotsOnBlackSite,numberOfRobotsOnWhiteSite
11633,21,18
timeStep,numberOfRobotsOnBlackSite,numberOfRobotsOnWhiteSite
11634,21,18
timeStep,numberOfRobotsOnBlackSite,numberOfRobotsOnWhiteSite
11635,22,18
timeStep,numberOfRobotsOnBlackSite,numberOfRobotsOnWhiteSite
11636,22,18
timeStep,numberOfRobotsOnBlackSite,numberOfRobotsOnWhiteSite
11637,22,18
timeStep,numberOfRobotsOnBlackSite,numberOfRobotsOnWhiteSite
11638,22,18
timeStep,numberOfRobotsOnBlackSite,numberOfRobotsOnWhiteSite
11639,22,18
timeStep,numberOfRobotsOnBlackSite,numberOfRobotsOnWhiteSite
11640,22,18
timeStep,numberOfRobotsOnBlackSite,numberOfRobotsOnWhiteSite
11641,22,18
timeStep,numberOfRobotsOnBlackSite,numberOfRobotsOnWhiteSite
11642,22,18
timeStep,numberOfRobotsOnBlackSite,numberOfRobotsOnWhiteSite
11643,22,18
timeStep,numberOfRobotsOnBlackSite,numberOfRobotsOnWhiteSite
11644,22,18
timeStep,numberOfRobotsOnBlackSite,numberOfRobotsOnWhiteSite
11645,22,18
timeStep,numberOfRobotsOnBlackSite,numberOfRobotsOnWhiteSite
11646,22,18
timeStep,numberOfRobotsOnBlackSite,numberOfRobotsOnWhiteSite
11647,22,18
timeStep,numberOfRobotsOnBlackSite,numberOfRobotsOnWhiteSite
11648,22,18
timeStep,numberOfRobotsOnBlackSite,numberOfRobotsOnWhiteSite
11649,22,18
timeStep,numberOfRobotsOnBlackSite,numberOfRobotsOnWhiteSite
11650,22,18
timeStep,numberOfRobotsOnBlackSite,numberOfRobotsOnWhiteSite
11651,22,18
timeStep,numberOfRobotsOnBlackSite,numberOfRobotsOnWhiteSite
11652,22,18
timeStep,numberOfRobotsOnBlackSite,numberOfRobotsOnWhiteSite
11653,22,18
timeStep,numberOfRobotsOnBlackSite,numberOfRobotsOnWhiteSite
11654,22,18
timeStep,numberOfRobotsOnBlackSite,numberOfRobotsOnWhiteSite
11655,22,18
timeStep,numberOfRobotsOnBlackSite,numberOfRobotsOnWhiteSite
11656,22,18
timeStep,numberOfRobotsOnBlackSite,numberOfRobotsOnWhiteSite
11657,22,18
timeStep,numberOfRobotsOnBlackSite,numberOfRobotsOnWhiteSite
11658,22,18
timeStep,numberOfRobotsOnBlackSite,numberOfRobotsOnWhiteSite
11659,22,18
timeStep,numberOfRobotsOnBlackSite,numberOfRobotsOnWhiteSite
11660,22,18
timeStep,numberOfRobotsOnBlackSite,numberOfRobotsOnWhiteSite
11661,22,18
timeStep,numberOfRobotsOnBlackSite,numberOfRobotsOnWhiteSite
11662,22,18
timeStep,numberOfRobotsOnBlackSite,numberOfRobotsOnWhiteSite
11663,22,18
timeStep,numberOfRobotsOnBlackSite,numberOfRobotsOnWhiteSite
11664,22,18
timeStep,numberOfRobotsOnBlackSite,numberOfRobotsOnWhiteSite
11665,22,18
timeStep,numberOfRobotsOnBlackSite,numberOfRobotsOnWhiteSite
11666,22,18
timeStep,numberOfRobotsOnBlackSite,numberOfRobotsOnWhiteSite
11667,22,18
timeStep,numberOfRobotsOnBlackSite,numberOfRobotsOnWhiteSite
11668,22,18
timeStep,numberOfRobotsOnBlackSite,numberOfRobotsOnWhiteSite
11669,22,18
timeStep,numberOfRobotsOnBlackSite,numberOfRobotsOnWhiteSite
11670,22,18
timeStep,numberOfRobotsOnBlackSite,numberOfRobotsOnWhiteSite
11671,22,18
timeStep,numberOfRobotsOnBlackSite,numberOfRobotsOnWhiteSite
11672,22,18
timeStep,numberOfRobotsOnBlackSite,numberOfRobotsOnWhiteSite
11673,22,18
timeStep,numberOfRobotsOnBlackSite,numberOfRobotsOnWhiteSite
11674,22,18
timeStep,numberOfRobotsOnBlackSite,numberOfRobotsOnWhiteSite
11675,22,18
timeStep,numberOfRobotsOnBlackSite,numberOfRobotsOnWhiteSite
11676,22,18
timeStep,numberOfRobotsOnBlackSite,numberOfRobotsOnWhiteSite
11677,22,18
timeStep,numberOfRobotsOnBlackSite,numberOfRobotsOnWhiteSite
11678,22,18
timeStep,numberOfRobotsOnBlackSite,numberOfRobotsOnWhiteSite
11679,22,18
timeStep,numberOfRobotsOnBlackSite,numberOfRobotsOnWhiteSite
11680,22,18
timeStep,numberOfRobotsOnBlackSite,numberOfRobotsOnWhiteSite
11681,22,18
timeStep,numberOfRobotsOnBlackSite,numberOfRobotsOnWhiteSite
11682,22,18
timeStep,numberOfRobotsOnBlackSite,numberOfRobotsOnWhiteSite
11683,22,18
timeStep,numberOfRobotsOnBlackSite,numberOfRobotsOnWhiteSite
11684,22,18
timeStep,numberOfRobotsOnBlackSite,numberOfRobotsOnWhiteSite
11685,22,18
timeStep,numberOfRobotsOnBlackSite,numberOfRobotsOnWhiteSite
11686,22,18
timeStep,numberOfRobotsOnBlackSite,numberOfRobotsOnWhiteSite
11687,22,18
timeStep,numberOfRobotsOnBlackSite,numberOfRobotsOnWhiteSite
11688,22,18
timeStep,numberOfRobotsOnBlackSite,numberOfRobotsOnWhiteSite
11689,22,18
timeStep,numberOfRobotsOnBlackSite,numberOfRobotsOnWhiteSite
11690,22,18
timeStep,numberOfRobotsOnBlackSite,numberOfRobotsOnWhiteSite
11691,22,18
timeStep,numberOfRobotsOnBlackSite,numberOfRobotsOnWhiteSite
11692,22,18
timeStep,numberOfRobotsOnBlackSite,numberOfRobotsOnWhiteSite
11693,22,18
timeStep,numberOfRobotsOnBlackSite,numberOfRobotsOnWhiteSite
11694,22,18
timeStep,numberOfRobotsOnBlackSite,numberOfRobotsOnWhiteSite
11695,22,17
timeStep,numberOfRobotsOnBlackSite,numberOfRobotsOnWhiteSite
11696,22,17
timeStep,numberOfRobotsOnBlackSite,numberOfRobotsOnWhiteSite
11697,22,17
timeStep,numberOfRobotsOnBlackSite,numberOfRobotsOnWhiteSite
11698,22,17
timeStep,numberOfRobotsOnBlackSite,numberOfRobotsOnWhiteSite
11699,22,17
timeStep,numberOfRobotsOnBlackSite,numberOfRobotsOnWhiteSite
11700,22,17
timeStep,numberOfRobotsOnBlackSite,numberOfRobotsOnWhiteSite
11701,22,17
timeStep,numberOfRobotsOnBlackSite,numberOfRobotsOnWhiteSite
11702,22,17
timeStep,numberOfRobotsOnBlackSite,numberOfRobotsOnWhiteSite
11703,22,17
timeStep,numberOfRobotsOnBlackSite,numberOfRobotsOnWhiteSite
11704,22,17
timeStep,numberOfRobotsOnBlackSite,numberOfRobotsOnWhiteSite
11705,22,16
timeStep,numberOfRobotsOnBlackSite,numberOfRobotsOnWhiteSite
11706,22,16
timeStep,numberOfRobotsOnBlackSite,numberOfRobotsOnWhiteSite
11707,22,16
timeStep,numberOfRobotsOnBlackSite,numberOfRobotsOnWhiteSite
11708,22,16
timeStep,numberOfRobotsOnBlackSite,numberOfRobotsOnWhiteSite
11709,22,16
timeStep,numberOfRobotsOnBlackSite,numberOfRobotsOnWhiteSite
11710,22,16
timeStep,numberOfRobotsOnBlackSite,numberOfRobotsOnWhiteSite
11711,22,16
timeStep,numberOfRobotsOnBlackSite,numberOfRobotsOnWhiteSite
11712,22,16
timeStep,numberOfRobotsOnBlackSite,numberOfRobotsOnWhiteSite
11713,22,16
timeStep,numberOfRobotsOnBlackSite,numberOfRobotsOnWhiteSite
11714,22,16
timeStep,numberOfRobotsOnBlackSite,numberOfRobotsOnWhiteSite
11715,22,16
timeStep,numberOfRobotsOnBlackSite,numberOfRobotsOnWhiteSite
11716,22,16
timeStep,numberOfRobotsOnBlackSite,numberOfRobotsOnWhiteSite
11717,22,16
timeStep,numberOfRobotsOnBlackSite,numberOfRobotsOnWhiteSite
11718,22,16
timeStep,numberOfRobotsOnBlackSite,numberOfRobotsOnWhiteSite
11719,22,16
timeStep,numberOfRobotsOnBlackSite,numberOfRobotsOnWhiteSite
11720,22,16
timeStep,numberOfRobotsOnBlackSite,numberOfRobotsOnWhiteSite
11721,22,16
timeStep,numberOfRobotsOnBlackSite,numberOfRobotsOnWhiteSite
11722,22,16
timeStep,numberOfRobotsOnBlackSite,numberOfRobotsOnWhiteSite
11723,22,16
timeStep,numberOfRobotsOnBlackSite,numberOfRobotsOnWhiteSite
11724,22,16
timeStep,numberOfRobotsOnBlackSite,numberOfRobotsOnWhiteSite
11725,22,16
timeStep,numberOfRobotsOnBlackSite,numberOfRobotsOnWhiteSite
11726,22,16
timeStep,numberOfRobotsOnBlackSite,numberOfRobotsOnWhiteSite
11727,22,16
timeStep,numberOfRobotsOnBlackSite,numberOfRobotsOnWhiteSite
11728,22,16
timeStep,numberOfRobotsOnBlackSite,numberOfRobotsOnWhiteSite
11729,22,16
timeStep,numberOfRobotsOnBlackSite,numberOfRobotsOnWhiteSite
11730,22,16
timeStep,numberOfRobotsOnBlackSite,numberOfRobotsOnWhiteSite
11731,22,16
timeStep,numberOfRobotsOnBlackSite,numberOfRobotsOnWhiteSite
11732,22,16
timeStep,numberOfRobotsOnBlackSite,numberOfRobotsOnWhiteSite
11733,22,16
timeStep,numberOfRobotsOnBlackSite,numberOfRobotsOnWhiteSite
11734,22,16
timeStep,numberOfRobotsOnBlackSite,numberOfRobotsOnWhiteSite
11735,22,17
timeStep,numberOfRobotsOnBlackSite,numberOfRobotsOnWhiteSite
11736,22,17
timeStep,numberOfRobotsOnBlackSite,numberOfRobotsOnWhiteSite
11737,22,17
timeStep,numberOfRobotsOnBlackSite,numberOfRobotsOnWhiteSite
11738,22,17
timeStep,numberOfRobotsOnBlackSite,numberOfRobotsOnWhiteSite
11739,22,17
timeStep,numberOfRobotsOnBlackSite,numberOfRobotsOnWhiteSite
11740,22,17
timeStep,numberOfRobotsOnBlackSite,numberOfRobotsOnWhiteSite
11741,22,17
timeStep,numberOfRobotsOnBlackSite,numberOfRobotsOnWhiteSite
11742,22,17
timeStep,numberOfRobotsOnBlackSite,numberOfRobotsOnWhiteSite
11743,22,17
timeStep,numberOfRobotsOnBlackSite,numberOfRobotsOnWhiteSite
11744,22,17
timeStep,numberOfRobotsOnBlackSite,numberOfRobotsOnWhiteSite
11745,21,17
timeStep,numberOfRobotsOnBlackSite,numberOfRobotsOnWhiteSite
11746,21,17
timeStep,numberOfRobotsOnBlackSite,numberOfRobotsOnWhiteSite
11747,21,17
timeStep,numberOfRobotsOnBlackSite,numberOfRobotsOnWhiteSite
11748,21,17
timeStep,numberOfRobotsOnBlackSite,numberOfRobotsOnWhiteSite
11749,21,17
timeStep,numberOfRobotsOnBlackSite,numberOfRobotsOnWhiteSite
11750,21,18
timeStep,numberOfRobotsOnBlackSite,numberOfRobotsOnWhiteSite
11751,21,18
timeStep,numberOfRobotsOnBlackSite,numberOfRobotsOnWhiteSite
11752,21,18
timeStep,numberOfRobotsOnBlackSite,numberOfRobotsOnWhiteSite
11753,21,18
timeStep,numberOfRobotsOnBlackSite,numberOfRobotsOnWhiteSite
11754,21,18
timeStep,numberOfRobotsOnBlackSite,numberOfRobotsOnWhiteSite
11755,21,18
timeStep,numberOfRobotsOnBlackSite,numberOfRobotsOnWhiteSite
11756,21,18
timeStep,numberOfRobotsOnBlackSite,numberOfRobotsOnWhiteSite
11757,21,18
timeStep,numberOfRobotsOnBlackSite,numberOfRobotsOnWhiteSite
11758,21,18
timeStep,numberOfRobotsOnBlackSite,numberOfRobotsOnWhiteSite
11759,21,18
timeStep,numberOfRobotsOnBlackSite,numberOfRobotsOnWhiteSite
11760,22,18
timeStep,numberOfRobotsOnBlackSite,numberOfRobotsOnWhiteSite
11761,22,18
timeStep,numberOfRobotsOnBlackSite,numberOfRobotsOnWhiteSite
11762,22,18
timeStep,numberOfRobotsOnBlackSite,numberOfRobotsOnWhiteSite
11763,22,18
timeStep,numberOfRobotsOnBlackSite,numberOfRobotsOnWhiteSite
11764,22,18
timeStep,numberOfRobotsOnBlackSite,numberOfRobotsOnWhiteSite
11765,22,17
timeStep,numberOfRobotsOnBlackSite,numberOfRobotsOnWhiteSite
11766,22,17
timeStep,numberOfRobotsOnBlackSite,numberOfRobotsOnWhiteSite
11767,22,17
timeStep,numberOfRobotsOnBlackSite,numberOfRobotsOnWhiteSite
11768,22,17
timeStep,numberOfRobotsOnBlackSite,numberOfRobotsOnWhiteSite
11769,22,17
timeStep,numberOfRobotsOnBlackSite,numberOfRobotsOnWhiteSite
11770,22,17
timeStep,numberOfRobotsOnBlackSite,numberOfRobotsOnWhiteSite
11771,22,17
timeStep,numberOfRobotsOnBlackSite,numberOfRobotsOnWhiteSite
11772,22,17
timeStep,numberOfRobotsOnBlackSite,numberOfRobotsOnWhiteSite
11773,22,17
timeStep,numberOfRobotsOnBlackSite,numberOfRobotsOnWhiteSite
11774,22,17
timeStep,numberOfRobotsOnBlackSite,numberOfRobotsOnWhiteSite
11775,22,17
timeStep,numberOfRobotsOnBlackSite,numberOfRobotsOnWhiteSite
11776,22,17
timeStep,numberOfRobotsOnBlackSite,numberOfRobotsOnWhiteSite
11777,22,17
timeStep,numberOfRobotsOnBlackSite,numberOfRobotsOnWhiteSite
11778,22,17
timeStep,numberOfRobotsOnBlackSite,numberOfRobotsOnWhiteSite
11779,22,17
timeStep,numberOfRobotsOnBlackSite,numberOfRobotsOnWhiteSite
11780,22,17
timeStep,numberOfRobotsOnBlackSite,numberOfRobotsOnWhiteSite
11781,22,17
timeStep,numberOfRobotsOnBlackSite,numberOfRobotsOnWhiteSite
11782,22,17
timeStep,numberOfRobotsOnBlackSite,numberOfRobotsOnWhiteSite
11783,22,17
timeStep,numberOfRobotsOnBlackSite,numberOfRobotsOnWhiteSite
11784,22,17
timeStep,numberOfRobotsOnBlackSite,numberOfRobotsOnWhiteSite
11785,22,17
timeStep,numberOfRobotsOnBlackSite,numberOfRobotsOnWhiteSite
11786,22,17
timeStep,numberOfRobotsOnBlackSite,numberOfRobotsOnWhiteSite
11787,22,17
timeStep,numberOfRobotsOnBlackSite,numberOfRobotsOnWhiteSite
11788,22,17
timeStep,numberOfRobotsOnBlackSite,numberOfRobotsOnWhiteSite
11789,22,17
timeStep,numberOfRobotsOnBlackSite,numberOfRobotsOnWhiteSite
11790,22,17
timeStep,numberOfRobotsOnBlackSite,numberOfRobotsOnWhiteSite
11791,22,17
timeStep,numberOfRobotsOnBlackSite,numberOfRobotsOnWhiteSite
11792,22,17
timeStep,numberOfRobotsOnBlackSite,numberOfRobotsOnWhiteSite
11793,22,17
timeStep,numberOfRobotsOnBlackSite,numberOfRobotsOnWhiteSite
11794,22,17
timeStep,numberOfRobotsOnBlackSite,numberOfRobotsOnWhiteSite
11795,21,17
timeStep,numberOfRobotsOnBlackSite,numberOfRobotsOnWhiteSite
11796,21,17
timeStep,numberOfRobotsOnBlackSite,numberOfRobotsOnWhiteSite
11797,21,17
timeStep,numberOfRobotsOnBlackSite,numberOfRobotsOnWhiteSite
11798,21,17
timeStep,numberOfRobotsOnBlackSite,numberOfRobotsOnWhiteSite
11799,21,17
timeStep,numberOfRobotsOnBlackSite,numberOfRobotsOnWhiteSite
11800,21,17
timeStep,numberOfRobotsOnBlackSite,numberOfRobotsOnWhiteSite
11801,21,17
timeStep,numberOfRobotsOnBlackSite,numberOfRobotsOnWhiteSite
11802,21,17
timeStep,numberOfRobotsOnBlackSite,numberOfRobotsOnWhiteSite
11803,21,17
timeStep,numberOfRobotsOnBlackSite,numberOfRobotsOnWhiteSite
11804,21,17
timeStep,numberOfRobotsOnBlackSite,numberOfRobotsOnWhiteSite
11805,21,17
timeStep,numberOfRobotsOnBlackSite,numberOfRobotsOnWhiteSite
11806,21,17
timeStep,numberOfRobotsOnBlackSite,numberOfRobotsOnWhiteSite
11807,21,17
timeStep,numberOfRobotsOnBlackSite,numberOfRobotsOnWhiteSite
11808,21,17
timeStep,numberOfRobotsOnBlackSite,numberOfRobotsOnWhiteSite
11809,21,17
timeStep,numberOfRobotsOnBlackSite,numberOfRobotsOnWhiteSite
11810,21,16
timeStep,numberOfRobotsOnBlackSite,numberOfRobotsOnWhiteSite
11811,21,16
timeStep,numberOfRobotsOnBlackSite,numberOfRobotsOnWhiteSite
11812,21,16
timeStep,numberOfRobotsOnBlackSite,numberOfRobotsOnWhiteSite
11813,21,16
timeStep,numberOfRobotsOnBlackSite,numberOfRobotsOnWhiteSite
11814,21,16
timeStep,numberOfRobotsOnBlackSite,numberOfRobotsOnWhiteSite
11815,21,17
timeStep,numberOfRobotsOnBlackSite,numberOfRobotsOnWhiteSite
11816,21,17
timeStep,numberOfRobotsOnBlackSite,numberOfRobotsOnWhiteSite
11817,21,17
timeStep,numberOfRobotsOnBlackSite,numberOfRobotsOnWhiteSite
11818,21,17
timeStep,numberOfRobotsOnBlackSite,numberOfRobotsOnWhiteSite
11819,21,17
timeStep,numberOfRobotsOnBlackSite,numberOfRobotsOnWhiteSite
11820,21,17
timeStep,numberOfRobotsOnBlackSite,numberOfRobotsOnWhiteSite
11821,21,17
timeStep,numberOfRobotsOnBlackSite,numberOfRobotsOnWhiteSite
11822,21,17
timeStep,numberOfRobotsOnBlackSite,numberOfRobotsOnWhiteSite
11823,21,17
timeStep,numberOfRobotsOnBlackSite,numberOfRobotsOnWhiteSite
11824,21,17
timeStep,numberOfRobotsOnBlackSite,numberOfRobotsOnWhiteSite
11825,21,17
timeStep,numberOfRobotsOnBlackSite,numberOfRobotsOnWhiteSite
11826,21,17
timeStep,numberOfRobotsOnBlackSite,numberOfRobotsOnWhiteSite
11827,21,17
timeStep,numberOfRobotsOnBlackSite,numberOfRobotsOnWhiteSite
11828,21,17
timeStep,numberOfRobotsOnBlackSite,numberOfRobotsOnWhiteSite
11829,21,17
timeStep,numberOfRobotsOnBlackSite,numberOfRobotsOnWhiteSite
11830,21,17
timeStep,numberOfRobotsOnBlackSite,numberOfRobotsOnWhiteSite
11831,21,17
timeStep,numberOfRobotsOnBlackSite,numberOfRobotsOnWhiteSite
11832,21,17
timeStep,numberOfRobotsOnBlackSite,numberOfRobotsOnWhiteSite
11833,21,17
timeStep,numberOfRobotsOnBlackSite,numberOfRobotsOnWhiteSite
11834,21,17
timeStep,numberOfRobotsOnBlackSite,numberOfRobotsOnWhiteSite
11835,21,17
timeStep,numberOfRobotsOnBlackSite,numberOfRobotsOnWhiteSite
11836,21,17
timeStep,numberOfRobotsOnBlackSite,numberOfRobotsOnWhiteSite
11837,21,17
timeStep,numberOfRobotsOnBlackSite,numberOfRobotsOnWhiteSite
11838,21,17
timeStep,numberOfRobotsOnBlackSite,numberOfRobotsOnWhiteSite
11839,21,17
timeStep,numberOfRobotsOnBlackSite,numberOfRobotsOnWhiteSite
11840,21,17
timeStep,numberOfRobotsOnBlackSite,numberOfRobotsOnWhiteSite
11841,21,17
timeStep,numberOfRobotsOnBlackSite,numberOfRobotsOnWhiteSite
11842,21,17
timeStep,numberOfRobotsOnBlackSite,numberOfRobotsOnWhiteSite
11843,21,17
timeStep,numberOfRobotsOnBlackSite,numberOfRobotsOnWhiteSite
11844,21,17
timeStep,numberOfRobotsOnBlackSite,numberOfRobotsOnWhiteSite
11845,21,17
timeStep,numberOfRobotsOnBlackSite,numberOfRobotsOnWhiteSite
11846,21,17
timeStep,numberOfRobotsOnBlackSite,numberOfRobotsOnWhiteSite
11847,21,17
timeStep,numberOfRobotsOnBlackSite,numberOfRobotsOnWhiteSite
11848,21,17
timeStep,numberOfRobotsOnBlackSite,numberOfRobotsOnWhiteSite
11849,21,17
timeStep,numberOfRobotsOnBlackSite,numberOfRobotsOnWhiteSite
11850,21,16
timeStep,numberOfRobotsOnBlackSite,numberOfRobotsOnWhiteSite
11851,21,16
timeStep,numberOfRobotsOnBlackSite,numberOfRobotsOnWhiteSite
11852,21,16
timeStep,numberOfRobotsOnBlackSite,numberOfRobotsOnWhiteSite
11853,21,16
timeStep,numberOfRobotsOnBlackSite,numberOfRobotsOnWhiteSite
11854,21,16
timeStep,numberOfRobotsOnBlackSite,numberOfRobotsOnWhiteSite
11855,21,16
timeStep,numberOfRobotsOnBlackSite,numberOfRobotsOnWhiteSite
11856,21,16
timeStep,numberOfRobotsOnBlackSite,numberOfRobotsOnWhiteSite
11857,21,16
timeStep,numberOfRobotsOnBlackSite,numberOfRobotsOnWhiteSite
11858,21,16
timeStep,numberOfRobotsOnBlackSite,numberOfRobotsOnWhiteSite
11859,21,16
timeStep,numberOfRobotsOnBlackSite,numberOfRobotsOnWhiteSite
11860,21,16
timeStep,numberOfRobotsOnBlackSite,numberOfRobotsOnWhiteSite
11861,21,16
timeStep,numberOfRobotsOnBlackSite,numberOfRobotsOnWhiteSite
11862,21,16
timeStep,numberOfRobotsOnBlackSite,numberOfRobotsOnWhiteSite
11863,21,16
timeStep,numberOfRobotsOnBlackSite,numberOfRobotsOnWhiteSite
11864,21,16
timeStep,numberOfRobotsOnBlackSite,numberOfRobotsOnWhiteSite
11865,21,16
timeStep,numberOfRobotsOnBlackSite,numberOfRobotsOnWhiteSite
11866,21,16
timeStep,numberOfRobotsOnBlackSite,numberOfRobotsOnWhiteSite
11867,21,16
timeStep,numberOfRobotsOnBlackSite,numberOfRobotsOnWhiteSite
11868,21,16
timeStep,numberOfRobotsOnBlackSite,numberOfRobotsOnWhiteSite
11869,21,16
timeStep,numberOfRobotsOnBlackSite,numberOfRobotsOnWhiteSite
11870,21,16
timeStep,numberOfRobotsOnBlackSite,numberOfRobotsOnWhiteSite
11871,21,16
timeStep,numberOfRobotsOnBlackSite,numberOfRobotsOnWhiteSite
11872,21,16
timeStep,numberOfRobotsOnBlackSite,numberOfRobotsOnWhiteSite
11873,21,16
timeStep,numberOfRobotsOnBlackSite,numberOfRobotsOnWhiteSite
11874,21,16
timeStep,numberOfRobotsOnBlackSite,numberOfRobotsOnWhiteSite
11875,21,16
timeStep,numberOfRobotsOnBlackSite,numberOfRobotsOnWhiteSite
11876,21,16
timeStep,numberOfRobotsOnBlackSite,numberOfRobotsOnWhiteSite
11877,21,16
timeStep,numberOfRobotsOnBlackSite,numberOfRobotsOnWhiteSite
11878,21,16
timeStep,numberOfRobotsOnBlackSite,numberOfRobotsOnWhiteSite
11879,21,16
timeStep,numberOfRobotsOnBlackSite,numberOfRobotsOnWhiteSite
11880,21,15
timeStep,numberOfRobotsOnBlackSite,numberOfRobotsOnWhiteSite
11881,21,15
timeStep,numberOfRobotsOnBlackSite,numberOfRobotsOnWhiteSite
11882,21,15
timeStep,numberOfRobotsOnBlackSite,numberOfRobotsOnWhiteSite
11883,21,15
timeStep,numberOfRobotsOnBlackSite,numberOfRobotsOnWhiteSite
11884,21,15
timeStep,numberOfRobotsOnBlackSite,numberOfRobotsOnWhiteSite
11885,21,15
timeStep,numberOfRobotsOnBlackSite,numberOfRobotsOnWhiteSite
11886,21,15
timeStep,numberOfRobotsOnBlackSite,numberOfRobotsOnWhiteSite
11887,21,15
timeStep,numberOfRobotsOnBlackSite,numberOfRobotsOnWhiteSite
11888,21,15
timeStep,numberOfRobotsOnBlackSite,numberOfRobotsOnWhiteSite
11889,21,15
timeStep,numberOfRobotsOnBlackSite,numberOfRobotsOnWhiteSite
11890,21,15
timeStep,numberOfRobotsOnBlackSite,numberOfRobotsOnWhiteSite
11891,21,15
timeStep,numberOfRobotsOnBlackSite,numberOfRobotsOnWhiteSite
11892,21,15
timeStep,numberOfRobotsOnBlackSite,numberOfRobotsOnWhiteSite
11893,21,15
timeStep,numberOfRobotsOnBlackSite,numberOfRobotsOnWhiteSite
11894,21,15
timeStep,numberOfRobotsOnBlackSite,numberOfRobotsOnWhiteSite
11895,21,15
timeStep,numberOfRobotsOnBlackSite,numberOfRobotsOnWhiteSite
11896,21,15
timeStep,numberOfRobotsOnBlackSite,numberOfRobotsOnWhiteSite
11897,21,15
timeStep,numberOfRobotsOnBlackSite,numberOfRobotsOnWhiteSite
11898,21,15
timeStep,numberOfRobotsOnBlackSite,numberOfRobotsOnWhiteSite
11899,21,15
timeStep,numberOfRobotsOnBlackSite,numberOfRobotsOnWhiteSite
11900,22,15
timeStep,numberOfRobotsOnBlackSite,numberOfRobotsOnWhiteSite
11901,22,15
timeStep,numberOfRobotsOnBlackSite,numberOfRobotsOnWhiteSite
11902,22,15
timeStep,numberOfRobotsOnBlackSite,numberOfRobotsOnWhiteSite
11903,22,15
timeStep,numberOfRobotsOnBlackSite,numberOfRobotsOnWhiteSite
11904,22,15
timeStep,numberOfRobotsOnBlackSite,numberOfRobotsOnWhiteSite
11905,22,15
timeStep,numberOfRobotsOnBlackSite,numberOfRobotsOnWhiteSite
11906,22,15
timeStep,numberOfRobotsOnBlackSite,numberOfRobotsOnWhiteSite
11907,22,15
timeStep,numberOfRobotsOnBlackSite,numberOfRobotsOnWhiteSite
11908,22,15
timeStep,numberOfRobotsOnBlackSite,numberOfRobotsOnWhiteSite
11909,22,15
timeStep,numberOfRobotsOnBlackSite,numberOfRobotsOnWhiteSite
11910,22,15
timeStep,numberOfRobotsOnBlackSite,numberOfRobotsOnWhiteSite
11911,22,15
timeStep,numberOfRobotsOnBlackSite,numberOfRobotsOnWhiteSite
11912,22,15
timeStep,numberOfRobotsOnBlackSite,numberOfRobotsOnWhiteSite
11913,22,15
timeStep,numberOfRobotsOnBlackSite,numberOfRobotsOnWhiteSite
11914,22,15
timeStep,numberOfRobotsOnBlackSite,numberOfRobotsOnWhiteSite
11915,22,15
timeStep,numberOfRobotsOnBlackSite,numberOfRobotsOnWhiteSite
11916,22,15
timeStep,numberOfRobotsOnBlackSite,numberOfRobotsOnWhiteSite
11917,22,15
timeStep,numberOfRobotsOnBlackSite,numberOfRobotsOnWhiteSite
11918,22,15
timeStep,numberOfRobotsOnBlackSite,numberOfRobotsOnWhiteSite
11919,22,15
timeStep,numberOfRobotsOnBlackSite,numberOfRobotsOnWhiteSite
11920,22,15
timeStep,numberOfRobotsOnBlackSite,numberOfRobotsOnWhiteSite
11921,22,15
timeStep,numberOfRobotsOnBlackSite,numberOfRobotsOnWhiteSite
11922,22,15
timeStep,numberOfRobotsOnBlackSite,numberOfRobotsOnWhiteSite
11923,22,15
timeStep,numberOfRobotsOnBlackSite,numberOfRobotsOnWhiteSite
11924,22,15
timeStep,numberOfRobotsOnBlackSite,numberOfRobotsOnWhiteSite
11925,22,16
timeStep,numberOfRobotsOnBlackSite,numberOfRobotsOnWhiteSite
11926,22,16
timeStep,numberOfRobotsOnBlackSite,numberOfRobotsOnWhiteSite
11927,22,16
timeStep,numberOfRobotsOnBlackSite,numberOfRobotsOnWhiteSite
11928,22,16
timeStep,numberOfRobotsOnBlackSite,numberOfRobotsOnWhiteSite
11929,22,16
timeStep,numberOfRobotsOnBlackSite,numberOfRobotsOnWhiteSite
11930,22,16
timeStep,numberOfRobotsOnBlackSite,numberOfRobotsOnWhiteSite
11931,22,16
timeStep,numberOfRobotsOnBlackSite,numberOfRobotsOnWhiteSite
11932,22,16
timeStep,numberOfRobotsOnBlackSite,numberOfRobotsOnWhiteSite
11933,22,16
timeStep,numberOfRobotsOnBlackSite,numberOfRobotsOnWhiteSite
11934,22,16
timeStep,numberOfRobotsOnBlackSite,numberOfRobotsOnWhiteSite
11935,22,16
timeStep,numberOfRobotsOnBlackSite,numberOfRobotsOnWhiteSite
11936,22,16
timeStep,numberOfRobotsOnBlackSite,numberOfRobotsOnWhiteSite
11937,22,16
timeStep,numberOfRobotsOnBlackSite,numberOfRobotsOnWhiteSite
11938,22,16
timeStep,numberOfRobotsOnBlackSite,numberOfRobotsOnWhiteSite
11939,22,16
timeStep,numberOfRobotsOnBlackSite,numberOfRobotsOnWhiteSite
11940,22,16
timeStep,numberOfRobotsOnBlackSite,numberOfRobotsOnWhiteSite
11941,22,16
timeStep,numberOfRobotsOnBlackSite,numberOfRobotsOnWhiteSite
11942,22,16
timeStep,numberOfRobotsOnBlackSite,numberOfRobotsOnWhiteSite
11943,22,16
timeStep,numberOfRobotsOnBlackSite,numberOfRobotsOnWhiteSite
11944,22,16
timeStep,numberOfRobotsOnBlackSite,numberOfRobotsOnWhiteSite
11945,22,16
timeStep,numberOfRobotsOnBlackSite,numberOfRobotsOnWhiteSite
11946,22,16
timeStep,numberOfRobotsOnBlackSite,numberOfRobotsOnWhiteSite
11947,22,16
timeStep,numberOfRobotsOnBlackSite,numberOfRobotsOnWhiteSite
11948,22,16
timeStep,numberOfRobotsOnBlackSite,numberOfRobotsOnWhiteSite
11949,22,16
timeStep,numberOfRobotsOnBlackSite,numberOfRobotsOnWhiteSite
11950,22,16
timeStep,numberOfRobotsOnBlackSite,numberOfRobotsOnWhiteSite
11951,22,16
timeStep,numberOfRobotsOnBlackSite,numberOfRobotsOnWhiteSite
11952,22,16
timeStep,numberOfRobotsOnBlackSite,numberOfRobotsOnWhiteSite
11953,22,16
timeStep,numberOfRobotsOnBlackSite,numberOfRobotsOnWhiteSite
11954,22,16
timeStep,numberOfRobotsOnBlackSite,numberOfRobotsOnWhiteSite
11955,22,16
timeStep,numberOfRobotsOnBlackSite,numberOfRobotsOnWhiteSite
11956,22,16
timeStep,numberOfRobotsOnBlackSite,numberOfRobotsOnWhiteSite
11957,22,16
timeStep,numberOfRobotsOnBlackSite,numberOfRobotsOnWhiteSite
11958,22,16
timeStep,numberOfRobotsOnBlackSite,numberOfRobotsOnWhiteSite
11959,22,16
timeStep,numberOfRobotsOnBlackSite,numberOfRobotsOnWhiteSite
11960,21,16
timeStep,numberOfRobotsOnBlackSite,numberOfRobotsOnWhiteSite
11961,21,16
timeStep,numberOfRobotsOnBlackSite,numberOfRobotsOnWhiteSite
11962,21,16
timeStep,numberOfRobotsOnBlackSite,numberOfRobotsOnWhiteSite
11963,21,16
timeStep,numberOfRobotsOnBlackSite,numberOfRobotsOnWhiteSite
11964,21,16
timeStep,numberOfRobotsOnBlackSite,numberOfRobotsOnWhiteSite
11965,21,15
timeStep,numberOfRobotsOnBlackSite,numberOfRobotsOnWhiteSite
11966,21,15
timeStep,numberOfRobotsOnBlackSite,numberOfRobotsOnWhiteSite
11967,21,15
timeStep,numberOfRobotsOnBlackSite,numberOfRobotsOnWhiteSite
11968,21,15
timeStep,numberOfRobotsOnBlackSite,numberOfRobotsOnWhiteSite
11969,21,15
timeStep,numberOfRobotsOnBlackSite,numberOfRobotsOnWhiteSite
11970,21,15
timeStep,numberOfRobotsOnBlackSite,numberOfRobotsOnWhiteSite
11971,21,15
timeStep,numberOfRobotsOnBlackSite,numberOfRobotsOnWhiteSite
11972,21,15
timeStep,numberOfRobotsOnBlackSite,numberOfRobotsOnWhiteSite
11973,21,15
timeStep,numberOfRobotsOnBlackSite,numberOfRobotsOnWhiteSite
11974,21,15
timeStep,numberOfRobotsOnBlackSite,numberOfRobotsOnWhiteSite
11975,21,15
timeStep,numberOfRobotsOnBlackSite,numberOfRobotsOnWhiteSite
11976,21,15
timeStep,numberOfRobotsOnBlackSite,numberOfRobotsOnWhiteSite
11977,21,15
timeStep,numberOfRobotsOnBlackSite,numberOfRobotsOnWhiteSite
11978,21,15
timeStep,numberOfRobotsOnBlackSite,numberOfRobotsOnWhiteSite
11979,21,15
timeStep,numberOfRobotsOnBlackSite,numberOfRobotsOnWhiteSite
11980,21,15
timeStep,numberOfRobotsOnBlackSite,numberOfRobotsOnWhiteSite
11981,21,15
timeStep,numberOfRobotsOnBlackSite,numberOfRobotsOnWhiteSite
11982,21,15
timeStep,numberOfRobotsOnBlackSite,numberOfRobotsOnWhiteSite
11983,21,15
timeStep,numberOfRobotsOnBlackSite,numberOfRobotsOnWhiteSite
11984,21,15
timeStep,numberOfRobotsOnBlackSite,numberOfRobotsOnWhiteSite
11985,21,15
timeStep,numberOfRobotsOnBlackSite,numberOfRobotsOnWhiteSite
11986,21,15
timeStep,numberOfRobotsOnBlackSite,numberOfRobotsOnWhiteSite
11987,21,15
timeStep,numberOfRobotsOnBlackSite,numberOfRobotsOnWhiteSite
11988,21,15
timeStep,numberOfRobotsOnBlackSite,numberOfRobotsOnWhiteSite
11989,21,15
timeStep,numberOfRobotsOnBlackSite,numberOfRobotsOnWhiteSite
11990,21,15
timeStep,numberOfRobotsOnBlackSite,numberOfRobotsOnWhiteSite
11991,21,15
timeStep,numberOfRobotsOnBlackSite,numberOfRobotsOnWhiteSite
11992,21,15
timeStep,numberOfRobotsOnBlackSite,numberOfRobotsOnWhiteSite
11993,21,15
timeStep,numberOfRobotsOnBlackSite,numberOfRobotsOnWhiteSite
11994,21,15
timeStep,numberOfRobotsOnBlackSite,numberOfRobotsOnWhiteSite
11995,21,15
timeStep,numberOfRobotsOnBlackSite,numberOfRobotsOnWhiteSite
11996,21,15
timeStep,numberOfRobotsOnBlackSite,numberOfRobotsOnWhiteSite
11997,21,15
timeStep,numberOfRobotsOnBlackSite,numberOfRobotsOnWhiteSite
11998,21,15
timeStep,numberOfRobotsOnBlackSite,numberOfRobotsOnWhiteSite
11999,21,15
timeStep,numberOfRobotsOnBlackSite,numberOfRobotsOnWhiteSite
12000,21,15
timeStep,numberOfRobotsOnBlackSite,numberOfRobotsOnWhiteSite
12001,21,15
timeStep,numberOfRobotsOnBlackSite,numberOfRobotsOnWhiteSite
12002,21,15
timeStep,numberOfRobotsOnBlackSite,numberOfRobotsOnWhiteSite
12003,21,15
timeStep,numberOfRobotsOnBlackSite,numberOfRobotsOnWhiteSite
12004,21,15
timeStep,numberOfRobotsOnBlackSite,numberOfRobotsOnWhiteSite
12005,21,15
timeStep,numberOfRobotsOnBlackSite,numberOfRobotsOnWhiteSite
12006,21,15
timeStep,numberOfRobotsOnBlackSite,numberOfRobotsOnWhiteSite
12007,21,15
timeStep,numberOfRobotsOnBlackSite,numberOfRobotsOnWhiteSite
12008,21,15
timeStep,numberOfRobotsOnBlackSite,numberOfRobotsOnWhiteSite
12009,21,15
timeStep,numberOfRobotsOnBlackSite,numberOfRobotsOnWhiteSite
12010,21,15
timeStep,numberOfRobotsOnBlackSite,numberOfRobotsOnWhiteSite
12011,21,15
timeStep,numberOfRobotsOnBlackSite,numberOfRobotsOnWhiteSite
12012,21,15
timeStep,numberOfRobotsOnBlackSite,numberOfRobotsOnWhiteSite
12013,21,15
timeStep,numberOfRobotsOnBlackSite,numberOfRobotsOnWhiteSite
12014,21,15
timeStep,numberOfRobotsOnBlackSite,numberOfRobotsOnWhiteSite
12015,21,14
timeStep,numberOfRobotsOnBlackSite,numberOfRobotsOnWhiteSite
12016,21,14
timeStep,numberOfRobotsOnBlackSite,numberOfRobotsOnWhiteSite
12017,21,14
timeStep,numberOfRobotsOnBlackSite,numberOfRobotsOnWhiteSite
12018,21,14
timeStep,numberOfRobotsOnBlackSite,numberOfRobotsOnWhiteSite
12019,21,14
timeStep,numberOfRobotsOnBlackSite,numberOfRobotsOnWhiteSite
12020,21,14
timeStep,numberOfRobotsOnBlackSite,numberOfRobotsOnWhiteSite
12021,21,14
timeStep,numberOfRobotsOnBlackSite,numberOfRobotsOnWhiteSite
12022,21,14
timeStep,numberOfRobotsOnBlackSite,numberOfRobotsOnWhiteSite
12023,21,14
timeStep,numberOfRobotsOnBlackSite,numberOfRobotsOnWhiteSite
12024,21,14
timeStep,numberOfRobotsOnBlackSite,numberOfRobotsOnWhiteSite
12025,21,14
timeStep,numberOfRobotsOnBlackSite,numberOfRobotsOnWhiteSite
12026,21,14
timeStep,numberOfRobotsOnBlackSite,numberOfRobotsOnWhiteSite
12027,21,14
timeStep,numberOfRobotsOnBlackSite,numberOfRobotsOnWhiteSite
12028,21,14
timeStep,numberOfRobotsOnBlackSite,numberOfRobotsOnWhiteSite
12029,21,14
timeStep,numberOfRobotsOnBlackSite,numberOfRobotsOnWhiteSite
12030,21,15
timeStep,numberOfRobotsOnBlackSite,numberOfRobotsOnWhiteSite
12031,21,15
timeStep,numberOfRobotsOnBlackSite,numberOfRobotsOnWhiteSite
12032,21,15
timeStep,numberOfRobotsOnBlackSite,numberOfRobotsOnWhiteSite
12033,21,15
timeStep,numberOfRobotsOnBlackSite,numberOfRobotsOnWhiteSite
12034,21,15
timeStep,numberOfRobotsOnBlackSite,numberOfRobotsOnWhiteSite
12035,21,15
timeStep,numberOfRobotsOnBlackSite,numberOfRobotsOnWhiteSite
12036,21,15
timeStep,numberOfRobotsOnBlackSite,numberOfRobotsOnWhiteSite
12037,21,15
timeStep,numberOfRobotsOnBlackSite,numberOfRobotsOnWhiteSite
12038,21,15
timeStep,numberOfRobotsOnBlackSite,numberOfRobotsOnWhiteSite
12039,21,15
timeStep,numberOfRobotsOnBlackSite,numberOfRobotsOnWhiteSite
12040,21,15
timeStep,numberOfRobotsOnBlackSite,numberOfRobotsOnWhiteSite
12041,21,15
timeStep,numberOfRobotsOnBlackSite,numberOfRobotsOnWhiteSite
12042,21,15
timeStep,numberOfRobotsOnBlackSite,numberOfRobotsOnWhiteSite
12043,21,15
timeStep,numberOfRobotsOnBlackSite,numberOfRobotsOnWhiteSite
12044,21,15
timeStep,numberOfRobotsOnBlackSite,numberOfRobotsOnWhiteSite
12045,21,15
timeStep,numberOfRobotsOnBlackSite,numberOfRobotsOnWhiteSite
12046,21,15
timeStep,numberOfRobotsOnBlackSite,numberOfRobotsOnWhiteSite
12047,21,15
timeStep,numberOfRobotsOnBlackSite,numberOfRobotsOnWhiteSite
12048,21,15
timeStep,numberOfRobotsOnBlackSite,numberOfRobotsOnWhiteSite
12049,21,15
timeStep,numberOfRobotsOnBlackSite,numberOfRobotsOnWhiteSite
12050,21,15
timeStep,numberOfRobotsOnBlackSite,numberOfRobotsOnWhiteSite
12051,21,15
timeStep,numberOfRobotsOnBlackSite,numberOfRobotsOnWhiteSite
12052,21,15
timeStep,numberOfRobotsOnBlackSite,numberOfRobotsOnWhiteSite
12053,21,15
timeStep,numberOfRobotsOnBlackSite,numberOfRobotsOnWhiteSite
12054,21,15
timeStep,numberOfRobotsOnBlackSite,numberOfRobotsOnWhiteSite
12055,21,15
timeStep,numberOfRobotsOnBlackSite,numberOfRobotsOnWhiteSite
12056,21,15
timeStep,numberOfRobotsOnBlackSite,numberOfRobotsOnWhiteSite
12057,21,15
timeStep,numberOfRobotsOnBlackSite,numberOfRobotsOnWhiteSite
12058,21,15
timeStep,numberOfRobotsOnBlackSite,numberOfRobotsOnWhiteSite
12059,21,15
timeStep,numberOfRobotsOnBlackSite,numberOfRobotsOnWhiteSite
12060,21,15
timeStep,numberOfRobotsOnBlackSite,numberOfRobotsOnWhiteSite
12061,21,15
timeStep,numberOfRobotsOnBlackSite,numberOfRobotsOnWhiteSite
12062,21,15
timeStep,numberOfRobotsOnBlackSite,numberOfRobotsOnWhiteSite
12063,21,15
timeStep,numberOfRobotsOnBlackSite,numberOfRobotsOnWhiteSite
12064,21,15
timeStep,numberOfRobotsOnBlackSite,numberOfRobotsOnWhiteSite
12065,21,15
timeStep,numberOfRobotsOnBlackSite,numberOfRobotsOnWhiteSite
12066,21,15
timeStep,numberOfRobotsOnBlackSite,numberOfRobotsOnWhiteSite
12067,21,15
timeStep,numberOfRobotsOnBlackSite,numberOfRobotsOnWhiteSite
12068,21,15
timeStep,numberOfRobotsOnBlackSite,numberOfRobotsOnWhiteSite
12069,21,15
timeStep,numberOfRobotsOnBlackSite,numberOfRobotsOnWhiteSite
12070,21,15
timeStep,numberOfRobotsOnBlackSite,numberOfRobotsOnWhiteSite
12071,21,15
timeStep,numberOfRobotsOnBlackSite,numberOfRobotsOnWhiteSite
12072,21,15
timeStep,numberOfRobotsOnBlackSite,numberOfRobotsOnWhiteSite
12073,21,15
timeStep,numberOfRobotsOnBlackSite,numberOfRobotsOnWhiteSite
12074,21,15
timeStep,numberOfRobotsOnBlackSite,numberOfRobotsOnWhiteSite
12075,21,15
timeStep,numberOfRobotsOnBlackSite,numberOfRobotsOnWhiteSite
12076,21,15
timeStep,numberOfRobotsOnBlackSite,numberOfRobotsOnWhiteSite
12077,21,15
timeStep,numberOfRobotsOnBlackSite,numberOfRobotsOnWhiteSite
12078,21,15
timeStep,numberOfRobotsOnBlackSite,numberOfRobotsOnWhiteSite
12079,21,15
timeStep,numberOfRobotsOnBlackSite,numberOfRobotsOnWhiteSite
12080,21,15
timeStep,numberOfRobotsOnBlackSite,numberOfRobotsOnWhiteSite
12081,21,15
timeStep,numberOfRobotsOnBlackSite,numberOfRobotsOnWhiteSite
12082,21,15
timeStep,numberOfRobotsOnBlackSite,numberOfRobotsOnWhiteSite
12083,21,15
timeStep,numberOfRobotsOnBlackSite,numberOfRobotsOnWhiteSite
12084,21,15
timeStep,numberOfRobotsOnBlackSite,numberOfRobotsOnWhiteSite
12085,21,15
timeStep,numberOfRobotsOnBlackSite,numberOfRobotsOnWhiteSite
12086,21,15
timeStep,numberOfRobotsOnBlackSite,numberOfRobotsOnWhiteSite
12087,21,15
timeStep,numberOfRobotsOnBlackSite,numberOfRobotsOnWhiteSite
12088,21,15
timeStep,numberOfRobotsOnBlackSite,numberOfRobotsOnWhiteSite
12089,21,15
timeStep,numberOfRobotsOnBlackSite,numberOfRobotsOnWhiteSite
12090,21,15
timeStep,numberOfRobotsOnBlackSite,numberOfRobotsOnWhiteSite
12091,21,15
timeStep,numberOfRobotsOnBlackSite,numberOfRobotsOnWhiteSite
12092,21,15
timeStep,numberOfRobotsOnBlackSite,numberOfRobotsOnWhiteSite
12093,21,15
timeStep,numberOfRobotsOnBlackSite,numberOfRobotsOnWhiteSite
12094,21,15
timeStep,numberOfRobotsOnBlackSite,numberOfRobotsOnWhiteSite
12095,21,15
timeStep,numberOfRobotsOnBlackSite,numberOfRobotsOnWhiteSite
12096,21,15
timeStep,numberOfRobotsOnBlackSite,numberOfRobotsOnWhiteSite
12097,21,15
timeStep,numberOfRobotsOnBlackSite,numberOfRobotsOnWhiteSite
12098,21,15
timeStep,numberOfRobotsOnBlackSite,numberOfRobotsOnWhiteSite
12099,21,15
timeStep,numberOfRobotsOnBlackSite,numberOfRobotsOnWhiteSite
12100,21,15
timeStep,numberOfRobotsOnBlackSite,numberOfRobotsOnWhiteSite
12101,21,15
timeStep,numberOfRobotsOnBlackSite,numberOfRobotsOnWhiteSite
12102,21,15
timeStep,numberOfRobotsOnBlackSite,numberOfRobotsOnWhiteSite
12103,21,15
timeStep,numberOfRobotsOnBlackSite,numberOfRobotsOnWhiteSite
12104,21,15
timeStep,numberOfRobotsOnBlackSite,numberOfRobotsOnWhiteSite
12105,21,15
timeStep,numberOfRobotsOnBlackSite,numberOfRobotsOnWhiteSite
12106,21,15
timeStep,numberOfRobotsOnBlackSite,numberOfRobotsOnWhiteSite
12107,21,15
timeStep,numberOfRobotsOnBlackSite,numberOfRobotsOnWhiteSite
12108,21,15
timeStep,numberOfRobotsOnBlackSite,numberOfRobotsOnWhiteSite
12109,21,15
timeStep,numberOfRobotsOnBlackSite,numberOfRobotsOnWhiteSite
12110,21,15
timeStep,numberOfRobotsOnBlackSite,numberOfRobotsOnWhiteSite
12111,21,15
timeStep,numberOfRobotsOnBlackSite,numberOfRobotsOnWhiteSite
12112,21,15
timeStep,numberOfRobotsOnBlackSite,numberOfRobotsOnWhiteSite
12113,21,15
timeStep,numberOfRobotsOnBlackSite,numberOfRobotsOnWhiteSite
12114,21,15
timeStep,numberOfRobotsOnBlackSite,numberOfRobotsOnWhiteSite
12115,21,15
timeStep,numberOfRobotsOnBlackSite,numberOfRobotsOnWhiteSite
12116,21,15
timeStep,numberOfRobotsOnBlackSite,numberOfRobotsOnWhiteSite
12117,21,15
timeStep,numberOfRobotsOnBlackSite,numberOfRobotsOnWhiteSite
12118,21,15
timeStep,numberOfRobotsOnBlackSite,numberOfRobotsOnWhiteSite
12119,21,15
timeStep,numberOfRobotsOnBlackSite,numberOfRobotsOnWhiteSite
12120,21,15
timeStep,numberOfRobotsOnBlackSite,numberOfRobotsOnWhiteSite
12121,21,15
timeStep,numberOfRobotsOnBlackSite,numberOfRobotsOnWhiteSite
12122,21,15
timeStep,numberOfRobotsOnBlackSite,numberOfRobotsOnWhiteSite
12123,21,15
timeStep,numberOfRobotsOnBlackSite,numberOfRobotsOnWhiteSite
12124,21,15
timeStep,numberOfRobotsOnBlackSite,numberOfRobotsOnWhiteSite
12125,21,15
timeStep,numberOfRobotsOnBlackSite,numberOfRobotsOnWhiteSite
12126,21,15
timeStep,numberOfRobotsOnBlackSite,numberOfRobotsOnWhiteSite
12127,21,15
timeStep,numberOfRobotsOnBlackSite,numberOfRobotsOnWhiteSite
12128,21,15
timeStep,numberOfRobotsOnBlackSite,numberOfRobotsOnWhiteSite
12129,21,15
timeStep,numberOfRobotsOnBlackSite,numberOfRobotsOnWhiteSite
12130,21,14
timeStep,numberOfRobotsOnBlackSite,numberOfRobotsOnWhiteSite
12131,21,14
timeStep,numberOfRobotsOnBlackSite,numberOfRobotsOnWhiteSite
12132,21,14
timeStep,numberOfRobotsOnBlackSite,numberOfRobotsOnWhiteSite
12133,21,14
timeStep,numberOfRobotsOnBlackSite,numberOfRobotsOnWhiteSite
12134,21,14
timeStep,numberOfRobotsOnBlackSite,numberOfRobotsOnWhiteSite
12135,20,14
timeStep,numberOfRobotsOnBlackSite,numberOfRobotsOnWhiteSite
12136,20,14
timeStep,numberOfRobotsOnBlackSite,numberOfRobotsOnWhiteSite
12137,20,14
timeStep,numberOfRobotsOnBlackSite,numberOfRobotsOnWhiteSite
12138,20,14
timeStep,numberOfRobotsOnBlackSite,numberOfRobotsOnWhiteSite
12139,20,14
timeStep,numberOfRobotsOnBlackSite,numberOfRobotsOnWhiteSite
12140,20,14
timeStep,numberOfRobotsOnBlackSite,numberOfRobotsOnWhiteSite
12141,20,14
timeStep,numberOfRobotsOnBlackSite,numberOfRobotsOnWhiteSite
12142,20,14
timeStep,numberOfRobotsOnBlackSite,numberOfRobotsOnWhiteSite
12143,20,14
timeStep,numberOfRobotsOnBlackSite,numberOfRobotsOnWhiteSite
12144,20,14
timeStep,numberOfRobotsOnBlackSite,numberOfRobotsOnWhiteSite
12145,20,14
timeStep,numberOfRobotsOnBlackSite,numberOfRobotsOnWhiteSite
12146,20,14
timeStep,numberOfRobotsOnBlackSite,numberOfRobotsOnWhiteSite
12147,20,14
timeStep,numberOfRobotsOnBlackSite,numberOfRobotsOnWhiteSite
12148,20,14
timeStep,numberOfRobotsOnBlackSite,numberOfRobotsOnWhiteSite
12149,20,14
timeStep,numberOfRobotsOnBlackSite,numberOfRobotsOnWhiteSite
12150,20,14
timeStep,numberOfRobotsOnBlackSite,numberOfRobotsOnWhiteSite
12151,20,14
timeStep,numberOfRobotsOnBlackSite,numberOfRobotsOnWhiteSite
12152,20,14
timeStep,numberOfRobotsOnBlackSite,numberOfRobotsOnWhiteSite
12153,20,14
timeStep,numberOfRobotsOnBlackSite,numberOfRobotsOnWhiteSite
12154,20,14
timeStep,numberOfRobotsOnBlackSite,numberOfRobotsOnWhiteSite
12155,20,14
timeStep,numberOfRobotsOnBlackSite,numberOfRobotsOnWhiteSite
12156,20,14
timeStep,numberOfRobotsOnBlackSite,numberOfRobotsOnWhiteSite
12157,20,14
timeStep,numberOfRobotsOnBlackSite,numberOfRobotsOnWhiteSite
12158,20,14
timeStep,numberOfRobotsOnBlackSite,numberOfRobotsOnWhiteSite
12159,20,14
timeStep,numberOfRobotsOnBlackSite,numberOfRobotsOnWhiteSite
12160,20,14
timeStep,numberOfRobotsOnBlackSite,numberOfRobotsOnWhiteSite
12161,20,14
timeStep,numberOfRobotsOnBlackSite,numberOfRobotsOnWhiteSite
12162,20,14
timeStep,numberOfRobotsOnBlackSite,numberOfRobotsOnWhiteSite
12163,20,14
timeStep,numberOfRobotsOnBlackSite,numberOfRobotsOnWhiteSite
12164,20,14
timeStep,numberOfRobotsOnBlackSite,numberOfRobotsOnWhiteSite
12165,20,14
timeStep,numberOfRobotsOnBlackSite,numberOfRobotsOnWhiteSite
12166,20,14
timeStep,numberOfRobotsOnBlackSite,numberOfRobotsOnWhiteSite
12167,20,14
timeStep,numberOfRobotsOnBlackSite,numberOfRobotsOnWhiteSite
12168,20,14
timeStep,numberOfRobotsOnBlackSite,numberOfRobotsOnWhiteSite
12169,20,14
timeStep,numberOfRobotsOnBlackSite,numberOfRobotsOnWhiteSite
12170,20,14
timeStep,numberOfRobotsOnBlackSite,numberOfRobotsOnWhiteSite
12171,20,14
timeStep,numberOfRobotsOnBlackSite,numberOfRobotsOnWhiteSite
12172,20,14
timeStep,numberOfRobotsOnBlackSite,numberOfRobotsOnWhiteSite
12173,20,14
timeStep,numberOfRobotsOnBlackSite,numberOfRobotsOnWhiteSite
12174,20,14
timeStep,numberOfRobotsOnBlackSite,numberOfRobotsOnWhiteSite
12175,20,14
timeStep,numberOfRobotsOnBlackSite,numberOfRobotsOnWhiteSite
12176,20,14
timeStep,numberOfRobotsOnBlackSite,numberOfRobotsOnWhiteSite
12177,20,14
timeStep,numberOfRobotsOnBlackSite,numberOfRobotsOnWhiteSite
12178,20,14
timeStep,numberOfRobotsOnBlackSite,numberOfRobotsOnWhiteSite
12179,20,14
timeStep,numberOfRobotsOnBlackSite,numberOfRobotsOnWhiteSite
12180,20,14
timeStep,numberOfRobotsOnBlackSite,numberOfRobotsOnWhiteSite
12181,20,14
timeStep,numberOfRobotsOnBlackSite,numberOfRobotsOnWhiteSite
12182,20,14
timeStep,numberOfRobotsOnBlackSite,numberOfRobotsOnWhiteSite
12183,20,14
timeStep,numberOfRobotsOnBlackSite,numberOfRobotsOnWhiteSite
12184,20,14
timeStep,numberOfRobotsOnBlackSite,numberOfRobotsOnWhiteSite
12185,20,14
timeStep,numberOfRobotsOnBlackSite,numberOfRobotsOnWhiteSite
12186,20,14
timeStep,numberOfRobotsOnBlackSite,numberOfRobotsOnWhiteSite
12187,20,14
timeStep,numberOfRobotsOnBlackSite,numberOfRobotsOnWhiteSite
12188,20,14
timeStep,numberOfRobotsOnBlackSite,numberOfRobotsOnWhiteSite
12189,20,14
timeStep,numberOfRobotsOnBlackSite,numberOfRobotsOnWhiteSite
12190,20,14
timeStep,numberOfRobotsOnBlackSite,numberOfRobotsOnWhiteSite
12191,20,14
timeStep,numberOfRobotsOnBlackSite,numberOfRobotsOnWhiteSite
12192,20,14
timeStep,numberOfRobotsOnBlackSite,numberOfRobotsOnWhiteSite
12193,20,14
timeStep,numberOfRobotsOnBlackSite,numberOfRobotsOnWhiteSite
12194,20,14
timeStep,numberOfRobotsOnBlackSite,numberOfRobotsOnWhiteSite
12195,21,14
timeStep,numberOfRobotsOnBlackSite,numberOfRobotsOnWhiteSite
12196,21,14
timeStep,numberOfRobotsOnBlackSite,numberOfRobotsOnWhiteSite
12197,21,14
timeStep,numberOfRobotsOnBlackSite,numberOfRobotsOnWhiteSite
12198,21,14
timeStep,numberOfRobotsOnBlackSite,numberOfRobotsOnWhiteSite
12199,21,14
timeStep,numberOfRobotsOnBlackSite,numberOfRobotsOnWhiteSite
12200,21,14
timeStep,numberOfRobotsOnBlackSite,numberOfRobotsOnWhiteSite
12201,21,14
timeStep,numberOfRobotsOnBlackSite,numberOfRobotsOnWhiteSite
12202,21,14
timeStep,numberOfRobotsOnBlackSite,numberOfRobotsOnWhiteSite
12203,21,14
timeStep,numberOfRobotsOnBlackSite,numberOfRobotsOnWhiteSite
12204,21,14
timeStep,numberOfRobotsOnBlackSite,numberOfRobotsOnWhiteSite
12205,20,14
timeStep,numberOfRobotsOnBlackSite,numberOfRobotsOnWhiteSite
12206,20,14
timeStep,numberOfRobotsOnBlackSite,numberOfRobotsOnWhiteSite
12207,20,14
timeStep,numberOfRobotsOnBlackSite,numberOfRobotsOnWhiteSite
12208,20,14
timeStep,numberOfRobotsOnBlackSite,numberOfRobotsOnWhiteSite
12209,20,14
timeStep,numberOfRobotsOnBlackSite,numberOfRobotsOnWhiteSite
12210,20,14
timeStep,numberOfRobotsOnBlackSite,numberOfRobotsOnWhiteSite
12211,20,14
timeStep,numberOfRobotsOnBlackSite,numberOfRobotsOnWhiteSite
12212,20,14
timeStep,numberOfRobotsOnBlackSite,numberOfRobotsOnWhiteSite
12213,20,14
timeStep,numberOfRobotsOnBlackSite,numberOfRobotsOnWhiteSite
12214,20,14
timeStep,numberOfRobotsOnBlackSite,numberOfRobotsOnWhiteSite
12215,20,14
timeStep,numberOfRobotsOnBlackSite,numberOfRobotsOnWhiteSite
12216,20,14
timeStep,numberOfRobotsOnBlackSite,numberOfRobotsOnWhiteSite
12217,20,14
timeStep,numberOfRobotsOnBlackSite,numberOfRobotsOnWhiteSite
12218,20,14
timeStep,numberOfRobotsOnBlackSite,numberOfRobotsOnWhiteSite
12219,20,14
timeStep,numberOfRobotsOnBlackSite,numberOfRobotsOnWhiteSite
12220,20,14
timeStep,numberOfRobotsOnBlackSite,numberOfRobotsOnWhiteSite
12221,20,14
timeStep,numberOfRobotsOnBlackSite,numberOfRobotsOnWhiteSite
12222,20,14
timeStep,numberOfRobotsOnBlackSite,numberOfRobotsOnWhiteSite
12223,20,14
timeStep,numberOfRobotsOnBlackSite,numberOfRobotsOnWhiteSite
12224,20,14
timeStep,numberOfRobotsOnBlackSite,numberOfRobotsOnWhiteSite
12225,20,14
timeStep,numberOfRobotsOnBlackSite,numberOfRobotsOnWhiteSite
12226,20,14
timeStep,numberOfRobotsOnBlackSite,numberOfRobotsOnWhiteSite
12227,20,14
timeStep,numberOfRobotsOnBlackSite,numberOfRobotsOnWhiteSite
12228,20,14
timeStep,numberOfRobotsOnBlackSite,numberOfRobotsOnWhiteSite
12229,20,14
timeStep,numberOfRobotsOnBlackSite,numberOfRobotsOnWhiteSite
12230,20,14
timeStep,numberOfRobotsOnBlackSite,numberOfRobotsOnWhiteSite
12231,20,14
timeStep,numberOfRobotsOnBlackSite,numberOfRobotsOnWhiteSite
12232,20,14
timeStep,numberOfRobotsOnBlackSite,numberOfRobotsOnWhiteSite
12233,20,14
timeStep,numberOfRobotsOnBlackSite,numberOfRobotsOnWhiteSite
12234,20,14
timeStep,numberOfRobotsOnBlackSite,numberOfRobotsOnWhiteSite
12235,20,14
timeStep,numberOfRobotsOnBlackSite,numberOfRobotsOnWhiteSite
12236,20,14
timeStep,numberOfRobotsOnBlackSite,numberOfRobotsOnWhiteSite
12237,20,14
timeStep,numberOfRobotsOnBlackSite,numberOfRobotsOnWhiteSite
12238,20,14
timeStep,numberOfRobotsOnBlackSite,numberOfRobotsOnWhiteSite
12239,20,14
timeStep,numberOfRobotsOnBlackSite,numberOfRobotsOnWhiteSite
12240,20,14
timeStep,numberOfRobotsOnBlackSite,numberOfRobotsOnWhiteSite
12241,20,14
timeStep,numberOfRobotsOnBlackSite,numberOfRobotsOnWhiteSite
12242,20,14
timeStep,numberOfRobotsOnBlackSite,numberOfRobotsOnWhiteSite
12243,20,14
timeStep,numberOfRobotsOnBlackSite,numberOfRobotsOnWhiteSite
12244,20,14
timeStep,numberOfRobotsOnBlackSite,numberOfRobotsOnWhiteSite
12245,20,13
timeStep,numberOfRobotsOnBlackSite,numberOfRobotsOnWhiteSite
12246,20,13
timeStep,numberOfRobotsOnBlackSite,numberOfRobotsOnWhiteSite
12247,20,13
timeStep,numberOfRobotsOnBlackSite,numberOfRobotsOnWhiteSite
12248,20,13
timeStep,numberOfRobotsOnBlackSite,numberOfRobotsOnWhiteSite
12249,20,13
timeStep,numberOfRobotsOnBlackSite,numberOfRobotsOnWhiteSite
12250,20,14
timeStep,numberOfRobotsOnBlackSite,numberOfRobotsOnWhiteSite
12251,20,14
timeStep,numberOfRobotsOnBlackSite,numberOfRobotsOnWhiteSite
12252,20,14
timeStep,numberOfRobotsOnBlackSite,numberOfRobotsOnWhiteSite
12253,20,14
timeStep,numberOfRobotsOnBlackSite,numberOfRobotsOnWhiteSite
12254,20,14
timeStep,numberOfRobotsOnBlackSite,numberOfRobotsOnWhiteSite
12255,21,14
timeStep,numberOfRobotsOnBlackSite,numberOfRobotsOnWhiteSite
12256,21,14
timeStep,numberOfRobotsOnBlackSite,numberOfRobotsOnWhiteSite
12257,21,14
timeStep,numberOfRobotsOnBlackSite,numberOfRobotsOnWhiteSite
12258,21,14
timeStep,numberOfRobotsOnBlackSite,numberOfRobotsOnWhiteSite
12259,21,14
timeStep,numberOfRobotsOnBlackSite,numberOfRobotsOnWhiteSite
12260,20,14
timeStep,numberOfRobotsOnBlackSite,numberOfRobotsOnWhiteSite
12261,20,14
timeStep,numberOfRobotsOnBlackSite,numberOfRobotsOnWhiteSite
12262,20,14
timeStep,numberOfRobotsOnBlackSite,numberOfRobotsOnWhiteSite
12263,20,14
timeStep,numberOfRobotsOnBlackSite,numberOfRobotsOnWhiteSite
12264,20,14
timeStep,numberOfRobotsOnBlackSite,numberOfRobotsOnWhiteSite
12265,20,14
timeStep,numberOfRobotsOnBlackSite,numberOfRobotsOnWhiteSite
12266,20,14
timeStep,numberOfRobotsOnBlackSite,numberOfRobotsOnWhiteSite
12267,20,14
timeStep,numberOfRobotsOnBlackSite,numberOfRobotsOnWhiteSite
12268,20,14
timeStep,numberOfRobotsOnBlackSite,numberOfRobotsOnWhiteSite
12269,20,14
timeStep,numberOfRobotsOnBlackSite,numberOfRobotsOnWhiteSite
12270,20,14
timeStep,numberOfRobotsOnBlackSite,numberOfRobotsOnWhiteSite
12271,20,14
timeStep,numberOfRobotsOnBlackSite,numberOfRobotsOnWhiteSite
12272,20,14
timeStep,numberOfRobotsOnBlackSite,numberOfRobotsOnWhiteSite
12273,20,14
timeStep,numberOfRobotsOnBlackSite,numberOfRobotsOnWhiteSite
12274,20,14
timeStep,numberOfRobotsOnBlackSite,numberOfRobotsOnWhiteSite
12275,20,14
timeStep,numberOfRobotsOnBlackSite,numberOfRobotsOnWhiteSite
12276,20,14
timeStep,numberOfRobotsOnBlackSite,numberOfRobotsOnWhiteSite
12277,20,14
timeStep,numberOfRobotsOnBlackSite,numberOfRobotsOnWhiteSite
12278,20,14
timeStep,numberOfRobotsOnBlackSite,numberOfRobotsOnWhiteSite
12279,20,14
timeStep,numberOfRobotsOnBlackSite,numberOfRobotsOnWhiteSite
12280,20,14
timeStep,numberOfRobotsOnBlackSite,numberOfRobotsOnWhiteSite
12281,20,14
timeStep,numberOfRobotsOnBlackSite,numberOfRobotsOnWhiteSite
12282,20,14
timeStep,numberOfRobotsOnBlackSite,numberOfRobotsOnWhiteSite
12283,20,14
timeStep,numberOfRobotsOnBlackSite,numberOfRobotsOnWhiteSite
12284,20,14
timeStep,numberOfRobotsOnBlackSite,numberOfRobotsOnWhiteSite
12285,20,14
timeStep,numberOfRobotsOnBlackSite,numberOfRobotsOnWhiteSite
12286,20,14
timeStep,numberOfRobotsOnBlackSite,numberOfRobotsOnWhiteSite
12287,20,14
timeStep,numberOfRobotsOnBlackSite,numberOfRobotsOnWhiteSite
12288,20,14
timeStep,numberOfRobotsOnBlackSite,numberOfRobotsOnWhiteSite
12289,20,14
timeStep,numberOfRobotsOnBlackSite,numberOfRobotsOnWhiteSite
12290,20,14
timeStep,numberOfRobotsOnBlackSite,numberOfRobotsOnWhiteSite
12291,20,14
timeStep,numberOfRobotsOnBlackSite,numberOfRobotsOnWhiteSite
12292,20,14
timeStep,numberOfRobotsOnBlackSite,numberOfRobotsOnWhiteSite
12293,20,14
timeStep,numberOfRobotsOnBlackSite,numberOfRobotsOnWhiteSite
12294,20,14
timeStep,numberOfRobotsOnBlackSite,numberOfRobotsOnWhiteSite
12295,20,14
timeStep,numberOfRobotsOnBlackSite,numberOfRobotsOnWhiteSite
12296,20,14
timeStep,numberOfRobotsOnBlackSite,numberOfRobotsOnWhiteSite
12297,20,14
timeStep,numberOfRobotsOnBlackSite,numberOfRobotsOnWhiteSite
12298,20,14
timeStep,numberOfRobotsOnBlackSite,numberOfRobotsOnWhiteSite
12299,20,14
timeStep,numberOfRobotsOnBlackSite,numberOfRobotsOnWhiteSite
12300,20,14
timeStep,numberOfRobotsOnBlackSite,numberOfRobotsOnWhiteSite
12301,20,14
timeStep,numberOfRobotsOnBlackSite,numberOfRobotsOnWhiteSite
12302,20,14
timeStep,numberOfRobotsOnBlackSite,numberOfRobotsOnWhiteSite
12303,20,14
timeStep,numberOfRobotsOnBlackSite,numberOfRobotsOnWhiteSite
12304,20,14
timeStep,numberOfRobotsOnBlackSite,numberOfRobotsOnWhiteSite
12305,20,14
timeStep,numberOfRobotsOnBlackSite,numberOfRobotsOnWhiteSite
12306,20,14
timeStep,numberOfRobotsOnBlackSite,numberOfRobotsOnWhiteSite
12307,20,14
timeStep,numberOfRobotsOnBlackSite,numberOfRobotsOnWhiteSite
12308,20,14
timeStep,numberOfRobotsOnBlackSite,numberOfRobotsOnWhiteSite
12309,20,14
timeStep,numberOfRobotsOnBlackSite,numberOfRobotsOnWhiteSite
12310,20,14
timeStep,numberOfRobotsOnBlackSite,numberOfRobotsOnWhiteSite
12311,20,14
timeStep,numberOfRobotsOnBlackSite,numberOfRobotsOnWhiteSite
12312,20,14
timeStep,numberOfRobotsOnBlackSite,numberOfRobotsOnWhiteSite
12313,20,14
timeStep,numberOfRobotsOnBlackSite,numberOfRobotsOnWhiteSite
12314,20,14
timeStep,numberOfRobotsOnBlackSite,numberOfRobotsOnWhiteSite
12315,20,14
timeStep,numberOfRobotsOnBlackSite,numberOfRobotsOnWhiteSite
12316,20,14
timeStep,numberOfRobotsOnBlackSite,numberOfRobotsOnWhiteSite
12317,20,14
timeStep,numberOfRobotsOnBlackSite,numberOfRobotsOnWhiteSite
12318,20,14
timeStep,numberOfRobotsOnBlackSite,numberOfRobotsOnWhiteSite
12319,20,14
timeStep,numberOfRobotsOnBlackSite,numberOfRobotsOnWhiteSite
12320,20,14
timeStep,numberOfRobotsOnBlackSite,numberOfRobotsOnWhiteSite
12321,20,14
timeStep,numberOfRobotsOnBlackSite,numberOfRobotsOnWhiteSite
12322,20,14
timeStep,numberOfRobotsOnBlackSite,numberOfRobotsOnWhiteSite
12323,20,14
timeStep,numberOfRobotsOnBlackSite,numberOfRobotsOnWhiteSite
12324,20,14
timeStep,numberOfRobotsOnBlackSite,numberOfRobotsOnWhiteSite
12325,20,14
timeStep,numberOfRobotsOnBlackSite,numberOfRobotsOnWhiteSite
12326,20,14
timeStep,numberOfRobotsOnBlackSite,numberOfRobotsOnWhiteSite
12327,20,14
timeStep,numberOfRobotsOnBlackSite,numberOfRobotsOnWhiteSite
12328,20,14
timeStep,numberOfRobotsOnBlackSite,numberOfRobotsOnWhiteSite
12329,20,14
timeStep,numberOfRobotsOnBlackSite,numberOfRobotsOnWhiteSite
12330,20,14
timeStep,numberOfRobotsOnBlackSite,numberOfRobotsOnWhiteSite
12331,20,14
timeStep,numberOfRobotsOnBlackSite,numberOfRobotsOnWhiteSite
12332,20,14
timeStep,numberOfRobotsOnBlackSite,numberOfRobotsOnWhiteSite
12333,20,14
timeStep,numberOfRobotsOnBlackSite,numberOfRobotsOnWhiteSite
12334,20,14
timeStep,numberOfRobotsOnBlackSite,numberOfRobotsOnWhiteSite
12335,21,14
timeStep,numberOfRobotsOnBlackSite,numberOfRobotsOnWhiteSite
12336,21,14
timeStep,numberOfRobotsOnBlackSite,numberOfRobotsOnWhiteSite
12337,21,14
timeStep,numberOfRobotsOnBlackSite,numberOfRobotsOnWhiteSite
12338,21,14
timeStep,numberOfRobotsOnBlackSite,numberOfRobotsOnWhiteSite
12339,21,14
timeStep,numberOfRobotsOnBlackSite,numberOfRobotsOnWhiteSite
12340,21,14
timeStep,numberOfRobotsOnBlackSite,numberOfRobotsOnWhiteSite
12341,21,14
timeStep,numberOfRobotsOnBlackSite,numberOfRobotsOnWhiteSite
12342,21,14
timeStep,numberOfRobotsOnBlackSite,numberOfRobotsOnWhiteSite
12343,21,14
timeStep,numberOfRobotsOnBlackSite,numberOfRobotsOnWhiteSite
12344,21,14
timeStep,numberOfRobotsOnBlackSite,numberOfRobotsOnWhiteSite
12345,21,14
timeStep,numberOfRobotsOnBlackSite,numberOfRobotsOnWhiteSite
12346,21,14
timeStep,numberOfRobotsOnBlackSite,numberOfRobotsOnWhiteSite
12347,21,14
timeStep,numberOfRobotsOnBlackSite,numberOfRobotsOnWhiteSite
12348,21,14
timeStep,numberOfRobotsOnBlackSite,numberOfRobotsOnWhiteSite
12349,21,14
timeStep,numberOfRobotsOnBlackSite,numberOfRobotsOnWhiteSite
12350,21,14
timeStep,numberOfRobotsOnBlackSite,numberOfRobotsOnWhiteSite
12351,21,14
timeStep,numberOfRobotsOnBlackSite,numberOfRobotsOnWhiteSite
12352,21,14
timeStep,numberOfRobotsOnBlackSite,numberOfRobotsOnWhiteSite
12353,21,14
timeStep,numberOfRobotsOnBlackSite,numberOfRobotsOnWhiteSite
12354,21,14
timeStep,numberOfRobotsOnBlackSite,numberOfRobotsOnWhiteSite
12355,21,14
timeStep,numberOfRobotsOnBlackSite,numberOfRobotsOnWhiteSite
12356,21,14
timeStep,numberOfRobotsOnBlackSite,numberOfRobotsOnWhiteSite
12357,21,14
timeStep,numberOfRobotsOnBlackSite,numberOfRobotsOnWhiteSite
12358,21,14
timeStep,numberOfRobotsOnBlackSite,numberOfRobotsOnWhiteSite
12359,21,14
timeStep,numberOfRobotsOnBlackSite,numberOfRobotsOnWhiteSite
12360,21,14
timeStep,numberOfRobotsOnBlackSite,numberOfRobotsOnWhiteSite
12361,21,14
timeStep,numberOfRobotsOnBlackSite,numberOfRobotsOnWhiteSite
12362,21,14
timeStep,numberOfRobotsOnBlackSite,numberOfRobotsOnWhiteSite
12363,21,14
timeStep,numberOfRobotsOnBlackSite,numberOfRobotsOnWhiteSite
12364,21,14
timeStep,numberOfRobotsOnBlackSite,numberOfRobotsOnWhiteSite
12365,21,14
timeStep,numberOfRobotsOnBlackSite,numberOfRobotsOnWhiteSite
12366,21,14
timeStep,numberOfRobotsOnBlackSite,numberOfRobotsOnWhiteSite
12367,21,14
timeStep,numberOfRobotsOnBlackSite,numberOfRobotsOnWhiteSite
12368,21,14
timeStep,numberOfRobotsOnBlackSite,numberOfRobotsOnWhiteSite
12369,21,14
timeStep,numberOfRobotsOnBlackSite,numberOfRobotsOnWhiteSite
12370,21,14
timeStep,numberOfRobotsOnBlackSite,numberOfRobotsOnWhiteSite
12371,21,14
timeStep,numberOfRobotsOnBlackSite,numberOfRobotsOnWhiteSite
12372,21,14
timeStep,numberOfRobotsOnBlackSite,numberOfRobotsOnWhiteSite
12373,21,14
timeStep,numberOfRobotsOnBlackSite,numberOfRobotsOnWhiteSite
12374,21,14
timeStep,numberOfRobotsOnBlackSite,numberOfRobotsOnWhiteSite
12375,21,14
timeStep,numberOfRobotsOnBlackSite,numberOfRobotsOnWhiteSite
12376,21,14
timeStep,numberOfRobotsOnBlackSite,numberOfRobotsOnWhiteSite
12377,21,14
timeStep,numberOfRobotsOnBlackSite,numberOfRobotsOnWhiteSite
12378,21,14
timeStep,numberOfRobotsOnBlackSite,numberOfRobotsOnWhiteSite
12379,21,14
timeStep,numberOfRobotsOnBlackSite,numberOfRobotsOnWhiteSite
12380,21,14
timeStep,numberOfRobotsOnBlackSite,numberOfRobotsOnWhiteSite
12381,21,14
timeStep,numberOfRobotsOnBlackSite,numberOfRobotsOnWhiteSite
12382,21,14
timeStep,numberOfRobotsOnBlackSite,numberOfRobotsOnWhiteSite
12383,21,14
timeStep,numberOfRobotsOnBlackSite,numberOfRobotsOnWhiteSite
12384,21,14
timeStep,numberOfRobotsOnBlackSite,numberOfRobotsOnWhiteSite
12385,21,14
timeStep,numberOfRobotsOnBlackSite,numberOfRobotsOnWhiteSite
12386,21,14
timeStep,numberOfRobotsOnBlackSite,numberOfRobotsOnWhiteSite
12387,21,14
timeStep,numberOfRobotsOnBlackSite,numberOfRobotsOnWhiteSite
12388,21,14
timeStep,numberOfRobotsOnBlackSite,numberOfRobotsOnWhiteSite
12389,21,14
timeStep,numberOfRobotsOnBlackSite,numberOfRobotsOnWhiteSite
12390,21,14
timeStep,numberOfRobotsOnBlackSite,numberOfRobotsOnWhiteSite
12391,21,14
timeStep,numberOfRobotsOnBlackSite,numberOfRobotsOnWhiteSite
12392,21,14
timeStep,numberOfRobotsOnBlackSite,numberOfRobotsOnWhiteSite
12393,21,14
timeStep,numberOfRobotsOnBlackSite,numberOfRobotsOnWhiteSite
12394,21,14
timeStep,numberOfRobotsOnBlackSite,numberOfRobotsOnWhiteSite
12395,21,14
timeStep,numberOfRobotsOnBlackSite,numberOfRobotsOnWhiteSite
12396,21,14
timeStep,numberOfRobotsOnBlackSite,numberOfRobotsOnWhiteSite
12397,21,14
timeStep,numberOfRobotsOnBlackSite,numberOfRobotsOnWhiteSite
12398,21,14
timeStep,numberOfRobotsOnBlackSite,numberOfRobotsOnWhiteSite
12399,21,14
timeStep,numberOfRobotsOnBlackSite,numberOfRobotsOnWhiteSite
12400,21,14
timeStep,numberOfRobotsOnBlackSite,numberOfRobotsOnWhiteSite
12401,21,14
timeStep,numberOfRobotsOnBlackSite,numberOfRobotsOnWhiteSite
12402,21,14
timeStep,numberOfRobotsOnBlackSite,numberOfRobotsOnWhiteSite
12403,21,14
timeStep,numberOfRobotsOnBlackSite,numberOfRobotsOnWhiteSite
12404,21,14
timeStep,numberOfRobotsOnBlackSite,numberOfRobotsOnWhiteSite
12405,21,14
timeStep,numberOfRobotsOnBlackSite,numberOfRobotsOnWhiteSite
12406,21,14
timeStep,numberOfRobotsOnBlackSite,numberOfRobotsOnWhiteSite
12407,21,14
timeStep,numberOfRobotsOnBlackSite,numberOfRobotsOnWhiteSite
12408,21,14
timeStep,numberOfRobotsOnBlackSite,numberOfRobotsOnWhiteSite
12409,21,14
timeStep,numberOfRobotsOnBlackSite,numberOfRobotsOnWhiteSite
12410,21,14
timeStep,numberOfRobotsOnBlackSite,numberOfRobotsOnWhiteSite
12411,21,14
timeStep,numberOfRobotsOnBlackSite,numberOfRobotsOnWhiteSite
12412,21,14
timeStep,numberOfRobotsOnBlackSite,numberOfRobotsOnWhiteSite
12413,21,14
timeStep,numberOfRobotsOnBlackSite,numberOfRobotsOnWhiteSite
12414,21,14
timeStep,numberOfRobotsOnBlackSite,numberOfRobotsOnWhiteSite
12415,21,14
timeStep,numberOfRobotsOnBlackSite,numberOfRobotsOnWhiteSite
12416,21,14
timeStep,numberOfRobotsOnBlackSite,numberOfRobotsOnWhiteSite
12417,21,14
timeStep,numberOfRobotsOnBlackSite,numberOfRobotsOnWhiteSite
12418,21,14
timeStep,numberOfRobotsOnBlackSite,numberOfRobotsOnWhiteSite
12419,21,14
timeStep,numberOfRobotsOnBlackSite,numberOfRobotsOnWhiteSite
12420,21,14
timeStep,numberOfRobotsOnBlackSite,numberOfRobotsOnWhiteSite
12421,21,14
timeStep,numberOfRobotsOnBlackSite,numberOfRobotsOnWhiteSite
12422,21,14
timeStep,numberOfRobotsOnBlackSite,numberOfRobotsOnWhiteSite
12423,21,14
timeStep,numberOfRobotsOnBlackSite,numberOfRobotsOnWhiteSite
12424,21,14
timeStep,numberOfRobotsOnBlackSite,numberOfRobotsOnWhiteSite
12425,21,14
timeStep,numberOfRobotsOnBlackSite,numberOfRobotsOnWhiteSite
12426,21,14
timeStep,numberOfRobotsOnBlackSite,numberOfRobotsOnWhiteSite
12427,21,14
timeStep,numberOfRobotsOnBlackSite,numberOfRobotsOnWhiteSite
12428,21,14
timeStep,numberOfRobotsOnBlackSite,numberOfRobotsOnWhiteSite
12429,21,14
timeStep,numberOfRobotsOnBlackSite,numberOfRobotsOnWhiteSite
12430,21,14
timeStep,numberOfRobotsOnBlackSite,numberOfRobotsOnWhiteSite
12431,21,14
timeStep,numberOfRobotsOnBlackSite,numberOfRobotsOnWhiteSite
12432,21,14
timeStep,numberOfRobotsOnBlackSite,numberOfRobotsOnWhiteSite
12433,21,14
timeStep,numberOfRobotsOnBlackSite,numberOfRobotsOnWhiteSite
12434,21,14
timeStep,numberOfRobotsOnBlackSite,numberOfRobotsOnWhiteSite
12435,21,14
timeStep,numberOfRobotsOnBlackSite,numberOfRobotsOnWhiteSite
12436,21,14
timeStep,numberOfRobotsOnBlackSite,numberOfRobotsOnWhiteSite
12437,21,14
timeStep,numberOfRobotsOnBlackSite,numberOfRobotsOnWhiteSite
12438,21,14
timeStep,numberOfRobotsOnBlackSite,numberOfRobotsOnWhiteSite
12439,21,14
timeStep,numberOfRobotsOnBlackSite,numberOfRobotsOnWhiteSite
12440,21,14
timeStep,numberOfRobotsOnBlackSite,numberOfRobotsOnWhiteSite
12441,21,14
timeStep,numberOfRobotsOnBlackSite,numberOfRobotsOnWhiteSite
12442,21,14
timeStep,numberOfRobotsOnBlackSite,numberOfRobotsOnWhiteSite
12443,21,14
timeStep,numberOfRobotsOnBlackSite,numberOfRobotsOnWhiteSite
12444,21,14
timeStep,numberOfRobotsOnBlackSite,numberOfRobotsOnWhiteSite
12445,21,14
timeStep,numberOfRobotsOnBlackSite,numberOfRobotsOnWhiteSite
12446,21,14
timeStep,numberOfRobotsOnBlackSite,numberOfRobotsOnWhiteSite
12447,21,14
timeStep,numberOfRobotsOnBlackSite,numberOfRobotsOnWhiteSite
12448,21,14
timeStep,numberOfRobotsOnBlackSite,numberOfRobotsOnWhiteSite
12449,21,14
timeStep,numberOfRobotsOnBlackSite,numberOfRobotsOnWhiteSite
12450,21,14
timeStep,numberOfRobotsOnBlackSite,numberOfRobotsOnWhiteSite
12451,21,14
timeStep,numberOfRobotsOnBlackSite,numberOfRobotsOnWhiteSite
12452,21,14
timeStep,numberOfRobotsOnBlackSite,numberOfRobotsOnWhiteSite
12453,21,14
timeStep,numberOfRobotsOnBlackSite,numberOfRobotsOnWhiteSite
12454,21,14
timeStep,numberOfRobotsOnBlackSite,numberOfRobotsOnWhiteSite
12455,21,14
timeStep,numberOfRobotsOnBlackSite,numberOfRobotsOnWhiteSite
12456,21,14
timeStep,numberOfRobotsOnBlackSite,numberOfRobotsOnWhiteSite
12457,21,14
timeStep,numberOfRobotsOnBlackSite,numberOfRobotsOnWhiteSite
12458,21,14
timeStep,numberOfRobotsOnBlackSite,numberOfRobotsOnWhiteSite
12459,21,14
timeStep,numberOfRobotsOnBlackSite,numberOfRobotsOnWhiteSite
12460,21,14
timeStep,numberOfRobotsOnBlackSite,numberOfRobotsOnWhiteSite
12461,21,14
timeStep,numberOfRobotsOnBlackSite,numberOfRobotsOnWhiteSite
12462,21,14
timeStep,numberOfRobotsOnBlackSite,numberOfRobotsOnWhiteSite
12463,21,14
timeStep,numberOfRobotsOnBlackSite,numberOfRobotsOnWhiteSite
12464,21,14
timeStep,numberOfRobotsOnBlackSite,numberOfRobotsOnWhiteSite
12465,21,14
timeStep,numberOfRobotsOnBlackSite,numberOfRobotsOnWhiteSite
12466,21,14
timeStep,numberOfRobotsOnBlackSite,numberOfRobotsOnWhiteSite
12467,21,14
timeStep,numberOfRobotsOnBlackSite,numberOfRobotsOnWhiteSite
12468,21,14
timeStep,numberOfRobotsOnBlackSite,numberOfRobotsOnWhiteSite
12469,21,14
timeStep,numberOfRobotsOnBlackSite,numberOfRobotsOnWhiteSite
12470,21,14
timeStep,numberOfRobotsOnBlackSite,numberOfRobotsOnWhiteSite
12471,21,14
timeStep,numberOfRobotsOnBlackSite,numberOfRobotsOnWhiteSite
12472,21,14
timeStep,numberOfRobotsOnBlackSite,numberOfRobotsOnWhiteSite
12473,21,14
timeStep,numberOfRobotsOnBlackSite,numberOfRobotsOnWhiteSite
12474,21,14
timeStep,numberOfRobotsOnBlackSite,numberOfRobotsOnWhiteSite
12475,21,14
timeStep,numberOfRobotsOnBlackSite,numberOfRobotsOnWhiteSite
12476,21,14
timeStep,numberOfRobotsOnBlackSite,numberOfRobotsOnWhiteSite
12477,21,14
timeStep,numberOfRobotsOnBlackSite,numberOfRobotsOnWhiteSite
12478,21,14
timeStep,numberOfRobotsOnBlackSite,numberOfRobotsOnWhiteSite
12479,21,14
timeStep,numberOfRobotsOnBlackSite,numberOfRobotsOnWhiteSite
12480,21,14
timeStep,numberOfRobotsOnBlackSite,numberOfRobotsOnWhiteSite
12481,21,14
timeStep,numberOfRobotsOnBlackSite,numberOfRobotsOnWhiteSite
12482,21,14
timeStep,numberOfRobotsOnBlackSite,numberOfRobotsOnWhiteSite
12483,21,14
timeStep,numberOfRobotsOnBlackSite,numberOfRobotsOnWhiteSite
12484,21,14
timeStep,numberOfRobotsOnBlackSite,numberOfRobotsOnWhiteSite
12485,21,14
timeStep,numberOfRobotsOnBlackSite,numberOfRobotsOnWhiteSite
12486,21,14
timeStep,numberOfRobotsOnBlackSite,numberOfRobotsOnWhiteSite
12487,21,14
timeStep,numberOfRobotsOnBlackSite,numberOfRobotsOnWhiteSite
12488,21,14
timeStep,numberOfRobotsOnBlackSite,numberOfRobotsOnWhiteSite
12489,21,14
timeStep,numberOfRobotsOnBlackSite,numberOfRobotsOnWhiteSite
12490,21,14
timeStep,numberOfRobotsOnBlackSite,numberOfRobotsOnWhiteSite
12491,21,14
timeStep,numberOfRobotsOnBlackSite,numberOfRobotsOnWhiteSite
12492,21,14
timeStep,numberOfRobotsOnBlackSite,numberOfRobotsOnWhiteSite
12493,21,14
timeStep,numberOfRobotsOnBlackSite,numberOfRobotsOnWhiteSite
12494,21,14
timeStep,numberOfRobotsOnBlackSite,numberOfRobotsOnWhiteSite
12495,21,14
timeStep,numberOfRobotsOnBlackSite,numberOfRobotsOnWhiteSite
12496,21,14
timeStep,numberOfRobotsOnBlackSite,numberOfRobotsOnWhiteSite
12497,21,14
timeStep,numberOfRobotsOnBlackSite,numberOfRobotsOnWhiteSite
12498,21,14
timeStep,numberOfRobotsOnBlackSite,numberOfRobotsOnWhiteSite
12499,21,14
timeStep,numberOfRobotsOnBlackSite,numberOfRobotsOnWhiteSite
12500,21,14
timeStep,numberOfRobotsOnBlackSite,numberOfRobotsOnWhiteSite
12501,21,14
timeStep,numberOfRobotsOnBlackSite,numberOfRobotsOnWhiteSite
12502,21,14
timeStep,numberOfRobotsOnBlackSite,numberOfRobotsOnWhiteSite
12503,21,14
timeStep,numberOfRobotsOnBlackSite,numberOfRobotsOnWhiteSite
12504,21,14
timeStep,numberOfRobotsOnBlackSite,numberOfRobotsOnWhiteSite
12505,21,14
timeStep,numberOfRobotsOnBlackSite,numberOfRobotsOnWhiteSite
12506,21,14
timeStep,numberOfRobotsOnBlackSite,numberOfRobotsOnWhiteSite
12507,21,14
timeStep,numberOfRobotsOnBlackSite,numberOfRobotsOnWhiteSite
12508,21,14
timeStep,numberOfRobotsOnBlackSite,numberOfRobotsOnWhiteSite
12509,21,14
timeStep,numberOfRobotsOnBlackSite,numberOfRobotsOnWhiteSite
12510,21,14
timeStep,numberOfRobotsOnBlackSite,numberOfRobotsOnWhiteSite
12511,21,14
timeStep,numberOfRobotsOnBlackSite,numberOfRobotsOnWhiteSite
12512,21,14
timeStep,numberOfRobotsOnBlackSite,numberOfRobotsOnWhiteSite
12513,21,14
timeStep,numberOfRobotsOnBlackSite,numberOfRobotsOnWhiteSite
12514,21,14
timeStep,numberOfRobotsOnBlackSite,numberOfRobotsOnWhiteSite
12515,21,14
timeStep,numberOfRobotsOnBlackSite,numberOfRobotsOnWhiteSite
12516,21,14
timeStep,numberOfRobotsOnBlackSite,numberOfRobotsOnWhiteSite
12517,21,14
timeStep,numberOfRobotsOnBlackSite,numberOfRobotsOnWhiteSite
12518,21,14
timeStep,numberOfRobotsOnBlackSite,numberOfRobotsOnWhiteSite
12519,21,14
timeStep,numberOfRobotsOnBlackSite,numberOfRobotsOnWhiteSite
12520,21,14
timeStep,numberOfRobotsOnBlackSite,numberOfRobotsOnWhiteSite
12521,21,14
timeStep,numberOfRobotsOnBlackSite,numberOfRobotsOnWhiteSite
12522,21,14
timeStep,numberOfRobotsOnBlackSite,numberOfRobotsOnWhiteSite
12523,21,14
timeStep,numberOfRobotsOnBlackSite,numberOfRobotsOnWhiteSite
12524,21,14
timeStep,numberOfRobotsOnBlackSite,numberOfRobotsOnWhiteSite
12525,21,14
timeStep,numberOfRobotsOnBlackSite,numberOfRobotsOnWhiteSite
12526,21,14
timeStep,numberOfRobotsOnBlackSite,numberOfRobotsOnWhiteSite
12527,21,14
timeStep,numberOfRobotsOnBlackSite,numberOfRobotsOnWhiteSite
12528,21,14
timeStep,numberOfRobotsOnBlackSite,numberOfRobotsOnWhiteSite
12529,21,14
timeStep,numberOfRobotsOnBlackSite,numberOfRobotsOnWhiteSite
12530,21,14
timeStep,numberOfRobotsOnBlackSite,numberOfRobotsOnWhiteSite
12531,21,14
timeStep,numberOfRobotsOnBlackSite,numberOfRobotsOnWhiteSite
12532,21,14
timeStep,numberOfRobotsOnBlackSite,numberOfRobotsOnWhiteSite
12533,21,14
timeStep,numberOfRobotsOnBlackSite,numberOfRobotsOnWhiteSite
12534,21,14
timeStep,numberOfRobotsOnBlackSite,numberOfRobotsOnWhiteSite
12535,21,14
timeStep,numberOfRobotsOnBlackSite,numberOfRobotsOnWhiteSite
12536,21,14
timeStep,numberOfRobotsOnBlackSite,numberOfRobotsOnWhiteSite
12537,21,14
timeStep,numberOfRobotsOnBlackSite,numberOfRobotsOnWhiteSite
12538,21,14
timeStep,numberOfRobotsOnBlackSite,numberOfRobotsOnWhiteSite
12539,21,14
timeStep,numberOfRobotsOnBlackSite,numberOfRobotsOnWhiteSite
12540,21,14
timeStep,numberOfRobotsOnBlackSite,numberOfRobotsOnWhiteSite
12541,21,14
timeStep,numberOfRobotsOnBlackSite,numberOfRobotsOnWhiteSite
12542,21,14
timeStep,numberOfRobotsOnBlackSite,numberOfRobotsOnWhiteSite
12543,21,14
timeStep,numberOfRobotsOnBlackSite,numberOfRobotsOnWhiteSite
12544,21,14
timeStep,numberOfRobotsOnBlackSite,numberOfRobotsOnWhiteSite
12545,21,14
timeStep,numberOfRobotsOnBlackSite,numberOfRobotsOnWhiteSite
12546,21,14
timeStep,numberOfRobotsOnBlackSite,numberOfRobotsOnWhiteSite
12547,21,14
timeStep,numberOfRobotsOnBlackSite,numberOfRobotsOnWhiteSite
12548,21,14
timeStep,numberOfRobotsOnBlackSite,numberOfRobotsOnWhiteSite
12549,21,14
timeStep,numberOfRobotsOnBlackSite,numberOfRobotsOnWhiteSite
12550,21,14
timeStep,numberOfRobotsOnBlackSite,numberOfRobotsOnWhiteSite
12551,21,14
timeStep,numberOfRobotsOnBlackSite,numberOfRobotsOnWhiteSite
12552,21,14
timeStep,numberOfRobotsOnBlackSite,numberOfRobotsOnWhiteSite
12553,21,14
timeStep,numberOfRobotsOnBlackSite,numberOfRobotsOnWhiteSite
12554,21,14
timeStep,numberOfRobotsOnBlackSite,numberOfRobotsOnWhiteSite
12555,21,14
timeStep,numberOfRobotsOnBlackSite,numberOfRobotsOnWhiteSite
12556,21,14
timeStep,numberOfRobotsOnBlackSite,numberOfRobotsOnWhiteSite
12557,21,14
timeStep,numberOfRobotsOnBlackSite,numberOfRobotsOnWhiteSite
12558,21,14
timeStep,numberOfRobotsOnBlackSite,numberOfRobotsOnWhiteSite
12559,21,14
timeStep,numberOfRobotsOnBlackSite,numberOfRobotsOnWhiteSite
12560,21,14
timeStep,numberOfRobotsOnBlackSite,numberOfRobotsOnWhiteSite
12561,21,14
timeStep,numberOfRobotsOnBlackSite,numberOfRobotsOnWhiteSite
12562,21,14
timeStep,numberOfRobotsOnBlackSite,numberOfRobotsOnWhiteSite
12563,21,14
timeStep,numberOfRobotsOnBlackSite,numberOfRobotsOnWhiteSite
12564,21,14
timeStep,numberOfRobotsOnBlackSite,numberOfRobotsOnWhiteSite
12565,21,14
timeStep,numberOfRobotsOnBlackSite,numberOfRobotsOnWhiteSite
12566,21,14
timeStep,numberOfRobotsOnBlackSite,numberOfRobotsOnWhiteSite
12567,21,14
timeStep,numberOfRobotsOnBlackSite,numberOfRobotsOnWhiteSite
12568,21,14
timeStep,numberOfRobotsOnBlackSite,numberOfRobotsOnWhiteSite
12569,21,14
timeStep,numberOfRobotsOnBlackSite,numberOfRobotsOnWhiteSite
12570,21,14
timeStep,numberOfRobotsOnBlackSite,numberOfRobotsOnWhiteSite
12571,21,14
timeStep,numberOfRobotsOnBlackSite,numberOfRobotsOnWhiteSite
12572,21,14
timeStep,numberOfRobotsOnBlackSite,numberOfRobotsOnWhiteSite
12573,21,14
timeStep,numberOfRobotsOnBlackSite,numberOfRobotsOnWhiteSite
12574,21,14
timeStep,numberOfRobotsOnBlackSite,numberOfRobotsOnWhiteSite
12575,21,14
timeStep,numberOfRobotsOnBlackSite,numberOfRobotsOnWhiteSite
12576,21,14
timeStep,numberOfRobotsOnBlackSite,numberOfRobotsOnWhiteSite
12577,21,14
timeStep,numberOfRobotsOnBlackSite,numberOfRobotsOnWhiteSite
12578,21,14
timeStep,numberOfRobotsOnBlackSite,numberOfRobotsOnWhiteSite
12579,21,14
timeStep,numberOfRobotsOnBlackSite,numberOfRobotsOnWhiteSite
12580,21,14
timeStep,numberOfRobotsOnBlackSite,numberOfRobotsOnWhiteSite
12581,21,14
timeStep,numberOfRobotsOnBlackSite,numberOfRobotsOnWhiteSite
12582,21,14
timeStep,numberOfRobotsOnBlackSite,numberOfRobotsOnWhiteSite
12583,21,14
timeStep,numberOfRobotsOnBlackSite,numberOfRobotsOnWhiteSite
12584,21,14
timeStep,numberOfRobotsOnBlackSite,numberOfRobotsOnWhiteSite
12585,21,14
timeStep,numberOfRobotsOnBlackSite,numberOfRobotsOnWhiteSite
12586,21,14
timeStep,numberOfRobotsOnBlackSite,numberOfRobotsOnWhiteSite
12587,21,14
timeStep,numberOfRobotsOnBlackSite,numberOfRobotsOnWhiteSite
12588,21,14
timeStep,numberOfRobotsOnBlackSite,numberOfRobotsOnWhiteSite
12589,21,14
timeStep,numberOfRobotsOnBlackSite,numberOfRobotsOnWhiteSite
12590,21,14
timeStep,numberOfRobotsOnBlackSite,numberOfRobotsOnWhiteSite
12591,21,14
timeStep,numberOfRobotsOnBlackSite,numberOfRobotsOnWhiteSite
12592,21,14
timeStep,numberOfRobotsOnBlackSite,numberOfRobotsOnWhiteSite
12593,21,14
timeStep,numberOfRobotsOnBlackSite,numberOfRobotsOnWhiteSite
12594,21,14
timeStep,numberOfRobotsOnBlackSite,numberOfRobotsOnWhiteSite
12595,21,14
timeStep,numberOfRobotsOnBlackSite,numberOfRobotsOnWhiteSite
12596,21,14
timeStep,numberOfRobotsOnBlackSite,numberOfRobotsOnWhiteSite
12597,21,14
timeStep,numberOfRobotsOnBlackSite,numberOfRobotsOnWhiteSite
12598,21,14
timeStep,numberOfRobotsOnBlackSite,numberOfRobotsOnWhiteSite
12599,21,14
timeStep,numberOfRobotsOnBlackSite,numberOfRobotsOnWhiteSite
12600,21,14
timeStep,numberOfRobotsOnBlackSite,numberOfRobotsOnWhiteSite
12601,21,14
timeStep,numberOfRobotsOnBlackSite,numberOfRobotsOnWhiteSite
12602,21,14
timeStep,numberOfRobotsOnBlackSite,numberOfRobotsOnWhiteSite
12603,21,14
timeStep,numberOfRobotsOnBlackSite,numberOfRobotsOnWhiteSite
12604,21,14
timeStep,numberOfRobotsOnBlackSite,numberOfRobotsOnWhiteSite
12605,21,14
timeStep,numberOfRobotsOnBlackSite,numberOfRobotsOnWhiteSite
12606,21,14
timeStep,numberOfRobotsOnBlackSite,numberOfRobotsOnWhiteSite
12607,21,14
timeStep,numberOfRobotsOnBlackSite,numberOfRobotsOnWhiteSite
12608,21,14
timeStep,numberOfRobotsOnBlackSite,numberOfRobotsOnWhiteSite
12609,21,14
timeStep,numberOfRobotsOnBlackSite,numberOfRobotsOnWhiteSite
12610,20,14
timeStep,numberOfRobotsOnBlackSite,numberOfRobotsOnWhiteSite
12611,20,14
timeStep,numberOfRobotsOnBlackSite,numberOfRobotsOnWhiteSite
12612,20,14
timeStep,numberOfRobotsOnBlackSite,numberOfRobotsOnWhiteSite
12613,20,14
timeStep,numberOfRobotsOnBlackSite,numberOfRobotsOnWhiteSite
12614,20,14
timeStep,numberOfRobotsOnBlackSite,numberOfRobotsOnWhiteSite
12615,20,14
timeStep,numberOfRobotsOnBlackSite,numberOfRobotsOnWhiteSite
12616,20,14
timeStep,numberOfRobotsOnBlackSite,numberOfRobotsOnWhiteSite
12617,20,14
timeStep,numberOfRobotsOnBlackSite,numberOfRobotsOnWhiteSite
12618,20,14
timeStep,numberOfRobotsOnBlackSite,numberOfRobotsOnWhiteSite
12619,20,14
timeStep,numberOfRobotsOnBlackSite,numberOfRobotsOnWhiteSite
12620,20,14
timeStep,numberOfRobotsOnBlackSite,numberOfRobotsOnWhiteSite
12621,20,14
timeStep,numberOfRobotsOnBlackSite,numberOfRobotsOnWhiteSite
12622,20,14
timeStep,numberOfRobotsOnBlackSite,numberOfRobotsOnWhiteSite
12623,20,14
timeStep,numberOfRobotsOnBlackSite,numberOfRobotsOnWhiteSite
12624,20,14
timeStep,numberOfRobotsOnBlackSite,numberOfRobotsOnWhiteSite
12625,20,14
timeStep,numberOfRobotsOnBlackSite,numberOfRobotsOnWhiteSite
12626,20,14
timeStep,numberOfRobotsOnBlackSite,numberOfRobotsOnWhiteSite
12627,20,14
timeStep,numberOfRobotsOnBlackSite,numberOfRobotsOnWhiteSite
12628,20,14
timeStep,numberOfRobotsOnBlackSite,numberOfRobotsOnWhiteSite
12629,20,14
timeStep,numberOfRobotsOnBlackSite,numberOfRobotsOnWhiteSite
12630,20,14
timeStep,numberOfRobotsOnBlackSite,numberOfRobotsOnWhiteSite
12631,20,14
timeStep,numberOfRobotsOnBlackSite,numberOfRobotsOnWhiteSite
12632,20,14
timeStep,numberOfRobotsOnBlackSite,numberOfRobotsOnWhiteSite
12633,20,14
timeStep,numberOfRobotsOnBlackSite,numberOfRobotsOnWhiteSite
12634,20,14
timeStep,numberOfRobotsOnBlackSite,numberOfRobotsOnWhiteSite
12635,20,14
timeStep,numberOfRobotsOnBlackSite,numberOfRobotsOnWhiteSite
12636,20,14
timeStep,numberOfRobotsOnBlackSite,numberOfRobotsOnWhiteSite
12637,20,14
timeStep,numberOfRobotsOnBlackSite,numberOfRobotsOnWhiteSite
12638,20,14
timeStep,numberOfRobotsOnBlackSite,numberOfRobotsOnWhiteSite
12639,20,14
timeStep,numberOfRobotsOnBlackSite,numberOfRobotsOnWhiteSite
12640,20,14
timeStep,numberOfRobotsOnBlackSite,numberOfRobotsOnWhiteSite
12641,20,14
timeStep,numberOfRobotsOnBlackSite,numberOfRobotsOnWhiteSite
12642,20,14
timeStep,numberOfRobotsOnBlackSite,numberOfRobotsOnWhiteSite
12643,20,14
timeStep,numberOfRobotsOnBlackSite,numberOfRobotsOnWhiteSite
12644,20,14
timeStep,numberOfRobotsOnBlackSite,numberOfRobotsOnWhiteSite
12645,20,14
timeStep,numberOfRobotsOnBlackSite,numberOfRobotsOnWhiteSite
12646,20,14
timeStep,numberOfRobotsOnBlackSite,numberOfRobotsOnWhiteSite
12647,20,14
timeStep,numberOfRobotsOnBlackSite,numberOfRobotsOnWhiteSite
12648,20,14
timeStep,numberOfRobotsOnBlackSite,numberOfRobotsOnWhiteSite
12649,20,14
timeStep,numberOfRobotsOnBlackSite,numberOfRobotsOnWhiteSite
12650,20,14
timeStep,numberOfRobotsOnBlackSite,numberOfRobotsOnWhiteSite
12651,20,14
timeStep,numberOfRobotsOnBlackSite,numberOfRobotsOnWhiteSite
12652,20,14
timeStep,numberOfRobotsOnBlackSite,numberOfRobotsOnWhiteSite
12653,20,14
timeStep,numberOfRobotsOnBlackSite,numberOfRobotsOnWhiteSite
12654,20,14
timeStep,numberOfRobotsOnBlackSite,numberOfRobotsOnWhiteSite
12655,20,14
timeStep,numberOfRobotsOnBlackSite,numberOfRobotsOnWhiteSite
12656,20,14
timeStep,numberOfRobotsOnBlackSite,numberOfRobotsOnWhiteSite
12657,20,14
timeStep,numberOfRobotsOnBlackSite,numberOfRobotsOnWhiteSite
12658,20,14
timeStep,numberOfRobotsOnBlackSite,numberOfRobotsOnWhiteSite
12659,20,14
timeStep,numberOfRobotsOnBlackSite,numberOfRobotsOnWhiteSite
12660,20,14
timeStep,numberOfRobotsOnBlackSite,numberOfRobotsOnWhiteSite
12661,20,14
timeStep,numberOfRobotsOnBlackSite,numberOfRobotsOnWhiteSite
12662,20,14
timeStep,numberOfRobotsOnBlackSite,numberOfRobotsOnWhiteSite
12663,20,14
timeStep,numberOfRobotsOnBlackSite,numberOfRobotsOnWhiteSite
12664,20,14
timeStep,numberOfRobotsOnBlackSite,numberOfRobotsOnWhiteSite
12665,20,14
timeStep,numberOfRobotsOnBlackSite,numberOfRobotsOnWhiteSite
12666,20,14
timeStep,numberOfRobotsOnBlackSite,numberOfRobotsOnWhiteSite
12667,20,14
timeStep,numberOfRobotsOnBlackSite,numberOfRobotsOnWhiteSite
12668,20,14
timeStep,numberOfRobotsOnBlackSite,numberOfRobotsOnWhiteSite
12669,20,14
timeStep,numberOfRobotsOnBlackSite,numberOfRobotsOnWhiteSite
12670,20,14
timeStep,numberOfRobotsOnBlackSite,numberOfRobotsOnWhiteSite
12671,20,14
timeStep,numberOfRobotsOnBlackSite,numberOfRobotsOnWhiteSite
12672,20,14
timeStep,numberOfRobotsOnBlackSite,numberOfRobotsOnWhiteSite
12673,20,14
timeStep,numberOfRobotsOnBlackSite,numberOfRobotsOnWhiteSite
12674,20,14
timeStep,numberOfRobotsOnBlackSite,numberOfRobotsOnWhiteSite
12675,20,14
timeStep,numberOfRobotsOnBlackSite,numberOfRobotsOnWhiteSite
12676,20,14
timeStep,numberOfRobotsOnBlackSite,numberOfRobotsOnWhiteSite
12677,20,14
timeStep,numberOfRobotsOnBlackSite,numberOfRobotsOnWhiteSite
12678,20,14
timeStep,numberOfRobotsOnBlackSite,numberOfRobotsOnWhiteSite
12679,20,14
timeStep,numberOfRobotsOnBlackSite,numberOfRobotsOnWhiteSite
12680,21,14
timeStep,numberOfRobotsOnBlackSite,numberOfRobotsOnWhiteSite
12681,21,14
timeStep,numberOfRobotsOnBlackSite,numberOfRobotsOnWhiteSite
12682,21,14
timeStep,numberOfRobotsOnBlackSite,numberOfRobotsOnWhiteSite
12683,21,14
timeStep,numberOfRobotsOnBlackSite,numberOfRobotsOnWhiteSite
12684,21,14
timeStep,numberOfRobotsOnBlackSite,numberOfRobotsOnWhiteSite
12685,21,14
timeStep,numberOfRobotsOnBlackSite,numberOfRobotsOnWhiteSite
12686,21,14
timeStep,numberOfRobotsOnBlackSite,numberOfRobotsOnWhiteSite
12687,21,14
timeStep,numberOfRobotsOnBlackSite,numberOfRobotsOnWhiteSite
12688,21,14
timeStep,numberOfRobotsOnBlackSite,numberOfRobotsOnWhiteSite
12689,21,14
timeStep,numberOfRobotsOnBlackSite,numberOfRobotsOnWhiteSite
12690,21,14
timeStep,numberOfRobotsOnBlackSite,numberOfRobotsOnWhiteSite
12691,21,14
timeStep,numberOfRobotsOnBlackSite,numberOfRobotsOnWhiteSite
12692,21,14
timeStep,numberOfRobotsOnBlackSite,numberOfRobotsOnWhiteSite
12693,21,14
timeStep,numberOfRobotsOnBlackSite,numberOfRobotsOnWhiteSite
12694,21,14
timeStep,numberOfRobotsOnBlackSite,numberOfRobotsOnWhiteSite
12695,21,14
timeStep,numberOfRobotsOnBlackSite,numberOfRobotsOnWhiteSite
12696,21,14
timeStep,numberOfRobotsOnBlackSite,numberOfRobotsOnWhiteSite
12697,21,14
timeStep,numberOfRobotsOnBlackSite,numberOfRobotsOnWhiteSite
12698,21,14
timeStep,numberOfRobotsOnBlackSite,numberOfRobotsOnWhiteSite
12699,21,14
timeStep,numberOfRobotsOnBlackSite,numberOfRobotsOnWhiteSite
12700,21,14
timeStep,numberOfRobotsOnBlackSite,numberOfRobotsOnWhiteSite
12701,21,14
timeStep,numberOfRobotsOnBlackSite,numberOfRobotsOnWhiteSite
12702,21,14
timeStep,numberOfRobotsOnBlackSite,numberOfRobotsOnWhiteSite
12703,21,14
timeStep,numberOfRobotsOnBlackSite,numberOfRobotsOnWhiteSite
12704,21,14
timeStep,numberOfRobotsOnBlackSite,numberOfRobotsOnWhiteSite
12705,21,14
timeStep,numberOfRobotsOnBlackSite,numberOfRobotsOnWhiteSite
12706,21,14
timeStep,numberOfRobotsOnBlackSite,numberOfRobotsOnWhiteSite
12707,21,14
timeStep,numberOfRobotsOnBlackSite,numberOfRobotsOnWhiteSite
12708,21,14
timeStep,numberOfRobotsOnBlackSite,numberOfRobotsOnWhiteSite
12709,21,14
timeStep,numberOfRobotsOnBlackSite,numberOfRobotsOnWhiteSite
12710,21,14
timeStep,numberOfRobotsOnBlackSite,numberOfRobotsOnWhiteSite
12711,21,14
timeStep,numberOfRobotsOnBlackSite,numberOfRobotsOnWhiteSite
12712,21,14
timeStep,numberOfRobotsOnBlackSite,numberOfRobotsOnWhiteSite
12713,21,14
timeStep,numberOfRobotsOnBlackSite,numberOfRobotsOnWhiteSite
12714,21,14
timeStep,numberOfRobotsOnBlackSite,numberOfRobotsOnWhiteSite
12715,21,14
timeStep,numberOfRobotsOnBlackSite,numberOfRobotsOnWhiteSite
12716,21,14
timeStep,numberOfRobotsOnBlackSite,numberOfRobotsOnWhiteSite
12717,21,14
timeStep,numberOfRobotsOnBlackSite,numberOfRobotsOnWhiteSite
12718,21,14
timeStep,numberOfRobotsOnBlackSite,numberOfRobotsOnWhiteSite
12719,21,14
timeStep,numberOfRobotsOnBlackSite,numberOfRobotsOnWhiteSite
12720,21,14
timeStep,numberOfRobotsOnBlackSite,numberOfRobotsOnWhiteSite
12721,21,14
timeStep,numberOfRobotsOnBlackSite,numberOfRobotsOnWhiteSite
12722,21,14
timeStep,numberOfRobotsOnBlackSite,numberOfRobotsOnWhiteSite
12723,21,14
timeStep,numberOfRobotsOnBlackSite,numberOfRobotsOnWhiteSite
12724,21,14
timeStep,numberOfRobotsOnBlackSite,numberOfRobotsOnWhiteSite
12725,21,14
timeStep,numberOfRobotsOnBlackSite,numberOfRobotsOnWhiteSite
12726,21,14
timeStep,numberOfRobotsOnBlackSite,numberOfRobotsOnWhiteSite
12727,21,14
timeStep,numberOfRobotsOnBlackSite,numberOfRobotsOnWhiteSite
12728,21,14
timeStep,numberOfRobotsOnBlackSite,numberOfRobotsOnWhiteSite
12729,21,14
timeStep,numberOfRobotsOnBlackSite,numberOfRobotsOnWhiteSite
12730,21,14
timeStep,numberOfRobotsOnBlackSite,numberOfRobotsOnWhiteSite
12731,21,14
timeStep,numberOfRobotsOnBlackSite,numberOfRobotsOnWhiteSite
12732,21,14
timeStep,numberOfRobotsOnBlackSite,numberOfRobotsOnWhiteSite
12733,21,14
timeStep,numberOfRobotsOnBlackSite,numberOfRobotsOnWhiteSite
12734,21,14
timeStep,numberOfRobotsOnBlackSite,numberOfRobotsOnWhiteSite
12735,21,14
timeStep,numberOfRobotsOnBlackSite,numberOfRobotsOnWhiteSite
12736,21,14
timeStep,numberOfRobotsOnBlackSite,numberOfRobotsOnWhiteSite
12737,21,14
timeStep,numberOfRobotsOnBlackSite,numberOfRobotsOnWhiteSite
12738,21,14
timeStep,numberOfRobotsOnBlackSite,numberOfRobotsOnWhiteSite
12739,21,14
timeStep,numberOfRobotsOnBlackSite,numberOfRobotsOnWhiteSite
12740,21,14
timeStep,numberOfRobotsOnBlackSite,numberOfRobotsOnWhiteSite
12741,21,14
timeStep,numberOfRobotsOnBlackSite,numberOfRobotsOnWhiteSite
12742,21,14
timeStep,numberOfRobotsOnBlackSite,numberOfRobotsOnWhiteSite
12743,21,14
timeStep,numberOfRobotsOnBlackSite,numberOfRobotsOnWhiteSite
12744,21,14
timeStep,numberOfRobotsOnBlackSite,numberOfRobotsOnWhiteSite
12745,21,14
timeStep,numberOfRobotsOnBlackSite,numberOfRobotsOnWhiteSite
12746,21,14
timeStep,numberOfRobotsOnBlackSite,numberOfRobotsOnWhiteSite
12747,21,14
timeStep,numberOfRobotsOnBlackSite,numberOfRobotsOnWhiteSite
12748,21,14
timeStep,numberOfRobotsOnBlackSite,numberOfRobotsOnWhiteSite
12749,21,14
timeStep,numberOfRobotsOnBlackSite,numberOfRobotsOnWhiteSite
12750,21,14
timeStep,numberOfRobotsOnBlackSite,numberOfRobotsOnWhiteSite
12751,21,14
timeStep,numberOfRobotsOnBlackSite,numberOfRobotsOnWhiteSite
12752,21,14
timeStep,numberOfRobotsOnBlackSite,numberOfRobotsOnWhiteSite
12753,21,14
timeStep,numberOfRobotsOnBlackSite,numberOfRobotsOnWhiteSite
12754,21,14
timeStep,numberOfRobotsOnBlackSite,numberOfRobotsOnWhiteSite
12755,21,14
timeStep,numberOfRobotsOnBlackSite,numberOfRobotsOnWhiteSite
12756,21,14
timeStep,numberOfRobotsOnBlackSite,numberOfRobotsOnWhiteSite
12757,21,14
timeStep,numberOfRobotsOnBlackSite,numberOfRobotsOnWhiteSite
12758,21,14
timeStep,numberOfRobotsOnBlackSite,numberOfRobotsOnWhiteSite
12759,21,14
timeStep,numberOfRobotsOnBlackSite,numberOfRobotsOnWhiteSite
12760,21,14
timeStep,numberOfRobotsOnBlackSite,numberOfRobotsOnWhiteSite
12761,21,14
timeStep,numberOfRobotsOnBlackSite,numberOfRobotsOnWhiteSite
12762,21,14
timeStep,numberOfRobotsOnBlackSite,numberOfRobotsOnWhiteSite
12763,21,14
timeStep,numberOfRobotsOnBlackSite,numberOfRobotsOnWhiteSite
12764,21,14
timeStep,numberOfRobotsOnBlackSite,numberOfRobotsOnWhiteSite
12765,21,14
timeStep,numberOfRobotsOnBlackSite,numberOfRobotsOnWhiteSite
12766,21,14
timeStep,numberOfRobotsOnBlackSite,numberOfRobotsOnWhiteSite
12767,21,14
timeStep,numberOfRobotsOnBlackSite,numberOfRobotsOnWhiteSite
12768,21,14
timeStep,numberOfRobotsOnBlackSite,numberOfRobotsOnWhiteSite
12769,21,14
timeStep,numberOfRobotsOnBlackSite,numberOfRobotsOnWhiteSite
12770,21,13
timeStep,numberOfRobotsOnBlackSite,numberOfRobotsOnWhiteSite
12771,21,13
timeStep,numberOfRobotsOnBlackSite,numberOfRobotsOnWhiteSite
12772,21,13
timeStep,numberOfRobotsOnBlackSite,numberOfRobotsOnWhiteSite
12773,21,13
timeStep,numberOfRobotsOnBlackSite,numberOfRobotsOnWhiteSite
12774,21,13
timeStep,numberOfRobotsOnBlackSite,numberOfRobotsOnWhiteSite
12775,21,14
timeStep,numberOfRobotsOnBlackSite,numberOfRobotsOnWhiteSite
12776,21,14
timeStep,numberOfRobotsOnBlackSite,numberOfRobotsOnWhiteSite
12777,21,14
timeStep,numberOfRobotsOnBlackSite,numberOfRobotsOnWhiteSite
12778,21,14
timeStep,numberOfRobotsOnBlackSite,numberOfRobotsOnWhiteSite
12779,21,14
timeStep,numberOfRobotsOnBlackSite,numberOfRobotsOnWhiteSite
12780,21,14
timeStep,numberOfRobotsOnBlackSite,numberOfRobotsOnWhiteSite
12781,21,14
timeStep,numberOfRobotsOnBlackSite,numberOfRobotsOnWhiteSite
12782,21,14
timeStep,numberOfRobotsOnBlackSite,numberOfRobotsOnWhiteSite
12783,21,14
timeStep,numberOfRobotsOnBlackSite,numberOfRobotsOnWhiteSite
12784,21,14
timeStep,numberOfRobotsOnBlackSite,numberOfRobotsOnWhiteSite
12785,21,14
timeStep,numberOfRobotsOnBlackSite,numberOfRobotsOnWhiteSite
12786,21,14
timeStep,numberOfRobotsOnBlackSite,numberOfRobotsOnWhiteSite
12787,21,14
timeStep,numberOfRobotsOnBlackSite,numberOfRobotsOnWhiteSite
12788,21,14
timeStep,numberOfRobotsOnBlackSite,numberOfRobotsOnWhiteSite
12789,21,14
timeStep,numberOfRobotsOnBlackSite,numberOfRobotsOnWhiteSite
12790,21,14
timeStep,numberOfRobotsOnBlackSite,numberOfRobotsOnWhiteSite
12791,21,14
timeStep,numberOfRobotsOnBlackSite,numberOfRobotsOnWhiteSite
12792,21,14
timeStep,numberOfRobotsOnBlackSite,numberOfRobotsOnWhiteSite
12793,21,14
timeStep,numberOfRobotsOnBlackSite,numberOfRobotsOnWhiteSite
12794,21,14
timeStep,numberOfRobotsOnBlackSite,numberOfRobotsOnWhiteSite
12795,21,14
timeStep,numberOfRobotsOnBlackSite,numberOfRobotsOnWhiteSite
12796,21,14
timeStep,numberOfRobotsOnBlackSite,numberOfRobotsOnWhiteSite
12797,21,14
timeStep,numberOfRobotsOnBlackSite,numberOfRobotsOnWhiteSite
12798,21,14
timeStep,numberOfRobotsOnBlackSite,numberOfRobotsOnWhiteSite
12799,21,14
timeStep,numberOfRobotsOnBlackSite,numberOfRobotsOnWhiteSite
12800,21,14
timeStep,numberOfRobotsOnBlackSite,numberOfRobotsOnWhiteSite
12801,21,14
timeStep,numberOfRobotsOnBlackSite,numberOfRobotsOnWhiteSite
12802,21,14
timeStep,numberOfRobotsOnBlackSite,numberOfRobotsOnWhiteSite
12803,21,14
timeStep,numberOfRobotsOnBlackSite,numberOfRobotsOnWhiteSite
12804,21,14
timeStep,numberOfRobotsOnBlackSite,numberOfRobotsOnWhiteSite
12805,21,14
timeStep,numberOfRobotsOnBlackSite,numberOfRobotsOnWhiteSite
12806,21,14
timeStep,numberOfRobotsOnBlackSite,numberOfRobotsOnWhiteSite
12807,21,14
timeStep,numberOfRobotsOnBlackSite,numberOfRobotsOnWhiteSite
12808,21,14
timeStep,numberOfRobotsOnBlackSite,numberOfRobotsOnWhiteSite
12809,21,14
timeStep,numberOfRobotsOnBlackSite,numberOfRobotsOnWhiteSite
12810,21,14
timeStep,numberOfRobotsOnBlackSite,numberOfRobotsOnWhiteSite
12811,21,14
timeStep,numberOfRobotsOnBlackSite,numberOfRobotsOnWhiteSite
12812,21,14
timeStep,numberOfRobotsOnBlackSite,numberOfRobotsOnWhiteSite
12813,21,14
timeStep,numberOfRobotsOnBlackSite,numberOfRobotsOnWhiteSite
12814,21,14
timeStep,numberOfRobotsOnBlackSite,numberOfRobotsOnWhiteSite
12815,21,14
timeStep,numberOfRobotsOnBlackSite,numberOfRobotsOnWhiteSite
12816,21,14
timeStep,numberOfRobotsOnBlackSite,numberOfRobotsOnWhiteSite
12817,21,14
timeStep,numberOfRobotsOnBlackSite,numberOfRobotsOnWhiteSite
12818,21,14
timeStep,numberOfRobotsOnBlackSite,numberOfRobotsOnWhiteSite
12819,21,14
timeStep,numberOfRobotsOnBlackSite,numberOfRobotsOnWhiteSite
12820,21,14
timeStep,numberOfRobotsOnBlackSite,numberOfRobotsOnWhiteSite
12821,21,14
timeStep,numberOfRobotsOnBlackSite,numberOfRobotsOnWhiteSite
12822,21,14
timeStep,numberOfRobotsOnBlackSite,numberOfRobotsOnWhiteSite
12823,21,14
timeStep,numberOfRobotsOnBlackSite,numberOfRobotsOnWhiteSite
12824,21,14
timeStep,numberOfRobotsOnBlackSite,numberOfRobotsOnWhiteSite
12825,21,14
timeStep,numberOfRobotsOnBlackSite,numberOfRobotsOnWhiteSite
12826,21,14
timeStep,numberOfRobotsOnBlackSite,numberOfRobotsOnWhiteSite
12827,21,14
timeStep,numberOfRobotsOnBlackSite,numberOfRobotsOnWhiteSite
12828,21,14
timeStep,numberOfRobotsOnBlackSite,numberOfRobotsOnWhiteSite
12829,21,14
timeStep,numberOfRobotsOnBlackSite,numberOfRobotsOnWhiteSite
12830,21,14
timeStep,numberOfRobotsOnBlackSite,numberOfRobotsOnWhiteSite
12831,21,14
timeStep,numberOfRobotsOnBlackSite,numberOfRobotsOnWhiteSite
12832,21,14
timeStep,numberOfRobotsOnBlackSite,numberOfRobotsOnWhiteSite
12833,21,14
timeStep,numberOfRobotsOnBlackSite,numberOfRobotsOnWhiteSite
12834,21,14
timeStep,numberOfRobotsOnBlackSite,numberOfRobotsOnWhiteSite
12835,21,14
timeStep,numberOfRobotsOnBlackSite,numberOfRobotsOnWhiteSite
12836,21,14
timeStep,numberOfRobotsOnBlackSite,numberOfRobotsOnWhiteSite
12837,21,14
timeStep,numberOfRobotsOnBlackSite,numberOfRobotsOnWhiteSite
12838,21,14
timeStep,numberOfRobotsOnBlackSite,numberOfRobotsOnWhiteSite
12839,21,14
timeStep,numberOfRobotsOnBlackSite,numberOfRobotsOnWhiteSite
12840,21,14
timeStep,numberOfRobotsOnBlackSite,numberOfRobotsOnWhiteSite
12841,21,14
timeStep,numberOfRobotsOnBlackSite,numberOfRobotsOnWhiteSite
12842,21,14
timeStep,numberOfRobotsOnBlackSite,numberOfRobotsOnWhiteSite
12843,21,14
timeStep,numberOfRobotsOnBlackSite,numberOfRobotsOnWhiteSite
12844,21,14
timeStep,numberOfRobotsOnBlackSite,numberOfRobotsOnWhiteSite
12845,21,14
timeStep,numberOfRobotsOnBlackSite,numberOfRobotsOnWhiteSite
12846,21,14
timeStep,numberOfRobotsOnBlackSite,numberOfRobotsOnWhiteSite
12847,21,14
timeStep,numberOfRobotsOnBlackSite,numberOfRobotsOnWhiteSite
12848,21,14
timeStep,numberOfRobotsOnBlackSite,numberOfRobotsOnWhiteSite
12849,21,14
timeStep,numberOfRobotsOnBlackSite,numberOfRobotsOnWhiteSite
12850,21,14
timeStep,numberOfRobotsOnBlackSite,numberOfRobotsOnWhiteSite
12851,21,14
timeStep,numberOfRobotsOnBlackSite,numberOfRobotsOnWhiteSite
12852,21,14
timeStep,numberOfRobotsOnBlackSite,numberOfRobotsOnWhiteSite
12853,21,14
timeStep,numberOfRobotsOnBlackSite,numberOfRobotsOnWhiteSite
12854,21,14
timeStep,numberOfRobotsOnBlackSite,numberOfRobotsOnWhiteSite
12855,21,14
timeStep,numberOfRobotsOnBlackSite,numberOfRobotsOnWhiteSite
12856,21,14
timeStep,numberOfRobotsOnBlackSite,numberOfRobotsOnWhiteSite
12857,21,14
timeStep,numberOfRobotsOnBlackSite,numberOfRobotsOnWhiteSite
12858,21,14
timeStep,numberOfRobotsOnBlackSite,numberOfRobotsOnWhiteSite
12859,21,14
timeStep,numberOfRobotsOnBlackSite,numberOfRobotsOnWhiteSite
12860,21,14
timeStep,numberOfRobotsOnBlackSite,numberOfRobotsOnWhiteSite
12861,21,14
timeStep,numberOfRobotsOnBlackSite,numberOfRobotsOnWhiteSite
12862,21,14
timeStep,numberOfRobotsOnBlackSite,numberOfRobotsOnWhiteSite
12863,21,14
timeStep,numberOfRobotsOnBlackSite,numberOfRobotsOnWhiteSite
12864,21,14
timeStep,numberOfRobotsOnBlackSite,numberOfRobotsOnWhiteSite
12865,21,14
timeStep,numberOfRobotsOnBlackSite,numberOfRobotsOnWhiteSite
12866,21,14
timeStep,numberOfRobotsOnBlackSite,numberOfRobotsOnWhiteSite
12867,21,14
timeStep,numberOfRobotsOnBlackSite,numberOfRobotsOnWhiteSite
12868,21,14
timeStep,numberOfRobotsOnBlackSite,numberOfRobotsOnWhiteSite
12869,21,14
timeStep,numberOfRobotsOnBlackSite,numberOfRobotsOnWhiteSite
12870,21,14
timeStep,numberOfRobotsOnBlackSite,numberOfRobotsOnWhiteSite
12871,21,14
timeStep,numberOfRobotsOnBlackSite,numberOfRobotsOnWhiteSite
12872,21,14
timeStep,numberOfRobotsOnBlackSite,numberOfRobotsOnWhiteSite
12873,21,14
timeStep,numberOfRobotsOnBlackSite,numberOfRobotsOnWhiteSite
12874,21,14
timeStep,numberOfRobotsOnBlackSite,numberOfRobotsOnWhiteSite
12875,21,14
timeStep,numberOfRobotsOnBlackSite,numberOfRobotsOnWhiteSite
12876,21,14
timeStep,numberOfRobotsOnBlackSite,numberOfRobotsOnWhiteSite
12877,21,14
timeStep,numberOfRobotsOnBlackSite,numberOfRobotsOnWhiteSite
12878,21,14
timeStep,numberOfRobotsOnBlackSite,numberOfRobotsOnWhiteSite
12879,21,14
timeStep,numberOfRobotsOnBlackSite,numberOfRobotsOnWhiteSite
12880,21,14
timeStep,numberOfRobotsOnBlackSite,numberOfRobotsOnWhiteSite
12881,21,14
timeStep,numberOfRobotsOnBlackSite,numberOfRobotsOnWhiteSite
12882,21,14
timeStep,numberOfRobotsOnBlackSite,numberOfRobotsOnWhiteSite
12883,21,14
timeStep,numberOfRobotsOnBlackSite,numberOfRobotsOnWhiteSite
12884,21,14
timeStep,numberOfRobotsOnBlackSite,numberOfRobotsOnWhiteSite
12885,21,14
timeStep,numberOfRobotsOnBlackSite,numberOfRobotsOnWhiteSite
12886,21,14
timeStep,numberOfRobotsOnBlackSite,numberOfRobotsOnWhiteSite
12887,21,14
timeStep,numberOfRobotsOnBlackSite,numberOfRobotsOnWhiteSite
12888,21,14
timeStep,numberOfRobotsOnBlackSite,numberOfRobotsOnWhiteSite
12889,21,14
timeStep,numberOfRobotsOnBlackSite,numberOfRobotsOnWhiteSite
12890,21,14
timeStep,numberOfRobotsOnBlackSite,numberOfRobotsOnWhiteSite
12891,21,14
timeStep,numberOfRobotsOnBlackSite,numberOfRobotsOnWhiteSite
12892,21,14
timeStep,numberOfRobotsOnBlackSite,numberOfRobotsOnWhiteSite
12893,21,14
timeStep,numberOfRobotsOnBlackSite,numberOfRobotsOnWhiteSite
12894,21,14
timeStep,numberOfRobotsOnBlackSite,numberOfRobotsOnWhiteSite
12895,21,14
timeStep,numberOfRobotsOnBlackSite,numberOfRobotsOnWhiteSite
12896,21,14
timeStep,numberOfRobotsOnBlackSite,numberOfRobotsOnWhiteSite
12897,21,14
timeStep,numberOfRobotsOnBlackSite,numberOfRobotsOnWhiteSite
12898,21,14
timeStep,numberOfRobotsOnBlackSite,numberOfRobotsOnWhiteSite
12899,21,14
timeStep,numberOfRobotsOnBlackSite,numberOfRobotsOnWhiteSite
12900,21,14
timeStep,numberOfRobotsOnBlackSite,numberOfRobotsOnWhiteSite
12901,21,14
timeStep,numberOfRobotsOnBlackSite,numberOfRobotsOnWhiteSite
12902,21,14
timeStep,numberOfRobotsOnBlackSite,numberOfRobotsOnWhiteSite
12903,21,14
timeStep,numberOfRobotsOnBlackSite,numberOfRobotsOnWhiteSite
12904,21,14
timeStep,numberOfRobotsOnBlackSite,numberOfRobotsOnWhiteSite
12905,21,14
timeStep,numberOfRobotsOnBlackSite,numberOfRobotsOnWhiteSite
12906,21,14
timeStep,numberOfRobotsOnBlackSite,numberOfRobotsOnWhiteSite
12907,21,14
timeStep,numberOfRobotsOnBlackSite,numberOfRobotsOnWhiteSite
12908,21,14
timeStep,numberOfRobotsOnBlackSite,numberOfRobotsOnWhiteSite
12909,21,14
timeStep,numberOfRobotsOnBlackSite,numberOfRobotsOnWhiteSite
12910,21,14
timeStep,numberOfRobotsOnBlackSite,numberOfRobotsOnWhiteSite
12911,21,14
timeStep,numberOfRobotsOnBlackSite,numberOfRobotsOnWhiteSite
12912,21,14
timeStep,numberOfRobotsOnBlackSite,numberOfRobotsOnWhiteSite
12913,21,14
timeStep,numberOfRobotsOnBlackSite,numberOfRobotsOnWhiteSite
12914,21,14
timeStep,numberOfRobotsOnBlackSite,numberOfRobotsOnWhiteSite
12915,21,14
timeStep,numberOfRobotsOnBlackSite,numberOfRobotsOnWhiteSite
12916,21,14
timeStep,numberOfRobotsOnBlackSite,numberOfRobotsOnWhiteSite
12917,21,14
timeStep,numberOfRobotsOnBlackSite,numberOfRobotsOnWhiteSite
12918,21,14
timeStep,numberOfRobotsOnBlackSite,numberOfRobotsOnWhiteSite
12919,21,14
timeStep,numberOfRobotsOnBlackSite,numberOfRobotsOnWhiteSite
12920,21,14
timeStep,numberOfRobotsOnBlackSite,numberOfRobotsOnWhiteSite
12921,21,14
timeStep,numberOfRobotsOnBlackSite,numberOfRobotsOnWhiteSite
12922,21,14
timeStep,numberOfRobotsOnBlackSite,numberOfRobotsOnWhiteSite
12923,21,14
timeStep,numberOfRobotsOnBlackSite,numberOfRobotsOnWhiteSite
12924,21,14
timeStep,numberOfRobotsOnBlackSite,numberOfRobotsOnWhiteSite
12925,21,13
timeStep,numberOfRobotsOnBlackSite,numberOfRobotsOnWhiteSite
12926,21,13
timeStep,numberOfRobotsOnBlackSite,numberOfRobotsOnWhiteSite
12927,21,13
timeStep,numberOfRobotsOnBlackSite,numberOfRobotsOnWhiteSite
12928,21,13
timeStep,numberOfRobotsOnBlackSite,numberOfRobotsOnWhiteSite
12929,21,13
timeStep,numberOfRobotsOnBlackSite,numberOfRobotsOnWhiteSite
12930,21,13
timeStep,numberOfRobotsOnBlackSite,numberOfRobotsOnWhiteSite
12931,21,13
timeStep,numberOfRobotsOnBlackSite,numberOfRobotsOnWhiteSite
12932,21,13
timeStep,numberOfRobotsOnBlackSite,numberOfRobotsOnWhiteSite
12933,21,13
timeStep,numberOfRobotsOnBlackSite,numberOfRobotsOnWhiteSite
12934,21,13
timeStep,numberOfRobotsOnBlackSite,numberOfRobotsOnWhiteSite
12935,21,13
timeStep,numberOfRobotsOnBlackSite,numberOfRobotsOnWhiteSite
12936,21,13
timeStep,numberOfRobotsOnBlackSite,numberOfRobotsOnWhiteSite
12937,21,13
timeStep,numberOfRobotsOnBlackSite,numberOfRobotsOnWhiteSite
12938,21,13
timeStep,numberOfRobotsOnBlackSite,numberOfRobotsOnWhiteSite
12939,21,13
timeStep,numberOfRobotsOnBlackSite,numberOfRobotsOnWhiteSite
12940,21,13
timeStep,numberOfRobotsOnBlackSite,numberOfRobotsOnWhiteSite
12941,21,13
timeStep,numberOfRobotsOnBlackSite,numberOfRobotsOnWhiteSite
12942,21,13
timeStep,numberOfRobotsOnBlackSite,numberOfRobotsOnWhiteSite
12943,21,13
timeStep,numberOfRobotsOnBlackSite,numberOfRobotsOnWhiteSite
12944,21,13
timeStep,numberOfRobotsOnBlackSite,numberOfRobotsOnWhiteSite
12945,21,13
timeStep,numberOfRobotsOnBlackSite,numberOfRobotsOnWhiteSite
12946,21,13
timeStep,numberOfRobotsOnBlackSite,numberOfRobotsOnWhiteSite
12947,21,13
timeStep,numberOfRobotsOnBlackSite,numberOfRobotsOnWhiteSite
12948,21,13
timeStep,numberOfRobotsOnBlackSite,numberOfRobotsOnWhiteSite
12949,21,13
timeStep,numberOfRobotsOnBlackSite,numberOfRobotsOnWhiteSite
12950,21,13
timeStep,numberOfRobotsOnBlackSite,numberOfRobotsOnWhiteSite
12951,21,13
timeStep,numberOfRobotsOnBlackSite,numberOfRobotsOnWhiteSite
12952,21,13
timeStep,numberOfRobotsOnBlackSite,numberOfRobotsOnWhiteSite
12953,21,13
timeStep,numberOfRobotsOnBlackSite,numberOfRobotsOnWhiteSite
12954,21,13
timeStep,numberOfRobotsOnBlackSite,numberOfRobotsOnWhiteSite
12955,21,13
timeStep,numberOfRobotsOnBlackSite,numberOfRobotsOnWhiteSite
12956,21,13
timeStep,numberOfRobotsOnBlackSite,numberOfRobotsOnWhiteSite
12957,21,13
timeStep,numberOfRobotsOnBlackSite,numberOfRobotsOnWhiteSite
12958,21,13
timeStep,numberOfRobotsOnBlackSite,numberOfRobotsOnWhiteSite
12959,21,13
timeStep,numberOfRobotsOnBlackSite,numberOfRobotsOnWhiteSite
12960,21,13
timeStep,numberOfRobotsOnBlackSite,numberOfRobotsOnWhiteSite
12961,21,13
timeStep,numberOfRobotsOnBlackSite,numberOfRobotsOnWhiteSite
12962,21,13
timeStep,numberOfRobotsOnBlackSite,numberOfRobotsOnWhiteSite
12963,21,13
timeStep,numberOfRobotsOnBlackSite,numberOfRobotsOnWhiteSite
12964,21,13
timeStep,numberOfRobotsOnBlackSite,numberOfRobotsOnWhiteSite
12965,21,13
timeStep,numberOfRobotsOnBlackSite,numberOfRobotsOnWhiteSite
12966,21,13
timeStep,numberOfRobotsOnBlackSite,numberOfRobotsOnWhiteSite
12967,21,13
timeStep,numberOfRobotsOnBlackSite,numberOfRobotsOnWhiteSite
12968,21,13
timeStep,numberOfRobotsOnBlackSite,numberOfRobotsOnWhiteSite
12969,21,13
timeStep,numberOfRobotsOnBlackSite,numberOfRobotsOnWhiteSite
12970,21,13
timeStep,numberOfRobotsOnBlackSite,numberOfRobotsOnWhiteSite
12971,21,13
timeStep,numberOfRobotsOnBlackSite,numberOfRobotsOnWhiteSite
12972,21,13
timeStep,numberOfRobotsOnBlackSite,numberOfRobotsOnWhiteSite
12973,21,13
timeStep,numberOfRobotsOnBlackSite,numberOfRobotsOnWhiteSite
12974,21,13
timeStep,numberOfRobotsOnBlackSite,numberOfRobotsOnWhiteSite
12975,21,14
timeStep,numberOfRobotsOnBlackSite,numberOfRobotsOnWhiteSite
12976,21,14
timeStep,numberOfRobotsOnBlackSite,numberOfRobotsOnWhiteSite
12977,21,14
timeStep,numberOfRobotsOnBlackSite,numberOfRobotsOnWhiteSite
12978,21,14
timeStep,numberOfRobotsOnBlackSite,numberOfRobotsOnWhiteSite
12979,21,14
timeStep,numberOfRobotsOnBlackSite,numberOfRobotsOnWhiteSite
12980,21,14
timeStep,numberOfRobotsOnBlackSite,numberOfRobotsOnWhiteSite
12981,21,14
timeStep,numberOfRobotsOnBlackSite,numberOfRobotsOnWhiteSite
12982,21,14
timeStep,numberOfRobotsOnBlackSite,numberOfRobotsOnWhiteSite
12983,21,14
timeStep,numberOfRobotsOnBlackSite,numberOfRobotsOnWhiteSite
12984,21,14
timeStep,numberOfRobotsOnBlackSite,numberOfRobotsOnWhiteSite
12985,21,14
timeStep,numberOfRobotsOnBlackSite,numberOfRobotsOnWhiteSite
12986,21,14
timeStep,numberOfRobotsOnBlackSite,numberOfRobotsOnWhiteSite
12987,21,14
timeStep,numberOfRobotsOnBlackSite,numberOfRobotsOnWhiteSite
12988,21,14
timeStep,numberOfRobotsOnBlackSite,numberOfRobotsOnWhiteSite
12989,21,14
timeStep,numberOfRobotsOnBlackSite,numberOfRobotsOnWhiteSite
12990,21,14
timeStep,numberOfRobotsOnBlackSite,numberOfRobotsOnWhiteSite
12991,21,14
timeStep,numberOfRobotsOnBlackSite,numberOfRobotsOnWhiteSite
12992,21,14
timeStep,numberOfRobotsOnBlackSite,numberOfRobotsOnWhiteSite
12993,21,14
timeStep,numberOfRobotsOnBlackSite,numberOfRobotsOnWhiteSite
12994,21,14
timeStep,numberOfRobotsOnBlackSite,numberOfRobotsOnWhiteSite
12995,21,14
timeStep,numberOfRobotsOnBlackSite,numberOfRobotsOnWhiteSite
12996,21,14
timeStep,numberOfRobotsOnBlackSite,numberOfRobotsOnWhiteSite
12997,21,14
timeStep,numberOfRobotsOnBlackSite,numberOfRobotsOnWhiteSite
12998,21,14
timeStep,numberOfRobotsOnBlackSite,numberOfRobotsOnWhiteSite
12999,21,14
timeStep,numberOfRobotsOnBlackSite,numberOfRobotsOnWhiteSite
13000,21,14
timeStep,numberOfRobotsOnBlackSite,numberOfRobotsOnWhiteSite
13001,21,14
timeStep,numberOfRobotsOnBlackSite,numberOfRobotsOnWhiteSite
13002,21,14
timeStep,numberOfRobotsOnBlackSite,numberOfRobotsOnWhiteSite
13003,21,14
timeStep,numberOfRobotsOnBlackSite,numberOfRobotsOnWhiteSite
13004,21,14
timeStep,numberOfRobotsOnBlackSite,numberOfRobotsOnWhiteSite
13005,21,14
timeStep,numberOfRobotsOnBlackSite,numberOfRobotsOnWhiteSite
13006,21,14
timeStep,numberOfRobotsOnBlackSite,numberOfRobotsOnWhiteSite
13007,21,14
timeStep,numberOfRobotsOnBlackSite,numberOfRobotsOnWhiteSite
13008,21,14
timeStep,numberOfRobotsOnBlackSite,numberOfRobotsOnWhiteSite
13009,21,14
timeStep,numberOfRobotsOnBlackSite,numberOfRobotsOnWhiteSite
13010,21,14
timeStep,numberOfRobotsOnBlackSite,numberOfRobotsOnWhiteSite
13011,21,14
timeStep,numberOfRobotsOnBlackSite,numberOfRobotsOnWhiteSite
13012,21,14
timeStep,numberOfRobotsOnBlackSite,numberOfRobotsOnWhiteSite
13013,21,14
timeStep,numberOfRobotsOnBlackSite,numberOfRobotsOnWhiteSite
13014,21,14
timeStep,numberOfRobotsOnBlackSite,numberOfRobotsOnWhiteSite
13015,21,14
timeStep,numberOfRobotsOnBlackSite,numberOfRobotsOnWhiteSite
13016,21,14
timeStep,numberOfRobotsOnBlackSite,numberOfRobotsOnWhiteSite
13017,21,14
timeStep,numberOfRobotsOnBlackSite,numberOfRobotsOnWhiteSite
13018,21,14
timeStep,numberOfRobotsOnBlackSite,numberOfRobotsOnWhiteSite
13019,21,14
timeStep,numberOfRobotsOnBlackSite,numberOfRobotsOnWhiteSite
13020,21,14
timeStep,numberOfRobotsOnBlackSite,numberOfRobotsOnWhiteSite
13021,21,14
timeStep,numberOfRobotsOnBlackSite,numberOfRobotsOnWhiteSite
13022,21,14
timeStep,numberOfRobotsOnBlackSite,numberOfRobotsOnWhiteSite
13023,21,14
timeStep,numberOfRobotsOnBlackSite,numberOfRobotsOnWhiteSite
13024,21,14
timeStep,numberOfRobotsOnBlackSite,numberOfRobotsOnWhiteSite
13025,21,15
timeStep,numberOfRobotsOnBlackSite,numberOfRobotsOnWhiteSite
13026,21,15
timeStep,numberOfRobotsOnBlackSite,numberOfRobotsOnWhiteSite
13027,21,15
timeStep,numberOfRobotsOnBlackSite,numberOfRobotsOnWhiteSite
13028,21,15
timeStep,numberOfRobotsOnBlackSite,numberOfRobotsOnWhiteSite
13029,21,15
timeStep,numberOfRobotsOnBlackSite,numberOfRobotsOnWhiteSite
13030,20,15
timeStep,numberOfRobotsOnBlackSite,numberOfRobotsOnWhiteSite
13031,20,15
timeStep,numberOfRobotsOnBlackSite,numberOfRobotsOnWhiteSite
13032,20,15
timeStep,numberOfRobotsOnBlackSite,numberOfRobotsOnWhiteSite
13033,20,15
timeStep,numberOfRobotsOnBlackSite,numberOfRobotsOnWhiteSite
13034,20,15
timeStep,numberOfRobotsOnBlackSite,numberOfRobotsOnWhiteSite
13035,20,15
timeStep,numberOfRobotsOnBlackSite,numberOfRobotsOnWhiteSite
13036,20,15
timeStep,numberOfRobotsOnBlackSite,numberOfRobotsOnWhiteSite
13037,20,15
timeStep,numberOfRobotsOnBlackSite,numberOfRobotsOnWhiteSite
13038,20,15
timeStep,numberOfRobotsOnBlackSite,numberOfRobotsOnWhiteSite
13039,20,15
timeStep,numberOfRobotsOnBlackSite,numberOfRobotsOnWhiteSite
13040,20,15
timeStep,numberOfRobotsOnBlackSite,numberOfRobotsOnWhiteSite
13041,20,15
timeStep,numberOfRobotsOnBlackSite,numberOfRobotsOnWhiteSite
13042,20,15
timeStep,numberOfRobotsOnBlackSite,numberOfRobotsOnWhiteSite
13043,20,15
timeStep,numberOfRobotsOnBlackSite,numberOfRobotsOnWhiteSite
13044,20,15
timeStep,numberOfRobotsOnBlackSite,numberOfRobotsOnWhiteSite
13045,20,15
timeStep,numberOfRobotsOnBlackSite,numberOfRobotsOnWhiteSite
13046,20,15
timeStep,numberOfRobotsOnBlackSite,numberOfRobotsOnWhiteSite
13047,20,15
timeStep,numberOfRobotsOnBlackSite,numberOfRobotsOnWhiteSite
13048,20,15
timeStep,numberOfRobotsOnBlackSite,numberOfRobotsOnWhiteSite
13049,20,15
timeStep,numberOfRobotsOnBlackSite,numberOfRobotsOnWhiteSite
13050,20,15
timeStep,numberOfRobotsOnBlackSite,numberOfRobotsOnWhiteSite
13051,20,15
timeStep,numberOfRobotsOnBlackSite,numberOfRobotsOnWhiteSite
13052,20,15
timeStep,numberOfRobotsOnBlackSite,numberOfRobotsOnWhiteSite
13053,20,15
timeStep,numberOfRobotsOnBlackSite,numberOfRobotsOnWhiteSite
13054,20,15
timeStep,numberOfRobotsOnBlackSite,numberOfRobotsOnWhiteSite
13055,20,15
timeStep,numberOfRobotsOnBlackSite,numberOfRobotsOnWhiteSite
13056,20,15
timeStep,numberOfRobotsOnBlackSite,numberOfRobotsOnWhiteSite
13057,20,15
timeStep,numberOfRobotsOnBlackSite,numberOfRobotsOnWhiteSite
13058,20,15
timeStep,numberOfRobotsOnBlackSite,numberOfRobotsOnWhiteSite
13059,20,15
timeStep,numberOfRobotsOnBlackSite,numberOfRobotsOnWhiteSite
13060,20,15
timeStep,numberOfRobotsOnBlackSite,numberOfRobotsOnWhiteSite
13061,20,15
timeStep,numberOfRobotsOnBlackSite,numberOfRobotsOnWhiteSite
13062,20,15
timeStep,numberOfRobotsOnBlackSite,numberOfRobotsOnWhiteSite
13063,20,15
timeStep,numberOfRobotsOnBlackSite,numberOfRobotsOnWhiteSite
13064,20,15
timeStep,numberOfRobotsOnBlackSite,numberOfRobotsOnWhiteSite
13065,20,15
timeStep,numberOfRobotsOnBlackSite,numberOfRobotsOnWhiteSite
13066,20,15
timeStep,numberOfRobotsOnBlackSite,numberOfRobotsOnWhiteSite
13067,20,15
timeStep,numberOfRobotsOnBlackSite,numberOfRobotsOnWhiteSite
13068,20,15
timeStep,numberOfRobotsOnBlackSite,numberOfRobotsOnWhiteSite
13069,20,15
timeStep,numberOfRobotsOnBlackSite,numberOfRobotsOnWhiteSite
13070,20,14
timeStep,numberOfRobotsOnBlackSite,numberOfRobotsOnWhiteSite
13071,20,14
timeStep,numberOfRobotsOnBlackSite,numberOfRobotsOnWhiteSite
13072,20,14
timeStep,numberOfRobotsOnBlackSite,numberOfRobotsOnWhiteSite
13073,20,14
timeStep,numberOfRobotsOnBlackSite,numberOfRobotsOnWhiteSite
13074,20,14
timeStep,numberOfRobotsOnBlackSite,numberOfRobotsOnWhiteSite
13075,20,14
timeStep,numberOfRobotsOnBlackSite,numberOfRobotsOnWhiteSite
13076,20,14
timeStep,numberOfRobotsOnBlackSite,numberOfRobotsOnWhiteSite
13077,20,14
timeStep,numberOfRobotsOnBlackSite,numberOfRobotsOnWhiteSite
13078,20,14
timeStep,numberOfRobotsOnBlackSite,numberOfRobotsOnWhiteSite
13079,20,14
timeStep,numberOfRobotsOnBlackSite,numberOfRobotsOnWhiteSite
13080,20,14
timeStep,numberOfRobotsOnBlackSite,numberOfRobotsOnWhiteSite
13081,20,14
timeStep,numberOfRobotsOnBlackSite,numberOfRobotsOnWhiteSite
13082,20,14
timeStep,numberOfRobotsOnBlackSite,numberOfRobotsOnWhiteSite
13083,20,14
timeStep,numberOfRobotsOnBlackSite,numberOfRobotsOnWhiteSite
13084,20,14
timeStep,numberOfRobotsOnBlackSite,numberOfRobotsOnWhiteSite
13085,20,14
timeStep,numberOfRobotsOnBlackSite,numberOfRobotsOnWhiteSite
13086,20,14
timeStep,numberOfRobotsOnBlackSite,numberOfRobotsOnWhiteSite
13087,20,14
timeStep,numberOfRobotsOnBlackSite,numberOfRobotsOnWhiteSite
13088,20,14
timeStep,numberOfRobotsOnBlackSite,numberOfRobotsOnWhiteSite
13089,20,14
timeStep,numberOfRobotsOnBlackSite,numberOfRobotsOnWhiteSite
13090,20,14
timeStep,numberOfRobotsOnBlackSite,numberOfRobotsOnWhiteSite
13091,20,14
timeStep,numberOfRobotsOnBlackSite,numberOfRobotsOnWhiteSite
13092,20,14
timeStep,numberOfRobotsOnBlackSite,numberOfRobotsOnWhiteSite
13093,20,14
timeStep,numberOfRobotsOnBlackSite,numberOfRobotsOnWhiteSite
13094,20,14
timeStep,numberOfRobotsOnBlackSite,numberOfRobotsOnWhiteSite
13095,20,14
timeStep,numberOfRobotsOnBlackSite,numberOfRobotsOnWhiteSite
13096,20,14
timeStep,numberOfRobotsOnBlackSite,numberOfRobotsOnWhiteSite
13097,20,14
timeStep,numberOfRobotsOnBlackSite,numberOfRobotsOnWhiteSite
13098,20,14
timeStep,numberOfRobotsOnBlackSite,numberOfRobotsOnWhiteSite
13099,20,14
timeStep,numberOfRobotsOnBlackSite,numberOfRobotsOnWhiteSite
13100,21,14
timeStep,numberOfRobotsOnBlackSite,numberOfRobotsOnWhiteSite
13101,21,14
timeStep,numberOfRobotsOnBlackSite,numberOfRobotsOnWhiteSite
13102,21,14
timeStep,numberOfRobotsOnBlackSite,numberOfRobotsOnWhiteSite
13103,21,14
timeStep,numberOfRobotsOnBlackSite,numberOfRobotsOnWhiteSite
13104,21,14
timeStep,numberOfRobotsOnBlackSite,numberOfRobotsOnWhiteSite
13105,21,14
timeStep,numberOfRobotsOnBlackSite,numberOfRobotsOnWhiteSite
13106,21,14
timeStep,numberOfRobotsOnBlackSite,numberOfRobotsOnWhiteSite
13107,21,14
timeStep,numberOfRobotsOnBlackSite,numberOfRobotsOnWhiteSite
13108,21,14
timeStep,numberOfRobotsOnBlackSite,numberOfRobotsOnWhiteSite
13109,21,14
timeStep,numberOfRobotsOnBlackSite,numberOfRobotsOnWhiteSite
13110,21,14
timeStep,numberOfRobotsOnBlackSite,numberOfRobotsOnWhiteSite
13111,21,14
timeStep,numberOfRobotsOnBlackSite,numberOfRobotsOnWhiteSite
13112,21,14
timeStep,numberOfRobotsOnBlackSite,numberOfRobotsOnWhiteSite
13113,21,14
timeStep,numberOfRobotsOnBlackSite,numberOfRobotsOnWhiteSite
13114,21,14
timeStep,numberOfRobotsOnBlackSite,numberOfRobotsOnWhiteSite
13115,21,14
timeStep,numberOfRobotsOnBlackSite,numberOfRobotsOnWhiteSite
13116,21,14
timeStep,numberOfRobotsOnBlackSite,numberOfRobotsOnWhiteSite
13117,21,14
timeStep,numberOfRobotsOnBlackSite,numberOfRobotsOnWhiteSite
13118,21,14
timeStep,numberOfRobotsOnBlackSite,numberOfRobotsOnWhiteSite
13119,21,14
timeStep,numberOfRobotsOnBlackSite,numberOfRobotsOnWhiteSite
13120,20,14
timeStep,numberOfRobotsOnBlackSite,numberOfRobotsOnWhiteSite
13121,20,14
timeStep,numberOfRobotsOnBlackSite,numberOfRobotsOnWhiteSite
13122,20,14
timeStep,numberOfRobotsOnBlackSite,numberOfRobotsOnWhiteSite
13123,20,14
timeStep,numberOfRobotsOnBlackSite,numberOfRobotsOnWhiteSite
13124,20,14
timeStep,numberOfRobotsOnBlackSite,numberOfRobotsOnWhiteSite
13125,20,14
timeStep,numberOfRobotsOnBlackSite,numberOfRobotsOnWhiteSite
13126,20,14
timeStep,numberOfRobotsOnBlackSite,numberOfRobotsOnWhiteSite
13127,20,14
timeStep,numberOfRobotsOnBlackSite,numberOfRobotsOnWhiteSite
13128,20,14
timeStep,numberOfRobotsOnBlackSite,numberOfRobotsOnWhiteSite
13129,20,14
timeStep,numberOfRobotsOnBlackSite,numberOfRobotsOnWhiteSite
13130,20,15
timeStep,numberOfRobotsOnBlackSite,numberOfRobotsOnWhiteSite
13131,20,15
timeStep,numberOfRobotsOnBlackSite,numberOfRobotsOnWhiteSite
13132,20,15
timeStep,numberOfRobotsOnBlackSite,numberOfRobotsOnWhiteSite
13133,20,15
timeStep,numberOfRobotsOnBlackSite,numberOfRobotsOnWhiteSite
13134,20,15
timeStep,numberOfRobotsOnBlackSite,numberOfRobotsOnWhiteSite
13135,20,15
timeStep,numberOfRobotsOnBlackSite,numberOfRobotsOnWhiteSite
13136,20,15
timeStep,numberOfRobotsOnBlackSite,numberOfRobotsOnWhiteSite
13137,20,15
timeStep,numberOfRobotsOnBlackSite,numberOfRobotsOnWhiteSite
13138,20,15
timeStep,numberOfRobotsOnBlackSite,numberOfRobotsOnWhiteSite
13139,20,15
timeStep,numberOfRobotsOnBlackSite,numberOfRobotsOnWhiteSite
13140,20,15
timeStep,numberOfRobotsOnBlackSite,numberOfRobotsOnWhiteSite
13141,20,15
timeStep,numberOfRobotsOnBlackSite,numberOfRobotsOnWhiteSite
13142,20,15
timeStep,numberOfRobotsOnBlackSite,numberOfRobotsOnWhiteSite
13143,20,15
timeStep,numberOfRobotsOnBlackSite,numberOfRobotsOnWhiteSite
13144,20,15
timeStep,numberOfRobotsOnBlackSite,numberOfRobotsOnWhiteSite
13145,20,15
timeStep,numberOfRobotsOnBlackSite,numberOfRobotsOnWhiteSite
13146,20,15
timeStep,numberOfRobotsOnBlackSite,numberOfRobotsOnWhiteSite
13147,20,15
timeStep,numberOfRobotsOnBlackSite,numberOfRobotsOnWhiteSite
13148,20,15
timeStep,numberOfRobotsOnBlackSite,numberOfRobotsOnWhiteSite
13149,20,15
timeStep,numberOfRobotsOnBlackSite,numberOfRobotsOnWhiteSite
13150,20,15
timeStep,numberOfRobotsOnBlackSite,numberOfRobotsOnWhiteSite
13151,20,15
timeStep,numberOfRobotsOnBlackSite,numberOfRobotsOnWhiteSite
13152,20,15
timeStep,numberOfRobotsOnBlackSite,numberOfRobotsOnWhiteSite
13153,20,15
timeStep,numberOfRobotsOnBlackSite,numberOfRobotsOnWhiteSite
13154,20,15
timeStep,numberOfRobotsOnBlackSite,numberOfRobotsOnWhiteSite
13155,20,15
timeStep,numberOfRobotsOnBlackSite,numberOfRobotsOnWhiteSite
13156,20,15
timeStep,numberOfRobotsOnBlackSite,numberOfRobotsOnWhiteSite
13157,20,15
timeStep,numberOfRobotsOnBlackSite,numberOfRobotsOnWhiteSite
13158,20,15
timeStep,numberOfRobotsOnBlackSite,numberOfRobotsOnWhiteSite
13159,20,15
timeStep,numberOfRobotsOnBlackSite,numberOfRobotsOnWhiteSite
13160,20,14
timeStep,numberOfRobotsOnBlackSite,numberOfRobotsOnWhiteSite
13161,20,14
timeStep,numberOfRobotsOnBlackSite,numberOfRobotsOnWhiteSite
13162,20,14
timeStep,numberOfRobotsOnBlackSite,numberOfRobotsOnWhiteSite
13163,20,14
timeStep,numberOfRobotsOnBlackSite,numberOfRobotsOnWhiteSite
13164,20,14
timeStep,numberOfRobotsOnBlackSite,numberOfRobotsOnWhiteSite
13165,19,14
timeStep,numberOfRobotsOnBlackSite,numberOfRobotsOnWhiteSite
13166,19,14
timeStep,numberOfRobotsOnBlackSite,numberOfRobotsOnWhiteSite
13167,19,14
timeStep,numberOfRobotsOnBlackSite,numberOfRobotsOnWhiteSite
13168,19,14
timeStep,numberOfRobotsOnBlackSite,numberOfRobotsOnWhiteSite
13169,19,14
timeStep,numberOfRobotsOnBlackSite,numberOfRobotsOnWhiteSite
13170,19,14
timeStep,numberOfRobotsOnBlackSite,numberOfRobotsOnWhiteSite
13171,19,14
timeStep,numberOfRobotsOnBlackSite,numberOfRobotsOnWhiteSite
13172,19,14
timeStep,numberOfRobotsOnBlackSite,numberOfRobotsOnWhiteSite
13173,19,14
timeStep,numberOfRobotsOnBlackSite,numberOfRobotsOnWhiteSite
13174,19,14
timeStep,numberOfRobotsOnBlackSite,numberOfRobotsOnWhiteSite
13175,19,14
timeStep,numberOfRobotsOnBlackSite,numberOfRobotsOnWhiteSite
13176,19,14
timeStep,numberOfRobotsOnBlackSite,numberOfRobotsOnWhiteSite
13177,19,14
timeStep,numberOfRobotsOnBlackSite,numberOfRobotsOnWhiteSite
13178,19,14
timeStep,numberOfRobotsOnBlackSite,numberOfRobotsOnWhiteSite
13179,19,14
timeStep,numberOfRobotsOnBlackSite,numberOfRobotsOnWhiteSite
13180,19,14
timeStep,numberOfRobotsOnBlackSite,numberOfRobotsOnWhiteSite
13181,19,14
timeStep,numberOfRobotsOnBlackSite,numberOfRobotsOnWhiteSite
13182,19,14
timeStep,numberOfRobotsOnBlackSite,numberOfRobotsOnWhiteSite
13183,19,14
timeStep,numberOfRobotsOnBlackSite,numberOfRobotsOnWhiteSite
13184,19,14
timeStep,numberOfRobotsOnBlackSite,numberOfRobotsOnWhiteSite
13185,19,14
timeStep,numberOfRobotsOnBlackSite,numberOfRobotsOnWhiteSite
13186,19,14
timeStep,numberOfRobotsOnBlackSite,numberOfRobotsOnWhiteSite
13187,19,14
timeStep,numberOfRobotsOnBlackSite,numberOfRobotsOnWhiteSite
13188,19,14
timeStep,numberOfRobotsOnBlackSite,numberOfRobotsOnWhiteSite
13189,19,14
timeStep,numberOfRobotsOnBlackSite,numberOfRobotsOnWhiteSite
13190,19,14
timeStep,numberOfRobotsOnBlackSite,numberOfRobotsOnWhiteSite
13191,19,14
timeStep,numberOfRobotsOnBlackSite,numberOfRobotsOnWhiteSite
13192,19,14
timeStep,numberOfRobotsOnBlackSite,numberOfRobotsOnWhiteSite
13193,19,14
timeStep,numberOfRobotsOnBlackSite,numberOfRobotsOnWhiteSite
13194,19,14
timeStep,numberOfRobotsOnBlackSite,numberOfRobotsOnWhiteSite
13195,19,14
timeStep,numberOfRobotsOnBlackSite,numberOfRobotsOnWhiteSite
13196,19,14
timeStep,numberOfRobotsOnBlackSite,numberOfRobotsOnWhiteSite
13197,19,14
timeStep,numberOfRobotsOnBlackSite,numberOfRobotsOnWhiteSite
13198,19,14
timeStep,numberOfRobotsOnBlackSite,numberOfRobotsOnWhiteSite
13199,19,14
timeStep,numberOfRobotsOnBlackSite,numberOfRobotsOnWhiteSite
13200,19,14
timeStep,numberOfRobotsOnBlackSite,numberOfRobotsOnWhiteSite
13201,19,14
timeStep,numberOfRobotsOnBlackSite,numberOfRobotsOnWhiteSite
13202,19,14
timeStep,numberOfRobotsOnBlackSite,numberOfRobotsOnWhiteSite
13203,19,14
timeStep,numberOfRobotsOnBlackSite,numberOfRobotsOnWhiteSite
13204,19,14
timeStep,numberOfRobotsOnBlackSite,numberOfRobotsOnWhiteSite
13205,19,14
timeStep,numberOfRobotsOnBlackSite,numberOfRobotsOnWhiteSite
13206,19,14
timeStep,numberOfRobotsOnBlackSite,numberOfRobotsOnWhiteSite
13207,19,14
timeStep,numberOfRobotsOnBlackSite,numberOfRobotsOnWhiteSite
13208,19,14
timeStep,numberOfRobotsOnBlackSite,numberOfRobotsOnWhiteSite
13209,19,14
timeStep,numberOfRobotsOnBlackSite,numberOfRobotsOnWhiteSite
13210,19,14
timeStep,numberOfRobotsOnBlackSite,numberOfRobotsOnWhiteSite
13211,19,14
timeStep,numberOfRobotsOnBlackSite,numberOfRobotsOnWhiteSite
13212,19,14
timeStep,numberOfRobotsOnBlackSite,numberOfRobotsOnWhiteSite
13213,19,14
timeStep,numberOfRobotsOnBlackSite,numberOfRobotsOnWhiteSite
13214,19,14
timeStep,numberOfRobotsOnBlackSite,numberOfRobotsOnWhiteSite
13215,19,14
timeStep,numberOfRobotsOnBlackSite,numberOfRobotsOnWhiteSite
13216,19,14
timeStep,numberOfRobotsOnBlackSite,numberOfRobotsOnWhiteSite
13217,19,14
timeStep,numberOfRobotsOnBlackSite,numberOfRobotsOnWhiteSite
13218,19,14
timeStep,numberOfRobotsOnBlackSite,numberOfRobotsOnWhiteSite
13219,19,14
timeStep,numberOfRobotsOnBlackSite,numberOfRobotsOnWhiteSite
13220,19,13
timeStep,numberOfRobotsOnBlackSite,numberOfRobotsOnWhiteSite
13221,19,13
timeStep,numberOfRobotsOnBlackSite,numberOfRobotsOnWhiteSite
13222,19,13
timeStep,numberOfRobotsOnBlackSite,numberOfRobotsOnWhiteSite
13223,19,13
timeStep,numberOfRobotsOnBlackSite,numberOfRobotsOnWhiteSite
13224,19,13
timeStep,numberOfRobotsOnBlackSite,numberOfRobotsOnWhiteSite
13225,19,13
timeStep,numberOfRobotsOnBlackSite,numberOfRobotsOnWhiteSite
13226,19,13
timeStep,numberOfRobotsOnBlackSite,numberOfRobotsOnWhiteSite
13227,19,13
timeStep,numberOfRobotsOnBlackSite,numberOfRobotsOnWhiteSite
13228,19,13
timeStep,numberOfRobotsOnBlackSite,numberOfRobotsOnWhiteSite
13229,19,13
timeStep,numberOfRobotsOnBlackSite,numberOfRobotsOnWhiteSite
13230,19,13
timeStep,numberOfRobotsOnBlackSite,numberOfRobotsOnWhiteSite
13231,19,13
timeStep,numberOfRobotsOnBlackSite,numberOfRobotsOnWhiteSite
13232,19,13
timeStep,numberOfRobotsOnBlackSite,numberOfRobotsOnWhiteSite
13233,19,13
timeStep,numberOfRobotsOnBlackSite,numberOfRobotsOnWhiteSite
13234,19,13
timeStep,numberOfRobotsOnBlackSite,numberOfRobotsOnWhiteSite
13235,20,13
timeStep,numberOfRobotsOnBlackSite,numberOfRobotsOnWhiteSite
13236,20,13
timeStep,numberOfRobotsOnBlackSite,numberOfRobotsOnWhiteSite
13237,20,13
timeStep,numberOfRobotsOnBlackSite,numberOfRobotsOnWhiteSite
13238,20,13
timeStep,numberOfRobotsOnBlackSite,numberOfRobotsOnWhiteSite
13239,20,13
timeStep,numberOfRobotsOnBlackSite,numberOfRobotsOnWhiteSite
13240,20,13
timeStep,numberOfRobotsOnBlackSite,numberOfRobotsOnWhiteSite
13241,20,13
timeStep,numberOfRobotsOnBlackSite,numberOfRobotsOnWhiteSite
13242,20,13
timeStep,numberOfRobotsOnBlackSite,numberOfRobotsOnWhiteSite
13243,20,13
timeStep,numberOfRobotsOnBlackSite,numberOfRobotsOnWhiteSite
13244,20,13
timeStep,numberOfRobotsOnBlackSite,numberOfRobotsOnWhiteSite
13245,20,13
timeStep,numberOfRobotsOnBlackSite,numberOfRobotsOnWhiteSite
13246,20,13
timeStep,numberOfRobotsOnBlackSite,numberOfRobotsOnWhiteSite
13247,20,13
timeStep,numberOfRobotsOnBlackSite,numberOfRobotsOnWhiteSite
13248,20,13
timeStep,numberOfRobotsOnBlackSite,numberOfRobotsOnWhiteSite
13249,20,13
timeStep,numberOfRobotsOnBlackSite,numberOfRobotsOnWhiteSite
13250,20,12
timeStep,numberOfRobotsOnBlackSite,numberOfRobotsOnWhiteSite
13251,20,12
timeStep,numberOfRobotsOnBlackSite,numberOfRobotsOnWhiteSite
13252,20,12
timeStep,numberOfRobotsOnBlackSite,numberOfRobotsOnWhiteSite
13253,20,12
timeStep,numberOfRobotsOnBlackSite,numberOfRobotsOnWhiteSite
13254,20,12
timeStep,numberOfRobotsOnBlackSite,numberOfRobotsOnWhiteSite
13255,20,12
timeStep,numberOfRobotsOnBlackSite,numberOfRobotsOnWhiteSite
13256,20,12
timeStep,numberOfRobotsOnBlackSite,numberOfRobotsOnWhiteSite
13257,20,12
timeStep,numberOfRobotsOnBlackSite,numberOfRobotsOnWhiteSite
13258,20,12
timeStep,numberOfRobotsOnBlackSite,numberOfRobotsOnWhiteSite
13259,20,12
timeStep,numberOfRobotsOnBlackSite,numberOfRobotsOnWhiteSite
13260,20,12
timeStep,numberOfRobotsOnBlackSite,numberOfRobotsOnWhiteSite
13261,20,12
timeStep,numberOfRobotsOnBlackSite,numberOfRobotsOnWhiteSite
13262,20,12
timeStep,numberOfRobotsOnBlackSite,numberOfRobotsOnWhiteSite
13263,20,12
timeStep,numberOfRobotsOnBlackSite,numberOfRobotsOnWhiteSite
13264,20,12
timeStep,numberOfRobotsOnBlackSite,numberOfRobotsOnWhiteSite
13265,20,13
timeStep,numberOfRobotsOnBlackSite,numberOfRobotsOnWhiteSite
13266,20,13
timeStep,numberOfRobotsOnBlackSite,numberOfRobotsOnWhiteSite
13267,20,13
timeStep,numberOfRobotsOnBlackSite,numberOfRobotsOnWhiteSite
13268,20,13
timeStep,numberOfRobotsOnBlackSite,numberOfRobotsOnWhiteSite
13269,20,13
timeStep,numberOfRobotsOnBlackSite,numberOfRobotsOnWhiteSite
13270,20,14
timeStep,numberOfRobotsOnBlackSite,numberOfRobotsOnWhiteSite
13271,20,14
timeStep,numberOfRobotsOnBlackSite,numberOfRobotsOnWhiteSite
13272,20,14
timeStep,numberOfRobotsOnBlackSite,numberOfRobotsOnWhiteSite
13273,20,14
timeStep,numberOfRobotsOnBlackSite,numberOfRobotsOnWhiteSite
13274,20,14
timeStep,numberOfRobotsOnBlackSite,numberOfRobotsOnWhiteSite
13275,21,14
timeStep,numberOfRobotsOnBlackSite,numberOfRobotsOnWhiteSite
13276,21,14
timeStep,numberOfRobotsOnBlackSite,numberOfRobotsOnWhiteSite
13277,21,14
timeStep,numberOfRobotsOnBlackSite,numberOfRobotsOnWhiteSite
13278,21,14
timeStep,numberOfRobotsOnBlackSite,numberOfRobotsOnWhiteSite
13279,21,14
timeStep,numberOfRobotsOnBlackSite,numberOfRobotsOnWhiteSite
13280,21,13
timeStep,numberOfRobotsOnBlackSite,numberOfRobotsOnWhiteSite
13281,21,13
timeStep,numberOfRobotsOnBlackSite,numberOfRobotsOnWhiteSite
13282,21,13
timeStep,numberOfRobotsOnBlackSite,numberOfRobotsOnWhiteSite
13283,21,13
timeStep,numberOfRobotsOnBlackSite,numberOfRobotsOnWhiteSite
13284,21,13
timeStep,numberOfRobotsOnBlackSite,numberOfRobotsOnWhiteSite
13285,21,14
timeStep,numberOfRobotsOnBlackSite,numberOfRobotsOnWhiteSite
13286,21,14
timeStep,numberOfRobotsOnBlackSite,numberOfRobotsOnWhiteSite
13287,21,14
timeStep,numberOfRobotsOnBlackSite,numberOfRobotsOnWhiteSite
13288,21,14
timeStep,numberOfRobotsOnBlackSite,numberOfRobotsOnWhiteSite
13289,21,14
timeStep,numberOfRobotsOnBlackSite,numberOfRobotsOnWhiteSite
13290,21,14
timeStep,numberOfRobotsOnBlackSite,numberOfRobotsOnWhiteSite
13291,21,14
timeStep,numberOfRobotsOnBlackSite,numberOfRobotsOnWhiteSite
13292,21,14
timeStep,numberOfRobotsOnBlackSite,numberOfRobotsOnWhiteSite
13293,21,14
timeStep,numberOfRobotsOnBlackSite,numberOfRobotsOnWhiteSite
13294,21,14
timeStep,numberOfRobotsOnBlackSite,numberOfRobotsOnWhiteSite
13295,21,14
timeStep,numberOfRobotsOnBlackSite,numberOfRobotsOnWhiteSite
13296,21,14
timeStep,numberOfRobotsOnBlackSite,numberOfRobotsOnWhiteSite
13297,21,14
timeStep,numberOfRobotsOnBlackSite,numberOfRobotsOnWhiteSite
13298,21,14
timeStep,numberOfRobotsOnBlackSite,numberOfRobotsOnWhiteSite
13299,21,14
timeStep,numberOfRobotsOnBlackSite,numberOfRobotsOnWhiteSite
13300,21,14
timeStep,numberOfRobotsOnBlackSite,numberOfRobotsOnWhiteSite
13301,21,14
timeStep,numberOfRobotsOnBlackSite,numberOfRobotsOnWhiteSite
13302,21,14
timeStep,numberOfRobotsOnBlackSite,numberOfRobotsOnWhiteSite
13303,21,14
timeStep,numberOfRobotsOnBlackSite,numberOfRobotsOnWhiteSite
13304,21,14
timeStep,numberOfRobotsOnBlackSite,numberOfRobotsOnWhiteSite
13305,21,14
timeStep,numberOfRobotsOnBlackSite,numberOfRobotsOnWhiteSite
13306,21,14
timeStep,numberOfRobotsOnBlackSite,numberOfRobotsOnWhiteSite
13307,21,14
timeStep,numberOfRobotsOnBlackSite,numberOfRobotsOnWhiteSite
13308,21,14
timeStep,numberOfRobotsOnBlackSite,numberOfRobotsOnWhiteSite
13309,21,14
timeStep,numberOfRobotsOnBlackSite,numberOfRobotsOnWhiteSite
13310,21,14
timeStep,numberOfRobotsOnBlackSite,numberOfRobotsOnWhiteSite
13311,21,14
timeStep,numberOfRobotsOnBlackSite,numberOfRobotsOnWhiteSite
13312,21,14
timeStep,numberOfRobotsOnBlackSite,numberOfRobotsOnWhiteSite
13313,21,14
timeStep,numberOfRobotsOnBlackSite,numberOfRobotsOnWhiteSite
13314,21,14
timeStep,numberOfRobotsOnBlackSite,numberOfRobotsOnWhiteSite
13315,21,14
timeStep,numberOfRobotsOnBlackSite,numberOfRobotsOnWhiteSite
13316,21,14
timeStep,numberOfRobotsOnBlackSite,numberOfRobotsOnWhiteSite
13317,21,14
timeStep,numberOfRobotsOnBlackSite,numberOfRobotsOnWhiteSite
13318,21,14
timeStep,numberOfRobotsOnBlackSite,numberOfRobotsOnWhiteSite
13319,21,14
timeStep,numberOfRobotsOnBlackSite,numberOfRobotsOnWhiteSite
13320,21,14
timeStep,numberOfRobotsOnBlackSite,numberOfRobotsOnWhiteSite
13321,21,14
timeStep,numberOfRobotsOnBlackSite,numberOfRobotsOnWhiteSite
13322,21,14
timeStep,numberOfRobotsOnBlackSite,numberOfRobotsOnWhiteSite
13323,21,14
timeStep,numberOfRobotsOnBlackSite,numberOfRobotsOnWhiteSite
13324,21,14
timeStep,numberOfRobotsOnBlackSite,numberOfRobotsOnWhiteSite
13325,21,14
timeStep,numberOfRobotsOnBlackSite,numberOfRobotsOnWhiteSite
13326,21,14
timeStep,numberOfRobotsOnBlackSite,numberOfRobotsOnWhiteSite
13327,21,14
timeStep,numberOfRobotsOnBlackSite,numberOfRobotsOnWhiteSite
13328,21,14
timeStep,numberOfRobotsOnBlackSite,numberOfRobotsOnWhiteSite
13329,21,14
timeStep,numberOfRobotsOnBlackSite,numberOfRobotsOnWhiteSite
13330,21,14
timeStep,numberOfRobotsOnBlackSite,numberOfRobotsOnWhiteSite
13331,21,14
timeStep,numberOfRobotsOnBlackSite,numberOfRobotsOnWhiteSite
13332,21,14
timeStep,numberOfRobotsOnBlackSite,numberOfRobotsOnWhiteSite
13333,21,14
timeStep,numberOfRobotsOnBlackSite,numberOfRobotsOnWhiteSite
13334,21,14
timeStep,numberOfRobotsOnBlackSite,numberOfRobotsOnWhiteSite
13335,21,14
timeStep,numberOfRobotsOnBlackSite,numberOfRobotsOnWhiteSite
13336,21,14
timeStep,numberOfRobotsOnBlackSite,numberOfRobotsOnWhiteSite
13337,21,14
timeStep,numberOfRobotsOnBlackSite,numberOfRobotsOnWhiteSite
13338,21,14
timeStep,numberOfRobotsOnBlackSite,numberOfRobotsOnWhiteSite
13339,21,14
timeStep,numberOfRobotsOnBlackSite,numberOfRobotsOnWhiteSite
13340,21,14
timeStep,numberOfRobotsOnBlackSite,numberOfRobotsOnWhiteSite
13341,21,14
timeStep,numberOfRobotsOnBlackSite,numberOfRobotsOnWhiteSite
13342,21,14
timeStep,numberOfRobotsOnBlackSite,numberOfRobotsOnWhiteSite
13343,21,14
timeStep,numberOfRobotsOnBlackSite,numberOfRobotsOnWhiteSite
13344,21,14
timeStep,numberOfRobotsOnBlackSite,numberOfRobotsOnWhiteSite
13345,21,14
timeStep,numberOfRobotsOnBlackSite,numberOfRobotsOnWhiteSite
13346,21,14
timeStep,numberOfRobotsOnBlackSite,numberOfRobotsOnWhiteSite
13347,21,14
timeStep,numberOfRobotsOnBlackSite,numberOfRobotsOnWhiteSite
13348,21,14
timeStep,numberOfRobotsOnBlackSite,numberOfRobotsOnWhiteSite
13349,21,14
timeStep,numberOfRobotsOnBlackSite,numberOfRobotsOnWhiteSite
13350,21,14
timeStep,numberOfRobotsOnBlackSite,numberOfRobotsOnWhiteSite
13351,21,14
timeStep,numberOfRobotsOnBlackSite,numberOfRobotsOnWhiteSite
13352,21,14
timeStep,numberOfRobotsOnBlackSite,numberOfRobotsOnWhiteSite
13353,21,14
timeStep,numberOfRobotsOnBlackSite,numberOfRobotsOnWhiteSite
13354,21,14
timeStep,numberOfRobotsOnBlackSite,numberOfRobotsOnWhiteSite
13355,21,14
timeStep,numberOfRobotsOnBlackSite,numberOfRobotsOnWhiteSite
13356,21,14
timeStep,numberOfRobotsOnBlackSite,numberOfRobotsOnWhiteSite
13357,21,14
timeStep,numberOfRobotsOnBlackSite,numberOfRobotsOnWhiteSite
13358,21,14
timeStep,numberOfRobotsOnBlackSite,numberOfRobotsOnWhiteSite
13359,21,14
timeStep,numberOfRobotsOnBlackSite,numberOfRobotsOnWhiteSite
13360,21,14
timeStep,numberOfRobotsOnBlackSite,numberOfRobotsOnWhiteSite
13361,21,14
timeStep,numberOfRobotsOnBlackSite,numberOfRobotsOnWhiteSite
13362,21,14
timeStep,numberOfRobotsOnBlackSite,numberOfRobotsOnWhiteSite
13363,21,14
timeStep,numberOfRobotsOnBlackSite,numberOfRobotsOnWhiteSite
13364,21,14
timeStep,numberOfRobotsOnBlackSite,numberOfRobotsOnWhiteSite
13365,21,14
timeStep,numberOfRobotsOnBlackSite,numberOfRobotsOnWhiteSite
13366,21,14
timeStep,numberOfRobotsOnBlackSite,numberOfRobotsOnWhiteSite
13367,21,14
timeStep,numberOfRobotsOnBlackSite,numberOfRobotsOnWhiteSite
13368,21,14
timeStep,numberOfRobotsOnBlackSite,numberOfRobotsOnWhiteSite
13369,21,14
timeStep,numberOfRobotsOnBlackSite,numberOfRobotsOnWhiteSite
13370,21,14
timeStep,numberOfRobotsOnBlackSite,numberOfRobotsOnWhiteSite
13371,21,14
timeStep,numberOfRobotsOnBlackSite,numberOfRobotsOnWhiteSite
13372,21,14
timeStep,numberOfRobotsOnBlackSite,numberOfRobotsOnWhiteSite
13373,21,14
timeStep,numberOfRobotsOnBlackSite,numberOfRobotsOnWhiteSite
13374,21,14
timeStep,numberOfRobotsOnBlackSite,numberOfRobotsOnWhiteSite
13375,21,14
timeStep,numberOfRobotsOnBlackSite,numberOfRobotsOnWhiteSite
13376,21,14
timeStep,numberOfRobotsOnBlackSite,numberOfRobotsOnWhiteSite
13377,21,14
timeStep,numberOfRobotsOnBlackSite,numberOfRobotsOnWhiteSite
13378,21,14
timeStep,numberOfRobotsOnBlackSite,numberOfRobotsOnWhiteSite
13379,21,14
timeStep,numberOfRobotsOnBlackSite,numberOfRobotsOnWhiteSite
13380,21,14
timeStep,numberOfRobotsOnBlackSite,numberOfRobotsOnWhiteSite
13381,21,14
timeStep,numberOfRobotsOnBlackSite,numberOfRobotsOnWhiteSite
13382,21,14
timeStep,numberOfRobotsOnBlackSite,numberOfRobotsOnWhiteSite
13383,21,14
timeStep,numberOfRobotsOnBlackSite,numberOfRobotsOnWhiteSite
13384,21,14
timeStep,numberOfRobotsOnBlackSite,numberOfRobotsOnWhiteSite
13385,21,14
timeStep,numberOfRobotsOnBlackSite,numberOfRobotsOnWhiteSite
13386,21,14
timeStep,numberOfRobotsOnBlackSite,numberOfRobotsOnWhiteSite
13387,21,14
timeStep,numberOfRobotsOnBlackSite,numberOfRobotsOnWhiteSite
13388,21,14
timeStep,numberOfRobotsOnBlackSite,numberOfRobotsOnWhiteSite
13389,21,14
timeStep,numberOfRobotsOnBlackSite,numberOfRobotsOnWhiteSite
13390,21,14
timeStep,numberOfRobotsOnBlackSite,numberOfRobotsOnWhiteSite
13391,21,14
timeStep,numberOfRobotsOnBlackSite,numberOfRobotsOnWhiteSite
13392,21,14
timeStep,numberOfRobotsOnBlackSite,numberOfRobotsOnWhiteSite
13393,21,14
timeStep,numberOfRobotsOnBlackSite,numberOfRobotsOnWhiteSite
13394,21,14
timeStep,numberOfRobotsOnBlackSite,numberOfRobotsOnWhiteSite
13395,21,14
timeStep,numberOfRobotsOnBlackSite,numberOfRobotsOnWhiteSite
13396,21,14
timeStep,numberOfRobotsOnBlackSite,numberOfRobotsOnWhiteSite
13397,21,14
timeStep,numberOfRobotsOnBlackSite,numberOfRobotsOnWhiteSite
13398,21,14
timeStep,numberOfRobotsOnBlackSite,numberOfRobotsOnWhiteSite
13399,21,14
timeStep,numberOfRobotsOnBlackSite,numberOfRobotsOnWhiteSite
13400,21,14
timeStep,numberOfRobotsOnBlackSite,numberOfRobotsOnWhiteSite
13401,21,14
timeStep,numberOfRobotsOnBlackSite,numberOfRobotsOnWhiteSite
13402,21,14
timeStep,numberOfRobotsOnBlackSite,numberOfRobotsOnWhiteSite
13403,21,14
timeStep,numberOfRobotsOnBlackSite,numberOfRobotsOnWhiteSite
13404,21,14
timeStep,numberOfRobotsOnBlackSite,numberOfRobotsOnWhiteSite
13405,22,14
timeStep,numberOfRobotsOnBlackSite,numberOfRobotsOnWhiteSite
13406,22,14
timeStep,numberOfRobotsOnBlackSite,numberOfRobotsOnWhiteSite
13407,22,14
timeStep,numberOfRobotsOnBlackSite,numberOfRobotsOnWhiteSite
13408,22,14
timeStep,numberOfRobotsOnBlackSite,numberOfRobotsOnWhiteSite
13409,22,14
timeStep,numberOfRobotsOnBlackSite,numberOfRobotsOnWhiteSite
13410,22,14
timeStep,numberOfRobotsOnBlackSite,numberOfRobotsOnWhiteSite
13411,22,14
timeStep,numberOfRobotsOnBlackSite,numberOfRobotsOnWhiteSite
13412,22,14
timeStep,numberOfRobotsOnBlackSite,numberOfRobotsOnWhiteSite
13413,22,14
timeStep,numberOfRobotsOnBlackSite,numberOfRobotsOnWhiteSite
13414,22,14
timeStep,numberOfRobotsOnBlackSite,numberOfRobotsOnWhiteSite
13415,22,14
timeStep,numberOfRobotsOnBlackSite,numberOfRobotsOnWhiteSite
13416,22,14
timeStep,numberOfRobotsOnBlackSite,numberOfRobotsOnWhiteSite
13417,22,14
timeStep,numberOfRobotsOnBlackSite,numberOfRobotsOnWhiteSite
13418,22,14
timeStep,numberOfRobotsOnBlackSite,numberOfRobotsOnWhiteSite
13419,22,14
timeStep,numberOfRobotsOnBlackSite,numberOfRobotsOnWhiteSite
13420,22,14
timeStep,numberOfRobotsOnBlackSite,numberOfRobotsOnWhiteSite
13421,22,14
timeStep,numberOfRobotsOnBlackSite,numberOfRobotsOnWhiteSite
13422,22,14
timeStep,numberOfRobotsOnBlackSite,numberOfRobotsOnWhiteSite
13423,22,14
timeStep,numberOfRobotsOnBlackSite,numberOfRobotsOnWhiteSite
13424,22,14
timeStep,numberOfRobotsOnBlackSite,numberOfRobotsOnWhiteSite
13425,22,14
timeStep,numberOfRobotsOnBlackSite,numberOfRobotsOnWhiteSite
13426,22,14
timeStep,numberOfRobotsOnBlackSite,numberOfRobotsOnWhiteSite
13427,22,14
timeStep,numberOfRobotsOnBlackSite,numberOfRobotsOnWhiteSite
13428,22,14
timeStep,numberOfRobotsOnBlackSite,numberOfRobotsOnWhiteSite
13429,22,14
timeStep,numberOfRobotsOnBlackSite,numberOfRobotsOnWhiteSite
13430,22,14
timeStep,numberOfRobotsOnBlackSite,numberOfRobotsOnWhiteSite
13431,22,14
timeStep,numberOfRobotsOnBlackSite,numberOfRobotsOnWhiteSite
13432,22,14
timeStep,numberOfRobotsOnBlackSite,numberOfRobotsOnWhiteSite
13433,22,14
timeStep,numberOfRobotsOnBlackSite,numberOfRobotsOnWhiteSite
13434,22,14
timeStep,numberOfRobotsOnBlackSite,numberOfRobotsOnWhiteSite
13435,22,14
timeStep,numberOfRobotsOnBlackSite,numberOfRobotsOnWhiteSite
13436,22,14
timeStep,numberOfRobotsOnBlackSite,numberOfRobotsOnWhiteSite
13437,22,14
timeStep,numberOfRobotsOnBlackSite,numberOfRobotsOnWhiteSite
13438,22,14
timeStep,numberOfRobotsOnBlackSite,numberOfRobotsOnWhiteSite
13439,22,14
timeStep,numberOfRobotsOnBlackSite,numberOfRobotsOnWhiteSite
13440,22,14
timeStep,numberOfRobotsOnBlackSite,numberOfRobotsOnWhiteSite
13441,22,14
timeStep,numberOfRobotsOnBlackSite,numberOfRobotsOnWhiteSite
13442,22,14
timeStep,numberOfRobotsOnBlackSite,numberOfRobotsOnWhiteSite
13443,22,14
timeStep,numberOfRobotsOnBlackSite,numberOfRobotsOnWhiteSite
13444,22,14
timeStep,numberOfRobotsOnBlackSite,numberOfRobotsOnWhiteSite
13445,22,14
timeStep,numberOfRobotsOnBlackSite,numberOfRobotsOnWhiteSite
13446,22,14
timeStep,numberOfRobotsOnBlackSite,numberOfRobotsOnWhiteSite
13447,22,14
timeStep,numberOfRobotsOnBlackSite,numberOfRobotsOnWhiteSite
13448,22,14
timeStep,numberOfRobotsOnBlackSite,numberOfRobotsOnWhiteSite
13449,22,14
timeStep,numberOfRobotsOnBlackSite,numberOfRobotsOnWhiteSite
13450,22,14
timeStep,numberOfRobotsOnBlackSite,numberOfRobotsOnWhiteSite
13451,22,14
timeStep,numberOfRobotsOnBlackSite,numberOfRobotsOnWhiteSite
13452,22,14
timeStep,numberOfRobotsOnBlackSite,numberOfRobotsOnWhiteSite
13453,22,14
timeStep,numberOfRobotsOnBlackSite,numberOfRobotsOnWhiteSite
13454,22,14
timeStep,numberOfRobotsOnBlackSite,numberOfRobotsOnWhiteSite
13455,22,14
timeStep,numberOfRobotsOnBlackSite,numberOfRobotsOnWhiteSite
13456,22,14
timeStep,numberOfRobotsOnBlackSite,numberOfRobotsOnWhiteSite
13457,22,14
timeStep,numberOfRobotsOnBlackSite,numberOfRobotsOnWhiteSite
13458,22,14
timeStep,numberOfRobotsOnBlackSite,numberOfRobotsOnWhiteSite
13459,22,14
timeStep,numberOfRobotsOnBlackSite,numberOfRobotsOnWhiteSite
13460,22,14
timeStep,numberOfRobotsOnBlackSite,numberOfRobotsOnWhiteSite
13461,22,14
timeStep,numberOfRobotsOnBlackSite,numberOfRobotsOnWhiteSite
13462,22,14
timeStep,numberOfRobotsOnBlackSite,numberOfRobotsOnWhiteSite
13463,22,14
timeStep,numberOfRobotsOnBlackSite,numberOfRobotsOnWhiteSite
13464,22,14
timeStep,numberOfRobotsOnBlackSite,numberOfRobotsOnWhiteSite
13465,22,14
timeStep,numberOfRobotsOnBlackSite,numberOfRobotsOnWhiteSite
13466,22,14
timeStep,numberOfRobotsOnBlackSite,numberOfRobotsOnWhiteSite
13467,22,14
timeStep,numberOfRobotsOnBlackSite,numberOfRobotsOnWhiteSite
13468,22,14
timeStep,numberOfRobotsOnBlackSite,numberOfRobotsOnWhiteSite
13469,22,14
timeStep,numberOfRobotsOnBlackSite,numberOfRobotsOnWhiteSite
13470,22,14
timeStep,numberOfRobotsOnBlackSite,numberOfRobotsOnWhiteSite
13471,22,14
timeStep,numberOfRobotsOnBlackSite,numberOfRobotsOnWhiteSite
13472,22,14
timeStep,numberOfRobotsOnBlackSite,numberOfRobotsOnWhiteSite
13473,22,14
timeStep,numberOfRobotsOnBlackSite,numberOfRobotsOnWhiteSite
13474,22,14
timeStep,numberOfRobotsOnBlackSite,numberOfRobotsOnWhiteSite
13475,22,14
timeStep,numberOfRobotsOnBlackSite,numberOfRobotsOnWhiteSite
13476,22,14
timeStep,numberOfRobotsOnBlackSite,numberOfRobotsOnWhiteSite
13477,22,14
timeStep,numberOfRobotsOnBlackSite,numberOfRobotsOnWhiteSite
13478,22,14
timeStep,numberOfRobotsOnBlackSite,numberOfRobotsOnWhiteSite
13479,22,14
timeStep,numberOfRobotsOnBlackSite,numberOfRobotsOnWhiteSite
13480,22,14
timeStep,numberOfRobotsOnBlackSite,numberOfRobotsOnWhiteSite
13481,22,14
timeStep,numberOfRobotsOnBlackSite,numberOfRobotsOnWhiteSite
13482,22,14
timeStep,numberOfRobotsOnBlackSite,numberOfRobotsOnWhiteSite
13483,22,14
timeStep,numberOfRobotsOnBlackSite,numberOfRobotsOnWhiteSite
13484,22,14
timeStep,numberOfRobotsOnBlackSite,numberOfRobotsOnWhiteSite
13485,22,14
timeStep,numberOfRobotsOnBlackSite,numberOfRobotsOnWhiteSite
13486,22,14
timeStep,numberOfRobotsOnBlackSite,numberOfRobotsOnWhiteSite
13487,22,14
timeStep,numberOfRobotsOnBlackSite,numberOfRobotsOnWhiteSite
13488,22,14
timeStep,numberOfRobotsOnBlackSite,numberOfRobotsOnWhiteSite
13489,22,14
timeStep,numberOfRobotsOnBlackSite,numberOfRobotsOnWhiteSite
13490,22,14
timeStep,numberOfRobotsOnBlackSite,numberOfRobotsOnWhiteSite
13491,22,14
timeStep,numberOfRobotsOnBlackSite,numberOfRobotsOnWhiteSite
13492,22,14
timeStep,numberOfRobotsOnBlackSite,numberOfRobotsOnWhiteSite
13493,22,14
timeStep,numberOfRobotsOnBlackSite,numberOfRobotsOnWhiteSite
13494,22,14
timeStep,numberOfRobotsOnBlackSite,numberOfRobotsOnWhiteSite
13495,22,14
timeStep,numberOfRobotsOnBlackSite,numberOfRobotsOnWhiteSite
13496,22,14
timeStep,numberOfRobotsOnBlackSite,numberOfRobotsOnWhiteSite
13497,22,14
timeStep,numberOfRobotsOnBlackSite,numberOfRobotsOnWhiteSite
13498,22,14
timeStep,numberOfRobotsOnBlackSite,numberOfRobotsOnWhiteSite
13499,22,14
timeStep,numberOfRobotsOnBlackSite,numberOfRobotsOnWhiteSite
13500,22,14
timeStep,numberOfRobotsOnBlackSite,numberOfRobotsOnWhiteSite
13501,22,14
timeStep,numberOfRobotsOnBlackSite,numberOfRobotsOnWhiteSite
13502,22,14
timeStep,numberOfRobotsOnBlackSite,numberOfRobotsOnWhiteSite
13503,22,14
timeStep,numberOfRobotsOnBlackSite,numberOfRobotsOnWhiteSite
13504,22,14
timeStep,numberOfRobotsOnBlackSite,numberOfRobotsOnWhiteSite
13505,22,14
timeStep,numberOfRobotsOnBlackSite,numberOfRobotsOnWhiteSite
13506,22,14
timeStep,numberOfRobotsOnBlackSite,numberOfRobotsOnWhiteSite
13507,22,14
timeStep,numberOfRobotsOnBlackSite,numberOfRobotsOnWhiteSite
13508,22,14
timeStep,numberOfRobotsOnBlackSite,numberOfRobotsOnWhiteSite
13509,22,14
timeStep,numberOfRobotsOnBlackSite,numberOfRobotsOnWhiteSite
13510,22,14
timeStep,numberOfRobotsOnBlackSite,numberOfRobotsOnWhiteSite
13511,22,14
timeStep,numberOfRobotsOnBlackSite,numberOfRobotsOnWhiteSite
13512,22,14
timeStep,numberOfRobotsOnBlackSite,numberOfRobotsOnWhiteSite
13513,22,14
timeStep,numberOfRobotsOnBlackSite,numberOfRobotsOnWhiteSite
13514,22,14
timeStep,numberOfRobotsOnBlackSite,numberOfRobotsOnWhiteSite
13515,22,14
timeStep,numberOfRobotsOnBlackSite,numberOfRobotsOnWhiteSite
13516,22,14
timeStep,numberOfRobotsOnBlackSite,numberOfRobotsOnWhiteSite
13517,22,14
timeStep,numberOfRobotsOnBlackSite,numberOfRobotsOnWhiteSite
13518,22,14
timeStep,numberOfRobotsOnBlackSite,numberOfRobotsOnWhiteSite
13519,22,14
timeStep,numberOfRobotsOnBlackSite,numberOfRobotsOnWhiteSite
13520,22,14
timeStep,numberOfRobotsOnBlackSite,numberOfRobotsOnWhiteSite
13521,22,14
timeStep,numberOfRobotsOnBlackSite,numberOfRobotsOnWhiteSite
13522,22,14
timeStep,numberOfRobotsOnBlackSite,numberOfRobotsOnWhiteSite
13523,22,14
timeStep,numberOfRobotsOnBlackSite,numberOfRobotsOnWhiteSite
13524,22,14
timeStep,numberOfRobotsOnBlackSite,numberOfRobotsOnWhiteSite
13525,22,14
timeStep,numberOfRobotsOnBlackSite,numberOfRobotsOnWhiteSite
13526,22,14
timeStep,numberOfRobotsOnBlackSite,numberOfRobotsOnWhiteSite
13527,22,14
timeStep,numberOfRobotsOnBlackSite,numberOfRobotsOnWhiteSite
13528,22,14
timeStep,numberOfRobotsOnBlackSite,numberOfRobotsOnWhiteSite
13529,22,14
timeStep,numberOfRobotsOnBlackSite,numberOfRobotsOnWhiteSite
13530,22,14
timeStep,numberOfRobotsOnBlackSite,numberOfRobotsOnWhiteSite
13531,22,14
timeStep,numberOfRobotsOnBlackSite,numberOfRobotsOnWhiteSite
13532,22,14
timeStep,numberOfRobotsOnBlackSite,numberOfRobotsOnWhiteSite
13533,22,14
timeStep,numberOfRobotsOnBlackSite,numberOfRobotsOnWhiteSite
13534,22,14
timeStep,numberOfRobotsOnBlackSite,numberOfRobotsOnWhiteSite
13535,22,14
timeStep,numberOfRobotsOnBlackSite,numberOfRobotsOnWhiteSite
13536,22,14
timeStep,numberOfRobotsOnBlackSite,numberOfRobotsOnWhiteSite
13537,22,14
timeStep,numberOfRobotsOnBlackSite,numberOfRobotsOnWhiteSite
13538,22,14
timeStep,numberOfRobotsOnBlackSite,numberOfRobotsOnWhiteSite
13539,22,14
timeStep,numberOfRobotsOnBlackSite,numberOfRobotsOnWhiteSite
13540,22,14
timeStep,numberOfRobotsOnBlackSite,numberOfRobotsOnWhiteSite
13541,22,14
timeStep,numberOfRobotsOnBlackSite,numberOfRobotsOnWhiteSite
13542,22,14
timeStep,numberOfRobotsOnBlackSite,numberOfRobotsOnWhiteSite
13543,22,14
timeStep,numberOfRobotsOnBlackSite,numberOfRobotsOnWhiteSite
13544,22,14
timeStep,numberOfRobotsOnBlackSite,numberOfRobotsOnWhiteSite
13545,22,14
timeStep,numberOfRobotsOnBlackSite,numberOfRobotsOnWhiteSite
13546,22,14
timeStep,numberOfRobotsOnBlackSite,numberOfRobotsOnWhiteSite
13547,22,14
timeStep,numberOfRobotsOnBlackSite,numberOfRobotsOnWhiteSite
13548,22,14
timeStep,numberOfRobotsOnBlackSite,numberOfRobotsOnWhiteSite
13549,22,14
timeStep,numberOfRobotsOnBlackSite,numberOfRobotsOnWhiteSite
13550,22,14
timeStep,numberOfRobotsOnBlackSite,numberOfRobotsOnWhiteSite
13551,22,14
timeStep,numberOfRobotsOnBlackSite,numberOfRobotsOnWhiteSite
13552,22,14
timeStep,numberOfRobotsOnBlackSite,numberOfRobotsOnWhiteSite
13553,22,14
timeStep,numberOfRobotsOnBlackSite,numberOfRobotsOnWhiteSite
13554,22,14
timeStep,numberOfRobotsOnBlackSite,numberOfRobotsOnWhiteSite
13555,22,14
timeStep,numberOfRobotsOnBlackSite,numberOfRobotsOnWhiteSite
13556,22,14
timeStep,numberOfRobotsOnBlackSite,numberOfRobotsOnWhiteSite
13557,22,14
timeStep,numberOfRobotsOnBlackSite,numberOfRobotsOnWhiteSite
13558,22,14
timeStep,numberOfRobotsOnBlackSite,numberOfRobotsOnWhiteSite
13559,22,14
timeStep,numberOfRobotsOnBlackSite,numberOfRobotsOnWhiteSite
13560,22,14
timeStep,numberOfRobotsOnBlackSite,numberOfRobotsOnWhiteSite
13561,22,14
timeStep,numberOfRobotsOnBlackSite,numberOfRobotsOnWhiteSite
13562,22,14
timeStep,numberOfRobotsOnBlackSite,numberOfRobotsOnWhiteSite
13563,22,14
timeStep,numberOfRobotsOnBlackSite,numberOfRobotsOnWhiteSite
13564,22,14
timeStep,numberOfRobotsOnBlackSite,numberOfRobotsOnWhiteSite
13565,22,14
timeStep,numberOfRobotsOnBlackSite,numberOfRobotsOnWhiteSite
13566,22,14
timeStep,numberOfRobotsOnBlackSite,numberOfRobotsOnWhiteSite
13567,22,14
timeStep,numberOfRobotsOnBlackSite,numberOfRobotsOnWhiteSite
13568,22,14
timeStep,numberOfRobotsOnBlackSite,numberOfRobotsOnWhiteSite
13569,22,14
timeStep,numberOfRobotsOnBlackSite,numberOfRobotsOnWhiteSite
13570,22,14
timeStep,numberOfRobotsOnBlackSite,numberOfRobotsOnWhiteSite
13571,22,14
timeStep,numberOfRobotsOnBlackSite,numberOfRobotsOnWhiteSite
13572,22,14
timeStep,numberOfRobotsOnBlackSite,numberOfRobotsOnWhiteSite
13573,22,14
timeStep,numberOfRobotsOnBlackSite,numberOfRobotsOnWhiteSite
13574,22,14
timeStep,numberOfRobotsOnBlackSite,numberOfRobotsOnWhiteSite
13575,22,14
timeStep,numberOfRobotsOnBlackSite,numberOfRobotsOnWhiteSite
13576,22,14
timeStep,numberOfRobotsOnBlackSite,numberOfRobotsOnWhiteSite
13577,22,14
timeStep,numberOfRobotsOnBlackSite,numberOfRobotsOnWhiteSite
13578,22,14
timeStep,numberOfRobotsOnBlackSite,numberOfRobotsOnWhiteSite
13579,22,14
timeStep,numberOfRobotsOnBlackSite,numberOfRobotsOnWhiteSite
13580,22,14
timeStep,numberOfRobotsOnBlackSite,numberOfRobotsOnWhiteSite
13581,22,14
timeStep,numberOfRobotsOnBlackSite,numberOfRobotsOnWhiteSite
13582,22,14
timeStep,numberOfRobotsOnBlackSite,numberOfRobotsOnWhiteSite
13583,22,14
timeStep,numberOfRobotsOnBlackSite,numberOfRobotsOnWhiteSite
13584,22,14
timeStep,numberOfRobotsOnBlackSite,numberOfRobotsOnWhiteSite
13585,22,14
timeStep,numberOfRobotsOnBlackSite,numberOfRobotsOnWhiteSite
13586,22,14
timeStep,numberOfRobotsOnBlackSite,numberOfRobotsOnWhiteSite
13587,22,14
timeStep,numberOfRobotsOnBlackSite,numberOfRobotsOnWhiteSite
13588,22,14
timeStep,numberOfRobotsOnBlackSite,numberOfRobotsOnWhiteSite
13589,22,14
timeStep,numberOfRobotsOnBlackSite,numberOfRobotsOnWhiteSite
13590,22,14
timeStep,numberOfRobotsOnBlackSite,numberOfRobotsOnWhiteSite
13591,22,14
timeStep,numberOfRobotsOnBlackSite,numberOfRobotsOnWhiteSite
13592,22,14
timeStep,numberOfRobotsOnBlackSite,numberOfRobotsOnWhiteSite
13593,22,14
timeStep,numberOfRobotsOnBlackSite,numberOfRobotsOnWhiteSite
13594,22,14
timeStep,numberOfRobotsOnBlackSite,numberOfRobotsOnWhiteSite
13595,22,14
timeStep,numberOfRobotsOnBlackSite,numberOfRobotsOnWhiteSite
13596,22,14
timeStep,numberOfRobotsOnBlackSite,numberOfRobotsOnWhiteSite
13597,22,14
timeStep,numberOfRobotsOnBlackSite,numberOfRobotsOnWhiteSite
13598,22,14
timeStep,numberOfRobotsOnBlackSite,numberOfRobotsOnWhiteSite
13599,22,14
timeStep,numberOfRobotsOnBlackSite,numberOfRobotsOnWhiteSite
13600,22,14
timeStep,numberOfRobotsOnBlackSite,numberOfRobotsOnWhiteSite
13601,22,14
timeStep,numberOfRobotsOnBlackSite,numberOfRobotsOnWhiteSite
13602,22,14
timeStep,numberOfRobotsOnBlackSite,numberOfRobotsOnWhiteSite
13603,22,14
timeStep,numberOfRobotsOnBlackSite,numberOfRobotsOnWhiteSite
13604,22,14
timeStep,numberOfRobotsOnBlackSite,numberOfRobotsOnWhiteSite
13605,22,14
timeStep,numberOfRobotsOnBlackSite,numberOfRobotsOnWhiteSite
13606,22,14
timeStep,numberOfRobotsOnBlackSite,numberOfRobotsOnWhiteSite
13607,22,14
timeStep,numberOfRobotsOnBlackSite,numberOfRobotsOnWhiteSite
13608,22,14
timeStep,numberOfRobotsOnBlackSite,numberOfRobotsOnWhiteSite
13609,22,14
timeStep,numberOfRobotsOnBlackSite,numberOfRobotsOnWhiteSite
13610,22,14
timeStep,numberOfRobotsOnBlackSite,numberOfRobotsOnWhiteSite
13611,22,14
timeStep,numberOfRobotsOnBlackSite,numberOfRobotsOnWhiteSite
13612,22,14
timeStep,numberOfRobotsOnBlackSite,numberOfRobotsOnWhiteSite
13613,22,14
timeStep,numberOfRobotsOnBlackSite,numberOfRobotsOnWhiteSite
13614,22,14
timeStep,numberOfRobotsOnBlackSite,numberOfRobotsOnWhiteSite
13615,22,14
timeStep,numberOfRobotsOnBlackSite,numberOfRobotsOnWhiteSite
13616,22,14
timeStep,numberOfRobotsOnBlackSite,numberOfRobotsOnWhiteSite
13617,22,14
timeStep,numberOfRobotsOnBlackSite,numberOfRobotsOnWhiteSite
13618,22,14
timeStep,numberOfRobotsOnBlackSite,numberOfRobotsOnWhiteSite
13619,22,14
timeStep,numberOfRobotsOnBlackSite,numberOfRobotsOnWhiteSite
13620,22,14
timeStep,numberOfRobotsOnBlackSite,numberOfRobotsOnWhiteSite
13621,22,14
timeStep,numberOfRobotsOnBlackSite,numberOfRobotsOnWhiteSite
13622,22,14
timeStep,numberOfRobotsOnBlackSite,numberOfRobotsOnWhiteSite
13623,22,14
timeStep,numberOfRobotsOnBlackSite,numberOfRobotsOnWhiteSite
13624,22,14
timeStep,numberOfRobotsOnBlackSite,numberOfRobotsOnWhiteSite
13625,22,14
timeStep,numberOfRobotsOnBlackSite,numberOfRobotsOnWhiteSite
13626,22,14
timeStep,numberOfRobotsOnBlackSite,numberOfRobotsOnWhiteSite
13627,22,14
timeStep,numberOfRobotsOnBlackSite,numberOfRobotsOnWhiteSite
13628,22,14
timeStep,numberOfRobotsOnBlackSite,numberOfRobotsOnWhiteSite
13629,22,14
timeStep,numberOfRobotsOnBlackSite,numberOfRobotsOnWhiteSite
13630,22,15
timeStep,numberOfRobotsOnBlackSite,numberOfRobotsOnWhiteSite
13631,22,15
timeStep,numberOfRobotsOnBlackSite,numberOfRobotsOnWhiteSite
13632,22,15
timeStep,numberOfRobotsOnBlackSite,numberOfRobotsOnWhiteSite
13633,22,15
timeStep,numberOfRobotsOnBlackSite,numberOfRobotsOnWhiteSite
13634,22,15
timeStep,numberOfRobotsOnBlackSite,numberOfRobotsOnWhiteSite
13635,22,15
timeStep,numberOfRobotsOnBlackSite,numberOfRobotsOnWhiteSite
13636,22,15
timeStep,numberOfRobotsOnBlackSite,numberOfRobotsOnWhiteSite
13637,22,15
timeStep,numberOfRobotsOnBlackSite,numberOfRobotsOnWhiteSite
13638,22,15
timeStep,numberOfRobotsOnBlackSite,numberOfRobotsOnWhiteSite
13639,22,15
timeStep,numberOfRobotsOnBlackSite,numberOfRobotsOnWhiteSite
13640,22,15
timeStep,numberOfRobotsOnBlackSite,numberOfRobotsOnWhiteSite
13641,22,15
timeStep,numberOfRobotsOnBlackSite,numberOfRobotsOnWhiteSite
13642,22,15
timeStep,numberOfRobotsOnBlackSite,numberOfRobotsOnWhiteSite
13643,22,15
timeStep,numberOfRobotsOnBlackSite,numberOfRobotsOnWhiteSite
13644,22,15
timeStep,numberOfRobotsOnBlackSite,numberOfRobotsOnWhiteSite
13645,22,15
timeStep,numberOfRobotsOnBlackSite,numberOfRobotsOnWhiteSite
13646,22,15
timeStep,numberOfRobotsOnBlackSite,numberOfRobotsOnWhiteSite
13647,22,15
timeStep,numberOfRobotsOnBlackSite,numberOfRobotsOnWhiteSite
13648,22,15
timeStep,numberOfRobotsOnBlackSite,numberOfRobotsOnWhiteSite
13649,22,15
timeStep,numberOfRobotsOnBlackSite,numberOfRobotsOnWhiteSite
13650,22,15
timeStep,numberOfRobotsOnBlackSite,numberOfRobotsOnWhiteSite
13651,22,15
timeStep,numberOfRobotsOnBlackSite,numberOfRobotsOnWhiteSite
13652,22,15
timeStep,numberOfRobotsOnBlackSite,numberOfRobotsOnWhiteSite
13653,22,15
timeStep,numberOfRobotsOnBlackSite,numberOfRobotsOnWhiteSite
13654,22,15
timeStep,numberOfRobotsOnBlackSite,numberOfRobotsOnWhiteSite
13655,22,15
timeStep,numberOfRobotsOnBlackSite,numberOfRobotsOnWhiteSite
13656,22,15
timeStep,numberOfRobotsOnBlackSite,numberOfRobotsOnWhiteSite
13657,22,15
timeStep,numberOfRobotsOnBlackSite,numberOfRobotsOnWhiteSite
13658,22,15
timeStep,numberOfRobotsOnBlackSite,numberOfRobotsOnWhiteSite
13659,22,15
timeStep,numberOfRobotsOnBlackSite,numberOfRobotsOnWhiteSite
13660,22,15
timeStep,numberOfRobotsOnBlackSite,numberOfRobotsOnWhiteSite
13661,22,15
timeStep,numberOfRobotsOnBlackSite,numberOfRobotsOnWhiteSite
13662,22,15
timeStep,numberOfRobotsOnBlackSite,numberOfRobotsOnWhiteSite
13663,22,15
timeStep,numberOfRobotsOnBlackSite,numberOfRobotsOnWhiteSite
13664,22,15
timeStep,numberOfRobotsOnBlackSite,numberOfRobotsOnWhiteSite
13665,22,15
timeStep,numberOfRobotsOnBlackSite,numberOfRobotsOnWhiteSite
13666,22,15
timeStep,numberOfRobotsOnBlackSite,numberOfRobotsOnWhiteSite
13667,22,15
timeStep,numberOfRobotsOnBlackSite,numberOfRobotsOnWhiteSite
13668,22,15
timeStep,numberOfRobotsOnBlackSite,numberOfRobotsOnWhiteSite
13669,22,15
timeStep,numberOfRobotsOnBlackSite,numberOfRobotsOnWhiteSite
13670,22,14
timeStep,numberOfRobotsOnBlackSite,numberOfRobotsOnWhiteSite
13671,22,14
timeStep,numberOfRobotsOnBlackSite,numberOfRobotsOnWhiteSite
13672,22,14
timeStep,numberOfRobotsOnBlackSite,numberOfRobotsOnWhiteSite
13673,22,14
timeStep,numberOfRobotsOnBlackSite,numberOfRobotsOnWhiteSite
13674,22,14
timeStep,numberOfRobotsOnBlackSite,numberOfRobotsOnWhiteSite
13675,22,14
timeStep,numberOfRobotsOnBlackSite,numberOfRobotsOnWhiteSite
13676,22,14
timeStep,numberOfRobotsOnBlackSite,numberOfRobotsOnWhiteSite
13677,22,14
timeStep,numberOfRobotsOnBlackSite,numberOfRobotsOnWhiteSite
13678,22,14
timeStep,numberOfRobotsOnBlackSite,numberOfRobotsOnWhiteSite
13679,22,14
timeStep,numberOfRobotsOnBlackSite,numberOfRobotsOnWhiteSite
13680,22,14
timeStep,numberOfRobotsOnBlackSite,numberOfRobotsOnWhiteSite
13681,22,14
timeStep,numberOfRobotsOnBlackSite,numberOfRobotsOnWhiteSite
13682,22,14
timeStep,numberOfRobotsOnBlackSite,numberOfRobotsOnWhiteSite
13683,22,14
timeStep,numberOfRobotsOnBlackSite,numberOfRobotsOnWhiteSite
13684,22,14
timeStep,numberOfRobotsOnBlackSite,numberOfRobotsOnWhiteSite
13685,22,14
timeStep,numberOfRobotsOnBlackSite,numberOfRobotsOnWhiteSite
13686,22,14
timeStep,numberOfRobotsOnBlackSite,numberOfRobotsOnWhiteSite
13687,22,14
timeStep,numberOfRobotsOnBlackSite,numberOfRobotsOnWhiteSite
13688,22,14
timeStep,numberOfRobotsOnBlackSite,numberOfRobotsOnWhiteSite
13689,22,14
timeStep,numberOfRobotsOnBlackSite,numberOfRobotsOnWhiteSite
13690,22,14
timeStep,numberOfRobotsOnBlackSite,numberOfRobotsOnWhiteSite
13691,22,14
timeStep,numberOfRobotsOnBlackSite,numberOfRobotsOnWhiteSite
13692,22,14
timeStep,numberOfRobotsOnBlackSite,numberOfRobotsOnWhiteSite
13693,22,14
timeStep,numberOfRobotsOnBlackSite,numberOfRobotsOnWhiteSite
13694,22,14
timeStep,numberOfRobotsOnBlackSite,numberOfRobotsOnWhiteSite
13695,22,14
timeStep,numberOfRobotsOnBlackSite,numberOfRobotsOnWhiteSite
13696,22,14
timeStep,numberOfRobotsOnBlackSite,numberOfRobotsOnWhiteSite
13697,22,14
timeStep,numberOfRobotsOnBlackSite,numberOfRobotsOnWhiteSite
13698,22,14
timeStep,numberOfRobotsOnBlackSite,numberOfRobotsOnWhiteSite
13699,22,14
timeStep,numberOfRobotsOnBlackSite,numberOfRobotsOnWhiteSite
13700,22,14
timeStep,numberOfRobotsOnBlackSite,numberOfRobotsOnWhiteSite
13701,22,14
timeStep,numberOfRobotsOnBlackSite,numberOfRobotsOnWhiteSite
13702,22,14
timeStep,numberOfRobotsOnBlackSite,numberOfRobotsOnWhiteSite
13703,22,14
timeStep,numberOfRobotsOnBlackSite,numberOfRobotsOnWhiteSite
13704,22,14
timeStep,numberOfRobotsOnBlackSite,numberOfRobotsOnWhiteSite
13705,22,14
timeStep,numberOfRobotsOnBlackSite,numberOfRobotsOnWhiteSite
13706,22,14
timeStep,numberOfRobotsOnBlackSite,numberOfRobotsOnWhiteSite
13707,22,14
timeStep,numberOfRobotsOnBlackSite,numberOfRobotsOnWhiteSite
13708,22,14
timeStep,numberOfRobotsOnBlackSite,numberOfRobotsOnWhiteSite
13709,22,14
timeStep,numberOfRobotsOnBlackSite,numberOfRobotsOnWhiteSite
13710,22,14
timeStep,numberOfRobotsOnBlackSite,numberOfRobotsOnWhiteSite
13711,22,14
timeStep,numberOfRobotsOnBlackSite,numberOfRobotsOnWhiteSite
13712,22,14
timeStep,numberOfRobotsOnBlackSite,numberOfRobotsOnWhiteSite
13713,22,14
timeStep,numberOfRobotsOnBlackSite,numberOfRobotsOnWhiteSite
13714,22,14
timeStep,numberOfRobotsOnBlackSite,numberOfRobotsOnWhiteSite
13715,22,14
timeStep,numberOfRobotsOnBlackSite,numberOfRobotsOnWhiteSite
13716,22,14
timeStep,numberOfRobotsOnBlackSite,numberOfRobotsOnWhiteSite
13717,22,14
timeStep,numberOfRobotsOnBlackSite,numberOfRobotsOnWhiteSite
13718,22,14
timeStep,numberOfRobotsOnBlackSite,numberOfRobotsOnWhiteSite
13719,22,14
timeStep,numberOfRobotsOnBlackSite,numberOfRobotsOnWhiteSite
13720,22,14
timeStep,numberOfRobotsOnBlackSite,numberOfRobotsOnWhiteSite
13721,22,14
timeStep,numberOfRobotsOnBlackSite,numberOfRobotsOnWhiteSite
13722,22,14
timeStep,numberOfRobotsOnBlackSite,numberOfRobotsOnWhiteSite
13723,22,14
timeStep,numberOfRobotsOnBlackSite,numberOfRobotsOnWhiteSite
13724,22,14
timeStep,numberOfRobotsOnBlackSite,numberOfRobotsOnWhiteSite
13725,22,14
timeStep,numberOfRobotsOnBlackSite,numberOfRobotsOnWhiteSite
13726,22,14
timeStep,numberOfRobotsOnBlackSite,numberOfRobotsOnWhiteSite
13727,22,14
timeStep,numberOfRobotsOnBlackSite,numberOfRobotsOnWhiteSite
13728,22,14
timeStep,numberOfRobotsOnBlackSite,numberOfRobotsOnWhiteSite
13729,22,14
timeStep,numberOfRobotsOnBlackSite,numberOfRobotsOnWhiteSite
13730,22,15
timeStep,numberOfRobotsOnBlackSite,numberOfRobotsOnWhiteSite
13731,22,15
timeStep,numberOfRobotsOnBlackSite,numberOfRobotsOnWhiteSite
13732,22,15
timeStep,numberOfRobotsOnBlackSite,numberOfRobotsOnWhiteSite
13733,22,15
timeStep,numberOfRobotsOnBlackSite,numberOfRobotsOnWhiteSite
13734,22,15
timeStep,numberOfRobotsOnBlackSite,numberOfRobotsOnWhiteSite
13735,22,15
timeStep,numberOfRobotsOnBlackSite,numberOfRobotsOnWhiteSite
13736,22,15
timeStep,numberOfRobotsOnBlackSite,numberOfRobotsOnWhiteSite
13737,22,15
timeStep,numberOfRobotsOnBlackSite,numberOfRobotsOnWhiteSite
13738,22,15
timeStep,numberOfRobotsOnBlackSite,numberOfRobotsOnWhiteSite
13739,22,15
timeStep,numberOfRobotsOnBlackSite,numberOfRobotsOnWhiteSite
13740,22,15
timeStep,numberOfRobotsOnBlackSite,numberOfRobotsOnWhiteSite
13741,22,15
timeStep,numberOfRobotsOnBlackSite,numberOfRobotsOnWhiteSite
13742,22,15
timeStep,numberOfRobotsOnBlackSite,numberOfRobotsOnWhiteSite
13743,22,15
timeStep,numberOfRobotsOnBlackSite,numberOfRobotsOnWhiteSite
13744,22,15
timeStep,numberOfRobotsOnBlackSite,numberOfRobotsOnWhiteSite
13745,22,15
timeStep,numberOfRobotsOnBlackSite,numberOfRobotsOnWhiteSite
13746,22,15
timeStep,numberOfRobotsOnBlackSite,numberOfRobotsOnWhiteSite
13747,22,15
timeStep,numberOfRobotsOnBlackSite,numberOfRobotsOnWhiteSite
13748,22,15
timeStep,numberOfRobotsOnBlackSite,numberOfRobotsOnWhiteSite
13749,22,15
timeStep,numberOfRobotsOnBlackSite,numberOfRobotsOnWhiteSite
13750,22,15
timeStep,numberOfRobotsOnBlackSite,numberOfRobotsOnWhiteSite
13751,22,15
timeStep,numberOfRobotsOnBlackSite,numberOfRobotsOnWhiteSite
13752,22,15
timeStep,numberOfRobotsOnBlackSite,numberOfRobotsOnWhiteSite
13753,22,15
timeStep,numberOfRobotsOnBlackSite,numberOfRobotsOnWhiteSite
13754,22,15
timeStep,numberOfRobotsOnBlackSite,numberOfRobotsOnWhiteSite
13755,22,15
timeStep,numberOfRobotsOnBlackSite,numberOfRobotsOnWhiteSite
13756,22,15
timeStep,numberOfRobotsOnBlackSite,numberOfRobotsOnWhiteSite
13757,22,15
timeStep,numberOfRobotsOnBlackSite,numberOfRobotsOnWhiteSite
13758,22,15
timeStep,numberOfRobotsOnBlackSite,numberOfRobotsOnWhiteSite
13759,22,15
timeStep,numberOfRobotsOnBlackSite,numberOfRobotsOnWhiteSite
13760,22,15
timeStep,numberOfRobotsOnBlackSite,numberOfRobotsOnWhiteSite
13761,22,15
timeStep,numberOfRobotsOnBlackSite,numberOfRobotsOnWhiteSite
13762,22,15
timeStep,numberOfRobotsOnBlackSite,numberOfRobotsOnWhiteSite
13763,22,15
timeStep,numberOfRobotsOnBlackSite,numberOfRobotsOnWhiteSite
13764,22,15
timeStep,numberOfRobotsOnBlackSite,numberOfRobotsOnWhiteSite
13765,22,15
timeStep,numberOfRobotsOnBlackSite,numberOfRobotsOnWhiteSite
13766,22,15
timeStep,numberOfRobotsOnBlackSite,numberOfRobotsOnWhiteSite
13767,22,15
timeStep,numberOfRobotsOnBlackSite,numberOfRobotsOnWhiteSite
13768,22,15
timeStep,numberOfRobotsOnBlackSite,numberOfRobotsOnWhiteSite
13769,22,15
timeStep,numberOfRobotsOnBlackSite,numberOfRobotsOnWhiteSite
13770,22,15
timeStep,numberOfRobotsOnBlackSite,numberOfRobotsOnWhiteSite
13771,22,15
timeStep,numberOfRobotsOnBlackSite,numberOfRobotsOnWhiteSite
13772,22,15
timeStep,numberOfRobotsOnBlackSite,numberOfRobotsOnWhiteSite
13773,22,15
timeStep,numberOfRobotsOnBlackSite,numberOfRobotsOnWhiteSite
13774,22,15
timeStep,numberOfRobotsOnBlackSite,numberOfRobotsOnWhiteSite
13775,22,15
timeStep,numberOfRobotsOnBlackSite,numberOfRobotsOnWhiteSite
13776,22,15
timeStep,numberOfRobotsOnBlackSite,numberOfRobotsOnWhiteSite
13777,22,15
timeStep,numberOfRobotsOnBlackSite,numberOfRobotsOnWhiteSite
13778,22,15
timeStep,numberOfRobotsOnBlackSite,numberOfRobotsOnWhiteSite
13779,22,15
timeStep,numberOfRobotsOnBlackSite,numberOfRobotsOnWhiteSite
13780,22,15
timeStep,numberOfRobotsOnBlackSite,numberOfRobotsOnWhiteSite
13781,22,15
timeStep,numberOfRobotsOnBlackSite,numberOfRobotsOnWhiteSite
13782,22,15
timeStep,numberOfRobotsOnBlackSite,numberOfRobotsOnWhiteSite
13783,22,15
timeStep,numberOfRobotsOnBlackSite,numberOfRobotsOnWhiteSite
13784,22,15
timeStep,numberOfRobotsOnBlackSite,numberOfRobotsOnWhiteSite
13785,22,15
timeStep,numberOfRobotsOnBlackSite,numberOfRobotsOnWhiteSite
13786,22,15
timeStep,numberOfRobotsOnBlackSite,numberOfRobotsOnWhiteSite
13787,22,15
timeStep,numberOfRobotsOnBlackSite,numberOfRobotsOnWhiteSite
13788,22,15
timeStep,numberOfRobotsOnBlackSite,numberOfRobotsOnWhiteSite
13789,22,15
timeStep,numberOfRobotsOnBlackSite,numberOfRobotsOnWhiteSite
13790,22,16
timeStep,numberOfRobotsOnBlackSite,numberOfRobotsOnWhiteSite
13791,22,16
timeStep,numberOfRobotsOnBlackSite,numberOfRobotsOnWhiteSite
13792,22,16
timeStep,numberOfRobotsOnBlackSite,numberOfRobotsOnWhiteSite
13793,22,16
timeStep,numberOfRobotsOnBlackSite,numberOfRobotsOnWhiteSite
13794,22,16
timeStep,numberOfRobotsOnBlackSite,numberOfRobotsOnWhiteSite
13795,22,16
timeStep,numberOfRobotsOnBlackSite,numberOfRobotsOnWhiteSite
13796,22,16
timeStep,numberOfRobotsOnBlackSite,numberOfRobotsOnWhiteSite
13797,22,16
timeStep,numberOfRobotsOnBlackSite,numberOfRobotsOnWhiteSite
13798,22,16
timeStep,numberOfRobotsOnBlackSite,numberOfRobotsOnWhiteSite
13799,22,16
timeStep,numberOfRobotsOnBlackSite,numberOfRobotsOnWhiteSite
13800,22,16
timeStep,numberOfRobotsOnBlackSite,numberOfRobotsOnWhiteSite
13801,22,16
timeStep,numberOfRobotsOnBlackSite,numberOfRobotsOnWhiteSite
13802,22,16
timeStep,numberOfRobotsOnBlackSite,numberOfRobotsOnWhiteSite
13803,22,16
timeStep,numberOfRobotsOnBlackSite,numberOfRobotsOnWhiteSite
13804,22,16
timeStep,numberOfRobotsOnBlackSite,numberOfRobotsOnWhiteSite
13805,22,16
timeStep,numberOfRobotsOnBlackSite,numberOfRobotsOnWhiteSite
13806,22,16
timeStep,numberOfRobotsOnBlackSite,numberOfRobotsOnWhiteSite
13807,22,16
timeStep,numberOfRobotsOnBlackSite,numberOfRobotsOnWhiteSite
13808,22,16
timeStep,numberOfRobotsOnBlackSite,numberOfRobotsOnWhiteSite
13809,22,16
timeStep,numberOfRobotsOnBlackSite,numberOfRobotsOnWhiteSite
13810,21,16
timeStep,numberOfRobotsOnBlackSite,numberOfRobotsOnWhiteSite
13811,21,16
timeStep,numberOfRobotsOnBlackSite,numberOfRobotsOnWhiteSite
13812,21,16
timeStep,numberOfRobotsOnBlackSite,numberOfRobotsOnWhiteSite
13813,21,16
timeStep,numberOfRobotsOnBlackSite,numberOfRobotsOnWhiteSite
13814,21,16
timeStep,numberOfRobotsOnBlackSite,numberOfRobotsOnWhiteSite
13815,21,16
timeStep,numberOfRobotsOnBlackSite,numberOfRobotsOnWhiteSite
13816,21,16
timeStep,numberOfRobotsOnBlackSite,numberOfRobotsOnWhiteSite
13817,21,16
timeStep,numberOfRobotsOnBlackSite,numberOfRobotsOnWhiteSite
13818,21,16
timeStep,numberOfRobotsOnBlackSite,numberOfRobotsOnWhiteSite
13819,21,16
timeStep,numberOfRobotsOnBlackSite,numberOfRobotsOnWhiteSite
13820,21,16
timeStep,numberOfRobotsOnBlackSite,numberOfRobotsOnWhiteSite
13821,21,16
timeStep,numberOfRobotsOnBlackSite,numberOfRobotsOnWhiteSite
13822,21,16
timeStep,numberOfRobotsOnBlackSite,numberOfRobotsOnWhiteSite
13823,21,16
timeStep,numberOfRobotsOnBlackSite,numberOfRobotsOnWhiteSite
13824,21,16
timeStep,numberOfRobotsOnBlackSite,numberOfRobotsOnWhiteSite
13825,21,16
timeStep,numberOfRobotsOnBlackSite,numberOfRobotsOnWhiteSite
13826,21,16
timeStep,numberOfRobotsOnBlackSite,numberOfRobotsOnWhiteSite
13827,21,16
timeStep,numberOfRobotsOnBlackSite,numberOfRobotsOnWhiteSite
13828,21,16
timeStep,numberOfRobotsOnBlackSite,numberOfRobotsOnWhiteSite
13829,21,16
timeStep,numberOfRobotsOnBlackSite,numberOfRobotsOnWhiteSite
13830,21,16
timeStep,numberOfRobotsOnBlackSite,numberOfRobotsOnWhiteSite
13831,21,16
timeStep,numberOfRobotsOnBlackSite,numberOfRobotsOnWhiteSite
13832,21,16
timeStep,numberOfRobotsOnBlackSite,numberOfRobotsOnWhiteSite
13833,21,16
timeStep,numberOfRobotsOnBlackSite,numberOfRobotsOnWhiteSite
13834,21,16
timeStep,numberOfRobotsOnBlackSite,numberOfRobotsOnWhiteSite
13835,21,16
timeStep,numberOfRobotsOnBlackSite,numberOfRobotsOnWhiteSite
13836,21,16
timeStep,numberOfRobotsOnBlackSite,numberOfRobotsOnWhiteSite
13837,21,16
timeStep,numberOfRobotsOnBlackSite,numberOfRobotsOnWhiteSite
13838,21,16
timeStep,numberOfRobotsOnBlackSite,numberOfRobotsOnWhiteSite
13839,21,16
timeStep,numberOfRobotsOnBlackSite,numberOfRobotsOnWhiteSite
13840,21,15
timeStep,numberOfRobotsOnBlackSite,numberOfRobotsOnWhiteSite
13841,21,15
timeStep,numberOfRobotsOnBlackSite,numberOfRobotsOnWhiteSite
13842,21,15
timeStep,numberOfRobotsOnBlackSite,numberOfRobotsOnWhiteSite
13843,21,15
timeStep,numberOfRobotsOnBlackSite,numberOfRobotsOnWhiteSite
13844,21,15
timeStep,numberOfRobotsOnBlackSite,numberOfRobotsOnWhiteSite
13845,21,15
timeStep,numberOfRobotsOnBlackSite,numberOfRobotsOnWhiteSite
13846,21,15
timeStep,numberOfRobotsOnBlackSite,numberOfRobotsOnWhiteSite
13847,21,15
timeStep,numberOfRobotsOnBlackSite,numberOfRobotsOnWhiteSite
13848,21,15
timeStep,numberOfRobotsOnBlackSite,numberOfRobotsOnWhiteSite
13849,21,15
timeStep,numberOfRobotsOnBlackSite,numberOfRobotsOnWhiteSite
13850,21,15
timeStep,numberOfRobotsOnBlackSite,numberOfRobotsOnWhiteSite
13851,21,15
timeStep,numberOfRobotsOnBlackSite,numberOfRobotsOnWhiteSite
13852,21,15
timeStep,numberOfRobotsOnBlackSite,numberOfRobotsOnWhiteSite
13853,21,15
timeStep,numberOfRobotsOnBlackSite,numberOfRobotsOnWhiteSite
13854,21,15
timeStep,numberOfRobotsOnBlackSite,numberOfRobotsOnWhiteSite
13855,21,15
timeStep,numberOfRobotsOnBlackSite,numberOfRobotsOnWhiteSite
13856,21,15
timeStep,numberOfRobotsOnBlackSite,numberOfRobotsOnWhiteSite
13857,21,15
timeStep,numberOfRobotsOnBlackSite,numberOfRobotsOnWhiteSite
13858,21,15
timeStep,numberOfRobotsOnBlackSite,numberOfRobotsOnWhiteSite
13859,21,15
timeStep,numberOfRobotsOnBlackSite,numberOfRobotsOnWhiteSite
13860,21,15
timeStep,numberOfRobotsOnBlackSite,numberOfRobotsOnWhiteSite
13861,21,15
timeStep,numberOfRobotsOnBlackSite,numberOfRobotsOnWhiteSite
13862,21,15
timeStep,numberOfRobotsOnBlackSite,numberOfRobotsOnWhiteSite
13863,21,15
timeStep,numberOfRobotsOnBlackSite,numberOfRobotsOnWhiteSite
13864,21,15
timeStep,numberOfRobotsOnBlackSite,numberOfRobotsOnWhiteSite
13865,21,16
timeStep,numberOfRobotsOnBlackSite,numberOfRobotsOnWhiteSite
13866,21,16
timeStep,numberOfRobotsOnBlackSite,numberOfRobotsOnWhiteSite
13867,21,16
timeStep,numberOfRobotsOnBlackSite,numberOfRobotsOnWhiteSite
13868,21,16
timeStep,numberOfRobotsOnBlackSite,numberOfRobotsOnWhiteSite
13869,21,16
timeStep,numberOfRobotsOnBlackSite,numberOfRobotsOnWhiteSite
13870,21,16
timeStep,numberOfRobotsOnBlackSite,numberOfRobotsOnWhiteSite
13871,21,16
timeStep,numberOfRobotsOnBlackSite,numberOfRobotsOnWhiteSite
13872,21,16
timeStep,numberOfRobotsOnBlackSite,numberOfRobotsOnWhiteSite
13873,21,16
timeStep,numberOfRobotsOnBlackSite,numberOfRobotsOnWhiteSite
13874,21,16
timeStep,numberOfRobotsOnBlackSite,numberOfRobotsOnWhiteSite
13875,21,16
timeStep,numberOfRobotsOnBlackSite,numberOfRobotsOnWhiteSite
13876,21,16
timeStep,numberOfRobotsOnBlackSite,numberOfRobotsOnWhiteSite
13877,21,16
timeStep,numberOfRobotsOnBlackSite,numberOfRobotsOnWhiteSite
13878,21,16
timeStep,numberOfRobotsOnBlackSite,numberOfRobotsOnWhiteSite
13879,21,16
timeStep,numberOfRobotsOnBlackSite,numberOfRobotsOnWhiteSite
13880,21,16
timeStep,numberOfRobotsOnBlackSite,numberOfRobotsOnWhiteSite
13881,21,16
timeStep,numberOfRobotsOnBlackSite,numberOfRobotsOnWhiteSite
13882,21,16
timeStep,numberOfRobotsOnBlackSite,numberOfRobotsOnWhiteSite
13883,21,16
timeStep,numberOfRobotsOnBlackSite,numberOfRobotsOnWhiteSite
13884,21,16
timeStep,numberOfRobotsOnBlackSite,numberOfRobotsOnWhiteSite
13885,21,16
timeStep,numberOfRobotsOnBlackSite,numberOfRobotsOnWhiteSite
13886,21,16
timeStep,numberOfRobotsOnBlackSite,numberOfRobotsOnWhiteSite
13887,21,16
timeStep,numberOfRobotsOnBlackSite,numberOfRobotsOnWhiteSite
13888,21,16
timeStep,numberOfRobotsOnBlackSite,numberOfRobotsOnWhiteSite
13889,21,16
timeStep,numberOfRobotsOnBlackSite,numberOfRobotsOnWhiteSite
13890,21,16
timeStep,numberOfRobotsOnBlackSite,numberOfRobotsOnWhiteSite
13891,21,16
timeStep,numberOfRobotsOnBlackSite,numberOfRobotsOnWhiteSite
13892,21,16
timeStep,numberOfRobotsOnBlackSite,numberOfRobotsOnWhiteSite
13893,21,16
timeStep,numberOfRobotsOnBlackSite,numberOfRobotsOnWhiteSite
13894,21,16
timeStep,numberOfRobotsOnBlackSite,numberOfRobotsOnWhiteSite
13895,21,16
timeStep,numberOfRobotsOnBlackSite,numberOfRobotsOnWhiteSite
13896,21,16
timeStep,numberOfRobotsOnBlackSite,numberOfRobotsOnWhiteSite
13897,21,16
timeStep,numberOfRobotsOnBlackSite,numberOfRobotsOnWhiteSite
13898,21,16
timeStep,numberOfRobotsOnBlackSite,numberOfRobotsOnWhiteSite
13899,21,16
timeStep,numberOfRobotsOnBlackSite,numberOfRobotsOnWhiteSite
13900,21,16
timeStep,numberOfRobotsOnBlackSite,numberOfRobotsOnWhiteSite
13901,21,16
timeStep,numberOfRobotsOnBlackSite,numberOfRobotsOnWhiteSite
13902,21,16
timeStep,numberOfRobotsOnBlackSite,numberOfRobotsOnWhiteSite
13903,21,16
timeStep,numberOfRobotsOnBlackSite,numberOfRobotsOnWhiteSite
13904,21,16
timeStep,numberOfRobotsOnBlackSite,numberOfRobotsOnWhiteSite
13905,21,16
timeStep,numberOfRobotsOnBlackSite,numberOfRobotsOnWhiteSite
13906,21,16
timeStep,numberOfRobotsOnBlackSite,numberOfRobotsOnWhiteSite
13907,21,16
timeStep,numberOfRobotsOnBlackSite,numberOfRobotsOnWhiteSite
13908,21,16
timeStep,numberOfRobotsOnBlackSite,numberOfRobotsOnWhiteSite
13909,21,16
timeStep,numberOfRobotsOnBlackSite,numberOfRobotsOnWhiteSite
13910,21,16
timeStep,numberOfRobotsOnBlackSite,numberOfRobotsOnWhiteSite
13911,21,16
timeStep,numberOfRobotsOnBlackSite,numberOfRobotsOnWhiteSite
13912,21,16
timeStep,numberOfRobotsOnBlackSite,numberOfRobotsOnWhiteSite
13913,21,16
timeStep,numberOfRobotsOnBlackSite,numberOfRobotsOnWhiteSite
13914,21,16
timeStep,numberOfRobotsOnBlackSite,numberOfRobotsOnWhiteSite
13915,21,16
timeStep,numberOfRobotsOnBlackSite,numberOfRobotsOnWhiteSite
13916,21,16
timeStep,numberOfRobotsOnBlackSite,numberOfRobotsOnWhiteSite
13917,21,16
timeStep,numberOfRobotsOnBlackSite,numberOfRobotsOnWhiteSite
13918,21,16
timeStep,numberOfRobotsOnBlackSite,numberOfRobotsOnWhiteSite
13919,21,16
timeStep,numberOfRobotsOnBlackSite,numberOfRobotsOnWhiteSite
13920,21,16
timeStep,numberOfRobotsOnBlackSite,numberOfRobotsOnWhiteSite
13921,21,16
timeStep,numberOfRobotsOnBlackSite,numberOfRobotsOnWhiteSite
13922,21,16
timeStep,numberOfRobotsOnBlackSite,numberOfRobotsOnWhiteSite
13923,21,16
timeStep,numberOfRobotsOnBlackSite,numberOfRobotsOnWhiteSite
13924,21,16
timeStep,numberOfRobotsOnBlackSite,numberOfRobotsOnWhiteSite
13925,21,16
timeStep,numberOfRobotsOnBlackSite,numberOfRobotsOnWhiteSite
13926,21,16
timeStep,numberOfRobotsOnBlackSite,numberOfRobotsOnWhiteSite
13927,21,16
timeStep,numberOfRobotsOnBlackSite,numberOfRobotsOnWhiteSite
13928,21,16
timeStep,numberOfRobotsOnBlackSite,numberOfRobotsOnWhiteSite
13929,21,16
timeStep,numberOfRobotsOnBlackSite,numberOfRobotsOnWhiteSite
13930,21,15
timeStep,numberOfRobotsOnBlackSite,numberOfRobotsOnWhiteSite
13931,21,15
timeStep,numberOfRobotsOnBlackSite,numberOfRobotsOnWhiteSite
13932,21,15
timeStep,numberOfRobotsOnBlackSite,numberOfRobotsOnWhiteSite
13933,21,15
timeStep,numberOfRobotsOnBlackSite,numberOfRobotsOnWhiteSite
13934,21,15
timeStep,numberOfRobotsOnBlackSite,numberOfRobotsOnWhiteSite
13935,21,15
timeStep,numberOfRobotsOnBlackSite,numberOfRobotsOnWhiteSite
13936,21,15
timeStep,numberOfRobotsOnBlackSite,numberOfRobotsOnWhiteSite
13937,21,15
timeStep,numberOfRobotsOnBlackSite,numberOfRobotsOnWhiteSite
13938,21,15
timeStep,numberOfRobotsOnBlackSite,numberOfRobotsOnWhiteSite
13939,21,15
timeStep,numberOfRobotsOnBlackSite,numberOfRobotsOnWhiteSite
13940,21,15
timeStep,numberOfRobotsOnBlackSite,numberOfRobotsOnWhiteSite
13941,21,15
timeStep,numberOfRobotsOnBlackSite,numberOfRobotsOnWhiteSite
13942,21,15
timeStep,numberOfRobotsOnBlackSite,numberOfRobotsOnWhiteSite
13943,21,15
timeStep,numberOfRobotsOnBlackSite,numberOfRobotsOnWhiteSite
13944,21,15
timeStep,numberOfRobotsOnBlackSite,numberOfRobotsOnWhiteSite
13945,21,15
timeStep,numberOfRobotsOnBlackSite,numberOfRobotsOnWhiteSite
13946,21,15
timeStep,numberOfRobotsOnBlackSite,numberOfRobotsOnWhiteSite
13947,21,15
timeStep,numberOfRobotsOnBlackSite,numberOfRobotsOnWhiteSite
13948,21,15
timeStep,numberOfRobotsOnBlackSite,numberOfRobotsOnWhiteSite
13949,21,15
timeStep,numberOfRobotsOnBlackSite,numberOfRobotsOnWhiteSite
13950,21,15
timeStep,numberOfRobotsOnBlackSite,numberOfRobotsOnWhiteSite
13951,21,15
timeStep,numberOfRobotsOnBlackSite,numberOfRobotsOnWhiteSite
13952,21,15
timeStep,numberOfRobotsOnBlackSite,numberOfRobotsOnWhiteSite
13953,21,15
timeStep,numberOfRobotsOnBlackSite,numberOfRobotsOnWhiteSite
13954,21,15
timeStep,numberOfRobotsOnBlackSite,numberOfRobotsOnWhiteSite
13955,21,15
timeStep,numberOfRobotsOnBlackSite,numberOfRobotsOnWhiteSite
13956,21,15
timeStep,numberOfRobotsOnBlackSite,numberOfRobotsOnWhiteSite
13957,21,15
timeStep,numberOfRobotsOnBlackSite,numberOfRobotsOnWhiteSite
13958,21,15
timeStep,numberOfRobotsOnBlackSite,numberOfRobotsOnWhiteSite
13959,21,15
timeStep,numberOfRobotsOnBlackSite,numberOfRobotsOnWhiteSite
13960,21,15
timeStep,numberOfRobotsOnBlackSite,numberOfRobotsOnWhiteSite
13961,21,15
timeStep,numberOfRobotsOnBlackSite,numberOfRobotsOnWhiteSite
13962,21,15
timeStep,numberOfRobotsOnBlackSite,numberOfRobotsOnWhiteSite
13963,21,15
timeStep,numberOfRobotsOnBlackSite,numberOfRobotsOnWhiteSite
13964,21,15
timeStep,numberOfRobotsOnBlackSite,numberOfRobotsOnWhiteSite
13965,21,15
timeStep,numberOfRobotsOnBlackSite,numberOfRobotsOnWhiteSite
13966,21,15
timeStep,numberOfRobotsOnBlackSite,numberOfRobotsOnWhiteSite
13967,21,15
timeStep,numberOfRobotsOnBlackSite,numberOfRobotsOnWhiteSite
13968,21,15
timeStep,numberOfRobotsOnBlackSite,numberOfRobotsOnWhiteSite
13969,21,15
timeStep,numberOfRobotsOnBlackSite,numberOfRobotsOnWhiteSite
13970,21,15
timeStep,numberOfRobotsOnBlackSite,numberOfRobotsOnWhiteSite
13971,21,15
timeStep,numberOfRobotsOnBlackSite,numberOfRobotsOnWhiteSite
13972,21,15
timeStep,numberOfRobotsOnBlackSite,numberOfRobotsOnWhiteSite
13973,21,15
timeStep,numberOfRobotsOnBlackSite,numberOfRobotsOnWhiteSite
13974,21,15
timeStep,numberOfRobotsOnBlackSite,numberOfRobotsOnWhiteSite
13975,21,15
timeStep,numberOfRobotsOnBlackSite,numberOfRobotsOnWhiteSite
13976,21,15
timeStep,numberOfRobotsOnBlackSite,numberOfRobotsOnWhiteSite
13977,21,15
timeStep,numberOfRobotsOnBlackSite,numberOfRobotsOnWhiteSite
13978,21,15
timeStep,numberOfRobotsOnBlackSite,numberOfRobotsOnWhiteSite
13979,21,15
timeStep,numberOfRobotsOnBlackSite,numberOfRobotsOnWhiteSite
13980,21,15
timeStep,numberOfRobotsOnBlackSite,numberOfRobotsOnWhiteSite
13981,21,15
timeStep,numberOfRobotsOnBlackSite,numberOfRobotsOnWhiteSite
13982,21,15
timeStep,numberOfRobotsOnBlackSite,numberOfRobotsOnWhiteSite
13983,21,15
timeStep,numberOfRobotsOnBlackSite,numberOfRobotsOnWhiteSite
13984,21,15
timeStep,numberOfRobotsOnBlackSite,numberOfRobotsOnWhiteSite
13985,21,15
timeStep,numberOfRobotsOnBlackSite,numberOfRobotsOnWhiteSite
13986,21,15
timeStep,numberOfRobotsOnBlackSite,numberOfRobotsOnWhiteSite
13987,21,15
timeStep,numberOfRobotsOnBlackSite,numberOfRobotsOnWhiteSite
13988,21,15
timeStep,numberOfRobotsOnBlackSite,numberOfRobotsOnWhiteSite
13989,21,15
timeStep,numberOfRobotsOnBlackSite,numberOfRobotsOnWhiteSite
13990,21,15
timeStep,numberOfRobotsOnBlackSite,numberOfRobotsOnWhiteSite
13991,21,15
timeStep,numberOfRobotsOnBlackSite,numberOfRobotsOnWhiteSite
13992,21,15
timeStep,numberOfRobotsOnBlackSite,numberOfRobotsOnWhiteSite
13993,21,15
timeStep,numberOfRobotsOnBlackSite,numberOfRobotsOnWhiteSite
13994,21,15
timeStep,numberOfRobotsOnBlackSite,numberOfRobotsOnWhiteSite
13995,21,15
timeStep,numberOfRobotsOnBlackSite,numberOfRobotsOnWhiteSite
13996,21,15
timeStep,numberOfRobotsOnBlackSite,numberOfRobotsOnWhiteSite
13997,21,15
timeStep,numberOfRobotsOnBlackSite,numberOfRobotsOnWhiteSite
13998,21,15
timeStep,numberOfRobotsOnBlackSite,numberOfRobotsOnWhiteSite
13999,21,15
timeStep,numberOfRobotsOnBlackSite,numberOfRobotsOnWhiteSite
14000,21,15
timeStep,numberOfRobotsOnBlackSite,numberOfRobotsOnWhiteSite
14001,21,15
timeStep,numberOfRobotsOnBlackSite,numberOfRobotsOnWhiteSite
14002,21,15
timeStep,numberOfRobotsOnBlackSite,numberOfRobotsOnWhiteSite
14003,21,15
timeStep,numberOfRobotsOnBlackSite,numberOfRobotsOnWhiteSite
14004,21,15
timeStep,numberOfRobotsOnBlackSite,numberOfRobotsOnWhiteSite
14005,21,15
timeStep,numberOfRobotsOnBlackSite,numberOfRobotsOnWhiteSite
14006,21,15
timeStep,numberOfRobotsOnBlackSite,numberOfRobotsOnWhiteSite
14007,21,15
timeStep,numberOfRobotsOnBlackSite,numberOfRobotsOnWhiteSite
14008,21,15
timeStep,numberOfRobotsOnBlackSite,numberOfRobotsOnWhiteSite
14009,21,15
timeStep,numberOfRobotsOnBlackSite,numberOfRobotsOnWhiteSite
14010,21,15
timeStep,numberOfRobotsOnBlackSite,numberOfRobotsOnWhiteSite
14011,21,15
timeStep,numberOfRobotsOnBlackSite,numberOfRobotsOnWhiteSite
14012,21,15
timeStep,numberOfRobotsOnBlackSite,numberOfRobotsOnWhiteSite
14013,21,15
timeStep,numberOfRobotsOnBlackSite,numberOfRobotsOnWhiteSite
14014,21,15
timeStep,numberOfRobotsOnBlackSite,numberOfRobotsOnWhiteSite
14015,21,15
timeStep,numberOfRobotsOnBlackSite,numberOfRobotsOnWhiteSite
14016,21,15
timeStep,numberOfRobotsOnBlackSite,numberOfRobotsOnWhiteSite
14017,21,15
timeStep,numberOfRobotsOnBlackSite,numberOfRobotsOnWhiteSite
14018,21,15
timeStep,numberOfRobotsOnBlackSite,numberOfRobotsOnWhiteSite
14019,21,15
timeStep,numberOfRobotsOnBlackSite,numberOfRobotsOnWhiteSite
14020,21,16
timeStep,numberOfRobotsOnBlackSite,numberOfRobotsOnWhiteSite
14021,21,16
timeStep,numberOfRobotsOnBlackSite,numberOfRobotsOnWhiteSite
14022,21,16
timeStep,numberOfRobotsOnBlackSite,numberOfRobotsOnWhiteSite
14023,21,16
timeStep,numberOfRobotsOnBlackSite,numberOfRobotsOnWhiteSite
14024,21,16
timeStep,numberOfRobotsOnBlackSite,numberOfRobotsOnWhiteSite
14025,21,16
timeStep,numberOfRobotsOnBlackSite,numberOfRobotsOnWhiteSite
14026,21,16
timeStep,numberOfRobotsOnBlackSite,numberOfRobotsOnWhiteSite
14027,21,16
timeStep,numberOfRobotsOnBlackSite,numberOfRobotsOnWhiteSite
14028,21,16
timeStep,numberOfRobotsOnBlackSite,numberOfRobotsOnWhiteSite
14029,21,16
timeStep,numberOfRobotsOnBlackSite,numberOfRobotsOnWhiteSite
14030,21,15
timeStep,numberOfRobotsOnBlackSite,numberOfRobotsOnWhiteSite
14031,21,15
timeStep,numberOfRobotsOnBlackSite,numberOfRobotsOnWhiteSite
14032,21,15
timeStep,numberOfRobotsOnBlackSite,numberOfRobotsOnWhiteSite
14033,21,15
timeStep,numberOfRobotsOnBlackSite,numberOfRobotsOnWhiteSite
14034,21,15
timeStep,numberOfRobotsOnBlackSite,numberOfRobotsOnWhiteSite
14035,21,15
timeStep,numberOfRobotsOnBlackSite,numberOfRobotsOnWhiteSite
14036,21,15
timeStep,numberOfRobotsOnBlackSite,numberOfRobotsOnWhiteSite
14037,21,15
timeStep,numberOfRobotsOnBlackSite,numberOfRobotsOnWhiteSite
14038,21,15
timeStep,numberOfRobotsOnBlackSite,numberOfRobotsOnWhiteSite
14039,21,15
timeStep,numberOfRobotsOnBlackSite,numberOfRobotsOnWhiteSite
14040,21,15
timeStep,numberOfRobotsOnBlackSite,numberOfRobotsOnWhiteSite
14041,21,15
timeStep,numberOfRobotsOnBlackSite,numberOfRobotsOnWhiteSite
14042,21,15
timeStep,numberOfRobotsOnBlackSite,numberOfRobotsOnWhiteSite
14043,21,15
timeStep,numberOfRobotsOnBlackSite,numberOfRobotsOnWhiteSite
14044,21,15
timeStep,numberOfRobotsOnBlackSite,numberOfRobotsOnWhiteSite
14045,21,15
timeStep,numberOfRobotsOnBlackSite,numberOfRobotsOnWhiteSite
14046,21,15
timeStep,numberOfRobotsOnBlackSite,numberOfRobotsOnWhiteSite
14047,21,15
timeStep,numberOfRobotsOnBlackSite,numberOfRobotsOnWhiteSite
14048,21,15
timeStep,numberOfRobotsOnBlackSite,numberOfRobotsOnWhiteSite
14049,21,15
timeStep,numberOfRobotsOnBlackSite,numberOfRobotsOnWhiteSite
14050,21,15
timeStep,numberOfRobotsOnBlackSite,numberOfRobotsOnWhiteSite
14051,21,15
timeStep,numberOfRobotsOnBlackSite,numberOfRobotsOnWhiteSite
14052,21,15
timeStep,numberOfRobotsOnBlackSite,numberOfRobotsOnWhiteSite
14053,21,15
timeStep,numberOfRobotsOnBlackSite,numberOfRobotsOnWhiteSite
14054,21,15
timeStep,numberOfRobotsOnBlackSite,numberOfRobotsOnWhiteSite
14055,21,15
timeStep,numberOfRobotsOnBlackSite,numberOfRobotsOnWhiteSite
14056,21,15
timeStep,numberOfRobotsOnBlackSite,numberOfRobotsOnWhiteSite
14057,21,15
timeStep,numberOfRobotsOnBlackSite,numberOfRobotsOnWhiteSite
14058,21,15
timeStep,numberOfRobotsOnBlackSite,numberOfRobotsOnWhiteSite
14059,21,15
timeStep,numberOfRobotsOnBlackSite,numberOfRobotsOnWhiteSite
14060,22,15
timeStep,numberOfRobotsOnBlackSite,numberOfRobotsOnWhiteSite
14061,22,15
timeStep,numberOfRobotsOnBlackSite,numberOfRobotsOnWhiteSite
14062,22,15
timeStep,numberOfRobotsOnBlackSite,numberOfRobotsOnWhiteSite
14063,22,15
timeStep,numberOfRobotsOnBlackSite,numberOfRobotsOnWhiteSite
14064,22,15
timeStep,numberOfRobotsOnBlackSite,numberOfRobotsOnWhiteSite
14065,22,16
timeStep,numberOfRobotsOnBlackSite,numberOfRobotsOnWhiteSite
14066,22,16
timeStep,numberOfRobotsOnBlackSite,numberOfRobotsOnWhiteSite
14067,22,16
timeStep,numberOfRobotsOnBlackSite,numberOfRobotsOnWhiteSite
14068,22,16
timeStep,numberOfRobotsOnBlackSite,numberOfRobotsOnWhiteSite
14069,22,16
timeStep,numberOfRobotsOnBlackSite,numberOfRobotsOnWhiteSite
14070,22,16
timeStep,numberOfRobotsOnBlackSite,numberOfRobotsOnWhiteSite
14071,22,16
timeStep,numberOfRobotsOnBlackSite,numberOfRobotsOnWhiteSite
14072,22,16
timeStep,numberOfRobotsOnBlackSite,numberOfRobotsOnWhiteSite
14073,22,16
timeStep,numberOfRobotsOnBlackSite,numberOfRobotsOnWhiteSite
14074,22,16
timeStep,numberOfRobotsOnBlackSite,numberOfRobotsOnWhiteSite
14075,22,16
timeStep,numberOfRobotsOnBlackSite,numberOfRobotsOnWhiteSite
14076,22,16
timeStep,numberOfRobotsOnBlackSite,numberOfRobotsOnWhiteSite
14077,22,16
timeStep,numberOfRobotsOnBlackSite,numberOfRobotsOnWhiteSite
14078,22,16
timeStep,numberOfRobotsOnBlackSite,numberOfRobotsOnWhiteSite
14079,22,16
timeStep,numberOfRobotsOnBlackSite,numberOfRobotsOnWhiteSite
14080,22,16
timeStep,numberOfRobotsOnBlackSite,numberOfRobotsOnWhiteSite
14081,22,16
timeStep,numberOfRobotsOnBlackSite,numberOfRobotsOnWhiteSite
14082,22,16
timeStep,numberOfRobotsOnBlackSite,numberOfRobotsOnWhiteSite
14083,22,16
timeStep,numberOfRobotsOnBlackSite,numberOfRobotsOnWhiteSite
14084,22,16
timeStep,numberOfRobotsOnBlackSite,numberOfRobotsOnWhiteSite
14085,22,16
timeStep,numberOfRobotsOnBlackSite,numberOfRobotsOnWhiteSite
14086,22,16
timeStep,numberOfRobotsOnBlackSite,numberOfRobotsOnWhiteSite
14087,22,16
timeStep,numberOfRobotsOnBlackSite,numberOfRobotsOnWhiteSite
14088,22,16
timeStep,numberOfRobotsOnBlackSite,numberOfRobotsOnWhiteSite
14089,22,16
timeStep,numberOfRobotsOnBlackSite,numberOfRobotsOnWhiteSite
14090,22,16
timeStep,numberOfRobotsOnBlackSite,numberOfRobotsOnWhiteSite
14091,22,16
timeStep,numberOfRobotsOnBlackSite,numberOfRobotsOnWhiteSite
14092,22,16
timeStep,numberOfRobotsOnBlackSite,numberOfRobotsOnWhiteSite
14093,22,16
timeStep,numberOfRobotsOnBlackSite,numberOfRobotsOnWhiteSite
14094,22,16
timeStep,numberOfRobotsOnBlackSite,numberOfRobotsOnWhiteSite
14095,21,16
timeStep,numberOfRobotsOnBlackSite,numberOfRobotsOnWhiteSite
14096,21,16
timeStep,numberOfRobotsOnBlackSite,numberOfRobotsOnWhiteSite
14097,21,16
timeStep,numberOfRobotsOnBlackSite,numberOfRobotsOnWhiteSite
14098,21,16
timeStep,numberOfRobotsOnBlackSite,numberOfRobotsOnWhiteSite
14099,21,16
timeStep,numberOfRobotsOnBlackSite,numberOfRobotsOnWhiteSite
14100,21,16
timeStep,numberOfRobotsOnBlackSite,numberOfRobotsOnWhiteSite
14101,21,16
timeStep,numberOfRobotsOnBlackSite,numberOfRobotsOnWhiteSite
14102,21,16
timeStep,numberOfRobotsOnBlackSite,numberOfRobotsOnWhiteSite
14103,21,16
timeStep,numberOfRobotsOnBlackSite,numberOfRobotsOnWhiteSite
14104,21,16
timeStep,numberOfRobotsOnBlackSite,numberOfRobotsOnWhiteSite
14105,21,16
timeStep,numberOfRobotsOnBlackSite,numberOfRobotsOnWhiteSite
14106,21,16
timeStep,numberOfRobotsOnBlackSite,numberOfRobotsOnWhiteSite
14107,21,16
timeStep,numberOfRobotsOnBlackSite,numberOfRobotsOnWhiteSite
14108,21,16
timeStep,numberOfRobotsOnBlackSite,numberOfRobotsOnWhiteSite
14109,21,16
timeStep,numberOfRobotsOnBlackSite,numberOfRobotsOnWhiteSite
14110,21,16
timeStep,numberOfRobotsOnBlackSite,numberOfRobotsOnWhiteSite
14111,21,16
timeStep,numberOfRobotsOnBlackSite,numberOfRobotsOnWhiteSite
14112,21,16
timeStep,numberOfRobotsOnBlackSite,numberOfRobotsOnWhiteSite
14113,21,16
timeStep,numberOfRobotsOnBlackSite,numberOfRobotsOnWhiteSite
14114,21,16
timeStep,numberOfRobotsOnBlackSite,numberOfRobotsOnWhiteSite
14115,21,16
timeStep,numberOfRobotsOnBlackSite,numberOfRobotsOnWhiteSite
14116,21,16
timeStep,numberOfRobotsOnBlackSite,numberOfRobotsOnWhiteSite
14117,21,16
timeStep,numberOfRobotsOnBlackSite,numberOfRobotsOnWhiteSite
14118,21,16
timeStep,numberOfRobotsOnBlackSite,numberOfRobotsOnWhiteSite
14119,21,16
timeStep,numberOfRobotsOnBlackSite,numberOfRobotsOnWhiteSite
14120,21,16
timeStep,numberOfRobotsOnBlackSite,numberOfRobotsOnWhiteSite
14121,21,16
timeStep,numberOfRobotsOnBlackSite,numberOfRobotsOnWhiteSite
14122,21,16
timeStep,numberOfRobotsOnBlackSite,numberOfRobotsOnWhiteSite
14123,21,16
timeStep,numberOfRobotsOnBlackSite,numberOfRobotsOnWhiteSite
14124,21,16
timeStep,numberOfRobotsOnBlackSite,numberOfRobotsOnWhiteSite
14125,21,16
timeStep,numberOfRobotsOnBlackSite,numberOfRobotsOnWhiteSite
14126,21,16
timeStep,numberOfRobotsOnBlackSite,numberOfRobotsOnWhiteSite
14127,21,16
timeStep,numberOfRobotsOnBlackSite,numberOfRobotsOnWhiteSite
14128,21,16
timeStep,numberOfRobotsOnBlackSite,numberOfRobotsOnWhiteSite
14129,21,16
timeStep,numberOfRobotsOnBlackSite,numberOfRobotsOnWhiteSite
14130,21,16
timeStep,numberOfRobotsOnBlackSite,numberOfRobotsOnWhiteSite
14131,21,16
timeStep,numberOfRobotsOnBlackSite,numberOfRobotsOnWhiteSite
14132,21,16
timeStep,numberOfRobotsOnBlackSite,numberOfRobotsOnWhiteSite
14133,21,16
timeStep,numberOfRobotsOnBlackSite,numberOfRobotsOnWhiteSite
14134,21,16
timeStep,numberOfRobotsOnBlackSite,numberOfRobotsOnWhiteSite
14135,21,16
timeStep,numberOfRobotsOnBlackSite,numberOfRobotsOnWhiteSite
14136,21,16
timeStep,numberOfRobotsOnBlackSite,numberOfRobotsOnWhiteSite
14137,21,16
timeStep,numberOfRobotsOnBlackSite,numberOfRobotsOnWhiteSite
14138,21,16
timeStep,numberOfRobotsOnBlackSite,numberOfRobotsOnWhiteSite
14139,21,16
timeStep,numberOfRobotsOnBlackSite,numberOfRobotsOnWhiteSite
14140,21,16
timeStep,numberOfRobotsOnBlackSite,numberOfRobotsOnWhiteSite
14141,21,16
timeStep,numberOfRobotsOnBlackSite,numberOfRobotsOnWhiteSite
14142,21,16
timeStep,numberOfRobotsOnBlackSite,numberOfRobotsOnWhiteSite
14143,21,16
timeStep,numberOfRobotsOnBlackSite,numberOfRobotsOnWhiteSite
14144,21,16
timeStep,numberOfRobotsOnBlackSite,numberOfRobotsOnWhiteSite
14145,21,16
timeStep,numberOfRobotsOnBlackSite,numberOfRobotsOnWhiteSite
14146,21,16
timeStep,numberOfRobotsOnBlackSite,numberOfRobotsOnWhiteSite
14147,21,16
timeStep,numberOfRobotsOnBlackSite,numberOfRobotsOnWhiteSite
14148,21,16
timeStep,numberOfRobotsOnBlackSite,numberOfRobotsOnWhiteSite
14149,21,16
timeStep,numberOfRobotsOnBlackSite,numberOfRobotsOnWhiteSite
14150,21,16
timeStep,numberOfRobotsOnBlackSite,numberOfRobotsOnWhiteSite
14151,21,16
timeStep,numberOfRobotsOnBlackSite,numberOfRobotsOnWhiteSite
14152,21,16
timeStep,numberOfRobotsOnBlackSite,numberOfRobotsOnWhiteSite
14153,21,16
timeStep,numberOfRobotsOnBlackSite,numberOfRobotsOnWhiteSite
14154,21,16
timeStep,numberOfRobotsOnBlackSite,numberOfRobotsOnWhiteSite
14155,21,16
timeStep,numberOfRobotsOnBlackSite,numberOfRobotsOnWhiteSite
14156,21,16
timeStep,numberOfRobotsOnBlackSite,numberOfRobotsOnWhiteSite
14157,21,16
timeStep,numberOfRobotsOnBlackSite,numberOfRobotsOnWhiteSite
14158,21,16
timeStep,numberOfRobotsOnBlackSite,numberOfRobotsOnWhiteSite
14159,21,16
timeStep,numberOfRobotsOnBlackSite,numberOfRobotsOnWhiteSite
14160,21,16
timeStep,numberOfRobotsOnBlackSite,numberOfRobotsOnWhiteSite
14161,21,16
timeStep,numberOfRobotsOnBlackSite,numberOfRobotsOnWhiteSite
14162,21,16
timeStep,numberOfRobotsOnBlackSite,numberOfRobotsOnWhiteSite
14163,21,16
timeStep,numberOfRobotsOnBlackSite,numberOfRobotsOnWhiteSite
14164,21,16
timeStep,numberOfRobotsOnBlackSite,numberOfRobotsOnWhiteSite
14165,21,16
timeStep,numberOfRobotsOnBlackSite,numberOfRobotsOnWhiteSite
14166,21,16
timeStep,numberOfRobotsOnBlackSite,numberOfRobotsOnWhiteSite
14167,21,16
timeStep,numberOfRobotsOnBlackSite,numberOfRobotsOnWhiteSite
14168,21,16
timeStep,numberOfRobotsOnBlackSite,numberOfRobotsOnWhiteSite
14169,21,16
timeStep,numberOfRobotsOnBlackSite,numberOfRobotsOnWhiteSite
14170,21,16
timeStep,numberOfRobotsOnBlackSite,numberOfRobotsOnWhiteSite
14171,21,16
timeStep,numberOfRobotsOnBlackSite,numberOfRobotsOnWhiteSite
14172,21,16
timeStep,numberOfRobotsOnBlackSite,numberOfRobotsOnWhiteSite
14173,21,16
timeStep,numberOfRobotsOnBlackSite,numberOfRobotsOnWhiteSite
14174,21,16
timeStep,numberOfRobotsOnBlackSite,numberOfRobotsOnWhiteSite
14175,21,16
timeStep,numberOfRobotsOnBlackSite,numberOfRobotsOnWhiteSite
14176,21,16
timeStep,numberOfRobotsOnBlackSite,numberOfRobotsOnWhiteSite
14177,21,16
timeStep,numberOfRobotsOnBlackSite,numberOfRobotsOnWhiteSite
14178,21,16
timeStep,numberOfRobotsOnBlackSite,numberOfRobotsOnWhiteSite
14179,21,16
timeStep,numberOfRobotsOnBlackSite,numberOfRobotsOnWhiteSite
14180,21,16
timeStep,numberOfRobotsOnBlackSite,numberOfRobotsOnWhiteSite
14181,21,16
timeStep,numberOfRobotsOnBlackSite,numberOfRobotsOnWhiteSite
14182,21,16
timeStep,numberOfRobotsOnBlackSite,numberOfRobotsOnWhiteSite
14183,21,16
timeStep,numberOfRobotsOnBlackSite,numberOfRobotsOnWhiteSite
14184,21,16
timeStep,numberOfRobotsOnBlackSite,numberOfRobotsOnWhiteSite
14185,21,16
timeStep,numberOfRobotsOnBlackSite,numberOfRobotsOnWhiteSite
14186,21,16
timeStep,numberOfRobotsOnBlackSite,numberOfRobotsOnWhiteSite
14187,21,16
timeStep,numberOfRobotsOnBlackSite,numberOfRobotsOnWhiteSite
14188,21,16
timeStep,numberOfRobotsOnBlackSite,numberOfRobotsOnWhiteSite
14189,21,16
timeStep,numberOfRobotsOnBlackSite,numberOfRobotsOnWhiteSite
14190,22,16
timeStep,numberOfRobotsOnBlackSite,numberOfRobotsOnWhiteSite
14191,22,16
timeStep,numberOfRobotsOnBlackSite,numberOfRobotsOnWhiteSite
14192,22,16
timeStep,numberOfRobotsOnBlackSite,numberOfRobotsOnWhiteSite
14193,22,16
timeStep,numberOfRobotsOnBlackSite,numberOfRobotsOnWhiteSite
14194,22,16
timeStep,numberOfRobotsOnBlackSite,numberOfRobotsOnWhiteSite
14195,22,16
timeStep,numberOfRobotsOnBlackSite,numberOfRobotsOnWhiteSite
14196,22,16
timeStep,numberOfRobotsOnBlackSite,numberOfRobotsOnWhiteSite
14197,22,16
timeStep,numberOfRobotsOnBlackSite,numberOfRobotsOnWhiteSite
14198,22,16
timeStep,numberOfRobotsOnBlackSite,numberOfRobotsOnWhiteSite
14199,22,16
timeStep,numberOfRobotsOnBlackSite,numberOfRobotsOnWhiteSite
14200,22,16
timeStep,numberOfRobotsOnBlackSite,numberOfRobotsOnWhiteSite
14201,22,16
timeStep,numberOfRobotsOnBlackSite,numberOfRobotsOnWhiteSite
14202,22,16
timeStep,numberOfRobotsOnBlackSite,numberOfRobotsOnWhiteSite
14203,22,16
timeStep,numberOfRobotsOnBlackSite,numberOfRobotsOnWhiteSite
14204,22,16
timeStep,numberOfRobotsOnBlackSite,numberOfRobotsOnWhiteSite
14205,22,16
timeStep,numberOfRobotsOnBlackSite,numberOfRobotsOnWhiteSite
14206,22,16
timeStep,numberOfRobotsOnBlackSite,numberOfRobotsOnWhiteSite
14207,22,16
timeStep,numberOfRobotsOnBlackSite,numberOfRobotsOnWhiteSite
14208,22,16
timeStep,numberOfRobotsOnBlackSite,numberOfRobotsOnWhiteSite
14209,22,16
timeStep,numberOfRobotsOnBlackSite,numberOfRobotsOnWhiteSite
14210,21,16
timeStep,numberOfRobotsOnBlackSite,numberOfRobotsOnWhiteSite
14211,21,16
timeStep,numberOfRobotsOnBlackSite,numberOfRobotsOnWhiteSite
14212,21,16
timeStep,numberOfRobotsOnBlackSite,numberOfRobotsOnWhiteSite
14213,21,16
timeStep,numberOfRobotsOnBlackSite,numberOfRobotsOnWhiteSite
14214,21,16
timeStep,numberOfRobotsOnBlackSite,numberOfRobotsOnWhiteSite
14215,21,16
timeStep,numberOfRobotsOnBlackSite,numberOfRobotsOnWhiteSite
14216,21,16
timeStep,numberOfRobotsOnBlackSite,numberOfRobotsOnWhiteSite
14217,21,16
timeStep,numberOfRobotsOnBlackSite,numberOfRobotsOnWhiteSite
14218,21,16
timeStep,numberOfRobotsOnBlackSite,numberOfRobotsOnWhiteSite
14219,21,16
timeStep,numberOfRobotsOnBlackSite,numberOfRobotsOnWhiteSite
14220,21,16
timeStep,numberOfRobotsOnBlackSite,numberOfRobotsOnWhiteSite
14221,21,16
timeStep,numberOfRobotsOnBlackSite,numberOfRobotsOnWhiteSite
14222,21,16
timeStep,numberOfRobotsOnBlackSite,numberOfRobotsOnWhiteSite
14223,21,16
timeStep,numberOfRobotsOnBlackSite,numberOfRobotsOnWhiteSite
14224,21,16
timeStep,numberOfRobotsOnBlackSite,numberOfRobotsOnWhiteSite
14225,21,16
timeStep,numberOfRobotsOnBlackSite,numberOfRobotsOnWhiteSite
14226,21,16
timeStep,numberOfRobotsOnBlackSite,numberOfRobotsOnWhiteSite
14227,21,16
timeStep,numberOfRobotsOnBlackSite,numberOfRobotsOnWhiteSite
14228,21,16
timeStep,numberOfRobotsOnBlackSite,numberOfRobotsOnWhiteSite
14229,21,16
timeStep,numberOfRobotsOnBlackSite,numberOfRobotsOnWhiteSite
14230,21,16
timeStep,numberOfRobotsOnBlackSite,numberOfRobotsOnWhiteSite
14231,21,16
timeStep,numberOfRobotsOnBlackSite,numberOfRobotsOnWhiteSite
14232,21,16
timeStep,numberOfRobotsOnBlackSite,numberOfRobotsOnWhiteSite
14233,21,16
timeStep,numberOfRobotsOnBlackSite,numberOfRobotsOnWhiteSite
14234,21,16
timeStep,numberOfRobotsOnBlackSite,numberOfRobotsOnWhiteSite
14235,21,16
timeStep,numberOfRobotsOnBlackSite,numberOfRobotsOnWhiteSite
14236,21,16
timeStep,numberOfRobotsOnBlackSite,numberOfRobotsOnWhiteSite
14237,21,16
timeStep,numberOfRobotsOnBlackSite,numberOfRobotsOnWhiteSite
14238,21,16
timeStep,numberOfRobotsOnBlackSite,numberOfRobotsOnWhiteSite
14239,21,16
timeStep,numberOfRobotsOnBlackSite,numberOfRobotsOnWhiteSite
14240,21,16
timeStep,numberOfRobotsOnBlackSite,numberOfRobotsOnWhiteSite
14241,21,16
timeStep,numberOfRobotsOnBlackSite,numberOfRobotsOnWhiteSite
14242,21,16
timeStep,numberOfRobotsOnBlackSite,numberOfRobotsOnWhiteSite
14243,21,16
timeStep,numberOfRobotsOnBlackSite,numberOfRobotsOnWhiteSite
14244,21,16
timeStep,numberOfRobotsOnBlackSite,numberOfRobotsOnWhiteSite
14245,21,16
timeStep,numberOfRobotsOnBlackSite,numberOfRobotsOnWhiteSite
14246,21,16
timeStep,numberOfRobotsOnBlackSite,numberOfRobotsOnWhiteSite
14247,21,16
timeStep,numberOfRobotsOnBlackSite,numberOfRobotsOnWhiteSite
14248,21,16
timeStep,numberOfRobotsOnBlackSite,numberOfRobotsOnWhiteSite
14249,21,16
timeStep,numberOfRobotsOnBlackSite,numberOfRobotsOnWhiteSite
14250,21,16
timeStep,numberOfRobotsOnBlackSite,numberOfRobotsOnWhiteSite
14251,21,16
timeStep,numberOfRobotsOnBlackSite,numberOfRobotsOnWhiteSite
14252,21,16
timeStep,numberOfRobotsOnBlackSite,numberOfRobotsOnWhiteSite
14253,21,16
timeStep,numberOfRobotsOnBlackSite,numberOfRobotsOnWhiteSite
14254,21,16
timeStep,numberOfRobotsOnBlackSite,numberOfRobotsOnWhiteSite
14255,21,16
timeStep,numberOfRobotsOnBlackSite,numberOfRobotsOnWhiteSite
14256,21,16
timeStep,numberOfRobotsOnBlackSite,numberOfRobotsOnWhiteSite
14257,21,16
timeStep,numberOfRobotsOnBlackSite,numberOfRobotsOnWhiteSite
14258,21,16
timeStep,numberOfRobotsOnBlackSite,numberOfRobotsOnWhiteSite
14259,21,16
timeStep,numberOfRobotsOnBlackSite,numberOfRobotsOnWhiteSite
14260,21,16
timeStep,numberOfRobotsOnBlackSite,numberOfRobotsOnWhiteSite
14261,21,16
timeStep,numberOfRobotsOnBlackSite,numberOfRobotsOnWhiteSite
14262,21,16
timeStep,numberOfRobotsOnBlackSite,numberOfRobotsOnWhiteSite
14263,21,16
timeStep,numberOfRobotsOnBlackSite,numberOfRobotsOnWhiteSite
14264,21,16
timeStep,numberOfRobotsOnBlackSite,numberOfRobotsOnWhiteSite
14265,22,16
timeStep,numberOfRobotsOnBlackSite,numberOfRobotsOnWhiteSite
14266,22,16
timeStep,numberOfRobotsOnBlackSite,numberOfRobotsOnWhiteSite
14267,22,16
timeStep,numberOfRobotsOnBlackSite,numberOfRobotsOnWhiteSite
14268,22,16
timeStep,numberOfRobotsOnBlackSite,numberOfRobotsOnWhiteSite
14269,22,16
timeStep,numberOfRobotsOnBlackSite,numberOfRobotsOnWhiteSite
14270,22,16
timeStep,numberOfRobotsOnBlackSite,numberOfRobotsOnWhiteSite
14271,22,16
timeStep,numberOfRobotsOnBlackSite,numberOfRobotsOnWhiteSite
14272,22,16
timeStep,numberOfRobotsOnBlackSite,numberOfRobotsOnWhiteSite
14273,22,16
timeStep,numberOfRobotsOnBlackSite,numberOfRobotsOnWhiteSite
14274,22,16
timeStep,numberOfRobotsOnBlackSite,numberOfRobotsOnWhiteSite
14275,22,16
timeStep,numberOfRobotsOnBlackSite,numberOfRobotsOnWhiteSite
14276,22,16
timeStep,numberOfRobotsOnBlackSite,numberOfRobotsOnWhiteSite
14277,22,16
timeStep,numberOfRobotsOnBlackSite,numberOfRobotsOnWhiteSite
14278,22,16
timeStep,numberOfRobotsOnBlackSite,numberOfRobotsOnWhiteSite
14279,22,16
timeStep,numberOfRobotsOnBlackSite,numberOfRobotsOnWhiteSite
14280,22,16
timeStep,numberOfRobotsOnBlackSite,numberOfRobotsOnWhiteSite
14281,22,16
timeStep,numberOfRobotsOnBlackSite,numberOfRobotsOnWhiteSite
14282,22,16
timeStep,numberOfRobotsOnBlackSite,numberOfRobotsOnWhiteSite
14283,22,16
timeStep,numberOfRobotsOnBlackSite,numberOfRobotsOnWhiteSite
14284,22,16
timeStep,numberOfRobotsOnBlackSite,numberOfRobotsOnWhiteSite
14285,22,15
timeStep,numberOfRobotsOnBlackSite,numberOfRobotsOnWhiteSite
14286,22,15
timeStep,numberOfRobotsOnBlackSite,numberOfRobotsOnWhiteSite
14287,22,15
timeStep,numberOfRobotsOnBlackSite,numberOfRobotsOnWhiteSite
14288,22,15
timeStep,numberOfRobotsOnBlackSite,numberOfRobotsOnWhiteSite
14289,22,15
timeStep,numberOfRobotsOnBlackSite,numberOfRobotsOnWhiteSite
14290,22,15
timeStep,numberOfRobotsOnBlackSite,numberOfRobotsOnWhiteSite
14291,22,15
timeStep,numberOfRobotsOnBlackSite,numberOfRobotsOnWhiteSite
14292,22,15
timeStep,numberOfRobotsOnBlackSite,numberOfRobotsOnWhiteSite
14293,22,15
timeStep,numberOfRobotsOnBlackSite,numberOfRobotsOnWhiteSite
14294,22,15
timeStep,numberOfRobotsOnBlackSite,numberOfRobotsOnWhiteSite
14295,22,15
timeStep,numberOfRobotsOnBlackSite,numberOfRobotsOnWhiteSite
14296,22,15
timeStep,numberOfRobotsOnBlackSite,numberOfRobotsOnWhiteSite
14297,22,15
timeStep,numberOfRobotsOnBlackSite,numberOfRobotsOnWhiteSite
14298,22,15
timeStep,numberOfRobotsOnBlackSite,numberOfRobotsOnWhiteSite
14299,22,15
timeStep,numberOfRobotsOnBlackSite,numberOfRobotsOnWhiteSite
14300,22,15
timeStep,numberOfRobotsOnBlackSite,numberOfRobotsOnWhiteSite
14301,22,15
timeStep,numberOfRobotsOnBlackSite,numberOfRobotsOnWhiteSite
14302,22,15
timeStep,numberOfRobotsOnBlackSite,numberOfRobotsOnWhiteSite
14303,22,15
timeStep,numberOfRobotsOnBlackSite,numberOfRobotsOnWhiteSite
14304,22,15
timeStep,numberOfRobotsOnBlackSite,numberOfRobotsOnWhiteSite
14305,22,15
timeStep,numberOfRobotsOnBlackSite,numberOfRobotsOnWhiteSite
14306,22,15
timeStep,numberOfRobotsOnBlackSite,numberOfRobotsOnWhiteSite
14307,22,15
timeStep,numberOfRobotsOnBlackSite,numberOfRobotsOnWhiteSite
14308,22,15
timeStep,numberOfRobotsOnBlackSite,numberOfRobotsOnWhiteSite
14309,22,15
timeStep,numberOfRobotsOnBlackSite,numberOfRobotsOnWhiteSite
14310,22,15
timeStep,numberOfRobotsOnBlackSite,numberOfRobotsOnWhiteSite
14311,22,15
timeStep,numberOfRobotsOnBlackSite,numberOfRobotsOnWhiteSite
14312,22,15
timeStep,numberOfRobotsOnBlackSite,numberOfRobotsOnWhiteSite
14313,22,15
timeStep,numberOfRobotsOnBlackSite,numberOfRobotsOnWhiteSite
14314,22,15
timeStep,numberOfRobotsOnBlackSite,numberOfRobotsOnWhiteSite
14315,22,15
timeStep,numberOfRobotsOnBlackSite,numberOfRobotsOnWhiteSite
14316,22,15
timeStep,numberOfRobotsOnBlackSite,numberOfRobotsOnWhiteSite
14317,22,15
timeStep,numberOfRobotsOnBlackSite,numberOfRobotsOnWhiteSite
14318,22,15
timeStep,numberOfRobotsOnBlackSite,numberOfRobotsOnWhiteSite
14319,22,15
timeStep,numberOfRobotsOnBlackSite,numberOfRobotsOnWhiteSite
14320,22,15
timeStep,numberOfRobotsOnBlackSite,numberOfRobotsOnWhiteSite
14321,22,15
timeStep,numberOfRobotsOnBlackSite,numberOfRobotsOnWhiteSite
14322,22,15
timeStep,numberOfRobotsOnBlackSite,numberOfRobotsOnWhiteSite
14323,22,15
timeStep,numberOfRobotsOnBlackSite,numberOfRobotsOnWhiteSite
14324,22,15
timeStep,numberOfRobotsOnBlackSite,numberOfRobotsOnWhiteSite
14325,22,16
timeStep,numberOfRobotsOnBlackSite,numberOfRobotsOnWhiteSite
14326,22,16
timeStep,numberOfRobotsOnBlackSite,numberOfRobotsOnWhiteSite
14327,22,16
timeStep,numberOfRobotsOnBlackSite,numberOfRobotsOnWhiteSite
14328,22,16
timeStep,numberOfRobotsOnBlackSite,numberOfRobotsOnWhiteSite
14329,22,16
timeStep,numberOfRobotsOnBlackSite,numberOfRobotsOnWhiteSite
14330,22,16
timeStep,numberOfRobotsOnBlackSite,numberOfRobotsOnWhiteSite
14331,22,16
timeStep,numberOfRobotsOnBlackSite,numberOfRobotsOnWhiteSite
14332,22,16
timeStep,numberOfRobotsOnBlackSite,numberOfRobotsOnWhiteSite
14333,22,16
timeStep,numberOfRobotsOnBlackSite,numberOfRobotsOnWhiteSite
14334,22,16
timeStep,numberOfRobotsOnBlackSite,numberOfRobotsOnWhiteSite
14335,22,16
timeStep,numberOfRobotsOnBlackSite,numberOfRobotsOnWhiteSite
14336,22,16
timeStep,numberOfRobotsOnBlackSite,numberOfRobotsOnWhiteSite
14337,22,16
timeStep,numberOfRobotsOnBlackSite,numberOfRobotsOnWhiteSite
14338,22,16
timeStep,numberOfRobotsOnBlackSite,numberOfRobotsOnWhiteSite
14339,22,16
timeStep,numberOfRobotsOnBlackSite,numberOfRobotsOnWhiteSite
14340,23,16
timeStep,numberOfRobotsOnBlackSite,numberOfRobotsOnWhiteSite
14341,23,16
timeStep,numberOfRobotsOnBlackSite,numberOfRobotsOnWhiteSite
14342,23,16
timeStep,numberOfRobotsOnBlackSite,numberOfRobotsOnWhiteSite
14343,23,16
timeStep,numberOfRobotsOnBlackSite,numberOfRobotsOnWhiteSite
14344,23,16
timeStep,numberOfRobotsOnBlackSite,numberOfRobotsOnWhiteSite
14345,23,16
timeStep,numberOfRobotsOnBlackSite,numberOfRobotsOnWhiteSite
14346,23,16
timeStep,numberOfRobotsOnBlackSite,numberOfRobotsOnWhiteSite
14347,23,16
timeStep,numberOfRobotsOnBlackSite,numberOfRobotsOnWhiteSite
14348,23,16
timeStep,numberOfRobotsOnBlackSite,numberOfRobotsOnWhiteSite
14349,23,16
timeStep,numberOfRobotsOnBlackSite,numberOfRobotsOnWhiteSite
14350,22,16
timeStep,numberOfRobotsOnBlackSite,numberOfRobotsOnWhiteSite
14351,22,16
timeStep,numberOfRobotsOnBlackSite,numberOfRobotsOnWhiteSite
14352,22,16
timeStep,numberOfRobotsOnBlackSite,numberOfRobotsOnWhiteSite
14353,22,16
timeStep,numberOfRobotsOnBlackSite,numberOfRobotsOnWhiteSite
14354,22,16
timeStep,numberOfRobotsOnBlackSite,numberOfRobotsOnWhiteSite
14355,22,16
timeStep,numberOfRobotsOnBlackSite,numberOfRobotsOnWhiteSite
14356,22,16
timeStep,numberOfRobotsOnBlackSite,numberOfRobotsOnWhiteSite
14357,22,16
timeStep,numberOfRobotsOnBlackSite,numberOfRobotsOnWhiteSite
14358,22,16
timeStep,numberOfRobotsOnBlackSite,numberOfRobotsOnWhiteSite
14359,22,16
timeStep,numberOfRobotsOnBlackSite,numberOfRobotsOnWhiteSite
14360,22,16
timeStep,numberOfRobotsOnBlackSite,numberOfRobotsOnWhiteSite
14361,22,16
timeStep,numberOfRobotsOnBlackSite,numberOfRobotsOnWhiteSite
14362,22,16
timeStep,numberOfRobotsOnBlackSite,numberOfRobotsOnWhiteSite
14363,22,16
timeStep,numberOfRobotsOnBlackSite,numberOfRobotsOnWhiteSite
14364,22,16
timeStep,numberOfRobotsOnBlackSite,numberOfRobotsOnWhiteSite
14365,21,16
timeStep,numberOfRobotsOnBlackSite,numberOfRobotsOnWhiteSite
14366,21,16
timeStep,numberOfRobotsOnBlackSite,numberOfRobotsOnWhiteSite
14367,21,16
timeStep,numberOfRobotsOnBlackSite,numberOfRobotsOnWhiteSite
14368,21,16
timeStep,numberOfRobotsOnBlackSite,numberOfRobotsOnWhiteSite
14369,21,16
timeStep,numberOfRobotsOnBlackSite,numberOfRobotsOnWhiteSite
14370,21,16
timeStep,numberOfRobotsOnBlackSite,numberOfRobotsOnWhiteSite
14371,21,16
timeStep,numberOfRobotsOnBlackSite,numberOfRobotsOnWhiteSite
14372,21,16
timeStep,numberOfRobotsOnBlackSite,numberOfRobotsOnWhiteSite
14373,21,16
timeStep,numberOfRobotsOnBlackSite,numberOfRobotsOnWhiteSite
14374,21,16
timeStep,numberOfRobotsOnBlackSite,numberOfRobotsOnWhiteSite
14375,21,16
timeStep,numberOfRobotsOnBlackSite,numberOfRobotsOnWhiteSite
14376,21,16
timeStep,numberOfRobotsOnBlackSite,numberOfRobotsOnWhiteSite
14377,21,16
timeStep,numberOfRobotsOnBlackSite,numberOfRobotsOnWhiteSite
14378,21,16
timeStep,numberOfRobotsOnBlackSite,numberOfRobotsOnWhiteSite
14379,21,16
timeStep,numberOfRobotsOnBlackSite,numberOfRobotsOnWhiteSite
14380,21,17
timeStep,numberOfRobotsOnBlackSite,numberOfRobotsOnWhiteSite
14381,21,17
timeStep,numberOfRobotsOnBlackSite,numberOfRobotsOnWhiteSite
14382,21,17
timeStep,numberOfRobotsOnBlackSite,numberOfRobotsOnWhiteSite
14383,21,17
timeStep,numberOfRobotsOnBlackSite,numberOfRobotsOnWhiteSite
14384,21,17
timeStep,numberOfRobotsOnBlackSite,numberOfRobotsOnWhiteSite
14385,21,17
timeStep,numberOfRobotsOnBlackSite,numberOfRobotsOnWhiteSite
14386,21,17
timeStep,numberOfRobotsOnBlackSite,numberOfRobotsOnWhiteSite
14387,21,17
timeStep,numberOfRobotsOnBlackSite,numberOfRobotsOnWhiteSite
14388,21,17
timeStep,numberOfRobotsOnBlackSite,numberOfRobotsOnWhiteSite
14389,21,17
timeStep,numberOfRobotsOnBlackSite,numberOfRobotsOnWhiteSite
14390,21,17
timeStep,numberOfRobotsOnBlackSite,numberOfRobotsOnWhiteSite
14391,21,17
timeStep,numberOfRobotsOnBlackSite,numberOfRobotsOnWhiteSite
14392,21,17
timeStep,numberOfRobotsOnBlackSite,numberOfRobotsOnWhiteSite
14393,21,17
timeStep,numberOfRobotsOnBlackSite,numberOfRobotsOnWhiteSite
14394,21,17
timeStep,numberOfRobotsOnBlackSite,numberOfRobotsOnWhiteSite
14395,21,17
timeStep,numberOfRobotsOnBlackSite,numberOfRobotsOnWhiteSite
14396,21,17
timeStep,numberOfRobotsOnBlackSite,numberOfRobotsOnWhiteSite
14397,21,17
timeStep,numberOfRobotsOnBlackSite,numberOfRobotsOnWhiteSite
14398,21,17
timeStep,numberOfRobotsOnBlackSite,numberOfRobotsOnWhiteSite
14399,21,17
timeStep,numberOfRobotsOnBlackSite,numberOfRobotsOnWhiteSite
14400,22,18
timeStep,numberOfRobotsOnBlackSite,numberOfRobotsOnWhiteSite
14401,22,18
timeStep,numberOfRobotsOnBlackSite,numberOfRobotsOnWhiteSite
14402,22,18
timeStep,numberOfRobotsOnBlackSite,numberOfRobotsOnWhiteSite
14403,22,18
timeStep,numberOfRobotsOnBlackSite,numberOfRobotsOnWhiteSite
14404,22,18
timeStep,numberOfRobotsOnBlackSite,numberOfRobotsOnWhiteSite
14405,22,18
timeStep,numberOfRobotsOnBlackSite,numberOfRobotsOnWhiteSite
14406,22,18
timeStep,numberOfRobotsOnBlackSite,numberOfRobotsOnWhiteSite
14407,22,18
timeStep,numberOfRobotsOnBlackSite,numberOfRobotsOnWhiteSite
14408,22,18
timeStep,numberOfRobotsOnBlackSite,numberOfRobotsOnWhiteSite
14409,22,18
timeStep,numberOfRobotsOnBlackSite,numberOfRobotsOnWhiteSite
14410,22,18
timeStep,numberOfRobotsOnBlackSite,numberOfRobotsOnWhiteSite
14411,22,18
timeStep,numberOfRobotsOnBlackSite,numberOfRobotsOnWhiteSite
14412,22,18
timeStep,numberOfRobotsOnBlackSite,numberOfRobotsOnWhiteSite
14413,22,18
timeStep,numberOfRobotsOnBlackSite,numberOfRobotsOnWhiteSite
14414,22,18
timeStep,numberOfRobotsOnBlackSite,numberOfRobotsOnWhiteSite
14415,22,18
timeStep,numberOfRobotsOnBlackSite,numberOfRobotsOnWhiteSite
14416,22,18
timeStep,numberOfRobotsOnBlackSite,numberOfRobotsOnWhiteSite
14417,22,18
timeStep,numberOfRobotsOnBlackSite,numberOfRobotsOnWhiteSite
14418,22,18
timeStep,numberOfRobotsOnBlackSite,numberOfRobotsOnWhiteSite
14419,22,18
timeStep,numberOfRobotsOnBlackSite,numberOfRobotsOnWhiteSite
14420,22,18
timeStep,numberOfRobotsOnBlackSite,numberOfRobotsOnWhiteSite
14421,22,18
timeStep,numberOfRobotsOnBlackSite,numberOfRobotsOnWhiteSite
14422,22,18
timeStep,numberOfRobotsOnBlackSite,numberOfRobotsOnWhiteSite
14423,22,18
timeStep,numberOfRobotsOnBlackSite,numberOfRobotsOnWhiteSite
14424,22,18
timeStep,numberOfRobotsOnBlackSite,numberOfRobotsOnWhiteSite
14425,22,18
timeStep,numberOfRobotsOnBlackSite,numberOfRobotsOnWhiteSite
14426,22,18
timeStep,numberOfRobotsOnBlackSite,numberOfRobotsOnWhiteSite
14427,22,18
timeStep,numberOfRobotsOnBlackSite,numberOfRobotsOnWhiteSite
14428,22,18
timeStep,numberOfRobotsOnBlackSite,numberOfRobotsOnWhiteSite
14429,22,18
timeStep,numberOfRobotsOnBlackSite,numberOfRobotsOnWhiteSite
14430,22,18
timeStep,numberOfRobotsOnBlackSite,numberOfRobotsOnWhiteSite
14431,22,18
timeStep,numberOfRobotsOnBlackSite,numberOfRobotsOnWhiteSite
14432,22,18
timeStep,numberOfRobotsOnBlackSite,numberOfRobotsOnWhiteSite
14433,22,18
timeStep,numberOfRobotsOnBlackSite,numberOfRobotsOnWhiteSite
14434,22,18
timeStep,numberOfRobotsOnBlackSite,numberOfRobotsOnWhiteSite
14435,23,18
timeStep,numberOfRobotsOnBlackSite,numberOfRobotsOnWhiteSite
14436,23,18
timeStep,numberOfRobotsOnBlackSite,numberOfRobotsOnWhiteSite
14437,23,18
timeStep,numberOfRobotsOnBlackSite,numberOfRobotsOnWhiteSite
14438,23,18
timeStep,numberOfRobotsOnBlackSite,numberOfRobotsOnWhiteSite
14439,23,18
timeStep,numberOfRobotsOnBlackSite,numberOfRobotsOnWhiteSite
14440,22,18
timeStep,numberOfRobotsOnBlackSite,numberOfRobotsOnWhiteSite
14441,22,18
timeStep,numberOfRobotsOnBlackSite,numberOfRobotsOnWhiteSite
14442,22,18
timeStep,numberOfRobotsOnBlackSite,numberOfRobotsOnWhiteSite
14443,22,18
timeStep,numberOfRobotsOnBlackSite,numberOfRobotsOnWhiteSite
14444,22,18
timeStep,numberOfRobotsOnBlackSite,numberOfRobotsOnWhiteSite
14445,22,18
timeStep,numberOfRobotsOnBlackSite,numberOfRobotsOnWhiteSite
14446,22,18
timeStep,numberOfRobotsOnBlackSite,numberOfRobotsOnWhiteSite
14447,22,18
timeStep,numberOfRobotsOnBlackSite,numberOfRobotsOnWhiteSite
14448,22,18
timeStep,numberOfRobotsOnBlackSite,numberOfRobotsOnWhiteSite
14449,22,18
timeStep,numberOfRobotsOnBlackSite,numberOfRobotsOnWhiteSite
14450,22,18
timeStep,numberOfRobotsOnBlackSite,numberOfRobotsOnWhiteSite
14451,22,18
timeStep,numberOfRobotsOnBlackSite,numberOfRobotsOnWhiteSite
14452,22,18
timeStep,numberOfRobotsOnBlackSite,numberOfRobotsOnWhiteSite
14453,22,18
timeStep,numberOfRobotsOnBlackSite,numberOfRobotsOnWhiteSite
14454,22,18
timeStep,numberOfRobotsOnBlackSite,numberOfRobotsOnWhiteSite
14455,22,18
timeStep,numberOfRobotsOnBlackSite,numberOfRobotsOnWhiteSite
14456,22,18
timeStep,numberOfRobotsOnBlackSite,numberOfRobotsOnWhiteSite
14457,22,18
timeStep,numberOfRobotsOnBlackSite,numberOfRobotsOnWhiteSite
14458,22,18
timeStep,numberOfRobotsOnBlackSite,numberOfRobotsOnWhiteSite
14459,22,18
timeStep,numberOfRobotsOnBlackSite,numberOfRobotsOnWhiteSite
14460,22,18
timeStep,numberOfRobotsOnBlackSite,numberOfRobotsOnWhiteSite
14461,22,18
timeStep,numberOfRobotsOnBlackSite,numberOfRobotsOnWhiteSite
14462,22,18
timeStep,numberOfRobotsOnBlackSite,numberOfRobotsOnWhiteSite
14463,22,18
timeStep,numberOfRobotsOnBlackSite,numberOfRobotsOnWhiteSite
14464,22,18
timeStep,numberOfRobotsOnBlackSite,numberOfRobotsOnWhiteSite
14465,22,18
timeStep,numberOfRobotsOnBlackSite,numberOfRobotsOnWhiteSite
14466,22,18
timeStep,numberOfRobotsOnBlackSite,numberOfRobotsOnWhiteSite
14467,22,18
timeStep,numberOfRobotsOnBlackSite,numberOfRobotsOnWhiteSite
14468,22,18
timeStep,numberOfRobotsOnBlackSite,numberOfRobotsOnWhiteSite
14469,22,18
timeStep,numberOfRobotsOnBlackSite,numberOfRobotsOnWhiteSite
14470,22,18
timeStep,numberOfRobotsOnBlackSite,numberOfRobotsOnWhiteSite
14471,22,18
timeStep,numberOfRobotsOnBlackSite,numberOfRobotsOnWhiteSite
14472,22,18
timeStep,numberOfRobotsOnBlackSite,numberOfRobotsOnWhiteSite
14473,22,18
timeStep,numberOfRobotsOnBlackSite,numberOfRobotsOnWhiteSite
14474,22,18
timeStep,numberOfRobotsOnBlackSite,numberOfRobotsOnWhiteSite
14475,22,18
timeStep,numberOfRobotsOnBlackSite,numberOfRobotsOnWhiteSite
14476,22,18
timeStep,numberOfRobotsOnBlackSite,numberOfRobotsOnWhiteSite
14477,22,18
timeStep,numberOfRobotsOnBlackSite,numberOfRobotsOnWhiteSite
14478,22,18
timeStep,numberOfRobotsOnBlackSite,numberOfRobotsOnWhiteSite
14479,22,18
timeStep,numberOfRobotsOnBlackSite,numberOfRobotsOnWhiteSite
14480,22,18
timeStep,numberOfRobotsOnBlackSite,numberOfRobotsOnWhiteSite
14481,22,18
timeStep,numberOfRobotsOnBlackSite,numberOfRobotsOnWhiteSite
14482,22,18
timeStep,numberOfRobotsOnBlackSite,numberOfRobotsOnWhiteSite
14483,22,18
timeStep,numberOfRobotsOnBlackSite,numberOfRobotsOnWhiteSite
14484,22,18
timeStep,numberOfRobotsOnBlackSite,numberOfRobotsOnWhiteSite
14485,22,18
timeStep,numberOfRobotsOnBlackSite,numberOfRobotsOnWhiteSite
14486,22,18
timeStep,numberOfRobotsOnBlackSite,numberOfRobotsOnWhiteSite
14487,22,18
timeStep,numberOfRobotsOnBlackSite,numberOfRobotsOnWhiteSite
14488,22,18
timeStep,numberOfRobotsOnBlackSite,numberOfRobotsOnWhiteSite
14489,22,18
timeStep,numberOfRobotsOnBlackSite,numberOfRobotsOnWhiteSite
14490,22,18
timeStep,numberOfRobotsOnBlackSite,numberOfRobotsOnWhiteSite
14491,22,18
timeStep,numberOfRobotsOnBlackSite,numberOfRobotsOnWhiteSite
14492,22,18
timeStep,numberOfRobotsOnBlackSite,numberOfRobotsOnWhiteSite
14493,22,18
timeStep,numberOfRobotsOnBlackSite,numberOfRobotsOnWhiteSite
14494,22,18
timeStep,numberOfRobotsOnBlackSite,numberOfRobotsOnWhiteSite
14495,22,18
timeStep,numberOfRobotsOnBlackSite,numberOfRobotsOnWhiteSite
14496,22,18
timeStep,numberOfRobotsOnBlackSite,numberOfRobotsOnWhiteSite
14497,22,18
timeStep,numberOfRobotsOnBlackSite,numberOfRobotsOnWhiteSite
14498,22,18
timeStep,numberOfRobotsOnBlackSite,numberOfRobotsOnWhiteSite
14499,22,18
timeStep,numberOfRobotsOnBlackSite,numberOfRobotsOnWhiteSite
14500,22,18
timeStep,numberOfRobotsOnBlackSite,numberOfRobotsOnWhiteSite
14501,22,18
timeStep,numberOfRobotsOnBlackSite,numberOfRobotsOnWhiteSite
14502,22,18
timeStep,numberOfRobotsOnBlackSite,numberOfRobotsOnWhiteSite
14503,22,18
timeStep,numberOfRobotsOnBlackSite,numberOfRobotsOnWhiteSite
14504,22,18
timeStep,numberOfRobotsOnBlackSite,numberOfRobotsOnWhiteSite
14505,22,18
timeStep,numberOfRobotsOnBlackSite,numberOfRobotsOnWhiteSite
14506,22,18
timeStep,numberOfRobotsOnBlackSite,numberOfRobotsOnWhiteSite
14507,22,18
timeStep,numberOfRobotsOnBlackSite,numberOfRobotsOnWhiteSite
14508,22,18
timeStep,numberOfRobotsOnBlackSite,numberOfRobotsOnWhiteSite
14509,22,18
timeStep,numberOfRobotsOnBlackSite,numberOfRobotsOnWhiteSite
14510,22,18
timeStep,numberOfRobotsOnBlackSite,numberOfRobotsOnWhiteSite
14511,22,18
timeStep,numberOfRobotsOnBlackSite,numberOfRobotsOnWhiteSite
14512,22,18
timeStep,numberOfRobotsOnBlackSite,numberOfRobotsOnWhiteSite
14513,22,18
timeStep,numberOfRobotsOnBlackSite,numberOfRobotsOnWhiteSite
14514,22,18
timeStep,numberOfRobotsOnBlackSite,numberOfRobotsOnWhiteSite
14515,22,18
timeStep,numberOfRobotsOnBlackSite,numberOfRobotsOnWhiteSite
14516,22,18
timeStep,numberOfRobotsOnBlackSite,numberOfRobotsOnWhiteSite
14517,22,18
timeStep,numberOfRobotsOnBlackSite,numberOfRobotsOnWhiteSite
14518,22,18
timeStep,numberOfRobotsOnBlackSite,numberOfRobotsOnWhiteSite
14519,22,18
timeStep,numberOfRobotsOnBlackSite,numberOfRobotsOnWhiteSite
14520,22,18
timeStep,numberOfRobotsOnBlackSite,numberOfRobotsOnWhiteSite
14521,22,18
timeStep,numberOfRobotsOnBlackSite,numberOfRobotsOnWhiteSite
14522,22,18
timeStep,numberOfRobotsOnBlackSite,numberOfRobotsOnWhiteSite
14523,22,18
timeStep,numberOfRobotsOnBlackSite,numberOfRobotsOnWhiteSite
14524,22,18
timeStep,numberOfRobotsOnBlackSite,numberOfRobotsOnWhiteSite
14525,22,18
timeStep,numberOfRobotsOnBlackSite,numberOfRobotsOnWhiteSite
14526,22,18
timeStep,numberOfRobotsOnBlackSite,numberOfRobotsOnWhiteSite
14527,22,18
timeStep,numberOfRobotsOnBlackSite,numberOfRobotsOnWhiteSite
14528,22,18
timeStep,numberOfRobotsOnBlackSite,numberOfRobotsOnWhiteSite
14529,22,18
timeStep,numberOfRobotsOnBlackSite,numberOfRobotsOnWhiteSite
14530,22,18
timeStep,numberOfRobotsOnBlackSite,numberOfRobotsOnWhiteSite
14531,22,18
timeStep,numberOfRobotsOnBlackSite,numberOfRobotsOnWhiteSite
14532,22,18
timeStep,numberOfRobotsOnBlackSite,numberOfRobotsOnWhiteSite
14533,22,18
timeStep,numberOfRobotsOnBlackSite,numberOfRobotsOnWhiteSite
14534,22,18
timeStep,numberOfRobotsOnBlackSite,numberOfRobotsOnWhiteSite
14535,22,18
timeStep,numberOfRobotsOnBlackSite,numberOfRobotsOnWhiteSite
14536,22,18
timeStep,numberOfRobotsOnBlackSite,numberOfRobotsOnWhiteSite
14537,22,18
timeStep,numberOfRobotsOnBlackSite,numberOfRobotsOnWhiteSite
14538,22,18
timeStep,numberOfRobotsOnBlackSite,numberOfRobotsOnWhiteSite
14539,22,18
timeStep,numberOfRobotsOnBlackSite,numberOfRobotsOnWhiteSite
14540,22,18
timeStep,numberOfRobotsOnBlackSite,numberOfRobotsOnWhiteSite
14541,22,18
timeStep,numberOfRobotsOnBlackSite,numberOfRobotsOnWhiteSite
14542,22,18
timeStep,numberOfRobotsOnBlackSite,numberOfRobotsOnWhiteSite
14543,22,18
timeStep,numberOfRobotsOnBlackSite,numberOfRobotsOnWhiteSite
14544,22,18
timeStep,numberOfRobotsOnBlackSite,numberOfRobotsOnWhiteSite
14545,22,18
timeStep,numberOfRobotsOnBlackSite,numberOfRobotsOnWhiteSite
14546,22,18
timeStep,numberOfRobotsOnBlackSite,numberOfRobotsOnWhiteSite
14547,22,18
timeStep,numberOfRobotsOnBlackSite,numberOfRobotsOnWhiteSite
14548,22,18
timeStep,numberOfRobotsOnBlackSite,numberOfRobotsOnWhiteSite
14549,22,18
timeStep,numberOfRobotsOnBlackSite,numberOfRobotsOnWhiteSite
14550,22,18
timeStep,numberOfRobotsOnBlackSite,numberOfRobotsOnWhiteSite
14551,22,18
timeStep,numberOfRobotsOnBlackSite,numberOfRobotsOnWhiteSite
14552,22,18
timeStep,numberOfRobotsOnBlackSite,numberOfRobotsOnWhiteSite
14553,22,18
timeStep,numberOfRobotsOnBlackSite,numberOfRobotsOnWhiteSite
14554,22,18
timeStep,numberOfRobotsOnBlackSite,numberOfRobotsOnWhiteSite
14555,22,17
timeStep,numberOfRobotsOnBlackSite,numberOfRobotsOnWhiteSite
14556,22,17
timeStep,numberOfRobotsOnBlackSite,numberOfRobotsOnWhiteSite
14557,22,17
timeStep,numberOfRobotsOnBlackSite,numberOfRobotsOnWhiteSite
14558,22,17
timeStep,numberOfRobotsOnBlackSite,numberOfRobotsOnWhiteSite
14559,22,17
timeStep,numberOfRobotsOnBlackSite,numberOfRobotsOnWhiteSite
14560,22,17
timeStep,numberOfRobotsOnBlackSite,numberOfRobotsOnWhiteSite
14561,22,17
timeStep,numberOfRobotsOnBlackSite,numberOfRobotsOnWhiteSite
14562,22,17
timeStep,numberOfRobotsOnBlackSite,numberOfRobotsOnWhiteSite
14563,22,17
timeStep,numberOfRobotsOnBlackSite,numberOfRobotsOnWhiteSite
14564,22,17
timeStep,numberOfRobotsOnBlackSite,numberOfRobotsOnWhiteSite
14565,22,17
timeStep,numberOfRobotsOnBlackSite,numberOfRobotsOnWhiteSite
14566,22,17
timeStep,numberOfRobotsOnBlackSite,numberOfRobotsOnWhiteSite
14567,22,17
timeStep,numberOfRobotsOnBlackSite,numberOfRobotsOnWhiteSite
14568,22,17
timeStep,numberOfRobotsOnBlackSite,numberOfRobotsOnWhiteSite
14569,22,17
timeStep,numberOfRobotsOnBlackSite,numberOfRobotsOnWhiteSite
14570,22,17
timeStep,numberOfRobotsOnBlackSite,numberOfRobotsOnWhiteSite
14571,22,17
timeStep,numberOfRobotsOnBlackSite,numberOfRobotsOnWhiteSite
14572,22,17
timeStep,numberOfRobotsOnBlackSite,numberOfRobotsOnWhiteSite
14573,22,17
timeStep,numberOfRobotsOnBlackSite,numberOfRobotsOnWhiteSite
14574,22,17
timeStep,numberOfRobotsOnBlackSite,numberOfRobotsOnWhiteSite
14575,22,17
timeStep,numberOfRobotsOnBlackSite,numberOfRobotsOnWhiteSite
14576,22,17
timeStep,numberOfRobotsOnBlackSite,numberOfRobotsOnWhiteSite
14577,22,17
timeStep,numberOfRobotsOnBlackSite,numberOfRobotsOnWhiteSite
14578,22,17
timeStep,numberOfRobotsOnBlackSite,numberOfRobotsOnWhiteSite
14579,22,17
timeStep,numberOfRobotsOnBlackSite,numberOfRobotsOnWhiteSite
14580,22,17
timeStep,numberOfRobotsOnBlackSite,numberOfRobotsOnWhiteSite
14581,22,17
timeStep,numberOfRobotsOnBlackSite,numberOfRobotsOnWhiteSite
14582,22,17
timeStep,numberOfRobotsOnBlackSite,numberOfRobotsOnWhiteSite
14583,22,17
timeStep,numberOfRobotsOnBlackSite,numberOfRobotsOnWhiteSite
14584,22,17
timeStep,numberOfRobotsOnBlackSite,numberOfRobotsOnWhiteSite
14585,22,17
timeStep,numberOfRobotsOnBlackSite,numberOfRobotsOnWhiteSite
14586,22,17
timeStep,numberOfRobotsOnBlackSite,numberOfRobotsOnWhiteSite
14587,22,17
timeStep,numberOfRobotsOnBlackSite,numberOfRobotsOnWhiteSite
14588,22,17
timeStep,numberOfRobotsOnBlackSite,numberOfRobotsOnWhiteSite
14589,22,17
timeStep,numberOfRobotsOnBlackSite,numberOfRobotsOnWhiteSite
14590,22,17
timeStep,numberOfRobotsOnBlackSite,numberOfRobotsOnWhiteSite
14591,22,17
timeStep,numberOfRobotsOnBlackSite,numberOfRobotsOnWhiteSite
14592,22,17
timeStep,numberOfRobotsOnBlackSite,numberOfRobotsOnWhiteSite
14593,22,17
timeStep,numberOfRobotsOnBlackSite,numberOfRobotsOnWhiteSite
14594,22,17
timeStep,numberOfRobotsOnBlackSite,numberOfRobotsOnWhiteSite
14595,22,17
timeStep,numberOfRobotsOnBlackSite,numberOfRobotsOnWhiteSite
14596,22,17
timeStep,numberOfRobotsOnBlackSite,numberOfRobotsOnWhiteSite
14597,22,17
timeStep,numberOfRobotsOnBlackSite,numberOfRobotsOnWhiteSite
14598,22,17
timeStep,numberOfRobotsOnBlackSite,numberOfRobotsOnWhiteSite
14599,22,17
timeStep,numberOfRobotsOnBlackSite,numberOfRobotsOnWhiteSite
14600,23,17
timeStep,numberOfRobotsOnBlackSite,numberOfRobotsOnWhiteSite
14601,23,17
timeStep,numberOfRobotsOnBlackSite,numberOfRobotsOnWhiteSite
14602,23,17
timeStep,numberOfRobotsOnBlackSite,numberOfRobotsOnWhiteSite
14603,23,17
timeStep,numberOfRobotsOnBlackSite,numberOfRobotsOnWhiteSite
14604,23,17
timeStep,numberOfRobotsOnBlackSite,numberOfRobotsOnWhiteSite
14605,23,17
timeStep,numberOfRobotsOnBlackSite,numberOfRobotsOnWhiteSite
14606,23,17
timeStep,numberOfRobotsOnBlackSite,numberOfRobotsOnWhiteSite
14607,23,17
timeStep,numberOfRobotsOnBlackSite,numberOfRobotsOnWhiteSite
14608,23,17
timeStep,numberOfRobotsOnBlackSite,numberOfRobotsOnWhiteSite
14609,23,17
timeStep,numberOfRobotsOnBlackSite,numberOfRobotsOnWhiteSite
14610,23,17
timeStep,numberOfRobotsOnBlackSite,numberOfRobotsOnWhiteSite
14611,23,17
timeStep,numberOfRobotsOnBlackSite,numberOfRobotsOnWhiteSite
14612,23,17
timeStep,numberOfRobotsOnBlackSite,numberOfRobotsOnWhiteSite
14613,23,17
timeStep,numberOfRobotsOnBlackSite,numberOfRobotsOnWhiteSite
14614,23,17
timeStep,numberOfRobotsOnBlackSite,numberOfRobotsOnWhiteSite
14615,23,17
timeStep,numberOfRobotsOnBlackSite,numberOfRobotsOnWhiteSite
14616,23,17
timeStep,numberOfRobotsOnBlackSite,numberOfRobotsOnWhiteSite
14617,23,17
timeStep,numberOfRobotsOnBlackSite,numberOfRobotsOnWhiteSite
14618,23,17
timeStep,numberOfRobotsOnBlackSite,numberOfRobotsOnWhiteSite
14619,23,17
timeStep,numberOfRobotsOnBlackSite,numberOfRobotsOnWhiteSite
14620,23,17
timeStep,numberOfRobotsOnBlackSite,numberOfRobotsOnWhiteSite
14621,23,17
timeStep,numberOfRobotsOnBlackSite,numberOfRobotsOnWhiteSite
14622,23,17
timeStep,numberOfRobotsOnBlackSite,numberOfRobotsOnWhiteSite
14623,23,17
timeStep,numberOfRobotsOnBlackSite,numberOfRobotsOnWhiteSite
14624,23,17
timeStep,numberOfRobotsOnBlackSite,numberOfRobotsOnWhiteSite
14625,23,17
timeStep,numberOfRobotsOnBlackSite,numberOfRobotsOnWhiteSite
14626,23,17
timeStep,numberOfRobotsOnBlackSite,numberOfRobotsOnWhiteSite
14627,23,17
timeStep,numberOfRobotsOnBlackSite,numberOfRobotsOnWhiteSite
14628,23,17
timeStep,numberOfRobotsOnBlackSite,numberOfRobotsOnWhiteSite
14629,23,17
timeStep,numberOfRobotsOnBlackSite,numberOfRobotsOnWhiteSite
14630,23,17
timeStep,numberOfRobotsOnBlackSite,numberOfRobotsOnWhiteSite
14631,23,17
timeStep,numberOfRobotsOnBlackSite,numberOfRobotsOnWhiteSite
14632,23,17
timeStep,numberOfRobotsOnBlackSite,numberOfRobotsOnWhiteSite
14633,23,17
timeStep,numberOfRobotsOnBlackSite,numberOfRobotsOnWhiteSite
14634,23,17
timeStep,numberOfRobotsOnBlackSite,numberOfRobotsOnWhiteSite
14635,23,17
timeStep,numberOfRobotsOnBlackSite,numberOfRobotsOnWhiteSite
14636,23,17
timeStep,numberOfRobotsOnBlackSite,numberOfRobotsOnWhiteSite
14637,23,17
timeStep,numberOfRobotsOnBlackSite,numberOfRobotsOnWhiteSite
14638,23,17
timeStep,numberOfRobotsOnBlackSite,numberOfRobotsOnWhiteSite
14639,23,17
timeStep,numberOfRobotsOnBlackSite,numberOfRobotsOnWhiteSite
14640,23,17
timeStep,numberOfRobotsOnBlackSite,numberOfRobotsOnWhiteSite
14641,23,17
timeStep,numberOfRobotsOnBlackSite,numberOfRobotsOnWhiteSite
14642,23,17
timeStep,numberOfRobotsOnBlackSite,numberOfRobotsOnWhiteSite
14643,23,17
timeStep,numberOfRobotsOnBlackSite,numberOfRobotsOnWhiteSite
14644,23,17
timeStep,numberOfRobotsOnBlackSite,numberOfRobotsOnWhiteSite
14645,23,17
timeStep,numberOfRobotsOnBlackSite,numberOfRobotsOnWhiteSite
14646,23,17
timeStep,numberOfRobotsOnBlackSite,numberOfRobotsOnWhiteSite
14647,23,17
timeStep,numberOfRobotsOnBlackSite,numberOfRobotsOnWhiteSite
14648,23,17
timeStep,numberOfRobotsOnBlackSite,numberOfRobotsOnWhiteSite
14649,23,17
timeStep,numberOfRobotsOnBlackSite,numberOfRobotsOnWhiteSite
14650,22,17
timeStep,numberOfRobotsOnBlackSite,numberOfRobotsOnWhiteSite
14651,22,17
timeStep,numberOfRobotsOnBlackSite,numberOfRobotsOnWhiteSite
14652,22,17
timeStep,numberOfRobotsOnBlackSite,numberOfRobotsOnWhiteSite
14653,22,17
timeStep,numberOfRobotsOnBlackSite,numberOfRobotsOnWhiteSite
14654,22,17
timeStep,numberOfRobotsOnBlackSite,numberOfRobotsOnWhiteSite
14655,22,17
timeStep,numberOfRobotsOnBlackSite,numberOfRobotsOnWhiteSite
14656,22,17
timeStep,numberOfRobotsOnBlackSite,numberOfRobotsOnWhiteSite
14657,22,17
timeStep,numberOfRobotsOnBlackSite,numberOfRobotsOnWhiteSite
14658,22,17
timeStep,numberOfRobotsOnBlackSite,numberOfRobotsOnWhiteSite
14659,22,17
timeStep,numberOfRobotsOnBlackSite,numberOfRobotsOnWhiteSite
14660,22,17
timeStep,numberOfRobotsOnBlackSite,numberOfRobotsOnWhiteSite
14661,22,17
timeStep,numberOfRobotsOnBlackSite,numberOfRobotsOnWhiteSite
14662,22,17
timeStep,numberOfRobotsOnBlackSite,numberOfRobotsOnWhiteSite
14663,22,17
timeStep,numberOfRobotsOnBlackSite,numberOfRobotsOnWhiteSite
14664,22,17
timeStep,numberOfRobotsOnBlackSite,numberOfRobotsOnWhiteSite
14665,22,17
timeStep,numberOfRobotsOnBlackSite,numberOfRobotsOnWhiteSite
14666,22,17
timeStep,numberOfRobotsOnBlackSite,numberOfRobotsOnWhiteSite
14667,22,17
timeStep,numberOfRobotsOnBlackSite,numberOfRobotsOnWhiteSite
14668,22,17
timeStep,numberOfRobotsOnBlackSite,numberOfRobotsOnWhiteSite
14669,22,17
timeStep,numberOfRobotsOnBlackSite,numberOfRobotsOnWhiteSite
14670,22,17
timeStep,numberOfRobotsOnBlackSite,numberOfRobotsOnWhiteSite
14671,22,17
timeStep,numberOfRobotsOnBlackSite,numberOfRobotsOnWhiteSite
14672,22,17
timeStep,numberOfRobotsOnBlackSite,numberOfRobotsOnWhiteSite
14673,22,17
timeStep,numberOfRobotsOnBlackSite,numberOfRobotsOnWhiteSite
14674,22,17
timeStep,numberOfRobotsOnBlackSite,numberOfRobotsOnWhiteSite
14675,22,17
timeStep,numberOfRobotsOnBlackSite,numberOfRobotsOnWhiteSite
14676,22,17
timeStep,numberOfRobotsOnBlackSite,numberOfRobotsOnWhiteSite
14677,22,17
timeStep,numberOfRobotsOnBlackSite,numberOfRobotsOnWhiteSite
14678,22,17
timeStep,numberOfRobotsOnBlackSite,numberOfRobotsOnWhiteSite
14679,22,17
timeStep,numberOfRobotsOnBlackSite,numberOfRobotsOnWhiteSite
14680,22,17
timeStep,numberOfRobotsOnBlackSite,numberOfRobotsOnWhiteSite
14681,22,17
timeStep,numberOfRobotsOnBlackSite,numberOfRobotsOnWhiteSite
14682,22,17
timeStep,numberOfRobotsOnBlackSite,numberOfRobotsOnWhiteSite
14683,22,17
timeStep,numberOfRobotsOnBlackSite,numberOfRobotsOnWhiteSite
14684,22,17
timeStep,numberOfRobotsOnBlackSite,numberOfRobotsOnWhiteSite
14685,23,17
timeStep,numberOfRobotsOnBlackSite,numberOfRobotsOnWhiteSite
14686,23,17
timeStep,numberOfRobotsOnBlackSite,numberOfRobotsOnWhiteSite
14687,23,17
timeStep,numberOfRobotsOnBlackSite,numberOfRobotsOnWhiteSite
14688,23,17
timeStep,numberOfRobotsOnBlackSite,numberOfRobotsOnWhiteSite
14689,23,17
timeStep,numberOfRobotsOnBlackSite,numberOfRobotsOnWhiteSite
14690,23,17
timeStep,numberOfRobotsOnBlackSite,numberOfRobotsOnWhiteSite
14691,23,17
timeStep,numberOfRobotsOnBlackSite,numberOfRobotsOnWhiteSite
14692,23,17
timeStep,numberOfRobotsOnBlackSite,numberOfRobotsOnWhiteSite
14693,23,17
timeStep,numberOfRobotsOnBlackSite,numberOfRobotsOnWhiteSite
14694,23,17
timeStep,numberOfRobotsOnBlackSite,numberOfRobotsOnWhiteSite
14695,23,17
timeStep,numberOfRobotsOnBlackSite,numberOfRobotsOnWhiteSite
14696,23,17
timeStep,numberOfRobotsOnBlackSite,numberOfRobotsOnWhiteSite
14697,23,17
timeStep,numberOfRobotsOnBlackSite,numberOfRobotsOnWhiteSite
14698,23,17
timeStep,numberOfRobotsOnBlackSite,numberOfRobotsOnWhiteSite
14699,23,17
timeStep,numberOfRobotsOnBlackSite,numberOfRobotsOnWhiteSite
14700,23,17
timeStep,numberOfRobotsOnBlackSite,numberOfRobotsOnWhiteSite
14701,23,17
timeStep,numberOfRobotsOnBlackSite,numberOfRobotsOnWhiteSite
14702,23,17
timeStep,numberOfRobotsOnBlackSite,numberOfRobotsOnWhiteSite
14703,23,17
timeStep,numberOfRobotsOnBlackSite,numberOfRobotsOnWhiteSite
14704,23,17
timeStep,numberOfRobotsOnBlackSite,numberOfRobotsOnWhiteSite
14705,23,17
timeStep,numberOfRobotsOnBlackSite,numberOfRobotsOnWhiteSite
14706,23,17
timeStep,numberOfRobotsOnBlackSite,numberOfRobotsOnWhiteSite
14707,23,17
timeStep,numberOfRobotsOnBlackSite,numberOfRobotsOnWhiteSite
14708,23,17
timeStep,numberOfRobotsOnBlackSite,numberOfRobotsOnWhiteSite
14709,23,17
timeStep,numberOfRobotsOnBlackSite,numberOfRobotsOnWhiteSite
14710,22,17
timeStep,numberOfRobotsOnBlackSite,numberOfRobotsOnWhiteSite
14711,22,17
timeStep,numberOfRobotsOnBlackSite,numberOfRobotsOnWhiteSite
14712,22,17
timeStep,numberOfRobotsOnBlackSite,numberOfRobotsOnWhiteSite
14713,22,17
timeStep,numberOfRobotsOnBlackSite,numberOfRobotsOnWhiteSite
14714,22,17
timeStep,numberOfRobotsOnBlackSite,numberOfRobotsOnWhiteSite
14715,22,17
timeStep,numberOfRobotsOnBlackSite,numberOfRobotsOnWhiteSite
14716,22,17
timeStep,numberOfRobotsOnBlackSite,numberOfRobotsOnWhiteSite
14717,22,17
timeStep,numberOfRobotsOnBlackSite,numberOfRobotsOnWhiteSite
14718,22,17
timeStep,numberOfRobotsOnBlackSite,numberOfRobotsOnWhiteSite
14719,22,17
timeStep,numberOfRobotsOnBlackSite,numberOfRobotsOnWhiteSite
14720,22,17
timeStep,numberOfRobotsOnBlackSite,numberOfRobotsOnWhiteSite
14721,22,17
timeStep,numberOfRobotsOnBlackSite,numberOfRobotsOnWhiteSite
14722,22,17
timeStep,numberOfRobotsOnBlackSite,numberOfRobotsOnWhiteSite
14723,22,17
timeStep,numberOfRobotsOnBlackSite,numberOfRobotsOnWhiteSite
14724,22,17
timeStep,numberOfRobotsOnBlackSite,numberOfRobotsOnWhiteSite
14725,22,17
timeStep,numberOfRobotsOnBlackSite,numberOfRobotsOnWhiteSite
14726,22,17
timeStep,numberOfRobotsOnBlackSite,numberOfRobotsOnWhiteSite
14727,22,17
timeStep,numberOfRobotsOnBlackSite,numberOfRobotsOnWhiteSite
14728,22,17
timeStep,numberOfRobotsOnBlackSite,numberOfRobotsOnWhiteSite
14729,22,17
timeStep,numberOfRobotsOnBlackSite,numberOfRobotsOnWhiteSite
14730,22,17
timeStep,numberOfRobotsOnBlackSite,numberOfRobotsOnWhiteSite
14731,22,17
timeStep,numberOfRobotsOnBlackSite,numberOfRobotsOnWhiteSite
14732,22,17
timeStep,numberOfRobotsOnBlackSite,numberOfRobotsOnWhiteSite
14733,22,17
timeStep,numberOfRobotsOnBlackSite,numberOfRobotsOnWhiteSite
14734,22,17
timeStep,numberOfRobotsOnBlackSite,numberOfRobotsOnWhiteSite
14735,22,18
timeStep,numberOfRobotsOnBlackSite,numberOfRobotsOnWhiteSite
14736,22,18
timeStep,numberOfRobotsOnBlackSite,numberOfRobotsOnWhiteSite
14737,22,18
timeStep,numberOfRobotsOnBlackSite,numberOfRobotsOnWhiteSite
14738,22,18
timeStep,numberOfRobotsOnBlackSite,numberOfRobotsOnWhiteSite
14739,22,18
timeStep,numberOfRobotsOnBlackSite,numberOfRobotsOnWhiteSite
14740,22,18
timeStep,numberOfRobotsOnBlackSite,numberOfRobotsOnWhiteSite
14741,22,18
timeStep,numberOfRobotsOnBlackSite,numberOfRobotsOnWhiteSite
14742,22,18
timeStep,numberOfRobotsOnBlackSite,numberOfRobotsOnWhiteSite
14743,22,18
timeStep,numberOfRobotsOnBlackSite,numberOfRobotsOnWhiteSite
14744,22,18
timeStep,numberOfRobotsOnBlackSite,numberOfRobotsOnWhiteSite
14745,22,18
timeStep,numberOfRobotsOnBlackSite,numberOfRobotsOnWhiteSite
14746,22,18
timeStep,numberOfRobotsOnBlackSite,numberOfRobotsOnWhiteSite
14747,22,18
timeStep,numberOfRobotsOnBlackSite,numberOfRobotsOnWhiteSite
14748,22,18
timeStep,numberOfRobotsOnBlackSite,numberOfRobotsOnWhiteSite
14749,22,18
timeStep,numberOfRobotsOnBlackSite,numberOfRobotsOnWhiteSite
14750,23,18
timeStep,numberOfRobotsOnBlackSite,numberOfRobotsOnWhiteSite
14751,23,18
timeStep,numberOfRobotsOnBlackSite,numberOfRobotsOnWhiteSite
14752,23,18
timeStep,numberOfRobotsOnBlackSite,numberOfRobotsOnWhiteSite
14753,23,18
timeStep,numberOfRobotsOnBlackSite,numberOfRobotsOnWhiteSite
14754,23,18
timeStep,numberOfRobotsOnBlackSite,numberOfRobotsOnWhiteSite
14755,23,18
timeStep,numberOfRobotsOnBlackSite,numberOfRobotsOnWhiteSite
14756,23,18
timeStep,numberOfRobotsOnBlackSite,numberOfRobotsOnWhiteSite
14757,23,18
timeStep,numberOfRobotsOnBlackSite,numberOfRobotsOnWhiteSite
14758,23,18
timeStep,numberOfRobotsOnBlackSite,numberOfRobotsOnWhiteSite
14759,23,18
timeStep,numberOfRobotsOnBlackSite,numberOfRobotsOnWhiteSite
14760,23,18
timeStep,numberOfRobotsOnBlackSite,numberOfRobotsOnWhiteSite
14761,23,18
timeStep,numberOfRobotsOnBlackSite,numberOfRobotsOnWhiteSite
14762,23,18
timeStep,numberOfRobotsOnBlackSite,numberOfRobotsOnWhiteSite
14763,23,18
timeStep,numberOfRobotsOnBlackSite,numberOfRobotsOnWhiteSite
14764,23,18
timeStep,numberOfRobotsOnBlackSite,numberOfRobotsOnWhiteSite
14765,24,18
timeStep,numberOfRobotsOnBlackSite,numberOfRobotsOnWhiteSite
14766,24,18
timeStep,numberOfRobotsOnBlackSite,numberOfRobotsOnWhiteSite
14767,24,18
timeStep,numberOfRobotsOnBlackSite,numberOfRobotsOnWhiteSite
14768,24,18
timeStep,numberOfRobotsOnBlackSite,numberOfRobotsOnWhiteSite
14769,24,18
timeStep,numberOfRobotsOnBlackSite,numberOfRobotsOnWhiteSite
14770,24,18
timeStep,numberOfRobotsOnBlackSite,numberOfRobotsOnWhiteSite
14771,24,18
timeStep,numberOfRobotsOnBlackSite,numberOfRobotsOnWhiteSite
14772,24,18
timeStep,numberOfRobotsOnBlackSite,numberOfRobotsOnWhiteSite
14773,24,18
timeStep,numberOfRobotsOnBlackSite,numberOfRobotsOnWhiteSite
14774,24,18
timeStep,numberOfRobotsOnBlackSite,numberOfRobotsOnWhiteSite
14775,24,18
timeStep,numberOfRobotsOnBlackSite,numberOfRobotsOnWhiteSite
14776,24,18
timeStep,numberOfRobotsOnBlackSite,numberOfRobotsOnWhiteSite
14777,24,18
timeStep,numberOfRobotsOnBlackSite,numberOfRobotsOnWhiteSite
14778,24,18
timeStep,numberOfRobotsOnBlackSite,numberOfRobotsOnWhiteSite
14779,24,18
timeStep,numberOfRobotsOnBlackSite,numberOfRobotsOnWhiteSite
14780,24,18
timeStep,numberOfRobotsOnBlackSite,numberOfRobotsOnWhiteSite
14781,24,18
timeStep,numberOfRobotsOnBlackSite,numberOfRobotsOnWhiteSite
14782,24,18
timeStep,numberOfRobotsOnBlackSite,numberOfRobotsOnWhiteSite
14783,24,18
timeStep,numberOfRobotsOnBlackSite,numberOfRobotsOnWhiteSite
14784,24,18
timeStep,numberOfRobotsOnBlackSite,numberOfRobotsOnWhiteSite
14785,24,18
timeStep,numberOfRobotsOnBlackSite,numberOfRobotsOnWhiteSite
14786,24,18
timeStep,numberOfRobotsOnBlackSite,numberOfRobotsOnWhiteSite
14787,24,18
timeStep,numberOfRobotsOnBlackSite,numberOfRobotsOnWhiteSite
14788,24,18
timeStep,numberOfRobotsOnBlackSite,numberOfRobotsOnWhiteSite
14789,24,18
timeStep,numberOfRobotsOnBlackSite,numberOfRobotsOnWhiteSite
14790,24,18
timeStep,numberOfRobotsOnBlackSite,numberOfRobotsOnWhiteSite
14791,24,18
timeStep,numberOfRobotsOnBlackSite,numberOfRobotsOnWhiteSite
14792,24,18
timeStep,numberOfRobotsOnBlackSite,numberOfRobotsOnWhiteSite
14793,24,18
timeStep,numberOfRobotsOnBlackSite,numberOfRobotsOnWhiteSite
14794,24,18
timeStep,numberOfRobotsOnBlackSite,numberOfRobotsOnWhiteSite
14795,24,18
timeStep,numberOfRobotsOnBlackSite,numberOfRobotsOnWhiteSite
14796,24,18
timeStep,numberOfRobotsOnBlackSite,numberOfRobotsOnWhiteSite
14797,24,18
timeStep,numberOfRobotsOnBlackSite,numberOfRobotsOnWhiteSite
14798,24,18
timeStep,numberOfRobotsOnBlackSite,numberOfRobotsOnWhiteSite
14799,24,18
timeStep,numberOfRobotsOnBlackSite,numberOfRobotsOnWhiteSite
14800,24,18
timeStep,numberOfRobotsOnBlackSite,numberOfRobotsOnWhiteSite
14801,24,18
timeStep,numberOfRobotsOnBlackSite,numberOfRobotsOnWhiteSite
14802,24,18
timeStep,numberOfRobotsOnBlackSite,numberOfRobotsOnWhiteSite
14803,24,18
timeStep,numberOfRobotsOnBlackSite,numberOfRobotsOnWhiteSite
14804,24,18
timeStep,numberOfRobotsOnBlackSite,numberOfRobotsOnWhiteSite
14805,24,18
timeStep,numberOfRobotsOnBlackSite,numberOfRobotsOnWhiteSite
14806,24,18
timeStep,numberOfRobotsOnBlackSite,numberOfRobotsOnWhiteSite
14807,24,18
timeStep,numberOfRobotsOnBlackSite,numberOfRobotsOnWhiteSite
14808,24,18
timeStep,numberOfRobotsOnBlackSite,numberOfRobotsOnWhiteSite
14809,24,18
timeStep,numberOfRobotsOnBlackSite,numberOfRobotsOnWhiteSite
14810,24,18
timeStep,numberOfRobotsOnBlackSite,numberOfRobotsOnWhiteSite
14811,24,18
timeStep,numberOfRobotsOnBlackSite,numberOfRobotsOnWhiteSite
14812,24,18
timeStep,numberOfRobotsOnBlackSite,numberOfRobotsOnWhiteSite
14813,24,18
timeStep,numberOfRobotsOnBlackSite,numberOfRobotsOnWhiteSite
14814,24,18
timeStep,numberOfRobotsOnBlackSite,numberOfRobotsOnWhiteSite
14815,24,18
timeStep,numberOfRobotsOnBlackSite,numberOfRobotsOnWhiteSite
14816,24,18
timeStep,numberOfRobotsOnBlackSite,numberOfRobotsOnWhiteSite
14817,24,18
timeStep,numberOfRobotsOnBlackSite,numberOfRobotsOnWhiteSite
14818,24,18
timeStep,numberOfRobotsOnBlackSite,numberOfRobotsOnWhiteSite
14819,24,18
timeStep,numberOfRobotsOnBlackSite,numberOfRobotsOnWhiteSite
14820,24,18
timeStep,numberOfRobotsOnBlackSite,numberOfRobotsOnWhiteSite
14821,24,18
timeStep,numberOfRobotsOnBlackSite,numberOfRobotsOnWhiteSite
14822,24,18
timeStep,numberOfRobotsOnBlackSite,numberOfRobotsOnWhiteSite
14823,24,18
timeStep,numberOfRobotsOnBlackSite,numberOfRobotsOnWhiteSite
14824,24,18
timeStep,numberOfRobotsOnBlackSite,numberOfRobotsOnWhiteSite
14825,24,18
timeStep,numberOfRobotsOnBlackSite,numberOfRobotsOnWhiteSite
14826,24,18
timeStep,numberOfRobotsOnBlackSite,numberOfRobotsOnWhiteSite
14827,24,18
timeStep,numberOfRobotsOnBlackSite,numberOfRobotsOnWhiteSite
14828,24,18
timeStep,numberOfRobotsOnBlackSite,numberOfRobotsOnWhiteSite
14829,24,18
timeStep,numberOfRobotsOnBlackSite,numberOfRobotsOnWhiteSite
14830,24,18
timeStep,numberOfRobotsOnBlackSite,numberOfRobotsOnWhiteSite
14831,24,18
timeStep,numberOfRobotsOnBlackSite,numberOfRobotsOnWhiteSite
14832,24,18
timeStep,numberOfRobotsOnBlackSite,numberOfRobotsOnWhiteSite
14833,24,18
timeStep,numberOfRobotsOnBlackSite,numberOfRobotsOnWhiteSite
14834,24,18
timeStep,numberOfRobotsOnBlackSite,numberOfRobotsOnWhiteSite
14835,24,18
timeStep,numberOfRobotsOnBlackSite,numberOfRobotsOnWhiteSite
14836,24,18
timeStep,numberOfRobotsOnBlackSite,numberOfRobotsOnWhiteSite
14837,24,18
timeStep,numberOfRobotsOnBlackSite,numberOfRobotsOnWhiteSite
14838,24,18
timeStep,numberOfRobotsOnBlackSite,numberOfRobotsOnWhiteSite
14839,24,18
timeStep,numberOfRobotsOnBlackSite,numberOfRobotsOnWhiteSite
14840,24,18
timeStep,numberOfRobotsOnBlackSite,numberOfRobotsOnWhiteSite
14841,24,18
timeStep,numberOfRobotsOnBlackSite,numberOfRobotsOnWhiteSite
14842,24,18
timeStep,numberOfRobotsOnBlackSite,numberOfRobotsOnWhiteSite
14843,24,18
timeStep,numberOfRobotsOnBlackSite,numberOfRobotsOnWhiteSite
14844,24,18
timeStep,numberOfRobotsOnBlackSite,numberOfRobotsOnWhiteSite
14845,24,18
timeStep,numberOfRobotsOnBlackSite,numberOfRobotsOnWhiteSite
14846,24,18
timeStep,numberOfRobotsOnBlackSite,numberOfRobotsOnWhiteSite
14847,24,18
timeStep,numberOfRobotsOnBlackSite,numberOfRobotsOnWhiteSite
14848,24,18
timeStep,numberOfRobotsOnBlackSite,numberOfRobotsOnWhiteSite
14849,24,18
timeStep,numberOfRobotsOnBlackSite,numberOfRobotsOnWhiteSite
14850,24,18
timeStep,numberOfRobotsOnBlackSite,numberOfRobotsOnWhiteSite
14851,24,18
timeStep,numberOfRobotsOnBlackSite,numberOfRobotsOnWhiteSite
14852,24,18
timeStep,numberOfRobotsOnBlackSite,numberOfRobotsOnWhiteSite
14853,24,18
timeStep,numberOfRobotsOnBlackSite,numberOfRobotsOnWhiteSite
14854,24,18
timeStep,numberOfRobotsOnBlackSite,numberOfRobotsOnWhiteSite
14855,24,18
timeStep,numberOfRobotsOnBlackSite,numberOfRobotsOnWhiteSite
14856,24,18
timeStep,numberOfRobotsOnBlackSite,numberOfRobotsOnWhiteSite
14857,24,18
timeStep,numberOfRobotsOnBlackSite,numberOfRobotsOnWhiteSite
14858,24,18
timeStep,numberOfRobotsOnBlackSite,numberOfRobotsOnWhiteSite
14859,24,18
timeStep,numberOfRobotsOnBlackSite,numberOfRobotsOnWhiteSite
14860,24,18
timeStep,numberOfRobotsOnBlackSite,numberOfRobotsOnWhiteSite
14861,24,18
timeStep,numberOfRobotsOnBlackSite,numberOfRobotsOnWhiteSite
14862,24,18
timeStep,numberOfRobotsOnBlackSite,numberOfRobotsOnWhiteSite
14863,24,18
timeStep,numberOfRobotsOnBlackSite,numberOfRobotsOnWhiteSite
14864,24,18
timeStep,numberOfRobotsOnBlackSite,numberOfRobotsOnWhiteSite
14865,24,19
timeStep,numberOfRobotsOnBlackSite,numberOfRobotsOnWhiteSite
14866,24,19
timeStep,numberOfRobotsOnBlackSite,numberOfRobotsOnWhiteSite
14867,24,19
timeStep,numberOfRobotsOnBlackSite,numberOfRobotsOnWhiteSite
14868,24,19
timeStep,numberOfRobotsOnBlackSite,numberOfRobotsOnWhiteSite
14869,24,19
timeStep,numberOfRobotsOnBlackSite,numberOfRobotsOnWhiteSite
14870,24,19
timeStep,numberOfRobotsOnBlackSite,numberOfRobotsOnWhiteSite
14871,24,19
timeStep,numberOfRobotsOnBlackSite,numberOfRobotsOnWhiteSite
14872,24,19
timeStep,numberOfRobotsOnBlackSite,numberOfRobotsOnWhiteSite
14873,24,19
timeStep,numberOfRobotsOnBlackSite,numberOfRobotsOnWhiteSite
14874,24,19
timeStep,numberOfRobotsOnBlackSite,numberOfRobotsOnWhiteSite
14875,23,19
timeStep,numberOfRobotsOnBlackSite,numberOfRobotsOnWhiteSite
14876,23,19
timeStep,numberOfRobotsOnBlackSite,numberOfRobotsOnWhiteSite
14877,23,19
timeStep,numberOfRobotsOnBlackSite,numberOfRobotsOnWhiteSite
14878,23,19
timeStep,numberOfRobotsOnBlackSite,numberOfRobotsOnWhiteSite
14879,23,19
timeStep,numberOfRobotsOnBlackSite,numberOfRobotsOnWhiteSite
14880,23,19
timeStep,numberOfRobotsOnBlackSite,numberOfRobotsOnWhiteSite
14881,23,19
timeStep,numberOfRobotsOnBlackSite,numberOfRobotsOnWhiteSite
14882,23,19
timeStep,numberOfRobotsOnBlackSite,numberOfRobotsOnWhiteSite
14883,23,19
timeStep,numberOfRobotsOnBlackSite,numberOfRobotsOnWhiteSite
14884,23,19
timeStep,numberOfRobotsOnBlackSite,numberOfRobotsOnWhiteSite
14885,23,19
timeStep,numberOfRobotsOnBlackSite,numberOfRobotsOnWhiteSite
14886,23,19
timeStep,numberOfRobotsOnBlackSite,numberOfRobotsOnWhiteSite
14887,23,19
timeStep,numberOfRobotsOnBlackSite,numberOfRobotsOnWhiteSite
14888,23,19
timeStep,numberOfRobotsOnBlackSite,numberOfRobotsOnWhiteSite
14889,23,19
timeStep,numberOfRobotsOnBlackSite,numberOfRobotsOnWhiteSite
14890,23,19
timeStep,numberOfRobotsOnBlackSite,numberOfRobotsOnWhiteSite
14891,23,19
timeStep,numberOfRobotsOnBlackSite,numberOfRobotsOnWhiteSite
14892,23,19
timeStep,numberOfRobotsOnBlackSite,numberOfRobotsOnWhiteSite
14893,23,19
timeStep,numberOfRobotsOnBlackSite,numberOfRobotsOnWhiteSite
14894,23,19
timeStep,numberOfRobotsOnBlackSite,numberOfRobotsOnWhiteSite
14895,23,19
timeStep,numberOfRobotsOnBlackSite,numberOfRobotsOnWhiteSite
14896,23,19
timeStep,numberOfRobotsOnBlackSite,numberOfRobotsOnWhiteSite
14897,23,19
timeStep,numberOfRobotsOnBlackSite,numberOfRobotsOnWhiteSite
14898,23,19
timeStep,numberOfRobotsOnBlackSite,numberOfRobotsOnWhiteSite
14899,23,19
timeStep,numberOfRobotsOnBlackSite,numberOfRobotsOnWhiteSite
14900,23,19
timeStep,numberOfRobotsOnBlackSite,numberOfRobotsOnWhiteSite
14901,23,19
timeStep,numberOfRobotsOnBlackSite,numberOfRobotsOnWhiteSite
14902,23,19
timeStep,numberOfRobotsOnBlackSite,numberOfRobotsOnWhiteSite
14903,23,19
timeStep,numberOfRobotsOnBlackSite,numberOfRobotsOnWhiteSite
14904,23,19
timeStep,numberOfRobotsOnBlackSite,numberOfRobotsOnWhiteSite
14905,23,19
timeStep,numberOfRobotsOnBlackSite,numberOfRobotsOnWhiteSite
14906,23,19
timeStep,numberOfRobotsOnBlackSite,numberOfRobotsOnWhiteSite
14907,23,19
timeStep,numberOfRobotsOnBlackSite,numberOfRobotsOnWhiteSite
14908,23,19
timeStep,numberOfRobotsOnBlackSite,numberOfRobotsOnWhiteSite
14909,23,19
timeStep,numberOfRobotsOnBlackSite,numberOfRobotsOnWhiteSite
14910,23,19
timeStep,numberOfRobotsOnBlackSite,numberOfRobotsOnWhiteSite
14911,23,19
timeStep,numberOfRobotsOnBlackSite,numberOfRobotsOnWhiteSite
14912,23,19
timeStep,numberOfRobotsOnBlackSite,numberOfRobotsOnWhiteSite
14913,23,19
timeStep,numberOfRobotsOnBlackSite,numberOfRobotsOnWhiteSite
14914,23,19
timeStep,numberOfRobotsOnBlackSite,numberOfRobotsOnWhiteSite
14915,23,19
timeStep,numberOfRobotsOnBlackSite,numberOfRobotsOnWhiteSite
14916,23,19
timeStep,numberOfRobotsOnBlackSite,numberOfRobotsOnWhiteSite
14917,23,19
timeStep,numberOfRobotsOnBlackSite,numberOfRobotsOnWhiteSite
14918,23,19
timeStep,numberOfRobotsOnBlackSite,numberOfRobotsOnWhiteSite
14919,23,19
timeStep,numberOfRobotsOnBlackSite,numberOfRobotsOnWhiteSite
14920,23,19
timeStep,numberOfRobotsOnBlackSite,numberOfRobotsOnWhiteSite
14921,23,19
timeStep,numberOfRobotsOnBlackSite,numberOfRobotsOnWhiteSite
14922,23,19
timeStep,numberOfRobotsOnBlackSite,numberOfRobotsOnWhiteSite
14923,23,19
timeStep,numberOfRobotsOnBlackSite,numberOfRobotsOnWhiteSite
14924,23,19
timeStep,numberOfRobotsOnBlackSite,numberOfRobotsOnWhiteSite
14925,23,19
timeStep,numberOfRobotsOnBlackSite,numberOfRobotsOnWhiteSite
14926,23,19
timeStep,numberOfRobotsOnBlackSite,numberOfRobotsOnWhiteSite
14927,23,19
timeStep,numberOfRobotsOnBlackSite,numberOfRobotsOnWhiteSite
14928,23,19
timeStep,numberOfRobotsOnBlackSite,numberOfRobotsOnWhiteSite
14929,23,19
timeStep,numberOfRobotsOnBlackSite,numberOfRobotsOnWhiteSite
14930,24,19
timeStep,numberOfRobotsOnBlackSite,numberOfRobotsOnWhiteSite
14931,24,19
timeStep,numberOfRobotsOnBlackSite,numberOfRobotsOnWhiteSite
14932,24,19
timeStep,numberOfRobotsOnBlackSite,numberOfRobotsOnWhiteSite
14933,24,19
timeStep,numberOfRobotsOnBlackSite,numberOfRobotsOnWhiteSite
14934,24,19
timeStep,numberOfRobotsOnBlackSite,numberOfRobotsOnWhiteSite
14935,24,19
timeStep,numberOfRobotsOnBlackSite,numberOfRobotsOnWhiteSite
14936,24,19
timeStep,numberOfRobotsOnBlackSite,numberOfRobotsOnWhiteSite
14937,24,19
timeStep,numberOfRobotsOnBlackSite,numberOfRobotsOnWhiteSite
14938,24,19
timeStep,numberOfRobotsOnBlackSite,numberOfRobotsOnWhiteSite
14939,24,19
timeStep,numberOfRobotsOnBlackSite,numberOfRobotsOnWhiteSite
14940,24,19
timeStep,numberOfRobotsOnBlackSite,numberOfRobotsOnWhiteSite
14941,24,19
timeStep,numberOfRobotsOnBlackSite,numberOfRobotsOnWhiteSite
14942,24,19
timeStep,numberOfRobotsOnBlackSite,numberOfRobotsOnWhiteSite
14943,24,19
timeStep,numberOfRobotsOnBlackSite,numberOfRobotsOnWhiteSite
14944,24,19
timeStep,numberOfRobotsOnBlackSite,numberOfRobotsOnWhiteSite
14945,24,19
timeStep,numberOfRobotsOnBlackSite,numberOfRobotsOnWhiteSite
14946,24,19
timeStep,numberOfRobotsOnBlackSite,numberOfRobotsOnWhiteSite
14947,24,19
timeStep,numberOfRobotsOnBlackSite,numberOfRobotsOnWhiteSite
14948,24,19
timeStep,numberOfRobotsOnBlackSite,numberOfRobotsOnWhiteSite
14949,24,19
timeStep,numberOfRobotsOnBlackSite,numberOfRobotsOnWhiteSite
14950,24,19
timeStep,numberOfRobotsOnBlackSite,numberOfRobotsOnWhiteSite
14951,24,19
timeStep,numberOfRobotsOnBlackSite,numberOfRobotsOnWhiteSite
14952,24,19
timeStep,numberOfRobotsOnBlackSite,numberOfRobotsOnWhiteSite
14953,24,19
timeStep,numberOfRobotsOnBlackSite,numberOfRobotsOnWhiteSite
14954,24,19
timeStep,numberOfRobotsOnBlackSite,numberOfRobotsOnWhiteSite
14955,24,19
timeStep,numberOfRobotsOnBlackSite,numberOfRobotsOnWhiteSite
14956,24,19
timeStep,numberOfRobotsOnBlackSite,numberOfRobotsOnWhiteSite
14957,24,19
timeStep,numberOfRobotsOnBlackSite,numberOfRobotsOnWhiteSite
14958,24,19
timeStep,numberOfRobotsOnBlackSite,numberOfRobotsOnWhiteSite
14959,24,19
timeStep,numberOfRobotsOnBlackSite,numberOfRobotsOnWhiteSite
14960,24,19
timeStep,numberOfRobotsOnBlackSite,numberOfRobotsOnWhiteSite
14961,24,19
timeStep,numberOfRobotsOnBlackSite,numberOfRobotsOnWhiteSite
14962,24,19
timeStep,numberOfRobotsOnBlackSite,numberOfRobotsOnWhiteSite
14963,24,19
timeStep,numberOfRobotsOnBlackSite,numberOfRobotsOnWhiteSite
14964,24,19
timeStep,numberOfRobotsOnBlackSite,numberOfRobotsOnWhiteSite
14965,24,19
timeStep,numberOfRobotsOnBlackSite,numberOfRobotsOnWhiteSite
14966,24,19
timeStep,numberOfRobotsOnBlackSite,numberOfRobotsOnWhiteSite
14967,24,19
timeStep,numberOfRobotsOnBlackSite,numberOfRobotsOnWhiteSite
14968,24,19
timeStep,numberOfRobotsOnBlackSite,numberOfRobotsOnWhiteSite
14969,24,19
timeStep,numberOfRobotsOnBlackSite,numberOfRobotsOnWhiteSite
14970,24,19
timeStep,numberOfRobotsOnBlackSite,numberOfRobotsOnWhiteSite
14971,24,19
timeStep,numberOfRobotsOnBlackSite,numberOfRobotsOnWhiteSite
14972,24,19
timeStep,numberOfRobotsOnBlackSite,numberOfRobotsOnWhiteSite
14973,24,19
timeStep,numberOfRobotsOnBlackSite,numberOfRobotsOnWhiteSite
14974,24,19
timeStep,numberOfRobotsOnBlackSite,numberOfRobotsOnWhiteSite
14975,23,19
timeStep,numberOfRobotsOnBlackSite,numberOfRobotsOnWhiteSite
14976,23,19
timeStep,numberOfRobotsOnBlackSite,numberOfRobotsOnWhiteSite
14977,23,19
timeStep,numberOfRobotsOnBlackSite,numberOfRobotsOnWhiteSite
14978,23,19
timeStep,numberOfRobotsOnBlackSite,numberOfRobotsOnWhiteSite
14979,23,19
timeStep,numberOfRobotsOnBlackSite,numberOfRobotsOnWhiteSite
14980,23,18
timeStep,numberOfRobotsOnBlackSite,numberOfRobotsOnWhiteSite
14981,23,18
timeStep,numberOfRobotsOnBlackSite,numberOfRobotsOnWhiteSite
14982,23,18
timeStep,numberOfRobotsOnBlackSite,numberOfRobotsOnWhiteSite
14983,23,18
timeStep,numberOfRobotsOnBlackSite,numberOfRobotsOnWhiteSite
14984,23,18
timeStep,numberOfRobotsOnBlackSite,numberOfRobotsOnWhiteSite
14985,23,18
timeStep,numberOfRobotsOnBlackSite,numberOfRobotsOnWhiteSite
14986,23,18
timeStep,numberOfRobotsOnBlackSite,numberOfRobotsOnWhiteSite
14987,23,18
timeStep,numberOfRobotsOnBlackSite,numberOfRobotsOnWhiteSite
14988,23,18
timeStep,numberOfRobotsOnBlackSite,numberOfRobotsOnWhiteSite
14989,23,18
timeStep,numberOfRobotsOnBlackSite,numberOfRobotsOnWhiteSite
14990,23,18
timeStep,numberOfRobotsOnBlackSite,numberOfRobotsOnWhiteSite
14991,23,18
timeStep,numberOfRobotsOnBlackSite,numberOfRobotsOnWhiteSite
14992,23,18
timeStep,numberOfRobotsOnBlackSite,numberOfRobotsOnWhiteSite
14993,23,18
timeStep,numberOfRobotsOnBlackSite,numberOfRobotsOnWhiteSite
14994,23,18
timeStep,numberOfRobotsOnBlackSite,numberOfRobotsOnWhiteSite
14995,23,18
timeStep,numberOfRobotsOnBlackSite,numberOfRobotsOnWhiteSite
14996,23,18
timeStep,numberOfRobotsOnBlackSite,numberOfRobotsOnWhiteSite
14997,23,18
timeStep,numberOfRobotsOnBlackSite,numberOfRobotsOnWhiteSite
14998,23,18
timeStep,numberOfRobotsOnBlackSite,numberOfRobotsOnWhiteSite
14999,23,18
timeStep,numberOfRobotsOnBlackSite,numberOfRobotsOnWhiteSite
15000,23,18
timeStep,numberOfRobotsOnBlackSite,numberOfRobotsOnWhiteSite
15001,23,18
timeStep,numberOfRobotsOnBlackSite,numberOfRobotsOnWhiteSite
15002,23,18
timeStep,numberOfRobotsOnBlackSite,numberOfRobotsOnWhiteSite
15003,23,18
timeStep,numberOfRobotsOnBlackSite,numberOfRobotsOnWhiteSite
15004,23,18
timeStep,numberOfRobotsOnBlackSite,numberOfRobotsOnWhiteSite
15005,23,18
timeStep,numberOfRobotsOnBlackSite,numberOfRobotsOnWhiteSite
15006,23,18
timeStep,numberOfRobotsOnBlackSite,numberOfRobotsOnWhiteSite
15007,23,18
timeStep,numberOfRobotsOnBlackSite,numberOfRobotsOnWhiteSite
15008,23,18
timeStep,numberOfRobotsOnBlackSite,numberOfRobotsOnWhiteSite
15009,23,18
timeStep,numberOfRobotsOnBlackSite,numberOfRobotsOnWhiteSite
15010,23,18
timeStep,numberOfRobotsOnBlackSite,numberOfRobotsOnWhiteSite
15011,23,18
timeStep,numberOfRobotsOnBlackSite,numberOfRobotsOnWhiteSite
15012,23,18
timeStep,numberOfRobotsOnBlackSite,numberOfRobotsOnWhiteSite
15013,23,18
timeStep,numberOfRobotsOnBlackSite,numberOfRobotsOnWhiteSite
15014,23,18
timeStep,numberOfRobotsOnBlackSite,numberOfRobotsOnWhiteSite
15015,24,18
timeStep,numberOfRobotsOnBlackSite,numberOfRobotsOnWhiteSite
15016,24,18
timeStep,numberOfRobotsOnBlackSite,numberOfRobotsOnWhiteSite
15017,24,18
timeStep,numberOfRobotsOnBlackSite,numberOfRobotsOnWhiteSite
15018,24,18
timeStep,numberOfRobotsOnBlackSite,numberOfRobotsOnWhiteSite
15019,24,18
timeStep,numberOfRobotsOnBlackSite,numberOfRobotsOnWhiteSite
15020,24,18
timeStep,numberOfRobotsOnBlackSite,numberOfRobotsOnWhiteSite
15021,24,18
timeStep,numberOfRobotsOnBlackSite,numberOfRobotsOnWhiteSite
15022,24,18
timeStep,numberOfRobotsOnBlackSite,numberOfRobotsOnWhiteSite
15023,24,18
timeStep,numberOfRobotsOnBlackSite,numberOfRobotsOnWhiteSite
15024,24,18
timeStep,numberOfRobotsOnBlackSite,numberOfRobotsOnWhiteSite
15025,24,18
timeStep,numberOfRobotsOnBlackSite,numberOfRobotsOnWhiteSite
15026,24,18
timeStep,numberOfRobotsOnBlackSite,numberOfRobotsOnWhiteSite
15027,24,18
timeStep,numberOfRobotsOnBlackSite,numberOfRobotsOnWhiteSite
15028,24,18
timeStep,numberOfRobotsOnBlackSite,numberOfRobotsOnWhiteSite
15029,24,18
timeStep,numberOfRobotsOnBlackSite,numberOfRobotsOnWhiteSite
15030,24,18
timeStep,numberOfRobotsOnBlackSite,numberOfRobotsOnWhiteSite
15031,24,18
timeStep,numberOfRobotsOnBlackSite,numberOfRobotsOnWhiteSite
15032,24,18
timeStep,numberOfRobotsOnBlackSite,numberOfRobotsOnWhiteSite
15033,24,18
timeStep,numberOfRobotsOnBlackSite,numberOfRobotsOnWhiteSite
15034,24,18
timeStep,numberOfRobotsOnBlackSite,numberOfRobotsOnWhiteSite
15035,24,18
timeStep,numberOfRobotsOnBlackSite,numberOfRobotsOnWhiteSite
15036,24,18
timeStep,numberOfRobotsOnBlackSite,numberOfRobotsOnWhiteSite
15037,24,18
timeStep,numberOfRobotsOnBlackSite,numberOfRobotsOnWhiteSite
15038,24,18
timeStep,numberOfRobotsOnBlackSite,numberOfRobotsOnWhiteSite
15039,24,18
timeStep,numberOfRobotsOnBlackSite,numberOfRobotsOnWhiteSite
15040,24,18
timeStep,numberOfRobotsOnBlackSite,numberOfRobotsOnWhiteSite
15041,24,18
timeStep,numberOfRobotsOnBlackSite,numberOfRobotsOnWhiteSite
15042,24,18
timeStep,numberOfRobotsOnBlackSite,numberOfRobotsOnWhiteSite
15043,24,18
timeStep,numberOfRobotsOnBlackSite,numberOfRobotsOnWhiteSite
15044,24,18
timeStep,numberOfRobotsOnBlackSite,numberOfRobotsOnWhiteSite
15045,24,18
timeStep,numberOfRobotsOnBlackSite,numberOfRobotsOnWhiteSite
15046,24,18
timeStep,numberOfRobotsOnBlackSite,numberOfRobotsOnWhiteSite
15047,24,18
timeStep,numberOfRobotsOnBlackSite,numberOfRobotsOnWhiteSite
15048,24,18
timeStep,numberOfRobotsOnBlackSite,numberOfRobotsOnWhiteSite
15049,24,18
timeStep,numberOfRobotsOnBlackSite,numberOfRobotsOnWhiteSite
15050,24,18
timeStep,numberOfRobotsOnBlackSite,numberOfRobotsOnWhiteSite
15051,24,18
timeStep,numberOfRobotsOnBlackSite,numberOfRobotsOnWhiteSite
15052,24,18
timeStep,numberOfRobotsOnBlackSite,numberOfRobotsOnWhiteSite
15053,24,18
timeStep,numberOfRobotsOnBlackSite,numberOfRobotsOnWhiteSite
15054,24,18
timeStep,numberOfRobotsOnBlackSite,numberOfRobotsOnWhiteSite
15055,24,18
timeStep,numberOfRobotsOnBlackSite,numberOfRobotsOnWhiteSite
15056,24,18
timeStep,numberOfRobotsOnBlackSite,numberOfRobotsOnWhiteSite
15057,24,18
timeStep,numberOfRobotsOnBlackSite,numberOfRobotsOnWhiteSite
15058,24,18
timeStep,numberOfRobotsOnBlackSite,numberOfRobotsOnWhiteSite
15059,24,18
timeStep,numberOfRobotsOnBlackSite,numberOfRobotsOnWhiteSite
15060,24,18
timeStep,numberOfRobotsOnBlackSite,numberOfRobotsOnWhiteSite
15061,24,18
timeStep,numberOfRobotsOnBlackSite,numberOfRobotsOnWhiteSite
15062,24,18
timeStep,numberOfRobotsOnBlackSite,numberOfRobotsOnWhiteSite
15063,24,18
timeStep,numberOfRobotsOnBlackSite,numberOfRobotsOnWhiteSite
15064,24,18
timeStep,numberOfRobotsOnBlackSite,numberOfRobotsOnWhiteSite
15065,24,18
timeStep,numberOfRobotsOnBlackSite,numberOfRobotsOnWhiteSite
15066,24,18
timeStep,numberOfRobotsOnBlackSite,numberOfRobotsOnWhiteSite
15067,24,18
timeStep,numberOfRobotsOnBlackSite,numberOfRobotsOnWhiteSite
15068,24,18
timeStep,numberOfRobotsOnBlackSite,numberOfRobotsOnWhiteSite
15069,24,18
timeStep,numberOfRobotsOnBlackSite,numberOfRobotsOnWhiteSite
15070,24,18
timeStep,numberOfRobotsOnBlackSite,numberOfRobotsOnWhiteSite
15071,24,18
timeStep,numberOfRobotsOnBlackSite,numberOfRobotsOnWhiteSite
15072,24,18
timeStep,numberOfRobotsOnBlackSite,numberOfRobotsOnWhiteSite
15073,24,18
timeStep,numberOfRobotsOnBlackSite,numberOfRobotsOnWhiteSite
15074,24,18
timeStep,numberOfRobotsOnBlackSite,numberOfRobotsOnWhiteSite
15075,24,18
timeStep,numberOfRobotsOnBlackSite,numberOfRobotsOnWhiteSite
15076,24,18
timeStep,numberOfRobotsOnBlackSite,numberOfRobotsOnWhiteSite
15077,24,18
timeStep,numberOfRobotsOnBlackSite,numberOfRobotsOnWhiteSite
15078,24,18
timeStep,numberOfRobotsOnBlackSite,numberOfRobotsOnWhiteSite
15079,24,18
timeStep,numberOfRobotsOnBlackSite,numberOfRobotsOnWhiteSite
15080,24,18
timeStep,numberOfRobotsOnBlackSite,numberOfRobotsOnWhiteSite
15081,24,18
timeStep,numberOfRobotsOnBlackSite,numberOfRobotsOnWhiteSite
15082,24,18
timeStep,numberOfRobotsOnBlackSite,numberOfRobotsOnWhiteSite
15083,24,18
timeStep,numberOfRobotsOnBlackSite,numberOfRobotsOnWhiteSite
15084,24,18
timeStep,numberOfRobotsOnBlackSite,numberOfRobotsOnWhiteSite
15085,24,18
timeStep,numberOfRobotsOnBlackSite,numberOfRobotsOnWhiteSite
15086,24,18
timeStep,numberOfRobotsOnBlackSite,numberOfRobotsOnWhiteSite
15087,24,18
timeStep,numberOfRobotsOnBlackSite,numberOfRobotsOnWhiteSite
15088,24,18
timeStep,numberOfRobotsOnBlackSite,numberOfRobotsOnWhiteSite
15089,24,18
timeStep,numberOfRobotsOnBlackSite,numberOfRobotsOnWhiteSite
15090,24,18
timeStep,numberOfRobotsOnBlackSite,numberOfRobotsOnWhiteSite
15091,24,18
timeStep,numberOfRobotsOnBlackSite,numberOfRobotsOnWhiteSite
15092,24,18
timeStep,numberOfRobotsOnBlackSite,numberOfRobotsOnWhiteSite
15093,24,18
timeStep,numberOfRobotsOnBlackSite,numberOfRobotsOnWhiteSite
15094,24,18
timeStep,numberOfRobotsOnBlackSite,numberOfRobotsOnWhiteSite
15095,24,18
timeStep,numberOfRobotsOnBlackSite,numberOfRobotsOnWhiteSite
15096,24,18
timeStep,numberOfRobotsOnBlackSite,numberOfRobotsOnWhiteSite
15097,24,18
timeStep,numberOfRobotsOnBlackSite,numberOfRobotsOnWhiteSite
15098,24,18
timeStep,numberOfRobotsOnBlackSite,numberOfRobotsOnWhiteSite
15099,24,18
timeStep,numberOfRobotsOnBlackSite,numberOfRobotsOnWhiteSite
15100,24,18
timeStep,numberOfRobotsOnBlackSite,numberOfRobotsOnWhiteSite
15101,24,18
timeStep,numberOfRobotsOnBlackSite,numberOfRobotsOnWhiteSite
15102,24,18
timeStep,numberOfRobotsOnBlackSite,numberOfRobotsOnWhiteSite
15103,24,18
timeStep,numberOfRobotsOnBlackSite,numberOfRobotsOnWhiteSite
15104,24,18
timeStep,numberOfRobotsOnBlackSite,numberOfRobotsOnWhiteSite
15105,24,18
timeStep,numberOfRobotsOnBlackSite,numberOfRobotsOnWhiteSite
15106,24,18
timeStep,numberOfRobotsOnBlackSite,numberOfRobotsOnWhiteSite
15107,24,18
timeStep,numberOfRobotsOnBlackSite,numberOfRobotsOnWhiteSite
15108,24,18
timeStep,numberOfRobotsOnBlackSite,numberOfRobotsOnWhiteSite
15109,24,18
timeStep,numberOfRobotsOnBlackSite,numberOfRobotsOnWhiteSite
15110,24,18
timeStep,numberOfRobotsOnBlackSite,numberOfRobotsOnWhiteSite
15111,24,18
timeStep,numberOfRobotsOnBlackSite,numberOfRobotsOnWhiteSite
15112,24,18
timeStep,numberOfRobotsOnBlackSite,numberOfRobotsOnWhiteSite
15113,24,18
timeStep,numberOfRobotsOnBlackSite,numberOfRobotsOnWhiteSite
15114,24,18
timeStep,numberOfRobotsOnBlackSite,numberOfRobotsOnWhiteSite
15115,24,18
timeStep,numberOfRobotsOnBlackSite,numberOfRobotsOnWhiteSite
15116,24,18
timeStep,numberOfRobotsOnBlackSite,numberOfRobotsOnWhiteSite
15117,24,18
timeStep,numberOfRobotsOnBlackSite,numberOfRobotsOnWhiteSite
15118,24,18
timeStep,numberOfRobotsOnBlackSite,numberOfRobotsOnWhiteSite
15119,24,18
timeStep,numberOfRobotsOnBlackSite,numberOfRobotsOnWhiteSite
15120,24,18
timeStep,numberOfRobotsOnBlackSite,numberOfRobotsOnWhiteSite
15121,24,18
timeStep,numberOfRobotsOnBlackSite,numberOfRobotsOnWhiteSite
15122,24,18
timeStep,numberOfRobotsOnBlackSite,numberOfRobotsOnWhiteSite
15123,24,18
timeStep,numberOfRobotsOnBlackSite,numberOfRobotsOnWhiteSite
15124,24,18
timeStep,numberOfRobotsOnBlackSite,numberOfRobotsOnWhiteSite
15125,24,18
timeStep,numberOfRobotsOnBlackSite,numberOfRobotsOnWhiteSite
15126,24,18
timeStep,numberOfRobotsOnBlackSite,numberOfRobotsOnWhiteSite
15127,24,18
timeStep,numberOfRobotsOnBlackSite,numberOfRobotsOnWhiteSite
15128,24,18
timeStep,numberOfRobotsOnBlackSite,numberOfRobotsOnWhiteSite
15129,24,18
timeStep,numberOfRobotsOnBlackSite,numberOfRobotsOnWhiteSite
15130,24,18
timeStep,numberOfRobotsOnBlackSite,numberOfRobotsOnWhiteSite
15131,24,18
timeStep,numberOfRobotsOnBlackSite,numberOfRobotsOnWhiteSite
15132,24,18
timeStep,numberOfRobotsOnBlackSite,numberOfRobotsOnWhiteSite
15133,24,18
timeStep,numberOfRobotsOnBlackSite,numberOfRobotsOnWhiteSite
15134,24,18
timeStep,numberOfRobotsOnBlackSite,numberOfRobotsOnWhiteSite
15135,24,18
timeStep,numberOfRobotsOnBlackSite,numberOfRobotsOnWhiteSite
15136,24,18
timeStep,numberOfRobotsOnBlackSite,numberOfRobotsOnWhiteSite
15137,24,18
timeStep,numberOfRobotsOnBlackSite,numberOfRobotsOnWhiteSite
15138,24,18
timeStep,numberOfRobotsOnBlackSite,numberOfRobotsOnWhiteSite
15139,24,18
timeStep,numberOfRobotsOnBlackSite,numberOfRobotsOnWhiteSite
15140,24,18
timeStep,numberOfRobotsOnBlackSite,numberOfRobotsOnWhiteSite
15141,24,18
timeStep,numberOfRobotsOnBlackSite,numberOfRobotsOnWhiteSite
15142,24,18
timeStep,numberOfRobotsOnBlackSite,numberOfRobotsOnWhiteSite
15143,24,18
timeStep,numberOfRobotsOnBlackSite,numberOfRobotsOnWhiteSite
15144,24,18
timeStep,numberOfRobotsOnBlackSite,numberOfRobotsOnWhiteSite
15145,24,19
timeStep,numberOfRobotsOnBlackSite,numberOfRobotsOnWhiteSite
15146,24,19
timeStep,numberOfRobotsOnBlackSite,numberOfRobotsOnWhiteSite
15147,24,19
timeStep,numberOfRobotsOnBlackSite,numberOfRobotsOnWhiteSite
15148,24,19
timeStep,numberOfRobotsOnBlackSite,numberOfRobotsOnWhiteSite
15149,24,19
timeStep,numberOfRobotsOnBlackSite,numberOfRobotsOnWhiteSite
15150,24,19
timeStep,numberOfRobotsOnBlackSite,numberOfRobotsOnWhiteSite
15151,24,19
timeStep,numberOfRobotsOnBlackSite,numberOfRobotsOnWhiteSite
15152,24,19
timeStep,numberOfRobotsOnBlackSite,numberOfRobotsOnWhiteSite
15153,24,19
timeStep,numberOfRobotsOnBlackSite,numberOfRobotsOnWhiteSite
15154,24,19
timeStep,numberOfRobotsOnBlackSite,numberOfRobotsOnWhiteSite
15155,24,19
timeStep,numberOfRobotsOnBlackSite,numberOfRobotsOnWhiteSite
15156,24,19
timeStep,numberOfRobotsOnBlackSite,numberOfRobotsOnWhiteSite
15157,24,19
timeStep,numberOfRobotsOnBlackSite,numberOfRobotsOnWhiteSite
15158,24,19
timeStep,numberOfRobotsOnBlackSite,numberOfRobotsOnWhiteSite
15159,24,19
timeStep,numberOfRobotsOnBlackSite,numberOfRobotsOnWhiteSite
15160,24,19
timeStep,numberOfRobotsOnBlackSite,numberOfRobotsOnWhiteSite
15161,24,19
timeStep,numberOfRobotsOnBlackSite,numberOfRobotsOnWhiteSite
15162,24,19
timeStep,numberOfRobotsOnBlackSite,numberOfRobotsOnWhiteSite
15163,24,19
timeStep,numberOfRobotsOnBlackSite,numberOfRobotsOnWhiteSite
15164,24,19
timeStep,numberOfRobotsOnBlackSite,numberOfRobotsOnWhiteSite
15165,24,19
timeStep,numberOfRobotsOnBlackSite,numberOfRobotsOnWhiteSite
15166,24,19
timeStep,numberOfRobotsOnBlackSite,numberOfRobotsOnWhiteSite
15167,24,19
timeStep,numberOfRobotsOnBlackSite,numberOfRobotsOnWhiteSite
15168,24,19
timeStep,numberOfRobotsOnBlackSite,numberOfRobotsOnWhiteSite
15169,24,19
timeStep,numberOfRobotsOnBlackSite,numberOfRobotsOnWhiteSite
15170,24,19
timeStep,numberOfRobotsOnBlackSite,numberOfRobotsOnWhiteSite
15171,24,19
timeStep,numberOfRobotsOnBlackSite,numberOfRobotsOnWhiteSite
15172,24,19
timeStep,numberOfRobotsOnBlackSite,numberOfRobotsOnWhiteSite
15173,24,19
timeStep,numberOfRobotsOnBlackSite,numberOfRobotsOnWhiteSite
15174,24,19
timeStep,numberOfRobotsOnBlackSite,numberOfRobotsOnWhiteSite
15175,24,19
timeStep,numberOfRobotsOnBlackSite,numberOfRobotsOnWhiteSite
15176,24,19
timeStep,numberOfRobotsOnBlackSite,numberOfRobotsOnWhiteSite
15177,24,19
timeStep,numberOfRobotsOnBlackSite,numberOfRobotsOnWhiteSite
15178,24,19
timeStep,numberOfRobotsOnBlackSite,numberOfRobotsOnWhiteSite
15179,24,19
timeStep,numberOfRobotsOnBlackSite,numberOfRobotsOnWhiteSite
15180,24,19
timeStep,numberOfRobotsOnBlackSite,numberOfRobotsOnWhiteSite
15181,24,19
timeStep,numberOfRobotsOnBlackSite,numberOfRobotsOnWhiteSite
15182,24,19
timeStep,numberOfRobotsOnBlackSite,numberOfRobotsOnWhiteSite
15183,24,19
timeStep,numberOfRobotsOnBlackSite,numberOfRobotsOnWhiteSite
15184,24,19
timeStep,numberOfRobotsOnBlackSite,numberOfRobotsOnWhiteSite
15185,24,19
timeStep,numberOfRobotsOnBlackSite,numberOfRobotsOnWhiteSite
15186,24,19
timeStep,numberOfRobotsOnBlackSite,numberOfRobotsOnWhiteSite
15187,24,19
timeStep,numberOfRobotsOnBlackSite,numberOfRobotsOnWhiteSite
15188,24,19
timeStep,numberOfRobotsOnBlackSite,numberOfRobotsOnWhiteSite
15189,24,19
timeStep,numberOfRobotsOnBlackSite,numberOfRobotsOnWhiteSite
15190,24,19
timeStep,numberOfRobotsOnBlackSite,numberOfRobotsOnWhiteSite
15191,24,19
timeStep,numberOfRobotsOnBlackSite,numberOfRobotsOnWhiteSite
15192,24,19
timeStep,numberOfRobotsOnBlackSite,numberOfRobotsOnWhiteSite
15193,24,19
timeStep,numberOfRobotsOnBlackSite,numberOfRobotsOnWhiteSite
15194,24,19
timeStep,numberOfRobotsOnBlackSite,numberOfRobotsOnWhiteSite
15195,24,19
timeStep,numberOfRobotsOnBlackSite,numberOfRobotsOnWhiteSite
15196,24,19
timeStep,numberOfRobotsOnBlackSite,numberOfRobotsOnWhiteSite
15197,24,19
timeStep,numberOfRobotsOnBlackSite,numberOfRobotsOnWhiteSite
15198,24,19
timeStep,numberOfRobotsOnBlackSite,numberOfRobotsOnWhiteSite
15199,24,19
timeStep,numberOfRobotsOnBlackSite,numberOfRobotsOnWhiteSite
15200,23,19
timeStep,numberOfRobotsOnBlackSite,numberOfRobotsOnWhiteSite
15201,23,19
timeStep,numberOfRobotsOnBlackSite,numberOfRobotsOnWhiteSite
15202,23,19
timeStep,numberOfRobotsOnBlackSite,numberOfRobotsOnWhiteSite
15203,23,19
timeStep,numberOfRobotsOnBlackSite,numberOfRobotsOnWhiteSite
15204,23,19
timeStep,numberOfRobotsOnBlackSite,numberOfRobotsOnWhiteSite
15205,23,19
timeStep,numberOfRobotsOnBlackSite,numberOfRobotsOnWhiteSite
15206,23,19
timeStep,numberOfRobotsOnBlackSite,numberOfRobotsOnWhiteSite
15207,23,19
timeStep,numberOfRobotsOnBlackSite,numberOfRobotsOnWhiteSite
15208,23,19
timeStep,numberOfRobotsOnBlackSite,numberOfRobotsOnWhiteSite
15209,23,19
timeStep,numberOfRobotsOnBlackSite,numberOfRobotsOnWhiteSite
15210,23,19
timeStep,numberOfRobotsOnBlackSite,numberOfRobotsOnWhiteSite
15211,23,19
timeStep,numberOfRobotsOnBlackSite,numberOfRobotsOnWhiteSite
15212,23,19
timeStep,numberOfRobotsOnBlackSite,numberOfRobotsOnWhiteSite
15213,23,19
timeStep,numberOfRobotsOnBlackSite,numberOfRobotsOnWhiteSite
15214,23,19
timeStep,numberOfRobotsOnBlackSite,numberOfRobotsOnWhiteSite
15215,23,19
timeStep,numberOfRobotsOnBlackSite,numberOfRobotsOnWhiteSite
15216,23,19
timeStep,numberOfRobotsOnBlackSite,numberOfRobotsOnWhiteSite
15217,23,19
timeStep,numberOfRobotsOnBlackSite,numberOfRobotsOnWhiteSite
15218,23,19
timeStep,numberOfRobotsOnBlackSite,numberOfRobotsOnWhiteSite
15219,23,19
timeStep,numberOfRobotsOnBlackSite,numberOfRobotsOnWhiteSite
15220,23,19
timeStep,numberOfRobotsOnBlackSite,numberOfRobotsOnWhiteSite
15221,23,19
timeStep,numberOfRobotsOnBlackSite,numberOfRobotsOnWhiteSite
15222,23,19
timeStep,numberOfRobotsOnBlackSite,numberOfRobotsOnWhiteSite
15223,23,19
timeStep,numberOfRobotsOnBlackSite,numberOfRobotsOnWhiteSite
15224,23,19
timeStep,numberOfRobotsOnBlackSite,numberOfRobotsOnWhiteSite
15225,23,19
timeStep,numberOfRobotsOnBlackSite,numberOfRobotsOnWhiteSite
15226,23,19
timeStep,numberOfRobotsOnBlackSite,numberOfRobotsOnWhiteSite
15227,23,19
timeStep,numberOfRobotsOnBlackSite,numberOfRobotsOnWhiteSite
15228,23,19
timeStep,numberOfRobotsOnBlackSite,numberOfRobotsOnWhiteSite
15229,23,19
timeStep,numberOfRobotsOnBlackSite,numberOfRobotsOnWhiteSite
15230,23,19
timeStep,numberOfRobotsOnBlackSite,numberOfRobotsOnWhiteSite
15231,23,19
timeStep,numberOfRobotsOnBlackSite,numberOfRobotsOnWhiteSite
15232,23,19
timeStep,numberOfRobotsOnBlackSite,numberOfRobotsOnWhiteSite
15233,23,19
timeStep,numberOfRobotsOnBlackSite,numberOfRobotsOnWhiteSite
15234,23,19
timeStep,numberOfRobotsOnBlackSite,numberOfRobotsOnWhiteSite
15235,23,19
timeStep,numberOfRobotsOnBlackSite,numberOfRobotsOnWhiteSite
15236,23,19
timeStep,numberOfRobotsOnBlackSite,numberOfRobotsOnWhiteSite
15237,23,19
timeStep,numberOfRobotsOnBlackSite,numberOfRobotsOnWhiteSite
15238,23,19
timeStep,numberOfRobotsOnBlackSite,numberOfRobotsOnWhiteSite
15239,23,19
timeStep,numberOfRobotsOnBlackSite,numberOfRobotsOnWhiteSite
15240,23,19
timeStep,numberOfRobotsOnBlackSite,numberOfRobotsOnWhiteSite
15241,23,19
timeStep,numberOfRobotsOnBlackSite,numberOfRobotsOnWhiteSite
15242,23,19
timeStep,numberOfRobotsOnBlackSite,numberOfRobotsOnWhiteSite
15243,23,19
timeStep,numberOfRobotsOnBlackSite,numberOfRobotsOnWhiteSite
15244,23,19
timeStep,numberOfRobotsOnBlackSite,numberOfRobotsOnWhiteSite
15245,23,19
timeStep,numberOfRobotsOnBlackSite,numberOfRobotsOnWhiteSite
15246,23,19
timeStep,numberOfRobotsOnBlackSite,numberOfRobotsOnWhiteSite
15247,23,19
timeStep,numberOfRobotsOnBlackSite,numberOfRobotsOnWhiteSite
15248,23,19
timeStep,numberOfRobotsOnBlackSite,numberOfRobotsOnWhiteSite
15249,23,19
timeStep,numberOfRobotsOnBlackSite,numberOfRobotsOnWhiteSite
15250,24,19
timeStep,numberOfRobotsOnBlackSite,numberOfRobotsOnWhiteSite
15251,24,19
timeStep,numberOfRobotsOnBlackSite,numberOfRobotsOnWhiteSite
15252,24,19
timeStep,numberOfRobotsOnBlackSite,numberOfRobotsOnWhiteSite
15253,24,19
timeStep,numberOfRobotsOnBlackSite,numberOfRobotsOnWhiteSite
15254,24,19
timeStep,numberOfRobotsOnBlackSite,numberOfRobotsOnWhiteSite
15255,24,19
timeStep,numberOfRobotsOnBlackSite,numberOfRobotsOnWhiteSite
15256,24,19
timeStep,numberOfRobotsOnBlackSite,numberOfRobotsOnWhiteSite
15257,24,19
timeStep,numberOfRobotsOnBlackSite,numberOfRobotsOnWhiteSite
15258,24,19
timeStep,numberOfRobotsOnBlackSite,numberOfRobotsOnWhiteSite
15259,24,19
timeStep,numberOfRobotsOnBlackSite,numberOfRobotsOnWhiteSite
15260,24,19
timeStep,numberOfRobotsOnBlackSite,numberOfRobotsOnWhiteSite
15261,24,19
timeStep,numberOfRobotsOnBlackSite,numberOfRobotsOnWhiteSite
15262,24,19
timeStep,numberOfRobotsOnBlackSite,numberOfRobotsOnWhiteSite
15263,24,19
timeStep,numberOfRobotsOnBlackSite,numberOfRobotsOnWhiteSite
15264,24,19
timeStep,numberOfRobotsOnBlackSite,numberOfRobotsOnWhiteSite
15265,23,19
timeStep,numberOfRobotsOnBlackSite,numberOfRobotsOnWhiteSite
15266,23,19
timeStep,numberOfRobotsOnBlackSite,numberOfRobotsOnWhiteSite
15267,23,19
timeStep,numberOfRobotsOnBlackSite,numberOfRobotsOnWhiteSite
15268,23,19
timeStep,numberOfRobotsOnBlackSite,numberOfRobotsOnWhiteSite
15269,23,19
timeStep,numberOfRobotsOnBlackSite,numberOfRobotsOnWhiteSite
15270,23,19
timeStep,numberOfRobotsOnBlackSite,numberOfRobotsOnWhiteSite
15271,23,19
timeStep,numberOfRobotsOnBlackSite,numberOfRobotsOnWhiteSite
15272,23,19
timeStep,numberOfRobotsOnBlackSite,numberOfRobotsOnWhiteSite
15273,23,19
timeStep,numberOfRobotsOnBlackSite,numberOfRobotsOnWhiteSite
15274,23,19
timeStep,numberOfRobotsOnBlackSite,numberOfRobotsOnWhiteSite
15275,23,19
timeStep,numberOfRobotsOnBlackSite,numberOfRobotsOnWhiteSite
15276,23,19
timeStep,numberOfRobotsOnBlackSite,numberOfRobotsOnWhiteSite
15277,23,19
timeStep,numberOfRobotsOnBlackSite,numberOfRobotsOnWhiteSite
15278,23,19
timeStep,numberOfRobotsOnBlackSite,numberOfRobotsOnWhiteSite
15279,23,19
timeStep,numberOfRobotsOnBlackSite,numberOfRobotsOnWhiteSite
15280,22,19
timeStep,numberOfRobotsOnBlackSite,numberOfRobotsOnWhiteSite
15281,22,19
timeStep,numberOfRobotsOnBlackSite,numberOfRobotsOnWhiteSite
15282,22,19
timeStep,numberOfRobotsOnBlackSite,numberOfRobotsOnWhiteSite
15283,22,19
timeStep,numberOfRobotsOnBlackSite,numberOfRobotsOnWhiteSite
15284,22,19
timeStep,numberOfRobotsOnBlackSite,numberOfRobotsOnWhiteSite
15285,22,19
timeStep,numberOfRobotsOnBlackSite,numberOfRobotsOnWhiteSite
15286,22,19
timeStep,numberOfRobotsOnBlackSite,numberOfRobotsOnWhiteSite
15287,22,19
timeStep,numberOfRobotsOnBlackSite,numberOfRobotsOnWhiteSite
15288,22,19
timeStep,numberOfRobotsOnBlackSite,numberOfRobotsOnWhiteSite
15289,22,19
timeStep,numberOfRobotsOnBlackSite,numberOfRobotsOnWhiteSite
15290,23,19
timeStep,numberOfRobotsOnBlackSite,numberOfRobotsOnWhiteSite
15291,23,19
timeStep,numberOfRobotsOnBlackSite,numberOfRobotsOnWhiteSite
15292,23,19
timeStep,numberOfRobotsOnBlackSite,numberOfRobotsOnWhiteSite
15293,23,19
timeStep,numberOfRobotsOnBlackSite,numberOfRobotsOnWhiteSite
15294,23,19
timeStep,numberOfRobotsOnBlackSite,numberOfRobotsOnWhiteSite
15295,23,19
timeStep,numberOfRobotsOnBlackSite,numberOfRobotsOnWhiteSite
15296,23,19
timeStep,numberOfRobotsOnBlackSite,numberOfRobotsOnWhiteSite
15297,23,19
timeStep,numberOfRobotsOnBlackSite,numberOfRobotsOnWhiteSite
15298,23,19
timeStep,numberOfRobotsOnBlackSite,numberOfRobotsOnWhiteSite
15299,23,19
timeStep,numberOfRobotsOnBlackSite,numberOfRobotsOnWhiteSite
15300,23,19
timeStep,numberOfRobotsOnBlackSite,numberOfRobotsOnWhiteSite
15301,23,19
timeStep,numberOfRobotsOnBlackSite,numberOfRobotsOnWhiteSite
15302,23,19
timeStep,numberOfRobotsOnBlackSite,numberOfRobotsOnWhiteSite
15303,23,19
timeStep,numberOfRobotsOnBlackSite,numberOfRobotsOnWhiteSite
15304,23,19
timeStep,numberOfRobotsOnBlackSite,numberOfRobotsOnWhiteSite
15305,23,19
timeStep,numberOfRobotsOnBlackSite,numberOfRobotsOnWhiteSite
15306,23,19
timeStep,numberOfRobotsOnBlackSite,numberOfRobotsOnWhiteSite
15307,23,19
timeStep,numberOfRobotsOnBlackSite,numberOfRobotsOnWhiteSite
15308,23,19
timeStep,numberOfRobotsOnBlackSite,numberOfRobotsOnWhiteSite
15309,23,19
timeStep,numberOfRobotsOnBlackSite,numberOfRobotsOnWhiteSite
15310,23,19
timeStep,numberOfRobotsOnBlackSite,numberOfRobotsOnWhiteSite
15311,23,19
timeStep,numberOfRobotsOnBlackSite,numberOfRobotsOnWhiteSite
15312,23,19
timeStep,numberOfRobotsOnBlackSite,numberOfRobotsOnWhiteSite
15313,23,19
timeStep,numberOfRobotsOnBlackSite,numberOfRobotsOnWhiteSite
15314,23,19
timeStep,numberOfRobotsOnBlackSite,numberOfRobotsOnWhiteSite
15315,23,19
timeStep,numberOfRobotsOnBlackSite,numberOfRobotsOnWhiteSite
15316,23,19
timeStep,numberOfRobotsOnBlackSite,numberOfRobotsOnWhiteSite
15317,23,19
timeStep,numberOfRobotsOnBlackSite,numberOfRobotsOnWhiteSite
15318,23,19
timeStep,numberOfRobotsOnBlackSite,numberOfRobotsOnWhiteSite
15319,23,19
timeStep,numberOfRobotsOnBlackSite,numberOfRobotsOnWhiteSite
15320,24,19
timeStep,numberOfRobotsOnBlackSite,numberOfRobotsOnWhiteSite
15321,24,19
timeStep,numberOfRobotsOnBlackSite,numberOfRobotsOnWhiteSite
15322,24,19
timeStep,numberOfRobotsOnBlackSite,numberOfRobotsOnWhiteSite
15323,24,19
timeStep,numberOfRobotsOnBlackSite,numberOfRobotsOnWhiteSite
15324,24,19
timeStep,numberOfRobotsOnBlackSite,numberOfRobotsOnWhiteSite
15325,24,19
timeStep,numberOfRobotsOnBlackSite,numberOfRobotsOnWhiteSite
15326,24,19
timeStep,numberOfRobotsOnBlackSite,numberOfRobotsOnWhiteSite
15327,24,19
timeStep,numberOfRobotsOnBlackSite,numberOfRobotsOnWhiteSite
15328,24,19
timeStep,numberOfRobotsOnBlackSite,numberOfRobotsOnWhiteSite
15329,24,19
timeStep,numberOfRobotsOnBlackSite,numberOfRobotsOnWhiteSite
15330,24,19
timeStep,numberOfRobotsOnBlackSite,numberOfRobotsOnWhiteSite
15331,24,19
timeStep,numberOfRobotsOnBlackSite,numberOfRobotsOnWhiteSite
15332,24,19
timeStep,numberOfRobotsOnBlackSite,numberOfRobotsOnWhiteSite
15333,24,19
timeStep,numberOfRobotsOnBlackSite,numberOfRobotsOnWhiteSite
15334,24,19
timeStep,numberOfRobotsOnBlackSite,numberOfRobotsOnWhiteSite
15335,24,19
timeStep,numberOfRobotsOnBlackSite,numberOfRobotsOnWhiteSite
15336,24,19
timeStep,numberOfRobotsOnBlackSite,numberOfRobotsOnWhiteSite
15337,24,19
timeStep,numberOfRobotsOnBlackSite,numberOfRobotsOnWhiteSite
15338,24,19
timeStep,numberOfRobotsOnBlackSite,numberOfRobotsOnWhiteSite
15339,24,19
timeStep,numberOfRobotsOnBlackSite,numberOfRobotsOnWhiteSite
15340,24,19
timeStep,numberOfRobotsOnBlackSite,numberOfRobotsOnWhiteSite
15341,24,19
timeStep,numberOfRobotsOnBlackSite,numberOfRobotsOnWhiteSite
15342,24,19
timeStep,numberOfRobotsOnBlackSite,numberOfRobotsOnWhiteSite
15343,24,19
timeStep,numberOfRobotsOnBlackSite,numberOfRobotsOnWhiteSite
15344,24,19
timeStep,numberOfRobotsOnBlackSite,numberOfRobotsOnWhiteSite
15345,23,18
timeStep,numberOfRobotsOnBlackSite,numberOfRobotsOnWhiteSite
15346,23,18
timeStep,numberOfRobotsOnBlackSite,numberOfRobotsOnWhiteSite
15347,23,18
timeStep,numberOfRobotsOnBlackSite,numberOfRobotsOnWhiteSite
15348,23,18
timeStep,numberOfRobotsOnBlackSite,numberOfRobotsOnWhiteSite
15349,23,18
timeStep,numberOfRobotsOnBlackSite,numberOfRobotsOnWhiteSite
15350,23,18
timeStep,numberOfRobotsOnBlackSite,numberOfRobotsOnWhiteSite
15351,23,18
timeStep,numberOfRobotsOnBlackSite,numberOfRobotsOnWhiteSite
15352,23,18
timeStep,numberOfRobotsOnBlackSite,numberOfRobotsOnWhiteSite
15353,23,18
timeStep,numberOfRobotsOnBlackSite,numberOfRobotsOnWhiteSite
15354,23,18
timeStep,numberOfRobotsOnBlackSite,numberOfRobotsOnWhiteSite
15355,23,18
timeStep,numberOfRobotsOnBlackSite,numberOfRobotsOnWhiteSite
15356,23,18
timeStep,numberOfRobotsOnBlackSite,numberOfRobotsOnWhiteSite
15357,23,18
timeStep,numberOfRobotsOnBlackSite,numberOfRobotsOnWhiteSite
15358,23,18
timeStep,numberOfRobotsOnBlackSite,numberOfRobotsOnWhiteSite
15359,23,18
timeStep,numberOfRobotsOnBlackSite,numberOfRobotsOnWhiteSite
15360,23,18
timeStep,numberOfRobotsOnBlackSite,numberOfRobotsOnWhiteSite
15361,23,18
timeStep,numberOfRobotsOnBlackSite,numberOfRobotsOnWhiteSite
15362,23,18
timeStep,numberOfRobotsOnBlackSite,numberOfRobotsOnWhiteSite
15363,23,18
timeStep,numberOfRobotsOnBlackSite,numberOfRobotsOnWhiteSite
15364,23,18
timeStep,numberOfRobotsOnBlackSite,numberOfRobotsOnWhiteSite
15365,23,18
timeStep,numberOfRobotsOnBlackSite,numberOfRobotsOnWhiteSite
15366,23,18
timeStep,numberOfRobotsOnBlackSite,numberOfRobotsOnWhiteSite
15367,23,18
timeStep,numberOfRobotsOnBlackSite,numberOfRobotsOnWhiteSite
15368,23,18
timeStep,numberOfRobotsOnBlackSite,numberOfRobotsOnWhiteSite
15369,23,18
timeStep,numberOfRobotsOnBlackSite,numberOfRobotsOnWhiteSite
15370,23,18
timeStep,numberOfRobotsOnBlackSite,numberOfRobotsOnWhiteSite
15371,23,18
timeStep,numberOfRobotsOnBlackSite,numberOfRobotsOnWhiteSite
15372,23,18
timeStep,numberOfRobotsOnBlackSite,numberOfRobotsOnWhiteSite
15373,23,18
timeStep,numberOfRobotsOnBlackSite,numberOfRobotsOnWhiteSite
15374,23,18
timeStep,numberOfRobotsOnBlackSite,numberOfRobotsOnWhiteSite
15375,23,18
timeStep,numberOfRobotsOnBlackSite,numberOfRobotsOnWhiteSite
15376,23,18
timeStep,numberOfRobotsOnBlackSite,numberOfRobotsOnWhiteSite
15377,23,18
timeStep,numberOfRobotsOnBlackSite,numberOfRobotsOnWhiteSite
15378,23,18
timeStep,numberOfRobotsOnBlackSite,numberOfRobotsOnWhiteSite
15379,23,18
timeStep,numberOfRobotsOnBlackSite,numberOfRobotsOnWhiteSite
15380,24,18
timeStep,numberOfRobotsOnBlackSite,numberOfRobotsOnWhiteSite
15381,24,18
timeStep,numberOfRobotsOnBlackSite,numberOfRobotsOnWhiteSite
15382,24,18
timeStep,numberOfRobotsOnBlackSite,numberOfRobotsOnWhiteSite
15383,24,18
timeStep,numberOfRobotsOnBlackSite,numberOfRobotsOnWhiteSite
15384,24,18
timeStep,numberOfRobotsOnBlackSite,numberOfRobotsOnWhiteSite
15385,24,18
timeStep,numberOfRobotsOnBlackSite,numberOfRobotsOnWhiteSite
15386,24,18
timeStep,numberOfRobotsOnBlackSite,numberOfRobotsOnWhiteSite
15387,24,18
timeStep,numberOfRobotsOnBlackSite,numberOfRobotsOnWhiteSite
15388,24,18
timeStep,numberOfRobotsOnBlackSite,numberOfRobotsOnWhiteSite
15389,24,18
timeStep,numberOfRobotsOnBlackSite,numberOfRobotsOnWhiteSite
15390,24,18
timeStep,numberOfRobotsOnBlackSite,numberOfRobotsOnWhiteSite
15391,24,18
timeStep,numberOfRobotsOnBlackSite,numberOfRobotsOnWhiteSite
15392,24,18
timeStep,numberOfRobotsOnBlackSite,numberOfRobotsOnWhiteSite
15393,24,18
timeStep,numberOfRobotsOnBlackSite,numberOfRobotsOnWhiteSite
15394,24,18
timeStep,numberOfRobotsOnBlackSite,numberOfRobotsOnWhiteSite
15395,25,19
timeStep,numberOfRobotsOnBlackSite,numberOfRobotsOnWhiteSite
15396,25,19
timeStep,numberOfRobotsOnBlackSite,numberOfRobotsOnWhiteSite
15397,25,19
timeStep,numberOfRobotsOnBlackSite,numberOfRobotsOnWhiteSite
15398,25,19
timeStep,numberOfRobotsOnBlackSite,numberOfRobotsOnWhiteSite
15399,25,19
timeStep,numberOfRobotsOnBlackSite,numberOfRobotsOnWhiteSite
15400,24,19
timeStep,numberOfRobotsOnBlackSite,numberOfRobotsOnWhiteSite
15401,24,19
timeStep,numberOfRobotsOnBlackSite,numberOfRobotsOnWhiteSite
15402,24,19
timeStep,numberOfRobotsOnBlackSite,numberOfRobotsOnWhiteSite
15403,24,19
timeStep,numberOfRobotsOnBlackSite,numberOfRobotsOnWhiteSite
15404,24,19
timeStep,numberOfRobotsOnBlackSite,numberOfRobotsOnWhiteSite
15405,24,19
timeStep,numberOfRobotsOnBlackSite,numberOfRobotsOnWhiteSite
15406,24,19
timeStep,numberOfRobotsOnBlackSite,numberOfRobotsOnWhiteSite
15407,24,19
timeStep,numberOfRobotsOnBlackSite,numberOfRobotsOnWhiteSite
15408,24,19
timeStep,numberOfRobotsOnBlackSite,numberOfRobotsOnWhiteSite
15409,24,19
timeStep,numberOfRobotsOnBlackSite,numberOfRobotsOnWhiteSite
15410,24,19
timeStep,numberOfRobotsOnBlackSite,numberOfRobotsOnWhiteSite
15411,24,19
timeStep,numberOfRobotsOnBlackSite,numberOfRobotsOnWhiteSite
15412,24,19
timeStep,numberOfRobotsOnBlackSite,numberOfRobotsOnWhiteSite
15413,24,19
timeStep,numberOfRobotsOnBlackSite,numberOfRobotsOnWhiteSite
15414,24,19
timeStep,numberOfRobotsOnBlackSite,numberOfRobotsOnWhiteSite
15415,24,19
timeStep,numberOfRobotsOnBlackSite,numberOfRobotsOnWhiteSite
15416,24,19
timeStep,numberOfRobotsOnBlackSite,numberOfRobotsOnWhiteSite
15417,24,19
timeStep,numberOfRobotsOnBlackSite,numberOfRobotsOnWhiteSite
15418,24,19
timeStep,numberOfRobotsOnBlackSite,numberOfRobotsOnWhiteSite
15419,24,19
timeStep,numberOfRobotsOnBlackSite,numberOfRobotsOnWhiteSite
15420,24,19
timeStep,numberOfRobotsOnBlackSite,numberOfRobotsOnWhiteSite
15421,24,19
timeStep,numberOfRobotsOnBlackSite,numberOfRobotsOnWhiteSite
15422,24,19
timeStep,numberOfRobotsOnBlackSite,numberOfRobotsOnWhiteSite
15423,24,19
timeStep,numberOfRobotsOnBlackSite,numberOfRobotsOnWhiteSite
15424,24,19
timeStep,numberOfRobotsOnBlackSite,numberOfRobotsOnWhiteSite
15425,23,19
timeStep,numberOfRobotsOnBlackSite,numberOfRobotsOnWhiteSite
15426,23,19
timeStep,numberOfRobotsOnBlackSite,numberOfRobotsOnWhiteSite
15427,23,19
timeStep,numberOfRobotsOnBlackSite,numberOfRobotsOnWhiteSite
15428,23,19
timeStep,numberOfRobotsOnBlackSite,numberOfRobotsOnWhiteSite
15429,23,19
timeStep,numberOfRobotsOnBlackSite,numberOfRobotsOnWhiteSite
15430,23,19
timeStep,numberOfRobotsOnBlackSite,numberOfRobotsOnWhiteSite
15431,23,19
timeStep,numberOfRobotsOnBlackSite,numberOfRobotsOnWhiteSite
15432,23,19
timeStep,numberOfRobotsOnBlackSite,numberOfRobotsOnWhiteSite
15433,23,19
timeStep,numberOfRobotsOnBlackSite,numberOfRobotsOnWhiteSite
15434,23,19
timeStep,numberOfRobotsOnBlackSite,numberOfRobotsOnWhiteSite
15435,23,19
timeStep,numberOfRobotsOnBlackSite,numberOfRobotsOnWhiteSite
15436,23,19
timeStep,numberOfRobotsOnBlackSite,numberOfRobotsOnWhiteSite
15437,23,19
timeStep,numberOfRobotsOnBlackSite,numberOfRobotsOnWhiteSite
15438,23,19
timeStep,numberOfRobotsOnBlackSite,numberOfRobotsOnWhiteSite
15439,23,19
timeStep,numberOfRobotsOnBlackSite,numberOfRobotsOnWhiteSite
15440,23,19
timeStep,numberOfRobotsOnBlackSite,numberOfRobotsOnWhiteSite
15441,23,19
timeStep,numberOfRobotsOnBlackSite,numberOfRobotsOnWhiteSite
15442,23,19
timeStep,numberOfRobotsOnBlackSite,numberOfRobotsOnWhiteSite
15443,23,19
timeStep,numberOfRobotsOnBlackSite,numberOfRobotsOnWhiteSite
15444,23,19
timeStep,numberOfRobotsOnBlackSite,numberOfRobotsOnWhiteSite
15445,23,19
timeStep,numberOfRobotsOnBlackSite,numberOfRobotsOnWhiteSite
15446,23,19
timeStep,numberOfRobotsOnBlackSite,numberOfRobotsOnWhiteSite
15447,23,19
timeStep,numberOfRobotsOnBlackSite,numberOfRobotsOnWhiteSite
15448,23,19
timeStep,numberOfRobotsOnBlackSite,numberOfRobotsOnWhiteSite
15449,23,19
timeStep,numberOfRobotsOnBlackSite,numberOfRobotsOnWhiteSite
15450,23,19
timeStep,numberOfRobotsOnBlackSite,numberOfRobotsOnWhiteSite
15451,23,19
timeStep,numberOfRobotsOnBlackSite,numberOfRobotsOnWhiteSite
15452,23,19
timeStep,numberOfRobotsOnBlackSite,numberOfRobotsOnWhiteSite
15453,23,19
timeStep,numberOfRobotsOnBlackSite,numberOfRobotsOnWhiteSite
15454,23,19
timeStep,numberOfRobotsOnBlackSite,numberOfRobotsOnWhiteSite
15455,23,19
timeStep,numberOfRobotsOnBlackSite,numberOfRobotsOnWhiteSite
15456,23,19
timeStep,numberOfRobotsOnBlackSite,numberOfRobotsOnWhiteSite
15457,23,19
timeStep,numberOfRobotsOnBlackSite,numberOfRobotsOnWhiteSite
15458,23,19
timeStep,numberOfRobotsOnBlackSite,numberOfRobotsOnWhiteSite
15459,23,19
timeStep,numberOfRobotsOnBlackSite,numberOfRobotsOnWhiteSite
15460,23,19
timeStep,numberOfRobotsOnBlackSite,numberOfRobotsOnWhiteSite
15461,23,19
timeStep,numberOfRobotsOnBlackSite,numberOfRobotsOnWhiteSite
15462,23,19
timeStep,numberOfRobotsOnBlackSite,numberOfRobotsOnWhiteSite
15463,23,19
timeStep,numberOfRobotsOnBlackSite,numberOfRobotsOnWhiteSite
15464,23,19
timeStep,numberOfRobotsOnBlackSite,numberOfRobotsOnWhiteSite
15465,23,19
timeStep,numberOfRobotsOnBlackSite,numberOfRobotsOnWhiteSite
15466,23,19
timeStep,numberOfRobotsOnBlackSite,numberOfRobotsOnWhiteSite
15467,23,19
timeStep,numberOfRobotsOnBlackSite,numberOfRobotsOnWhiteSite
15468,23,19
timeStep,numberOfRobotsOnBlackSite,numberOfRobotsOnWhiteSite
15469,23,19
timeStep,numberOfRobotsOnBlackSite,numberOfRobotsOnWhiteSite
15470,23,19
timeStep,numberOfRobotsOnBlackSite,numberOfRobotsOnWhiteSite
15471,23,19
timeStep,numberOfRobotsOnBlackSite,numberOfRobotsOnWhiteSite
15472,23,19
timeStep,numberOfRobotsOnBlackSite,numberOfRobotsOnWhiteSite
15473,23,19
timeStep,numberOfRobotsOnBlackSite,numberOfRobotsOnWhiteSite
15474,23,19
timeStep,numberOfRobotsOnBlackSite,numberOfRobotsOnWhiteSite
15475,23,19
timeStep,numberOfRobotsOnBlackSite,numberOfRobotsOnWhiteSite
15476,23,19
timeStep,numberOfRobotsOnBlackSite,numberOfRobotsOnWhiteSite
15477,23,19
timeStep,numberOfRobotsOnBlackSite,numberOfRobotsOnWhiteSite
15478,23,19
timeStep,numberOfRobotsOnBlackSite,numberOfRobotsOnWhiteSite
15479,23,19
timeStep,numberOfRobotsOnBlackSite,numberOfRobotsOnWhiteSite
15480,23,19
timeStep,numberOfRobotsOnBlackSite,numberOfRobotsOnWhiteSite
15481,23,19
timeStep,numberOfRobotsOnBlackSite,numberOfRobotsOnWhiteSite
15482,23,19
timeStep,numberOfRobotsOnBlackSite,numberOfRobotsOnWhiteSite
15483,23,19
timeStep,numberOfRobotsOnBlackSite,numberOfRobotsOnWhiteSite
15484,23,19
timeStep,numberOfRobotsOnBlackSite,numberOfRobotsOnWhiteSite
15485,22,19
timeStep,numberOfRobotsOnBlackSite,numberOfRobotsOnWhiteSite
15486,22,19
timeStep,numberOfRobotsOnBlackSite,numberOfRobotsOnWhiteSite
15487,22,19
timeStep,numberOfRobotsOnBlackSite,numberOfRobotsOnWhiteSite
15488,22,19
timeStep,numberOfRobotsOnBlackSite,numberOfRobotsOnWhiteSite
15489,22,19
timeStep,numberOfRobotsOnBlackSite,numberOfRobotsOnWhiteSite
15490,21,19
timeStep,numberOfRobotsOnBlackSite,numberOfRobotsOnWhiteSite
15491,21,19
timeStep,numberOfRobotsOnBlackSite,numberOfRobotsOnWhiteSite
15492,21,19
timeStep,numberOfRobotsOnBlackSite,numberOfRobotsOnWhiteSite
15493,21,19
timeStep,numberOfRobotsOnBlackSite,numberOfRobotsOnWhiteSite
15494,21,19
timeStep,numberOfRobotsOnBlackSite,numberOfRobotsOnWhiteSite
15495,21,19
timeStep,numberOfRobotsOnBlackSite,numberOfRobotsOnWhiteSite
15496,21,19
timeStep,numberOfRobotsOnBlackSite,numberOfRobotsOnWhiteSite
15497,21,19
timeStep,numberOfRobotsOnBlackSite,numberOfRobotsOnWhiteSite
15498,21,19
timeStep,numberOfRobotsOnBlackSite,numberOfRobotsOnWhiteSite
15499,21,19
timeStep,numberOfRobotsOnBlackSite,numberOfRobotsOnWhiteSite
15500,21,19
timeStep,numberOfRobotsOnBlackSite,numberOfRobotsOnWhiteSite
15501,21,19
timeStep,numberOfRobotsOnBlackSite,numberOfRobotsOnWhiteSite
15502,21,19
timeStep,numberOfRobotsOnBlackSite,numberOfRobotsOnWhiteSite
15503,21,19
timeStep,numberOfRobotsOnBlackSite,numberOfRobotsOnWhiteSite
15504,21,19
timeStep,numberOfRobotsOnBlackSite,numberOfRobotsOnWhiteSite
15505,21,19
timeStep,numberOfRobotsOnBlackSite,numberOfRobotsOnWhiteSite
15506,21,19
timeStep,numberOfRobotsOnBlackSite,numberOfRobotsOnWhiteSite
15507,21,19
timeStep,numberOfRobotsOnBlackSite,numberOfRobotsOnWhiteSite
15508,21,19
timeStep,numberOfRobotsOnBlackSite,numberOfRobotsOnWhiteSite
15509,21,19
timeStep,numberOfRobotsOnBlackSite,numberOfRobotsOnWhiteSite
15510,21,19
timeStep,numberOfRobotsOnBlackSite,numberOfRobotsOnWhiteSite
15511,21,19
timeStep,numberOfRobotsOnBlackSite,numberOfRobotsOnWhiteSite
15512,21,19
timeStep,numberOfRobotsOnBlackSite,numberOfRobotsOnWhiteSite
15513,21,19
timeStep,numberOfRobotsOnBlackSite,numberOfRobotsOnWhiteSite
15514,21,19
timeStep,numberOfRobotsOnBlackSite,numberOfRobotsOnWhiteSite
15515,21,19
timeStep,numberOfRobotsOnBlackSite,numberOfRobotsOnWhiteSite
15516,21,19
timeStep,numberOfRobotsOnBlackSite,numberOfRobotsOnWhiteSite
15517,21,19
timeStep,numberOfRobotsOnBlackSite,numberOfRobotsOnWhiteSite
15518,21,19
timeStep,numberOfRobotsOnBlackSite,numberOfRobotsOnWhiteSite
15519,21,19
timeStep,numberOfRobotsOnBlackSite,numberOfRobotsOnWhiteSite
15520,21,19
timeStep,numberOfRobotsOnBlackSite,numberOfRobotsOnWhiteSite
15521,21,19
timeStep,numberOfRobotsOnBlackSite,numberOfRobotsOnWhiteSite
15522,21,19
timeStep,numberOfRobotsOnBlackSite,numberOfRobotsOnWhiteSite
15523,21,19
timeStep,numberOfRobotsOnBlackSite,numberOfRobotsOnWhiteSite
15524,21,19
timeStep,numberOfRobotsOnBlackSite,numberOfRobotsOnWhiteSite
15525,21,19
timeStep,numberOfRobotsOnBlackSite,numberOfRobotsOnWhiteSite
15526,21,19
timeStep,numberOfRobotsOnBlackSite,numberOfRobotsOnWhiteSite
15527,21,19
timeStep,numberOfRobotsOnBlackSite,numberOfRobotsOnWhiteSite
15528,21,19
timeStep,numberOfRobotsOnBlackSite,numberOfRobotsOnWhiteSite
15529,21,19
timeStep,numberOfRobotsOnBlackSite,numberOfRobotsOnWhiteSite
15530,21,19
timeStep,numberOfRobotsOnBlackSite,numberOfRobotsOnWhiteSite
15531,21,19
timeStep,numberOfRobotsOnBlackSite,numberOfRobotsOnWhiteSite
15532,21,19
timeStep,numberOfRobotsOnBlackSite,numberOfRobotsOnWhiteSite
15533,21,19
timeStep,numberOfRobotsOnBlackSite,numberOfRobotsOnWhiteSite
15534,21,19
timeStep,numberOfRobotsOnBlackSite,numberOfRobotsOnWhiteSite
15535,21,19
timeStep,numberOfRobotsOnBlackSite,numberOfRobotsOnWhiteSite
15536,21,19
timeStep,numberOfRobotsOnBlackSite,numberOfRobotsOnWhiteSite
15537,21,19
timeStep,numberOfRobotsOnBlackSite,numberOfRobotsOnWhiteSite
15538,21,19
timeStep,numberOfRobotsOnBlackSite,numberOfRobotsOnWhiteSite
15539,21,19
timeStep,numberOfRobotsOnBlackSite,numberOfRobotsOnWhiteSite
15540,21,19
timeStep,numberOfRobotsOnBlackSite,numberOfRobotsOnWhiteSite
15541,21,19
timeStep,numberOfRobotsOnBlackSite,numberOfRobotsOnWhiteSite
15542,21,19
timeStep,numberOfRobotsOnBlackSite,numberOfRobotsOnWhiteSite
15543,21,19
timeStep,numberOfRobotsOnBlackSite,numberOfRobotsOnWhiteSite
15544,21,19
timeStep,numberOfRobotsOnBlackSite,numberOfRobotsOnWhiteSite
15545,21,19
timeStep,numberOfRobotsOnBlackSite,numberOfRobotsOnWhiteSite
15546,21,19
timeStep,numberOfRobotsOnBlackSite,numberOfRobotsOnWhiteSite
15547,21,19
timeStep,numberOfRobotsOnBlackSite,numberOfRobotsOnWhiteSite
15548,21,19
timeStep,numberOfRobotsOnBlackSite,numberOfRobotsOnWhiteSite
15549,21,19
timeStep,numberOfRobotsOnBlackSite,numberOfRobotsOnWhiteSite
15550,21,19
timeStep,numberOfRobotsOnBlackSite,numberOfRobotsOnWhiteSite
15551,21,19
timeStep,numberOfRobotsOnBlackSite,numberOfRobotsOnWhiteSite
15552,21,19
timeStep,numberOfRobotsOnBlackSite,numberOfRobotsOnWhiteSite
15553,21,19
timeStep,numberOfRobotsOnBlackSite,numberOfRobotsOnWhiteSite
15554,21,19
timeStep,numberOfRobotsOnBlackSite,numberOfRobotsOnWhiteSite
15555,21,19
timeStep,numberOfRobotsOnBlackSite,numberOfRobotsOnWhiteSite
15556,21,19
timeStep,numberOfRobotsOnBlackSite,numberOfRobotsOnWhiteSite
15557,21,19
timeStep,numberOfRobotsOnBlackSite,numberOfRobotsOnWhiteSite
15558,21,19
timeStep,numberOfRobotsOnBlackSite,numberOfRobotsOnWhiteSite
15559,21,19
timeStep,numberOfRobotsOnBlackSite,numberOfRobotsOnWhiteSite
15560,22,19
timeStep,numberOfRobotsOnBlackSite,numberOfRobotsOnWhiteSite
15561,22,19
timeStep,numberOfRobotsOnBlackSite,numberOfRobotsOnWhiteSite
15562,22,19
timeStep,numberOfRobotsOnBlackSite,numberOfRobotsOnWhiteSite
15563,22,19
timeStep,numberOfRobotsOnBlackSite,numberOfRobotsOnWhiteSite
15564,22,19
timeStep,numberOfRobotsOnBlackSite,numberOfRobotsOnWhiteSite
15565,22,19
timeStep,numberOfRobotsOnBlackSite,numberOfRobotsOnWhiteSite
15566,22,19
timeStep,numberOfRobotsOnBlackSite,numberOfRobotsOnWhiteSite
15567,22,19
timeStep,numberOfRobotsOnBlackSite,numberOfRobotsOnWhiteSite
15568,22,19
timeStep,numberOfRobotsOnBlackSite,numberOfRobotsOnWhiteSite
15569,22,19
timeStep,numberOfRobotsOnBlackSite,numberOfRobotsOnWhiteSite
15570,22,19
timeStep,numberOfRobotsOnBlackSite,numberOfRobotsOnWhiteSite
15571,22,19
timeStep,numberOfRobotsOnBlackSite,numberOfRobotsOnWhiteSite
15572,22,19
timeStep,numberOfRobotsOnBlackSite,numberOfRobotsOnWhiteSite
15573,22,19
timeStep,numberOfRobotsOnBlackSite,numberOfRobotsOnWhiteSite
15574,22,19
timeStep,numberOfRobotsOnBlackSite,numberOfRobotsOnWhiteSite
15575,22,19
timeStep,numberOfRobotsOnBlackSite,numberOfRobotsOnWhiteSite
15576,22,19
timeStep,numberOfRobotsOnBlackSite,numberOfRobotsOnWhiteSite
15577,22,19
timeStep,numberOfRobotsOnBlackSite,numberOfRobotsOnWhiteSite
15578,22,19
timeStep,numberOfRobotsOnBlackSite,numberOfRobotsOnWhiteSite
15579,22,19
timeStep,numberOfRobotsOnBlackSite,numberOfRobotsOnWhiteSite
15580,22,19
timeStep,numberOfRobotsOnBlackSite,numberOfRobotsOnWhiteSite
15581,22,19
timeStep,numberOfRobotsOnBlackSite,numberOfRobotsOnWhiteSite
15582,22,19
timeStep,numberOfRobotsOnBlackSite,numberOfRobotsOnWhiteSite
15583,22,19
timeStep,numberOfRobotsOnBlackSite,numberOfRobotsOnWhiteSite
15584,22,19
timeStep,numberOfRobotsOnBlackSite,numberOfRobotsOnWhiteSite
15585,21,19
timeStep,numberOfRobotsOnBlackSite,numberOfRobotsOnWhiteSite
15586,21,19
timeStep,numberOfRobotsOnBlackSite,numberOfRobotsOnWhiteSite
15587,21,19
timeStep,numberOfRobotsOnBlackSite,numberOfRobotsOnWhiteSite
15588,21,19
timeStep,numberOfRobotsOnBlackSite,numberOfRobotsOnWhiteSite
15589,21,19
timeStep,numberOfRobotsOnBlackSite,numberOfRobotsOnWhiteSite
15590,21,19
timeStep,numberOfRobotsOnBlackSite,numberOfRobotsOnWhiteSite
15591,21,19
timeStep,numberOfRobotsOnBlackSite,numberOfRobotsOnWhiteSite
15592,21,19
timeStep,numberOfRobotsOnBlackSite,numberOfRobotsOnWhiteSite
15593,21,19
timeStep,numberOfRobotsOnBlackSite,numberOfRobotsOnWhiteSite
15594,21,19
timeStep,numberOfRobotsOnBlackSite,numberOfRobotsOnWhiteSite
15595,21,19
timeStep,numberOfRobotsOnBlackSite,numberOfRobotsOnWhiteSite
15596,21,19
timeStep,numberOfRobotsOnBlackSite,numberOfRobotsOnWhiteSite
15597,21,19
timeStep,numberOfRobotsOnBlackSite,numberOfRobotsOnWhiteSite
15598,21,19
timeStep,numberOfRobotsOnBlackSite,numberOfRobotsOnWhiteSite
15599,21,19
timeStep,numberOfRobotsOnBlackSite,numberOfRobotsOnWhiteSite
15600,21,19
timeStep,numberOfRobotsOnBlackSite,numberOfRobotsOnWhiteSite
15601,21,19
timeStep,numberOfRobotsOnBlackSite,numberOfRobotsOnWhiteSite
15602,21,19
timeStep,numberOfRobotsOnBlackSite,numberOfRobotsOnWhiteSite
15603,21,19
timeStep,numberOfRobotsOnBlackSite,numberOfRobotsOnWhiteSite
15604,21,19
timeStep,numberOfRobotsOnBlackSite,numberOfRobotsOnWhiteSite
15605,21,19
timeStep,numberOfRobotsOnBlackSite,numberOfRobotsOnWhiteSite
15606,21,19
timeStep,numberOfRobotsOnBlackSite,numberOfRobotsOnWhiteSite
15607,21,19
timeStep,numberOfRobotsOnBlackSite,numberOfRobotsOnWhiteSite
15608,21,19
timeStep,numberOfRobotsOnBlackSite,numberOfRobotsOnWhiteSite
15609,21,19
timeStep,numberOfRobotsOnBlackSite,numberOfRobotsOnWhiteSite
15610,21,19
timeStep,numberOfRobotsOnBlackSite,numberOfRobotsOnWhiteSite
15611,21,19
timeStep,numberOfRobotsOnBlackSite,numberOfRobotsOnWhiteSite
15612,21,19
timeStep,numberOfRobotsOnBlackSite,numberOfRobotsOnWhiteSite
15613,21,19
timeStep,numberOfRobotsOnBlackSite,numberOfRobotsOnWhiteSite
15614,21,19
timeStep,numberOfRobotsOnBlackSite,numberOfRobotsOnWhiteSite
15615,21,19
timeStep,numberOfRobotsOnBlackSite,numberOfRobotsOnWhiteSite
15616,21,19
timeStep,numberOfRobotsOnBlackSite,numberOfRobotsOnWhiteSite
15617,21,19
timeStep,numberOfRobotsOnBlackSite,numberOfRobotsOnWhiteSite
15618,21,19
timeStep,numberOfRobotsOnBlackSite,numberOfRobotsOnWhiteSite
15619,21,19
timeStep,numberOfRobotsOnBlackSite,numberOfRobotsOnWhiteSite
15620,21,19
timeStep,numberOfRobotsOnBlackSite,numberOfRobotsOnWhiteSite
15621,21,19
timeStep,numberOfRobotsOnBlackSite,numberOfRobotsOnWhiteSite
15622,21,19
timeStep,numberOfRobotsOnBlackSite,numberOfRobotsOnWhiteSite
15623,21,19
timeStep,numberOfRobotsOnBlackSite,numberOfRobotsOnWhiteSite
15624,21,19
timeStep,numberOfRobotsOnBlackSite,numberOfRobotsOnWhiteSite
15625,22,19
timeStep,numberOfRobotsOnBlackSite,numberOfRobotsOnWhiteSite
15626,22,19
timeStep,numberOfRobotsOnBlackSite,numberOfRobotsOnWhiteSite
15627,22,19
timeStep,numberOfRobotsOnBlackSite,numberOfRobotsOnWhiteSite
15628,22,19
timeStep,numberOfRobotsOnBlackSite,numberOfRobotsOnWhiteSite
15629,22,19
timeStep,numberOfRobotsOnBlackSite,numberOfRobotsOnWhiteSite
15630,22,19
timeStep,numberOfRobotsOnBlackSite,numberOfRobotsOnWhiteSite
15631,22,19
timeStep,numberOfRobotsOnBlackSite,numberOfRobotsOnWhiteSite
15632,22,19
timeStep,numberOfRobotsOnBlackSite,numberOfRobotsOnWhiteSite
15633,22,19
timeStep,numberOfRobotsOnBlackSite,numberOfRobotsOnWhiteSite
15634,22,19
timeStep,numberOfRobotsOnBlackSite,numberOfRobotsOnWhiteSite
15635,22,19
timeStep,numberOfRobotsOnBlackSite,numberOfRobotsOnWhiteSite
15636,22,19
timeStep,numberOfRobotsOnBlackSite,numberOfRobotsOnWhiteSite
15637,22,19
timeStep,numberOfRobotsOnBlackSite,numberOfRobotsOnWhiteSite
15638,22,19
timeStep,numberOfRobotsOnBlackSite,numberOfRobotsOnWhiteSite
15639,22,19
timeStep,numberOfRobotsOnBlackSite,numberOfRobotsOnWhiteSite
15640,22,19
timeStep,numberOfRobotsOnBlackSite,numberOfRobotsOnWhiteSite
15641,22,19
timeStep,numberOfRobotsOnBlackSite,numberOfRobotsOnWhiteSite
15642,22,19
timeStep,numberOfRobotsOnBlackSite,numberOfRobotsOnWhiteSite
15643,22,19
timeStep,numberOfRobotsOnBlackSite,numberOfRobotsOnWhiteSite
15644,22,19
timeStep,numberOfRobotsOnBlackSite,numberOfRobotsOnWhiteSite
15645,22,19
timeStep,numberOfRobotsOnBlackSite,numberOfRobotsOnWhiteSite
15646,22,19
timeStep,numberOfRobotsOnBlackSite,numberOfRobotsOnWhiteSite
15647,22,19
timeStep,numberOfRobotsOnBlackSite,numberOfRobotsOnWhiteSite
15648,22,19
timeStep,numberOfRobotsOnBlackSite,numberOfRobotsOnWhiteSite
15649,22,19
timeStep,numberOfRobotsOnBlackSite,numberOfRobotsOnWhiteSite
15650,22,19
timeStep,numberOfRobotsOnBlackSite,numberOfRobotsOnWhiteSite
15651,22,19
timeStep,numberOfRobotsOnBlackSite,numberOfRobotsOnWhiteSite
15652,22,19
timeStep,numberOfRobotsOnBlackSite,numberOfRobotsOnWhiteSite
15653,22,19
timeStep,numberOfRobotsOnBlackSite,numberOfRobotsOnWhiteSite
15654,22,19
timeStep,numberOfRobotsOnBlackSite,numberOfRobotsOnWhiteSite
15655,22,19
timeStep,numberOfRobotsOnBlackSite,numberOfRobotsOnWhiteSite
15656,22,19
timeStep,numberOfRobotsOnBlackSite,numberOfRobotsOnWhiteSite
15657,22,19
timeStep,numberOfRobotsOnBlackSite,numberOfRobotsOnWhiteSite
15658,22,19
timeStep,numberOfRobotsOnBlackSite,numberOfRobotsOnWhiteSite
15659,22,19
timeStep,numberOfRobotsOnBlackSite,numberOfRobotsOnWhiteSite
15660,22,19
timeStep,numberOfRobotsOnBlackSite,numberOfRobotsOnWhiteSite
15661,22,19
timeStep,numberOfRobotsOnBlackSite,numberOfRobotsOnWhiteSite
15662,22,19
timeStep,numberOfRobotsOnBlackSite,numberOfRobotsOnWhiteSite
15663,22,19
timeStep,numberOfRobotsOnBlackSite,numberOfRobotsOnWhiteSite
15664,22,19
timeStep,numberOfRobotsOnBlackSite,numberOfRobotsOnWhiteSite
15665,22,19
timeStep,numberOfRobotsOnBlackSite,numberOfRobotsOnWhiteSite
15666,22,19
timeStep,numberOfRobotsOnBlackSite,numberOfRobotsOnWhiteSite
15667,22,19
timeStep,numberOfRobotsOnBlackSite,numberOfRobotsOnWhiteSite
15668,22,19
timeStep,numberOfRobotsOnBlackSite,numberOfRobotsOnWhiteSite
15669,22,19
timeStep,numberOfRobotsOnBlackSite,numberOfRobotsOnWhiteSite
15670,22,19
timeStep,numberOfRobotsOnBlackSite,numberOfRobotsOnWhiteSite
15671,22,19
timeStep,numberOfRobotsOnBlackSite,numberOfRobotsOnWhiteSite
15672,22,19
timeStep,numberOfRobotsOnBlackSite,numberOfRobotsOnWhiteSite
15673,22,19
timeStep,numberOfRobotsOnBlackSite,numberOfRobotsOnWhiteSite
15674,22,19
timeStep,numberOfRobotsOnBlackSite,numberOfRobotsOnWhiteSite
15675,22,19
timeStep,numberOfRobotsOnBlackSite,numberOfRobotsOnWhiteSite
15676,22,19
timeStep,numberOfRobotsOnBlackSite,numberOfRobotsOnWhiteSite
15677,22,19
timeStep,numberOfRobotsOnBlackSite,numberOfRobotsOnWhiteSite
15678,22,19
timeStep,numberOfRobotsOnBlackSite,numberOfRobotsOnWhiteSite
15679,22,19
timeStep,numberOfRobotsOnBlackSite,numberOfRobotsOnWhiteSite
15680,22,19
timeStep,numberOfRobotsOnBlackSite,numberOfRobotsOnWhiteSite
15681,22,19
timeStep,numberOfRobotsOnBlackSite,numberOfRobotsOnWhiteSite
15682,22,19
timeStep,numberOfRobotsOnBlackSite,numberOfRobotsOnWhiteSite
15683,22,19
timeStep,numberOfRobotsOnBlackSite,numberOfRobotsOnWhiteSite
15684,22,19
timeStep,numberOfRobotsOnBlackSite,numberOfRobotsOnWhiteSite
15685,22,19
timeStep,numberOfRobotsOnBlackSite,numberOfRobotsOnWhiteSite
15686,22,19
timeStep,numberOfRobotsOnBlackSite,numberOfRobotsOnWhiteSite
15687,22,19
timeStep,numberOfRobotsOnBlackSite,numberOfRobotsOnWhiteSite
15688,22,19
timeStep,numberOfRobotsOnBlackSite,numberOfRobotsOnWhiteSite
15689,22,19
timeStep,numberOfRobotsOnBlackSite,numberOfRobotsOnWhiteSite
15690,22,19
timeStep,numberOfRobotsOnBlackSite,numberOfRobotsOnWhiteSite
15691,22,19
timeStep,numberOfRobotsOnBlackSite,numberOfRobotsOnWhiteSite
15692,22,19
timeStep,numberOfRobotsOnBlackSite,numberOfRobotsOnWhiteSite
15693,22,19
timeStep,numberOfRobotsOnBlackSite,numberOfRobotsOnWhiteSite
15694,22,19
timeStep,numberOfRobotsOnBlackSite,numberOfRobotsOnWhiteSite
15695,22,19
timeStep,numberOfRobotsOnBlackSite,numberOfRobotsOnWhiteSite
15696,22,19
timeStep,numberOfRobotsOnBlackSite,numberOfRobotsOnWhiteSite
15697,22,19
timeStep,numberOfRobotsOnBlackSite,numberOfRobotsOnWhiteSite
15698,22,19
timeStep,numberOfRobotsOnBlackSite,numberOfRobotsOnWhiteSite
15699,22,19
timeStep,numberOfRobotsOnBlackSite,numberOfRobotsOnWhiteSite
15700,22,19
timeStep,numberOfRobotsOnBlackSite,numberOfRobotsOnWhiteSite
15701,22,19
timeStep,numberOfRobotsOnBlackSite,numberOfRobotsOnWhiteSite
15702,22,19
timeStep,numberOfRobotsOnBlackSite,numberOfRobotsOnWhiteSite
15703,22,19
timeStep,numberOfRobotsOnBlackSite,numberOfRobotsOnWhiteSite
15704,22,19
timeStep,numberOfRobotsOnBlackSite,numberOfRobotsOnWhiteSite
15705,22,19
timeStep,numberOfRobotsOnBlackSite,numberOfRobotsOnWhiteSite
15706,22,19
timeStep,numberOfRobotsOnBlackSite,numberOfRobotsOnWhiteSite
15707,22,19
timeStep,numberOfRobotsOnBlackSite,numberOfRobotsOnWhiteSite
15708,22,19
timeStep,numberOfRobotsOnBlackSite,numberOfRobotsOnWhiteSite
15709,22,19
timeStep,numberOfRobotsOnBlackSite,numberOfRobotsOnWhiteSite
15710,22,19
timeStep,numberOfRobotsOnBlackSite,numberOfRobotsOnWhiteSite
15711,22,19
timeStep,numberOfRobotsOnBlackSite,numberOfRobotsOnWhiteSite
15712,22,19
timeStep,numberOfRobotsOnBlackSite,numberOfRobotsOnWhiteSite
15713,22,19
timeStep,numberOfRobotsOnBlackSite,numberOfRobotsOnWhiteSite
15714,22,19
timeStep,numberOfRobotsOnBlackSite,numberOfRobotsOnWhiteSite
15715,22,19
timeStep,numberOfRobotsOnBlackSite,numberOfRobotsOnWhiteSite
15716,22,19
timeStep,numberOfRobotsOnBlackSite,numberOfRobotsOnWhiteSite
15717,22,19
timeStep,numberOfRobotsOnBlackSite,numberOfRobotsOnWhiteSite
15718,22,19
timeStep,numberOfRobotsOnBlackSite,numberOfRobotsOnWhiteSite
15719,22,19
timeStep,numberOfRobotsOnBlackSite,numberOfRobotsOnWhiteSite
15720,22,19
timeStep,numberOfRobotsOnBlackSite,numberOfRobotsOnWhiteSite
15721,22,19
timeStep,numberOfRobotsOnBlackSite,numberOfRobotsOnWhiteSite
15722,22,19
timeStep,numberOfRobotsOnBlackSite,numberOfRobotsOnWhiteSite
15723,22,19
timeStep,numberOfRobotsOnBlackSite,numberOfRobotsOnWhiteSite
15724,22,19
timeStep,numberOfRobotsOnBlackSite,numberOfRobotsOnWhiteSite
15725,22,19
timeStep,numberOfRobotsOnBlackSite,numberOfRobotsOnWhiteSite
15726,22,19
timeStep,numberOfRobotsOnBlackSite,numberOfRobotsOnWhiteSite
15727,22,19
timeStep,numberOfRobotsOnBlackSite,numberOfRobotsOnWhiteSite
15728,22,19
timeStep,numberOfRobotsOnBlackSite,numberOfRobotsOnWhiteSite
15729,22,19
timeStep,numberOfRobotsOnBlackSite,numberOfRobotsOnWhiteSite
15730,22,19
timeStep,numberOfRobotsOnBlackSite,numberOfRobotsOnWhiteSite
15731,22,19
timeStep,numberOfRobotsOnBlackSite,numberOfRobotsOnWhiteSite
15732,22,19
timeStep,numberOfRobotsOnBlackSite,numberOfRobotsOnWhiteSite
15733,22,19
timeStep,numberOfRobotsOnBlackSite,numberOfRobotsOnWhiteSite
15734,22,19
timeStep,numberOfRobotsOnBlackSite,numberOfRobotsOnWhiteSite
15735,22,19
timeStep,numberOfRobotsOnBlackSite,numberOfRobotsOnWhiteSite
15736,22,19
timeStep,numberOfRobotsOnBlackSite,numberOfRobotsOnWhiteSite
15737,22,19
timeStep,numberOfRobotsOnBlackSite,numberOfRobotsOnWhiteSite
15738,22,19
timeStep,numberOfRobotsOnBlackSite,numberOfRobotsOnWhiteSite
15739,22,19
timeStep,numberOfRobotsOnBlackSite,numberOfRobotsOnWhiteSite
15740,23,19
timeStep,numberOfRobotsOnBlackSite,numberOfRobotsOnWhiteSite
15741,23,19
timeStep,numberOfRobotsOnBlackSite,numberOfRobotsOnWhiteSite
15742,23,19
timeStep,numberOfRobotsOnBlackSite,numberOfRobotsOnWhiteSite
15743,23,19
timeStep,numberOfRobotsOnBlackSite,numberOfRobotsOnWhiteSite
15744,23,19
timeStep,numberOfRobotsOnBlackSite,numberOfRobotsOnWhiteSite
15745,23,19
timeStep,numberOfRobotsOnBlackSite,numberOfRobotsOnWhiteSite
15746,23,19
timeStep,numberOfRobotsOnBlackSite,numberOfRobotsOnWhiteSite
15747,23,19
timeStep,numberOfRobotsOnBlackSite,numberOfRobotsOnWhiteSite
15748,23,19
timeStep,numberOfRobotsOnBlackSite,numberOfRobotsOnWhiteSite
15749,23,19
timeStep,numberOfRobotsOnBlackSite,numberOfRobotsOnWhiteSite
15750,23,19
timeStep,numberOfRobotsOnBlackSite,numberOfRobotsOnWhiteSite
15751,23,19
timeStep,numberOfRobotsOnBlackSite,numberOfRobotsOnWhiteSite
15752,23,19
timeStep,numberOfRobotsOnBlackSite,numberOfRobotsOnWhiteSite
15753,23,19
timeStep,numberOfRobotsOnBlackSite,numberOfRobotsOnWhiteSite
15754,23,19
timeStep,numberOfRobotsOnBlackSite,numberOfRobotsOnWhiteSite
15755,23,19
timeStep,numberOfRobotsOnBlackSite,numberOfRobotsOnWhiteSite
15756,23,19
timeStep,numberOfRobotsOnBlackSite,numberOfRobotsOnWhiteSite
15757,23,19
timeStep,numberOfRobotsOnBlackSite,numberOfRobotsOnWhiteSite
15758,23,19
timeStep,numberOfRobotsOnBlackSite,numberOfRobotsOnWhiteSite
15759,23,19
timeStep,numberOfRobotsOnBlackSite,numberOfRobotsOnWhiteSite
15760,23,19
timeStep,numberOfRobotsOnBlackSite,numberOfRobotsOnWhiteSite
15761,23,19
timeStep,numberOfRobotsOnBlackSite,numberOfRobotsOnWhiteSite
15762,23,19
timeStep,numberOfRobotsOnBlackSite,numberOfRobotsOnWhiteSite
15763,23,19
timeStep,numberOfRobotsOnBlackSite,numberOfRobotsOnWhiteSite
15764,23,19
timeStep,numberOfRobotsOnBlackSite,numberOfRobotsOnWhiteSite
15765,23,19
timeStep,numberOfRobotsOnBlackSite,numberOfRobotsOnWhiteSite
15766,23,19
timeStep,numberOfRobotsOnBlackSite,numberOfRobotsOnWhiteSite
15767,23,19
timeStep,numberOfRobotsOnBlackSite,numberOfRobotsOnWhiteSite
15768,23,19
timeStep,numberOfRobotsOnBlackSite,numberOfRobotsOnWhiteSite
15769,23,19
timeStep,numberOfRobotsOnBlackSite,numberOfRobotsOnWhiteSite
15770,23,19
timeStep,numberOfRobotsOnBlackSite,numberOfRobotsOnWhiteSite
15771,23,19
timeStep,numberOfRobotsOnBlackSite,numberOfRobotsOnWhiteSite
15772,23,19
timeStep,numberOfRobotsOnBlackSite,numberOfRobotsOnWhiteSite
15773,23,19
timeStep,numberOfRobotsOnBlackSite,numberOfRobotsOnWhiteSite
15774,23,19
timeStep,numberOfRobotsOnBlackSite,numberOfRobotsOnWhiteSite
15775,23,19
timeStep,numberOfRobotsOnBlackSite,numberOfRobotsOnWhiteSite
15776,23,19
timeStep,numberOfRobotsOnBlackSite,numberOfRobotsOnWhiteSite
15777,23,19
timeStep,numberOfRobotsOnBlackSite,numberOfRobotsOnWhiteSite
15778,23,19
timeStep,numberOfRobotsOnBlackSite,numberOfRobotsOnWhiteSite
15779,23,19
timeStep,numberOfRobotsOnBlackSite,numberOfRobotsOnWhiteSite
15780,23,19
timeStep,numberOfRobotsOnBlackSite,numberOfRobotsOnWhiteSite
15781,23,19
timeStep,numberOfRobotsOnBlackSite,numberOfRobotsOnWhiteSite
15782,23,19
timeStep,numberOfRobotsOnBlackSite,numberOfRobotsOnWhiteSite
15783,23,19
timeStep,numberOfRobotsOnBlackSite,numberOfRobotsOnWhiteSite
15784,23,19
timeStep,numberOfRobotsOnBlackSite,numberOfRobotsOnWhiteSite
15785,23,19
timeStep,numberOfRobotsOnBlackSite,numberOfRobotsOnWhiteSite
15786,23,19
timeStep,numberOfRobotsOnBlackSite,numberOfRobotsOnWhiteSite
15787,23,19
timeStep,numberOfRobotsOnBlackSite,numberOfRobotsOnWhiteSite
15788,23,19
timeStep,numberOfRobotsOnBlackSite,numberOfRobotsOnWhiteSite
15789,23,19
timeStep,numberOfRobotsOnBlackSite,numberOfRobotsOnWhiteSite
15790,23,19
timeStep,numberOfRobotsOnBlackSite,numberOfRobotsOnWhiteSite
15791,23,19
timeStep,numberOfRobotsOnBlackSite,numberOfRobotsOnWhiteSite
15792,23,19
timeStep,numberOfRobotsOnBlackSite,numberOfRobotsOnWhiteSite
15793,23,19
timeStep,numberOfRobotsOnBlackSite,numberOfRobotsOnWhiteSite
15794,23,19
timeStep,numberOfRobotsOnBlackSite,numberOfRobotsOnWhiteSite
15795,23,19
timeStep,numberOfRobotsOnBlackSite,numberOfRobotsOnWhiteSite
15796,23,19
timeStep,numberOfRobotsOnBlackSite,numberOfRobotsOnWhiteSite
15797,23,19
timeStep,numberOfRobotsOnBlackSite,numberOfRobotsOnWhiteSite
15798,23,19
timeStep,numberOfRobotsOnBlackSite,numberOfRobotsOnWhiteSite
15799,23,19
timeStep,numberOfRobotsOnBlackSite,numberOfRobotsOnWhiteSite
15800,23,19
timeStep,numberOfRobotsOnBlackSite,numberOfRobotsOnWhiteSite
15801,23,19
timeStep,numberOfRobotsOnBlackSite,numberOfRobotsOnWhiteSite
15802,23,19
timeStep,numberOfRobotsOnBlackSite,numberOfRobotsOnWhiteSite
15803,23,19
timeStep,numberOfRobotsOnBlackSite,numberOfRobotsOnWhiteSite
15804,23,19
timeStep,numberOfRobotsOnBlackSite,numberOfRobotsOnWhiteSite
15805,23,19
timeStep,numberOfRobotsOnBlackSite,numberOfRobotsOnWhiteSite
15806,23,19
timeStep,numberOfRobotsOnBlackSite,numberOfRobotsOnWhiteSite
15807,23,19
timeStep,numberOfRobotsOnBlackSite,numberOfRobotsOnWhiteSite
15808,23,19
timeStep,numberOfRobotsOnBlackSite,numberOfRobotsOnWhiteSite
15809,23,19
timeStep,numberOfRobotsOnBlackSite,numberOfRobotsOnWhiteSite
15810,23,19
timeStep,numberOfRobotsOnBlackSite,numberOfRobotsOnWhiteSite
15811,23,19
timeStep,numberOfRobotsOnBlackSite,numberOfRobotsOnWhiteSite
15812,23,19
timeStep,numberOfRobotsOnBlackSite,numberOfRobotsOnWhiteSite
15813,23,19
timeStep,numberOfRobotsOnBlackSite,numberOfRobotsOnWhiteSite
15814,23,19
timeStep,numberOfRobotsOnBlackSite,numberOfRobotsOnWhiteSite
15815,23,19
timeStep,numberOfRobotsOnBlackSite,numberOfRobotsOnWhiteSite
15816,23,19
timeStep,numberOfRobotsOnBlackSite,numberOfRobotsOnWhiteSite
15817,23,19
timeStep,numberOfRobotsOnBlackSite,numberOfRobotsOnWhiteSite
15818,23,19
timeStep,numberOfRobotsOnBlackSite,numberOfRobotsOnWhiteSite
15819,23,19
timeStep,numberOfRobotsOnBlackSite,numberOfRobotsOnWhiteSite
15820,23,19
timeStep,numberOfRobotsOnBlackSite,numberOfRobotsOnWhiteSite
15821,23,19
timeStep,numberOfRobotsOnBlackSite,numberOfRobotsOnWhiteSite
15822,23,19
timeStep,numberOfRobotsOnBlackSite,numberOfRobotsOnWhiteSite
15823,23,19
timeStep,numberOfRobotsOnBlackSite,numberOfRobotsOnWhiteSite
15824,23,19
timeStep,numberOfRobotsOnBlackSite,numberOfRobotsOnWhiteSite
15825,23,19
timeStep,numberOfRobotsOnBlackSite,numberOfRobotsOnWhiteSite
15826,23,19
timeStep,numberOfRobotsOnBlackSite,numberOfRobotsOnWhiteSite
15827,23,19
timeStep,numberOfRobotsOnBlackSite,numberOfRobotsOnWhiteSite
15828,23,19
timeStep,numberOfRobotsOnBlackSite,numberOfRobotsOnWhiteSite
15829,23,19
timeStep,numberOfRobotsOnBlackSite,numberOfRobotsOnWhiteSite
15830,23,19
timeStep,numberOfRobotsOnBlackSite,numberOfRobotsOnWhiteSite
15831,23,19
timeStep,numberOfRobotsOnBlackSite,numberOfRobotsOnWhiteSite
15832,23,19
timeStep,numberOfRobotsOnBlackSite,numberOfRobotsOnWhiteSite
15833,23,19
timeStep,numberOfRobotsOnBlackSite,numberOfRobotsOnWhiteSite
15834,23,19
timeStep,numberOfRobotsOnBlackSite,numberOfRobotsOnWhiteSite
15835,23,19
timeStep,numberOfRobotsOnBlackSite,numberOfRobotsOnWhiteSite
15836,23,19
timeStep,numberOfRobotsOnBlackSite,numberOfRobotsOnWhiteSite
15837,23,19
timeStep,numberOfRobotsOnBlackSite,numberOfRobotsOnWhiteSite
15838,23,19
timeStep,numberOfRobotsOnBlackSite,numberOfRobotsOnWhiteSite
15839,23,19
timeStep,numberOfRobotsOnBlackSite,numberOfRobotsOnWhiteSite
15840,23,18
timeStep,numberOfRobotsOnBlackSite,numberOfRobotsOnWhiteSite
15841,23,18
timeStep,numberOfRobotsOnBlackSite,numberOfRobotsOnWhiteSite
15842,23,18
timeStep,numberOfRobotsOnBlackSite,numberOfRobotsOnWhiteSite
15843,23,18
timeStep,numberOfRobotsOnBlackSite,numberOfRobotsOnWhiteSite
15844,23,18
timeStep,numberOfRobotsOnBlackSite,numberOfRobotsOnWhiteSite
15845,23,18
timeStep,numberOfRobotsOnBlackSite,numberOfRobotsOnWhiteSite
15846,23,18
timeStep,numberOfRobotsOnBlackSite,numberOfRobotsOnWhiteSite
15847,23,18
timeStep,numberOfRobotsOnBlackSite,numberOfRobotsOnWhiteSite
15848,23,18
timeStep,numberOfRobotsOnBlackSite,numberOfRobotsOnWhiteSite
15849,23,18
timeStep,numberOfRobotsOnBlackSite,numberOfRobotsOnWhiteSite
15850,23,18
timeStep,numberOfRobotsOnBlackSite,numberOfRobotsOnWhiteSite
15851,23,18
timeStep,numberOfRobotsOnBlackSite,numberOfRobotsOnWhiteSite
15852,23,18
timeStep,numberOfRobotsOnBlackSite,numberOfRobotsOnWhiteSite
15853,23,18
timeStep,numberOfRobotsOnBlackSite,numberOfRobotsOnWhiteSite
15854,23,18
timeStep,numberOfRobotsOnBlackSite,numberOfRobotsOnWhiteSite
15855,23,18
timeStep,numberOfRobotsOnBlackSite,numberOfRobotsOnWhiteSite
15856,23,18
timeStep,numberOfRobotsOnBlackSite,numberOfRobotsOnWhiteSite
15857,23,18
timeStep,numberOfRobotsOnBlackSite,numberOfRobotsOnWhiteSite
15858,23,18
timeStep,numberOfRobotsOnBlackSite,numberOfRobotsOnWhiteSite
15859,23,18
timeStep,numberOfRobotsOnBlackSite,numberOfRobotsOnWhiteSite
15860,23,18
timeStep,numberOfRobotsOnBlackSite,numberOfRobotsOnWhiteSite
15861,23,18
timeStep,numberOfRobotsOnBlackSite,numberOfRobotsOnWhiteSite
15862,23,18
timeStep,numberOfRobotsOnBlackSite,numberOfRobotsOnWhiteSite
15863,23,18
timeStep,numberOfRobotsOnBlackSite,numberOfRobotsOnWhiteSite
15864,23,18
timeStep,numberOfRobotsOnBlackSite,numberOfRobotsOnWhiteSite
15865,23,18
timeStep,numberOfRobotsOnBlackSite,numberOfRobotsOnWhiteSite
15866,23,18
timeStep,numberOfRobotsOnBlackSite,numberOfRobotsOnWhiteSite
15867,23,18
timeStep,numberOfRobotsOnBlackSite,numberOfRobotsOnWhiteSite
15868,23,18
timeStep,numberOfRobotsOnBlackSite,numberOfRobotsOnWhiteSite
15869,23,18
timeStep,numberOfRobotsOnBlackSite,numberOfRobotsOnWhiteSite
15870,23,18
timeStep,numberOfRobotsOnBlackSite,numberOfRobotsOnWhiteSite
15871,23,18
timeStep,numberOfRobotsOnBlackSite,numberOfRobotsOnWhiteSite
15872,23,18
timeStep,numberOfRobotsOnBlackSite,numberOfRobotsOnWhiteSite
15873,23,18
timeStep,numberOfRobotsOnBlackSite,numberOfRobotsOnWhiteSite
15874,23,18
timeStep,numberOfRobotsOnBlackSite,numberOfRobotsOnWhiteSite
15875,23,18
timeStep,numberOfRobotsOnBlackSite,numberOfRobotsOnWhiteSite
15876,23,18
timeStep,numberOfRobotsOnBlackSite,numberOfRobotsOnWhiteSite
15877,23,18
timeStep,numberOfRobotsOnBlackSite,numberOfRobotsOnWhiteSite
15878,23,18
timeStep,numberOfRobotsOnBlackSite,numberOfRobotsOnWhiteSite
15879,23,18
timeStep,numberOfRobotsOnBlackSite,numberOfRobotsOnWhiteSite
15880,23,18
timeStep,numberOfRobotsOnBlackSite,numberOfRobotsOnWhiteSite
15881,23,18
timeStep,numberOfRobotsOnBlackSite,numberOfRobotsOnWhiteSite
15882,23,18
timeStep,numberOfRobotsOnBlackSite,numberOfRobotsOnWhiteSite
15883,23,18
timeStep,numberOfRobotsOnBlackSite,numberOfRobotsOnWhiteSite
15884,23,18
timeStep,numberOfRobotsOnBlackSite,numberOfRobotsOnWhiteSite
15885,24,18
timeStep,numberOfRobotsOnBlackSite,numberOfRobotsOnWhiteSite
15886,24,18
timeStep,numberOfRobotsOnBlackSite,numberOfRobotsOnWhiteSite
15887,24,18
timeStep,numberOfRobotsOnBlackSite,numberOfRobotsOnWhiteSite
15888,24,18
timeStep,numberOfRobotsOnBlackSite,numberOfRobotsOnWhiteSite
15889,24,18
timeStep,numberOfRobotsOnBlackSite,numberOfRobotsOnWhiteSite
15890,23,18
timeStep,numberOfRobotsOnBlackSite,numberOfRobotsOnWhiteSite
15891,23,18
timeStep,numberOfRobotsOnBlackSite,numberOfRobotsOnWhiteSite
15892,23,18
timeStep,numberOfRobotsOnBlackSite,numberOfRobotsOnWhiteSite
15893,23,18
timeStep,numberOfRobotsOnBlackSite,numberOfRobotsOnWhiteSite
15894,23,18
timeStep,numberOfRobotsOnBlackSite,numberOfRobotsOnWhiteSite
15895,23,18
timeStep,numberOfRobotsOnBlackSite,numberOfRobotsOnWhiteSite
15896,23,18
timeStep,numberOfRobotsOnBlackSite,numberOfRobotsOnWhiteSite
15897,23,18
timeStep,numberOfRobotsOnBlackSite,numberOfRobotsOnWhiteSite
15898,23,18
timeStep,numberOfRobotsOnBlackSite,numberOfRobotsOnWhiteSite
15899,23,18
timeStep,numberOfRobotsOnBlackSite,numberOfRobotsOnWhiteSite
15900,24,18
timeStep,numberOfRobotsOnBlackSite,numberOfRobotsOnWhiteSite
15901,24,18
timeStep,numberOfRobotsOnBlackSite,numberOfRobotsOnWhiteSite
15902,24,18
timeStep,numberOfRobotsOnBlackSite,numberOfRobotsOnWhiteSite
15903,24,18
timeStep,numberOfRobotsOnBlackSite,numberOfRobotsOnWhiteSite
15904,24,18
timeStep,numberOfRobotsOnBlackSite,numberOfRobotsOnWhiteSite
15905,24,18
timeStep,numberOfRobotsOnBlackSite,numberOfRobotsOnWhiteSite
15906,24,18
timeStep,numberOfRobotsOnBlackSite,numberOfRobotsOnWhiteSite
15907,24,18
timeStep,numberOfRobotsOnBlackSite,numberOfRobotsOnWhiteSite
15908,24,18
timeStep,numberOfRobotsOnBlackSite,numberOfRobotsOnWhiteSite
15909,24,18
timeStep,numberOfRobotsOnBlackSite,numberOfRobotsOnWhiteSite
15910,25,18
timeStep,numberOfRobotsOnBlackSite,numberOfRobotsOnWhiteSite
15911,25,18
timeStep,numberOfRobotsOnBlackSite,numberOfRobotsOnWhiteSite
15912,25,18
timeStep,numberOfRobotsOnBlackSite,numberOfRobotsOnWhiteSite
15913,25,18
timeStep,numberOfRobotsOnBlackSite,numberOfRobotsOnWhiteSite
15914,25,18
timeStep,numberOfRobotsOnBlackSite,numberOfRobotsOnWhiteSite
15915,24,18
timeStep,numberOfRobotsOnBlackSite,numberOfRobotsOnWhiteSite
15916,24,18
timeStep,numberOfRobotsOnBlackSite,numberOfRobotsOnWhiteSite
15917,24,18
timeStep,numberOfRobotsOnBlackSite,numberOfRobotsOnWhiteSite
15918,24,18
timeStep,numberOfRobotsOnBlackSite,numberOfRobotsOnWhiteSite
15919,24,18
timeStep,numberOfRobotsOnBlackSite,numberOfRobotsOnWhiteSite
15920,24,18
timeStep,numberOfRobotsOnBlackSite,numberOfRobotsOnWhiteSite
15921,24,18
timeStep,numberOfRobotsOnBlackSite,numberOfRobotsOnWhiteSite
15922,24,18
timeStep,numberOfRobotsOnBlackSite,numberOfRobotsOnWhiteSite
15923,24,18
timeStep,numberOfRobotsOnBlackSite,numberOfRobotsOnWhiteSite
15924,24,18
timeStep,numberOfRobotsOnBlackSite,numberOfRobotsOnWhiteSite
15925,24,17
timeStep,numberOfRobotsOnBlackSite,numberOfRobotsOnWhiteSite
15926,24,17
timeStep,numberOfRobotsOnBlackSite,numberOfRobotsOnWhiteSite
15927,24,17
timeStep,numberOfRobotsOnBlackSite,numberOfRobotsOnWhiteSite
15928,24,17
timeStep,numberOfRobotsOnBlackSite,numberOfRobotsOnWhiteSite
15929,24,17
timeStep,numberOfRobotsOnBlackSite,numberOfRobotsOnWhiteSite
15930,25,17
timeStep,numberOfRobotsOnBlackSite,numberOfRobotsOnWhiteSite
15931,25,17
timeStep,numberOfRobotsOnBlackSite,numberOfRobotsOnWhiteSite
15932,25,17
timeStep,numberOfRobotsOnBlackSite,numberOfRobotsOnWhiteSite
15933,25,17
timeStep,numberOfRobotsOnBlackSite,numberOfRobotsOnWhiteSite
15934,25,17
timeStep,numberOfRobotsOnBlackSite,numberOfRobotsOnWhiteSite
15935,25,17
timeStep,numberOfRobotsOnBlackSite,numberOfRobotsOnWhiteSite
15936,25,17
timeStep,numberOfRobotsOnBlackSite,numberOfRobotsOnWhiteSite
15937,25,17
timeStep,numberOfRobotsOnBlackSite,numberOfRobotsOnWhiteSite
15938,25,17
timeStep,numberOfRobotsOnBlackSite,numberOfRobotsOnWhiteSite
15939,25,17
timeStep,numberOfRobotsOnBlackSite,numberOfRobotsOnWhiteSite
15940,25,17
timeStep,numberOfRobotsOnBlackSite,numberOfRobotsOnWhiteSite
15941,25,17
timeStep,numberOfRobotsOnBlackSite,numberOfRobotsOnWhiteSite
15942,25,17
timeStep,numberOfRobotsOnBlackSite,numberOfRobotsOnWhiteSite
15943,25,17
timeStep,numberOfRobotsOnBlackSite,numberOfRobotsOnWhiteSite
15944,25,17
timeStep,numberOfRobotsOnBlackSite,numberOfRobotsOnWhiteSite
15945,25,17
timeStep,numberOfRobotsOnBlackSite,numberOfRobotsOnWhiteSite
15946,25,17
timeStep,numberOfRobotsOnBlackSite,numberOfRobotsOnWhiteSite
15947,25,17
timeStep,numberOfRobotsOnBlackSite,numberOfRobotsOnWhiteSite
15948,25,17
timeStep,numberOfRobotsOnBlackSite,numberOfRobotsOnWhiteSite
15949,25,17
timeStep,numberOfRobotsOnBlackSite,numberOfRobotsOnWhiteSite
15950,25,17
timeStep,numberOfRobotsOnBlackSite,numberOfRobotsOnWhiteSite
15951,25,17
timeStep,numberOfRobotsOnBlackSite,numberOfRobotsOnWhiteSite
15952,25,17
timeStep,numberOfRobotsOnBlackSite,numberOfRobotsOnWhiteSite
15953,25,17
timeStep,numberOfRobotsOnBlackSite,numberOfRobotsOnWhiteSite
15954,25,17
timeStep,numberOfRobotsOnBlackSite,numberOfRobotsOnWhiteSite
15955,25,17
timeStep,numberOfRobotsOnBlackSite,numberOfRobotsOnWhiteSite
15956,25,17
timeStep,numberOfRobotsOnBlackSite,numberOfRobotsOnWhiteSite
15957,25,17
timeStep,numberOfRobotsOnBlackSite,numberOfRobotsOnWhiteSite
15958,25,17
timeStep,numberOfRobotsOnBlackSite,numberOfRobotsOnWhiteSite
15959,25,17
timeStep,numberOfRobotsOnBlackSite,numberOfRobotsOnWhiteSite
15960,25,17
timeStep,numberOfRobotsOnBlackSite,numberOfRobotsOnWhiteSite
15961,25,17
timeStep,numberOfRobotsOnBlackSite,numberOfRobotsOnWhiteSite
15962,25,17
timeStep,numberOfRobotsOnBlackSite,numberOfRobotsOnWhiteSite
15963,25,17
timeStep,numberOfRobotsOnBlackSite,numberOfRobotsOnWhiteSite
15964,25,17
timeStep,numberOfRobotsOnBlackSite,numberOfRobotsOnWhiteSite
15965,25,17
timeStep,numberOfRobotsOnBlackSite,numberOfRobotsOnWhiteSite
15966,25,17
timeStep,numberOfRobotsOnBlackSite,numberOfRobotsOnWhiteSite
15967,25,17
timeStep,numberOfRobotsOnBlackSite,numberOfRobotsOnWhiteSite
15968,25,17
timeStep,numberOfRobotsOnBlackSite,numberOfRobotsOnWhiteSite
15969,25,17
timeStep,numberOfRobotsOnBlackSite,numberOfRobotsOnWhiteSite
15970,25,18
timeStep,numberOfRobotsOnBlackSite,numberOfRobotsOnWhiteSite
15971,25,18
timeStep,numberOfRobotsOnBlackSite,numberOfRobotsOnWhiteSite
15972,25,18
timeStep,numberOfRobotsOnBlackSite,numberOfRobotsOnWhiteSite
15973,25,18
timeStep,numberOfRobotsOnBlackSite,numberOfRobotsOnWhiteSite
15974,25,18
timeStep,numberOfRobotsOnBlackSite,numberOfRobotsOnWhiteSite
15975,25,18
timeStep,numberOfRobotsOnBlackSite,numberOfRobotsOnWhiteSite
15976,25,18
timeStep,numberOfRobotsOnBlackSite,numberOfRobotsOnWhiteSite
15977,25,18
timeStep,numberOfRobotsOnBlackSite,numberOfRobotsOnWhiteSite
15978,25,18
timeStep,numberOfRobotsOnBlackSite,numberOfRobotsOnWhiteSite
15979,25,18
timeStep,numberOfRobotsOnBlackSite,numberOfRobotsOnWhiteSite
15980,25,18
timeStep,numberOfRobotsOnBlackSite,numberOfRobotsOnWhiteSite
15981,25,18
timeStep,numberOfRobotsOnBlackSite,numberOfRobotsOnWhiteSite
15982,25,18
timeStep,numberOfRobotsOnBlackSite,numberOfRobotsOnWhiteSite
15983,25,18
timeStep,numberOfRobotsOnBlackSite,numberOfRobotsOnWhiteSite
15984,25,18
timeStep,numberOfRobotsOnBlackSite,numberOfRobotsOnWhiteSite
15985,25,18
timeStep,numberOfRobotsOnBlackSite,numberOfRobotsOnWhiteSite
15986,25,18
timeStep,numberOfRobotsOnBlackSite,numberOfRobotsOnWhiteSite
15987,25,18
timeStep,numberOfRobotsOnBlackSite,numberOfRobotsOnWhiteSite
15988,25,18
timeStep,numberOfRobotsOnBlackSite,numberOfRobotsOnWhiteSite
15989,25,18
timeStep,numberOfRobotsOnBlackSite,numberOfRobotsOnWhiteSite
15990,25,19
timeStep,numberOfRobotsOnBlackSite,numberOfRobotsOnWhiteSite
15991,25,19
timeStep,numberOfRobotsOnBlackSite,numberOfRobotsOnWhiteSite
15992,25,19
timeStep,numberOfRobotsOnBlackSite,numberOfRobotsOnWhiteSite
15993,25,19
timeStep,numberOfRobotsOnBlackSite,numberOfRobotsOnWhiteSite
15994,25,19
timeStep,numberOfRobotsOnBlackSite,numberOfRobotsOnWhiteSite
15995,25,19
timeStep,numberOfRobotsOnBlackSite,numberOfRobotsOnWhiteSite
15996,25,19
timeStep,numberOfRobotsOnBlackSite,numberOfRobotsOnWhiteSite
15997,25,19
timeStep,numberOfRobotsOnBlackSite,numberOfRobotsOnWhiteSite
15998,25,19
timeStep,numberOfRobotsOnBlackSite,numberOfRobotsOnWhiteSite
15999,25,19
timeStep,numberOfRobotsOnBlackSite,numberOfRobotsOnWhiteSite
16000,25,19
timeStep,numberOfRobotsOnBlackSite,numberOfRobotsOnWhiteSite
16001,25,19
timeStep,numberOfRobotsOnBlackSite,numberOfRobotsOnWhiteSite
16002,25,19
timeStep,numberOfRobotsOnBlackSite,numberOfRobotsOnWhiteSite
16003,25,19
timeStep,numberOfRobotsOnBlackSite,numberOfRobotsOnWhiteSite
16004,25,19
timeStep,numberOfRobotsOnBlackSite,numberOfRobotsOnWhiteSite
16005,25,19
timeStep,numberOfRobotsOnBlackSite,numberOfRobotsOnWhiteSite
16006,25,19
timeStep,numberOfRobotsOnBlackSite,numberOfRobotsOnWhiteSite
16007,25,19
timeStep,numberOfRobotsOnBlackSite,numberOfRobotsOnWhiteSite
16008,25,19
timeStep,numberOfRobotsOnBlackSite,numberOfRobotsOnWhiteSite
16009,25,19
timeStep,numberOfRobotsOnBlackSite,numberOfRobotsOnWhiteSite
16010,25,19
timeStep,numberOfRobotsOnBlackSite,numberOfRobotsOnWhiteSite
16011,25,19
timeStep,numberOfRobotsOnBlackSite,numberOfRobotsOnWhiteSite
16012,25,19
timeStep,numberOfRobotsOnBlackSite,numberOfRobotsOnWhiteSite
16013,25,19
timeStep,numberOfRobotsOnBlackSite,numberOfRobotsOnWhiteSite
16014,25,19
timeStep,numberOfRobotsOnBlackSite,numberOfRobotsOnWhiteSite
16015,25,19
timeStep,numberOfRobotsOnBlackSite,numberOfRobotsOnWhiteSite
16016,25,19
timeStep,numberOfRobotsOnBlackSite,numberOfRobotsOnWhiteSite
16017,25,19
timeStep,numberOfRobotsOnBlackSite,numberOfRobotsOnWhiteSite
16018,25,19
timeStep,numberOfRobotsOnBlackSite,numberOfRobotsOnWhiteSite
16019,25,19
timeStep,numberOfRobotsOnBlackSite,numberOfRobotsOnWhiteSite
16020,25,19
timeStep,numberOfRobotsOnBlackSite,numberOfRobotsOnWhiteSite
16021,25,19
timeStep,numberOfRobotsOnBlackSite,numberOfRobotsOnWhiteSite
16022,25,19
timeStep,numberOfRobotsOnBlackSite,numberOfRobotsOnWhiteSite
16023,25,19
timeStep,numberOfRobotsOnBlackSite,numberOfRobotsOnWhiteSite
16024,25,19
timeStep,numberOfRobotsOnBlackSite,numberOfRobotsOnWhiteSite
16025,25,19
timeStep,numberOfRobotsOnBlackSite,numberOfRobotsOnWhiteSite
16026,25,19
timeStep,numberOfRobotsOnBlackSite,numberOfRobotsOnWhiteSite
16027,25,19
timeStep,numberOfRobotsOnBlackSite,numberOfRobotsOnWhiteSite
16028,25,19
timeStep,numberOfRobotsOnBlackSite,numberOfRobotsOnWhiteSite
16029,25,19
timeStep,numberOfRobotsOnBlackSite,numberOfRobotsOnWhiteSite
16030,25,19
timeStep,numberOfRobotsOnBlackSite,numberOfRobotsOnWhiteSite
16031,25,19
timeStep,numberOfRobotsOnBlackSite,numberOfRobotsOnWhiteSite
16032,25,19
timeStep,numberOfRobotsOnBlackSite,numberOfRobotsOnWhiteSite
16033,25,19
timeStep,numberOfRobotsOnBlackSite,numberOfRobotsOnWhiteSite
16034,25,19
timeStep,numberOfRobotsOnBlackSite,numberOfRobotsOnWhiteSite
16035,25,19
timeStep,numberOfRobotsOnBlackSite,numberOfRobotsOnWhiteSite
16036,25,19
timeStep,numberOfRobotsOnBlackSite,numberOfRobotsOnWhiteSite
16037,25,19
timeStep,numberOfRobotsOnBlackSite,numberOfRobotsOnWhiteSite
16038,25,19
timeStep,numberOfRobotsOnBlackSite,numberOfRobotsOnWhiteSite
16039,25,19
timeStep,numberOfRobotsOnBlackSite,numberOfRobotsOnWhiteSite
16040,25,19
timeStep,numberOfRobotsOnBlackSite,numberOfRobotsOnWhiteSite
16041,25,19
timeStep,numberOfRobotsOnBlackSite,numberOfRobotsOnWhiteSite
16042,25,19
timeStep,numberOfRobotsOnBlackSite,numberOfRobotsOnWhiteSite
16043,25,19
timeStep,numberOfRobotsOnBlackSite,numberOfRobotsOnWhiteSite
16044,25,19
timeStep,numberOfRobotsOnBlackSite,numberOfRobotsOnWhiteSite
16045,25,19
timeStep,numberOfRobotsOnBlackSite,numberOfRobotsOnWhiteSite
16046,25,19
timeStep,numberOfRobotsOnBlackSite,numberOfRobotsOnWhiteSite
16047,25,19
timeStep,numberOfRobotsOnBlackSite,numberOfRobotsOnWhiteSite
16048,25,19
timeStep,numberOfRobotsOnBlackSite,numberOfRobotsOnWhiteSite
16049,25,19
timeStep,numberOfRobotsOnBlackSite,numberOfRobotsOnWhiteSite
16050,25,19
timeStep,numberOfRobotsOnBlackSite,numberOfRobotsOnWhiteSite
16051,25,19
timeStep,numberOfRobotsOnBlackSite,numberOfRobotsOnWhiteSite
16052,25,19
timeStep,numberOfRobotsOnBlackSite,numberOfRobotsOnWhiteSite
16053,25,19
timeStep,numberOfRobotsOnBlackSite,numberOfRobotsOnWhiteSite
16054,25,19
timeStep,numberOfRobotsOnBlackSite,numberOfRobotsOnWhiteSite
16055,25,19
timeStep,numberOfRobotsOnBlackSite,numberOfRobotsOnWhiteSite
16056,25,19
timeStep,numberOfRobotsOnBlackSite,numberOfRobotsOnWhiteSite
16057,25,19
timeStep,numberOfRobotsOnBlackSite,numberOfRobotsOnWhiteSite
16058,25,19
timeStep,numberOfRobotsOnBlackSite,numberOfRobotsOnWhiteSite
16059,25,19
timeStep,numberOfRobotsOnBlackSite,numberOfRobotsOnWhiteSite
16060,25,19
timeStep,numberOfRobotsOnBlackSite,numberOfRobotsOnWhiteSite
16061,25,19
timeStep,numberOfRobotsOnBlackSite,numberOfRobotsOnWhiteSite
16062,25,19
timeStep,numberOfRobotsOnBlackSite,numberOfRobotsOnWhiteSite
16063,25,19
timeStep,numberOfRobotsOnBlackSite,numberOfRobotsOnWhiteSite
16064,25,19
timeStep,numberOfRobotsOnBlackSite,numberOfRobotsOnWhiteSite
16065,25,19
timeStep,numberOfRobotsOnBlackSite,numberOfRobotsOnWhiteSite
16066,25,19
timeStep,numberOfRobotsOnBlackSite,numberOfRobotsOnWhiteSite
16067,25,19
timeStep,numberOfRobotsOnBlackSite,numberOfRobotsOnWhiteSite
16068,25,19
timeStep,numberOfRobotsOnBlackSite,numberOfRobotsOnWhiteSite
16069,25,19
timeStep,numberOfRobotsOnBlackSite,numberOfRobotsOnWhiteSite
16070,25,19
timeStep,numberOfRobotsOnBlackSite,numberOfRobotsOnWhiteSite
16071,25,19
timeStep,numberOfRobotsOnBlackSite,numberOfRobotsOnWhiteSite
16072,25,19
timeStep,numberOfRobotsOnBlackSite,numberOfRobotsOnWhiteSite
16073,25,19
timeStep,numberOfRobotsOnBlackSite,numberOfRobotsOnWhiteSite
16074,25,19
timeStep,numberOfRobotsOnBlackSite,numberOfRobotsOnWhiteSite
16075,26,19
timeStep,numberOfRobotsOnBlackSite,numberOfRobotsOnWhiteSite
16076,26,19
timeStep,numberOfRobotsOnBlackSite,numberOfRobotsOnWhiteSite
16077,26,19
timeStep,numberOfRobotsOnBlackSite,numberOfRobotsOnWhiteSite
16078,26,19
timeStep,numberOfRobotsOnBlackSite,numberOfRobotsOnWhiteSite
16079,26,19
timeStep,numberOfRobotsOnBlackSite,numberOfRobotsOnWhiteSite
16080,26,19
timeStep,numberOfRobotsOnBlackSite,numberOfRobotsOnWhiteSite
16081,26,19
timeStep,numberOfRobotsOnBlackSite,numberOfRobotsOnWhiteSite
16082,26,19
timeStep,numberOfRobotsOnBlackSite,numberOfRobotsOnWhiteSite
16083,26,19
timeStep,numberOfRobotsOnBlackSite,numberOfRobotsOnWhiteSite
16084,26,19
timeStep,numberOfRobotsOnBlackSite,numberOfRobotsOnWhiteSite
16085,26,19
timeStep,numberOfRobotsOnBlackSite,numberOfRobotsOnWhiteSite
16086,26,19
timeStep,numberOfRobotsOnBlackSite,numberOfRobotsOnWhiteSite
16087,26,19
timeStep,numberOfRobotsOnBlackSite,numberOfRobotsOnWhiteSite
16088,26,19
timeStep,numberOfRobotsOnBlackSite,numberOfRobotsOnWhiteSite
16089,26,19
timeStep,numberOfRobotsOnBlackSite,numberOfRobotsOnWhiteSite
16090,26,19
timeStep,numberOfRobotsOnBlackSite,numberOfRobotsOnWhiteSite
16091,26,19
timeStep,numberOfRobotsOnBlackSite,numberOfRobotsOnWhiteSite
16092,26,19
timeStep,numberOfRobotsOnBlackSite,numberOfRobotsOnWhiteSite
16093,26,19
timeStep,numberOfRobotsOnBlackSite,numberOfRobotsOnWhiteSite
16094,26,19
timeStep,numberOfRobotsOnBlackSite,numberOfRobotsOnWhiteSite
16095,26,19
timeStep,numberOfRobotsOnBlackSite,numberOfRobotsOnWhiteSite
16096,26,19
timeStep,numberOfRobotsOnBlackSite,numberOfRobotsOnWhiteSite
16097,26,19
timeStep,numberOfRobotsOnBlackSite,numberOfRobotsOnWhiteSite
16098,26,19
timeStep,numberOfRobotsOnBlackSite,numberOfRobotsOnWhiteSite
16099,26,19
timeStep,numberOfRobotsOnBlackSite,numberOfRobotsOnWhiteSite
16100,25,19
timeStep,numberOfRobotsOnBlackSite,numberOfRobotsOnWhiteSite
16101,25,19
timeStep,numberOfRobotsOnBlackSite,numberOfRobotsOnWhiteSite
16102,25,19
timeStep,numberOfRobotsOnBlackSite,numberOfRobotsOnWhiteSite
16103,25,19
timeStep,numberOfRobotsOnBlackSite,numberOfRobotsOnWhiteSite
16104,25,19
timeStep,numberOfRobotsOnBlackSite,numberOfRobotsOnWhiteSite
16105,25,19
timeStep,numberOfRobotsOnBlackSite,numberOfRobotsOnWhiteSite
16106,25,19
timeStep,numberOfRobotsOnBlackSite,numberOfRobotsOnWhiteSite
16107,25,19
timeStep,numberOfRobotsOnBlackSite,numberOfRobotsOnWhiteSite
16108,25,19
timeStep,numberOfRobotsOnBlackSite,numberOfRobotsOnWhiteSite
16109,25,19
timeStep,numberOfRobotsOnBlackSite,numberOfRobotsOnWhiteSite
16110,25,19
timeStep,numberOfRobotsOnBlackSite,numberOfRobotsOnWhiteSite
16111,25,19
timeStep,numberOfRobotsOnBlackSite,numberOfRobotsOnWhiteSite
16112,25,19
timeStep,numberOfRobotsOnBlackSite,numberOfRobotsOnWhiteSite
16113,25,19
timeStep,numberOfRobotsOnBlackSite,numberOfRobotsOnWhiteSite
16114,25,19
timeStep,numberOfRobotsOnBlackSite,numberOfRobotsOnWhiteSite
16115,25,19
timeStep,numberOfRobotsOnBlackSite,numberOfRobotsOnWhiteSite
16116,25,19
timeStep,numberOfRobotsOnBlackSite,numberOfRobotsOnWhiteSite
16117,25,19
timeStep,numberOfRobotsOnBlackSite,numberOfRobotsOnWhiteSite
16118,25,19
timeStep,numberOfRobotsOnBlackSite,numberOfRobotsOnWhiteSite
16119,25,19
timeStep,numberOfRobotsOnBlackSite,numberOfRobotsOnWhiteSite
16120,25,19
timeStep,numberOfRobotsOnBlackSite,numberOfRobotsOnWhiteSite
16121,25,19
timeStep,numberOfRobotsOnBlackSite,numberOfRobotsOnWhiteSite
16122,25,19
timeStep,numberOfRobotsOnBlackSite,numberOfRobotsOnWhiteSite
16123,25,19
timeStep,numberOfRobotsOnBlackSite,numberOfRobotsOnWhiteSite
16124,25,19
timeStep,numberOfRobotsOnBlackSite,numberOfRobotsOnWhiteSite
16125,25,19
timeStep,numberOfRobotsOnBlackSite,numberOfRobotsOnWhiteSite
16126,25,19
timeStep,numberOfRobotsOnBlackSite,numberOfRobotsOnWhiteSite
16127,25,19
timeStep,numberOfRobotsOnBlackSite,numberOfRobotsOnWhiteSite
16128,25,19
timeStep,numberOfRobotsOnBlackSite,numberOfRobotsOnWhiteSite
16129,25,19
timeStep,numberOfRobotsOnBlackSite,numberOfRobotsOnWhiteSite
16130,25,18
timeStep,numberOfRobotsOnBlackSite,numberOfRobotsOnWhiteSite
16131,25,18
timeStep,numberOfRobotsOnBlackSite,numberOfRobotsOnWhiteSite
16132,25,18
timeStep,numberOfRobotsOnBlackSite,numberOfRobotsOnWhiteSite
16133,25,18
timeStep,numberOfRobotsOnBlackSite,numberOfRobotsOnWhiteSite
16134,25,18
timeStep,numberOfRobotsOnBlackSite,numberOfRobotsOnWhiteSite
16135,25,18
timeStep,numberOfRobotsOnBlackSite,numberOfRobotsOnWhiteSite
16136,25,18
timeStep,numberOfRobotsOnBlackSite,numberOfRobotsOnWhiteSite
16137,25,18
timeStep,numberOfRobotsOnBlackSite,numberOfRobotsOnWhiteSite
16138,25,18
timeStep,numberOfRobotsOnBlackSite,numberOfRobotsOnWhiteSite
16139,25,18
timeStep,numberOfRobotsOnBlackSite,numberOfRobotsOnWhiteSite
16140,25,18
timeStep,numberOfRobotsOnBlackSite,numberOfRobotsOnWhiteSite
16141,25,18
timeStep,numberOfRobotsOnBlackSite,numberOfRobotsOnWhiteSite
16142,25,18
timeStep,numberOfRobotsOnBlackSite,numberOfRobotsOnWhiteSite
16143,25,18
timeStep,numberOfRobotsOnBlackSite,numberOfRobotsOnWhiteSite
16144,25,18
timeStep,numberOfRobotsOnBlackSite,numberOfRobotsOnWhiteSite
16145,25,18
timeStep,numberOfRobotsOnBlackSite,numberOfRobotsOnWhiteSite
16146,25,18
timeStep,numberOfRobotsOnBlackSite,numberOfRobotsOnWhiteSite
16147,25,18
timeStep,numberOfRobotsOnBlackSite,numberOfRobotsOnWhiteSite
16148,25,18
timeStep,numberOfRobotsOnBlackSite,numberOfRobotsOnWhiteSite
16149,25,18
timeStep,numberOfRobotsOnBlackSite,numberOfRobotsOnWhiteSite
16150,25,18
timeStep,numberOfRobotsOnBlackSite,numberOfRobotsOnWhiteSite
16151,25,18
timeStep,numberOfRobotsOnBlackSite,numberOfRobotsOnWhiteSite
16152,25,18
timeStep,numberOfRobotsOnBlackSite,numberOfRobotsOnWhiteSite
16153,25,18
timeStep,numberOfRobotsOnBlackSite,numberOfRobotsOnWhiteSite
16154,25,18
timeStep,numberOfRobotsOnBlackSite,numberOfRobotsOnWhiteSite
16155,25,18
timeStep,numberOfRobotsOnBlackSite,numberOfRobotsOnWhiteSite
16156,25,18
timeStep,numberOfRobotsOnBlackSite,numberOfRobotsOnWhiteSite
16157,25,18
timeStep,numberOfRobotsOnBlackSite,numberOfRobotsOnWhiteSite
16158,25,18
timeStep,numberOfRobotsOnBlackSite,numberOfRobotsOnWhiteSite
16159,25,18
timeStep,numberOfRobotsOnBlackSite,numberOfRobotsOnWhiteSite
16160,25,18
timeStep,numberOfRobotsOnBlackSite,numberOfRobotsOnWhiteSite
16161,25,18
timeStep,numberOfRobotsOnBlackSite,numberOfRobotsOnWhiteSite
16162,25,18
timeStep,numberOfRobotsOnBlackSite,numberOfRobotsOnWhiteSite
16163,25,18
timeStep,numberOfRobotsOnBlackSite,numberOfRobotsOnWhiteSite
16164,25,18
timeStep,numberOfRobotsOnBlackSite,numberOfRobotsOnWhiteSite
16165,25,18
timeStep,numberOfRobotsOnBlackSite,numberOfRobotsOnWhiteSite
16166,25,18
timeStep,numberOfRobotsOnBlackSite,numberOfRobotsOnWhiteSite
16167,25,18
timeStep,numberOfRobotsOnBlackSite,numberOfRobotsOnWhiteSite
16168,25,18
timeStep,numberOfRobotsOnBlackSite,numberOfRobotsOnWhiteSite
16169,25,18
timeStep,numberOfRobotsOnBlackSite,numberOfRobotsOnWhiteSite
16170,25,18
timeStep,numberOfRobotsOnBlackSite,numberOfRobotsOnWhiteSite
16171,25,18
timeStep,numberOfRobotsOnBlackSite,numberOfRobotsOnWhiteSite
16172,25,18
timeStep,numberOfRobotsOnBlackSite,numberOfRobotsOnWhiteSite
16173,25,18
timeStep,numberOfRobotsOnBlackSite,numberOfRobotsOnWhiteSite
16174,25,18
timeStep,numberOfRobotsOnBlackSite,numberOfRobotsOnWhiteSite
16175,25,18
timeStep,numberOfRobotsOnBlackSite,numberOfRobotsOnWhiteSite
16176,25,18
timeStep,numberOfRobotsOnBlackSite,numberOfRobotsOnWhiteSite
16177,25,18
timeStep,numberOfRobotsOnBlackSite,numberOfRobotsOnWhiteSite
16178,25,18
timeStep,numberOfRobotsOnBlackSite,numberOfRobotsOnWhiteSite
16179,25,18
timeStep,numberOfRobotsOnBlackSite,numberOfRobotsOnWhiteSite
16180,25,18
timeStep,numberOfRobotsOnBlackSite,numberOfRobotsOnWhiteSite
16181,25,18
timeStep,numberOfRobotsOnBlackSite,numberOfRobotsOnWhiteSite
16182,25,18
timeStep,numberOfRobotsOnBlackSite,numberOfRobotsOnWhiteSite
16183,25,18
timeStep,numberOfRobotsOnBlackSite,numberOfRobotsOnWhiteSite
16184,25,18
timeStep,numberOfRobotsOnBlackSite,numberOfRobotsOnWhiteSite
16185,25,18
timeStep,numberOfRobotsOnBlackSite,numberOfRobotsOnWhiteSite
16186,25,18
timeStep,numberOfRobotsOnBlackSite,numberOfRobotsOnWhiteSite
16187,25,18
timeStep,numberOfRobotsOnBlackSite,numberOfRobotsOnWhiteSite
16188,25,18
timeStep,numberOfRobotsOnBlackSite,numberOfRobotsOnWhiteSite
16189,25,18
timeStep,numberOfRobotsOnBlackSite,numberOfRobotsOnWhiteSite
16190,25,18
timeStep,numberOfRobotsOnBlackSite,numberOfRobotsOnWhiteSite
16191,25,18
timeStep,numberOfRobotsOnBlackSite,numberOfRobotsOnWhiteSite
16192,25,18
timeStep,numberOfRobotsOnBlackSite,numberOfRobotsOnWhiteSite
16193,25,18
timeStep,numberOfRobotsOnBlackSite,numberOfRobotsOnWhiteSite
16194,25,18
timeStep,numberOfRobotsOnBlackSite,numberOfRobotsOnWhiteSite
16195,25,18
timeStep,numberOfRobotsOnBlackSite,numberOfRobotsOnWhiteSite
16196,25,18
timeStep,numberOfRobotsOnBlackSite,numberOfRobotsOnWhiteSite
16197,25,18
timeStep,numberOfRobotsOnBlackSite,numberOfRobotsOnWhiteSite
16198,25,18
timeStep,numberOfRobotsOnBlackSite,numberOfRobotsOnWhiteSite
16199,25,18
timeStep,numberOfRobotsOnBlackSite,numberOfRobotsOnWhiteSite
16200,25,18
timeStep,numberOfRobotsOnBlackSite,numberOfRobotsOnWhiteSite
16201,25,18
timeStep,numberOfRobotsOnBlackSite,numberOfRobotsOnWhiteSite
16202,25,18
timeStep,numberOfRobotsOnBlackSite,numberOfRobotsOnWhiteSite
16203,25,18
timeStep,numberOfRobotsOnBlackSite,numberOfRobotsOnWhiteSite
16204,25,18
timeStep,numberOfRobotsOnBlackSite,numberOfRobotsOnWhiteSite
16205,25,18
timeStep,numberOfRobotsOnBlackSite,numberOfRobotsOnWhiteSite
16206,25,18
timeStep,numberOfRobotsOnBlackSite,numberOfRobotsOnWhiteSite
16207,25,18
timeStep,numberOfRobotsOnBlackSite,numberOfRobotsOnWhiteSite
16208,25,18
timeStep,numberOfRobotsOnBlackSite,numberOfRobotsOnWhiteSite
16209,25,18
timeStep,numberOfRobotsOnBlackSite,numberOfRobotsOnWhiteSite
16210,25,18
timeStep,numberOfRobotsOnBlackSite,numberOfRobotsOnWhiteSite
16211,25,18
timeStep,numberOfRobotsOnBlackSite,numberOfRobotsOnWhiteSite
16212,25,18
timeStep,numberOfRobotsOnBlackSite,numberOfRobotsOnWhiteSite
16213,25,18
timeStep,numberOfRobotsOnBlackSite,numberOfRobotsOnWhiteSite
16214,25,18
timeStep,numberOfRobotsOnBlackSite,numberOfRobotsOnWhiteSite
16215,25,18
timeStep,numberOfRobotsOnBlackSite,numberOfRobotsOnWhiteSite
16216,25,18
timeStep,numberOfRobotsOnBlackSite,numberOfRobotsOnWhiteSite
16217,25,18
timeStep,numberOfRobotsOnBlackSite,numberOfRobotsOnWhiteSite
16218,25,18
timeStep,numberOfRobotsOnBlackSite,numberOfRobotsOnWhiteSite
16219,25,18
timeStep,numberOfRobotsOnBlackSite,numberOfRobotsOnWhiteSite
16220,25,18
timeStep,numberOfRobotsOnBlackSite,numberOfRobotsOnWhiteSite
16221,25,18
timeStep,numberOfRobotsOnBlackSite,numberOfRobotsOnWhiteSite
16222,25,18
timeStep,numberOfRobotsOnBlackSite,numberOfRobotsOnWhiteSite
16223,25,18
timeStep,numberOfRobotsOnBlackSite,numberOfRobotsOnWhiteSite
16224,25,18
timeStep,numberOfRobotsOnBlackSite,numberOfRobotsOnWhiteSite
16225,25,18
timeStep,numberOfRobotsOnBlackSite,numberOfRobotsOnWhiteSite
16226,25,18
timeStep,numberOfRobotsOnBlackSite,numberOfRobotsOnWhiteSite
16227,25,18
timeStep,numberOfRobotsOnBlackSite,numberOfRobotsOnWhiteSite
16228,25,18
timeStep,numberOfRobotsOnBlackSite,numberOfRobotsOnWhiteSite
16229,25,18
timeStep,numberOfRobotsOnBlackSite,numberOfRobotsOnWhiteSite
16230,25,18
timeStep,numberOfRobotsOnBlackSite,numberOfRobotsOnWhiteSite
16231,25,18
timeStep,numberOfRobotsOnBlackSite,numberOfRobotsOnWhiteSite
16232,25,18
timeStep,numberOfRobotsOnBlackSite,numberOfRobotsOnWhiteSite
16233,25,18
timeStep,numberOfRobotsOnBlackSite,numberOfRobotsOnWhiteSite
16234,25,18
timeStep,numberOfRobotsOnBlackSite,numberOfRobotsOnWhiteSite
16235,25,18
timeStep,numberOfRobotsOnBlackSite,numberOfRobotsOnWhiteSite
16236,25,18
timeStep,numberOfRobotsOnBlackSite,numberOfRobotsOnWhiteSite
16237,25,18
timeStep,numberOfRobotsOnBlackSite,numberOfRobotsOnWhiteSite
16238,25,18
timeStep,numberOfRobotsOnBlackSite,numberOfRobotsOnWhiteSite
16239,25,18
timeStep,numberOfRobotsOnBlackSite,numberOfRobotsOnWhiteSite
16240,25,18
timeStep,numberOfRobotsOnBlackSite,numberOfRobotsOnWhiteSite
16241,25,18
timeStep,numberOfRobotsOnBlackSite,numberOfRobotsOnWhiteSite
16242,25,18
timeStep,numberOfRobotsOnBlackSite,numberOfRobotsOnWhiteSite
16243,25,18
timeStep,numberOfRobotsOnBlackSite,numberOfRobotsOnWhiteSite
16244,25,18
timeStep,numberOfRobotsOnBlackSite,numberOfRobotsOnWhiteSite
16245,25,18
timeStep,numberOfRobotsOnBlackSite,numberOfRobotsOnWhiteSite
16246,25,18
timeStep,numberOfRobotsOnBlackSite,numberOfRobotsOnWhiteSite
16247,25,18
timeStep,numberOfRobotsOnBlackSite,numberOfRobotsOnWhiteSite
16248,25,18
timeStep,numberOfRobotsOnBlackSite,numberOfRobotsOnWhiteSite
16249,25,18
timeStep,numberOfRobotsOnBlackSite,numberOfRobotsOnWhiteSite
16250,25,18
timeStep,numberOfRobotsOnBlackSite,numberOfRobotsOnWhiteSite
16251,25,18
timeStep,numberOfRobotsOnBlackSite,numberOfRobotsOnWhiteSite
16252,25,18
timeStep,numberOfRobotsOnBlackSite,numberOfRobotsOnWhiteSite
16253,25,18
timeStep,numberOfRobotsOnBlackSite,numberOfRobotsOnWhiteSite
16254,25,18
timeStep,numberOfRobotsOnBlackSite,numberOfRobotsOnWhiteSite
16255,25,18
timeStep,numberOfRobotsOnBlackSite,numberOfRobotsOnWhiteSite
16256,25,18
timeStep,numberOfRobotsOnBlackSite,numberOfRobotsOnWhiteSite
16257,25,18
timeStep,numberOfRobotsOnBlackSite,numberOfRobotsOnWhiteSite
16258,25,18
timeStep,numberOfRobotsOnBlackSite,numberOfRobotsOnWhiteSite
16259,25,18
timeStep,numberOfRobotsOnBlackSite,numberOfRobotsOnWhiteSite
16260,25,18
timeStep,numberOfRobotsOnBlackSite,numberOfRobotsOnWhiteSite
16261,25,18
timeStep,numberOfRobotsOnBlackSite,numberOfRobotsOnWhiteSite
16262,25,18
timeStep,numberOfRobotsOnBlackSite,numberOfRobotsOnWhiteSite
16263,25,18
timeStep,numberOfRobotsOnBlackSite,numberOfRobotsOnWhiteSite
16264,25,18
timeStep,numberOfRobotsOnBlackSite,numberOfRobotsOnWhiteSite
16265,25,18
timeStep,numberOfRobotsOnBlackSite,numberOfRobotsOnWhiteSite
16266,25,18
timeStep,numberOfRobotsOnBlackSite,numberOfRobotsOnWhiteSite
16267,25,18
timeStep,numberOfRobotsOnBlackSite,numberOfRobotsOnWhiteSite
16268,25,18
timeStep,numberOfRobotsOnBlackSite,numberOfRobotsOnWhiteSite
16269,25,18
timeStep,numberOfRobotsOnBlackSite,numberOfRobotsOnWhiteSite
16270,25,18
timeStep,numberOfRobotsOnBlackSite,numberOfRobotsOnWhiteSite
16271,25,18
timeStep,numberOfRobotsOnBlackSite,numberOfRobotsOnWhiteSite
16272,25,18
timeStep,numberOfRobotsOnBlackSite,numberOfRobotsOnWhiteSite
16273,25,18
timeStep,numberOfRobotsOnBlackSite,numberOfRobotsOnWhiteSite
16274,25,18
timeStep,numberOfRobotsOnBlackSite,numberOfRobotsOnWhiteSite
16275,25,18
timeStep,numberOfRobotsOnBlackSite,numberOfRobotsOnWhiteSite
16276,25,18
timeStep,numberOfRobotsOnBlackSite,numberOfRobotsOnWhiteSite
16277,25,18
timeStep,numberOfRobotsOnBlackSite,numberOfRobotsOnWhiteSite
16278,25,18
timeStep,numberOfRobotsOnBlackSite,numberOfRobotsOnWhiteSite
16279,25,18
timeStep,numberOfRobotsOnBlackSite,numberOfRobotsOnWhiteSite
16280,25,18
timeStep,numberOfRobotsOnBlackSite,numberOfRobotsOnWhiteSite
16281,25,18
timeStep,numberOfRobotsOnBlackSite,numberOfRobotsOnWhiteSite
16282,25,18
timeStep,numberOfRobotsOnBlackSite,numberOfRobotsOnWhiteSite
16283,25,18
timeStep,numberOfRobotsOnBlackSite,numberOfRobotsOnWhiteSite
16284,25,18
timeStep,numberOfRobotsOnBlackSite,numberOfRobotsOnWhiteSite
16285,25,18
timeStep,numberOfRobotsOnBlackSite,numberOfRobotsOnWhiteSite
16286,25,18
timeStep,numberOfRobotsOnBlackSite,numberOfRobotsOnWhiteSite
16287,25,18
timeStep,numberOfRobotsOnBlackSite,numberOfRobotsOnWhiteSite
16288,25,18
timeStep,numberOfRobotsOnBlackSite,numberOfRobotsOnWhiteSite
16289,25,18
timeStep,numberOfRobotsOnBlackSite,numberOfRobotsOnWhiteSite
16290,25,18
timeStep,numberOfRobotsOnBlackSite,numberOfRobotsOnWhiteSite
16291,25,18
timeStep,numberOfRobotsOnBlackSite,numberOfRobotsOnWhiteSite
16292,25,18
timeStep,numberOfRobotsOnBlackSite,numberOfRobotsOnWhiteSite
16293,25,18
timeStep,numberOfRobotsOnBlackSite,numberOfRobotsOnWhiteSite
16294,25,18
timeStep,numberOfRobotsOnBlackSite,numberOfRobotsOnWhiteSite
16295,25,18
timeStep,numberOfRobotsOnBlackSite,numberOfRobotsOnWhiteSite
16296,25,18
timeStep,numberOfRobotsOnBlackSite,numberOfRobotsOnWhiteSite
16297,25,18
timeStep,numberOfRobotsOnBlackSite,numberOfRobotsOnWhiteSite
16298,25,18
timeStep,numberOfRobotsOnBlackSite,numberOfRobotsOnWhiteSite
16299,25,18
timeStep,numberOfRobotsOnBlackSite,numberOfRobotsOnWhiteSite
16300,25,18
timeStep,numberOfRobotsOnBlackSite,numberOfRobotsOnWhiteSite
16301,25,18
timeStep,numberOfRobotsOnBlackSite,numberOfRobotsOnWhiteSite
16302,25,18
timeStep,numberOfRobotsOnBlackSite,numberOfRobotsOnWhiteSite
16303,25,18
timeStep,numberOfRobotsOnBlackSite,numberOfRobotsOnWhiteSite
16304,25,18
timeStep,numberOfRobotsOnBlackSite,numberOfRobotsOnWhiteSite
16305,25,18
timeStep,numberOfRobotsOnBlackSite,numberOfRobotsOnWhiteSite
16306,25,18
timeStep,numberOfRobotsOnBlackSite,numberOfRobotsOnWhiteSite
16307,25,18
timeStep,numberOfRobotsOnBlackSite,numberOfRobotsOnWhiteSite
16308,25,18
timeStep,numberOfRobotsOnBlackSite,numberOfRobotsOnWhiteSite
16309,25,18
timeStep,numberOfRobotsOnBlackSite,numberOfRobotsOnWhiteSite
16310,25,18
timeStep,numberOfRobotsOnBlackSite,numberOfRobotsOnWhiteSite
16311,25,18
timeStep,numberOfRobotsOnBlackSite,numberOfRobotsOnWhiteSite
16312,25,18
timeStep,numberOfRobotsOnBlackSite,numberOfRobotsOnWhiteSite
16313,25,18
timeStep,numberOfRobotsOnBlackSite,numberOfRobotsOnWhiteSite
16314,25,18
timeStep,numberOfRobotsOnBlackSite,numberOfRobotsOnWhiteSite
16315,25,18
timeStep,numberOfRobotsOnBlackSite,numberOfRobotsOnWhiteSite
16316,25,18
timeStep,numberOfRobotsOnBlackSite,numberOfRobotsOnWhiteSite
16317,25,18
timeStep,numberOfRobotsOnBlackSite,numberOfRobotsOnWhiteSite
16318,25,18
timeStep,numberOfRobotsOnBlackSite,numberOfRobotsOnWhiteSite
16319,25,18
timeStep,numberOfRobotsOnBlackSite,numberOfRobotsOnWhiteSite
16320,25,18
timeStep,numberOfRobotsOnBlackSite,numberOfRobotsOnWhiteSite
16321,25,18
timeStep,numberOfRobotsOnBlackSite,numberOfRobotsOnWhiteSite
16322,25,18
timeStep,numberOfRobotsOnBlackSite,numberOfRobotsOnWhiteSite
16323,25,18
timeStep,numberOfRobotsOnBlackSite,numberOfRobotsOnWhiteSite
16324,25,18
timeStep,numberOfRobotsOnBlackSite,numberOfRobotsOnWhiteSite
16325,25,18
timeStep,numberOfRobotsOnBlackSite,numberOfRobotsOnWhiteSite
16326,25,18
timeStep,numberOfRobotsOnBlackSite,numberOfRobotsOnWhiteSite
16327,25,18
timeStep,numberOfRobotsOnBlackSite,numberOfRobotsOnWhiteSite
16328,25,18
timeStep,numberOfRobotsOnBlackSite,numberOfRobotsOnWhiteSite
16329,25,18
timeStep,numberOfRobotsOnBlackSite,numberOfRobotsOnWhiteSite
16330,25,18
timeStep,numberOfRobotsOnBlackSite,numberOfRobotsOnWhiteSite
16331,25,18
timeStep,numberOfRobotsOnBlackSite,numberOfRobotsOnWhiteSite
16332,25,18
timeStep,numberOfRobotsOnBlackSite,numberOfRobotsOnWhiteSite
16333,25,18
timeStep,numberOfRobotsOnBlackSite,numberOfRobotsOnWhiteSite
16334,25,18
timeStep,numberOfRobotsOnBlackSite,numberOfRobotsOnWhiteSite
16335,25,18
timeStep,numberOfRobotsOnBlackSite,numberOfRobotsOnWhiteSite
16336,25,18
timeStep,numberOfRobotsOnBlackSite,numberOfRobotsOnWhiteSite
16337,25,18
timeStep,numberOfRobotsOnBlackSite,numberOfRobotsOnWhiteSite
16338,25,18
timeStep,numberOfRobotsOnBlackSite,numberOfRobotsOnWhiteSite
16339,25,18
timeStep,numberOfRobotsOnBlackSite,numberOfRobotsOnWhiteSite
16340,25,18
timeStep,numberOfRobotsOnBlackSite,numberOfRobotsOnWhiteSite
16341,25,18
timeStep,numberOfRobotsOnBlackSite,numberOfRobotsOnWhiteSite
16342,25,18
timeStep,numberOfRobotsOnBlackSite,numberOfRobotsOnWhiteSite
16343,25,18
timeStep,numberOfRobotsOnBlackSite,numberOfRobotsOnWhiteSite
16344,25,18
timeStep,numberOfRobotsOnBlackSite,numberOfRobotsOnWhiteSite
16345,25,18
timeStep,numberOfRobotsOnBlackSite,numberOfRobotsOnWhiteSite
16346,25,18
timeStep,numberOfRobotsOnBlackSite,numberOfRobotsOnWhiteSite
16347,25,18
timeStep,numberOfRobotsOnBlackSite,numberOfRobotsOnWhiteSite
16348,25,18
timeStep,numberOfRobotsOnBlackSite,numberOfRobotsOnWhiteSite
16349,25,18
timeStep,numberOfRobotsOnBlackSite,numberOfRobotsOnWhiteSite
16350,24,18
timeStep,numberOfRobotsOnBlackSite,numberOfRobotsOnWhiteSite
16351,24,18
timeStep,numberOfRobotsOnBlackSite,numberOfRobotsOnWhiteSite
16352,24,18
timeStep,numberOfRobotsOnBlackSite,numberOfRobotsOnWhiteSite
16353,24,18
timeStep,numberOfRobotsOnBlackSite,numberOfRobotsOnWhiteSite
16354,24,18
timeStep,numberOfRobotsOnBlackSite,numberOfRobotsOnWhiteSite
16355,24,18
timeStep,numberOfRobotsOnBlackSite,numberOfRobotsOnWhiteSite
16356,24,18
timeStep,numberOfRobotsOnBlackSite,numberOfRobotsOnWhiteSite
16357,24,18
timeStep,numberOfRobotsOnBlackSite,numberOfRobotsOnWhiteSite
16358,24,18
timeStep,numberOfRobotsOnBlackSite,numberOfRobotsOnWhiteSite
16359,24,18
timeStep,numberOfRobotsOnBlackSite,numberOfRobotsOnWhiteSite
16360,24,17
timeStep,numberOfRobotsOnBlackSite,numberOfRobotsOnWhiteSite
16361,24,17
timeStep,numberOfRobotsOnBlackSite,numberOfRobotsOnWhiteSite
16362,24,17
timeStep,numberOfRobotsOnBlackSite,numberOfRobotsOnWhiteSite
16363,24,17
timeStep,numberOfRobotsOnBlackSite,numberOfRobotsOnWhiteSite
16364,24,17
timeStep,numberOfRobotsOnBlackSite,numberOfRobotsOnWhiteSite
16365,24,17
timeStep,numberOfRobotsOnBlackSite,numberOfRobotsOnWhiteSite
16366,24,17
timeStep,numberOfRobotsOnBlackSite,numberOfRobotsOnWhiteSite
16367,24,17
timeStep,numberOfRobotsOnBlackSite,numberOfRobotsOnWhiteSite
16368,24,17
timeStep,numberOfRobotsOnBlackSite,numberOfRobotsOnWhiteSite
16369,24,17
timeStep,numberOfRobotsOnBlackSite,numberOfRobotsOnWhiteSite
16370,24,17
timeStep,numberOfRobotsOnBlackSite,numberOfRobotsOnWhiteSite
16371,24,17
timeStep,numberOfRobotsOnBlackSite,numberOfRobotsOnWhiteSite
16372,24,17
timeStep,numberOfRobotsOnBlackSite,numberOfRobotsOnWhiteSite
16373,24,17
timeStep,numberOfRobotsOnBlackSite,numberOfRobotsOnWhiteSite
16374,24,17
timeStep,numberOfRobotsOnBlackSite,numberOfRobotsOnWhiteSite
16375,25,17
timeStep,numberOfRobotsOnBlackSite,numberOfRobotsOnWhiteSite
16376,25,17
timeStep,numberOfRobotsOnBlackSite,numberOfRobotsOnWhiteSite
16377,25,17
timeStep,numberOfRobotsOnBlackSite,numberOfRobotsOnWhiteSite
16378,25,17
timeStep,numberOfRobotsOnBlackSite,numberOfRobotsOnWhiteSite
16379,25,17
timeStep,numberOfRobotsOnBlackSite,numberOfRobotsOnWhiteSite
16380,25,17
timeStep,numberOfRobotsOnBlackSite,numberOfRobotsOnWhiteSite
16381,25,17
timeStep,numberOfRobotsOnBlackSite,numberOfRobotsOnWhiteSite
16382,25,17
timeStep,numberOfRobotsOnBlackSite,numberOfRobotsOnWhiteSite
16383,25,17
timeStep,numberOfRobotsOnBlackSite,numberOfRobotsOnWhiteSite
16384,25,17
timeStep,numberOfRobotsOnBlackSite,numberOfRobotsOnWhiteSite
16385,25,16
timeStep,numberOfRobotsOnBlackSite,numberOfRobotsOnWhiteSite
16386,25,16
timeStep,numberOfRobotsOnBlackSite,numberOfRobotsOnWhiteSite
16387,25,16
timeStep,numberOfRobotsOnBlackSite,numberOfRobotsOnWhiteSite
16388,25,16
timeStep,numberOfRobotsOnBlackSite,numberOfRobotsOnWhiteSite
16389,25,16
timeStep,numberOfRobotsOnBlackSite,numberOfRobotsOnWhiteSite
16390,25,16
timeStep,numberOfRobotsOnBlackSite,numberOfRobotsOnWhiteSite
16391,25,16
timeStep,numberOfRobotsOnBlackSite,numberOfRobotsOnWhiteSite
16392,25,16
timeStep,numberOfRobotsOnBlackSite,numberOfRobotsOnWhiteSite
16393,25,16
timeStep,numberOfRobotsOnBlackSite,numberOfRobotsOnWhiteSite
16394,25,16
timeStep,numberOfRobotsOnBlackSite,numberOfRobotsOnWhiteSite
16395,25,16
timeStep,numberOfRobotsOnBlackSite,numberOfRobotsOnWhiteSite
16396,25,16
timeStep,numberOfRobotsOnBlackSite,numberOfRobotsOnWhiteSite
16397,25,16
timeStep,numberOfRobotsOnBlackSite,numberOfRobotsOnWhiteSite
16398,25,16
timeStep,numberOfRobotsOnBlackSite,numberOfRobotsOnWhiteSite
16399,25,16
timeStep,numberOfRobotsOnBlackSite,numberOfRobotsOnWhiteSite
16400,25,16
timeStep,numberOfRobotsOnBlackSite,numberOfRobotsOnWhiteSite
16401,25,16
timeStep,numberOfRobotsOnBlackSite,numberOfRobotsOnWhiteSite
16402,25,16
timeStep,numberOfRobotsOnBlackSite,numberOfRobotsOnWhiteSite
16403,25,16
timeStep,numberOfRobotsOnBlackSite,numberOfRobotsOnWhiteSite
16404,25,16
timeStep,numberOfRobotsOnBlackSite,numberOfRobotsOnWhiteSite
16405,25,16
timeStep,numberOfRobotsOnBlackSite,numberOfRobotsOnWhiteSite
16406,25,16
timeStep,numberOfRobotsOnBlackSite,numberOfRobotsOnWhiteSite
16407,25,16
timeStep,numberOfRobotsOnBlackSite,numberOfRobotsOnWhiteSite
16408,25,16
timeStep,numberOfRobotsOnBlackSite,numberOfRobotsOnWhiteSite
16409,25,16
timeStep,numberOfRobotsOnBlackSite,numberOfRobotsOnWhiteSite
16410,24,16
timeStep,numberOfRobotsOnBlackSite,numberOfRobotsOnWhiteSite
16411,24,16
timeStep,numberOfRobotsOnBlackSite,numberOfRobotsOnWhiteSite
16412,24,16
timeStep,numberOfRobotsOnBlackSite,numberOfRobotsOnWhiteSite
16413,24,16
timeStep,numberOfRobotsOnBlackSite,numberOfRobotsOnWhiteSite
16414,24,16
timeStep,numberOfRobotsOnBlackSite,numberOfRobotsOnWhiteSite
16415,24,16
timeStep,numberOfRobotsOnBlackSite,numberOfRobotsOnWhiteSite
16416,24,16
timeStep,numberOfRobotsOnBlackSite,numberOfRobotsOnWhiteSite
16417,24,16
timeStep,numberOfRobotsOnBlackSite,numberOfRobotsOnWhiteSite
16418,24,16
timeStep,numberOfRobotsOnBlackSite,numberOfRobotsOnWhiteSite
16419,24,16
timeStep,numberOfRobotsOnBlackSite,numberOfRobotsOnWhiteSite
16420,24,16
timeStep,numberOfRobotsOnBlackSite,numberOfRobotsOnWhiteSite
16421,24,16
timeStep,numberOfRobotsOnBlackSite,numberOfRobotsOnWhiteSite
16422,24,16
timeStep,numberOfRobotsOnBlackSite,numberOfRobotsOnWhiteSite
16423,24,16
timeStep,numberOfRobotsOnBlackSite,numberOfRobotsOnWhiteSite
16424,24,16
timeStep,numberOfRobotsOnBlackSite,numberOfRobotsOnWhiteSite
16425,24,16
timeStep,numberOfRobotsOnBlackSite,numberOfRobotsOnWhiteSite
16426,24,16
timeStep,numberOfRobotsOnBlackSite,numberOfRobotsOnWhiteSite
16427,24,16
timeStep,numberOfRobotsOnBlackSite,numberOfRobotsOnWhiteSite
16428,24,16
timeStep,numberOfRobotsOnBlackSite,numberOfRobotsOnWhiteSite
16429,24,16
timeStep,numberOfRobotsOnBlackSite,numberOfRobotsOnWhiteSite
16430,24,16
timeStep,numberOfRobotsOnBlackSite,numberOfRobotsOnWhiteSite
16431,24,16
timeStep,numberOfRobotsOnBlackSite,numberOfRobotsOnWhiteSite
16432,24,16
timeStep,numberOfRobotsOnBlackSite,numberOfRobotsOnWhiteSite
16433,24,16
timeStep,numberOfRobotsOnBlackSite,numberOfRobotsOnWhiteSite
16434,24,16
timeStep,numberOfRobotsOnBlackSite,numberOfRobotsOnWhiteSite
16435,24,15
timeStep,numberOfRobotsOnBlackSite,numberOfRobotsOnWhiteSite
16436,24,15
timeStep,numberOfRobotsOnBlackSite,numberOfRobotsOnWhiteSite
16437,24,15
timeStep,numberOfRobotsOnBlackSite,numberOfRobotsOnWhiteSite
16438,24,15
timeStep,numberOfRobotsOnBlackSite,numberOfRobotsOnWhiteSite
16439,24,15
timeStep,numberOfRobotsOnBlackSite,numberOfRobotsOnWhiteSite
16440,24,15
timeStep,numberOfRobotsOnBlackSite,numberOfRobotsOnWhiteSite
16441,24,15
timeStep,numberOfRobotsOnBlackSite,numberOfRobotsOnWhiteSite
16442,24,15
timeStep,numberOfRobotsOnBlackSite,numberOfRobotsOnWhiteSite
16443,24,15
timeStep,numberOfRobotsOnBlackSite,numberOfRobotsOnWhiteSite
16444,24,15
timeStep,numberOfRobotsOnBlackSite,numberOfRobotsOnWhiteSite
16445,24,15
timeStep,numberOfRobotsOnBlackSite,numberOfRobotsOnWhiteSite
16446,24,15
timeStep,numberOfRobotsOnBlackSite,numberOfRobotsOnWhiteSite
16447,24,15
timeStep,numberOfRobotsOnBlackSite,numberOfRobotsOnWhiteSite
16448,24,15
timeStep,numberOfRobotsOnBlackSite,numberOfRobotsOnWhiteSite
16449,24,15
timeStep,numberOfRobotsOnBlackSite,numberOfRobotsOnWhiteSite
16450,24,15
timeStep,numberOfRobotsOnBlackSite,numberOfRobotsOnWhiteSite
16451,24,15
timeStep,numberOfRobotsOnBlackSite,numberOfRobotsOnWhiteSite
16452,24,15
timeStep,numberOfRobotsOnBlackSite,numberOfRobotsOnWhiteSite
16453,24,15
timeStep,numberOfRobotsOnBlackSite,numberOfRobotsOnWhiteSite
16454,24,15
timeStep,numberOfRobotsOnBlackSite,numberOfRobotsOnWhiteSite
16455,24,15
timeStep,numberOfRobotsOnBlackSite,numberOfRobotsOnWhiteSite
16456,24,15
timeStep,numberOfRobotsOnBlackSite,numberOfRobotsOnWhiteSite
16457,24,15
timeStep,numberOfRobotsOnBlackSite,numberOfRobotsOnWhiteSite
16458,24,15
timeStep,numberOfRobotsOnBlackSite,numberOfRobotsOnWhiteSite
16459,24,15
timeStep,numberOfRobotsOnBlackSite,numberOfRobotsOnWhiteSite
16460,24,15
timeStep,numberOfRobotsOnBlackSite,numberOfRobotsOnWhiteSite
16461,24,15
timeStep,numberOfRobotsOnBlackSite,numberOfRobotsOnWhiteSite
16462,24,15
timeStep,numberOfRobotsOnBlackSite,numberOfRobotsOnWhiteSite
16463,24,15
timeStep,numberOfRobotsOnBlackSite,numberOfRobotsOnWhiteSite
16464,24,15
timeStep,numberOfRobotsOnBlackSite,numberOfRobotsOnWhiteSite
16465,24,15
timeStep,numberOfRobotsOnBlackSite,numberOfRobotsOnWhiteSite
16466,24,15
timeStep,numberOfRobotsOnBlackSite,numberOfRobotsOnWhiteSite
16467,24,15
timeStep,numberOfRobotsOnBlackSite,numberOfRobotsOnWhiteSite
16468,24,15
timeStep,numberOfRobotsOnBlackSite,numberOfRobotsOnWhiteSite
16469,24,15
timeStep,numberOfRobotsOnBlackSite,numberOfRobotsOnWhiteSite
16470,24,15
timeStep,numberOfRobotsOnBlackSite,numberOfRobotsOnWhiteSite
16471,24,15
timeStep,numberOfRobotsOnBlackSite,numberOfRobotsOnWhiteSite
16472,24,15
timeStep,numberOfRobotsOnBlackSite,numberOfRobotsOnWhiteSite
16473,24,15
timeStep,numberOfRobotsOnBlackSite,numberOfRobotsOnWhiteSite
16474,24,15
timeStep,numberOfRobotsOnBlackSite,numberOfRobotsOnWhiteSite
16475,24,15
timeStep,numberOfRobotsOnBlackSite,numberOfRobotsOnWhiteSite
16476,24,15
timeStep,numberOfRobotsOnBlackSite,numberOfRobotsOnWhiteSite
16477,24,15
timeStep,numberOfRobotsOnBlackSite,numberOfRobotsOnWhiteSite
16478,24,15
timeStep,numberOfRobotsOnBlackSite,numberOfRobotsOnWhiteSite
16479,24,15
timeStep,numberOfRobotsOnBlackSite,numberOfRobotsOnWhiteSite
16480,24,15
timeStep,numberOfRobotsOnBlackSite,numberOfRobotsOnWhiteSite
16481,24,15
timeStep,numberOfRobotsOnBlackSite,numberOfRobotsOnWhiteSite
16482,24,15
timeStep,numberOfRobotsOnBlackSite,numberOfRobotsOnWhiteSite
16483,24,15
timeStep,numberOfRobotsOnBlackSite,numberOfRobotsOnWhiteSite
16484,24,15
timeStep,numberOfRobotsOnBlackSite,numberOfRobotsOnWhiteSite
16485,24,15
timeStep,numberOfRobotsOnBlackSite,numberOfRobotsOnWhiteSite
16486,24,15
timeStep,numberOfRobotsOnBlackSite,numberOfRobotsOnWhiteSite
16487,24,15
timeStep,numberOfRobotsOnBlackSite,numberOfRobotsOnWhiteSite
16488,24,15
timeStep,numberOfRobotsOnBlackSite,numberOfRobotsOnWhiteSite
16489,24,15
timeStep,numberOfRobotsOnBlackSite,numberOfRobotsOnWhiteSite
16490,24,15
timeStep,numberOfRobotsOnBlackSite,numberOfRobotsOnWhiteSite
16491,24,15
timeStep,numberOfRobotsOnBlackSite,numberOfRobotsOnWhiteSite
16492,24,15
timeStep,numberOfRobotsOnBlackSite,numberOfRobotsOnWhiteSite
16493,24,15
timeStep,numberOfRobotsOnBlackSite,numberOfRobotsOnWhiteSite
16494,24,15
timeStep,numberOfRobotsOnBlackSite,numberOfRobotsOnWhiteSite
16495,24,15
timeStep,numberOfRobotsOnBlackSite,numberOfRobotsOnWhiteSite
16496,24,15
timeStep,numberOfRobotsOnBlackSite,numberOfRobotsOnWhiteSite
16497,24,15
timeStep,numberOfRobotsOnBlackSite,numberOfRobotsOnWhiteSite
16498,24,15
timeStep,numberOfRobotsOnBlackSite,numberOfRobotsOnWhiteSite
16499,24,15
timeStep,numberOfRobotsOnBlackSite,numberOfRobotsOnWhiteSite
16500,24,15
timeStep,numberOfRobotsOnBlackSite,numberOfRobotsOnWhiteSite
16501,24,15
timeStep,numberOfRobotsOnBlackSite,numberOfRobotsOnWhiteSite
16502,24,15
timeStep,numberOfRobotsOnBlackSite,numberOfRobotsOnWhiteSite
16503,24,15
timeStep,numberOfRobotsOnBlackSite,numberOfRobotsOnWhiteSite
16504,24,15
timeStep,numberOfRobotsOnBlackSite,numberOfRobotsOnWhiteSite
16505,24,15
timeStep,numberOfRobotsOnBlackSite,numberOfRobotsOnWhiteSite
16506,24,15
timeStep,numberOfRobotsOnBlackSite,numberOfRobotsOnWhiteSite
16507,24,15
timeStep,numberOfRobotsOnBlackSite,numberOfRobotsOnWhiteSite
16508,24,15
timeStep,numberOfRobotsOnBlackSite,numberOfRobotsOnWhiteSite
16509,24,15
timeStep,numberOfRobotsOnBlackSite,numberOfRobotsOnWhiteSite
16510,24,15
timeStep,numberOfRobotsOnBlackSite,numberOfRobotsOnWhiteSite
16511,24,15
timeStep,numberOfRobotsOnBlackSite,numberOfRobotsOnWhiteSite
16512,24,15
timeStep,numberOfRobotsOnBlackSite,numberOfRobotsOnWhiteSite
16513,24,15
timeStep,numberOfRobotsOnBlackSite,numberOfRobotsOnWhiteSite
16514,24,15
timeStep,numberOfRobotsOnBlackSite,numberOfRobotsOnWhiteSite
16515,25,15
timeStep,numberOfRobotsOnBlackSite,numberOfRobotsOnWhiteSite
16516,25,15
timeStep,numberOfRobotsOnBlackSite,numberOfRobotsOnWhiteSite
16517,25,15
timeStep,numberOfRobotsOnBlackSite,numberOfRobotsOnWhiteSite
16518,25,15
timeStep,numberOfRobotsOnBlackSite,numberOfRobotsOnWhiteSite
16519,25,15
timeStep,numberOfRobotsOnBlackSite,numberOfRobotsOnWhiteSite
16520,25,15
timeStep,numberOfRobotsOnBlackSite,numberOfRobotsOnWhiteSite
16521,25,15
timeStep,numberOfRobotsOnBlackSite,numberOfRobotsOnWhiteSite
16522,25,15
timeStep,numberOfRobotsOnBlackSite,numberOfRobotsOnWhiteSite
16523,25,15
timeStep,numberOfRobotsOnBlackSite,numberOfRobotsOnWhiteSite
16524,25,15
timeStep,numberOfRobotsOnBlackSite,numberOfRobotsOnWhiteSite
16525,25,15
timeStep,numberOfRobotsOnBlackSite,numberOfRobotsOnWhiteSite
16526,25,15
timeStep,numberOfRobotsOnBlackSite,numberOfRobotsOnWhiteSite
16527,25,15
timeStep,numberOfRobotsOnBlackSite,numberOfRobotsOnWhiteSite
16528,25,15
timeStep,numberOfRobotsOnBlackSite,numberOfRobotsOnWhiteSite
16529,25,15
timeStep,numberOfRobotsOnBlackSite,numberOfRobotsOnWhiteSite
16530,25,15
timeStep,numberOfRobotsOnBlackSite,numberOfRobotsOnWhiteSite
16531,25,15
timeStep,numberOfRobotsOnBlackSite,numberOfRobotsOnWhiteSite
16532,25,15
timeStep,numberOfRobotsOnBlackSite,numberOfRobotsOnWhiteSite
16533,25,15
timeStep,numberOfRobotsOnBlackSite,numberOfRobotsOnWhiteSite
16534,25,15
timeStep,numberOfRobotsOnBlackSite,numberOfRobotsOnWhiteSite
16535,25,15
timeStep,numberOfRobotsOnBlackSite,numberOfRobotsOnWhiteSite
16536,25,15
timeStep,numberOfRobotsOnBlackSite,numberOfRobotsOnWhiteSite
16537,25,15
timeStep,numberOfRobotsOnBlackSite,numberOfRobotsOnWhiteSite
16538,25,15
timeStep,numberOfRobotsOnBlackSite,numberOfRobotsOnWhiteSite
16539,25,15
timeStep,numberOfRobotsOnBlackSite,numberOfRobotsOnWhiteSite
16540,25,15
timeStep,numberOfRobotsOnBlackSite,numberOfRobotsOnWhiteSite
16541,25,15
timeStep,numberOfRobotsOnBlackSite,numberOfRobotsOnWhiteSite
16542,25,15
timeStep,numberOfRobotsOnBlackSite,numberOfRobotsOnWhiteSite
16543,25,15
timeStep,numberOfRobotsOnBlackSite,numberOfRobotsOnWhiteSite
16544,25,15
timeStep,numberOfRobotsOnBlackSite,numberOfRobotsOnWhiteSite
16545,25,15
timeStep,numberOfRobotsOnBlackSite,numberOfRobotsOnWhiteSite
16546,25,15
timeStep,numberOfRobotsOnBlackSite,numberOfRobotsOnWhiteSite
16547,25,15
timeStep,numberOfRobotsOnBlackSite,numberOfRobotsOnWhiteSite
16548,25,15
timeStep,numberOfRobotsOnBlackSite,numberOfRobotsOnWhiteSite
16549,25,15
timeStep,numberOfRobotsOnBlackSite,numberOfRobotsOnWhiteSite
16550,25,16
timeStep,numberOfRobotsOnBlackSite,numberOfRobotsOnWhiteSite
16551,25,16
timeStep,numberOfRobotsOnBlackSite,numberOfRobotsOnWhiteSite
16552,25,16
timeStep,numberOfRobotsOnBlackSite,numberOfRobotsOnWhiteSite
16553,25,16
timeStep,numberOfRobotsOnBlackSite,numberOfRobotsOnWhiteSite
16554,25,16
timeStep,numberOfRobotsOnBlackSite,numberOfRobotsOnWhiteSite
16555,25,16
timeStep,numberOfRobotsOnBlackSite,numberOfRobotsOnWhiteSite
16556,25,16
timeStep,numberOfRobotsOnBlackSite,numberOfRobotsOnWhiteSite
16557,25,16
timeStep,numberOfRobotsOnBlackSite,numberOfRobotsOnWhiteSite
16558,25,16
timeStep,numberOfRobotsOnBlackSite,numberOfRobotsOnWhiteSite
16559,25,16
timeStep,numberOfRobotsOnBlackSite,numberOfRobotsOnWhiteSite
16560,25,16
timeStep,numberOfRobotsOnBlackSite,numberOfRobotsOnWhiteSite
16561,25,16
timeStep,numberOfRobotsOnBlackSite,numberOfRobotsOnWhiteSite
16562,25,16
timeStep,numberOfRobotsOnBlackSite,numberOfRobotsOnWhiteSite
16563,25,16
timeStep,numberOfRobotsOnBlackSite,numberOfRobotsOnWhiteSite
16564,25,16
timeStep,numberOfRobotsOnBlackSite,numberOfRobotsOnWhiteSite
16565,25,16
timeStep,numberOfRobotsOnBlackSite,numberOfRobotsOnWhiteSite
16566,25,16
timeStep,numberOfRobotsOnBlackSite,numberOfRobotsOnWhiteSite
16567,25,16
timeStep,numberOfRobotsOnBlackSite,numberOfRobotsOnWhiteSite
16568,25,16
timeStep,numberOfRobotsOnBlackSite,numberOfRobotsOnWhiteSite
16569,25,16
timeStep,numberOfRobotsOnBlackSite,numberOfRobotsOnWhiteSite
16570,25,16
timeStep,numberOfRobotsOnBlackSite,numberOfRobotsOnWhiteSite
16571,25,16
timeStep,numberOfRobotsOnBlackSite,numberOfRobotsOnWhiteSite
16572,25,16
timeStep,numberOfRobotsOnBlackSite,numberOfRobotsOnWhiteSite
16573,25,16
timeStep,numberOfRobotsOnBlackSite,numberOfRobotsOnWhiteSite
16574,25,16
timeStep,numberOfRobotsOnBlackSite,numberOfRobotsOnWhiteSite
16575,25,16
timeStep,numberOfRobotsOnBlackSite,numberOfRobotsOnWhiteSite
16576,25,16
timeStep,numberOfRobotsOnBlackSite,numberOfRobotsOnWhiteSite
16577,25,16
timeStep,numberOfRobotsOnBlackSite,numberOfRobotsOnWhiteSite
16578,25,16
timeStep,numberOfRobotsOnBlackSite,numberOfRobotsOnWhiteSite
16579,25,16
timeStep,numberOfRobotsOnBlackSite,numberOfRobotsOnWhiteSite
16580,25,16
timeStep,numberOfRobotsOnBlackSite,numberOfRobotsOnWhiteSite
16581,25,16
timeStep,numberOfRobotsOnBlackSite,numberOfRobotsOnWhiteSite
16582,25,16
timeStep,numberOfRobotsOnBlackSite,numberOfRobotsOnWhiteSite
16583,25,16
timeStep,numberOfRobotsOnBlackSite,numberOfRobotsOnWhiteSite
16584,25,16
timeStep,numberOfRobotsOnBlackSite,numberOfRobotsOnWhiteSite
16585,25,16
timeStep,numberOfRobotsOnBlackSite,numberOfRobotsOnWhiteSite
16586,25,16
timeStep,numberOfRobotsOnBlackSite,numberOfRobotsOnWhiteSite
16587,25,16
timeStep,numberOfRobotsOnBlackSite,numberOfRobotsOnWhiteSite
16588,25,16
timeStep,numberOfRobotsOnBlackSite,numberOfRobotsOnWhiteSite
16589,25,16
timeStep,numberOfRobotsOnBlackSite,numberOfRobotsOnWhiteSite
16590,25,15
timeStep,numberOfRobotsOnBlackSite,numberOfRobotsOnWhiteSite
16591,25,15
timeStep,numberOfRobotsOnBlackSite,numberOfRobotsOnWhiteSite
16592,25,15
timeStep,numberOfRobotsOnBlackSite,numberOfRobotsOnWhiteSite
16593,25,15
timeStep,numberOfRobotsOnBlackSite,numberOfRobotsOnWhiteSite
16594,25,15
timeStep,numberOfRobotsOnBlackSite,numberOfRobotsOnWhiteSite
16595,25,15
timeStep,numberOfRobotsOnBlackSite,numberOfRobotsOnWhiteSite
16596,25,15
timeStep,numberOfRobotsOnBlackSite,numberOfRobotsOnWhiteSite
16597,25,15
timeStep,numberOfRobotsOnBlackSite,numberOfRobotsOnWhiteSite
16598,25,15
timeStep,numberOfRobotsOnBlackSite,numberOfRobotsOnWhiteSite
16599,25,15
timeStep,numberOfRobotsOnBlackSite,numberOfRobotsOnWhiteSite
16600,25,15
timeStep,numberOfRobotsOnBlackSite,numberOfRobotsOnWhiteSite
16601,25,15
timeStep,numberOfRobotsOnBlackSite,numberOfRobotsOnWhiteSite
16602,25,15
timeStep,numberOfRobotsOnBlackSite,numberOfRobotsOnWhiteSite
16603,25,15
timeStep,numberOfRobotsOnBlackSite,numberOfRobotsOnWhiteSite
16604,25,15
timeStep,numberOfRobotsOnBlackSite,numberOfRobotsOnWhiteSite
16605,25,15
timeStep,numberOfRobotsOnBlackSite,numberOfRobotsOnWhiteSite
16606,25,15
timeStep,numberOfRobotsOnBlackSite,numberOfRobotsOnWhiteSite
16607,25,15
timeStep,numberOfRobotsOnBlackSite,numberOfRobotsOnWhiteSite
16608,25,15
timeStep,numberOfRobotsOnBlackSite,numberOfRobotsOnWhiteSite
16609,25,15
timeStep,numberOfRobotsOnBlackSite,numberOfRobotsOnWhiteSite
16610,25,15
timeStep,numberOfRobotsOnBlackSite,numberOfRobotsOnWhiteSite
16611,25,15
timeStep,numberOfRobotsOnBlackSite,numberOfRobotsOnWhiteSite
16612,25,15
timeStep,numberOfRobotsOnBlackSite,numberOfRobotsOnWhiteSite
16613,25,15
timeStep,numberOfRobotsOnBlackSite,numberOfRobotsOnWhiteSite
16614,25,15
timeStep,numberOfRobotsOnBlackSite,numberOfRobotsOnWhiteSite
16615,25,15
timeStep,numberOfRobotsOnBlackSite,numberOfRobotsOnWhiteSite
16616,25,15
timeStep,numberOfRobotsOnBlackSite,numberOfRobotsOnWhiteSite
16617,25,15
timeStep,numberOfRobotsOnBlackSite,numberOfRobotsOnWhiteSite
16618,25,15
timeStep,numberOfRobotsOnBlackSite,numberOfRobotsOnWhiteSite
16619,25,15
timeStep,numberOfRobotsOnBlackSite,numberOfRobotsOnWhiteSite
16620,25,15
timeStep,numberOfRobotsOnBlackSite,numberOfRobotsOnWhiteSite
16621,25,15
timeStep,numberOfRobotsOnBlackSite,numberOfRobotsOnWhiteSite
16622,25,15
timeStep,numberOfRobotsOnBlackSite,numberOfRobotsOnWhiteSite
16623,25,15
timeStep,numberOfRobotsOnBlackSite,numberOfRobotsOnWhiteSite
16624,25,15
timeStep,numberOfRobotsOnBlackSite,numberOfRobotsOnWhiteSite
16625,25,15
timeStep,numberOfRobotsOnBlackSite,numberOfRobotsOnWhiteSite
16626,25,15
timeStep,numberOfRobotsOnBlackSite,numberOfRobotsOnWhiteSite
16627,25,15
timeStep,numberOfRobotsOnBlackSite,numberOfRobotsOnWhiteSite
16628,25,15
timeStep,numberOfRobotsOnBlackSite,numberOfRobotsOnWhiteSite
16629,25,15
timeStep,numberOfRobotsOnBlackSite,numberOfRobotsOnWhiteSite
16630,25,15
timeStep,numberOfRobotsOnBlackSite,numberOfRobotsOnWhiteSite
16631,25,15
timeStep,numberOfRobotsOnBlackSite,numberOfRobotsOnWhiteSite
16632,25,15
timeStep,numberOfRobotsOnBlackSite,numberOfRobotsOnWhiteSite
16633,25,15
timeStep,numberOfRobotsOnBlackSite,numberOfRobotsOnWhiteSite
16634,25,15
timeStep,numberOfRobotsOnBlackSite,numberOfRobotsOnWhiteSite
16635,25,15
timeStep,numberOfRobotsOnBlackSite,numberOfRobotsOnWhiteSite
16636,25,15
timeStep,numberOfRobotsOnBlackSite,numberOfRobotsOnWhiteSite
16637,25,15
timeStep,numberOfRobotsOnBlackSite,numberOfRobotsOnWhiteSite
16638,25,15
timeStep,numberOfRobotsOnBlackSite,numberOfRobotsOnWhiteSite
16639,25,15
timeStep,numberOfRobotsOnBlackSite,numberOfRobotsOnWhiteSite
16640,25,15
timeStep,numberOfRobotsOnBlackSite,numberOfRobotsOnWhiteSite
16641,25,15
timeStep,numberOfRobotsOnBlackSite,numberOfRobotsOnWhiteSite
16642,25,15
timeStep,numberOfRobotsOnBlackSite,numberOfRobotsOnWhiteSite
16643,25,15
timeStep,numberOfRobotsOnBlackSite,numberOfRobotsOnWhiteSite
16644,25,15
timeStep,numberOfRobotsOnBlackSite,numberOfRobotsOnWhiteSite
16645,25,15
timeStep,numberOfRobotsOnBlackSite,numberOfRobotsOnWhiteSite
16646,25,15
timeStep,numberOfRobotsOnBlackSite,numberOfRobotsOnWhiteSite
16647,25,15
timeStep,numberOfRobotsOnBlackSite,numberOfRobotsOnWhiteSite
16648,25,15
timeStep,numberOfRobotsOnBlackSite,numberOfRobotsOnWhiteSite
16649,25,15
timeStep,numberOfRobotsOnBlackSite,numberOfRobotsOnWhiteSite
16650,25,15
timeStep,numberOfRobotsOnBlackSite,numberOfRobotsOnWhiteSite
16651,25,15
timeStep,numberOfRobotsOnBlackSite,numberOfRobotsOnWhiteSite
16652,25,15
timeStep,numberOfRobotsOnBlackSite,numberOfRobotsOnWhiteSite
16653,25,15
timeStep,numberOfRobotsOnBlackSite,numberOfRobotsOnWhiteSite
16654,25,15
timeStep,numberOfRobotsOnBlackSite,numberOfRobotsOnWhiteSite
16655,25,15
timeStep,numberOfRobotsOnBlackSite,numberOfRobotsOnWhiteSite
16656,25,15
timeStep,numberOfRobotsOnBlackSite,numberOfRobotsOnWhiteSite
16657,25,15
timeStep,numberOfRobotsOnBlackSite,numberOfRobotsOnWhiteSite
16658,25,15
timeStep,numberOfRobotsOnBlackSite,numberOfRobotsOnWhiteSite
16659,25,15
timeStep,numberOfRobotsOnBlackSite,numberOfRobotsOnWhiteSite
16660,25,15
timeStep,numberOfRobotsOnBlackSite,numberOfRobotsOnWhiteSite
16661,25,15
timeStep,numberOfRobotsOnBlackSite,numberOfRobotsOnWhiteSite
16662,25,15
timeStep,numberOfRobotsOnBlackSite,numberOfRobotsOnWhiteSite
16663,25,15
timeStep,numberOfRobotsOnBlackSite,numberOfRobotsOnWhiteSite
16664,25,15
timeStep,numberOfRobotsOnBlackSite,numberOfRobotsOnWhiteSite
16665,25,15
timeStep,numberOfRobotsOnBlackSite,numberOfRobotsOnWhiteSite
16666,25,15
timeStep,numberOfRobotsOnBlackSite,numberOfRobotsOnWhiteSite
16667,25,15
timeStep,numberOfRobotsOnBlackSite,numberOfRobotsOnWhiteSite
16668,25,15
timeStep,numberOfRobotsOnBlackSite,numberOfRobotsOnWhiteSite
16669,25,15
timeStep,numberOfRobotsOnBlackSite,numberOfRobotsOnWhiteSite
16670,25,15
timeStep,numberOfRobotsOnBlackSite,numberOfRobotsOnWhiteSite
16671,25,15
timeStep,numberOfRobotsOnBlackSite,numberOfRobotsOnWhiteSite
16672,25,15
timeStep,numberOfRobotsOnBlackSite,numberOfRobotsOnWhiteSite
16673,25,15
timeStep,numberOfRobotsOnBlackSite,numberOfRobotsOnWhiteSite
16674,25,15
timeStep,numberOfRobotsOnBlackSite,numberOfRobotsOnWhiteSite
16675,25,16
timeStep,numberOfRobotsOnBlackSite,numberOfRobotsOnWhiteSite
16676,25,16
timeStep,numberOfRobotsOnBlackSite,numberOfRobotsOnWhiteSite
16677,25,16
timeStep,numberOfRobotsOnBlackSite,numberOfRobotsOnWhiteSite
16678,25,16
timeStep,numberOfRobotsOnBlackSite,numberOfRobotsOnWhiteSite
16679,25,16
timeStep,numberOfRobotsOnBlackSite,numberOfRobotsOnWhiteSite
16680,25,16
timeStep,numberOfRobotsOnBlackSite,numberOfRobotsOnWhiteSite
16681,25,16
timeStep,numberOfRobotsOnBlackSite,numberOfRobotsOnWhiteSite
16682,25,16
timeStep,numberOfRobotsOnBlackSite,numberOfRobotsOnWhiteSite
16683,25,16
timeStep,numberOfRobotsOnBlackSite,numberOfRobotsOnWhiteSite
16684,25,16
timeStep,numberOfRobotsOnBlackSite,numberOfRobotsOnWhiteSite
16685,25,16
timeStep,numberOfRobotsOnBlackSite,numberOfRobotsOnWhiteSite
16686,25,16
timeStep,numberOfRobotsOnBlackSite,numberOfRobotsOnWhiteSite
16687,25,16
timeStep,numberOfRobotsOnBlackSite,numberOfRobotsOnWhiteSite
16688,25,16
timeStep,numberOfRobotsOnBlackSite,numberOfRobotsOnWhiteSite
16689,25,16
timeStep,numberOfRobotsOnBlackSite,numberOfRobotsOnWhiteSite
16690,25,16
timeStep,numberOfRobotsOnBlackSite,numberOfRobotsOnWhiteSite
16691,25,16
timeStep,numberOfRobotsOnBlackSite,numberOfRobotsOnWhiteSite
16692,25,16
timeStep,numberOfRobotsOnBlackSite,numberOfRobotsOnWhiteSite
16693,25,16
timeStep,numberOfRobotsOnBlackSite,numberOfRobotsOnWhiteSite
16694,25,16
timeStep,numberOfRobotsOnBlackSite,numberOfRobotsOnWhiteSite
16695,25,16
timeStep,numberOfRobotsOnBlackSite,numberOfRobotsOnWhiteSite
16696,25,16
timeStep,numberOfRobotsOnBlackSite,numberOfRobotsOnWhiteSite
16697,25,16
timeStep,numberOfRobotsOnBlackSite,numberOfRobotsOnWhiteSite
16698,25,16
timeStep,numberOfRobotsOnBlackSite,numberOfRobotsOnWhiteSite
16699,25,16
timeStep,numberOfRobotsOnBlackSite,numberOfRobotsOnWhiteSite
16700,25,16
timeStep,numberOfRobotsOnBlackSite,numberOfRobotsOnWhiteSite
16701,25,16
timeStep,numberOfRobotsOnBlackSite,numberOfRobotsOnWhiteSite
16702,25,16
timeStep,numberOfRobotsOnBlackSite,numberOfRobotsOnWhiteSite
16703,25,16
timeStep,numberOfRobotsOnBlackSite,numberOfRobotsOnWhiteSite
16704,25,16
timeStep,numberOfRobotsOnBlackSite,numberOfRobotsOnWhiteSite
16705,25,16
timeStep,numberOfRobotsOnBlackSite,numberOfRobotsOnWhiteSite
16706,25,16
timeStep,numberOfRobotsOnBlackSite,numberOfRobotsOnWhiteSite
16707,25,16
timeStep,numberOfRobotsOnBlackSite,numberOfRobotsOnWhiteSite
16708,25,16
timeStep,numberOfRobotsOnBlackSite,numberOfRobotsOnWhiteSite
16709,25,16
timeStep,numberOfRobotsOnBlackSite,numberOfRobotsOnWhiteSite
16710,25,16
timeStep,numberOfRobotsOnBlackSite,numberOfRobotsOnWhiteSite
16711,25,16
timeStep,numberOfRobotsOnBlackSite,numberOfRobotsOnWhiteSite
16712,25,16
timeStep,numberOfRobotsOnBlackSite,numberOfRobotsOnWhiteSite
16713,25,16
timeStep,numberOfRobotsOnBlackSite,numberOfRobotsOnWhiteSite
16714,25,16
timeStep,numberOfRobotsOnBlackSite,numberOfRobotsOnWhiteSite
16715,24,16
timeStep,numberOfRobotsOnBlackSite,numberOfRobotsOnWhiteSite
16716,24,16
timeStep,numberOfRobotsOnBlackSite,numberOfRobotsOnWhiteSite
16717,24,16
timeStep,numberOfRobotsOnBlackSite,numberOfRobotsOnWhiteSite
16718,24,16
timeStep,numberOfRobotsOnBlackSite,numberOfRobotsOnWhiteSite
16719,24,16
timeStep,numberOfRobotsOnBlackSite,numberOfRobotsOnWhiteSite
16720,24,16
timeStep,numberOfRobotsOnBlackSite,numberOfRobotsOnWhiteSite
16721,24,16
timeStep,numberOfRobotsOnBlackSite,numberOfRobotsOnWhiteSite
16722,24,16
timeStep,numberOfRobotsOnBlackSite,numberOfRobotsOnWhiteSite
16723,24,16
timeStep,numberOfRobotsOnBlackSite,numberOfRobotsOnWhiteSite
16724,24,16
timeStep,numberOfRobotsOnBlackSite,numberOfRobotsOnWhiteSite
16725,24,16
timeStep,numberOfRobotsOnBlackSite,numberOfRobotsOnWhiteSite
16726,24,16
timeStep,numberOfRobotsOnBlackSite,numberOfRobotsOnWhiteSite
16727,24,16
timeStep,numberOfRobotsOnBlackSite,numberOfRobotsOnWhiteSite
16728,24,16
timeStep,numberOfRobotsOnBlackSite,numberOfRobotsOnWhiteSite
16729,24,16
timeStep,numberOfRobotsOnBlackSite,numberOfRobotsOnWhiteSite
16730,24,15
timeStep,numberOfRobotsOnBlackSite,numberOfRobotsOnWhiteSite
16731,24,15
timeStep,numberOfRobotsOnBlackSite,numberOfRobotsOnWhiteSite
16732,24,15
timeStep,numberOfRobotsOnBlackSite,numberOfRobotsOnWhiteSite
16733,24,15
timeStep,numberOfRobotsOnBlackSite,numberOfRobotsOnWhiteSite
16734,24,15
timeStep,numberOfRobotsOnBlackSite,numberOfRobotsOnWhiteSite
16735,23,15
timeStep,numberOfRobotsOnBlackSite,numberOfRobotsOnWhiteSite
16736,23,15
timeStep,numberOfRobotsOnBlackSite,numberOfRobotsOnWhiteSite
16737,23,15
timeStep,numberOfRobotsOnBlackSite,numberOfRobotsOnWhiteSite
16738,23,15
timeStep,numberOfRobotsOnBlackSite,numberOfRobotsOnWhiteSite
16739,23,15
timeStep,numberOfRobotsOnBlackSite,numberOfRobotsOnWhiteSite
16740,24,15
timeStep,numberOfRobotsOnBlackSite,numberOfRobotsOnWhiteSite
16741,24,15
timeStep,numberOfRobotsOnBlackSite,numberOfRobotsOnWhiteSite
16742,24,15
timeStep,numberOfRobotsOnBlackSite,numberOfRobotsOnWhiteSite
16743,24,15
timeStep,numberOfRobotsOnBlackSite,numberOfRobotsOnWhiteSite
16744,24,15
timeStep,numberOfRobotsOnBlackSite,numberOfRobotsOnWhiteSite
16745,24,15
timeStep,numberOfRobotsOnBlackSite,numberOfRobotsOnWhiteSite
16746,24,15
timeStep,numberOfRobotsOnBlackSite,numberOfRobotsOnWhiteSite
16747,24,15
timeStep,numberOfRobotsOnBlackSite,numberOfRobotsOnWhiteSite
16748,24,15
timeStep,numberOfRobotsOnBlackSite,numberOfRobotsOnWhiteSite
16749,24,15
timeStep,numberOfRobotsOnBlackSite,numberOfRobotsOnWhiteSite
16750,24,15
timeStep,numberOfRobotsOnBlackSite,numberOfRobotsOnWhiteSite
16751,24,15
timeStep,numberOfRobotsOnBlackSite,numberOfRobotsOnWhiteSite
16752,24,15
timeStep,numberOfRobotsOnBlackSite,numberOfRobotsOnWhiteSite
16753,24,15
timeStep,numberOfRobotsOnBlackSite,numberOfRobotsOnWhiteSite
16754,24,15
timeStep,numberOfRobotsOnBlackSite,numberOfRobotsOnWhiteSite
16755,24,15
timeStep,numberOfRobotsOnBlackSite,numberOfRobotsOnWhiteSite
16756,24,15
timeStep,numberOfRobotsOnBlackSite,numberOfRobotsOnWhiteSite
16757,24,15
timeStep,numberOfRobotsOnBlackSite,numberOfRobotsOnWhiteSite
16758,24,15
timeStep,numberOfRobotsOnBlackSite,numberOfRobotsOnWhiteSite
16759,24,15
timeStep,numberOfRobotsOnBlackSite,numberOfRobotsOnWhiteSite
16760,24,15
timeStep,numberOfRobotsOnBlackSite,numberOfRobotsOnWhiteSite
16761,24,15
timeStep,numberOfRobotsOnBlackSite,numberOfRobotsOnWhiteSite
16762,24,15
timeStep,numberOfRobotsOnBlackSite,numberOfRobotsOnWhiteSite
16763,24,15
timeStep,numberOfRobotsOnBlackSite,numberOfRobotsOnWhiteSite
16764,24,15
timeStep,numberOfRobotsOnBlackSite,numberOfRobotsOnWhiteSite
16765,24,15
timeStep,numberOfRobotsOnBlackSite,numberOfRobotsOnWhiteSite
16766,24,15
timeStep,numberOfRobotsOnBlackSite,numberOfRobotsOnWhiteSite
16767,24,15
timeStep,numberOfRobotsOnBlackSite,numberOfRobotsOnWhiteSite
16768,24,15
timeStep,numberOfRobotsOnBlackSite,numberOfRobotsOnWhiteSite
16769,24,15
timeStep,numberOfRobotsOnBlackSite,numberOfRobotsOnWhiteSite
16770,24,15
timeStep,numberOfRobotsOnBlackSite,numberOfRobotsOnWhiteSite
16771,24,15
timeStep,numberOfRobotsOnBlackSite,numberOfRobotsOnWhiteSite
16772,24,15
timeStep,numberOfRobotsOnBlackSite,numberOfRobotsOnWhiteSite
16773,24,15
timeStep,numberOfRobotsOnBlackSite,numberOfRobotsOnWhiteSite
16774,24,15
timeStep,numberOfRobotsOnBlackSite,numberOfRobotsOnWhiteSite
16775,24,15
timeStep,numberOfRobotsOnBlackSite,numberOfRobotsOnWhiteSite
16776,24,15
timeStep,numberOfRobotsOnBlackSite,numberOfRobotsOnWhiteSite
16777,24,15
timeStep,numberOfRobotsOnBlackSite,numberOfRobotsOnWhiteSite
16778,24,15
timeStep,numberOfRobotsOnBlackSite,numberOfRobotsOnWhiteSite
16779,24,15
timeStep,numberOfRobotsOnBlackSite,numberOfRobotsOnWhiteSite
16780,24,15
timeStep,numberOfRobotsOnBlackSite,numberOfRobotsOnWhiteSite
16781,24,15
timeStep,numberOfRobotsOnBlackSite,numberOfRobotsOnWhiteSite
16782,24,15
timeStep,numberOfRobotsOnBlackSite,numberOfRobotsOnWhiteSite
16783,24,15
timeStep,numberOfRobotsOnBlackSite,numberOfRobotsOnWhiteSite
16784,24,15
timeStep,numberOfRobotsOnBlackSite,numberOfRobotsOnWhiteSite
16785,24,15
timeStep,numberOfRobotsOnBlackSite,numberOfRobotsOnWhiteSite
16786,24,15
timeStep,numberOfRobotsOnBlackSite,numberOfRobotsOnWhiteSite
16787,24,15
timeStep,numberOfRobotsOnBlackSite,numberOfRobotsOnWhiteSite
16788,24,15
timeStep,numberOfRobotsOnBlackSite,numberOfRobotsOnWhiteSite
16789,24,15
timeStep,numberOfRobotsOnBlackSite,numberOfRobotsOnWhiteSite
16790,24,15
timeStep,numberOfRobotsOnBlackSite,numberOfRobotsOnWhiteSite
16791,24,15
timeStep,numberOfRobotsOnBlackSite,numberOfRobotsOnWhiteSite
16792,24,15
timeStep,numberOfRobotsOnBlackSite,numberOfRobotsOnWhiteSite
16793,24,15
timeStep,numberOfRobotsOnBlackSite,numberOfRobotsOnWhiteSite
16794,24,15
timeStep,numberOfRobotsOnBlackSite,numberOfRobotsOnWhiteSite
16795,24,15
timeStep,numberOfRobotsOnBlackSite,numberOfRobotsOnWhiteSite
16796,24,15
timeStep,numberOfRobotsOnBlackSite,numberOfRobotsOnWhiteSite
16797,24,15
timeStep,numberOfRobotsOnBlackSite,numberOfRobotsOnWhiteSite
16798,24,15
timeStep,numberOfRobotsOnBlackSite,numberOfRobotsOnWhiteSite
16799,24,15
timeStep,numberOfRobotsOnBlackSite,numberOfRobotsOnWhiteSite
16800,24,15
timeStep,numberOfRobotsOnBlackSite,numberOfRobotsOnWhiteSite
16801,24,15
timeStep,numberOfRobotsOnBlackSite,numberOfRobotsOnWhiteSite
16802,24,15
timeStep,numberOfRobotsOnBlackSite,numberOfRobotsOnWhiteSite
16803,24,15
timeStep,numberOfRobotsOnBlackSite,numberOfRobotsOnWhiteSite
16804,24,15
timeStep,numberOfRobotsOnBlackSite,numberOfRobotsOnWhiteSite
16805,24,15
timeStep,numberOfRobotsOnBlackSite,numberOfRobotsOnWhiteSite
16806,24,15
timeStep,numberOfRobotsOnBlackSite,numberOfRobotsOnWhiteSite
16807,24,15
timeStep,numberOfRobotsOnBlackSite,numberOfRobotsOnWhiteSite
16808,24,15
timeStep,numberOfRobotsOnBlackSite,numberOfRobotsOnWhiteSite
16809,24,15
timeStep,numberOfRobotsOnBlackSite,numberOfRobotsOnWhiteSite
16810,24,15
timeStep,numberOfRobotsOnBlackSite,numberOfRobotsOnWhiteSite
16811,24,15
timeStep,numberOfRobotsOnBlackSite,numberOfRobotsOnWhiteSite
16812,24,15
timeStep,numberOfRobotsOnBlackSite,numberOfRobotsOnWhiteSite
16813,24,15
timeStep,numberOfRobotsOnBlackSite,numberOfRobotsOnWhiteSite
16814,24,15
timeStep,numberOfRobotsOnBlackSite,numberOfRobotsOnWhiteSite
16815,24,15
timeStep,numberOfRobotsOnBlackSite,numberOfRobotsOnWhiteSite
16816,24,15
timeStep,numberOfRobotsOnBlackSite,numberOfRobotsOnWhiteSite
16817,24,15
timeStep,numberOfRobotsOnBlackSite,numberOfRobotsOnWhiteSite
16818,24,15
timeStep,numberOfRobotsOnBlackSite,numberOfRobotsOnWhiteSite
16819,24,15
timeStep,numberOfRobotsOnBlackSite,numberOfRobotsOnWhiteSite
16820,24,15
timeStep,numberOfRobotsOnBlackSite,numberOfRobotsOnWhiteSite
16821,24,15
timeStep,numberOfRobotsOnBlackSite,numberOfRobotsOnWhiteSite
16822,24,15
timeStep,numberOfRobotsOnBlackSite,numberOfRobotsOnWhiteSite
16823,24,15
timeStep,numberOfRobotsOnBlackSite,numberOfRobotsOnWhiteSite
16824,24,15
timeStep,numberOfRobotsOnBlackSite,numberOfRobotsOnWhiteSite
16825,24,15
timeStep,numberOfRobotsOnBlackSite,numberOfRobotsOnWhiteSite
16826,24,15
timeStep,numberOfRobotsOnBlackSite,numberOfRobotsOnWhiteSite
16827,24,15
timeStep,numberOfRobotsOnBlackSite,numberOfRobotsOnWhiteSite
16828,24,15
timeStep,numberOfRobotsOnBlackSite,numberOfRobotsOnWhiteSite
16829,24,15
timeStep,numberOfRobotsOnBlackSite,numberOfRobotsOnWhiteSite
16830,24,15
timeStep,numberOfRobotsOnBlackSite,numberOfRobotsOnWhiteSite
16831,24,15
timeStep,numberOfRobotsOnBlackSite,numberOfRobotsOnWhiteSite
16832,24,15
timeStep,numberOfRobotsOnBlackSite,numberOfRobotsOnWhiteSite
16833,24,15
timeStep,numberOfRobotsOnBlackSite,numberOfRobotsOnWhiteSite
16834,24,15
timeStep,numberOfRobotsOnBlackSite,numberOfRobotsOnWhiteSite
16835,24,15
timeStep,numberOfRobotsOnBlackSite,numberOfRobotsOnWhiteSite
16836,24,15
timeStep,numberOfRobotsOnBlackSite,numberOfRobotsOnWhiteSite
16837,24,15
timeStep,numberOfRobotsOnBlackSite,numberOfRobotsOnWhiteSite
16838,24,15
timeStep,numberOfRobotsOnBlackSite,numberOfRobotsOnWhiteSite
16839,24,15
timeStep,numberOfRobotsOnBlackSite,numberOfRobotsOnWhiteSite
16840,24,15
timeStep,numberOfRobotsOnBlackSite,numberOfRobotsOnWhiteSite
16841,24,15
timeStep,numberOfRobotsOnBlackSite,numberOfRobotsOnWhiteSite
16842,24,15
timeStep,numberOfRobotsOnBlackSite,numberOfRobotsOnWhiteSite
16843,24,15
timeStep,numberOfRobotsOnBlackSite,numberOfRobotsOnWhiteSite
16844,24,15
timeStep,numberOfRobotsOnBlackSite,numberOfRobotsOnWhiteSite
16845,24,15
timeStep,numberOfRobotsOnBlackSite,numberOfRobotsOnWhiteSite
16846,24,15
timeStep,numberOfRobotsOnBlackSite,numberOfRobotsOnWhiteSite
16847,24,15
timeStep,numberOfRobotsOnBlackSite,numberOfRobotsOnWhiteSite
16848,24,15
timeStep,numberOfRobotsOnBlackSite,numberOfRobotsOnWhiteSite
16849,24,15
timeStep,numberOfRobotsOnBlackSite,numberOfRobotsOnWhiteSite
16850,24,15
timeStep,numberOfRobotsOnBlackSite,numberOfRobotsOnWhiteSite
16851,24,15
timeStep,numberOfRobotsOnBlackSite,numberOfRobotsOnWhiteSite
16852,24,15
timeStep,numberOfRobotsOnBlackSite,numberOfRobotsOnWhiteSite
16853,24,15
timeStep,numberOfRobotsOnBlackSite,numberOfRobotsOnWhiteSite
16854,24,15
timeStep,numberOfRobotsOnBlackSite,numberOfRobotsOnWhiteSite
16855,24,15
timeStep,numberOfRobotsOnBlackSite,numberOfRobotsOnWhiteSite
16856,24,15
timeStep,numberOfRobotsOnBlackSite,numberOfRobotsOnWhiteSite
16857,24,15
timeStep,numberOfRobotsOnBlackSite,numberOfRobotsOnWhiteSite
16858,24,15
timeStep,numberOfRobotsOnBlackSite,numberOfRobotsOnWhiteSite
16859,24,15
timeStep,numberOfRobotsOnBlackSite,numberOfRobotsOnWhiteSite
16860,23,15
timeStep,numberOfRobotsOnBlackSite,numberOfRobotsOnWhiteSite
16861,23,15
timeStep,numberOfRobotsOnBlackSite,numberOfRobotsOnWhiteSite
16862,23,15
timeStep,numberOfRobotsOnBlackSite,numberOfRobotsOnWhiteSite
16863,23,15
timeStep,numberOfRobotsOnBlackSite,numberOfRobotsOnWhiteSite
16864,23,15
timeStep,numberOfRobotsOnBlackSite,numberOfRobotsOnWhiteSite
16865,23,15
timeStep,numberOfRobotsOnBlackSite,numberOfRobotsOnWhiteSite
16866,23,15
timeStep,numberOfRobotsOnBlackSite,numberOfRobotsOnWhiteSite
16867,23,15
timeStep,numberOfRobotsOnBlackSite,numberOfRobotsOnWhiteSite
16868,23,15
timeStep,numberOfRobotsOnBlackSite,numberOfRobotsOnWhiteSite
16869,23,15
timeStep,numberOfRobotsOnBlackSite,numberOfRobotsOnWhiteSite
16870,23,15
timeStep,numberOfRobotsOnBlackSite,numberOfRobotsOnWhiteSite
16871,23,15
timeStep,numberOfRobotsOnBlackSite,numberOfRobotsOnWhiteSite
16872,23,15
timeStep,numberOfRobotsOnBlackSite,numberOfRobotsOnWhiteSite
16873,23,15
timeStep,numberOfRobotsOnBlackSite,numberOfRobotsOnWhiteSite
16874,23,15
timeStep,numberOfRobotsOnBlackSite,numberOfRobotsOnWhiteSite
16875,23,15
timeStep,numberOfRobotsOnBlackSite,numberOfRobotsOnWhiteSite
16876,23,15
timeStep,numberOfRobotsOnBlackSite,numberOfRobotsOnWhiteSite
16877,23,15
timeStep,numberOfRobotsOnBlackSite,numberOfRobotsOnWhiteSite
16878,23,15
timeStep,numberOfRobotsOnBlackSite,numberOfRobotsOnWhiteSite
16879,23,15
timeStep,numberOfRobotsOnBlackSite,numberOfRobotsOnWhiteSite
16880,23,15
timeStep,numberOfRobotsOnBlackSite,numberOfRobotsOnWhiteSite
16881,23,15
timeStep,numberOfRobotsOnBlackSite,numberOfRobotsOnWhiteSite
16882,23,15
timeStep,numberOfRobotsOnBlackSite,numberOfRobotsOnWhiteSite
16883,23,15
timeStep,numberOfRobotsOnBlackSite,numberOfRobotsOnWhiteSite
16884,23,15
timeStep,numberOfRobotsOnBlackSite,numberOfRobotsOnWhiteSite
16885,22,15
timeStep,numberOfRobotsOnBlackSite,numberOfRobotsOnWhiteSite
16886,22,15
timeStep,numberOfRobotsOnBlackSite,numberOfRobotsOnWhiteSite
16887,22,15
timeStep,numberOfRobotsOnBlackSite,numberOfRobotsOnWhiteSite
16888,22,15
timeStep,numberOfRobotsOnBlackSite,numberOfRobotsOnWhiteSite
16889,22,15
timeStep,numberOfRobotsOnBlackSite,numberOfRobotsOnWhiteSite
16890,22,16
timeStep,numberOfRobotsOnBlackSite,numberOfRobotsOnWhiteSite
16891,22,16
timeStep,numberOfRobotsOnBlackSite,numberOfRobotsOnWhiteSite
16892,22,16
timeStep,numberOfRobotsOnBlackSite,numberOfRobotsOnWhiteSite
16893,22,16
timeStep,numberOfRobotsOnBlackSite,numberOfRobotsOnWhiteSite
16894,22,16
timeStep,numberOfRobotsOnBlackSite,numberOfRobotsOnWhiteSite
16895,22,16
timeStep,numberOfRobotsOnBlackSite,numberOfRobotsOnWhiteSite
16896,22,16
timeStep,numberOfRobotsOnBlackSite,numberOfRobotsOnWhiteSite
16897,22,16
timeStep,numberOfRobotsOnBlackSite,numberOfRobotsOnWhiteSite
16898,22,16
timeStep,numberOfRobotsOnBlackSite,numberOfRobotsOnWhiteSite
16899,22,16
timeStep,numberOfRobotsOnBlackSite,numberOfRobotsOnWhiteSite
16900,22,16
timeStep,numberOfRobotsOnBlackSite,numberOfRobotsOnWhiteSite
16901,22,16
timeStep,numberOfRobotsOnBlackSite,numberOfRobotsOnWhiteSite
16902,22,16
timeStep,numberOfRobotsOnBlackSite,numberOfRobotsOnWhiteSite
16903,22,16
timeStep,numberOfRobotsOnBlackSite,numberOfRobotsOnWhiteSite
16904,22,16
timeStep,numberOfRobotsOnBlackSite,numberOfRobotsOnWhiteSite
16905,22,16
timeStep,numberOfRobotsOnBlackSite,numberOfRobotsOnWhiteSite
16906,22,16
timeStep,numberOfRobotsOnBlackSite,numberOfRobotsOnWhiteSite
16907,22,16
timeStep,numberOfRobotsOnBlackSite,numberOfRobotsOnWhiteSite
16908,22,16
timeStep,numberOfRobotsOnBlackSite,numberOfRobotsOnWhiteSite
16909,22,16
timeStep,numberOfRobotsOnBlackSite,numberOfRobotsOnWhiteSite
16910,22,16
timeStep,numberOfRobotsOnBlackSite,numberOfRobotsOnWhiteSite
16911,22,16
timeStep,numberOfRobotsOnBlackSite,numberOfRobotsOnWhiteSite
16912,22,16
timeStep,numberOfRobotsOnBlackSite,numberOfRobotsOnWhiteSite
16913,22,16
timeStep,numberOfRobotsOnBlackSite,numberOfRobotsOnWhiteSite
16914,22,16
timeStep,numberOfRobotsOnBlackSite,numberOfRobotsOnWhiteSite
16915,22,16
timeStep,numberOfRobotsOnBlackSite,numberOfRobotsOnWhiteSite
16916,22,16
timeStep,numberOfRobotsOnBlackSite,numberOfRobotsOnWhiteSite
16917,22,16
timeStep,numberOfRobotsOnBlackSite,numberOfRobotsOnWhiteSite
16918,22,16
timeStep,numberOfRobotsOnBlackSite,numberOfRobotsOnWhiteSite
16919,22,16
timeStep,numberOfRobotsOnBlackSite,numberOfRobotsOnWhiteSite
16920,22,16
timeStep,numberOfRobotsOnBlackSite,numberOfRobotsOnWhiteSite
16921,22,16
timeStep,numberOfRobotsOnBlackSite,numberOfRobotsOnWhiteSite
16922,22,16
timeStep,numberOfRobotsOnBlackSite,numberOfRobotsOnWhiteSite
16923,22,16
timeStep,numberOfRobotsOnBlackSite,numberOfRobotsOnWhiteSite
16924,22,16
timeStep,numberOfRobotsOnBlackSite,numberOfRobotsOnWhiteSite
16925,22,16
timeStep,numberOfRobotsOnBlackSite,numberOfRobotsOnWhiteSite
16926,22,16
timeStep,numberOfRobotsOnBlackSite,numberOfRobotsOnWhiteSite
16927,22,16
timeStep,numberOfRobotsOnBlackSite,numberOfRobotsOnWhiteSite
16928,22,16
timeStep,numberOfRobotsOnBlackSite,numberOfRobotsOnWhiteSite
16929,22,16
timeStep,numberOfRobotsOnBlackSite,numberOfRobotsOnWhiteSite
16930,22,16
timeStep,numberOfRobotsOnBlackSite,numberOfRobotsOnWhiteSite
16931,22,16
timeStep,numberOfRobotsOnBlackSite,numberOfRobotsOnWhiteSite
16932,22,16
timeStep,numberOfRobotsOnBlackSite,numberOfRobotsOnWhiteSite
16933,22,16
timeStep,numberOfRobotsOnBlackSite,numberOfRobotsOnWhiteSite
16934,22,16
timeStep,numberOfRobotsOnBlackSite,numberOfRobotsOnWhiteSite
16935,22,16
timeStep,numberOfRobotsOnBlackSite,numberOfRobotsOnWhiteSite
16936,22,16
timeStep,numberOfRobotsOnBlackSite,numberOfRobotsOnWhiteSite
16937,22,16
timeStep,numberOfRobotsOnBlackSite,numberOfRobotsOnWhiteSite
16938,22,16
timeStep,numberOfRobotsOnBlackSite,numberOfRobotsOnWhiteSite
16939,22,16
timeStep,numberOfRobotsOnBlackSite,numberOfRobotsOnWhiteSite
16940,22,16
timeStep,numberOfRobotsOnBlackSite,numberOfRobotsOnWhiteSite
16941,22,16
timeStep,numberOfRobotsOnBlackSite,numberOfRobotsOnWhiteSite
16942,22,16
timeStep,numberOfRobotsOnBlackSite,numberOfRobotsOnWhiteSite
16943,22,16
timeStep,numberOfRobotsOnBlackSite,numberOfRobotsOnWhiteSite
16944,22,16
timeStep,numberOfRobotsOnBlackSite,numberOfRobotsOnWhiteSite
16945,22,16
timeStep,numberOfRobotsOnBlackSite,numberOfRobotsOnWhiteSite
16946,22,16
timeStep,numberOfRobotsOnBlackSite,numberOfRobotsOnWhiteSite
16947,22,16
timeStep,numberOfRobotsOnBlackSite,numberOfRobotsOnWhiteSite
16948,22,16
timeStep,numberOfRobotsOnBlackSite,numberOfRobotsOnWhiteSite
16949,22,16
timeStep,numberOfRobotsOnBlackSite,numberOfRobotsOnWhiteSite
16950,22,15
timeStep,numberOfRobotsOnBlackSite,numberOfRobotsOnWhiteSite
16951,22,15
timeStep,numberOfRobotsOnBlackSite,numberOfRobotsOnWhiteSite
16952,22,15
timeStep,numberOfRobotsOnBlackSite,numberOfRobotsOnWhiteSite
16953,22,15
timeStep,numberOfRobotsOnBlackSite,numberOfRobotsOnWhiteSite
16954,22,15
timeStep,numberOfRobotsOnBlackSite,numberOfRobotsOnWhiteSite
16955,22,15
timeStep,numberOfRobotsOnBlackSite,numberOfRobotsOnWhiteSite
16956,22,15
timeStep,numberOfRobotsOnBlackSite,numberOfRobotsOnWhiteSite
16957,22,15
timeStep,numberOfRobotsOnBlackSite,numberOfRobotsOnWhiteSite
16958,22,15
timeStep,numberOfRobotsOnBlackSite,numberOfRobotsOnWhiteSite
16959,22,15
timeStep,numberOfRobotsOnBlackSite,numberOfRobotsOnWhiteSite
16960,22,15
timeStep,numberOfRobotsOnBlackSite,numberOfRobotsOnWhiteSite
16961,22,15
timeStep,numberOfRobotsOnBlackSite,numberOfRobotsOnWhiteSite
16962,22,15
timeStep,numberOfRobotsOnBlackSite,numberOfRobotsOnWhiteSite
16963,22,15
timeStep,numberOfRobotsOnBlackSite,numberOfRobotsOnWhiteSite
16964,22,15
timeStep,numberOfRobotsOnBlackSite,numberOfRobotsOnWhiteSite
16965,22,15
timeStep,numberOfRobotsOnBlackSite,numberOfRobotsOnWhiteSite
16966,22,15
timeStep,numberOfRobotsOnBlackSite,numberOfRobotsOnWhiteSite
16967,22,15
timeStep,numberOfRobotsOnBlackSite,numberOfRobotsOnWhiteSite
16968,22,15
timeStep,numberOfRobotsOnBlackSite,numberOfRobotsOnWhiteSite
16969,22,15
timeStep,numberOfRobotsOnBlackSite,numberOfRobotsOnWhiteSite
16970,22,15
timeStep,numberOfRobotsOnBlackSite,numberOfRobotsOnWhiteSite
16971,22,15
timeStep,numberOfRobotsOnBlackSite,numberOfRobotsOnWhiteSite
16972,22,15
timeStep,numberOfRobotsOnBlackSite,numberOfRobotsOnWhiteSite
16973,22,15
timeStep,numberOfRobotsOnBlackSite,numberOfRobotsOnWhiteSite
16974,22,15
timeStep,numberOfRobotsOnBlackSite,numberOfRobotsOnWhiteSite
16975,22,15
timeStep,numberOfRobotsOnBlackSite,numberOfRobotsOnWhiteSite
16976,22,15
timeStep,numberOfRobotsOnBlackSite,numberOfRobotsOnWhiteSite
16977,22,15
timeStep,numberOfRobotsOnBlackSite,numberOfRobotsOnWhiteSite
16978,22,15
timeStep,numberOfRobotsOnBlackSite,numberOfRobotsOnWhiteSite
16979,22,15
timeStep,numberOfRobotsOnBlackSite,numberOfRobotsOnWhiteSite
16980,22,15
timeStep,numberOfRobotsOnBlackSite,numberOfRobotsOnWhiteSite
16981,22,15
timeStep,numberOfRobotsOnBlackSite,numberOfRobotsOnWhiteSite
16982,22,15
timeStep,numberOfRobotsOnBlackSite,numberOfRobotsOnWhiteSite
16983,22,15
timeStep,numberOfRobotsOnBlackSite,numberOfRobotsOnWhiteSite
16984,22,15
timeStep,numberOfRobotsOnBlackSite,numberOfRobotsOnWhiteSite
16985,22,15
timeStep,numberOfRobotsOnBlackSite,numberOfRobotsOnWhiteSite
16986,22,15
timeStep,numberOfRobotsOnBlackSite,numberOfRobotsOnWhiteSite
16987,22,15
timeStep,numberOfRobotsOnBlackSite,numberOfRobotsOnWhiteSite
16988,22,15
timeStep,numberOfRobotsOnBlackSite,numberOfRobotsOnWhiteSite
16989,22,15
timeStep,numberOfRobotsOnBlackSite,numberOfRobotsOnWhiteSite
16990,22,15
timeStep,numberOfRobotsOnBlackSite,numberOfRobotsOnWhiteSite
16991,22,15
timeStep,numberOfRobotsOnBlackSite,numberOfRobotsOnWhiteSite
16992,22,15
timeStep,numberOfRobotsOnBlackSite,numberOfRobotsOnWhiteSite
16993,22,15
timeStep,numberOfRobotsOnBlackSite,numberOfRobotsOnWhiteSite
16994,22,15
timeStep,numberOfRobotsOnBlackSite,numberOfRobotsOnWhiteSite
16995,22,15
timeStep,numberOfRobotsOnBlackSite,numberOfRobotsOnWhiteSite
16996,22,15
timeStep,numberOfRobotsOnBlackSite,numberOfRobotsOnWhiteSite
16997,22,15
timeStep,numberOfRobotsOnBlackSite,numberOfRobotsOnWhiteSite
16998,22,15
timeStep,numberOfRobotsOnBlackSite,numberOfRobotsOnWhiteSite
16999,22,15
timeStep,numberOfRobotsOnBlackSite,numberOfRobotsOnWhiteSite
17000,22,15
timeStep,numberOfRobotsOnBlackSite,numberOfRobotsOnWhiteSite
17001,22,15
timeStep,numberOfRobotsOnBlackSite,numberOfRobotsOnWhiteSite
17002,22,15
timeStep,numberOfRobotsOnBlackSite,numberOfRobotsOnWhiteSite
17003,22,15
timeStep,numberOfRobotsOnBlackSite,numberOfRobotsOnWhiteSite
17004,22,15
timeStep,numberOfRobotsOnBlackSite,numberOfRobotsOnWhiteSite
17005,22,15
timeStep,numberOfRobotsOnBlackSite,numberOfRobotsOnWhiteSite
17006,22,15
timeStep,numberOfRobotsOnBlackSite,numberOfRobotsOnWhiteSite
17007,22,15
timeStep,numberOfRobotsOnBlackSite,numberOfRobotsOnWhiteSite
17008,22,15
timeStep,numberOfRobotsOnBlackSite,numberOfRobotsOnWhiteSite
17009,22,15
timeStep,numberOfRobotsOnBlackSite,numberOfRobotsOnWhiteSite
17010,22,15
timeStep,numberOfRobotsOnBlackSite,numberOfRobotsOnWhiteSite
17011,22,15
timeStep,numberOfRobotsOnBlackSite,numberOfRobotsOnWhiteSite
17012,22,15
timeStep,numberOfRobotsOnBlackSite,numberOfRobotsOnWhiteSite
17013,22,15
timeStep,numberOfRobotsOnBlackSite,numberOfRobotsOnWhiteSite
17014,22,15
timeStep,numberOfRobotsOnBlackSite,numberOfRobotsOnWhiteSite
17015,22,15
timeStep,numberOfRobotsOnBlackSite,numberOfRobotsOnWhiteSite
17016,22,15
timeStep,numberOfRobotsOnBlackSite,numberOfRobotsOnWhiteSite
17017,22,15
timeStep,numberOfRobotsOnBlackSite,numberOfRobotsOnWhiteSite
17018,22,15
timeStep,numberOfRobotsOnBlackSite,numberOfRobotsOnWhiteSite
17019,22,15
timeStep,numberOfRobotsOnBlackSite,numberOfRobotsOnWhiteSite
17020,22,16
timeStep,numberOfRobotsOnBlackSite,numberOfRobotsOnWhiteSite
17021,22,16
timeStep,numberOfRobotsOnBlackSite,numberOfRobotsOnWhiteSite
17022,22,16
timeStep,numberOfRobotsOnBlackSite,numberOfRobotsOnWhiteSite
17023,22,16
timeStep,numberOfRobotsOnBlackSite,numberOfRobotsOnWhiteSite
17024,22,16
timeStep,numberOfRobotsOnBlackSite,numberOfRobotsOnWhiteSite
17025,22,16
timeStep,numberOfRobotsOnBlackSite,numberOfRobotsOnWhiteSite
17026,22,16
timeStep,numberOfRobotsOnBlackSite,numberOfRobotsOnWhiteSite
17027,22,16
timeStep,numberOfRobotsOnBlackSite,numberOfRobotsOnWhiteSite
17028,22,16
timeStep,numberOfRobotsOnBlackSite,numberOfRobotsOnWhiteSite
17029,22,16
timeStep,numberOfRobotsOnBlackSite,numberOfRobotsOnWhiteSite
17030,22,17
timeStep,numberOfRobotsOnBlackSite,numberOfRobotsOnWhiteSite
17031,22,17
timeStep,numberOfRobotsOnBlackSite,numberOfRobotsOnWhiteSite
17032,22,17
timeStep,numberOfRobotsOnBlackSite,numberOfRobotsOnWhiteSite
17033,22,17
timeStep,numberOfRobotsOnBlackSite,numberOfRobotsOnWhiteSite
17034,22,17
timeStep,numberOfRobotsOnBlackSite,numberOfRobotsOnWhiteSite
17035,22,17
timeStep,numberOfRobotsOnBlackSite,numberOfRobotsOnWhiteSite
17036,22,17
timeStep,numberOfRobotsOnBlackSite,numberOfRobotsOnWhiteSite
17037,22,17
timeStep,numberOfRobotsOnBlackSite,numberOfRobotsOnWhiteSite
17038,22,17
timeStep,numberOfRobotsOnBlackSite,numberOfRobotsOnWhiteSite
17039,22,17
timeStep,numberOfRobotsOnBlackSite,numberOfRobotsOnWhiteSite
17040,22,17
timeStep,numberOfRobotsOnBlackSite,numberOfRobotsOnWhiteSite
17041,22,17
timeStep,numberOfRobotsOnBlackSite,numberOfRobotsOnWhiteSite
17042,22,17
timeStep,numberOfRobotsOnBlackSite,numberOfRobotsOnWhiteSite
17043,22,17
timeStep,numberOfRobotsOnBlackSite,numberOfRobotsOnWhiteSite
17044,22,17
timeStep,numberOfRobotsOnBlackSite,numberOfRobotsOnWhiteSite
17045,22,16
timeStep,numberOfRobotsOnBlackSite,numberOfRobotsOnWhiteSite
17046,22,16
timeStep,numberOfRobotsOnBlackSite,numberOfRobotsOnWhiteSite
17047,22,16
timeStep,numberOfRobotsOnBlackSite,numberOfRobotsOnWhiteSite
17048,22,16
timeStep,numberOfRobotsOnBlackSite,numberOfRobotsOnWhiteSite
17049,22,16
timeStep,numberOfRobotsOnBlackSite,numberOfRobotsOnWhiteSite
17050,21,16
timeStep,numberOfRobotsOnBlackSite,numberOfRobotsOnWhiteSite
17051,21,16
timeStep,numberOfRobotsOnBlackSite,numberOfRobotsOnWhiteSite
17052,21,16
timeStep,numberOfRobotsOnBlackSite,numberOfRobotsOnWhiteSite
17053,21,16
timeStep,numberOfRobotsOnBlackSite,numberOfRobotsOnWhiteSite
17054,21,16
timeStep,numberOfRobotsOnBlackSite,numberOfRobotsOnWhiteSite
17055,21,16
timeStep,numberOfRobotsOnBlackSite,numberOfRobotsOnWhiteSite
17056,21,16
timeStep,numberOfRobotsOnBlackSite,numberOfRobotsOnWhiteSite
17057,21,16
timeStep,numberOfRobotsOnBlackSite,numberOfRobotsOnWhiteSite
17058,21,16
timeStep,numberOfRobotsOnBlackSite,numberOfRobotsOnWhiteSite
17059,21,16
timeStep,numberOfRobotsOnBlackSite,numberOfRobotsOnWhiteSite
17060,21,16
timeStep,numberOfRobotsOnBlackSite,numberOfRobotsOnWhiteSite
17061,21,16
timeStep,numberOfRobotsOnBlackSite,numberOfRobotsOnWhiteSite
17062,21,16
timeStep,numberOfRobotsOnBlackSite,numberOfRobotsOnWhiteSite
17063,21,16
timeStep,numberOfRobotsOnBlackSite,numberOfRobotsOnWhiteSite
17064,21,16
timeStep,numberOfRobotsOnBlackSite,numberOfRobotsOnWhiteSite
17065,21,16
timeStep,numberOfRobotsOnBlackSite,numberOfRobotsOnWhiteSite
17066,21,16
timeStep,numberOfRobotsOnBlackSite,numberOfRobotsOnWhiteSite
17067,21,16
timeStep,numberOfRobotsOnBlackSite,numberOfRobotsOnWhiteSite
17068,21,16
timeStep,numberOfRobotsOnBlackSite,numberOfRobotsOnWhiteSite
17069,21,16
timeStep,numberOfRobotsOnBlackSite,numberOfRobotsOnWhiteSite
17070,21,16
timeStep,numberOfRobotsOnBlackSite,numberOfRobotsOnWhiteSite
17071,21,16
timeStep,numberOfRobotsOnBlackSite,numberOfRobotsOnWhiteSite
17072,21,16
timeStep,numberOfRobotsOnBlackSite,numberOfRobotsOnWhiteSite
17073,21,16
timeStep,numberOfRobotsOnBlackSite,numberOfRobotsOnWhiteSite
17074,21,16
timeStep,numberOfRobotsOnBlackSite,numberOfRobotsOnWhiteSite
17075,21,16
timeStep,numberOfRobotsOnBlackSite,numberOfRobotsOnWhiteSite
17076,21,16
timeStep,numberOfRobotsOnBlackSite,numberOfRobotsOnWhiteSite
17077,21,16
timeStep,numberOfRobotsOnBlackSite,numberOfRobotsOnWhiteSite
17078,21,16
timeStep,numberOfRobotsOnBlackSite,numberOfRobotsOnWhiteSite
17079,21,16
timeStep,numberOfRobotsOnBlackSite,numberOfRobotsOnWhiteSite
17080,22,16
timeStep,numberOfRobotsOnBlackSite,numberOfRobotsOnWhiteSite
17081,22,16
timeStep,numberOfRobotsOnBlackSite,numberOfRobotsOnWhiteSite
17082,22,16
timeStep,numberOfRobotsOnBlackSite,numberOfRobotsOnWhiteSite
17083,22,16
timeStep,numberOfRobotsOnBlackSite,numberOfRobotsOnWhiteSite
17084,22,16
timeStep,numberOfRobotsOnBlackSite,numberOfRobotsOnWhiteSite
17085,23,17
timeStep,numberOfRobotsOnBlackSite,numberOfRobotsOnWhiteSite
17086,23,17
timeStep,numberOfRobotsOnBlackSite,numberOfRobotsOnWhiteSite
17087,23,17
timeStep,numberOfRobotsOnBlackSite,numberOfRobotsOnWhiteSite
17088,23,17
timeStep,numberOfRobotsOnBlackSite,numberOfRobotsOnWhiteSite
17089,23,17
timeStep,numberOfRobotsOnBlackSite,numberOfRobotsOnWhiteSite
17090,23,17
timeStep,numberOfRobotsOnBlackSite,numberOfRobotsOnWhiteSite
17091,23,17
timeStep,numberOfRobotsOnBlackSite,numberOfRobotsOnWhiteSite
17092,23,17
timeStep,numberOfRobotsOnBlackSite,numberOfRobotsOnWhiteSite
17093,23,17
timeStep,numberOfRobotsOnBlackSite,numberOfRobotsOnWhiteSite
17094,23,17
timeStep,numberOfRobotsOnBlackSite,numberOfRobotsOnWhiteSite
17095,23,17
timeStep,numberOfRobotsOnBlackSite,numberOfRobotsOnWhiteSite
17096,23,17
timeStep,numberOfRobotsOnBlackSite,numberOfRobotsOnWhiteSite
17097,23,17
timeStep,numberOfRobotsOnBlackSite,numberOfRobotsOnWhiteSite
17098,23,17
timeStep,numberOfRobotsOnBlackSite,numberOfRobotsOnWhiteSite
17099,23,17
timeStep,numberOfRobotsOnBlackSite,numberOfRobotsOnWhiteSite
17100,23,17
timeStep,numberOfRobotsOnBlackSite,numberOfRobotsOnWhiteSite
17101,23,17
timeStep,numberOfRobotsOnBlackSite,numberOfRobotsOnWhiteSite
17102,23,17
timeStep,numberOfRobotsOnBlackSite,numberOfRobotsOnWhiteSite
17103,23,17
timeStep,numberOfRobotsOnBlackSite,numberOfRobotsOnWhiteSite
17104,23,17
timeStep,numberOfRobotsOnBlackSite,numberOfRobotsOnWhiteSite
17105,23,17
timeStep,numberOfRobotsOnBlackSite,numberOfRobotsOnWhiteSite
17106,23,17
timeStep,numberOfRobotsOnBlackSite,numberOfRobotsOnWhiteSite
17107,23,17
timeStep,numberOfRobotsOnBlackSite,numberOfRobotsOnWhiteSite
17108,23,17
timeStep,numberOfRobotsOnBlackSite,numberOfRobotsOnWhiteSite
17109,23,17
timeStep,numberOfRobotsOnBlackSite,numberOfRobotsOnWhiteSite
17110,23,17
timeStep,numberOfRobotsOnBlackSite,numberOfRobotsOnWhiteSite
17111,23,17
timeStep,numberOfRobotsOnBlackSite,numberOfRobotsOnWhiteSite
17112,23,17
timeStep,numberOfRobotsOnBlackSite,numberOfRobotsOnWhiteSite
17113,23,17
timeStep,numberOfRobotsOnBlackSite,numberOfRobotsOnWhiteSite
17114,23,17
timeStep,numberOfRobotsOnBlackSite,numberOfRobotsOnWhiteSite
17115,23,17
timeStep,numberOfRobotsOnBlackSite,numberOfRobotsOnWhiteSite
17116,23,17
timeStep,numberOfRobotsOnBlackSite,numberOfRobotsOnWhiteSite
17117,23,17
timeStep,numberOfRobotsOnBlackSite,numberOfRobotsOnWhiteSite
17118,23,17
timeStep,numberOfRobotsOnBlackSite,numberOfRobotsOnWhiteSite
17119,23,17
timeStep,numberOfRobotsOnBlackSite,numberOfRobotsOnWhiteSite
17120,23,17
timeStep,numberOfRobotsOnBlackSite,numberOfRobotsOnWhiteSite
17121,23,17
timeStep,numberOfRobotsOnBlackSite,numberOfRobotsOnWhiteSite
17122,23,17
timeStep,numberOfRobotsOnBlackSite,numberOfRobotsOnWhiteSite
17123,23,17
timeStep,numberOfRobotsOnBlackSite,numberOfRobotsOnWhiteSite
17124,23,17
timeStep,numberOfRobotsOnBlackSite,numberOfRobotsOnWhiteSite
17125,23,17
timeStep,numberOfRobotsOnBlackSite,numberOfRobotsOnWhiteSite
17126,23,17
timeStep,numberOfRobotsOnBlackSite,numberOfRobotsOnWhiteSite
17127,23,17
timeStep,numberOfRobotsOnBlackSite,numberOfRobotsOnWhiteSite
17128,23,17
timeStep,numberOfRobotsOnBlackSite,numberOfRobotsOnWhiteSite
17129,23,17
timeStep,numberOfRobotsOnBlackSite,numberOfRobotsOnWhiteSite
17130,23,17
timeStep,numberOfRobotsOnBlackSite,numberOfRobotsOnWhiteSite
17131,23,17
timeStep,numberOfRobotsOnBlackSite,numberOfRobotsOnWhiteSite
17132,23,17
timeStep,numberOfRobotsOnBlackSite,numberOfRobotsOnWhiteSite
17133,23,17
timeStep,numberOfRobotsOnBlackSite,numberOfRobotsOnWhiteSite
17134,23,17
timeStep,numberOfRobotsOnBlackSite,numberOfRobotsOnWhiteSite
17135,23,17
timeStep,numberOfRobotsOnBlackSite,numberOfRobotsOnWhiteSite
17136,23,17
timeStep,numberOfRobotsOnBlackSite,numberOfRobotsOnWhiteSite
17137,23,17
timeStep,numberOfRobotsOnBlackSite,numberOfRobotsOnWhiteSite
17138,23,17
timeStep,numberOfRobotsOnBlackSite,numberOfRobotsOnWhiteSite
17139,23,17
timeStep,numberOfRobotsOnBlackSite,numberOfRobotsOnWhiteSite
17140,23,17
timeStep,numberOfRobotsOnBlackSite,numberOfRobotsOnWhiteSite
17141,23,17
timeStep,numberOfRobotsOnBlackSite,numberOfRobotsOnWhiteSite
17142,23,17
timeStep,numberOfRobotsOnBlackSite,numberOfRobotsOnWhiteSite
17143,23,17
timeStep,numberOfRobotsOnBlackSite,numberOfRobotsOnWhiteSite
17144,23,17
timeStep,numberOfRobotsOnBlackSite,numberOfRobotsOnWhiteSite
17145,23,17
timeStep,numberOfRobotsOnBlackSite,numberOfRobotsOnWhiteSite
17146,23,17
timeStep,numberOfRobotsOnBlackSite,numberOfRobotsOnWhiteSite
17147,23,17
timeStep,numberOfRobotsOnBlackSite,numberOfRobotsOnWhiteSite
17148,23,17
timeStep,numberOfRobotsOnBlackSite,numberOfRobotsOnWhiteSite
17149,23,17
timeStep,numberOfRobotsOnBlackSite,numberOfRobotsOnWhiteSite
17150,23,17
timeStep,numberOfRobotsOnBlackSite,numberOfRobotsOnWhiteSite
17151,23,17
timeStep,numberOfRobotsOnBlackSite,numberOfRobotsOnWhiteSite
17152,23,17
timeStep,numberOfRobotsOnBlackSite,numberOfRobotsOnWhiteSite
17153,23,17
timeStep,numberOfRobotsOnBlackSite,numberOfRobotsOnWhiteSite
17154,23,17
timeStep,numberOfRobotsOnBlackSite,numberOfRobotsOnWhiteSite
17155,23,17
timeStep,numberOfRobotsOnBlackSite,numberOfRobotsOnWhiteSite
17156,23,17
timeStep,numberOfRobotsOnBlackSite,numberOfRobotsOnWhiteSite
17157,23,17
timeStep,numberOfRobotsOnBlackSite,numberOfRobotsOnWhiteSite
17158,23,17
timeStep,numberOfRobotsOnBlackSite,numberOfRobotsOnWhiteSite
17159,23,17
timeStep,numberOfRobotsOnBlackSite,numberOfRobotsOnWhiteSite
17160,23,17
timeStep,numberOfRobotsOnBlackSite,numberOfRobotsOnWhiteSite
17161,23,17
timeStep,numberOfRobotsOnBlackSite,numberOfRobotsOnWhiteSite
17162,23,17
timeStep,numberOfRobotsOnBlackSite,numberOfRobotsOnWhiteSite
17163,23,17
timeStep,numberOfRobotsOnBlackSite,numberOfRobotsOnWhiteSite
17164,23,17
timeStep,numberOfRobotsOnBlackSite,numberOfRobotsOnWhiteSite
17165,23,17
timeStep,numberOfRobotsOnBlackSite,numberOfRobotsOnWhiteSite
17166,23,17
timeStep,numberOfRobotsOnBlackSite,numberOfRobotsOnWhiteSite
17167,23,17
timeStep,numberOfRobotsOnBlackSite,numberOfRobotsOnWhiteSite
17168,23,17
timeStep,numberOfRobotsOnBlackSite,numberOfRobotsOnWhiteSite
17169,23,17
timeStep,numberOfRobotsOnBlackSite,numberOfRobotsOnWhiteSite
17170,22,17
timeStep,numberOfRobotsOnBlackSite,numberOfRobotsOnWhiteSite
17171,22,17
timeStep,numberOfRobotsOnBlackSite,numberOfRobotsOnWhiteSite
17172,22,17
timeStep,numberOfRobotsOnBlackSite,numberOfRobotsOnWhiteSite
17173,22,17
timeStep,numberOfRobotsOnBlackSite,numberOfRobotsOnWhiteSite
17174,22,17
timeStep,numberOfRobotsOnBlackSite,numberOfRobotsOnWhiteSite
17175,22,17
timeStep,numberOfRobotsOnBlackSite,numberOfRobotsOnWhiteSite
17176,22,17
timeStep,numberOfRobotsOnBlackSite,numberOfRobotsOnWhiteSite
17177,22,17
timeStep,numberOfRobotsOnBlackSite,numberOfRobotsOnWhiteSite
17178,22,17
timeStep,numberOfRobotsOnBlackSite,numberOfRobotsOnWhiteSite
17179,22,17
timeStep,numberOfRobotsOnBlackSite,numberOfRobotsOnWhiteSite
17180,22,17
timeStep,numberOfRobotsOnBlackSite,numberOfRobotsOnWhiteSite
17181,22,17
timeStep,numberOfRobotsOnBlackSite,numberOfRobotsOnWhiteSite
17182,22,17
timeStep,numberOfRobotsOnBlackSite,numberOfRobotsOnWhiteSite
17183,22,17
timeStep,numberOfRobotsOnBlackSite,numberOfRobotsOnWhiteSite
17184,22,17
timeStep,numberOfRobotsOnBlackSite,numberOfRobotsOnWhiteSite
17185,22,17
timeStep,numberOfRobotsOnBlackSite,numberOfRobotsOnWhiteSite
17186,22,17
timeStep,numberOfRobotsOnBlackSite,numberOfRobotsOnWhiteSite
17187,22,17
timeStep,numberOfRobotsOnBlackSite,numberOfRobotsOnWhiteSite
17188,22,17
timeStep,numberOfRobotsOnBlackSite,numberOfRobotsOnWhiteSite
17189,22,17
timeStep,numberOfRobotsOnBlackSite,numberOfRobotsOnWhiteSite
17190,22,17
timeStep,numberOfRobotsOnBlackSite,numberOfRobotsOnWhiteSite
17191,22,17
timeStep,numberOfRobotsOnBlackSite,numberOfRobotsOnWhiteSite
17192,22,17
timeStep,numberOfRobotsOnBlackSite,numberOfRobotsOnWhiteSite
17193,22,17
timeStep,numberOfRobotsOnBlackSite,numberOfRobotsOnWhiteSite
17194,22,17
timeStep,numberOfRobotsOnBlackSite,numberOfRobotsOnWhiteSite
17195,22,17
timeStep,numberOfRobotsOnBlackSite,numberOfRobotsOnWhiteSite
17196,22,17
timeStep,numberOfRobotsOnBlackSite,numberOfRobotsOnWhiteSite
17197,22,17
timeStep,numberOfRobotsOnBlackSite,numberOfRobotsOnWhiteSite
17198,22,17
timeStep,numberOfRobotsOnBlackSite,numberOfRobotsOnWhiteSite
17199,22,17
timeStep,numberOfRobotsOnBlackSite,numberOfRobotsOnWhiteSite
17200,22,17
timeStep,numberOfRobotsOnBlackSite,numberOfRobotsOnWhiteSite
17201,22,17
timeStep,numberOfRobotsOnBlackSite,numberOfRobotsOnWhiteSite
17202,22,17
timeStep,numberOfRobotsOnBlackSite,numberOfRobotsOnWhiteSite
17203,22,17
timeStep,numberOfRobotsOnBlackSite,numberOfRobotsOnWhiteSite
17204,22,17
timeStep,numberOfRobotsOnBlackSite,numberOfRobotsOnWhiteSite
17205,22,17
timeStep,numberOfRobotsOnBlackSite,numberOfRobotsOnWhiteSite
17206,22,17
timeStep,numberOfRobotsOnBlackSite,numberOfRobotsOnWhiteSite
17207,22,17
timeStep,numberOfRobotsOnBlackSite,numberOfRobotsOnWhiteSite
17208,22,17
timeStep,numberOfRobotsOnBlackSite,numberOfRobotsOnWhiteSite
17209,22,17
timeStep,numberOfRobotsOnBlackSite,numberOfRobotsOnWhiteSite
17210,22,17
timeStep,numberOfRobotsOnBlackSite,numberOfRobotsOnWhiteSite
17211,22,17
timeStep,numberOfRobotsOnBlackSite,numberOfRobotsOnWhiteSite
17212,22,17
timeStep,numberOfRobotsOnBlackSite,numberOfRobotsOnWhiteSite
17213,22,17
timeStep,numberOfRobotsOnBlackSite,numberOfRobotsOnWhiteSite
17214,22,17
timeStep,numberOfRobotsOnBlackSite,numberOfRobotsOnWhiteSite
17215,22,17
timeStep,numberOfRobotsOnBlackSite,numberOfRobotsOnWhiteSite
17216,22,17
timeStep,numberOfRobotsOnBlackSite,numberOfRobotsOnWhiteSite
17217,22,17
timeStep,numberOfRobotsOnBlackSite,numberOfRobotsOnWhiteSite
17218,22,17
timeStep,numberOfRobotsOnBlackSite,numberOfRobotsOnWhiteSite
17219,22,17
timeStep,numberOfRobotsOnBlackSite,numberOfRobotsOnWhiteSite
17220,22,17
timeStep,numberOfRobotsOnBlackSite,numberOfRobotsOnWhiteSite
17221,22,17
timeStep,numberOfRobotsOnBlackSite,numberOfRobotsOnWhiteSite
17222,22,17
timeStep,numberOfRobotsOnBlackSite,numberOfRobotsOnWhiteSite
17223,22,17
timeStep,numberOfRobotsOnBlackSite,numberOfRobotsOnWhiteSite
17224,22,17
timeStep,numberOfRobotsOnBlackSite,numberOfRobotsOnWhiteSite
17225,22,17
timeStep,numberOfRobotsOnBlackSite,numberOfRobotsOnWhiteSite
17226,22,17
timeStep,numberOfRobotsOnBlackSite,numberOfRobotsOnWhiteSite
17227,22,17
timeStep,numberOfRobotsOnBlackSite,numberOfRobotsOnWhiteSite
17228,22,17
timeStep,numberOfRobotsOnBlackSite,numberOfRobotsOnWhiteSite
17229,22,17
timeStep,numberOfRobotsOnBlackSite,numberOfRobotsOnWhiteSite
17230,22,17
timeStep,numberOfRobotsOnBlackSite,numberOfRobotsOnWhiteSite
17231,22,17
timeStep,numberOfRobotsOnBlackSite,numberOfRobotsOnWhiteSite
17232,22,17
timeStep,numberOfRobotsOnBlackSite,numberOfRobotsOnWhiteSite
17233,22,17
timeStep,numberOfRobotsOnBlackSite,numberOfRobotsOnWhiteSite
17234,22,17
timeStep,numberOfRobotsOnBlackSite,numberOfRobotsOnWhiteSite
17235,22,17
timeStep,numberOfRobotsOnBlackSite,numberOfRobotsOnWhiteSite
17236,22,17
timeStep,numberOfRobotsOnBlackSite,numberOfRobotsOnWhiteSite
17237,22,17
timeStep,numberOfRobotsOnBlackSite,numberOfRobotsOnWhiteSite
17238,22,17
timeStep,numberOfRobotsOnBlackSite,numberOfRobotsOnWhiteSite
17239,22,17
timeStep,numberOfRobotsOnBlackSite,numberOfRobotsOnWhiteSite
17240,22,17
timeStep,numberOfRobotsOnBlackSite,numberOfRobotsOnWhiteSite
17241,22,17
timeStep,numberOfRobotsOnBlackSite,numberOfRobotsOnWhiteSite
17242,22,17
timeStep,numberOfRobotsOnBlackSite,numberOfRobotsOnWhiteSite
17243,22,17
timeStep,numberOfRobotsOnBlackSite,numberOfRobotsOnWhiteSite
17244,22,17
timeStep,numberOfRobotsOnBlackSite,numberOfRobotsOnWhiteSite
17245,22,17
timeStep,numberOfRobotsOnBlackSite,numberOfRobotsOnWhiteSite
17246,22,17
timeStep,numberOfRobotsOnBlackSite,numberOfRobotsOnWhiteSite
17247,22,17
timeStep,numberOfRobotsOnBlackSite,numberOfRobotsOnWhiteSite
17248,22,17
timeStep,numberOfRobotsOnBlackSite,numberOfRobotsOnWhiteSite
17249,22,17
timeStep,numberOfRobotsOnBlackSite,numberOfRobotsOnWhiteSite
17250,22,17
timeStep,numberOfRobotsOnBlackSite,numberOfRobotsOnWhiteSite
17251,22,17
timeStep,numberOfRobotsOnBlackSite,numberOfRobotsOnWhiteSite
17252,22,17
timeStep,numberOfRobotsOnBlackSite,numberOfRobotsOnWhiteSite
17253,22,17
timeStep,numberOfRobotsOnBlackSite,numberOfRobotsOnWhiteSite
17254,22,17
timeStep,numberOfRobotsOnBlackSite,numberOfRobotsOnWhiteSite
17255,22,17
timeStep,numberOfRobotsOnBlackSite,numberOfRobotsOnWhiteSite
17256,22,17
timeStep,numberOfRobotsOnBlackSite,numberOfRobotsOnWhiteSite
17257,22,17
timeStep,numberOfRobotsOnBlackSite,numberOfRobotsOnWhiteSite
17258,22,17
timeStep,numberOfRobotsOnBlackSite,numberOfRobotsOnWhiteSite
17259,22,17
timeStep,numberOfRobotsOnBlackSite,numberOfRobotsOnWhiteSite
17260,22,17
timeStep,numberOfRobotsOnBlackSite,numberOfRobotsOnWhiteSite
17261,22,17
timeStep,numberOfRobotsOnBlackSite,numberOfRobotsOnWhiteSite
17262,22,17
timeStep,numberOfRobotsOnBlackSite,numberOfRobotsOnWhiteSite
17263,22,17
timeStep,numberOfRobotsOnBlackSite,numberOfRobotsOnWhiteSite
17264,22,17
timeStep,numberOfRobotsOnBlackSite,numberOfRobotsOnWhiteSite
17265,22,17
timeStep,numberOfRobotsOnBlackSite,numberOfRobotsOnWhiteSite
17266,22,17
timeStep,numberOfRobotsOnBlackSite,numberOfRobotsOnWhiteSite
17267,22,17
timeStep,numberOfRobotsOnBlackSite,numberOfRobotsOnWhiteSite
17268,22,17
timeStep,numberOfRobotsOnBlackSite,numberOfRobotsOnWhiteSite
17269,22,17
timeStep,numberOfRobotsOnBlackSite,numberOfRobotsOnWhiteSite
17270,22,17
timeStep,numberOfRobotsOnBlackSite,numberOfRobotsOnWhiteSite
17271,22,17
timeStep,numberOfRobotsOnBlackSite,numberOfRobotsOnWhiteSite
17272,22,17
timeStep,numberOfRobotsOnBlackSite,numberOfRobotsOnWhiteSite
17273,22,17
timeStep,numberOfRobotsOnBlackSite,numberOfRobotsOnWhiteSite
17274,22,17
timeStep,numberOfRobotsOnBlackSite,numberOfRobotsOnWhiteSite
17275,22,17
timeStep,numberOfRobotsOnBlackSite,numberOfRobotsOnWhiteSite
17276,22,17
timeStep,numberOfRobotsOnBlackSite,numberOfRobotsOnWhiteSite
17277,22,17
timeStep,numberOfRobotsOnBlackSite,numberOfRobotsOnWhiteSite
17278,22,17
timeStep,numberOfRobotsOnBlackSite,numberOfRobotsOnWhiteSite
17279,22,17
timeStep,numberOfRobotsOnBlackSite,numberOfRobotsOnWhiteSite
17280,22,17
timeStep,numberOfRobotsOnBlackSite,numberOfRobotsOnWhiteSite
17281,22,17
timeStep,numberOfRobotsOnBlackSite,numberOfRobotsOnWhiteSite
17282,22,17
timeStep,numberOfRobotsOnBlackSite,numberOfRobotsOnWhiteSite
17283,22,17
timeStep,numberOfRobotsOnBlackSite,numberOfRobotsOnWhiteSite
17284,22,17
timeStep,numberOfRobotsOnBlackSite,numberOfRobotsOnWhiteSite
17285,22,17
timeStep,numberOfRobotsOnBlackSite,numberOfRobotsOnWhiteSite
17286,22,17
timeStep,numberOfRobotsOnBlackSite,numberOfRobotsOnWhiteSite
17287,22,17
timeStep,numberOfRobotsOnBlackSite,numberOfRobotsOnWhiteSite
17288,22,17
timeStep,numberOfRobotsOnBlackSite,numberOfRobotsOnWhiteSite
17289,22,17
timeStep,numberOfRobotsOnBlackSite,numberOfRobotsOnWhiteSite
17290,22,17
timeStep,numberOfRobotsOnBlackSite,numberOfRobotsOnWhiteSite
17291,22,17
timeStep,numberOfRobotsOnBlackSite,numberOfRobotsOnWhiteSite
17292,22,17
timeStep,numberOfRobotsOnBlackSite,numberOfRobotsOnWhiteSite
17293,22,17
timeStep,numberOfRobotsOnBlackSite,numberOfRobotsOnWhiteSite
17294,22,17
timeStep,numberOfRobotsOnBlackSite,numberOfRobotsOnWhiteSite
17295,22,17
timeStep,numberOfRobotsOnBlackSite,numberOfRobotsOnWhiteSite
17296,22,17
timeStep,numberOfRobotsOnBlackSite,numberOfRobotsOnWhiteSite
17297,22,17
timeStep,numberOfRobotsOnBlackSite,numberOfRobotsOnWhiteSite
17298,22,17
timeStep,numberOfRobotsOnBlackSite,numberOfRobotsOnWhiteSite
17299,22,17
timeStep,numberOfRobotsOnBlackSite,numberOfRobotsOnWhiteSite
17300,22,17
timeStep,numberOfRobotsOnBlackSite,numberOfRobotsOnWhiteSite
17301,22,17
timeStep,numberOfRobotsOnBlackSite,numberOfRobotsOnWhiteSite
17302,22,17
timeStep,numberOfRobotsOnBlackSite,numberOfRobotsOnWhiteSite
17303,22,17
timeStep,numberOfRobotsOnBlackSite,numberOfRobotsOnWhiteSite
17304,22,17
timeStep,numberOfRobotsOnBlackSite,numberOfRobotsOnWhiteSite
17305,22,17
timeStep,numberOfRobotsOnBlackSite,numberOfRobotsOnWhiteSite
17306,22,17
timeStep,numberOfRobotsOnBlackSite,numberOfRobotsOnWhiteSite
17307,22,17
timeStep,numberOfRobotsOnBlackSite,numberOfRobotsOnWhiteSite
17308,22,17
timeStep,numberOfRobotsOnBlackSite,numberOfRobotsOnWhiteSite
17309,22,17
timeStep,numberOfRobotsOnBlackSite,numberOfRobotsOnWhiteSite
17310,22,18
timeStep,numberOfRobotsOnBlackSite,numberOfRobotsOnWhiteSite
17311,22,18
timeStep,numberOfRobotsOnBlackSite,numberOfRobotsOnWhiteSite
17312,22,18
timeStep,numberOfRobotsOnBlackSite,numberOfRobotsOnWhiteSite
17313,22,18
timeStep,numberOfRobotsOnBlackSite,numberOfRobotsOnWhiteSite
17314,22,18
timeStep,numberOfRobotsOnBlackSite,numberOfRobotsOnWhiteSite
17315,22,18
timeStep,numberOfRobotsOnBlackSite,numberOfRobotsOnWhiteSite
17316,22,18
timeStep,numberOfRobotsOnBlackSite,numberOfRobotsOnWhiteSite
17317,22,18
timeStep,numberOfRobotsOnBlackSite,numberOfRobotsOnWhiteSite
17318,22,18
timeStep,numberOfRobotsOnBlackSite,numberOfRobotsOnWhiteSite
17319,22,18
timeStep,numberOfRobotsOnBlackSite,numberOfRobotsOnWhiteSite
17320,22,17
timeStep,numberOfRobotsOnBlackSite,numberOfRobotsOnWhiteSite
17321,22,17
timeStep,numberOfRobotsOnBlackSite,numberOfRobotsOnWhiteSite
17322,22,17
timeStep,numberOfRobotsOnBlackSite,numberOfRobotsOnWhiteSite
17323,22,17
timeStep,numberOfRobotsOnBlackSite,numberOfRobotsOnWhiteSite
17324,22,17
timeStep,numberOfRobotsOnBlackSite,numberOfRobotsOnWhiteSite
17325,22,17
timeStep,numberOfRobotsOnBlackSite,numberOfRobotsOnWhiteSite
17326,22,17
timeStep,numberOfRobotsOnBlackSite,numberOfRobotsOnWhiteSite
17327,22,17
timeStep,numberOfRobotsOnBlackSite,numberOfRobotsOnWhiteSite
17328,22,17
timeStep,numberOfRobotsOnBlackSite,numberOfRobotsOnWhiteSite
17329,22,17
timeStep,numberOfRobotsOnBlackSite,numberOfRobotsOnWhiteSite
17330,22,17
timeStep,numberOfRobotsOnBlackSite,numberOfRobotsOnWhiteSite
17331,22,17
timeStep,numberOfRobotsOnBlackSite,numberOfRobotsOnWhiteSite
17332,22,17
timeStep,numberOfRobotsOnBlackSite,numberOfRobotsOnWhiteSite
17333,22,17
timeStep,numberOfRobotsOnBlackSite,numberOfRobotsOnWhiteSite
17334,22,17
timeStep,numberOfRobotsOnBlackSite,numberOfRobotsOnWhiteSite
17335,22,17
timeStep,numberOfRobotsOnBlackSite,numberOfRobotsOnWhiteSite
17336,22,17
timeStep,numberOfRobotsOnBlackSite,numberOfRobotsOnWhiteSite
17337,22,17
timeStep,numberOfRobotsOnBlackSite,numberOfRobotsOnWhiteSite
17338,22,17
timeStep,numberOfRobotsOnBlackSite,numberOfRobotsOnWhiteSite
17339,22,17
timeStep,numberOfRobotsOnBlackSite,numberOfRobotsOnWhiteSite
17340,22,17
timeStep,numberOfRobotsOnBlackSite,numberOfRobotsOnWhiteSite
17341,22,17
timeStep,numberOfRobotsOnBlackSite,numberOfRobotsOnWhiteSite
17342,22,17
timeStep,numberOfRobotsOnBlackSite,numberOfRobotsOnWhiteSite
17343,22,17
timeStep,numberOfRobotsOnBlackSite,numberOfRobotsOnWhiteSite
17344,22,17
timeStep,numberOfRobotsOnBlackSite,numberOfRobotsOnWhiteSite
17345,22,17
timeStep,numberOfRobotsOnBlackSite,numberOfRobotsOnWhiteSite
17346,22,17
timeStep,numberOfRobotsOnBlackSite,numberOfRobotsOnWhiteSite
17347,22,17
timeStep,numberOfRobotsOnBlackSite,numberOfRobotsOnWhiteSite
17348,22,17
timeStep,numberOfRobotsOnBlackSite,numberOfRobotsOnWhiteSite
17349,22,17
timeStep,numberOfRobotsOnBlackSite,numberOfRobotsOnWhiteSite
17350,22,17
timeStep,numberOfRobotsOnBlackSite,numberOfRobotsOnWhiteSite
17351,22,17
timeStep,numberOfRobotsOnBlackSite,numberOfRobotsOnWhiteSite
17352,22,17
timeStep,numberOfRobotsOnBlackSite,numberOfRobotsOnWhiteSite
17353,22,17
timeStep,numberOfRobotsOnBlackSite,numberOfRobotsOnWhiteSite
17354,22,17
timeStep,numberOfRobotsOnBlackSite,numberOfRobotsOnWhiteSite
17355,22,17
timeStep,numberOfRobotsOnBlackSite,numberOfRobotsOnWhiteSite
17356,22,17
timeStep,numberOfRobotsOnBlackSite,numberOfRobotsOnWhiteSite
17357,22,17
timeStep,numberOfRobotsOnBlackSite,numberOfRobotsOnWhiteSite
17358,22,17
timeStep,numberOfRobotsOnBlackSite,numberOfRobotsOnWhiteSite
17359,22,17
timeStep,numberOfRobotsOnBlackSite,numberOfRobotsOnWhiteSite
17360,22,17
timeStep,numberOfRobotsOnBlackSite,numberOfRobotsOnWhiteSite
17361,22,17
timeStep,numberOfRobotsOnBlackSite,numberOfRobotsOnWhiteSite
17362,22,17
timeStep,numberOfRobotsOnBlackSite,numberOfRobotsOnWhiteSite
17363,22,17
timeStep,numberOfRobotsOnBlackSite,numberOfRobotsOnWhiteSite
17364,22,17
timeStep,numberOfRobotsOnBlackSite,numberOfRobotsOnWhiteSite
17365,22,17
timeStep,numberOfRobotsOnBlackSite,numberOfRobotsOnWhiteSite
17366,22,17
timeStep,numberOfRobotsOnBlackSite,numberOfRobotsOnWhiteSite
17367,22,17
timeStep,numberOfRobotsOnBlackSite,numberOfRobotsOnWhiteSite
17368,22,17
timeStep,numberOfRobotsOnBlackSite,numberOfRobotsOnWhiteSite
17369,22,17
timeStep,numberOfRobotsOnBlackSite,numberOfRobotsOnWhiteSite
17370,22,17
timeStep,numberOfRobotsOnBlackSite,numberOfRobotsOnWhiteSite
17371,22,17
timeStep,numberOfRobotsOnBlackSite,numberOfRobotsOnWhiteSite
17372,22,17
timeStep,numberOfRobotsOnBlackSite,numberOfRobotsOnWhiteSite
17373,22,17
timeStep,numberOfRobotsOnBlackSite,numberOfRobotsOnWhiteSite
17374,22,17
timeStep,numberOfRobotsOnBlackSite,numberOfRobotsOnWhiteSite
17375,22,17
timeStep,numberOfRobotsOnBlackSite,numberOfRobotsOnWhiteSite
17376,22,17
timeStep,numberOfRobotsOnBlackSite,numberOfRobotsOnWhiteSite
17377,22,17
timeStep,numberOfRobotsOnBlackSite,numberOfRobotsOnWhiteSite
17378,22,17
timeStep,numberOfRobotsOnBlackSite,numberOfRobotsOnWhiteSite
17379,22,17
timeStep,numberOfRobotsOnBlackSite,numberOfRobotsOnWhiteSite
17380,22,17
timeStep,numberOfRobotsOnBlackSite,numberOfRobotsOnWhiteSite
17381,22,17
timeStep,numberOfRobotsOnBlackSite,numberOfRobotsOnWhiteSite
17382,22,17
timeStep,numberOfRobotsOnBlackSite,numberOfRobotsOnWhiteSite
17383,22,17
timeStep,numberOfRobotsOnBlackSite,numberOfRobotsOnWhiteSite
17384,22,17
timeStep,numberOfRobotsOnBlackSite,numberOfRobotsOnWhiteSite
17385,22,17
timeStep,numberOfRobotsOnBlackSite,numberOfRobotsOnWhiteSite
17386,22,17
timeStep,numberOfRobotsOnBlackSite,numberOfRobotsOnWhiteSite
17387,22,17
timeStep,numberOfRobotsOnBlackSite,numberOfRobotsOnWhiteSite
17388,22,17
timeStep,numberOfRobotsOnBlackSite,numberOfRobotsOnWhiteSite
17389,22,17
timeStep,numberOfRobotsOnBlackSite,numberOfRobotsOnWhiteSite
17390,22,17
timeStep,numberOfRobotsOnBlackSite,numberOfRobotsOnWhiteSite
17391,22,17
timeStep,numberOfRobotsOnBlackSite,numberOfRobotsOnWhiteSite
17392,22,17
timeStep,numberOfRobotsOnBlackSite,numberOfRobotsOnWhiteSite
17393,22,17
timeStep,numberOfRobotsOnBlackSite,numberOfRobotsOnWhiteSite
17394,22,17
timeStep,numberOfRobotsOnBlackSite,numberOfRobotsOnWhiteSite
17395,22,17
timeStep,numberOfRobotsOnBlackSite,numberOfRobotsOnWhiteSite
17396,22,17
timeStep,numberOfRobotsOnBlackSite,numberOfRobotsOnWhiteSite
17397,22,17
timeStep,numberOfRobotsOnBlackSite,numberOfRobotsOnWhiteSite
17398,22,17
timeStep,numberOfRobotsOnBlackSite,numberOfRobotsOnWhiteSite
17399,22,17
timeStep,numberOfRobotsOnBlackSite,numberOfRobotsOnWhiteSite
17400,22,17
timeStep,numberOfRobotsOnBlackSite,numberOfRobotsOnWhiteSite
17401,22,17
timeStep,numberOfRobotsOnBlackSite,numberOfRobotsOnWhiteSite
17402,22,17
timeStep,numberOfRobotsOnBlackSite,numberOfRobotsOnWhiteSite
17403,22,17
timeStep,numberOfRobotsOnBlackSite,numberOfRobotsOnWhiteSite
17404,22,17
timeStep,numberOfRobotsOnBlackSite,numberOfRobotsOnWhiteSite
17405,22,17
timeStep,numberOfRobotsOnBlackSite,numberOfRobotsOnWhiteSite
17406,22,17
timeStep,numberOfRobotsOnBlackSite,numberOfRobotsOnWhiteSite
17407,22,17
timeStep,numberOfRobotsOnBlackSite,numberOfRobotsOnWhiteSite
17408,22,17
timeStep,numberOfRobotsOnBlackSite,numberOfRobotsOnWhiteSite
17409,22,17
timeStep,numberOfRobotsOnBlackSite,numberOfRobotsOnWhiteSite
17410,22,17
timeStep,numberOfRobotsOnBlackSite,numberOfRobotsOnWhiteSite
17411,22,17
timeStep,numberOfRobotsOnBlackSite,numberOfRobotsOnWhiteSite
17412,22,17
timeStep,numberOfRobotsOnBlackSite,numberOfRobotsOnWhiteSite
17413,22,17
timeStep,numberOfRobotsOnBlackSite,numberOfRobotsOnWhiteSite
17414,22,17
timeStep,numberOfRobotsOnBlackSite,numberOfRobotsOnWhiteSite
17415,22,17
timeStep,numberOfRobotsOnBlackSite,numberOfRobotsOnWhiteSite
17416,22,17
timeStep,numberOfRobotsOnBlackSite,numberOfRobotsOnWhiteSite
17417,22,17
timeStep,numberOfRobotsOnBlackSite,numberOfRobotsOnWhiteSite
17418,22,17
timeStep,numberOfRobotsOnBlackSite,numberOfRobotsOnWhiteSite
17419,22,17
timeStep,numberOfRobotsOnBlackSite,numberOfRobotsOnWhiteSite
17420,22,17
timeStep,numberOfRobotsOnBlackSite,numberOfRobotsOnWhiteSite
17421,22,17
timeStep,numberOfRobotsOnBlackSite,numberOfRobotsOnWhiteSite
17422,22,17
timeStep,numberOfRobotsOnBlackSite,numberOfRobotsOnWhiteSite
17423,22,17
timeStep,numberOfRobotsOnBlackSite,numberOfRobotsOnWhiteSite
17424,22,17
timeStep,numberOfRobotsOnBlackSite,numberOfRobotsOnWhiteSite
17425,22,16
timeStep,numberOfRobotsOnBlackSite,numberOfRobotsOnWhiteSite
17426,22,16
timeStep,numberOfRobotsOnBlackSite,numberOfRobotsOnWhiteSite
17427,22,16
timeStep,numberOfRobotsOnBlackSite,numberOfRobotsOnWhiteSite
17428,22,16
timeStep,numberOfRobotsOnBlackSite,numberOfRobotsOnWhiteSite
17429,22,16
timeStep,numberOfRobotsOnBlackSite,numberOfRobotsOnWhiteSite
17430,22,16
timeStep,numberOfRobotsOnBlackSite,numberOfRobotsOnWhiteSite
17431,22,16
timeStep,numberOfRobotsOnBlackSite,numberOfRobotsOnWhiteSite
17432,22,16
timeStep,numberOfRobotsOnBlackSite,numberOfRobotsOnWhiteSite
17433,22,16
timeStep,numberOfRobotsOnBlackSite,numberOfRobotsOnWhiteSite
17434,22,16
timeStep,numberOfRobotsOnBlackSite,numberOfRobotsOnWhiteSite
17435,22,16
timeStep,numberOfRobotsOnBlackSite,numberOfRobotsOnWhiteSite
17436,22,16
timeStep,numberOfRobotsOnBlackSite,numberOfRobotsOnWhiteSite
17437,22,16
timeStep,numberOfRobotsOnBlackSite,numberOfRobotsOnWhiteSite
17438,22,16
timeStep,numberOfRobotsOnBlackSite,numberOfRobotsOnWhiteSite
17439,22,16
timeStep,numberOfRobotsOnBlackSite,numberOfRobotsOnWhiteSite
17440,22,16
timeStep,numberOfRobotsOnBlackSite,numberOfRobotsOnWhiteSite
17441,22,16
timeStep,numberOfRobotsOnBlackSite,numberOfRobotsOnWhiteSite
17442,22,16
timeStep,numberOfRobotsOnBlackSite,numberOfRobotsOnWhiteSite
17443,22,16
timeStep,numberOfRobotsOnBlackSite,numberOfRobotsOnWhiteSite
17444,22,16
timeStep,numberOfRobotsOnBlackSite,numberOfRobotsOnWhiteSite
17445,23,16
timeStep,numberOfRobotsOnBlackSite,numberOfRobotsOnWhiteSite
17446,23,16
timeStep,numberOfRobotsOnBlackSite,numberOfRobotsOnWhiteSite
17447,23,16
timeStep,numberOfRobotsOnBlackSite,numberOfRobotsOnWhiteSite
17448,23,16
timeStep,numberOfRobotsOnBlackSite,numberOfRobotsOnWhiteSite
17449,23,16
timeStep,numberOfRobotsOnBlackSite,numberOfRobotsOnWhiteSite
17450,23,16
timeStep,numberOfRobotsOnBlackSite,numberOfRobotsOnWhiteSite
17451,23,16
timeStep,numberOfRobotsOnBlackSite,numberOfRobotsOnWhiteSite
17452,23,16
timeStep,numberOfRobotsOnBlackSite,numberOfRobotsOnWhiteSite
17453,23,16
timeStep,numberOfRobotsOnBlackSite,numberOfRobotsOnWhiteSite
17454,23,16
timeStep,numberOfRobotsOnBlackSite,numberOfRobotsOnWhiteSite
17455,23,16
timeStep,numberOfRobotsOnBlackSite,numberOfRobotsOnWhiteSite
17456,23,16
timeStep,numberOfRobotsOnBlackSite,numberOfRobotsOnWhiteSite
17457,23,16
timeStep,numberOfRobotsOnBlackSite,numberOfRobotsOnWhiteSite
17458,23,16
timeStep,numberOfRobotsOnBlackSite,numberOfRobotsOnWhiteSite
17459,23,16
timeStep,numberOfRobotsOnBlackSite,numberOfRobotsOnWhiteSite
17460,23,16
timeStep,numberOfRobotsOnBlackSite,numberOfRobotsOnWhiteSite
17461,23,16
timeStep,numberOfRobotsOnBlackSite,numberOfRobotsOnWhiteSite
17462,23,16
timeStep,numberOfRobotsOnBlackSite,numberOfRobotsOnWhiteSite
17463,23,16
timeStep,numberOfRobotsOnBlackSite,numberOfRobotsOnWhiteSite
17464,23,16
timeStep,numberOfRobotsOnBlackSite,numberOfRobotsOnWhiteSite
17465,23,17
timeStep,numberOfRobotsOnBlackSite,numberOfRobotsOnWhiteSite
17466,23,17
timeStep,numberOfRobotsOnBlackSite,numberOfRobotsOnWhiteSite
17467,23,17
timeStep,numberOfRobotsOnBlackSite,numberOfRobotsOnWhiteSite
17468,23,17
timeStep,numberOfRobotsOnBlackSite,numberOfRobotsOnWhiteSite
17469,23,17
timeStep,numberOfRobotsOnBlackSite,numberOfRobotsOnWhiteSite
17470,23,17
timeStep,numberOfRobotsOnBlackSite,numberOfRobotsOnWhiteSite
17471,23,17
timeStep,numberOfRobotsOnBlackSite,numberOfRobotsOnWhiteSite
17472,23,17
timeStep,numberOfRobotsOnBlackSite,numberOfRobotsOnWhiteSite
17473,23,17
timeStep,numberOfRobotsOnBlackSite,numberOfRobotsOnWhiteSite
17474,23,17
timeStep,numberOfRobotsOnBlackSite,numberOfRobotsOnWhiteSite
17475,23,17
timeStep,numberOfRobotsOnBlackSite,numberOfRobotsOnWhiteSite
17476,23,17
timeStep,numberOfRobotsOnBlackSite,numberOfRobotsOnWhiteSite
17477,23,17
timeStep,numberOfRobotsOnBlackSite,numberOfRobotsOnWhiteSite
17478,23,17
timeStep,numberOfRobotsOnBlackSite,numberOfRobotsOnWhiteSite
17479,23,17
timeStep,numberOfRobotsOnBlackSite,numberOfRobotsOnWhiteSite
17480,23,17
timeStep,numberOfRobotsOnBlackSite,numberOfRobotsOnWhiteSite
17481,23,17
timeStep,numberOfRobotsOnBlackSite,numberOfRobotsOnWhiteSite
17482,23,17
timeStep,numberOfRobotsOnBlackSite,numberOfRobotsOnWhiteSite
17483,23,17
timeStep,numberOfRobotsOnBlackSite,numberOfRobotsOnWhiteSite
17484,23,17
timeStep,numberOfRobotsOnBlackSite,numberOfRobotsOnWhiteSite
17485,23,17
timeStep,numberOfRobotsOnBlackSite,numberOfRobotsOnWhiteSite
17486,23,17
timeStep,numberOfRobotsOnBlackSite,numberOfRobotsOnWhiteSite
17487,23,17
timeStep,numberOfRobotsOnBlackSite,numberOfRobotsOnWhiteSite
17488,23,17
timeStep,numberOfRobotsOnBlackSite,numberOfRobotsOnWhiteSite
17489,23,17
timeStep,numberOfRobotsOnBlackSite,numberOfRobotsOnWhiteSite
17490,23,17
timeStep,numberOfRobotsOnBlackSite,numberOfRobotsOnWhiteSite
17491,23,17
timeStep,numberOfRobotsOnBlackSite,numberOfRobotsOnWhiteSite
17492,23,17
timeStep,numberOfRobotsOnBlackSite,numberOfRobotsOnWhiteSite
17493,23,17
timeStep,numberOfRobotsOnBlackSite,numberOfRobotsOnWhiteSite
17494,23,17
timeStep,numberOfRobotsOnBlackSite,numberOfRobotsOnWhiteSite
17495,23,18
timeStep,numberOfRobotsOnBlackSite,numberOfRobotsOnWhiteSite
17496,23,18
timeStep,numberOfRobotsOnBlackSite,numberOfRobotsOnWhiteSite
17497,23,18
timeStep,numberOfRobotsOnBlackSite,numberOfRobotsOnWhiteSite
17498,23,18
timeStep,numberOfRobotsOnBlackSite,numberOfRobotsOnWhiteSite
17499,23,18
timeStep,numberOfRobotsOnBlackSite,numberOfRobotsOnWhiteSite
17500,23,18
timeStep,numberOfRobotsOnBlackSite,numberOfRobotsOnWhiteSite
17501,23,18
timeStep,numberOfRobotsOnBlackSite,numberOfRobotsOnWhiteSite
17502,23,18
timeStep,numberOfRobotsOnBlackSite,numberOfRobotsOnWhiteSite
17503,23,18
timeStep,numberOfRobotsOnBlackSite,numberOfRobotsOnWhiteSite
17504,23,18
timeStep,numberOfRobotsOnBlackSite,numberOfRobotsOnWhiteSite
17505,23,18
timeStep,numberOfRobotsOnBlackSite,numberOfRobotsOnWhiteSite
17506,23,18
timeStep,numberOfRobotsOnBlackSite,numberOfRobotsOnWhiteSite
17507,23,18
timeStep,numberOfRobotsOnBlackSite,numberOfRobotsOnWhiteSite
17508,23,18
timeStep,numberOfRobotsOnBlackSite,numberOfRobotsOnWhiteSite
17509,23,18
timeStep,numberOfRobotsOnBlackSite,numberOfRobotsOnWhiteSite
17510,23,18
timeStep,numberOfRobotsOnBlackSite,numberOfRobotsOnWhiteSite
17511,23,18
timeStep,numberOfRobotsOnBlackSite,numberOfRobotsOnWhiteSite
17512,23,18
timeStep,numberOfRobotsOnBlackSite,numberOfRobotsOnWhiteSite
17513,23,18
timeStep,numberOfRobotsOnBlackSite,numberOfRobotsOnWhiteSite
17514,23,18
timeStep,numberOfRobotsOnBlackSite,numberOfRobotsOnWhiteSite
17515,23,18
timeStep,numberOfRobotsOnBlackSite,numberOfRobotsOnWhiteSite
17516,23,18
timeStep,numberOfRobotsOnBlackSite,numberOfRobotsOnWhiteSite
17517,23,18
timeStep,numberOfRobotsOnBlackSite,numberOfRobotsOnWhiteSite
17518,23,18
timeStep,numberOfRobotsOnBlackSite,numberOfRobotsOnWhiteSite
17519,23,18
timeStep,numberOfRobotsOnBlackSite,numberOfRobotsOnWhiteSite
17520,23,18
timeStep,numberOfRobotsOnBlackSite,numberOfRobotsOnWhiteSite
17521,23,18
timeStep,numberOfRobotsOnBlackSite,numberOfRobotsOnWhiteSite
17522,23,18
timeStep,numberOfRobotsOnBlackSite,numberOfRobotsOnWhiteSite
17523,23,18
timeStep,numberOfRobotsOnBlackSite,numberOfRobotsOnWhiteSite
17524,23,18
timeStep,numberOfRobotsOnBlackSite,numberOfRobotsOnWhiteSite
17525,23,18
timeStep,numberOfRobotsOnBlackSite,numberOfRobotsOnWhiteSite
17526,23,18
timeStep,numberOfRobotsOnBlackSite,numberOfRobotsOnWhiteSite
17527,23,18
timeStep,numberOfRobotsOnBlackSite,numberOfRobotsOnWhiteSite
17528,23,18
timeStep,numberOfRobotsOnBlackSite,numberOfRobotsOnWhiteSite
17529,23,18
timeStep,numberOfRobotsOnBlackSite,numberOfRobotsOnWhiteSite
17530,23,18
timeStep,numberOfRobotsOnBlackSite,numberOfRobotsOnWhiteSite
17531,23,18
timeStep,numberOfRobotsOnBlackSite,numberOfRobotsOnWhiteSite
17532,23,18
timeStep,numberOfRobotsOnBlackSite,numberOfRobotsOnWhiteSite
17533,23,18
timeStep,numberOfRobotsOnBlackSite,numberOfRobotsOnWhiteSite
17534,23,18
timeStep,numberOfRobotsOnBlackSite,numberOfRobotsOnWhiteSite
17535,23,18
timeStep,numberOfRobotsOnBlackSite,numberOfRobotsOnWhiteSite
17536,23,18
timeStep,numberOfRobotsOnBlackSite,numberOfRobotsOnWhiteSite
17537,23,18
timeStep,numberOfRobotsOnBlackSite,numberOfRobotsOnWhiteSite
17538,23,18
timeStep,numberOfRobotsOnBlackSite,numberOfRobotsOnWhiteSite
17539,23,18
timeStep,numberOfRobotsOnBlackSite,numberOfRobotsOnWhiteSite
17540,23,18
timeStep,numberOfRobotsOnBlackSite,numberOfRobotsOnWhiteSite
17541,23,18
timeStep,numberOfRobotsOnBlackSite,numberOfRobotsOnWhiteSite
17542,23,18
timeStep,numberOfRobotsOnBlackSite,numberOfRobotsOnWhiteSite
17543,23,18
timeStep,numberOfRobotsOnBlackSite,numberOfRobotsOnWhiteSite
17544,23,18
timeStep,numberOfRobotsOnBlackSite,numberOfRobotsOnWhiteSite
17545,23,18
timeStep,numberOfRobotsOnBlackSite,numberOfRobotsOnWhiteSite
17546,23,18
timeStep,numberOfRobotsOnBlackSite,numberOfRobotsOnWhiteSite
17547,23,18
timeStep,numberOfRobotsOnBlackSite,numberOfRobotsOnWhiteSite
17548,23,18
timeStep,numberOfRobotsOnBlackSite,numberOfRobotsOnWhiteSite
17549,23,18
timeStep,numberOfRobotsOnBlackSite,numberOfRobotsOnWhiteSite
17550,23,18
timeStep,numberOfRobotsOnBlackSite,numberOfRobotsOnWhiteSite
17551,23,18
timeStep,numberOfRobotsOnBlackSite,numberOfRobotsOnWhiteSite
17552,23,18
timeStep,numberOfRobotsOnBlackSite,numberOfRobotsOnWhiteSite
17553,23,18
timeStep,numberOfRobotsOnBlackSite,numberOfRobotsOnWhiteSite
17554,23,18
timeStep,numberOfRobotsOnBlackSite,numberOfRobotsOnWhiteSite
17555,23,18
timeStep,numberOfRobotsOnBlackSite,numberOfRobotsOnWhiteSite
17556,23,18
timeStep,numberOfRobotsOnBlackSite,numberOfRobotsOnWhiteSite
17557,23,18
timeStep,numberOfRobotsOnBlackSite,numberOfRobotsOnWhiteSite
17558,23,18
timeStep,numberOfRobotsOnBlackSite,numberOfRobotsOnWhiteSite
17559,23,18
timeStep,numberOfRobotsOnBlackSite,numberOfRobotsOnWhiteSite
17560,23,18
timeStep,numberOfRobotsOnBlackSite,numberOfRobotsOnWhiteSite
17561,23,18
timeStep,numberOfRobotsOnBlackSite,numberOfRobotsOnWhiteSite
17562,23,18
timeStep,numberOfRobotsOnBlackSite,numberOfRobotsOnWhiteSite
17563,23,18
timeStep,numberOfRobotsOnBlackSite,numberOfRobotsOnWhiteSite
17564,23,18
timeStep,numberOfRobotsOnBlackSite,numberOfRobotsOnWhiteSite
17565,23,17
timeStep,numberOfRobotsOnBlackSite,numberOfRobotsOnWhiteSite
17566,23,17
timeStep,numberOfRobotsOnBlackSite,numberOfRobotsOnWhiteSite
17567,23,17
timeStep,numberOfRobotsOnBlackSite,numberOfRobotsOnWhiteSite
17568,23,17
timeStep,numberOfRobotsOnBlackSite,numberOfRobotsOnWhiteSite
17569,23,17
timeStep,numberOfRobotsOnBlackSite,numberOfRobotsOnWhiteSite
17570,23,17
timeStep,numberOfRobotsOnBlackSite,numberOfRobotsOnWhiteSite
17571,23,17
timeStep,numberOfRobotsOnBlackSite,numberOfRobotsOnWhiteSite
17572,23,17
timeStep,numberOfRobotsOnBlackSite,numberOfRobotsOnWhiteSite
17573,23,17
timeStep,numberOfRobotsOnBlackSite,numberOfRobotsOnWhiteSite
17574,23,17
timeStep,numberOfRobotsOnBlackSite,numberOfRobotsOnWhiteSite
17575,23,17
timeStep,numberOfRobotsOnBlackSite,numberOfRobotsOnWhiteSite
17576,23,17
timeStep,numberOfRobotsOnBlackSite,numberOfRobotsOnWhiteSite
17577,23,17
timeStep,numberOfRobotsOnBlackSite,numberOfRobotsOnWhiteSite
17578,23,17
timeStep,numberOfRobotsOnBlackSite,numberOfRobotsOnWhiteSite
17579,23,17
timeStep,numberOfRobotsOnBlackSite,numberOfRobotsOnWhiteSite
17580,23,17
timeStep,numberOfRobotsOnBlackSite,numberOfRobotsOnWhiteSite
17581,23,17
timeStep,numberOfRobotsOnBlackSite,numberOfRobotsOnWhiteSite
17582,23,17
timeStep,numberOfRobotsOnBlackSite,numberOfRobotsOnWhiteSite
17583,23,17
timeStep,numberOfRobotsOnBlackSite,numberOfRobotsOnWhiteSite
17584,23,17
timeStep,numberOfRobotsOnBlackSite,numberOfRobotsOnWhiteSite
17585,23,17
timeStep,numberOfRobotsOnBlackSite,numberOfRobotsOnWhiteSite
17586,23,17
timeStep,numberOfRobotsOnBlackSite,numberOfRobotsOnWhiteSite
17587,23,17
timeStep,numberOfRobotsOnBlackSite,numberOfRobotsOnWhiteSite
17588,23,17
timeStep,numberOfRobotsOnBlackSite,numberOfRobotsOnWhiteSite
17589,23,17
timeStep,numberOfRobotsOnBlackSite,numberOfRobotsOnWhiteSite
17590,23,17
timeStep,numberOfRobotsOnBlackSite,numberOfRobotsOnWhiteSite
17591,23,17
timeStep,numberOfRobotsOnBlackSite,numberOfRobotsOnWhiteSite
17592,23,17
timeStep,numberOfRobotsOnBlackSite,numberOfRobotsOnWhiteSite
17593,23,17
timeStep,numberOfRobotsOnBlackSite,numberOfRobotsOnWhiteSite
17594,23,17
timeStep,numberOfRobotsOnBlackSite,numberOfRobotsOnWhiteSite
17595,23,17
timeStep,numberOfRobotsOnBlackSite,numberOfRobotsOnWhiteSite
17596,23,17
timeStep,numberOfRobotsOnBlackSite,numberOfRobotsOnWhiteSite
17597,23,17
timeStep,numberOfRobotsOnBlackSite,numberOfRobotsOnWhiteSite
17598,23,17
timeStep,numberOfRobotsOnBlackSite,numberOfRobotsOnWhiteSite
17599,23,17
timeStep,numberOfRobotsOnBlackSite,numberOfRobotsOnWhiteSite
17600,23,17
timeStep,numberOfRobotsOnBlackSite,numberOfRobotsOnWhiteSite
17601,23,17
timeStep,numberOfRobotsOnBlackSite,numberOfRobotsOnWhiteSite
17602,23,17
timeStep,numberOfRobotsOnBlackSite,numberOfRobotsOnWhiteSite
17603,23,17
timeStep,numberOfRobotsOnBlackSite,numberOfRobotsOnWhiteSite
17604,23,17
timeStep,numberOfRobotsOnBlackSite,numberOfRobotsOnWhiteSite
17605,23,18
timeStep,numberOfRobotsOnBlackSite,numberOfRobotsOnWhiteSite
17606,23,18
timeStep,numberOfRobotsOnBlackSite,numberOfRobotsOnWhiteSite
17607,23,18
timeStep,numberOfRobotsOnBlackSite,numberOfRobotsOnWhiteSite
17608,23,18
timeStep,numberOfRobotsOnBlackSite,numberOfRobotsOnWhiteSite
17609,23,18
timeStep,numberOfRobotsOnBlackSite,numberOfRobotsOnWhiteSite
17610,23,18
timeStep,numberOfRobotsOnBlackSite,numberOfRobotsOnWhiteSite
17611,23,18
timeStep,numberOfRobotsOnBlackSite,numberOfRobotsOnWhiteSite
17612,23,18
timeStep,numberOfRobotsOnBlackSite,numberOfRobotsOnWhiteSite
17613,23,18
timeStep,numberOfRobotsOnBlackSite,numberOfRobotsOnWhiteSite
17614,23,18
timeStep,numberOfRobotsOnBlackSite,numberOfRobotsOnWhiteSite
17615,23,17
timeStep,numberOfRobotsOnBlackSite,numberOfRobotsOnWhiteSite
17616,23,17
timeStep,numberOfRobotsOnBlackSite,numberOfRobotsOnWhiteSite
17617,23,17
timeStep,numberOfRobotsOnBlackSite,numberOfRobotsOnWhiteSite
17618,23,17
timeStep,numberOfRobotsOnBlackSite,numberOfRobotsOnWhiteSite
17619,23,17
timeStep,numberOfRobotsOnBlackSite,numberOfRobotsOnWhiteSite
17620,23,17
timeStep,numberOfRobotsOnBlackSite,numberOfRobotsOnWhiteSite
17621,23,17
timeStep,numberOfRobotsOnBlackSite,numberOfRobotsOnWhiteSite
17622,23,17
timeStep,numberOfRobotsOnBlackSite,numberOfRobotsOnWhiteSite
17623,23,17
timeStep,numberOfRobotsOnBlackSite,numberOfRobotsOnWhiteSite
17624,23,17
timeStep,numberOfRobotsOnBlackSite,numberOfRobotsOnWhiteSite
17625,23,17
timeStep,numberOfRobotsOnBlackSite,numberOfRobotsOnWhiteSite
17626,23,17
timeStep,numberOfRobotsOnBlackSite,numberOfRobotsOnWhiteSite
17627,23,17
timeStep,numberOfRobotsOnBlackSite,numberOfRobotsOnWhiteSite
17628,23,17
timeStep,numberOfRobotsOnBlackSite,numberOfRobotsOnWhiteSite
17629,23,17
timeStep,numberOfRobotsOnBlackSite,numberOfRobotsOnWhiteSite
17630,23,17
timeStep,numberOfRobotsOnBlackSite,numberOfRobotsOnWhiteSite
17631,23,17
timeStep,numberOfRobotsOnBlackSite,numberOfRobotsOnWhiteSite
17632,23,17
timeStep,numberOfRobotsOnBlackSite,numberOfRobotsOnWhiteSite
17633,23,17
timeStep,numberOfRobotsOnBlackSite,numberOfRobotsOnWhiteSite
17634,23,17
timeStep,numberOfRobotsOnBlackSite,numberOfRobotsOnWhiteSite
17635,23,17
timeStep,numberOfRobotsOnBlackSite,numberOfRobotsOnWhiteSite
17636,23,17
timeStep,numberOfRobotsOnBlackSite,numberOfRobotsOnWhiteSite
17637,23,17
timeStep,numberOfRobotsOnBlackSite,numberOfRobotsOnWhiteSite
17638,23,17
timeStep,numberOfRobotsOnBlackSite,numberOfRobotsOnWhiteSite
17639,23,17
timeStep,numberOfRobotsOnBlackSite,numberOfRobotsOnWhiteSite
17640,23,17
timeStep,numberOfRobotsOnBlackSite,numberOfRobotsOnWhiteSite
17641,23,17
timeStep,numberOfRobotsOnBlackSite,numberOfRobotsOnWhiteSite
17642,23,17
timeStep,numberOfRobotsOnBlackSite,numberOfRobotsOnWhiteSite
17643,23,17
timeStep,numberOfRobotsOnBlackSite,numberOfRobotsOnWhiteSite
17644,23,17
timeStep,numberOfRobotsOnBlackSite,numberOfRobotsOnWhiteSite
17645,23,17
timeStep,numberOfRobotsOnBlackSite,numberOfRobotsOnWhiteSite
17646,23,17
timeStep,numberOfRobotsOnBlackSite,numberOfRobotsOnWhiteSite
17647,23,17
timeStep,numberOfRobotsOnBlackSite,numberOfRobotsOnWhiteSite
17648,23,17
timeStep,numberOfRobotsOnBlackSite,numberOfRobotsOnWhiteSite
17649,23,17
timeStep,numberOfRobotsOnBlackSite,numberOfRobotsOnWhiteSite
17650,23,18
timeStep,numberOfRobotsOnBlackSite,numberOfRobotsOnWhiteSite
17651,23,18
timeStep,numberOfRobotsOnBlackSite,numberOfRobotsOnWhiteSite
17652,23,18
timeStep,numberOfRobotsOnBlackSite,numberOfRobotsOnWhiteSite
17653,23,18
timeStep,numberOfRobotsOnBlackSite,numberOfRobotsOnWhiteSite
17654,23,18
timeStep,numberOfRobotsOnBlackSite,numberOfRobotsOnWhiteSite
17655,23,18
timeStep,numberOfRobotsOnBlackSite,numberOfRobotsOnWhiteSite
17656,23,18
timeStep,numberOfRobotsOnBlackSite,numberOfRobotsOnWhiteSite
17657,23,18
timeStep,numberOfRobotsOnBlackSite,numberOfRobotsOnWhiteSite
17658,23,18
timeStep,numberOfRobotsOnBlackSite,numberOfRobotsOnWhiteSite
17659,23,18
timeStep,numberOfRobotsOnBlackSite,numberOfRobotsOnWhiteSite
17660,23,18
timeStep,numberOfRobotsOnBlackSite,numberOfRobotsOnWhiteSite
17661,23,18
timeStep,numberOfRobotsOnBlackSite,numberOfRobotsOnWhiteSite
17662,23,18
timeStep,numberOfRobotsOnBlackSite,numberOfRobotsOnWhiteSite
17663,23,18
timeStep,numberOfRobotsOnBlackSite,numberOfRobotsOnWhiteSite
17664,23,18
timeStep,numberOfRobotsOnBlackSite,numberOfRobotsOnWhiteSite
17665,23,19
timeStep,numberOfRobotsOnBlackSite,numberOfRobotsOnWhiteSite
17666,23,19
timeStep,numberOfRobotsOnBlackSite,numberOfRobotsOnWhiteSite
17667,23,19
timeStep,numberOfRobotsOnBlackSite,numberOfRobotsOnWhiteSite
17668,23,19
timeStep,numberOfRobotsOnBlackSite,numberOfRobotsOnWhiteSite
17669,23,19
timeStep,numberOfRobotsOnBlackSite,numberOfRobotsOnWhiteSite
17670,23,19
timeStep,numberOfRobotsOnBlackSite,numberOfRobotsOnWhiteSite
17671,23,19
timeStep,numberOfRobotsOnBlackSite,numberOfRobotsOnWhiteSite
17672,23,19
timeStep,numberOfRobotsOnBlackSite,numberOfRobotsOnWhiteSite
17673,23,19
timeStep,numberOfRobotsOnBlackSite,numberOfRobotsOnWhiteSite
17674,23,19
timeStep,numberOfRobotsOnBlackSite,numberOfRobotsOnWhiteSite
17675,23,19
timeStep,numberOfRobotsOnBlackSite,numberOfRobotsOnWhiteSite
17676,23,19
timeStep,numberOfRobotsOnBlackSite,numberOfRobotsOnWhiteSite
17677,23,19
timeStep,numberOfRobotsOnBlackSite,numberOfRobotsOnWhiteSite
17678,23,19
timeStep,numberOfRobotsOnBlackSite,numberOfRobotsOnWhiteSite
17679,23,19
timeStep,numberOfRobotsOnBlackSite,numberOfRobotsOnWhiteSite
17680,23,19
timeStep,numberOfRobotsOnBlackSite,numberOfRobotsOnWhiteSite
17681,23,19
timeStep,numberOfRobotsOnBlackSite,numberOfRobotsOnWhiteSite
17682,23,19
timeStep,numberOfRobotsOnBlackSite,numberOfRobotsOnWhiteSite
17683,23,19
timeStep,numberOfRobotsOnBlackSite,numberOfRobotsOnWhiteSite
17684,23,19
timeStep,numberOfRobotsOnBlackSite,numberOfRobotsOnWhiteSite
17685,23,19
timeStep,numberOfRobotsOnBlackSite,numberOfRobotsOnWhiteSite
17686,23,19
timeStep,numberOfRobotsOnBlackSite,numberOfRobotsOnWhiteSite
17687,23,19
timeStep,numberOfRobotsOnBlackSite,numberOfRobotsOnWhiteSite
17688,23,19
timeStep,numberOfRobotsOnBlackSite,numberOfRobotsOnWhiteSite
17689,23,19
timeStep,numberOfRobotsOnBlackSite,numberOfRobotsOnWhiteSite
17690,23,19
timeStep,numberOfRobotsOnBlackSite,numberOfRobotsOnWhiteSite
17691,23,19
timeStep,numberOfRobotsOnBlackSite,numberOfRobotsOnWhiteSite
17692,23,19
timeStep,numberOfRobotsOnBlackSite,numberOfRobotsOnWhiteSite
17693,23,19
timeStep,numberOfRobotsOnBlackSite,numberOfRobotsOnWhiteSite
17694,23,19
timeStep,numberOfRobotsOnBlackSite,numberOfRobotsOnWhiteSite
17695,23,19
timeStep,numberOfRobotsOnBlackSite,numberOfRobotsOnWhiteSite
17696,23,19
timeStep,numberOfRobotsOnBlackSite,numberOfRobotsOnWhiteSite
17697,23,19
timeStep,numberOfRobotsOnBlackSite,numberOfRobotsOnWhiteSite
17698,23,19
timeStep,numberOfRobotsOnBlackSite,numberOfRobotsOnWhiteSite
17699,23,19
timeStep,numberOfRobotsOnBlackSite,numberOfRobotsOnWhiteSite
17700,23,19
timeStep,numberOfRobotsOnBlackSite,numberOfRobotsOnWhiteSite
17701,23,19
timeStep,numberOfRobotsOnBlackSite,numberOfRobotsOnWhiteSite
17702,23,19
timeStep,numberOfRobotsOnBlackSite,numberOfRobotsOnWhiteSite
17703,23,19
timeStep,numberOfRobotsOnBlackSite,numberOfRobotsOnWhiteSite
17704,23,19
timeStep,numberOfRobotsOnBlackSite,numberOfRobotsOnWhiteSite
17705,23,19
timeStep,numberOfRobotsOnBlackSite,numberOfRobotsOnWhiteSite
17706,23,19
timeStep,numberOfRobotsOnBlackSite,numberOfRobotsOnWhiteSite
17707,23,19
timeStep,numberOfRobotsOnBlackSite,numberOfRobotsOnWhiteSite
17708,23,19
timeStep,numberOfRobotsOnBlackSite,numberOfRobotsOnWhiteSite
17709,23,19
timeStep,numberOfRobotsOnBlackSite,numberOfRobotsOnWhiteSite
17710,22,19
timeStep,numberOfRobotsOnBlackSite,numberOfRobotsOnWhiteSite
17711,22,19
timeStep,numberOfRobotsOnBlackSite,numberOfRobotsOnWhiteSite
17712,22,19
timeStep,numberOfRobotsOnBlackSite,numberOfRobotsOnWhiteSite
17713,22,19
timeStep,numberOfRobotsOnBlackSite,numberOfRobotsOnWhiteSite
17714,22,19
timeStep,numberOfRobotsOnBlackSite,numberOfRobotsOnWhiteSite
17715,22,19
timeStep,numberOfRobotsOnBlackSite,numberOfRobotsOnWhiteSite
17716,22,19
timeStep,numberOfRobotsOnBlackSite,numberOfRobotsOnWhiteSite
17717,22,19
timeStep,numberOfRobotsOnBlackSite,numberOfRobotsOnWhiteSite
17718,22,19
timeStep,numberOfRobotsOnBlackSite,numberOfRobotsOnWhiteSite
17719,22,19
timeStep,numberOfRobotsOnBlackSite,numberOfRobotsOnWhiteSite
17720,22,19
timeStep,numberOfRobotsOnBlackSite,numberOfRobotsOnWhiteSite
17721,22,19
timeStep,numberOfRobotsOnBlackSite,numberOfRobotsOnWhiteSite
17722,22,19
timeStep,numberOfRobotsOnBlackSite,numberOfRobotsOnWhiteSite
17723,22,19
timeStep,numberOfRobotsOnBlackSite,numberOfRobotsOnWhiteSite
17724,22,19
timeStep,numberOfRobotsOnBlackSite,numberOfRobotsOnWhiteSite
17725,22,19
timeStep,numberOfRobotsOnBlackSite,numberOfRobotsOnWhiteSite
17726,22,19
timeStep,numberOfRobotsOnBlackSite,numberOfRobotsOnWhiteSite
17727,22,19
timeStep,numberOfRobotsOnBlackSite,numberOfRobotsOnWhiteSite
17728,22,19
timeStep,numberOfRobotsOnBlackSite,numberOfRobotsOnWhiteSite
17729,22,19
timeStep,numberOfRobotsOnBlackSite,numberOfRobotsOnWhiteSite
17730,22,19
timeStep,numberOfRobotsOnBlackSite,numberOfRobotsOnWhiteSite
17731,22,19
timeStep,numberOfRobotsOnBlackSite,numberOfRobotsOnWhiteSite
17732,22,19
timeStep,numberOfRobotsOnBlackSite,numberOfRobotsOnWhiteSite
17733,22,19
timeStep,numberOfRobotsOnBlackSite,numberOfRobotsOnWhiteSite
17734,22,19
timeStep,numberOfRobotsOnBlackSite,numberOfRobotsOnWhiteSite
17735,22,19
timeStep,numberOfRobotsOnBlackSite,numberOfRobotsOnWhiteSite
17736,22,19
timeStep,numberOfRobotsOnBlackSite,numberOfRobotsOnWhiteSite
17737,22,19
timeStep,numberOfRobotsOnBlackSite,numberOfRobotsOnWhiteSite
17738,22,19
timeStep,numberOfRobotsOnBlackSite,numberOfRobotsOnWhiteSite
17739,22,19
timeStep,numberOfRobotsOnBlackSite,numberOfRobotsOnWhiteSite
17740,22,19
timeStep,numberOfRobotsOnBlackSite,numberOfRobotsOnWhiteSite
17741,22,19
timeStep,numberOfRobotsOnBlackSite,numberOfRobotsOnWhiteSite
17742,22,19
timeStep,numberOfRobotsOnBlackSite,numberOfRobotsOnWhiteSite
17743,22,19
timeStep,numberOfRobotsOnBlackSite,numberOfRobotsOnWhiteSite
17744,22,19
timeStep,numberOfRobotsOnBlackSite,numberOfRobotsOnWhiteSite
17745,22,19
timeStep,numberOfRobotsOnBlackSite,numberOfRobotsOnWhiteSite
17746,22,19
timeStep,numberOfRobotsOnBlackSite,numberOfRobotsOnWhiteSite
17747,22,19
timeStep,numberOfRobotsOnBlackSite,numberOfRobotsOnWhiteSite
17748,22,19
timeStep,numberOfRobotsOnBlackSite,numberOfRobotsOnWhiteSite
17749,22,19
timeStep,numberOfRobotsOnBlackSite,numberOfRobotsOnWhiteSite
17750,22,19
timeStep,numberOfRobotsOnBlackSite,numberOfRobotsOnWhiteSite
17751,22,19
timeStep,numberOfRobotsOnBlackSite,numberOfRobotsOnWhiteSite
17752,22,19
timeStep,numberOfRobotsOnBlackSite,numberOfRobotsOnWhiteSite
17753,22,19
timeStep,numberOfRobotsOnBlackSite,numberOfRobotsOnWhiteSite
17754,22,19
timeStep,numberOfRobotsOnBlackSite,numberOfRobotsOnWhiteSite
17755,22,19
timeStep,numberOfRobotsOnBlackSite,numberOfRobotsOnWhiteSite
17756,22,19
timeStep,numberOfRobotsOnBlackSite,numberOfRobotsOnWhiteSite
17757,22,19
timeStep,numberOfRobotsOnBlackSite,numberOfRobotsOnWhiteSite
17758,22,19
timeStep,numberOfRobotsOnBlackSite,numberOfRobotsOnWhiteSite
17759,22,19
timeStep,numberOfRobotsOnBlackSite,numberOfRobotsOnWhiteSite
17760,22,19
timeStep,numberOfRobotsOnBlackSite,numberOfRobotsOnWhiteSite
17761,22,19
timeStep,numberOfRobotsOnBlackSite,numberOfRobotsOnWhiteSite
17762,22,19
timeStep,numberOfRobotsOnBlackSite,numberOfRobotsOnWhiteSite
17763,22,19
timeStep,numberOfRobotsOnBlackSite,numberOfRobotsOnWhiteSite
17764,22,19
timeStep,numberOfRobotsOnBlackSite,numberOfRobotsOnWhiteSite
17765,22,19
timeStep,numberOfRobotsOnBlackSite,numberOfRobotsOnWhiteSite
17766,22,19
timeStep,numberOfRobotsOnBlackSite,numberOfRobotsOnWhiteSite
17767,22,19
timeStep,numberOfRobotsOnBlackSite,numberOfRobotsOnWhiteSite
17768,22,19
timeStep,numberOfRobotsOnBlackSite,numberOfRobotsOnWhiteSite
17769,22,19
timeStep,numberOfRobotsOnBlackSite,numberOfRobotsOnWhiteSite
17770,22,19
timeStep,numberOfRobotsOnBlackSite,numberOfRobotsOnWhiteSite
17771,22,19
timeStep,numberOfRobotsOnBlackSite,numberOfRobotsOnWhiteSite
17772,22,19
timeStep,numberOfRobotsOnBlackSite,numberOfRobotsOnWhiteSite
17773,22,19
timeStep,numberOfRobotsOnBlackSite,numberOfRobotsOnWhiteSite
17774,22,19
timeStep,numberOfRobotsOnBlackSite,numberOfRobotsOnWhiteSite
17775,22,19
timeStep,numberOfRobotsOnBlackSite,numberOfRobotsOnWhiteSite
17776,22,19
timeStep,numberOfRobotsOnBlackSite,numberOfRobotsOnWhiteSite
17777,22,19
timeStep,numberOfRobotsOnBlackSite,numberOfRobotsOnWhiteSite
17778,22,19
timeStep,numberOfRobotsOnBlackSite,numberOfRobotsOnWhiteSite
17779,22,19
timeStep,numberOfRobotsOnBlackSite,numberOfRobotsOnWhiteSite
17780,22,19
timeStep,numberOfRobotsOnBlackSite,numberOfRobotsOnWhiteSite
17781,22,19
timeStep,numberOfRobotsOnBlackSite,numberOfRobotsOnWhiteSite
17782,22,19
timeStep,numberOfRobotsOnBlackSite,numberOfRobotsOnWhiteSite
17783,22,19
timeStep,numberOfRobotsOnBlackSite,numberOfRobotsOnWhiteSite
17784,22,19
timeStep,numberOfRobotsOnBlackSite,numberOfRobotsOnWhiteSite
17785,22,19
timeStep,numberOfRobotsOnBlackSite,numberOfRobotsOnWhiteSite
17786,22,19
timeStep,numberOfRobotsOnBlackSite,numberOfRobotsOnWhiteSite
17787,22,19
timeStep,numberOfRobotsOnBlackSite,numberOfRobotsOnWhiteSite
17788,22,19
timeStep,numberOfRobotsOnBlackSite,numberOfRobotsOnWhiteSite
17789,22,19
timeStep,numberOfRobotsOnBlackSite,numberOfRobotsOnWhiteSite
17790,22,19
timeStep,numberOfRobotsOnBlackSite,numberOfRobotsOnWhiteSite
17791,22,19
timeStep,numberOfRobotsOnBlackSite,numberOfRobotsOnWhiteSite
17792,22,19
timeStep,numberOfRobotsOnBlackSite,numberOfRobotsOnWhiteSite
17793,22,19
timeStep,numberOfRobotsOnBlackSite,numberOfRobotsOnWhiteSite
17794,22,19
timeStep,numberOfRobotsOnBlackSite,numberOfRobotsOnWhiteSite
17795,22,19
timeStep,numberOfRobotsOnBlackSite,numberOfRobotsOnWhiteSite
17796,22,19
timeStep,numberOfRobotsOnBlackSite,numberOfRobotsOnWhiteSite
17797,22,19
timeStep,numberOfRobotsOnBlackSite,numberOfRobotsOnWhiteSite
17798,22,19
timeStep,numberOfRobotsOnBlackSite,numberOfRobotsOnWhiteSite
17799,22,19
timeStep,numberOfRobotsOnBlackSite,numberOfRobotsOnWhiteSite
17800,22,19
timeStep,numberOfRobotsOnBlackSite,numberOfRobotsOnWhiteSite
17801,22,19
timeStep,numberOfRobotsOnBlackSite,numberOfRobotsOnWhiteSite
17802,22,19
timeStep,numberOfRobotsOnBlackSite,numberOfRobotsOnWhiteSite
17803,22,19
timeStep,numberOfRobotsOnBlackSite,numberOfRobotsOnWhiteSite
17804,22,19
timeStep,numberOfRobotsOnBlackSite,numberOfRobotsOnWhiteSite
17805,22,19
timeStep,numberOfRobotsOnBlackSite,numberOfRobotsOnWhiteSite
17806,22,19
timeStep,numberOfRobotsOnBlackSite,numberOfRobotsOnWhiteSite
17807,22,19
timeStep,numberOfRobotsOnBlackSite,numberOfRobotsOnWhiteSite
17808,22,19
timeStep,numberOfRobotsOnBlackSite,numberOfRobotsOnWhiteSite
17809,22,19
timeStep,numberOfRobotsOnBlackSite,numberOfRobotsOnWhiteSite
17810,22,19
timeStep,numberOfRobotsOnBlackSite,numberOfRobotsOnWhiteSite
17811,22,19
timeStep,numberOfRobotsOnBlackSite,numberOfRobotsOnWhiteSite
17812,22,19
timeStep,numberOfRobotsOnBlackSite,numberOfRobotsOnWhiteSite
17813,22,19
timeStep,numberOfRobotsOnBlackSite,numberOfRobotsOnWhiteSite
17814,22,19
timeStep,numberOfRobotsOnBlackSite,numberOfRobotsOnWhiteSite
17815,22,19
timeStep,numberOfRobotsOnBlackSite,numberOfRobotsOnWhiteSite
17816,22,19
timeStep,numberOfRobotsOnBlackSite,numberOfRobotsOnWhiteSite
17817,22,19
timeStep,numberOfRobotsOnBlackSite,numberOfRobotsOnWhiteSite
17818,22,19
timeStep,numberOfRobotsOnBlackSite,numberOfRobotsOnWhiteSite
17819,22,19
timeStep,numberOfRobotsOnBlackSite,numberOfRobotsOnWhiteSite
17820,22,19
timeStep,numberOfRobotsOnBlackSite,numberOfRobotsOnWhiteSite
17821,22,19
timeStep,numberOfRobotsOnBlackSite,numberOfRobotsOnWhiteSite
17822,22,19
timeStep,numberOfRobotsOnBlackSite,numberOfRobotsOnWhiteSite
17823,22,19
timeStep,numberOfRobotsOnBlackSite,numberOfRobotsOnWhiteSite
17824,22,19
timeStep,numberOfRobotsOnBlackSite,numberOfRobotsOnWhiteSite
17825,22,19
timeStep,numberOfRobotsOnBlackSite,numberOfRobotsOnWhiteSite
17826,22,19
timeStep,numberOfRobotsOnBlackSite,numberOfRobotsOnWhiteSite
17827,22,19
timeStep,numberOfRobotsOnBlackSite,numberOfRobotsOnWhiteSite
17828,22,19
timeStep,numberOfRobotsOnBlackSite,numberOfRobotsOnWhiteSite
17829,22,19
timeStep,numberOfRobotsOnBlackSite,numberOfRobotsOnWhiteSite
17830,22,19
timeStep,numberOfRobotsOnBlackSite,numberOfRobotsOnWhiteSite
17831,22,19
timeStep,numberOfRobotsOnBlackSite,numberOfRobotsOnWhiteSite
17832,22,19
timeStep,numberOfRobotsOnBlackSite,numberOfRobotsOnWhiteSite
17833,22,19
timeStep,numberOfRobotsOnBlackSite,numberOfRobotsOnWhiteSite
17834,22,19
timeStep,numberOfRobotsOnBlackSite,numberOfRobotsOnWhiteSite
17835,22,19
timeStep,numberOfRobotsOnBlackSite,numberOfRobotsOnWhiteSite
17836,22,19
timeStep,numberOfRobotsOnBlackSite,numberOfRobotsOnWhiteSite
17837,22,19
timeStep,numberOfRobotsOnBlackSite,numberOfRobotsOnWhiteSite
17838,22,19
timeStep,numberOfRobotsOnBlackSite,numberOfRobotsOnWhiteSite
17839,22,19
timeStep,numberOfRobotsOnBlackSite,numberOfRobotsOnWhiteSite
17840,22,19
timeStep,numberOfRobotsOnBlackSite,numberOfRobotsOnWhiteSite
17841,22,19
timeStep,numberOfRobotsOnBlackSite,numberOfRobotsOnWhiteSite
17842,22,19
timeStep,numberOfRobotsOnBlackSite,numberOfRobotsOnWhiteSite
17843,22,19
timeStep,numberOfRobotsOnBlackSite,numberOfRobotsOnWhiteSite
17844,22,19
timeStep,numberOfRobotsOnBlackSite,numberOfRobotsOnWhiteSite
17845,22,19
timeStep,numberOfRobotsOnBlackSite,numberOfRobotsOnWhiteSite
17846,22,19
timeStep,numberOfRobotsOnBlackSite,numberOfRobotsOnWhiteSite
17847,22,19
timeStep,numberOfRobotsOnBlackSite,numberOfRobotsOnWhiteSite
17848,22,19
timeStep,numberOfRobotsOnBlackSite,numberOfRobotsOnWhiteSite
17849,22,19
timeStep,numberOfRobotsOnBlackSite,numberOfRobotsOnWhiteSite
17850,22,18
timeStep,numberOfRobotsOnBlackSite,numberOfRobotsOnWhiteSite
17851,22,18
timeStep,numberOfRobotsOnBlackSite,numberOfRobotsOnWhiteSite
17852,22,18
timeStep,numberOfRobotsOnBlackSite,numberOfRobotsOnWhiteSite
17853,22,18
timeStep,numberOfRobotsOnBlackSite,numberOfRobotsOnWhiteSite
17854,22,18
timeStep,numberOfRobotsOnBlackSite,numberOfRobotsOnWhiteSite
17855,22,17
timeStep,numberOfRobotsOnBlackSite,numberOfRobotsOnWhiteSite
17856,22,17
timeStep,numberOfRobotsOnBlackSite,numberOfRobotsOnWhiteSite
17857,22,17
timeStep,numberOfRobotsOnBlackSite,numberOfRobotsOnWhiteSite
17858,22,17
timeStep,numberOfRobotsOnBlackSite,numberOfRobotsOnWhiteSite
17859,22,17
timeStep,numberOfRobotsOnBlackSite,numberOfRobotsOnWhiteSite
17860,21,17
timeStep,numberOfRobotsOnBlackSite,numberOfRobotsOnWhiteSite
17861,21,17
timeStep,numberOfRobotsOnBlackSite,numberOfRobotsOnWhiteSite
17862,21,17
timeStep,numberOfRobotsOnBlackSite,numberOfRobotsOnWhiteSite
17863,21,17
timeStep,numberOfRobotsOnBlackSite,numberOfRobotsOnWhiteSite
17864,21,17
timeStep,numberOfRobotsOnBlackSite,numberOfRobotsOnWhiteSite
17865,21,17
timeStep,numberOfRobotsOnBlackSite,numberOfRobotsOnWhiteSite
17866,21,17
timeStep,numberOfRobotsOnBlackSite,numberOfRobotsOnWhiteSite
17867,21,17
timeStep,numberOfRobotsOnBlackSite,numberOfRobotsOnWhiteSite
17868,21,17
timeStep,numberOfRobotsOnBlackSite,numberOfRobotsOnWhiteSite
17869,21,17
timeStep,numberOfRobotsOnBlackSite,numberOfRobotsOnWhiteSite
17870,21,16
timeStep,numberOfRobotsOnBlackSite,numberOfRobotsOnWhiteSite
17871,21,16
timeStep,numberOfRobotsOnBlackSite,numberOfRobotsOnWhiteSite
17872,21,16
timeStep,numberOfRobotsOnBlackSite,numberOfRobotsOnWhiteSite
17873,21,16
timeStep,numberOfRobotsOnBlackSite,numberOfRobotsOnWhiteSite
17874,21,16
timeStep,numberOfRobotsOnBlackSite,numberOfRobotsOnWhiteSite
17875,21,16
timeStep,numberOfRobotsOnBlackSite,numberOfRobotsOnWhiteSite
17876,21,16
timeStep,numberOfRobotsOnBlackSite,numberOfRobotsOnWhiteSite
17877,21,16
timeStep,numberOfRobotsOnBlackSite,numberOfRobotsOnWhiteSite
17878,21,16
timeStep,numberOfRobotsOnBlackSite,numberOfRobotsOnWhiteSite
17879,21,16
timeStep,numberOfRobotsOnBlackSite,numberOfRobotsOnWhiteSite
17880,21,16
timeStep,numberOfRobotsOnBlackSite,numberOfRobotsOnWhiteSite
17881,21,16
timeStep,numberOfRobotsOnBlackSite,numberOfRobotsOnWhiteSite
17882,21,16
timeStep,numberOfRobotsOnBlackSite,numberOfRobotsOnWhiteSite
17883,21,16
timeStep,numberOfRobotsOnBlackSite,numberOfRobotsOnWhiteSite
17884,21,16
timeStep,numberOfRobotsOnBlackSite,numberOfRobotsOnWhiteSite
17885,21,17
timeStep,numberOfRobotsOnBlackSite,numberOfRobotsOnWhiteSite
17886,21,17
timeStep,numberOfRobotsOnBlackSite,numberOfRobotsOnWhiteSite
17887,21,17
timeStep,numberOfRobotsOnBlackSite,numberOfRobotsOnWhiteSite
17888,21,17
timeStep,numberOfRobotsOnBlackSite,numberOfRobotsOnWhiteSite
17889,21,17
timeStep,numberOfRobotsOnBlackSite,numberOfRobotsOnWhiteSite
17890,21,17
timeStep,numberOfRobotsOnBlackSite,numberOfRobotsOnWhiteSite
17891,21,17
timeStep,numberOfRobotsOnBlackSite,numberOfRobotsOnWhiteSite
17892,21,17
timeStep,numberOfRobotsOnBlackSite,numberOfRobotsOnWhiteSite
17893,21,17
timeStep,numberOfRobotsOnBlackSite,numberOfRobotsOnWhiteSite
17894,21,17
timeStep,numberOfRobotsOnBlackSite,numberOfRobotsOnWhiteSite
17895,21,17
timeStep,numberOfRobotsOnBlackSite,numberOfRobotsOnWhiteSite
17896,21,17
timeStep,numberOfRobotsOnBlackSite,numberOfRobotsOnWhiteSite
17897,21,17
timeStep,numberOfRobotsOnBlackSite,numberOfRobotsOnWhiteSite
17898,21,17
timeStep,numberOfRobotsOnBlackSite,numberOfRobotsOnWhiteSite
17899,21,17
timeStep,numberOfRobotsOnBlackSite,numberOfRobotsOnWhiteSite
17900,21,17
timeStep,numberOfRobotsOnBlackSite,numberOfRobotsOnWhiteSite
17901,21,17
timeStep,numberOfRobotsOnBlackSite,numberOfRobotsOnWhiteSite
17902,21,17
timeStep,numberOfRobotsOnBlackSite,numberOfRobotsOnWhiteSite
17903,21,17
timeStep,numberOfRobotsOnBlackSite,numberOfRobotsOnWhiteSite
17904,21,17
timeStep,numberOfRobotsOnBlackSite,numberOfRobotsOnWhiteSite
17905,21,18
timeStep,numberOfRobotsOnBlackSite,numberOfRobotsOnWhiteSite
17906,21,18
timeStep,numberOfRobotsOnBlackSite,numberOfRobotsOnWhiteSite
17907,21,18
timeStep,numberOfRobotsOnBlackSite,numberOfRobotsOnWhiteSite
17908,21,18
timeStep,numberOfRobotsOnBlackSite,numberOfRobotsOnWhiteSite
17909,21,18
timeStep,numberOfRobotsOnBlackSite,numberOfRobotsOnWhiteSite
17910,22,18
timeStep,numberOfRobotsOnBlackSite,numberOfRobotsOnWhiteSite
17911,22,18
timeStep,numberOfRobotsOnBlackSite,numberOfRobotsOnWhiteSite
17912,22,18
timeStep,numberOfRobotsOnBlackSite,numberOfRobotsOnWhiteSite
17913,22,18
timeStep,numberOfRobotsOnBlackSite,numberOfRobotsOnWhiteSite
17914,22,18
timeStep,numberOfRobotsOnBlackSite,numberOfRobotsOnWhiteSite
17915,22,18
timeStep,numberOfRobotsOnBlackSite,numberOfRobotsOnWhiteSite
17916,22,18
timeStep,numberOfRobotsOnBlackSite,numberOfRobotsOnWhiteSite
17917,22,18
timeStep,numberOfRobotsOnBlackSite,numberOfRobotsOnWhiteSite
17918,22,18
timeStep,numberOfRobotsOnBlackSite,numberOfRobotsOnWhiteSite
17919,22,18
timeStep,numberOfRobotsOnBlackSite,numberOfRobotsOnWhiteSite
17920,22,18
timeStep,numberOfRobotsOnBlackSite,numberOfRobotsOnWhiteSite
17921,22,18
timeStep,numberOfRobotsOnBlackSite,numberOfRobotsOnWhiteSite
17922,22,18
timeStep,numberOfRobotsOnBlackSite,numberOfRobotsOnWhiteSite
17923,22,18
timeStep,numberOfRobotsOnBlackSite,numberOfRobotsOnWhiteSite
17924,22,18
timeStep,numberOfRobotsOnBlackSite,numberOfRobotsOnWhiteSite
17925,22,17
timeStep,numberOfRobotsOnBlackSite,numberOfRobotsOnWhiteSite
17926,22,17
timeStep,numberOfRobotsOnBlackSite,numberOfRobotsOnWhiteSite
17927,22,17
timeStep,numberOfRobotsOnBlackSite,numberOfRobotsOnWhiteSite
17928,22,17
timeStep,numberOfRobotsOnBlackSite,numberOfRobotsOnWhiteSite
17929,22,17
timeStep,numberOfRobotsOnBlackSite,numberOfRobotsOnWhiteSite
17930,22,17
timeStep,numberOfRobotsOnBlackSite,numberOfRobotsOnWhiteSite
17931,22,17
timeStep,numberOfRobotsOnBlackSite,numberOfRobotsOnWhiteSite
17932,22,17
timeStep,numberOfRobotsOnBlackSite,numberOfRobotsOnWhiteSite
17933,22,17
timeStep,numberOfRobotsOnBlackSite,numberOfRobotsOnWhiteSite
17934,22,17
timeStep,numberOfRobotsOnBlackSite,numberOfRobotsOnWhiteSite
17935,22,17
timeStep,numberOfRobotsOnBlackSite,numberOfRobotsOnWhiteSite
17936,22,17
timeStep,numberOfRobotsOnBlackSite,numberOfRobotsOnWhiteSite
17937,22,17
timeStep,numberOfRobotsOnBlackSite,numberOfRobotsOnWhiteSite
17938,22,17
timeStep,numberOfRobotsOnBlackSite,numberOfRobotsOnWhiteSite
17939,22,17
timeStep,numberOfRobotsOnBlackSite,numberOfRobotsOnWhiteSite
17940,22,17
timeStep,numberOfRobotsOnBlackSite,numberOfRobotsOnWhiteSite
17941,22,17
timeStep,numberOfRobotsOnBlackSite,numberOfRobotsOnWhiteSite
17942,22,17
timeStep,numberOfRobotsOnBlackSite,numberOfRobotsOnWhiteSite
17943,22,17
timeStep,numberOfRobotsOnBlackSite,numberOfRobotsOnWhiteSite
17944,22,17
timeStep,numberOfRobotsOnBlackSite,numberOfRobotsOnWhiteSite
17945,22,17
timeStep,numberOfRobotsOnBlackSite,numberOfRobotsOnWhiteSite
17946,22,17
timeStep,numberOfRobotsOnBlackSite,numberOfRobotsOnWhiteSite
17947,22,17
timeStep,numberOfRobotsOnBlackSite,numberOfRobotsOnWhiteSite
17948,22,17
timeStep,numberOfRobotsOnBlackSite,numberOfRobotsOnWhiteSite
17949,22,17
timeStep,numberOfRobotsOnBlackSite,numberOfRobotsOnWhiteSite
17950,22,17
timeStep,numberOfRobotsOnBlackSite,numberOfRobotsOnWhiteSite
17951,22,17
timeStep,numberOfRobotsOnBlackSite,numberOfRobotsOnWhiteSite
17952,22,17
timeStep,numberOfRobotsOnBlackSite,numberOfRobotsOnWhiteSite
17953,22,17
timeStep,numberOfRobotsOnBlackSite,numberOfRobotsOnWhiteSite
17954,22,17
timeStep,numberOfRobotsOnBlackSite,numberOfRobotsOnWhiteSite
17955,22,17
timeStep,numberOfRobotsOnBlackSite,numberOfRobotsOnWhiteSite
17956,22,17
timeStep,numberOfRobotsOnBlackSite,numberOfRobotsOnWhiteSite
17957,22,17
timeStep,numberOfRobotsOnBlackSite,numberOfRobotsOnWhiteSite
17958,22,17
timeStep,numberOfRobotsOnBlackSite,numberOfRobotsOnWhiteSite
17959,22,17
timeStep,numberOfRobotsOnBlackSite,numberOfRobotsOnWhiteSite
17960,22,17
timeStep,numberOfRobotsOnBlackSite,numberOfRobotsOnWhiteSite
17961,22,17
timeStep,numberOfRobotsOnBlackSite,numberOfRobotsOnWhiteSite
17962,22,17
timeStep,numberOfRobotsOnBlackSite,numberOfRobotsOnWhiteSite
17963,22,17
timeStep,numberOfRobotsOnBlackSite,numberOfRobotsOnWhiteSite
17964,22,17
timeStep,numberOfRobotsOnBlackSite,numberOfRobotsOnWhiteSite
17965,23,17
timeStep,numberOfRobotsOnBlackSite,numberOfRobotsOnWhiteSite
17966,23,17
timeStep,numberOfRobotsOnBlackSite,numberOfRobotsOnWhiteSite
17967,23,17
timeStep,numberOfRobotsOnBlackSite,numberOfRobotsOnWhiteSite
17968,23,17
timeStep,numberOfRobotsOnBlackSite,numberOfRobotsOnWhiteSite
17969,23,17
timeStep,numberOfRobotsOnBlackSite,numberOfRobotsOnWhiteSite
17970,23,17
timeStep,numberOfRobotsOnBlackSite,numberOfRobotsOnWhiteSite
17971,23,17
timeStep,numberOfRobotsOnBlackSite,numberOfRobotsOnWhiteSite
17972,23,17
timeStep,numberOfRobotsOnBlackSite,numberOfRobotsOnWhiteSite
17973,23,17
timeStep,numberOfRobotsOnBlackSite,numberOfRobotsOnWhiteSite
17974,23,17
timeStep,numberOfRobotsOnBlackSite,numberOfRobotsOnWhiteSite
17975,23,17
timeStep,numberOfRobotsOnBlackSite,numberOfRobotsOnWhiteSite
17976,23,17
timeStep,numberOfRobotsOnBlackSite,numberOfRobotsOnWhiteSite
17977,23,17
timeStep,numberOfRobotsOnBlackSite,numberOfRobotsOnWhiteSite
17978,23,17
timeStep,numberOfRobotsOnBlackSite,numberOfRobotsOnWhiteSite
17979,23,17
timeStep,numberOfRobotsOnBlackSite,numberOfRobotsOnWhiteSite
17980,23,17
timeStep,numberOfRobotsOnBlackSite,numberOfRobotsOnWhiteSite
17981,23,17
timeStep,numberOfRobotsOnBlackSite,numberOfRobotsOnWhiteSite
17982,23,17
timeStep,numberOfRobotsOnBlackSite,numberOfRobotsOnWhiteSite
17983,23,17
timeStep,numberOfRobotsOnBlackSite,numberOfRobotsOnWhiteSite
17984,23,17
timeStep,numberOfRobotsOnBlackSite,numberOfRobotsOnWhiteSite
17985,23,16
timeStep,numberOfRobotsOnBlackSite,numberOfRobotsOnWhiteSite
17986,23,16
timeStep,numberOfRobotsOnBlackSite,numberOfRobotsOnWhiteSite
17987,23,16
timeStep,numberOfRobotsOnBlackSite,numberOfRobotsOnWhiteSite
17988,23,16
timeStep,numberOfRobotsOnBlackSite,numberOfRobotsOnWhiteSite
17989,23,16
timeStep,numberOfRobotsOnBlackSite,numberOfRobotsOnWhiteSite
17990,22,16
timeStep,numberOfRobotsOnBlackSite,numberOfRobotsOnWhiteSite
17991,22,16
timeStep,numberOfRobotsOnBlackSite,numberOfRobotsOnWhiteSite
17992,22,16
timeStep,numberOfRobotsOnBlackSite,numberOfRobotsOnWhiteSite
17993,22,16
timeStep,numberOfRobotsOnBlackSite,numberOfRobotsOnWhiteSite
17994,22,16
timeStep,numberOfRobotsOnBlackSite,numberOfRobotsOnWhiteSite
17995,22,16
timeStep,numberOfRobotsOnBlackSite,numberOfRobotsOnWhiteSite
17996,22,16
timeStep,numberOfRobotsOnBlackSite,numberOfRobotsOnWhiteSite
17997,22,16
timeStep,numberOfRobotsOnBlackSite,numberOfRobotsOnWhiteSite
17998,22,16
timeStep,numberOfRobotsOnBlackSite,numberOfRobotsOnWhiteSite
17999,22,16
timeStep,numberOfRobotsOnBlackSite,numberOfRobotsOnWhiteSite
18000,22,16
timeStep,numberOfRobotsOnBlackSite,numberOfRobotsOnWhiteSite
18001,22,16
timeStep,numberOfRobotsOnBlackSite,numberOfRobotsOnWhiteSite
18002,22,16
timeStep,numberOfRobotsOnBlackSite,numberOfRobotsOnWhiteSite
18003,22,16
timeStep,numberOfRobotsOnBlackSite,numberOfRobotsOnWhiteSite
18004,22,16
timeStep,numberOfRobotsOnBlackSite,numberOfRobotsOnWhiteSite
18005,22,16
timeStep,numberOfRobotsOnBlackSite,numberOfRobotsOnWhiteSite
18006,22,16
timeStep,numberOfRobotsOnBlackSite,numberOfRobotsOnWhiteSite
18007,22,16
timeStep,numberOfRobotsOnBlackSite,numberOfRobotsOnWhiteSite
18008,22,16
timeStep,numberOfRobotsOnBlackSite,numberOfRobotsOnWhiteSite
18009,22,16
timeStep,numberOfRobotsOnBlackSite,numberOfRobotsOnWhiteSite
18010,22,16
timeStep,numberOfRobotsOnBlackSite,numberOfRobotsOnWhiteSite
18011,22,16
timeStep,numberOfRobotsOnBlackSite,numberOfRobotsOnWhiteSite
18012,22,16
timeStep,numberOfRobotsOnBlackSite,numberOfRobotsOnWhiteSite
18013,22,16
timeStep,numberOfRobotsOnBlackSite,numberOfRobotsOnWhiteSite
18014,22,16
timeStep,numberOfRobotsOnBlackSite,numberOfRobotsOnWhiteSite
18015,22,16
timeStep,numberOfRobotsOnBlackSite,numberOfRobotsOnWhiteSite
18016,22,16
timeStep,numberOfRobotsOnBlackSite,numberOfRobotsOnWhiteSite
18017,22,16
timeStep,numberOfRobotsOnBlackSite,numberOfRobotsOnWhiteSite
18018,22,16
timeStep,numberOfRobotsOnBlackSite,numberOfRobotsOnWhiteSite
18019,22,16
timeStep,numberOfRobotsOnBlackSite,numberOfRobotsOnWhiteSite
18020,22,17
timeStep,numberOfRobotsOnBlackSite,numberOfRobotsOnWhiteSite
18021,22,17
timeStep,numberOfRobotsOnBlackSite,numberOfRobotsOnWhiteSite
18022,22,17
timeStep,numberOfRobotsOnBlackSite,numberOfRobotsOnWhiteSite
18023,22,17
timeStep,numberOfRobotsOnBlackSite,numberOfRobotsOnWhiteSite
18024,22,17
timeStep,numberOfRobotsOnBlackSite,numberOfRobotsOnWhiteSite
18025,22,17
timeStep,numberOfRobotsOnBlackSite,numberOfRobotsOnWhiteSite
18026,22,17
timeStep,numberOfRobotsOnBlackSite,numberOfRobotsOnWhiteSite
18027,22,17
timeStep,numberOfRobotsOnBlackSite,numberOfRobotsOnWhiteSite
18028,22,17
timeStep,numberOfRobotsOnBlackSite,numberOfRobotsOnWhiteSite
18029,22,17
timeStep,numberOfRobotsOnBlackSite,numberOfRobotsOnWhiteSite
18030,22,17
timeStep,numberOfRobotsOnBlackSite,numberOfRobotsOnWhiteSite
18031,22,17
timeStep,numberOfRobotsOnBlackSite,numberOfRobotsOnWhiteSite
18032,22,17
timeStep,numberOfRobotsOnBlackSite,numberOfRobotsOnWhiteSite
18033,22,17
timeStep,numberOfRobotsOnBlackSite,numberOfRobotsOnWhiteSite
18034,22,17
timeStep,numberOfRobotsOnBlackSite,numberOfRobotsOnWhiteSite
18035,22,17
timeStep,numberOfRobotsOnBlackSite,numberOfRobotsOnWhiteSite
18036,22,17
timeStep,numberOfRobotsOnBlackSite,numberOfRobotsOnWhiteSite
18037,22,17
timeStep,numberOfRobotsOnBlackSite,numberOfRobotsOnWhiteSite
18038,22,17
timeStep,numberOfRobotsOnBlackSite,numberOfRobotsOnWhiteSite
18039,22,17
timeStep,numberOfRobotsOnBlackSite,numberOfRobotsOnWhiteSite
18040,22,17
timeStep,numberOfRobotsOnBlackSite,numberOfRobotsOnWhiteSite
18041,22,17
timeStep,numberOfRobotsOnBlackSite,numberOfRobotsOnWhiteSite
18042,22,17
timeStep,numberOfRobotsOnBlackSite,numberOfRobotsOnWhiteSite
18043,22,17
timeStep,numberOfRobotsOnBlackSite,numberOfRobotsOnWhiteSite
18044,22,17
timeStep,numberOfRobotsOnBlackSite,numberOfRobotsOnWhiteSite
18045,22,17
timeStep,numberOfRobotsOnBlackSite,numberOfRobotsOnWhiteSite
18046,22,17
timeStep,numberOfRobotsOnBlackSite,numberOfRobotsOnWhiteSite
18047,22,17
timeStep,numberOfRobotsOnBlackSite,numberOfRobotsOnWhiteSite
18048,22,17
timeStep,numberOfRobotsOnBlackSite,numberOfRobotsOnWhiteSite
18049,22,17
timeStep,numberOfRobotsOnBlackSite,numberOfRobotsOnWhiteSite
18050,22,17
timeStep,numberOfRobotsOnBlackSite,numberOfRobotsOnWhiteSite
18051,22,17
timeStep,numberOfRobotsOnBlackSite,numberOfRobotsOnWhiteSite
18052,22,17
timeStep,numberOfRobotsOnBlackSite,numberOfRobotsOnWhiteSite
18053,22,17
timeStep,numberOfRobotsOnBlackSite,numberOfRobotsOnWhiteSite
18054,22,17
timeStep,numberOfRobotsOnBlackSite,numberOfRobotsOnWhiteSite
18055,22,17
timeStep,numberOfRobotsOnBlackSite,numberOfRobotsOnWhiteSite
18056,22,17
timeStep,numberOfRobotsOnBlackSite,numberOfRobotsOnWhiteSite
18057,22,17
timeStep,numberOfRobotsOnBlackSite,numberOfRobotsOnWhiteSite
18058,22,17
timeStep,numberOfRobotsOnBlackSite,numberOfRobotsOnWhiteSite
18059,22,17
timeStep,numberOfRobotsOnBlackSite,numberOfRobotsOnWhiteSite
18060,22,17
timeStep,numberOfRobotsOnBlackSite,numberOfRobotsOnWhiteSite
18061,22,17
timeStep,numberOfRobotsOnBlackSite,numberOfRobotsOnWhiteSite
18062,22,17
timeStep,numberOfRobotsOnBlackSite,numberOfRobotsOnWhiteSite
18063,22,17
timeStep,numberOfRobotsOnBlackSite,numberOfRobotsOnWhiteSite
18064,22,17
timeStep,numberOfRobotsOnBlackSite,numberOfRobotsOnWhiteSite
18065,22,16
timeStep,numberOfRobotsOnBlackSite,numberOfRobotsOnWhiteSite
18066,22,16
timeStep,numberOfRobotsOnBlackSite,numberOfRobotsOnWhiteSite
18067,22,16
timeStep,numberOfRobotsOnBlackSite,numberOfRobotsOnWhiteSite
18068,22,16
timeStep,numberOfRobotsOnBlackSite,numberOfRobotsOnWhiteSite
18069,22,16
timeStep,numberOfRobotsOnBlackSite,numberOfRobotsOnWhiteSite
18070,22,16
timeStep,numberOfRobotsOnBlackSite,numberOfRobotsOnWhiteSite
18071,22,16
timeStep,numberOfRobotsOnBlackSite,numberOfRobotsOnWhiteSite
18072,22,16
timeStep,numberOfRobotsOnBlackSite,numberOfRobotsOnWhiteSite
18073,22,16
timeStep,numberOfRobotsOnBlackSite,numberOfRobotsOnWhiteSite
18074,22,16
timeStep,numberOfRobotsOnBlackSite,numberOfRobotsOnWhiteSite
18075,22,16
timeStep,numberOfRobotsOnBlackSite,numberOfRobotsOnWhiteSite
18076,22,16
timeStep,numberOfRobotsOnBlackSite,numberOfRobotsOnWhiteSite
18077,22,16
timeStep,numberOfRobotsOnBlackSite,numberOfRobotsOnWhiteSite
18078,22,16
timeStep,numberOfRobotsOnBlackSite,numberOfRobotsOnWhiteSite
18079,22,16
timeStep,numberOfRobotsOnBlackSite,numberOfRobotsOnWhiteSite
18080,22,16
timeStep,numberOfRobotsOnBlackSite,numberOfRobotsOnWhiteSite
18081,22,16
timeStep,numberOfRobotsOnBlackSite,numberOfRobotsOnWhiteSite
18082,22,16
timeStep,numberOfRobotsOnBlackSite,numberOfRobotsOnWhiteSite
18083,22,16
timeStep,numberOfRobotsOnBlackSite,numberOfRobotsOnWhiteSite
18084,22,16
timeStep,numberOfRobotsOnBlackSite,numberOfRobotsOnWhiteSite
18085,22,16
timeStep,numberOfRobotsOnBlackSite,numberOfRobotsOnWhiteSite
18086,22,16
timeStep,numberOfRobotsOnBlackSite,numberOfRobotsOnWhiteSite
18087,22,16
timeStep,numberOfRobotsOnBlackSite,numberOfRobotsOnWhiteSite
18088,22,16
timeStep,numberOfRobotsOnBlackSite,numberOfRobotsOnWhiteSite
18089,22,16
timeStep,numberOfRobotsOnBlackSite,numberOfRobotsOnWhiteSite
18090,22,16
timeStep,numberOfRobotsOnBlackSite,numberOfRobotsOnWhiteSite
18091,22,16
timeStep,numberOfRobotsOnBlackSite,numberOfRobotsOnWhiteSite
18092,22,16
timeStep,numberOfRobotsOnBlackSite,numberOfRobotsOnWhiteSite
18093,22,16
timeStep,numberOfRobotsOnBlackSite,numberOfRobotsOnWhiteSite
18094,22,16
timeStep,numberOfRobotsOnBlackSite,numberOfRobotsOnWhiteSite
18095,22,16
timeStep,numberOfRobotsOnBlackSite,numberOfRobotsOnWhiteSite
18096,22,16
timeStep,numberOfRobotsOnBlackSite,numberOfRobotsOnWhiteSite
18097,22,16
timeStep,numberOfRobotsOnBlackSite,numberOfRobotsOnWhiteSite
18098,22,16
timeStep,numberOfRobotsOnBlackSite,numberOfRobotsOnWhiteSite
18099,22,16
timeStep,numberOfRobotsOnBlackSite,numberOfRobotsOnWhiteSite
18100,22,16
timeStep,numberOfRobotsOnBlackSite,numberOfRobotsOnWhiteSite
18101,22,16
timeStep,numberOfRobotsOnBlackSite,numberOfRobotsOnWhiteSite
18102,22,16
timeStep,numberOfRobotsOnBlackSite,numberOfRobotsOnWhiteSite
18103,22,16
timeStep,numberOfRobotsOnBlackSite,numberOfRobotsOnWhiteSite
18104,22,16
timeStep,numberOfRobotsOnBlackSite,numberOfRobotsOnWhiteSite
18105,22,16
timeStep,numberOfRobotsOnBlackSite,numberOfRobotsOnWhiteSite
18106,22,16
timeStep,numberOfRobotsOnBlackSite,numberOfRobotsOnWhiteSite
18107,22,16
timeStep,numberOfRobotsOnBlackSite,numberOfRobotsOnWhiteSite
18108,22,16
timeStep,numberOfRobotsOnBlackSite,numberOfRobotsOnWhiteSite
18109,22,16
timeStep,numberOfRobotsOnBlackSite,numberOfRobotsOnWhiteSite
18110,22,16
timeStep,numberOfRobotsOnBlackSite,numberOfRobotsOnWhiteSite
18111,22,16
timeStep,numberOfRobotsOnBlackSite,numberOfRobotsOnWhiteSite
18112,22,16
timeStep,numberOfRobotsOnBlackSite,numberOfRobotsOnWhiteSite
18113,22,16
timeStep,numberOfRobotsOnBlackSite,numberOfRobotsOnWhiteSite
18114,22,16
timeStep,numberOfRobotsOnBlackSite,numberOfRobotsOnWhiteSite
18115,22,16
timeStep,numberOfRobotsOnBlackSite,numberOfRobotsOnWhiteSite
18116,22,16
timeStep,numberOfRobotsOnBlackSite,numberOfRobotsOnWhiteSite
18117,22,16
timeStep,numberOfRobotsOnBlackSite,numberOfRobotsOnWhiteSite
18118,22,16
timeStep,numberOfRobotsOnBlackSite,numberOfRobotsOnWhiteSite
18119,22,16
timeStep,numberOfRobotsOnBlackSite,numberOfRobotsOnWhiteSite
18120,22,16
timeStep,numberOfRobotsOnBlackSite,numberOfRobotsOnWhiteSite
18121,22,16
timeStep,numberOfRobotsOnBlackSite,numberOfRobotsOnWhiteSite
18122,22,16
timeStep,numberOfRobotsOnBlackSite,numberOfRobotsOnWhiteSite
18123,22,16
timeStep,numberOfRobotsOnBlackSite,numberOfRobotsOnWhiteSite
18124,22,16
timeStep,numberOfRobotsOnBlackSite,numberOfRobotsOnWhiteSite
18125,22,16
timeStep,numberOfRobotsOnBlackSite,numberOfRobotsOnWhiteSite
18126,22,16
timeStep,numberOfRobotsOnBlackSite,numberOfRobotsOnWhiteSite
18127,22,16
timeStep,numberOfRobotsOnBlackSite,numberOfRobotsOnWhiteSite
18128,22,16
timeStep,numberOfRobotsOnBlackSite,numberOfRobotsOnWhiteSite
18129,22,16
timeStep,numberOfRobotsOnBlackSite,numberOfRobotsOnWhiteSite
18130,22,16
timeStep,numberOfRobotsOnBlackSite,numberOfRobotsOnWhiteSite
18131,22,16
timeStep,numberOfRobotsOnBlackSite,numberOfRobotsOnWhiteSite
18132,22,16
timeStep,numberOfRobotsOnBlackSite,numberOfRobotsOnWhiteSite
18133,22,16
timeStep,numberOfRobotsOnBlackSite,numberOfRobotsOnWhiteSite
18134,22,16
timeStep,numberOfRobotsOnBlackSite,numberOfRobotsOnWhiteSite
18135,22,16
timeStep,numberOfRobotsOnBlackSite,numberOfRobotsOnWhiteSite
18136,22,16
timeStep,numberOfRobotsOnBlackSite,numberOfRobotsOnWhiteSite
18137,22,16
timeStep,numberOfRobotsOnBlackSite,numberOfRobotsOnWhiteSite
18138,22,16
timeStep,numberOfRobotsOnBlackSite,numberOfRobotsOnWhiteSite
18139,22,16
timeStep,numberOfRobotsOnBlackSite,numberOfRobotsOnWhiteSite
18140,22,16
timeStep,numberOfRobotsOnBlackSite,numberOfRobotsOnWhiteSite
18141,22,16
timeStep,numberOfRobotsOnBlackSite,numberOfRobotsOnWhiteSite
18142,22,16
timeStep,numberOfRobotsOnBlackSite,numberOfRobotsOnWhiteSite
18143,22,16
timeStep,numberOfRobotsOnBlackSite,numberOfRobotsOnWhiteSite
18144,22,16
timeStep,numberOfRobotsOnBlackSite,numberOfRobotsOnWhiteSite
18145,22,16
timeStep,numberOfRobotsOnBlackSite,numberOfRobotsOnWhiteSite
18146,22,16
timeStep,numberOfRobotsOnBlackSite,numberOfRobotsOnWhiteSite
18147,22,16
timeStep,numberOfRobotsOnBlackSite,numberOfRobotsOnWhiteSite
18148,22,16
timeStep,numberOfRobotsOnBlackSite,numberOfRobotsOnWhiteSite
18149,22,16
timeStep,numberOfRobotsOnBlackSite,numberOfRobotsOnWhiteSite
18150,22,16
timeStep,numberOfRobotsOnBlackSite,numberOfRobotsOnWhiteSite
18151,22,16
timeStep,numberOfRobotsOnBlackSite,numberOfRobotsOnWhiteSite
18152,22,16
timeStep,numberOfRobotsOnBlackSite,numberOfRobotsOnWhiteSite
18153,22,16
timeStep,numberOfRobotsOnBlackSite,numberOfRobotsOnWhiteSite
18154,22,16
timeStep,numberOfRobotsOnBlackSite,numberOfRobotsOnWhiteSite
18155,22,16
timeStep,numberOfRobotsOnBlackSite,numberOfRobotsOnWhiteSite
18156,22,16
timeStep,numberOfRobotsOnBlackSite,numberOfRobotsOnWhiteSite
18157,22,16
timeStep,numberOfRobotsOnBlackSite,numberOfRobotsOnWhiteSite
18158,22,16
timeStep,numberOfRobotsOnBlackSite,numberOfRobotsOnWhiteSite
18159,22,16
timeStep,numberOfRobotsOnBlackSite,numberOfRobotsOnWhiteSite
18160,22,16
timeStep,numberOfRobotsOnBlackSite,numberOfRobotsOnWhiteSite
18161,22,16
timeStep,numberOfRobotsOnBlackSite,numberOfRobotsOnWhiteSite
18162,22,16
timeStep,numberOfRobotsOnBlackSite,numberOfRobotsOnWhiteSite
18163,22,16
timeStep,numberOfRobotsOnBlackSite,numberOfRobotsOnWhiteSite
18164,22,16
timeStep,numberOfRobotsOnBlackSite,numberOfRobotsOnWhiteSite
18165,22,16
timeStep,numberOfRobotsOnBlackSite,numberOfRobotsOnWhiteSite
18166,22,16
timeStep,numberOfRobotsOnBlackSite,numberOfRobotsOnWhiteSite
18167,22,16
timeStep,numberOfRobotsOnBlackSite,numberOfRobotsOnWhiteSite
18168,22,16
timeStep,numberOfRobotsOnBlackSite,numberOfRobotsOnWhiteSite
18169,22,16
timeStep,numberOfRobotsOnBlackSite,numberOfRobotsOnWhiteSite
18170,22,16
timeStep,numberOfRobotsOnBlackSite,numberOfRobotsOnWhiteSite
18171,22,16
timeStep,numberOfRobotsOnBlackSite,numberOfRobotsOnWhiteSite
18172,22,16
timeStep,numberOfRobotsOnBlackSite,numberOfRobotsOnWhiteSite
18173,22,16
timeStep,numberOfRobotsOnBlackSite,numberOfRobotsOnWhiteSite
18174,22,16
timeStep,numberOfRobotsOnBlackSite,numberOfRobotsOnWhiteSite
18175,22,16
timeStep,numberOfRobotsOnBlackSite,numberOfRobotsOnWhiteSite
18176,22,16
timeStep,numberOfRobotsOnBlackSite,numberOfRobotsOnWhiteSite
18177,22,16
timeStep,numberOfRobotsOnBlackSite,numberOfRobotsOnWhiteSite
18178,22,16
timeStep,numberOfRobotsOnBlackSite,numberOfRobotsOnWhiteSite
18179,22,16
timeStep,numberOfRobotsOnBlackSite,numberOfRobotsOnWhiteSite
18180,22,16
timeStep,numberOfRobotsOnBlackSite,numberOfRobotsOnWhiteSite
18181,22,16
timeStep,numberOfRobotsOnBlackSite,numberOfRobotsOnWhiteSite
18182,22,16
timeStep,numberOfRobotsOnBlackSite,numberOfRobotsOnWhiteSite
18183,22,16
timeStep,numberOfRobotsOnBlackSite,numberOfRobotsOnWhiteSite
18184,22,16
timeStep,numberOfRobotsOnBlackSite,numberOfRobotsOnWhiteSite
18185,22,17
timeStep,numberOfRobotsOnBlackSite,numberOfRobotsOnWhiteSite
18186,22,17
timeStep,numberOfRobotsOnBlackSite,numberOfRobotsOnWhiteSite
18187,22,17
timeStep,numberOfRobotsOnBlackSite,numberOfRobotsOnWhiteSite
18188,22,17
timeStep,numberOfRobotsOnBlackSite,numberOfRobotsOnWhiteSite
18189,22,17
timeStep,numberOfRobotsOnBlackSite,numberOfRobotsOnWhiteSite
18190,22,17
timeStep,numberOfRobotsOnBlackSite,numberOfRobotsOnWhiteSite
18191,22,17
timeStep,numberOfRobotsOnBlackSite,numberOfRobotsOnWhiteSite
18192,22,17
timeStep,numberOfRobotsOnBlackSite,numberOfRobotsOnWhiteSite
18193,22,17
timeStep,numberOfRobotsOnBlackSite,numberOfRobotsOnWhiteSite
18194,22,17
timeStep,numberOfRobotsOnBlackSite,numberOfRobotsOnWhiteSite
18195,22,17
timeStep,numberOfRobotsOnBlackSite,numberOfRobotsOnWhiteSite
18196,22,17
timeStep,numberOfRobotsOnBlackSite,numberOfRobotsOnWhiteSite
18197,22,17
timeStep,numberOfRobotsOnBlackSite,numberOfRobotsOnWhiteSite
18198,22,17
timeStep,numberOfRobotsOnBlackSite,numberOfRobotsOnWhiteSite
18199,22,17
timeStep,numberOfRobotsOnBlackSite,numberOfRobotsOnWhiteSite
18200,22,16
timeStep,numberOfRobotsOnBlackSite,numberOfRobotsOnWhiteSite
18201,22,16
timeStep,numberOfRobotsOnBlackSite,numberOfRobotsOnWhiteSite
18202,22,16
timeStep,numberOfRobotsOnBlackSite,numberOfRobotsOnWhiteSite
18203,22,16
timeStep,numberOfRobotsOnBlackSite,numberOfRobotsOnWhiteSite
18204,22,16
timeStep,numberOfRobotsOnBlackSite,numberOfRobotsOnWhiteSite
18205,22,16
timeStep,numberOfRobotsOnBlackSite,numberOfRobotsOnWhiteSite
18206,22,16
timeStep,numberOfRobotsOnBlackSite,numberOfRobotsOnWhiteSite
18207,22,16
timeStep,numberOfRobotsOnBlackSite,numberOfRobotsOnWhiteSite
18208,22,16
timeStep,numberOfRobotsOnBlackSite,numberOfRobotsOnWhiteSite
18209,22,16
timeStep,numberOfRobotsOnBlackSite,numberOfRobotsOnWhiteSite
18210,22,16
timeStep,numberOfRobotsOnBlackSite,numberOfRobotsOnWhiteSite
18211,22,16
timeStep,numberOfRobotsOnBlackSite,numberOfRobotsOnWhiteSite
18212,22,16
timeStep,numberOfRobotsOnBlackSite,numberOfRobotsOnWhiteSite
18213,22,16
timeStep,numberOfRobotsOnBlackSite,numberOfRobotsOnWhiteSite
18214,22,16
timeStep,numberOfRobotsOnBlackSite,numberOfRobotsOnWhiteSite
18215,22,16
timeStep,numberOfRobotsOnBlackSite,numberOfRobotsOnWhiteSite
18216,22,16
timeStep,numberOfRobotsOnBlackSite,numberOfRobotsOnWhiteSite
18217,22,16
timeStep,numberOfRobotsOnBlackSite,numberOfRobotsOnWhiteSite
18218,22,16
timeStep,numberOfRobotsOnBlackSite,numberOfRobotsOnWhiteSite
18219,22,16
timeStep,numberOfRobotsOnBlackSite,numberOfRobotsOnWhiteSite
18220,22,16
timeStep,numberOfRobotsOnBlackSite,numberOfRobotsOnWhiteSite
18221,22,16
timeStep,numberOfRobotsOnBlackSite,numberOfRobotsOnWhiteSite
18222,22,16
timeStep,numberOfRobotsOnBlackSite,numberOfRobotsOnWhiteSite
18223,22,16
timeStep,numberOfRobotsOnBlackSite,numberOfRobotsOnWhiteSite
18224,22,16
timeStep,numberOfRobotsOnBlackSite,numberOfRobotsOnWhiteSite
18225,22,16
timeStep,numberOfRobotsOnBlackSite,numberOfRobotsOnWhiteSite
18226,22,16
timeStep,numberOfRobotsOnBlackSite,numberOfRobotsOnWhiteSite
18227,22,16
timeStep,numberOfRobotsOnBlackSite,numberOfRobotsOnWhiteSite
18228,22,16
timeStep,numberOfRobotsOnBlackSite,numberOfRobotsOnWhiteSite
18229,22,16
timeStep,numberOfRobotsOnBlackSite,numberOfRobotsOnWhiteSite
18230,22,16
timeStep,numberOfRobotsOnBlackSite,numberOfRobotsOnWhiteSite
18231,22,16
timeStep,numberOfRobotsOnBlackSite,numberOfRobotsOnWhiteSite
18232,22,16
timeStep,numberOfRobotsOnBlackSite,numberOfRobotsOnWhiteSite
18233,22,16
timeStep,numberOfRobotsOnBlackSite,numberOfRobotsOnWhiteSite
18234,22,16
timeStep,numberOfRobotsOnBlackSite,numberOfRobotsOnWhiteSite
18235,22,16
timeStep,numberOfRobotsOnBlackSite,numberOfRobotsOnWhiteSite
18236,22,16
timeStep,numberOfRobotsOnBlackSite,numberOfRobotsOnWhiteSite
18237,22,16
timeStep,numberOfRobotsOnBlackSite,numberOfRobotsOnWhiteSite
18238,22,16
timeStep,numberOfRobotsOnBlackSite,numberOfRobotsOnWhiteSite
18239,22,16
timeStep,numberOfRobotsOnBlackSite,numberOfRobotsOnWhiteSite
18240,22,16
timeStep,numberOfRobotsOnBlackSite,numberOfRobotsOnWhiteSite
18241,22,16
timeStep,numberOfRobotsOnBlackSite,numberOfRobotsOnWhiteSite
18242,22,16
timeStep,numberOfRobotsOnBlackSite,numberOfRobotsOnWhiteSite
18243,22,16
timeStep,numberOfRobotsOnBlackSite,numberOfRobotsOnWhiteSite
18244,22,16
timeStep,numberOfRobotsOnBlackSite,numberOfRobotsOnWhiteSite
18245,22,17
timeStep,numberOfRobotsOnBlackSite,numberOfRobotsOnWhiteSite
18246,22,17
timeStep,numberOfRobotsOnBlackSite,numberOfRobotsOnWhiteSite
18247,22,17
timeStep,numberOfRobotsOnBlackSite,numberOfRobotsOnWhiteSite
18248,22,17
timeStep,numberOfRobotsOnBlackSite,numberOfRobotsOnWhiteSite
18249,22,17
timeStep,numberOfRobotsOnBlackSite,numberOfRobotsOnWhiteSite
18250,22,17
timeStep,numberOfRobotsOnBlackSite,numberOfRobotsOnWhiteSite
18251,22,17
timeStep,numberOfRobotsOnBlackSite,numberOfRobotsOnWhiteSite
18252,22,17
timeStep,numberOfRobotsOnBlackSite,numberOfRobotsOnWhiteSite
18253,22,17
timeStep,numberOfRobotsOnBlackSite,numberOfRobotsOnWhiteSite
18254,22,17
timeStep,numberOfRobotsOnBlackSite,numberOfRobotsOnWhiteSite
18255,22,17
timeStep,numberOfRobotsOnBlackSite,numberOfRobotsOnWhiteSite
18256,22,17
timeStep,numberOfRobotsOnBlackSite,numberOfRobotsOnWhiteSite
18257,22,17
timeStep,numberOfRobotsOnBlackSite,numberOfRobotsOnWhiteSite
18258,22,17
timeStep,numberOfRobotsOnBlackSite,numberOfRobotsOnWhiteSite
18259,22,17
timeStep,numberOfRobotsOnBlackSite,numberOfRobotsOnWhiteSite
18260,22,17
timeStep,numberOfRobotsOnBlackSite,numberOfRobotsOnWhiteSite
18261,22,17
timeStep,numberOfRobotsOnBlackSite,numberOfRobotsOnWhiteSite
18262,22,17
timeStep,numberOfRobotsOnBlackSite,numberOfRobotsOnWhiteSite
18263,22,17
timeStep,numberOfRobotsOnBlackSite,numberOfRobotsOnWhiteSite
18264,22,17
timeStep,numberOfRobotsOnBlackSite,numberOfRobotsOnWhiteSite
18265,22,17
timeStep,numberOfRobotsOnBlackSite,numberOfRobotsOnWhiteSite
18266,22,17
timeStep,numberOfRobotsOnBlackSite,numberOfRobotsOnWhiteSite
18267,22,17
timeStep,numberOfRobotsOnBlackSite,numberOfRobotsOnWhiteSite
18268,22,17
timeStep,numberOfRobotsOnBlackSite,numberOfRobotsOnWhiteSite
18269,22,17
timeStep,numberOfRobotsOnBlackSite,numberOfRobotsOnWhiteSite
18270,22,17
timeStep,numberOfRobotsOnBlackSite,numberOfRobotsOnWhiteSite
18271,22,17
timeStep,numberOfRobotsOnBlackSite,numberOfRobotsOnWhiteSite
18272,22,17
timeStep,numberOfRobotsOnBlackSite,numberOfRobotsOnWhiteSite
18273,22,17
timeStep,numberOfRobotsOnBlackSite,numberOfRobotsOnWhiteSite
18274,22,17
timeStep,numberOfRobotsOnBlackSite,numberOfRobotsOnWhiteSite
18275,22,17
timeStep,numberOfRobotsOnBlackSite,numberOfRobotsOnWhiteSite
18276,22,17
timeStep,numberOfRobotsOnBlackSite,numberOfRobotsOnWhiteSite
18277,22,17
timeStep,numberOfRobotsOnBlackSite,numberOfRobotsOnWhiteSite
18278,22,17
timeStep,numberOfRobotsOnBlackSite,numberOfRobotsOnWhiteSite
18279,22,17
timeStep,numberOfRobotsOnBlackSite,numberOfRobotsOnWhiteSite
18280,22,17
timeStep,numberOfRobotsOnBlackSite,numberOfRobotsOnWhiteSite
18281,22,17
timeStep,numberOfRobotsOnBlackSite,numberOfRobotsOnWhiteSite
18282,22,17
timeStep,numberOfRobotsOnBlackSite,numberOfRobotsOnWhiteSite
18283,22,17
timeStep,numberOfRobotsOnBlackSite,numberOfRobotsOnWhiteSite
18284,22,17
timeStep,numberOfRobotsOnBlackSite,numberOfRobotsOnWhiteSite
18285,22,17
timeStep,numberOfRobotsOnBlackSite,numberOfRobotsOnWhiteSite
18286,22,17
timeStep,numberOfRobotsOnBlackSite,numberOfRobotsOnWhiteSite
18287,22,17
timeStep,numberOfRobotsOnBlackSite,numberOfRobotsOnWhiteSite
18288,22,17
timeStep,numberOfRobotsOnBlackSite,numberOfRobotsOnWhiteSite
18289,22,17
timeStep,numberOfRobotsOnBlackSite,numberOfRobotsOnWhiteSite
18290,22,17
timeStep,numberOfRobotsOnBlackSite,numberOfRobotsOnWhiteSite
18291,22,17
timeStep,numberOfRobotsOnBlackSite,numberOfRobotsOnWhiteSite
18292,22,17
timeStep,numberOfRobotsOnBlackSite,numberOfRobotsOnWhiteSite
18293,22,17
timeStep,numberOfRobotsOnBlackSite,numberOfRobotsOnWhiteSite
18294,22,17
timeStep,numberOfRobotsOnBlackSite,numberOfRobotsOnWhiteSite
18295,22,17
timeStep,numberOfRobotsOnBlackSite,numberOfRobotsOnWhiteSite
18296,22,17
timeStep,numberOfRobotsOnBlackSite,numberOfRobotsOnWhiteSite
18297,22,17
timeStep,numberOfRobotsOnBlackSite,numberOfRobotsOnWhiteSite
18298,22,17
timeStep,numberOfRobotsOnBlackSite,numberOfRobotsOnWhiteSite
18299,22,17
timeStep,numberOfRobotsOnBlackSite,numberOfRobotsOnWhiteSite
18300,22,18
timeStep,numberOfRobotsOnBlackSite,numberOfRobotsOnWhiteSite
18301,22,18
timeStep,numberOfRobotsOnBlackSite,numberOfRobotsOnWhiteSite
18302,22,18
timeStep,numberOfRobotsOnBlackSite,numberOfRobotsOnWhiteSite
18303,22,18
timeStep,numberOfRobotsOnBlackSite,numberOfRobotsOnWhiteSite
18304,22,18
timeStep,numberOfRobotsOnBlackSite,numberOfRobotsOnWhiteSite
18305,22,18
timeStep,numberOfRobotsOnBlackSite,numberOfRobotsOnWhiteSite
18306,22,18
timeStep,numberOfRobotsOnBlackSite,numberOfRobotsOnWhiteSite
18307,22,18
timeStep,numberOfRobotsOnBlackSite,numberOfRobotsOnWhiteSite
18308,22,18
timeStep,numberOfRobotsOnBlackSite,numberOfRobotsOnWhiteSite
18309,22,18
timeStep,numberOfRobotsOnBlackSite,numberOfRobotsOnWhiteSite
18310,22,18
timeStep,numberOfRobotsOnBlackSite,numberOfRobotsOnWhiteSite
18311,22,18
timeStep,numberOfRobotsOnBlackSite,numberOfRobotsOnWhiteSite
18312,22,18
timeStep,numberOfRobotsOnBlackSite,numberOfRobotsOnWhiteSite
18313,22,18
timeStep,numberOfRobotsOnBlackSite,numberOfRobotsOnWhiteSite
18314,22,18
timeStep,numberOfRobotsOnBlackSite,numberOfRobotsOnWhiteSite
18315,22,18
timeStep,numberOfRobotsOnBlackSite,numberOfRobotsOnWhiteSite
18316,22,18
timeStep,numberOfRobotsOnBlackSite,numberOfRobotsOnWhiteSite
18317,22,18
timeStep,numberOfRobotsOnBlackSite,numberOfRobotsOnWhiteSite
18318,22,18
timeStep,numberOfRobotsOnBlackSite,numberOfRobotsOnWhiteSite
18319,22,18
timeStep,numberOfRobotsOnBlackSite,numberOfRobotsOnWhiteSite
18320,22,17
timeStep,numberOfRobotsOnBlackSite,numberOfRobotsOnWhiteSite
18321,22,17
timeStep,numberOfRobotsOnBlackSite,numberOfRobotsOnWhiteSite
18322,22,17
timeStep,numberOfRobotsOnBlackSite,numberOfRobotsOnWhiteSite
18323,22,17
timeStep,numberOfRobotsOnBlackSite,numberOfRobotsOnWhiteSite
18324,22,17
timeStep,numberOfRobotsOnBlackSite,numberOfRobotsOnWhiteSite
18325,22,17
timeStep,numberOfRobotsOnBlackSite,numberOfRobotsOnWhiteSite
18326,22,17
timeStep,numberOfRobotsOnBlackSite,numberOfRobotsOnWhiteSite
18327,22,17
timeStep,numberOfRobotsOnBlackSite,numberOfRobotsOnWhiteSite
18328,22,17
timeStep,numberOfRobotsOnBlackSite,numberOfRobotsOnWhiteSite
18329,22,17
timeStep,numberOfRobotsOnBlackSite,numberOfRobotsOnWhiteSite
18330,22,17
timeStep,numberOfRobotsOnBlackSite,numberOfRobotsOnWhiteSite
18331,22,17
timeStep,numberOfRobotsOnBlackSite,numberOfRobotsOnWhiteSite
18332,22,17
timeStep,numberOfRobotsOnBlackSite,numberOfRobotsOnWhiteSite
18333,22,17
timeStep,numberOfRobotsOnBlackSite,numberOfRobotsOnWhiteSite
18334,22,17
timeStep,numberOfRobotsOnBlackSite,numberOfRobotsOnWhiteSite
18335,22,17
timeStep,numberOfRobotsOnBlackSite,numberOfRobotsOnWhiteSite
18336,22,17
timeStep,numberOfRobotsOnBlackSite,numberOfRobotsOnWhiteSite
18337,22,17
timeStep,numberOfRobotsOnBlackSite,numberOfRobotsOnWhiteSite
18338,22,17
timeStep,numberOfRobotsOnBlackSite,numberOfRobotsOnWhiteSite
18339,22,17
timeStep,numberOfRobotsOnBlackSite,numberOfRobotsOnWhiteSite
18340,22,17
timeStep,numberOfRobotsOnBlackSite,numberOfRobotsOnWhiteSite
18341,22,17
timeStep,numberOfRobotsOnBlackSite,numberOfRobotsOnWhiteSite
18342,22,17
timeStep,numberOfRobotsOnBlackSite,numberOfRobotsOnWhiteSite
18343,22,17
timeStep,numberOfRobotsOnBlackSite,numberOfRobotsOnWhiteSite
18344,22,17
timeStep,numberOfRobotsOnBlackSite,numberOfRobotsOnWhiteSite
18345,22,17
timeStep,numberOfRobotsOnBlackSite,numberOfRobotsOnWhiteSite
18346,22,17
timeStep,numberOfRobotsOnBlackSite,numberOfRobotsOnWhiteSite
18347,22,17
timeStep,numberOfRobotsOnBlackSite,numberOfRobotsOnWhiteSite
18348,22,17
timeStep,numberOfRobotsOnBlackSite,numberOfRobotsOnWhiteSite
18349,22,17
timeStep,numberOfRobotsOnBlackSite,numberOfRobotsOnWhiteSite
18350,22,16
timeStep,numberOfRobotsOnBlackSite,numberOfRobotsOnWhiteSite
18351,22,16
timeStep,numberOfRobotsOnBlackSite,numberOfRobotsOnWhiteSite
18352,22,16
timeStep,numberOfRobotsOnBlackSite,numberOfRobotsOnWhiteSite
18353,22,16
timeStep,numberOfRobotsOnBlackSite,numberOfRobotsOnWhiteSite
18354,22,16
timeStep,numberOfRobotsOnBlackSite,numberOfRobotsOnWhiteSite
18355,22,16
timeStep,numberOfRobotsOnBlackSite,numberOfRobotsOnWhiteSite
18356,22,16
timeStep,numberOfRobotsOnBlackSite,numberOfRobotsOnWhiteSite
18357,22,16
timeStep,numberOfRobotsOnBlackSite,numberOfRobotsOnWhiteSite
18358,22,16
timeStep,numberOfRobotsOnBlackSite,numberOfRobotsOnWhiteSite
18359,22,16
timeStep,numberOfRobotsOnBlackSite,numberOfRobotsOnWhiteSite
18360,22,16
timeStep,numberOfRobotsOnBlackSite,numberOfRobotsOnWhiteSite
18361,22,16
timeStep,numberOfRobotsOnBlackSite,numberOfRobotsOnWhiteSite
18362,22,16
timeStep,numberOfRobotsOnBlackSite,numberOfRobotsOnWhiteSite
18363,22,16
timeStep,numberOfRobotsOnBlackSite,numberOfRobotsOnWhiteSite
18364,22,16
timeStep,numberOfRobotsOnBlackSite,numberOfRobotsOnWhiteSite
18365,22,16
timeStep,numberOfRobotsOnBlackSite,numberOfRobotsOnWhiteSite
18366,22,16
timeStep,numberOfRobotsOnBlackSite,numberOfRobotsOnWhiteSite
18367,22,16
timeStep,numberOfRobotsOnBlackSite,numberOfRobotsOnWhiteSite
18368,22,16
timeStep,numberOfRobotsOnBlackSite,numberOfRobotsOnWhiteSite
18369,22,16
timeStep,numberOfRobotsOnBlackSite,numberOfRobotsOnWhiteSite
18370,22,16
timeStep,numberOfRobotsOnBlackSite,numberOfRobotsOnWhiteSite
18371,22,16
timeStep,numberOfRobotsOnBlackSite,numberOfRobotsOnWhiteSite
18372,22,16
timeStep,numberOfRobotsOnBlackSite,numberOfRobotsOnWhiteSite
18373,22,16
timeStep,numberOfRobotsOnBlackSite,numberOfRobotsOnWhiteSite
18374,22,16
timeStep,numberOfRobotsOnBlackSite,numberOfRobotsOnWhiteSite
18375,22,17
timeStep,numberOfRobotsOnBlackSite,numberOfRobotsOnWhiteSite
18376,22,17
timeStep,numberOfRobotsOnBlackSite,numberOfRobotsOnWhiteSite
18377,22,17
timeStep,numberOfRobotsOnBlackSite,numberOfRobotsOnWhiteSite
18378,22,17
timeStep,numberOfRobotsOnBlackSite,numberOfRobotsOnWhiteSite
18379,22,17
timeStep,numberOfRobotsOnBlackSite,numberOfRobotsOnWhiteSite
18380,22,17
timeStep,numberOfRobotsOnBlackSite,numberOfRobotsOnWhiteSite
18381,22,17
timeStep,numberOfRobotsOnBlackSite,numberOfRobotsOnWhiteSite
18382,22,17
timeStep,numberOfRobotsOnBlackSite,numberOfRobotsOnWhiteSite
18383,22,17
timeStep,numberOfRobotsOnBlackSite,numberOfRobotsOnWhiteSite
18384,22,17
timeStep,numberOfRobotsOnBlackSite,numberOfRobotsOnWhiteSite
18385,22,18
timeStep,numberOfRobotsOnBlackSite,numberOfRobotsOnWhiteSite
18386,22,18
timeStep,numberOfRobotsOnBlackSite,numberOfRobotsOnWhiteSite
18387,22,18
timeStep,numberOfRobotsOnBlackSite,numberOfRobotsOnWhiteSite
18388,22,18
timeStep,numberOfRobotsOnBlackSite,numberOfRobotsOnWhiteSite
18389,22,18
timeStep,numberOfRobotsOnBlackSite,numberOfRobotsOnWhiteSite
18390,22,18
timeStep,numberOfRobotsOnBlackSite,numberOfRobotsOnWhiteSite
18391,22,18
timeStep,numberOfRobotsOnBlackSite,numberOfRobotsOnWhiteSite
18392,22,18
timeStep,numberOfRobotsOnBlackSite,numberOfRobotsOnWhiteSite
18393,22,18
timeStep,numberOfRobotsOnBlackSite,numberOfRobotsOnWhiteSite
18394,22,18
timeStep,numberOfRobotsOnBlackSite,numberOfRobotsOnWhiteSite
18395,22,18
timeStep,numberOfRobotsOnBlackSite,numberOfRobotsOnWhiteSite
18396,22,18
timeStep,numberOfRobotsOnBlackSite,numberOfRobotsOnWhiteSite
18397,22,18
timeStep,numberOfRobotsOnBlackSite,numberOfRobotsOnWhiteSite
18398,22,18
timeStep,numberOfRobotsOnBlackSite,numberOfRobotsOnWhiteSite
18399,22,18
timeStep,numberOfRobotsOnBlackSite,numberOfRobotsOnWhiteSite
18400,22,18
timeStep,numberOfRobotsOnBlackSite,numberOfRobotsOnWhiteSite
18401,22,18
timeStep,numberOfRobotsOnBlackSite,numberOfRobotsOnWhiteSite
18402,22,18
timeStep,numberOfRobotsOnBlackSite,numberOfRobotsOnWhiteSite
18403,22,18
timeStep,numberOfRobotsOnBlackSite,numberOfRobotsOnWhiteSite
18404,22,18
timeStep,numberOfRobotsOnBlackSite,numberOfRobotsOnWhiteSite
18405,22,18
timeStep,numberOfRobotsOnBlackSite,numberOfRobotsOnWhiteSite
18406,22,18
timeStep,numberOfRobotsOnBlackSite,numberOfRobotsOnWhiteSite
18407,22,18
timeStep,numberOfRobotsOnBlackSite,numberOfRobotsOnWhiteSite
18408,22,18
timeStep,numberOfRobotsOnBlackSite,numberOfRobotsOnWhiteSite
18409,22,18
timeStep,numberOfRobotsOnBlackSite,numberOfRobotsOnWhiteSite
18410,22,18
timeStep,numberOfRobotsOnBlackSite,numberOfRobotsOnWhiteSite
18411,22,18
timeStep,numberOfRobotsOnBlackSite,numberOfRobotsOnWhiteSite
18412,22,18
timeStep,numberOfRobotsOnBlackSite,numberOfRobotsOnWhiteSite
18413,22,18
timeStep,numberOfRobotsOnBlackSite,numberOfRobotsOnWhiteSite
18414,22,18
timeStep,numberOfRobotsOnBlackSite,numberOfRobotsOnWhiteSite
18415,22,18
timeStep,numberOfRobotsOnBlackSite,numberOfRobotsOnWhiteSite
18416,22,18
timeStep,numberOfRobotsOnBlackSite,numberOfRobotsOnWhiteSite
18417,22,18
timeStep,numberOfRobotsOnBlackSite,numberOfRobotsOnWhiteSite
18418,22,18
timeStep,numberOfRobotsOnBlackSite,numberOfRobotsOnWhiteSite
18419,22,18
timeStep,numberOfRobotsOnBlackSite,numberOfRobotsOnWhiteSite
18420,22,18
timeStep,numberOfRobotsOnBlackSite,numberOfRobotsOnWhiteSite
18421,22,18
timeStep,numberOfRobotsOnBlackSite,numberOfRobotsOnWhiteSite
18422,22,18
timeStep,numberOfRobotsOnBlackSite,numberOfRobotsOnWhiteSite
18423,22,18
timeStep,numberOfRobotsOnBlackSite,numberOfRobotsOnWhiteSite
18424,22,18
timeStep,numberOfRobotsOnBlackSite,numberOfRobotsOnWhiteSite
18425,22,18
timeStep,numberOfRobotsOnBlackSite,numberOfRobotsOnWhiteSite
18426,22,18
timeStep,numberOfRobotsOnBlackSite,numberOfRobotsOnWhiteSite
18427,22,18
timeStep,numberOfRobotsOnBlackSite,numberOfRobotsOnWhiteSite
18428,22,18
timeStep,numberOfRobotsOnBlackSite,numberOfRobotsOnWhiteSite
18429,22,18
timeStep,numberOfRobotsOnBlackSite,numberOfRobotsOnWhiteSite
18430,22,17
timeStep,numberOfRobotsOnBlackSite,numberOfRobotsOnWhiteSite
18431,22,17
timeStep,numberOfRobotsOnBlackSite,numberOfRobotsOnWhiteSite
18432,22,17
timeStep,numberOfRobotsOnBlackSite,numberOfRobotsOnWhiteSite
18433,22,17
timeStep,numberOfRobotsOnBlackSite,numberOfRobotsOnWhiteSite
18434,22,17
timeStep,numberOfRobotsOnBlackSite,numberOfRobotsOnWhiteSite
18435,22,17
timeStep,numberOfRobotsOnBlackSite,numberOfRobotsOnWhiteSite
18436,22,17
timeStep,numberOfRobotsOnBlackSite,numberOfRobotsOnWhiteSite
18437,22,17
timeStep,numberOfRobotsOnBlackSite,numberOfRobotsOnWhiteSite
18438,22,17
timeStep,numberOfRobotsOnBlackSite,numberOfRobotsOnWhiteSite
18439,22,17
timeStep,numberOfRobotsOnBlackSite,numberOfRobotsOnWhiteSite
18440,22,16
timeStep,numberOfRobotsOnBlackSite,numberOfRobotsOnWhiteSite
18441,22,16
timeStep,numberOfRobotsOnBlackSite,numberOfRobotsOnWhiteSite
18442,22,16
timeStep,numberOfRobotsOnBlackSite,numberOfRobotsOnWhiteSite
18443,22,16
timeStep,numberOfRobotsOnBlackSite,numberOfRobotsOnWhiteSite
18444,22,16
timeStep,numberOfRobotsOnBlackSite,numberOfRobotsOnWhiteSite
18445,22,16
timeStep,numberOfRobotsOnBlackSite,numberOfRobotsOnWhiteSite
18446,22,16
timeStep,numberOfRobotsOnBlackSite,numberOfRobotsOnWhiteSite
18447,22,16
timeStep,numberOfRobotsOnBlackSite,numberOfRobotsOnWhiteSite
18448,22,16
timeStep,numberOfRobotsOnBlackSite,numberOfRobotsOnWhiteSite
18449,22,16
timeStep,numberOfRobotsOnBlackSite,numberOfRobotsOnWhiteSite
18450,22,16
timeStep,numberOfRobotsOnBlackSite,numberOfRobotsOnWhiteSite
18451,22,16
timeStep,numberOfRobotsOnBlackSite,numberOfRobotsOnWhiteSite
18452,22,16
timeStep,numberOfRobotsOnBlackSite,numberOfRobotsOnWhiteSite
18453,22,16
timeStep,numberOfRobotsOnBlackSite,numberOfRobotsOnWhiteSite
18454,22,16
timeStep,numberOfRobotsOnBlackSite,numberOfRobotsOnWhiteSite
18455,22,16
timeStep,numberOfRobotsOnBlackSite,numberOfRobotsOnWhiteSite
18456,22,16
timeStep,numberOfRobotsOnBlackSite,numberOfRobotsOnWhiteSite
18457,22,16
timeStep,numberOfRobotsOnBlackSite,numberOfRobotsOnWhiteSite
18458,22,16
timeStep,numberOfRobotsOnBlackSite,numberOfRobotsOnWhiteSite
18459,22,16
timeStep,numberOfRobotsOnBlackSite,numberOfRobotsOnWhiteSite
18460,22,16
timeStep,numberOfRobotsOnBlackSite,numberOfRobotsOnWhiteSite
18461,22,16
timeStep,numberOfRobotsOnBlackSite,numberOfRobotsOnWhiteSite
18462,22,16
timeStep,numberOfRobotsOnBlackSite,numberOfRobotsOnWhiteSite
18463,22,16
timeStep,numberOfRobotsOnBlackSite,numberOfRobotsOnWhiteSite
18464,22,16
timeStep,numberOfRobotsOnBlackSite,numberOfRobotsOnWhiteSite
18465,21,16
timeStep,numberOfRobotsOnBlackSite,numberOfRobotsOnWhiteSite
18466,21,16
timeStep,numberOfRobotsOnBlackSite,numberOfRobotsOnWhiteSite
18467,21,16
timeStep,numberOfRobotsOnBlackSite,numberOfRobotsOnWhiteSite
18468,21,16
timeStep,numberOfRobotsOnBlackSite,numberOfRobotsOnWhiteSite
18469,21,16
timeStep,numberOfRobotsOnBlackSite,numberOfRobotsOnWhiteSite
18470,21,16
timeStep,numberOfRobotsOnBlackSite,numberOfRobotsOnWhiteSite
18471,21,16
timeStep,numberOfRobotsOnBlackSite,numberOfRobotsOnWhiteSite
18472,21,16
timeStep,numberOfRobotsOnBlackSite,numberOfRobotsOnWhiteSite
18473,21,16
timeStep,numberOfRobotsOnBlackSite,numberOfRobotsOnWhiteSite
18474,21,16
timeStep,numberOfRobotsOnBlackSite,numberOfRobotsOnWhiteSite
18475,21,16
timeStep,numberOfRobotsOnBlackSite,numberOfRobotsOnWhiteSite
18476,21,16
timeStep,numberOfRobotsOnBlackSite,numberOfRobotsOnWhiteSite
18477,21,16
timeStep,numberOfRobotsOnBlackSite,numberOfRobotsOnWhiteSite
18478,21,16
timeStep,numberOfRobotsOnBlackSite,numberOfRobotsOnWhiteSite
18479,21,16
timeStep,numberOfRobotsOnBlackSite,numberOfRobotsOnWhiteSite
18480,21,15
timeStep,numberOfRobotsOnBlackSite,numberOfRobotsOnWhiteSite
18481,21,15
timeStep,numberOfRobotsOnBlackSite,numberOfRobotsOnWhiteSite
18482,21,15
timeStep,numberOfRobotsOnBlackSite,numberOfRobotsOnWhiteSite
18483,21,15
timeStep,numberOfRobotsOnBlackSite,numberOfRobotsOnWhiteSite
18484,21,15
timeStep,numberOfRobotsOnBlackSite,numberOfRobotsOnWhiteSite
18485,21,15
timeStep,numberOfRobotsOnBlackSite,numberOfRobotsOnWhiteSite
18486,21,15
timeStep,numberOfRobotsOnBlackSite,numberOfRobotsOnWhiteSite
18487,21,15
timeStep,numberOfRobotsOnBlackSite,numberOfRobotsOnWhiteSite
18488,21,15
timeStep,numberOfRobotsOnBlackSite,numberOfRobotsOnWhiteSite
18489,21,15
timeStep,numberOfRobotsOnBlackSite,numberOfRobotsOnWhiteSite
18490,21,14
timeStep,numberOfRobotsOnBlackSite,numberOfRobotsOnWhiteSite
18491,21,14
timeStep,numberOfRobotsOnBlackSite,numberOfRobotsOnWhiteSite
18492,21,14
timeStep,numberOfRobotsOnBlackSite,numberOfRobotsOnWhiteSite
18493,21,14
timeStep,numberOfRobotsOnBlackSite,numberOfRobotsOnWhiteSite
18494,21,14
timeStep,numberOfRobotsOnBlackSite,numberOfRobotsOnWhiteSite
18495,21,14
timeStep,numberOfRobotsOnBlackSite,numberOfRobotsOnWhiteSite
18496,21,14
timeStep,numberOfRobotsOnBlackSite,numberOfRobotsOnWhiteSite
18497,21,14
timeStep,numberOfRobotsOnBlackSite,numberOfRobotsOnWhiteSite
18498,21,14
timeStep,numberOfRobotsOnBlackSite,numberOfRobotsOnWhiteSite
18499,21,14
timeStep,numberOfRobotsOnBlackSite,numberOfRobotsOnWhiteSite
18500,21,14
timeStep,numberOfRobotsOnBlackSite,numberOfRobotsOnWhiteSite
18501,21,14
timeStep,numberOfRobotsOnBlackSite,numberOfRobotsOnWhiteSite
18502,21,14
timeStep,numberOfRobotsOnBlackSite,numberOfRobotsOnWhiteSite
18503,21,14
timeStep,numberOfRobotsOnBlackSite,numberOfRobotsOnWhiteSite
18504,21,14
timeStep,numberOfRobotsOnBlackSite,numberOfRobotsOnWhiteSite
18505,21,14
timeStep,numberOfRobotsOnBlackSite,numberOfRobotsOnWhiteSite
18506,21,14
timeStep,numberOfRobotsOnBlackSite,numberOfRobotsOnWhiteSite
18507,21,14
timeStep,numberOfRobotsOnBlackSite,numberOfRobotsOnWhiteSite
18508,21,14
timeStep,numberOfRobotsOnBlackSite,numberOfRobotsOnWhiteSite
18509,21,14
timeStep,numberOfRobotsOnBlackSite,numberOfRobotsOnWhiteSite
18510,21,14
timeStep,numberOfRobotsOnBlackSite,numberOfRobotsOnWhiteSite
18511,21,14
timeStep,numberOfRobotsOnBlackSite,numberOfRobotsOnWhiteSite
18512,21,14
timeStep,numberOfRobotsOnBlackSite,numberOfRobotsOnWhiteSite
18513,21,14
timeStep,numberOfRobotsOnBlackSite,numberOfRobotsOnWhiteSite
18514,21,14
timeStep,numberOfRobotsOnBlackSite,numberOfRobotsOnWhiteSite
18515,21,13
timeStep,numberOfRobotsOnBlackSite,numberOfRobotsOnWhiteSite
18516,21,13
timeStep,numberOfRobotsOnBlackSite,numberOfRobotsOnWhiteSite
18517,21,13
timeStep,numberOfRobotsOnBlackSite,numberOfRobotsOnWhiteSite
18518,21,13
timeStep,numberOfRobotsOnBlackSite,numberOfRobotsOnWhiteSite
18519,21,13
timeStep,numberOfRobotsOnBlackSite,numberOfRobotsOnWhiteSite
18520,20,13
timeStep,numberOfRobotsOnBlackSite,numberOfRobotsOnWhiteSite
18521,20,13
timeStep,numberOfRobotsOnBlackSite,numberOfRobotsOnWhiteSite
18522,20,13
timeStep,numberOfRobotsOnBlackSite,numberOfRobotsOnWhiteSite
18523,20,13
timeStep,numberOfRobotsOnBlackSite,numberOfRobotsOnWhiteSite
18524,20,13
timeStep,numberOfRobotsOnBlackSite,numberOfRobotsOnWhiteSite
18525,20,13
timeStep,numberOfRobotsOnBlackSite,numberOfRobotsOnWhiteSite
18526,20,13
timeStep,numberOfRobotsOnBlackSite,numberOfRobotsOnWhiteSite
18527,20,13
timeStep,numberOfRobotsOnBlackSite,numberOfRobotsOnWhiteSite
18528,20,13
timeStep,numberOfRobotsOnBlackSite,numberOfRobotsOnWhiteSite
18529,20,13
timeStep,numberOfRobotsOnBlackSite,numberOfRobotsOnWhiteSite
18530,20,13
timeStep,numberOfRobotsOnBlackSite,numberOfRobotsOnWhiteSite
18531,20,13
timeStep,numberOfRobotsOnBlackSite,numberOfRobotsOnWhiteSite
18532,20,13
timeStep,numberOfRobotsOnBlackSite,numberOfRobotsOnWhiteSite
18533,20,13
timeStep,numberOfRobotsOnBlackSite,numberOfRobotsOnWhiteSite
18534,20,13
timeStep,numberOfRobotsOnBlackSite,numberOfRobotsOnWhiteSite
18535,20,15
timeStep,numberOfRobotsOnBlackSite,numberOfRobotsOnWhiteSite
18536,20,15
timeStep,numberOfRobotsOnBlackSite,numberOfRobotsOnWhiteSite
18537,20,15
timeStep,numberOfRobotsOnBlackSite,numberOfRobotsOnWhiteSite
18538,20,15
timeStep,numberOfRobotsOnBlackSite,numberOfRobotsOnWhiteSite
18539,20,15
timeStep,numberOfRobotsOnBlackSite,numberOfRobotsOnWhiteSite
18540,20,15
timeStep,numberOfRobotsOnBlackSite,numberOfRobotsOnWhiteSite
18541,20,15
timeStep,numberOfRobotsOnBlackSite,numberOfRobotsOnWhiteSite
18542,20,15
timeStep,numberOfRobotsOnBlackSite,numberOfRobotsOnWhiteSite
18543,20,15
timeStep,numberOfRobotsOnBlackSite,numberOfRobotsOnWhiteSite
18544,20,15
timeStep,numberOfRobotsOnBlackSite,numberOfRobotsOnWhiteSite
18545,20,15
timeStep,numberOfRobotsOnBlackSite,numberOfRobotsOnWhiteSite
18546,20,15
timeStep,numberOfRobotsOnBlackSite,numberOfRobotsOnWhiteSite
18547,20,15
timeStep,numberOfRobotsOnBlackSite,numberOfRobotsOnWhiteSite
18548,20,15
timeStep,numberOfRobotsOnBlackSite,numberOfRobotsOnWhiteSite
18549,20,15
timeStep,numberOfRobotsOnBlackSite,numberOfRobotsOnWhiteSite
18550,20,15
timeStep,numberOfRobotsOnBlackSite,numberOfRobotsOnWhiteSite
18551,20,15
timeStep,numberOfRobotsOnBlackSite,numberOfRobotsOnWhiteSite
18552,20,15
timeStep,numberOfRobotsOnBlackSite,numberOfRobotsOnWhiteSite
18553,20,15
timeStep,numberOfRobotsOnBlackSite,numberOfRobotsOnWhiteSite
18554,20,15
timeStep,numberOfRobotsOnBlackSite,numberOfRobotsOnWhiteSite
18555,20,15
timeStep,numberOfRobotsOnBlackSite,numberOfRobotsOnWhiteSite
18556,20,15
timeStep,numberOfRobotsOnBlackSite,numberOfRobotsOnWhiteSite
18557,20,15
timeStep,numberOfRobotsOnBlackSite,numberOfRobotsOnWhiteSite
18558,20,15
timeStep,numberOfRobotsOnBlackSite,numberOfRobotsOnWhiteSite
18559,20,15
timeStep,numberOfRobotsOnBlackSite,numberOfRobotsOnWhiteSite
18560,20,15
timeStep,numberOfRobotsOnBlackSite,numberOfRobotsOnWhiteSite
18561,20,15
timeStep,numberOfRobotsOnBlackSite,numberOfRobotsOnWhiteSite
18562,20,15
timeStep,numberOfRobotsOnBlackSite,numberOfRobotsOnWhiteSite
18563,20,15
timeStep,numberOfRobotsOnBlackSite,numberOfRobotsOnWhiteSite
18564,20,15
timeStep,numberOfRobotsOnBlackSite,numberOfRobotsOnWhiteSite
18565,20,15
timeStep,numberOfRobotsOnBlackSite,numberOfRobotsOnWhiteSite
18566,20,15
timeStep,numberOfRobotsOnBlackSite,numberOfRobotsOnWhiteSite
18567,20,15
timeStep,numberOfRobotsOnBlackSite,numberOfRobotsOnWhiteSite
18568,20,15
timeStep,numberOfRobotsOnBlackSite,numberOfRobotsOnWhiteSite
18569,20,15
timeStep,numberOfRobotsOnBlackSite,numberOfRobotsOnWhiteSite
18570,20,15
timeStep,numberOfRobotsOnBlackSite,numberOfRobotsOnWhiteSite
18571,20,15
timeStep,numberOfRobotsOnBlackSite,numberOfRobotsOnWhiteSite
18572,20,15
timeStep,numberOfRobotsOnBlackSite,numberOfRobotsOnWhiteSite
18573,20,15
timeStep,numberOfRobotsOnBlackSite,numberOfRobotsOnWhiteSite
18574,20,15
timeStep,numberOfRobotsOnBlackSite,numberOfRobotsOnWhiteSite
18575,21,15
timeStep,numberOfRobotsOnBlackSite,numberOfRobotsOnWhiteSite
18576,21,15
timeStep,numberOfRobotsOnBlackSite,numberOfRobotsOnWhiteSite
18577,21,15
timeStep,numberOfRobotsOnBlackSite,numberOfRobotsOnWhiteSite
18578,21,15
timeStep,numberOfRobotsOnBlackSite,numberOfRobotsOnWhiteSite
18579,21,15
timeStep,numberOfRobotsOnBlackSite,numberOfRobotsOnWhiteSite
18580,21,15
timeStep,numberOfRobotsOnBlackSite,numberOfRobotsOnWhiteSite
18581,21,15
timeStep,numberOfRobotsOnBlackSite,numberOfRobotsOnWhiteSite
18582,21,15
timeStep,numberOfRobotsOnBlackSite,numberOfRobotsOnWhiteSite
18583,21,15
timeStep,numberOfRobotsOnBlackSite,numberOfRobotsOnWhiteSite
18584,21,15
timeStep,numberOfRobotsOnBlackSite,numberOfRobotsOnWhiteSite
18585,21,15
timeStep,numberOfRobotsOnBlackSite,numberOfRobotsOnWhiteSite
18586,21,15
timeStep,numberOfRobotsOnBlackSite,numberOfRobotsOnWhiteSite
18587,21,15
timeStep,numberOfRobotsOnBlackSite,numberOfRobotsOnWhiteSite
18588,21,15
timeStep,numberOfRobotsOnBlackSite,numberOfRobotsOnWhiteSite
18589,21,15
timeStep,numberOfRobotsOnBlackSite,numberOfRobotsOnWhiteSite
18590,21,15
timeStep,numberOfRobotsOnBlackSite,numberOfRobotsOnWhiteSite
18591,21,15
timeStep,numberOfRobotsOnBlackSite,numberOfRobotsOnWhiteSite
18592,21,15
timeStep,numberOfRobotsOnBlackSite,numberOfRobotsOnWhiteSite
18593,21,15
timeStep,numberOfRobotsOnBlackSite,numberOfRobotsOnWhiteSite
18594,21,15
timeStep,numberOfRobotsOnBlackSite,numberOfRobotsOnWhiteSite
18595,21,15
timeStep,numberOfRobotsOnBlackSite,numberOfRobotsOnWhiteSite
18596,21,15
timeStep,numberOfRobotsOnBlackSite,numberOfRobotsOnWhiteSite
18597,21,15
timeStep,numberOfRobotsOnBlackSite,numberOfRobotsOnWhiteSite
18598,21,15
timeStep,numberOfRobotsOnBlackSite,numberOfRobotsOnWhiteSite
18599,21,15
timeStep,numberOfRobotsOnBlackSite,numberOfRobotsOnWhiteSite
18600,21,15
timeStep,numberOfRobotsOnBlackSite,numberOfRobotsOnWhiteSite
18601,21,15
timeStep,numberOfRobotsOnBlackSite,numberOfRobotsOnWhiteSite
18602,21,15
timeStep,numberOfRobotsOnBlackSite,numberOfRobotsOnWhiteSite
18603,21,15
timeStep,numberOfRobotsOnBlackSite,numberOfRobotsOnWhiteSite
18604,21,15
timeStep,numberOfRobotsOnBlackSite,numberOfRobotsOnWhiteSite
18605,21,15
timeStep,numberOfRobotsOnBlackSite,numberOfRobotsOnWhiteSite
18606,21,15
timeStep,numberOfRobotsOnBlackSite,numberOfRobotsOnWhiteSite
18607,21,15
timeStep,numberOfRobotsOnBlackSite,numberOfRobotsOnWhiteSite
18608,21,15
timeStep,numberOfRobotsOnBlackSite,numberOfRobotsOnWhiteSite
18609,21,15
timeStep,numberOfRobotsOnBlackSite,numberOfRobotsOnWhiteSite
18610,21,15
timeStep,numberOfRobotsOnBlackSite,numberOfRobotsOnWhiteSite
18611,21,15
timeStep,numberOfRobotsOnBlackSite,numberOfRobotsOnWhiteSite
18612,21,15
timeStep,numberOfRobotsOnBlackSite,numberOfRobotsOnWhiteSite
18613,21,15
timeStep,numberOfRobotsOnBlackSite,numberOfRobotsOnWhiteSite
18614,21,15
timeStep,numberOfRobotsOnBlackSite,numberOfRobotsOnWhiteSite
18615,21,15
timeStep,numberOfRobotsOnBlackSite,numberOfRobotsOnWhiteSite
18616,21,15
timeStep,numberOfRobotsOnBlackSite,numberOfRobotsOnWhiteSite
18617,21,15
timeStep,numberOfRobotsOnBlackSite,numberOfRobotsOnWhiteSite
18618,21,15
timeStep,numberOfRobotsOnBlackSite,numberOfRobotsOnWhiteSite
18619,21,15
timeStep,numberOfRobotsOnBlackSite,numberOfRobotsOnWhiteSite
18620,21,15
timeStep,numberOfRobotsOnBlackSite,numberOfRobotsOnWhiteSite
18621,21,15
timeStep,numberOfRobotsOnBlackSite,numberOfRobotsOnWhiteSite
18622,21,15
timeStep,numberOfRobotsOnBlackSite,numberOfRobotsOnWhiteSite
18623,21,15
timeStep,numberOfRobotsOnBlackSite,numberOfRobotsOnWhiteSite
18624,21,15
timeStep,numberOfRobotsOnBlackSite,numberOfRobotsOnWhiteSite
18625,21,15
timeStep,numberOfRobotsOnBlackSite,numberOfRobotsOnWhiteSite
18626,21,15
timeStep,numberOfRobotsOnBlackSite,numberOfRobotsOnWhiteSite
18627,21,15
timeStep,numberOfRobotsOnBlackSite,numberOfRobotsOnWhiteSite
18628,21,15
timeStep,numberOfRobotsOnBlackSite,numberOfRobotsOnWhiteSite
18629,21,15
timeStep,numberOfRobotsOnBlackSite,numberOfRobotsOnWhiteSite
18630,21,14
timeStep,numberOfRobotsOnBlackSite,numberOfRobotsOnWhiteSite
18631,21,14
timeStep,numberOfRobotsOnBlackSite,numberOfRobotsOnWhiteSite
18632,21,14
timeStep,numberOfRobotsOnBlackSite,numberOfRobotsOnWhiteSite
18633,21,14
timeStep,numberOfRobotsOnBlackSite,numberOfRobotsOnWhiteSite
18634,21,14
timeStep,numberOfRobotsOnBlackSite,numberOfRobotsOnWhiteSite
18635,21,14
timeStep,numberOfRobotsOnBlackSite,numberOfRobotsOnWhiteSite
18636,21,14
timeStep,numberOfRobotsOnBlackSite,numberOfRobotsOnWhiteSite
18637,21,14
timeStep,numberOfRobotsOnBlackSite,numberOfRobotsOnWhiteSite
18638,21,14
timeStep,numberOfRobotsOnBlackSite,numberOfRobotsOnWhiteSite
18639,21,14
timeStep,numberOfRobotsOnBlackSite,numberOfRobotsOnWhiteSite
18640,21,14
timeStep,numberOfRobotsOnBlackSite,numberOfRobotsOnWhiteSite
18641,21,14
timeStep,numberOfRobotsOnBlackSite,numberOfRobotsOnWhiteSite
18642,21,14
timeStep,numberOfRobotsOnBlackSite,numberOfRobotsOnWhiteSite
18643,21,14
timeStep,numberOfRobotsOnBlackSite,numberOfRobotsOnWhiteSite
18644,21,14
timeStep,numberOfRobotsOnBlackSite,numberOfRobotsOnWhiteSite
18645,21,14
timeStep,numberOfRobotsOnBlackSite,numberOfRobotsOnWhiteSite
18646,21,14
timeStep,numberOfRobotsOnBlackSite,numberOfRobotsOnWhiteSite
18647,21,14
timeStep,numberOfRobotsOnBlackSite,numberOfRobotsOnWhiteSite
18648,21,14
timeStep,numberOfRobotsOnBlackSite,numberOfRobotsOnWhiteSite
18649,21,14
timeStep,numberOfRobotsOnBlackSite,numberOfRobotsOnWhiteSite
18650,21,14
timeStep,numberOfRobotsOnBlackSite,numberOfRobotsOnWhiteSite
18651,21,14
timeStep,numberOfRobotsOnBlackSite,numberOfRobotsOnWhiteSite
18652,21,14
timeStep,numberOfRobotsOnBlackSite,numberOfRobotsOnWhiteSite
18653,21,14
timeStep,numberOfRobotsOnBlackSite,numberOfRobotsOnWhiteSite
18654,21,14
timeStep,numberOfRobotsOnBlackSite,numberOfRobotsOnWhiteSite
18655,21,14
timeStep,numberOfRobotsOnBlackSite,numberOfRobotsOnWhiteSite
18656,21,14
timeStep,numberOfRobotsOnBlackSite,numberOfRobotsOnWhiteSite
18657,21,14
timeStep,numberOfRobotsOnBlackSite,numberOfRobotsOnWhiteSite
18658,21,14
timeStep,numberOfRobotsOnBlackSite,numberOfRobotsOnWhiteSite
18659,21,14
timeStep,numberOfRobotsOnBlackSite,numberOfRobotsOnWhiteSite
18660,21,14
timeStep,numberOfRobotsOnBlackSite,numberOfRobotsOnWhiteSite
18661,21,14
timeStep,numberOfRobotsOnBlackSite,numberOfRobotsOnWhiteSite
18662,21,14
timeStep,numberOfRobotsOnBlackSite,numberOfRobotsOnWhiteSite
18663,21,14
timeStep,numberOfRobotsOnBlackSite,numberOfRobotsOnWhiteSite
18664,21,14
timeStep,numberOfRobotsOnBlackSite,numberOfRobotsOnWhiteSite
18665,21,15
timeStep,numberOfRobotsOnBlackSite,numberOfRobotsOnWhiteSite
18666,21,15
timeStep,numberOfRobotsOnBlackSite,numberOfRobotsOnWhiteSite
18667,21,15
timeStep,numberOfRobotsOnBlackSite,numberOfRobotsOnWhiteSite
18668,21,15
timeStep,numberOfRobotsOnBlackSite,numberOfRobotsOnWhiteSite
18669,21,15
timeStep,numberOfRobotsOnBlackSite,numberOfRobotsOnWhiteSite
18670,21,14
timeStep,numberOfRobotsOnBlackSite,numberOfRobotsOnWhiteSite
18671,21,14
timeStep,numberOfRobotsOnBlackSite,numberOfRobotsOnWhiteSite
18672,21,14
timeStep,numberOfRobotsOnBlackSite,numberOfRobotsOnWhiteSite
18673,21,14
timeStep,numberOfRobotsOnBlackSite,numberOfRobotsOnWhiteSite
18674,21,14
timeStep,numberOfRobotsOnBlackSite,numberOfRobotsOnWhiteSite
18675,21,14
timeStep,numberOfRobotsOnBlackSite,numberOfRobotsOnWhiteSite
18676,21,14
timeStep,numberOfRobotsOnBlackSite,numberOfRobotsOnWhiteSite
18677,21,14
timeStep,numberOfRobotsOnBlackSite,numberOfRobotsOnWhiteSite
18678,21,14
timeStep,numberOfRobotsOnBlackSite,numberOfRobotsOnWhiteSite
18679,21,14
timeStep,numberOfRobotsOnBlackSite,numberOfRobotsOnWhiteSite
18680,21,14
timeStep,numberOfRobotsOnBlackSite,numberOfRobotsOnWhiteSite
18681,21,14
timeStep,numberOfRobotsOnBlackSite,numberOfRobotsOnWhiteSite
18682,21,14
timeStep,numberOfRobotsOnBlackSite,numberOfRobotsOnWhiteSite
18683,21,14
timeStep,numberOfRobotsOnBlackSite,numberOfRobotsOnWhiteSite
18684,21,14
timeStep,numberOfRobotsOnBlackSite,numberOfRobotsOnWhiteSite
18685,21,14
timeStep,numberOfRobotsOnBlackSite,numberOfRobotsOnWhiteSite
18686,21,14
timeStep,numberOfRobotsOnBlackSite,numberOfRobotsOnWhiteSite
18687,21,14
timeStep,numberOfRobotsOnBlackSite,numberOfRobotsOnWhiteSite
18688,21,14
timeStep,numberOfRobotsOnBlackSite,numberOfRobotsOnWhiteSite
18689,21,14
timeStep,numberOfRobotsOnBlackSite,numberOfRobotsOnWhiteSite
18690,21,14
timeStep,numberOfRobotsOnBlackSite,numberOfRobotsOnWhiteSite
18691,21,14
timeStep,numberOfRobotsOnBlackSite,numberOfRobotsOnWhiteSite
18692,21,14
timeStep,numberOfRobotsOnBlackSite,numberOfRobotsOnWhiteSite
18693,21,14
timeStep,numberOfRobotsOnBlackSite,numberOfRobotsOnWhiteSite
18694,21,14
timeStep,numberOfRobotsOnBlackSite,numberOfRobotsOnWhiteSite
18695,21,15
timeStep,numberOfRobotsOnBlackSite,numberOfRobotsOnWhiteSite
18696,21,15
timeStep,numberOfRobotsOnBlackSite,numberOfRobotsOnWhiteSite
18697,21,15
timeStep,numberOfRobotsOnBlackSite,numberOfRobotsOnWhiteSite
18698,21,15
timeStep,numberOfRobotsOnBlackSite,numberOfRobotsOnWhiteSite
18699,21,15
timeStep,numberOfRobotsOnBlackSite,numberOfRobotsOnWhiteSite
18700,21,15
timeStep,numberOfRobotsOnBlackSite,numberOfRobotsOnWhiteSite
18701,21,15
timeStep,numberOfRobotsOnBlackSite,numberOfRobotsOnWhiteSite
18702,21,15
timeStep,numberOfRobotsOnBlackSite,numberOfRobotsOnWhiteSite
18703,21,15
timeStep,numberOfRobotsOnBlackSite,numberOfRobotsOnWhiteSite
18704,21,15
timeStep,numberOfRobotsOnBlackSite,numberOfRobotsOnWhiteSite
18705,21,15
timeStep,numberOfRobotsOnBlackSite,numberOfRobotsOnWhiteSite
18706,21,15
timeStep,numberOfRobotsOnBlackSite,numberOfRobotsOnWhiteSite
18707,21,15
timeStep,numberOfRobotsOnBlackSite,numberOfRobotsOnWhiteSite
18708,21,15
timeStep,numberOfRobotsOnBlackSite,numberOfRobotsOnWhiteSite
18709,21,15
timeStep,numberOfRobotsOnBlackSite,numberOfRobotsOnWhiteSite
18710,21,14
timeStep,numberOfRobotsOnBlackSite,numberOfRobotsOnWhiteSite
18711,21,14
timeStep,numberOfRobotsOnBlackSite,numberOfRobotsOnWhiteSite
18712,21,14
timeStep,numberOfRobotsOnBlackSite,numberOfRobotsOnWhiteSite
18713,21,14
timeStep,numberOfRobotsOnBlackSite,numberOfRobotsOnWhiteSite
18714,21,14
timeStep,numberOfRobotsOnBlackSite,numberOfRobotsOnWhiteSite
18715,21,14
timeStep,numberOfRobotsOnBlackSite,numberOfRobotsOnWhiteSite
18716,21,14
timeStep,numberOfRobotsOnBlackSite,numberOfRobotsOnWhiteSite
18717,21,14
timeStep,numberOfRobotsOnBlackSite,numberOfRobotsOnWhiteSite
18718,21,14
timeStep,numberOfRobotsOnBlackSite,numberOfRobotsOnWhiteSite
18719,21,14
timeStep,numberOfRobotsOnBlackSite,numberOfRobotsOnWhiteSite
18720,21,14
timeStep,numberOfRobotsOnBlackSite,numberOfRobotsOnWhiteSite
18721,21,14
timeStep,numberOfRobotsOnBlackSite,numberOfRobotsOnWhiteSite
18722,21,14
timeStep,numberOfRobotsOnBlackSite,numberOfRobotsOnWhiteSite
18723,21,14
timeStep,numberOfRobotsOnBlackSite,numberOfRobotsOnWhiteSite
18724,21,14
timeStep,numberOfRobotsOnBlackSite,numberOfRobotsOnWhiteSite
18725,21,14
timeStep,numberOfRobotsOnBlackSite,numberOfRobotsOnWhiteSite
18726,21,14
timeStep,numberOfRobotsOnBlackSite,numberOfRobotsOnWhiteSite
18727,21,14
timeStep,numberOfRobotsOnBlackSite,numberOfRobotsOnWhiteSite
18728,21,14
timeStep,numberOfRobotsOnBlackSite,numberOfRobotsOnWhiteSite
18729,21,14
timeStep,numberOfRobotsOnBlackSite,numberOfRobotsOnWhiteSite
18730,21,14
timeStep,numberOfRobotsOnBlackSite,numberOfRobotsOnWhiteSite
18731,21,14
timeStep,numberOfRobotsOnBlackSite,numberOfRobotsOnWhiteSite
18732,21,14
timeStep,numberOfRobotsOnBlackSite,numberOfRobotsOnWhiteSite
18733,21,14
timeStep,numberOfRobotsOnBlackSite,numberOfRobotsOnWhiteSite
18734,21,14
timeStep,numberOfRobotsOnBlackSite,numberOfRobotsOnWhiteSite
18735,21,14
timeStep,numberOfRobotsOnBlackSite,numberOfRobotsOnWhiteSite
18736,21,14
timeStep,numberOfRobotsOnBlackSite,numberOfRobotsOnWhiteSite
18737,21,14
timeStep,numberOfRobotsOnBlackSite,numberOfRobotsOnWhiteSite
18738,21,14
timeStep,numberOfRobotsOnBlackSite,numberOfRobotsOnWhiteSite
18739,21,14
timeStep,numberOfRobotsOnBlackSite,numberOfRobotsOnWhiteSite
18740,21,14
timeStep,numberOfRobotsOnBlackSite,numberOfRobotsOnWhiteSite
18741,21,14
timeStep,numberOfRobotsOnBlackSite,numberOfRobotsOnWhiteSite
18742,21,14
timeStep,numberOfRobotsOnBlackSite,numberOfRobotsOnWhiteSite
18743,21,14
timeStep,numberOfRobotsOnBlackSite,numberOfRobotsOnWhiteSite
18744,21,14
timeStep,numberOfRobotsOnBlackSite,numberOfRobotsOnWhiteSite
18745,21,14
timeStep,numberOfRobotsOnBlackSite,numberOfRobotsOnWhiteSite
18746,21,14
timeStep,numberOfRobotsOnBlackSite,numberOfRobotsOnWhiteSite
18747,21,14
timeStep,numberOfRobotsOnBlackSite,numberOfRobotsOnWhiteSite
18748,21,14
timeStep,numberOfRobotsOnBlackSite,numberOfRobotsOnWhiteSite
18749,21,14
timeStep,numberOfRobotsOnBlackSite,numberOfRobotsOnWhiteSite
18750,21,14
timeStep,numberOfRobotsOnBlackSite,numberOfRobotsOnWhiteSite
18751,21,14
timeStep,numberOfRobotsOnBlackSite,numberOfRobotsOnWhiteSite
18752,21,14
timeStep,numberOfRobotsOnBlackSite,numberOfRobotsOnWhiteSite
18753,21,14
timeStep,numberOfRobotsOnBlackSite,numberOfRobotsOnWhiteSite
18754,21,14
timeStep,numberOfRobotsOnBlackSite,numberOfRobotsOnWhiteSite
18755,21,14
timeStep,numberOfRobotsOnBlackSite,numberOfRobotsOnWhiteSite
18756,21,14
timeStep,numberOfRobotsOnBlackSite,numberOfRobotsOnWhiteSite
18757,21,14
timeStep,numberOfRobotsOnBlackSite,numberOfRobotsOnWhiteSite
18758,21,14
timeStep,numberOfRobotsOnBlackSite,numberOfRobotsOnWhiteSite
18759,21,14
timeStep,numberOfRobotsOnBlackSite,numberOfRobotsOnWhiteSite
18760,21,14
timeStep,numberOfRobotsOnBlackSite,numberOfRobotsOnWhiteSite
18761,21,14
timeStep,numberOfRobotsOnBlackSite,numberOfRobotsOnWhiteSite
18762,21,14
timeStep,numberOfRobotsOnBlackSite,numberOfRobotsOnWhiteSite
18763,21,14
timeStep,numberOfRobotsOnBlackSite,numberOfRobotsOnWhiteSite
18764,21,14
timeStep,numberOfRobotsOnBlackSite,numberOfRobotsOnWhiteSite
18765,21,14
timeStep,numberOfRobotsOnBlackSite,numberOfRobotsOnWhiteSite
18766,21,14
timeStep,numberOfRobotsOnBlackSite,numberOfRobotsOnWhiteSite
18767,21,14
timeStep,numberOfRobotsOnBlackSite,numberOfRobotsOnWhiteSite
18768,21,14
timeStep,numberOfRobotsOnBlackSite,numberOfRobotsOnWhiteSite
18769,21,14
timeStep,numberOfRobotsOnBlackSite,numberOfRobotsOnWhiteSite
18770,21,14
timeStep,numberOfRobotsOnBlackSite,numberOfRobotsOnWhiteSite
18771,21,14
timeStep,numberOfRobotsOnBlackSite,numberOfRobotsOnWhiteSite
18772,21,14
timeStep,numberOfRobotsOnBlackSite,numberOfRobotsOnWhiteSite
18773,21,14
timeStep,numberOfRobotsOnBlackSite,numberOfRobotsOnWhiteSite
18774,21,14
timeStep,numberOfRobotsOnBlackSite,numberOfRobotsOnWhiteSite
18775,21,14
timeStep,numberOfRobotsOnBlackSite,numberOfRobotsOnWhiteSite
18776,21,14
timeStep,numberOfRobotsOnBlackSite,numberOfRobotsOnWhiteSite
18777,21,14
timeStep,numberOfRobotsOnBlackSite,numberOfRobotsOnWhiteSite
18778,21,14
timeStep,numberOfRobotsOnBlackSite,numberOfRobotsOnWhiteSite
18779,21,14
timeStep,numberOfRobotsOnBlackSite,numberOfRobotsOnWhiteSite
18780,21,14
timeStep,numberOfRobotsOnBlackSite,numberOfRobotsOnWhiteSite
18781,21,14
timeStep,numberOfRobotsOnBlackSite,numberOfRobotsOnWhiteSite
18782,21,14
timeStep,numberOfRobotsOnBlackSite,numberOfRobotsOnWhiteSite
18783,21,14
timeStep,numberOfRobotsOnBlackSite,numberOfRobotsOnWhiteSite
18784,21,14
timeStep,numberOfRobotsOnBlackSite,numberOfRobotsOnWhiteSite
18785,22,15
timeStep,numberOfRobotsOnBlackSite,numberOfRobotsOnWhiteSite
18786,22,15
timeStep,numberOfRobotsOnBlackSite,numberOfRobotsOnWhiteSite
18787,22,15
timeStep,numberOfRobotsOnBlackSite,numberOfRobotsOnWhiteSite
18788,22,15
timeStep,numberOfRobotsOnBlackSite,numberOfRobotsOnWhiteSite
18789,22,15
timeStep,numberOfRobotsOnBlackSite,numberOfRobotsOnWhiteSite
18790,22,15
timeStep,numberOfRobotsOnBlackSite,numberOfRobotsOnWhiteSite
18791,22,15
timeStep,numberOfRobotsOnBlackSite,numberOfRobotsOnWhiteSite
18792,22,15
timeStep,numberOfRobotsOnBlackSite,numberOfRobotsOnWhiteSite
18793,22,15
timeStep,numberOfRobotsOnBlackSite,numberOfRobotsOnWhiteSite
18794,22,15
timeStep,numberOfRobotsOnBlackSite,numberOfRobotsOnWhiteSite
18795,22,15
timeStep,numberOfRobotsOnBlackSite,numberOfRobotsOnWhiteSite
18796,22,15
timeStep,numberOfRobotsOnBlackSite,numberOfRobotsOnWhiteSite
18797,22,15
timeStep,numberOfRobotsOnBlackSite,numberOfRobotsOnWhiteSite
18798,22,15
timeStep,numberOfRobotsOnBlackSite,numberOfRobotsOnWhiteSite
18799,22,15
timeStep,numberOfRobotsOnBlackSite,numberOfRobotsOnWhiteSite
18800,22,15
timeStep,numberOfRobotsOnBlackSite,numberOfRobotsOnWhiteSite
18801,22,15
timeStep,numberOfRobotsOnBlackSite,numberOfRobotsOnWhiteSite
18802,22,15
timeStep,numberOfRobotsOnBlackSite,numberOfRobotsOnWhiteSite
18803,22,15
timeStep,numberOfRobotsOnBlackSite,numberOfRobotsOnWhiteSite
18804,22,15
timeStep,numberOfRobotsOnBlackSite,numberOfRobotsOnWhiteSite
18805,22,15
timeStep,numberOfRobotsOnBlackSite,numberOfRobotsOnWhiteSite
18806,22,15
timeStep,numberOfRobotsOnBlackSite,numberOfRobotsOnWhiteSite
18807,22,15
timeStep,numberOfRobotsOnBlackSite,numberOfRobotsOnWhiteSite
18808,22,15
timeStep,numberOfRobotsOnBlackSite,numberOfRobotsOnWhiteSite
18809,22,15
timeStep,numberOfRobotsOnBlackSite,numberOfRobotsOnWhiteSite
18810,22,15
timeStep,numberOfRobotsOnBlackSite,numberOfRobotsOnWhiteSite
18811,22,15
timeStep,numberOfRobotsOnBlackSite,numberOfRobotsOnWhiteSite
18812,22,15
timeStep,numberOfRobotsOnBlackSite,numberOfRobotsOnWhiteSite
18813,22,15
timeStep,numberOfRobotsOnBlackSite,numberOfRobotsOnWhiteSite
18814,22,15
timeStep,numberOfRobotsOnBlackSite,numberOfRobotsOnWhiteSite
18815,22,15
timeStep,numberOfRobotsOnBlackSite,numberOfRobotsOnWhiteSite
18816,22,15
timeStep,numberOfRobotsOnBlackSite,numberOfRobotsOnWhiteSite
18817,22,15
timeStep,numberOfRobotsOnBlackSite,numberOfRobotsOnWhiteSite
18818,22,15
timeStep,numberOfRobotsOnBlackSite,numberOfRobotsOnWhiteSite
18819,22,15
timeStep,numberOfRobotsOnBlackSite,numberOfRobotsOnWhiteSite
18820,22,15
timeStep,numberOfRobotsOnBlackSite,numberOfRobotsOnWhiteSite
18821,22,15
timeStep,numberOfRobotsOnBlackSite,numberOfRobotsOnWhiteSite
18822,22,15
timeStep,numberOfRobotsOnBlackSite,numberOfRobotsOnWhiteSite
18823,22,15
timeStep,numberOfRobotsOnBlackSite,numberOfRobotsOnWhiteSite
18824,22,15
timeStep,numberOfRobotsOnBlackSite,numberOfRobotsOnWhiteSite
18825,22,15
timeStep,numberOfRobotsOnBlackSite,numberOfRobotsOnWhiteSite
18826,22,15
timeStep,numberOfRobotsOnBlackSite,numberOfRobotsOnWhiteSite
18827,22,15
timeStep,numberOfRobotsOnBlackSite,numberOfRobotsOnWhiteSite
18828,22,15
timeStep,numberOfRobotsOnBlackSite,numberOfRobotsOnWhiteSite
18829,22,15
timeStep,numberOfRobotsOnBlackSite,numberOfRobotsOnWhiteSite
18830,22,15
timeStep,numberOfRobotsOnBlackSite,numberOfRobotsOnWhiteSite
18831,22,15
timeStep,numberOfRobotsOnBlackSite,numberOfRobotsOnWhiteSite
18832,22,15
timeStep,numberOfRobotsOnBlackSite,numberOfRobotsOnWhiteSite
18833,22,15
timeStep,numberOfRobotsOnBlackSite,numberOfRobotsOnWhiteSite
18834,22,15
timeStep,numberOfRobotsOnBlackSite,numberOfRobotsOnWhiteSite
18835,22,15
timeStep,numberOfRobotsOnBlackSite,numberOfRobotsOnWhiteSite
18836,22,15
timeStep,numberOfRobotsOnBlackSite,numberOfRobotsOnWhiteSite
18837,22,15
timeStep,numberOfRobotsOnBlackSite,numberOfRobotsOnWhiteSite
18838,22,15
timeStep,numberOfRobotsOnBlackSite,numberOfRobotsOnWhiteSite
18839,22,15
timeStep,numberOfRobotsOnBlackSite,numberOfRobotsOnWhiteSite
18840,22,15
timeStep,numberOfRobotsOnBlackSite,numberOfRobotsOnWhiteSite
18841,22,15
timeStep,numberOfRobotsOnBlackSite,numberOfRobotsOnWhiteSite
18842,22,15
timeStep,numberOfRobotsOnBlackSite,numberOfRobotsOnWhiteSite
18843,22,15
timeStep,numberOfRobotsOnBlackSite,numberOfRobotsOnWhiteSite
18844,22,15
timeStep,numberOfRobotsOnBlackSite,numberOfRobotsOnWhiteSite
18845,22,15
timeStep,numberOfRobotsOnBlackSite,numberOfRobotsOnWhiteSite
18846,22,15
timeStep,numberOfRobotsOnBlackSite,numberOfRobotsOnWhiteSite
18847,22,15
timeStep,numberOfRobotsOnBlackSite,numberOfRobotsOnWhiteSite
18848,22,15
timeStep,numberOfRobotsOnBlackSite,numberOfRobotsOnWhiteSite
18849,22,15
timeStep,numberOfRobotsOnBlackSite,numberOfRobotsOnWhiteSite
18850,22,15
timeStep,numberOfRobotsOnBlackSite,numberOfRobotsOnWhiteSite
18851,22,15
timeStep,numberOfRobotsOnBlackSite,numberOfRobotsOnWhiteSite
18852,22,15
timeStep,numberOfRobotsOnBlackSite,numberOfRobotsOnWhiteSite
18853,22,15
timeStep,numberOfRobotsOnBlackSite,numberOfRobotsOnWhiteSite
18854,22,15
timeStep,numberOfRobotsOnBlackSite,numberOfRobotsOnWhiteSite
18855,22,15
timeStep,numberOfRobotsOnBlackSite,numberOfRobotsOnWhiteSite
18856,22,15
timeStep,numberOfRobotsOnBlackSite,numberOfRobotsOnWhiteSite
18857,22,15
timeStep,numberOfRobotsOnBlackSite,numberOfRobotsOnWhiteSite
18858,22,15
timeStep,numberOfRobotsOnBlackSite,numberOfRobotsOnWhiteSite
18859,22,15
timeStep,numberOfRobotsOnBlackSite,numberOfRobotsOnWhiteSite
18860,22,15
timeStep,numberOfRobotsOnBlackSite,numberOfRobotsOnWhiteSite
18861,22,15
timeStep,numberOfRobotsOnBlackSite,numberOfRobotsOnWhiteSite
18862,22,15
timeStep,numberOfRobotsOnBlackSite,numberOfRobotsOnWhiteSite
18863,22,15
timeStep,numberOfRobotsOnBlackSite,numberOfRobotsOnWhiteSite
18864,22,15
timeStep,numberOfRobotsOnBlackSite,numberOfRobotsOnWhiteSite
18865,22,15
timeStep,numberOfRobotsOnBlackSite,numberOfRobotsOnWhiteSite
18866,22,15
timeStep,numberOfRobotsOnBlackSite,numberOfRobotsOnWhiteSite
18867,22,15
timeStep,numberOfRobotsOnBlackSite,numberOfRobotsOnWhiteSite
18868,22,15
timeStep,numberOfRobotsOnBlackSite,numberOfRobotsOnWhiteSite
18869,22,15
timeStep,numberOfRobotsOnBlackSite,numberOfRobotsOnWhiteSite
18870,22,15
timeStep,numberOfRobotsOnBlackSite,numberOfRobotsOnWhiteSite
18871,22,15
timeStep,numberOfRobotsOnBlackSite,numberOfRobotsOnWhiteSite
18872,22,15
timeStep,numberOfRobotsOnBlackSite,numberOfRobotsOnWhiteSite
18873,22,15
timeStep,numberOfRobotsOnBlackSite,numberOfRobotsOnWhiteSite
18874,22,15
timeStep,numberOfRobotsOnBlackSite,numberOfRobotsOnWhiteSite
18875,22,15
timeStep,numberOfRobotsOnBlackSite,numberOfRobotsOnWhiteSite
18876,22,15
timeStep,numberOfRobotsOnBlackSite,numberOfRobotsOnWhiteSite
18877,22,15
timeStep,numberOfRobotsOnBlackSite,numberOfRobotsOnWhiteSite
18878,22,15
timeStep,numberOfRobotsOnBlackSite,numberOfRobotsOnWhiteSite
18879,22,15
timeStep,numberOfRobotsOnBlackSite,numberOfRobotsOnWhiteSite
18880,22,15
timeStep,numberOfRobotsOnBlackSite,numberOfRobotsOnWhiteSite
18881,22,15
timeStep,numberOfRobotsOnBlackSite,numberOfRobotsOnWhiteSite
18882,22,15
timeStep,numberOfRobotsOnBlackSite,numberOfRobotsOnWhiteSite
18883,22,15
timeStep,numberOfRobotsOnBlackSite,numberOfRobotsOnWhiteSite
18884,22,15
timeStep,numberOfRobotsOnBlackSite,numberOfRobotsOnWhiteSite
18885,22,15
timeStep,numberOfRobotsOnBlackSite,numberOfRobotsOnWhiteSite
18886,22,15
timeStep,numberOfRobotsOnBlackSite,numberOfRobotsOnWhiteSite
18887,22,15
timeStep,numberOfRobotsOnBlackSite,numberOfRobotsOnWhiteSite
18888,22,15
timeStep,numberOfRobotsOnBlackSite,numberOfRobotsOnWhiteSite
18889,22,15
timeStep,numberOfRobotsOnBlackSite,numberOfRobotsOnWhiteSite
18890,22,15
timeStep,numberOfRobotsOnBlackSite,numberOfRobotsOnWhiteSite
18891,22,15
timeStep,numberOfRobotsOnBlackSite,numberOfRobotsOnWhiteSite
18892,22,15
timeStep,numberOfRobotsOnBlackSite,numberOfRobotsOnWhiteSite
18893,22,15
timeStep,numberOfRobotsOnBlackSite,numberOfRobotsOnWhiteSite
18894,22,15
timeStep,numberOfRobotsOnBlackSite,numberOfRobotsOnWhiteSite
18895,22,15
timeStep,numberOfRobotsOnBlackSite,numberOfRobotsOnWhiteSite
18896,22,15
timeStep,numberOfRobotsOnBlackSite,numberOfRobotsOnWhiteSite
18897,22,15
timeStep,numberOfRobotsOnBlackSite,numberOfRobotsOnWhiteSite
18898,22,15
timeStep,numberOfRobotsOnBlackSite,numberOfRobotsOnWhiteSite
18899,22,15
timeStep,numberOfRobotsOnBlackSite,numberOfRobotsOnWhiteSite
18900,22,15
timeStep,numberOfRobotsOnBlackSite,numberOfRobotsOnWhiteSite
18901,22,15
timeStep,numberOfRobotsOnBlackSite,numberOfRobotsOnWhiteSite
18902,22,15
timeStep,numberOfRobotsOnBlackSite,numberOfRobotsOnWhiteSite
18903,22,15
timeStep,numberOfRobotsOnBlackSite,numberOfRobotsOnWhiteSite
18904,22,15
timeStep,numberOfRobotsOnBlackSite,numberOfRobotsOnWhiteSite
18905,22,14
timeStep,numberOfRobotsOnBlackSite,numberOfRobotsOnWhiteSite
18906,22,14
timeStep,numberOfRobotsOnBlackSite,numberOfRobotsOnWhiteSite
18907,22,14
timeStep,numberOfRobotsOnBlackSite,numberOfRobotsOnWhiteSite
18908,22,14
timeStep,numberOfRobotsOnBlackSite,numberOfRobotsOnWhiteSite
18909,22,14
timeStep,numberOfRobotsOnBlackSite,numberOfRobotsOnWhiteSite
18910,22,14
timeStep,numberOfRobotsOnBlackSite,numberOfRobotsOnWhiteSite
18911,22,14
timeStep,numberOfRobotsOnBlackSite,numberOfRobotsOnWhiteSite
18912,22,14
timeStep,numberOfRobotsOnBlackSite,numberOfRobotsOnWhiteSite
18913,22,14
timeStep,numberOfRobotsOnBlackSite,numberOfRobotsOnWhiteSite
18914,22,14
timeStep,numberOfRobotsOnBlackSite,numberOfRobotsOnWhiteSite
18915,22,14
timeStep,numberOfRobotsOnBlackSite,numberOfRobotsOnWhiteSite
18916,22,14
timeStep,numberOfRobotsOnBlackSite,numberOfRobotsOnWhiteSite
18917,22,14
timeStep,numberOfRobotsOnBlackSite,numberOfRobotsOnWhiteSite
18918,22,14
timeStep,numberOfRobotsOnBlackSite,numberOfRobotsOnWhiteSite
18919,22,14
timeStep,numberOfRobotsOnBlackSite,numberOfRobotsOnWhiteSite
18920,22,14
timeStep,numberOfRobotsOnBlackSite,numberOfRobotsOnWhiteSite
18921,22,14
timeStep,numberOfRobotsOnBlackSite,numberOfRobotsOnWhiteSite
18922,22,14
timeStep,numberOfRobotsOnBlackSite,numberOfRobotsOnWhiteSite
18923,22,14
timeStep,numberOfRobotsOnBlackSite,numberOfRobotsOnWhiteSite
18924,22,14
timeStep,numberOfRobotsOnBlackSite,numberOfRobotsOnWhiteSite
18925,22,15
timeStep,numberOfRobotsOnBlackSite,numberOfRobotsOnWhiteSite
18926,22,15
timeStep,numberOfRobotsOnBlackSite,numberOfRobotsOnWhiteSite
18927,22,15
timeStep,numberOfRobotsOnBlackSite,numberOfRobotsOnWhiteSite
18928,22,15
timeStep,numberOfRobotsOnBlackSite,numberOfRobotsOnWhiteSite
18929,22,15
timeStep,numberOfRobotsOnBlackSite,numberOfRobotsOnWhiteSite
18930,22,15
timeStep,numberOfRobotsOnBlackSite,numberOfRobotsOnWhiteSite
18931,22,15
timeStep,numberOfRobotsOnBlackSite,numberOfRobotsOnWhiteSite
18932,22,15
timeStep,numberOfRobotsOnBlackSite,numberOfRobotsOnWhiteSite
18933,22,15
timeStep,numberOfRobotsOnBlackSite,numberOfRobotsOnWhiteSite
18934,22,15
timeStep,numberOfRobotsOnBlackSite,numberOfRobotsOnWhiteSite
18935,22,15
timeStep,numberOfRobotsOnBlackSite,numberOfRobotsOnWhiteSite
18936,22,15
timeStep,numberOfRobotsOnBlackSite,numberOfRobotsOnWhiteSite
18937,22,15
timeStep,numberOfRobotsOnBlackSite,numberOfRobotsOnWhiteSite
18938,22,15
timeStep,numberOfRobotsOnBlackSite,numberOfRobotsOnWhiteSite
18939,22,15
timeStep,numberOfRobotsOnBlackSite,numberOfRobotsOnWhiteSite
18940,22,15
timeStep,numberOfRobotsOnBlackSite,numberOfRobotsOnWhiteSite
18941,22,15
timeStep,numberOfRobotsOnBlackSite,numberOfRobotsOnWhiteSite
18942,22,15
timeStep,numberOfRobotsOnBlackSite,numberOfRobotsOnWhiteSite
18943,22,15
timeStep,numberOfRobotsOnBlackSite,numberOfRobotsOnWhiteSite
18944,22,15
timeStep,numberOfRobotsOnBlackSite,numberOfRobotsOnWhiteSite
18945,22,15
timeStep,numberOfRobotsOnBlackSite,numberOfRobotsOnWhiteSite
18946,22,15
timeStep,numberOfRobotsOnBlackSite,numberOfRobotsOnWhiteSite
18947,22,15
timeStep,numberOfRobotsOnBlackSite,numberOfRobotsOnWhiteSite
18948,22,15
timeStep,numberOfRobotsOnBlackSite,numberOfRobotsOnWhiteSite
18949,22,15
timeStep,numberOfRobotsOnBlackSite,numberOfRobotsOnWhiteSite
18950,22,15
timeStep,numberOfRobotsOnBlackSite,numberOfRobotsOnWhiteSite
18951,22,15
timeStep,numberOfRobotsOnBlackSite,numberOfRobotsOnWhiteSite
18952,22,15
timeStep,numberOfRobotsOnBlackSite,numberOfRobotsOnWhiteSite
18953,22,15
timeStep,numberOfRobotsOnBlackSite,numberOfRobotsOnWhiteSite
18954,22,15
timeStep,numberOfRobotsOnBlackSite,numberOfRobotsOnWhiteSite
18955,22,15
timeStep,numberOfRobotsOnBlackSite,numberOfRobotsOnWhiteSite
18956,22,15
timeStep,numberOfRobotsOnBlackSite,numberOfRobotsOnWhiteSite
18957,22,15
timeStep,numberOfRobotsOnBlackSite,numberOfRobotsOnWhiteSite
18958,22,15
timeStep,numberOfRobotsOnBlackSite,numberOfRobotsOnWhiteSite
18959,22,15
timeStep,numberOfRobotsOnBlackSite,numberOfRobotsOnWhiteSite
18960,22,15
timeStep,numberOfRobotsOnBlackSite,numberOfRobotsOnWhiteSite
18961,22,15
timeStep,numberOfRobotsOnBlackSite,numberOfRobotsOnWhiteSite
18962,22,15
timeStep,numberOfRobotsOnBlackSite,numberOfRobotsOnWhiteSite
18963,22,15
timeStep,numberOfRobotsOnBlackSite,numberOfRobotsOnWhiteSite
18964,22,15
timeStep,numberOfRobotsOnBlackSite,numberOfRobotsOnWhiteSite
18965,22,15
timeStep,numberOfRobotsOnBlackSite,numberOfRobotsOnWhiteSite
18966,22,15
timeStep,numberOfRobotsOnBlackSite,numberOfRobotsOnWhiteSite
18967,22,15
timeStep,numberOfRobotsOnBlackSite,numberOfRobotsOnWhiteSite
18968,22,15
timeStep,numberOfRobotsOnBlackSite,numberOfRobotsOnWhiteSite
18969,22,15
timeStep,numberOfRobotsOnBlackSite,numberOfRobotsOnWhiteSite
18970,22,15
timeStep,numberOfRobotsOnBlackSite,numberOfRobotsOnWhiteSite
18971,22,15
timeStep,numberOfRobotsOnBlackSite,numberOfRobotsOnWhiteSite
18972,22,15
timeStep,numberOfRobotsOnBlackSite,numberOfRobotsOnWhiteSite
18973,22,15
timeStep,numberOfRobotsOnBlackSite,numberOfRobotsOnWhiteSite
18974,22,15
timeStep,numberOfRobotsOnBlackSite,numberOfRobotsOnWhiteSite
18975,22,15
timeStep,numberOfRobotsOnBlackSite,numberOfRobotsOnWhiteSite
18976,22,15
timeStep,numberOfRobotsOnBlackSite,numberOfRobotsOnWhiteSite
18977,22,15
timeStep,numberOfRobotsOnBlackSite,numberOfRobotsOnWhiteSite
18978,22,15
timeStep,numberOfRobotsOnBlackSite,numberOfRobotsOnWhiteSite
18979,22,15
timeStep,numberOfRobotsOnBlackSite,numberOfRobotsOnWhiteSite
18980,22,15
timeStep,numberOfRobotsOnBlackSite,numberOfRobotsOnWhiteSite
18981,22,15
timeStep,numberOfRobotsOnBlackSite,numberOfRobotsOnWhiteSite
18982,22,15
timeStep,numberOfRobotsOnBlackSite,numberOfRobotsOnWhiteSite
18983,22,15
timeStep,numberOfRobotsOnBlackSite,numberOfRobotsOnWhiteSite
18984,22,15
timeStep,numberOfRobotsOnBlackSite,numberOfRobotsOnWhiteSite
18985,22,15
timeStep,numberOfRobotsOnBlackSite,numberOfRobotsOnWhiteSite
18986,22,15
timeStep,numberOfRobotsOnBlackSite,numberOfRobotsOnWhiteSite
18987,22,15
timeStep,numberOfRobotsOnBlackSite,numberOfRobotsOnWhiteSite
18988,22,15
timeStep,numberOfRobotsOnBlackSite,numberOfRobotsOnWhiteSite
18989,22,15
timeStep,numberOfRobotsOnBlackSite,numberOfRobotsOnWhiteSite
18990,22,15
timeStep,numberOfRobotsOnBlackSite,numberOfRobotsOnWhiteSite
18991,22,15
timeStep,numberOfRobotsOnBlackSite,numberOfRobotsOnWhiteSite
18992,22,15
timeStep,numberOfRobotsOnBlackSite,numberOfRobotsOnWhiteSite
18993,22,15
timeStep,numberOfRobotsOnBlackSite,numberOfRobotsOnWhiteSite
18994,22,15
timeStep,numberOfRobotsOnBlackSite,numberOfRobotsOnWhiteSite
18995,22,15
timeStep,numberOfRobotsOnBlackSite,numberOfRobotsOnWhiteSite
18996,22,15
timeStep,numberOfRobotsOnBlackSite,numberOfRobotsOnWhiteSite
18997,22,15
timeStep,numberOfRobotsOnBlackSite,numberOfRobotsOnWhiteSite
18998,22,15
timeStep,numberOfRobotsOnBlackSite,numberOfRobotsOnWhiteSite
18999,22,15
timeStep,numberOfRobotsOnBlackSite,numberOfRobotsOnWhiteSite
19000,22,15
timeStep,numberOfRobotsOnBlackSite,numberOfRobotsOnWhiteSite
19001,22,15
timeStep,numberOfRobotsOnBlackSite,numberOfRobotsOnWhiteSite
19002,22,15
timeStep,numberOfRobotsOnBlackSite,numberOfRobotsOnWhiteSite
19003,22,15
timeStep,numberOfRobotsOnBlackSite,numberOfRobotsOnWhiteSite
19004,22,15
timeStep,numberOfRobotsOnBlackSite,numberOfRobotsOnWhiteSite
19005,21,16
timeStep,numberOfRobotsOnBlackSite,numberOfRobotsOnWhiteSite
19006,21,16
timeStep,numberOfRobotsOnBlackSite,numberOfRobotsOnWhiteSite
19007,21,16
timeStep,numberOfRobotsOnBlackSite,numberOfRobotsOnWhiteSite
19008,21,16
timeStep,numberOfRobotsOnBlackSite,numberOfRobotsOnWhiteSite
19009,21,16
timeStep,numberOfRobotsOnBlackSite,numberOfRobotsOnWhiteSite
19010,21,16
timeStep,numberOfRobotsOnBlackSite,numberOfRobotsOnWhiteSite
19011,21,16
timeStep,numberOfRobotsOnBlackSite,numberOfRobotsOnWhiteSite
19012,21,16
timeStep,numberOfRobotsOnBlackSite,numberOfRobotsOnWhiteSite
19013,21,16
timeStep,numberOfRobotsOnBlackSite,numberOfRobotsOnWhiteSite
19014,21,16
timeStep,numberOfRobotsOnBlackSite,numberOfRobotsOnWhiteSite
19015,21,16
timeStep,numberOfRobotsOnBlackSite,numberOfRobotsOnWhiteSite
19016,21,16
timeStep,numberOfRobotsOnBlackSite,numberOfRobotsOnWhiteSite
19017,21,16
timeStep,numberOfRobotsOnBlackSite,numberOfRobotsOnWhiteSite
19018,21,16
timeStep,numberOfRobotsOnBlackSite,numberOfRobotsOnWhiteSite
19019,21,16
timeStep,numberOfRobotsOnBlackSite,numberOfRobotsOnWhiteSite
19020,21,16
timeStep,numberOfRobotsOnBlackSite,numberOfRobotsOnWhiteSite
19021,21,16
timeStep,numberOfRobotsOnBlackSite,numberOfRobotsOnWhiteSite
19022,21,16
timeStep,numberOfRobotsOnBlackSite,numberOfRobotsOnWhiteSite
19023,21,16
timeStep,numberOfRobotsOnBlackSite,numberOfRobotsOnWhiteSite
19024,21,16
timeStep,numberOfRobotsOnBlackSite,numberOfRobotsOnWhiteSite
19025,21,16
timeStep,numberOfRobotsOnBlackSite,numberOfRobotsOnWhiteSite
19026,21,16
timeStep,numberOfRobotsOnBlackSite,numberOfRobotsOnWhiteSite
19027,21,16
timeStep,numberOfRobotsOnBlackSite,numberOfRobotsOnWhiteSite
19028,21,16
timeStep,numberOfRobotsOnBlackSite,numberOfRobotsOnWhiteSite
19029,21,16
timeStep,numberOfRobotsOnBlackSite,numberOfRobotsOnWhiteSite
19030,22,16
timeStep,numberOfRobotsOnBlackSite,numberOfRobotsOnWhiteSite
19031,22,16
timeStep,numberOfRobotsOnBlackSite,numberOfRobotsOnWhiteSite
19032,22,16
timeStep,numberOfRobotsOnBlackSite,numberOfRobotsOnWhiteSite
19033,22,16
timeStep,numberOfRobotsOnBlackSite,numberOfRobotsOnWhiteSite
19034,22,16
timeStep,numberOfRobotsOnBlackSite,numberOfRobotsOnWhiteSite
19035,22,16
timeStep,numberOfRobotsOnBlackSite,numberOfRobotsOnWhiteSite
19036,22,16
timeStep,numberOfRobotsOnBlackSite,numberOfRobotsOnWhiteSite
19037,22,16
timeStep,numberOfRobotsOnBlackSite,numberOfRobotsOnWhiteSite
19038,22,16
timeStep,numberOfRobotsOnBlackSite,numberOfRobotsOnWhiteSite
19039,22,16
timeStep,numberOfRobotsOnBlackSite,numberOfRobotsOnWhiteSite
19040,22,16
timeStep,numberOfRobotsOnBlackSite,numberOfRobotsOnWhiteSite
19041,22,16
timeStep,numberOfRobotsOnBlackSite,numberOfRobotsOnWhiteSite
19042,22,16
timeStep,numberOfRobotsOnBlackSite,numberOfRobotsOnWhiteSite
19043,22,16
timeStep,numberOfRobotsOnBlackSite,numberOfRobotsOnWhiteSite
19044,22,16
timeStep,numberOfRobotsOnBlackSite,numberOfRobotsOnWhiteSite
19045,22,16
timeStep,numberOfRobotsOnBlackSite,numberOfRobotsOnWhiteSite
19046,22,16
timeStep,numberOfRobotsOnBlackSite,numberOfRobotsOnWhiteSite
19047,22,16
timeStep,numberOfRobotsOnBlackSite,numberOfRobotsOnWhiteSite
19048,22,16
timeStep,numberOfRobotsOnBlackSite,numberOfRobotsOnWhiteSite
19049,22,16
timeStep,numberOfRobotsOnBlackSite,numberOfRobotsOnWhiteSite
19050,22,16
timeStep,numberOfRobotsOnBlackSite,numberOfRobotsOnWhiteSite
19051,22,16
timeStep,numberOfRobotsOnBlackSite,numberOfRobotsOnWhiteSite
19052,22,16
timeStep,numberOfRobotsOnBlackSite,numberOfRobotsOnWhiteSite
19053,22,16
timeStep,numberOfRobotsOnBlackSite,numberOfRobotsOnWhiteSite
19054,22,16
timeStep,numberOfRobotsOnBlackSite,numberOfRobotsOnWhiteSite
19055,22,16
timeStep,numberOfRobotsOnBlackSite,numberOfRobotsOnWhiteSite
19056,22,16
timeStep,numberOfRobotsOnBlackSite,numberOfRobotsOnWhiteSite
19057,22,16
timeStep,numberOfRobotsOnBlackSite,numberOfRobotsOnWhiteSite
19058,22,16
timeStep,numberOfRobotsOnBlackSite,numberOfRobotsOnWhiteSite
19059,22,16
timeStep,numberOfRobotsOnBlackSite,numberOfRobotsOnWhiteSite
19060,22,16
timeStep,numberOfRobotsOnBlackSite,numberOfRobotsOnWhiteSite
19061,22,16
timeStep,numberOfRobotsOnBlackSite,numberOfRobotsOnWhiteSite
19062,22,16
timeStep,numberOfRobotsOnBlackSite,numberOfRobotsOnWhiteSite
19063,22,16
timeStep,numberOfRobotsOnBlackSite,numberOfRobotsOnWhiteSite
19064,22,16
timeStep,numberOfRobotsOnBlackSite,numberOfRobotsOnWhiteSite
19065,22,16
timeStep,numberOfRobotsOnBlackSite,numberOfRobotsOnWhiteSite
19066,22,16
timeStep,numberOfRobotsOnBlackSite,numberOfRobotsOnWhiteSite
19067,22,16
timeStep,numberOfRobotsOnBlackSite,numberOfRobotsOnWhiteSite
19068,22,16
timeStep,numberOfRobotsOnBlackSite,numberOfRobotsOnWhiteSite
19069,22,16
timeStep,numberOfRobotsOnBlackSite,numberOfRobotsOnWhiteSite
19070,22,16
timeStep,numberOfRobotsOnBlackSite,numberOfRobotsOnWhiteSite
19071,22,16
timeStep,numberOfRobotsOnBlackSite,numberOfRobotsOnWhiteSite
19072,22,16
timeStep,numberOfRobotsOnBlackSite,numberOfRobotsOnWhiteSite
19073,22,16
timeStep,numberOfRobotsOnBlackSite,numberOfRobotsOnWhiteSite
19074,22,16
timeStep,numberOfRobotsOnBlackSite,numberOfRobotsOnWhiteSite
19075,22,15
timeStep,numberOfRobotsOnBlackSite,numberOfRobotsOnWhiteSite
19076,22,15
timeStep,numberOfRobotsOnBlackSite,numberOfRobotsOnWhiteSite
19077,22,15
timeStep,numberOfRobotsOnBlackSite,numberOfRobotsOnWhiteSite
19078,22,15
timeStep,numberOfRobotsOnBlackSite,numberOfRobotsOnWhiteSite
19079,22,15
timeStep,numberOfRobotsOnBlackSite,numberOfRobotsOnWhiteSite
19080,22,15
timeStep,numberOfRobotsOnBlackSite,numberOfRobotsOnWhiteSite
19081,22,15
timeStep,numberOfRobotsOnBlackSite,numberOfRobotsOnWhiteSite
19082,22,15
timeStep,numberOfRobotsOnBlackSite,numberOfRobotsOnWhiteSite
19083,22,15
timeStep,numberOfRobotsOnBlackSite,numberOfRobotsOnWhiteSite
19084,22,15
timeStep,numberOfRobotsOnBlackSite,numberOfRobotsOnWhiteSite
19085,22,15
timeStep,numberOfRobotsOnBlackSite,numberOfRobotsOnWhiteSite
19086,22,15
timeStep,numberOfRobotsOnBlackSite,numberOfRobotsOnWhiteSite
19087,22,15
timeStep,numberOfRobotsOnBlackSite,numberOfRobotsOnWhiteSite
19088,22,15
timeStep,numberOfRobotsOnBlackSite,numberOfRobotsOnWhiteSite
19089,22,15
timeStep,numberOfRobotsOnBlackSite,numberOfRobotsOnWhiteSite
19090,22,15
timeStep,numberOfRobotsOnBlackSite,numberOfRobotsOnWhiteSite
19091,22,15
timeStep,numberOfRobotsOnBlackSite,numberOfRobotsOnWhiteSite
19092,22,15
timeStep,numberOfRobotsOnBlackSite,numberOfRobotsOnWhiteSite
19093,22,15
timeStep,numberOfRobotsOnBlackSite,numberOfRobotsOnWhiteSite
19094,22,15
timeStep,numberOfRobotsOnBlackSite,numberOfRobotsOnWhiteSite
19095,22,15
timeStep,numberOfRobotsOnBlackSite,numberOfRobotsOnWhiteSite
19096,22,15
timeStep,numberOfRobotsOnBlackSite,numberOfRobotsOnWhiteSite
19097,22,15
timeStep,numberOfRobotsOnBlackSite,numberOfRobotsOnWhiteSite
19098,22,15
timeStep,numberOfRobotsOnBlackSite,numberOfRobotsOnWhiteSite
19099,22,15
timeStep,numberOfRobotsOnBlackSite,numberOfRobotsOnWhiteSite
19100,22,15
timeStep,numberOfRobotsOnBlackSite,numberOfRobotsOnWhiteSite
19101,22,15
timeStep,numberOfRobotsOnBlackSite,numberOfRobotsOnWhiteSite
19102,22,15
timeStep,numberOfRobotsOnBlackSite,numberOfRobotsOnWhiteSite
19103,22,15
timeStep,numberOfRobotsOnBlackSite,numberOfRobotsOnWhiteSite
19104,22,15
timeStep,numberOfRobotsOnBlackSite,numberOfRobotsOnWhiteSite
19105,21,15
timeStep,numberOfRobotsOnBlackSite,numberOfRobotsOnWhiteSite
19106,21,15
timeStep,numberOfRobotsOnBlackSite,numberOfRobotsOnWhiteSite
19107,21,15
timeStep,numberOfRobotsOnBlackSite,numberOfRobotsOnWhiteSite
19108,21,15
timeStep,numberOfRobotsOnBlackSite,numberOfRobotsOnWhiteSite
19109,21,15
timeStep,numberOfRobotsOnBlackSite,numberOfRobotsOnWhiteSite
19110,21,15
timeStep,numberOfRobotsOnBlackSite,numberOfRobotsOnWhiteSite
19111,21,15
timeStep,numberOfRobotsOnBlackSite,numberOfRobotsOnWhiteSite
19112,21,15
timeStep,numberOfRobotsOnBlackSite,numberOfRobotsOnWhiteSite
19113,21,15
timeStep,numberOfRobotsOnBlackSite,numberOfRobotsOnWhiteSite
19114,21,15
timeStep,numberOfRobotsOnBlackSite,numberOfRobotsOnWhiteSite
19115,21,15
timeStep,numberOfRobotsOnBlackSite,numberOfRobotsOnWhiteSite
19116,21,15
timeStep,numberOfRobotsOnBlackSite,numberOfRobotsOnWhiteSite
19117,21,15
timeStep,numberOfRobotsOnBlackSite,numberOfRobotsOnWhiteSite
19118,21,15
timeStep,numberOfRobotsOnBlackSite,numberOfRobotsOnWhiteSite
19119,21,15
timeStep,numberOfRobotsOnBlackSite,numberOfRobotsOnWhiteSite
19120,21,15
timeStep,numberOfRobotsOnBlackSite,numberOfRobotsOnWhiteSite
19121,21,15
timeStep,numberOfRobotsOnBlackSite,numberOfRobotsOnWhiteSite
19122,21,15
timeStep,numberOfRobotsOnBlackSite,numberOfRobotsOnWhiteSite
19123,21,15
timeStep,numberOfRobotsOnBlackSite,numberOfRobotsOnWhiteSite
19124,21,15
timeStep,numberOfRobotsOnBlackSite,numberOfRobotsOnWhiteSite
19125,21,15
timeStep,numberOfRobotsOnBlackSite,numberOfRobotsOnWhiteSite
19126,21,15
timeStep,numberOfRobotsOnBlackSite,numberOfRobotsOnWhiteSite
19127,21,15
timeStep,numberOfRobotsOnBlackSite,numberOfRobotsOnWhiteSite
19128,21,15
timeStep,numberOfRobotsOnBlackSite,numberOfRobotsOnWhiteSite
19129,21,15
timeStep,numberOfRobotsOnBlackSite,numberOfRobotsOnWhiteSite
19130,20,15
timeStep,numberOfRobotsOnBlackSite,numberOfRobotsOnWhiteSite
19131,20,15
timeStep,numberOfRobotsOnBlackSite,numberOfRobotsOnWhiteSite
19132,20,15
timeStep,numberOfRobotsOnBlackSite,numberOfRobotsOnWhiteSite
19133,20,15
timeStep,numberOfRobotsOnBlackSite,numberOfRobotsOnWhiteSite
19134,20,15
timeStep,numberOfRobotsOnBlackSite,numberOfRobotsOnWhiteSite
19135,20,15
timeStep,numberOfRobotsOnBlackSite,numberOfRobotsOnWhiteSite
19136,20,15
timeStep,numberOfRobotsOnBlackSite,numberOfRobotsOnWhiteSite
19137,20,15
timeStep,numberOfRobotsOnBlackSite,numberOfRobotsOnWhiteSite
19138,20,15
timeStep,numberOfRobotsOnBlackSite,numberOfRobotsOnWhiteSite
19139,20,15
timeStep,numberOfRobotsOnBlackSite,numberOfRobotsOnWhiteSite
19140,20,15
timeStep,numberOfRobotsOnBlackSite,numberOfRobotsOnWhiteSite
19141,20,15
timeStep,numberOfRobotsOnBlackSite,numberOfRobotsOnWhiteSite
19142,20,15
timeStep,numberOfRobotsOnBlackSite,numberOfRobotsOnWhiteSite
19143,20,15
timeStep,numberOfRobotsOnBlackSite,numberOfRobotsOnWhiteSite
19144,20,15
timeStep,numberOfRobotsOnBlackSite,numberOfRobotsOnWhiteSite
19145,20,15
timeStep,numberOfRobotsOnBlackSite,numberOfRobotsOnWhiteSite
19146,20,15
timeStep,numberOfRobotsOnBlackSite,numberOfRobotsOnWhiteSite
19147,20,15
timeStep,numberOfRobotsOnBlackSite,numberOfRobotsOnWhiteSite
19148,20,15
timeStep,numberOfRobotsOnBlackSite,numberOfRobotsOnWhiteSite
19149,20,15
timeStep,numberOfRobotsOnBlackSite,numberOfRobotsOnWhiteSite
19150,20,15
timeStep,numberOfRobotsOnBlackSite,numberOfRobotsOnWhiteSite
19151,20,15
timeStep,numberOfRobotsOnBlackSite,numberOfRobotsOnWhiteSite
19152,20,15
timeStep,numberOfRobotsOnBlackSite,numberOfRobotsOnWhiteSite
19153,20,15
timeStep,numberOfRobotsOnBlackSite,numberOfRobotsOnWhiteSite
19154,20,15
timeStep,numberOfRobotsOnBlackSite,numberOfRobotsOnWhiteSite
19155,20,15
timeStep,numberOfRobotsOnBlackSite,numberOfRobotsOnWhiteSite
19156,20,15
timeStep,numberOfRobotsOnBlackSite,numberOfRobotsOnWhiteSite
19157,20,15
timeStep,numberOfRobotsOnBlackSite,numberOfRobotsOnWhiteSite
19158,20,15
timeStep,numberOfRobotsOnBlackSite,numberOfRobotsOnWhiteSite
19159,20,15
timeStep,numberOfRobotsOnBlackSite,numberOfRobotsOnWhiteSite
19160,20,15
timeStep,numberOfRobotsOnBlackSite,numberOfRobotsOnWhiteSite
19161,20,15
timeStep,numberOfRobotsOnBlackSite,numberOfRobotsOnWhiteSite
19162,20,15
timeStep,numberOfRobotsOnBlackSite,numberOfRobotsOnWhiteSite
19163,20,15
timeStep,numberOfRobotsOnBlackSite,numberOfRobotsOnWhiteSite
19164,20,15
timeStep,numberOfRobotsOnBlackSite,numberOfRobotsOnWhiteSite
19165,20,15
timeStep,numberOfRobotsOnBlackSite,numberOfRobotsOnWhiteSite
19166,20,15
timeStep,numberOfRobotsOnBlackSite,numberOfRobotsOnWhiteSite
19167,20,15
timeStep,numberOfRobotsOnBlackSite,numberOfRobotsOnWhiteSite
19168,20,15
timeStep,numberOfRobotsOnBlackSite,numberOfRobotsOnWhiteSite
19169,20,15
timeStep,numberOfRobotsOnBlackSite,numberOfRobotsOnWhiteSite
19170,20,16
timeStep,numberOfRobotsOnBlackSite,numberOfRobotsOnWhiteSite
19171,20,16
timeStep,numberOfRobotsOnBlackSite,numberOfRobotsOnWhiteSite
19172,20,16
timeStep,numberOfRobotsOnBlackSite,numberOfRobotsOnWhiteSite
19173,20,16
timeStep,numberOfRobotsOnBlackSite,numberOfRobotsOnWhiteSite
19174,20,16
timeStep,numberOfRobotsOnBlackSite,numberOfRobotsOnWhiteSite
19175,21,16
timeStep,numberOfRobotsOnBlackSite,numberOfRobotsOnWhiteSite
19176,21,16
timeStep,numberOfRobotsOnBlackSite,numberOfRobotsOnWhiteSite
19177,21,16
timeStep,numberOfRobotsOnBlackSite,numberOfRobotsOnWhiteSite
19178,21,16
timeStep,numberOfRobotsOnBlackSite,numberOfRobotsOnWhiteSite
19179,21,16
timeStep,numberOfRobotsOnBlackSite,numberOfRobotsOnWhiteSite
19180,21,16
timeStep,numberOfRobotsOnBlackSite,numberOfRobotsOnWhiteSite
19181,21,16
timeStep,numberOfRobotsOnBlackSite,numberOfRobotsOnWhiteSite
19182,21,16
timeStep,numberOfRobotsOnBlackSite,numberOfRobotsOnWhiteSite
19183,21,16
timeStep,numberOfRobotsOnBlackSite,numberOfRobotsOnWhiteSite
19184,21,16
timeStep,numberOfRobotsOnBlackSite,numberOfRobotsOnWhiteSite
19185,21,16
timeStep,numberOfRobotsOnBlackSite,numberOfRobotsOnWhiteSite
19186,21,16
timeStep,numberOfRobotsOnBlackSite,numberOfRobotsOnWhiteSite
19187,21,16
timeStep,numberOfRobotsOnBlackSite,numberOfRobotsOnWhiteSite
19188,21,16
timeStep,numberOfRobotsOnBlackSite,numberOfRobotsOnWhiteSite
19189,21,16
timeStep,numberOfRobotsOnBlackSite,numberOfRobotsOnWhiteSite
19190,21,16
timeStep,numberOfRobotsOnBlackSite,numberOfRobotsOnWhiteSite
19191,21,16
timeStep,numberOfRobotsOnBlackSite,numberOfRobotsOnWhiteSite
19192,21,16
timeStep,numberOfRobotsOnBlackSite,numberOfRobotsOnWhiteSite
19193,21,16
timeStep,numberOfRobotsOnBlackSite,numberOfRobotsOnWhiteSite
19194,21,16
timeStep,numberOfRobotsOnBlackSite,numberOfRobotsOnWhiteSite
19195,21,16
timeStep,numberOfRobotsOnBlackSite,numberOfRobotsOnWhiteSite
19196,21,16
timeStep,numberOfRobotsOnBlackSite,numberOfRobotsOnWhiteSite
19197,21,16
timeStep,numberOfRobotsOnBlackSite,numberOfRobotsOnWhiteSite
19198,21,16
timeStep,numberOfRobotsOnBlackSite,numberOfRobotsOnWhiteSite
19199,21,16
timeStep,numberOfRobotsOnBlackSite,numberOfRobotsOnWhiteSite
19200,21,16
timeStep,numberOfRobotsOnBlackSite,numberOfRobotsOnWhiteSite
19201,21,16
timeStep,numberOfRobotsOnBlackSite,numberOfRobotsOnWhiteSite
19202,21,16
timeStep,numberOfRobotsOnBlackSite,numberOfRobotsOnWhiteSite
19203,21,16
timeStep,numberOfRobotsOnBlackSite,numberOfRobotsOnWhiteSite
19204,21,16
timeStep,numberOfRobotsOnBlackSite,numberOfRobotsOnWhiteSite
19205,21,16
timeStep,numberOfRobotsOnBlackSite,numberOfRobotsOnWhiteSite
19206,21,16
timeStep,numberOfRobotsOnBlackSite,numberOfRobotsOnWhiteSite
19207,21,16
timeStep,numberOfRobotsOnBlackSite,numberOfRobotsOnWhiteSite
19208,21,16
timeStep,numberOfRobotsOnBlackSite,numberOfRobotsOnWhiteSite
19209,21,16
timeStep,numberOfRobotsOnBlackSite,numberOfRobotsOnWhiteSite
19210,21,15
timeStep,numberOfRobotsOnBlackSite,numberOfRobotsOnWhiteSite
19211,21,15
timeStep,numberOfRobotsOnBlackSite,numberOfRobotsOnWhiteSite
19212,21,15
timeStep,numberOfRobotsOnBlackSite,numberOfRobotsOnWhiteSite
19213,21,15
timeStep,numberOfRobotsOnBlackSite,numberOfRobotsOnWhiteSite
19214,21,15
timeStep,numberOfRobotsOnBlackSite,numberOfRobotsOnWhiteSite
19215,21,15
timeStep,numberOfRobotsOnBlackSite,numberOfRobotsOnWhiteSite
19216,21,15
timeStep,numberOfRobotsOnBlackSite,numberOfRobotsOnWhiteSite
19217,21,15
timeStep,numberOfRobotsOnBlackSite,numberOfRobotsOnWhiteSite
19218,21,15
timeStep,numberOfRobotsOnBlackSite,numberOfRobotsOnWhiteSite
19219,21,15
timeStep,numberOfRobotsOnBlackSite,numberOfRobotsOnWhiteSite
19220,21,15
timeStep,numberOfRobotsOnBlackSite,numberOfRobotsOnWhiteSite
19221,21,15
timeStep,numberOfRobotsOnBlackSite,numberOfRobotsOnWhiteSite
19222,21,15
timeStep,numberOfRobotsOnBlackSite,numberOfRobotsOnWhiteSite
19223,21,15
timeStep,numberOfRobotsOnBlackSite,numberOfRobotsOnWhiteSite
19224,21,15
timeStep,numberOfRobotsOnBlackSite,numberOfRobotsOnWhiteSite
19225,21,15
timeStep,numberOfRobotsOnBlackSite,numberOfRobotsOnWhiteSite
19226,21,15
timeStep,numberOfRobotsOnBlackSite,numberOfRobotsOnWhiteSite
19227,21,15
timeStep,numberOfRobotsOnBlackSite,numberOfRobotsOnWhiteSite
19228,21,15
timeStep,numberOfRobotsOnBlackSite,numberOfRobotsOnWhiteSite
19229,21,15
timeStep,numberOfRobotsOnBlackSite,numberOfRobotsOnWhiteSite
19230,21,15
timeStep,numberOfRobotsOnBlackSite,numberOfRobotsOnWhiteSite
19231,21,15
timeStep,numberOfRobotsOnBlackSite,numberOfRobotsOnWhiteSite
19232,21,15
timeStep,numberOfRobotsOnBlackSite,numberOfRobotsOnWhiteSite
19233,21,15
timeStep,numberOfRobotsOnBlackSite,numberOfRobotsOnWhiteSite
19234,21,15
timeStep,numberOfRobotsOnBlackSite,numberOfRobotsOnWhiteSite
19235,21,15
timeStep,numberOfRobotsOnBlackSite,numberOfRobotsOnWhiteSite
19236,21,15
timeStep,numberOfRobotsOnBlackSite,numberOfRobotsOnWhiteSite
19237,21,15
timeStep,numberOfRobotsOnBlackSite,numberOfRobotsOnWhiteSite
19238,21,15
timeStep,numberOfRobotsOnBlackSite,numberOfRobotsOnWhiteSite
19239,21,15
timeStep,numberOfRobotsOnBlackSite,numberOfRobotsOnWhiteSite
19240,21,15
timeStep,numberOfRobotsOnBlackSite,numberOfRobotsOnWhiteSite
19241,21,15
timeStep,numberOfRobotsOnBlackSite,numberOfRobotsOnWhiteSite
19242,21,15
timeStep,numberOfRobotsOnBlackSite,numberOfRobotsOnWhiteSite
19243,21,15
timeStep,numberOfRobotsOnBlackSite,numberOfRobotsOnWhiteSite
19244,21,15
timeStep,numberOfRobotsOnBlackSite,numberOfRobotsOnWhiteSite
19245,21,15
timeStep,numberOfRobotsOnBlackSite,numberOfRobotsOnWhiteSite
19246,21,15
timeStep,numberOfRobotsOnBlackSite,numberOfRobotsOnWhiteSite
19247,21,15
timeStep,numberOfRobotsOnBlackSite,numberOfRobotsOnWhiteSite
19248,21,15
timeStep,numberOfRobotsOnBlackSite,numberOfRobotsOnWhiteSite
19249,21,15
timeStep,numberOfRobotsOnBlackSite,numberOfRobotsOnWhiteSite
19250,21,16
timeStep,numberOfRobotsOnBlackSite,numberOfRobotsOnWhiteSite
19251,21,16
timeStep,numberOfRobotsOnBlackSite,numberOfRobotsOnWhiteSite
19252,21,16
timeStep,numberOfRobotsOnBlackSite,numberOfRobotsOnWhiteSite
19253,21,16
timeStep,numberOfRobotsOnBlackSite,numberOfRobotsOnWhiteSite
19254,21,16
timeStep,numberOfRobotsOnBlackSite,numberOfRobotsOnWhiteSite
19255,21,16
timeStep,numberOfRobotsOnBlackSite,numberOfRobotsOnWhiteSite
19256,21,16
timeStep,numberOfRobotsOnBlackSite,numberOfRobotsOnWhiteSite
19257,21,16
timeStep,numberOfRobotsOnBlackSite,numberOfRobotsOnWhiteSite
19258,21,16
timeStep,numberOfRobotsOnBlackSite,numberOfRobotsOnWhiteSite
19259,21,16
timeStep,numberOfRobotsOnBlackSite,numberOfRobotsOnWhiteSite
19260,21,15
timeStep,numberOfRobotsOnBlackSite,numberOfRobotsOnWhiteSite
19261,21,15
timeStep,numberOfRobotsOnBlackSite,numberOfRobotsOnWhiteSite
19262,21,15
timeStep,numberOfRobotsOnBlackSite,numberOfRobotsOnWhiteSite
19263,21,15
timeStep,numberOfRobotsOnBlackSite,numberOfRobotsOnWhiteSite
19264,21,15
timeStep,numberOfRobotsOnBlackSite,numberOfRobotsOnWhiteSite
19265,21,15
timeStep,numberOfRobotsOnBlackSite,numberOfRobotsOnWhiteSite
19266,21,15
timeStep,numberOfRobotsOnBlackSite,numberOfRobotsOnWhiteSite
19267,21,15
timeStep,numberOfRobotsOnBlackSite,numberOfRobotsOnWhiteSite
19268,21,15
timeStep,numberOfRobotsOnBlackSite,numberOfRobotsOnWhiteSite
19269,21,15
timeStep,numberOfRobotsOnBlackSite,numberOfRobotsOnWhiteSite
19270,21,15
timeStep,numberOfRobotsOnBlackSite,numberOfRobotsOnWhiteSite
19271,21,15
timeStep,numberOfRobotsOnBlackSite,numberOfRobotsOnWhiteSite
19272,21,15
timeStep,numberOfRobotsOnBlackSite,numberOfRobotsOnWhiteSite
19273,21,15
timeStep,numberOfRobotsOnBlackSite,numberOfRobotsOnWhiteSite
19274,21,15
timeStep,numberOfRobotsOnBlackSite,numberOfRobotsOnWhiteSite
19275,21,15
timeStep,numberOfRobotsOnBlackSite,numberOfRobotsOnWhiteSite
19276,21,15
timeStep,numberOfRobotsOnBlackSite,numberOfRobotsOnWhiteSite
19277,21,15
timeStep,numberOfRobotsOnBlackSite,numberOfRobotsOnWhiteSite
19278,21,15
timeStep,numberOfRobotsOnBlackSite,numberOfRobotsOnWhiteSite
19279,21,15
timeStep,numberOfRobotsOnBlackSite,numberOfRobotsOnWhiteSite
19280,21,15
timeStep,numberOfRobotsOnBlackSite,numberOfRobotsOnWhiteSite
19281,21,15
timeStep,numberOfRobotsOnBlackSite,numberOfRobotsOnWhiteSite
19282,21,15
timeStep,numberOfRobotsOnBlackSite,numberOfRobotsOnWhiteSite
19283,21,15
timeStep,numberOfRobotsOnBlackSite,numberOfRobotsOnWhiteSite
19284,21,15
timeStep,numberOfRobotsOnBlackSite,numberOfRobotsOnWhiteSite
19285,21,15
timeStep,numberOfRobotsOnBlackSite,numberOfRobotsOnWhiteSite
19286,21,15
timeStep,numberOfRobotsOnBlackSite,numberOfRobotsOnWhiteSite
19287,21,15
timeStep,numberOfRobotsOnBlackSite,numberOfRobotsOnWhiteSite
19288,21,15
timeStep,numberOfRobotsOnBlackSite,numberOfRobotsOnWhiteSite
19289,21,15
timeStep,numberOfRobotsOnBlackSite,numberOfRobotsOnWhiteSite
19290,21,15
timeStep,numberOfRobotsOnBlackSite,numberOfRobotsOnWhiteSite
19291,21,15
timeStep,numberOfRobotsOnBlackSite,numberOfRobotsOnWhiteSite
19292,21,15
timeStep,numberOfRobotsOnBlackSite,numberOfRobotsOnWhiteSite
19293,21,15
timeStep,numberOfRobotsOnBlackSite,numberOfRobotsOnWhiteSite
19294,21,15
timeStep,numberOfRobotsOnBlackSite,numberOfRobotsOnWhiteSite
19295,21,15
timeStep,numberOfRobotsOnBlackSite,numberOfRobotsOnWhiteSite
19296,21,15
timeStep,numberOfRobotsOnBlackSite,numberOfRobotsOnWhiteSite
19297,21,15
timeStep,numberOfRobotsOnBlackSite,numberOfRobotsOnWhiteSite
19298,21,15
timeStep,numberOfRobotsOnBlackSite,numberOfRobotsOnWhiteSite
19299,21,15
timeStep,numberOfRobotsOnBlackSite,numberOfRobotsOnWhiteSite
19300,21,15
timeStep,numberOfRobotsOnBlackSite,numberOfRobotsOnWhiteSite
19301,21,15
timeStep,numberOfRobotsOnBlackSite,numberOfRobotsOnWhiteSite
19302,21,15
timeStep,numberOfRobotsOnBlackSite,numberOfRobotsOnWhiteSite
19303,21,15
timeStep,numberOfRobotsOnBlackSite,numberOfRobotsOnWhiteSite
19304,21,15
timeStep,numberOfRobotsOnBlackSite,numberOfRobotsOnWhiteSite
19305,21,15
timeStep,numberOfRobotsOnBlackSite,numberOfRobotsOnWhiteSite
19306,21,15
timeStep,numberOfRobotsOnBlackSite,numberOfRobotsOnWhiteSite
19307,21,15
timeStep,numberOfRobotsOnBlackSite,numberOfRobotsOnWhiteSite
19308,21,15
timeStep,numberOfRobotsOnBlackSite,numberOfRobotsOnWhiteSite
19309,21,15
timeStep,numberOfRobotsOnBlackSite,numberOfRobotsOnWhiteSite
19310,21,15
timeStep,numberOfRobotsOnBlackSite,numberOfRobotsOnWhiteSite
19311,21,15
timeStep,numberOfRobotsOnBlackSite,numberOfRobotsOnWhiteSite
19312,21,15
timeStep,numberOfRobotsOnBlackSite,numberOfRobotsOnWhiteSite
19313,21,15
timeStep,numberOfRobotsOnBlackSite,numberOfRobotsOnWhiteSite
19314,21,15
timeStep,numberOfRobotsOnBlackSite,numberOfRobotsOnWhiteSite
19315,21,15
timeStep,numberOfRobotsOnBlackSite,numberOfRobotsOnWhiteSite
19316,21,15
timeStep,numberOfRobotsOnBlackSite,numberOfRobotsOnWhiteSite
19317,21,15
timeStep,numberOfRobotsOnBlackSite,numberOfRobotsOnWhiteSite
19318,21,15
timeStep,numberOfRobotsOnBlackSite,numberOfRobotsOnWhiteSite
19319,21,15
timeStep,numberOfRobotsOnBlackSite,numberOfRobotsOnWhiteSite
19320,21,15
timeStep,numberOfRobotsOnBlackSite,numberOfRobotsOnWhiteSite
19321,21,15
timeStep,numberOfRobotsOnBlackSite,numberOfRobotsOnWhiteSite
19322,21,15
timeStep,numberOfRobotsOnBlackSite,numberOfRobotsOnWhiteSite
19323,21,15
timeStep,numberOfRobotsOnBlackSite,numberOfRobotsOnWhiteSite
19324,21,15
timeStep,numberOfRobotsOnBlackSite,numberOfRobotsOnWhiteSite
19325,21,14
timeStep,numberOfRobotsOnBlackSite,numberOfRobotsOnWhiteSite
19326,21,14
timeStep,numberOfRobotsOnBlackSite,numberOfRobotsOnWhiteSite
19327,21,14
timeStep,numberOfRobotsOnBlackSite,numberOfRobotsOnWhiteSite
19328,21,14
timeStep,numberOfRobotsOnBlackSite,numberOfRobotsOnWhiteSite
19329,21,14
timeStep,numberOfRobotsOnBlackSite,numberOfRobotsOnWhiteSite
19330,21,14
timeStep,numberOfRobotsOnBlackSite,numberOfRobotsOnWhiteSite
19331,21,14
timeStep,numberOfRobotsOnBlackSite,numberOfRobotsOnWhiteSite
19332,21,14
timeStep,numberOfRobotsOnBlackSite,numberOfRobotsOnWhiteSite
19333,21,14
timeStep,numberOfRobotsOnBlackSite,numberOfRobotsOnWhiteSite
19334,21,14
timeStep,numberOfRobotsOnBlackSite,numberOfRobotsOnWhiteSite
19335,21,14
timeStep,numberOfRobotsOnBlackSite,numberOfRobotsOnWhiteSite
19336,21,14
timeStep,numberOfRobotsOnBlackSite,numberOfRobotsOnWhiteSite
19337,21,14
timeStep,numberOfRobotsOnBlackSite,numberOfRobotsOnWhiteSite
19338,21,14
timeStep,numberOfRobotsOnBlackSite,numberOfRobotsOnWhiteSite
19339,21,14
timeStep,numberOfRobotsOnBlackSite,numberOfRobotsOnWhiteSite
19340,21,14
timeStep,numberOfRobotsOnBlackSite,numberOfRobotsOnWhiteSite
19341,21,14
timeStep,numberOfRobotsOnBlackSite,numberOfRobotsOnWhiteSite
19342,21,14
timeStep,numberOfRobotsOnBlackSite,numberOfRobotsOnWhiteSite
19343,21,14
timeStep,numberOfRobotsOnBlackSite,numberOfRobotsOnWhiteSite
19344,21,14
timeStep,numberOfRobotsOnBlackSite,numberOfRobotsOnWhiteSite
19345,21,14
timeStep,numberOfRobotsOnBlackSite,numberOfRobotsOnWhiteSite
19346,21,14
timeStep,numberOfRobotsOnBlackSite,numberOfRobotsOnWhiteSite
19347,21,14
timeStep,numberOfRobotsOnBlackSite,numberOfRobotsOnWhiteSite
19348,21,14
timeStep,numberOfRobotsOnBlackSite,numberOfRobotsOnWhiteSite
19349,21,14
timeStep,numberOfRobotsOnBlackSite,numberOfRobotsOnWhiteSite
19350,21,14
timeStep,numberOfRobotsOnBlackSite,numberOfRobotsOnWhiteSite
19351,21,14
timeStep,numberOfRobotsOnBlackSite,numberOfRobotsOnWhiteSite
19352,21,14
timeStep,numberOfRobotsOnBlackSite,numberOfRobotsOnWhiteSite
19353,21,14
timeStep,numberOfRobotsOnBlackSite,numberOfRobotsOnWhiteSite
19354,21,14
timeStep,numberOfRobotsOnBlackSite,numberOfRobotsOnWhiteSite
19355,21,15
timeStep,numberOfRobotsOnBlackSite,numberOfRobotsOnWhiteSite
19356,21,15
timeStep,numberOfRobotsOnBlackSite,numberOfRobotsOnWhiteSite
19357,21,15
timeStep,numberOfRobotsOnBlackSite,numberOfRobotsOnWhiteSite
19358,21,15
timeStep,numberOfRobotsOnBlackSite,numberOfRobotsOnWhiteSite
19359,21,15
timeStep,numberOfRobotsOnBlackSite,numberOfRobotsOnWhiteSite
19360,21,15
timeStep,numberOfRobotsOnBlackSite,numberOfRobotsOnWhiteSite
19361,21,15
timeStep,numberOfRobotsOnBlackSite,numberOfRobotsOnWhiteSite
19362,21,15
timeStep,numberOfRobotsOnBlackSite,numberOfRobotsOnWhiteSite
19363,21,15
timeStep,numberOfRobotsOnBlackSite,numberOfRobotsOnWhiteSite
19364,21,15
timeStep,numberOfRobotsOnBlackSite,numberOfRobotsOnWhiteSite
19365,21,15
timeStep,numberOfRobotsOnBlackSite,numberOfRobotsOnWhiteSite
19366,21,15
timeStep,numberOfRobotsOnBlackSite,numberOfRobotsOnWhiteSite
19367,21,15
timeStep,numberOfRobotsOnBlackSite,numberOfRobotsOnWhiteSite
19368,21,15
timeStep,numberOfRobotsOnBlackSite,numberOfRobotsOnWhiteSite
19369,21,15
timeStep,numberOfRobotsOnBlackSite,numberOfRobotsOnWhiteSite
19370,21,15
timeStep,numberOfRobotsOnBlackSite,numberOfRobotsOnWhiteSite
19371,21,15
timeStep,numberOfRobotsOnBlackSite,numberOfRobotsOnWhiteSite
19372,21,15
timeStep,numberOfRobotsOnBlackSite,numberOfRobotsOnWhiteSite
19373,21,15
timeStep,numberOfRobotsOnBlackSite,numberOfRobotsOnWhiteSite
19374,21,15
timeStep,numberOfRobotsOnBlackSite,numberOfRobotsOnWhiteSite
19375,21,15
timeStep,numberOfRobotsOnBlackSite,numberOfRobotsOnWhiteSite
19376,21,15
timeStep,numberOfRobotsOnBlackSite,numberOfRobotsOnWhiteSite
19377,21,15
timeStep,numberOfRobotsOnBlackSite,numberOfRobotsOnWhiteSite
19378,21,15
timeStep,numberOfRobotsOnBlackSite,numberOfRobotsOnWhiteSite
19379,21,15
timeStep,numberOfRobotsOnBlackSite,numberOfRobotsOnWhiteSite
19380,21,15
timeStep,numberOfRobotsOnBlackSite,numberOfRobotsOnWhiteSite
19381,21,15
timeStep,numberOfRobotsOnBlackSite,numberOfRobotsOnWhiteSite
19382,21,15
timeStep,numberOfRobotsOnBlackSite,numberOfRobotsOnWhiteSite
19383,21,15
timeStep,numberOfRobotsOnBlackSite,numberOfRobotsOnWhiteSite
19384,21,15
timeStep,numberOfRobotsOnBlackSite,numberOfRobotsOnWhiteSite
19385,21,15
timeStep,numberOfRobotsOnBlackSite,numberOfRobotsOnWhiteSite
19386,21,15
timeStep,numberOfRobotsOnBlackSite,numberOfRobotsOnWhiteSite
19387,21,15
timeStep,numberOfRobotsOnBlackSite,numberOfRobotsOnWhiteSite
19388,21,15
timeStep,numberOfRobotsOnBlackSite,numberOfRobotsOnWhiteSite
19389,21,15
timeStep,numberOfRobotsOnBlackSite,numberOfRobotsOnWhiteSite
19390,21,15
timeStep,numberOfRobotsOnBlackSite,numberOfRobotsOnWhiteSite
19391,21,15
timeStep,numberOfRobotsOnBlackSite,numberOfRobotsOnWhiteSite
19392,21,15
timeStep,numberOfRobotsOnBlackSite,numberOfRobotsOnWhiteSite
19393,21,15
timeStep,numberOfRobotsOnBlackSite,numberOfRobotsOnWhiteSite
19394,21,15
timeStep,numberOfRobotsOnBlackSite,numberOfRobotsOnWhiteSite
19395,21,15
timeStep,numberOfRobotsOnBlackSite,numberOfRobotsOnWhiteSite
19396,21,15
timeStep,numberOfRobotsOnBlackSite,numberOfRobotsOnWhiteSite
19397,21,15
timeStep,numberOfRobotsOnBlackSite,numberOfRobotsOnWhiteSite
19398,21,15
timeStep,numberOfRobotsOnBlackSite,numberOfRobotsOnWhiteSite
19399,21,15
timeStep,numberOfRobotsOnBlackSite,numberOfRobotsOnWhiteSite
19400,21,15
timeStep,numberOfRobotsOnBlackSite,numberOfRobotsOnWhiteSite
19401,21,15
timeStep,numberOfRobotsOnBlackSite,numberOfRobotsOnWhiteSite
19402,21,15
timeStep,numberOfRobotsOnBlackSite,numberOfRobotsOnWhiteSite
19403,21,15
timeStep,numberOfRobotsOnBlackSite,numberOfRobotsOnWhiteSite
19404,21,15
timeStep,numberOfRobotsOnBlackSite,numberOfRobotsOnWhiteSite
19405,21,15
timeStep,numberOfRobotsOnBlackSite,numberOfRobotsOnWhiteSite
19406,21,15
timeStep,numberOfRobotsOnBlackSite,numberOfRobotsOnWhiteSite
19407,21,15
timeStep,numberOfRobotsOnBlackSite,numberOfRobotsOnWhiteSite
19408,21,15
timeStep,numberOfRobotsOnBlackSite,numberOfRobotsOnWhiteSite
19409,21,15
timeStep,numberOfRobotsOnBlackSite,numberOfRobotsOnWhiteSite
19410,21,15
timeStep,numberOfRobotsOnBlackSite,numberOfRobotsOnWhiteSite
19411,21,15
timeStep,numberOfRobotsOnBlackSite,numberOfRobotsOnWhiteSite
19412,21,15
timeStep,numberOfRobotsOnBlackSite,numberOfRobotsOnWhiteSite
19413,21,15
timeStep,numberOfRobotsOnBlackSite,numberOfRobotsOnWhiteSite
19414,21,15
timeStep,numberOfRobotsOnBlackSite,numberOfRobotsOnWhiteSite
19415,21,15
timeStep,numberOfRobotsOnBlackSite,numberOfRobotsOnWhiteSite
19416,21,15
timeStep,numberOfRobotsOnBlackSite,numberOfRobotsOnWhiteSite
19417,21,15
timeStep,numberOfRobotsOnBlackSite,numberOfRobotsOnWhiteSite
19418,21,15
timeStep,numberOfRobotsOnBlackSite,numberOfRobotsOnWhiteSite
19419,21,15
timeStep,numberOfRobotsOnBlackSite,numberOfRobotsOnWhiteSite
19420,21,15
timeStep,numberOfRobotsOnBlackSite,numberOfRobotsOnWhiteSite
19421,21,15
timeStep,numberOfRobotsOnBlackSite,numberOfRobotsOnWhiteSite
19422,21,15
timeStep,numberOfRobotsOnBlackSite,numberOfRobotsOnWhiteSite
19423,21,15
timeStep,numberOfRobotsOnBlackSite,numberOfRobotsOnWhiteSite
19424,21,15
timeStep,numberOfRobotsOnBlackSite,numberOfRobotsOnWhiteSite
19425,21,15
timeStep,numberOfRobotsOnBlackSite,numberOfRobotsOnWhiteSite
19426,21,15
timeStep,numberOfRobotsOnBlackSite,numberOfRobotsOnWhiteSite
19427,21,15
timeStep,numberOfRobotsOnBlackSite,numberOfRobotsOnWhiteSite
19428,21,15
timeStep,numberOfRobotsOnBlackSite,numberOfRobotsOnWhiteSite
19429,21,15
timeStep,numberOfRobotsOnBlackSite,numberOfRobotsOnWhiteSite
19430,21,15
timeStep,numberOfRobotsOnBlackSite,numberOfRobotsOnWhiteSite
19431,21,15
timeStep,numberOfRobotsOnBlackSite,numberOfRobotsOnWhiteSite
19432,21,15
timeStep,numberOfRobotsOnBlackSite,numberOfRobotsOnWhiteSite
19433,21,15
timeStep,numberOfRobotsOnBlackSite,numberOfRobotsOnWhiteSite
19434,21,15
timeStep,numberOfRobotsOnBlackSite,numberOfRobotsOnWhiteSite
19435,21,15
timeStep,numberOfRobotsOnBlackSite,numberOfRobotsOnWhiteSite
19436,21,15
timeStep,numberOfRobotsOnBlackSite,numberOfRobotsOnWhiteSite
19437,21,15
timeStep,numberOfRobotsOnBlackSite,numberOfRobotsOnWhiteSite
19438,21,15
timeStep,numberOfRobotsOnBlackSite,numberOfRobotsOnWhiteSite
19439,21,15
timeStep,numberOfRobotsOnBlackSite,numberOfRobotsOnWhiteSite
19440,21,15
timeStep,numberOfRobotsOnBlackSite,numberOfRobotsOnWhiteSite
19441,21,15
timeStep,numberOfRobotsOnBlackSite,numberOfRobotsOnWhiteSite
19442,21,15
timeStep,numberOfRobotsOnBlackSite,numberOfRobotsOnWhiteSite
19443,21,15
timeStep,numberOfRobotsOnBlackSite,numberOfRobotsOnWhiteSite
19444,21,15
timeStep,numberOfRobotsOnBlackSite,numberOfRobotsOnWhiteSite
19445,21,15
timeStep,numberOfRobotsOnBlackSite,numberOfRobotsOnWhiteSite
19446,21,15
timeStep,numberOfRobotsOnBlackSite,numberOfRobotsOnWhiteSite
19447,21,15
timeStep,numberOfRobotsOnBlackSite,numberOfRobotsOnWhiteSite
19448,21,15
timeStep,numberOfRobotsOnBlackSite,numberOfRobotsOnWhiteSite
19449,21,15
timeStep,numberOfRobotsOnBlackSite,numberOfRobotsOnWhiteSite
19450,21,15
timeStep,numberOfRobotsOnBlackSite,numberOfRobotsOnWhiteSite
19451,21,15
timeStep,numberOfRobotsOnBlackSite,numberOfRobotsOnWhiteSite
19452,21,15
timeStep,numberOfRobotsOnBlackSite,numberOfRobotsOnWhiteSite
19453,21,15
timeStep,numberOfRobotsOnBlackSite,numberOfRobotsOnWhiteSite
19454,21,15
timeStep,numberOfRobotsOnBlackSite,numberOfRobotsOnWhiteSite
19455,21,15
timeStep,numberOfRobotsOnBlackSite,numberOfRobotsOnWhiteSite
19456,21,15
timeStep,numberOfRobotsOnBlackSite,numberOfRobotsOnWhiteSite
19457,21,15
timeStep,numberOfRobotsOnBlackSite,numberOfRobotsOnWhiteSite
19458,21,15
timeStep,numberOfRobotsOnBlackSite,numberOfRobotsOnWhiteSite
19459,21,15
timeStep,numberOfRobotsOnBlackSite,numberOfRobotsOnWhiteSite
19460,21,15
timeStep,numberOfRobotsOnBlackSite,numberOfRobotsOnWhiteSite
19461,21,15
timeStep,numberOfRobotsOnBlackSite,numberOfRobotsOnWhiteSite
19462,21,15
timeStep,numberOfRobotsOnBlackSite,numberOfRobotsOnWhiteSite
19463,21,15
timeStep,numberOfRobotsOnBlackSite,numberOfRobotsOnWhiteSite
19464,21,15
timeStep,numberOfRobotsOnBlackSite,numberOfRobotsOnWhiteSite
19465,21,15
timeStep,numberOfRobotsOnBlackSite,numberOfRobotsOnWhiteSite
19466,21,15
timeStep,numberOfRobotsOnBlackSite,numberOfRobotsOnWhiteSite
19467,21,15
timeStep,numberOfRobotsOnBlackSite,numberOfRobotsOnWhiteSite
19468,21,15
timeStep,numberOfRobotsOnBlackSite,numberOfRobotsOnWhiteSite
19469,21,15
timeStep,numberOfRobotsOnBlackSite,numberOfRobotsOnWhiteSite
19470,21,14
timeStep,numberOfRobotsOnBlackSite,numberOfRobotsOnWhiteSite
19471,21,14
timeStep,numberOfRobotsOnBlackSite,numberOfRobotsOnWhiteSite
19472,21,14
timeStep,numberOfRobotsOnBlackSite,numberOfRobotsOnWhiteSite
19473,21,14
timeStep,numberOfRobotsOnBlackSite,numberOfRobotsOnWhiteSite
19474,21,14
timeStep,numberOfRobotsOnBlackSite,numberOfRobotsOnWhiteSite
19475,21,14
timeStep,numberOfRobotsOnBlackSite,numberOfRobotsOnWhiteSite
19476,21,14
timeStep,numberOfRobotsOnBlackSite,numberOfRobotsOnWhiteSite
19477,21,14
timeStep,numberOfRobotsOnBlackSite,numberOfRobotsOnWhiteSite
19478,21,14
timeStep,numberOfRobotsOnBlackSite,numberOfRobotsOnWhiteSite
19479,21,14
timeStep,numberOfRobotsOnBlackSite,numberOfRobotsOnWhiteSite
19480,21,14
timeStep,numberOfRobotsOnBlackSite,numberOfRobotsOnWhiteSite
19481,21,14
timeStep,numberOfRobotsOnBlackSite,numberOfRobotsOnWhiteSite
19482,21,14
timeStep,numberOfRobotsOnBlackSite,numberOfRobotsOnWhiteSite
19483,21,14
timeStep,numberOfRobotsOnBlackSite,numberOfRobotsOnWhiteSite
19484,21,14
timeStep,numberOfRobotsOnBlackSite,numberOfRobotsOnWhiteSite
19485,21,14
timeStep,numberOfRobotsOnBlackSite,numberOfRobotsOnWhiteSite
19486,21,14
timeStep,numberOfRobotsOnBlackSite,numberOfRobotsOnWhiteSite
19487,21,14
timeStep,numberOfRobotsOnBlackSite,numberOfRobotsOnWhiteSite
19488,21,14
timeStep,numberOfRobotsOnBlackSite,numberOfRobotsOnWhiteSite
19489,21,14
timeStep,numberOfRobotsOnBlackSite,numberOfRobotsOnWhiteSite
19490,21,14
timeStep,numberOfRobotsOnBlackSite,numberOfRobotsOnWhiteSite
19491,21,14
timeStep,numberOfRobotsOnBlackSite,numberOfRobotsOnWhiteSite
19492,21,14
timeStep,numberOfRobotsOnBlackSite,numberOfRobotsOnWhiteSite
19493,21,14
timeStep,numberOfRobotsOnBlackSite,numberOfRobotsOnWhiteSite
19494,21,14
timeStep,numberOfRobotsOnBlackSite,numberOfRobotsOnWhiteSite
19495,21,14
timeStep,numberOfRobotsOnBlackSite,numberOfRobotsOnWhiteSite
19496,21,14
timeStep,numberOfRobotsOnBlackSite,numberOfRobotsOnWhiteSite
19497,21,14
timeStep,numberOfRobotsOnBlackSite,numberOfRobotsOnWhiteSite
19498,21,14
timeStep,numberOfRobotsOnBlackSite,numberOfRobotsOnWhiteSite
19499,21,14
timeStep,numberOfRobotsOnBlackSite,numberOfRobotsOnWhiteSite
19500,20,14
timeStep,numberOfRobotsOnBlackSite,numberOfRobotsOnWhiteSite
19501,20,14
timeStep,numberOfRobotsOnBlackSite,numberOfRobotsOnWhiteSite
19502,20,14
timeStep,numberOfRobotsOnBlackSite,numberOfRobotsOnWhiteSite
19503,20,14
timeStep,numberOfRobotsOnBlackSite,numberOfRobotsOnWhiteSite
19504,20,14
timeStep,numberOfRobotsOnBlackSite,numberOfRobotsOnWhiteSite
19505,20,14
timeStep,numberOfRobotsOnBlackSite,numberOfRobotsOnWhiteSite
19506,20,14
timeStep,numberOfRobotsOnBlackSite,numberOfRobotsOnWhiteSite
19507,20,14
timeStep,numberOfRobotsOnBlackSite,numberOfRobotsOnWhiteSite
19508,20,14
timeStep,numberOfRobotsOnBlackSite,numberOfRobotsOnWhiteSite
19509,20,14
timeStep,numberOfRobotsOnBlackSite,numberOfRobotsOnWhiteSite
19510,20,14
timeStep,numberOfRobotsOnBlackSite,numberOfRobotsOnWhiteSite
19511,20,14
timeStep,numberOfRobotsOnBlackSite,numberOfRobotsOnWhiteSite
19512,20,14
timeStep,numberOfRobotsOnBlackSite,numberOfRobotsOnWhiteSite
19513,20,14
timeStep,numberOfRobotsOnBlackSite,numberOfRobotsOnWhiteSite
19514,20,14
timeStep,numberOfRobotsOnBlackSite,numberOfRobotsOnWhiteSite
19515,20,14
timeStep,numberOfRobotsOnBlackSite,numberOfRobotsOnWhiteSite
19516,20,14
timeStep,numberOfRobotsOnBlackSite,numberOfRobotsOnWhiteSite
19517,20,14
timeStep,numberOfRobotsOnBlackSite,numberOfRobotsOnWhiteSite
19518,20,14
timeStep,numberOfRobotsOnBlackSite,numberOfRobotsOnWhiteSite
19519,20,14
timeStep,numberOfRobotsOnBlackSite,numberOfRobotsOnWhiteSite
19520,20,14
timeStep,numberOfRobotsOnBlackSite,numberOfRobotsOnWhiteSite
19521,20,14
timeStep,numberOfRobotsOnBlackSite,numberOfRobotsOnWhiteSite
19522,20,14
timeStep,numberOfRobotsOnBlackSite,numberOfRobotsOnWhiteSite
19523,20,14
timeStep,numberOfRobotsOnBlackSite,numberOfRobotsOnWhiteSite
19524,20,14
timeStep,numberOfRobotsOnBlackSite,numberOfRobotsOnWhiteSite
19525,20,14
timeStep,numberOfRobotsOnBlackSite,numberOfRobotsOnWhiteSite
19526,20,14
timeStep,numberOfRobotsOnBlackSite,numberOfRobotsOnWhiteSite
19527,20,14
timeStep,numberOfRobotsOnBlackSite,numberOfRobotsOnWhiteSite
19528,20,14
timeStep,numberOfRobotsOnBlackSite,numberOfRobotsOnWhiteSite
19529,20,14
timeStep,numberOfRobotsOnBlackSite,numberOfRobotsOnWhiteSite
19530,21,14
timeStep,numberOfRobotsOnBlackSite,numberOfRobotsOnWhiteSite
19531,21,14
timeStep,numberOfRobotsOnBlackSite,numberOfRobotsOnWhiteSite
19532,21,14
timeStep,numberOfRobotsOnBlackSite,numberOfRobotsOnWhiteSite
19533,21,14
timeStep,numberOfRobotsOnBlackSite,numberOfRobotsOnWhiteSite
19534,21,14
timeStep,numberOfRobotsOnBlackSite,numberOfRobotsOnWhiteSite
19535,21,15
timeStep,numberOfRobotsOnBlackSite,numberOfRobotsOnWhiteSite
19536,21,15
timeStep,numberOfRobotsOnBlackSite,numberOfRobotsOnWhiteSite
19537,21,15
timeStep,numberOfRobotsOnBlackSite,numberOfRobotsOnWhiteSite
19538,21,15
timeStep,numberOfRobotsOnBlackSite,numberOfRobotsOnWhiteSite
19539,21,15
timeStep,numberOfRobotsOnBlackSite,numberOfRobotsOnWhiteSite
19540,21,15
timeStep,numberOfRobotsOnBlackSite,numberOfRobotsOnWhiteSite
19541,21,15
timeStep,numberOfRobotsOnBlackSite,numberOfRobotsOnWhiteSite
19542,21,15
timeStep,numberOfRobotsOnBlackSite,numberOfRobotsOnWhiteSite
19543,21,15
timeStep,numberOfRobotsOnBlackSite,numberOfRobotsOnWhiteSite
19544,21,15
timeStep,numberOfRobotsOnBlackSite,numberOfRobotsOnWhiteSite
19545,21,15
timeStep,numberOfRobotsOnBlackSite,numberOfRobotsOnWhiteSite
19546,21,15
timeStep,numberOfRobotsOnBlackSite,numberOfRobotsOnWhiteSite
19547,21,15
timeStep,numberOfRobotsOnBlackSite,numberOfRobotsOnWhiteSite
19548,21,15
timeStep,numberOfRobotsOnBlackSite,numberOfRobotsOnWhiteSite
19549,21,15
timeStep,numberOfRobotsOnBlackSite,numberOfRobotsOnWhiteSite
19550,21,15
timeStep,numberOfRobotsOnBlackSite,numberOfRobotsOnWhiteSite
19551,21,15
timeStep,numberOfRobotsOnBlackSite,numberOfRobotsOnWhiteSite
19552,21,15
timeStep,numberOfRobotsOnBlackSite,numberOfRobotsOnWhiteSite
19553,21,15
timeStep,numberOfRobotsOnBlackSite,numberOfRobotsOnWhiteSite
19554,21,15
timeStep,numberOfRobotsOnBlackSite,numberOfRobotsOnWhiteSite
19555,21,15
timeStep,numberOfRobotsOnBlackSite,numberOfRobotsOnWhiteSite
19556,21,15
timeStep,numberOfRobotsOnBlackSite,numberOfRobotsOnWhiteSite
19557,21,15
timeStep,numberOfRobotsOnBlackSite,numberOfRobotsOnWhiteSite
19558,21,15
timeStep,numberOfRobotsOnBlackSite,numberOfRobotsOnWhiteSite
19559,21,15
timeStep,numberOfRobotsOnBlackSite,numberOfRobotsOnWhiteSite
19560,21,15
timeStep,numberOfRobotsOnBlackSite,numberOfRobotsOnWhiteSite
19561,21,15
timeStep,numberOfRobotsOnBlackSite,numberOfRobotsOnWhiteSite
19562,21,15
timeStep,numberOfRobotsOnBlackSite,numberOfRobotsOnWhiteSite
19563,21,15
timeStep,numberOfRobotsOnBlackSite,numberOfRobotsOnWhiteSite
19564,21,15
timeStep,numberOfRobotsOnBlackSite,numberOfRobotsOnWhiteSite
19565,21,15
timeStep,numberOfRobotsOnBlackSite,numberOfRobotsOnWhiteSite
19566,21,15
timeStep,numberOfRobotsOnBlackSite,numberOfRobotsOnWhiteSite
19567,21,15
timeStep,numberOfRobotsOnBlackSite,numberOfRobotsOnWhiteSite
19568,21,15
timeStep,numberOfRobotsOnBlackSite,numberOfRobotsOnWhiteSite
19569,21,15
timeStep,numberOfRobotsOnBlackSite,numberOfRobotsOnWhiteSite
19570,21,15
timeStep,numberOfRobotsOnBlackSite,numberOfRobotsOnWhiteSite
19571,21,15
timeStep,numberOfRobotsOnBlackSite,numberOfRobotsOnWhiteSite
19572,21,15
timeStep,numberOfRobotsOnBlackSite,numberOfRobotsOnWhiteSite
19573,21,15
timeStep,numberOfRobotsOnBlackSite,numberOfRobotsOnWhiteSite
19574,21,15
timeStep,numberOfRobotsOnBlackSite,numberOfRobotsOnWhiteSite
19575,21,15
timeStep,numberOfRobotsOnBlackSite,numberOfRobotsOnWhiteSite
19576,21,15
timeStep,numberOfRobotsOnBlackSite,numberOfRobotsOnWhiteSite
19577,21,15
timeStep,numberOfRobotsOnBlackSite,numberOfRobotsOnWhiteSite
19578,21,15
timeStep,numberOfRobotsOnBlackSite,numberOfRobotsOnWhiteSite
19579,21,15
timeStep,numberOfRobotsOnBlackSite,numberOfRobotsOnWhiteSite
19580,21,15
timeStep,numberOfRobotsOnBlackSite,numberOfRobotsOnWhiteSite
19581,21,15
timeStep,numberOfRobotsOnBlackSite,numberOfRobotsOnWhiteSite
19582,21,15
timeStep,numberOfRobotsOnBlackSite,numberOfRobotsOnWhiteSite
19583,21,15
timeStep,numberOfRobotsOnBlackSite,numberOfRobotsOnWhiteSite
19584,21,15
timeStep,numberOfRobotsOnBlackSite,numberOfRobotsOnWhiteSite
19585,21,15
timeStep,numberOfRobotsOnBlackSite,numberOfRobotsOnWhiteSite
19586,21,15
timeStep,numberOfRobotsOnBlackSite,numberOfRobotsOnWhiteSite
19587,21,15
timeStep,numberOfRobotsOnBlackSite,numberOfRobotsOnWhiteSite
19588,21,15
timeStep,numberOfRobotsOnBlackSite,numberOfRobotsOnWhiteSite
19589,21,15
timeStep,numberOfRobotsOnBlackSite,numberOfRobotsOnWhiteSite
19590,21,15
timeStep,numberOfRobotsOnBlackSite,numberOfRobotsOnWhiteSite
19591,21,15
timeStep,numberOfRobotsOnBlackSite,numberOfRobotsOnWhiteSite
19592,21,15
timeStep,numberOfRobotsOnBlackSite,numberOfRobotsOnWhiteSite
19593,21,15
timeStep,numberOfRobotsOnBlackSite,numberOfRobotsOnWhiteSite
19594,21,15
timeStep,numberOfRobotsOnBlackSite,numberOfRobotsOnWhiteSite
19595,21,15
timeStep,numberOfRobotsOnBlackSite,numberOfRobotsOnWhiteSite
19596,21,15
timeStep,numberOfRobotsOnBlackSite,numberOfRobotsOnWhiteSite
19597,21,15
timeStep,numberOfRobotsOnBlackSite,numberOfRobotsOnWhiteSite
19598,21,15
timeStep,numberOfRobotsOnBlackSite,numberOfRobotsOnWhiteSite
19599,21,15
timeStep,numberOfRobotsOnBlackSite,numberOfRobotsOnWhiteSite
19600,21,15
timeStep,numberOfRobotsOnBlackSite,numberOfRobotsOnWhiteSite
19601,21,15
timeStep,numberOfRobotsOnBlackSite,numberOfRobotsOnWhiteSite
19602,21,15
timeStep,numberOfRobotsOnBlackSite,numberOfRobotsOnWhiteSite
19603,21,15
timeStep,numberOfRobotsOnBlackSite,numberOfRobotsOnWhiteSite
19604,21,15
timeStep,numberOfRobotsOnBlackSite,numberOfRobotsOnWhiteSite
19605,21,15
timeStep,numberOfRobotsOnBlackSite,numberOfRobotsOnWhiteSite
19606,21,15
timeStep,numberOfRobotsOnBlackSite,numberOfRobotsOnWhiteSite
19607,21,15
timeStep,numberOfRobotsOnBlackSite,numberOfRobotsOnWhiteSite
19608,21,15
timeStep,numberOfRobotsOnBlackSite,numberOfRobotsOnWhiteSite
19609,21,15
timeStep,numberOfRobotsOnBlackSite,numberOfRobotsOnWhiteSite
19610,21,16
timeStep,numberOfRobotsOnBlackSite,numberOfRobotsOnWhiteSite
19611,21,16
timeStep,numberOfRobotsOnBlackSite,numberOfRobotsOnWhiteSite
19612,21,16
timeStep,numberOfRobotsOnBlackSite,numberOfRobotsOnWhiteSite
19613,21,16
timeStep,numberOfRobotsOnBlackSite,numberOfRobotsOnWhiteSite
19614,21,16
timeStep,numberOfRobotsOnBlackSite,numberOfRobotsOnWhiteSite
19615,21,16
timeStep,numberOfRobotsOnBlackSite,numberOfRobotsOnWhiteSite
19616,21,16
timeStep,numberOfRobotsOnBlackSite,numberOfRobotsOnWhiteSite
19617,21,16
timeStep,numberOfRobotsOnBlackSite,numberOfRobotsOnWhiteSite
19618,21,16
timeStep,numberOfRobotsOnBlackSite,numberOfRobotsOnWhiteSite
19619,21,16
timeStep,numberOfRobotsOnBlackSite,numberOfRobotsOnWhiteSite
19620,21,16
timeStep,numberOfRobotsOnBlackSite,numberOfRobotsOnWhiteSite
19621,21,16
timeStep,numberOfRobotsOnBlackSite,numberOfRobotsOnWhiteSite
19622,21,16
timeStep,numberOfRobotsOnBlackSite,numberOfRobotsOnWhiteSite
19623,21,16
timeStep,numberOfRobotsOnBlackSite,numberOfRobotsOnWhiteSite
19624,21,16
timeStep,numberOfRobotsOnBlackSite,numberOfRobotsOnWhiteSite
19625,21,16
timeStep,numberOfRobotsOnBlackSite,numberOfRobotsOnWhiteSite
19626,21,16
timeStep,numberOfRobotsOnBlackSite,numberOfRobotsOnWhiteSite
19627,21,16
timeStep,numberOfRobotsOnBlackSite,numberOfRobotsOnWhiteSite
19628,21,16
timeStep,numberOfRobotsOnBlackSite,numberOfRobotsOnWhiteSite
19629,21,16
timeStep,numberOfRobotsOnBlackSite,numberOfRobotsOnWhiteSite
19630,21,16
timeStep,numberOfRobotsOnBlackSite,numberOfRobotsOnWhiteSite
19631,21,16
timeStep,numberOfRobotsOnBlackSite,numberOfRobotsOnWhiteSite
19632,21,16
timeStep,numberOfRobotsOnBlackSite,numberOfRobotsOnWhiteSite
19633,21,16
timeStep,numberOfRobotsOnBlackSite,numberOfRobotsOnWhiteSite
19634,21,16
timeStep,numberOfRobotsOnBlackSite,numberOfRobotsOnWhiteSite
19635,21,16
timeStep,numberOfRobotsOnBlackSite,numberOfRobotsOnWhiteSite
19636,21,16
timeStep,numberOfRobotsOnBlackSite,numberOfRobotsOnWhiteSite
19637,21,16
timeStep,numberOfRobotsOnBlackSite,numberOfRobotsOnWhiteSite
19638,21,16
timeStep,numberOfRobotsOnBlackSite,numberOfRobotsOnWhiteSite
19639,21,16
timeStep,numberOfRobotsOnBlackSite,numberOfRobotsOnWhiteSite
19640,21,16
timeStep,numberOfRobotsOnBlackSite,numberOfRobotsOnWhiteSite
19641,21,16
timeStep,numberOfRobotsOnBlackSite,numberOfRobotsOnWhiteSite
19642,21,16
timeStep,numberOfRobotsOnBlackSite,numberOfRobotsOnWhiteSite
19643,21,16
timeStep,numberOfRobotsOnBlackSite,numberOfRobotsOnWhiteSite
19644,21,16
timeStep,numberOfRobotsOnBlackSite,numberOfRobotsOnWhiteSite
19645,21,16
timeStep,numberOfRobotsOnBlackSite,numberOfRobotsOnWhiteSite
19646,21,16
timeStep,numberOfRobotsOnBlackSite,numberOfRobotsOnWhiteSite
19647,21,16
timeStep,numberOfRobotsOnBlackSite,numberOfRobotsOnWhiteSite
19648,21,16
timeStep,numberOfRobotsOnBlackSite,numberOfRobotsOnWhiteSite
19649,21,16
timeStep,numberOfRobotsOnBlackSite,numberOfRobotsOnWhiteSite
19650,21,16
timeStep,numberOfRobotsOnBlackSite,numberOfRobotsOnWhiteSite
19651,21,16
timeStep,numberOfRobotsOnBlackSite,numberOfRobotsOnWhiteSite
19652,21,16
timeStep,numberOfRobotsOnBlackSite,numberOfRobotsOnWhiteSite
19653,21,16
timeStep,numberOfRobotsOnBlackSite,numberOfRobotsOnWhiteSite
19654,21,16
timeStep,numberOfRobotsOnBlackSite,numberOfRobotsOnWhiteSite
19655,21,16
timeStep,numberOfRobotsOnBlackSite,numberOfRobotsOnWhiteSite
19656,21,16
timeStep,numberOfRobotsOnBlackSite,numberOfRobotsOnWhiteSite
19657,21,16
timeStep,numberOfRobotsOnBlackSite,numberOfRobotsOnWhiteSite
19658,21,16
timeStep,numberOfRobotsOnBlackSite,numberOfRobotsOnWhiteSite
19659,21,16
timeStep,numberOfRobotsOnBlackSite,numberOfRobotsOnWhiteSite
19660,21,16
timeStep,numberOfRobotsOnBlackSite,numberOfRobotsOnWhiteSite
19661,21,16
timeStep,numberOfRobotsOnBlackSite,numberOfRobotsOnWhiteSite
19662,21,16
timeStep,numberOfRobotsOnBlackSite,numberOfRobotsOnWhiteSite
19663,21,16
timeStep,numberOfRobotsOnBlackSite,numberOfRobotsOnWhiteSite
19664,21,16
timeStep,numberOfRobotsOnBlackSite,numberOfRobotsOnWhiteSite
19665,21,16
timeStep,numberOfRobotsOnBlackSite,numberOfRobotsOnWhiteSite
19666,21,16
timeStep,numberOfRobotsOnBlackSite,numberOfRobotsOnWhiteSite
19667,21,16
timeStep,numberOfRobotsOnBlackSite,numberOfRobotsOnWhiteSite
19668,21,16
timeStep,numberOfRobotsOnBlackSite,numberOfRobotsOnWhiteSite
19669,21,16
timeStep,numberOfRobotsOnBlackSite,numberOfRobotsOnWhiteSite
19670,21,16
timeStep,numberOfRobotsOnBlackSite,numberOfRobotsOnWhiteSite
19671,21,16
timeStep,numberOfRobotsOnBlackSite,numberOfRobotsOnWhiteSite
19672,21,16
timeStep,numberOfRobotsOnBlackSite,numberOfRobotsOnWhiteSite
19673,21,16
timeStep,numberOfRobotsOnBlackSite,numberOfRobotsOnWhiteSite
19674,21,16
timeStep,numberOfRobotsOnBlackSite,numberOfRobotsOnWhiteSite
19675,21,16
timeStep,numberOfRobotsOnBlackSite,numberOfRobotsOnWhiteSite
19676,21,16
timeStep,numberOfRobotsOnBlackSite,numberOfRobotsOnWhiteSite
19677,21,16
timeStep,numberOfRobotsOnBlackSite,numberOfRobotsOnWhiteSite
19678,21,16
timeStep,numberOfRobotsOnBlackSite,numberOfRobotsOnWhiteSite
19679,21,16
timeStep,numberOfRobotsOnBlackSite,numberOfRobotsOnWhiteSite
19680,21,16
timeStep,numberOfRobotsOnBlackSite,numberOfRobotsOnWhiteSite
19681,21,16
timeStep,numberOfRobotsOnBlackSite,numberOfRobotsOnWhiteSite
19682,21,16
timeStep,numberOfRobotsOnBlackSite,numberOfRobotsOnWhiteSite
19683,21,16
timeStep,numberOfRobotsOnBlackSite,numberOfRobotsOnWhiteSite
19684,21,16
timeStep,numberOfRobotsOnBlackSite,numberOfRobotsOnWhiteSite
19685,21,16
timeStep,numberOfRobotsOnBlackSite,numberOfRobotsOnWhiteSite
19686,21,16
timeStep,numberOfRobotsOnBlackSite,numberOfRobotsOnWhiteSite
19687,21,16
timeStep,numberOfRobotsOnBlackSite,numberOfRobotsOnWhiteSite
19688,21,16
timeStep,numberOfRobotsOnBlackSite,numberOfRobotsOnWhiteSite
19689,21,16
timeStep,numberOfRobotsOnBlackSite,numberOfRobotsOnWhiteSite
19690,21,16
timeStep,numberOfRobotsOnBlackSite,numberOfRobotsOnWhiteSite
19691,21,16
timeStep,numberOfRobotsOnBlackSite,numberOfRobotsOnWhiteSite
19692,21,16
timeStep,numberOfRobotsOnBlackSite,numberOfRobotsOnWhiteSite
19693,21,16
timeStep,numberOfRobotsOnBlackSite,numberOfRobotsOnWhiteSite
19694,21,16
timeStep,numberOfRobotsOnBlackSite,numberOfRobotsOnWhiteSite
19695,21,16
timeStep,numberOfRobotsOnBlackSite,numberOfRobotsOnWhiteSite
19696,21,16
timeStep,numberOfRobotsOnBlackSite,numberOfRobotsOnWhiteSite
19697,21,16
timeStep,numberOfRobotsOnBlackSite,numberOfRobotsOnWhiteSite
19698,21,16
timeStep,numberOfRobotsOnBlackSite,numberOfRobotsOnWhiteSite
19699,21,16
timeStep,numberOfRobotsOnBlackSite,numberOfRobotsOnWhiteSite
19700,21,16
timeStep,numberOfRobotsOnBlackSite,numberOfRobotsOnWhiteSite
19701,21,16
timeStep,numberOfRobotsOnBlackSite,numberOfRobotsOnWhiteSite
19702,21,16
timeStep,numberOfRobotsOnBlackSite,numberOfRobotsOnWhiteSite
19703,21,16
timeStep,numberOfRobotsOnBlackSite,numberOfRobotsOnWhiteSite
19704,21,16
timeStep,numberOfRobotsOnBlackSite,numberOfRobotsOnWhiteSite
19705,21,16
timeStep,numberOfRobotsOnBlackSite,numberOfRobotsOnWhiteSite
19706,21,16
timeStep,numberOfRobotsOnBlackSite,numberOfRobotsOnWhiteSite
19707,21,16
timeStep,numberOfRobotsOnBlackSite,numberOfRobotsOnWhiteSite
19708,21,16
timeStep,numberOfRobotsOnBlackSite,numberOfRobotsOnWhiteSite
19709,21,16
timeStep,numberOfRobotsOnBlackSite,numberOfRobotsOnWhiteSite
19710,21,16
timeStep,numberOfRobotsOnBlackSite,numberOfRobotsOnWhiteSite
19711,21,16
timeStep,numberOfRobotsOnBlackSite,numberOfRobotsOnWhiteSite
19712,21,16
timeStep,numberOfRobotsOnBlackSite,numberOfRobotsOnWhiteSite
19713,21,16
timeStep,numberOfRobotsOnBlackSite,numberOfRobotsOnWhiteSite
19714,21,16
timeStep,numberOfRobotsOnBlackSite,numberOfRobotsOnWhiteSite
19715,21,16
timeStep,numberOfRobotsOnBlackSite,numberOfRobotsOnWhiteSite
19716,21,16
timeStep,numberOfRobotsOnBlackSite,numberOfRobotsOnWhiteSite
19717,21,16
timeStep,numberOfRobotsOnBlackSite,numberOfRobotsOnWhiteSite
19718,21,16
timeStep,numberOfRobotsOnBlackSite,numberOfRobotsOnWhiteSite
19719,21,16
timeStep,numberOfRobotsOnBlackSite,numberOfRobotsOnWhiteSite
19720,21,17
timeStep,numberOfRobotsOnBlackSite,numberOfRobotsOnWhiteSite
19721,21,17
timeStep,numberOfRobotsOnBlackSite,numberOfRobotsOnWhiteSite
19722,21,17
timeStep,numberOfRobotsOnBlackSite,numberOfRobotsOnWhiteSite
19723,21,17
timeStep,numberOfRobotsOnBlackSite,numberOfRobotsOnWhiteSite
19724,21,17
timeStep,numberOfRobotsOnBlackSite,numberOfRobotsOnWhiteSite
19725,21,17
timeStep,numberOfRobotsOnBlackSite,numberOfRobotsOnWhiteSite
19726,21,17
timeStep,numberOfRobotsOnBlackSite,numberOfRobotsOnWhiteSite
19727,21,17
timeStep,numberOfRobotsOnBlackSite,numberOfRobotsOnWhiteSite
19728,21,17
timeStep,numberOfRobotsOnBlackSite,numberOfRobotsOnWhiteSite
19729,21,17
timeStep,numberOfRobotsOnBlackSite,numberOfRobotsOnWhiteSite
19730,21,17
timeStep,numberOfRobotsOnBlackSite,numberOfRobotsOnWhiteSite
19731,21,17
timeStep,numberOfRobotsOnBlackSite,numberOfRobotsOnWhiteSite
19732,21,17
timeStep,numberOfRobotsOnBlackSite,numberOfRobotsOnWhiteSite
19733,21,17
timeStep,numberOfRobotsOnBlackSite,numberOfRobotsOnWhiteSite
19734,21,17
timeStep,numberOfRobotsOnBlackSite,numberOfRobotsOnWhiteSite
19735,21,17
timeStep,numberOfRobotsOnBlackSite,numberOfRobotsOnWhiteSite
19736,21,17
timeStep,numberOfRobotsOnBlackSite,numberOfRobotsOnWhiteSite
19737,21,17
timeStep,numberOfRobotsOnBlackSite,numberOfRobotsOnWhiteSite
19738,21,17
timeStep,numberOfRobotsOnBlackSite,numberOfRobotsOnWhiteSite
19739,21,17
timeStep,numberOfRobotsOnBlackSite,numberOfRobotsOnWhiteSite
19740,21,16
timeStep,numberOfRobotsOnBlackSite,numberOfRobotsOnWhiteSite
19741,21,16
timeStep,numberOfRobotsOnBlackSite,numberOfRobotsOnWhiteSite
19742,21,16
timeStep,numberOfRobotsOnBlackSite,numberOfRobotsOnWhiteSite
19743,21,16
timeStep,numberOfRobotsOnBlackSite,numberOfRobotsOnWhiteSite
19744,21,16
timeStep,numberOfRobotsOnBlackSite,numberOfRobotsOnWhiteSite
19745,21,16
timeStep,numberOfRobotsOnBlackSite,numberOfRobotsOnWhiteSite
19746,21,16
timeStep,numberOfRobotsOnBlackSite,numberOfRobotsOnWhiteSite
19747,21,16
timeStep,numberOfRobotsOnBlackSite,numberOfRobotsOnWhiteSite
19748,21,16
timeStep,numberOfRobotsOnBlackSite,numberOfRobotsOnWhiteSite
19749,21,16
timeStep,numberOfRobotsOnBlackSite,numberOfRobotsOnWhiteSite
19750,21,16
timeStep,numberOfRobotsOnBlackSite,numberOfRobotsOnWhiteSite
19751,21,16
timeStep,numberOfRobotsOnBlackSite,numberOfRobotsOnWhiteSite
19752,21,16
timeStep,numberOfRobotsOnBlackSite,numberOfRobotsOnWhiteSite
19753,21,16
timeStep,numberOfRobotsOnBlackSite,numberOfRobotsOnWhiteSite
19754,21,16
timeStep,numberOfRobotsOnBlackSite,numberOfRobotsOnWhiteSite
19755,21,16
timeStep,numberOfRobotsOnBlackSite,numberOfRobotsOnWhiteSite
19756,21,16
timeStep,numberOfRobotsOnBlackSite,numberOfRobotsOnWhiteSite
19757,21,16
timeStep,numberOfRobotsOnBlackSite,numberOfRobotsOnWhiteSite
19758,21,16
timeStep,numberOfRobotsOnBlackSite,numberOfRobotsOnWhiteSite
19759,21,16
timeStep,numberOfRobotsOnBlackSite,numberOfRobotsOnWhiteSite
19760,21,16
timeStep,numberOfRobotsOnBlackSite,numberOfRobotsOnWhiteSite
19761,21,16
timeStep,numberOfRobotsOnBlackSite,numberOfRobotsOnWhiteSite
19762,21,16
timeStep,numberOfRobotsOnBlackSite,numberOfRobotsOnWhiteSite
19763,21,16
timeStep,numberOfRobotsOnBlackSite,numberOfRobotsOnWhiteSite
19764,21,16
timeStep,numberOfRobotsOnBlackSite,numberOfRobotsOnWhiteSite
19765,21,16
timeStep,numberOfRobotsOnBlackSite,numberOfRobotsOnWhiteSite
19766,21,16
timeStep,numberOfRobotsOnBlackSite,numberOfRobotsOnWhiteSite
19767,21,16
timeStep,numberOfRobotsOnBlackSite,numberOfRobotsOnWhiteSite
19768,21,16
timeStep,numberOfRobotsOnBlackSite,numberOfRobotsOnWhiteSite
19769,21,16
timeStep,numberOfRobotsOnBlackSite,numberOfRobotsOnWhiteSite
19770,21,16
timeStep,numberOfRobotsOnBlackSite,numberOfRobotsOnWhiteSite
19771,21,16
timeStep,numberOfRobotsOnBlackSite,numberOfRobotsOnWhiteSite
19772,21,16
timeStep,numberOfRobotsOnBlackSite,numberOfRobotsOnWhiteSite
19773,21,16
timeStep,numberOfRobotsOnBlackSite,numberOfRobotsOnWhiteSite
19774,21,16
timeStep,numberOfRobotsOnBlackSite,numberOfRobotsOnWhiteSite
19775,21,16
timeStep,numberOfRobotsOnBlackSite,numberOfRobotsOnWhiteSite
19776,21,16
timeStep,numberOfRobotsOnBlackSite,numberOfRobotsOnWhiteSite
19777,21,16
timeStep,numberOfRobotsOnBlackSite,numberOfRobotsOnWhiteSite
19778,21,16
timeStep,numberOfRobotsOnBlackSite,numberOfRobotsOnWhiteSite
19779,21,16
timeStep,numberOfRobotsOnBlackSite,numberOfRobotsOnWhiteSite
19780,21,16
timeStep,numberOfRobotsOnBlackSite,numberOfRobotsOnWhiteSite
19781,21,16
timeStep,numberOfRobotsOnBlackSite,numberOfRobotsOnWhiteSite
19782,21,16
timeStep,numberOfRobotsOnBlackSite,numberOfRobotsOnWhiteSite
19783,21,16
timeStep,numberOfRobotsOnBlackSite,numberOfRobotsOnWhiteSite
19784,21,16
timeStep,numberOfRobotsOnBlackSite,numberOfRobotsOnWhiteSite
19785,21,16
timeStep,numberOfRobotsOnBlackSite,numberOfRobotsOnWhiteSite
19786,21,16
timeStep,numberOfRobotsOnBlackSite,numberOfRobotsOnWhiteSite
19787,21,16
timeStep,numberOfRobotsOnBlackSite,numberOfRobotsOnWhiteSite
19788,21,16
timeStep,numberOfRobotsOnBlackSite,numberOfRobotsOnWhiteSite
19789,21,16
timeStep,numberOfRobotsOnBlackSite,numberOfRobotsOnWhiteSite
19790,21,16
timeStep,numberOfRobotsOnBlackSite,numberOfRobotsOnWhiteSite
19791,21,16
timeStep,numberOfRobotsOnBlackSite,numberOfRobotsOnWhiteSite
19792,21,16
timeStep,numberOfRobotsOnBlackSite,numberOfRobotsOnWhiteSite
19793,21,16
timeStep,numberOfRobotsOnBlackSite,numberOfRobotsOnWhiteSite
19794,21,16
timeStep,numberOfRobotsOnBlackSite,numberOfRobotsOnWhiteSite
19795,21,16
timeStep,numberOfRobotsOnBlackSite,numberOfRobotsOnWhiteSite
19796,21,16
timeStep,numberOfRobotsOnBlackSite,numberOfRobotsOnWhiteSite
19797,21,16
timeStep,numberOfRobotsOnBlackSite,numberOfRobotsOnWhiteSite
19798,21,16
timeStep,numberOfRobotsOnBlackSite,numberOfRobotsOnWhiteSite
19799,21,16
timeStep,numberOfRobotsOnBlackSite,numberOfRobotsOnWhiteSite
19800,21,16
timeStep,numberOfRobotsOnBlackSite,numberOfRobotsOnWhiteSite
19801,21,16
timeStep,numberOfRobotsOnBlackSite,numberOfRobotsOnWhiteSite
19802,21,16
timeStep,numberOfRobotsOnBlackSite,numberOfRobotsOnWhiteSite
19803,21,16
timeStep,numberOfRobotsOnBlackSite,numberOfRobotsOnWhiteSite
19804,21,16
timeStep,numberOfRobotsOnBlackSite,numberOfRobotsOnWhiteSite
19805,21,16
timeStep,numberOfRobotsOnBlackSite,numberOfRobotsOnWhiteSite
19806,21,16
timeStep,numberOfRobotsOnBlackSite,numberOfRobotsOnWhiteSite
19807,21,16
timeStep,numberOfRobotsOnBlackSite,numberOfRobotsOnWhiteSite
19808,21,16
timeStep,numberOfRobotsOnBlackSite,numberOfRobotsOnWhiteSite
19809,21,16
timeStep,numberOfRobotsOnBlackSite,numberOfRobotsOnWhiteSite
19810,21,16
timeStep,numberOfRobotsOnBlackSite,numberOfRobotsOnWhiteSite
19811,21,16
timeStep,numberOfRobotsOnBlackSite,numberOfRobotsOnWhiteSite
19812,21,16
timeStep,numberOfRobotsOnBlackSite,numberOfRobotsOnWhiteSite
19813,21,16
timeStep,numberOfRobotsOnBlackSite,numberOfRobotsOnWhiteSite
19814,21,16
timeStep,numberOfRobotsOnBlackSite,numberOfRobotsOnWhiteSite
19815,21,16
timeStep,numberOfRobotsOnBlackSite,numberOfRobotsOnWhiteSite
19816,21,16
timeStep,numberOfRobotsOnBlackSite,numberOfRobotsOnWhiteSite
19817,21,16
timeStep,numberOfRobotsOnBlackSite,numberOfRobotsOnWhiteSite
19818,21,16
timeStep,numberOfRobotsOnBlackSite,numberOfRobotsOnWhiteSite
19819,21,16
timeStep,numberOfRobotsOnBlackSite,numberOfRobotsOnWhiteSite
19820,21,16
timeStep,numberOfRobotsOnBlackSite,numberOfRobotsOnWhiteSite
19821,21,16
timeStep,numberOfRobotsOnBlackSite,numberOfRobotsOnWhiteSite
19822,21,16
timeStep,numberOfRobotsOnBlackSite,numberOfRobotsOnWhiteSite
19823,21,16
timeStep,numberOfRobotsOnBlackSite,numberOfRobotsOnWhiteSite
19824,21,16
timeStep,numberOfRobotsOnBlackSite,numberOfRobotsOnWhiteSite
19825,21,16
timeStep,numberOfRobotsOnBlackSite,numberOfRobotsOnWhiteSite
19826,21,16
timeStep,numberOfRobotsOnBlackSite,numberOfRobotsOnWhiteSite
19827,21,16
timeStep,numberOfRobotsOnBlackSite,numberOfRobotsOnWhiteSite
19828,21,16
timeStep,numberOfRobotsOnBlackSite,numberOfRobotsOnWhiteSite
19829,21,16
timeStep,numberOfRobotsOnBlackSite,numberOfRobotsOnWhiteSite
19830,21,16
timeStep,numberOfRobotsOnBlackSite,numberOfRobotsOnWhiteSite
19831,21,16
timeStep,numberOfRobotsOnBlackSite,numberOfRobotsOnWhiteSite
19832,21,16
timeStep,numberOfRobotsOnBlackSite,numberOfRobotsOnWhiteSite
19833,21,16
timeStep,numberOfRobotsOnBlackSite,numberOfRobotsOnWhiteSite
19834,21,16
timeStep,numberOfRobotsOnBlackSite,numberOfRobotsOnWhiteSite
19835,21,16
timeStep,numberOfRobotsOnBlackSite,numberOfRobotsOnWhiteSite
19836,21,16
timeStep,numberOfRobotsOnBlackSite,numberOfRobotsOnWhiteSite
19837,21,16
timeStep,numberOfRobotsOnBlackSite,numberOfRobotsOnWhiteSite
19838,21,16
timeStep,numberOfRobotsOnBlackSite,numberOfRobotsOnWhiteSite
19839,21,16
timeStep,numberOfRobotsOnBlackSite,numberOfRobotsOnWhiteSite
19840,21,16
timeStep,numberOfRobotsOnBlackSite,numberOfRobotsOnWhiteSite
19841,21,16
timeStep,numberOfRobotsOnBlackSite,numberOfRobotsOnWhiteSite
19842,21,16
timeStep,numberOfRobotsOnBlackSite,numberOfRobotsOnWhiteSite
19843,21,16
timeStep,numberOfRobotsOnBlackSite,numberOfRobotsOnWhiteSite
19844,21,16
timeStep,numberOfRobotsOnBlackSite,numberOfRobotsOnWhiteSite
19845,21,16
timeStep,numberOfRobotsOnBlackSite,numberOfRobotsOnWhiteSite
19846,21,16
timeStep,numberOfRobotsOnBlackSite,numberOfRobotsOnWhiteSite
19847,21,16
timeStep,numberOfRobotsOnBlackSite,numberOfRobotsOnWhiteSite
19848,21,16
timeStep,numberOfRobotsOnBlackSite,numberOfRobotsOnWhiteSite
19849,21,16
timeStep,numberOfRobotsOnBlackSite,numberOfRobotsOnWhiteSite
19850,21,16
timeStep,numberOfRobotsOnBlackSite,numberOfRobotsOnWhiteSite
19851,21,16
timeStep,numberOfRobotsOnBlackSite,numberOfRobotsOnWhiteSite
19852,21,16
timeStep,numberOfRobotsOnBlackSite,numberOfRobotsOnWhiteSite
19853,21,16
timeStep,numberOfRobotsOnBlackSite,numberOfRobotsOnWhiteSite
19854,21,16
timeStep,numberOfRobotsOnBlackSite,numberOfRobotsOnWhiteSite
19855,21,17
timeStep,numberOfRobotsOnBlackSite,numberOfRobotsOnWhiteSite
19856,21,17
timeStep,numberOfRobotsOnBlackSite,numberOfRobotsOnWhiteSite
19857,21,17
timeStep,numberOfRobotsOnBlackSite,numberOfRobotsOnWhiteSite
19858,21,17
timeStep,numberOfRobotsOnBlackSite,numberOfRobotsOnWhiteSite
19859,21,17
timeStep,numberOfRobotsOnBlackSite,numberOfRobotsOnWhiteSite
19860,21,17
timeStep,numberOfRobotsOnBlackSite,numberOfRobotsOnWhiteSite
19861,21,17
timeStep,numberOfRobotsOnBlackSite,numberOfRobotsOnWhiteSite
19862,21,17
timeStep,numberOfRobotsOnBlackSite,numberOfRobotsOnWhiteSite
19863,21,17
timeStep,numberOfRobotsOnBlackSite,numberOfRobotsOnWhiteSite
19864,21,17
timeStep,numberOfRobotsOnBlackSite,numberOfRobotsOnWhiteSite
19865,21,17
timeStep,numberOfRobotsOnBlackSite,numberOfRobotsOnWhiteSite
19866,21,17
timeStep,numberOfRobotsOnBlackSite,numberOfRobotsOnWhiteSite
19867,21,17
timeStep,numberOfRobotsOnBlackSite,numberOfRobotsOnWhiteSite
19868,21,17
timeStep,numberOfRobotsOnBlackSite,numberOfRobotsOnWhiteSite
19869,21,17
timeStep,numberOfRobotsOnBlackSite,numberOfRobotsOnWhiteSite
19870,21,17
timeStep,numberOfRobotsOnBlackSite,numberOfRobotsOnWhiteSite
19871,21,17
timeStep,numberOfRobotsOnBlackSite,numberOfRobotsOnWhiteSite
19872,21,17
timeStep,numberOfRobotsOnBlackSite,numberOfRobotsOnWhiteSite
19873,21,17
timeStep,numberOfRobotsOnBlackSite,numberOfRobotsOnWhiteSite
19874,21,17
timeStep,numberOfRobotsOnBlackSite,numberOfRobotsOnWhiteSite
19875,21,17
timeStep,numberOfRobotsOnBlackSite,numberOfRobotsOnWhiteSite
19876,21,17
timeStep,numberOfRobotsOnBlackSite,numberOfRobotsOnWhiteSite
19877,21,17
timeStep,numberOfRobotsOnBlackSite,numberOfRobotsOnWhiteSite
19878,21,17
timeStep,numberOfRobotsOnBlackSite,numberOfRobotsOnWhiteSite
19879,21,17
timeStep,numberOfRobotsOnBlackSite,numberOfRobotsOnWhiteSite
19880,21,17
timeStep,numberOfRobotsOnBlackSite,numberOfRobotsOnWhiteSite
19881,21,17
timeStep,numberOfRobotsOnBlackSite,numberOfRobotsOnWhiteSite
19882,21,17
timeStep,numberOfRobotsOnBlackSite,numberOfRobotsOnWhiteSite
19883,21,17
timeStep,numberOfRobotsOnBlackSite,numberOfRobotsOnWhiteSite
19884,21,17
timeStep,numberOfRobotsOnBlackSite,numberOfRobotsOnWhiteSite
19885,21,17
timeStep,numberOfRobotsOnBlackSite,numberOfRobotsOnWhiteSite
19886,21,17
timeStep,numberOfRobotsOnBlackSite,numberOfRobotsOnWhiteSite
19887,21,17
timeStep,numberOfRobotsOnBlackSite,numberOfRobotsOnWhiteSite
19888,21,17
timeStep,numberOfRobotsOnBlackSite,numberOfRobotsOnWhiteSite
19889,21,17
timeStep,numberOfRobotsOnBlackSite,numberOfRobotsOnWhiteSite
19890,21,17
timeStep,numberOfRobotsOnBlackSite,numberOfRobotsOnWhiteSite
19891,21,17
timeStep,numberOfRobotsOnBlackSite,numberOfRobotsOnWhiteSite
19892,21,17
timeStep,numberOfRobotsOnBlackSite,numberOfRobotsOnWhiteSite
19893,21,17
timeStep,numberOfRobotsOnBlackSite,numberOfRobotsOnWhiteSite
19894,21,17
timeStep,numberOfRobotsOnBlackSite,numberOfRobotsOnWhiteSite
19895,21,16
timeStep,numberOfRobotsOnBlackSite,numberOfRobotsOnWhiteSite
19896,21,16
timeStep,numberOfRobotsOnBlackSite,numberOfRobotsOnWhiteSite
19897,21,16
timeStep,numberOfRobotsOnBlackSite,numberOfRobotsOnWhiteSite
19898,21,16
timeStep,numberOfRobotsOnBlackSite,numberOfRobotsOnWhiteSite
19899,21,16
timeStep,numberOfRobotsOnBlackSite,numberOfRobotsOnWhiteSite
19900,21,16
timeStep,numberOfRobotsOnBlackSite,numberOfRobotsOnWhiteSite
19901,21,16
timeStep,numberOfRobotsOnBlackSite,numberOfRobotsOnWhiteSite
19902,21,16
timeStep,numberOfRobotsOnBlackSite,numberOfRobotsOnWhiteSite
19903,21,16
timeStep,numberOfRobotsOnBlackSite,numberOfRobotsOnWhiteSite
19904,21,16
timeStep,numberOfRobotsOnBlackSite,numberOfRobotsOnWhiteSite
19905,21,16
timeStep,numberOfRobotsOnBlackSite,numberOfRobotsOnWhiteSite
19906,21,16
timeStep,numberOfRobotsOnBlackSite,numberOfRobotsOnWhiteSite
19907,21,16
timeStep,numberOfRobotsOnBlackSite,numberOfRobotsOnWhiteSite
19908,21,16
timeStep,numberOfRobotsOnBlackSite,numberOfRobotsOnWhiteSite
19909,21,16
timeStep,numberOfRobotsOnBlackSite,numberOfRobotsOnWhiteSite
19910,21,16
timeStep,numberOfRobotsOnBlackSite,numberOfRobotsOnWhiteSite
19911,21,16
timeStep,numberOfRobotsOnBlackSite,numberOfRobotsOnWhiteSite
19912,21,16
timeStep,numberOfRobotsOnBlackSite,numberOfRobotsOnWhiteSite
19913,21,16
timeStep,numberOfRobotsOnBlackSite,numberOfRobotsOnWhiteSite
19914,21,16
timeStep,numberOfRobotsOnBlackSite,numberOfRobotsOnWhiteSite
19915,21,16
timeStep,numberOfRobotsOnBlackSite,numberOfRobotsOnWhiteSite
19916,21,16
timeStep,numberOfRobotsOnBlackSite,numberOfRobotsOnWhiteSite
19917,21,16
timeStep,numberOfRobotsOnBlackSite,numberOfRobotsOnWhiteSite
19918,21,16
timeStep,numberOfRobotsOnBlackSite,numberOfRobotsOnWhiteSite
19919,21,16
timeStep,numberOfRobotsOnBlackSite,numberOfRobotsOnWhiteSite
19920,21,16
timeStep,numberOfRobotsOnBlackSite,numberOfRobotsOnWhiteSite
19921,21,16
timeStep,numberOfRobotsOnBlackSite,numberOfRobotsOnWhiteSite
19922,21,16
timeStep,numberOfRobotsOnBlackSite,numberOfRobotsOnWhiteSite
19923,21,16
timeStep,numberOfRobotsOnBlackSite,numberOfRobotsOnWhiteSite
19924,21,16
timeStep,numberOfRobotsOnBlackSite,numberOfRobotsOnWhiteSite
19925,21,16
timeStep,numberOfRobotsOnBlackSite,numberOfRobotsOnWhiteSite
19926,21,16
timeStep,numberOfRobotsOnBlackSite,numberOfRobotsOnWhiteSite
19927,21,16
timeStep,numberOfRobotsOnBlackSite,numberOfRobotsOnWhiteSite
19928,21,16
timeStep,numberOfRobotsOnBlackSite,numberOfRobotsOnWhiteSite
19929,21,16
timeStep,numberOfRobotsOnBlackSite,numberOfRobotsOnWhiteSite
19930,21,16
timeStep,numberOfRobotsOnBlackSite,numberOfRobotsOnWhiteSite
19931,21,16
timeStep,numberOfRobotsOnBlackSite,numberOfRobotsOnWhiteSite
19932,21,16
timeStep,numberOfRobotsOnBlackSite,numberOfRobotsOnWhiteSite
19933,21,16
timeStep,numberOfRobotsOnBlackSite,numberOfRobotsOnWhiteSite
19934,21,16
timeStep,numberOfRobotsOnBlackSite,numberOfRobotsOnWhiteSite
19935,21,17
timeStep,numberOfRobotsOnBlackSite,numberOfRobotsOnWhiteSite
19936,21,17
timeStep,numberOfRobotsOnBlackSite,numberOfRobotsOnWhiteSite
19937,21,17
timeStep,numberOfRobotsOnBlackSite,numberOfRobotsOnWhiteSite
19938,21,17
timeStep,numberOfRobotsOnBlackSite,numberOfRobotsOnWhiteSite
19939,21,17
timeStep,numberOfRobotsOnBlackSite,numberOfRobotsOnWhiteSite
19940,21,17
timeStep,numberOfRobotsOnBlackSite,numberOfRobotsOnWhiteSite
19941,21,17
timeStep,numberOfRobotsOnBlackSite,numberOfRobotsOnWhiteSite
19942,21,17
timeStep,numberOfRobotsOnBlackSite,numberOfRobotsOnWhiteSite
19943,21,17
timeStep,numberOfRobotsOnBlackSite,numberOfRobotsOnWhiteSite
19944,21,17
timeStep,numberOfRobotsOnBlackSite,numberOfRobotsOnWhiteSite
19945,21,17
timeStep,numberOfRobotsOnBlackSite,numberOfRobotsOnWhiteSite
19946,21,17
timeStep,numberOfRobotsOnBlackSite,numberOfRobotsOnWhiteSite
19947,21,17
timeStep,numberOfRobotsOnBlackSite,numberOfRobotsOnWhiteSite
19948,21,17
timeStep,numberOfRobotsOnBlackSite,numberOfRobotsOnWhiteSite
19949,21,17
timeStep,numberOfRobotsOnBlackSite,numberOfRobotsOnWhiteSite
19950,21,17
timeStep,numberOfRobotsOnBlackSite,numberOfRobotsOnWhiteSite
19951,21,17
timeStep,numberOfRobotsOnBlackSite,numberOfRobotsOnWhiteSite
19952,21,17
timeStep,numberOfRobotsOnBlackSite,numberOfRobotsOnWhiteSite
19953,21,17
timeStep,numberOfRobotsOnBlackSite,numberOfRobotsOnWhiteSite
19954,21,17
timeStep,numberOfRobotsOnBlackSite,numberOfRobotsOnWhiteSite
19955,21,17
timeStep,numberOfRobotsOnBlackSite,numberOfRobotsOnWhiteSite
19956,21,17
timeStep,numberOfRobotsOnBlackSite,numberOfRobotsOnWhiteSite
19957,21,17
timeStep,numberOfRobotsOnBlackSite,numberOfRobotsOnWhiteSite
19958,21,17
timeStep,numberOfRobotsOnBlackSite,numberOfRobotsOnWhiteSite
19959,21,17
timeStep,numberOfRobotsOnBlackSite,numberOfRobotsOnWhiteSite
19960,21,17
timeStep,numberOfRobotsOnBlackSite,numberOfRobotsOnWhiteSite
19961,21,17
timeStep,numberOfRobotsOnBlackSite,numberOfRobotsOnWhiteSite
19962,21,17
timeStep,numberOfRobotsOnBlackSite,numberOfRobotsOnWhiteSite
19963,21,17
timeStep,numberOfRobotsOnBlackSite,numberOfRobotsOnWhiteSite
19964,21,17
timeStep,numberOfRobotsOnBlackSite,numberOfRobotsOnWhiteSite
19965,21,17
timeStep,numberOfRobotsOnBlackSite,numberOfRobotsOnWhiteSite
19966,21,17
timeStep,numberOfRobotsOnBlackSite,numberOfRobotsOnWhiteSite
19967,21,17
timeStep,numberOfRobotsOnBlackSite,numberOfRobotsOnWhiteSite
19968,21,17
timeStep,numberOfRobotsOnBlackSite,numberOfRobotsOnWhiteSite
19969,21,17
timeStep,numberOfRobotsOnBlackSite,numberOfRobotsOnWhiteSite
19970,21,17
timeStep,numberOfRobotsOnBlackSite,numberOfRobotsOnWhiteSite
19971,21,17
timeStep,numberOfRobotsOnBlackSite,numberOfRobotsOnWhiteSite
19972,21,17
timeStep,numberOfRobotsOnBlackSite,numberOfRobotsOnWhiteSite
19973,21,17
timeStep,numberOfRobotsOnBlackSite,numberOfRobotsOnWhiteSite
19974,21,17
timeStep,numberOfRobotsOnBlackSite,numberOfRobotsOnWhiteSite
19975,21,17
timeStep,numberOfRobotsOnBlackSite,numberOfRobotsOnWhiteSite
19976,21,17
timeStep,numberOfRobotsOnBlackSite,numberOfRobotsOnWhiteSite
19977,21,17
timeStep,numberOfRobotsOnBlackSite,numberOfRobotsOnWhiteSite
19978,21,17
timeStep,numberOfRobotsOnBlackSite,numberOfRobotsOnWhiteSite
19979,21,17
timeStep,numberOfRobotsOnBlackSite,numberOfRobotsOnWhiteSite
19980,21,17
timeStep,numberOfRobotsOnBlackSite,numberOfRobotsOnWhiteSite
19981,21,17
timeStep,numberOfRobotsOnBlackSite,numberOfRobotsOnWhiteSite
19982,21,17
timeStep,numberOfRobotsOnBlackSite,numberOfRobotsOnWhiteSite
19983,21,17
timeStep,numberOfRobotsOnBlackSite,numberOfRobotsOnWhiteSite
19984,21,17
timeStep,numberOfRobotsOnBlackSite,numberOfRobotsOnWhiteSite
19985,21,17
timeStep,numberOfRobotsOnBlackSite,numberOfRobotsOnWhiteSite
19986,21,17
timeStep,numberOfRobotsOnBlackSite,numberOfRobotsOnWhiteSite
19987,21,17
timeStep,numberOfRobotsOnBlackSite,numberOfRobotsOnWhiteSite
19988,21,17
timeStep,numberOfRobotsOnBlackSite,numberOfRobotsOnWhiteSite
19989,21,17
timeStep,numberOfRobotsOnBlackSite,numberOfRobotsOnWhiteSite
19990,21,17
timeStep,numberOfRobotsOnBlackSite,numberOfRobotsOnWhiteSite
19991,21,17
timeStep,numberOfRobotsOnBlackSite,numberOfRobotsOnWhiteSite
19992,21,17
timeStep,numberOfRobotsOnBlackSite,numberOfRobotsOnWhiteSite
19993,21,17
timeStep,numberOfRobotsOnBlackSite,numberOfRobotsOnWhiteSite
19994,21,17
timeStep,numberOfRobotsOnBlackSite,numberOfRobotsOnWhiteSite
19995,21,17
timeStep,numberOfRobotsOnBlackSite,numberOfRobotsOnWhiteSite
19996,21,17
timeStep,numberOfRobotsOnBlackSite,numberOfRobotsOnWhiteSite
19997,21,17
timeStep,numberOfRobotsOnBlackSite,numberOfRobotsOnWhiteSite
19998,21,17
timeStep,numberOfRobotsOnBlackSite,numberOfRobotsOnWhiteSite
19999,21,17
timeStep,numberOfRobotsOnBlackSite,numberOfRobotsOnWhiteSite
20000,21,17
timeStep,numberOfRobotsOnBlackSite,numberOfRobotsOnWhiteSite
20001,21,17
timeStep,numberOfRobotsOnBlackSite,numberOfRobotsOnWhiteSite
20002,21,17
timeStep,numberOfRobotsOnBlackSite,numberOfRobotsOnWhiteSite
20003,21,17
timeStep,numberOfRobotsOnBlackSite,numberOfRobotsOnWhiteSite
20004,21,17
timeStep,numberOfRobotsOnBlackSite,numberOfRobotsOnWhiteSite
20005,21,17
timeStep,numberOfRobotsOnBlackSite,numberOfRobotsOnWhiteSite
20006,21,17
timeStep,numberOfRobotsOnBlackSite,numberOfRobotsOnWhiteSite
20007,21,17
timeStep,numberOfRobotsOnBlackSite,numberOfRobotsOnWhiteSite
20008,21,17
timeStep,numberOfRobotsOnBlackSite,numberOfRobotsOnWhiteSite
20009,21,17
timeStep,numberOfRobotsOnBlackSite,numberOfRobotsOnWhiteSite
20010,21,17
timeStep,numberOfRobotsOnBlackSite,numberOfRobotsOnWhiteSite
20011,21,17
timeStep,numberOfRobotsOnBlackSite,numberOfRobotsOnWhiteSite
20012,21,17
timeStep,numberOfRobotsOnBlackSite,numberOfRobotsOnWhiteSite
20013,21,17
timeStep,numberOfRobotsOnBlackSite,numberOfRobotsOnWhiteSite
20014,21,17
timeStep,numberOfRobotsOnBlackSite,numberOfRobotsOnWhiteSite
20015,21,17
timeStep,numberOfRobotsOnBlackSite,numberOfRobotsOnWhiteSite
20016,21,17
timeStep,numberOfRobotsOnBlackSite,numberOfRobotsOnWhiteSite
20017,21,17
timeStep,numberOfRobotsOnBlackSite,numberOfRobotsOnWhiteSite
20018,21,17
timeStep,numberOfRobotsOnBlackSite,numberOfRobotsOnWhiteSite
20019,21,17
timeStep,numberOfRobotsOnBlackSite,numberOfRobotsOnWhiteSite
20020,21,16
timeStep,numberOfRobotsOnBlackSite,numberOfRobotsOnWhiteSite
20021,21,16
timeStep,numberOfRobotsOnBlackSite,numberOfRobotsOnWhiteSite
20022,21,16
timeStep,numberOfRobotsOnBlackSite,numberOfRobotsOnWhiteSite
20023,21,16
timeStep,numberOfRobotsOnBlackSite,numberOfRobotsOnWhiteSite
20024,21,16
timeStep,numberOfRobotsOnBlackSite,numberOfRobotsOnWhiteSite
20025,21,16
timeStep,numberOfRobotsOnBlackSite,numberOfRobotsOnWhiteSite
20026,21,16
timeStep,numberOfRobotsOnBlackSite,numberOfRobotsOnWhiteSite
20027,21,16
timeStep,numberOfRobotsOnBlackSite,numberOfRobotsOnWhiteSite
20028,21,16
timeStep,numberOfRobotsOnBlackSite,numberOfRobotsOnWhiteSite
20029,21,16
timeStep,numberOfRobotsOnBlackSite,numberOfRobotsOnWhiteSite
20030,21,16
timeStep,numberOfRobotsOnBlackSite,numberOfRobotsOnWhiteSite
20031,21,16
timeStep,numberOfRobotsOnBlackSite,numberOfRobotsOnWhiteSite
20032,21,16
timeStep,numberOfRobotsOnBlackSite,numberOfRobotsOnWhiteSite
20033,21,16
timeStep,numberOfRobotsOnBlackSite,numberOfRobotsOnWhiteSite
20034,21,16
timeStep,numberOfRobotsOnBlackSite,numberOfRobotsOnWhiteSite
20035,21,16
timeStep,numberOfRobotsOnBlackSite,numberOfRobotsOnWhiteSite
20036,21,16
timeStep,numberOfRobotsOnBlackSite,numberOfRobotsOnWhiteSite
20037,21,16
timeStep,numberOfRobotsOnBlackSite,numberOfRobotsOnWhiteSite
20038,21,16
timeStep,numberOfRobotsOnBlackSite,numberOfRobotsOnWhiteSite
20039,21,16
timeStep,numberOfRobotsOnBlackSite,numberOfRobotsOnWhiteSite
20040,21,16
timeStep,numberOfRobotsOnBlackSite,numberOfRobotsOnWhiteSite
20041,21,16
timeStep,numberOfRobotsOnBlackSite,numberOfRobotsOnWhiteSite
20042,21,16
timeStep,numberOfRobotsOnBlackSite,numberOfRobotsOnWhiteSite
20043,21,16
timeStep,numberOfRobotsOnBlackSite,numberOfRobotsOnWhiteSite
20044,21,16
timeStep,numberOfRobotsOnBlackSite,numberOfRobotsOnWhiteSite
20045,21,16
timeStep,numberOfRobotsOnBlackSite,numberOfRobotsOnWhiteSite
20046,21,16
timeStep,numberOfRobotsOnBlackSite,numberOfRobotsOnWhiteSite
20047,21,16
timeStep,numberOfRobotsOnBlackSite,numberOfRobotsOnWhiteSite
20048,21,16
timeStep,numberOfRobotsOnBlackSite,numberOfRobotsOnWhiteSite
20049,21,16
timeStep,numberOfRobotsOnBlackSite,numberOfRobotsOnWhiteSite
20050,21,16
timeStep,numberOfRobotsOnBlackSite,numberOfRobotsOnWhiteSite
20051,21,16
timeStep,numberOfRobotsOnBlackSite,numberOfRobotsOnWhiteSite
20052,21,16
timeStep,numberOfRobotsOnBlackSite,numberOfRobotsOnWhiteSite
20053,21,16
timeStep,numberOfRobotsOnBlackSite,numberOfRobotsOnWhiteSite
20054,21,16
timeStep,numberOfRobotsOnBlackSite,numberOfRobotsOnWhiteSite
20055,21,16
timeStep,numberOfRobotsOnBlackSite,numberOfRobotsOnWhiteSite
20056,21,16
timeStep,numberOfRobotsOnBlackSite,numberOfRobotsOnWhiteSite
20057,21,16
timeStep,numberOfRobotsOnBlackSite,numberOfRobotsOnWhiteSite
20058,21,16
timeStep,numberOfRobotsOnBlackSite,numberOfRobotsOnWhiteSite
20059,21,16
timeStep,numberOfRobotsOnBlackSite,numberOfRobotsOnWhiteSite
20060,21,17
timeStep,numberOfRobotsOnBlackSite,numberOfRobotsOnWhiteSite
20061,21,17
timeStep,numberOfRobotsOnBlackSite,numberOfRobotsOnWhiteSite
20062,21,17
timeStep,numberOfRobotsOnBlackSite,numberOfRobotsOnWhiteSite
20063,21,17
timeStep,numberOfRobotsOnBlackSite,numberOfRobotsOnWhiteSite
20064,21,17
timeStep,numberOfRobotsOnBlackSite,numberOfRobotsOnWhiteSite
20065,21,17
timeStep,numberOfRobotsOnBlackSite,numberOfRobotsOnWhiteSite
20066,21,17
timeStep,numberOfRobotsOnBlackSite,numberOfRobotsOnWhiteSite
20067,21,17
timeStep,numberOfRobotsOnBlackSite,numberOfRobotsOnWhiteSite
20068,21,17
timeStep,numberOfRobotsOnBlackSite,numberOfRobotsOnWhiteSite
20069,21,17
timeStep,numberOfRobotsOnBlackSite,numberOfRobotsOnWhiteSite
20070,21,17
timeStep,numberOfRobotsOnBlackSite,numberOfRobotsOnWhiteSite
20071,21,17
timeStep,numberOfRobotsOnBlackSite,numberOfRobotsOnWhiteSite
20072,21,17
timeStep,numberOfRobotsOnBlackSite,numberOfRobotsOnWhiteSite
20073,21,17
timeStep,numberOfRobotsOnBlackSite,numberOfRobotsOnWhiteSite
20074,21,17
timeStep,numberOfRobotsOnBlackSite,numberOfRobotsOnWhiteSite
20075,21,17
timeStep,numberOfRobotsOnBlackSite,numberOfRobotsOnWhiteSite
20076,21,17
timeStep,numberOfRobotsOnBlackSite,numberOfRobotsOnWhiteSite
20077,21,17
timeStep,numberOfRobotsOnBlackSite,numberOfRobotsOnWhiteSite
20078,21,17
timeStep,numberOfRobotsOnBlackSite,numberOfRobotsOnWhiteSite
20079,21,17
timeStep,numberOfRobotsOnBlackSite,numberOfRobotsOnWhiteSite
20080,20,17
timeStep,numberOfRobotsOnBlackSite,numberOfRobotsOnWhiteSite
20081,20,17
timeStep,numberOfRobotsOnBlackSite,numberOfRobotsOnWhiteSite
20082,20,17
timeStep,numberOfRobotsOnBlackSite,numberOfRobotsOnWhiteSite
20083,20,17
timeStep,numberOfRobotsOnBlackSite,numberOfRobotsOnWhiteSite
20084,20,17
timeStep,numberOfRobotsOnBlackSite,numberOfRobotsOnWhiteSite
20085,20,17
timeStep,numberOfRobotsOnBlackSite,numberOfRobotsOnWhiteSite
20086,20,17
timeStep,numberOfRobotsOnBlackSite,numberOfRobotsOnWhiteSite
20087,20,17
timeStep,numberOfRobotsOnBlackSite,numberOfRobotsOnWhiteSite
20088,20,17
timeStep,numberOfRobotsOnBlackSite,numberOfRobotsOnWhiteSite
20089,20,17
timeStep,numberOfRobotsOnBlackSite,numberOfRobotsOnWhiteSite
20090,20,17
timeStep,numberOfRobotsOnBlackSite,numberOfRobotsOnWhiteSite
20091,20,17
timeStep,numberOfRobotsOnBlackSite,numberOfRobotsOnWhiteSite
20092,20,17
timeStep,numberOfRobotsOnBlackSite,numberOfRobotsOnWhiteSite
20093,20,17
timeStep,numberOfRobotsOnBlackSite,numberOfRobotsOnWhiteSite
20094,20,17
timeStep,numberOfRobotsOnBlackSite,numberOfRobotsOnWhiteSite
20095,20,17
timeStep,numberOfRobotsOnBlackSite,numberOfRobotsOnWhiteSite
20096,20,17
timeStep,numberOfRobotsOnBlackSite,numberOfRobotsOnWhiteSite
20097,20,17
timeStep,numberOfRobotsOnBlackSite,numberOfRobotsOnWhiteSite
20098,20,17
timeStep,numberOfRobotsOnBlackSite,numberOfRobotsOnWhiteSite
20099,20,17
timeStep,numberOfRobotsOnBlackSite,numberOfRobotsOnWhiteSite
20100,20,17
timeStep,numberOfRobotsOnBlackSite,numberOfRobotsOnWhiteSite
20101,20,17
timeStep,numberOfRobotsOnBlackSite,numberOfRobotsOnWhiteSite
20102,20,17
timeStep,numberOfRobotsOnBlackSite,numberOfRobotsOnWhiteSite
20103,20,17
timeStep,numberOfRobotsOnBlackSite,numberOfRobotsOnWhiteSite
20104,20,17
timeStep,numberOfRobotsOnBlackSite,numberOfRobotsOnWhiteSite
20105,20,17
timeStep,numberOfRobotsOnBlackSite,numberOfRobotsOnWhiteSite
20106,20,17
timeStep,numberOfRobotsOnBlackSite,numberOfRobotsOnWhiteSite
20107,20,17
timeStep,numberOfRobotsOnBlackSite,numberOfRobotsOnWhiteSite
20108,20,17
timeStep,numberOfRobotsOnBlackSite,numberOfRobotsOnWhiteSite
20109,20,17
timeStep,numberOfRobotsOnBlackSite,numberOfRobotsOnWhiteSite
20110,20,17
timeStep,numberOfRobotsOnBlackSite,numberOfRobotsOnWhiteSite
20111,20,17
timeStep,numberOfRobotsOnBlackSite,numberOfRobotsOnWhiteSite
20112,20,17
timeStep,numberOfRobotsOnBlackSite,numberOfRobotsOnWhiteSite
20113,20,17
timeStep,numberOfRobotsOnBlackSite,numberOfRobotsOnWhiteSite
20114,20,17
timeStep,numberOfRobotsOnBlackSite,numberOfRobotsOnWhiteSite
20115,21,17
timeStep,numberOfRobotsOnBlackSite,numberOfRobotsOnWhiteSite
20116,21,17
timeStep,numberOfRobotsOnBlackSite,numberOfRobotsOnWhiteSite
20117,21,17
timeStep,numberOfRobotsOnBlackSite,numberOfRobotsOnWhiteSite
20118,21,17
timeStep,numberOfRobotsOnBlackSite,numberOfRobotsOnWhiteSite
20119,21,17
timeStep,numberOfRobotsOnBlackSite,numberOfRobotsOnWhiteSite
20120,21,16
timeStep,numberOfRobotsOnBlackSite,numberOfRobotsOnWhiteSite
20121,21,16
timeStep,numberOfRobotsOnBlackSite,numberOfRobotsOnWhiteSite
20122,21,16
timeStep,numberOfRobotsOnBlackSite,numberOfRobotsOnWhiteSite
20123,21,16
timeStep,numberOfRobotsOnBlackSite,numberOfRobotsOnWhiteSite
20124,21,16
timeStep,numberOfRobotsOnBlackSite,numberOfRobotsOnWhiteSite
20125,22,16
timeStep,numberOfRobotsOnBlackSite,numberOfRobotsOnWhiteSite
20126,22,16
timeStep,numberOfRobotsOnBlackSite,numberOfRobotsOnWhiteSite
20127,22,16
timeStep,numberOfRobotsOnBlackSite,numberOfRobotsOnWhiteSite
20128,22,16
timeStep,numberOfRobotsOnBlackSite,numberOfRobotsOnWhiteSite
20129,22,16
timeStep,numberOfRobotsOnBlackSite,numberOfRobotsOnWhiteSite
20130,22,16
timeStep,numberOfRobotsOnBlackSite,numberOfRobotsOnWhiteSite
20131,22,16
timeStep,numberOfRobotsOnBlackSite,numberOfRobotsOnWhiteSite
20132,22,16
timeStep,numberOfRobotsOnBlackSite,numberOfRobotsOnWhiteSite
20133,22,16
timeStep,numberOfRobotsOnBlackSite,numberOfRobotsOnWhiteSite
20134,22,16
timeStep,numberOfRobotsOnBlackSite,numberOfRobotsOnWhiteSite
20135,22,16
timeStep,numberOfRobotsOnBlackSite,numberOfRobotsOnWhiteSite
20136,22,16
timeStep,numberOfRobotsOnBlackSite,numberOfRobotsOnWhiteSite
20137,22,16
timeStep,numberOfRobotsOnBlackSite,numberOfRobotsOnWhiteSite
20138,22,16
timeStep,numberOfRobotsOnBlackSite,numberOfRobotsOnWhiteSite
20139,22,16
timeStep,numberOfRobotsOnBlackSite,numberOfRobotsOnWhiteSite
20140,22,16
timeStep,numberOfRobotsOnBlackSite,numberOfRobotsOnWhiteSite
20141,22,16
timeStep,numberOfRobotsOnBlackSite,numberOfRobotsOnWhiteSite
20142,22,16
timeStep,numberOfRobotsOnBlackSite,numberOfRobotsOnWhiteSite
20143,22,16
timeStep,numberOfRobotsOnBlackSite,numberOfRobotsOnWhiteSite
20144,22,16
timeStep,numberOfRobotsOnBlackSite,numberOfRobotsOnWhiteSite
20145,22,16
timeStep,numberOfRobotsOnBlackSite,numberOfRobotsOnWhiteSite
20146,22,16
timeStep,numberOfRobotsOnBlackSite,numberOfRobotsOnWhiteSite
20147,22,16
timeStep,numberOfRobotsOnBlackSite,numberOfRobotsOnWhiteSite
20148,22,16
timeStep,numberOfRobotsOnBlackSite,numberOfRobotsOnWhiteSite
20149,22,16
timeStep,numberOfRobotsOnBlackSite,numberOfRobotsOnWhiteSite
20150,22,16
timeStep,numberOfRobotsOnBlackSite,numberOfRobotsOnWhiteSite
20151,22,16
timeStep,numberOfRobotsOnBlackSite,numberOfRobotsOnWhiteSite
20152,22,16
timeStep,numberOfRobotsOnBlackSite,numberOfRobotsOnWhiteSite
20153,22,16
timeStep,numberOfRobotsOnBlackSite,numberOfRobotsOnWhiteSite
20154,22,16
timeStep,numberOfRobotsOnBlackSite,numberOfRobotsOnWhiteSite
20155,22,16
timeStep,numberOfRobotsOnBlackSite,numberOfRobotsOnWhiteSite
20156,22,16
timeStep,numberOfRobotsOnBlackSite,numberOfRobotsOnWhiteSite
20157,22,16
timeStep,numberOfRobotsOnBlackSite,numberOfRobotsOnWhiteSite
20158,22,16
timeStep,numberOfRobotsOnBlackSite,numberOfRobotsOnWhiteSite
20159,22,16
timeStep,numberOfRobotsOnBlackSite,numberOfRobotsOnWhiteSite
20160,22,16
timeStep,numberOfRobotsOnBlackSite,numberOfRobotsOnWhiteSite
20161,22,16
timeStep,numberOfRobotsOnBlackSite,numberOfRobotsOnWhiteSite
20162,22,16
timeStep,numberOfRobotsOnBlackSite,numberOfRobotsOnWhiteSite
20163,22,16
timeStep,numberOfRobotsOnBlackSite,numberOfRobotsOnWhiteSite
20164,22,16
timeStep,numberOfRobotsOnBlackSite,numberOfRobotsOnWhiteSite
20165,21,16
timeStep,numberOfRobotsOnBlackSite,numberOfRobotsOnWhiteSite
20166,21,16
timeStep,numberOfRobotsOnBlackSite,numberOfRobotsOnWhiteSite
20167,21,16
timeStep,numberOfRobotsOnBlackSite,numberOfRobotsOnWhiteSite
20168,21,16
timeStep,numberOfRobotsOnBlackSite,numberOfRobotsOnWhiteSite
20169,21,16
timeStep,numberOfRobotsOnBlackSite,numberOfRobotsOnWhiteSite
20170,21,16
timeStep,numberOfRobotsOnBlackSite,numberOfRobotsOnWhiteSite
20171,21,16
timeStep,numberOfRobotsOnBlackSite,numberOfRobotsOnWhiteSite
20172,21,16
timeStep,numberOfRobotsOnBlackSite,numberOfRobotsOnWhiteSite
20173,21,16
timeStep,numberOfRobotsOnBlackSite,numberOfRobotsOnWhiteSite
20174,21,16
timeStep,numberOfRobotsOnBlackSite,numberOfRobotsOnWhiteSite
20175,21,16
timeStep,numberOfRobotsOnBlackSite,numberOfRobotsOnWhiteSite
20176,21,16
timeStep,numberOfRobotsOnBlackSite,numberOfRobotsOnWhiteSite
20177,21,16
timeStep,numberOfRobotsOnBlackSite,numberOfRobotsOnWhiteSite
20178,21,16
timeStep,numberOfRobotsOnBlackSite,numberOfRobotsOnWhiteSite
20179,21,16
timeStep,numberOfRobotsOnBlackSite,numberOfRobotsOnWhiteSite
20180,21,16
timeStep,numberOfRobotsOnBlackSite,numberOfRobotsOnWhiteSite
20181,21,16
timeStep,numberOfRobotsOnBlackSite,numberOfRobotsOnWhiteSite
20182,21,16
timeStep,numberOfRobotsOnBlackSite,numberOfRobotsOnWhiteSite
20183,21,16
timeStep,numberOfRobotsOnBlackSite,numberOfRobotsOnWhiteSite
20184,21,16
timeStep,numberOfRobotsOnBlackSite,numberOfRobotsOnWhiteSite
20185,20,16
timeStep,numberOfRobotsOnBlackSite,numberOfRobotsOnWhiteSite
20186,20,16
timeStep,numberOfRobotsOnBlackSite,numberOfRobotsOnWhiteSite
20187,20,16
timeStep,numberOfRobotsOnBlackSite,numberOfRobotsOnWhiteSite
20188,20,16
timeStep,numberOfRobotsOnBlackSite,numberOfRobotsOnWhiteSite
20189,20,16
timeStep,numberOfRobotsOnBlackSite,numberOfRobotsOnWhiteSite
20190,20,16
timeStep,numberOfRobotsOnBlackSite,numberOfRobotsOnWhiteSite
20191,20,16
timeStep,numberOfRobotsOnBlackSite,numberOfRobotsOnWhiteSite
20192,20,16
timeStep,numberOfRobotsOnBlackSite,numberOfRobotsOnWhiteSite
20193,20,16
timeStep,numberOfRobotsOnBlackSite,numberOfRobotsOnWhiteSite
20194,20,16
timeStep,numberOfRobotsOnBlackSite,numberOfRobotsOnWhiteSite
20195,20,16
timeStep,numberOfRobotsOnBlackSite,numberOfRobotsOnWhiteSite
20196,20,16
timeStep,numberOfRobotsOnBlackSite,numberOfRobotsOnWhiteSite
20197,20,16
timeStep,numberOfRobotsOnBlackSite,numberOfRobotsOnWhiteSite
20198,20,16
timeStep,numberOfRobotsOnBlackSite,numberOfRobotsOnWhiteSite
20199,20,16
timeStep,numberOfRobotsOnBlackSite,numberOfRobotsOnWhiteSite
20200,20,16
timeStep,numberOfRobotsOnBlackSite,numberOfRobotsOnWhiteSite
20201,20,16
timeStep,numberOfRobotsOnBlackSite,numberOfRobotsOnWhiteSite
20202,20,16
timeStep,numberOfRobotsOnBlackSite,numberOfRobotsOnWhiteSite
20203,20,16
timeStep,numberOfRobotsOnBlackSite,numberOfRobotsOnWhiteSite
20204,20,16
timeStep,numberOfRobotsOnBlackSite,numberOfRobotsOnWhiteSite
20205,20,16
timeStep,numberOfRobotsOnBlackSite,numberOfRobotsOnWhiteSite
20206,20,16
timeStep,numberOfRobotsOnBlackSite,numberOfRobotsOnWhiteSite
20207,20,16
timeStep,numberOfRobotsOnBlackSite,numberOfRobotsOnWhiteSite
20208,20,16
timeStep,numberOfRobotsOnBlackSite,numberOfRobotsOnWhiteSite
20209,20,16
timeStep,numberOfRobotsOnBlackSite,numberOfRobotsOnWhiteSite
20210,20,16
timeStep,numberOfRobotsOnBlackSite,numberOfRobotsOnWhiteSite
20211,20,16
timeStep,numberOfRobotsOnBlackSite,numberOfRobotsOnWhiteSite
20212,20,16
timeStep,numberOfRobotsOnBlackSite,numberOfRobotsOnWhiteSite
20213,20,16
timeStep,numberOfRobotsOnBlackSite,numberOfRobotsOnWhiteSite
20214,20,16
timeStep,numberOfRobotsOnBlackSite,numberOfRobotsOnWhiteSite
20215,20,16
timeStep,numberOfRobotsOnBlackSite,numberOfRobotsOnWhiteSite
20216,20,16
timeStep,numberOfRobotsOnBlackSite,numberOfRobotsOnWhiteSite
20217,20,16
timeStep,numberOfRobotsOnBlackSite,numberOfRobotsOnWhiteSite
20218,20,16
timeStep,numberOfRobotsOnBlackSite,numberOfRobotsOnWhiteSite
20219,20,16
timeStep,numberOfRobotsOnBlackSite,numberOfRobotsOnWhiteSite
20220,19,16
timeStep,numberOfRobotsOnBlackSite,numberOfRobotsOnWhiteSite
20221,19,16
timeStep,numberOfRobotsOnBlackSite,numberOfRobotsOnWhiteSite
20222,19,16
timeStep,numberOfRobotsOnBlackSite,numberOfRobotsOnWhiteSite
20223,19,16
timeStep,numberOfRobotsOnBlackSite,numberOfRobotsOnWhiteSite
20224,19,16
timeStep,numberOfRobotsOnBlackSite,numberOfRobotsOnWhiteSite
20225,19,16
timeStep,numberOfRobotsOnBlackSite,numberOfRobotsOnWhiteSite
20226,19,16
timeStep,numberOfRobotsOnBlackSite,numberOfRobotsOnWhiteSite
20227,19,16
timeStep,numberOfRobotsOnBlackSite,numberOfRobotsOnWhiteSite
20228,19,16
timeStep,numberOfRobotsOnBlackSite,numberOfRobotsOnWhiteSite
20229,19,16
timeStep,numberOfRobotsOnBlackSite,numberOfRobotsOnWhiteSite
20230,19,16
timeStep,numberOfRobotsOnBlackSite,numberOfRobotsOnWhiteSite
20231,19,16
timeStep,numberOfRobotsOnBlackSite,numberOfRobotsOnWhiteSite
20232,19,16
timeStep,numberOfRobotsOnBlackSite,numberOfRobotsOnWhiteSite
20233,19,16
timeStep,numberOfRobotsOnBlackSite,numberOfRobotsOnWhiteSite
20234,19,16
timeStep,numberOfRobotsOnBlackSite,numberOfRobotsOnWhiteSite
20235,19,15
timeStep,numberOfRobotsOnBlackSite,numberOfRobotsOnWhiteSite
20236,19,15
timeStep,numberOfRobotsOnBlackSite,numberOfRobotsOnWhiteSite
20237,19,15
timeStep,numberOfRobotsOnBlackSite,numberOfRobotsOnWhiteSite
20238,19,15
timeStep,numberOfRobotsOnBlackSite,numberOfRobotsOnWhiteSite
20239,19,15
timeStep,numberOfRobotsOnBlackSite,numberOfRobotsOnWhiteSite
20240,20,15
timeStep,numberOfRobotsOnBlackSite,numberOfRobotsOnWhiteSite
20241,20,15
timeStep,numberOfRobotsOnBlackSite,numberOfRobotsOnWhiteSite
20242,20,15
timeStep,numberOfRobotsOnBlackSite,numberOfRobotsOnWhiteSite
20243,20,15
timeStep,numberOfRobotsOnBlackSite,numberOfRobotsOnWhiteSite
20244,20,15
timeStep,numberOfRobotsOnBlackSite,numberOfRobotsOnWhiteSite
20245,20,15
timeStep,numberOfRobotsOnBlackSite,numberOfRobotsOnWhiteSite
20246,20,15
timeStep,numberOfRobotsOnBlackSite,numberOfRobotsOnWhiteSite
20247,20,15
timeStep,numberOfRobotsOnBlackSite,numberOfRobotsOnWhiteSite
20248,20,15
timeStep,numberOfRobotsOnBlackSite,numberOfRobotsOnWhiteSite
20249,20,15
timeStep,numberOfRobotsOnBlackSite,numberOfRobotsOnWhiteSite
20250,20,15
timeStep,numberOfRobotsOnBlackSite,numberOfRobotsOnWhiteSite
20251,20,15
timeStep,numberOfRobotsOnBlackSite,numberOfRobotsOnWhiteSite
20252,20,15
timeStep,numberOfRobotsOnBlackSite,numberOfRobotsOnWhiteSite
20253,20,15
timeStep,numberOfRobotsOnBlackSite,numberOfRobotsOnWhiteSite
20254,20,15
timeStep,numberOfRobotsOnBlackSite,numberOfRobotsOnWhiteSite
20255,20,15
timeStep,numberOfRobotsOnBlackSite,numberOfRobotsOnWhiteSite
20256,20,15
timeStep,numberOfRobotsOnBlackSite,numberOfRobotsOnWhiteSite
20257,20,15
timeStep,numberOfRobotsOnBlackSite,numberOfRobotsOnWhiteSite
20258,20,15
timeStep,numberOfRobotsOnBlackSite,numberOfRobotsOnWhiteSite
20259,20,15
timeStep,numberOfRobotsOnBlackSite,numberOfRobotsOnWhiteSite
20260,20,15
timeStep,numberOfRobotsOnBlackSite,numberOfRobotsOnWhiteSite
20261,20,15
timeStep,numberOfRobotsOnBlackSite,numberOfRobotsOnWhiteSite
20262,20,15
timeStep,numberOfRobotsOnBlackSite,numberOfRobotsOnWhiteSite
20263,20,15
timeStep,numberOfRobotsOnBlackSite,numberOfRobotsOnWhiteSite
20264,20,15
timeStep,numberOfRobotsOnBlackSite,numberOfRobotsOnWhiteSite
20265,20,15
timeStep,numberOfRobotsOnBlackSite,numberOfRobotsOnWhiteSite
20266,20,15
timeStep,numberOfRobotsOnBlackSite,numberOfRobotsOnWhiteSite
20267,20,15
timeStep,numberOfRobotsOnBlackSite,numberOfRobotsOnWhiteSite
20268,20,15
timeStep,numberOfRobotsOnBlackSite,numberOfRobotsOnWhiteSite
20269,20,15
timeStep,numberOfRobotsOnBlackSite,numberOfRobotsOnWhiteSite
20270,20,15
timeStep,numberOfRobotsOnBlackSite,numberOfRobotsOnWhiteSite
20271,20,15
timeStep,numberOfRobotsOnBlackSite,numberOfRobotsOnWhiteSite
20272,20,15
timeStep,numberOfRobotsOnBlackSite,numberOfRobotsOnWhiteSite
20273,20,15
timeStep,numberOfRobotsOnBlackSite,numberOfRobotsOnWhiteSite
20274,20,15
timeStep,numberOfRobotsOnBlackSite,numberOfRobotsOnWhiteSite
20275,20,15
timeStep,numberOfRobotsOnBlackSite,numberOfRobotsOnWhiteSite
20276,20,15
timeStep,numberOfRobotsOnBlackSite,numberOfRobotsOnWhiteSite
20277,20,15
timeStep,numberOfRobotsOnBlackSite,numberOfRobotsOnWhiteSite
20278,20,15
timeStep,numberOfRobotsOnBlackSite,numberOfRobotsOnWhiteSite
20279,20,15
timeStep,numberOfRobotsOnBlackSite,numberOfRobotsOnWhiteSite
20280,20,15
timeStep,numberOfRobotsOnBlackSite,numberOfRobotsOnWhiteSite
20281,20,15
timeStep,numberOfRobotsOnBlackSite,numberOfRobotsOnWhiteSite
20282,20,15
timeStep,numberOfRobotsOnBlackSite,numberOfRobotsOnWhiteSite
20283,20,15
timeStep,numberOfRobotsOnBlackSite,numberOfRobotsOnWhiteSite
20284,20,15
timeStep,numberOfRobotsOnBlackSite,numberOfRobotsOnWhiteSite
20285,20,15
timeStep,numberOfRobotsOnBlackSite,numberOfRobotsOnWhiteSite
20286,20,15
timeStep,numberOfRobotsOnBlackSite,numberOfRobotsOnWhiteSite
20287,20,15
timeStep,numberOfRobotsOnBlackSite,numberOfRobotsOnWhiteSite
20288,20,15
timeStep,numberOfRobotsOnBlackSite,numberOfRobotsOnWhiteSite
20289,20,15
timeStep,numberOfRobotsOnBlackSite,numberOfRobotsOnWhiteSite
20290,20,15
timeStep,numberOfRobotsOnBlackSite,numberOfRobotsOnWhiteSite
20291,20,15
timeStep,numberOfRobotsOnBlackSite,numberOfRobotsOnWhiteSite
20292,20,15
timeStep,numberOfRobotsOnBlackSite,numberOfRobotsOnWhiteSite
20293,20,15
timeStep,numberOfRobotsOnBlackSite,numberOfRobotsOnWhiteSite
20294,20,15
timeStep,numberOfRobotsOnBlackSite,numberOfRobotsOnWhiteSite
20295,20,15
timeStep,numberOfRobotsOnBlackSite,numberOfRobotsOnWhiteSite
20296,20,15
timeStep,numberOfRobotsOnBlackSite,numberOfRobotsOnWhiteSite
20297,20,15
timeStep,numberOfRobotsOnBlackSite,numberOfRobotsOnWhiteSite
20298,20,15
timeStep,numberOfRobotsOnBlackSite,numberOfRobotsOnWhiteSite
20299,20,15
timeStep,numberOfRobotsOnBlackSite,numberOfRobotsOnWhiteSite
20300,20,15
timeStep,numberOfRobotsOnBlackSite,numberOfRobotsOnWhiteSite
20301,20,15
timeStep,numberOfRobotsOnBlackSite,numberOfRobotsOnWhiteSite
20302,20,15
timeStep,numberOfRobotsOnBlackSite,numberOfRobotsOnWhiteSite
20303,20,15
timeStep,numberOfRobotsOnBlackSite,numberOfRobotsOnWhiteSite
20304,20,15
timeStep,numberOfRobotsOnBlackSite,numberOfRobotsOnWhiteSite
20305,19,15
timeStep,numberOfRobotsOnBlackSite,numberOfRobotsOnWhiteSite
20306,19,15
timeStep,numberOfRobotsOnBlackSite,numberOfRobotsOnWhiteSite
20307,19,15
timeStep,numberOfRobotsOnBlackSite,numberOfRobotsOnWhiteSite
20308,19,15
timeStep,numberOfRobotsOnBlackSite,numberOfRobotsOnWhiteSite
20309,19,15
timeStep,numberOfRobotsOnBlackSite,numberOfRobotsOnWhiteSite
20310,19,16
timeStep,numberOfRobotsOnBlackSite,numberOfRobotsOnWhiteSite
20311,19,16
timeStep,numberOfRobotsOnBlackSite,numberOfRobotsOnWhiteSite
20312,19,16
timeStep,numberOfRobotsOnBlackSite,numberOfRobotsOnWhiteSite
20313,19,16
timeStep,numberOfRobotsOnBlackSite,numberOfRobotsOnWhiteSite
20314,19,16
timeStep,numberOfRobotsOnBlackSite,numberOfRobotsOnWhiteSite
20315,19,16
timeStep,numberOfRobotsOnBlackSite,numberOfRobotsOnWhiteSite
20316,19,16
timeStep,numberOfRobotsOnBlackSite,numberOfRobotsOnWhiteSite
20317,19,16
timeStep,numberOfRobotsOnBlackSite,numberOfRobotsOnWhiteSite
20318,19,16
timeStep,numberOfRobotsOnBlackSite,numberOfRobotsOnWhiteSite
20319,19,16
timeStep,numberOfRobotsOnBlackSite,numberOfRobotsOnWhiteSite
20320,19,16
timeStep,numberOfRobotsOnBlackSite,numberOfRobotsOnWhiteSite
20321,19,16
timeStep,numberOfRobotsOnBlackSite,numberOfRobotsOnWhiteSite
20322,19,16
timeStep,numberOfRobotsOnBlackSite,numberOfRobotsOnWhiteSite
20323,19,16
timeStep,numberOfRobotsOnBlackSite,numberOfRobotsOnWhiteSite
20324,19,16
timeStep,numberOfRobotsOnBlackSite,numberOfRobotsOnWhiteSite
20325,19,16
timeStep,numberOfRobotsOnBlackSite,numberOfRobotsOnWhiteSite
20326,19,16
timeStep,numberOfRobotsOnBlackSite,numberOfRobotsOnWhiteSite
20327,19,16
timeStep,numberOfRobotsOnBlackSite,numberOfRobotsOnWhiteSite
20328,19,16
timeStep,numberOfRobotsOnBlackSite,numberOfRobotsOnWhiteSite
20329,19,16
timeStep,numberOfRobotsOnBlackSite,numberOfRobotsOnWhiteSite
20330,19,16
timeStep,numberOfRobotsOnBlackSite,numberOfRobotsOnWhiteSite
20331,19,16
timeStep,numberOfRobotsOnBlackSite,numberOfRobotsOnWhiteSite
20332,19,16
timeStep,numberOfRobotsOnBlackSite,numberOfRobotsOnWhiteSite
20333,19,16
timeStep,numberOfRobotsOnBlackSite,numberOfRobotsOnWhiteSite
20334,19,16
timeStep,numberOfRobotsOnBlackSite,numberOfRobotsOnWhiteSite
20335,19,16
timeStep,numberOfRobotsOnBlackSite,numberOfRobotsOnWhiteSite
20336,19,16
timeStep,numberOfRobotsOnBlackSite,numberOfRobotsOnWhiteSite
20337,19,16
timeStep,numberOfRobotsOnBlackSite,numberOfRobotsOnWhiteSite
20338,19,16
timeStep,numberOfRobotsOnBlackSite,numberOfRobotsOnWhiteSite
20339,19,16
timeStep,numberOfRobotsOnBlackSite,numberOfRobotsOnWhiteSite
20340,19,16
timeStep,numberOfRobotsOnBlackSite,numberOfRobotsOnWhiteSite
20341,19,16
timeStep,numberOfRobotsOnBlackSite,numberOfRobotsOnWhiteSite
20342,19,16
timeStep,numberOfRobotsOnBlackSite,numberOfRobotsOnWhiteSite
20343,19,16
timeStep,numberOfRobotsOnBlackSite,numberOfRobotsOnWhiteSite
20344,19,16
timeStep,numberOfRobotsOnBlackSite,numberOfRobotsOnWhiteSite
20345,19,16
timeStep,numberOfRobotsOnBlackSite,numberOfRobotsOnWhiteSite
20346,19,16
timeStep,numberOfRobotsOnBlackSite,numberOfRobotsOnWhiteSite
20347,19,16
timeStep,numberOfRobotsOnBlackSite,numberOfRobotsOnWhiteSite
20348,19,16
timeStep,numberOfRobotsOnBlackSite,numberOfRobotsOnWhiteSite
20349,19,16
timeStep,numberOfRobotsOnBlackSite,numberOfRobotsOnWhiteSite
20350,19,16
timeStep,numberOfRobotsOnBlackSite,numberOfRobotsOnWhiteSite
20351,19,16
timeStep,numberOfRobotsOnBlackSite,numberOfRobotsOnWhiteSite
20352,19,16
timeStep,numberOfRobotsOnBlackSite,numberOfRobotsOnWhiteSite
20353,19,16
timeStep,numberOfRobotsOnBlackSite,numberOfRobotsOnWhiteSite
20354,19,16
timeStep,numberOfRobotsOnBlackSite,numberOfRobotsOnWhiteSite
20355,19,16
timeStep,numberOfRobotsOnBlackSite,numberOfRobotsOnWhiteSite
20356,19,16
timeStep,numberOfRobotsOnBlackSite,numberOfRobotsOnWhiteSite
20357,19,16
timeStep,numberOfRobotsOnBlackSite,numberOfRobotsOnWhiteSite
20358,19,16
timeStep,numberOfRobotsOnBlackSite,numberOfRobotsOnWhiteSite
20359,19,16
timeStep,numberOfRobotsOnBlackSite,numberOfRobotsOnWhiteSite
20360,19,16
timeStep,numberOfRobotsOnBlackSite,numberOfRobotsOnWhiteSite
20361,19,16
timeStep,numberOfRobotsOnBlackSite,numberOfRobotsOnWhiteSite
20362,19,16
timeStep,numberOfRobotsOnBlackSite,numberOfRobotsOnWhiteSite
20363,19,16
timeStep,numberOfRobotsOnBlackSite,numberOfRobotsOnWhiteSite
20364,19,16
timeStep,numberOfRobotsOnBlackSite,numberOfRobotsOnWhiteSite
20365,19,16
timeStep,numberOfRobotsOnBlackSite,numberOfRobotsOnWhiteSite
20366,19,16
timeStep,numberOfRobotsOnBlackSite,numberOfRobotsOnWhiteSite
20367,19,16
timeStep,numberOfRobotsOnBlackSite,numberOfRobotsOnWhiteSite
20368,19,16
timeStep,numberOfRobotsOnBlackSite,numberOfRobotsOnWhiteSite
20369,19,16
timeStep,numberOfRobotsOnBlackSite,numberOfRobotsOnWhiteSite
20370,19,16
timeStep,numberOfRobotsOnBlackSite,numberOfRobotsOnWhiteSite
20371,19,16
timeStep,numberOfRobotsOnBlackSite,numberOfRobotsOnWhiteSite
20372,19,16
timeStep,numberOfRobotsOnBlackSite,numberOfRobotsOnWhiteSite
20373,19,16
timeStep,numberOfRobotsOnBlackSite,numberOfRobotsOnWhiteSite
20374,19,16
timeStep,numberOfRobotsOnBlackSite,numberOfRobotsOnWhiteSite
20375,19,16
timeStep,numberOfRobotsOnBlackSite,numberOfRobotsOnWhiteSite
20376,19,16
timeStep,numberOfRobotsOnBlackSite,numberOfRobotsOnWhiteSite
20377,19,16
timeStep,numberOfRobotsOnBlackSite,numberOfRobotsOnWhiteSite
20378,19,16
timeStep,numberOfRobotsOnBlackSite,numberOfRobotsOnWhiteSite
20379,19,16
timeStep,numberOfRobotsOnBlackSite,numberOfRobotsOnWhiteSite
20380,19,16
timeStep,numberOfRobotsOnBlackSite,numberOfRobotsOnWhiteSite
20381,19,16
timeStep,numberOfRobotsOnBlackSite,numberOfRobotsOnWhiteSite
20382,19,16
timeStep,numberOfRobotsOnBlackSite,numberOfRobotsOnWhiteSite
20383,19,16
timeStep,numberOfRobotsOnBlackSite,numberOfRobotsOnWhiteSite
20384,19,16
timeStep,numberOfRobotsOnBlackSite,numberOfRobotsOnWhiteSite
20385,19,16
timeStep,numberOfRobotsOnBlackSite,numberOfRobotsOnWhiteSite
20386,19,16
timeStep,numberOfRobotsOnBlackSite,numberOfRobotsOnWhiteSite
20387,19,16
timeStep,numberOfRobotsOnBlackSite,numberOfRobotsOnWhiteSite
20388,19,16
timeStep,numberOfRobotsOnBlackSite,numberOfRobotsOnWhiteSite
20389,19,16
timeStep,numberOfRobotsOnBlackSite,numberOfRobotsOnWhiteSite
20390,19,16
timeStep,numberOfRobotsOnBlackSite,numberOfRobotsOnWhiteSite
20391,19,16
timeStep,numberOfRobotsOnBlackSite,numberOfRobotsOnWhiteSite
20392,19,16
timeStep,numberOfRobotsOnBlackSite,numberOfRobotsOnWhiteSite
20393,19,16
timeStep,numberOfRobotsOnBlackSite,numberOfRobotsOnWhiteSite
20394,19,16
timeStep,numberOfRobotsOnBlackSite,numberOfRobotsOnWhiteSite
20395,19,16
timeStep,numberOfRobotsOnBlackSite,numberOfRobotsOnWhiteSite
20396,19,16
timeStep,numberOfRobotsOnBlackSite,numberOfRobotsOnWhiteSite
20397,19,16
timeStep,numberOfRobotsOnBlackSite,numberOfRobotsOnWhiteSite
20398,19,16
timeStep,numberOfRobotsOnBlackSite,numberOfRobotsOnWhiteSite
20399,19,16
timeStep,numberOfRobotsOnBlackSite,numberOfRobotsOnWhiteSite
20400,20,16
timeStep,numberOfRobotsOnBlackSite,numberOfRobotsOnWhiteSite
20401,20,16
timeStep,numberOfRobotsOnBlackSite,numberOfRobotsOnWhiteSite
20402,20,16
timeStep,numberOfRobotsOnBlackSite,numberOfRobotsOnWhiteSite
20403,20,16
timeStep,numberOfRobotsOnBlackSite,numberOfRobotsOnWhiteSite
20404,20,16
timeStep,numberOfRobotsOnBlackSite,numberOfRobotsOnWhiteSite
20405,20,15
timeStep,numberOfRobotsOnBlackSite,numberOfRobotsOnWhiteSite
20406,20,15
timeStep,numberOfRobotsOnBlackSite,numberOfRobotsOnWhiteSite
20407,20,15
timeStep,numberOfRobotsOnBlackSite,numberOfRobotsOnWhiteSite
20408,20,15
timeStep,numberOfRobotsOnBlackSite,numberOfRobotsOnWhiteSite
20409,20,15
timeStep,numberOfRobotsOnBlackSite,numberOfRobotsOnWhiteSite
20410,20,15
timeStep,numberOfRobotsOnBlackSite,numberOfRobotsOnWhiteSite
20411,20,15
timeStep,numberOfRobotsOnBlackSite,numberOfRobotsOnWhiteSite
20412,20,15
timeStep,numberOfRobotsOnBlackSite,numberOfRobotsOnWhiteSite
20413,20,15
timeStep,numberOfRobotsOnBlackSite,numberOfRobotsOnWhiteSite
20414,20,15
timeStep,numberOfRobotsOnBlackSite,numberOfRobotsOnWhiteSite
20415,20,15
timeStep,numberOfRobotsOnBlackSite,numberOfRobotsOnWhiteSite
20416,20,15
timeStep,numberOfRobotsOnBlackSite,numberOfRobotsOnWhiteSite
20417,20,15
timeStep,numberOfRobotsOnBlackSite,numberOfRobotsOnWhiteSite
20418,20,15
timeStep,numberOfRobotsOnBlackSite,numberOfRobotsOnWhiteSite
20419,20,15
timeStep,numberOfRobotsOnBlackSite,numberOfRobotsOnWhiteSite
20420,20,16
timeStep,numberOfRobotsOnBlackSite,numberOfRobotsOnWhiteSite
20421,20,16
timeStep,numberOfRobotsOnBlackSite,numberOfRobotsOnWhiteSite
20422,20,16
timeStep,numberOfRobotsOnBlackSite,numberOfRobotsOnWhiteSite
20423,20,16
timeStep,numberOfRobotsOnBlackSite,numberOfRobotsOnWhiteSite
20424,20,16
timeStep,numberOfRobotsOnBlackSite,numberOfRobotsOnWhiteSite
20425,20,16
timeStep,numberOfRobotsOnBlackSite,numberOfRobotsOnWhiteSite
20426,20,16
timeStep,numberOfRobotsOnBlackSite,numberOfRobotsOnWhiteSite
20427,20,16
timeStep,numberOfRobotsOnBlackSite,numberOfRobotsOnWhiteSite
20428,20,16
timeStep,numberOfRobotsOnBlackSite,numberOfRobotsOnWhiteSite
20429,20,16
timeStep,numberOfRobotsOnBlackSite,numberOfRobotsOnWhiteSite
20430,20,16
timeStep,numberOfRobotsOnBlackSite,numberOfRobotsOnWhiteSite
20431,20,16
timeStep,numberOfRobotsOnBlackSite,numberOfRobotsOnWhiteSite
20432,20,16
timeStep,numberOfRobotsOnBlackSite,numberOfRobotsOnWhiteSite
20433,20,16
timeStep,numberOfRobotsOnBlackSite,numberOfRobotsOnWhiteSite
20434,20,16
timeStep,numberOfRobotsOnBlackSite,numberOfRobotsOnWhiteSite
20435,20,16
timeStep,numberOfRobotsOnBlackSite,numberOfRobotsOnWhiteSite
20436,20,16
timeStep,numberOfRobotsOnBlackSite,numberOfRobotsOnWhiteSite
20437,20,16
timeStep,numberOfRobotsOnBlackSite,numberOfRobotsOnWhiteSite
20438,20,16
timeStep,numberOfRobotsOnBlackSite,numberOfRobotsOnWhiteSite
20439,20,16
timeStep,numberOfRobotsOnBlackSite,numberOfRobotsOnWhiteSite
20440,20,16
timeStep,numberOfRobotsOnBlackSite,numberOfRobotsOnWhiteSite
20441,20,16
timeStep,numberOfRobotsOnBlackSite,numberOfRobotsOnWhiteSite
20442,20,16
timeStep,numberOfRobotsOnBlackSite,numberOfRobotsOnWhiteSite
20443,20,16
timeStep,numberOfRobotsOnBlackSite,numberOfRobotsOnWhiteSite
20444,20,16
timeStep,numberOfRobotsOnBlackSite,numberOfRobotsOnWhiteSite
20445,20,16
timeStep,numberOfRobotsOnBlackSite,numberOfRobotsOnWhiteSite
20446,20,16
timeStep,numberOfRobotsOnBlackSite,numberOfRobotsOnWhiteSite
20447,20,16
timeStep,numberOfRobotsOnBlackSite,numberOfRobotsOnWhiteSite
20448,20,16
timeStep,numberOfRobotsOnBlackSite,numberOfRobotsOnWhiteSite
20449,20,16
timeStep,numberOfRobotsOnBlackSite,numberOfRobotsOnWhiteSite
20450,20,16
timeStep,numberOfRobotsOnBlackSite,numberOfRobotsOnWhiteSite
20451,20,16
timeStep,numberOfRobotsOnBlackSite,numberOfRobotsOnWhiteSite
20452,20,16
timeStep,numberOfRobotsOnBlackSite,numberOfRobotsOnWhiteSite
20453,20,16
timeStep,numberOfRobotsOnBlackSite,numberOfRobotsOnWhiteSite
20454,20,16
timeStep,numberOfRobotsOnBlackSite,numberOfRobotsOnWhiteSite
20455,20,16
timeStep,numberOfRobotsOnBlackSite,numberOfRobotsOnWhiteSite
20456,20,16
timeStep,numberOfRobotsOnBlackSite,numberOfRobotsOnWhiteSite
20457,20,16
timeStep,numberOfRobotsOnBlackSite,numberOfRobotsOnWhiteSite
20458,20,16
timeStep,numberOfRobotsOnBlackSite,numberOfRobotsOnWhiteSite
20459,20,16
timeStep,numberOfRobotsOnBlackSite,numberOfRobotsOnWhiteSite
20460,20,16
timeStep,numberOfRobotsOnBlackSite,numberOfRobotsOnWhiteSite
20461,20,16
timeStep,numberOfRobotsOnBlackSite,numberOfRobotsOnWhiteSite
20462,20,16
timeStep,numberOfRobotsOnBlackSite,numberOfRobotsOnWhiteSite
20463,20,16
timeStep,numberOfRobotsOnBlackSite,numberOfRobotsOnWhiteSite
20464,20,16
timeStep,numberOfRobotsOnBlackSite,numberOfRobotsOnWhiteSite
20465,20,16
timeStep,numberOfRobotsOnBlackSite,numberOfRobotsOnWhiteSite
20466,20,16
timeStep,numberOfRobotsOnBlackSite,numberOfRobotsOnWhiteSite
20467,20,16
timeStep,numberOfRobotsOnBlackSite,numberOfRobotsOnWhiteSite
20468,20,16
timeStep,numberOfRobotsOnBlackSite,numberOfRobotsOnWhiteSite
20469,20,16
timeStep,numberOfRobotsOnBlackSite,numberOfRobotsOnWhiteSite
20470,20,16
timeStep,numberOfRobotsOnBlackSite,numberOfRobotsOnWhiteSite
20471,20,16
timeStep,numberOfRobotsOnBlackSite,numberOfRobotsOnWhiteSite
20472,20,16
timeStep,numberOfRobotsOnBlackSite,numberOfRobotsOnWhiteSite
20473,20,16
timeStep,numberOfRobotsOnBlackSite,numberOfRobotsOnWhiteSite
20474,20,16
timeStep,numberOfRobotsOnBlackSite,numberOfRobotsOnWhiteSite
20475,20,16
timeStep,numberOfRobotsOnBlackSite,numberOfRobotsOnWhiteSite
20476,20,16
timeStep,numberOfRobotsOnBlackSite,numberOfRobotsOnWhiteSite
20477,20,16
timeStep,numberOfRobotsOnBlackSite,numberOfRobotsOnWhiteSite
20478,20,16
timeStep,numberOfRobotsOnBlackSite,numberOfRobotsOnWhiteSite
20479,20,16
timeStep,numberOfRobotsOnBlackSite,numberOfRobotsOnWhiteSite
20480,20,15
timeStep,numberOfRobotsOnBlackSite,numberOfRobotsOnWhiteSite
20481,20,15
timeStep,numberOfRobotsOnBlackSite,numberOfRobotsOnWhiteSite
20482,20,15
timeStep,numberOfRobotsOnBlackSite,numberOfRobotsOnWhiteSite
20483,20,15
timeStep,numberOfRobotsOnBlackSite,numberOfRobotsOnWhiteSite
20484,20,15
timeStep,numberOfRobotsOnBlackSite,numberOfRobotsOnWhiteSite
20485,20,15
timeStep,numberOfRobotsOnBlackSite,numberOfRobotsOnWhiteSite
20486,20,15
timeStep,numberOfRobotsOnBlackSite,numberOfRobotsOnWhiteSite
20487,20,15
timeStep,numberOfRobotsOnBlackSite,numberOfRobotsOnWhiteSite
20488,20,15
timeStep,numberOfRobotsOnBlackSite,numberOfRobotsOnWhiteSite
20489,20,15
timeStep,numberOfRobotsOnBlackSite,numberOfRobotsOnWhiteSite
20490,20,15
timeStep,numberOfRobotsOnBlackSite,numberOfRobotsOnWhiteSite
20491,20,15
timeStep,numberOfRobotsOnBlackSite,numberOfRobotsOnWhiteSite
20492,20,15
timeStep,numberOfRobotsOnBlackSite,numberOfRobotsOnWhiteSite
20493,20,15
timeStep,numberOfRobotsOnBlackSite,numberOfRobotsOnWhiteSite
20494,20,15
timeStep,numberOfRobotsOnBlackSite,numberOfRobotsOnWhiteSite
20495,20,16
timeStep,numberOfRobotsOnBlackSite,numberOfRobotsOnWhiteSite
20496,20,16
timeStep,numberOfRobotsOnBlackSite,numberOfRobotsOnWhiteSite
20497,20,16
timeStep,numberOfRobotsOnBlackSite,numberOfRobotsOnWhiteSite
20498,20,16
timeStep,numberOfRobotsOnBlackSite,numberOfRobotsOnWhiteSite
20499,20,16
timeStep,numberOfRobotsOnBlackSite,numberOfRobotsOnWhiteSite
20500,20,16
timeStep,numberOfRobotsOnBlackSite,numberOfRobotsOnWhiteSite
20501,20,16
timeStep,numberOfRobotsOnBlackSite,numberOfRobotsOnWhiteSite
20502,20,16
timeStep,numberOfRobotsOnBlackSite,numberOfRobotsOnWhiteSite
20503,20,16
timeStep,numberOfRobotsOnBlackSite,numberOfRobotsOnWhiteSite
20504,20,16
timeStep,numberOfRobotsOnBlackSite,numberOfRobotsOnWhiteSite
20505,20,16
timeStep,numberOfRobotsOnBlackSite,numberOfRobotsOnWhiteSite
20506,20,16
timeStep,numberOfRobotsOnBlackSite,numberOfRobotsOnWhiteSite
20507,20,16
timeStep,numberOfRobotsOnBlackSite,numberOfRobotsOnWhiteSite
20508,20,16
timeStep,numberOfRobotsOnBlackSite,numberOfRobotsOnWhiteSite
20509,20,16
timeStep,numberOfRobotsOnBlackSite,numberOfRobotsOnWhiteSite
20510,20,16
timeStep,numberOfRobotsOnBlackSite,numberOfRobotsOnWhiteSite
20511,20,16
timeStep,numberOfRobotsOnBlackSite,numberOfRobotsOnWhiteSite
20512,20,16
timeStep,numberOfRobotsOnBlackSite,numberOfRobotsOnWhiteSite
20513,20,16
timeStep,numberOfRobotsOnBlackSite,numberOfRobotsOnWhiteSite
20514,20,16
timeStep,numberOfRobotsOnBlackSite,numberOfRobotsOnWhiteSite
20515,20,16
timeStep,numberOfRobotsOnBlackSite,numberOfRobotsOnWhiteSite
20516,20,16
timeStep,numberOfRobotsOnBlackSite,numberOfRobotsOnWhiteSite
20517,20,16
timeStep,numberOfRobotsOnBlackSite,numberOfRobotsOnWhiteSite
20518,20,16
timeStep,numberOfRobotsOnBlackSite,numberOfRobotsOnWhiteSite
20519,20,16
timeStep,numberOfRobotsOnBlackSite,numberOfRobotsOnWhiteSite
20520,20,16
timeStep,numberOfRobotsOnBlackSite,numberOfRobotsOnWhiteSite
20521,20,16
timeStep,numberOfRobotsOnBlackSite,numberOfRobotsOnWhiteSite
20522,20,16
timeStep,numberOfRobotsOnBlackSite,numberOfRobotsOnWhiteSite
20523,20,16
timeStep,numberOfRobotsOnBlackSite,numberOfRobotsOnWhiteSite
20524,20,16
timeStep,numberOfRobotsOnBlackSite,numberOfRobotsOnWhiteSite
20525,20,16
timeStep,numberOfRobotsOnBlackSite,numberOfRobotsOnWhiteSite
20526,20,16
timeStep,numberOfRobotsOnBlackSite,numberOfRobotsOnWhiteSite
20527,20,16
timeStep,numberOfRobotsOnBlackSite,numberOfRobotsOnWhiteSite
20528,20,16
timeStep,numberOfRobotsOnBlackSite,numberOfRobotsOnWhiteSite
20529,20,16
timeStep,numberOfRobotsOnBlackSite,numberOfRobotsOnWhiteSite
20530,20,16
timeStep,numberOfRobotsOnBlackSite,numberOfRobotsOnWhiteSite
20531,20,16
timeStep,numberOfRobotsOnBlackSite,numberOfRobotsOnWhiteSite
20532,20,16
timeStep,numberOfRobotsOnBlackSite,numberOfRobotsOnWhiteSite
20533,20,16
timeStep,numberOfRobotsOnBlackSite,numberOfRobotsOnWhiteSite
20534,20,16
timeStep,numberOfRobotsOnBlackSite,numberOfRobotsOnWhiteSite
20535,20,17
timeStep,numberOfRobotsOnBlackSite,numberOfRobotsOnWhiteSite
20536,20,17
timeStep,numberOfRobotsOnBlackSite,numberOfRobotsOnWhiteSite
20537,20,17
timeStep,numberOfRobotsOnBlackSite,numberOfRobotsOnWhiteSite
20538,20,17
timeStep,numberOfRobotsOnBlackSite,numberOfRobotsOnWhiteSite
20539,20,17
timeStep,numberOfRobotsOnBlackSite,numberOfRobotsOnWhiteSite
20540,20,17
timeStep,numberOfRobotsOnBlackSite,numberOfRobotsOnWhiteSite
20541,20,17
timeStep,numberOfRobotsOnBlackSite,numberOfRobotsOnWhiteSite
20542,20,17
timeStep,numberOfRobotsOnBlackSite,numberOfRobotsOnWhiteSite
20543,20,17
timeStep,numberOfRobotsOnBlackSite,numberOfRobotsOnWhiteSite
20544,20,17
timeStep,numberOfRobotsOnBlackSite,numberOfRobotsOnWhiteSite
20545,20,17
timeStep,numberOfRobotsOnBlackSite,numberOfRobotsOnWhiteSite
20546,20,17
timeStep,numberOfRobotsOnBlackSite,numberOfRobotsOnWhiteSite
20547,20,17
timeStep,numberOfRobotsOnBlackSite,numberOfRobotsOnWhiteSite
20548,20,17
timeStep,numberOfRobotsOnBlackSite,numberOfRobotsOnWhiteSite
20549,20,17
timeStep,numberOfRobotsOnBlackSite,numberOfRobotsOnWhiteSite
20550,20,16
timeStep,numberOfRobotsOnBlackSite,numberOfRobotsOnWhiteSite
20551,20,16
timeStep,numberOfRobotsOnBlackSite,numberOfRobotsOnWhiteSite
20552,20,16
timeStep,numberOfRobotsOnBlackSite,numberOfRobotsOnWhiteSite
20553,20,16
timeStep,numberOfRobotsOnBlackSite,numberOfRobotsOnWhiteSite
20554,20,16
timeStep,numberOfRobotsOnBlackSite,numberOfRobotsOnWhiteSite
20555,20,15
timeStep,numberOfRobotsOnBlackSite,numberOfRobotsOnWhiteSite
20556,20,15
timeStep,numberOfRobotsOnBlackSite,numberOfRobotsOnWhiteSite
20557,20,15
timeStep,numberOfRobotsOnBlackSite,numberOfRobotsOnWhiteSite
20558,20,15
timeStep,numberOfRobotsOnBlackSite,numberOfRobotsOnWhiteSite
20559,20,15
timeStep,numberOfRobotsOnBlackSite,numberOfRobotsOnWhiteSite
20560,20,15
timeStep,numberOfRobotsOnBlackSite,numberOfRobotsOnWhiteSite
20561,20,15
timeStep,numberOfRobotsOnBlackSite,numberOfRobotsOnWhiteSite
20562,20,15
timeStep,numberOfRobotsOnBlackSite,numberOfRobotsOnWhiteSite
20563,20,15
timeStep,numberOfRobotsOnBlackSite,numberOfRobotsOnWhiteSite
20564,20,15
timeStep,numberOfRobotsOnBlackSite,numberOfRobotsOnWhiteSite
20565,20,15
timeStep,numberOfRobotsOnBlackSite,numberOfRobotsOnWhiteSite
20566,20,15
timeStep,numberOfRobotsOnBlackSite,numberOfRobotsOnWhiteSite
20567,20,15
timeStep,numberOfRobotsOnBlackSite,numberOfRobotsOnWhiteSite
20568,20,15
timeStep,numberOfRobotsOnBlackSite,numberOfRobotsOnWhiteSite
20569,20,15
timeStep,numberOfRobotsOnBlackSite,numberOfRobotsOnWhiteSite
20570,20,15
timeStep,numberOfRobotsOnBlackSite,numberOfRobotsOnWhiteSite
20571,20,15
timeStep,numberOfRobotsOnBlackSite,numberOfRobotsOnWhiteSite
20572,20,15
timeStep,numberOfRobotsOnBlackSite,numberOfRobotsOnWhiteSite
20573,20,15
timeStep,numberOfRobotsOnBlackSite,numberOfRobotsOnWhiteSite
20574,20,15
timeStep,numberOfRobotsOnBlackSite,numberOfRobotsOnWhiteSite
20575,20,15
timeStep,numberOfRobotsOnBlackSite,numberOfRobotsOnWhiteSite
20576,20,15
timeStep,numberOfRobotsOnBlackSite,numberOfRobotsOnWhiteSite
20577,20,15
timeStep,numberOfRobotsOnBlackSite,numberOfRobotsOnWhiteSite
20578,20,15
timeStep,numberOfRobotsOnBlackSite,numberOfRobotsOnWhiteSite
20579,20,15
timeStep,numberOfRobotsOnBlackSite,numberOfRobotsOnWhiteSite
20580,20,15
timeStep,numberOfRobotsOnBlackSite,numberOfRobotsOnWhiteSite
20581,20,15
timeStep,numberOfRobotsOnBlackSite,numberOfRobotsOnWhiteSite
20582,20,15
timeStep,numberOfRobotsOnBlackSite,numberOfRobotsOnWhiteSite
20583,20,15
timeStep,numberOfRobotsOnBlackSite,numberOfRobotsOnWhiteSite
20584,20,15
timeStep,numberOfRobotsOnBlackSite,numberOfRobotsOnWhiteSite
20585,20,16
timeStep,numberOfRobotsOnBlackSite,numberOfRobotsOnWhiteSite
20586,20,16
timeStep,numberOfRobotsOnBlackSite,numberOfRobotsOnWhiteSite
20587,20,16
timeStep,numberOfRobotsOnBlackSite,numberOfRobotsOnWhiteSite
20588,20,16
timeStep,numberOfRobotsOnBlackSite,numberOfRobotsOnWhiteSite
20589,20,16
timeStep,numberOfRobotsOnBlackSite,numberOfRobotsOnWhiteSite
20590,20,16
timeStep,numberOfRobotsOnBlackSite,numberOfRobotsOnWhiteSite
20591,20,16
timeStep,numberOfRobotsOnBlackSite,numberOfRobotsOnWhiteSite
20592,20,16
timeStep,numberOfRobotsOnBlackSite,numberOfRobotsOnWhiteSite
20593,20,16
timeStep,numberOfRobotsOnBlackSite,numberOfRobotsOnWhiteSite
20594,20,16
timeStep,numberOfRobotsOnBlackSite,numberOfRobotsOnWhiteSite
20595,19,16
timeStep,numberOfRobotsOnBlackSite,numberOfRobotsOnWhiteSite
20596,19,16
timeStep,numberOfRobotsOnBlackSite,numberOfRobotsOnWhiteSite
20597,19,16
timeStep,numberOfRobotsOnBlackSite,numberOfRobotsOnWhiteSite
20598,19,16
timeStep,numberOfRobotsOnBlackSite,numberOfRobotsOnWhiteSite
20599,19,16
timeStep,numberOfRobotsOnBlackSite,numberOfRobotsOnWhiteSite
20600,19,16
timeStep,numberOfRobotsOnBlackSite,numberOfRobotsOnWhiteSite
20601,19,16
timeStep,numberOfRobotsOnBlackSite,numberOfRobotsOnWhiteSite
20602,19,16
timeStep,numberOfRobotsOnBlackSite,numberOfRobotsOnWhiteSite
20603,19,16
timeStep,numberOfRobotsOnBlackSite,numberOfRobotsOnWhiteSite
20604,19,16
timeStep,numberOfRobotsOnBlackSite,numberOfRobotsOnWhiteSite
20605,19,16
timeStep,numberOfRobotsOnBlackSite,numberOfRobotsOnWhiteSite
20606,19,16
timeStep,numberOfRobotsOnBlackSite,numberOfRobotsOnWhiteSite
20607,19,16
timeStep,numberOfRobotsOnBlackSite,numberOfRobotsOnWhiteSite
20608,19,16
timeStep,numberOfRobotsOnBlackSite,numberOfRobotsOnWhiteSite
20609,19,16
timeStep,numberOfRobotsOnBlackSite,numberOfRobotsOnWhiteSite
20610,19,16
timeStep,numberOfRobotsOnBlackSite,numberOfRobotsOnWhiteSite
20611,19,16
timeStep,numberOfRobotsOnBlackSite,numberOfRobotsOnWhiteSite
20612,19,16
timeStep,numberOfRobotsOnBlackSite,numberOfRobotsOnWhiteSite
20613,19,16
timeStep,numberOfRobotsOnBlackSite,numberOfRobotsOnWhiteSite
20614,19,16
timeStep,numberOfRobotsOnBlackSite,numberOfRobotsOnWhiteSite
20615,19,16
timeStep,numberOfRobotsOnBlackSite,numberOfRobotsOnWhiteSite
20616,19,16
timeStep,numberOfRobotsOnBlackSite,numberOfRobotsOnWhiteSite
20617,19,16
timeStep,numberOfRobotsOnBlackSite,numberOfRobotsOnWhiteSite
20618,19,16
timeStep,numberOfRobotsOnBlackSite,numberOfRobotsOnWhiteSite
20619,19,16
timeStep,numberOfRobotsOnBlackSite,numberOfRobotsOnWhiteSite
20620,19,16
timeStep,numberOfRobotsOnBlackSite,numberOfRobotsOnWhiteSite
20621,19,16
timeStep,numberOfRobotsOnBlackSite,numberOfRobotsOnWhiteSite
20622,19,16
timeStep,numberOfRobotsOnBlackSite,numberOfRobotsOnWhiteSite
20623,19,16
timeStep,numberOfRobotsOnBlackSite,numberOfRobotsOnWhiteSite
20624,19,16
timeStep,numberOfRobotsOnBlackSite,numberOfRobotsOnWhiteSite
20625,19,16
timeStep,numberOfRobotsOnBlackSite,numberOfRobotsOnWhiteSite
20626,19,16
timeStep,numberOfRobotsOnBlackSite,numberOfRobotsOnWhiteSite
20627,19,16
timeStep,numberOfRobotsOnBlackSite,numberOfRobotsOnWhiteSite
20628,19,16
timeStep,numberOfRobotsOnBlackSite,numberOfRobotsOnWhiteSite
20629,19,16
timeStep,numberOfRobotsOnBlackSite,numberOfRobotsOnWhiteSite
20630,19,16
timeStep,numberOfRobotsOnBlackSite,numberOfRobotsOnWhiteSite
20631,19,16
timeStep,numberOfRobotsOnBlackSite,numberOfRobotsOnWhiteSite
20632,19,16
timeStep,numberOfRobotsOnBlackSite,numberOfRobotsOnWhiteSite
20633,19,16
timeStep,numberOfRobotsOnBlackSite,numberOfRobotsOnWhiteSite
20634,19,16
timeStep,numberOfRobotsOnBlackSite,numberOfRobotsOnWhiteSite
20635,19,16
timeStep,numberOfRobotsOnBlackSite,numberOfRobotsOnWhiteSite
20636,19,16
timeStep,numberOfRobotsOnBlackSite,numberOfRobotsOnWhiteSite
20637,19,16
timeStep,numberOfRobotsOnBlackSite,numberOfRobotsOnWhiteSite
20638,19,16
timeStep,numberOfRobotsOnBlackSite,numberOfRobotsOnWhiteSite
20639,19,16
timeStep,numberOfRobotsOnBlackSite,numberOfRobotsOnWhiteSite
20640,19,16
timeStep,numberOfRobotsOnBlackSite,numberOfRobotsOnWhiteSite
20641,19,16
timeStep,numberOfRobotsOnBlackSite,numberOfRobotsOnWhiteSite
20642,19,16
timeStep,numberOfRobotsOnBlackSite,numberOfRobotsOnWhiteSite
20643,19,16
timeStep,numberOfRobotsOnBlackSite,numberOfRobotsOnWhiteSite
20644,19,16
timeStep,numberOfRobotsOnBlackSite,numberOfRobotsOnWhiteSite
20645,20,16
timeStep,numberOfRobotsOnBlackSite,numberOfRobotsOnWhiteSite
20646,20,16
timeStep,numberOfRobotsOnBlackSite,numberOfRobotsOnWhiteSite
20647,20,16
timeStep,numberOfRobotsOnBlackSite,numberOfRobotsOnWhiteSite
20648,20,16
timeStep,numberOfRobotsOnBlackSite,numberOfRobotsOnWhiteSite
20649,20,16
timeStep,numberOfRobotsOnBlackSite,numberOfRobotsOnWhiteSite
20650,20,16
timeStep,numberOfRobotsOnBlackSite,numberOfRobotsOnWhiteSite
20651,20,16
timeStep,numberOfRobotsOnBlackSite,numberOfRobotsOnWhiteSite
20652,20,16
timeStep,numberOfRobotsOnBlackSite,numberOfRobotsOnWhiteSite
20653,20,16
timeStep,numberOfRobotsOnBlackSite,numberOfRobotsOnWhiteSite
20654,20,16
timeStep,numberOfRobotsOnBlackSite,numberOfRobotsOnWhiteSite
20655,20,16
timeStep,numberOfRobotsOnBlackSite,numberOfRobotsOnWhiteSite
20656,20,16
timeStep,numberOfRobotsOnBlackSite,numberOfRobotsOnWhiteSite
20657,20,16
timeStep,numberOfRobotsOnBlackSite,numberOfRobotsOnWhiteSite
20658,20,16
timeStep,numberOfRobotsOnBlackSite,numberOfRobotsOnWhiteSite
20659,20,16
timeStep,numberOfRobotsOnBlackSite,numberOfRobotsOnWhiteSite
20660,19,16
timeStep,numberOfRobotsOnBlackSite,numberOfRobotsOnWhiteSite
20661,19,16
timeStep,numberOfRobotsOnBlackSite,numberOfRobotsOnWhiteSite
20662,19,16
timeStep,numberOfRobotsOnBlackSite,numberOfRobotsOnWhiteSite
20663,19,16
timeStep,numberOfRobotsOnBlackSite,numberOfRobotsOnWhiteSite
20664,19,16
timeStep,numberOfRobotsOnBlackSite,numberOfRobotsOnWhiteSite
20665,19,16
timeStep,numberOfRobotsOnBlackSite,numberOfRobotsOnWhiteSite
20666,19,16
timeStep,numberOfRobotsOnBlackSite,numberOfRobotsOnWhiteSite
20667,19,16
timeStep,numberOfRobotsOnBlackSite,numberOfRobotsOnWhiteSite
20668,19,16
timeStep,numberOfRobotsOnBlackSite,numberOfRobotsOnWhiteSite
20669,19,16
timeStep,numberOfRobotsOnBlackSite,numberOfRobotsOnWhiteSite
20670,19,16
timeStep,numberOfRobotsOnBlackSite,numberOfRobotsOnWhiteSite
20671,19,16
timeStep,numberOfRobotsOnBlackSite,numberOfRobotsOnWhiteSite
20672,19,16
timeStep,numberOfRobotsOnBlackSite,numberOfRobotsOnWhiteSite
20673,19,16
timeStep,numberOfRobotsOnBlackSite,numberOfRobotsOnWhiteSite
20674,19,16
timeStep,numberOfRobotsOnBlackSite,numberOfRobotsOnWhiteSite
20675,19,16
timeStep,numberOfRobotsOnBlackSite,numberOfRobotsOnWhiteSite
20676,19,16
timeStep,numberOfRobotsOnBlackSite,numberOfRobotsOnWhiteSite
20677,19,16
timeStep,numberOfRobotsOnBlackSite,numberOfRobotsOnWhiteSite
20678,19,16
timeStep,numberOfRobotsOnBlackSite,numberOfRobotsOnWhiteSite
20679,19,16
timeStep,numberOfRobotsOnBlackSite,numberOfRobotsOnWhiteSite
20680,19,16
timeStep,numberOfRobotsOnBlackSite,numberOfRobotsOnWhiteSite
20681,19,16
timeStep,numberOfRobotsOnBlackSite,numberOfRobotsOnWhiteSite
20682,19,16
timeStep,numberOfRobotsOnBlackSite,numberOfRobotsOnWhiteSite
20683,19,16
timeStep,numberOfRobotsOnBlackSite,numberOfRobotsOnWhiteSite
20684,19,16
timeStep,numberOfRobotsOnBlackSite,numberOfRobotsOnWhiteSite
20685,19,16
timeStep,numberOfRobotsOnBlackSite,numberOfRobotsOnWhiteSite
20686,19,16
timeStep,numberOfRobotsOnBlackSite,numberOfRobotsOnWhiteSite
20687,19,16
timeStep,numberOfRobotsOnBlackSite,numberOfRobotsOnWhiteSite
20688,19,16
timeStep,numberOfRobotsOnBlackSite,numberOfRobotsOnWhiteSite
20689,19,16
timeStep,numberOfRobotsOnBlackSite,numberOfRobotsOnWhiteSite
20690,19,16
timeStep,numberOfRobotsOnBlackSite,numberOfRobotsOnWhiteSite
20691,19,16
timeStep,numberOfRobotsOnBlackSite,numberOfRobotsOnWhiteSite
20692,19,16
timeStep,numberOfRobotsOnBlackSite,numberOfRobotsOnWhiteSite
20693,19,16
timeStep,numberOfRobotsOnBlackSite,numberOfRobotsOnWhiteSite
20694,19,16
timeStep,numberOfRobotsOnBlackSite,numberOfRobotsOnWhiteSite
20695,19,16
timeStep,numberOfRobotsOnBlackSite,numberOfRobotsOnWhiteSite
20696,19,16
timeStep,numberOfRobotsOnBlackSite,numberOfRobotsOnWhiteSite
20697,19,16
timeStep,numberOfRobotsOnBlackSite,numberOfRobotsOnWhiteSite
20698,19,16
timeStep,numberOfRobotsOnBlackSite,numberOfRobotsOnWhiteSite
20699,19,16
timeStep,numberOfRobotsOnBlackSite,numberOfRobotsOnWhiteSite
20700,19,16
timeStep,numberOfRobotsOnBlackSite,numberOfRobotsOnWhiteSite
20701,19,16
timeStep,numberOfRobotsOnBlackSite,numberOfRobotsOnWhiteSite
20702,19,16
timeStep,numberOfRobotsOnBlackSite,numberOfRobotsOnWhiteSite
20703,19,16
timeStep,numberOfRobotsOnBlackSite,numberOfRobotsOnWhiteSite
20704,19,16
timeStep,numberOfRobotsOnBlackSite,numberOfRobotsOnWhiteSite
20705,19,16
timeStep,numberOfRobotsOnBlackSite,numberOfRobotsOnWhiteSite
20706,19,16
timeStep,numberOfRobotsOnBlackSite,numberOfRobotsOnWhiteSite
20707,19,16
timeStep,numberOfRobotsOnBlackSite,numberOfRobotsOnWhiteSite
20708,19,16
timeStep,numberOfRobotsOnBlackSite,numberOfRobotsOnWhiteSite
20709,19,16
timeStep,numberOfRobotsOnBlackSite,numberOfRobotsOnWhiteSite
20710,19,16
timeStep,numberOfRobotsOnBlackSite,numberOfRobotsOnWhiteSite
20711,19,16
timeStep,numberOfRobotsOnBlackSite,numberOfRobotsOnWhiteSite
20712,19,16
timeStep,numberOfRobotsOnBlackSite,numberOfRobotsOnWhiteSite
20713,19,16
timeStep,numberOfRobotsOnBlackSite,numberOfRobotsOnWhiteSite
20714,19,16
timeStep,numberOfRobotsOnBlackSite,numberOfRobotsOnWhiteSite
20715,19,16
timeStep,numberOfRobotsOnBlackSite,numberOfRobotsOnWhiteSite
20716,19,16
timeStep,numberOfRobotsOnBlackSite,numberOfRobotsOnWhiteSite
20717,19,16
timeStep,numberOfRobotsOnBlackSite,numberOfRobotsOnWhiteSite
20718,19,16
timeStep,numberOfRobotsOnBlackSite,numberOfRobotsOnWhiteSite
20719,19,16
timeStep,numberOfRobotsOnBlackSite,numberOfRobotsOnWhiteSite
20720,19,16
timeStep,numberOfRobotsOnBlackSite,numberOfRobotsOnWhiteSite
20721,19,16
timeStep,numberOfRobotsOnBlackSite,numberOfRobotsOnWhiteSite
20722,19,16
timeStep,numberOfRobotsOnBlackSite,numberOfRobotsOnWhiteSite
20723,19,16
timeStep,numberOfRobotsOnBlackSite,numberOfRobotsOnWhiteSite
20724,19,16
timeStep,numberOfRobotsOnBlackSite,numberOfRobotsOnWhiteSite
20725,20,16
timeStep,numberOfRobotsOnBlackSite,numberOfRobotsOnWhiteSite
20726,20,16
timeStep,numberOfRobotsOnBlackSite,numberOfRobotsOnWhiteSite
20727,20,16
timeStep,numberOfRobotsOnBlackSite,numberOfRobotsOnWhiteSite
20728,20,16
timeStep,numberOfRobotsOnBlackSite,numberOfRobotsOnWhiteSite
20729,20,16
timeStep,numberOfRobotsOnBlackSite,numberOfRobotsOnWhiteSite
20730,20,16
timeStep,numberOfRobotsOnBlackSite,numberOfRobotsOnWhiteSite
20731,20,16
timeStep,numberOfRobotsOnBlackSite,numberOfRobotsOnWhiteSite
20732,20,16
timeStep,numberOfRobotsOnBlackSite,numberOfRobotsOnWhiteSite
20733,20,16
timeStep,numberOfRobotsOnBlackSite,numberOfRobotsOnWhiteSite
20734,20,16
timeStep,numberOfRobotsOnBlackSite,numberOfRobotsOnWhiteSite
20735,20,16
timeStep,numberOfRobotsOnBlackSite,numberOfRobotsOnWhiteSite
20736,20,16
timeStep,numberOfRobotsOnBlackSite,numberOfRobotsOnWhiteSite
20737,20,16
timeStep,numberOfRobotsOnBlackSite,numberOfRobotsOnWhiteSite
20738,20,16
timeStep,numberOfRobotsOnBlackSite,numberOfRobotsOnWhiteSite
20739,20,16
timeStep,numberOfRobotsOnBlackSite,numberOfRobotsOnWhiteSite
20740,20,16
timeStep,numberOfRobotsOnBlackSite,numberOfRobotsOnWhiteSite
20741,20,16
timeStep,numberOfRobotsOnBlackSite,numberOfRobotsOnWhiteSite
20742,20,16
timeStep,numberOfRobotsOnBlackSite,numberOfRobotsOnWhiteSite
20743,20,16
timeStep,numberOfRobotsOnBlackSite,numberOfRobotsOnWhiteSite
20744,20,16
timeStep,numberOfRobotsOnBlackSite,numberOfRobotsOnWhiteSite
20745,20,16
timeStep,numberOfRobotsOnBlackSite,numberOfRobotsOnWhiteSite
20746,20,16
timeStep,numberOfRobotsOnBlackSite,numberOfRobotsOnWhiteSite
20747,20,16
timeStep,numberOfRobotsOnBlackSite,numberOfRobotsOnWhiteSite
20748,20,16
timeStep,numberOfRobotsOnBlackSite,numberOfRobotsOnWhiteSite
20749,20,16
timeStep,numberOfRobotsOnBlackSite,numberOfRobotsOnWhiteSite
20750,20,16
timeStep,numberOfRobotsOnBlackSite,numberOfRobotsOnWhiteSite
20751,20,16
timeStep,numberOfRobotsOnBlackSite,numberOfRobotsOnWhiteSite
20752,20,16
timeStep,numberOfRobotsOnBlackSite,numberOfRobotsOnWhiteSite
20753,20,16
timeStep,numberOfRobotsOnBlackSite,numberOfRobotsOnWhiteSite
20754,20,16
timeStep,numberOfRobotsOnBlackSite,numberOfRobotsOnWhiteSite
20755,20,16
timeStep,numberOfRobotsOnBlackSite,numberOfRobotsOnWhiteSite
20756,20,16
timeStep,numberOfRobotsOnBlackSite,numberOfRobotsOnWhiteSite
20757,20,16
timeStep,numberOfRobotsOnBlackSite,numberOfRobotsOnWhiteSite
20758,20,16
timeStep,numberOfRobotsOnBlackSite,numberOfRobotsOnWhiteSite
20759,20,16
timeStep,numberOfRobotsOnBlackSite,numberOfRobotsOnWhiteSite
20760,20,16
timeStep,numberOfRobotsOnBlackSite,numberOfRobotsOnWhiteSite
20761,20,16
timeStep,numberOfRobotsOnBlackSite,numberOfRobotsOnWhiteSite
20762,20,16
timeStep,numberOfRobotsOnBlackSite,numberOfRobotsOnWhiteSite
20763,20,16
timeStep,numberOfRobotsOnBlackSite,numberOfRobotsOnWhiteSite
20764,20,16
timeStep,numberOfRobotsOnBlackSite,numberOfRobotsOnWhiteSite
20765,20,16
timeStep,numberOfRobotsOnBlackSite,numberOfRobotsOnWhiteSite
20766,20,16
timeStep,numberOfRobotsOnBlackSite,numberOfRobotsOnWhiteSite
20767,20,16
timeStep,numberOfRobotsOnBlackSite,numberOfRobotsOnWhiteSite
20768,20,16
timeStep,numberOfRobotsOnBlackSite,numberOfRobotsOnWhiteSite
20769,20,16
timeStep,numberOfRobotsOnBlackSite,numberOfRobotsOnWhiteSite
20770,20,16
timeStep,numberOfRobotsOnBlackSite,numberOfRobotsOnWhiteSite
20771,20,16
timeStep,numberOfRobotsOnBlackSite,numberOfRobotsOnWhiteSite
20772,20,16
timeStep,numberOfRobotsOnBlackSite,numberOfRobotsOnWhiteSite
20773,20,16
timeStep,numberOfRobotsOnBlackSite,numberOfRobotsOnWhiteSite
20774,20,16
timeStep,numberOfRobotsOnBlackSite,numberOfRobotsOnWhiteSite
20775,21,15
timeStep,numberOfRobotsOnBlackSite,numberOfRobotsOnWhiteSite
20776,21,15
timeStep,numberOfRobotsOnBlackSite,numberOfRobotsOnWhiteSite
20777,21,15
timeStep,numberOfRobotsOnBlackSite,numberOfRobotsOnWhiteSite
20778,21,15
timeStep,numberOfRobotsOnBlackSite,numberOfRobotsOnWhiteSite
20779,21,15
timeStep,numberOfRobotsOnBlackSite,numberOfRobotsOnWhiteSite
20780,21,15
timeStep,numberOfRobotsOnBlackSite,numberOfRobotsOnWhiteSite
20781,21,15
timeStep,numberOfRobotsOnBlackSite,numberOfRobotsOnWhiteSite
20782,21,15
timeStep,numberOfRobotsOnBlackSite,numberOfRobotsOnWhiteSite
20783,21,15
timeStep,numberOfRobotsOnBlackSite,numberOfRobotsOnWhiteSite
20784,21,15
timeStep,numberOfRobotsOnBlackSite,numberOfRobotsOnWhiteSite
20785,21,15
timeStep,numberOfRobotsOnBlackSite,numberOfRobotsOnWhiteSite
20786,21,15
timeStep,numberOfRobotsOnBlackSite,numberOfRobotsOnWhiteSite
20787,21,15
timeStep,numberOfRobotsOnBlackSite,numberOfRobotsOnWhiteSite
20788,21,15
timeStep,numberOfRobotsOnBlackSite,numberOfRobotsOnWhiteSite
20789,21,15
timeStep,numberOfRobotsOnBlackSite,numberOfRobotsOnWhiteSite
20790,21,15
timeStep,numberOfRobotsOnBlackSite,numberOfRobotsOnWhiteSite
20791,21,15
timeStep,numberOfRobotsOnBlackSite,numberOfRobotsOnWhiteSite
20792,21,15
timeStep,numberOfRobotsOnBlackSite,numberOfRobotsOnWhiteSite
20793,21,15
timeStep,numberOfRobotsOnBlackSite,numberOfRobotsOnWhiteSite
20794,21,15
timeStep,numberOfRobotsOnBlackSite,numberOfRobotsOnWhiteSite
20795,21,14
timeStep,numberOfRobotsOnBlackSite,numberOfRobotsOnWhiteSite
20796,21,14
timeStep,numberOfRobotsOnBlackSite,numberOfRobotsOnWhiteSite
20797,21,14
timeStep,numberOfRobotsOnBlackSite,numberOfRobotsOnWhiteSite
20798,21,14
timeStep,numberOfRobotsOnBlackSite,numberOfRobotsOnWhiteSite
20799,21,14
timeStep,numberOfRobotsOnBlackSite,numberOfRobotsOnWhiteSite
20800,21,14
timeStep,numberOfRobotsOnBlackSite,numberOfRobotsOnWhiteSite
20801,21,14
timeStep,numberOfRobotsOnBlackSite,numberOfRobotsOnWhiteSite
20802,21,14
timeStep,numberOfRobotsOnBlackSite,numberOfRobotsOnWhiteSite
20803,21,14
timeStep,numberOfRobotsOnBlackSite,numberOfRobotsOnWhiteSite
20804,21,14
timeStep,numberOfRobotsOnBlackSite,numberOfRobotsOnWhiteSite
20805,21,14
timeStep,numberOfRobotsOnBlackSite,numberOfRobotsOnWhiteSite
20806,21,14
timeStep,numberOfRobotsOnBlackSite,numberOfRobotsOnWhiteSite
20807,21,14
timeStep,numberOfRobotsOnBlackSite,numberOfRobotsOnWhiteSite
20808,21,14
timeStep,numberOfRobotsOnBlackSite,numberOfRobotsOnWhiteSite
20809,21,14
timeStep,numberOfRobotsOnBlackSite,numberOfRobotsOnWhiteSite
20810,21,15
timeStep,numberOfRobotsOnBlackSite,numberOfRobotsOnWhiteSite
20811,21,15
timeStep,numberOfRobotsOnBlackSite,numberOfRobotsOnWhiteSite
20812,21,15
timeStep,numberOfRobotsOnBlackSite,numberOfRobotsOnWhiteSite
20813,21,15
timeStep,numberOfRobotsOnBlackSite,numberOfRobotsOnWhiteSite
20814,21,15
timeStep,numberOfRobotsOnBlackSite,numberOfRobotsOnWhiteSite
20815,21,15
timeStep,numberOfRobotsOnBlackSite,numberOfRobotsOnWhiteSite
20816,21,15
timeStep,numberOfRobotsOnBlackSite,numberOfRobotsOnWhiteSite
20817,21,15
timeStep,numberOfRobotsOnBlackSite,numberOfRobotsOnWhiteSite
20818,21,15
timeStep,numberOfRobotsOnBlackSite,numberOfRobotsOnWhiteSite
20819,21,15
timeStep,numberOfRobotsOnBlackSite,numberOfRobotsOnWhiteSite
20820,21,15
timeStep,numberOfRobotsOnBlackSite,numberOfRobotsOnWhiteSite
20821,21,15
timeStep,numberOfRobotsOnBlackSite,numberOfRobotsOnWhiteSite
20822,21,15
timeStep,numberOfRobotsOnBlackSite,numberOfRobotsOnWhiteSite
20823,21,15
timeStep,numberOfRobotsOnBlackSite,numberOfRobotsOnWhiteSite
20824,21,15
timeStep,numberOfRobotsOnBlackSite,numberOfRobotsOnWhiteSite
20825,21,15
timeStep,numberOfRobotsOnBlackSite,numberOfRobotsOnWhiteSite
20826,21,15
timeStep,numberOfRobotsOnBlackSite,numberOfRobotsOnWhiteSite
20827,21,15
timeStep,numberOfRobotsOnBlackSite,numberOfRobotsOnWhiteSite
20828,21,15
timeStep,numberOfRobotsOnBlackSite,numberOfRobotsOnWhiteSite
20829,21,15
timeStep,numberOfRobotsOnBlackSite,numberOfRobotsOnWhiteSite
20830,21,15
timeStep,numberOfRobotsOnBlackSite,numberOfRobotsOnWhiteSite
20831,21,15
timeStep,numberOfRobotsOnBlackSite,numberOfRobotsOnWhiteSite
20832,21,15
timeStep,numberOfRobotsOnBlackSite,numberOfRobotsOnWhiteSite
20833,21,15
timeStep,numberOfRobotsOnBlackSite,numberOfRobotsOnWhiteSite
20834,21,15
timeStep,numberOfRobotsOnBlackSite,numberOfRobotsOnWhiteSite
20835,21,14
timeStep,numberOfRobotsOnBlackSite,numberOfRobotsOnWhiteSite
20836,21,14
timeStep,numberOfRobotsOnBlackSite,numberOfRobotsOnWhiteSite
20837,21,14
timeStep,numberOfRobotsOnBlackSite,numberOfRobotsOnWhiteSite
20838,21,14
timeStep,numberOfRobotsOnBlackSite,numberOfRobotsOnWhiteSite
20839,21,14
timeStep,numberOfRobotsOnBlackSite,numberOfRobotsOnWhiteSite
20840,21,14
timeStep,numberOfRobotsOnBlackSite,numberOfRobotsOnWhiteSite
20841,21,14
timeStep,numberOfRobotsOnBlackSite,numberOfRobotsOnWhiteSite
20842,21,14
timeStep,numberOfRobotsOnBlackSite,numberOfRobotsOnWhiteSite
20843,21,14
timeStep,numberOfRobotsOnBlackSite,numberOfRobotsOnWhiteSite
20844,21,14
timeStep,numberOfRobotsOnBlackSite,numberOfRobotsOnWhiteSite
20845,21,14
timeStep,numberOfRobotsOnBlackSite,numberOfRobotsOnWhiteSite
20846,21,14
timeStep,numberOfRobotsOnBlackSite,numberOfRobotsOnWhiteSite
20847,21,14
timeStep,numberOfRobotsOnBlackSite,numberOfRobotsOnWhiteSite
20848,21,14
timeStep,numberOfRobotsOnBlackSite,numberOfRobotsOnWhiteSite
20849,21,14
timeStep,numberOfRobotsOnBlackSite,numberOfRobotsOnWhiteSite
20850,21,14
timeStep,numberOfRobotsOnBlackSite,numberOfRobotsOnWhiteSite
20851,21,14
timeStep,numberOfRobotsOnBlackSite,numberOfRobotsOnWhiteSite
20852,21,14
timeStep,numberOfRobotsOnBlackSite,numberOfRobotsOnWhiteSite
20853,21,14
timeStep,numberOfRobotsOnBlackSite,numberOfRobotsOnWhiteSite
20854,21,14
timeStep,numberOfRobotsOnBlackSite,numberOfRobotsOnWhiteSite
20855,21,14
timeStep,numberOfRobotsOnBlackSite,numberOfRobotsOnWhiteSite
20856,21,14
timeStep,numberOfRobotsOnBlackSite,numberOfRobotsOnWhiteSite
20857,21,14
timeStep,numberOfRobotsOnBlackSite,numberOfRobotsOnWhiteSite
20858,21,14
timeStep,numberOfRobotsOnBlackSite,numberOfRobotsOnWhiteSite
20859,21,14
timeStep,numberOfRobotsOnBlackSite,numberOfRobotsOnWhiteSite
20860,21,14
timeStep,numberOfRobotsOnBlackSite,numberOfRobotsOnWhiteSite
20861,21,14
timeStep,numberOfRobotsOnBlackSite,numberOfRobotsOnWhiteSite
20862,21,14
timeStep,numberOfRobotsOnBlackSite,numberOfRobotsOnWhiteSite
20863,21,14
timeStep,numberOfRobotsOnBlackSite,numberOfRobotsOnWhiteSite
20864,21,14
timeStep,numberOfRobotsOnBlackSite,numberOfRobotsOnWhiteSite
20865,21,14
timeStep,numberOfRobotsOnBlackSite,numberOfRobotsOnWhiteSite
20866,21,14
timeStep,numberOfRobotsOnBlackSite,numberOfRobotsOnWhiteSite
20867,21,14
timeStep,numberOfRobotsOnBlackSite,numberOfRobotsOnWhiteSite
20868,21,14
timeStep,numberOfRobotsOnBlackSite,numberOfRobotsOnWhiteSite
20869,21,14
timeStep,numberOfRobotsOnBlackSite,numberOfRobotsOnWhiteSite
20870,21,14
timeStep,numberOfRobotsOnBlackSite,numberOfRobotsOnWhiteSite
20871,21,14
timeStep,numberOfRobotsOnBlackSite,numberOfRobotsOnWhiteSite
20872,21,14
timeStep,numberOfRobotsOnBlackSite,numberOfRobotsOnWhiteSite
20873,21,14
timeStep,numberOfRobotsOnBlackSite,numberOfRobotsOnWhiteSite
20874,21,14
timeStep,numberOfRobotsOnBlackSite,numberOfRobotsOnWhiteSite
20875,21,14
timeStep,numberOfRobotsOnBlackSite,numberOfRobotsOnWhiteSite
20876,21,14
timeStep,numberOfRobotsOnBlackSite,numberOfRobotsOnWhiteSite
20877,21,14
timeStep,numberOfRobotsOnBlackSite,numberOfRobotsOnWhiteSite
20878,21,14
timeStep,numberOfRobotsOnBlackSite,numberOfRobotsOnWhiteSite
20879,21,14
timeStep,numberOfRobotsOnBlackSite,numberOfRobotsOnWhiteSite
20880,22,14
timeStep,numberOfRobotsOnBlackSite,numberOfRobotsOnWhiteSite
20881,22,14
timeStep,numberOfRobotsOnBlackSite,numberOfRobotsOnWhiteSite
20882,22,14
timeStep,numberOfRobotsOnBlackSite,numberOfRobotsOnWhiteSite
20883,22,14
timeStep,numberOfRobotsOnBlackSite,numberOfRobotsOnWhiteSite
20884,22,14
timeStep,numberOfRobotsOnBlackSite,numberOfRobotsOnWhiteSite
20885,22,14
timeStep,numberOfRobotsOnBlackSite,numberOfRobotsOnWhiteSite
20886,22,14
timeStep,numberOfRobotsOnBlackSite,numberOfRobotsOnWhiteSite
20887,22,14
timeStep,numberOfRobotsOnBlackSite,numberOfRobotsOnWhiteSite
20888,22,14
timeStep,numberOfRobotsOnBlackSite,numberOfRobotsOnWhiteSite
20889,22,14
timeStep,numberOfRobotsOnBlackSite,numberOfRobotsOnWhiteSite
20890,22,14
timeStep,numberOfRobotsOnBlackSite,numberOfRobotsOnWhiteSite
20891,22,14
timeStep,numberOfRobotsOnBlackSite,numberOfRobotsOnWhiteSite
20892,22,14
timeStep,numberOfRobotsOnBlackSite,numberOfRobotsOnWhiteSite
20893,22,14
timeStep,numberOfRobotsOnBlackSite,numberOfRobotsOnWhiteSite
20894,22,14
timeStep,numberOfRobotsOnBlackSite,numberOfRobotsOnWhiteSite
20895,22,15
timeStep,numberOfRobotsOnBlackSite,numberOfRobotsOnWhiteSite
20896,22,15
timeStep,numberOfRobotsOnBlackSite,numberOfRobotsOnWhiteSite
20897,22,15
timeStep,numberOfRobotsOnBlackSite,numberOfRobotsOnWhiteSite
20898,22,15
timeStep,numberOfRobotsOnBlackSite,numberOfRobotsOnWhiteSite
20899,22,15
timeStep,numberOfRobotsOnBlackSite,numberOfRobotsOnWhiteSite
20900,22,15
timeStep,numberOfRobotsOnBlackSite,numberOfRobotsOnWhiteSite
20901,22,15
timeStep,numberOfRobotsOnBlackSite,numberOfRobotsOnWhiteSite
20902,22,15
timeStep,numberOfRobotsOnBlackSite,numberOfRobotsOnWhiteSite
20903,22,15
timeStep,numberOfRobotsOnBlackSite,numberOfRobotsOnWhiteSite
20904,22,15
timeStep,numberOfRobotsOnBlackSite,numberOfRobotsOnWhiteSite
20905,22,15
timeStep,numberOfRobotsOnBlackSite,numberOfRobotsOnWhiteSite
20906,22,15
timeStep,numberOfRobotsOnBlackSite,numberOfRobotsOnWhiteSite
20907,22,15
timeStep,numberOfRobotsOnBlackSite,numberOfRobotsOnWhiteSite
20908,22,15
timeStep,numberOfRobotsOnBlackSite,numberOfRobotsOnWhiteSite
20909,22,15
timeStep,numberOfRobotsOnBlackSite,numberOfRobotsOnWhiteSite
20910,22,14
timeStep,numberOfRobotsOnBlackSite,numberOfRobotsOnWhiteSite
20911,22,14
timeStep,numberOfRobotsOnBlackSite,numberOfRobotsOnWhiteSite
20912,22,14
timeStep,numberOfRobotsOnBlackSite,numberOfRobotsOnWhiteSite
20913,22,14
timeStep,numberOfRobotsOnBlackSite,numberOfRobotsOnWhiteSite
20914,22,14
timeStep,numberOfRobotsOnBlackSite,numberOfRobotsOnWhiteSite
20915,22,14
timeStep,numberOfRobotsOnBlackSite,numberOfRobotsOnWhiteSite
20916,22,14
timeStep,numberOfRobotsOnBlackSite,numberOfRobotsOnWhiteSite
20917,22,14
timeStep,numberOfRobotsOnBlackSite,numberOfRobotsOnWhiteSite
20918,22,14
timeStep,numberOfRobotsOnBlackSite,numberOfRobotsOnWhiteSite
20919,22,14
timeStep,numberOfRobotsOnBlackSite,numberOfRobotsOnWhiteSite
20920,22,14
timeStep,numberOfRobotsOnBlackSite,numberOfRobotsOnWhiteSite
20921,22,14
timeStep,numberOfRobotsOnBlackSite,numberOfRobotsOnWhiteSite
20922,22,14
timeStep,numberOfRobotsOnBlackSite,numberOfRobotsOnWhiteSite
20923,22,14
timeStep,numberOfRobotsOnBlackSite,numberOfRobotsOnWhiteSite
20924,22,14
timeStep,numberOfRobotsOnBlackSite,numberOfRobotsOnWhiteSite
20925,22,14
timeStep,numberOfRobotsOnBlackSite,numberOfRobotsOnWhiteSite
20926,22,14
timeStep,numberOfRobotsOnBlackSite,numberOfRobotsOnWhiteSite
20927,22,14
timeStep,numberOfRobotsOnBlackSite,numberOfRobotsOnWhiteSite
20928,22,14
timeStep,numberOfRobotsOnBlackSite,numberOfRobotsOnWhiteSite
20929,22,14
timeStep,numberOfRobotsOnBlackSite,numberOfRobotsOnWhiteSite
20930,22,14
timeStep,numberOfRobotsOnBlackSite,numberOfRobotsOnWhiteSite
20931,22,14
timeStep,numberOfRobotsOnBlackSite,numberOfRobotsOnWhiteSite
20932,22,14
timeStep,numberOfRobotsOnBlackSite,numberOfRobotsOnWhiteSite
20933,22,14
timeStep,numberOfRobotsOnBlackSite,numberOfRobotsOnWhiteSite
20934,22,14
timeStep,numberOfRobotsOnBlackSite,numberOfRobotsOnWhiteSite
20935,22,14
timeStep,numberOfRobotsOnBlackSite,numberOfRobotsOnWhiteSite
20936,22,14
timeStep,numberOfRobotsOnBlackSite,numberOfRobotsOnWhiteSite
20937,22,14
timeStep,numberOfRobotsOnBlackSite,numberOfRobotsOnWhiteSite
20938,22,14
timeStep,numberOfRobotsOnBlackSite,numberOfRobotsOnWhiteSite
20939,22,14
timeStep,numberOfRobotsOnBlackSite,numberOfRobotsOnWhiteSite
20940,22,14
timeStep,numberOfRobotsOnBlackSite,numberOfRobotsOnWhiteSite
20941,22,14
timeStep,numberOfRobotsOnBlackSite,numberOfRobotsOnWhiteSite
20942,22,14
timeStep,numberOfRobotsOnBlackSite,numberOfRobotsOnWhiteSite
20943,22,14
timeStep,numberOfRobotsOnBlackSite,numberOfRobotsOnWhiteSite
20944,22,14
timeStep,numberOfRobotsOnBlackSite,numberOfRobotsOnWhiteSite
20945,21,14
timeStep,numberOfRobotsOnBlackSite,numberOfRobotsOnWhiteSite
20946,21,14
timeStep,numberOfRobotsOnBlackSite,numberOfRobotsOnWhiteSite
20947,21,14
timeStep,numberOfRobotsOnBlackSite,numberOfRobotsOnWhiteSite
20948,21,14
timeStep,numberOfRobotsOnBlackSite,numberOfRobotsOnWhiteSite
20949,21,14
timeStep,numberOfRobotsOnBlackSite,numberOfRobotsOnWhiteSite
20950,21,14
timeStep,numberOfRobotsOnBlackSite,numberOfRobotsOnWhiteSite
20951,21,14
timeStep,numberOfRobotsOnBlackSite,numberOfRobotsOnWhiteSite
20952,21,14
timeStep,numberOfRobotsOnBlackSite,numberOfRobotsOnWhiteSite
20953,21,14
timeStep,numberOfRobotsOnBlackSite,numberOfRobotsOnWhiteSite
20954,21,14
timeStep,numberOfRobotsOnBlackSite,numberOfRobotsOnWhiteSite
20955,21,14
timeStep,numberOfRobotsOnBlackSite,numberOfRobotsOnWhiteSite
20956,21,14
timeStep,numberOfRobotsOnBlackSite,numberOfRobotsOnWhiteSite
20957,21,14
timeStep,numberOfRobotsOnBlackSite,numberOfRobotsOnWhiteSite
20958,21,14
timeStep,numberOfRobotsOnBlackSite,numberOfRobotsOnWhiteSite
20959,21,14
timeStep,numberOfRobotsOnBlackSite,numberOfRobotsOnWhiteSite
20960,21,14
timeStep,numberOfRobotsOnBlackSite,numberOfRobotsOnWhiteSite
20961,21,14
timeStep,numberOfRobotsOnBlackSite,numberOfRobotsOnWhiteSite
20962,21,14
timeStep,numberOfRobotsOnBlackSite,numberOfRobotsOnWhiteSite
20963,21,14
timeStep,numberOfRobotsOnBlackSite,numberOfRobotsOnWhiteSite
20964,21,14
timeStep,numberOfRobotsOnBlackSite,numberOfRobotsOnWhiteSite
20965,21,14
timeStep,numberOfRobotsOnBlackSite,numberOfRobotsOnWhiteSite
20966,21,14
timeStep,numberOfRobotsOnBlackSite,numberOfRobotsOnWhiteSite
20967,21,14
timeStep,numberOfRobotsOnBlackSite,numberOfRobotsOnWhiteSite
20968,21,14
timeStep,numberOfRobotsOnBlackSite,numberOfRobotsOnWhiteSite
20969,21,14
timeStep,numberOfRobotsOnBlackSite,numberOfRobotsOnWhiteSite
20970,21,14
timeStep,numberOfRobotsOnBlackSite,numberOfRobotsOnWhiteSite
20971,21,14
timeStep,numberOfRobotsOnBlackSite,numberOfRobotsOnWhiteSite
20972,21,14
timeStep,numberOfRobotsOnBlackSite,numberOfRobotsOnWhiteSite
20973,21,14
timeStep,numberOfRobotsOnBlackSite,numberOfRobotsOnWhiteSite
20974,21,14
timeStep,numberOfRobotsOnBlackSite,numberOfRobotsOnWhiteSite
20975,21,14
timeStep,numberOfRobotsOnBlackSite,numberOfRobotsOnWhiteSite
20976,21,14
timeStep,numberOfRobotsOnBlackSite,numberOfRobotsOnWhiteSite
20977,21,14
timeStep,numberOfRobotsOnBlackSite,numberOfRobotsOnWhiteSite
20978,21,14
timeStep,numberOfRobotsOnBlackSite,numberOfRobotsOnWhiteSite
20979,21,14
timeStep,numberOfRobotsOnBlackSite,numberOfRobotsOnWhiteSite
20980,21,14
timeStep,numberOfRobotsOnBlackSite,numberOfRobotsOnWhiteSite
20981,21,14
timeStep,numberOfRobotsOnBlackSite,numberOfRobotsOnWhiteSite
20982,21,14
timeStep,numberOfRobotsOnBlackSite,numberOfRobotsOnWhiteSite
20983,21,14
timeStep,numberOfRobotsOnBlackSite,numberOfRobotsOnWhiteSite
20984,21,14
timeStep,numberOfRobotsOnBlackSite,numberOfRobotsOnWhiteSite
20985,21,15
timeStep,numberOfRobotsOnBlackSite,numberOfRobotsOnWhiteSite
20986,21,15
timeStep,numberOfRobotsOnBlackSite,numberOfRobotsOnWhiteSite
20987,21,15
timeStep,numberOfRobotsOnBlackSite,numberOfRobotsOnWhiteSite
20988,21,15
timeStep,numberOfRobotsOnBlackSite,numberOfRobotsOnWhiteSite
20989,21,15
timeStep,numberOfRobotsOnBlackSite,numberOfRobotsOnWhiteSite
20990,21,15
timeStep,numberOfRobotsOnBlackSite,numberOfRobotsOnWhiteSite
20991,21,15
timeStep,numberOfRobotsOnBlackSite,numberOfRobotsOnWhiteSite
20992,21,15
timeStep,numberOfRobotsOnBlackSite,numberOfRobotsOnWhiteSite
20993,21,15
timeStep,numberOfRobotsOnBlackSite,numberOfRobotsOnWhiteSite
20994,21,15
timeStep,numberOfRobotsOnBlackSite,numberOfRobotsOnWhiteSite
20995,22,15
timeStep,numberOfRobotsOnBlackSite,numberOfRobotsOnWhiteSite
20996,22,15
timeStep,numberOfRobotsOnBlackSite,numberOfRobotsOnWhiteSite
20997,22,15
timeStep,numberOfRobotsOnBlackSite,numberOfRobotsOnWhiteSite
20998,22,15
timeStep,numberOfRobotsOnBlackSite,numberOfRobotsOnWhiteSite
20999,22,15
timeStep,numberOfRobotsOnBlackSite,numberOfRobotsOnWhiteSite
21000,22,15
timeStep,numberOfRobotsOnBlackSite,numberOfRobotsOnWhiteSite
21001,22,15
timeStep,numberOfRobotsOnBlackSite,numberOfRobotsOnWhiteSite
21002,22,15
timeStep,numberOfRobotsOnBlackSite,numberOfRobotsOnWhiteSite
21003,22,15
timeStep,numberOfRobotsOnBlackSite,numberOfRobotsOnWhiteSite
21004,22,15
timeStep,numberOfRobotsOnBlackSite,numberOfRobotsOnWhiteSite
21005,22,15
timeStep,numberOfRobotsOnBlackSite,numberOfRobotsOnWhiteSite
21006,22,15
timeStep,numberOfRobotsOnBlackSite,numberOfRobotsOnWhiteSite
21007,22,15
timeStep,numberOfRobotsOnBlackSite,numberOfRobotsOnWhiteSite
21008,22,15
timeStep,numberOfRobotsOnBlackSite,numberOfRobotsOnWhiteSite
21009,22,15
timeStep,numberOfRobotsOnBlackSite,numberOfRobotsOnWhiteSite
21010,22,15
timeStep,numberOfRobotsOnBlackSite,numberOfRobotsOnWhiteSite
21011,22,15
timeStep,numberOfRobotsOnBlackSite,numberOfRobotsOnWhiteSite
21012,22,15
timeStep,numberOfRobotsOnBlackSite,numberOfRobotsOnWhiteSite
21013,22,15
timeStep,numberOfRobotsOnBlackSite,numberOfRobotsOnWhiteSite
21014,22,15
timeStep,numberOfRobotsOnBlackSite,numberOfRobotsOnWhiteSite
21015,22,15
timeStep,numberOfRobotsOnBlackSite,numberOfRobotsOnWhiteSite
21016,22,15
timeStep,numberOfRobotsOnBlackSite,numberOfRobotsOnWhiteSite
21017,22,15
timeStep,numberOfRobotsOnBlackSite,numberOfRobotsOnWhiteSite
21018,22,15
timeStep,numberOfRobotsOnBlackSite,numberOfRobotsOnWhiteSite
21019,22,15
timeStep,numberOfRobotsOnBlackSite,numberOfRobotsOnWhiteSite
21020,22,15
timeStep,numberOfRobotsOnBlackSite,numberOfRobotsOnWhiteSite
21021,22,15
timeStep,numberOfRobotsOnBlackSite,numberOfRobotsOnWhiteSite
21022,22,15
timeStep,numberOfRobotsOnBlackSite,numberOfRobotsOnWhiteSite
21023,22,15
timeStep,numberOfRobotsOnBlackSite,numberOfRobotsOnWhiteSite
21024,22,15
timeStep,numberOfRobotsOnBlackSite,numberOfRobotsOnWhiteSite
21025,22,15
timeStep,numberOfRobotsOnBlackSite,numberOfRobotsOnWhiteSite
21026,22,15
timeStep,numberOfRobotsOnBlackSite,numberOfRobotsOnWhiteSite
21027,22,15
timeStep,numberOfRobotsOnBlackSite,numberOfRobotsOnWhiteSite
21028,22,15
timeStep,numberOfRobotsOnBlackSite,numberOfRobotsOnWhiteSite
21029,22,15
timeStep,numberOfRobotsOnBlackSite,numberOfRobotsOnWhiteSite
21030,22,15
timeStep,numberOfRobotsOnBlackSite,numberOfRobotsOnWhiteSite
21031,22,15
timeStep,numberOfRobotsOnBlackSite,numberOfRobotsOnWhiteSite
21032,22,15
timeStep,numberOfRobotsOnBlackSite,numberOfRobotsOnWhiteSite
21033,22,15
timeStep,numberOfRobotsOnBlackSite,numberOfRobotsOnWhiteSite
21034,22,15
timeStep,numberOfRobotsOnBlackSite,numberOfRobotsOnWhiteSite
21035,22,15
timeStep,numberOfRobotsOnBlackSite,numberOfRobotsOnWhiteSite
21036,22,15
timeStep,numberOfRobotsOnBlackSite,numberOfRobotsOnWhiteSite
21037,22,15
timeStep,numberOfRobotsOnBlackSite,numberOfRobotsOnWhiteSite
21038,22,15
timeStep,numberOfRobotsOnBlackSite,numberOfRobotsOnWhiteSite
21039,22,15
timeStep,numberOfRobotsOnBlackSite,numberOfRobotsOnWhiteSite
21040,22,15
timeStep,numberOfRobotsOnBlackSite,numberOfRobotsOnWhiteSite
21041,22,15
timeStep,numberOfRobotsOnBlackSite,numberOfRobotsOnWhiteSite
21042,22,15
timeStep,numberOfRobotsOnBlackSite,numberOfRobotsOnWhiteSite
21043,22,15
timeStep,numberOfRobotsOnBlackSite,numberOfRobotsOnWhiteSite
21044,22,15
timeStep,numberOfRobotsOnBlackSite,numberOfRobotsOnWhiteSite
21045,22,15
timeStep,numberOfRobotsOnBlackSite,numberOfRobotsOnWhiteSite
21046,22,15
timeStep,numberOfRobotsOnBlackSite,numberOfRobotsOnWhiteSite
21047,22,15
timeStep,numberOfRobotsOnBlackSite,numberOfRobotsOnWhiteSite
21048,22,15
timeStep,numberOfRobotsOnBlackSite,numberOfRobotsOnWhiteSite
21049,22,15
timeStep,numberOfRobotsOnBlackSite,numberOfRobotsOnWhiteSite
21050,22,15
timeStep,numberOfRobotsOnBlackSite,numberOfRobotsOnWhiteSite
21051,22,15
timeStep,numberOfRobotsOnBlackSite,numberOfRobotsOnWhiteSite
21052,22,15
timeStep,numberOfRobotsOnBlackSite,numberOfRobotsOnWhiteSite
21053,22,15
timeStep,numberOfRobotsOnBlackSite,numberOfRobotsOnWhiteSite
21054,22,15
timeStep,numberOfRobotsOnBlackSite,numberOfRobotsOnWhiteSite
21055,22,14
timeStep,numberOfRobotsOnBlackSite,numberOfRobotsOnWhiteSite
21056,22,14
timeStep,numberOfRobotsOnBlackSite,numberOfRobotsOnWhiteSite
21057,22,14
timeStep,numberOfRobotsOnBlackSite,numberOfRobotsOnWhiteSite
21058,22,14
timeStep,numberOfRobotsOnBlackSite,numberOfRobotsOnWhiteSite
21059,22,14
timeStep,numberOfRobotsOnBlackSite,numberOfRobotsOnWhiteSite
21060,22,14
timeStep,numberOfRobotsOnBlackSite,numberOfRobotsOnWhiteSite
21061,22,14
timeStep,numberOfRobotsOnBlackSite,numberOfRobotsOnWhiteSite
21062,22,14
timeStep,numberOfRobotsOnBlackSite,numberOfRobotsOnWhiteSite
21063,22,14
timeStep,numberOfRobotsOnBlackSite,numberOfRobotsOnWhiteSite
21064,22,14
timeStep,numberOfRobotsOnBlackSite,numberOfRobotsOnWhiteSite
21065,22,14
timeStep,numberOfRobotsOnBlackSite,numberOfRobotsOnWhiteSite
21066,22,14
timeStep,numberOfRobotsOnBlackSite,numberOfRobotsOnWhiteSite
21067,22,14
timeStep,numberOfRobotsOnBlackSite,numberOfRobotsOnWhiteSite
21068,22,14
timeStep,numberOfRobotsOnBlackSite,numberOfRobotsOnWhiteSite
21069,22,14
timeStep,numberOfRobotsOnBlackSite,numberOfRobotsOnWhiteSite
21070,23,14
timeStep,numberOfRobotsOnBlackSite,numberOfRobotsOnWhiteSite
21071,23,14
timeStep,numberOfRobotsOnBlackSite,numberOfRobotsOnWhiteSite
21072,23,14
timeStep,numberOfRobotsOnBlackSite,numberOfRobotsOnWhiteSite
21073,23,14
timeStep,numberOfRobotsOnBlackSite,numberOfRobotsOnWhiteSite
21074,23,14
timeStep,numberOfRobotsOnBlackSite,numberOfRobotsOnWhiteSite
21075,23,13
timeStep,numberOfRobotsOnBlackSite,numberOfRobotsOnWhiteSite
21076,23,13
timeStep,numberOfRobotsOnBlackSite,numberOfRobotsOnWhiteSite
21077,23,13
timeStep,numberOfRobotsOnBlackSite,numberOfRobotsOnWhiteSite
21078,23,13
timeStep,numberOfRobotsOnBlackSite,numberOfRobotsOnWhiteSite
21079,23,13
timeStep,numberOfRobotsOnBlackSite,numberOfRobotsOnWhiteSite
21080,23,13
timeStep,numberOfRobotsOnBlackSite,numberOfRobotsOnWhiteSite
21081,23,13
timeStep,numberOfRobotsOnBlackSite,numberOfRobotsOnWhiteSite
21082,23,13
timeStep,numberOfRobotsOnBlackSite,numberOfRobotsOnWhiteSite
21083,23,13
timeStep,numberOfRobotsOnBlackSite,numberOfRobotsOnWhiteSite
21084,23,13
timeStep,numberOfRobotsOnBlackSite,numberOfRobotsOnWhiteSite
21085,23,13
timeStep,numberOfRobotsOnBlackSite,numberOfRobotsOnWhiteSite
21086,23,13
timeStep,numberOfRobotsOnBlackSite,numberOfRobotsOnWhiteSite
21087,23,13
timeStep,numberOfRobotsOnBlackSite,numberOfRobotsOnWhiteSite
21088,23,13
timeStep,numberOfRobotsOnBlackSite,numberOfRobotsOnWhiteSite
21089,23,13
timeStep,numberOfRobotsOnBlackSite,numberOfRobotsOnWhiteSite
21090,23,13
timeStep,numberOfRobotsOnBlackSite,numberOfRobotsOnWhiteSite
21091,23,13
timeStep,numberOfRobotsOnBlackSite,numberOfRobotsOnWhiteSite
21092,23,13
timeStep,numberOfRobotsOnBlackSite,numberOfRobotsOnWhiteSite
21093,23,13
timeStep,numberOfRobotsOnBlackSite,numberOfRobotsOnWhiteSite
21094,23,13
timeStep,numberOfRobotsOnBlackSite,numberOfRobotsOnWhiteSite
21095,24,13
timeStep,numberOfRobotsOnBlackSite,numberOfRobotsOnWhiteSite
21096,24,13
timeStep,numberOfRobotsOnBlackSite,numberOfRobotsOnWhiteSite
21097,24,13
timeStep,numberOfRobotsOnBlackSite,numberOfRobotsOnWhiteSite
21098,24,13
timeStep,numberOfRobotsOnBlackSite,numberOfRobotsOnWhiteSite
21099,24,13
timeStep,numberOfRobotsOnBlackSite,numberOfRobotsOnWhiteSite
21100,24,13
timeStep,numberOfRobotsOnBlackSite,numberOfRobotsOnWhiteSite
21101,24,13
timeStep,numberOfRobotsOnBlackSite,numberOfRobotsOnWhiteSite
21102,24,13
timeStep,numberOfRobotsOnBlackSite,numberOfRobotsOnWhiteSite
21103,24,13
timeStep,numberOfRobotsOnBlackSite,numberOfRobotsOnWhiteSite
21104,24,13
timeStep,numberOfRobotsOnBlackSite,numberOfRobotsOnWhiteSite
21105,24,13
timeStep,numberOfRobotsOnBlackSite,numberOfRobotsOnWhiteSite
21106,24,13
timeStep,numberOfRobotsOnBlackSite,numberOfRobotsOnWhiteSite
21107,24,13
timeStep,numberOfRobotsOnBlackSite,numberOfRobotsOnWhiteSite
21108,24,13
timeStep,numberOfRobotsOnBlackSite,numberOfRobotsOnWhiteSite
21109,24,13
timeStep,numberOfRobotsOnBlackSite,numberOfRobotsOnWhiteSite
21110,24,13
timeStep,numberOfRobotsOnBlackSite,numberOfRobotsOnWhiteSite
21111,24,13
timeStep,numberOfRobotsOnBlackSite,numberOfRobotsOnWhiteSite
21112,24,13
timeStep,numberOfRobotsOnBlackSite,numberOfRobotsOnWhiteSite
21113,24,13
timeStep,numberOfRobotsOnBlackSite,numberOfRobotsOnWhiteSite
21114,24,13
timeStep,numberOfRobotsOnBlackSite,numberOfRobotsOnWhiteSite
21115,24,12
timeStep,numberOfRobotsOnBlackSite,numberOfRobotsOnWhiteSite
21116,24,12
timeStep,numberOfRobotsOnBlackSite,numberOfRobotsOnWhiteSite
21117,24,12
timeStep,numberOfRobotsOnBlackSite,numberOfRobotsOnWhiteSite
21118,24,12
timeStep,numberOfRobotsOnBlackSite,numberOfRobotsOnWhiteSite
21119,24,12
timeStep,numberOfRobotsOnBlackSite,numberOfRobotsOnWhiteSite
21120,24,12
timeStep,numberOfRobotsOnBlackSite,numberOfRobotsOnWhiteSite
21121,24,12
timeStep,numberOfRobotsOnBlackSite,numberOfRobotsOnWhiteSite
21122,24,12
timeStep,numberOfRobotsOnBlackSite,numberOfRobotsOnWhiteSite
21123,24,12
timeStep,numberOfRobotsOnBlackSite,numberOfRobotsOnWhiteSite
21124,24,12
timeStep,numberOfRobotsOnBlackSite,numberOfRobotsOnWhiteSite
21125,24,12
timeStep,numberOfRobotsOnBlackSite,numberOfRobotsOnWhiteSite
21126,24,12
timeStep,numberOfRobotsOnBlackSite,numberOfRobotsOnWhiteSite
21127,24,12
timeStep,numberOfRobotsOnBlackSite,numberOfRobotsOnWhiteSite
21128,24,12
timeStep,numberOfRobotsOnBlackSite,numberOfRobotsOnWhiteSite
21129,24,12
timeStep,numberOfRobotsOnBlackSite,numberOfRobotsOnWhiteSite
21130,24,12
timeStep,numberOfRobotsOnBlackSite,numberOfRobotsOnWhiteSite
21131,24,12
timeStep,numberOfRobotsOnBlackSite,numberOfRobotsOnWhiteSite
21132,24,12
timeStep,numberOfRobotsOnBlackSite,numberOfRobotsOnWhiteSite
21133,24,12
timeStep,numberOfRobotsOnBlackSite,numberOfRobotsOnWhiteSite
21134,24,12
timeStep,numberOfRobotsOnBlackSite,numberOfRobotsOnWhiteSite
21135,24,12
timeStep,numberOfRobotsOnBlackSite,numberOfRobotsOnWhiteSite
21136,24,12
timeStep,numberOfRobotsOnBlackSite,numberOfRobotsOnWhiteSite
21137,24,12
timeStep,numberOfRobotsOnBlackSite,numberOfRobotsOnWhiteSite
21138,24,12
timeStep,numberOfRobotsOnBlackSite,numberOfRobotsOnWhiteSite
21139,24,12
timeStep,numberOfRobotsOnBlackSite,numberOfRobotsOnWhiteSite
21140,24,12
timeStep,numberOfRobotsOnBlackSite,numberOfRobotsOnWhiteSite
21141,24,12
timeStep,numberOfRobotsOnBlackSite,numberOfRobotsOnWhiteSite
21142,24,12
timeStep,numberOfRobotsOnBlackSite,numberOfRobotsOnWhiteSite
21143,24,12
timeStep,numberOfRobotsOnBlackSite,numberOfRobotsOnWhiteSite
21144,24,12
timeStep,numberOfRobotsOnBlackSite,numberOfRobotsOnWhiteSite
21145,24,12
timeStep,numberOfRobotsOnBlackSite,numberOfRobotsOnWhiteSite
21146,24,12
timeStep,numberOfRobotsOnBlackSite,numberOfRobotsOnWhiteSite
21147,24,12
timeStep,numberOfRobotsOnBlackSite,numberOfRobotsOnWhiteSite
21148,24,12
timeStep,numberOfRobotsOnBlackSite,numberOfRobotsOnWhiteSite
21149,24,12
timeStep,numberOfRobotsOnBlackSite,numberOfRobotsOnWhiteSite
21150,24,12
timeStep,numberOfRobotsOnBlackSite,numberOfRobotsOnWhiteSite
21151,24,12
timeStep,numberOfRobotsOnBlackSite,numberOfRobotsOnWhiteSite
21152,24,12
timeStep,numberOfRobotsOnBlackSite,numberOfRobotsOnWhiteSite
21153,24,12
timeStep,numberOfRobotsOnBlackSite,numberOfRobotsOnWhiteSite
21154,24,12
timeStep,numberOfRobotsOnBlackSite,numberOfRobotsOnWhiteSite
21155,24,13
timeStep,numberOfRobotsOnBlackSite,numberOfRobotsOnWhiteSite
21156,24,13
timeStep,numberOfRobotsOnBlackSite,numberOfRobotsOnWhiteSite
21157,24,13
timeStep,numberOfRobotsOnBlackSite,numberOfRobotsOnWhiteSite
21158,24,13
timeStep,numberOfRobotsOnBlackSite,numberOfRobotsOnWhiteSite
21159,24,13
timeStep,numberOfRobotsOnBlackSite,numberOfRobotsOnWhiteSite
21160,24,13
timeStep,numberOfRobotsOnBlackSite,numberOfRobotsOnWhiteSite
21161,24,13
timeStep,numberOfRobotsOnBlackSite,numberOfRobotsOnWhiteSite
21162,24,13
timeStep,numberOfRobotsOnBlackSite,numberOfRobotsOnWhiteSite
21163,24,13
timeStep,numberOfRobotsOnBlackSite,numberOfRobotsOnWhiteSite
21164,24,13
timeStep,numberOfRobotsOnBlackSite,numberOfRobotsOnWhiteSite
21165,24,13
timeStep,numberOfRobotsOnBlackSite,numberOfRobotsOnWhiteSite
21166,24,13
timeStep,numberOfRobotsOnBlackSite,numberOfRobotsOnWhiteSite
21167,24,13
timeStep,numberOfRobotsOnBlackSite,numberOfRobotsOnWhiteSite
21168,24,13
timeStep,numberOfRobotsOnBlackSite,numberOfRobotsOnWhiteSite
21169,24,13
timeStep,numberOfRobotsOnBlackSite,numberOfRobotsOnWhiteSite
21170,24,13
timeStep,numberOfRobotsOnBlackSite,numberOfRobotsOnWhiteSite
21171,24,13
timeStep,numberOfRobotsOnBlackSite,numberOfRobotsOnWhiteSite
21172,24,13
timeStep,numberOfRobotsOnBlackSite,numberOfRobotsOnWhiteSite
21173,24,13
timeStep,numberOfRobotsOnBlackSite,numberOfRobotsOnWhiteSite
21174,24,13
timeStep,numberOfRobotsOnBlackSite,numberOfRobotsOnWhiteSite
21175,24,13
timeStep,numberOfRobotsOnBlackSite,numberOfRobotsOnWhiteSite
21176,24,13
timeStep,numberOfRobotsOnBlackSite,numberOfRobotsOnWhiteSite
21177,24,13
timeStep,numberOfRobotsOnBlackSite,numberOfRobotsOnWhiteSite
21178,24,13
timeStep,numberOfRobotsOnBlackSite,numberOfRobotsOnWhiteSite
21179,24,13
timeStep,numberOfRobotsOnBlackSite,numberOfRobotsOnWhiteSite
21180,24,13
timeStep,numberOfRobotsOnBlackSite,numberOfRobotsOnWhiteSite
21181,24,13
timeStep,numberOfRobotsOnBlackSite,numberOfRobotsOnWhiteSite
21182,24,13
timeStep,numberOfRobotsOnBlackSite,numberOfRobotsOnWhiteSite
21183,24,13
timeStep,numberOfRobotsOnBlackSite,numberOfRobotsOnWhiteSite
21184,24,13
timeStep,numberOfRobotsOnBlackSite,numberOfRobotsOnWhiteSite
21185,24,13
timeStep,numberOfRobotsOnBlackSite,numberOfRobotsOnWhiteSite
21186,24,13
timeStep,numberOfRobotsOnBlackSite,numberOfRobotsOnWhiteSite
21187,24,13
timeStep,numberOfRobotsOnBlackSite,numberOfRobotsOnWhiteSite
21188,24,13
timeStep,numberOfRobotsOnBlackSite,numberOfRobotsOnWhiteSite
21189,24,13
timeStep,numberOfRobotsOnBlackSite,numberOfRobotsOnWhiteSite
21190,24,13
timeStep,numberOfRobotsOnBlackSite,numberOfRobotsOnWhiteSite
21191,24,13
timeStep,numberOfRobotsOnBlackSite,numberOfRobotsOnWhiteSite
21192,24,13
timeStep,numberOfRobotsOnBlackSite,numberOfRobotsOnWhiteSite
21193,24,13
timeStep,numberOfRobotsOnBlackSite,numberOfRobotsOnWhiteSite
21194,24,13
timeStep,numberOfRobotsOnBlackSite,numberOfRobotsOnWhiteSite
21195,24,13
timeStep,numberOfRobotsOnBlackSite,numberOfRobotsOnWhiteSite
21196,24,13
timeStep,numberOfRobotsOnBlackSite,numberOfRobotsOnWhiteSite
21197,24,13
timeStep,numberOfRobotsOnBlackSite,numberOfRobotsOnWhiteSite
21198,24,13
timeStep,numberOfRobotsOnBlackSite,numberOfRobotsOnWhiteSite
21199,24,13
timeStep,numberOfRobotsOnBlackSite,numberOfRobotsOnWhiteSite
21200,24,13
timeStep,numberOfRobotsOnBlackSite,numberOfRobotsOnWhiteSite
21201,24,13
timeStep,numberOfRobotsOnBlackSite,numberOfRobotsOnWhiteSite
21202,24,13
timeStep,numberOfRobotsOnBlackSite,numberOfRobotsOnWhiteSite
21203,24,13
timeStep,numberOfRobotsOnBlackSite,numberOfRobotsOnWhiteSite
21204,24,13
timeStep,numberOfRobotsOnBlackSite,numberOfRobotsOnWhiteSite
21205,24,13
timeStep,numberOfRobotsOnBlackSite,numberOfRobotsOnWhiteSite
21206,24,13
timeStep,numberOfRobotsOnBlackSite,numberOfRobotsOnWhiteSite
21207,24,13
timeStep,numberOfRobotsOnBlackSite,numberOfRobotsOnWhiteSite
21208,24,13
timeStep,numberOfRobotsOnBlackSite,numberOfRobotsOnWhiteSite
21209,24,13
timeStep,numberOfRobotsOnBlackSite,numberOfRobotsOnWhiteSite
21210,24,13
timeStep,numberOfRobotsOnBlackSite,numberOfRobotsOnWhiteSite
21211,24,13
timeStep,numberOfRobotsOnBlackSite,numberOfRobotsOnWhiteSite
21212,24,13
timeStep,numberOfRobotsOnBlackSite,numberOfRobotsOnWhiteSite
21213,24,13
timeStep,numberOfRobotsOnBlackSite,numberOfRobotsOnWhiteSite
21214,24,13
timeStep,numberOfRobotsOnBlackSite,numberOfRobotsOnWhiteSite
21215,24,13
timeStep,numberOfRobotsOnBlackSite,numberOfRobotsOnWhiteSite
21216,24,13
timeStep,numberOfRobotsOnBlackSite,numberOfRobotsOnWhiteSite
21217,24,13
timeStep,numberOfRobotsOnBlackSite,numberOfRobotsOnWhiteSite
21218,24,13
timeStep,numberOfRobotsOnBlackSite,numberOfRobotsOnWhiteSite
21219,24,13
timeStep,numberOfRobotsOnBlackSite,numberOfRobotsOnWhiteSite
21220,24,13
timeStep,numberOfRobotsOnBlackSite,numberOfRobotsOnWhiteSite
21221,24,13
timeStep,numberOfRobotsOnBlackSite,numberOfRobotsOnWhiteSite
21222,24,13
timeStep,numberOfRobotsOnBlackSite,numberOfRobotsOnWhiteSite
21223,24,13
timeStep,numberOfRobotsOnBlackSite,numberOfRobotsOnWhiteSite
21224,24,13
timeStep,numberOfRobotsOnBlackSite,numberOfRobotsOnWhiteSite
21225,24,13
timeStep,numberOfRobotsOnBlackSite,numberOfRobotsOnWhiteSite
21226,24,13
timeStep,numberOfRobotsOnBlackSite,numberOfRobotsOnWhiteSite
21227,24,13
timeStep,numberOfRobotsOnBlackSite,numberOfRobotsOnWhiteSite
21228,24,13
timeStep,numberOfRobotsOnBlackSite,numberOfRobotsOnWhiteSite
21229,24,13
timeStep,numberOfRobotsOnBlackSite,numberOfRobotsOnWhiteSite
21230,24,13
timeStep,numberOfRobotsOnBlackSite,numberOfRobotsOnWhiteSite
21231,24,13
timeStep,numberOfRobotsOnBlackSite,numberOfRobotsOnWhiteSite
21232,24,13
timeStep,numberOfRobotsOnBlackSite,numberOfRobotsOnWhiteSite
21233,24,13
timeStep,numberOfRobotsOnBlackSite,numberOfRobotsOnWhiteSite
21234,24,13
timeStep,numberOfRobotsOnBlackSite,numberOfRobotsOnWhiteSite
21235,24,13
timeStep,numberOfRobotsOnBlackSite,numberOfRobotsOnWhiteSite
21236,24,13
timeStep,numberOfRobotsOnBlackSite,numberOfRobotsOnWhiteSite
21237,24,13
timeStep,numberOfRobotsOnBlackSite,numberOfRobotsOnWhiteSite
21238,24,13
timeStep,numberOfRobotsOnBlackSite,numberOfRobotsOnWhiteSite
21239,24,13
timeStep,numberOfRobotsOnBlackSite,numberOfRobotsOnWhiteSite
21240,24,13
timeStep,numberOfRobotsOnBlackSite,numberOfRobotsOnWhiteSite
21241,24,13
timeStep,numberOfRobotsOnBlackSite,numberOfRobotsOnWhiteSite
21242,24,13
timeStep,numberOfRobotsOnBlackSite,numberOfRobotsOnWhiteSite
21243,24,13
timeStep,numberOfRobotsOnBlackSite,numberOfRobotsOnWhiteSite
21244,24,13
timeStep,numberOfRobotsOnBlackSite,numberOfRobotsOnWhiteSite
21245,24,13
timeStep,numberOfRobotsOnBlackSite,numberOfRobotsOnWhiteSite
21246,24,13
timeStep,numberOfRobotsOnBlackSite,numberOfRobotsOnWhiteSite
21247,24,13
timeStep,numberOfRobotsOnBlackSite,numberOfRobotsOnWhiteSite
21248,24,13
timeStep,numberOfRobotsOnBlackSite,numberOfRobotsOnWhiteSite
21249,24,13
timeStep,numberOfRobotsOnBlackSite,numberOfRobotsOnWhiteSite
21250,24,13
timeStep,numberOfRobotsOnBlackSite,numberOfRobotsOnWhiteSite
21251,24,13
timeStep,numberOfRobotsOnBlackSite,numberOfRobotsOnWhiteSite
21252,24,13
timeStep,numberOfRobotsOnBlackSite,numberOfRobotsOnWhiteSite
21253,24,13
timeStep,numberOfRobotsOnBlackSite,numberOfRobotsOnWhiteSite
21254,24,13
timeStep,numberOfRobotsOnBlackSite,numberOfRobotsOnWhiteSite
21255,24,13
timeStep,numberOfRobotsOnBlackSite,numberOfRobotsOnWhiteSite
21256,24,13
timeStep,numberOfRobotsOnBlackSite,numberOfRobotsOnWhiteSite
21257,24,13
timeStep,numberOfRobotsOnBlackSite,numberOfRobotsOnWhiteSite
21258,24,13
timeStep,numberOfRobotsOnBlackSite,numberOfRobotsOnWhiteSite
21259,24,13
timeStep,numberOfRobotsOnBlackSite,numberOfRobotsOnWhiteSite
21260,25,13
timeStep,numberOfRobotsOnBlackSite,numberOfRobotsOnWhiteSite
21261,25,13
timeStep,numberOfRobotsOnBlackSite,numberOfRobotsOnWhiteSite
21262,25,13
timeStep,numberOfRobotsOnBlackSite,numberOfRobotsOnWhiteSite
21263,25,13
timeStep,numberOfRobotsOnBlackSite,numberOfRobotsOnWhiteSite
21264,25,13
timeStep,numberOfRobotsOnBlackSite,numberOfRobotsOnWhiteSite
21265,25,13
timeStep,numberOfRobotsOnBlackSite,numberOfRobotsOnWhiteSite
21266,25,13
timeStep,numberOfRobotsOnBlackSite,numberOfRobotsOnWhiteSite
21267,25,13
timeStep,numberOfRobotsOnBlackSite,numberOfRobotsOnWhiteSite
21268,25,13
timeStep,numberOfRobotsOnBlackSite,numberOfRobotsOnWhiteSite
21269,25,13
timeStep,numberOfRobotsOnBlackSite,numberOfRobotsOnWhiteSite
21270,25,13
timeStep,numberOfRobotsOnBlackSite,numberOfRobotsOnWhiteSite
21271,25,13
timeStep,numberOfRobotsOnBlackSite,numberOfRobotsOnWhiteSite
21272,25,13
timeStep,numberOfRobotsOnBlackSite,numberOfRobotsOnWhiteSite
21273,25,13
timeStep,numberOfRobotsOnBlackSite,numberOfRobotsOnWhiteSite
21274,25,13
timeStep,numberOfRobotsOnBlackSite,numberOfRobotsOnWhiteSite
21275,25,13
timeStep,numberOfRobotsOnBlackSite,numberOfRobotsOnWhiteSite
21276,25,13
timeStep,numberOfRobotsOnBlackSite,numberOfRobotsOnWhiteSite
21277,25,13
timeStep,numberOfRobotsOnBlackSite,numberOfRobotsOnWhiteSite
21278,25,13
timeStep,numberOfRobotsOnBlackSite,numberOfRobotsOnWhiteSite
21279,25,13
timeStep,numberOfRobotsOnBlackSite,numberOfRobotsOnWhiteSite
21280,25,13
timeStep,numberOfRobotsOnBlackSite,numberOfRobotsOnWhiteSite
21281,25,13
timeStep,numberOfRobotsOnBlackSite,numberOfRobotsOnWhiteSite
21282,25,13
timeStep,numberOfRobotsOnBlackSite,numberOfRobotsOnWhiteSite
21283,25,13
timeStep,numberOfRobotsOnBlackSite,numberOfRobotsOnWhiteSite
21284,25,13
timeStep,numberOfRobotsOnBlackSite,numberOfRobotsOnWhiteSite
21285,25,13
timeStep,numberOfRobotsOnBlackSite,numberOfRobotsOnWhiteSite
21286,25,13
timeStep,numberOfRobotsOnBlackSite,numberOfRobotsOnWhiteSite
21287,25,13
timeStep,numberOfRobotsOnBlackSite,numberOfRobotsOnWhiteSite
21288,25,13
timeStep,numberOfRobotsOnBlackSite,numberOfRobotsOnWhiteSite
21289,25,13
timeStep,numberOfRobotsOnBlackSite,numberOfRobotsOnWhiteSite
21290,25,13
timeStep,numberOfRobotsOnBlackSite,numberOfRobotsOnWhiteSite
21291,25,13
timeStep,numberOfRobotsOnBlackSite,numberOfRobotsOnWhiteSite
21292,25,13
timeStep,numberOfRobotsOnBlackSite,numberOfRobotsOnWhiteSite
21293,25,13
timeStep,numberOfRobotsOnBlackSite,numberOfRobotsOnWhiteSite
21294,25,13
timeStep,numberOfRobotsOnBlackSite,numberOfRobotsOnWhiteSite
21295,25,13
timeStep,numberOfRobotsOnBlackSite,numberOfRobotsOnWhiteSite
21296,25,13
timeStep,numberOfRobotsOnBlackSite,numberOfRobotsOnWhiteSite
21297,25,13
timeStep,numberOfRobotsOnBlackSite,numberOfRobotsOnWhiteSite
21298,25,13
timeStep,numberOfRobotsOnBlackSite,numberOfRobotsOnWhiteSite
21299,25,13
timeStep,numberOfRobotsOnBlackSite,numberOfRobotsOnWhiteSite
21300,25,13
timeStep,numberOfRobotsOnBlackSite,numberOfRobotsOnWhiteSite
21301,25,13
timeStep,numberOfRobotsOnBlackSite,numberOfRobotsOnWhiteSite
21302,25,13
timeStep,numberOfRobotsOnBlackSite,numberOfRobotsOnWhiteSite
21303,25,13
timeStep,numberOfRobotsOnBlackSite,numberOfRobotsOnWhiteSite
21304,25,13
timeStep,numberOfRobotsOnBlackSite,numberOfRobotsOnWhiteSite
21305,25,13
timeStep,numberOfRobotsOnBlackSite,numberOfRobotsOnWhiteSite
21306,25,13
timeStep,numberOfRobotsOnBlackSite,numberOfRobotsOnWhiteSite
21307,25,13
timeStep,numberOfRobotsOnBlackSite,numberOfRobotsOnWhiteSite
21308,25,13
timeStep,numberOfRobotsOnBlackSite,numberOfRobotsOnWhiteSite
21309,25,13
timeStep,numberOfRobotsOnBlackSite,numberOfRobotsOnWhiteSite
21310,25,13
timeStep,numberOfRobotsOnBlackSite,numberOfRobotsOnWhiteSite
21311,25,13
timeStep,numberOfRobotsOnBlackSite,numberOfRobotsOnWhiteSite
21312,25,13
timeStep,numberOfRobotsOnBlackSite,numberOfRobotsOnWhiteSite
21313,25,13
timeStep,numberOfRobotsOnBlackSite,numberOfRobotsOnWhiteSite
21314,25,13
timeStep,numberOfRobotsOnBlackSite,numberOfRobotsOnWhiteSite
21315,25,13
timeStep,numberOfRobotsOnBlackSite,numberOfRobotsOnWhiteSite
21316,25,13
timeStep,numberOfRobotsOnBlackSite,numberOfRobotsOnWhiteSite
21317,25,13
timeStep,numberOfRobotsOnBlackSite,numberOfRobotsOnWhiteSite
21318,25,13
timeStep,numberOfRobotsOnBlackSite,numberOfRobotsOnWhiteSite
21319,25,13
timeStep,numberOfRobotsOnBlackSite,numberOfRobotsOnWhiteSite
21320,25,13
timeStep,numberOfRobotsOnBlackSite,numberOfRobotsOnWhiteSite
21321,25,13
timeStep,numberOfRobotsOnBlackSite,numberOfRobotsOnWhiteSite
21322,25,13
timeStep,numberOfRobotsOnBlackSite,numberOfRobotsOnWhiteSite
21323,25,13
timeStep,numberOfRobotsOnBlackSite,numberOfRobotsOnWhiteSite
21324,25,13
timeStep,numberOfRobotsOnBlackSite,numberOfRobotsOnWhiteSite
21325,25,13
timeStep,numberOfRobotsOnBlackSite,numberOfRobotsOnWhiteSite
21326,25,13
timeStep,numberOfRobotsOnBlackSite,numberOfRobotsOnWhiteSite
21327,25,13
timeStep,numberOfRobotsOnBlackSite,numberOfRobotsOnWhiteSite
21328,25,13
timeStep,numberOfRobotsOnBlackSite,numberOfRobotsOnWhiteSite
21329,25,13
timeStep,numberOfRobotsOnBlackSite,numberOfRobotsOnWhiteSite
21330,25,13
timeStep,numberOfRobotsOnBlackSite,numberOfRobotsOnWhiteSite
21331,25,13
timeStep,numberOfRobotsOnBlackSite,numberOfRobotsOnWhiteSite
21332,25,13
timeStep,numberOfRobotsOnBlackSite,numberOfRobotsOnWhiteSite
21333,25,13
timeStep,numberOfRobotsOnBlackSite,numberOfRobotsOnWhiteSite
21334,25,13
timeStep,numberOfRobotsOnBlackSite,numberOfRobotsOnWhiteSite
21335,25,13
timeStep,numberOfRobotsOnBlackSite,numberOfRobotsOnWhiteSite
21336,25,13
timeStep,numberOfRobotsOnBlackSite,numberOfRobotsOnWhiteSite
21337,25,13
timeStep,numberOfRobotsOnBlackSite,numberOfRobotsOnWhiteSite
21338,25,13
timeStep,numberOfRobotsOnBlackSite,numberOfRobotsOnWhiteSite
21339,25,13
timeStep,numberOfRobotsOnBlackSite,numberOfRobotsOnWhiteSite
21340,25,13
timeStep,numberOfRobotsOnBlackSite,numberOfRobotsOnWhiteSite
21341,25,13
timeStep,numberOfRobotsOnBlackSite,numberOfRobotsOnWhiteSite
21342,25,13
timeStep,numberOfRobotsOnBlackSite,numberOfRobotsOnWhiteSite
21343,25,13
timeStep,numberOfRobotsOnBlackSite,numberOfRobotsOnWhiteSite
21344,25,13
timeStep,numberOfRobotsOnBlackSite,numberOfRobotsOnWhiteSite
21345,25,13
timeStep,numberOfRobotsOnBlackSite,numberOfRobotsOnWhiteSite
21346,25,13
timeStep,numberOfRobotsOnBlackSite,numberOfRobotsOnWhiteSite
21347,25,13
timeStep,numberOfRobotsOnBlackSite,numberOfRobotsOnWhiteSite
21348,25,13
timeStep,numberOfRobotsOnBlackSite,numberOfRobotsOnWhiteSite
21349,25,13
timeStep,numberOfRobotsOnBlackSite,numberOfRobotsOnWhiteSite
21350,25,13
timeStep,numberOfRobotsOnBlackSite,numberOfRobotsOnWhiteSite
21351,25,13
timeStep,numberOfRobotsOnBlackSite,numberOfRobotsOnWhiteSite
21352,25,13
timeStep,numberOfRobotsOnBlackSite,numberOfRobotsOnWhiteSite
21353,25,13
timeStep,numberOfRobotsOnBlackSite,numberOfRobotsOnWhiteSite
21354,25,13
timeStep,numberOfRobotsOnBlackSite,numberOfRobotsOnWhiteSite
21355,25,13
timeStep,numberOfRobotsOnBlackSite,numberOfRobotsOnWhiteSite
21356,25,13
timeStep,numberOfRobotsOnBlackSite,numberOfRobotsOnWhiteSite
21357,25,13
timeStep,numberOfRobotsOnBlackSite,numberOfRobotsOnWhiteSite
21358,25,13
timeStep,numberOfRobotsOnBlackSite,numberOfRobotsOnWhiteSite
21359,25,13
timeStep,numberOfRobotsOnBlackSite,numberOfRobotsOnWhiteSite
21360,25,13
timeStep,numberOfRobotsOnBlackSite,numberOfRobotsOnWhiteSite
21361,25,13
timeStep,numberOfRobotsOnBlackSite,numberOfRobotsOnWhiteSite
21362,25,13
timeStep,numberOfRobotsOnBlackSite,numberOfRobotsOnWhiteSite
21363,25,13
timeStep,numberOfRobotsOnBlackSite,numberOfRobotsOnWhiteSite
21364,25,13
timeStep,numberOfRobotsOnBlackSite,numberOfRobotsOnWhiteSite
21365,25,13
timeStep,numberOfRobotsOnBlackSite,numberOfRobotsOnWhiteSite
21366,25,13
timeStep,numberOfRobotsOnBlackSite,numberOfRobotsOnWhiteSite
21367,25,13
timeStep,numberOfRobotsOnBlackSite,numberOfRobotsOnWhiteSite
21368,25,13
timeStep,numberOfRobotsOnBlackSite,numberOfRobotsOnWhiteSite
21369,25,13
timeStep,numberOfRobotsOnBlackSite,numberOfRobotsOnWhiteSite
21370,25,13
timeStep,numberOfRobotsOnBlackSite,numberOfRobotsOnWhiteSite
21371,25,13
timeStep,numberOfRobotsOnBlackSite,numberOfRobotsOnWhiteSite
21372,25,13
timeStep,numberOfRobotsOnBlackSite,numberOfRobotsOnWhiteSite
21373,25,13
timeStep,numberOfRobotsOnBlackSite,numberOfRobotsOnWhiteSite
21374,25,13
timeStep,numberOfRobotsOnBlackSite,numberOfRobotsOnWhiteSite
21375,25,13
timeStep,numberOfRobotsOnBlackSite,numberOfRobotsOnWhiteSite
21376,25,13
timeStep,numberOfRobotsOnBlackSite,numberOfRobotsOnWhiteSite
21377,25,13
timeStep,numberOfRobotsOnBlackSite,numberOfRobotsOnWhiteSite
21378,25,13
timeStep,numberOfRobotsOnBlackSite,numberOfRobotsOnWhiteSite
21379,25,13
timeStep,numberOfRobotsOnBlackSite,numberOfRobotsOnWhiteSite
21380,25,13
timeStep,numberOfRobotsOnBlackSite,numberOfRobotsOnWhiteSite
21381,25,13
timeStep,numberOfRobotsOnBlackSite,numberOfRobotsOnWhiteSite
21382,25,13
timeStep,numberOfRobotsOnBlackSite,numberOfRobotsOnWhiteSite
21383,25,13
timeStep,numberOfRobotsOnBlackSite,numberOfRobotsOnWhiteSite
21384,25,13
timeStep,numberOfRobotsOnBlackSite,numberOfRobotsOnWhiteSite
21385,25,13
timeStep,numberOfRobotsOnBlackSite,numberOfRobotsOnWhiteSite
21386,25,13
timeStep,numberOfRobotsOnBlackSite,numberOfRobotsOnWhiteSite
21387,25,13
timeStep,numberOfRobotsOnBlackSite,numberOfRobotsOnWhiteSite
21388,25,13
timeStep,numberOfRobotsOnBlackSite,numberOfRobotsOnWhiteSite
21389,25,13
timeStep,numberOfRobotsOnBlackSite,numberOfRobotsOnWhiteSite
21390,25,13
timeStep,numberOfRobotsOnBlackSite,numberOfRobotsOnWhiteSite
21391,25,13
timeStep,numberOfRobotsOnBlackSite,numberOfRobotsOnWhiteSite
21392,25,13
timeStep,numberOfRobotsOnBlackSite,numberOfRobotsOnWhiteSite
21393,25,13
timeStep,numberOfRobotsOnBlackSite,numberOfRobotsOnWhiteSite
21394,25,13
timeStep,numberOfRobotsOnBlackSite,numberOfRobotsOnWhiteSite
21395,25,13
timeStep,numberOfRobotsOnBlackSite,numberOfRobotsOnWhiteSite
21396,25,13
timeStep,numberOfRobotsOnBlackSite,numberOfRobotsOnWhiteSite
21397,25,13
timeStep,numberOfRobotsOnBlackSite,numberOfRobotsOnWhiteSite
21398,25,13
timeStep,numberOfRobotsOnBlackSite,numberOfRobotsOnWhiteSite
21399,25,13
timeStep,numberOfRobotsOnBlackSite,numberOfRobotsOnWhiteSite
21400,24,13
timeStep,numberOfRobotsOnBlackSite,numberOfRobotsOnWhiteSite
21401,24,13
timeStep,numberOfRobotsOnBlackSite,numberOfRobotsOnWhiteSite
21402,24,13
timeStep,numberOfRobotsOnBlackSite,numberOfRobotsOnWhiteSite
21403,24,13
timeStep,numberOfRobotsOnBlackSite,numberOfRobotsOnWhiteSite
21404,24,13
timeStep,numberOfRobotsOnBlackSite,numberOfRobotsOnWhiteSite
21405,24,13
timeStep,numberOfRobotsOnBlackSite,numberOfRobotsOnWhiteSite
21406,24,13
timeStep,numberOfRobotsOnBlackSite,numberOfRobotsOnWhiteSite
21407,24,13
timeStep,numberOfRobotsOnBlackSite,numberOfRobotsOnWhiteSite
21408,24,13
timeStep,numberOfRobotsOnBlackSite,numberOfRobotsOnWhiteSite
21409,24,13
timeStep,numberOfRobotsOnBlackSite,numberOfRobotsOnWhiteSite
21410,24,12
timeStep,numberOfRobotsOnBlackSite,numberOfRobotsOnWhiteSite
21411,24,12
timeStep,numberOfRobotsOnBlackSite,numberOfRobotsOnWhiteSite
21412,24,12
timeStep,numberOfRobotsOnBlackSite,numberOfRobotsOnWhiteSite
21413,24,12
timeStep,numberOfRobotsOnBlackSite,numberOfRobotsOnWhiteSite
21414,24,12
timeStep,numberOfRobotsOnBlackSite,numberOfRobotsOnWhiteSite
21415,24,12
timeStep,numberOfRobotsOnBlackSite,numberOfRobotsOnWhiteSite
21416,24,12
timeStep,numberOfRobotsOnBlackSite,numberOfRobotsOnWhiteSite
21417,24,12
timeStep,numberOfRobotsOnBlackSite,numberOfRobotsOnWhiteSite
21418,24,12
timeStep,numberOfRobotsOnBlackSite,numberOfRobotsOnWhiteSite
21419,24,12
timeStep,numberOfRobotsOnBlackSite,numberOfRobotsOnWhiteSite
21420,24,12
timeStep,numberOfRobotsOnBlackSite,numberOfRobotsOnWhiteSite
21421,24,12
timeStep,numberOfRobotsOnBlackSite,numberOfRobotsOnWhiteSite
21422,24,12
timeStep,numberOfRobotsOnBlackSite,numberOfRobotsOnWhiteSite
21423,24,12
timeStep,numberOfRobotsOnBlackSite,numberOfRobotsOnWhiteSite
21424,24,12
timeStep,numberOfRobotsOnBlackSite,numberOfRobotsOnWhiteSite
21425,24,12
timeStep,numberOfRobotsOnBlackSite,numberOfRobotsOnWhiteSite
21426,24,12
timeStep,numberOfRobotsOnBlackSite,numberOfRobotsOnWhiteSite
21427,24,12
timeStep,numberOfRobotsOnBlackSite,numberOfRobotsOnWhiteSite
21428,24,12
timeStep,numberOfRobotsOnBlackSite,numberOfRobotsOnWhiteSite
21429,24,12
timeStep,numberOfRobotsOnBlackSite,numberOfRobotsOnWhiteSite
21430,24,12
timeStep,numberOfRobotsOnBlackSite,numberOfRobotsOnWhiteSite
21431,24,12
timeStep,numberOfRobotsOnBlackSite,numberOfRobotsOnWhiteSite
21432,24,12
timeStep,numberOfRobotsOnBlackSite,numberOfRobotsOnWhiteSite
21433,24,12
timeStep,numberOfRobotsOnBlackSite,numberOfRobotsOnWhiteSite
21434,24,12
timeStep,numberOfRobotsOnBlackSite,numberOfRobotsOnWhiteSite
21435,25,12
timeStep,numberOfRobotsOnBlackSite,numberOfRobotsOnWhiteSite
21436,25,12
timeStep,numberOfRobotsOnBlackSite,numberOfRobotsOnWhiteSite
21437,25,12
timeStep,numberOfRobotsOnBlackSite,numberOfRobotsOnWhiteSite
21438,25,12
timeStep,numberOfRobotsOnBlackSite,numberOfRobotsOnWhiteSite
21439,25,12
timeStep,numberOfRobotsOnBlackSite,numberOfRobotsOnWhiteSite
21440,25,12
timeStep,numberOfRobotsOnBlackSite,numberOfRobotsOnWhiteSite
21441,25,12
timeStep,numberOfRobotsOnBlackSite,numberOfRobotsOnWhiteSite
21442,25,12
timeStep,numberOfRobotsOnBlackSite,numberOfRobotsOnWhiteSite
21443,25,12
timeStep,numberOfRobotsOnBlackSite,numberOfRobotsOnWhiteSite
21444,25,12
timeStep,numberOfRobotsOnBlackSite,numberOfRobotsOnWhiteSite
21445,25,12
timeStep,numberOfRobotsOnBlackSite,numberOfRobotsOnWhiteSite
21446,25,12
timeStep,numberOfRobotsOnBlackSite,numberOfRobotsOnWhiteSite
21447,25,12
timeStep,numberOfRobotsOnBlackSite,numberOfRobotsOnWhiteSite
21448,25,12
timeStep,numberOfRobotsOnBlackSite,numberOfRobotsOnWhiteSite
21449,25,12
timeStep,numberOfRobotsOnBlackSite,numberOfRobotsOnWhiteSite
21450,25,12
timeStep,numberOfRobotsOnBlackSite,numberOfRobotsOnWhiteSite
21451,25,12
timeStep,numberOfRobotsOnBlackSite,numberOfRobotsOnWhiteSite
21452,25,12
timeStep,numberOfRobotsOnBlackSite,numberOfRobotsOnWhiteSite
21453,25,12
timeStep,numberOfRobotsOnBlackSite,numberOfRobotsOnWhiteSite
21454,25,12
timeStep,numberOfRobotsOnBlackSite,numberOfRobotsOnWhiteSite
21455,26,12
timeStep,numberOfRobotsOnBlackSite,numberOfRobotsOnWhiteSite
21456,26,12
timeStep,numberOfRobotsOnBlackSite,numberOfRobotsOnWhiteSite
21457,26,12
timeStep,numberOfRobotsOnBlackSite,numberOfRobotsOnWhiteSite
21458,26,12
timeStep,numberOfRobotsOnBlackSite,numberOfRobotsOnWhiteSite
21459,26,12
timeStep,numberOfRobotsOnBlackSite,numberOfRobotsOnWhiteSite
21460,26,12
timeStep,numberOfRobotsOnBlackSite,numberOfRobotsOnWhiteSite
21461,26,12
timeStep,numberOfRobotsOnBlackSite,numberOfRobotsOnWhiteSite
21462,26,12
timeStep,numberOfRobotsOnBlackSite,numberOfRobotsOnWhiteSite
21463,26,12
timeStep,numberOfRobotsOnBlackSite,numberOfRobotsOnWhiteSite
21464,26,12
timeStep,numberOfRobotsOnBlackSite,numberOfRobotsOnWhiteSite
21465,26,12
timeStep,numberOfRobotsOnBlackSite,numberOfRobotsOnWhiteSite
21466,26,12
timeStep,numberOfRobotsOnBlackSite,numberOfRobotsOnWhiteSite
21467,26,12
timeStep,numberOfRobotsOnBlackSite,numberOfRobotsOnWhiteSite
21468,26,12
timeStep,numberOfRobotsOnBlackSite,numberOfRobotsOnWhiteSite
21469,26,12
timeStep,numberOfRobotsOnBlackSite,numberOfRobotsOnWhiteSite
21470,25,12
timeStep,numberOfRobotsOnBlackSite,numberOfRobotsOnWhiteSite
21471,25,12
timeStep,numberOfRobotsOnBlackSite,numberOfRobotsOnWhiteSite
21472,25,12
timeStep,numberOfRobotsOnBlackSite,numberOfRobotsOnWhiteSite
21473,25,12
timeStep,numberOfRobotsOnBlackSite,numberOfRobotsOnWhiteSite
21474,25,12
timeStep,numberOfRobotsOnBlackSite,numberOfRobotsOnWhiteSite
21475,25,12
timeStep,numberOfRobotsOnBlackSite,numberOfRobotsOnWhiteSite
21476,25,12
timeStep,numberOfRobotsOnBlackSite,numberOfRobotsOnWhiteSite
21477,25,12
timeStep,numberOfRobotsOnBlackSite,numberOfRobotsOnWhiteSite
21478,25,12
timeStep,numberOfRobotsOnBlackSite,numberOfRobotsOnWhiteSite
21479,25,12
timeStep,numberOfRobotsOnBlackSite,numberOfRobotsOnWhiteSite
21480,25,12
timeStep,numberOfRobotsOnBlackSite,numberOfRobotsOnWhiteSite
21481,25,12
timeStep,numberOfRobotsOnBlackSite,numberOfRobotsOnWhiteSite
21482,25,12
timeStep,numberOfRobotsOnBlackSite,numberOfRobotsOnWhiteSite
21483,25,12
timeStep,numberOfRobotsOnBlackSite,numberOfRobotsOnWhiteSite
21484,25,12
timeStep,numberOfRobotsOnBlackSite,numberOfRobotsOnWhiteSite
21485,25,12
timeStep,numberOfRobotsOnBlackSite,numberOfRobotsOnWhiteSite
21486,25,12
timeStep,numberOfRobotsOnBlackSite,numberOfRobotsOnWhiteSite
21487,25,12
timeStep,numberOfRobotsOnBlackSite,numberOfRobotsOnWhiteSite
21488,25,12
timeStep,numberOfRobotsOnBlackSite,numberOfRobotsOnWhiteSite
21489,25,12
timeStep,numberOfRobotsOnBlackSite,numberOfRobotsOnWhiteSite
21490,25,12
timeStep,numberOfRobotsOnBlackSite,numberOfRobotsOnWhiteSite
21491,25,12
timeStep,numberOfRobotsOnBlackSite,numberOfRobotsOnWhiteSite
21492,25,12
timeStep,numberOfRobotsOnBlackSite,numberOfRobotsOnWhiteSite
21493,25,12
timeStep,numberOfRobotsOnBlackSite,numberOfRobotsOnWhiteSite
21494,25,12
timeStep,numberOfRobotsOnBlackSite,numberOfRobotsOnWhiteSite
21495,25,12
timeStep,numberOfRobotsOnBlackSite,numberOfRobotsOnWhiteSite
21496,25,12
timeStep,numberOfRobotsOnBlackSite,numberOfRobotsOnWhiteSite
21497,25,12
timeStep,numberOfRobotsOnBlackSite,numberOfRobotsOnWhiteSite
21498,25,12
timeStep,numberOfRobotsOnBlackSite,numberOfRobotsOnWhiteSite
21499,25,12
timeStep,numberOfRobotsOnBlackSite,numberOfRobotsOnWhiteSite
21500,25,12
timeStep,numberOfRobotsOnBlackSite,numberOfRobotsOnWhiteSite
21501,25,12
timeStep,numberOfRobotsOnBlackSite,numberOfRobotsOnWhiteSite
21502,25,12
timeStep,numberOfRobotsOnBlackSite,numberOfRobotsOnWhiteSite
21503,25,12
timeStep,numberOfRobotsOnBlackSite,numberOfRobotsOnWhiteSite
21504,25,12
timeStep,numberOfRobotsOnBlackSite,numberOfRobotsOnWhiteSite
21505,25,12
timeStep,numberOfRobotsOnBlackSite,numberOfRobotsOnWhiteSite
21506,25,12
timeStep,numberOfRobotsOnBlackSite,numberOfRobotsOnWhiteSite
21507,25,12
timeStep,numberOfRobotsOnBlackSite,numberOfRobotsOnWhiteSite
21508,25,12
timeStep,numberOfRobotsOnBlackSite,numberOfRobotsOnWhiteSite
21509,25,12
timeStep,numberOfRobotsOnBlackSite,numberOfRobotsOnWhiteSite
21510,25,12
timeStep,numberOfRobotsOnBlackSite,numberOfRobotsOnWhiteSite
21511,25,12
timeStep,numberOfRobotsOnBlackSite,numberOfRobotsOnWhiteSite
21512,25,12
timeStep,numberOfRobotsOnBlackSite,numberOfRobotsOnWhiteSite
21513,25,12
timeStep,numberOfRobotsOnBlackSite,numberOfRobotsOnWhiteSite
21514,25,12
timeStep,numberOfRobotsOnBlackSite,numberOfRobotsOnWhiteSite
21515,25,12
timeStep,numberOfRobotsOnBlackSite,numberOfRobotsOnWhiteSite
21516,25,12
timeStep,numberOfRobotsOnBlackSite,numberOfRobotsOnWhiteSite
21517,25,12
timeStep,numberOfRobotsOnBlackSite,numberOfRobotsOnWhiteSite
21518,25,12
timeStep,numberOfRobotsOnBlackSite,numberOfRobotsOnWhiteSite
21519,25,12
timeStep,numberOfRobotsOnBlackSite,numberOfRobotsOnWhiteSite
21520,25,12
timeStep,numberOfRobotsOnBlackSite,numberOfRobotsOnWhiteSite
21521,25,12
timeStep,numberOfRobotsOnBlackSite,numberOfRobotsOnWhiteSite
21522,25,12
timeStep,numberOfRobotsOnBlackSite,numberOfRobotsOnWhiteSite
21523,25,12
timeStep,numberOfRobotsOnBlackSite,numberOfRobotsOnWhiteSite
21524,25,12
timeStep,numberOfRobotsOnBlackSite,numberOfRobotsOnWhiteSite
21525,25,12
timeStep,numberOfRobotsOnBlackSite,numberOfRobotsOnWhiteSite
21526,25,12
timeStep,numberOfRobotsOnBlackSite,numberOfRobotsOnWhiteSite
21527,25,12
timeStep,numberOfRobotsOnBlackSite,numberOfRobotsOnWhiteSite
21528,25,12
timeStep,numberOfRobotsOnBlackSite,numberOfRobotsOnWhiteSite
21529,25,12
timeStep,numberOfRobotsOnBlackSite,numberOfRobotsOnWhiteSite
21530,25,12
timeStep,numberOfRobotsOnBlackSite,numberOfRobotsOnWhiteSite
21531,25,12
timeStep,numberOfRobotsOnBlackSite,numberOfRobotsOnWhiteSite
21532,25,12
timeStep,numberOfRobotsOnBlackSite,numberOfRobotsOnWhiteSite
21533,25,12
timeStep,numberOfRobotsOnBlackSite,numberOfRobotsOnWhiteSite
21534,25,12
timeStep,numberOfRobotsOnBlackSite,numberOfRobotsOnWhiteSite
21535,25,12
timeStep,numberOfRobotsOnBlackSite,numberOfRobotsOnWhiteSite
21536,25,12
timeStep,numberOfRobotsOnBlackSite,numberOfRobotsOnWhiteSite
21537,25,12
timeStep,numberOfRobotsOnBlackSite,numberOfRobotsOnWhiteSite
21538,25,12
timeStep,numberOfRobotsOnBlackSite,numberOfRobotsOnWhiteSite
21539,25,12
timeStep,numberOfRobotsOnBlackSite,numberOfRobotsOnWhiteSite
21540,25,12
timeStep,numberOfRobotsOnBlackSite,numberOfRobotsOnWhiteSite
21541,25,12
timeStep,numberOfRobotsOnBlackSite,numberOfRobotsOnWhiteSite
21542,25,12
timeStep,numberOfRobotsOnBlackSite,numberOfRobotsOnWhiteSite
21543,25,12
timeStep,numberOfRobotsOnBlackSite,numberOfRobotsOnWhiteSite
21544,25,12
timeStep,numberOfRobotsOnBlackSite,numberOfRobotsOnWhiteSite
21545,25,12
timeStep,numberOfRobotsOnBlackSite,numberOfRobotsOnWhiteSite
21546,25,12
timeStep,numberOfRobotsOnBlackSite,numberOfRobotsOnWhiteSite
21547,25,12
timeStep,numberOfRobotsOnBlackSite,numberOfRobotsOnWhiteSite
21548,25,12
timeStep,numberOfRobotsOnBlackSite,numberOfRobotsOnWhiteSite
21549,25,12
timeStep,numberOfRobotsOnBlackSite,numberOfRobotsOnWhiteSite
21550,25,12
timeStep,numberOfRobotsOnBlackSite,numberOfRobotsOnWhiteSite
21551,25,12
timeStep,numberOfRobotsOnBlackSite,numberOfRobotsOnWhiteSite
21552,25,12
timeStep,numberOfRobotsOnBlackSite,numberOfRobotsOnWhiteSite
21553,25,12
timeStep,numberOfRobotsOnBlackSite,numberOfRobotsOnWhiteSite
21554,25,12
timeStep,numberOfRobotsOnBlackSite,numberOfRobotsOnWhiteSite
21555,25,12
timeStep,numberOfRobotsOnBlackSite,numberOfRobotsOnWhiteSite
21556,25,12
timeStep,numberOfRobotsOnBlackSite,numberOfRobotsOnWhiteSite
21557,25,12
timeStep,numberOfRobotsOnBlackSite,numberOfRobotsOnWhiteSite
21558,25,12
timeStep,numberOfRobotsOnBlackSite,numberOfRobotsOnWhiteSite
21559,25,12
timeStep,numberOfRobotsOnBlackSite,numberOfRobotsOnWhiteSite
21560,24,12
timeStep,numberOfRobotsOnBlackSite,numberOfRobotsOnWhiteSite
21561,24,12
timeStep,numberOfRobotsOnBlackSite,numberOfRobotsOnWhiteSite
21562,24,12
timeStep,numberOfRobotsOnBlackSite,numberOfRobotsOnWhiteSite
21563,24,12
timeStep,numberOfRobotsOnBlackSite,numberOfRobotsOnWhiteSite
21564,24,12
timeStep,numberOfRobotsOnBlackSite,numberOfRobotsOnWhiteSite
21565,24,12
timeStep,numberOfRobotsOnBlackSite,numberOfRobotsOnWhiteSite
21566,24,12
timeStep,numberOfRobotsOnBlackSite,numberOfRobotsOnWhiteSite
21567,24,12
timeStep,numberOfRobotsOnBlackSite,numberOfRobotsOnWhiteSite
21568,24,12
timeStep,numberOfRobotsOnBlackSite,numberOfRobotsOnWhiteSite
21569,24,12
timeStep,numberOfRobotsOnBlackSite,numberOfRobotsOnWhiteSite
21570,24,12
timeStep,numberOfRobotsOnBlackSite,numberOfRobotsOnWhiteSite
21571,24,12
timeStep,numberOfRobotsOnBlackSite,numberOfRobotsOnWhiteSite
21572,24,12
timeStep,numberOfRobotsOnBlackSite,numberOfRobotsOnWhiteSite
21573,24,12
timeStep,numberOfRobotsOnBlackSite,numberOfRobotsOnWhiteSite
21574,24,12
timeStep,numberOfRobotsOnBlackSite,numberOfRobotsOnWhiteSite
21575,24,12
timeStep,numberOfRobotsOnBlackSite,numberOfRobotsOnWhiteSite
21576,24,12
timeStep,numberOfRobotsOnBlackSite,numberOfRobotsOnWhiteSite
21577,24,12
timeStep,numberOfRobotsOnBlackSite,numberOfRobotsOnWhiteSite
21578,24,12
timeStep,numberOfRobotsOnBlackSite,numberOfRobotsOnWhiteSite
21579,24,12
timeStep,numberOfRobotsOnBlackSite,numberOfRobotsOnWhiteSite
21580,24,12
timeStep,numberOfRobotsOnBlackSite,numberOfRobotsOnWhiteSite
21581,24,12
timeStep,numberOfRobotsOnBlackSite,numberOfRobotsOnWhiteSite
21582,24,12
timeStep,numberOfRobotsOnBlackSite,numberOfRobotsOnWhiteSite
21583,24,12
timeStep,numberOfRobotsOnBlackSite,numberOfRobotsOnWhiteSite
21584,24,12
timeStep,numberOfRobotsOnBlackSite,numberOfRobotsOnWhiteSite
21585,24,12
timeStep,numberOfRobotsOnBlackSite,numberOfRobotsOnWhiteSite
21586,24,12
timeStep,numberOfRobotsOnBlackSite,numberOfRobotsOnWhiteSite
21587,24,12
timeStep,numberOfRobotsOnBlackSite,numberOfRobotsOnWhiteSite
21588,24,12
timeStep,numberOfRobotsOnBlackSite,numberOfRobotsOnWhiteSite
21589,24,12
timeStep,numberOfRobotsOnBlackSite,numberOfRobotsOnWhiteSite
21590,24,12
timeStep,numberOfRobotsOnBlackSite,numberOfRobotsOnWhiteSite
21591,24,12
timeStep,numberOfRobotsOnBlackSite,numberOfRobotsOnWhiteSite
21592,24,12
timeStep,numberOfRobotsOnBlackSite,numberOfRobotsOnWhiteSite
21593,24,12
timeStep,numberOfRobotsOnBlackSite,numberOfRobotsOnWhiteSite
21594,24,12
timeStep,numberOfRobotsOnBlackSite,numberOfRobotsOnWhiteSite
21595,24,12
timeStep,numberOfRobotsOnBlackSite,numberOfRobotsOnWhiteSite
21596,24,12
timeStep,numberOfRobotsOnBlackSite,numberOfRobotsOnWhiteSite
21597,24,12
timeStep,numberOfRobotsOnBlackSite,numberOfRobotsOnWhiteSite
21598,24,12
timeStep,numberOfRobotsOnBlackSite,numberOfRobotsOnWhiteSite
21599,24,12
timeStep,numberOfRobotsOnBlackSite,numberOfRobotsOnWhiteSite
21600,25,12
timeStep,numberOfRobotsOnBlackSite,numberOfRobotsOnWhiteSite
21601,25,12
timeStep,numberOfRobotsOnBlackSite,numberOfRobotsOnWhiteSite
21602,25,12
timeStep,numberOfRobotsOnBlackSite,numberOfRobotsOnWhiteSite
21603,25,12
timeStep,numberOfRobotsOnBlackSite,numberOfRobotsOnWhiteSite
21604,25,12
timeStep,numberOfRobotsOnBlackSite,numberOfRobotsOnWhiteSite
21605,25,12
timeStep,numberOfRobotsOnBlackSite,numberOfRobotsOnWhiteSite
21606,25,12
timeStep,numberOfRobotsOnBlackSite,numberOfRobotsOnWhiteSite
21607,25,12
timeStep,numberOfRobotsOnBlackSite,numberOfRobotsOnWhiteSite
21608,25,12
timeStep,numberOfRobotsOnBlackSite,numberOfRobotsOnWhiteSite
21609,25,12
timeStep,numberOfRobotsOnBlackSite,numberOfRobotsOnWhiteSite
21610,25,12
timeStep,numberOfRobotsOnBlackSite,numberOfRobotsOnWhiteSite
21611,25,12
timeStep,numberOfRobotsOnBlackSite,numberOfRobotsOnWhiteSite
21612,25,12
timeStep,numberOfRobotsOnBlackSite,numberOfRobotsOnWhiteSite
21613,25,12
timeStep,numberOfRobotsOnBlackSite,numberOfRobotsOnWhiteSite
21614,25,12
timeStep,numberOfRobotsOnBlackSite,numberOfRobotsOnWhiteSite
21615,25,12
timeStep,numberOfRobotsOnBlackSite,numberOfRobotsOnWhiteSite
21616,25,12
timeStep,numberOfRobotsOnBlackSite,numberOfRobotsOnWhiteSite
21617,25,12
timeStep,numberOfRobotsOnBlackSite,numberOfRobotsOnWhiteSite
21618,25,12
timeStep,numberOfRobotsOnBlackSite,numberOfRobotsOnWhiteSite
21619,25,12
timeStep,numberOfRobotsOnBlackSite,numberOfRobotsOnWhiteSite
21620,25,12
timeStep,numberOfRobotsOnBlackSite,numberOfRobotsOnWhiteSite
21621,25,12
timeStep,numberOfRobotsOnBlackSite,numberOfRobotsOnWhiteSite
21622,25,12
timeStep,numberOfRobotsOnBlackSite,numberOfRobotsOnWhiteSite
21623,25,12
timeStep,numberOfRobotsOnBlackSite,numberOfRobotsOnWhiteSite
21624,25,12
timeStep,numberOfRobotsOnBlackSite,numberOfRobotsOnWhiteSite
21625,25,12
timeStep,numberOfRobotsOnBlackSite,numberOfRobotsOnWhiteSite
21626,25,12
timeStep,numberOfRobotsOnBlackSite,numberOfRobotsOnWhiteSite
21627,25,12
timeStep,numberOfRobotsOnBlackSite,numberOfRobotsOnWhiteSite
21628,25,12
timeStep,numberOfRobotsOnBlackSite,numberOfRobotsOnWhiteSite
21629,25,12
timeStep,numberOfRobotsOnBlackSite,numberOfRobotsOnWhiteSite
21630,25,12
timeStep,numberOfRobotsOnBlackSite,numberOfRobotsOnWhiteSite
21631,25,12
timeStep,numberOfRobotsOnBlackSite,numberOfRobotsOnWhiteSite
21632,25,12
timeStep,numberOfRobotsOnBlackSite,numberOfRobotsOnWhiteSite
21633,25,12
timeStep,numberOfRobotsOnBlackSite,numberOfRobotsOnWhiteSite
21634,25,12
timeStep,numberOfRobotsOnBlackSite,numberOfRobotsOnWhiteSite
21635,25,12
timeStep,numberOfRobotsOnBlackSite,numberOfRobotsOnWhiteSite
21636,25,12
timeStep,numberOfRobotsOnBlackSite,numberOfRobotsOnWhiteSite
21637,25,12
timeStep,numberOfRobotsOnBlackSite,numberOfRobotsOnWhiteSite
21638,25,12
timeStep,numberOfRobotsOnBlackSite,numberOfRobotsOnWhiteSite
21639,25,12
timeStep,numberOfRobotsOnBlackSite,numberOfRobotsOnWhiteSite
21640,25,12
timeStep,numberOfRobotsOnBlackSite,numberOfRobotsOnWhiteSite
21641,25,12
timeStep,numberOfRobotsOnBlackSite,numberOfRobotsOnWhiteSite
21642,25,12
timeStep,numberOfRobotsOnBlackSite,numberOfRobotsOnWhiteSite
21643,25,12
timeStep,numberOfRobotsOnBlackSite,numberOfRobotsOnWhiteSite
21644,25,12
timeStep,numberOfRobotsOnBlackSite,numberOfRobotsOnWhiteSite
21645,24,12
timeStep,numberOfRobotsOnBlackSite,numberOfRobotsOnWhiteSite
21646,24,12
timeStep,numberOfRobotsOnBlackSite,numberOfRobotsOnWhiteSite
21647,24,12
timeStep,numberOfRobotsOnBlackSite,numberOfRobotsOnWhiteSite
21648,24,12
timeStep,numberOfRobotsOnBlackSite,numberOfRobotsOnWhiteSite
21649,24,12
timeStep,numberOfRobotsOnBlackSite,numberOfRobotsOnWhiteSite
21650,24,12
timeStep,numberOfRobotsOnBlackSite,numberOfRobotsOnWhiteSite
21651,24,12
timeStep,numberOfRobotsOnBlackSite,numberOfRobotsOnWhiteSite
21652,24,12
timeStep,numberOfRobotsOnBlackSite,numberOfRobotsOnWhiteSite
21653,24,12
timeStep,numberOfRobotsOnBlackSite,numberOfRobotsOnWhiteSite
21654,24,12
timeStep,numberOfRobotsOnBlackSite,numberOfRobotsOnWhiteSite
21655,24,12
timeStep,numberOfRobotsOnBlackSite,numberOfRobotsOnWhiteSite
21656,24,12
timeStep,numberOfRobotsOnBlackSite,numberOfRobotsOnWhiteSite
21657,24,12
timeStep,numberOfRobotsOnBlackSite,numberOfRobotsOnWhiteSite
21658,24,12
timeStep,numberOfRobotsOnBlackSite,numberOfRobotsOnWhiteSite
21659,24,12
timeStep,numberOfRobotsOnBlackSite,numberOfRobotsOnWhiteSite
21660,24,12
timeStep,numberOfRobotsOnBlackSite,numberOfRobotsOnWhiteSite
21661,24,12
timeStep,numberOfRobotsOnBlackSite,numberOfRobotsOnWhiteSite
21662,24,12
timeStep,numberOfRobotsOnBlackSite,numberOfRobotsOnWhiteSite
21663,24,12
timeStep,numberOfRobotsOnBlackSite,numberOfRobotsOnWhiteSite
21664,24,12
timeStep,numberOfRobotsOnBlackSite,numberOfRobotsOnWhiteSite
21665,24,12
timeStep,numberOfRobotsOnBlackSite,numberOfRobotsOnWhiteSite
21666,24,12
timeStep,numberOfRobotsOnBlackSite,numberOfRobotsOnWhiteSite
21667,24,12
timeStep,numberOfRobotsOnBlackSite,numberOfRobotsOnWhiteSite
21668,24,12
timeStep,numberOfRobotsOnBlackSite,numberOfRobotsOnWhiteSite
21669,24,12
timeStep,numberOfRobotsOnBlackSite,numberOfRobotsOnWhiteSite
21670,24,12
timeStep,numberOfRobotsOnBlackSite,numberOfRobotsOnWhiteSite
21671,24,12
timeStep,numberOfRobotsOnBlackSite,numberOfRobotsOnWhiteSite
21672,24,12
timeStep,numberOfRobotsOnBlackSite,numberOfRobotsOnWhiteSite
21673,24,12
timeStep,numberOfRobotsOnBlackSite,numberOfRobotsOnWhiteSite
21674,24,12
timeStep,numberOfRobotsOnBlackSite,numberOfRobotsOnWhiteSite
21675,24,13
timeStep,numberOfRobotsOnBlackSite,numberOfRobotsOnWhiteSite
21676,24,13
timeStep,numberOfRobotsOnBlackSite,numberOfRobotsOnWhiteSite
21677,24,13
timeStep,numberOfRobotsOnBlackSite,numberOfRobotsOnWhiteSite
21678,24,13
timeStep,numberOfRobotsOnBlackSite,numberOfRobotsOnWhiteSite
21679,24,13
timeStep,numberOfRobotsOnBlackSite,numberOfRobotsOnWhiteSite
21680,23,13
timeStep,numberOfRobotsOnBlackSite,numberOfRobotsOnWhiteSite
21681,23,13
timeStep,numberOfRobotsOnBlackSite,numberOfRobotsOnWhiteSite
21682,23,13
timeStep,numberOfRobotsOnBlackSite,numberOfRobotsOnWhiteSite
21683,23,13
timeStep,numberOfRobotsOnBlackSite,numberOfRobotsOnWhiteSite
21684,23,13
timeStep,numberOfRobotsOnBlackSite,numberOfRobotsOnWhiteSite
21685,24,13
timeStep,numberOfRobotsOnBlackSite,numberOfRobotsOnWhiteSite
21686,24,13
timeStep,numberOfRobotsOnBlackSite,numberOfRobotsOnWhiteSite
21687,24,13
timeStep,numberOfRobotsOnBlackSite,numberOfRobotsOnWhiteSite
21688,24,13
timeStep,numberOfRobotsOnBlackSite,numberOfRobotsOnWhiteSite
21689,24,13
timeStep,numberOfRobotsOnBlackSite,numberOfRobotsOnWhiteSite
21690,24,13
timeStep,numberOfRobotsOnBlackSite,numberOfRobotsOnWhiteSite
21691,24,13
timeStep,numberOfRobotsOnBlackSite,numberOfRobotsOnWhiteSite
21692,24,13
timeStep,numberOfRobotsOnBlackSite,numberOfRobotsOnWhiteSite
21693,24,13
timeStep,numberOfRobotsOnBlackSite,numberOfRobotsOnWhiteSite
21694,24,13
timeStep,numberOfRobotsOnBlackSite,numberOfRobotsOnWhiteSite
21695,24,13
timeStep,numberOfRobotsOnBlackSite,numberOfRobotsOnWhiteSite
21696,24,13
timeStep,numberOfRobotsOnBlackSite,numberOfRobotsOnWhiteSite
21697,24,13
timeStep,numberOfRobotsOnBlackSite,numberOfRobotsOnWhiteSite
21698,24,13
timeStep,numberOfRobotsOnBlackSite,numberOfRobotsOnWhiteSite
21699,24,13
timeStep,numberOfRobotsOnBlackSite,numberOfRobotsOnWhiteSite
21700,24,13
timeStep,numberOfRobotsOnBlackSite,numberOfRobotsOnWhiteSite
21701,24,13
timeStep,numberOfRobotsOnBlackSite,numberOfRobotsOnWhiteSite
21702,24,13
timeStep,numberOfRobotsOnBlackSite,numberOfRobotsOnWhiteSite
21703,24,13
timeStep,numberOfRobotsOnBlackSite,numberOfRobotsOnWhiteSite
21704,24,13
timeStep,numberOfRobotsOnBlackSite,numberOfRobotsOnWhiteSite
21705,24,13
timeStep,numberOfRobotsOnBlackSite,numberOfRobotsOnWhiteSite
21706,24,13
timeStep,numberOfRobotsOnBlackSite,numberOfRobotsOnWhiteSite
21707,24,13
timeStep,numberOfRobotsOnBlackSite,numberOfRobotsOnWhiteSite
21708,24,13
timeStep,numberOfRobotsOnBlackSite,numberOfRobotsOnWhiteSite
21709,24,13
timeStep,numberOfRobotsOnBlackSite,numberOfRobotsOnWhiteSite
21710,24,13
timeStep,numberOfRobotsOnBlackSite,numberOfRobotsOnWhiteSite
21711,24,13
timeStep,numberOfRobotsOnBlackSite,numberOfRobotsOnWhiteSite
21712,24,13
timeStep,numberOfRobotsOnBlackSite,numberOfRobotsOnWhiteSite
21713,24,13
timeStep,numberOfRobotsOnBlackSite,numberOfRobotsOnWhiteSite
21714,24,13
timeStep,numberOfRobotsOnBlackSite,numberOfRobotsOnWhiteSite
21715,24,13
timeStep,numberOfRobotsOnBlackSite,numberOfRobotsOnWhiteSite
21716,24,13
timeStep,numberOfRobotsOnBlackSite,numberOfRobotsOnWhiteSite
21717,24,13
timeStep,numberOfRobotsOnBlackSite,numberOfRobotsOnWhiteSite
21718,24,13
timeStep,numberOfRobotsOnBlackSite,numberOfRobotsOnWhiteSite
21719,24,13
timeStep,numberOfRobotsOnBlackSite,numberOfRobotsOnWhiteSite
21720,24,13
timeStep,numberOfRobotsOnBlackSite,numberOfRobotsOnWhiteSite
21721,24,13
timeStep,numberOfRobotsOnBlackSite,numberOfRobotsOnWhiteSite
21722,24,13
timeStep,numberOfRobotsOnBlackSite,numberOfRobotsOnWhiteSite
21723,24,13
timeStep,numberOfRobotsOnBlackSite,numberOfRobotsOnWhiteSite
21724,24,13
timeStep,numberOfRobotsOnBlackSite,numberOfRobotsOnWhiteSite
21725,24,13
timeStep,numberOfRobotsOnBlackSite,numberOfRobotsOnWhiteSite
21726,24,13
timeStep,numberOfRobotsOnBlackSite,numberOfRobotsOnWhiteSite
21727,24,13
timeStep,numberOfRobotsOnBlackSite,numberOfRobotsOnWhiteSite
21728,24,13
timeStep,numberOfRobotsOnBlackSite,numberOfRobotsOnWhiteSite
21729,24,13
timeStep,numberOfRobotsOnBlackSite,numberOfRobotsOnWhiteSite
21730,24,13
timeStep,numberOfRobotsOnBlackSite,numberOfRobotsOnWhiteSite
21731,24,13
timeStep,numberOfRobotsOnBlackSite,numberOfRobotsOnWhiteSite
21732,24,13
timeStep,numberOfRobotsOnBlackSite,numberOfRobotsOnWhiteSite
21733,24,13
timeStep,numberOfRobotsOnBlackSite,numberOfRobotsOnWhiteSite
21734,24,13
timeStep,numberOfRobotsOnBlackSite,numberOfRobotsOnWhiteSite
21735,24,13
timeStep,numberOfRobotsOnBlackSite,numberOfRobotsOnWhiteSite
21736,24,13
timeStep,numberOfRobotsOnBlackSite,numberOfRobotsOnWhiteSite
21737,24,13
timeStep,numberOfRobotsOnBlackSite,numberOfRobotsOnWhiteSite
21738,24,13
timeStep,numberOfRobotsOnBlackSite,numberOfRobotsOnWhiteSite
21739,24,13
timeStep,numberOfRobotsOnBlackSite,numberOfRobotsOnWhiteSite
21740,24,13
timeStep,numberOfRobotsOnBlackSite,numberOfRobotsOnWhiteSite
21741,24,13
timeStep,numberOfRobotsOnBlackSite,numberOfRobotsOnWhiteSite
21742,24,13
timeStep,numberOfRobotsOnBlackSite,numberOfRobotsOnWhiteSite
21743,24,13
timeStep,numberOfRobotsOnBlackSite,numberOfRobotsOnWhiteSite
21744,24,13
timeStep,numberOfRobotsOnBlackSite,numberOfRobotsOnWhiteSite
21745,24,13
timeStep,numberOfRobotsOnBlackSite,numberOfRobotsOnWhiteSite
21746,24,13
timeStep,numberOfRobotsOnBlackSite,numberOfRobotsOnWhiteSite
21747,24,13
timeStep,numberOfRobotsOnBlackSite,numberOfRobotsOnWhiteSite
21748,24,13
timeStep,numberOfRobotsOnBlackSite,numberOfRobotsOnWhiteSite
21749,24,13
timeStep,numberOfRobotsOnBlackSite,numberOfRobotsOnWhiteSite
21750,24,13
timeStep,numberOfRobotsOnBlackSite,numberOfRobotsOnWhiteSite
21751,24,13
timeStep,numberOfRobotsOnBlackSite,numberOfRobotsOnWhiteSite
21752,24,13
timeStep,numberOfRobotsOnBlackSite,numberOfRobotsOnWhiteSite
21753,24,13
timeStep,numberOfRobotsOnBlackSite,numberOfRobotsOnWhiteSite
21754,24,13
timeStep,numberOfRobotsOnBlackSite,numberOfRobotsOnWhiteSite
21755,24,13
timeStep,numberOfRobotsOnBlackSite,numberOfRobotsOnWhiteSite
21756,24,13
timeStep,numberOfRobotsOnBlackSite,numberOfRobotsOnWhiteSite
21757,24,13
timeStep,numberOfRobotsOnBlackSite,numberOfRobotsOnWhiteSite
21758,24,13
timeStep,numberOfRobotsOnBlackSite,numberOfRobotsOnWhiteSite
21759,24,13
timeStep,numberOfRobotsOnBlackSite,numberOfRobotsOnWhiteSite
21760,24,13
timeStep,numberOfRobotsOnBlackSite,numberOfRobotsOnWhiteSite
21761,24,13
timeStep,numberOfRobotsOnBlackSite,numberOfRobotsOnWhiteSite
21762,24,13
timeStep,numberOfRobotsOnBlackSite,numberOfRobotsOnWhiteSite
21763,24,13
timeStep,numberOfRobotsOnBlackSite,numberOfRobotsOnWhiteSite
21764,24,13
timeStep,numberOfRobotsOnBlackSite,numberOfRobotsOnWhiteSite
21765,24,13
timeStep,numberOfRobotsOnBlackSite,numberOfRobotsOnWhiteSite
21766,24,13
timeStep,numberOfRobotsOnBlackSite,numberOfRobotsOnWhiteSite
21767,24,13
timeStep,numberOfRobotsOnBlackSite,numberOfRobotsOnWhiteSite
21768,24,13
timeStep,numberOfRobotsOnBlackSite,numberOfRobotsOnWhiteSite
21769,24,13
timeStep,numberOfRobotsOnBlackSite,numberOfRobotsOnWhiteSite
21770,24,13
timeStep,numberOfRobotsOnBlackSite,numberOfRobotsOnWhiteSite
21771,24,13
timeStep,numberOfRobotsOnBlackSite,numberOfRobotsOnWhiteSite
21772,24,13
timeStep,numberOfRobotsOnBlackSite,numberOfRobotsOnWhiteSite
21773,24,13
timeStep,numberOfRobotsOnBlackSite,numberOfRobotsOnWhiteSite
21774,24,13
timeStep,numberOfRobotsOnBlackSite,numberOfRobotsOnWhiteSite
21775,24,13
timeStep,numberOfRobotsOnBlackSite,numberOfRobotsOnWhiteSite
21776,24,13
timeStep,numberOfRobotsOnBlackSite,numberOfRobotsOnWhiteSite
21777,24,13
timeStep,numberOfRobotsOnBlackSite,numberOfRobotsOnWhiteSite
21778,24,13
timeStep,numberOfRobotsOnBlackSite,numberOfRobotsOnWhiteSite
21779,24,13
timeStep,numberOfRobotsOnBlackSite,numberOfRobotsOnWhiteSite
21780,24,13
timeStep,numberOfRobotsOnBlackSite,numberOfRobotsOnWhiteSite
21781,24,13
timeStep,numberOfRobotsOnBlackSite,numberOfRobotsOnWhiteSite
21782,24,13
timeStep,numberOfRobotsOnBlackSite,numberOfRobotsOnWhiteSite
21783,24,13
timeStep,numberOfRobotsOnBlackSite,numberOfRobotsOnWhiteSite
21784,24,13
timeStep,numberOfRobotsOnBlackSite,numberOfRobotsOnWhiteSite
21785,24,13
timeStep,numberOfRobotsOnBlackSite,numberOfRobotsOnWhiteSite
21786,24,13
timeStep,numberOfRobotsOnBlackSite,numberOfRobotsOnWhiteSite
21787,24,13
timeStep,numberOfRobotsOnBlackSite,numberOfRobotsOnWhiteSite
21788,24,13
timeStep,numberOfRobotsOnBlackSite,numberOfRobotsOnWhiteSite
21789,24,13
timeStep,numberOfRobotsOnBlackSite,numberOfRobotsOnWhiteSite
21790,24,13
timeStep,numberOfRobotsOnBlackSite,numberOfRobotsOnWhiteSite
21791,24,13
timeStep,numberOfRobotsOnBlackSite,numberOfRobotsOnWhiteSite
21792,24,13
timeStep,numberOfRobotsOnBlackSite,numberOfRobotsOnWhiteSite
21793,24,13
timeStep,numberOfRobotsOnBlackSite,numberOfRobotsOnWhiteSite
21794,24,13
timeStep,numberOfRobotsOnBlackSite,numberOfRobotsOnWhiteSite
21795,24,13
timeStep,numberOfRobotsOnBlackSite,numberOfRobotsOnWhiteSite
21796,24,13
timeStep,numberOfRobotsOnBlackSite,numberOfRobotsOnWhiteSite
21797,24,13
timeStep,numberOfRobotsOnBlackSite,numberOfRobotsOnWhiteSite
21798,24,13
timeStep,numberOfRobotsOnBlackSite,numberOfRobotsOnWhiteSite
21799,24,13
timeStep,numberOfRobotsOnBlackSite,numberOfRobotsOnWhiteSite
21800,24,13
timeStep,numberOfRobotsOnBlackSite,numberOfRobotsOnWhiteSite
21801,24,13
timeStep,numberOfRobotsOnBlackSite,numberOfRobotsOnWhiteSite
21802,24,13
timeStep,numberOfRobotsOnBlackSite,numberOfRobotsOnWhiteSite
21803,24,13
timeStep,numberOfRobotsOnBlackSite,numberOfRobotsOnWhiteSite
21804,24,13
timeStep,numberOfRobotsOnBlackSite,numberOfRobotsOnWhiteSite
21805,24,13
timeStep,numberOfRobotsOnBlackSite,numberOfRobotsOnWhiteSite
21806,24,13
timeStep,numberOfRobotsOnBlackSite,numberOfRobotsOnWhiteSite
21807,24,13
timeStep,numberOfRobotsOnBlackSite,numberOfRobotsOnWhiteSite
21808,24,13
timeStep,numberOfRobotsOnBlackSite,numberOfRobotsOnWhiteSite
21809,24,13
timeStep,numberOfRobotsOnBlackSite,numberOfRobotsOnWhiteSite
21810,24,13
timeStep,numberOfRobotsOnBlackSite,numberOfRobotsOnWhiteSite
21811,24,13
timeStep,numberOfRobotsOnBlackSite,numberOfRobotsOnWhiteSite
21812,24,13
timeStep,numberOfRobotsOnBlackSite,numberOfRobotsOnWhiteSite
21813,24,13
timeStep,numberOfRobotsOnBlackSite,numberOfRobotsOnWhiteSite
21814,24,13
timeStep,numberOfRobotsOnBlackSite,numberOfRobotsOnWhiteSite
21815,24,13
timeStep,numberOfRobotsOnBlackSite,numberOfRobotsOnWhiteSite
21816,24,13
timeStep,numberOfRobotsOnBlackSite,numberOfRobotsOnWhiteSite
21817,24,13
timeStep,numberOfRobotsOnBlackSite,numberOfRobotsOnWhiteSite
21818,24,13
timeStep,numberOfRobotsOnBlackSite,numberOfRobotsOnWhiteSite
21819,24,13
timeStep,numberOfRobotsOnBlackSite,numberOfRobotsOnWhiteSite
21820,24,13
timeStep,numberOfRobotsOnBlackSite,numberOfRobotsOnWhiteSite
21821,24,13
timeStep,numberOfRobotsOnBlackSite,numberOfRobotsOnWhiteSite
21822,24,13
timeStep,numberOfRobotsOnBlackSite,numberOfRobotsOnWhiteSite
21823,24,13
timeStep,numberOfRobotsOnBlackSite,numberOfRobotsOnWhiteSite
21824,24,13
timeStep,numberOfRobotsOnBlackSite,numberOfRobotsOnWhiteSite
21825,24,13
timeStep,numberOfRobotsOnBlackSite,numberOfRobotsOnWhiteSite
21826,24,13
timeStep,numberOfRobotsOnBlackSite,numberOfRobotsOnWhiteSite
21827,24,13
timeStep,numberOfRobotsOnBlackSite,numberOfRobotsOnWhiteSite
21828,24,13
timeStep,numberOfRobotsOnBlackSite,numberOfRobotsOnWhiteSite
21829,24,13
timeStep,numberOfRobotsOnBlackSite,numberOfRobotsOnWhiteSite
21830,24,13
timeStep,numberOfRobotsOnBlackSite,numberOfRobotsOnWhiteSite
21831,24,13
timeStep,numberOfRobotsOnBlackSite,numberOfRobotsOnWhiteSite
21832,24,13
timeStep,numberOfRobotsOnBlackSite,numberOfRobotsOnWhiteSite
21833,24,13
timeStep,numberOfRobotsOnBlackSite,numberOfRobotsOnWhiteSite
21834,24,13
timeStep,numberOfRobotsOnBlackSite,numberOfRobotsOnWhiteSite
21835,24,13
timeStep,numberOfRobotsOnBlackSite,numberOfRobotsOnWhiteSite
21836,24,13
timeStep,numberOfRobotsOnBlackSite,numberOfRobotsOnWhiteSite
21837,24,13
timeStep,numberOfRobotsOnBlackSite,numberOfRobotsOnWhiteSite
21838,24,13
timeStep,numberOfRobotsOnBlackSite,numberOfRobotsOnWhiteSite
21839,24,13
timeStep,numberOfRobotsOnBlackSite,numberOfRobotsOnWhiteSite
21840,25,13
timeStep,numberOfRobotsOnBlackSite,numberOfRobotsOnWhiteSite
21841,25,13
timeStep,numberOfRobotsOnBlackSite,numberOfRobotsOnWhiteSite
21842,25,13
timeStep,numberOfRobotsOnBlackSite,numberOfRobotsOnWhiteSite
21843,25,13
timeStep,numberOfRobotsOnBlackSite,numberOfRobotsOnWhiteSite
21844,25,13
timeStep,numberOfRobotsOnBlackSite,numberOfRobotsOnWhiteSite
21845,25,13
timeStep,numberOfRobotsOnBlackSite,numberOfRobotsOnWhiteSite
21846,25,13
timeStep,numberOfRobotsOnBlackSite,numberOfRobotsOnWhiteSite
21847,25,13
timeStep,numberOfRobotsOnBlackSite,numberOfRobotsOnWhiteSite
21848,25,13
timeStep,numberOfRobotsOnBlackSite,numberOfRobotsOnWhiteSite
21849,25,13
timeStep,numberOfRobotsOnBlackSite,numberOfRobotsOnWhiteSite
21850,25,13
timeStep,numberOfRobotsOnBlackSite,numberOfRobotsOnWhiteSite
21851,25,13
timeStep,numberOfRobotsOnBlackSite,numberOfRobotsOnWhiteSite
21852,25,13
timeStep,numberOfRobotsOnBlackSite,numberOfRobotsOnWhiteSite
21853,25,13
timeStep,numberOfRobotsOnBlackSite,numberOfRobotsOnWhiteSite
21854,25,13
timeStep,numberOfRobotsOnBlackSite,numberOfRobotsOnWhiteSite
21855,25,14
timeStep,numberOfRobotsOnBlackSite,numberOfRobotsOnWhiteSite
21856,25,14
timeStep,numberOfRobotsOnBlackSite,numberOfRobotsOnWhiteSite
21857,25,14
timeStep,numberOfRobotsOnBlackSite,numberOfRobotsOnWhiteSite
21858,25,14
timeStep,numberOfRobotsOnBlackSite,numberOfRobotsOnWhiteSite
21859,25,14
timeStep,numberOfRobotsOnBlackSite,numberOfRobotsOnWhiteSite
21860,25,14
timeStep,numberOfRobotsOnBlackSite,numberOfRobotsOnWhiteSite
21861,25,14
timeStep,numberOfRobotsOnBlackSite,numberOfRobotsOnWhiteSite
21862,25,14
timeStep,numberOfRobotsOnBlackSite,numberOfRobotsOnWhiteSite
21863,25,14
timeStep,numberOfRobotsOnBlackSite,numberOfRobotsOnWhiteSite
21864,25,14
timeStep,numberOfRobotsOnBlackSite,numberOfRobotsOnWhiteSite
21865,25,14
timeStep,numberOfRobotsOnBlackSite,numberOfRobotsOnWhiteSite
21866,25,14
timeStep,numberOfRobotsOnBlackSite,numberOfRobotsOnWhiteSite
21867,25,14
timeStep,numberOfRobotsOnBlackSite,numberOfRobotsOnWhiteSite
21868,25,14
timeStep,numberOfRobotsOnBlackSite,numberOfRobotsOnWhiteSite
21869,25,14
timeStep,numberOfRobotsOnBlackSite,numberOfRobotsOnWhiteSite
21870,25,14
timeStep,numberOfRobotsOnBlackSite,numberOfRobotsOnWhiteSite
21871,25,14
timeStep,numberOfRobotsOnBlackSite,numberOfRobotsOnWhiteSite
21872,25,14
timeStep,numberOfRobotsOnBlackSite,numberOfRobotsOnWhiteSite
21873,25,14
timeStep,numberOfRobotsOnBlackSite,numberOfRobotsOnWhiteSite
21874,25,14
timeStep,numberOfRobotsOnBlackSite,numberOfRobotsOnWhiteSite
21875,25,14
timeStep,numberOfRobotsOnBlackSite,numberOfRobotsOnWhiteSite
21876,25,14
timeStep,numberOfRobotsOnBlackSite,numberOfRobotsOnWhiteSite
21877,25,14
timeStep,numberOfRobotsOnBlackSite,numberOfRobotsOnWhiteSite
21878,25,14
timeStep,numberOfRobotsOnBlackSite,numberOfRobotsOnWhiteSite
21879,25,14
timeStep,numberOfRobotsOnBlackSite,numberOfRobotsOnWhiteSite
21880,25,14
timeStep,numberOfRobotsOnBlackSite,numberOfRobotsOnWhiteSite
21881,25,14
timeStep,numberOfRobotsOnBlackSite,numberOfRobotsOnWhiteSite
21882,25,14
timeStep,numberOfRobotsOnBlackSite,numberOfRobotsOnWhiteSite
21883,25,14
timeStep,numberOfRobotsOnBlackSite,numberOfRobotsOnWhiteSite
21884,25,14
timeStep,numberOfRobotsOnBlackSite,numberOfRobotsOnWhiteSite
21885,25,14
timeStep,numberOfRobotsOnBlackSite,numberOfRobotsOnWhiteSite
21886,25,14
timeStep,numberOfRobotsOnBlackSite,numberOfRobotsOnWhiteSite
21887,25,14
timeStep,numberOfRobotsOnBlackSite,numberOfRobotsOnWhiteSite
21888,25,14
timeStep,numberOfRobotsOnBlackSite,numberOfRobotsOnWhiteSite
21889,25,14
timeStep,numberOfRobotsOnBlackSite,numberOfRobotsOnWhiteSite
21890,25,14
timeStep,numberOfRobotsOnBlackSite,numberOfRobotsOnWhiteSite
21891,25,14
timeStep,numberOfRobotsOnBlackSite,numberOfRobotsOnWhiteSite
21892,25,14
timeStep,numberOfRobotsOnBlackSite,numberOfRobotsOnWhiteSite
21893,25,14
timeStep,numberOfRobotsOnBlackSite,numberOfRobotsOnWhiteSite
21894,25,14
timeStep,numberOfRobotsOnBlackSite,numberOfRobotsOnWhiteSite
21895,25,14
timeStep,numberOfRobotsOnBlackSite,numberOfRobotsOnWhiteSite
21896,25,14
timeStep,numberOfRobotsOnBlackSite,numberOfRobotsOnWhiteSite
21897,25,14
timeStep,numberOfRobotsOnBlackSite,numberOfRobotsOnWhiteSite
21898,25,14
timeStep,numberOfRobotsOnBlackSite,numberOfRobotsOnWhiteSite
21899,25,14
timeStep,numberOfRobotsOnBlackSite,numberOfRobotsOnWhiteSite
21900,25,14
timeStep,numberOfRobotsOnBlackSite,numberOfRobotsOnWhiteSite
21901,25,14
timeStep,numberOfRobotsOnBlackSite,numberOfRobotsOnWhiteSite
21902,25,14
timeStep,numberOfRobotsOnBlackSite,numberOfRobotsOnWhiteSite
21903,25,14
timeStep,numberOfRobotsOnBlackSite,numberOfRobotsOnWhiteSite
21904,25,14
timeStep,numberOfRobotsOnBlackSite,numberOfRobotsOnWhiteSite
21905,25,14
timeStep,numberOfRobotsOnBlackSite,numberOfRobotsOnWhiteSite
21906,25,14
timeStep,numberOfRobotsOnBlackSite,numberOfRobotsOnWhiteSite
21907,25,14
timeStep,numberOfRobotsOnBlackSite,numberOfRobotsOnWhiteSite
21908,25,14
timeStep,numberOfRobotsOnBlackSite,numberOfRobotsOnWhiteSite
21909,25,14
timeStep,numberOfRobotsOnBlackSite,numberOfRobotsOnWhiteSite
21910,25,14
timeStep,numberOfRobotsOnBlackSite,numberOfRobotsOnWhiteSite
21911,25,14
timeStep,numberOfRobotsOnBlackSite,numberOfRobotsOnWhiteSite
21912,25,14
timeStep,numberOfRobotsOnBlackSite,numberOfRobotsOnWhiteSite
21913,25,14
timeStep,numberOfRobotsOnBlackSite,numberOfRobotsOnWhiteSite
21914,25,14
timeStep,numberOfRobotsOnBlackSite,numberOfRobotsOnWhiteSite
21915,25,14
timeStep,numberOfRobotsOnBlackSite,numberOfRobotsOnWhiteSite
21916,25,14
timeStep,numberOfRobotsOnBlackSite,numberOfRobotsOnWhiteSite
21917,25,14
timeStep,numberOfRobotsOnBlackSite,numberOfRobotsOnWhiteSite
21918,25,14
timeStep,numberOfRobotsOnBlackSite,numberOfRobotsOnWhiteSite
21919,25,14
timeStep,numberOfRobotsOnBlackSite,numberOfRobotsOnWhiteSite
21920,24,14
timeStep,numberOfRobotsOnBlackSite,numberOfRobotsOnWhiteSite
21921,24,14
timeStep,numberOfRobotsOnBlackSite,numberOfRobotsOnWhiteSite
21922,24,14
timeStep,numberOfRobotsOnBlackSite,numberOfRobotsOnWhiteSite
21923,24,14
timeStep,numberOfRobotsOnBlackSite,numberOfRobotsOnWhiteSite
21924,24,14
timeStep,numberOfRobotsOnBlackSite,numberOfRobotsOnWhiteSite
21925,24,14
timeStep,numberOfRobotsOnBlackSite,numberOfRobotsOnWhiteSite
21926,24,14
timeStep,numberOfRobotsOnBlackSite,numberOfRobotsOnWhiteSite
21927,24,14
timeStep,numberOfRobotsOnBlackSite,numberOfRobotsOnWhiteSite
21928,24,14
timeStep,numberOfRobotsOnBlackSite,numberOfRobotsOnWhiteSite
21929,24,14
timeStep,numberOfRobotsOnBlackSite,numberOfRobotsOnWhiteSite
21930,24,14
timeStep,numberOfRobotsOnBlackSite,numberOfRobotsOnWhiteSite
21931,24,14
timeStep,numberOfRobotsOnBlackSite,numberOfRobotsOnWhiteSite
21932,24,14
timeStep,numberOfRobotsOnBlackSite,numberOfRobotsOnWhiteSite
21933,24,14
timeStep,numberOfRobotsOnBlackSite,numberOfRobotsOnWhiteSite
21934,24,14
timeStep,numberOfRobotsOnBlackSite,numberOfRobotsOnWhiteSite
21935,24,14
timeStep,numberOfRobotsOnBlackSite,numberOfRobotsOnWhiteSite
21936,24,14
timeStep,numberOfRobotsOnBlackSite,numberOfRobotsOnWhiteSite
21937,24,14
timeStep,numberOfRobotsOnBlackSite,numberOfRobotsOnWhiteSite
21938,24,14
timeStep,numberOfRobotsOnBlackSite,numberOfRobotsOnWhiteSite
21939,24,14
timeStep,numberOfRobotsOnBlackSite,numberOfRobotsOnWhiteSite
21940,24,14
timeStep,numberOfRobotsOnBlackSite,numberOfRobotsOnWhiteSite
21941,24,14
timeStep,numberOfRobotsOnBlackSite,numberOfRobotsOnWhiteSite
21942,24,14
timeStep,numberOfRobotsOnBlackSite,numberOfRobotsOnWhiteSite
21943,24,14
timeStep,numberOfRobotsOnBlackSite,numberOfRobotsOnWhiteSite
21944,24,14
timeStep,numberOfRobotsOnBlackSite,numberOfRobotsOnWhiteSite
21945,24,14
timeStep,numberOfRobotsOnBlackSite,numberOfRobotsOnWhiteSite
21946,24,14
timeStep,numberOfRobotsOnBlackSite,numberOfRobotsOnWhiteSite
21947,24,14
timeStep,numberOfRobotsOnBlackSite,numberOfRobotsOnWhiteSite
21948,24,14
timeStep,numberOfRobotsOnBlackSite,numberOfRobotsOnWhiteSite
21949,24,14
timeStep,numberOfRobotsOnBlackSite,numberOfRobotsOnWhiteSite
21950,24,14
timeStep,numberOfRobotsOnBlackSite,numberOfRobotsOnWhiteSite
21951,24,14
timeStep,numberOfRobotsOnBlackSite,numberOfRobotsOnWhiteSite
21952,24,14
timeStep,numberOfRobotsOnBlackSite,numberOfRobotsOnWhiteSite
21953,24,14
timeStep,numberOfRobotsOnBlackSite,numberOfRobotsOnWhiteSite
21954,24,14
timeStep,numberOfRobotsOnBlackSite,numberOfRobotsOnWhiteSite
21955,24,14
timeStep,numberOfRobotsOnBlackSite,numberOfRobotsOnWhiteSite
21956,24,14
timeStep,numberOfRobotsOnBlackSite,numberOfRobotsOnWhiteSite
21957,24,14
timeStep,numberOfRobotsOnBlackSite,numberOfRobotsOnWhiteSite
21958,24,14
timeStep,numberOfRobotsOnBlackSite,numberOfRobotsOnWhiteSite
21959,24,14
timeStep,numberOfRobotsOnBlackSite,numberOfRobotsOnWhiteSite
21960,24,14
timeStep,numberOfRobotsOnBlackSite,numberOfRobotsOnWhiteSite
21961,24,14
timeStep,numberOfRobotsOnBlackSite,numberOfRobotsOnWhiteSite
21962,24,14
timeStep,numberOfRobotsOnBlackSite,numberOfRobotsOnWhiteSite
21963,24,14
timeStep,numberOfRobotsOnBlackSite,numberOfRobotsOnWhiteSite
21964,24,14
timeStep,numberOfRobotsOnBlackSite,numberOfRobotsOnWhiteSite
21965,24,14
timeStep,numberOfRobotsOnBlackSite,numberOfRobotsOnWhiteSite
21966,24,14
timeStep,numberOfRobotsOnBlackSite,numberOfRobotsOnWhiteSite
21967,24,14
timeStep,numberOfRobotsOnBlackSite,numberOfRobotsOnWhiteSite
21968,24,14
timeStep,numberOfRobotsOnBlackSite,numberOfRobotsOnWhiteSite
21969,24,14
timeStep,numberOfRobotsOnBlackSite,numberOfRobotsOnWhiteSite
21970,24,14
timeStep,numberOfRobotsOnBlackSite,numberOfRobotsOnWhiteSite
21971,24,14
timeStep,numberOfRobotsOnBlackSite,numberOfRobotsOnWhiteSite
21972,24,14
timeStep,numberOfRobotsOnBlackSite,numberOfRobotsOnWhiteSite
21973,24,14
timeStep,numberOfRobotsOnBlackSite,numberOfRobotsOnWhiteSite
21974,24,14
timeStep,numberOfRobotsOnBlackSite,numberOfRobotsOnWhiteSite
21975,24,14
timeStep,numberOfRobotsOnBlackSite,numberOfRobotsOnWhiteSite
21976,24,14
timeStep,numberOfRobotsOnBlackSite,numberOfRobotsOnWhiteSite
21977,24,14
timeStep,numberOfRobotsOnBlackSite,numberOfRobotsOnWhiteSite
21978,24,14
timeStep,numberOfRobotsOnBlackSite,numberOfRobotsOnWhiteSite
21979,24,14
timeStep,numberOfRobotsOnBlackSite,numberOfRobotsOnWhiteSite
21980,24,14
timeStep,numberOfRobotsOnBlackSite,numberOfRobotsOnWhiteSite
21981,24,14
timeStep,numberOfRobotsOnBlackSite,numberOfRobotsOnWhiteSite
21982,24,14
timeStep,numberOfRobotsOnBlackSite,numberOfRobotsOnWhiteSite
21983,24,14
timeStep,numberOfRobotsOnBlackSite,numberOfRobotsOnWhiteSite
21984,24,14
timeStep,numberOfRobotsOnBlackSite,numberOfRobotsOnWhiteSite
21985,24,14
timeStep,numberOfRobotsOnBlackSite,numberOfRobotsOnWhiteSite
21986,24,14
timeStep,numberOfRobotsOnBlackSite,numberOfRobotsOnWhiteSite
21987,24,14
timeStep,numberOfRobotsOnBlackSite,numberOfRobotsOnWhiteSite
21988,24,14
timeStep,numberOfRobotsOnBlackSite,numberOfRobotsOnWhiteSite
21989,24,14
timeStep,numberOfRobotsOnBlackSite,numberOfRobotsOnWhiteSite
21990,24,14
timeStep,numberOfRobotsOnBlackSite,numberOfRobotsOnWhiteSite
21991,24,14
timeStep,numberOfRobotsOnBlackSite,numberOfRobotsOnWhiteSite
21992,24,14
timeStep,numberOfRobotsOnBlackSite,numberOfRobotsOnWhiteSite
21993,24,14
timeStep,numberOfRobotsOnBlackSite,numberOfRobotsOnWhiteSite
21994,24,14
timeStep,numberOfRobotsOnBlackSite,numberOfRobotsOnWhiteSite
21995,24,14
timeStep,numberOfRobotsOnBlackSite,numberOfRobotsOnWhiteSite
21996,24,14
timeStep,numberOfRobotsOnBlackSite,numberOfRobotsOnWhiteSite
21997,24,14
timeStep,numberOfRobotsOnBlackSite,numberOfRobotsOnWhiteSite
21998,24,14
timeStep,numberOfRobotsOnBlackSite,numberOfRobotsOnWhiteSite
21999,24,14
timeStep,numberOfRobotsOnBlackSite,numberOfRobotsOnWhiteSite
22000,24,14
timeStep,numberOfRobotsOnBlackSite,numberOfRobotsOnWhiteSite
22001,24,14
timeStep,numberOfRobotsOnBlackSite,numberOfRobotsOnWhiteSite
22002,24,14
timeStep,numberOfRobotsOnBlackSite,numberOfRobotsOnWhiteSite
22003,24,14
timeStep,numberOfRobotsOnBlackSite,numberOfRobotsOnWhiteSite
22004,24,14
timeStep,numberOfRobotsOnBlackSite,numberOfRobotsOnWhiteSite
22005,24,14
timeStep,numberOfRobotsOnBlackSite,numberOfRobotsOnWhiteSite
22006,24,14
timeStep,numberOfRobotsOnBlackSite,numberOfRobotsOnWhiteSite
22007,24,14
timeStep,numberOfRobotsOnBlackSite,numberOfRobotsOnWhiteSite
22008,24,14
timeStep,numberOfRobotsOnBlackSite,numberOfRobotsOnWhiteSite
22009,24,14
timeStep,numberOfRobotsOnBlackSite,numberOfRobotsOnWhiteSite
22010,24,14
timeStep,numberOfRobotsOnBlackSite,numberOfRobotsOnWhiteSite
22011,24,14
timeStep,numberOfRobotsOnBlackSite,numberOfRobotsOnWhiteSite
22012,24,14
timeStep,numberOfRobotsOnBlackSite,numberOfRobotsOnWhiteSite
22013,24,14
timeStep,numberOfRobotsOnBlackSite,numberOfRobotsOnWhiteSite
22014,24,14
timeStep,numberOfRobotsOnBlackSite,numberOfRobotsOnWhiteSite
22015,24,14
timeStep,numberOfRobotsOnBlackSite,numberOfRobotsOnWhiteSite
22016,24,14
timeStep,numberOfRobotsOnBlackSite,numberOfRobotsOnWhiteSite
22017,24,14
timeStep,numberOfRobotsOnBlackSite,numberOfRobotsOnWhiteSite
22018,24,14
timeStep,numberOfRobotsOnBlackSite,numberOfRobotsOnWhiteSite
22019,24,14
timeStep,numberOfRobotsOnBlackSite,numberOfRobotsOnWhiteSite
22020,24,14
timeStep,numberOfRobotsOnBlackSite,numberOfRobotsOnWhiteSite
22021,24,14
timeStep,numberOfRobotsOnBlackSite,numberOfRobotsOnWhiteSite
22022,24,14
timeStep,numberOfRobotsOnBlackSite,numberOfRobotsOnWhiteSite
22023,24,14
timeStep,numberOfRobotsOnBlackSite,numberOfRobotsOnWhiteSite
22024,24,14
timeStep,numberOfRobotsOnBlackSite,numberOfRobotsOnWhiteSite
22025,24,14
timeStep,numberOfRobotsOnBlackSite,numberOfRobotsOnWhiteSite
22026,24,14
timeStep,numberOfRobotsOnBlackSite,numberOfRobotsOnWhiteSite
22027,24,14
timeStep,numberOfRobotsOnBlackSite,numberOfRobotsOnWhiteSite
22028,24,14
timeStep,numberOfRobotsOnBlackSite,numberOfRobotsOnWhiteSite
22029,24,14
timeStep,numberOfRobotsOnBlackSite,numberOfRobotsOnWhiteSite
22030,24,14
timeStep,numberOfRobotsOnBlackSite,numberOfRobotsOnWhiteSite
22031,24,14
timeStep,numberOfRobotsOnBlackSite,numberOfRobotsOnWhiteSite
22032,24,14
timeStep,numberOfRobotsOnBlackSite,numberOfRobotsOnWhiteSite
22033,24,14
timeStep,numberOfRobotsOnBlackSite,numberOfRobotsOnWhiteSite
22034,24,14
timeStep,numberOfRobotsOnBlackSite,numberOfRobotsOnWhiteSite
22035,24,14
timeStep,numberOfRobotsOnBlackSite,numberOfRobotsOnWhiteSite
22036,24,14
timeStep,numberOfRobotsOnBlackSite,numberOfRobotsOnWhiteSite
22037,24,14
timeStep,numberOfRobotsOnBlackSite,numberOfRobotsOnWhiteSite
22038,24,14
timeStep,numberOfRobotsOnBlackSite,numberOfRobotsOnWhiteSite
22039,24,14
timeStep,numberOfRobotsOnBlackSite,numberOfRobotsOnWhiteSite
22040,24,14
timeStep,numberOfRobotsOnBlackSite,numberOfRobotsOnWhiteSite
22041,24,14
timeStep,numberOfRobotsOnBlackSite,numberOfRobotsOnWhiteSite
22042,24,14
timeStep,numberOfRobotsOnBlackSite,numberOfRobotsOnWhiteSite
22043,24,14
timeStep,numberOfRobotsOnBlackSite,numberOfRobotsOnWhiteSite
22044,24,14
timeStep,numberOfRobotsOnBlackSite,numberOfRobotsOnWhiteSite
22045,23,14
timeStep,numberOfRobotsOnBlackSite,numberOfRobotsOnWhiteSite
22046,23,14
timeStep,numberOfRobotsOnBlackSite,numberOfRobotsOnWhiteSite
22047,23,14
timeStep,numberOfRobotsOnBlackSite,numberOfRobotsOnWhiteSite
22048,23,14
timeStep,numberOfRobotsOnBlackSite,numberOfRobotsOnWhiteSite
22049,23,14
timeStep,numberOfRobotsOnBlackSite,numberOfRobotsOnWhiteSite
22050,23,14
timeStep,numberOfRobotsOnBlackSite,numberOfRobotsOnWhiteSite
22051,23,14
timeStep,numberOfRobotsOnBlackSite,numberOfRobotsOnWhiteSite
22052,23,14
timeStep,numberOfRobotsOnBlackSite,numberOfRobotsOnWhiteSite
22053,23,14
timeStep,numberOfRobotsOnBlackSite,numberOfRobotsOnWhiteSite
22054,23,14
timeStep,numberOfRobotsOnBlackSite,numberOfRobotsOnWhiteSite
22055,23,14
timeStep,numberOfRobotsOnBlackSite,numberOfRobotsOnWhiteSite
22056,23,14
timeStep,numberOfRobotsOnBlackSite,numberOfRobotsOnWhiteSite
22057,23,14
timeStep,numberOfRobotsOnBlackSite,numberOfRobotsOnWhiteSite
22058,23,14
timeStep,numberOfRobotsOnBlackSite,numberOfRobotsOnWhiteSite
22059,23,14
timeStep,numberOfRobotsOnBlackSite,numberOfRobotsOnWhiteSite
22060,23,14
timeStep,numberOfRobotsOnBlackSite,numberOfRobotsOnWhiteSite
22061,23,14
timeStep,numberOfRobotsOnBlackSite,numberOfRobotsOnWhiteSite
22062,23,14
timeStep,numberOfRobotsOnBlackSite,numberOfRobotsOnWhiteSite
22063,23,14
timeStep,numberOfRobotsOnBlackSite,numberOfRobotsOnWhiteSite
22064,23,14
timeStep,numberOfRobotsOnBlackSite,numberOfRobotsOnWhiteSite
22065,23,14
timeStep,numberOfRobotsOnBlackSite,numberOfRobotsOnWhiteSite
22066,23,14
timeStep,numberOfRobotsOnBlackSite,numberOfRobotsOnWhiteSite
22067,23,14
timeStep,numberOfRobotsOnBlackSite,numberOfRobotsOnWhiteSite
22068,23,14
timeStep,numberOfRobotsOnBlackSite,numberOfRobotsOnWhiteSite
22069,23,14
timeStep,numberOfRobotsOnBlackSite,numberOfRobotsOnWhiteSite
22070,23,14
timeStep,numberOfRobotsOnBlackSite,numberOfRobotsOnWhiteSite
22071,23,14
timeStep,numberOfRobotsOnBlackSite,numberOfRobotsOnWhiteSite
22072,23,14
timeStep,numberOfRobotsOnBlackSite,numberOfRobotsOnWhiteSite
22073,23,14
timeStep,numberOfRobotsOnBlackSite,numberOfRobotsOnWhiteSite
22074,23,14
timeStep,numberOfRobotsOnBlackSite,numberOfRobotsOnWhiteSite
22075,23,14
timeStep,numberOfRobotsOnBlackSite,numberOfRobotsOnWhiteSite
22076,23,14
timeStep,numberOfRobotsOnBlackSite,numberOfRobotsOnWhiteSite
22077,23,14
timeStep,numberOfRobotsOnBlackSite,numberOfRobotsOnWhiteSite
22078,23,14
timeStep,numberOfRobotsOnBlackSite,numberOfRobotsOnWhiteSite
22079,23,14
timeStep,numberOfRobotsOnBlackSite,numberOfRobotsOnWhiteSite
22080,24,14
timeStep,numberOfRobotsOnBlackSite,numberOfRobotsOnWhiteSite
22081,24,14
timeStep,numberOfRobotsOnBlackSite,numberOfRobotsOnWhiteSite
22082,24,14
timeStep,numberOfRobotsOnBlackSite,numberOfRobotsOnWhiteSite
22083,24,14
timeStep,numberOfRobotsOnBlackSite,numberOfRobotsOnWhiteSite
22084,24,14
timeStep,numberOfRobotsOnBlackSite,numberOfRobotsOnWhiteSite
22085,24,14
timeStep,numberOfRobotsOnBlackSite,numberOfRobotsOnWhiteSite
22086,24,14
timeStep,numberOfRobotsOnBlackSite,numberOfRobotsOnWhiteSite
22087,24,14
timeStep,numberOfRobotsOnBlackSite,numberOfRobotsOnWhiteSite
22088,24,14
timeStep,numberOfRobotsOnBlackSite,numberOfRobotsOnWhiteSite
22089,24,14
timeStep,numberOfRobotsOnBlackSite,numberOfRobotsOnWhiteSite
22090,24,14
timeStep,numberOfRobotsOnBlackSite,numberOfRobotsOnWhiteSite
22091,24,14
timeStep,numberOfRobotsOnBlackSite,numberOfRobotsOnWhiteSite
22092,24,14
timeStep,numberOfRobotsOnBlackSite,numberOfRobotsOnWhiteSite
22093,24,14
timeStep,numberOfRobotsOnBlackSite,numberOfRobotsOnWhiteSite
22094,24,14
timeStep,numberOfRobotsOnBlackSite,numberOfRobotsOnWhiteSite
22095,25,14
timeStep,numberOfRobotsOnBlackSite,numberOfRobotsOnWhiteSite
22096,25,14
timeStep,numberOfRobotsOnBlackSite,numberOfRobotsOnWhiteSite
22097,25,14
timeStep,numberOfRobotsOnBlackSite,numberOfRobotsOnWhiteSite
22098,25,14
timeStep,numberOfRobotsOnBlackSite,numberOfRobotsOnWhiteSite
22099,25,14
timeStep,numberOfRobotsOnBlackSite,numberOfRobotsOnWhiteSite
22100,25,14
timeStep,numberOfRobotsOnBlackSite,numberOfRobotsOnWhiteSite
22101,25,14
timeStep,numberOfRobotsOnBlackSite,numberOfRobotsOnWhiteSite
22102,25,14
timeStep,numberOfRobotsOnBlackSite,numberOfRobotsOnWhiteSite
22103,25,14
timeStep,numberOfRobotsOnBlackSite,numberOfRobotsOnWhiteSite
22104,25,14
timeStep,numberOfRobotsOnBlackSite,numberOfRobotsOnWhiteSite
22105,25,14
timeStep,numberOfRobotsOnBlackSite,numberOfRobotsOnWhiteSite
22106,25,14
timeStep,numberOfRobotsOnBlackSite,numberOfRobotsOnWhiteSite
22107,25,14
timeStep,numberOfRobotsOnBlackSite,numberOfRobotsOnWhiteSite
22108,25,14
timeStep,numberOfRobotsOnBlackSite,numberOfRobotsOnWhiteSite
22109,25,14
timeStep,numberOfRobotsOnBlackSite,numberOfRobotsOnWhiteSite
22110,25,14
timeStep,numberOfRobotsOnBlackSite,numberOfRobotsOnWhiteSite
22111,25,14
timeStep,numberOfRobotsOnBlackSite,numberOfRobotsOnWhiteSite
22112,25,14
timeStep,numberOfRobotsOnBlackSite,numberOfRobotsOnWhiteSite
22113,25,14
timeStep,numberOfRobotsOnBlackSite,numberOfRobotsOnWhiteSite
22114,25,14
timeStep,numberOfRobotsOnBlackSite,numberOfRobotsOnWhiteSite
22115,25,14
timeStep,numberOfRobotsOnBlackSite,numberOfRobotsOnWhiteSite
22116,25,14
timeStep,numberOfRobotsOnBlackSite,numberOfRobotsOnWhiteSite
22117,25,14
timeStep,numberOfRobotsOnBlackSite,numberOfRobotsOnWhiteSite
22118,25,14
timeStep,numberOfRobotsOnBlackSite,numberOfRobotsOnWhiteSite
22119,25,14
timeStep,numberOfRobotsOnBlackSite,numberOfRobotsOnWhiteSite
22120,25,14
timeStep,numberOfRobotsOnBlackSite,numberOfRobotsOnWhiteSite
22121,25,14
timeStep,numberOfRobotsOnBlackSite,numberOfRobotsOnWhiteSite
22122,25,14
timeStep,numberOfRobotsOnBlackSite,numberOfRobotsOnWhiteSite
22123,25,14
timeStep,numberOfRobotsOnBlackSite,numberOfRobotsOnWhiteSite
22124,25,14
timeStep,numberOfRobotsOnBlackSite,numberOfRobotsOnWhiteSite
22125,25,14
timeStep,numberOfRobotsOnBlackSite,numberOfRobotsOnWhiteSite
22126,25,14
timeStep,numberOfRobotsOnBlackSite,numberOfRobotsOnWhiteSite
22127,25,14
timeStep,numberOfRobotsOnBlackSite,numberOfRobotsOnWhiteSite
22128,25,14
timeStep,numberOfRobotsOnBlackSite,numberOfRobotsOnWhiteSite
22129,25,14
timeStep,numberOfRobotsOnBlackSite,numberOfRobotsOnWhiteSite
22130,25,15
timeStep,numberOfRobotsOnBlackSite,numberOfRobotsOnWhiteSite
22131,25,15
timeStep,numberOfRobotsOnBlackSite,numberOfRobotsOnWhiteSite
22132,25,15
timeStep,numberOfRobotsOnBlackSite,numberOfRobotsOnWhiteSite
22133,25,15
timeStep,numberOfRobotsOnBlackSite,numberOfRobotsOnWhiteSite
22134,25,15
timeStep,numberOfRobotsOnBlackSite,numberOfRobotsOnWhiteSite
22135,25,15
timeStep,numberOfRobotsOnBlackSite,numberOfRobotsOnWhiteSite
22136,25,15
timeStep,numberOfRobotsOnBlackSite,numberOfRobotsOnWhiteSite
22137,25,15
timeStep,numberOfRobotsOnBlackSite,numberOfRobotsOnWhiteSite
22138,25,15
timeStep,numberOfRobotsOnBlackSite,numberOfRobotsOnWhiteSite
22139,25,15
timeStep,numberOfRobotsOnBlackSite,numberOfRobotsOnWhiteSite
22140,25,15
timeStep,numberOfRobotsOnBlackSite,numberOfRobotsOnWhiteSite
22141,25,15
timeStep,numberOfRobotsOnBlackSite,numberOfRobotsOnWhiteSite
22142,25,15
timeStep,numberOfRobotsOnBlackSite,numberOfRobotsOnWhiteSite
22143,25,15
timeStep,numberOfRobotsOnBlackSite,numberOfRobotsOnWhiteSite
22144,25,15
timeStep,numberOfRobotsOnBlackSite,numberOfRobotsOnWhiteSite
22145,25,15
timeStep,numberOfRobotsOnBlackSite,numberOfRobotsOnWhiteSite
22146,25,15
timeStep,numberOfRobotsOnBlackSite,numberOfRobotsOnWhiteSite
22147,25,15
timeStep,numberOfRobotsOnBlackSite,numberOfRobotsOnWhiteSite
22148,25,15
timeStep,numberOfRobotsOnBlackSite,numberOfRobotsOnWhiteSite
22149,25,15
timeStep,numberOfRobotsOnBlackSite,numberOfRobotsOnWhiteSite
22150,25,15
timeStep,numberOfRobotsOnBlackSite,numberOfRobotsOnWhiteSite
22151,25,15
timeStep,numberOfRobotsOnBlackSite,numberOfRobotsOnWhiteSite
22152,25,15
timeStep,numberOfRobotsOnBlackSite,numberOfRobotsOnWhiteSite
22153,25,15
timeStep,numberOfRobotsOnBlackSite,numberOfRobotsOnWhiteSite
22154,25,15
timeStep,numberOfRobotsOnBlackSite,numberOfRobotsOnWhiteSite
22155,25,15
timeStep,numberOfRobotsOnBlackSite,numberOfRobotsOnWhiteSite
22156,25,15
timeStep,numberOfRobotsOnBlackSite,numberOfRobotsOnWhiteSite
22157,25,15
timeStep,numberOfRobotsOnBlackSite,numberOfRobotsOnWhiteSite
22158,25,15
timeStep,numberOfRobotsOnBlackSite,numberOfRobotsOnWhiteSite
22159,25,15
timeStep,numberOfRobotsOnBlackSite,numberOfRobotsOnWhiteSite
22160,25,15
timeStep,numberOfRobotsOnBlackSite,numberOfRobotsOnWhiteSite
22161,25,15
timeStep,numberOfRobotsOnBlackSite,numberOfRobotsOnWhiteSite
22162,25,15
timeStep,numberOfRobotsOnBlackSite,numberOfRobotsOnWhiteSite
22163,25,15
timeStep,numberOfRobotsOnBlackSite,numberOfRobotsOnWhiteSite
22164,25,15
timeStep,numberOfRobotsOnBlackSite,numberOfRobotsOnWhiteSite
22165,25,15
timeStep,numberOfRobotsOnBlackSite,numberOfRobotsOnWhiteSite
22166,25,15
timeStep,numberOfRobotsOnBlackSite,numberOfRobotsOnWhiteSite
22167,25,15
timeStep,numberOfRobotsOnBlackSite,numberOfRobotsOnWhiteSite
22168,25,15
timeStep,numberOfRobotsOnBlackSite,numberOfRobotsOnWhiteSite
22169,25,15
timeStep,numberOfRobotsOnBlackSite,numberOfRobotsOnWhiteSite
22170,25,15
timeStep,numberOfRobotsOnBlackSite,numberOfRobotsOnWhiteSite
22171,25,15
timeStep,numberOfRobotsOnBlackSite,numberOfRobotsOnWhiteSite
22172,25,15
timeStep,numberOfRobotsOnBlackSite,numberOfRobotsOnWhiteSite
22173,25,15
timeStep,numberOfRobotsOnBlackSite,numberOfRobotsOnWhiteSite
22174,25,15
timeStep,numberOfRobotsOnBlackSite,numberOfRobotsOnWhiteSite
22175,25,15
timeStep,numberOfRobotsOnBlackSite,numberOfRobotsOnWhiteSite
22176,25,15
timeStep,numberOfRobotsOnBlackSite,numberOfRobotsOnWhiteSite
22177,25,15
timeStep,numberOfRobotsOnBlackSite,numberOfRobotsOnWhiteSite
22178,25,15
timeStep,numberOfRobotsOnBlackSite,numberOfRobotsOnWhiteSite
22179,25,15
timeStep,numberOfRobotsOnBlackSite,numberOfRobotsOnWhiteSite
22180,25,15
timeStep,numberOfRobotsOnBlackSite,numberOfRobotsOnWhiteSite
22181,25,15
timeStep,numberOfRobotsOnBlackSite,numberOfRobotsOnWhiteSite
22182,25,15
timeStep,numberOfRobotsOnBlackSite,numberOfRobotsOnWhiteSite
22183,25,15
timeStep,numberOfRobotsOnBlackSite,numberOfRobotsOnWhiteSite
22184,25,15
timeStep,numberOfRobotsOnBlackSite,numberOfRobotsOnWhiteSite
22185,26,15
timeStep,numberOfRobotsOnBlackSite,numberOfRobotsOnWhiteSite
22186,26,15
timeStep,numberOfRobotsOnBlackSite,numberOfRobotsOnWhiteSite
22187,26,15
timeStep,numberOfRobotsOnBlackSite,numberOfRobotsOnWhiteSite
22188,26,15
timeStep,numberOfRobotsOnBlackSite,numberOfRobotsOnWhiteSite
22189,26,15
timeStep,numberOfRobotsOnBlackSite,numberOfRobotsOnWhiteSite
22190,26,15
timeStep,numberOfRobotsOnBlackSite,numberOfRobotsOnWhiteSite
22191,26,15
timeStep,numberOfRobotsOnBlackSite,numberOfRobotsOnWhiteSite
22192,26,15
timeStep,numberOfRobotsOnBlackSite,numberOfRobotsOnWhiteSite
22193,26,15
timeStep,numberOfRobotsOnBlackSite,numberOfRobotsOnWhiteSite
22194,26,15
timeStep,numberOfRobotsOnBlackSite,numberOfRobotsOnWhiteSite
22195,26,15
timeStep,numberOfRobotsOnBlackSite,numberOfRobotsOnWhiteSite
22196,26,15
timeStep,numberOfRobotsOnBlackSite,numberOfRobotsOnWhiteSite
22197,26,15
timeStep,numberOfRobotsOnBlackSite,numberOfRobotsOnWhiteSite
22198,26,15
timeStep,numberOfRobotsOnBlackSite,numberOfRobotsOnWhiteSite
22199,26,15
timeStep,numberOfRobotsOnBlackSite,numberOfRobotsOnWhiteSite
22200,26,15
timeStep,numberOfRobotsOnBlackSite,numberOfRobotsOnWhiteSite
22201,26,15
timeStep,numberOfRobotsOnBlackSite,numberOfRobotsOnWhiteSite
22202,26,15
timeStep,numberOfRobotsOnBlackSite,numberOfRobotsOnWhiteSite
22203,26,15
timeStep,numberOfRobotsOnBlackSite,numberOfRobotsOnWhiteSite
22204,26,15
timeStep,numberOfRobotsOnBlackSite,numberOfRobotsOnWhiteSite
22205,26,15
timeStep,numberOfRobotsOnBlackSite,numberOfRobotsOnWhiteSite
22206,26,15
timeStep,numberOfRobotsOnBlackSite,numberOfRobotsOnWhiteSite
22207,26,15
timeStep,numberOfRobotsOnBlackSite,numberOfRobotsOnWhiteSite
22208,26,15
timeStep,numberOfRobotsOnBlackSite,numberOfRobotsOnWhiteSite
22209,26,15
timeStep,numberOfRobotsOnBlackSite,numberOfRobotsOnWhiteSite
22210,26,15
timeStep,numberOfRobotsOnBlackSite,numberOfRobotsOnWhiteSite
22211,26,15
timeStep,numberOfRobotsOnBlackSite,numberOfRobotsOnWhiteSite
22212,26,15
timeStep,numberOfRobotsOnBlackSite,numberOfRobotsOnWhiteSite
22213,26,15
timeStep,numberOfRobotsOnBlackSite,numberOfRobotsOnWhiteSite
22214,26,15
timeStep,numberOfRobotsOnBlackSite,numberOfRobotsOnWhiteSite
22215,25,15
timeStep,numberOfRobotsOnBlackSite,numberOfRobotsOnWhiteSite
22216,25,15
timeStep,numberOfRobotsOnBlackSite,numberOfRobotsOnWhiteSite
22217,25,15
timeStep,numberOfRobotsOnBlackSite,numberOfRobotsOnWhiteSite
22218,25,15
timeStep,numberOfRobotsOnBlackSite,numberOfRobotsOnWhiteSite
22219,25,15
timeStep,numberOfRobotsOnBlackSite,numberOfRobotsOnWhiteSite
22220,24,15
timeStep,numberOfRobotsOnBlackSite,numberOfRobotsOnWhiteSite
22221,24,15
timeStep,numberOfRobotsOnBlackSite,numberOfRobotsOnWhiteSite
22222,24,15
timeStep,numberOfRobotsOnBlackSite,numberOfRobotsOnWhiteSite
22223,24,15
timeStep,numberOfRobotsOnBlackSite,numberOfRobotsOnWhiteSite
22224,24,15
timeStep,numberOfRobotsOnBlackSite,numberOfRobotsOnWhiteSite
22225,24,15
timeStep,numberOfRobotsOnBlackSite,numberOfRobotsOnWhiteSite
22226,24,15
timeStep,numberOfRobotsOnBlackSite,numberOfRobotsOnWhiteSite
22227,24,15
timeStep,numberOfRobotsOnBlackSite,numberOfRobotsOnWhiteSite
22228,24,15
timeStep,numberOfRobotsOnBlackSite,numberOfRobotsOnWhiteSite
22229,24,15
timeStep,numberOfRobotsOnBlackSite,numberOfRobotsOnWhiteSite
22230,24,15
timeStep,numberOfRobotsOnBlackSite,numberOfRobotsOnWhiteSite
22231,24,15
timeStep,numberOfRobotsOnBlackSite,numberOfRobotsOnWhiteSite
22232,24,15
timeStep,numberOfRobotsOnBlackSite,numberOfRobotsOnWhiteSite
22233,24,15
timeStep,numberOfRobotsOnBlackSite,numberOfRobotsOnWhiteSite
22234,24,15
timeStep,numberOfRobotsOnBlackSite,numberOfRobotsOnWhiteSite
22235,24,15
timeStep,numberOfRobotsOnBlackSite,numberOfRobotsOnWhiteSite
22236,24,15
timeStep,numberOfRobotsOnBlackSite,numberOfRobotsOnWhiteSite
22237,24,15
timeStep,numberOfRobotsOnBlackSite,numberOfRobotsOnWhiteSite
22238,24,15
timeStep,numberOfRobotsOnBlackSite,numberOfRobotsOnWhiteSite
22239,24,15
timeStep,numberOfRobotsOnBlackSite,numberOfRobotsOnWhiteSite
22240,24,15
timeStep,numberOfRobotsOnBlackSite,numberOfRobotsOnWhiteSite
22241,24,15
timeStep,numberOfRobotsOnBlackSite,numberOfRobotsOnWhiteSite
22242,24,15
timeStep,numberOfRobotsOnBlackSite,numberOfRobotsOnWhiteSite
22243,24,15
timeStep,numberOfRobotsOnBlackSite,numberOfRobotsOnWhiteSite
22244,24,15
timeStep,numberOfRobotsOnBlackSite,numberOfRobotsOnWhiteSite
22245,24,15
timeStep,numberOfRobotsOnBlackSite,numberOfRobotsOnWhiteSite
22246,24,15
timeStep,numberOfRobotsOnBlackSite,numberOfRobotsOnWhiteSite
22247,24,15
timeStep,numberOfRobotsOnBlackSite,numberOfRobotsOnWhiteSite
22248,24,15
timeStep,numberOfRobotsOnBlackSite,numberOfRobotsOnWhiteSite
22249,24,15
timeStep,numberOfRobotsOnBlackSite,numberOfRobotsOnWhiteSite
22250,24,15
timeStep,numberOfRobotsOnBlackSite,numberOfRobotsOnWhiteSite
22251,24,15
timeStep,numberOfRobotsOnBlackSite,numberOfRobotsOnWhiteSite
22252,24,15
timeStep,numberOfRobotsOnBlackSite,numberOfRobotsOnWhiteSite
22253,24,15
timeStep,numberOfRobotsOnBlackSite,numberOfRobotsOnWhiteSite
22254,24,15
timeStep,numberOfRobotsOnBlackSite,numberOfRobotsOnWhiteSite
22255,24,15
timeStep,numberOfRobotsOnBlackSite,numberOfRobotsOnWhiteSite
22256,24,15
timeStep,numberOfRobotsOnBlackSite,numberOfRobotsOnWhiteSite
22257,24,15
timeStep,numberOfRobotsOnBlackSite,numberOfRobotsOnWhiteSite
22258,24,15
timeStep,numberOfRobotsOnBlackSite,numberOfRobotsOnWhiteSite
22259,24,15
timeStep,numberOfRobotsOnBlackSite,numberOfRobotsOnWhiteSite
22260,24,15
timeStep,numberOfRobotsOnBlackSite,numberOfRobotsOnWhiteSite
22261,24,15
timeStep,numberOfRobotsOnBlackSite,numberOfRobotsOnWhiteSite
22262,24,15
timeStep,numberOfRobotsOnBlackSite,numberOfRobotsOnWhiteSite
22263,24,15
timeStep,numberOfRobotsOnBlackSite,numberOfRobotsOnWhiteSite
22264,24,15
timeStep,numberOfRobotsOnBlackSite,numberOfRobotsOnWhiteSite
22265,24,15
timeStep,numberOfRobotsOnBlackSite,numberOfRobotsOnWhiteSite
22266,24,15
timeStep,numberOfRobotsOnBlackSite,numberOfRobotsOnWhiteSite
22267,24,15
timeStep,numberOfRobotsOnBlackSite,numberOfRobotsOnWhiteSite
22268,24,15
timeStep,numberOfRobotsOnBlackSite,numberOfRobotsOnWhiteSite
22269,24,15
timeStep,numberOfRobotsOnBlackSite,numberOfRobotsOnWhiteSite
22270,24,14
timeStep,numberOfRobotsOnBlackSite,numberOfRobotsOnWhiteSite
22271,24,14
timeStep,numberOfRobotsOnBlackSite,numberOfRobotsOnWhiteSite
22272,24,14
timeStep,numberOfRobotsOnBlackSite,numberOfRobotsOnWhiteSite
22273,24,14
timeStep,numberOfRobotsOnBlackSite,numberOfRobotsOnWhiteSite
22274,24,14
timeStep,numberOfRobotsOnBlackSite,numberOfRobotsOnWhiteSite
22275,24,14
timeStep,numberOfRobotsOnBlackSite,numberOfRobotsOnWhiteSite
22276,24,14
timeStep,numberOfRobotsOnBlackSite,numberOfRobotsOnWhiteSite
22277,24,14
timeStep,numberOfRobotsOnBlackSite,numberOfRobotsOnWhiteSite
22278,24,14
timeStep,numberOfRobotsOnBlackSite,numberOfRobotsOnWhiteSite
22279,24,14
timeStep,numberOfRobotsOnBlackSite,numberOfRobotsOnWhiteSite
22280,24,14
timeStep,numberOfRobotsOnBlackSite,numberOfRobotsOnWhiteSite
22281,24,14
timeStep,numberOfRobotsOnBlackSite,numberOfRobotsOnWhiteSite
22282,24,14
timeStep,numberOfRobotsOnBlackSite,numberOfRobotsOnWhiteSite
22283,24,14
timeStep,numberOfRobotsOnBlackSite,numberOfRobotsOnWhiteSite
22284,24,14
timeStep,numberOfRobotsOnBlackSite,numberOfRobotsOnWhiteSite
22285,24,13
timeStep,numberOfRobotsOnBlackSite,numberOfRobotsOnWhiteSite
22286,24,13
timeStep,numberOfRobotsOnBlackSite,numberOfRobotsOnWhiteSite
22287,24,13
timeStep,numberOfRobotsOnBlackSite,numberOfRobotsOnWhiteSite
22288,24,13
timeStep,numberOfRobotsOnBlackSite,numberOfRobotsOnWhiteSite
22289,24,13
timeStep,numberOfRobotsOnBlackSite,numberOfRobotsOnWhiteSite
22290,24,13
timeStep,numberOfRobotsOnBlackSite,numberOfRobotsOnWhiteSite
22291,24,13
timeStep,numberOfRobotsOnBlackSite,numberOfRobotsOnWhiteSite
22292,24,13
timeStep,numberOfRobotsOnBlackSite,numberOfRobotsOnWhiteSite
22293,24,13
timeStep,numberOfRobotsOnBlackSite,numberOfRobotsOnWhiteSite
22294,24,13
timeStep,numberOfRobotsOnBlackSite,numberOfRobotsOnWhiteSite
22295,24,13
timeStep,numberOfRobotsOnBlackSite,numberOfRobotsOnWhiteSite
22296,24,13
timeStep,numberOfRobotsOnBlackSite,numberOfRobotsOnWhiteSite
22297,24,13
timeStep,numberOfRobotsOnBlackSite,numberOfRobotsOnWhiteSite
22298,24,13
timeStep,numberOfRobotsOnBlackSite,numberOfRobotsOnWhiteSite
22299,24,13
timeStep,numberOfRobotsOnBlackSite,numberOfRobotsOnWhiteSite
22300,24,14
timeStep,numberOfRobotsOnBlackSite,numberOfRobotsOnWhiteSite
22301,24,14
timeStep,numberOfRobotsOnBlackSite,numberOfRobotsOnWhiteSite
22302,24,14
timeStep,numberOfRobotsOnBlackSite,numberOfRobotsOnWhiteSite
22303,24,14
timeStep,numberOfRobotsOnBlackSite,numberOfRobotsOnWhiteSite
22304,24,14
timeStep,numberOfRobotsOnBlackSite,numberOfRobotsOnWhiteSite
22305,24,14
timeStep,numberOfRobotsOnBlackSite,numberOfRobotsOnWhiteSite
22306,24,14
timeStep,numberOfRobotsOnBlackSite,numberOfRobotsOnWhiteSite
22307,24,14
timeStep,numberOfRobotsOnBlackSite,numberOfRobotsOnWhiteSite
22308,24,14
timeStep,numberOfRobotsOnBlackSite,numberOfRobotsOnWhiteSite
22309,24,14
timeStep,numberOfRobotsOnBlackSite,numberOfRobotsOnWhiteSite
22310,24,14
timeStep,numberOfRobotsOnBlackSite,numberOfRobotsOnWhiteSite
22311,24,14
timeStep,numberOfRobotsOnBlackSite,numberOfRobotsOnWhiteSite
22312,24,14
timeStep,numberOfRobotsOnBlackSite,numberOfRobotsOnWhiteSite
22313,24,14
timeStep,numberOfRobotsOnBlackSite,numberOfRobotsOnWhiteSite
22314,24,14
timeStep,numberOfRobotsOnBlackSite,numberOfRobotsOnWhiteSite
22315,24,14
timeStep,numberOfRobotsOnBlackSite,numberOfRobotsOnWhiteSite
22316,24,14
timeStep,numberOfRobotsOnBlackSite,numberOfRobotsOnWhiteSite
22317,24,14
timeStep,numberOfRobotsOnBlackSite,numberOfRobotsOnWhiteSite
22318,24,14
timeStep,numberOfRobotsOnBlackSite,numberOfRobotsOnWhiteSite
22319,24,14
timeStep,numberOfRobotsOnBlackSite,numberOfRobotsOnWhiteSite
22320,24,14
timeStep,numberOfRobotsOnBlackSite,numberOfRobotsOnWhiteSite
22321,24,14
timeStep,numberOfRobotsOnBlackSite,numberOfRobotsOnWhiteSite
22322,24,14
timeStep,numberOfRobotsOnBlackSite,numberOfRobotsOnWhiteSite
22323,24,14
timeStep,numberOfRobotsOnBlackSite,numberOfRobotsOnWhiteSite
22324,24,14
timeStep,numberOfRobotsOnBlackSite,numberOfRobotsOnWhiteSite
22325,24,14
timeStep,numberOfRobotsOnBlackSite,numberOfRobotsOnWhiteSite
22326,24,14
timeStep,numberOfRobotsOnBlackSite,numberOfRobotsOnWhiteSite
22327,24,14
timeStep,numberOfRobotsOnBlackSite,numberOfRobotsOnWhiteSite
22328,24,14
timeStep,numberOfRobotsOnBlackSite,numberOfRobotsOnWhiteSite
22329,24,14
timeStep,numberOfRobotsOnBlackSite,numberOfRobotsOnWhiteSite
22330,24,15
timeStep,numberOfRobotsOnBlackSite,numberOfRobotsOnWhiteSite
22331,24,15
timeStep,numberOfRobotsOnBlackSite,numberOfRobotsOnWhiteSite
22332,24,15
timeStep,numberOfRobotsOnBlackSite,numberOfRobotsOnWhiteSite
22333,24,15
timeStep,numberOfRobotsOnBlackSite,numberOfRobotsOnWhiteSite
22334,24,15
timeStep,numberOfRobotsOnBlackSite,numberOfRobotsOnWhiteSite
22335,24,15
timeStep,numberOfRobotsOnBlackSite,numberOfRobotsOnWhiteSite
22336,24,15
timeStep,numberOfRobotsOnBlackSite,numberOfRobotsOnWhiteSite
22337,24,15
timeStep,numberOfRobotsOnBlackSite,numberOfRobotsOnWhiteSite
22338,24,15
timeStep,numberOfRobotsOnBlackSite,numberOfRobotsOnWhiteSite
22339,24,15
timeStep,numberOfRobotsOnBlackSite,numberOfRobotsOnWhiteSite
22340,24,15
timeStep,numberOfRobotsOnBlackSite,numberOfRobotsOnWhiteSite
22341,24,15
timeStep,numberOfRobotsOnBlackSite,numberOfRobotsOnWhiteSite
22342,24,15
timeStep,numberOfRobotsOnBlackSite,numberOfRobotsOnWhiteSite
22343,24,15
timeStep,numberOfRobotsOnBlackSite,numberOfRobotsOnWhiteSite
22344,24,15
timeStep,numberOfRobotsOnBlackSite,numberOfRobotsOnWhiteSite
22345,23,15
timeStep,numberOfRobotsOnBlackSite,numberOfRobotsOnWhiteSite
22346,23,15
timeStep,numberOfRobotsOnBlackSite,numberOfRobotsOnWhiteSite
22347,23,15
timeStep,numberOfRobotsOnBlackSite,numberOfRobotsOnWhiteSite
22348,23,15
timeStep,numberOfRobotsOnBlackSite,numberOfRobotsOnWhiteSite
22349,23,15
timeStep,numberOfRobotsOnBlackSite,numberOfRobotsOnWhiteSite
22350,23,15
timeStep,numberOfRobotsOnBlackSite,numberOfRobotsOnWhiteSite
22351,23,15
timeStep,numberOfRobotsOnBlackSite,numberOfRobotsOnWhiteSite
22352,23,15
timeStep,numberOfRobotsOnBlackSite,numberOfRobotsOnWhiteSite
22353,23,15
timeStep,numberOfRobotsOnBlackSite,numberOfRobotsOnWhiteSite
22354,23,15
timeStep,numberOfRobotsOnBlackSite,numberOfRobotsOnWhiteSite
22355,23,15
timeStep,numberOfRobotsOnBlackSite,numberOfRobotsOnWhiteSite
22356,23,15
timeStep,numberOfRobotsOnBlackSite,numberOfRobotsOnWhiteSite
22357,23,15
timeStep,numberOfRobotsOnBlackSite,numberOfRobotsOnWhiteSite
22358,23,15
timeStep,numberOfRobotsOnBlackSite,numberOfRobotsOnWhiteSite
22359,23,15
timeStep,numberOfRobotsOnBlackSite,numberOfRobotsOnWhiteSite
22360,23,15
timeStep,numberOfRobotsOnBlackSite,numberOfRobotsOnWhiteSite
22361,23,15
timeStep,numberOfRobotsOnBlackSite,numberOfRobotsOnWhiteSite
22362,23,15
timeStep,numberOfRobotsOnBlackSite,numberOfRobotsOnWhiteSite
22363,23,15
timeStep,numberOfRobotsOnBlackSite,numberOfRobotsOnWhiteSite
22364,23,15
timeStep,numberOfRobotsOnBlackSite,numberOfRobotsOnWhiteSite
22365,23,15
timeStep,numberOfRobotsOnBlackSite,numberOfRobotsOnWhiteSite
22366,23,15
timeStep,numberOfRobotsOnBlackSite,numberOfRobotsOnWhiteSite
22367,23,15
timeStep,numberOfRobotsOnBlackSite,numberOfRobotsOnWhiteSite
22368,23,15
timeStep,numberOfRobotsOnBlackSite,numberOfRobotsOnWhiteSite
22369,23,15
timeStep,numberOfRobotsOnBlackSite,numberOfRobotsOnWhiteSite
22370,23,15
timeStep,numberOfRobotsOnBlackSite,numberOfRobotsOnWhiteSite
22371,23,15
timeStep,numberOfRobotsOnBlackSite,numberOfRobotsOnWhiteSite
22372,23,15
timeStep,numberOfRobotsOnBlackSite,numberOfRobotsOnWhiteSite
22373,23,15
timeStep,numberOfRobotsOnBlackSite,numberOfRobotsOnWhiteSite
22374,23,15
timeStep,numberOfRobotsOnBlackSite,numberOfRobotsOnWhiteSite
22375,23,15
timeStep,numberOfRobotsOnBlackSite,numberOfRobotsOnWhiteSite
22376,23,15
timeStep,numberOfRobotsOnBlackSite,numberOfRobotsOnWhiteSite
22377,23,15
timeStep,numberOfRobotsOnBlackSite,numberOfRobotsOnWhiteSite
22378,23,15
timeStep,numberOfRobotsOnBlackSite,numberOfRobotsOnWhiteSite
22379,23,15
timeStep,numberOfRobotsOnBlackSite,numberOfRobotsOnWhiteSite
22380,23,15
timeStep,numberOfRobotsOnBlackSite,numberOfRobotsOnWhiteSite
22381,23,15
timeStep,numberOfRobotsOnBlackSite,numberOfRobotsOnWhiteSite
22382,23,15
timeStep,numberOfRobotsOnBlackSite,numberOfRobotsOnWhiteSite
22383,23,15
timeStep,numberOfRobotsOnBlackSite,numberOfRobotsOnWhiteSite
22384,23,15
timeStep,numberOfRobotsOnBlackSite,numberOfRobotsOnWhiteSite
22385,24,15
timeStep,numberOfRobotsOnBlackSite,numberOfRobotsOnWhiteSite
22386,24,15
timeStep,numberOfRobotsOnBlackSite,numberOfRobotsOnWhiteSite
22387,24,15
timeStep,numberOfRobotsOnBlackSite,numberOfRobotsOnWhiteSite
22388,24,15
timeStep,numberOfRobotsOnBlackSite,numberOfRobotsOnWhiteSite
22389,24,15
timeStep,numberOfRobotsOnBlackSite,numberOfRobotsOnWhiteSite
22390,24,15
timeStep,numberOfRobotsOnBlackSite,numberOfRobotsOnWhiteSite
22391,24,15
timeStep,numberOfRobotsOnBlackSite,numberOfRobotsOnWhiteSite
22392,24,15
timeStep,numberOfRobotsOnBlackSite,numberOfRobotsOnWhiteSite
22393,24,15
timeStep,numberOfRobotsOnBlackSite,numberOfRobotsOnWhiteSite
22394,24,15
timeStep,numberOfRobotsOnBlackSite,numberOfRobotsOnWhiteSite
22395,24,15
timeStep,numberOfRobotsOnBlackSite,numberOfRobotsOnWhiteSite
22396,24,15
timeStep,numberOfRobotsOnBlackSite,numberOfRobotsOnWhiteSite
22397,24,15
timeStep,numberOfRobotsOnBlackSite,numberOfRobotsOnWhiteSite
22398,24,15
timeStep,numberOfRobotsOnBlackSite,numberOfRobotsOnWhiteSite
22399,24,15
timeStep,numberOfRobotsOnBlackSite,numberOfRobotsOnWhiteSite
22400,24,15
timeStep,numberOfRobotsOnBlackSite,numberOfRobotsOnWhiteSite
22401,24,15
timeStep,numberOfRobotsOnBlackSite,numberOfRobotsOnWhiteSite
22402,24,15
timeStep,numberOfRobotsOnBlackSite,numberOfRobotsOnWhiteSite
22403,24,15
timeStep,numberOfRobotsOnBlackSite,numberOfRobotsOnWhiteSite
22404,24,15
timeStep,numberOfRobotsOnBlackSite,numberOfRobotsOnWhiteSite
22405,24,15
timeStep,numberOfRobotsOnBlackSite,numberOfRobotsOnWhiteSite
22406,24,15
timeStep,numberOfRobotsOnBlackSite,numberOfRobotsOnWhiteSite
22407,24,15
timeStep,numberOfRobotsOnBlackSite,numberOfRobotsOnWhiteSite
22408,24,15
timeStep,numberOfRobotsOnBlackSite,numberOfRobotsOnWhiteSite
22409,24,15
timeStep,numberOfRobotsOnBlackSite,numberOfRobotsOnWhiteSite
22410,24,15
timeStep,numberOfRobotsOnBlackSite,numberOfRobotsOnWhiteSite
22411,24,15
timeStep,numberOfRobotsOnBlackSite,numberOfRobotsOnWhiteSite
22412,24,15
timeStep,numberOfRobotsOnBlackSite,numberOfRobotsOnWhiteSite
22413,24,15
timeStep,numberOfRobotsOnBlackSite,numberOfRobotsOnWhiteSite
22414,24,15
timeStep,numberOfRobotsOnBlackSite,numberOfRobotsOnWhiteSite
22415,24,15
timeStep,numberOfRobotsOnBlackSite,numberOfRobotsOnWhiteSite
22416,24,15
timeStep,numberOfRobotsOnBlackSite,numberOfRobotsOnWhiteSite
22417,24,15
timeStep,numberOfRobotsOnBlackSite,numberOfRobotsOnWhiteSite
22418,24,15
timeStep,numberOfRobotsOnBlackSite,numberOfRobotsOnWhiteSite
22419,24,15
timeStep,numberOfRobotsOnBlackSite,numberOfRobotsOnWhiteSite
22420,24,15
timeStep,numberOfRobotsOnBlackSite,numberOfRobotsOnWhiteSite
22421,24,15
timeStep,numberOfRobotsOnBlackSite,numberOfRobotsOnWhiteSite
22422,24,15
timeStep,numberOfRobotsOnBlackSite,numberOfRobotsOnWhiteSite
22423,24,15
timeStep,numberOfRobotsOnBlackSite,numberOfRobotsOnWhiteSite
22424,24,15
timeStep,numberOfRobotsOnBlackSite,numberOfRobotsOnWhiteSite
22425,24,15
timeStep,numberOfRobotsOnBlackSite,numberOfRobotsOnWhiteSite
22426,24,15
timeStep,numberOfRobotsOnBlackSite,numberOfRobotsOnWhiteSite
22427,24,15
timeStep,numberOfRobotsOnBlackSite,numberOfRobotsOnWhiteSite
22428,24,15
timeStep,numberOfRobotsOnBlackSite,numberOfRobotsOnWhiteSite
22429,24,15
timeStep,numberOfRobotsOnBlackSite,numberOfRobotsOnWhiteSite
22430,23,15
timeStep,numberOfRobotsOnBlackSite,numberOfRobotsOnWhiteSite
22431,23,15
timeStep,numberOfRobotsOnBlackSite,numberOfRobotsOnWhiteSite
22432,23,15
timeStep,numberOfRobotsOnBlackSite,numberOfRobotsOnWhiteSite
22433,23,15
timeStep,numberOfRobotsOnBlackSite,numberOfRobotsOnWhiteSite
22434,23,15
timeStep,numberOfRobotsOnBlackSite,numberOfRobotsOnWhiteSite
22435,23,15
timeStep,numberOfRobotsOnBlackSite,numberOfRobotsOnWhiteSite
22436,23,15
timeStep,numberOfRobotsOnBlackSite,numberOfRobotsOnWhiteSite
22437,23,15
timeStep,numberOfRobotsOnBlackSite,numberOfRobotsOnWhiteSite
22438,23,15
timeStep,numberOfRobotsOnBlackSite,numberOfRobotsOnWhiteSite
22439,23,15
timeStep,numberOfRobotsOnBlackSite,numberOfRobotsOnWhiteSite
22440,23,15
timeStep,numberOfRobotsOnBlackSite,numberOfRobotsOnWhiteSite
22441,23,15
timeStep,numberOfRobotsOnBlackSite,numberOfRobotsOnWhiteSite
22442,23,15
timeStep,numberOfRobotsOnBlackSite,numberOfRobotsOnWhiteSite
22443,23,15
timeStep,numberOfRobotsOnBlackSite,numberOfRobotsOnWhiteSite
22444,23,15
timeStep,numberOfRobotsOnBlackSite,numberOfRobotsOnWhiteSite
22445,23,15
timeStep,numberOfRobotsOnBlackSite,numberOfRobotsOnWhiteSite
22446,23,15
timeStep,numberOfRobotsOnBlackSite,numberOfRobotsOnWhiteSite
22447,23,15
timeStep,numberOfRobotsOnBlackSite,numberOfRobotsOnWhiteSite
22448,23,15
timeStep,numberOfRobotsOnBlackSite,numberOfRobotsOnWhiteSite
22449,23,15
timeStep,numberOfRobotsOnBlackSite,numberOfRobotsOnWhiteSite
22450,23,15
timeStep,numberOfRobotsOnBlackSite,numberOfRobotsOnWhiteSite
22451,23,15
timeStep,numberOfRobotsOnBlackSite,numberOfRobotsOnWhiteSite
22452,23,15
timeStep,numberOfRobotsOnBlackSite,numberOfRobotsOnWhiteSite
22453,23,15
timeStep,numberOfRobotsOnBlackSite,numberOfRobotsOnWhiteSite
22454,23,15
timeStep,numberOfRobotsOnBlackSite,numberOfRobotsOnWhiteSite
22455,23,15
timeStep,numberOfRobotsOnBlackSite,numberOfRobotsOnWhiteSite
22456,23,15
timeStep,numberOfRobotsOnBlackSite,numberOfRobotsOnWhiteSite
22457,23,15
timeStep,numberOfRobotsOnBlackSite,numberOfRobotsOnWhiteSite
22458,23,15
timeStep,numberOfRobotsOnBlackSite,numberOfRobotsOnWhiteSite
22459,23,15
timeStep,numberOfRobotsOnBlackSite,numberOfRobotsOnWhiteSite
22460,23,15
timeStep,numberOfRobotsOnBlackSite,numberOfRobotsOnWhiteSite
22461,23,15
timeStep,numberOfRobotsOnBlackSite,numberOfRobotsOnWhiteSite
22462,23,15
timeStep,numberOfRobotsOnBlackSite,numberOfRobotsOnWhiteSite
22463,23,15
timeStep,numberOfRobotsOnBlackSite,numberOfRobotsOnWhiteSite
22464,23,15
timeStep,numberOfRobotsOnBlackSite,numberOfRobotsOnWhiteSite
22465,23,15
timeStep,numberOfRobotsOnBlackSite,numberOfRobotsOnWhiteSite
22466,23,15
timeStep,numberOfRobotsOnBlackSite,numberOfRobotsOnWhiteSite
22467,23,15
timeStep,numberOfRobotsOnBlackSite,numberOfRobotsOnWhiteSite
22468,23,15
timeStep,numberOfRobotsOnBlackSite,numberOfRobotsOnWhiteSite
22469,23,15
timeStep,numberOfRobotsOnBlackSite,numberOfRobotsOnWhiteSite
22470,23,15
timeStep,numberOfRobotsOnBlackSite,numberOfRobotsOnWhiteSite
22471,23,15
timeStep,numberOfRobotsOnBlackSite,numberOfRobotsOnWhiteSite
22472,23,15
timeStep,numberOfRobotsOnBlackSite,numberOfRobotsOnWhiteSite
22473,23,15
timeStep,numberOfRobotsOnBlackSite,numberOfRobotsOnWhiteSite
22474,23,15
timeStep,numberOfRobotsOnBlackSite,numberOfRobotsOnWhiteSite
22475,23,15
timeStep,numberOfRobotsOnBlackSite,numberOfRobotsOnWhiteSite
22476,23,15
timeStep,numberOfRobotsOnBlackSite,numberOfRobotsOnWhiteSite
22477,23,15
timeStep,numberOfRobotsOnBlackSite,numberOfRobotsOnWhiteSite
22478,23,15
timeStep,numberOfRobotsOnBlackSite,numberOfRobotsOnWhiteSite
22479,23,15
timeStep,numberOfRobotsOnBlackSite,numberOfRobotsOnWhiteSite
22480,23,15
timeStep,numberOfRobotsOnBlackSite,numberOfRobotsOnWhiteSite
22481,23,15
timeStep,numberOfRobotsOnBlackSite,numberOfRobotsOnWhiteSite
22482,23,15
timeStep,numberOfRobotsOnBlackSite,numberOfRobotsOnWhiteSite
22483,23,15
timeStep,numberOfRobotsOnBlackSite,numberOfRobotsOnWhiteSite
22484,23,15
timeStep,numberOfRobotsOnBlackSite,numberOfRobotsOnWhiteSite
22485,23,15
timeStep,numberOfRobotsOnBlackSite,numberOfRobotsOnWhiteSite
22486,23,15
timeStep,numberOfRobotsOnBlackSite,numberOfRobotsOnWhiteSite
22487,23,15
timeStep,numberOfRobotsOnBlackSite,numberOfRobotsOnWhiteSite
22488,23,15
timeStep,numberOfRobotsOnBlackSite,numberOfRobotsOnWhiteSite
22489,23,15
timeStep,numberOfRobotsOnBlackSite,numberOfRobotsOnWhiteSite
22490,23,15
timeStep,numberOfRobotsOnBlackSite,numberOfRobotsOnWhiteSite
22491,23,15
timeStep,numberOfRobotsOnBlackSite,numberOfRobotsOnWhiteSite
22492,23,15
timeStep,numberOfRobotsOnBlackSite,numberOfRobotsOnWhiteSite
22493,23,15
timeStep,numberOfRobotsOnBlackSite,numberOfRobotsOnWhiteSite
22494,23,15
timeStep,numberOfRobotsOnBlackSite,numberOfRobotsOnWhiteSite
22495,23,15
timeStep,numberOfRobotsOnBlackSite,numberOfRobotsOnWhiteSite
22496,23,15
timeStep,numberOfRobotsOnBlackSite,numberOfRobotsOnWhiteSite
22497,23,15
timeStep,numberOfRobotsOnBlackSite,numberOfRobotsOnWhiteSite
22498,23,15
timeStep,numberOfRobotsOnBlackSite,numberOfRobotsOnWhiteSite
22499,23,15
timeStep,numberOfRobotsOnBlackSite,numberOfRobotsOnWhiteSite
22500,23,15
timeStep,numberOfRobotsOnBlackSite,numberOfRobotsOnWhiteSite
22501,23,15
timeStep,numberOfRobotsOnBlackSite,numberOfRobotsOnWhiteSite
22502,23,15
timeStep,numberOfRobotsOnBlackSite,numberOfRobotsOnWhiteSite
22503,23,15
timeStep,numberOfRobotsOnBlackSite,numberOfRobotsOnWhiteSite
22504,23,15
timeStep,numberOfRobotsOnBlackSite,numberOfRobotsOnWhiteSite
22505,23,15
timeStep,numberOfRobotsOnBlackSite,numberOfRobotsOnWhiteSite
22506,23,15
timeStep,numberOfRobotsOnBlackSite,numberOfRobotsOnWhiteSite
22507,23,15
timeStep,numberOfRobotsOnBlackSite,numberOfRobotsOnWhiteSite
22508,23,15
timeStep,numberOfRobotsOnBlackSite,numberOfRobotsOnWhiteSite
22509,23,15
timeStep,numberOfRobotsOnBlackSite,numberOfRobotsOnWhiteSite
22510,23,15
timeStep,numberOfRobotsOnBlackSite,numberOfRobotsOnWhiteSite
22511,23,15
timeStep,numberOfRobotsOnBlackSite,numberOfRobotsOnWhiteSite
22512,23,15
timeStep,numberOfRobotsOnBlackSite,numberOfRobotsOnWhiteSite
22513,23,15
timeStep,numberOfRobotsOnBlackSite,numberOfRobotsOnWhiteSite
22514,23,15
timeStep,numberOfRobotsOnBlackSite,numberOfRobotsOnWhiteSite
22515,23,15
timeStep,numberOfRobotsOnBlackSite,numberOfRobotsOnWhiteSite
22516,23,15
timeStep,numberOfRobotsOnBlackSite,numberOfRobotsOnWhiteSite
22517,23,15
timeStep,numberOfRobotsOnBlackSite,numberOfRobotsOnWhiteSite
22518,23,15
timeStep,numberOfRobotsOnBlackSite,numberOfRobotsOnWhiteSite
22519,23,15
timeStep,numberOfRobotsOnBlackSite,numberOfRobotsOnWhiteSite
22520,23,16
timeStep,numberOfRobotsOnBlackSite,numberOfRobotsOnWhiteSite
22521,23,16
timeStep,numberOfRobotsOnBlackSite,numberOfRobotsOnWhiteSite
22522,23,16
timeStep,numberOfRobotsOnBlackSite,numberOfRobotsOnWhiteSite
22523,23,16
timeStep,numberOfRobotsOnBlackSite,numberOfRobotsOnWhiteSite
22524,23,16
timeStep,numberOfRobotsOnBlackSite,numberOfRobotsOnWhiteSite
22525,23,16
timeStep,numberOfRobotsOnBlackSite,numberOfRobotsOnWhiteSite
22526,23,16
timeStep,numberOfRobotsOnBlackSite,numberOfRobotsOnWhiteSite
22527,23,16
timeStep,numberOfRobotsOnBlackSite,numberOfRobotsOnWhiteSite
22528,23,16
timeStep,numberOfRobotsOnBlackSite,numberOfRobotsOnWhiteSite
22529,23,16
timeStep,numberOfRobotsOnBlackSite,numberOfRobotsOnWhiteSite
22530,24,16
timeStep,numberOfRobotsOnBlackSite,numberOfRobotsOnWhiteSite
22531,24,16
timeStep,numberOfRobotsOnBlackSite,numberOfRobotsOnWhiteSite
22532,24,16
timeStep,numberOfRobotsOnBlackSite,numberOfRobotsOnWhiteSite
22533,24,16
timeStep,numberOfRobotsOnBlackSite,numberOfRobotsOnWhiteSite
22534,24,16
timeStep,numberOfRobotsOnBlackSite,numberOfRobotsOnWhiteSite
22535,24,16
timeStep,numberOfRobotsOnBlackSite,numberOfRobotsOnWhiteSite
22536,24,16
timeStep,numberOfRobotsOnBlackSite,numberOfRobotsOnWhiteSite
22537,24,16
timeStep,numberOfRobotsOnBlackSite,numberOfRobotsOnWhiteSite
22538,24,16
timeStep,numberOfRobotsOnBlackSite,numberOfRobotsOnWhiteSite
22539,24,16
timeStep,numberOfRobotsOnBlackSite,numberOfRobotsOnWhiteSite
22540,24,16
timeStep,numberOfRobotsOnBlackSite,numberOfRobotsOnWhiteSite
22541,24,16
timeStep,numberOfRobotsOnBlackSite,numberOfRobotsOnWhiteSite
22542,24,16
timeStep,numberOfRobotsOnBlackSite,numberOfRobotsOnWhiteSite
22543,24,16
timeStep,numberOfRobotsOnBlackSite,numberOfRobotsOnWhiteSite
22544,24,16
timeStep,numberOfRobotsOnBlackSite,numberOfRobotsOnWhiteSite
22545,24,16
timeStep,numberOfRobotsOnBlackSite,numberOfRobotsOnWhiteSite
22546,24,16
timeStep,numberOfRobotsOnBlackSite,numberOfRobotsOnWhiteSite
22547,24,16
timeStep,numberOfRobotsOnBlackSite,numberOfRobotsOnWhiteSite
22548,24,16
timeStep,numberOfRobotsOnBlackSite,numberOfRobotsOnWhiteSite
22549,24,16
timeStep,numberOfRobotsOnBlackSite,numberOfRobotsOnWhiteSite
22550,24,15
timeStep,numberOfRobotsOnBlackSite,numberOfRobotsOnWhiteSite
22551,24,15
timeStep,numberOfRobotsOnBlackSite,numberOfRobotsOnWhiteSite
22552,24,15
timeStep,numberOfRobotsOnBlackSite,numberOfRobotsOnWhiteSite
22553,24,15
timeStep,numberOfRobotsOnBlackSite,numberOfRobotsOnWhiteSite
22554,24,15
timeStep,numberOfRobotsOnBlackSite,numberOfRobotsOnWhiteSite
22555,24,15
timeStep,numberOfRobotsOnBlackSite,numberOfRobotsOnWhiteSite
22556,24,15
timeStep,numberOfRobotsOnBlackSite,numberOfRobotsOnWhiteSite
22557,24,15
timeStep,numberOfRobotsOnBlackSite,numberOfRobotsOnWhiteSite
22558,24,15
timeStep,numberOfRobotsOnBlackSite,numberOfRobotsOnWhiteSite
22559,24,15
timeStep,numberOfRobotsOnBlackSite,numberOfRobotsOnWhiteSite
22560,24,15
timeStep,numberOfRobotsOnBlackSite,numberOfRobotsOnWhiteSite
22561,24,15
timeStep,numberOfRobotsOnBlackSite,numberOfRobotsOnWhiteSite
22562,24,15
timeStep,numberOfRobotsOnBlackSite,numberOfRobotsOnWhiteSite
22563,24,15
timeStep,numberOfRobotsOnBlackSite,numberOfRobotsOnWhiteSite
22564,24,15
timeStep,numberOfRobotsOnBlackSite,numberOfRobotsOnWhiteSite
22565,24,15
timeStep,numberOfRobotsOnBlackSite,numberOfRobotsOnWhiteSite
22566,24,15
timeStep,numberOfRobotsOnBlackSite,numberOfRobotsOnWhiteSite
22567,24,15
timeStep,numberOfRobotsOnBlackSite,numberOfRobotsOnWhiteSite
22568,24,15
timeStep,numberOfRobotsOnBlackSite,numberOfRobotsOnWhiteSite
22569,24,15
timeStep,numberOfRobotsOnBlackSite,numberOfRobotsOnWhiteSite
22570,24,15
timeStep,numberOfRobotsOnBlackSite,numberOfRobotsOnWhiteSite
22571,24,15
timeStep,numberOfRobotsOnBlackSite,numberOfRobotsOnWhiteSite
22572,24,15
timeStep,numberOfRobotsOnBlackSite,numberOfRobotsOnWhiteSite
22573,24,15
timeStep,numberOfRobotsOnBlackSite,numberOfRobotsOnWhiteSite
22574,24,15
timeStep,numberOfRobotsOnBlackSite,numberOfRobotsOnWhiteSite
22575,24,14
timeStep,numberOfRobotsOnBlackSite,numberOfRobotsOnWhiteSite
22576,24,14
timeStep,numberOfRobotsOnBlackSite,numberOfRobotsOnWhiteSite
22577,24,14
timeStep,numberOfRobotsOnBlackSite,numberOfRobotsOnWhiteSite
22578,24,14
timeStep,numberOfRobotsOnBlackSite,numberOfRobotsOnWhiteSite
22579,24,14
timeStep,numberOfRobotsOnBlackSite,numberOfRobotsOnWhiteSite
22580,24,14
timeStep,numberOfRobotsOnBlackSite,numberOfRobotsOnWhiteSite
22581,24,14
timeStep,numberOfRobotsOnBlackSite,numberOfRobotsOnWhiteSite
22582,24,14
timeStep,numberOfRobotsOnBlackSite,numberOfRobotsOnWhiteSite
22583,24,14
timeStep,numberOfRobotsOnBlackSite,numberOfRobotsOnWhiteSite
22584,24,14
timeStep,numberOfRobotsOnBlackSite,numberOfRobotsOnWhiteSite
22585,24,14
timeStep,numberOfRobotsOnBlackSite,numberOfRobotsOnWhiteSite
22586,24,14
timeStep,numberOfRobotsOnBlackSite,numberOfRobotsOnWhiteSite
22587,24,14
timeStep,numberOfRobotsOnBlackSite,numberOfRobotsOnWhiteSite
22588,24,14
timeStep,numberOfRobotsOnBlackSite,numberOfRobotsOnWhiteSite
22589,24,14
timeStep,numberOfRobotsOnBlackSite,numberOfRobotsOnWhiteSite
22590,24,14
timeStep,numberOfRobotsOnBlackSite,numberOfRobotsOnWhiteSite
22591,24,14
timeStep,numberOfRobotsOnBlackSite,numberOfRobotsOnWhiteSite
22592,24,14
timeStep,numberOfRobotsOnBlackSite,numberOfRobotsOnWhiteSite
22593,24,14
timeStep,numberOfRobotsOnBlackSite,numberOfRobotsOnWhiteSite
22594,24,14
timeStep,numberOfRobotsOnBlackSite,numberOfRobotsOnWhiteSite
22595,24,14
timeStep,numberOfRobotsOnBlackSite,numberOfRobotsOnWhiteSite
22596,24,14
timeStep,numberOfRobotsOnBlackSite,numberOfRobotsOnWhiteSite
22597,24,14
timeStep,numberOfRobotsOnBlackSite,numberOfRobotsOnWhiteSite
22598,24,14
timeStep,numberOfRobotsOnBlackSite,numberOfRobotsOnWhiteSite
22599,24,14
timeStep,numberOfRobotsOnBlackSite,numberOfRobotsOnWhiteSite
22600,24,13
timeStep,numberOfRobotsOnBlackSite,numberOfRobotsOnWhiteSite
22601,24,13
timeStep,numberOfRobotsOnBlackSite,numberOfRobotsOnWhiteSite
22602,24,13
timeStep,numberOfRobotsOnBlackSite,numberOfRobotsOnWhiteSite
22603,24,13
timeStep,numberOfRobotsOnBlackSite,numberOfRobotsOnWhiteSite
22604,24,13
timeStep,numberOfRobotsOnBlackSite,numberOfRobotsOnWhiteSite
22605,24,13
timeStep,numberOfRobotsOnBlackSite,numberOfRobotsOnWhiteSite
22606,24,13
timeStep,numberOfRobotsOnBlackSite,numberOfRobotsOnWhiteSite
22607,24,13
timeStep,numberOfRobotsOnBlackSite,numberOfRobotsOnWhiteSite
22608,24,13
timeStep,numberOfRobotsOnBlackSite,numberOfRobotsOnWhiteSite
22609,24,13
timeStep,numberOfRobotsOnBlackSite,numberOfRobotsOnWhiteSite
22610,24,13
timeStep,numberOfRobotsOnBlackSite,numberOfRobotsOnWhiteSite
22611,24,13
timeStep,numberOfRobotsOnBlackSite,numberOfRobotsOnWhiteSite
22612,24,13
timeStep,numberOfRobotsOnBlackSite,numberOfRobotsOnWhiteSite
22613,24,13
timeStep,numberOfRobotsOnBlackSite,numberOfRobotsOnWhiteSite
22614,24,13
timeStep,numberOfRobotsOnBlackSite,numberOfRobotsOnWhiteSite
22615,24,14
timeStep,numberOfRobotsOnBlackSite,numberOfRobotsOnWhiteSite
22616,24,14
timeStep,numberOfRobotsOnBlackSite,numberOfRobotsOnWhiteSite
22617,24,14
timeStep,numberOfRobotsOnBlackSite,numberOfRobotsOnWhiteSite
22618,24,14
timeStep,numberOfRobotsOnBlackSite,numberOfRobotsOnWhiteSite
22619,24,14
timeStep,numberOfRobotsOnBlackSite,numberOfRobotsOnWhiteSite
22620,24,14
timeStep,numberOfRobotsOnBlackSite,numberOfRobotsOnWhiteSite
22621,24,14
timeStep,numberOfRobotsOnBlackSite,numberOfRobotsOnWhiteSite
22622,24,14
timeStep,numberOfRobotsOnBlackSite,numberOfRobotsOnWhiteSite
22623,24,14
timeStep,numberOfRobotsOnBlackSite,numberOfRobotsOnWhiteSite
22624,24,14
timeStep,numberOfRobotsOnBlackSite,numberOfRobotsOnWhiteSite
22625,24,14
timeStep,numberOfRobotsOnBlackSite,numberOfRobotsOnWhiteSite
22626,24,14
timeStep,numberOfRobotsOnBlackSite,numberOfRobotsOnWhiteSite
22627,24,14
timeStep,numberOfRobotsOnBlackSite,numberOfRobotsOnWhiteSite
22628,24,14
timeStep,numberOfRobotsOnBlackSite,numberOfRobotsOnWhiteSite
22629,24,14
timeStep,numberOfRobotsOnBlackSite,numberOfRobotsOnWhiteSite
22630,24,14
timeStep,numberOfRobotsOnBlackSite,numberOfRobotsOnWhiteSite
22631,24,14
timeStep,numberOfRobotsOnBlackSite,numberOfRobotsOnWhiteSite
22632,24,14
timeStep,numberOfRobotsOnBlackSite,numberOfRobotsOnWhiteSite
22633,24,14
timeStep,numberOfRobotsOnBlackSite,numberOfRobotsOnWhiteSite
22634,24,14
timeStep,numberOfRobotsOnBlackSite,numberOfRobotsOnWhiteSite
22635,24,14
timeStep,numberOfRobotsOnBlackSite,numberOfRobotsOnWhiteSite
22636,24,14
timeStep,numberOfRobotsOnBlackSite,numberOfRobotsOnWhiteSite
22637,24,14
timeStep,numberOfRobotsOnBlackSite,numberOfRobotsOnWhiteSite
22638,24,14
timeStep,numberOfRobotsOnBlackSite,numberOfRobotsOnWhiteSite
22639,24,14
timeStep,numberOfRobotsOnBlackSite,numberOfRobotsOnWhiteSite
22640,24,14
timeStep,numberOfRobotsOnBlackSite,numberOfRobotsOnWhiteSite
22641,24,14
timeStep,numberOfRobotsOnBlackSite,numberOfRobotsOnWhiteSite
22642,24,14
timeStep,numberOfRobotsOnBlackSite,numberOfRobotsOnWhiteSite
22643,24,14
timeStep,numberOfRobotsOnBlackSite,numberOfRobotsOnWhiteSite
22644,24,14
timeStep,numberOfRobotsOnBlackSite,numberOfRobotsOnWhiteSite
22645,24,14
timeStep,numberOfRobotsOnBlackSite,numberOfRobotsOnWhiteSite
22646,24,14
timeStep,numberOfRobotsOnBlackSite,numberOfRobotsOnWhiteSite
22647,24,14
timeStep,numberOfRobotsOnBlackSite,numberOfRobotsOnWhiteSite
22648,24,14
timeStep,numberOfRobotsOnBlackSite,numberOfRobotsOnWhiteSite
22649,24,14
timeStep,numberOfRobotsOnBlackSite,numberOfRobotsOnWhiteSite
22650,24,15
timeStep,numberOfRobotsOnBlackSite,numberOfRobotsOnWhiteSite
22651,24,15
timeStep,numberOfRobotsOnBlackSite,numberOfRobotsOnWhiteSite
22652,24,15
timeStep,numberOfRobotsOnBlackSite,numberOfRobotsOnWhiteSite
22653,24,15
timeStep,numberOfRobotsOnBlackSite,numberOfRobotsOnWhiteSite
22654,24,15
timeStep,numberOfRobotsOnBlackSite,numberOfRobotsOnWhiteSite
22655,24,15
timeStep,numberOfRobotsOnBlackSite,numberOfRobotsOnWhiteSite
22656,24,15
timeStep,numberOfRobotsOnBlackSite,numberOfRobotsOnWhiteSite
22657,24,15
timeStep,numberOfRobotsOnBlackSite,numberOfRobotsOnWhiteSite
22658,24,15
timeStep,numberOfRobotsOnBlackSite,numberOfRobotsOnWhiteSite
22659,24,15
timeStep,numberOfRobotsOnBlackSite,numberOfRobotsOnWhiteSite
22660,24,15
timeStep,numberOfRobotsOnBlackSite,numberOfRobotsOnWhiteSite
22661,24,15
timeStep,numberOfRobotsOnBlackSite,numberOfRobotsOnWhiteSite
22662,24,15
timeStep,numberOfRobotsOnBlackSite,numberOfRobotsOnWhiteSite
22663,24,15
timeStep,numberOfRobotsOnBlackSite,numberOfRobotsOnWhiteSite
22664,24,15
timeStep,numberOfRobotsOnBlackSite,numberOfRobotsOnWhiteSite
22665,24,15
timeStep,numberOfRobotsOnBlackSite,numberOfRobotsOnWhiteSite
22666,24,15
timeStep,numberOfRobotsOnBlackSite,numberOfRobotsOnWhiteSite
22667,24,15
timeStep,numberOfRobotsOnBlackSite,numberOfRobotsOnWhiteSite
22668,24,15
timeStep,numberOfRobotsOnBlackSite,numberOfRobotsOnWhiteSite
22669,24,15
timeStep,numberOfRobotsOnBlackSite,numberOfRobotsOnWhiteSite
22670,24,15
timeStep,numberOfRobotsOnBlackSite,numberOfRobotsOnWhiteSite
22671,24,15
timeStep,numberOfRobotsOnBlackSite,numberOfRobotsOnWhiteSite
22672,24,15
timeStep,numberOfRobotsOnBlackSite,numberOfRobotsOnWhiteSite
22673,24,15
timeStep,numberOfRobotsOnBlackSite,numberOfRobotsOnWhiteSite
22674,24,15
timeStep,numberOfRobotsOnBlackSite,numberOfRobotsOnWhiteSite
22675,24,15
timeStep,numberOfRobotsOnBlackSite,numberOfRobotsOnWhiteSite
22676,24,15
timeStep,numberOfRobotsOnBlackSite,numberOfRobotsOnWhiteSite
22677,24,15
timeStep,numberOfRobotsOnBlackSite,numberOfRobotsOnWhiteSite
22678,24,15
timeStep,numberOfRobotsOnBlackSite,numberOfRobotsOnWhiteSite
22679,24,15
timeStep,numberOfRobotsOnBlackSite,numberOfRobotsOnWhiteSite
22680,24,15
timeStep,numberOfRobotsOnBlackSite,numberOfRobotsOnWhiteSite
22681,24,15
timeStep,numberOfRobotsOnBlackSite,numberOfRobotsOnWhiteSite
22682,24,15
timeStep,numberOfRobotsOnBlackSite,numberOfRobotsOnWhiteSite
22683,24,15
timeStep,numberOfRobotsOnBlackSite,numberOfRobotsOnWhiteSite
22684,24,15
timeStep,numberOfRobotsOnBlackSite,numberOfRobotsOnWhiteSite
22685,24,15
timeStep,numberOfRobotsOnBlackSite,numberOfRobotsOnWhiteSite
22686,24,15
timeStep,numberOfRobotsOnBlackSite,numberOfRobotsOnWhiteSite
22687,24,15
timeStep,numberOfRobotsOnBlackSite,numberOfRobotsOnWhiteSite
22688,24,15
timeStep,numberOfRobotsOnBlackSite,numberOfRobotsOnWhiteSite
22689,24,15
timeStep,numberOfRobotsOnBlackSite,numberOfRobotsOnWhiteSite
22690,24,15
timeStep,numberOfRobotsOnBlackSite,numberOfRobotsOnWhiteSite
22691,24,15
timeStep,numberOfRobotsOnBlackSite,numberOfRobotsOnWhiteSite
22692,24,15
timeStep,numberOfRobotsOnBlackSite,numberOfRobotsOnWhiteSite
22693,24,15
timeStep,numberOfRobotsOnBlackSite,numberOfRobotsOnWhiteSite
22694,24,15
timeStep,numberOfRobotsOnBlackSite,numberOfRobotsOnWhiteSite
22695,24,15
timeStep,numberOfRobotsOnBlackSite,numberOfRobotsOnWhiteSite
22696,24,15
timeStep,numberOfRobotsOnBlackSite,numberOfRobotsOnWhiteSite
22697,24,15
timeStep,numberOfRobotsOnBlackSite,numberOfRobotsOnWhiteSite
22698,24,15
timeStep,numberOfRobotsOnBlackSite,numberOfRobotsOnWhiteSite
22699,24,15
timeStep,numberOfRobotsOnBlackSite,numberOfRobotsOnWhiteSite
22700,24,15
timeStep,numberOfRobotsOnBlackSite,numberOfRobotsOnWhiteSite
22701,24,15
timeStep,numberOfRobotsOnBlackSite,numberOfRobotsOnWhiteSite
22702,24,15
timeStep,numberOfRobotsOnBlackSite,numberOfRobotsOnWhiteSite
22703,24,15
timeStep,numberOfRobotsOnBlackSite,numberOfRobotsOnWhiteSite
22704,24,15
timeStep,numberOfRobotsOnBlackSite,numberOfRobotsOnWhiteSite
22705,25,15
timeStep,numberOfRobotsOnBlackSite,numberOfRobotsOnWhiteSite
22706,25,15
timeStep,numberOfRobotsOnBlackSite,numberOfRobotsOnWhiteSite
22707,25,15
timeStep,numberOfRobotsOnBlackSite,numberOfRobotsOnWhiteSite
22708,25,15
timeStep,numberOfRobotsOnBlackSite,numberOfRobotsOnWhiteSite
22709,25,15
timeStep,numberOfRobotsOnBlackSite,numberOfRobotsOnWhiteSite
22710,25,15
timeStep,numberOfRobotsOnBlackSite,numberOfRobotsOnWhiteSite
22711,25,15
timeStep,numberOfRobotsOnBlackSite,numberOfRobotsOnWhiteSite
22712,25,15
timeStep,numberOfRobotsOnBlackSite,numberOfRobotsOnWhiteSite
22713,25,15
timeStep,numberOfRobotsOnBlackSite,numberOfRobotsOnWhiteSite
22714,25,15
timeStep,numberOfRobotsOnBlackSite,numberOfRobotsOnWhiteSite
22715,25,15
timeStep,numberOfRobotsOnBlackSite,numberOfRobotsOnWhiteSite
22716,25,15
timeStep,numberOfRobotsOnBlackSite,numberOfRobotsOnWhiteSite
22717,25,15
timeStep,numberOfRobotsOnBlackSite,numberOfRobotsOnWhiteSite
22718,25,15
timeStep,numberOfRobotsOnBlackSite,numberOfRobotsOnWhiteSite
22719,25,15
timeStep,numberOfRobotsOnBlackSite,numberOfRobotsOnWhiteSite
22720,25,15
timeStep,numberOfRobotsOnBlackSite,numberOfRobotsOnWhiteSite
22721,25,15
timeStep,numberOfRobotsOnBlackSite,numberOfRobotsOnWhiteSite
22722,25,15
timeStep,numberOfRobotsOnBlackSite,numberOfRobotsOnWhiteSite
22723,25,15
timeStep,numberOfRobotsOnBlackSite,numberOfRobotsOnWhiteSite
22724,25,15
timeStep,numberOfRobotsOnBlackSite,numberOfRobotsOnWhiteSite
22725,25,15
timeStep,numberOfRobotsOnBlackSite,numberOfRobotsOnWhiteSite
22726,25,15
timeStep,numberOfRobotsOnBlackSite,numberOfRobotsOnWhiteSite
22727,25,15
timeStep,numberOfRobotsOnBlackSite,numberOfRobotsOnWhiteSite
22728,25,15
timeStep,numberOfRobotsOnBlackSite,numberOfRobotsOnWhiteSite
22729,25,15
timeStep,numberOfRobotsOnBlackSite,numberOfRobotsOnWhiteSite
22730,25,15
timeStep,numberOfRobotsOnBlackSite,numberOfRobotsOnWhiteSite
22731,25,15
timeStep,numberOfRobotsOnBlackSite,numberOfRobotsOnWhiteSite
22732,25,15
timeStep,numberOfRobotsOnBlackSite,numberOfRobotsOnWhiteSite
22733,25,15
timeStep,numberOfRobotsOnBlackSite,numberOfRobotsOnWhiteSite
22734,25,15
timeStep,numberOfRobotsOnBlackSite,numberOfRobotsOnWhiteSite
22735,26,15
timeStep,numberOfRobotsOnBlackSite,numberOfRobotsOnWhiteSite
22736,26,15
timeStep,numberOfRobotsOnBlackSite,numberOfRobotsOnWhiteSite
22737,26,15
timeStep,numberOfRobotsOnBlackSite,numberOfRobotsOnWhiteSite
22738,26,15
timeStep,numberOfRobotsOnBlackSite,numberOfRobotsOnWhiteSite
22739,26,15
timeStep,numberOfRobotsOnBlackSite,numberOfRobotsOnWhiteSite
22740,26,15
timeStep,numberOfRobotsOnBlackSite,numberOfRobotsOnWhiteSite
22741,26,15
timeStep,numberOfRobotsOnBlackSite,numberOfRobotsOnWhiteSite
22742,26,15
timeStep,numberOfRobotsOnBlackSite,numberOfRobotsOnWhiteSite
22743,26,15
timeStep,numberOfRobotsOnBlackSite,numberOfRobotsOnWhiteSite
22744,26,15
timeStep,numberOfRobotsOnBlackSite,numberOfRobotsOnWhiteSite
22745,26,15
timeStep,numberOfRobotsOnBlackSite,numberOfRobotsOnWhiteSite
22746,26,15
timeStep,numberOfRobotsOnBlackSite,numberOfRobotsOnWhiteSite
22747,26,15
timeStep,numberOfRobotsOnBlackSite,numberOfRobotsOnWhiteSite
22748,26,15
timeStep,numberOfRobotsOnBlackSite,numberOfRobotsOnWhiteSite
22749,26,15
timeStep,numberOfRobotsOnBlackSite,numberOfRobotsOnWhiteSite
22750,26,15
timeStep,numberOfRobotsOnBlackSite,numberOfRobotsOnWhiteSite
22751,26,15
timeStep,numberOfRobotsOnBlackSite,numberOfRobotsOnWhiteSite
22752,26,15
timeStep,numberOfRobotsOnBlackSite,numberOfRobotsOnWhiteSite
22753,26,15
timeStep,numberOfRobotsOnBlackSite,numberOfRobotsOnWhiteSite
22754,26,15
timeStep,numberOfRobotsOnBlackSite,numberOfRobotsOnWhiteSite
22755,26,15
timeStep,numberOfRobotsOnBlackSite,numberOfRobotsOnWhiteSite
22756,26,15
timeStep,numberOfRobotsOnBlackSite,numberOfRobotsOnWhiteSite
22757,26,15
timeStep,numberOfRobotsOnBlackSite,numberOfRobotsOnWhiteSite
22758,26,15
timeStep,numberOfRobotsOnBlackSite,numberOfRobotsOnWhiteSite
22759,26,15
timeStep,numberOfRobotsOnBlackSite,numberOfRobotsOnWhiteSite
22760,26,15
timeStep,numberOfRobotsOnBlackSite,numberOfRobotsOnWhiteSite
22761,26,15
timeStep,numberOfRobotsOnBlackSite,numberOfRobotsOnWhiteSite
22762,26,15
timeStep,numberOfRobotsOnBlackSite,numberOfRobotsOnWhiteSite
22763,26,15
timeStep,numberOfRobotsOnBlackSite,numberOfRobotsOnWhiteSite
22764,26,15
timeStep,numberOfRobotsOnBlackSite,numberOfRobotsOnWhiteSite
22765,26,15
timeStep,numberOfRobotsOnBlackSite,numberOfRobotsOnWhiteSite
22766,26,15
timeStep,numberOfRobotsOnBlackSite,numberOfRobotsOnWhiteSite
22767,26,15
timeStep,numberOfRobotsOnBlackSite,numberOfRobotsOnWhiteSite
22768,26,15
timeStep,numberOfRobotsOnBlackSite,numberOfRobotsOnWhiteSite
22769,26,15
timeStep,numberOfRobotsOnBlackSite,numberOfRobotsOnWhiteSite
22770,26,15
timeStep,numberOfRobotsOnBlackSite,numberOfRobotsOnWhiteSite
22771,26,15
timeStep,numberOfRobotsOnBlackSite,numberOfRobotsOnWhiteSite
22772,26,15
timeStep,numberOfRobotsOnBlackSite,numberOfRobotsOnWhiteSite
22773,26,15
timeStep,numberOfRobotsOnBlackSite,numberOfRobotsOnWhiteSite
22774,26,15
timeStep,numberOfRobotsOnBlackSite,numberOfRobotsOnWhiteSite
22775,26,15
timeStep,numberOfRobotsOnBlackSite,numberOfRobotsOnWhiteSite
22776,26,15
timeStep,numberOfRobotsOnBlackSite,numberOfRobotsOnWhiteSite
22777,26,15
timeStep,numberOfRobotsOnBlackSite,numberOfRobotsOnWhiteSite
22778,26,15
timeStep,numberOfRobotsOnBlackSite,numberOfRobotsOnWhiteSite
22779,26,15
timeStep,numberOfRobotsOnBlackSite,numberOfRobotsOnWhiteSite
22780,26,15
timeStep,numberOfRobotsOnBlackSite,numberOfRobotsOnWhiteSite
22781,26,15
timeStep,numberOfRobotsOnBlackSite,numberOfRobotsOnWhiteSite
22782,26,15
timeStep,numberOfRobotsOnBlackSite,numberOfRobotsOnWhiteSite
22783,26,15
timeStep,numberOfRobotsOnBlackSite,numberOfRobotsOnWhiteSite
22784,26,15
timeStep,numberOfRobotsOnBlackSite,numberOfRobotsOnWhiteSite
22785,26,15
timeStep,numberOfRobotsOnBlackSite,numberOfRobotsOnWhiteSite
22786,26,15
timeStep,numberOfRobotsOnBlackSite,numberOfRobotsOnWhiteSite
22787,26,15
timeStep,numberOfRobotsOnBlackSite,numberOfRobotsOnWhiteSite
22788,26,15
timeStep,numberOfRobotsOnBlackSite,numberOfRobotsOnWhiteSite
22789,26,15
timeStep,numberOfRobotsOnBlackSite,numberOfRobotsOnWhiteSite
22790,26,14
timeStep,numberOfRobotsOnBlackSite,numberOfRobotsOnWhiteSite
22791,26,14
timeStep,numberOfRobotsOnBlackSite,numberOfRobotsOnWhiteSite
22792,26,14
timeStep,numberOfRobotsOnBlackSite,numberOfRobotsOnWhiteSite
22793,26,14
timeStep,numberOfRobotsOnBlackSite,numberOfRobotsOnWhiteSite
22794,26,14
timeStep,numberOfRobotsOnBlackSite,numberOfRobotsOnWhiteSite
22795,26,14
timeStep,numberOfRobotsOnBlackSite,numberOfRobotsOnWhiteSite
22796,26,14
timeStep,numberOfRobotsOnBlackSite,numberOfRobotsOnWhiteSite
22797,26,14
timeStep,numberOfRobotsOnBlackSite,numberOfRobotsOnWhiteSite
22798,26,14
timeStep,numberOfRobotsOnBlackSite,numberOfRobotsOnWhiteSite
22799,26,14
timeStep,numberOfRobotsOnBlackSite,numberOfRobotsOnWhiteSite
22800,26,13
timeStep,numberOfRobotsOnBlackSite,numberOfRobotsOnWhiteSite
22801,26,13
timeStep,numberOfRobotsOnBlackSite,numberOfRobotsOnWhiteSite
22802,26,13
timeStep,numberOfRobotsOnBlackSite,numberOfRobotsOnWhiteSite
22803,26,13
timeStep,numberOfRobotsOnBlackSite,numberOfRobotsOnWhiteSite
22804,26,13
timeStep,numberOfRobotsOnBlackSite,numberOfRobotsOnWhiteSite
22805,26,12
timeStep,numberOfRobotsOnBlackSite,numberOfRobotsOnWhiteSite
22806,26,12
timeStep,numberOfRobotsOnBlackSite,numberOfRobotsOnWhiteSite
22807,26,12
timeStep,numberOfRobotsOnBlackSite,numberOfRobotsOnWhiteSite
22808,26,12
timeStep,numberOfRobotsOnBlackSite,numberOfRobotsOnWhiteSite
22809,26,12
timeStep,numberOfRobotsOnBlackSite,numberOfRobotsOnWhiteSite
22810,26,12
timeStep,numberOfRobotsOnBlackSite,numberOfRobotsOnWhiteSite
22811,26,12
timeStep,numberOfRobotsOnBlackSite,numberOfRobotsOnWhiteSite
22812,26,12
timeStep,numberOfRobotsOnBlackSite,numberOfRobotsOnWhiteSite
22813,26,12
timeStep,numberOfRobotsOnBlackSite,numberOfRobotsOnWhiteSite
22814,26,12
timeStep,numberOfRobotsOnBlackSite,numberOfRobotsOnWhiteSite
22815,26,12
timeStep,numberOfRobotsOnBlackSite,numberOfRobotsOnWhiteSite
22816,26,12
timeStep,numberOfRobotsOnBlackSite,numberOfRobotsOnWhiteSite
22817,26,12
timeStep,numberOfRobotsOnBlackSite,numberOfRobotsOnWhiteSite
22818,26,12
timeStep,numberOfRobotsOnBlackSite,numberOfRobotsOnWhiteSite
22819,26,12
timeStep,numberOfRobotsOnBlackSite,numberOfRobotsOnWhiteSite
22820,26,12
timeStep,numberOfRobotsOnBlackSite,numberOfRobotsOnWhiteSite
22821,26,12
timeStep,numberOfRobotsOnBlackSite,numberOfRobotsOnWhiteSite
22822,26,12
timeStep,numberOfRobotsOnBlackSite,numberOfRobotsOnWhiteSite
22823,26,12
timeStep,numberOfRobotsOnBlackSite,numberOfRobotsOnWhiteSite
22824,26,12
timeStep,numberOfRobotsOnBlackSite,numberOfRobotsOnWhiteSite
22825,26,12
timeStep,numberOfRobotsOnBlackSite,numberOfRobotsOnWhiteSite
22826,26,12
timeStep,numberOfRobotsOnBlackSite,numberOfRobotsOnWhiteSite
22827,26,12
timeStep,numberOfRobotsOnBlackSite,numberOfRobotsOnWhiteSite
22828,26,12
timeStep,numberOfRobotsOnBlackSite,numberOfRobotsOnWhiteSite
22829,26,12
timeStep,numberOfRobotsOnBlackSite,numberOfRobotsOnWhiteSite
22830,26,12
timeStep,numberOfRobotsOnBlackSite,numberOfRobotsOnWhiteSite
22831,26,12
timeStep,numberOfRobotsOnBlackSite,numberOfRobotsOnWhiteSite
22832,26,12
timeStep,numberOfRobotsOnBlackSite,numberOfRobotsOnWhiteSite
22833,26,12
timeStep,numberOfRobotsOnBlackSite,numberOfRobotsOnWhiteSite
22834,26,12
timeStep,numberOfRobotsOnBlackSite,numberOfRobotsOnWhiteSite
22835,26,12
timeStep,numberOfRobotsOnBlackSite,numberOfRobotsOnWhiteSite
22836,26,12
timeStep,numberOfRobotsOnBlackSite,numberOfRobotsOnWhiteSite
22837,26,12
timeStep,numberOfRobotsOnBlackSite,numberOfRobotsOnWhiteSite
22838,26,12
timeStep,numberOfRobotsOnBlackSite,numberOfRobotsOnWhiteSite
22839,26,12
timeStep,numberOfRobotsOnBlackSite,numberOfRobotsOnWhiteSite
22840,26,12
timeStep,numberOfRobotsOnBlackSite,numberOfRobotsOnWhiteSite
22841,26,12
timeStep,numberOfRobotsOnBlackSite,numberOfRobotsOnWhiteSite
22842,26,12
timeStep,numberOfRobotsOnBlackSite,numberOfRobotsOnWhiteSite
22843,26,12
timeStep,numberOfRobotsOnBlackSite,numberOfRobotsOnWhiteSite
22844,26,12
timeStep,numberOfRobotsOnBlackSite,numberOfRobotsOnWhiteSite
22845,26,12
timeStep,numberOfRobotsOnBlackSite,numberOfRobotsOnWhiteSite
22846,26,12
timeStep,numberOfRobotsOnBlackSite,numberOfRobotsOnWhiteSite
22847,26,12
timeStep,numberOfRobotsOnBlackSite,numberOfRobotsOnWhiteSite
22848,26,12
timeStep,numberOfRobotsOnBlackSite,numberOfRobotsOnWhiteSite
22849,26,12
timeStep,numberOfRobotsOnBlackSite,numberOfRobotsOnWhiteSite
22850,26,12
timeStep,numberOfRobotsOnBlackSite,numberOfRobotsOnWhiteSite
22851,26,12
timeStep,numberOfRobotsOnBlackSite,numberOfRobotsOnWhiteSite
22852,26,12
timeStep,numberOfRobotsOnBlackSite,numberOfRobotsOnWhiteSite
22853,26,12
timeStep,numberOfRobotsOnBlackSite,numberOfRobotsOnWhiteSite
22854,26,12
timeStep,numberOfRobotsOnBlackSite,numberOfRobotsOnWhiteSite
22855,26,12
timeStep,numberOfRobotsOnBlackSite,numberOfRobotsOnWhiteSite
22856,26,12
timeStep,numberOfRobotsOnBlackSite,numberOfRobotsOnWhiteSite
22857,26,12
timeStep,numberOfRobotsOnBlackSite,numberOfRobotsOnWhiteSite
22858,26,12
timeStep,numberOfRobotsOnBlackSite,numberOfRobotsOnWhiteSite
22859,26,12
timeStep,numberOfRobotsOnBlackSite,numberOfRobotsOnWhiteSite
22860,26,12
timeStep,numberOfRobotsOnBlackSite,numberOfRobotsOnWhiteSite
22861,26,12
timeStep,numberOfRobotsOnBlackSite,numberOfRobotsOnWhiteSite
22862,26,12
timeStep,numberOfRobotsOnBlackSite,numberOfRobotsOnWhiteSite
22863,26,12
timeStep,numberOfRobotsOnBlackSite,numberOfRobotsOnWhiteSite
22864,26,12
timeStep,numberOfRobotsOnBlackSite,numberOfRobotsOnWhiteSite
22865,26,12
timeStep,numberOfRobotsOnBlackSite,numberOfRobotsOnWhiteSite
22866,26,12
timeStep,numberOfRobotsOnBlackSite,numberOfRobotsOnWhiteSite
22867,26,12
timeStep,numberOfRobotsOnBlackSite,numberOfRobotsOnWhiteSite
22868,26,12
timeStep,numberOfRobotsOnBlackSite,numberOfRobotsOnWhiteSite
22869,26,12
timeStep,numberOfRobotsOnBlackSite,numberOfRobotsOnWhiteSite
22870,26,12
timeStep,numberOfRobotsOnBlackSite,numberOfRobotsOnWhiteSite
22871,26,12
timeStep,numberOfRobotsOnBlackSite,numberOfRobotsOnWhiteSite
22872,26,12
timeStep,numberOfRobotsOnBlackSite,numberOfRobotsOnWhiteSite
22873,26,12
timeStep,numberOfRobotsOnBlackSite,numberOfRobotsOnWhiteSite
22874,26,12
timeStep,numberOfRobotsOnBlackSite,numberOfRobotsOnWhiteSite
22875,26,13
timeStep,numberOfRobotsOnBlackSite,numberOfRobotsOnWhiteSite
22876,26,13
timeStep,numberOfRobotsOnBlackSite,numberOfRobotsOnWhiteSite
22877,26,13
timeStep,numberOfRobotsOnBlackSite,numberOfRobotsOnWhiteSite
22878,26,13
timeStep,numberOfRobotsOnBlackSite,numberOfRobotsOnWhiteSite
22879,26,13
timeStep,numberOfRobotsOnBlackSite,numberOfRobotsOnWhiteSite
22880,26,13
timeStep,numberOfRobotsOnBlackSite,numberOfRobotsOnWhiteSite
22881,26,13
timeStep,numberOfRobotsOnBlackSite,numberOfRobotsOnWhiteSite
22882,26,13
timeStep,numberOfRobotsOnBlackSite,numberOfRobotsOnWhiteSite
22883,26,13
timeStep,numberOfRobotsOnBlackSite,numberOfRobotsOnWhiteSite
22884,26,13
timeStep,numberOfRobotsOnBlackSite,numberOfRobotsOnWhiteSite
22885,26,13
timeStep,numberOfRobotsOnBlackSite,numberOfRobotsOnWhiteSite
22886,26,13
timeStep,numberOfRobotsOnBlackSite,numberOfRobotsOnWhiteSite
22887,26,13
timeStep,numberOfRobotsOnBlackSite,numberOfRobotsOnWhiteSite
22888,26,13
timeStep,numberOfRobotsOnBlackSite,numberOfRobotsOnWhiteSite
22889,26,13
timeStep,numberOfRobotsOnBlackSite,numberOfRobotsOnWhiteSite
22890,26,13
timeStep,numberOfRobotsOnBlackSite,numberOfRobotsOnWhiteSite
22891,26,13
timeStep,numberOfRobotsOnBlackSite,numberOfRobotsOnWhiteSite
22892,26,13
timeStep,numberOfRobotsOnBlackSite,numberOfRobotsOnWhiteSite
22893,26,13
timeStep,numberOfRobotsOnBlackSite,numberOfRobotsOnWhiteSite
22894,26,13
timeStep,numberOfRobotsOnBlackSite,numberOfRobotsOnWhiteSite
22895,26,13
timeStep,numberOfRobotsOnBlackSite,numberOfRobotsOnWhiteSite
22896,26,13
timeStep,numberOfRobotsOnBlackSite,numberOfRobotsOnWhiteSite
22897,26,13
timeStep,numberOfRobotsOnBlackSite,numberOfRobotsOnWhiteSite
22898,26,13
timeStep,numberOfRobotsOnBlackSite,numberOfRobotsOnWhiteSite
22899,26,13
timeStep,numberOfRobotsOnBlackSite,numberOfRobotsOnWhiteSite
22900,26,13
timeStep,numberOfRobotsOnBlackSite,numberOfRobotsOnWhiteSite
22901,26,13
timeStep,numberOfRobotsOnBlackSite,numberOfRobotsOnWhiteSite
22902,26,13
timeStep,numberOfRobotsOnBlackSite,numberOfRobotsOnWhiteSite
22903,26,13
timeStep,numberOfRobotsOnBlackSite,numberOfRobotsOnWhiteSite
22904,26,13
timeStep,numberOfRobotsOnBlackSite,numberOfRobotsOnWhiteSite
22905,26,13
timeStep,numberOfRobotsOnBlackSite,numberOfRobotsOnWhiteSite
22906,26,13
timeStep,numberOfRobotsOnBlackSite,numberOfRobotsOnWhiteSite
22907,26,13
timeStep,numberOfRobotsOnBlackSite,numberOfRobotsOnWhiteSite
22908,26,13
timeStep,numberOfRobotsOnBlackSite,numberOfRobotsOnWhiteSite
22909,26,13
timeStep,numberOfRobotsOnBlackSite,numberOfRobotsOnWhiteSite
22910,26,13
timeStep,numberOfRobotsOnBlackSite,numberOfRobotsOnWhiteSite
22911,26,13
timeStep,numberOfRobotsOnBlackSite,numberOfRobotsOnWhiteSite
22912,26,13
timeStep,numberOfRobotsOnBlackSite,numberOfRobotsOnWhiteSite
22913,26,13
timeStep,numberOfRobotsOnBlackSite,numberOfRobotsOnWhiteSite
22914,26,13
timeStep,numberOfRobotsOnBlackSite,numberOfRobotsOnWhiteSite
22915,26,13
timeStep,numberOfRobotsOnBlackSite,numberOfRobotsOnWhiteSite
22916,26,13
timeStep,numberOfRobotsOnBlackSite,numberOfRobotsOnWhiteSite
22917,26,13
timeStep,numberOfRobotsOnBlackSite,numberOfRobotsOnWhiteSite
22918,26,13
timeStep,numberOfRobotsOnBlackSite,numberOfRobotsOnWhiteSite
22919,26,13
timeStep,numberOfRobotsOnBlackSite,numberOfRobotsOnWhiteSite
22920,26,13
timeStep,numberOfRobotsOnBlackSite,numberOfRobotsOnWhiteSite
22921,26,13
timeStep,numberOfRobotsOnBlackSite,numberOfRobotsOnWhiteSite
22922,26,13
timeStep,numberOfRobotsOnBlackSite,numberOfRobotsOnWhiteSite
22923,26,13
timeStep,numberOfRobotsOnBlackSite,numberOfRobotsOnWhiteSite
22924,26,13
timeStep,numberOfRobotsOnBlackSite,numberOfRobotsOnWhiteSite
22925,26,13
timeStep,numberOfRobotsOnBlackSite,numberOfRobotsOnWhiteSite
22926,26,13
timeStep,numberOfRobotsOnBlackSite,numberOfRobotsOnWhiteSite
22927,26,13
timeStep,numberOfRobotsOnBlackSite,numberOfRobotsOnWhiteSite
22928,26,13
timeStep,numberOfRobotsOnBlackSite,numberOfRobotsOnWhiteSite
22929,26,13
timeStep,numberOfRobotsOnBlackSite,numberOfRobotsOnWhiteSite
22930,26,13
timeStep,numberOfRobotsOnBlackSite,numberOfRobotsOnWhiteSite
22931,26,13
timeStep,numberOfRobotsOnBlackSite,numberOfRobotsOnWhiteSite
22932,26,13
timeStep,numberOfRobotsOnBlackSite,numberOfRobotsOnWhiteSite
22933,26,13
timeStep,numberOfRobotsOnBlackSite,numberOfRobotsOnWhiteSite
22934,26,13
timeStep,numberOfRobotsOnBlackSite,numberOfRobotsOnWhiteSite
22935,26,13
timeStep,numberOfRobotsOnBlackSite,numberOfRobotsOnWhiteSite
22936,26,13
timeStep,numberOfRobotsOnBlackSite,numberOfRobotsOnWhiteSite
22937,26,13
timeStep,numberOfRobotsOnBlackSite,numberOfRobotsOnWhiteSite
22938,26,13
timeStep,numberOfRobotsOnBlackSite,numberOfRobotsOnWhiteSite
22939,26,13
timeStep,numberOfRobotsOnBlackSite,numberOfRobotsOnWhiteSite
22940,26,13
timeStep,numberOfRobotsOnBlackSite,numberOfRobotsOnWhiteSite
22941,26,13
timeStep,numberOfRobotsOnBlackSite,numberOfRobotsOnWhiteSite
22942,26,13
timeStep,numberOfRobotsOnBlackSite,numberOfRobotsOnWhiteSite
22943,26,13
timeStep,numberOfRobotsOnBlackSite,numberOfRobotsOnWhiteSite
22944,26,13
timeStep,numberOfRobotsOnBlackSite,numberOfRobotsOnWhiteSite
22945,26,13
timeStep,numberOfRobotsOnBlackSite,numberOfRobotsOnWhiteSite
22946,26,13
timeStep,numberOfRobotsOnBlackSite,numberOfRobotsOnWhiteSite
22947,26,13
timeStep,numberOfRobotsOnBlackSite,numberOfRobotsOnWhiteSite
22948,26,13
timeStep,numberOfRobotsOnBlackSite,numberOfRobotsOnWhiteSite
22949,26,13
timeStep,numberOfRobotsOnBlackSite,numberOfRobotsOnWhiteSite
22950,26,13
timeStep,numberOfRobotsOnBlackSite,numberOfRobotsOnWhiteSite
22951,26,13
timeStep,numberOfRobotsOnBlackSite,numberOfRobotsOnWhiteSite
22952,26,13
timeStep,numberOfRobotsOnBlackSite,numberOfRobotsOnWhiteSite
22953,26,13
timeStep,numberOfRobotsOnBlackSite,numberOfRobotsOnWhiteSite
22954,26,13
timeStep,numberOfRobotsOnBlackSite,numberOfRobotsOnWhiteSite
22955,26,13
timeStep,numberOfRobotsOnBlackSite,numberOfRobotsOnWhiteSite
22956,26,13
timeStep,numberOfRobotsOnBlackSite,numberOfRobotsOnWhiteSite
22957,26,13
timeStep,numberOfRobotsOnBlackSite,numberOfRobotsOnWhiteSite
22958,26,13
timeStep,numberOfRobotsOnBlackSite,numberOfRobotsOnWhiteSite
22959,26,13
timeStep,numberOfRobotsOnBlackSite,numberOfRobotsOnWhiteSite
22960,26,13
timeStep,numberOfRobotsOnBlackSite,numberOfRobotsOnWhiteSite
22961,26,13
timeStep,numberOfRobotsOnBlackSite,numberOfRobotsOnWhiteSite
22962,26,13
timeStep,numberOfRobotsOnBlackSite,numberOfRobotsOnWhiteSite
22963,26,13
timeStep,numberOfRobotsOnBlackSite,numberOfRobotsOnWhiteSite
22964,26,13
timeStep,numberOfRobotsOnBlackSite,numberOfRobotsOnWhiteSite
22965,26,13
timeStep,numberOfRobotsOnBlackSite,numberOfRobotsOnWhiteSite
22966,26,13
timeStep,numberOfRobotsOnBlackSite,numberOfRobotsOnWhiteSite
22967,26,13
timeStep,numberOfRobotsOnBlackSite,numberOfRobotsOnWhiteSite
22968,26,13
timeStep,numberOfRobotsOnBlackSite,numberOfRobotsOnWhiteSite
22969,26,13
timeStep,numberOfRobotsOnBlackSite,numberOfRobotsOnWhiteSite
22970,26,13
timeStep,numberOfRobotsOnBlackSite,numberOfRobotsOnWhiteSite
22971,26,13
timeStep,numberOfRobotsOnBlackSite,numberOfRobotsOnWhiteSite
22972,26,13
timeStep,numberOfRobotsOnBlackSite,numberOfRobotsOnWhiteSite
22973,26,13
timeStep,numberOfRobotsOnBlackSite,numberOfRobotsOnWhiteSite
22974,26,13
timeStep,numberOfRobotsOnBlackSite,numberOfRobotsOnWhiteSite
22975,27,13
timeStep,numberOfRobotsOnBlackSite,numberOfRobotsOnWhiteSite
22976,27,13
timeStep,numberOfRobotsOnBlackSite,numberOfRobotsOnWhiteSite
22977,27,13
timeStep,numberOfRobotsOnBlackSite,numberOfRobotsOnWhiteSite
22978,27,13
timeStep,numberOfRobotsOnBlackSite,numberOfRobotsOnWhiteSite
22979,27,13
timeStep,numberOfRobotsOnBlackSite,numberOfRobotsOnWhiteSite
22980,27,13
timeStep,numberOfRobotsOnBlackSite,numberOfRobotsOnWhiteSite
22981,27,13
timeStep,numberOfRobotsOnBlackSite,numberOfRobotsOnWhiteSite
22982,27,13
timeStep,numberOfRobotsOnBlackSite,numberOfRobotsOnWhiteSite
22983,27,13
timeStep,numberOfRobotsOnBlackSite,numberOfRobotsOnWhiteSite
22984,27,13
timeStep,numberOfRobotsOnBlackSite,numberOfRobotsOnWhiteSite
22985,27,13
timeStep,numberOfRobotsOnBlackSite,numberOfRobotsOnWhiteSite
22986,27,13
timeStep,numberOfRobotsOnBlackSite,numberOfRobotsOnWhiteSite
22987,27,13
timeStep,numberOfRobotsOnBlackSite,numberOfRobotsOnWhiteSite
22988,27,13
timeStep,numberOfRobotsOnBlackSite,numberOfRobotsOnWhiteSite
22989,27,13
timeStep,numberOfRobotsOnBlackSite,numberOfRobotsOnWhiteSite
22990,27,13
timeStep,numberOfRobotsOnBlackSite,numberOfRobotsOnWhiteSite
22991,27,13
timeStep,numberOfRobotsOnBlackSite,numberOfRobotsOnWhiteSite
22992,27,13
timeStep,numberOfRobotsOnBlackSite,numberOfRobotsOnWhiteSite
22993,27,13
timeStep,numberOfRobotsOnBlackSite,numberOfRobotsOnWhiteSite
22994,27,13
timeStep,numberOfRobotsOnBlackSite,numberOfRobotsOnWhiteSite
22995,27,13
timeStep,numberOfRobotsOnBlackSite,numberOfRobotsOnWhiteSite
22996,27,13
timeStep,numberOfRobotsOnBlackSite,numberOfRobotsOnWhiteSite
22997,27,13
timeStep,numberOfRobotsOnBlackSite,numberOfRobotsOnWhiteSite
22998,27,13
timeStep,numberOfRobotsOnBlackSite,numberOfRobotsOnWhiteSite
22999,27,13
timeStep,numberOfRobotsOnBlackSite,numberOfRobotsOnWhiteSite
23000,27,13
timeStep,numberOfRobotsOnBlackSite,numberOfRobotsOnWhiteSite
23001,27,13
timeStep,numberOfRobotsOnBlackSite,numberOfRobotsOnWhiteSite
23002,27,13
timeStep,numberOfRobotsOnBlackSite,numberOfRobotsOnWhiteSite
23003,27,13
timeStep,numberOfRobotsOnBlackSite,numberOfRobotsOnWhiteSite
23004,27,13
timeStep,numberOfRobotsOnBlackSite,numberOfRobotsOnWhiteSite
23005,27,13
timeStep,numberOfRobotsOnBlackSite,numberOfRobotsOnWhiteSite
23006,27,13
timeStep,numberOfRobotsOnBlackSite,numberOfRobotsOnWhiteSite
23007,27,13
timeStep,numberOfRobotsOnBlackSite,numberOfRobotsOnWhiteSite
23008,27,13
timeStep,numberOfRobotsOnBlackSite,numberOfRobotsOnWhiteSite
23009,27,13
timeStep,numberOfRobotsOnBlackSite,numberOfRobotsOnWhiteSite
23010,27,13
timeStep,numberOfRobotsOnBlackSite,numberOfRobotsOnWhiteSite
23011,27,13
timeStep,numberOfRobotsOnBlackSite,numberOfRobotsOnWhiteSite
23012,27,13
timeStep,numberOfRobotsOnBlackSite,numberOfRobotsOnWhiteSite
23013,27,13
timeStep,numberOfRobotsOnBlackSite,numberOfRobotsOnWhiteSite
23014,27,13
timeStep,numberOfRobotsOnBlackSite,numberOfRobotsOnWhiteSite
23015,27,13
timeStep,numberOfRobotsOnBlackSite,numberOfRobotsOnWhiteSite
23016,27,13
timeStep,numberOfRobotsOnBlackSite,numberOfRobotsOnWhiteSite
23017,27,13
timeStep,numberOfRobotsOnBlackSite,numberOfRobotsOnWhiteSite
23018,27,13
timeStep,numberOfRobotsOnBlackSite,numberOfRobotsOnWhiteSite
23019,27,13
timeStep,numberOfRobotsOnBlackSite,numberOfRobotsOnWhiteSite
23020,27,13
timeStep,numberOfRobotsOnBlackSite,numberOfRobotsOnWhiteSite
23021,27,13
timeStep,numberOfRobotsOnBlackSite,numberOfRobotsOnWhiteSite
23022,27,13
timeStep,numberOfRobotsOnBlackSite,numberOfRobotsOnWhiteSite
23023,27,13
timeStep,numberOfRobotsOnBlackSite,numberOfRobotsOnWhiteSite
23024,27,13
timeStep,numberOfRobotsOnBlackSite,numberOfRobotsOnWhiteSite
23025,27,13
timeStep,numberOfRobotsOnBlackSite,numberOfRobotsOnWhiteSite
23026,27,13
timeStep,numberOfRobotsOnBlackSite,numberOfRobotsOnWhiteSite
23027,27,13
timeStep,numberOfRobotsOnBlackSite,numberOfRobotsOnWhiteSite
23028,27,13
timeStep,numberOfRobotsOnBlackSite,numberOfRobotsOnWhiteSite
23029,27,13
timeStep,numberOfRobotsOnBlackSite,numberOfRobotsOnWhiteSite
23030,27,13
timeStep,numberOfRobotsOnBlackSite,numberOfRobotsOnWhiteSite
23031,27,13
timeStep,numberOfRobotsOnBlackSite,numberOfRobotsOnWhiteSite
23032,27,13
timeStep,numberOfRobotsOnBlackSite,numberOfRobotsOnWhiteSite
23033,27,13
timeStep,numberOfRobotsOnBlackSite,numberOfRobotsOnWhiteSite
23034,27,13
timeStep,numberOfRobotsOnBlackSite,numberOfRobotsOnWhiteSite
23035,27,13
timeStep,numberOfRobotsOnBlackSite,numberOfRobotsOnWhiteSite
23036,27,13
timeStep,numberOfRobotsOnBlackSite,numberOfRobotsOnWhiteSite
23037,27,13
timeStep,numberOfRobotsOnBlackSite,numberOfRobotsOnWhiteSite
23038,27,13
timeStep,numberOfRobotsOnBlackSite,numberOfRobotsOnWhiteSite
23039,27,13
timeStep,numberOfRobotsOnBlackSite,numberOfRobotsOnWhiteSite
23040,27,13
timeStep,numberOfRobotsOnBlackSite,numberOfRobotsOnWhiteSite
23041,27,13
timeStep,numberOfRobotsOnBlackSite,numberOfRobotsOnWhiteSite
23042,27,13
timeStep,numberOfRobotsOnBlackSite,numberOfRobotsOnWhiteSite
23043,27,13
timeStep,numberOfRobotsOnBlackSite,numberOfRobotsOnWhiteSite
23044,27,13
timeStep,numberOfRobotsOnBlackSite,numberOfRobotsOnWhiteSite
23045,27,13
timeStep,numberOfRobotsOnBlackSite,numberOfRobotsOnWhiteSite
23046,27,13
timeStep,numberOfRobotsOnBlackSite,numberOfRobotsOnWhiteSite
23047,27,13
timeStep,numberOfRobotsOnBlackSite,numberOfRobotsOnWhiteSite
23048,27,13
timeStep,numberOfRobotsOnBlackSite,numberOfRobotsOnWhiteSite
23049,27,13
timeStep,numberOfRobotsOnBlackSite,numberOfRobotsOnWhiteSite
23050,27,13
timeStep,numberOfRobotsOnBlackSite,numberOfRobotsOnWhiteSite
23051,27,13
timeStep,numberOfRobotsOnBlackSite,numberOfRobotsOnWhiteSite
23052,27,13
timeStep,numberOfRobotsOnBlackSite,numberOfRobotsOnWhiteSite
23053,27,13
timeStep,numberOfRobotsOnBlackSite,numberOfRobotsOnWhiteSite
23054,27,13
timeStep,numberOfRobotsOnBlackSite,numberOfRobotsOnWhiteSite
23055,27,13
timeStep,numberOfRobotsOnBlackSite,numberOfRobotsOnWhiteSite
23056,27,13
timeStep,numberOfRobotsOnBlackSite,numberOfRobotsOnWhiteSite
23057,27,13
timeStep,numberOfRobotsOnBlackSite,numberOfRobotsOnWhiteSite
23058,27,13
timeStep,numberOfRobotsOnBlackSite,numberOfRobotsOnWhiteSite
23059,27,13
timeStep,numberOfRobotsOnBlackSite,numberOfRobotsOnWhiteSite
23060,27,13
timeStep,numberOfRobotsOnBlackSite,numberOfRobotsOnWhiteSite
23061,27,13
timeStep,numberOfRobotsOnBlackSite,numberOfRobotsOnWhiteSite
23062,27,13
timeStep,numberOfRobotsOnBlackSite,numberOfRobotsOnWhiteSite
23063,27,13
timeStep,numberOfRobotsOnBlackSite,numberOfRobotsOnWhiteSite
23064,27,13
timeStep,numberOfRobotsOnBlackSite,numberOfRobotsOnWhiteSite
23065,27,13
timeStep,numberOfRobotsOnBlackSite,numberOfRobotsOnWhiteSite
23066,27,13
timeStep,numberOfRobotsOnBlackSite,numberOfRobotsOnWhiteSite
23067,27,13
timeStep,numberOfRobotsOnBlackSite,numberOfRobotsOnWhiteSite
23068,27,13
timeStep,numberOfRobotsOnBlackSite,numberOfRobotsOnWhiteSite
23069,27,13
timeStep,numberOfRobotsOnBlackSite,numberOfRobotsOnWhiteSite
23070,27,13
timeStep,numberOfRobotsOnBlackSite,numberOfRobotsOnWhiteSite
23071,27,13
timeStep,numberOfRobotsOnBlackSite,numberOfRobotsOnWhiteSite
23072,27,13
timeStep,numberOfRobotsOnBlackSite,numberOfRobotsOnWhiteSite
23073,27,13
timeStep,numberOfRobotsOnBlackSite,numberOfRobotsOnWhiteSite
23074,27,13
timeStep,numberOfRobotsOnBlackSite,numberOfRobotsOnWhiteSite
23075,27,13
timeStep,numberOfRobotsOnBlackSite,numberOfRobotsOnWhiteSite
23076,27,13
timeStep,numberOfRobotsOnBlackSite,numberOfRobotsOnWhiteSite
23077,27,13
timeStep,numberOfRobotsOnBlackSite,numberOfRobotsOnWhiteSite
23078,27,13
timeStep,numberOfRobotsOnBlackSite,numberOfRobotsOnWhiteSite
23079,27,13
timeStep,numberOfRobotsOnBlackSite,numberOfRobotsOnWhiteSite
23080,27,13
timeStep,numberOfRobotsOnBlackSite,numberOfRobotsOnWhiteSite
23081,27,13
timeStep,numberOfRobotsOnBlackSite,numberOfRobotsOnWhiteSite
23082,27,13
timeStep,numberOfRobotsOnBlackSite,numberOfRobotsOnWhiteSite
23083,27,13
timeStep,numberOfRobotsOnBlackSite,numberOfRobotsOnWhiteSite
23084,27,13
timeStep,numberOfRobotsOnBlackSite,numberOfRobotsOnWhiteSite
23085,27,13
timeStep,numberOfRobotsOnBlackSite,numberOfRobotsOnWhiteSite
23086,27,13
timeStep,numberOfRobotsOnBlackSite,numberOfRobotsOnWhiteSite
23087,27,13
timeStep,numberOfRobotsOnBlackSite,numberOfRobotsOnWhiteSite
23088,27,13
timeStep,numberOfRobotsOnBlackSite,numberOfRobotsOnWhiteSite
23089,27,13
timeStep,numberOfRobotsOnBlackSite,numberOfRobotsOnWhiteSite
23090,27,13
timeStep,numberOfRobotsOnBlackSite,numberOfRobotsOnWhiteSite
23091,27,13
timeStep,numberOfRobotsOnBlackSite,numberOfRobotsOnWhiteSite
23092,27,13
timeStep,numberOfRobotsOnBlackSite,numberOfRobotsOnWhiteSite
23093,27,13
timeStep,numberOfRobotsOnBlackSite,numberOfRobotsOnWhiteSite
23094,27,13
timeStep,numberOfRobotsOnBlackSite,numberOfRobotsOnWhiteSite
23095,27,13
timeStep,numberOfRobotsOnBlackSite,numberOfRobotsOnWhiteSite
23096,27,13
timeStep,numberOfRobotsOnBlackSite,numberOfRobotsOnWhiteSite
23097,27,13
timeStep,numberOfRobotsOnBlackSite,numberOfRobotsOnWhiteSite
23098,27,13
timeStep,numberOfRobotsOnBlackSite,numberOfRobotsOnWhiteSite
23099,27,13
timeStep,numberOfRobotsOnBlackSite,numberOfRobotsOnWhiteSite
23100,27,13
timeStep,numberOfRobotsOnBlackSite,numberOfRobotsOnWhiteSite
23101,27,13
timeStep,numberOfRobotsOnBlackSite,numberOfRobotsOnWhiteSite
23102,27,13
timeStep,numberOfRobotsOnBlackSite,numberOfRobotsOnWhiteSite
23103,27,13
timeStep,numberOfRobotsOnBlackSite,numberOfRobotsOnWhiteSite
23104,27,13
timeStep,numberOfRobotsOnBlackSite,numberOfRobotsOnWhiteSite
23105,27,13
timeStep,numberOfRobotsOnBlackSite,numberOfRobotsOnWhiteSite
23106,27,13
timeStep,numberOfRobotsOnBlackSite,numberOfRobotsOnWhiteSite
23107,27,13
timeStep,numberOfRobotsOnBlackSite,numberOfRobotsOnWhiteSite
23108,27,13
timeStep,numberOfRobotsOnBlackSite,numberOfRobotsOnWhiteSite
23109,27,13
timeStep,numberOfRobotsOnBlackSite,numberOfRobotsOnWhiteSite
23110,27,13
timeStep,numberOfRobotsOnBlackSite,numberOfRobotsOnWhiteSite
23111,27,13
timeStep,numberOfRobotsOnBlackSite,numberOfRobotsOnWhiteSite
23112,27,13
timeStep,numberOfRobotsOnBlackSite,numberOfRobotsOnWhiteSite
23113,27,13
timeStep,numberOfRobotsOnBlackSite,numberOfRobotsOnWhiteSite
23114,27,13
timeStep,numberOfRobotsOnBlackSite,numberOfRobotsOnWhiteSite
23115,27,13
timeStep,numberOfRobotsOnBlackSite,numberOfRobotsOnWhiteSite
23116,27,13
timeStep,numberOfRobotsOnBlackSite,numberOfRobotsOnWhiteSite
23117,27,13
timeStep,numberOfRobotsOnBlackSite,numberOfRobotsOnWhiteSite
23118,27,13
timeStep,numberOfRobotsOnBlackSite,numberOfRobotsOnWhiteSite
23119,27,13
timeStep,numberOfRobotsOnBlackSite,numberOfRobotsOnWhiteSite
23120,27,13
timeStep,numberOfRobotsOnBlackSite,numberOfRobotsOnWhiteSite
23121,27,13
timeStep,numberOfRobotsOnBlackSite,numberOfRobotsOnWhiteSite
23122,27,13
timeStep,numberOfRobotsOnBlackSite,numberOfRobotsOnWhiteSite
23123,27,13
timeStep,numberOfRobotsOnBlackSite,numberOfRobotsOnWhiteSite
23124,27,13
timeStep,numberOfRobotsOnBlackSite,numberOfRobotsOnWhiteSite
23125,27,13
timeStep,numberOfRobotsOnBlackSite,numberOfRobotsOnWhiteSite
23126,27,13
timeStep,numberOfRobotsOnBlackSite,numberOfRobotsOnWhiteSite
23127,27,13
timeStep,numberOfRobotsOnBlackSite,numberOfRobotsOnWhiteSite
23128,27,13
timeStep,numberOfRobotsOnBlackSite,numberOfRobotsOnWhiteSite
23129,27,13
timeStep,numberOfRobotsOnBlackSite,numberOfRobotsOnWhiteSite
23130,27,13
timeStep,numberOfRobotsOnBlackSite,numberOfRobotsOnWhiteSite
23131,27,13
timeStep,numberOfRobotsOnBlackSite,numberOfRobotsOnWhiteSite
23132,27,13
timeStep,numberOfRobotsOnBlackSite,numberOfRobotsOnWhiteSite
23133,27,13
timeStep,numberOfRobotsOnBlackSite,numberOfRobotsOnWhiteSite
23134,27,13
timeStep,numberOfRobotsOnBlackSite,numberOfRobotsOnWhiteSite
23135,27,13
timeStep,numberOfRobotsOnBlackSite,numberOfRobotsOnWhiteSite
23136,27,13
timeStep,numberOfRobotsOnBlackSite,numberOfRobotsOnWhiteSite
23137,27,13
timeStep,numberOfRobotsOnBlackSite,numberOfRobotsOnWhiteSite
23138,27,13
timeStep,numberOfRobotsOnBlackSite,numberOfRobotsOnWhiteSite
23139,27,13
timeStep,numberOfRobotsOnBlackSite,numberOfRobotsOnWhiteSite
23140,27,13
timeStep,numberOfRobotsOnBlackSite,numberOfRobotsOnWhiteSite
23141,27,13
timeStep,numberOfRobotsOnBlackSite,numberOfRobotsOnWhiteSite
23142,27,13
timeStep,numberOfRobotsOnBlackSite,numberOfRobotsOnWhiteSite
23143,27,13
timeStep,numberOfRobotsOnBlackSite,numberOfRobotsOnWhiteSite
23144,27,13
timeStep,numberOfRobotsOnBlackSite,numberOfRobotsOnWhiteSite
23145,27,13
timeStep,numberOfRobotsOnBlackSite,numberOfRobotsOnWhiteSite
23146,27,13
timeStep,numberOfRobotsOnBlackSite,numberOfRobotsOnWhiteSite
23147,27,13
timeStep,numberOfRobotsOnBlackSite,numberOfRobotsOnWhiteSite
23148,27,13
timeStep,numberOfRobotsOnBlackSite,numberOfRobotsOnWhiteSite
23149,27,13
timeStep,numberOfRobotsOnBlackSite,numberOfRobotsOnWhiteSite
23150,27,13
timeStep,numberOfRobotsOnBlackSite,numberOfRobotsOnWhiteSite
23151,27,13
timeStep,numberOfRobotsOnBlackSite,numberOfRobotsOnWhiteSite
23152,27,13
timeStep,numberOfRobotsOnBlackSite,numberOfRobotsOnWhiteSite
23153,27,13
timeStep,numberOfRobotsOnBlackSite,numberOfRobotsOnWhiteSite
23154,27,13
timeStep,numberOfRobotsOnBlackSite,numberOfRobotsOnWhiteSite
23155,27,13
timeStep,numberOfRobotsOnBlackSite,numberOfRobotsOnWhiteSite
23156,27,13
timeStep,numberOfRobotsOnBlackSite,numberOfRobotsOnWhiteSite
23157,27,13
timeStep,numberOfRobotsOnBlackSite,numberOfRobotsOnWhiteSite
23158,27,13
timeStep,numberOfRobotsOnBlackSite,numberOfRobotsOnWhiteSite
23159,27,13
timeStep,numberOfRobotsOnBlackSite,numberOfRobotsOnWhiteSite
23160,27,13
timeStep,numberOfRobotsOnBlackSite,numberOfRobotsOnWhiteSite
23161,27,13
timeStep,numberOfRobotsOnBlackSite,numberOfRobotsOnWhiteSite
23162,27,13
timeStep,numberOfRobotsOnBlackSite,numberOfRobotsOnWhiteSite
23163,27,13
timeStep,numberOfRobotsOnBlackSite,numberOfRobotsOnWhiteSite
23164,27,13
timeStep,numberOfRobotsOnBlackSite,numberOfRobotsOnWhiteSite
23165,27,13
timeStep,numberOfRobotsOnBlackSite,numberOfRobotsOnWhiteSite
23166,27,13
timeStep,numberOfRobotsOnBlackSite,numberOfRobotsOnWhiteSite
23167,27,13
timeStep,numberOfRobotsOnBlackSite,numberOfRobotsOnWhiteSite
23168,27,13
timeStep,numberOfRobotsOnBlackSite,numberOfRobotsOnWhiteSite
23169,27,13
timeStep,numberOfRobotsOnBlackSite,numberOfRobotsOnWhiteSite
23170,27,13
timeStep,numberOfRobotsOnBlackSite,numberOfRobotsOnWhiteSite
23171,27,13
timeStep,numberOfRobotsOnBlackSite,numberOfRobotsOnWhiteSite
23172,27,13
timeStep,numberOfRobotsOnBlackSite,numberOfRobotsOnWhiteSite
23173,27,13
timeStep,numberOfRobotsOnBlackSite,numberOfRobotsOnWhiteSite
23174,27,13
timeStep,numberOfRobotsOnBlackSite,numberOfRobotsOnWhiteSite
23175,27,13
timeStep,numberOfRobotsOnBlackSite,numberOfRobotsOnWhiteSite
23176,27,13
timeStep,numberOfRobotsOnBlackSite,numberOfRobotsOnWhiteSite
23177,27,13
timeStep,numberOfRobotsOnBlackSite,numberOfRobotsOnWhiteSite
23178,27,13
timeStep,numberOfRobotsOnBlackSite,numberOfRobotsOnWhiteSite
23179,27,13
timeStep,numberOfRobotsOnBlackSite,numberOfRobotsOnWhiteSite
23180,27,13
timeStep,numberOfRobotsOnBlackSite,numberOfRobotsOnWhiteSite
23181,27,13
timeStep,numberOfRobotsOnBlackSite,numberOfRobotsOnWhiteSite
23182,27,13
timeStep,numberOfRobotsOnBlackSite,numberOfRobotsOnWhiteSite
23183,27,13
timeStep,numberOfRobotsOnBlackSite,numberOfRobotsOnWhiteSite
23184,27,13
timeStep,numberOfRobotsOnBlackSite,numberOfRobotsOnWhiteSite
23185,27,13
timeStep,numberOfRobotsOnBlackSite,numberOfRobotsOnWhiteSite
23186,27,13
timeStep,numberOfRobotsOnBlackSite,numberOfRobotsOnWhiteSite
23187,27,13
timeStep,numberOfRobotsOnBlackSite,numberOfRobotsOnWhiteSite
23188,27,13
timeStep,numberOfRobotsOnBlackSite,numberOfRobotsOnWhiteSite
23189,27,13
timeStep,numberOfRobotsOnBlackSite,numberOfRobotsOnWhiteSite
23190,27,13
timeStep,numberOfRobotsOnBlackSite,numberOfRobotsOnWhiteSite
23191,27,13
timeStep,numberOfRobotsOnBlackSite,numberOfRobotsOnWhiteSite
23192,27,13
timeStep,numberOfRobotsOnBlackSite,numberOfRobotsOnWhiteSite
23193,27,13
timeStep,numberOfRobotsOnBlackSite,numberOfRobotsOnWhiteSite
23194,27,13
timeStep,numberOfRobotsOnBlackSite,numberOfRobotsOnWhiteSite
23195,27,13
timeStep,numberOfRobotsOnBlackSite,numberOfRobotsOnWhiteSite
23196,27,13
timeStep,numberOfRobotsOnBlackSite,numberOfRobotsOnWhiteSite
23197,27,13
timeStep,numberOfRobotsOnBlackSite,numberOfRobotsOnWhiteSite
23198,27,13
timeStep,numberOfRobotsOnBlackSite,numberOfRobotsOnWhiteSite
23199,27,13
timeStep,numberOfRobotsOnBlackSite,numberOfRobotsOnWhiteSite
23200,27,13
timeStep,numberOfRobotsOnBlackSite,numberOfRobotsOnWhiteSite
23201,27,13
timeStep,numberOfRobotsOnBlackSite,numberOfRobotsOnWhiteSite
23202,27,13
timeStep,numberOfRobotsOnBlackSite,numberOfRobotsOnWhiteSite
23203,27,13
timeStep,numberOfRobotsOnBlackSite,numberOfRobotsOnWhiteSite
23204,27,13
timeStep,numberOfRobotsOnBlackSite,numberOfRobotsOnWhiteSite
23205,27,13
timeStep,numberOfRobotsOnBlackSite,numberOfRobotsOnWhiteSite
23206,27,13
timeStep,numberOfRobotsOnBlackSite,numberOfRobotsOnWhiteSite
23207,27,13
timeStep,numberOfRobotsOnBlackSite,numberOfRobotsOnWhiteSite
23208,27,13
timeStep,numberOfRobotsOnBlackSite,numberOfRobotsOnWhiteSite
23209,27,13
timeStep,numberOfRobotsOnBlackSite,numberOfRobotsOnWhiteSite
23210,27,13
timeStep,numberOfRobotsOnBlackSite,numberOfRobotsOnWhiteSite
23211,27,13
timeStep,numberOfRobotsOnBlackSite,numberOfRobotsOnWhiteSite
23212,27,13
timeStep,numberOfRobotsOnBlackSite,numberOfRobotsOnWhiteSite
23213,27,13
timeStep,numberOfRobotsOnBlackSite,numberOfRobotsOnWhiteSite
23214,27,13
timeStep,numberOfRobotsOnBlackSite,numberOfRobotsOnWhiteSite
23215,27,13
timeStep,numberOfRobotsOnBlackSite,numberOfRobotsOnWhiteSite
23216,27,13
timeStep,numberOfRobotsOnBlackSite,numberOfRobotsOnWhiteSite
23217,27,13
timeStep,numberOfRobotsOnBlackSite,numberOfRobotsOnWhiteSite
23218,27,13
timeStep,numberOfRobotsOnBlackSite,numberOfRobotsOnWhiteSite
23219,27,13
timeStep,numberOfRobotsOnBlackSite,numberOfRobotsOnWhiteSite
23220,27,13
timeStep,numberOfRobotsOnBlackSite,numberOfRobotsOnWhiteSite
23221,27,13
timeStep,numberOfRobotsOnBlackSite,numberOfRobotsOnWhiteSite
23222,27,13
timeStep,numberOfRobotsOnBlackSite,numberOfRobotsOnWhiteSite
23223,27,13
timeStep,numberOfRobotsOnBlackSite,numberOfRobotsOnWhiteSite
23224,27,13
timeStep,numberOfRobotsOnBlackSite,numberOfRobotsOnWhiteSite
23225,27,13
timeStep,numberOfRobotsOnBlackSite,numberOfRobotsOnWhiteSite
23226,27,13
timeStep,numberOfRobotsOnBlackSite,numberOfRobotsOnWhiteSite
23227,27,13
timeStep,numberOfRobotsOnBlackSite,numberOfRobotsOnWhiteSite
23228,27,13
timeStep,numberOfRobotsOnBlackSite,numberOfRobotsOnWhiteSite
23229,27,13
timeStep,numberOfRobotsOnBlackSite,numberOfRobotsOnWhiteSite
23230,27,14
timeStep,numberOfRobotsOnBlackSite,numberOfRobotsOnWhiteSite
23231,27,14
timeStep,numberOfRobotsOnBlackSite,numberOfRobotsOnWhiteSite
23232,27,14
timeStep,numberOfRobotsOnBlackSite,numberOfRobotsOnWhiteSite
23233,27,14
timeStep,numberOfRobotsOnBlackSite,numberOfRobotsOnWhiteSite
23234,27,14
timeStep,numberOfRobotsOnBlackSite,numberOfRobotsOnWhiteSite
23235,27,13
timeStep,numberOfRobotsOnBlackSite,numberOfRobotsOnWhiteSite
23236,27,13
timeStep,numberOfRobotsOnBlackSite,numberOfRobotsOnWhiteSite
23237,27,13
timeStep,numberOfRobotsOnBlackSite,numberOfRobotsOnWhiteSite
23238,27,13
timeStep,numberOfRobotsOnBlackSite,numberOfRobotsOnWhiteSite
23239,27,13
timeStep,numberOfRobotsOnBlackSite,numberOfRobotsOnWhiteSite
23240,27,13
timeStep,numberOfRobotsOnBlackSite,numberOfRobotsOnWhiteSite
23241,27,13
timeStep,numberOfRobotsOnBlackSite,numberOfRobotsOnWhiteSite
23242,27,13
timeStep,numberOfRobotsOnBlackSite,numberOfRobotsOnWhiteSite
23243,27,13
timeStep,numberOfRobotsOnBlackSite,numberOfRobotsOnWhiteSite
23244,27,13
timeStep,numberOfRobotsOnBlackSite,numberOfRobotsOnWhiteSite
23245,27,13
timeStep,numberOfRobotsOnBlackSite,numberOfRobotsOnWhiteSite
23246,27,13
timeStep,numberOfRobotsOnBlackSite,numberOfRobotsOnWhiteSite
23247,27,13
timeStep,numberOfRobotsOnBlackSite,numberOfRobotsOnWhiteSite
23248,27,13
timeStep,numberOfRobotsOnBlackSite,numberOfRobotsOnWhiteSite
23249,27,13
timeStep,numberOfRobotsOnBlackSite,numberOfRobotsOnWhiteSite
23250,27,13
timeStep,numberOfRobotsOnBlackSite,numberOfRobotsOnWhiteSite
23251,27,13
timeStep,numberOfRobotsOnBlackSite,numberOfRobotsOnWhiteSite
23252,27,13
timeStep,numberOfRobotsOnBlackSite,numberOfRobotsOnWhiteSite
23253,27,13
timeStep,numberOfRobotsOnBlackSite,numberOfRobotsOnWhiteSite
23254,27,13
timeStep,numberOfRobotsOnBlackSite,numberOfRobotsOnWhiteSite
23255,27,13
timeStep,numberOfRobotsOnBlackSite,numberOfRobotsOnWhiteSite
23256,27,13
timeStep,numberOfRobotsOnBlackSite,numberOfRobotsOnWhiteSite
23257,27,13
timeStep,numberOfRobotsOnBlackSite,numberOfRobotsOnWhiteSite
23258,27,13
timeStep,numberOfRobotsOnBlackSite,numberOfRobotsOnWhiteSite
23259,27,13
timeStep,numberOfRobotsOnBlackSite,numberOfRobotsOnWhiteSite
23260,27,13
timeStep,numberOfRobotsOnBlackSite,numberOfRobotsOnWhiteSite
23261,27,13
timeStep,numberOfRobotsOnBlackSite,numberOfRobotsOnWhiteSite
23262,27,13
timeStep,numberOfRobotsOnBlackSite,numberOfRobotsOnWhiteSite
23263,27,13
timeStep,numberOfRobotsOnBlackSite,numberOfRobotsOnWhiteSite
23264,27,13
timeStep,numberOfRobotsOnBlackSite,numberOfRobotsOnWhiteSite
23265,27,13
timeStep,numberOfRobotsOnBlackSite,numberOfRobotsOnWhiteSite
23266,27,13
timeStep,numberOfRobotsOnBlackSite,numberOfRobotsOnWhiteSite
23267,27,13
timeStep,numberOfRobotsOnBlackSite,numberOfRobotsOnWhiteSite
23268,27,13
timeStep,numberOfRobotsOnBlackSite,numberOfRobotsOnWhiteSite
23269,27,13
timeStep,numberOfRobotsOnBlackSite,numberOfRobotsOnWhiteSite
23270,27,13
timeStep,numberOfRobotsOnBlackSite,numberOfRobotsOnWhiteSite
23271,27,13
timeStep,numberOfRobotsOnBlackSite,numberOfRobotsOnWhiteSite
23272,27,13
timeStep,numberOfRobotsOnBlackSite,numberOfRobotsOnWhiteSite
23273,27,13
timeStep,numberOfRobotsOnBlackSite,numberOfRobotsOnWhiteSite
23274,27,13
timeStep,numberOfRobotsOnBlackSite,numberOfRobotsOnWhiteSite
23275,27,13
timeStep,numberOfRobotsOnBlackSite,numberOfRobotsOnWhiteSite
23276,27,13
timeStep,numberOfRobotsOnBlackSite,numberOfRobotsOnWhiteSite
23277,27,13
timeStep,numberOfRobotsOnBlackSite,numberOfRobotsOnWhiteSite
23278,27,13
timeStep,numberOfRobotsOnBlackSite,numberOfRobotsOnWhiteSite
23279,27,13
timeStep,numberOfRobotsOnBlackSite,numberOfRobotsOnWhiteSite
23280,27,13
timeStep,numberOfRobotsOnBlackSite,numberOfRobotsOnWhiteSite
23281,27,13
timeStep,numberOfRobotsOnBlackSite,numberOfRobotsOnWhiteSite
23282,27,13
timeStep,numberOfRobotsOnBlackSite,numberOfRobotsOnWhiteSite
23283,27,13
timeStep,numberOfRobotsOnBlackSite,numberOfRobotsOnWhiteSite
23284,27,13
timeStep,numberOfRobotsOnBlackSite,numberOfRobotsOnWhiteSite
23285,27,13
timeStep,numberOfRobotsOnBlackSite,numberOfRobotsOnWhiteSite
23286,27,13
timeStep,numberOfRobotsOnBlackSite,numberOfRobotsOnWhiteSite
23287,27,13
timeStep,numberOfRobotsOnBlackSite,numberOfRobotsOnWhiteSite
23288,27,13
timeStep,numberOfRobotsOnBlackSite,numberOfRobotsOnWhiteSite
23289,27,13
timeStep,numberOfRobotsOnBlackSite,numberOfRobotsOnWhiteSite
23290,27,13
timeStep,numberOfRobotsOnBlackSite,numberOfRobotsOnWhiteSite
23291,27,13
timeStep,numberOfRobotsOnBlackSite,numberOfRobotsOnWhiteSite
23292,27,13
timeStep,numberOfRobotsOnBlackSite,numberOfRobotsOnWhiteSite
23293,27,13
timeStep,numberOfRobotsOnBlackSite,numberOfRobotsOnWhiteSite
23294,27,13
timeStep,numberOfRobotsOnBlackSite,numberOfRobotsOnWhiteSite
23295,27,13
timeStep,numberOfRobotsOnBlackSite,numberOfRobotsOnWhiteSite
23296,27,13
timeStep,numberOfRobotsOnBlackSite,numberOfRobotsOnWhiteSite
23297,27,13
timeStep,numberOfRobotsOnBlackSite,numberOfRobotsOnWhiteSite
23298,27,13
timeStep,numberOfRobotsOnBlackSite,numberOfRobotsOnWhiteSite
23299,27,13
timeStep,numberOfRobotsOnBlackSite,numberOfRobotsOnWhiteSite
23300,27,13
timeStep,numberOfRobotsOnBlackSite,numberOfRobotsOnWhiteSite
23301,27,13
timeStep,numberOfRobotsOnBlackSite,numberOfRobotsOnWhiteSite
23302,27,13
timeStep,numberOfRobotsOnBlackSite,numberOfRobotsOnWhiteSite
23303,27,13
timeStep,numberOfRobotsOnBlackSite,numberOfRobotsOnWhiteSite
23304,27,13
timeStep,numberOfRobotsOnBlackSite,numberOfRobotsOnWhiteSite
23305,26,13
timeStep,numberOfRobotsOnBlackSite,numberOfRobotsOnWhiteSite
23306,26,13
timeStep,numberOfRobotsOnBlackSite,numberOfRobotsOnWhiteSite
23307,26,13
timeStep,numberOfRobotsOnBlackSite,numberOfRobotsOnWhiteSite
23308,26,13
timeStep,numberOfRobotsOnBlackSite,numberOfRobotsOnWhiteSite
23309,26,13
timeStep,numberOfRobotsOnBlackSite,numberOfRobotsOnWhiteSite
23310,26,13
timeStep,numberOfRobotsOnBlackSite,numberOfRobotsOnWhiteSite
23311,26,13
timeStep,numberOfRobotsOnBlackSite,numberOfRobotsOnWhiteSite
23312,26,13
timeStep,numberOfRobotsOnBlackSite,numberOfRobotsOnWhiteSite
23313,26,13
timeStep,numberOfRobotsOnBlackSite,numberOfRobotsOnWhiteSite
23314,26,13
timeStep,numberOfRobotsOnBlackSite,numberOfRobotsOnWhiteSite
23315,26,13
timeStep,numberOfRobotsOnBlackSite,numberOfRobotsOnWhiteSite
23316,26,13
timeStep,numberOfRobotsOnBlackSite,numberOfRobotsOnWhiteSite
23317,26,13
timeStep,numberOfRobotsOnBlackSite,numberOfRobotsOnWhiteSite
23318,26,13
timeStep,numberOfRobotsOnBlackSite,numberOfRobotsOnWhiteSite
23319,26,13
timeStep,numberOfRobotsOnBlackSite,numberOfRobotsOnWhiteSite
23320,26,13
timeStep,numberOfRobotsOnBlackSite,numberOfRobotsOnWhiteSite
23321,26,13
timeStep,numberOfRobotsOnBlackSite,numberOfRobotsOnWhiteSite
23322,26,13
timeStep,numberOfRobotsOnBlackSite,numberOfRobotsOnWhiteSite
23323,26,13
timeStep,numberOfRobotsOnBlackSite,numberOfRobotsOnWhiteSite
23324,26,13
timeStep,numberOfRobotsOnBlackSite,numberOfRobotsOnWhiteSite
23325,26,13
timeStep,numberOfRobotsOnBlackSite,numberOfRobotsOnWhiteSite
23326,26,13
timeStep,numberOfRobotsOnBlackSite,numberOfRobotsOnWhiteSite
23327,26,13
timeStep,numberOfRobotsOnBlackSite,numberOfRobotsOnWhiteSite
23328,26,13
timeStep,numberOfRobotsOnBlackSite,numberOfRobotsOnWhiteSite
23329,26,13
timeStep,numberOfRobotsOnBlackSite,numberOfRobotsOnWhiteSite
23330,26,13
timeStep,numberOfRobotsOnBlackSite,numberOfRobotsOnWhiteSite
23331,26,13
timeStep,numberOfRobotsOnBlackSite,numberOfRobotsOnWhiteSite
23332,26,13
timeStep,numberOfRobotsOnBlackSite,numberOfRobotsOnWhiteSite
23333,26,13
timeStep,numberOfRobotsOnBlackSite,numberOfRobotsOnWhiteSite
23334,26,13
timeStep,numberOfRobotsOnBlackSite,numberOfRobotsOnWhiteSite
23335,25,13
timeStep,numberOfRobotsOnBlackSite,numberOfRobotsOnWhiteSite
23336,25,13
timeStep,numberOfRobotsOnBlackSite,numberOfRobotsOnWhiteSite
23337,25,13
timeStep,numberOfRobotsOnBlackSite,numberOfRobotsOnWhiteSite
23338,25,13
timeStep,numberOfRobotsOnBlackSite,numberOfRobotsOnWhiteSite
23339,25,13
timeStep,numberOfRobotsOnBlackSite,numberOfRobotsOnWhiteSite
23340,25,13
timeStep,numberOfRobotsOnBlackSite,numberOfRobotsOnWhiteSite
23341,25,13
timeStep,numberOfRobotsOnBlackSite,numberOfRobotsOnWhiteSite
23342,25,13
timeStep,numberOfRobotsOnBlackSite,numberOfRobotsOnWhiteSite
23343,25,13
timeStep,numberOfRobotsOnBlackSite,numberOfRobotsOnWhiteSite
23344,25,13
timeStep,numberOfRobotsOnBlackSite,numberOfRobotsOnWhiteSite
23345,25,13
timeStep,numberOfRobotsOnBlackSite,numberOfRobotsOnWhiteSite
23346,25,13
timeStep,numberOfRobotsOnBlackSite,numberOfRobotsOnWhiteSite
23347,25,13
timeStep,numberOfRobotsOnBlackSite,numberOfRobotsOnWhiteSite
23348,25,13
timeStep,numberOfRobotsOnBlackSite,numberOfRobotsOnWhiteSite
23349,25,13
timeStep,numberOfRobotsOnBlackSite,numberOfRobotsOnWhiteSite
23350,25,13
timeStep,numberOfRobotsOnBlackSite,numberOfRobotsOnWhiteSite
23351,25,13
timeStep,numberOfRobotsOnBlackSite,numberOfRobotsOnWhiteSite
23352,25,13
timeStep,numberOfRobotsOnBlackSite,numberOfRobotsOnWhiteSite
23353,25,13
timeStep,numberOfRobotsOnBlackSite,numberOfRobotsOnWhiteSite
23354,25,13
timeStep,numberOfRobotsOnBlackSite,numberOfRobotsOnWhiteSite
23355,25,13
timeStep,numberOfRobotsOnBlackSite,numberOfRobotsOnWhiteSite
23356,25,13
timeStep,numberOfRobotsOnBlackSite,numberOfRobotsOnWhiteSite
23357,25,13
timeStep,numberOfRobotsOnBlackSite,numberOfRobotsOnWhiteSite
23358,25,13
timeStep,numberOfRobotsOnBlackSite,numberOfRobotsOnWhiteSite
23359,25,13
timeStep,numberOfRobotsOnBlackSite,numberOfRobotsOnWhiteSite
23360,25,13
timeStep,numberOfRobotsOnBlackSite,numberOfRobotsOnWhiteSite
23361,25,13
timeStep,numberOfRobotsOnBlackSite,numberOfRobotsOnWhiteSite
23362,25,13
timeStep,numberOfRobotsOnBlackSite,numberOfRobotsOnWhiteSite
23363,25,13
timeStep,numberOfRobotsOnBlackSite,numberOfRobotsOnWhiteSite
23364,25,13
timeStep,numberOfRobotsOnBlackSite,numberOfRobotsOnWhiteSite
23365,25,13
timeStep,numberOfRobotsOnBlackSite,numberOfRobotsOnWhiteSite
23366,25,13
timeStep,numberOfRobotsOnBlackSite,numberOfRobotsOnWhiteSite
23367,25,13
timeStep,numberOfRobotsOnBlackSite,numberOfRobotsOnWhiteSite
23368,25,13
timeStep,numberOfRobotsOnBlackSite,numberOfRobotsOnWhiteSite
23369,25,13
timeStep,numberOfRobotsOnBlackSite,numberOfRobotsOnWhiteSite
23370,25,13
timeStep,numberOfRobotsOnBlackSite,numberOfRobotsOnWhiteSite
23371,25,13
timeStep,numberOfRobotsOnBlackSite,numberOfRobotsOnWhiteSite
23372,25,13
timeStep,numberOfRobotsOnBlackSite,numberOfRobotsOnWhiteSite
23373,25,13
timeStep,numberOfRobotsOnBlackSite,numberOfRobotsOnWhiteSite
23374,25,13
timeStep,numberOfRobotsOnBlackSite,numberOfRobotsOnWhiteSite
23375,25,13
timeStep,numberOfRobotsOnBlackSite,numberOfRobotsOnWhiteSite
23376,25,13
timeStep,numberOfRobotsOnBlackSite,numberOfRobotsOnWhiteSite
23377,25,13
timeStep,numberOfRobotsOnBlackSite,numberOfRobotsOnWhiteSite
23378,25,13
timeStep,numberOfRobotsOnBlackSite,numberOfRobotsOnWhiteSite
23379,25,13
timeStep,numberOfRobotsOnBlackSite,numberOfRobotsOnWhiteSite
23380,25,13
timeStep,numberOfRobotsOnBlackSite,numberOfRobotsOnWhiteSite
23381,25,13
timeStep,numberOfRobotsOnBlackSite,numberOfRobotsOnWhiteSite
23382,25,13
timeStep,numberOfRobotsOnBlackSite,numberOfRobotsOnWhiteSite
23383,25,13
timeStep,numberOfRobotsOnBlackSite,numberOfRobotsOnWhiteSite
23384,25,13
timeStep,numberOfRobotsOnBlackSite,numberOfRobotsOnWhiteSite
23385,25,13
timeStep,numberOfRobotsOnBlackSite,numberOfRobotsOnWhiteSite
23386,25,13
timeStep,numberOfRobotsOnBlackSite,numberOfRobotsOnWhiteSite
23387,25,13
timeStep,numberOfRobotsOnBlackSite,numberOfRobotsOnWhiteSite
23388,25,13
timeStep,numberOfRobotsOnBlackSite,numberOfRobotsOnWhiteSite
23389,25,13
timeStep,numberOfRobotsOnBlackSite,numberOfRobotsOnWhiteSite
23390,25,13
timeStep,numberOfRobotsOnBlackSite,numberOfRobotsOnWhiteSite
23391,25,13
timeStep,numberOfRobotsOnBlackSite,numberOfRobotsOnWhiteSite
23392,25,13
timeStep,numberOfRobotsOnBlackSite,numberOfRobotsOnWhiteSite
23393,25,13
timeStep,numberOfRobotsOnBlackSite,numberOfRobotsOnWhiteSite
23394,25,13
timeStep,numberOfRobotsOnBlackSite,numberOfRobotsOnWhiteSite
23395,25,13
timeStep,numberOfRobotsOnBlackSite,numberOfRobotsOnWhiteSite
23396,25,13
timeStep,numberOfRobotsOnBlackSite,numberOfRobotsOnWhiteSite
23397,25,13
timeStep,numberOfRobotsOnBlackSite,numberOfRobotsOnWhiteSite
23398,25,13
timeStep,numberOfRobotsOnBlackSite,numberOfRobotsOnWhiteSite
23399,25,13
timeStep,numberOfRobotsOnBlackSite,numberOfRobotsOnWhiteSite
23400,25,14
timeStep,numberOfRobotsOnBlackSite,numberOfRobotsOnWhiteSite
23401,25,14
timeStep,numberOfRobotsOnBlackSite,numberOfRobotsOnWhiteSite
23402,25,14
timeStep,numberOfRobotsOnBlackSite,numberOfRobotsOnWhiteSite
23403,25,14
timeStep,numberOfRobotsOnBlackSite,numberOfRobotsOnWhiteSite
23404,25,14
timeStep,numberOfRobotsOnBlackSite,numberOfRobotsOnWhiteSite
23405,25,14
timeStep,numberOfRobotsOnBlackSite,numberOfRobotsOnWhiteSite
23406,25,14
timeStep,numberOfRobotsOnBlackSite,numberOfRobotsOnWhiteSite
23407,25,14
timeStep,numberOfRobotsOnBlackSite,numberOfRobotsOnWhiteSite
23408,25,14
timeStep,numberOfRobotsOnBlackSite,numberOfRobotsOnWhiteSite
23409,25,14
timeStep,numberOfRobotsOnBlackSite,numberOfRobotsOnWhiteSite
23410,25,14
timeStep,numberOfRobotsOnBlackSite,numberOfRobotsOnWhiteSite
23411,25,14
timeStep,numberOfRobotsOnBlackSite,numberOfRobotsOnWhiteSite
23412,25,14
timeStep,numberOfRobotsOnBlackSite,numberOfRobotsOnWhiteSite
23413,25,14
timeStep,numberOfRobotsOnBlackSite,numberOfRobotsOnWhiteSite
23414,25,14
timeStep,numberOfRobotsOnBlackSite,numberOfRobotsOnWhiteSite
23415,25,14
timeStep,numberOfRobotsOnBlackSite,numberOfRobotsOnWhiteSite
23416,25,14
timeStep,numberOfRobotsOnBlackSite,numberOfRobotsOnWhiteSite
23417,25,14
timeStep,numberOfRobotsOnBlackSite,numberOfRobotsOnWhiteSite
23418,25,14
timeStep,numberOfRobotsOnBlackSite,numberOfRobotsOnWhiteSite
23419,25,14
timeStep,numberOfRobotsOnBlackSite,numberOfRobotsOnWhiteSite
23420,25,14
timeStep,numberOfRobotsOnBlackSite,numberOfRobotsOnWhiteSite
23421,25,14
timeStep,numberOfRobotsOnBlackSite,numberOfRobotsOnWhiteSite
23422,25,14
timeStep,numberOfRobotsOnBlackSite,numberOfRobotsOnWhiteSite
23423,25,14
timeStep,numberOfRobotsOnBlackSite,numberOfRobotsOnWhiteSite
23424,25,14
timeStep,numberOfRobotsOnBlackSite,numberOfRobotsOnWhiteSite
23425,25,14
timeStep,numberOfRobotsOnBlackSite,numberOfRobotsOnWhiteSite
23426,25,14
timeStep,numberOfRobotsOnBlackSite,numberOfRobotsOnWhiteSite
23427,25,14
timeStep,numberOfRobotsOnBlackSite,numberOfRobotsOnWhiteSite
23428,25,14
timeStep,numberOfRobotsOnBlackSite,numberOfRobotsOnWhiteSite
23429,25,14
timeStep,numberOfRobotsOnBlackSite,numberOfRobotsOnWhiteSite
23430,25,14
timeStep,numberOfRobotsOnBlackSite,numberOfRobotsOnWhiteSite
23431,25,14
timeStep,numberOfRobotsOnBlackSite,numberOfRobotsOnWhiteSite
23432,25,14
timeStep,numberOfRobotsOnBlackSite,numberOfRobotsOnWhiteSite
23433,25,14
timeStep,numberOfRobotsOnBlackSite,numberOfRobotsOnWhiteSite
23434,25,14
timeStep,numberOfRobotsOnBlackSite,numberOfRobotsOnWhiteSite
23435,25,14
timeStep,numberOfRobotsOnBlackSite,numberOfRobotsOnWhiteSite
23436,25,14
timeStep,numberOfRobotsOnBlackSite,numberOfRobotsOnWhiteSite
23437,25,14
timeStep,numberOfRobotsOnBlackSite,numberOfRobotsOnWhiteSite
23438,25,14
timeStep,numberOfRobotsOnBlackSite,numberOfRobotsOnWhiteSite
23439,25,14
timeStep,numberOfRobotsOnBlackSite,numberOfRobotsOnWhiteSite
23440,25,14
timeStep,numberOfRobotsOnBlackSite,numberOfRobotsOnWhiteSite
23441,25,14
timeStep,numberOfRobotsOnBlackSite,numberOfRobotsOnWhiteSite
23442,25,14
timeStep,numberOfRobotsOnBlackSite,numberOfRobotsOnWhiteSite
23443,25,14
timeStep,numberOfRobotsOnBlackSite,numberOfRobotsOnWhiteSite
23444,25,14
timeStep,numberOfRobotsOnBlackSite,numberOfRobotsOnWhiteSite
23445,25,14
timeStep,numberOfRobotsOnBlackSite,numberOfRobotsOnWhiteSite
23446,25,14
timeStep,numberOfRobotsOnBlackSite,numberOfRobotsOnWhiteSite
23447,25,14
timeStep,numberOfRobotsOnBlackSite,numberOfRobotsOnWhiteSite
23448,25,14
timeStep,numberOfRobotsOnBlackSite,numberOfRobotsOnWhiteSite
23449,25,14
timeStep,numberOfRobotsOnBlackSite,numberOfRobotsOnWhiteSite
23450,25,14
timeStep,numberOfRobotsOnBlackSite,numberOfRobotsOnWhiteSite
23451,25,14
timeStep,numberOfRobotsOnBlackSite,numberOfRobotsOnWhiteSite
23452,25,14
timeStep,numberOfRobotsOnBlackSite,numberOfRobotsOnWhiteSite
23453,25,14
timeStep,numberOfRobotsOnBlackSite,numberOfRobotsOnWhiteSite
23454,25,14
timeStep,numberOfRobotsOnBlackSite,numberOfRobotsOnWhiteSite
23455,25,14
timeStep,numberOfRobotsOnBlackSite,numberOfRobotsOnWhiteSite
23456,25,14
timeStep,numberOfRobotsOnBlackSite,numberOfRobotsOnWhiteSite
23457,25,14
timeStep,numberOfRobotsOnBlackSite,numberOfRobotsOnWhiteSite
23458,25,14
timeStep,numberOfRobotsOnBlackSite,numberOfRobotsOnWhiteSite
23459,25,14
timeStep,numberOfRobotsOnBlackSite,numberOfRobotsOnWhiteSite
23460,25,14
timeStep,numberOfRobotsOnBlackSite,numberOfRobotsOnWhiteSite
23461,25,14
timeStep,numberOfRobotsOnBlackSite,numberOfRobotsOnWhiteSite
23462,25,14
timeStep,numberOfRobotsOnBlackSite,numberOfRobotsOnWhiteSite
23463,25,14
timeStep,numberOfRobotsOnBlackSite,numberOfRobotsOnWhiteSite
23464,25,14
timeStep,numberOfRobotsOnBlackSite,numberOfRobotsOnWhiteSite
23465,25,14
timeStep,numberOfRobotsOnBlackSite,numberOfRobotsOnWhiteSite
23466,25,14
timeStep,numberOfRobotsOnBlackSite,numberOfRobotsOnWhiteSite
23467,25,14
timeStep,numberOfRobotsOnBlackSite,numberOfRobotsOnWhiteSite
23468,25,14
timeStep,numberOfRobotsOnBlackSite,numberOfRobotsOnWhiteSite
23469,25,14
timeStep,numberOfRobotsOnBlackSite,numberOfRobotsOnWhiteSite
23470,25,14
timeStep,numberOfRobotsOnBlackSite,numberOfRobotsOnWhiteSite
23471,25,14
timeStep,numberOfRobotsOnBlackSite,numberOfRobotsOnWhiteSite
23472,25,14
timeStep,numberOfRobotsOnBlackSite,numberOfRobotsOnWhiteSite
23473,25,14
timeStep,numberOfRobotsOnBlackSite,numberOfRobotsOnWhiteSite
23474,25,14
timeStep,numberOfRobotsOnBlackSite,numberOfRobotsOnWhiteSite
23475,25,14
timeStep,numberOfRobotsOnBlackSite,numberOfRobotsOnWhiteSite
23476,25,14
timeStep,numberOfRobotsOnBlackSite,numberOfRobotsOnWhiteSite
23477,25,14
timeStep,numberOfRobotsOnBlackSite,numberOfRobotsOnWhiteSite
23478,25,14
timeStep,numberOfRobotsOnBlackSite,numberOfRobotsOnWhiteSite
23479,25,14
timeStep,numberOfRobotsOnBlackSite,numberOfRobotsOnWhiteSite
23480,25,14
timeStep,numberOfRobotsOnBlackSite,numberOfRobotsOnWhiteSite
23481,25,14
timeStep,numberOfRobotsOnBlackSite,numberOfRobotsOnWhiteSite
23482,25,14
timeStep,numberOfRobotsOnBlackSite,numberOfRobotsOnWhiteSite
23483,25,14
timeStep,numberOfRobotsOnBlackSite,numberOfRobotsOnWhiteSite
23484,25,14
timeStep,numberOfRobotsOnBlackSite,numberOfRobotsOnWhiteSite
23485,25,14
timeStep,numberOfRobotsOnBlackSite,numberOfRobotsOnWhiteSite
23486,25,14
timeStep,numberOfRobotsOnBlackSite,numberOfRobotsOnWhiteSite
23487,25,14
timeStep,numberOfRobotsOnBlackSite,numberOfRobotsOnWhiteSite
23488,25,14
timeStep,numberOfRobotsOnBlackSite,numberOfRobotsOnWhiteSite
23489,25,14
timeStep,numberOfRobotsOnBlackSite,numberOfRobotsOnWhiteSite
23490,24,14
timeStep,numberOfRobotsOnBlackSite,numberOfRobotsOnWhiteSite
23491,24,14
timeStep,numberOfRobotsOnBlackSite,numberOfRobotsOnWhiteSite
23492,24,14
timeStep,numberOfRobotsOnBlackSite,numberOfRobotsOnWhiteSite
23493,24,14
timeStep,numberOfRobotsOnBlackSite,numberOfRobotsOnWhiteSite
23494,24,14
timeStep,numberOfRobotsOnBlackSite,numberOfRobotsOnWhiteSite
23495,24,14
timeStep,numberOfRobotsOnBlackSite,numberOfRobotsOnWhiteSite
23496,24,14
timeStep,numberOfRobotsOnBlackSite,numberOfRobotsOnWhiteSite
23497,24,14
timeStep,numberOfRobotsOnBlackSite,numberOfRobotsOnWhiteSite
23498,24,14
timeStep,numberOfRobotsOnBlackSite,numberOfRobotsOnWhiteSite
23499,24,14
timeStep,numberOfRobotsOnBlackSite,numberOfRobotsOnWhiteSite
23500,24,14
timeStep,numberOfRobotsOnBlackSite,numberOfRobotsOnWhiteSite
23501,24,14
timeStep,numberOfRobotsOnBlackSite,numberOfRobotsOnWhiteSite
23502,24,14
timeStep,numberOfRobotsOnBlackSite,numberOfRobotsOnWhiteSite
23503,24,14
timeStep,numberOfRobotsOnBlackSite,numberOfRobotsOnWhiteSite
23504,24,14
timeStep,numberOfRobotsOnBlackSite,numberOfRobotsOnWhiteSite
23505,24,14
timeStep,numberOfRobotsOnBlackSite,numberOfRobotsOnWhiteSite
23506,24,14
timeStep,numberOfRobotsOnBlackSite,numberOfRobotsOnWhiteSite
23507,24,14
timeStep,numberOfRobotsOnBlackSite,numberOfRobotsOnWhiteSite
23508,24,14
timeStep,numberOfRobotsOnBlackSite,numberOfRobotsOnWhiteSite
23509,24,14
timeStep,numberOfRobotsOnBlackSite,numberOfRobotsOnWhiteSite
23510,24,14
timeStep,numberOfRobotsOnBlackSite,numberOfRobotsOnWhiteSite
23511,24,14
timeStep,numberOfRobotsOnBlackSite,numberOfRobotsOnWhiteSite
23512,24,14
timeStep,numberOfRobotsOnBlackSite,numberOfRobotsOnWhiteSite
23513,24,14
timeStep,numberOfRobotsOnBlackSite,numberOfRobotsOnWhiteSite
23514,24,14
timeStep,numberOfRobotsOnBlackSite,numberOfRobotsOnWhiteSite
23515,24,14
timeStep,numberOfRobotsOnBlackSite,numberOfRobotsOnWhiteSite
23516,24,14
timeStep,numberOfRobotsOnBlackSite,numberOfRobotsOnWhiteSite
23517,24,14
timeStep,numberOfRobotsOnBlackSite,numberOfRobotsOnWhiteSite
23518,24,14
timeStep,numberOfRobotsOnBlackSite,numberOfRobotsOnWhiteSite
23519,24,14
timeStep,numberOfRobotsOnBlackSite,numberOfRobotsOnWhiteSite
23520,24,14
timeStep,numberOfRobotsOnBlackSite,numberOfRobotsOnWhiteSite
23521,24,14
timeStep,numberOfRobotsOnBlackSite,numberOfRobotsOnWhiteSite
23522,24,14
timeStep,numberOfRobotsOnBlackSite,numberOfRobotsOnWhiteSite
23523,24,14
timeStep,numberOfRobotsOnBlackSite,numberOfRobotsOnWhiteSite
23524,24,14
timeStep,numberOfRobotsOnBlackSite,numberOfRobotsOnWhiteSite
23525,24,14
timeStep,numberOfRobotsOnBlackSite,numberOfRobotsOnWhiteSite
23526,24,14
timeStep,numberOfRobotsOnBlackSite,numberOfRobotsOnWhiteSite
23527,24,14
timeStep,numberOfRobotsOnBlackSite,numberOfRobotsOnWhiteSite
23528,24,14
timeStep,numberOfRobotsOnBlackSite,numberOfRobotsOnWhiteSite
23529,24,14
timeStep,numberOfRobotsOnBlackSite,numberOfRobotsOnWhiteSite
23530,24,14
timeStep,numberOfRobotsOnBlackSite,numberOfRobotsOnWhiteSite
23531,24,14
timeStep,numberOfRobotsOnBlackSite,numberOfRobotsOnWhiteSite
23532,24,14
timeStep,numberOfRobotsOnBlackSite,numberOfRobotsOnWhiteSite
23533,24,14
timeStep,numberOfRobotsOnBlackSite,numberOfRobotsOnWhiteSite
23534,24,14
timeStep,numberOfRobotsOnBlackSite,numberOfRobotsOnWhiteSite
23535,24,14
timeStep,numberOfRobotsOnBlackSite,numberOfRobotsOnWhiteSite
23536,24,14
timeStep,numberOfRobotsOnBlackSite,numberOfRobotsOnWhiteSite
23537,24,14
timeStep,numberOfRobotsOnBlackSite,numberOfRobotsOnWhiteSite
23538,24,14
timeStep,numberOfRobotsOnBlackSite,numberOfRobotsOnWhiteSite
23539,24,14
timeStep,numberOfRobotsOnBlackSite,numberOfRobotsOnWhiteSite
23540,24,14
timeStep,numberOfRobotsOnBlackSite,numberOfRobotsOnWhiteSite
23541,24,14
timeStep,numberOfRobotsOnBlackSite,numberOfRobotsOnWhiteSite
23542,24,14
timeStep,numberOfRobotsOnBlackSite,numberOfRobotsOnWhiteSite
23543,24,14
timeStep,numberOfRobotsOnBlackSite,numberOfRobotsOnWhiteSite
23544,24,14
timeStep,numberOfRobotsOnBlackSite,numberOfRobotsOnWhiteSite
23545,24,14
timeStep,numberOfRobotsOnBlackSite,numberOfRobotsOnWhiteSite
23546,24,14
timeStep,numberOfRobotsOnBlackSite,numberOfRobotsOnWhiteSite
23547,24,14
timeStep,numberOfRobotsOnBlackSite,numberOfRobotsOnWhiteSite
23548,24,14
timeStep,numberOfRobotsOnBlackSite,numberOfRobotsOnWhiteSite
23549,24,14
timeStep,numberOfRobotsOnBlackSite,numberOfRobotsOnWhiteSite
23550,24,14
timeStep,numberOfRobotsOnBlackSite,numberOfRobotsOnWhiteSite
23551,24,14
timeStep,numberOfRobotsOnBlackSite,numberOfRobotsOnWhiteSite
23552,24,14
timeStep,numberOfRobotsOnBlackSite,numberOfRobotsOnWhiteSite
23553,24,14
timeStep,numberOfRobotsOnBlackSite,numberOfRobotsOnWhiteSite
23554,24,14
timeStep,numberOfRobotsOnBlackSite,numberOfRobotsOnWhiteSite
23555,24,13
timeStep,numberOfRobotsOnBlackSite,numberOfRobotsOnWhiteSite
23556,24,13
timeStep,numberOfRobotsOnBlackSite,numberOfRobotsOnWhiteSite
23557,24,13
timeStep,numberOfRobotsOnBlackSite,numberOfRobotsOnWhiteSite
23558,24,13
timeStep,numberOfRobotsOnBlackSite,numberOfRobotsOnWhiteSite
23559,24,13
timeStep,numberOfRobotsOnBlackSite,numberOfRobotsOnWhiteSite
23560,24,13
timeStep,numberOfRobotsOnBlackSite,numberOfRobotsOnWhiteSite
23561,24,13
timeStep,numberOfRobotsOnBlackSite,numberOfRobotsOnWhiteSite
23562,24,13
timeStep,numberOfRobotsOnBlackSite,numberOfRobotsOnWhiteSite
23563,24,13
timeStep,numberOfRobotsOnBlackSite,numberOfRobotsOnWhiteSite
23564,24,13
timeStep,numberOfRobotsOnBlackSite,numberOfRobotsOnWhiteSite
23565,25,13
timeStep,numberOfRobotsOnBlackSite,numberOfRobotsOnWhiteSite
23566,25,13
timeStep,numberOfRobotsOnBlackSite,numberOfRobotsOnWhiteSite
23567,25,13
timeStep,numberOfRobotsOnBlackSite,numberOfRobotsOnWhiteSite
23568,25,13
timeStep,numberOfRobotsOnBlackSite,numberOfRobotsOnWhiteSite
23569,25,13
timeStep,numberOfRobotsOnBlackSite,numberOfRobotsOnWhiteSite
23570,25,13
timeStep,numberOfRobotsOnBlackSite,numberOfRobotsOnWhiteSite
23571,25,13
timeStep,numberOfRobotsOnBlackSite,numberOfRobotsOnWhiteSite
23572,25,13
timeStep,numberOfRobotsOnBlackSite,numberOfRobotsOnWhiteSite
23573,25,13
timeStep,numberOfRobotsOnBlackSite,numberOfRobotsOnWhiteSite
23574,25,13
timeStep,numberOfRobotsOnBlackSite,numberOfRobotsOnWhiteSite
23575,25,13
timeStep,numberOfRobotsOnBlackSite,numberOfRobotsOnWhiteSite
23576,25,13
timeStep,numberOfRobotsOnBlackSite,numberOfRobotsOnWhiteSite
23577,25,13
timeStep,numberOfRobotsOnBlackSite,numberOfRobotsOnWhiteSite
23578,25,13
timeStep,numberOfRobotsOnBlackSite,numberOfRobotsOnWhiteSite
23579,25,13
timeStep,numberOfRobotsOnBlackSite,numberOfRobotsOnWhiteSite
23580,25,13
timeStep,numberOfRobotsOnBlackSite,numberOfRobotsOnWhiteSite
23581,25,13
timeStep,numberOfRobotsOnBlackSite,numberOfRobotsOnWhiteSite
23582,25,13
timeStep,numberOfRobotsOnBlackSite,numberOfRobotsOnWhiteSite
23583,25,13
timeStep,numberOfRobotsOnBlackSite,numberOfRobotsOnWhiteSite
23584,25,13
timeStep,numberOfRobotsOnBlackSite,numberOfRobotsOnWhiteSite
23585,25,13
timeStep,numberOfRobotsOnBlackSite,numberOfRobotsOnWhiteSite
23586,25,13
timeStep,numberOfRobotsOnBlackSite,numberOfRobotsOnWhiteSite
23587,25,13
timeStep,numberOfRobotsOnBlackSite,numberOfRobotsOnWhiteSite
23588,25,13
timeStep,numberOfRobotsOnBlackSite,numberOfRobotsOnWhiteSite
23589,25,13
timeStep,numberOfRobotsOnBlackSite,numberOfRobotsOnWhiteSite
23590,25,13
timeStep,numberOfRobotsOnBlackSite,numberOfRobotsOnWhiteSite
23591,25,13
timeStep,numberOfRobotsOnBlackSite,numberOfRobotsOnWhiteSite
23592,25,13
timeStep,numberOfRobotsOnBlackSite,numberOfRobotsOnWhiteSite
23593,25,13
timeStep,numberOfRobotsOnBlackSite,numberOfRobotsOnWhiteSite
23594,25,13
timeStep,numberOfRobotsOnBlackSite,numberOfRobotsOnWhiteSite
23595,25,13
timeStep,numberOfRobotsOnBlackSite,numberOfRobotsOnWhiteSite
23596,25,13
timeStep,numberOfRobotsOnBlackSite,numberOfRobotsOnWhiteSite
23597,25,13
timeStep,numberOfRobotsOnBlackSite,numberOfRobotsOnWhiteSite
23598,25,13
timeStep,numberOfRobotsOnBlackSite,numberOfRobotsOnWhiteSite
23599,25,13
timeStep,numberOfRobotsOnBlackSite,numberOfRobotsOnWhiteSite
23600,25,13
timeStep,numberOfRobotsOnBlackSite,numberOfRobotsOnWhiteSite
23601,25,13
timeStep,numberOfRobotsOnBlackSite,numberOfRobotsOnWhiteSite
23602,25,13
timeStep,numberOfRobotsOnBlackSite,numberOfRobotsOnWhiteSite
23603,25,13
timeStep,numberOfRobotsOnBlackSite,numberOfRobotsOnWhiteSite
23604,25,13
timeStep,numberOfRobotsOnBlackSite,numberOfRobotsOnWhiteSite
23605,25,13
timeStep,numberOfRobotsOnBlackSite,numberOfRobotsOnWhiteSite
23606,25,13
timeStep,numberOfRobotsOnBlackSite,numberOfRobotsOnWhiteSite
23607,25,13
timeStep,numberOfRobotsOnBlackSite,numberOfRobotsOnWhiteSite
23608,25,13
timeStep,numberOfRobotsOnBlackSite,numberOfRobotsOnWhiteSite
23609,25,13
timeStep,numberOfRobotsOnBlackSite,numberOfRobotsOnWhiteSite
23610,25,14
timeStep,numberOfRobotsOnBlackSite,numberOfRobotsOnWhiteSite
23611,25,14
timeStep,numberOfRobotsOnBlackSite,numberOfRobotsOnWhiteSite
23612,25,14
timeStep,numberOfRobotsOnBlackSite,numberOfRobotsOnWhiteSite
23613,25,14
timeStep,numberOfRobotsOnBlackSite,numberOfRobotsOnWhiteSite
23614,25,14
timeStep,numberOfRobotsOnBlackSite,numberOfRobotsOnWhiteSite
23615,25,14
timeStep,numberOfRobotsOnBlackSite,numberOfRobotsOnWhiteSite
23616,25,14
timeStep,numberOfRobotsOnBlackSite,numberOfRobotsOnWhiteSite
23617,25,14
timeStep,numberOfRobotsOnBlackSite,numberOfRobotsOnWhiteSite
23618,25,14
timeStep,numberOfRobotsOnBlackSite,numberOfRobotsOnWhiteSite
23619,25,14
timeStep,numberOfRobotsOnBlackSite,numberOfRobotsOnWhiteSite
23620,25,14
timeStep,numberOfRobotsOnBlackSite,numberOfRobotsOnWhiteSite
23621,25,14
timeStep,numberOfRobotsOnBlackSite,numberOfRobotsOnWhiteSite
23622,25,14
timeStep,numberOfRobotsOnBlackSite,numberOfRobotsOnWhiteSite
23623,25,14
timeStep,numberOfRobotsOnBlackSite,numberOfRobotsOnWhiteSite
23624,25,14
timeStep,numberOfRobotsOnBlackSite,numberOfRobotsOnWhiteSite
23625,26,14
timeStep,numberOfRobotsOnBlackSite,numberOfRobotsOnWhiteSite
23626,26,14
timeStep,numberOfRobotsOnBlackSite,numberOfRobotsOnWhiteSite
23627,26,14
timeStep,numberOfRobotsOnBlackSite,numberOfRobotsOnWhiteSite
23628,26,14
timeStep,numberOfRobotsOnBlackSite,numberOfRobotsOnWhiteSite
23629,26,14
timeStep,numberOfRobotsOnBlackSite,numberOfRobotsOnWhiteSite
23630,26,14
timeStep,numberOfRobotsOnBlackSite,numberOfRobotsOnWhiteSite
23631,26,14
timeStep,numberOfRobotsOnBlackSite,numberOfRobotsOnWhiteSite
23632,26,14
timeStep,numberOfRobotsOnBlackSite,numberOfRobotsOnWhiteSite
23633,26,14
timeStep,numberOfRobotsOnBlackSite,numberOfRobotsOnWhiteSite
23634,26,14
timeStep,numberOfRobotsOnBlackSite,numberOfRobotsOnWhiteSite
23635,26,14
timeStep,numberOfRobotsOnBlackSite,numberOfRobotsOnWhiteSite
23636,26,14
timeStep,numberOfRobotsOnBlackSite,numberOfRobotsOnWhiteSite
23637,26,14
timeStep,numberOfRobotsOnBlackSite,numberOfRobotsOnWhiteSite
23638,26,14
timeStep,numberOfRobotsOnBlackSite,numberOfRobotsOnWhiteSite
23639,26,14
timeStep,numberOfRobotsOnBlackSite,numberOfRobotsOnWhiteSite
23640,26,14
timeStep,numberOfRobotsOnBlackSite,numberOfRobotsOnWhiteSite
23641,26,14
timeStep,numberOfRobotsOnBlackSite,numberOfRobotsOnWhiteSite
23642,26,14
timeStep,numberOfRobotsOnBlackSite,numberOfRobotsOnWhiteSite
23643,26,14
timeStep,numberOfRobotsOnBlackSite,numberOfRobotsOnWhiteSite
23644,26,14
timeStep,numberOfRobotsOnBlackSite,numberOfRobotsOnWhiteSite
23645,26,14
timeStep,numberOfRobotsOnBlackSite,numberOfRobotsOnWhiteSite
23646,26,14
timeStep,numberOfRobotsOnBlackSite,numberOfRobotsOnWhiteSite
23647,26,14
timeStep,numberOfRobotsOnBlackSite,numberOfRobotsOnWhiteSite
23648,26,14
timeStep,numberOfRobotsOnBlackSite,numberOfRobotsOnWhiteSite
23649,26,14
timeStep,numberOfRobotsOnBlackSite,numberOfRobotsOnWhiteSite
23650,26,14
timeStep,numberOfRobotsOnBlackSite,numberOfRobotsOnWhiteSite
23651,26,14
timeStep,numberOfRobotsOnBlackSite,numberOfRobotsOnWhiteSite
23652,26,14
timeStep,numberOfRobotsOnBlackSite,numberOfRobotsOnWhiteSite
23653,26,14
timeStep,numberOfRobotsOnBlackSite,numberOfRobotsOnWhiteSite
23654,26,14
timeStep,numberOfRobotsOnBlackSite,numberOfRobotsOnWhiteSite
23655,26,14
timeStep,numberOfRobotsOnBlackSite,numberOfRobotsOnWhiteSite
23656,26,14
timeStep,numberOfRobotsOnBlackSite,numberOfRobotsOnWhiteSite
23657,26,14
timeStep,numberOfRobotsOnBlackSite,numberOfRobotsOnWhiteSite
23658,26,14
timeStep,numberOfRobotsOnBlackSite,numberOfRobotsOnWhiteSite
23659,26,14
timeStep,numberOfRobotsOnBlackSite,numberOfRobotsOnWhiteSite
23660,26,14
timeStep,numberOfRobotsOnBlackSite,numberOfRobotsOnWhiteSite
23661,26,14
timeStep,numberOfRobotsOnBlackSite,numberOfRobotsOnWhiteSite
23662,26,14
timeStep,numberOfRobotsOnBlackSite,numberOfRobotsOnWhiteSite
23663,26,14
timeStep,numberOfRobotsOnBlackSite,numberOfRobotsOnWhiteSite
23664,26,14
timeStep,numberOfRobotsOnBlackSite,numberOfRobotsOnWhiteSite
23665,26,14
timeStep,numberOfRobotsOnBlackSite,numberOfRobotsOnWhiteSite
23666,26,14
timeStep,numberOfRobotsOnBlackSite,numberOfRobotsOnWhiteSite
23667,26,14
timeStep,numberOfRobotsOnBlackSite,numberOfRobotsOnWhiteSite
23668,26,14
timeStep,numberOfRobotsOnBlackSite,numberOfRobotsOnWhiteSite
23669,26,14
timeStep,numberOfRobotsOnBlackSite,numberOfRobotsOnWhiteSite
23670,26,13
timeStep,numberOfRobotsOnBlackSite,numberOfRobotsOnWhiteSite
23671,26,13
timeStep,numberOfRobotsOnBlackSite,numberOfRobotsOnWhiteSite
23672,26,13
timeStep,numberOfRobotsOnBlackSite,numberOfRobotsOnWhiteSite
23673,26,13
timeStep,numberOfRobotsOnBlackSite,numberOfRobotsOnWhiteSite
23674,26,13
timeStep,numberOfRobotsOnBlackSite,numberOfRobotsOnWhiteSite
23675,26,13
timeStep,numberOfRobotsOnBlackSite,numberOfRobotsOnWhiteSite
23676,26,13
timeStep,numberOfRobotsOnBlackSite,numberOfRobotsOnWhiteSite
23677,26,13
timeStep,numberOfRobotsOnBlackSite,numberOfRobotsOnWhiteSite
23678,26,13
timeStep,numberOfRobotsOnBlackSite,numberOfRobotsOnWhiteSite
23679,26,13
timeStep,numberOfRobotsOnBlackSite,numberOfRobotsOnWhiteSite
23680,26,13
timeStep,numberOfRobotsOnBlackSite,numberOfRobotsOnWhiteSite
23681,26,13
timeStep,numberOfRobotsOnBlackSite,numberOfRobotsOnWhiteSite
23682,26,13
timeStep,numberOfRobotsOnBlackSite,numberOfRobotsOnWhiteSite
23683,26,13
timeStep,numberOfRobotsOnBlackSite,numberOfRobotsOnWhiteSite
23684,26,13
timeStep,numberOfRobotsOnBlackSite,numberOfRobotsOnWhiteSite
23685,26,13
timeStep,numberOfRobotsOnBlackSite,numberOfRobotsOnWhiteSite
23686,26,13
timeStep,numberOfRobotsOnBlackSite,numberOfRobotsOnWhiteSite
23687,26,13
timeStep,numberOfRobotsOnBlackSite,numberOfRobotsOnWhiteSite
23688,26,13
timeStep,numberOfRobotsOnBlackSite,numberOfRobotsOnWhiteSite
23689,26,13
timeStep,numberOfRobotsOnBlackSite,numberOfRobotsOnWhiteSite
23690,26,13
timeStep,numberOfRobotsOnBlackSite,numberOfRobotsOnWhiteSite
23691,26,13
timeStep,numberOfRobotsOnBlackSite,numberOfRobotsOnWhiteSite
23692,26,13
timeStep,numberOfRobotsOnBlackSite,numberOfRobotsOnWhiteSite
23693,26,13
timeStep,numberOfRobotsOnBlackSite,numberOfRobotsOnWhiteSite
23694,26,13
timeStep,numberOfRobotsOnBlackSite,numberOfRobotsOnWhiteSite
23695,26,13
timeStep,numberOfRobotsOnBlackSite,numberOfRobotsOnWhiteSite
23696,26,13
timeStep,numberOfRobotsOnBlackSite,numberOfRobotsOnWhiteSite
23697,26,13
timeStep,numberOfRobotsOnBlackSite,numberOfRobotsOnWhiteSite
23698,26,13
timeStep,numberOfRobotsOnBlackSite,numberOfRobotsOnWhiteSite
23699,26,13
timeStep,numberOfRobotsOnBlackSite,numberOfRobotsOnWhiteSite
23700,26,13
timeStep,numberOfRobotsOnBlackSite,numberOfRobotsOnWhiteSite
23701,26,13
timeStep,numberOfRobotsOnBlackSite,numberOfRobotsOnWhiteSite
23702,26,13
timeStep,numberOfRobotsOnBlackSite,numberOfRobotsOnWhiteSite
23703,26,13
timeStep,numberOfRobotsOnBlackSite,numberOfRobotsOnWhiteSite
23704,26,13
timeStep,numberOfRobotsOnBlackSite,numberOfRobotsOnWhiteSite
23705,26,13
timeStep,numberOfRobotsOnBlackSite,numberOfRobotsOnWhiteSite
23706,26,13
timeStep,numberOfRobotsOnBlackSite,numberOfRobotsOnWhiteSite
23707,26,13
timeStep,numberOfRobotsOnBlackSite,numberOfRobotsOnWhiteSite
23708,26,13
timeStep,numberOfRobotsOnBlackSite,numberOfRobotsOnWhiteSite
23709,26,13
timeStep,numberOfRobotsOnBlackSite,numberOfRobotsOnWhiteSite
23710,26,13
timeStep,numberOfRobotsOnBlackSite,numberOfRobotsOnWhiteSite
23711,26,13
timeStep,numberOfRobotsOnBlackSite,numberOfRobotsOnWhiteSite
23712,26,13
timeStep,numberOfRobotsOnBlackSite,numberOfRobotsOnWhiteSite
23713,26,13
timeStep,numberOfRobotsOnBlackSite,numberOfRobotsOnWhiteSite
23714,26,13
timeStep,numberOfRobotsOnBlackSite,numberOfRobotsOnWhiteSite
23715,26,13
timeStep,numberOfRobotsOnBlackSite,numberOfRobotsOnWhiteSite
23716,26,13
timeStep,numberOfRobotsOnBlackSite,numberOfRobotsOnWhiteSite
23717,26,13
timeStep,numberOfRobotsOnBlackSite,numberOfRobotsOnWhiteSite
23718,26,13
timeStep,numberOfRobotsOnBlackSite,numberOfRobotsOnWhiteSite
23719,26,13
timeStep,numberOfRobotsOnBlackSite,numberOfRobotsOnWhiteSite
23720,26,13
timeStep,numberOfRobotsOnBlackSite,numberOfRobotsOnWhiteSite
23721,26,13
timeStep,numberOfRobotsOnBlackSite,numberOfRobotsOnWhiteSite
23722,26,13
timeStep,numberOfRobotsOnBlackSite,numberOfRobotsOnWhiteSite
23723,26,13
timeStep,numberOfRobotsOnBlackSite,numberOfRobotsOnWhiteSite
23724,26,13
timeStep,numberOfRobotsOnBlackSite,numberOfRobotsOnWhiteSite
23725,27,14
timeStep,numberOfRobotsOnBlackSite,numberOfRobotsOnWhiteSite
23726,27,14
timeStep,numberOfRobotsOnBlackSite,numberOfRobotsOnWhiteSite
23727,27,14
timeStep,numberOfRobotsOnBlackSite,numberOfRobotsOnWhiteSite
23728,27,14
timeStep,numberOfRobotsOnBlackSite,numberOfRobotsOnWhiteSite
23729,27,14
timeStep,numberOfRobotsOnBlackSite,numberOfRobotsOnWhiteSite
23730,27,14
timeStep,numberOfRobotsOnBlackSite,numberOfRobotsOnWhiteSite
23731,27,14
timeStep,numberOfRobotsOnBlackSite,numberOfRobotsOnWhiteSite
23732,27,14
timeStep,numberOfRobotsOnBlackSite,numberOfRobotsOnWhiteSite
23733,27,14
timeStep,numberOfRobotsOnBlackSite,numberOfRobotsOnWhiteSite
23734,27,14
timeStep,numberOfRobotsOnBlackSite,numberOfRobotsOnWhiteSite
23735,27,14
timeStep,numberOfRobotsOnBlackSite,numberOfRobotsOnWhiteSite
23736,27,14
timeStep,numberOfRobotsOnBlackSite,numberOfRobotsOnWhiteSite
23737,27,14
timeStep,numberOfRobotsOnBlackSite,numberOfRobotsOnWhiteSite
23738,27,14
timeStep,numberOfRobotsOnBlackSite,numberOfRobotsOnWhiteSite
23739,27,14
timeStep,numberOfRobotsOnBlackSite,numberOfRobotsOnWhiteSite
23740,27,14
timeStep,numberOfRobotsOnBlackSite,numberOfRobotsOnWhiteSite
23741,27,14
timeStep,numberOfRobotsOnBlackSite,numberOfRobotsOnWhiteSite
23742,27,14
timeStep,numberOfRobotsOnBlackSite,numberOfRobotsOnWhiteSite
23743,27,14
timeStep,numberOfRobotsOnBlackSite,numberOfRobotsOnWhiteSite
23744,27,14
timeStep,numberOfRobotsOnBlackSite,numberOfRobotsOnWhiteSite
23745,27,14
timeStep,numberOfRobotsOnBlackSite,numberOfRobotsOnWhiteSite
23746,27,14
timeStep,numberOfRobotsOnBlackSite,numberOfRobotsOnWhiteSite
23747,27,14
timeStep,numberOfRobotsOnBlackSite,numberOfRobotsOnWhiteSite
23748,27,14
timeStep,numberOfRobotsOnBlackSite,numberOfRobotsOnWhiteSite
23749,27,14
timeStep,numberOfRobotsOnBlackSite,numberOfRobotsOnWhiteSite
23750,27,14
timeStep,numberOfRobotsOnBlackSite,numberOfRobotsOnWhiteSite
23751,27,14
timeStep,numberOfRobotsOnBlackSite,numberOfRobotsOnWhiteSite
23752,27,14
timeStep,numberOfRobotsOnBlackSite,numberOfRobotsOnWhiteSite
23753,27,14
timeStep,numberOfRobotsOnBlackSite,numberOfRobotsOnWhiteSite
23754,27,14
timeStep,numberOfRobotsOnBlackSite,numberOfRobotsOnWhiteSite
23755,27,13
timeStep,numberOfRobotsOnBlackSite,numberOfRobotsOnWhiteSite
23756,27,13
timeStep,numberOfRobotsOnBlackSite,numberOfRobotsOnWhiteSite
23757,27,13
timeStep,numberOfRobotsOnBlackSite,numberOfRobotsOnWhiteSite
23758,27,13
timeStep,numberOfRobotsOnBlackSite,numberOfRobotsOnWhiteSite
23759,27,13
timeStep,numberOfRobotsOnBlackSite,numberOfRobotsOnWhiteSite
23760,27,13
timeStep,numberOfRobotsOnBlackSite,numberOfRobotsOnWhiteSite
23761,27,13
timeStep,numberOfRobotsOnBlackSite,numberOfRobotsOnWhiteSite
23762,27,13
timeStep,numberOfRobotsOnBlackSite,numberOfRobotsOnWhiteSite
23763,27,13
timeStep,numberOfRobotsOnBlackSite,numberOfRobotsOnWhiteSite
23764,27,13
timeStep,numberOfRobotsOnBlackSite,numberOfRobotsOnWhiteSite
23765,27,13
timeStep,numberOfRobotsOnBlackSite,numberOfRobotsOnWhiteSite
23766,27,13
timeStep,numberOfRobotsOnBlackSite,numberOfRobotsOnWhiteSite
23767,27,13
timeStep,numberOfRobotsOnBlackSite,numberOfRobotsOnWhiteSite
23768,27,13
timeStep,numberOfRobotsOnBlackSite,numberOfRobotsOnWhiteSite
23769,27,13
timeStep,numberOfRobotsOnBlackSite,numberOfRobotsOnWhiteSite
23770,27,13
timeStep,numberOfRobotsOnBlackSite,numberOfRobotsOnWhiteSite
23771,27,13
timeStep,numberOfRobotsOnBlackSite,numberOfRobotsOnWhiteSite
23772,27,13
timeStep,numberOfRobotsOnBlackSite,numberOfRobotsOnWhiteSite
23773,27,13
timeStep,numberOfRobotsOnBlackSite,numberOfRobotsOnWhiteSite
23774,27,13
timeStep,numberOfRobotsOnBlackSite,numberOfRobotsOnWhiteSite
23775,27,13
timeStep,numberOfRobotsOnBlackSite,numberOfRobotsOnWhiteSite
23776,27,13
timeStep,numberOfRobotsOnBlackSite,numberOfRobotsOnWhiteSite
23777,27,13
timeStep,numberOfRobotsOnBlackSite,numberOfRobotsOnWhiteSite
23778,27,13
timeStep,numberOfRobotsOnBlackSite,numberOfRobotsOnWhiteSite
23779,27,13
timeStep,numberOfRobotsOnBlackSite,numberOfRobotsOnWhiteSite
23780,26,12
timeStep,numberOfRobotsOnBlackSite,numberOfRobotsOnWhiteSite
23781,26,12
timeStep,numberOfRobotsOnBlackSite,numberOfRobotsOnWhiteSite
23782,26,12
timeStep,numberOfRobotsOnBlackSite,numberOfRobotsOnWhiteSite
23783,26,12
timeStep,numberOfRobotsOnBlackSite,numberOfRobotsOnWhiteSite
23784,26,12
timeStep,numberOfRobotsOnBlackSite,numberOfRobotsOnWhiteSite
23785,26,12
timeStep,numberOfRobotsOnBlackSite,numberOfRobotsOnWhiteSite
23786,26,12
timeStep,numberOfRobotsOnBlackSite,numberOfRobotsOnWhiteSite
23787,26,12
timeStep,numberOfRobotsOnBlackSite,numberOfRobotsOnWhiteSite
23788,26,12
timeStep,numberOfRobotsOnBlackSite,numberOfRobotsOnWhiteSite
23789,26,12
timeStep,numberOfRobotsOnBlackSite,numberOfRobotsOnWhiteSite
23790,26,12
timeStep,numberOfRobotsOnBlackSite,numberOfRobotsOnWhiteSite
23791,26,12
timeStep,numberOfRobotsOnBlackSite,numberOfRobotsOnWhiteSite
23792,26,12
timeStep,numberOfRobotsOnBlackSite,numberOfRobotsOnWhiteSite
23793,26,12
timeStep,numberOfRobotsOnBlackSite,numberOfRobotsOnWhiteSite
23794,26,12
timeStep,numberOfRobotsOnBlackSite,numberOfRobotsOnWhiteSite
23795,26,12
timeStep,numberOfRobotsOnBlackSite,numberOfRobotsOnWhiteSite
23796,26,12
timeStep,numberOfRobotsOnBlackSite,numberOfRobotsOnWhiteSite
23797,26,12
timeStep,numberOfRobotsOnBlackSite,numberOfRobotsOnWhiteSite
23798,26,12
timeStep,numberOfRobotsOnBlackSite,numberOfRobotsOnWhiteSite
23799,26,12
timeStep,numberOfRobotsOnBlackSite,numberOfRobotsOnWhiteSite
23800,26,13
timeStep,numberOfRobotsOnBlackSite,numberOfRobotsOnWhiteSite
23801,26,13
timeStep,numberOfRobotsOnBlackSite,numberOfRobotsOnWhiteSite
23802,26,13
timeStep,numberOfRobotsOnBlackSite,numberOfRobotsOnWhiteSite
23803,26,13
timeStep,numberOfRobotsOnBlackSite,numberOfRobotsOnWhiteSite
23804,26,13
timeStep,numberOfRobotsOnBlackSite,numberOfRobotsOnWhiteSite
23805,26,13
timeStep,numberOfRobotsOnBlackSite,numberOfRobotsOnWhiteSite
23806,26,13
timeStep,numberOfRobotsOnBlackSite,numberOfRobotsOnWhiteSite
23807,26,13
timeStep,numberOfRobotsOnBlackSite,numberOfRobotsOnWhiteSite
23808,26,13
timeStep,numberOfRobotsOnBlackSite,numberOfRobotsOnWhiteSite
23809,26,13
timeStep,numberOfRobotsOnBlackSite,numberOfRobotsOnWhiteSite
23810,26,13
timeStep,numberOfRobotsOnBlackSite,numberOfRobotsOnWhiteSite
23811,26,13
timeStep,numberOfRobotsOnBlackSite,numberOfRobotsOnWhiteSite
23812,26,13
timeStep,numberOfRobotsOnBlackSite,numberOfRobotsOnWhiteSite
23813,26,13
timeStep,numberOfRobotsOnBlackSite,numberOfRobotsOnWhiteSite
23814,26,13
timeStep,numberOfRobotsOnBlackSite,numberOfRobotsOnWhiteSite
23815,26,13
timeStep,numberOfRobotsOnBlackSite,numberOfRobotsOnWhiteSite
23816,26,13
timeStep,numberOfRobotsOnBlackSite,numberOfRobotsOnWhiteSite
23817,26,13
timeStep,numberOfRobotsOnBlackSite,numberOfRobotsOnWhiteSite
23818,26,13
timeStep,numberOfRobotsOnBlackSite,numberOfRobotsOnWhiteSite
23819,26,13
timeStep,numberOfRobotsOnBlackSite,numberOfRobotsOnWhiteSite
23820,26,13
timeStep,numberOfRobotsOnBlackSite,numberOfRobotsOnWhiteSite
23821,26,13
timeStep,numberOfRobotsOnBlackSite,numberOfRobotsOnWhiteSite
23822,26,13
timeStep,numberOfRobotsOnBlackSite,numberOfRobotsOnWhiteSite
23823,26,13
timeStep,numberOfRobotsOnBlackSite,numberOfRobotsOnWhiteSite
23824,26,13
timeStep,numberOfRobotsOnBlackSite,numberOfRobotsOnWhiteSite
23825,26,13
timeStep,numberOfRobotsOnBlackSite,numberOfRobotsOnWhiteSite
23826,26,13
timeStep,numberOfRobotsOnBlackSite,numberOfRobotsOnWhiteSite
23827,26,13
timeStep,numberOfRobotsOnBlackSite,numberOfRobotsOnWhiteSite
23828,26,13
timeStep,numberOfRobotsOnBlackSite,numberOfRobotsOnWhiteSite
23829,26,13
timeStep,numberOfRobotsOnBlackSite,numberOfRobotsOnWhiteSite
23830,26,13
timeStep,numberOfRobotsOnBlackSite,numberOfRobotsOnWhiteSite
23831,26,13
timeStep,numberOfRobotsOnBlackSite,numberOfRobotsOnWhiteSite
23832,26,13
timeStep,numberOfRobotsOnBlackSite,numberOfRobotsOnWhiteSite
23833,26,13
timeStep,numberOfRobotsOnBlackSite,numberOfRobotsOnWhiteSite
23834,26,13
timeStep,numberOfRobotsOnBlackSite,numberOfRobotsOnWhiteSite
23835,26,13
timeStep,numberOfRobotsOnBlackSite,numberOfRobotsOnWhiteSite
23836,26,13
timeStep,numberOfRobotsOnBlackSite,numberOfRobotsOnWhiteSite
23837,26,13
timeStep,numberOfRobotsOnBlackSite,numberOfRobotsOnWhiteSite
23838,26,13
timeStep,numberOfRobotsOnBlackSite,numberOfRobotsOnWhiteSite
23839,26,13
timeStep,numberOfRobotsOnBlackSite,numberOfRobotsOnWhiteSite
23840,26,13
timeStep,numberOfRobotsOnBlackSite,numberOfRobotsOnWhiteSite
23841,26,13
timeStep,numberOfRobotsOnBlackSite,numberOfRobotsOnWhiteSite
23842,26,13
timeStep,numberOfRobotsOnBlackSite,numberOfRobotsOnWhiteSite
23843,26,13
timeStep,numberOfRobotsOnBlackSite,numberOfRobotsOnWhiteSite
23844,26,13
timeStep,numberOfRobotsOnBlackSite,numberOfRobotsOnWhiteSite
23845,26,13
timeStep,numberOfRobotsOnBlackSite,numberOfRobotsOnWhiteSite
23846,26,13
timeStep,numberOfRobotsOnBlackSite,numberOfRobotsOnWhiteSite
23847,26,13
timeStep,numberOfRobotsOnBlackSite,numberOfRobotsOnWhiteSite
23848,26,13
timeStep,numberOfRobotsOnBlackSite,numberOfRobotsOnWhiteSite
23849,26,13
timeStep,numberOfRobotsOnBlackSite,numberOfRobotsOnWhiteSite
23850,26,13
timeStep,numberOfRobotsOnBlackSite,numberOfRobotsOnWhiteSite
23851,26,13
timeStep,numberOfRobotsOnBlackSite,numberOfRobotsOnWhiteSite
23852,26,13
timeStep,numberOfRobotsOnBlackSite,numberOfRobotsOnWhiteSite
23853,26,13
timeStep,numberOfRobotsOnBlackSite,numberOfRobotsOnWhiteSite
23854,26,13
timeStep,numberOfRobotsOnBlackSite,numberOfRobotsOnWhiteSite
23855,26,13
timeStep,numberOfRobotsOnBlackSite,numberOfRobotsOnWhiteSite
23856,26,13
timeStep,numberOfRobotsOnBlackSite,numberOfRobotsOnWhiteSite
23857,26,13
timeStep,numberOfRobotsOnBlackSite,numberOfRobotsOnWhiteSite
23858,26,13
timeStep,numberOfRobotsOnBlackSite,numberOfRobotsOnWhiteSite
23859,26,13
timeStep,numberOfRobotsOnBlackSite,numberOfRobotsOnWhiteSite
23860,27,13
timeStep,numberOfRobotsOnBlackSite,numberOfRobotsOnWhiteSite
23861,27,13
timeStep,numberOfRobotsOnBlackSite,numberOfRobotsOnWhiteSite
23862,27,13
timeStep,numberOfRobotsOnBlackSite,numberOfRobotsOnWhiteSite
23863,27,13
timeStep,numberOfRobotsOnBlackSite,numberOfRobotsOnWhiteSite
23864,27,13
timeStep,numberOfRobotsOnBlackSite,numberOfRobotsOnWhiteSite
23865,27,13
timeStep,numberOfRobotsOnBlackSite,numberOfRobotsOnWhiteSite
23866,27,13
timeStep,numberOfRobotsOnBlackSite,numberOfRobotsOnWhiteSite
23867,27,13
timeStep,numberOfRobotsOnBlackSite,numberOfRobotsOnWhiteSite
23868,27,13
timeStep,numberOfRobotsOnBlackSite,numberOfRobotsOnWhiteSite
23869,27,13
timeStep,numberOfRobotsOnBlackSite,numberOfRobotsOnWhiteSite
23870,27,13
timeStep,numberOfRobotsOnBlackSite,numberOfRobotsOnWhiteSite
23871,27,13
timeStep,numberOfRobotsOnBlackSite,numberOfRobotsOnWhiteSite
23872,27,13
timeStep,numberOfRobotsOnBlackSite,numberOfRobotsOnWhiteSite
23873,27,13
timeStep,numberOfRobotsOnBlackSite,numberOfRobotsOnWhiteSite
23874,27,13
timeStep,numberOfRobotsOnBlackSite,numberOfRobotsOnWhiteSite
23875,26,13
timeStep,numberOfRobotsOnBlackSite,numberOfRobotsOnWhiteSite
23876,26,13
timeStep,numberOfRobotsOnBlackSite,numberOfRobotsOnWhiteSite
23877,26,13
timeStep,numberOfRobotsOnBlackSite,numberOfRobotsOnWhiteSite
23878,26,13
timeStep,numberOfRobotsOnBlackSite,numberOfRobotsOnWhiteSite
23879,26,13
timeStep,numberOfRobotsOnBlackSite,numberOfRobotsOnWhiteSite
23880,26,13
timeStep,numberOfRobotsOnBlackSite,numberOfRobotsOnWhiteSite
23881,26,13
timeStep,numberOfRobotsOnBlackSite,numberOfRobotsOnWhiteSite
23882,26,13
timeStep,numberOfRobotsOnBlackSite,numberOfRobotsOnWhiteSite
23883,26,13
timeStep,numberOfRobotsOnBlackSite,numberOfRobotsOnWhiteSite
23884,26,13
timeStep,numberOfRobotsOnBlackSite,numberOfRobotsOnWhiteSite
23885,26,13
timeStep,numberOfRobotsOnBlackSite,numberOfRobotsOnWhiteSite
23886,26,13
timeStep,numberOfRobotsOnBlackSite,numberOfRobotsOnWhiteSite
23887,26,13
timeStep,numberOfRobotsOnBlackSite,numberOfRobotsOnWhiteSite
23888,26,13
timeStep,numberOfRobotsOnBlackSite,numberOfRobotsOnWhiteSite
23889,26,13
timeStep,numberOfRobotsOnBlackSite,numberOfRobotsOnWhiteSite
23890,26,13
timeStep,numberOfRobotsOnBlackSite,numberOfRobotsOnWhiteSite
23891,26,13
timeStep,numberOfRobotsOnBlackSite,numberOfRobotsOnWhiteSite
23892,26,13
timeStep,numberOfRobotsOnBlackSite,numberOfRobotsOnWhiteSite
23893,26,13
timeStep,numberOfRobotsOnBlackSite,numberOfRobotsOnWhiteSite
23894,26,13
timeStep,numberOfRobotsOnBlackSite,numberOfRobotsOnWhiteSite
23895,26,13
timeStep,numberOfRobotsOnBlackSite,numberOfRobotsOnWhiteSite
23896,26,13
timeStep,numberOfRobotsOnBlackSite,numberOfRobotsOnWhiteSite
23897,26,13
timeStep,numberOfRobotsOnBlackSite,numberOfRobotsOnWhiteSite
23898,26,13
timeStep,numberOfRobotsOnBlackSite,numberOfRobotsOnWhiteSite
23899,26,13
timeStep,numberOfRobotsOnBlackSite,numberOfRobotsOnWhiteSite
23900,26,13
timeStep,numberOfRobotsOnBlackSite,numberOfRobotsOnWhiteSite
23901,26,13
timeStep,numberOfRobotsOnBlackSite,numberOfRobotsOnWhiteSite
23902,26,13
timeStep,numberOfRobotsOnBlackSite,numberOfRobotsOnWhiteSite
23903,26,13
timeStep,numberOfRobotsOnBlackSite,numberOfRobotsOnWhiteSite
23904,26,13
timeStep,numberOfRobotsOnBlackSite,numberOfRobotsOnWhiteSite
23905,26,13
timeStep,numberOfRobotsOnBlackSite,numberOfRobotsOnWhiteSite
23906,26,13
timeStep,numberOfRobotsOnBlackSite,numberOfRobotsOnWhiteSite
23907,26,13
timeStep,numberOfRobotsOnBlackSite,numberOfRobotsOnWhiteSite
23908,26,13
timeStep,numberOfRobotsOnBlackSite,numberOfRobotsOnWhiteSite
23909,26,13
timeStep,numberOfRobotsOnBlackSite,numberOfRobotsOnWhiteSite
23910,26,13
timeStep,numberOfRobotsOnBlackSite,numberOfRobotsOnWhiteSite
23911,26,13
timeStep,numberOfRobotsOnBlackSite,numberOfRobotsOnWhiteSite
23912,26,13
timeStep,numberOfRobotsOnBlackSite,numberOfRobotsOnWhiteSite
23913,26,13
timeStep,numberOfRobotsOnBlackSite,numberOfRobotsOnWhiteSite
23914,26,13
timeStep,numberOfRobotsOnBlackSite,numberOfRobotsOnWhiteSite
23915,26,13
timeStep,numberOfRobotsOnBlackSite,numberOfRobotsOnWhiteSite
23916,26,13
timeStep,numberOfRobotsOnBlackSite,numberOfRobotsOnWhiteSite
23917,26,13
timeStep,numberOfRobotsOnBlackSite,numberOfRobotsOnWhiteSite
23918,26,13
timeStep,numberOfRobotsOnBlackSite,numberOfRobotsOnWhiteSite
23919,26,13
timeStep,numberOfRobotsOnBlackSite,numberOfRobotsOnWhiteSite
23920,26,13
timeStep,numberOfRobotsOnBlackSite,numberOfRobotsOnWhiteSite
23921,26,13
timeStep,numberOfRobotsOnBlackSite,numberOfRobotsOnWhiteSite
23922,26,13
timeStep,numberOfRobotsOnBlackSite,numberOfRobotsOnWhiteSite
23923,26,13
timeStep,numberOfRobotsOnBlackSite,numberOfRobotsOnWhiteSite
23924,26,13
timeStep,numberOfRobotsOnBlackSite,numberOfRobotsOnWhiteSite
23925,26,13
timeStep,numberOfRobotsOnBlackSite,numberOfRobotsOnWhiteSite
23926,26,13
timeStep,numberOfRobotsOnBlackSite,numberOfRobotsOnWhiteSite
23927,26,13
timeStep,numberOfRobotsOnBlackSite,numberOfRobotsOnWhiteSite
23928,26,13
timeStep,numberOfRobotsOnBlackSite,numberOfRobotsOnWhiteSite
23929,26,13
timeStep,numberOfRobotsOnBlackSite,numberOfRobotsOnWhiteSite
23930,26,13
timeStep,numberOfRobotsOnBlackSite,numberOfRobotsOnWhiteSite
23931,26,13
timeStep,numberOfRobotsOnBlackSite,numberOfRobotsOnWhiteSite
23932,26,13
timeStep,numberOfRobotsOnBlackSite,numberOfRobotsOnWhiteSite
23933,26,13
timeStep,numberOfRobotsOnBlackSite,numberOfRobotsOnWhiteSite
23934,26,13
timeStep,numberOfRobotsOnBlackSite,numberOfRobotsOnWhiteSite
23935,26,13
timeStep,numberOfRobotsOnBlackSite,numberOfRobotsOnWhiteSite
23936,26,13
timeStep,numberOfRobotsOnBlackSite,numberOfRobotsOnWhiteSite
23937,26,13
timeStep,numberOfRobotsOnBlackSite,numberOfRobotsOnWhiteSite
23938,26,13
timeStep,numberOfRobotsOnBlackSite,numberOfRobotsOnWhiteSite
23939,26,13
timeStep,numberOfRobotsOnBlackSite,numberOfRobotsOnWhiteSite
23940,26,13
timeStep,numberOfRobotsOnBlackSite,numberOfRobotsOnWhiteSite
23941,26,13
timeStep,numberOfRobotsOnBlackSite,numberOfRobotsOnWhiteSite
23942,26,13
timeStep,numberOfRobotsOnBlackSite,numberOfRobotsOnWhiteSite
23943,26,13
timeStep,numberOfRobotsOnBlackSite,numberOfRobotsOnWhiteSite
23944,26,13
timeStep,numberOfRobotsOnBlackSite,numberOfRobotsOnWhiteSite
23945,25,13
timeStep,numberOfRobotsOnBlackSite,numberOfRobotsOnWhiteSite
23946,25,13
timeStep,numberOfRobotsOnBlackSite,numberOfRobotsOnWhiteSite
23947,25,13
timeStep,numberOfRobotsOnBlackSite,numberOfRobotsOnWhiteSite
23948,25,13
timeStep,numberOfRobotsOnBlackSite,numberOfRobotsOnWhiteSite
23949,25,13
timeStep,numberOfRobotsOnBlackSite,numberOfRobotsOnWhiteSite
23950,24,13
timeStep,numberOfRobotsOnBlackSite,numberOfRobotsOnWhiteSite
23951,24,13
timeStep,numberOfRobotsOnBlackSite,numberOfRobotsOnWhiteSite
23952,24,13
timeStep,numberOfRobotsOnBlackSite,numberOfRobotsOnWhiteSite
23953,24,13
timeStep,numberOfRobotsOnBlackSite,numberOfRobotsOnWhiteSite
23954,24,13
timeStep,numberOfRobotsOnBlackSite,numberOfRobotsOnWhiteSite
23955,24,13
timeStep,numberOfRobotsOnBlackSite,numberOfRobotsOnWhiteSite
23956,24,13
timeStep,numberOfRobotsOnBlackSite,numberOfRobotsOnWhiteSite
23957,24,13
timeStep,numberOfRobotsOnBlackSite,numberOfRobotsOnWhiteSite
23958,24,13
timeStep,numberOfRobotsOnBlackSite,numberOfRobotsOnWhiteSite
23959,24,13
timeStep,numberOfRobotsOnBlackSite,numberOfRobotsOnWhiteSite
23960,24,13
timeStep,numberOfRobotsOnBlackSite,numberOfRobotsOnWhiteSite
23961,24,13
timeStep,numberOfRobotsOnBlackSite,numberOfRobotsOnWhiteSite
23962,24,13
timeStep,numberOfRobotsOnBlackSite,numberOfRobotsOnWhiteSite
23963,24,13
timeStep,numberOfRobotsOnBlackSite,numberOfRobotsOnWhiteSite
23964,24,13
timeStep,numberOfRobotsOnBlackSite,numberOfRobotsOnWhiteSite
23965,24,13
timeStep,numberOfRobotsOnBlackSite,numberOfRobotsOnWhiteSite
23966,24,13
timeStep,numberOfRobotsOnBlackSite,numberOfRobotsOnWhiteSite
23967,24,13
timeStep,numberOfRobotsOnBlackSite,numberOfRobotsOnWhiteSite
23968,24,13
timeStep,numberOfRobotsOnBlackSite,numberOfRobotsOnWhiteSite
23969,24,13
timeStep,numberOfRobotsOnBlackSite,numberOfRobotsOnWhiteSite
23970,25,13
timeStep,numberOfRobotsOnBlackSite,numberOfRobotsOnWhiteSite
23971,25,13
timeStep,numberOfRobotsOnBlackSite,numberOfRobotsOnWhiteSite
23972,25,13
timeStep,numberOfRobotsOnBlackSite,numberOfRobotsOnWhiteSite
23973,25,13
timeStep,numberOfRobotsOnBlackSite,numberOfRobotsOnWhiteSite
23974,25,13
timeStep,numberOfRobotsOnBlackSite,numberOfRobotsOnWhiteSite
23975,25,13
timeStep,numberOfRobotsOnBlackSite,numberOfRobotsOnWhiteSite
23976,25,13
timeStep,numberOfRobotsOnBlackSite,numberOfRobotsOnWhiteSite
23977,25,13
timeStep,numberOfRobotsOnBlackSite,numberOfRobotsOnWhiteSite
23978,25,13
timeStep,numberOfRobotsOnBlackSite,numberOfRobotsOnWhiteSite
23979,25,13
timeStep,numberOfRobotsOnBlackSite,numberOfRobotsOnWhiteSite
23980,25,13
timeStep,numberOfRobotsOnBlackSite,numberOfRobotsOnWhiteSite
23981,25,13
timeStep,numberOfRobotsOnBlackSite,numberOfRobotsOnWhiteSite
23982,25,13
timeStep,numberOfRobotsOnBlackSite,numberOfRobotsOnWhiteSite
23983,25,13
timeStep,numberOfRobotsOnBlackSite,numberOfRobotsOnWhiteSite
23984,25,13
timeStep,numberOfRobotsOnBlackSite,numberOfRobotsOnWhiteSite
23985,25,13
timeStep,numberOfRobotsOnBlackSite,numberOfRobotsOnWhiteSite
23986,25,13
timeStep,numberOfRobotsOnBlackSite,numberOfRobotsOnWhiteSite
23987,25,13
timeStep,numberOfRobotsOnBlackSite,numberOfRobotsOnWhiteSite
23988,25,13
timeStep,numberOfRobotsOnBlackSite,numberOfRobotsOnWhiteSite
23989,25,13
timeStep,numberOfRobotsOnBlackSite,numberOfRobotsOnWhiteSite
23990,25,13
timeStep,numberOfRobotsOnBlackSite,numberOfRobotsOnWhiteSite
23991,25,13
timeStep,numberOfRobotsOnBlackSite,numberOfRobotsOnWhiteSite
23992,25,13
timeStep,numberOfRobotsOnBlackSite,numberOfRobotsOnWhiteSite
23993,25,13
timeStep,numberOfRobotsOnBlackSite,numberOfRobotsOnWhiteSite
23994,25,13
timeStep,numberOfRobotsOnBlackSite,numberOfRobotsOnWhiteSite
23995,25,13
timeStep,numberOfRobotsOnBlackSite,numberOfRobotsOnWhiteSite
23996,25,13
timeStep,numberOfRobotsOnBlackSite,numberOfRobotsOnWhiteSite
23997,25,13
timeStep,numberOfRobotsOnBlackSite,numberOfRobotsOnWhiteSite
23998,25,13
timeStep,numberOfRobotsOnBlackSite,numberOfRobotsOnWhiteSite
23999,25,13
timeStep,numberOfRobotsOnBlackSite,numberOfRobotsOnWhiteSite
24000,25,13
timeStep,numberOfRobotsOnBlackSite,numberOfRobotsOnWhiteSite
24001,25,13
timeStep,numberOfRobotsOnBlackSite,numberOfRobotsOnWhiteSite
24002,25,13
timeStep,numberOfRobotsOnBlackSite,numberOfRobotsOnWhiteSite
24003,25,13
timeStep,numberOfRobotsOnBlackSite,numberOfRobotsOnWhiteSite
24004,25,13
timeStep,numberOfRobotsOnBlackSite,numberOfRobotsOnWhiteSite
24005,25,13
timeStep,numberOfRobotsOnBlackSite,numberOfRobotsOnWhiteSite
24006,25,13
timeStep,numberOfRobotsOnBlackSite,numberOfRobotsOnWhiteSite
24007,25,13
timeStep,numberOfRobotsOnBlackSite,numberOfRobotsOnWhiteSite
24008,25,13
timeStep,numberOfRobotsOnBlackSite,numberOfRobotsOnWhiteSite
24009,25,13
timeStep,numberOfRobotsOnBlackSite,numberOfRobotsOnWhiteSite
24010,25,13
timeStep,numberOfRobotsOnBlackSite,numberOfRobotsOnWhiteSite
24011,25,13
timeStep,numberOfRobotsOnBlackSite,numberOfRobotsOnWhiteSite
24012,25,13
timeStep,numberOfRobotsOnBlackSite,numberOfRobotsOnWhiteSite
24013,25,13
timeStep,numberOfRobotsOnBlackSite,numberOfRobotsOnWhiteSite
24014,25,13
timeStep,numberOfRobotsOnBlackSite,numberOfRobotsOnWhiteSite
24015,25,13
timeStep,numberOfRobotsOnBlackSite,numberOfRobotsOnWhiteSite
24016,25,13
timeStep,numberOfRobotsOnBlackSite,numberOfRobotsOnWhiteSite
24017,25,13
timeStep,numberOfRobotsOnBlackSite,numberOfRobotsOnWhiteSite
24018,25,13
timeStep,numberOfRobotsOnBlackSite,numberOfRobotsOnWhiteSite
24019,25,13
timeStep,numberOfRobotsOnBlackSite,numberOfRobotsOnWhiteSite
24020,25,13
timeStep,numberOfRobotsOnBlackSite,numberOfRobotsOnWhiteSite
24021,25,13
timeStep,numberOfRobotsOnBlackSite,numberOfRobotsOnWhiteSite
24022,25,13
timeStep,numberOfRobotsOnBlackSite,numberOfRobotsOnWhiteSite
24023,25,13
timeStep,numberOfRobotsOnBlackSite,numberOfRobotsOnWhiteSite
24024,25,13
timeStep,numberOfRobotsOnBlackSite,numberOfRobotsOnWhiteSite
24025,25,13
timeStep,numberOfRobotsOnBlackSite,numberOfRobotsOnWhiteSite
24026,25,13
timeStep,numberOfRobotsOnBlackSite,numberOfRobotsOnWhiteSite
24027,25,13
timeStep,numberOfRobotsOnBlackSite,numberOfRobotsOnWhiteSite
24028,25,13
timeStep,numberOfRobotsOnBlackSite,numberOfRobotsOnWhiteSite
24029,25,13
timeStep,numberOfRobotsOnBlackSite,numberOfRobotsOnWhiteSite
24030,25,13
timeStep,numberOfRobotsOnBlackSite,numberOfRobotsOnWhiteSite
24031,25,13
timeStep,numberOfRobotsOnBlackSite,numberOfRobotsOnWhiteSite
24032,25,13
timeStep,numberOfRobotsOnBlackSite,numberOfRobotsOnWhiteSite
24033,25,13
timeStep,numberOfRobotsOnBlackSite,numberOfRobotsOnWhiteSite
24034,25,13
timeStep,numberOfRobotsOnBlackSite,numberOfRobotsOnWhiteSite
24035,25,13
timeStep,numberOfRobotsOnBlackSite,numberOfRobotsOnWhiteSite
24036,25,13
timeStep,numberOfRobotsOnBlackSite,numberOfRobotsOnWhiteSite
24037,25,13
timeStep,numberOfRobotsOnBlackSite,numberOfRobotsOnWhiteSite
24038,25,13
timeStep,numberOfRobotsOnBlackSite,numberOfRobotsOnWhiteSite
24039,25,13
timeStep,numberOfRobotsOnBlackSite,numberOfRobotsOnWhiteSite
24040,25,13
timeStep,numberOfRobotsOnBlackSite,numberOfRobotsOnWhiteSite
24041,25,13
timeStep,numberOfRobotsOnBlackSite,numberOfRobotsOnWhiteSite
24042,25,13
timeStep,numberOfRobotsOnBlackSite,numberOfRobotsOnWhiteSite
24043,25,13
timeStep,numberOfRobotsOnBlackSite,numberOfRobotsOnWhiteSite
24044,25,13
timeStep,numberOfRobotsOnBlackSite,numberOfRobotsOnWhiteSite
24045,25,13
timeStep,numberOfRobotsOnBlackSite,numberOfRobotsOnWhiteSite
24046,25,13
timeStep,numberOfRobotsOnBlackSite,numberOfRobotsOnWhiteSite
24047,25,13
timeStep,numberOfRobotsOnBlackSite,numberOfRobotsOnWhiteSite
24048,25,13
timeStep,numberOfRobotsOnBlackSite,numberOfRobotsOnWhiteSite
24049,25,13
timeStep,numberOfRobotsOnBlackSite,numberOfRobotsOnWhiteSite
24050,25,13
timeStep,numberOfRobotsOnBlackSite,numberOfRobotsOnWhiteSite
24051,25,13
timeStep,numberOfRobotsOnBlackSite,numberOfRobotsOnWhiteSite
24052,25,13
timeStep,numberOfRobotsOnBlackSite,numberOfRobotsOnWhiteSite
24053,25,13
timeStep,numberOfRobotsOnBlackSite,numberOfRobotsOnWhiteSite
24054,25,13
timeStep,numberOfRobotsOnBlackSite,numberOfRobotsOnWhiteSite
24055,24,13
timeStep,numberOfRobotsOnBlackSite,numberOfRobotsOnWhiteSite
24056,24,13
timeStep,numberOfRobotsOnBlackSite,numberOfRobotsOnWhiteSite
24057,24,13
timeStep,numberOfRobotsOnBlackSite,numberOfRobotsOnWhiteSite
24058,24,13
timeStep,numberOfRobotsOnBlackSite,numberOfRobotsOnWhiteSite
24059,24,13
timeStep,numberOfRobotsOnBlackSite,numberOfRobotsOnWhiteSite
24060,24,13
timeStep,numberOfRobotsOnBlackSite,numberOfRobotsOnWhiteSite
24061,24,13
timeStep,numberOfRobotsOnBlackSite,numberOfRobotsOnWhiteSite
24062,24,13
timeStep,numberOfRobotsOnBlackSite,numberOfRobotsOnWhiteSite
24063,24,13
timeStep,numberOfRobotsOnBlackSite,numberOfRobotsOnWhiteSite
24064,24,13
timeStep,numberOfRobotsOnBlackSite,numberOfRobotsOnWhiteSite
24065,23,13
timeStep,numberOfRobotsOnBlackSite,numberOfRobotsOnWhiteSite
24066,23,13
timeStep,numberOfRobotsOnBlackSite,numberOfRobotsOnWhiteSite
24067,23,13
timeStep,numberOfRobotsOnBlackSite,numberOfRobotsOnWhiteSite
24068,23,13
timeStep,numberOfRobotsOnBlackSite,numberOfRobotsOnWhiteSite
24069,23,13
timeStep,numberOfRobotsOnBlackSite,numberOfRobotsOnWhiteSite
24070,23,13
timeStep,numberOfRobotsOnBlackSite,numberOfRobotsOnWhiteSite
24071,23,13
timeStep,numberOfRobotsOnBlackSite,numberOfRobotsOnWhiteSite
24072,23,13
timeStep,numberOfRobotsOnBlackSite,numberOfRobotsOnWhiteSite
24073,23,13
timeStep,numberOfRobotsOnBlackSite,numberOfRobotsOnWhiteSite
24074,23,13
timeStep,numberOfRobotsOnBlackSite,numberOfRobotsOnWhiteSite
24075,23,13
timeStep,numberOfRobotsOnBlackSite,numberOfRobotsOnWhiteSite
24076,23,13
timeStep,numberOfRobotsOnBlackSite,numberOfRobotsOnWhiteSite
24077,23,13
timeStep,numberOfRobotsOnBlackSite,numberOfRobotsOnWhiteSite
24078,23,13
timeStep,numberOfRobotsOnBlackSite,numberOfRobotsOnWhiteSite
24079,23,13
timeStep,numberOfRobotsOnBlackSite,numberOfRobotsOnWhiteSite
24080,23,13
timeStep,numberOfRobotsOnBlackSite,numberOfRobotsOnWhiteSite
24081,23,13
timeStep,numberOfRobotsOnBlackSite,numberOfRobotsOnWhiteSite
24082,23,13
timeStep,numberOfRobotsOnBlackSite,numberOfRobotsOnWhiteSite
24083,23,13
timeStep,numberOfRobotsOnBlackSite,numberOfRobotsOnWhiteSite
24084,23,13
timeStep,numberOfRobotsOnBlackSite,numberOfRobotsOnWhiteSite
24085,23,13
timeStep,numberOfRobotsOnBlackSite,numberOfRobotsOnWhiteSite
24086,23,13
timeStep,numberOfRobotsOnBlackSite,numberOfRobotsOnWhiteSite
24087,23,13
timeStep,numberOfRobotsOnBlackSite,numberOfRobotsOnWhiteSite
24088,23,13
timeStep,numberOfRobotsOnBlackSite,numberOfRobotsOnWhiteSite
24089,23,13
timeStep,numberOfRobotsOnBlackSite,numberOfRobotsOnWhiteSite
24090,23,13
timeStep,numberOfRobotsOnBlackSite,numberOfRobotsOnWhiteSite
24091,23,13
timeStep,numberOfRobotsOnBlackSite,numberOfRobotsOnWhiteSite
24092,23,13
timeStep,numberOfRobotsOnBlackSite,numberOfRobotsOnWhiteSite
24093,23,13
timeStep,numberOfRobotsOnBlackSite,numberOfRobotsOnWhiteSite
24094,23,13
timeStep,numberOfRobotsOnBlackSite,numberOfRobotsOnWhiteSite
24095,23,13
timeStep,numberOfRobotsOnBlackSite,numberOfRobotsOnWhiteSite
24096,23,13
timeStep,numberOfRobotsOnBlackSite,numberOfRobotsOnWhiteSite
24097,23,13
timeStep,numberOfRobotsOnBlackSite,numberOfRobotsOnWhiteSite
24098,23,13
timeStep,numberOfRobotsOnBlackSite,numberOfRobotsOnWhiteSite
24099,23,13
timeStep,numberOfRobotsOnBlackSite,numberOfRobotsOnWhiteSite
24100,24,13
timeStep,numberOfRobotsOnBlackSite,numberOfRobotsOnWhiteSite
24101,24,13
timeStep,numberOfRobotsOnBlackSite,numberOfRobotsOnWhiteSite
24102,24,13
timeStep,numberOfRobotsOnBlackSite,numberOfRobotsOnWhiteSite
24103,24,13
timeStep,numberOfRobotsOnBlackSite,numberOfRobotsOnWhiteSite
24104,24,13
timeStep,numberOfRobotsOnBlackSite,numberOfRobotsOnWhiteSite
24105,24,13
timeStep,numberOfRobotsOnBlackSite,numberOfRobotsOnWhiteSite
24106,24,13
timeStep,numberOfRobotsOnBlackSite,numberOfRobotsOnWhiteSite
24107,24,13
timeStep,numberOfRobotsOnBlackSite,numberOfRobotsOnWhiteSite
24108,24,13
timeStep,numberOfRobotsOnBlackSite,numberOfRobotsOnWhiteSite
24109,24,13
timeStep,numberOfRobotsOnBlackSite,numberOfRobotsOnWhiteSite
24110,24,13
timeStep,numberOfRobotsOnBlackSite,numberOfRobotsOnWhiteSite
24111,24,13
timeStep,numberOfRobotsOnBlackSite,numberOfRobotsOnWhiteSite
24112,24,13
timeStep,numberOfRobotsOnBlackSite,numberOfRobotsOnWhiteSite
24113,24,13
timeStep,numberOfRobotsOnBlackSite,numberOfRobotsOnWhiteSite
24114,24,13
timeStep,numberOfRobotsOnBlackSite,numberOfRobotsOnWhiteSite
24115,24,13
timeStep,numberOfRobotsOnBlackSite,numberOfRobotsOnWhiteSite
24116,24,13
timeStep,numberOfRobotsOnBlackSite,numberOfRobotsOnWhiteSite
24117,24,13
timeStep,numberOfRobotsOnBlackSite,numberOfRobotsOnWhiteSite
24118,24,13
timeStep,numberOfRobotsOnBlackSite,numberOfRobotsOnWhiteSite
24119,24,13
timeStep,numberOfRobotsOnBlackSite,numberOfRobotsOnWhiteSite
24120,24,13
timeStep,numberOfRobotsOnBlackSite,numberOfRobotsOnWhiteSite
24121,24,13
timeStep,numberOfRobotsOnBlackSite,numberOfRobotsOnWhiteSite
24122,24,13
timeStep,numberOfRobotsOnBlackSite,numberOfRobotsOnWhiteSite
24123,24,13
timeStep,numberOfRobotsOnBlackSite,numberOfRobotsOnWhiteSite
24124,24,13
timeStep,numberOfRobotsOnBlackSite,numberOfRobotsOnWhiteSite
24125,24,13
timeStep,numberOfRobotsOnBlackSite,numberOfRobotsOnWhiteSite
24126,24,13
timeStep,numberOfRobotsOnBlackSite,numberOfRobotsOnWhiteSite
24127,24,13
timeStep,numberOfRobotsOnBlackSite,numberOfRobotsOnWhiteSite
24128,24,13
timeStep,numberOfRobotsOnBlackSite,numberOfRobotsOnWhiteSite
24129,24,13
timeStep,numberOfRobotsOnBlackSite,numberOfRobotsOnWhiteSite
24130,24,13
timeStep,numberOfRobotsOnBlackSite,numberOfRobotsOnWhiteSite
24131,24,13
timeStep,numberOfRobotsOnBlackSite,numberOfRobotsOnWhiteSite
24132,24,13
timeStep,numberOfRobotsOnBlackSite,numberOfRobotsOnWhiteSite
24133,24,13
timeStep,numberOfRobotsOnBlackSite,numberOfRobotsOnWhiteSite
24134,24,13
timeStep,numberOfRobotsOnBlackSite,numberOfRobotsOnWhiteSite
24135,24,13
timeStep,numberOfRobotsOnBlackSite,numberOfRobotsOnWhiteSite
24136,24,13
timeStep,numberOfRobotsOnBlackSite,numberOfRobotsOnWhiteSite
24137,24,13
timeStep,numberOfRobotsOnBlackSite,numberOfRobotsOnWhiteSite
24138,24,13
timeStep,numberOfRobotsOnBlackSite,numberOfRobotsOnWhiteSite
24139,24,13
timeStep,numberOfRobotsOnBlackSite,numberOfRobotsOnWhiteSite
24140,24,12
timeStep,numberOfRobotsOnBlackSite,numberOfRobotsOnWhiteSite
24141,24,12
timeStep,numberOfRobotsOnBlackSite,numberOfRobotsOnWhiteSite
24142,24,12
timeStep,numberOfRobotsOnBlackSite,numberOfRobotsOnWhiteSite
24143,24,12
timeStep,numberOfRobotsOnBlackSite,numberOfRobotsOnWhiteSite
24144,24,12
timeStep,numberOfRobotsOnBlackSite,numberOfRobotsOnWhiteSite
24145,24,12
timeStep,numberOfRobotsOnBlackSite,numberOfRobotsOnWhiteSite
24146,24,12
timeStep,numberOfRobotsOnBlackSite,numberOfRobotsOnWhiteSite
24147,24,12
timeStep,numberOfRobotsOnBlackSite,numberOfRobotsOnWhiteSite
24148,24,12
timeStep,numberOfRobotsOnBlackSite,numberOfRobotsOnWhiteSite
24149,24,12
timeStep,numberOfRobotsOnBlackSite,numberOfRobotsOnWhiteSite
24150,24,11
timeStep,numberOfRobotsOnBlackSite,numberOfRobotsOnWhiteSite
24151,24,11
timeStep,numberOfRobotsOnBlackSite,numberOfRobotsOnWhiteSite
24152,24,11
timeStep,numberOfRobotsOnBlackSite,numberOfRobotsOnWhiteSite
24153,24,11
timeStep,numberOfRobotsOnBlackSite,numberOfRobotsOnWhiteSite
24154,24,11
timeStep,numberOfRobotsOnBlackSite,numberOfRobotsOnWhiteSite
24155,24,11
timeStep,numberOfRobotsOnBlackSite,numberOfRobotsOnWhiteSite
24156,24,11
timeStep,numberOfRobotsOnBlackSite,numberOfRobotsOnWhiteSite
24157,24,11
timeStep,numberOfRobotsOnBlackSite,numberOfRobotsOnWhiteSite
24158,24,11
timeStep,numberOfRobotsOnBlackSite,numberOfRobotsOnWhiteSite
24159,24,11
timeStep,numberOfRobotsOnBlackSite,numberOfRobotsOnWhiteSite
24160,24,11
timeStep,numberOfRobotsOnBlackSite,numberOfRobotsOnWhiteSite
24161,24,11
timeStep,numberOfRobotsOnBlackSite,numberOfRobotsOnWhiteSite
24162,24,11
timeStep,numberOfRobotsOnBlackSite,numberOfRobotsOnWhiteSite
24163,24,11
timeStep,numberOfRobotsOnBlackSite,numberOfRobotsOnWhiteSite
24164,24,11
timeStep,numberOfRobotsOnBlackSite,numberOfRobotsOnWhiteSite
24165,24,10
timeStep,numberOfRobotsOnBlackSite,numberOfRobotsOnWhiteSite
24166,24,10
timeStep,numberOfRobotsOnBlackSite,numberOfRobotsOnWhiteSite
24167,24,10
timeStep,numberOfRobotsOnBlackSite,numberOfRobotsOnWhiteSite
24168,24,10
timeStep,numberOfRobotsOnBlackSite,numberOfRobotsOnWhiteSite
24169,24,10
timeStep,numberOfRobotsOnBlackSite,numberOfRobotsOnWhiteSite
24170,24,10
timeStep,numberOfRobotsOnBlackSite,numberOfRobotsOnWhiteSite
24171,24,10
timeStep,numberOfRobotsOnBlackSite,numberOfRobotsOnWhiteSite
24172,24,10
timeStep,numberOfRobotsOnBlackSite,numberOfRobotsOnWhiteSite
24173,24,10
timeStep,numberOfRobotsOnBlackSite,numberOfRobotsOnWhiteSite
24174,24,10
timeStep,numberOfRobotsOnBlackSite,numberOfRobotsOnWhiteSite
24175,24,10
timeStep,numberOfRobotsOnBlackSite,numberOfRobotsOnWhiteSite
24176,24,10
timeStep,numberOfRobotsOnBlackSite,numberOfRobotsOnWhiteSite
24177,24,10
timeStep,numberOfRobotsOnBlackSite,numberOfRobotsOnWhiteSite
24178,24,10
timeStep,numberOfRobotsOnBlackSite,numberOfRobotsOnWhiteSite
24179,24,10
timeStep,numberOfRobotsOnBlackSite,numberOfRobotsOnWhiteSite
24180,24,10
timeStep,numberOfRobotsOnBlackSite,numberOfRobotsOnWhiteSite
24181,24,10
timeStep,numberOfRobotsOnBlackSite,numberOfRobotsOnWhiteSite
24182,24,10
timeStep,numberOfRobotsOnBlackSite,numberOfRobotsOnWhiteSite
24183,24,10
timeStep,numberOfRobotsOnBlackSite,numberOfRobotsOnWhiteSite
24184,24,10
timeStep,numberOfRobotsOnBlackSite,numberOfRobotsOnWhiteSite
24185,24,10
timeStep,numberOfRobotsOnBlackSite,numberOfRobotsOnWhiteSite
24186,24,10
timeStep,numberOfRobotsOnBlackSite,numberOfRobotsOnWhiteSite
24187,24,10
timeStep,numberOfRobotsOnBlackSite,numberOfRobotsOnWhiteSite
24188,24,10
timeStep,numberOfRobotsOnBlackSite,numberOfRobotsOnWhiteSite
24189,24,10
timeStep,numberOfRobotsOnBlackSite,numberOfRobotsOnWhiteSite
24190,24,9
timeStep,numberOfRobotsOnBlackSite,numberOfRobotsOnWhiteSite
24191,24,9
timeStep,numberOfRobotsOnBlackSite,numberOfRobotsOnWhiteSite
24192,24,9
timeStep,numberOfRobotsOnBlackSite,numberOfRobotsOnWhiteSite
24193,24,9
timeStep,numberOfRobotsOnBlackSite,numberOfRobotsOnWhiteSite
24194,24,9
timeStep,numberOfRobotsOnBlackSite,numberOfRobotsOnWhiteSite
24195,24,9
timeStep,numberOfRobotsOnBlackSite,numberOfRobotsOnWhiteSite
24196,24,9
timeStep,numberOfRobotsOnBlackSite,numberOfRobotsOnWhiteSite
24197,24,9
timeStep,numberOfRobotsOnBlackSite,numberOfRobotsOnWhiteSite
24198,24,9
timeStep,numberOfRobotsOnBlackSite,numberOfRobotsOnWhiteSite
24199,24,9
timeStep,numberOfRobotsOnBlackSite,numberOfRobotsOnWhiteSite
24200,24,9
timeStep,numberOfRobotsOnBlackSite,numberOfRobotsOnWhiteSite
24201,24,9
timeStep,numberOfRobotsOnBlackSite,numberOfRobotsOnWhiteSite
24202,24,9
timeStep,numberOfRobotsOnBlackSite,numberOfRobotsOnWhiteSite
24203,24,9
timeStep,numberOfRobotsOnBlackSite,numberOfRobotsOnWhiteSite
24204,24,9
timeStep,numberOfRobotsOnBlackSite,numberOfRobotsOnWhiteSite
24205,24,9
timeStep,numberOfRobotsOnBlackSite,numberOfRobotsOnWhiteSite
24206,24,9
timeStep,numberOfRobotsOnBlackSite,numberOfRobotsOnWhiteSite
24207,24,9
timeStep,numberOfRobotsOnBlackSite,numberOfRobotsOnWhiteSite
24208,24,9
timeStep,numberOfRobotsOnBlackSite,numberOfRobotsOnWhiteSite
24209,24,9
timeStep,numberOfRobotsOnBlackSite,numberOfRobotsOnWhiteSite
24210,24,9
timeStep,numberOfRobotsOnBlackSite,numberOfRobotsOnWhiteSite
24211,24,9
timeStep,numberOfRobotsOnBlackSite,numberOfRobotsOnWhiteSite
24212,24,9
timeStep,numberOfRobotsOnBlackSite,numberOfRobotsOnWhiteSite
24213,24,9
timeStep,numberOfRobotsOnBlackSite,numberOfRobotsOnWhiteSite
24214,24,9
timeStep,numberOfRobotsOnBlackSite,numberOfRobotsOnWhiteSite
24215,24,9
timeStep,numberOfRobotsOnBlackSite,numberOfRobotsOnWhiteSite
24216,24,9
timeStep,numberOfRobotsOnBlackSite,numberOfRobotsOnWhiteSite
24217,24,9
timeStep,numberOfRobotsOnBlackSite,numberOfRobotsOnWhiteSite
24218,24,9
timeStep,numberOfRobotsOnBlackSite,numberOfRobotsOnWhiteSite
24219,24,9
timeStep,numberOfRobotsOnBlackSite,numberOfRobotsOnWhiteSite
24220,24,9
timeStep,numberOfRobotsOnBlackSite,numberOfRobotsOnWhiteSite
24221,24,9
timeStep,numberOfRobotsOnBlackSite,numberOfRobotsOnWhiteSite
24222,24,9
timeStep,numberOfRobotsOnBlackSite,numberOfRobotsOnWhiteSite
24223,24,9
timeStep,numberOfRobotsOnBlackSite,numberOfRobotsOnWhiteSite
24224,24,9
timeStep,numberOfRobotsOnBlackSite,numberOfRobotsOnWhiteSite
24225,24,9
timeStep,numberOfRobotsOnBlackSite,numberOfRobotsOnWhiteSite
24226,24,9
timeStep,numberOfRobotsOnBlackSite,numberOfRobotsOnWhiteSite
24227,24,9
timeStep,numberOfRobotsOnBlackSite,numberOfRobotsOnWhiteSite
24228,24,9
timeStep,numberOfRobotsOnBlackSite,numberOfRobotsOnWhiteSite
24229,24,9
timeStep,numberOfRobotsOnBlackSite,numberOfRobotsOnWhiteSite
24230,24,9
timeStep,numberOfRobotsOnBlackSite,numberOfRobotsOnWhiteSite
24231,24,9
timeStep,numberOfRobotsOnBlackSite,numberOfRobotsOnWhiteSite
24232,24,9
timeStep,numberOfRobotsOnBlackSite,numberOfRobotsOnWhiteSite
24233,24,9
timeStep,numberOfRobotsOnBlackSite,numberOfRobotsOnWhiteSite
24234,24,9
timeStep,numberOfRobotsOnBlackSite,numberOfRobotsOnWhiteSite
24235,24,11
timeStep,numberOfRobotsOnBlackSite,numberOfRobotsOnWhiteSite
24236,24,11
timeStep,numberOfRobotsOnBlackSite,numberOfRobotsOnWhiteSite
24237,24,11
timeStep,numberOfRobotsOnBlackSite,numberOfRobotsOnWhiteSite
24238,24,11
timeStep,numberOfRobotsOnBlackSite,numberOfRobotsOnWhiteSite
24239,24,11
timeStep,numberOfRobotsOnBlackSite,numberOfRobotsOnWhiteSite
24240,24,11
timeStep,numberOfRobotsOnBlackSite,numberOfRobotsOnWhiteSite
24241,24,11
timeStep,numberOfRobotsOnBlackSite,numberOfRobotsOnWhiteSite
24242,24,11
timeStep,numberOfRobotsOnBlackSite,numberOfRobotsOnWhiteSite
24243,24,11
timeStep,numberOfRobotsOnBlackSite,numberOfRobotsOnWhiteSite
24244,24,11
timeStep,numberOfRobotsOnBlackSite,numberOfRobotsOnWhiteSite
24245,24,11
timeStep,numberOfRobotsOnBlackSite,numberOfRobotsOnWhiteSite
24246,24,11
timeStep,numberOfRobotsOnBlackSite,numberOfRobotsOnWhiteSite
24247,24,11
timeStep,numberOfRobotsOnBlackSite,numberOfRobotsOnWhiteSite
24248,24,11
timeStep,numberOfRobotsOnBlackSite,numberOfRobotsOnWhiteSite
24249,24,11
timeStep,numberOfRobotsOnBlackSite,numberOfRobotsOnWhiteSite
24250,24,11
timeStep,numberOfRobotsOnBlackSite,numberOfRobotsOnWhiteSite
24251,24,11
timeStep,numberOfRobotsOnBlackSite,numberOfRobotsOnWhiteSite
24252,24,11
timeStep,numberOfRobotsOnBlackSite,numberOfRobotsOnWhiteSite
24253,24,11
timeStep,numberOfRobotsOnBlackSite,numberOfRobotsOnWhiteSite
24254,24,11
timeStep,numberOfRobotsOnBlackSite,numberOfRobotsOnWhiteSite
24255,24,11
timeStep,numberOfRobotsOnBlackSite,numberOfRobotsOnWhiteSite
24256,24,11
timeStep,numberOfRobotsOnBlackSite,numberOfRobotsOnWhiteSite
24257,24,11
timeStep,numberOfRobotsOnBlackSite,numberOfRobotsOnWhiteSite
24258,24,11
timeStep,numberOfRobotsOnBlackSite,numberOfRobotsOnWhiteSite
24259,24,11
timeStep,numberOfRobotsOnBlackSite,numberOfRobotsOnWhiteSite
24260,24,11
timeStep,numberOfRobotsOnBlackSite,numberOfRobotsOnWhiteSite
24261,24,11
timeStep,numberOfRobotsOnBlackSite,numberOfRobotsOnWhiteSite
24262,24,11
timeStep,numberOfRobotsOnBlackSite,numberOfRobotsOnWhiteSite
24263,24,11
timeStep,numberOfRobotsOnBlackSite,numberOfRobotsOnWhiteSite
24264,24,11
timeStep,numberOfRobotsOnBlackSite,numberOfRobotsOnWhiteSite
24265,24,11
timeStep,numberOfRobotsOnBlackSite,numberOfRobotsOnWhiteSite
24266,24,11
timeStep,numberOfRobotsOnBlackSite,numberOfRobotsOnWhiteSite
24267,24,11
timeStep,numberOfRobotsOnBlackSite,numberOfRobotsOnWhiteSite
24268,24,11
timeStep,numberOfRobotsOnBlackSite,numberOfRobotsOnWhiteSite
24269,24,11
timeStep,numberOfRobotsOnBlackSite,numberOfRobotsOnWhiteSite
24270,24,11
timeStep,numberOfRobotsOnBlackSite,numberOfRobotsOnWhiteSite
24271,24,11
timeStep,numberOfRobotsOnBlackSite,numberOfRobotsOnWhiteSite
24272,24,11
timeStep,numberOfRobotsOnBlackSite,numberOfRobotsOnWhiteSite
24273,24,11
timeStep,numberOfRobotsOnBlackSite,numberOfRobotsOnWhiteSite
24274,24,11
timeStep,numberOfRobotsOnBlackSite,numberOfRobotsOnWhiteSite
24275,24,11
timeStep,numberOfRobotsOnBlackSite,numberOfRobotsOnWhiteSite
24276,24,11
timeStep,numberOfRobotsOnBlackSite,numberOfRobotsOnWhiteSite
24277,24,11
timeStep,numberOfRobotsOnBlackSite,numberOfRobotsOnWhiteSite
24278,24,11
timeStep,numberOfRobotsOnBlackSite,numberOfRobotsOnWhiteSite
24279,24,11
timeStep,numberOfRobotsOnBlackSite,numberOfRobotsOnWhiteSite
24280,24,11
timeStep,numberOfRobotsOnBlackSite,numberOfRobotsOnWhiteSite
24281,24,11
timeStep,numberOfRobotsOnBlackSite,numberOfRobotsOnWhiteSite
24282,24,11
timeStep,numberOfRobotsOnBlackSite,numberOfRobotsOnWhiteSite
24283,24,11
timeStep,numberOfRobotsOnBlackSite,numberOfRobotsOnWhiteSite
24284,24,11
timeStep,numberOfRobotsOnBlackSite,numberOfRobotsOnWhiteSite
24285,24,11
timeStep,numberOfRobotsOnBlackSite,numberOfRobotsOnWhiteSite
24286,24,11
timeStep,numberOfRobotsOnBlackSite,numberOfRobotsOnWhiteSite
24287,24,11
timeStep,numberOfRobotsOnBlackSite,numberOfRobotsOnWhiteSite
24288,24,11
timeStep,numberOfRobotsOnBlackSite,numberOfRobotsOnWhiteSite
24289,24,11
timeStep,numberOfRobotsOnBlackSite,numberOfRobotsOnWhiteSite
24290,26,11
timeStep,numberOfRobotsOnBlackSite,numberOfRobotsOnWhiteSite
24291,26,11
timeStep,numberOfRobotsOnBlackSite,numberOfRobotsOnWhiteSite
24292,26,11
timeStep,numberOfRobotsOnBlackSite,numberOfRobotsOnWhiteSite
24293,26,11
timeStep,numberOfRobotsOnBlackSite,numberOfRobotsOnWhiteSite
24294,26,11
timeStep,numberOfRobotsOnBlackSite,numberOfRobotsOnWhiteSite
24295,25,11
timeStep,numberOfRobotsOnBlackSite,numberOfRobotsOnWhiteSite
24296,25,11
timeStep,numberOfRobotsOnBlackSite,numberOfRobotsOnWhiteSite
24297,25,11
timeStep,numberOfRobotsOnBlackSite,numberOfRobotsOnWhiteSite
24298,25,11
timeStep,numberOfRobotsOnBlackSite,numberOfRobotsOnWhiteSite
24299,25,11
timeStep,numberOfRobotsOnBlackSite,numberOfRobotsOnWhiteSite
24300,25,11
timeStep,numberOfRobotsOnBlackSite,numberOfRobotsOnWhiteSite
24301,25,11
timeStep,numberOfRobotsOnBlackSite,numberOfRobotsOnWhiteSite
24302,25,11
timeStep,numberOfRobotsOnBlackSite,numberOfRobotsOnWhiteSite
24303,25,11
timeStep,numberOfRobotsOnBlackSite,numberOfRobotsOnWhiteSite
24304,25,11
timeStep,numberOfRobotsOnBlackSite,numberOfRobotsOnWhiteSite
24305,25,11
timeStep,numberOfRobotsOnBlackSite,numberOfRobotsOnWhiteSite
24306,25,11
timeStep,numberOfRobotsOnBlackSite,numberOfRobotsOnWhiteSite
24307,25,11
timeStep,numberOfRobotsOnBlackSite,numberOfRobotsOnWhiteSite
24308,25,11
timeStep,numberOfRobotsOnBlackSite,numberOfRobotsOnWhiteSite
24309,25,11
timeStep,numberOfRobotsOnBlackSite,numberOfRobotsOnWhiteSite
24310,25,11
timeStep,numberOfRobotsOnBlackSite,numberOfRobotsOnWhiteSite
24311,25,11
timeStep,numberOfRobotsOnBlackSite,numberOfRobotsOnWhiteSite
24312,25,11
timeStep,numberOfRobotsOnBlackSite,numberOfRobotsOnWhiteSite
24313,25,11
timeStep,numberOfRobotsOnBlackSite,numberOfRobotsOnWhiteSite
24314,25,11
timeStep,numberOfRobotsOnBlackSite,numberOfRobotsOnWhiteSite
24315,25,11
timeStep,numberOfRobotsOnBlackSite,numberOfRobotsOnWhiteSite
24316,25,11
timeStep,numberOfRobotsOnBlackSite,numberOfRobotsOnWhiteSite
24317,25,11
timeStep,numberOfRobotsOnBlackSite,numberOfRobotsOnWhiteSite
24318,25,11
timeStep,numberOfRobotsOnBlackSite,numberOfRobotsOnWhiteSite
24319,25,11
timeStep,numberOfRobotsOnBlackSite,numberOfRobotsOnWhiteSite
24320,25,11
timeStep,numberOfRobotsOnBlackSite,numberOfRobotsOnWhiteSite
24321,25,11
timeStep,numberOfRobotsOnBlackSite,numberOfRobotsOnWhiteSite
24322,25,11
timeStep,numberOfRobotsOnBlackSite,numberOfRobotsOnWhiteSite
24323,25,11
timeStep,numberOfRobotsOnBlackSite,numberOfRobotsOnWhiteSite
24324,25,11
timeStep,numberOfRobotsOnBlackSite,numberOfRobotsOnWhiteSite
24325,25,12
timeStep,numberOfRobotsOnBlackSite,numberOfRobotsOnWhiteSite
24326,25,12
timeStep,numberOfRobotsOnBlackSite,numberOfRobotsOnWhiteSite
24327,25,12
timeStep,numberOfRobotsOnBlackSite,numberOfRobotsOnWhiteSite
24328,25,12
timeStep,numberOfRobotsOnBlackSite,numberOfRobotsOnWhiteSite
24329,25,12
timeStep,numberOfRobotsOnBlackSite,numberOfRobotsOnWhiteSite
24330,25,12
timeStep,numberOfRobotsOnBlackSite,numberOfRobotsOnWhiteSite
24331,25,12
timeStep,numberOfRobotsOnBlackSite,numberOfRobotsOnWhiteSite
24332,25,12
timeStep,numberOfRobotsOnBlackSite,numberOfRobotsOnWhiteSite
24333,25,12
timeStep,numberOfRobotsOnBlackSite,numberOfRobotsOnWhiteSite
24334,25,12
timeStep,numberOfRobotsOnBlackSite,numberOfRobotsOnWhiteSite
24335,25,12
timeStep,numberOfRobotsOnBlackSite,numberOfRobotsOnWhiteSite
24336,25,12
timeStep,numberOfRobotsOnBlackSite,numberOfRobotsOnWhiteSite
24337,25,12
timeStep,numberOfRobotsOnBlackSite,numberOfRobotsOnWhiteSite
24338,25,12
timeStep,numberOfRobotsOnBlackSite,numberOfRobotsOnWhiteSite
24339,25,12
timeStep,numberOfRobotsOnBlackSite,numberOfRobotsOnWhiteSite
24340,25,12
timeStep,numberOfRobotsOnBlackSite,numberOfRobotsOnWhiteSite
24341,25,12
timeStep,numberOfRobotsOnBlackSite,numberOfRobotsOnWhiteSite
24342,25,12
timeStep,numberOfRobotsOnBlackSite,numberOfRobotsOnWhiteSite
24343,25,12
timeStep,numberOfRobotsOnBlackSite,numberOfRobotsOnWhiteSite
24344,25,12
timeStep,numberOfRobotsOnBlackSite,numberOfRobotsOnWhiteSite
24345,25,12
timeStep,numberOfRobotsOnBlackSite,numberOfRobotsOnWhiteSite
24346,25,12
timeStep,numberOfRobotsOnBlackSite,numberOfRobotsOnWhiteSite
24347,25,12
timeStep,numberOfRobotsOnBlackSite,numberOfRobotsOnWhiteSite
24348,25,12
timeStep,numberOfRobotsOnBlackSite,numberOfRobotsOnWhiteSite
24349,25,12
timeStep,numberOfRobotsOnBlackSite,numberOfRobotsOnWhiteSite
24350,25,12
timeStep,numberOfRobotsOnBlackSite,numberOfRobotsOnWhiteSite
24351,25,12
timeStep,numberOfRobotsOnBlackSite,numberOfRobotsOnWhiteSite
24352,25,12
timeStep,numberOfRobotsOnBlackSite,numberOfRobotsOnWhiteSite
24353,25,12
timeStep,numberOfRobotsOnBlackSite,numberOfRobotsOnWhiteSite
24354,25,12
timeStep,numberOfRobotsOnBlackSite,numberOfRobotsOnWhiteSite
24355,25,12
timeStep,numberOfRobotsOnBlackSite,numberOfRobotsOnWhiteSite
24356,25,12
timeStep,numberOfRobotsOnBlackSite,numberOfRobotsOnWhiteSite
24357,25,12
timeStep,numberOfRobotsOnBlackSite,numberOfRobotsOnWhiteSite
24358,25,12
timeStep,numberOfRobotsOnBlackSite,numberOfRobotsOnWhiteSite
24359,25,12
timeStep,numberOfRobotsOnBlackSite,numberOfRobotsOnWhiteSite
24360,26,12
timeStep,numberOfRobotsOnBlackSite,numberOfRobotsOnWhiteSite
24361,26,12
timeStep,numberOfRobotsOnBlackSite,numberOfRobotsOnWhiteSite
24362,26,12
timeStep,numberOfRobotsOnBlackSite,numberOfRobotsOnWhiteSite
24363,26,12
timeStep,numberOfRobotsOnBlackSite,numberOfRobotsOnWhiteSite
24364,26,12
timeStep,numberOfRobotsOnBlackSite,numberOfRobotsOnWhiteSite
24365,26,11
timeStep,numberOfRobotsOnBlackSite,numberOfRobotsOnWhiteSite
24366,26,11
timeStep,numberOfRobotsOnBlackSite,numberOfRobotsOnWhiteSite
24367,26,11
timeStep,numberOfRobotsOnBlackSite,numberOfRobotsOnWhiteSite
24368,26,11
timeStep,numberOfRobotsOnBlackSite,numberOfRobotsOnWhiteSite
24369,26,11
timeStep,numberOfRobotsOnBlackSite,numberOfRobotsOnWhiteSite
24370,26,11
timeStep,numberOfRobotsOnBlackSite,numberOfRobotsOnWhiteSite
24371,26,11
timeStep,numberOfRobotsOnBlackSite,numberOfRobotsOnWhiteSite
24372,26,11
timeStep,numberOfRobotsOnBlackSite,numberOfRobotsOnWhiteSite
24373,26,11
timeStep,numberOfRobotsOnBlackSite,numberOfRobotsOnWhiteSite
24374,26,11
timeStep,numberOfRobotsOnBlackSite,numberOfRobotsOnWhiteSite
24375,26,11
timeStep,numberOfRobotsOnBlackSite,numberOfRobotsOnWhiteSite
24376,26,11
timeStep,numberOfRobotsOnBlackSite,numberOfRobotsOnWhiteSite
24377,26,11
timeStep,numberOfRobotsOnBlackSite,numberOfRobotsOnWhiteSite
24378,26,11
timeStep,numberOfRobotsOnBlackSite,numberOfRobotsOnWhiteSite
24379,26,11
timeStep,numberOfRobotsOnBlackSite,numberOfRobotsOnWhiteSite
24380,26,11
timeStep,numberOfRobotsOnBlackSite,numberOfRobotsOnWhiteSite
24381,26,11
timeStep,numberOfRobotsOnBlackSite,numberOfRobotsOnWhiteSite
24382,26,11
timeStep,numberOfRobotsOnBlackSite,numberOfRobotsOnWhiteSite
24383,26,11
timeStep,numberOfRobotsOnBlackSite,numberOfRobotsOnWhiteSite
24384,26,11
timeStep,numberOfRobotsOnBlackSite,numberOfRobotsOnWhiteSite
24385,26,11
timeStep,numberOfRobotsOnBlackSite,numberOfRobotsOnWhiteSite
24386,26,11
timeStep,numberOfRobotsOnBlackSite,numberOfRobotsOnWhiteSite
24387,26,11
timeStep,numberOfRobotsOnBlackSite,numberOfRobotsOnWhiteSite
24388,26,11
timeStep,numberOfRobotsOnBlackSite,numberOfRobotsOnWhiteSite
24389,26,11
timeStep,numberOfRobotsOnBlackSite,numberOfRobotsOnWhiteSite
24390,26,11
timeStep,numberOfRobotsOnBlackSite,numberOfRobotsOnWhiteSite
24391,26,11
timeStep,numberOfRobotsOnBlackSite,numberOfRobotsOnWhiteSite
24392,26,11
timeStep,numberOfRobotsOnBlackSite,numberOfRobotsOnWhiteSite
24393,26,11
timeStep,numberOfRobotsOnBlackSite,numberOfRobotsOnWhiteSite
24394,26,11
timeStep,numberOfRobotsOnBlackSite,numberOfRobotsOnWhiteSite
24395,26,11
timeStep,numberOfRobotsOnBlackSite,numberOfRobotsOnWhiteSite
24396,26,11
timeStep,numberOfRobotsOnBlackSite,numberOfRobotsOnWhiteSite
24397,26,11
timeStep,numberOfRobotsOnBlackSite,numberOfRobotsOnWhiteSite
24398,26,11
timeStep,numberOfRobotsOnBlackSite,numberOfRobotsOnWhiteSite
24399,26,11
timeStep,numberOfRobotsOnBlackSite,numberOfRobotsOnWhiteSite
24400,26,11
timeStep,numberOfRobotsOnBlackSite,numberOfRobotsOnWhiteSite
24401,26,11
timeStep,numberOfRobotsOnBlackSite,numberOfRobotsOnWhiteSite
24402,26,11
timeStep,numberOfRobotsOnBlackSite,numberOfRobotsOnWhiteSite
24403,26,11
timeStep,numberOfRobotsOnBlackSite,numberOfRobotsOnWhiteSite
24404,26,11
timeStep,numberOfRobotsOnBlackSite,numberOfRobotsOnWhiteSite
24405,26,12
timeStep,numberOfRobotsOnBlackSite,numberOfRobotsOnWhiteSite
24406,26,12
timeStep,numberOfRobotsOnBlackSite,numberOfRobotsOnWhiteSite
24407,26,12
timeStep,numberOfRobotsOnBlackSite,numberOfRobotsOnWhiteSite
24408,26,12
timeStep,numberOfRobotsOnBlackSite,numberOfRobotsOnWhiteSite
24409,26,12
timeStep,numberOfRobotsOnBlackSite,numberOfRobotsOnWhiteSite
24410,26,12
timeStep,numberOfRobotsOnBlackSite,numberOfRobotsOnWhiteSite
24411,26,12
timeStep,numberOfRobotsOnBlackSite,numberOfRobotsOnWhiteSite
24412,26,12
timeStep,numberOfRobotsOnBlackSite,numberOfRobotsOnWhiteSite
24413,26,12
timeStep,numberOfRobotsOnBlackSite,numberOfRobotsOnWhiteSite
24414,26,12
timeStep,numberOfRobotsOnBlackSite,numberOfRobotsOnWhiteSite
24415,26,12
timeStep,numberOfRobotsOnBlackSite,numberOfRobotsOnWhiteSite
24416,26,12
timeStep,numberOfRobotsOnBlackSite,numberOfRobotsOnWhiteSite
24417,26,12
timeStep,numberOfRobotsOnBlackSite,numberOfRobotsOnWhiteSite
24418,26,12
timeStep,numberOfRobotsOnBlackSite,numberOfRobotsOnWhiteSite
24419,26,12
timeStep,numberOfRobotsOnBlackSite,numberOfRobotsOnWhiteSite
24420,26,12
timeStep,numberOfRobotsOnBlackSite,numberOfRobotsOnWhiteSite
24421,26,12
timeStep,numberOfRobotsOnBlackSite,numberOfRobotsOnWhiteSite
24422,26,12
timeStep,numberOfRobotsOnBlackSite,numberOfRobotsOnWhiteSite
24423,26,12
timeStep,numberOfRobotsOnBlackSite,numberOfRobotsOnWhiteSite
24424,26,12
timeStep,numberOfRobotsOnBlackSite,numberOfRobotsOnWhiteSite
24425,26,12
timeStep,numberOfRobotsOnBlackSite,numberOfRobotsOnWhiteSite
24426,26,12
timeStep,numberOfRobotsOnBlackSite,numberOfRobotsOnWhiteSite
24427,26,12
timeStep,numberOfRobotsOnBlackSite,numberOfRobotsOnWhiteSite
24428,26,12
timeStep,numberOfRobotsOnBlackSite,numberOfRobotsOnWhiteSite
24429,26,12
timeStep,numberOfRobotsOnBlackSite,numberOfRobotsOnWhiteSite
24430,26,12
timeStep,numberOfRobotsOnBlackSite,numberOfRobotsOnWhiteSite
24431,26,12
timeStep,numberOfRobotsOnBlackSite,numberOfRobotsOnWhiteSite
24432,26,12
timeStep,numberOfRobotsOnBlackSite,numberOfRobotsOnWhiteSite
24433,26,12
timeStep,numberOfRobotsOnBlackSite,numberOfRobotsOnWhiteSite
24434,26,12
timeStep,numberOfRobotsOnBlackSite,numberOfRobotsOnWhiteSite
24435,26,12
timeStep,numberOfRobotsOnBlackSite,numberOfRobotsOnWhiteSite
24436,26,12
timeStep,numberOfRobotsOnBlackSite,numberOfRobotsOnWhiteSite
24437,26,12
timeStep,numberOfRobotsOnBlackSite,numberOfRobotsOnWhiteSite
24438,26,12
timeStep,numberOfRobotsOnBlackSite,numberOfRobotsOnWhiteSite
24439,26,12
timeStep,numberOfRobotsOnBlackSite,numberOfRobotsOnWhiteSite
24440,26,12
timeStep,numberOfRobotsOnBlackSite,numberOfRobotsOnWhiteSite
24441,26,12
timeStep,numberOfRobotsOnBlackSite,numberOfRobotsOnWhiteSite
24442,26,12
timeStep,numberOfRobotsOnBlackSite,numberOfRobotsOnWhiteSite
24443,26,12
timeStep,numberOfRobotsOnBlackSite,numberOfRobotsOnWhiteSite
24444,26,12
timeStep,numberOfRobotsOnBlackSite,numberOfRobotsOnWhiteSite
24445,26,12
timeStep,numberOfRobotsOnBlackSite,numberOfRobotsOnWhiteSite
24446,26,12
timeStep,numberOfRobotsOnBlackSite,numberOfRobotsOnWhiteSite
24447,26,12
timeStep,numberOfRobotsOnBlackSite,numberOfRobotsOnWhiteSite
24448,26,12
timeStep,numberOfRobotsOnBlackSite,numberOfRobotsOnWhiteSite
24449,26,12
timeStep,numberOfRobotsOnBlackSite,numberOfRobotsOnWhiteSite
24450,26,12
timeStep,numberOfRobotsOnBlackSite,numberOfRobotsOnWhiteSite
24451,26,12
timeStep,numberOfRobotsOnBlackSite,numberOfRobotsOnWhiteSite
24452,26,12
timeStep,numberOfRobotsOnBlackSite,numberOfRobotsOnWhiteSite
24453,26,12
timeStep,numberOfRobotsOnBlackSite,numberOfRobotsOnWhiteSite
24454,26,12
timeStep,numberOfRobotsOnBlackSite,numberOfRobotsOnWhiteSite
24455,26,12
timeStep,numberOfRobotsOnBlackSite,numberOfRobotsOnWhiteSite
24456,26,12
timeStep,numberOfRobotsOnBlackSite,numberOfRobotsOnWhiteSite
24457,26,12
timeStep,numberOfRobotsOnBlackSite,numberOfRobotsOnWhiteSite
24458,26,12
timeStep,numberOfRobotsOnBlackSite,numberOfRobotsOnWhiteSite
24459,26,12
timeStep,numberOfRobotsOnBlackSite,numberOfRobotsOnWhiteSite
24460,26,12
timeStep,numberOfRobotsOnBlackSite,numberOfRobotsOnWhiteSite
24461,26,12
timeStep,numberOfRobotsOnBlackSite,numberOfRobotsOnWhiteSite
24462,26,12
timeStep,numberOfRobotsOnBlackSite,numberOfRobotsOnWhiteSite
24463,26,12
timeStep,numberOfRobotsOnBlackSite,numberOfRobotsOnWhiteSite
24464,26,12
timeStep,numberOfRobotsOnBlackSite,numberOfRobotsOnWhiteSite
24465,26,12
timeStep,numberOfRobotsOnBlackSite,numberOfRobotsOnWhiteSite
24466,26,12
timeStep,numberOfRobotsOnBlackSite,numberOfRobotsOnWhiteSite
24467,26,12
timeStep,numberOfRobotsOnBlackSite,numberOfRobotsOnWhiteSite
24468,26,12
timeStep,numberOfRobotsOnBlackSite,numberOfRobotsOnWhiteSite
24469,26,12
timeStep,numberOfRobotsOnBlackSite,numberOfRobotsOnWhiteSite
24470,26,12
timeStep,numberOfRobotsOnBlackSite,numberOfRobotsOnWhiteSite
24471,26,12
timeStep,numberOfRobotsOnBlackSite,numberOfRobotsOnWhiteSite
24472,26,12
timeStep,numberOfRobotsOnBlackSite,numberOfRobotsOnWhiteSite
24473,26,12
timeStep,numberOfRobotsOnBlackSite,numberOfRobotsOnWhiteSite
24474,26,12
timeStep,numberOfRobotsOnBlackSite,numberOfRobotsOnWhiteSite
24475,26,11
timeStep,numberOfRobotsOnBlackSite,numberOfRobotsOnWhiteSite
24476,26,11
timeStep,numberOfRobotsOnBlackSite,numberOfRobotsOnWhiteSite
24477,26,11
timeStep,numberOfRobotsOnBlackSite,numberOfRobotsOnWhiteSite
24478,26,11
timeStep,numberOfRobotsOnBlackSite,numberOfRobotsOnWhiteSite
24479,26,11
timeStep,numberOfRobotsOnBlackSite,numberOfRobotsOnWhiteSite
24480,26,11
timeStep,numberOfRobotsOnBlackSite,numberOfRobotsOnWhiteSite
24481,26,11
timeStep,numberOfRobotsOnBlackSite,numberOfRobotsOnWhiteSite
24482,26,11
timeStep,numberOfRobotsOnBlackSite,numberOfRobotsOnWhiteSite
24483,26,11
timeStep,numberOfRobotsOnBlackSite,numberOfRobotsOnWhiteSite
24484,26,11
timeStep,numberOfRobotsOnBlackSite,numberOfRobotsOnWhiteSite
24485,26,11
timeStep,numberOfRobotsOnBlackSite,numberOfRobotsOnWhiteSite
24486,26,11
timeStep,numberOfRobotsOnBlackSite,numberOfRobotsOnWhiteSite
24487,26,11
timeStep,numberOfRobotsOnBlackSite,numberOfRobotsOnWhiteSite
24488,26,11
timeStep,numberOfRobotsOnBlackSite,numberOfRobotsOnWhiteSite
24489,26,11
timeStep,numberOfRobotsOnBlackSite,numberOfRobotsOnWhiteSite
24490,26,11
timeStep,numberOfRobotsOnBlackSite,numberOfRobotsOnWhiteSite
24491,26,11
timeStep,numberOfRobotsOnBlackSite,numberOfRobotsOnWhiteSite
24492,26,11
timeStep,numberOfRobotsOnBlackSite,numberOfRobotsOnWhiteSite
24493,26,11
timeStep,numberOfRobotsOnBlackSite,numberOfRobotsOnWhiteSite
24494,26,11
timeStep,numberOfRobotsOnBlackSite,numberOfRobotsOnWhiteSite
24495,26,11
timeStep,numberOfRobotsOnBlackSite,numberOfRobotsOnWhiteSite
24496,26,11
timeStep,numberOfRobotsOnBlackSite,numberOfRobotsOnWhiteSite
24497,26,11
timeStep,numberOfRobotsOnBlackSite,numberOfRobotsOnWhiteSite
24498,26,11
timeStep,numberOfRobotsOnBlackSite,numberOfRobotsOnWhiteSite
24499,26,11
timeStep,numberOfRobotsOnBlackSite,numberOfRobotsOnWhiteSite
24500,27,11
timeStep,numberOfRobotsOnBlackSite,numberOfRobotsOnWhiteSite
24501,27,11
timeStep,numberOfRobotsOnBlackSite,numberOfRobotsOnWhiteSite
24502,27,11
timeStep,numberOfRobotsOnBlackSite,numberOfRobotsOnWhiteSite
24503,27,11
timeStep,numberOfRobotsOnBlackSite,numberOfRobotsOnWhiteSite
24504,27,11
timeStep,numberOfRobotsOnBlackSite,numberOfRobotsOnWhiteSite
24505,27,11
timeStep,numberOfRobotsOnBlackSite,numberOfRobotsOnWhiteSite
24506,27,11
timeStep,numberOfRobotsOnBlackSite,numberOfRobotsOnWhiteSite
24507,27,11
timeStep,numberOfRobotsOnBlackSite,numberOfRobotsOnWhiteSite
24508,27,11
timeStep,numberOfRobotsOnBlackSite,numberOfRobotsOnWhiteSite
24509,27,11
timeStep,numberOfRobotsOnBlackSite,numberOfRobotsOnWhiteSite
24510,27,11
timeStep,numberOfRobotsOnBlackSite,numberOfRobotsOnWhiteSite
24511,27,11
timeStep,numberOfRobotsOnBlackSite,numberOfRobotsOnWhiteSite
24512,27,11
timeStep,numberOfRobotsOnBlackSite,numberOfRobotsOnWhiteSite
24513,27,11
timeStep,numberOfRobotsOnBlackSite,numberOfRobotsOnWhiteSite
24514,27,11
timeStep,numberOfRobotsOnBlackSite,numberOfRobotsOnWhiteSite
24515,26,11
timeStep,numberOfRobotsOnBlackSite,numberOfRobotsOnWhiteSite
24516,26,11
timeStep,numberOfRobotsOnBlackSite,numberOfRobotsOnWhiteSite
24517,26,11
timeStep,numberOfRobotsOnBlackSite,numberOfRobotsOnWhiteSite
24518,26,11
timeStep,numberOfRobotsOnBlackSite,numberOfRobotsOnWhiteSite
24519,26,11
timeStep,numberOfRobotsOnBlackSite,numberOfRobotsOnWhiteSite
24520,26,11
timeStep,numberOfRobotsOnBlackSite,numberOfRobotsOnWhiteSite
24521,26,11
timeStep,numberOfRobotsOnBlackSite,numberOfRobotsOnWhiteSite
24522,26,11
timeStep,numberOfRobotsOnBlackSite,numberOfRobotsOnWhiteSite
24523,26,11
timeStep,numberOfRobotsOnBlackSite,numberOfRobotsOnWhiteSite
24524,26,11
timeStep,numberOfRobotsOnBlackSite,numberOfRobotsOnWhiteSite
24525,26,11
timeStep,numberOfRobotsOnBlackSite,numberOfRobotsOnWhiteSite
24526,26,11
timeStep,numberOfRobotsOnBlackSite,numberOfRobotsOnWhiteSite
24527,26,11
timeStep,numberOfRobotsOnBlackSite,numberOfRobotsOnWhiteSite
24528,26,11
timeStep,numberOfRobotsOnBlackSite,numberOfRobotsOnWhiteSite
24529,26,11
timeStep,numberOfRobotsOnBlackSite,numberOfRobotsOnWhiteSite
24530,26,11
timeStep,numberOfRobotsOnBlackSite,numberOfRobotsOnWhiteSite
24531,26,11
timeStep,numberOfRobotsOnBlackSite,numberOfRobotsOnWhiteSite
24532,26,11
timeStep,numberOfRobotsOnBlackSite,numberOfRobotsOnWhiteSite
24533,26,11
timeStep,numberOfRobotsOnBlackSite,numberOfRobotsOnWhiteSite
24534,26,11
timeStep,numberOfRobotsOnBlackSite,numberOfRobotsOnWhiteSite
24535,27,11
timeStep,numberOfRobotsOnBlackSite,numberOfRobotsOnWhiteSite
24536,27,11
timeStep,numberOfRobotsOnBlackSite,numberOfRobotsOnWhiteSite
24537,27,11
timeStep,numberOfRobotsOnBlackSite,numberOfRobotsOnWhiteSite
24538,27,11
timeStep,numberOfRobotsOnBlackSite,numberOfRobotsOnWhiteSite
24539,27,11
timeStep,numberOfRobotsOnBlackSite,numberOfRobotsOnWhiteSite
24540,27,11
timeStep,numberOfRobotsOnBlackSite,numberOfRobotsOnWhiteSite
24541,27,11
timeStep,numberOfRobotsOnBlackSite,numberOfRobotsOnWhiteSite
24542,27,11
timeStep,numberOfRobotsOnBlackSite,numberOfRobotsOnWhiteSite
24543,27,11
timeStep,numberOfRobotsOnBlackSite,numberOfRobotsOnWhiteSite
24544,27,11
timeStep,numberOfRobotsOnBlackSite,numberOfRobotsOnWhiteSite
24545,27,11
timeStep,numberOfRobotsOnBlackSite,numberOfRobotsOnWhiteSite
24546,27,11
timeStep,numberOfRobotsOnBlackSite,numberOfRobotsOnWhiteSite
24547,27,11
timeStep,numberOfRobotsOnBlackSite,numberOfRobotsOnWhiteSite
24548,27,11
timeStep,numberOfRobotsOnBlackSite,numberOfRobotsOnWhiteSite
24549,27,11
timeStep,numberOfRobotsOnBlackSite,numberOfRobotsOnWhiteSite
24550,27,11
timeStep,numberOfRobotsOnBlackSite,numberOfRobotsOnWhiteSite
24551,27,11
timeStep,numberOfRobotsOnBlackSite,numberOfRobotsOnWhiteSite
24552,27,11
timeStep,numberOfRobotsOnBlackSite,numberOfRobotsOnWhiteSite
24553,27,11
timeStep,numberOfRobotsOnBlackSite,numberOfRobotsOnWhiteSite
24554,27,11
timeStep,numberOfRobotsOnBlackSite,numberOfRobotsOnWhiteSite
24555,27,11
timeStep,numberOfRobotsOnBlackSite,numberOfRobotsOnWhiteSite
24556,27,11
timeStep,numberOfRobotsOnBlackSite,numberOfRobotsOnWhiteSite
24557,27,11
timeStep,numberOfRobotsOnBlackSite,numberOfRobotsOnWhiteSite
24558,27,11
timeStep,numberOfRobotsOnBlackSite,numberOfRobotsOnWhiteSite
24559,27,11
timeStep,numberOfRobotsOnBlackSite,numberOfRobotsOnWhiteSite
24560,27,11
timeStep,numberOfRobotsOnBlackSite,numberOfRobotsOnWhiteSite
24561,27,11
timeStep,numberOfRobotsOnBlackSite,numberOfRobotsOnWhiteSite
24562,27,11
timeStep,numberOfRobotsOnBlackSite,numberOfRobotsOnWhiteSite
24563,27,11
timeStep,numberOfRobotsOnBlackSite,numberOfRobotsOnWhiteSite
24564,27,11
timeStep,numberOfRobotsOnBlackSite,numberOfRobotsOnWhiteSite
24565,27,11
timeStep,numberOfRobotsOnBlackSite,numberOfRobotsOnWhiteSite
24566,27,11
timeStep,numberOfRobotsOnBlackSite,numberOfRobotsOnWhiteSite
24567,27,11
timeStep,numberOfRobotsOnBlackSite,numberOfRobotsOnWhiteSite
24568,27,11
timeStep,numberOfRobotsOnBlackSite,numberOfRobotsOnWhiteSite
24569,27,11
timeStep,numberOfRobotsOnBlackSite,numberOfRobotsOnWhiteSite
24570,27,11
timeStep,numberOfRobotsOnBlackSite,numberOfRobotsOnWhiteSite
24571,27,11
timeStep,numberOfRobotsOnBlackSite,numberOfRobotsOnWhiteSite
24572,27,11
timeStep,numberOfRobotsOnBlackSite,numberOfRobotsOnWhiteSite
24573,27,11
timeStep,numberOfRobotsOnBlackSite,numberOfRobotsOnWhiteSite
24574,27,11
timeStep,numberOfRobotsOnBlackSite,numberOfRobotsOnWhiteSite
24575,27,11
timeStep,numberOfRobotsOnBlackSite,numberOfRobotsOnWhiteSite
24576,27,11
timeStep,numberOfRobotsOnBlackSite,numberOfRobotsOnWhiteSite
24577,27,11
timeStep,numberOfRobotsOnBlackSite,numberOfRobotsOnWhiteSite
24578,27,11
timeStep,numberOfRobotsOnBlackSite,numberOfRobotsOnWhiteSite
24579,27,11
timeStep,numberOfRobotsOnBlackSite,numberOfRobotsOnWhiteSite
24580,27,11
timeStep,numberOfRobotsOnBlackSite,numberOfRobotsOnWhiteSite
24581,27,11
timeStep,numberOfRobotsOnBlackSite,numberOfRobotsOnWhiteSite
24582,27,11
timeStep,numberOfRobotsOnBlackSite,numberOfRobotsOnWhiteSite
24583,27,11
timeStep,numberOfRobotsOnBlackSite,numberOfRobotsOnWhiteSite
24584,27,11
timeStep,numberOfRobotsOnBlackSite,numberOfRobotsOnWhiteSite
24585,27,11
timeStep,numberOfRobotsOnBlackSite,numberOfRobotsOnWhiteSite
24586,27,11
timeStep,numberOfRobotsOnBlackSite,numberOfRobotsOnWhiteSite
24587,27,11
timeStep,numberOfRobotsOnBlackSite,numberOfRobotsOnWhiteSite
24588,27,11
timeStep,numberOfRobotsOnBlackSite,numberOfRobotsOnWhiteSite
24589,27,11
timeStep,numberOfRobotsOnBlackSite,numberOfRobotsOnWhiteSite
24590,27,11
timeStep,numberOfRobotsOnBlackSite,numberOfRobotsOnWhiteSite
24591,27,11
timeStep,numberOfRobotsOnBlackSite,numberOfRobotsOnWhiteSite
24592,27,11
timeStep,numberOfRobotsOnBlackSite,numberOfRobotsOnWhiteSite
24593,27,11
timeStep,numberOfRobotsOnBlackSite,numberOfRobotsOnWhiteSite
24594,27,11
timeStep,numberOfRobotsOnBlackSite,numberOfRobotsOnWhiteSite
24595,27,11
timeStep,numberOfRobotsOnBlackSite,numberOfRobotsOnWhiteSite
24596,27,11
timeStep,numberOfRobotsOnBlackSite,numberOfRobotsOnWhiteSite
24597,27,11
timeStep,numberOfRobotsOnBlackSite,numberOfRobotsOnWhiteSite
24598,27,11
timeStep,numberOfRobotsOnBlackSite,numberOfRobotsOnWhiteSite
24599,27,11
timeStep,numberOfRobotsOnBlackSite,numberOfRobotsOnWhiteSite
24600,27,12
timeStep,numberOfRobotsOnBlackSite,numberOfRobotsOnWhiteSite
24601,27,12
timeStep,numberOfRobotsOnBlackSite,numberOfRobotsOnWhiteSite
24602,27,12
timeStep,numberOfRobotsOnBlackSite,numberOfRobotsOnWhiteSite
24603,27,12
timeStep,numberOfRobotsOnBlackSite,numberOfRobotsOnWhiteSite
24604,27,12
timeStep,numberOfRobotsOnBlackSite,numberOfRobotsOnWhiteSite
24605,27,12
timeStep,numberOfRobotsOnBlackSite,numberOfRobotsOnWhiteSite
24606,27,12
timeStep,numberOfRobotsOnBlackSite,numberOfRobotsOnWhiteSite
24607,27,12
timeStep,numberOfRobotsOnBlackSite,numberOfRobotsOnWhiteSite
24608,27,12
timeStep,numberOfRobotsOnBlackSite,numberOfRobotsOnWhiteSite
24609,27,12
timeStep,numberOfRobotsOnBlackSite,numberOfRobotsOnWhiteSite
24610,27,12
timeStep,numberOfRobotsOnBlackSite,numberOfRobotsOnWhiteSite
24611,27,12
timeStep,numberOfRobotsOnBlackSite,numberOfRobotsOnWhiteSite
24612,27,12
timeStep,numberOfRobotsOnBlackSite,numberOfRobotsOnWhiteSite
24613,27,12
timeStep,numberOfRobotsOnBlackSite,numberOfRobotsOnWhiteSite
24614,27,12
timeStep,numberOfRobotsOnBlackSite,numberOfRobotsOnWhiteSite
24615,27,12
timeStep,numberOfRobotsOnBlackSite,numberOfRobotsOnWhiteSite
24616,27,12
timeStep,numberOfRobotsOnBlackSite,numberOfRobotsOnWhiteSite
24617,27,12
timeStep,numberOfRobotsOnBlackSite,numberOfRobotsOnWhiteSite
24618,27,12
timeStep,numberOfRobotsOnBlackSite,numberOfRobotsOnWhiteSite
24619,27,12
timeStep,numberOfRobotsOnBlackSite,numberOfRobotsOnWhiteSite
24620,27,12
timeStep,numberOfRobotsOnBlackSite,numberOfRobotsOnWhiteSite
24621,27,12
timeStep,numberOfRobotsOnBlackSite,numberOfRobotsOnWhiteSite
24622,27,12
timeStep,numberOfRobotsOnBlackSite,numberOfRobotsOnWhiteSite
24623,27,12
timeStep,numberOfRobotsOnBlackSite,numberOfRobotsOnWhiteSite
24624,27,12
timeStep,numberOfRobotsOnBlackSite,numberOfRobotsOnWhiteSite
24625,27,12
timeStep,numberOfRobotsOnBlackSite,numberOfRobotsOnWhiteSite
24626,27,12
timeStep,numberOfRobotsOnBlackSite,numberOfRobotsOnWhiteSite
24627,27,12
timeStep,numberOfRobotsOnBlackSite,numberOfRobotsOnWhiteSite
24628,27,12
timeStep,numberOfRobotsOnBlackSite,numberOfRobotsOnWhiteSite
24629,27,12
timeStep,numberOfRobotsOnBlackSite,numberOfRobotsOnWhiteSite
24630,27,12
timeStep,numberOfRobotsOnBlackSite,numberOfRobotsOnWhiteSite
24631,27,12
timeStep,numberOfRobotsOnBlackSite,numberOfRobotsOnWhiteSite
24632,27,12
timeStep,numberOfRobotsOnBlackSite,numberOfRobotsOnWhiteSite
24633,27,12
timeStep,numberOfRobotsOnBlackSite,numberOfRobotsOnWhiteSite
24634,27,12
timeStep,numberOfRobotsOnBlackSite,numberOfRobotsOnWhiteSite
24635,27,12
timeStep,numberOfRobotsOnBlackSite,numberOfRobotsOnWhiteSite
24636,27,12
timeStep,numberOfRobotsOnBlackSite,numberOfRobotsOnWhiteSite
24637,27,12
timeStep,numberOfRobotsOnBlackSite,numberOfRobotsOnWhiteSite
24638,27,12
timeStep,numberOfRobotsOnBlackSite,numberOfRobotsOnWhiteSite
24639,27,12
timeStep,numberOfRobotsOnBlackSite,numberOfRobotsOnWhiteSite
24640,27,12
timeStep,numberOfRobotsOnBlackSite,numberOfRobotsOnWhiteSite
24641,27,12
timeStep,numberOfRobotsOnBlackSite,numberOfRobotsOnWhiteSite
24642,27,12
timeStep,numberOfRobotsOnBlackSite,numberOfRobotsOnWhiteSite
24643,27,12
timeStep,numberOfRobotsOnBlackSite,numberOfRobotsOnWhiteSite
24644,27,12
timeStep,numberOfRobotsOnBlackSite,numberOfRobotsOnWhiteSite
24645,27,12
timeStep,numberOfRobotsOnBlackSite,numberOfRobotsOnWhiteSite
24646,27,12
timeStep,numberOfRobotsOnBlackSite,numberOfRobotsOnWhiteSite
24647,27,12
timeStep,numberOfRobotsOnBlackSite,numberOfRobotsOnWhiteSite
24648,27,12
timeStep,numberOfRobotsOnBlackSite,numberOfRobotsOnWhiteSite
24649,27,12
timeStep,numberOfRobotsOnBlackSite,numberOfRobotsOnWhiteSite
24650,27,12
timeStep,numberOfRobotsOnBlackSite,numberOfRobotsOnWhiteSite
24651,27,12
timeStep,numberOfRobotsOnBlackSite,numberOfRobotsOnWhiteSite
24652,27,12
timeStep,numberOfRobotsOnBlackSite,numberOfRobotsOnWhiteSite
24653,27,12
timeStep,numberOfRobotsOnBlackSite,numberOfRobotsOnWhiteSite
24654,27,12
timeStep,numberOfRobotsOnBlackSite,numberOfRobotsOnWhiteSite
24655,27,12
timeStep,numberOfRobotsOnBlackSite,numberOfRobotsOnWhiteSite
24656,27,12
timeStep,numberOfRobotsOnBlackSite,numberOfRobotsOnWhiteSite
24657,27,12
timeStep,numberOfRobotsOnBlackSite,numberOfRobotsOnWhiteSite
24658,27,12
timeStep,numberOfRobotsOnBlackSite,numberOfRobotsOnWhiteSite
24659,27,12
timeStep,numberOfRobotsOnBlackSite,numberOfRobotsOnWhiteSite
24660,27,12
timeStep,numberOfRobotsOnBlackSite,numberOfRobotsOnWhiteSite
24661,27,12
timeStep,numberOfRobotsOnBlackSite,numberOfRobotsOnWhiteSite
24662,27,12
timeStep,numberOfRobotsOnBlackSite,numberOfRobotsOnWhiteSite
24663,27,12
timeStep,numberOfRobotsOnBlackSite,numberOfRobotsOnWhiteSite
24664,27,12
timeStep,numberOfRobotsOnBlackSite,numberOfRobotsOnWhiteSite
24665,27,12
timeStep,numberOfRobotsOnBlackSite,numberOfRobotsOnWhiteSite
24666,27,12
timeStep,numberOfRobotsOnBlackSite,numberOfRobotsOnWhiteSite
24667,27,12
timeStep,numberOfRobotsOnBlackSite,numberOfRobotsOnWhiteSite
24668,27,12
timeStep,numberOfRobotsOnBlackSite,numberOfRobotsOnWhiteSite
24669,27,12
timeStep,numberOfRobotsOnBlackSite,numberOfRobotsOnWhiteSite
24670,27,12
timeStep,numberOfRobotsOnBlackSite,numberOfRobotsOnWhiteSite
24671,27,12
timeStep,numberOfRobotsOnBlackSite,numberOfRobotsOnWhiteSite
24672,27,12
timeStep,numberOfRobotsOnBlackSite,numberOfRobotsOnWhiteSite
24673,27,12
timeStep,numberOfRobotsOnBlackSite,numberOfRobotsOnWhiteSite
24674,27,12
timeStep,numberOfRobotsOnBlackSite,numberOfRobotsOnWhiteSite
24675,27,12
timeStep,numberOfRobotsOnBlackSite,numberOfRobotsOnWhiteSite
24676,27,12
timeStep,numberOfRobotsOnBlackSite,numberOfRobotsOnWhiteSite
24677,27,12
timeStep,numberOfRobotsOnBlackSite,numberOfRobotsOnWhiteSite
24678,27,12
timeStep,numberOfRobotsOnBlackSite,numberOfRobotsOnWhiteSite
24679,27,12
timeStep,numberOfRobotsOnBlackSite,numberOfRobotsOnWhiteSite
24680,27,11
timeStep,numberOfRobotsOnBlackSite,numberOfRobotsOnWhiteSite
24681,27,11
timeStep,numberOfRobotsOnBlackSite,numberOfRobotsOnWhiteSite
24682,27,11
timeStep,numberOfRobotsOnBlackSite,numberOfRobotsOnWhiteSite
24683,27,11
timeStep,numberOfRobotsOnBlackSite,numberOfRobotsOnWhiteSite
24684,27,11
timeStep,numberOfRobotsOnBlackSite,numberOfRobotsOnWhiteSite
24685,27,11
timeStep,numberOfRobotsOnBlackSite,numberOfRobotsOnWhiteSite
24686,27,11
timeStep,numberOfRobotsOnBlackSite,numberOfRobotsOnWhiteSite
24687,27,11
timeStep,numberOfRobotsOnBlackSite,numberOfRobotsOnWhiteSite
24688,27,11
timeStep,numberOfRobotsOnBlackSite,numberOfRobotsOnWhiteSite
24689,27,11
timeStep,numberOfRobotsOnBlackSite,numberOfRobotsOnWhiteSite
24690,27,12
timeStep,numberOfRobotsOnBlackSite,numberOfRobotsOnWhiteSite
24691,27,12
timeStep,numberOfRobotsOnBlackSite,numberOfRobotsOnWhiteSite
24692,27,12
timeStep,numberOfRobotsOnBlackSite,numberOfRobotsOnWhiteSite
24693,27,12
timeStep,numberOfRobotsOnBlackSite,numberOfRobotsOnWhiteSite
24694,27,12
timeStep,numberOfRobotsOnBlackSite,numberOfRobotsOnWhiteSite
24695,27,12
timeStep,numberOfRobotsOnBlackSite,numberOfRobotsOnWhiteSite
24696,27,12
timeStep,numberOfRobotsOnBlackSite,numberOfRobotsOnWhiteSite
24697,27,12
timeStep,numberOfRobotsOnBlackSite,numberOfRobotsOnWhiteSite
24698,27,12
timeStep,numberOfRobotsOnBlackSite,numberOfRobotsOnWhiteSite
24699,27,12
timeStep,numberOfRobotsOnBlackSite,numberOfRobotsOnWhiteSite
24700,27,12
timeStep,numberOfRobotsOnBlackSite,numberOfRobotsOnWhiteSite
24701,27,12
timeStep,numberOfRobotsOnBlackSite,numberOfRobotsOnWhiteSite
24702,27,12
timeStep,numberOfRobotsOnBlackSite,numberOfRobotsOnWhiteSite
24703,27,12
timeStep,numberOfRobotsOnBlackSite,numberOfRobotsOnWhiteSite
24704,27,12
timeStep,numberOfRobotsOnBlackSite,numberOfRobotsOnWhiteSite
24705,27,12
timeStep,numberOfRobotsOnBlackSite,numberOfRobotsOnWhiteSite
24706,27,12
timeStep,numberOfRobotsOnBlackSite,numberOfRobotsOnWhiteSite
24707,27,12
timeStep,numberOfRobotsOnBlackSite,numberOfRobotsOnWhiteSite
24708,27,12
timeStep,numberOfRobotsOnBlackSite,numberOfRobotsOnWhiteSite
24709,27,12
timeStep,numberOfRobotsOnBlackSite,numberOfRobotsOnWhiteSite
24710,27,12
timeStep,numberOfRobotsOnBlackSite,numberOfRobotsOnWhiteSite
24711,27,12
timeStep,numberOfRobotsOnBlackSite,numberOfRobotsOnWhiteSite
24712,27,12
timeStep,numberOfRobotsOnBlackSite,numberOfRobotsOnWhiteSite
24713,27,12
timeStep,numberOfRobotsOnBlackSite,numberOfRobotsOnWhiteSite
24714,27,12
timeStep,numberOfRobotsOnBlackSite,numberOfRobotsOnWhiteSite
24715,27,12
timeStep,numberOfRobotsOnBlackSite,numberOfRobotsOnWhiteSite
24716,27,12
timeStep,numberOfRobotsOnBlackSite,numberOfRobotsOnWhiteSite
24717,27,12
timeStep,numberOfRobotsOnBlackSite,numberOfRobotsOnWhiteSite
24718,27,12
timeStep,numberOfRobotsOnBlackSite,numberOfRobotsOnWhiteSite
24719,27,12
timeStep,numberOfRobotsOnBlackSite,numberOfRobotsOnWhiteSite
24720,27,12
timeStep,numberOfRobotsOnBlackSite,numberOfRobotsOnWhiteSite
24721,27,12
timeStep,numberOfRobotsOnBlackSite,numberOfRobotsOnWhiteSite
24722,27,12
timeStep,numberOfRobotsOnBlackSite,numberOfRobotsOnWhiteSite
24723,27,12
timeStep,numberOfRobotsOnBlackSite,numberOfRobotsOnWhiteSite
24724,27,12
timeStep,numberOfRobotsOnBlackSite,numberOfRobotsOnWhiteSite
24725,27,12
timeStep,numberOfRobotsOnBlackSite,numberOfRobotsOnWhiteSite
24726,27,12
timeStep,numberOfRobotsOnBlackSite,numberOfRobotsOnWhiteSite
24727,27,12
timeStep,numberOfRobotsOnBlackSite,numberOfRobotsOnWhiteSite
24728,27,12
timeStep,numberOfRobotsOnBlackSite,numberOfRobotsOnWhiteSite
24729,27,12
timeStep,numberOfRobotsOnBlackSite,numberOfRobotsOnWhiteSite
24730,27,12
timeStep,numberOfRobotsOnBlackSite,numberOfRobotsOnWhiteSite
24731,27,12
timeStep,numberOfRobotsOnBlackSite,numberOfRobotsOnWhiteSite
24732,27,12
timeStep,numberOfRobotsOnBlackSite,numberOfRobotsOnWhiteSite
24733,27,12
timeStep,numberOfRobotsOnBlackSite,numberOfRobotsOnWhiteSite
24734,27,12
timeStep,numberOfRobotsOnBlackSite,numberOfRobotsOnWhiteSite
24735,27,12
timeStep,numberOfRobotsOnBlackSite,numberOfRobotsOnWhiteSite
24736,27,12
timeStep,numberOfRobotsOnBlackSite,numberOfRobotsOnWhiteSite
24737,27,12
timeStep,numberOfRobotsOnBlackSite,numberOfRobotsOnWhiteSite
24738,27,12
timeStep,numberOfRobotsOnBlackSite,numberOfRobotsOnWhiteSite
24739,27,12
timeStep,numberOfRobotsOnBlackSite,numberOfRobotsOnWhiteSite
24740,27,12
timeStep,numberOfRobotsOnBlackSite,numberOfRobotsOnWhiteSite
24741,27,12
timeStep,numberOfRobotsOnBlackSite,numberOfRobotsOnWhiteSite
24742,27,12
timeStep,numberOfRobotsOnBlackSite,numberOfRobotsOnWhiteSite
24743,27,12
timeStep,numberOfRobotsOnBlackSite,numberOfRobotsOnWhiteSite
24744,27,12
timeStep,numberOfRobotsOnBlackSite,numberOfRobotsOnWhiteSite
24745,27,11
timeStep,numberOfRobotsOnBlackSite,numberOfRobotsOnWhiteSite
24746,27,11
timeStep,numberOfRobotsOnBlackSite,numberOfRobotsOnWhiteSite
24747,27,11
timeStep,numberOfRobotsOnBlackSite,numberOfRobotsOnWhiteSite
24748,27,11
timeStep,numberOfRobotsOnBlackSite,numberOfRobotsOnWhiteSite
24749,27,11
timeStep,numberOfRobotsOnBlackSite,numberOfRobotsOnWhiteSite
24750,27,11
timeStep,numberOfRobotsOnBlackSite,numberOfRobotsOnWhiteSite
24751,27,11
timeStep,numberOfRobotsOnBlackSite,numberOfRobotsOnWhiteSite
24752,27,11
timeStep,numberOfRobotsOnBlackSite,numberOfRobotsOnWhiteSite
24753,27,11
timeStep,numberOfRobotsOnBlackSite,numberOfRobotsOnWhiteSite
24754,27,11
timeStep,numberOfRobotsOnBlackSite,numberOfRobotsOnWhiteSite
24755,27,11
timeStep,numberOfRobotsOnBlackSite,numberOfRobotsOnWhiteSite
24756,27,11
timeStep,numberOfRobotsOnBlackSite,numberOfRobotsOnWhiteSite
24757,27,11
timeStep,numberOfRobotsOnBlackSite,numberOfRobotsOnWhiteSite
24758,27,11
timeStep,numberOfRobotsOnBlackSite,numberOfRobotsOnWhiteSite
24759,27,11
timeStep,numberOfRobotsOnBlackSite,numberOfRobotsOnWhiteSite
24760,27,12
timeStep,numberOfRobotsOnBlackSite,numberOfRobotsOnWhiteSite
24761,27,12
timeStep,numberOfRobotsOnBlackSite,numberOfRobotsOnWhiteSite
24762,27,12
timeStep,numberOfRobotsOnBlackSite,numberOfRobotsOnWhiteSite
24763,27,12
timeStep,numberOfRobotsOnBlackSite,numberOfRobotsOnWhiteSite
24764,27,12
timeStep,numberOfRobotsOnBlackSite,numberOfRobotsOnWhiteSite
24765,27,12
timeStep,numberOfRobotsOnBlackSite,numberOfRobotsOnWhiteSite
24766,27,12
timeStep,numberOfRobotsOnBlackSite,numberOfRobotsOnWhiteSite
24767,27,12
timeStep,numberOfRobotsOnBlackSite,numberOfRobotsOnWhiteSite
24768,27,12
timeStep,numberOfRobotsOnBlackSite,numberOfRobotsOnWhiteSite
24769,27,12
timeStep,numberOfRobotsOnBlackSite,numberOfRobotsOnWhiteSite
24770,27,12
timeStep,numberOfRobotsOnBlackSite,numberOfRobotsOnWhiteSite
24771,27,12
timeStep,numberOfRobotsOnBlackSite,numberOfRobotsOnWhiteSite
24772,27,12
timeStep,numberOfRobotsOnBlackSite,numberOfRobotsOnWhiteSite
24773,27,12
timeStep,numberOfRobotsOnBlackSite,numberOfRobotsOnWhiteSite
24774,27,12
timeStep,numberOfRobotsOnBlackSite,numberOfRobotsOnWhiteSite
24775,27,12
timeStep,numberOfRobotsOnBlackSite,numberOfRobotsOnWhiteSite
24776,27,12
timeStep,numberOfRobotsOnBlackSite,numberOfRobotsOnWhiteSite
24777,27,12
timeStep,numberOfRobotsOnBlackSite,numberOfRobotsOnWhiteSite
24778,27,12
timeStep,numberOfRobotsOnBlackSite,numberOfRobotsOnWhiteSite
24779,27,12
timeStep,numberOfRobotsOnBlackSite,numberOfRobotsOnWhiteSite
24780,27,12
timeStep,numberOfRobotsOnBlackSite,numberOfRobotsOnWhiteSite
24781,27,12
timeStep,numberOfRobotsOnBlackSite,numberOfRobotsOnWhiteSite
24782,27,12
timeStep,numberOfRobotsOnBlackSite,numberOfRobotsOnWhiteSite
24783,27,12
timeStep,numberOfRobotsOnBlackSite,numberOfRobotsOnWhiteSite
24784,27,12
timeStep,numberOfRobotsOnBlackSite,numberOfRobotsOnWhiteSite
24785,27,12
timeStep,numberOfRobotsOnBlackSite,numberOfRobotsOnWhiteSite
24786,27,12
timeStep,numberOfRobotsOnBlackSite,numberOfRobotsOnWhiteSite
24787,27,12
timeStep,numberOfRobotsOnBlackSite,numberOfRobotsOnWhiteSite
24788,27,12
timeStep,numberOfRobotsOnBlackSite,numberOfRobotsOnWhiteSite
24789,27,12
timeStep,numberOfRobotsOnBlackSite,numberOfRobotsOnWhiteSite
24790,27,12
timeStep,numberOfRobotsOnBlackSite,numberOfRobotsOnWhiteSite
24791,27,12
timeStep,numberOfRobotsOnBlackSite,numberOfRobotsOnWhiteSite
24792,27,12
timeStep,numberOfRobotsOnBlackSite,numberOfRobotsOnWhiteSite
24793,27,12
timeStep,numberOfRobotsOnBlackSite,numberOfRobotsOnWhiteSite
24794,27,12
timeStep,numberOfRobotsOnBlackSite,numberOfRobotsOnWhiteSite
24795,27,12
timeStep,numberOfRobotsOnBlackSite,numberOfRobotsOnWhiteSite
24796,27,12
timeStep,numberOfRobotsOnBlackSite,numberOfRobotsOnWhiteSite
24797,27,12
timeStep,numberOfRobotsOnBlackSite,numberOfRobotsOnWhiteSite
24798,27,12
timeStep,numberOfRobotsOnBlackSite,numberOfRobotsOnWhiteSite
24799,27,12
timeStep,numberOfRobotsOnBlackSite,numberOfRobotsOnWhiteSite
24800,27,12
timeStep,numberOfRobotsOnBlackSite,numberOfRobotsOnWhiteSite
24801,27,12
timeStep,numberOfRobotsOnBlackSite,numberOfRobotsOnWhiteSite
24802,27,12
timeStep,numberOfRobotsOnBlackSite,numberOfRobotsOnWhiteSite
24803,27,12
timeStep,numberOfRobotsOnBlackSite,numberOfRobotsOnWhiteSite
24804,27,12
timeStep,numberOfRobotsOnBlackSite,numberOfRobotsOnWhiteSite
24805,27,12
timeStep,numberOfRobotsOnBlackSite,numberOfRobotsOnWhiteSite
24806,27,12
timeStep,numberOfRobotsOnBlackSite,numberOfRobotsOnWhiteSite
24807,27,12
timeStep,numberOfRobotsOnBlackSite,numberOfRobotsOnWhiteSite
24808,27,12
timeStep,numberOfRobotsOnBlackSite,numberOfRobotsOnWhiteSite
24809,27,12
timeStep,numberOfRobotsOnBlackSite,numberOfRobotsOnWhiteSite
24810,27,12
timeStep,numberOfRobotsOnBlackSite,numberOfRobotsOnWhiteSite
24811,27,12
timeStep,numberOfRobotsOnBlackSite,numberOfRobotsOnWhiteSite
24812,27,12
timeStep,numberOfRobotsOnBlackSite,numberOfRobotsOnWhiteSite
24813,27,12
timeStep,numberOfRobotsOnBlackSite,numberOfRobotsOnWhiteSite
24814,27,12
timeStep,numberOfRobotsOnBlackSite,numberOfRobotsOnWhiteSite
24815,27,12
timeStep,numberOfRobotsOnBlackSite,numberOfRobotsOnWhiteSite
24816,27,12
timeStep,numberOfRobotsOnBlackSite,numberOfRobotsOnWhiteSite
24817,27,12
timeStep,numberOfRobotsOnBlackSite,numberOfRobotsOnWhiteSite
24818,27,12
timeStep,numberOfRobotsOnBlackSite,numberOfRobotsOnWhiteSite
24819,27,12
timeStep,numberOfRobotsOnBlackSite,numberOfRobotsOnWhiteSite
24820,27,12
timeStep,numberOfRobotsOnBlackSite,numberOfRobotsOnWhiteSite
24821,27,12
timeStep,numberOfRobotsOnBlackSite,numberOfRobotsOnWhiteSite
24822,27,12
timeStep,numberOfRobotsOnBlackSite,numberOfRobotsOnWhiteSite
24823,27,12
timeStep,numberOfRobotsOnBlackSite,numberOfRobotsOnWhiteSite
24824,27,12
timeStep,numberOfRobotsOnBlackSite,numberOfRobotsOnWhiteSite
24825,27,12
timeStep,numberOfRobotsOnBlackSite,numberOfRobotsOnWhiteSite
24826,27,12
timeStep,numberOfRobotsOnBlackSite,numberOfRobotsOnWhiteSite
24827,27,12
timeStep,numberOfRobotsOnBlackSite,numberOfRobotsOnWhiteSite
24828,27,12
timeStep,numberOfRobotsOnBlackSite,numberOfRobotsOnWhiteSite
24829,27,12
timeStep,numberOfRobotsOnBlackSite,numberOfRobotsOnWhiteSite
24830,27,12
timeStep,numberOfRobotsOnBlackSite,numberOfRobotsOnWhiteSite
24831,27,12
timeStep,numberOfRobotsOnBlackSite,numberOfRobotsOnWhiteSite
24832,27,12
timeStep,numberOfRobotsOnBlackSite,numberOfRobotsOnWhiteSite
24833,27,12
timeStep,numberOfRobotsOnBlackSite,numberOfRobotsOnWhiteSite
24834,27,12
timeStep,numberOfRobotsOnBlackSite,numberOfRobotsOnWhiteSite
24835,26,12
timeStep,numberOfRobotsOnBlackSite,numberOfRobotsOnWhiteSite
24836,26,12
timeStep,numberOfRobotsOnBlackSite,numberOfRobotsOnWhiteSite
24837,26,12
timeStep,numberOfRobotsOnBlackSite,numberOfRobotsOnWhiteSite
24838,26,12
timeStep,numberOfRobotsOnBlackSite,numberOfRobotsOnWhiteSite
24839,26,12
timeStep,numberOfRobotsOnBlackSite,numberOfRobotsOnWhiteSite
24840,26,12
timeStep,numberOfRobotsOnBlackSite,numberOfRobotsOnWhiteSite
24841,26,12
timeStep,numberOfRobotsOnBlackSite,numberOfRobotsOnWhiteSite
24842,26,12
timeStep,numberOfRobotsOnBlackSite,numberOfRobotsOnWhiteSite
24843,26,12
timeStep,numberOfRobotsOnBlackSite,numberOfRobotsOnWhiteSite
24844,26,12
timeStep,numberOfRobotsOnBlackSite,numberOfRobotsOnWhiteSite
24845,26,12
timeStep,numberOfRobotsOnBlackSite,numberOfRobotsOnWhiteSite
24846,26,12
timeStep,numberOfRobotsOnBlackSite,numberOfRobotsOnWhiteSite
24847,26,12
timeStep,numberOfRobotsOnBlackSite,numberOfRobotsOnWhiteSite
24848,26,12
timeStep,numberOfRobotsOnBlackSite,numberOfRobotsOnWhiteSite
24849,26,12
timeStep,numberOfRobotsOnBlackSite,numberOfRobotsOnWhiteSite
24850,26,12
timeStep,numberOfRobotsOnBlackSite,numberOfRobotsOnWhiteSite
24851,26,12
timeStep,numberOfRobotsOnBlackSite,numberOfRobotsOnWhiteSite
24852,26,12
timeStep,numberOfRobotsOnBlackSite,numberOfRobotsOnWhiteSite
24853,26,12
timeStep,numberOfRobotsOnBlackSite,numberOfRobotsOnWhiteSite
24854,26,12
timeStep,numberOfRobotsOnBlackSite,numberOfRobotsOnWhiteSite
24855,26,12
timeStep,numberOfRobotsOnBlackSite,numberOfRobotsOnWhiteSite
24856,26,12
timeStep,numberOfRobotsOnBlackSite,numberOfRobotsOnWhiteSite
24857,26,12
timeStep,numberOfRobotsOnBlackSite,numberOfRobotsOnWhiteSite
24858,26,12
timeStep,numberOfRobotsOnBlackSite,numberOfRobotsOnWhiteSite
24859,26,12
timeStep,numberOfRobotsOnBlackSite,numberOfRobotsOnWhiteSite
24860,26,12
timeStep,numberOfRobotsOnBlackSite,numberOfRobotsOnWhiteSite
24861,26,12
timeStep,numberOfRobotsOnBlackSite,numberOfRobotsOnWhiteSite
24862,26,12
timeStep,numberOfRobotsOnBlackSite,numberOfRobotsOnWhiteSite
24863,26,12
timeStep,numberOfRobotsOnBlackSite,numberOfRobotsOnWhiteSite
24864,26,12
timeStep,numberOfRobotsOnBlackSite,numberOfRobotsOnWhiteSite
24865,26,12
timeStep,numberOfRobotsOnBlackSite,numberOfRobotsOnWhiteSite
24866,26,12
timeStep,numberOfRobotsOnBlackSite,numberOfRobotsOnWhiteSite
24867,26,12
timeStep,numberOfRobotsOnBlackSite,numberOfRobotsOnWhiteSite
24868,26,12
timeStep,numberOfRobotsOnBlackSite,numberOfRobotsOnWhiteSite
24869,26,12
timeStep,numberOfRobotsOnBlackSite,numberOfRobotsOnWhiteSite
24870,26,11
timeStep,numberOfRobotsOnBlackSite,numberOfRobotsOnWhiteSite
24871,26,11
timeStep,numberOfRobotsOnBlackSite,numberOfRobotsOnWhiteSite
24872,26,11
timeStep,numberOfRobotsOnBlackSite,numberOfRobotsOnWhiteSite
24873,26,11
timeStep,numberOfRobotsOnBlackSite,numberOfRobotsOnWhiteSite
24874,26,11
timeStep,numberOfRobotsOnBlackSite,numberOfRobotsOnWhiteSite
24875,26,11
timeStep,numberOfRobotsOnBlackSite,numberOfRobotsOnWhiteSite
24876,26,11
timeStep,numberOfRobotsOnBlackSite,numberOfRobotsOnWhiteSite
24877,26,11
timeStep,numberOfRobotsOnBlackSite,numberOfRobotsOnWhiteSite
24878,26,11
timeStep,numberOfRobotsOnBlackSite,numberOfRobotsOnWhiteSite
24879,26,11
timeStep,numberOfRobotsOnBlackSite,numberOfRobotsOnWhiteSite
24880,26,11
timeStep,numberOfRobotsOnBlackSite,numberOfRobotsOnWhiteSite
24881,26,11
timeStep,numberOfRobotsOnBlackSite,numberOfRobotsOnWhiteSite
24882,26,11
timeStep,numberOfRobotsOnBlackSite,numberOfRobotsOnWhiteSite
24883,26,11
timeStep,numberOfRobotsOnBlackSite,numberOfRobotsOnWhiteSite
24884,26,11
timeStep,numberOfRobotsOnBlackSite,numberOfRobotsOnWhiteSite
24885,27,11
timeStep,numberOfRobotsOnBlackSite,numberOfRobotsOnWhiteSite
24886,27,11
timeStep,numberOfRobotsOnBlackSite,numberOfRobotsOnWhiteSite
24887,27,11
timeStep,numberOfRobotsOnBlackSite,numberOfRobotsOnWhiteSite
24888,27,11
timeStep,numberOfRobotsOnBlackSite,numberOfRobotsOnWhiteSite
24889,27,11
timeStep,numberOfRobotsOnBlackSite,numberOfRobotsOnWhiteSite
24890,27,11
timeStep,numberOfRobotsOnBlackSite,numberOfRobotsOnWhiteSite
24891,27,11
timeStep,numberOfRobotsOnBlackSite,numberOfRobotsOnWhiteSite
24892,27,11
timeStep,numberOfRobotsOnBlackSite,numberOfRobotsOnWhiteSite
24893,27,11
timeStep,numberOfRobotsOnBlackSite,numberOfRobotsOnWhiteSite
24894,27,11
timeStep,numberOfRobotsOnBlackSite,numberOfRobotsOnWhiteSite
24895,27,11
timeStep,numberOfRobotsOnBlackSite,numberOfRobotsOnWhiteSite
24896,27,11
timeStep,numberOfRobotsOnBlackSite,numberOfRobotsOnWhiteSite
24897,27,11
timeStep,numberOfRobotsOnBlackSite,numberOfRobotsOnWhiteSite
24898,27,11
timeStep,numberOfRobotsOnBlackSite,numberOfRobotsOnWhiteSite
24899,27,11
timeStep,numberOfRobotsOnBlackSite,numberOfRobotsOnWhiteSite
24900,27,11
timeStep,numberOfRobotsOnBlackSite,numberOfRobotsOnWhiteSite
24901,27,11
timeStep,numberOfRobotsOnBlackSite,numberOfRobotsOnWhiteSite
24902,27,11
timeStep,numberOfRobotsOnBlackSite,numberOfRobotsOnWhiteSite
24903,27,11
timeStep,numberOfRobotsOnBlackSite,numberOfRobotsOnWhiteSite
24904,27,11
timeStep,numberOfRobotsOnBlackSite,numberOfRobotsOnWhiteSite
24905,27,12
timeStep,numberOfRobotsOnBlackSite,numberOfRobotsOnWhiteSite
24906,27,12
timeStep,numberOfRobotsOnBlackSite,numberOfRobotsOnWhiteSite
24907,27,12
timeStep,numberOfRobotsOnBlackSite,numberOfRobotsOnWhiteSite
24908,27,12
timeStep,numberOfRobotsOnBlackSite,numberOfRobotsOnWhiteSite
24909,27,12
timeStep,numberOfRobotsOnBlackSite,numberOfRobotsOnWhiteSite
24910,27,12
timeStep,numberOfRobotsOnBlackSite,numberOfRobotsOnWhiteSite
24911,27,12
timeStep,numberOfRobotsOnBlackSite,numberOfRobotsOnWhiteSite
24912,27,12
timeStep,numberOfRobotsOnBlackSite,numberOfRobotsOnWhiteSite
24913,27,12
timeStep,numberOfRobotsOnBlackSite,numberOfRobotsOnWhiteSite
24914,27,12
timeStep,numberOfRobotsOnBlackSite,numberOfRobotsOnWhiteSite
24915,27,12
timeStep,numberOfRobotsOnBlackSite,numberOfRobotsOnWhiteSite
24916,27,12
timeStep,numberOfRobotsOnBlackSite,numberOfRobotsOnWhiteSite
24917,27,12
timeStep,numberOfRobotsOnBlackSite,numberOfRobotsOnWhiteSite
24918,27,12
timeStep,numberOfRobotsOnBlackSite,numberOfRobotsOnWhiteSite
24919,27,12
timeStep,numberOfRobotsOnBlackSite,numberOfRobotsOnWhiteSite
24920,27,12
timeStep,numberOfRobotsOnBlackSite,numberOfRobotsOnWhiteSite
24921,27,12
timeStep,numberOfRobotsOnBlackSite,numberOfRobotsOnWhiteSite
24922,27,12
timeStep,numberOfRobotsOnBlackSite,numberOfRobotsOnWhiteSite
24923,27,12
timeStep,numberOfRobotsOnBlackSite,numberOfRobotsOnWhiteSite
24924,27,12
timeStep,numberOfRobotsOnBlackSite,numberOfRobotsOnWhiteSite
24925,27,12
timeStep,numberOfRobotsOnBlackSite,numberOfRobotsOnWhiteSite
24926,27,12
timeStep,numberOfRobotsOnBlackSite,numberOfRobotsOnWhiteSite
24927,27,12
timeStep,numberOfRobotsOnBlackSite,numberOfRobotsOnWhiteSite
24928,27,12
timeStep,numberOfRobotsOnBlackSite,numberOfRobotsOnWhiteSite
24929,27,12
timeStep,numberOfRobotsOnBlackSite,numberOfRobotsOnWhiteSite
24930,27,12
timeStep,numberOfRobotsOnBlackSite,numberOfRobotsOnWhiteSite
24931,27,12
timeStep,numberOfRobotsOnBlackSite,numberOfRobotsOnWhiteSite
24932,27,12
timeStep,numberOfRobotsOnBlackSite,numberOfRobotsOnWhiteSite
24933,27,12
timeStep,numberOfRobotsOnBlackSite,numberOfRobotsOnWhiteSite
24934,27,12
timeStep,numberOfRobotsOnBlackSite,numberOfRobotsOnWhiteSite
24935,27,12
timeStep,numberOfRobotsOnBlackSite,numberOfRobotsOnWhiteSite
24936,27,12
timeStep,numberOfRobotsOnBlackSite,numberOfRobotsOnWhiteSite
24937,27,12
timeStep,numberOfRobotsOnBlackSite,numberOfRobotsOnWhiteSite
24938,27,12
timeStep,numberOfRobotsOnBlackSite,numberOfRobotsOnWhiteSite
24939,27,12
timeStep,numberOfRobotsOnBlackSite,numberOfRobotsOnWhiteSite
24940,27,12
timeStep,numberOfRobotsOnBlackSite,numberOfRobotsOnWhiteSite
24941,27,12
timeStep,numberOfRobotsOnBlackSite,numberOfRobotsOnWhiteSite
24942,27,12
timeStep,numberOfRobotsOnBlackSite,numberOfRobotsOnWhiteSite
24943,27,12
timeStep,numberOfRobotsOnBlackSite,numberOfRobotsOnWhiteSite
24944,27,12
timeStep,numberOfRobotsOnBlackSite,numberOfRobotsOnWhiteSite
24945,27,12
timeStep,numberOfRobotsOnBlackSite,numberOfRobotsOnWhiteSite
24946,27,12
timeStep,numberOfRobotsOnBlackSite,numberOfRobotsOnWhiteSite
24947,27,12
timeStep,numberOfRobotsOnBlackSite,numberOfRobotsOnWhiteSite
24948,27,12
timeStep,numberOfRobotsOnBlackSite,numberOfRobotsOnWhiteSite
24949,27,12
timeStep,numberOfRobotsOnBlackSite,numberOfRobotsOnWhiteSite
24950,27,12
timeStep,numberOfRobotsOnBlackSite,numberOfRobotsOnWhiteSite
24951,27,12
timeStep,numberOfRobotsOnBlackSite,numberOfRobotsOnWhiteSite
24952,27,12
timeStep,numberOfRobotsOnBlackSite,numberOfRobotsOnWhiteSite
24953,27,12
timeStep,numberOfRobotsOnBlackSite,numberOfRobotsOnWhiteSite
24954,27,12
timeStep,numberOfRobotsOnBlackSite,numberOfRobotsOnWhiteSite
24955,27,12
timeStep,numberOfRobotsOnBlackSite,numberOfRobotsOnWhiteSite
24956,27,12
timeStep,numberOfRobotsOnBlackSite,numberOfRobotsOnWhiteSite
24957,27,12
timeStep,numberOfRobotsOnBlackSite,numberOfRobotsOnWhiteSite
24958,27,12
timeStep,numberOfRobotsOnBlackSite,numberOfRobotsOnWhiteSite
24959,27,12
timeStep,numberOfRobotsOnBlackSite,numberOfRobotsOnWhiteSite
24960,27,12
timeStep,numberOfRobotsOnBlackSite,numberOfRobotsOnWhiteSite
24961,27,12
timeStep,numberOfRobotsOnBlackSite,numberOfRobotsOnWhiteSite
24962,27,12
timeStep,numberOfRobotsOnBlackSite,numberOfRobotsOnWhiteSite
24963,27,12
timeStep,numberOfRobotsOnBlackSite,numberOfRobotsOnWhiteSite
24964,27,12
timeStep,numberOfRobotsOnBlackSite,numberOfRobotsOnWhiteSite
24965,27,12
timeStep,numberOfRobotsOnBlackSite,numberOfRobotsOnWhiteSite
24966,27,12
timeStep,numberOfRobotsOnBlackSite,numberOfRobotsOnWhiteSite
24967,27,12
timeStep,numberOfRobotsOnBlackSite,numberOfRobotsOnWhiteSite
24968,27,12
timeStep,numberOfRobotsOnBlackSite,numberOfRobotsOnWhiteSite
24969,27,12
timeStep,numberOfRobotsOnBlackSite,numberOfRobotsOnWhiteSite
24970,27,11
timeStep,numberOfRobotsOnBlackSite,numberOfRobotsOnWhiteSite
24971,27,11
timeStep,numberOfRobotsOnBlackSite,numberOfRobotsOnWhiteSite
24972,27,11
timeStep,numberOfRobotsOnBlackSite,numberOfRobotsOnWhiteSite
24973,27,11
timeStep,numberOfRobotsOnBlackSite,numberOfRobotsOnWhiteSite
24974,27,11
timeStep,numberOfRobotsOnBlackSite,numberOfRobotsOnWhiteSite
24975,27,11
timeStep,numberOfRobotsOnBlackSite,numberOfRobotsOnWhiteSite
24976,27,11
timeStep,numberOfRobotsOnBlackSite,numberOfRobotsOnWhiteSite
24977,27,11
timeStep,numberOfRobotsOnBlackSite,numberOfRobotsOnWhiteSite
24978,27,11
timeStep,numberOfRobotsOnBlackSite,numberOfRobotsOnWhiteSite
24979,27,11
timeStep,numberOfRobotsOnBlackSite,numberOfRobotsOnWhiteSite
24980,27,11
timeStep,numberOfRobotsOnBlackSite,numberOfRobotsOnWhiteSite
24981,27,11
timeStep,numberOfRobotsOnBlackSite,numberOfRobotsOnWhiteSite
24982,27,11
timeStep,numberOfRobotsOnBlackSite,numberOfRobotsOnWhiteSite
24983,27,11
timeStep,numberOfRobotsOnBlackSite,numberOfRobotsOnWhiteSite
24984,27,11
timeStep,numberOfRobotsOnBlackSite,numberOfRobotsOnWhiteSite
24985,27,11
timeStep,numberOfRobotsOnBlackSite,numberOfRobotsOnWhiteSite
24986,27,11
timeStep,numberOfRobotsOnBlackSite,numberOfRobotsOnWhiteSite
24987,27,11
timeStep,numberOfRobotsOnBlackSite,numberOfRobotsOnWhiteSite
24988,27,11
timeStep,numberOfRobotsOnBlackSite,numberOfRobotsOnWhiteSite
24989,27,11
timeStep,numberOfRobotsOnBlackSite,numberOfRobotsOnWhiteSite
24990,27,11
timeStep,numberOfRobotsOnBlackSite,numberOfRobotsOnWhiteSite
24991,27,11
timeStep,numberOfRobotsOnBlackSite,numberOfRobotsOnWhiteSite
24992,27,11
timeStep,numberOfRobotsOnBlackSite,numberOfRobotsOnWhiteSite
24993,27,11
timeStep,numberOfRobotsOnBlackSite,numberOfRobotsOnWhiteSite
24994,27,11
timeStep,numberOfRobotsOnBlackSite,numberOfRobotsOnWhiteSite
24995,27,11
timeStep,numberOfRobotsOnBlackSite,numberOfRobotsOnWhiteSite
24996,27,11
timeStep,numberOfRobotsOnBlackSite,numberOfRobotsOnWhiteSite
24997,27,11
timeStep,numberOfRobotsOnBlackSite,numberOfRobotsOnWhiteSite
24998,27,11
timeStep,numberOfRobotsOnBlackSite,numberOfRobotsOnWhiteSite
24999,27,11
timeStep,numberOfRobotsOnBlackSite,numberOfRobotsOnWhiteSite
25000,27,11
timeStep,numberOfRobotsOnBlackSite,numberOfRobotsOnWhiteSite
25001,27,11
timeStep,numberOfRobotsOnBlackSite,numberOfRobotsOnWhiteSite
25002,27,11
timeStep,numberOfRobotsOnBlackSite,numberOfRobotsOnWhiteSite
25003,27,11
timeStep,numberOfRobotsOnBlackSite,numberOfRobotsOnWhiteSite
25004,27,11
timeStep,numberOfRobotsOnBlackSite,numberOfRobotsOnWhiteSite
25005,26,11
timeStep,numberOfRobotsOnBlackSite,numberOfRobotsOnWhiteSite
25006,26,11
timeStep,numberOfRobotsOnBlackSite,numberOfRobotsOnWhiteSite
25007,26,11
timeStep,numberOfRobotsOnBlackSite,numberOfRobotsOnWhiteSite
25008,26,11
timeStep,numberOfRobotsOnBlackSite,numberOfRobotsOnWhiteSite
25009,26,11
timeStep,numberOfRobotsOnBlackSite,numberOfRobotsOnWhiteSite
25010,26,11
timeStep,numberOfRobotsOnBlackSite,numberOfRobotsOnWhiteSite
25011,26,11
timeStep,numberOfRobotsOnBlackSite,numberOfRobotsOnWhiteSite
25012,26,11
timeStep,numberOfRobotsOnBlackSite,numberOfRobotsOnWhiteSite
25013,26,11
timeStep,numberOfRobotsOnBlackSite,numberOfRobotsOnWhiteSite
25014,26,11
timeStep,numberOfRobotsOnBlackSite,numberOfRobotsOnWhiteSite
25015,26,11
timeStep,numberOfRobotsOnBlackSite,numberOfRobotsOnWhiteSite
25016,26,11
timeStep,numberOfRobotsOnBlackSite,numberOfRobotsOnWhiteSite
25017,26,11
timeStep,numberOfRobotsOnBlackSite,numberOfRobotsOnWhiteSite
25018,26,11
timeStep,numberOfRobotsOnBlackSite,numberOfRobotsOnWhiteSite
25019,26,11
timeStep,numberOfRobotsOnBlackSite,numberOfRobotsOnWhiteSite
25020,26,11
timeStep,numberOfRobotsOnBlackSite,numberOfRobotsOnWhiteSite
25021,26,11
timeStep,numberOfRobotsOnBlackSite,numberOfRobotsOnWhiteSite
25022,26,11
timeStep,numberOfRobotsOnBlackSite,numberOfRobotsOnWhiteSite
25023,26,11
timeStep,numberOfRobotsOnBlackSite,numberOfRobotsOnWhiteSite
25024,26,11
timeStep,numberOfRobotsOnBlackSite,numberOfRobotsOnWhiteSite
25025,26,11
timeStep,numberOfRobotsOnBlackSite,numberOfRobotsOnWhiteSite
25026,26,11
timeStep,numberOfRobotsOnBlackSite,numberOfRobotsOnWhiteSite
25027,26,11
timeStep,numberOfRobotsOnBlackSite,numberOfRobotsOnWhiteSite
25028,26,11
timeStep,numberOfRobotsOnBlackSite,numberOfRobotsOnWhiteSite
25029,26,11
timeStep,numberOfRobotsOnBlackSite,numberOfRobotsOnWhiteSite
25030,26,11
timeStep,numberOfRobotsOnBlackSite,numberOfRobotsOnWhiteSite
25031,26,11
timeStep,numberOfRobotsOnBlackSite,numberOfRobotsOnWhiteSite
25032,26,11
timeStep,numberOfRobotsOnBlackSite,numberOfRobotsOnWhiteSite
25033,26,11
timeStep,numberOfRobotsOnBlackSite,numberOfRobotsOnWhiteSite
25034,26,11
timeStep,numberOfRobotsOnBlackSite,numberOfRobotsOnWhiteSite
25035,26,11
timeStep,numberOfRobotsOnBlackSite,numberOfRobotsOnWhiteSite
25036,26,11
timeStep,numberOfRobotsOnBlackSite,numberOfRobotsOnWhiteSite
25037,26,11
timeStep,numberOfRobotsOnBlackSite,numberOfRobotsOnWhiteSite
25038,26,11
timeStep,numberOfRobotsOnBlackSite,numberOfRobotsOnWhiteSite
25039,26,11
timeStep,numberOfRobotsOnBlackSite,numberOfRobotsOnWhiteSite
25040,26,11
timeStep,numberOfRobotsOnBlackSite,numberOfRobotsOnWhiteSite
25041,26,11
timeStep,numberOfRobotsOnBlackSite,numberOfRobotsOnWhiteSite
25042,26,11
timeStep,numberOfRobotsOnBlackSite,numberOfRobotsOnWhiteSite
25043,26,11
timeStep,numberOfRobotsOnBlackSite,numberOfRobotsOnWhiteSite
25044,26,11
timeStep,numberOfRobotsOnBlackSite,numberOfRobotsOnWhiteSite
25045,26,11
timeStep,numberOfRobotsOnBlackSite,numberOfRobotsOnWhiteSite
25046,26,11
timeStep,numberOfRobotsOnBlackSite,numberOfRobotsOnWhiteSite
25047,26,11
timeStep,numberOfRobotsOnBlackSite,numberOfRobotsOnWhiteSite
25048,26,11
timeStep,numberOfRobotsOnBlackSite,numberOfRobotsOnWhiteSite
25049,26,11
timeStep,numberOfRobotsOnBlackSite,numberOfRobotsOnWhiteSite
25050,26,11
timeStep,numberOfRobotsOnBlackSite,numberOfRobotsOnWhiteSite
25051,26,11
timeStep,numberOfRobotsOnBlackSite,numberOfRobotsOnWhiteSite
25052,26,11
timeStep,numberOfRobotsOnBlackSite,numberOfRobotsOnWhiteSite
25053,26,11
timeStep,numberOfRobotsOnBlackSite,numberOfRobotsOnWhiteSite
25054,26,11
timeStep,numberOfRobotsOnBlackSite,numberOfRobotsOnWhiteSite
25055,26,11
timeStep,numberOfRobotsOnBlackSite,numberOfRobotsOnWhiteSite
25056,26,11
timeStep,numberOfRobotsOnBlackSite,numberOfRobotsOnWhiteSite
25057,26,11
timeStep,numberOfRobotsOnBlackSite,numberOfRobotsOnWhiteSite
25058,26,11
timeStep,numberOfRobotsOnBlackSite,numberOfRobotsOnWhiteSite
25059,26,11
timeStep,numberOfRobotsOnBlackSite,numberOfRobotsOnWhiteSite
25060,25,11
timeStep,numberOfRobotsOnBlackSite,numberOfRobotsOnWhiteSite
25061,25,11
timeStep,numberOfRobotsOnBlackSite,numberOfRobotsOnWhiteSite
25062,25,11
timeStep,numberOfRobotsOnBlackSite,numberOfRobotsOnWhiteSite
25063,25,11
timeStep,numberOfRobotsOnBlackSite,numberOfRobotsOnWhiteSite
25064,25,11
timeStep,numberOfRobotsOnBlackSite,numberOfRobotsOnWhiteSite
25065,25,11
timeStep,numberOfRobotsOnBlackSite,numberOfRobotsOnWhiteSite
25066,25,11
timeStep,numberOfRobotsOnBlackSite,numberOfRobotsOnWhiteSite
25067,25,11
timeStep,numberOfRobotsOnBlackSite,numberOfRobotsOnWhiteSite
25068,25,11
timeStep,numberOfRobotsOnBlackSite,numberOfRobotsOnWhiteSite
25069,25,11
timeStep,numberOfRobotsOnBlackSite,numberOfRobotsOnWhiteSite
25070,25,11
timeStep,numberOfRobotsOnBlackSite,numberOfRobotsOnWhiteSite
25071,25,11
timeStep,numberOfRobotsOnBlackSite,numberOfRobotsOnWhiteSite
25072,25,11
timeStep,numberOfRobotsOnBlackSite,numberOfRobotsOnWhiteSite
25073,25,11
timeStep,numberOfRobotsOnBlackSite,numberOfRobotsOnWhiteSite
25074,25,11
timeStep,numberOfRobotsOnBlackSite,numberOfRobotsOnWhiteSite
25075,26,11
timeStep,numberOfRobotsOnBlackSite,numberOfRobotsOnWhiteSite
25076,26,11
timeStep,numberOfRobotsOnBlackSite,numberOfRobotsOnWhiteSite
25077,26,11
timeStep,numberOfRobotsOnBlackSite,numberOfRobotsOnWhiteSite
25078,26,11
timeStep,numberOfRobotsOnBlackSite,numberOfRobotsOnWhiteSite
25079,26,11
timeStep,numberOfRobotsOnBlackSite,numberOfRobotsOnWhiteSite
25080,26,11
timeStep,numberOfRobotsOnBlackSite,numberOfRobotsOnWhiteSite
25081,26,11
timeStep,numberOfRobotsOnBlackSite,numberOfRobotsOnWhiteSite
25082,26,11
timeStep,numberOfRobotsOnBlackSite,numberOfRobotsOnWhiteSite
25083,26,11
timeStep,numberOfRobotsOnBlackSite,numberOfRobotsOnWhiteSite
25084,26,11
timeStep,numberOfRobotsOnBlackSite,numberOfRobotsOnWhiteSite
25085,26,11
timeStep,numberOfRobotsOnBlackSite,numberOfRobotsOnWhiteSite
25086,26,11
timeStep,numberOfRobotsOnBlackSite,numberOfRobotsOnWhiteSite
25087,26,11
timeStep,numberOfRobotsOnBlackSite,numberOfRobotsOnWhiteSite
25088,26,11
timeStep,numberOfRobotsOnBlackSite,numberOfRobotsOnWhiteSite
25089,26,11
timeStep,numberOfRobotsOnBlackSite,numberOfRobotsOnWhiteSite
25090,26,11
timeStep,numberOfRobotsOnBlackSite,numberOfRobotsOnWhiteSite
25091,26,11
timeStep,numberOfRobotsOnBlackSite,numberOfRobotsOnWhiteSite
25092,26,11
timeStep,numberOfRobotsOnBlackSite,numberOfRobotsOnWhiteSite
25093,26,11
timeStep,numberOfRobotsOnBlackSite,numberOfRobotsOnWhiteSite
25094,26,11
timeStep,numberOfRobotsOnBlackSite,numberOfRobotsOnWhiteSite
25095,26,11
timeStep,numberOfRobotsOnBlackSite,numberOfRobotsOnWhiteSite
25096,26,11
timeStep,numberOfRobotsOnBlackSite,numberOfRobotsOnWhiteSite
25097,26,11
timeStep,numberOfRobotsOnBlackSite,numberOfRobotsOnWhiteSite
25098,26,11
timeStep,numberOfRobotsOnBlackSite,numberOfRobotsOnWhiteSite
25099,26,11
timeStep,numberOfRobotsOnBlackSite,numberOfRobotsOnWhiteSite
25100,26,11
timeStep,numberOfRobotsOnBlackSite,numberOfRobotsOnWhiteSite
25101,26,11
timeStep,numberOfRobotsOnBlackSite,numberOfRobotsOnWhiteSite
25102,26,11
timeStep,numberOfRobotsOnBlackSite,numberOfRobotsOnWhiteSite
25103,26,11
timeStep,numberOfRobotsOnBlackSite,numberOfRobotsOnWhiteSite
25104,26,11
timeStep,numberOfRobotsOnBlackSite,numberOfRobotsOnWhiteSite
25105,26,11
timeStep,numberOfRobotsOnBlackSite,numberOfRobotsOnWhiteSite
25106,26,11
timeStep,numberOfRobotsOnBlackSite,numberOfRobotsOnWhiteSite
25107,26,11
timeStep,numberOfRobotsOnBlackSite,numberOfRobotsOnWhiteSite
25108,26,11
timeStep,numberOfRobotsOnBlackSite,numberOfRobotsOnWhiteSite
25109,26,11
timeStep,numberOfRobotsOnBlackSite,numberOfRobotsOnWhiteSite
25110,26,11
timeStep,numberOfRobotsOnBlackSite,numberOfRobotsOnWhiteSite
25111,26,11
timeStep,numberOfRobotsOnBlackSite,numberOfRobotsOnWhiteSite
25112,26,11
timeStep,numberOfRobotsOnBlackSite,numberOfRobotsOnWhiteSite
25113,26,11
timeStep,numberOfRobotsOnBlackSite,numberOfRobotsOnWhiteSite
25114,26,11
timeStep,numberOfRobotsOnBlackSite,numberOfRobotsOnWhiteSite
25115,27,11
timeStep,numberOfRobotsOnBlackSite,numberOfRobotsOnWhiteSite
25116,27,11
timeStep,numberOfRobotsOnBlackSite,numberOfRobotsOnWhiteSite
25117,27,11
timeStep,numberOfRobotsOnBlackSite,numberOfRobotsOnWhiteSite
25118,27,11
timeStep,numberOfRobotsOnBlackSite,numberOfRobotsOnWhiteSite
25119,27,11
timeStep,numberOfRobotsOnBlackSite,numberOfRobotsOnWhiteSite
25120,27,11
timeStep,numberOfRobotsOnBlackSite,numberOfRobotsOnWhiteSite
25121,27,11
timeStep,numberOfRobotsOnBlackSite,numberOfRobotsOnWhiteSite
25122,27,11
timeStep,numberOfRobotsOnBlackSite,numberOfRobotsOnWhiteSite
25123,27,11
timeStep,numberOfRobotsOnBlackSite,numberOfRobotsOnWhiteSite
25124,27,11
timeStep,numberOfRobotsOnBlackSite,numberOfRobotsOnWhiteSite
25125,27,11
timeStep,numberOfRobotsOnBlackSite,numberOfRobotsOnWhiteSite
25126,27,11
timeStep,numberOfRobotsOnBlackSite,numberOfRobotsOnWhiteSite
25127,27,11
timeStep,numberOfRobotsOnBlackSite,numberOfRobotsOnWhiteSite
25128,27,11
timeStep,numberOfRobotsOnBlackSite,numberOfRobotsOnWhiteSite
25129,27,11
timeStep,numberOfRobotsOnBlackSite,numberOfRobotsOnWhiteSite
25130,27,11
timeStep,numberOfRobotsOnBlackSite,numberOfRobotsOnWhiteSite
25131,27,11
timeStep,numberOfRobotsOnBlackSite,numberOfRobotsOnWhiteSite
25132,27,11
timeStep,numberOfRobotsOnBlackSite,numberOfRobotsOnWhiteSite
25133,27,11
timeStep,numberOfRobotsOnBlackSite,numberOfRobotsOnWhiteSite
25134,27,11
timeStep,numberOfRobotsOnBlackSite,numberOfRobotsOnWhiteSite
25135,27,11
timeStep,numberOfRobotsOnBlackSite,numberOfRobotsOnWhiteSite
25136,27,11
timeStep,numberOfRobotsOnBlackSite,numberOfRobotsOnWhiteSite
25137,27,11
timeStep,numberOfRobotsOnBlackSite,numberOfRobotsOnWhiteSite
25138,27,11
timeStep,numberOfRobotsOnBlackSite,numberOfRobotsOnWhiteSite
25139,27,11
timeStep,numberOfRobotsOnBlackSite,numberOfRobotsOnWhiteSite
25140,27,11
timeStep,numberOfRobotsOnBlackSite,numberOfRobotsOnWhiteSite
25141,27,11
timeStep,numberOfRobotsOnBlackSite,numberOfRobotsOnWhiteSite
25142,27,11
timeStep,numberOfRobotsOnBlackSite,numberOfRobotsOnWhiteSite
25143,27,11
timeStep,numberOfRobotsOnBlackSite,numberOfRobotsOnWhiteSite
25144,27,11
timeStep,numberOfRobotsOnBlackSite,numberOfRobotsOnWhiteSite
25145,27,11
timeStep,numberOfRobotsOnBlackSite,numberOfRobotsOnWhiteSite
25146,27,11
timeStep,numberOfRobotsOnBlackSite,numberOfRobotsOnWhiteSite
25147,27,11
timeStep,numberOfRobotsOnBlackSite,numberOfRobotsOnWhiteSite
25148,27,11
timeStep,numberOfRobotsOnBlackSite,numberOfRobotsOnWhiteSite
25149,27,11
timeStep,numberOfRobotsOnBlackSite,numberOfRobotsOnWhiteSite
25150,27,11
timeStep,numberOfRobotsOnBlackSite,numberOfRobotsOnWhiteSite
25151,27,11
timeStep,numberOfRobotsOnBlackSite,numberOfRobotsOnWhiteSite
25152,27,11
timeStep,numberOfRobotsOnBlackSite,numberOfRobotsOnWhiteSite
25153,27,11
timeStep,numberOfRobotsOnBlackSite,numberOfRobotsOnWhiteSite
25154,27,11
timeStep,numberOfRobotsOnBlackSite,numberOfRobotsOnWhiteSite
25155,27,11
timeStep,numberOfRobotsOnBlackSite,numberOfRobotsOnWhiteSite
25156,27,11
timeStep,numberOfRobotsOnBlackSite,numberOfRobotsOnWhiteSite
25157,27,11
timeStep,numberOfRobotsOnBlackSite,numberOfRobotsOnWhiteSite
25158,27,11
timeStep,numberOfRobotsOnBlackSite,numberOfRobotsOnWhiteSite
25159,27,11
timeStep,numberOfRobotsOnBlackSite,numberOfRobotsOnWhiteSite
25160,28,11
timeStep,numberOfRobotsOnBlackSite,numberOfRobotsOnWhiteSite
25161,28,11
timeStep,numberOfRobotsOnBlackSite,numberOfRobotsOnWhiteSite
25162,28,11
timeStep,numberOfRobotsOnBlackSite,numberOfRobotsOnWhiteSite
25163,28,11
timeStep,numberOfRobotsOnBlackSite,numberOfRobotsOnWhiteSite
25164,28,11
timeStep,numberOfRobotsOnBlackSite,numberOfRobotsOnWhiteSite
25165,28,11
timeStep,numberOfRobotsOnBlackSite,numberOfRobotsOnWhiteSite
25166,28,11
timeStep,numberOfRobotsOnBlackSite,numberOfRobotsOnWhiteSite
25167,28,11
timeStep,numberOfRobotsOnBlackSite,numberOfRobotsOnWhiteSite
25168,28,11
timeStep,numberOfRobotsOnBlackSite,numberOfRobotsOnWhiteSite
25169,28,11
timeStep,numberOfRobotsOnBlackSite,numberOfRobotsOnWhiteSite
25170,29,11
timeStep,numberOfRobotsOnBlackSite,numberOfRobotsOnWhiteSite
25171,29,11
timeStep,numberOfRobotsOnBlackSite,numberOfRobotsOnWhiteSite
25172,29,11
timeStep,numberOfRobotsOnBlackSite,numberOfRobotsOnWhiteSite
25173,29,11
timeStep,numberOfRobotsOnBlackSite,numberOfRobotsOnWhiteSite
25174,29,11
timeStep,numberOfRobotsOnBlackSite,numberOfRobotsOnWhiteSite
25175,29,11
timeStep,numberOfRobotsOnBlackSite,numberOfRobotsOnWhiteSite
25176,29,11
timeStep,numberOfRobotsOnBlackSite,numberOfRobotsOnWhiteSite
25177,29,11
timeStep,numberOfRobotsOnBlackSite,numberOfRobotsOnWhiteSite
25178,29,11
timeStep,numberOfRobotsOnBlackSite,numberOfRobotsOnWhiteSite
25179,29,11
timeStep,numberOfRobotsOnBlackSite,numberOfRobotsOnWhiteSite
25180,29,11
timeStep,numberOfRobotsOnBlackSite,numberOfRobotsOnWhiteSite
25181,29,11
timeStep,numberOfRobotsOnBlackSite,numberOfRobotsOnWhiteSite
25182,29,11
timeStep,numberOfRobotsOnBlackSite,numberOfRobotsOnWhiteSite
25183,29,11
timeStep,numberOfRobotsOnBlackSite,numberOfRobotsOnWhiteSite
25184,29,11
timeStep,numberOfRobotsOnBlackSite,numberOfRobotsOnWhiteSite
25185,28,11
timeStep,numberOfRobotsOnBlackSite,numberOfRobotsOnWhiteSite
25186,28,11
timeStep,numberOfRobotsOnBlackSite,numberOfRobotsOnWhiteSite
25187,28,11
timeStep,numberOfRobotsOnBlackSite,numberOfRobotsOnWhiteSite
25188,28,11
timeStep,numberOfRobotsOnBlackSite,numberOfRobotsOnWhiteSite
25189,28,11
timeStep,numberOfRobotsOnBlackSite,numberOfRobotsOnWhiteSite
25190,28,11
timeStep,numberOfRobotsOnBlackSite,numberOfRobotsOnWhiteSite
25191,28,11
timeStep,numberOfRobotsOnBlackSite,numberOfRobotsOnWhiteSite
25192,28,11
timeStep,numberOfRobotsOnBlackSite,numberOfRobotsOnWhiteSite
25193,28,11
timeStep,numberOfRobotsOnBlackSite,numberOfRobotsOnWhiteSite
25194,28,11
timeStep,numberOfRobotsOnBlackSite,numberOfRobotsOnWhiteSite
25195,28,11
timeStep,numberOfRobotsOnBlackSite,numberOfRobotsOnWhiteSite
25196,28,11
timeStep,numberOfRobotsOnBlackSite,numberOfRobotsOnWhiteSite
25197,28,11
timeStep,numberOfRobotsOnBlackSite,numberOfRobotsOnWhiteSite
25198,28,11
timeStep,numberOfRobotsOnBlackSite,numberOfRobotsOnWhiteSite
25199,28,11
timeStep,numberOfRobotsOnBlackSite,numberOfRobotsOnWhiteSite
25200,28,11
timeStep,numberOfRobotsOnBlackSite,numberOfRobotsOnWhiteSite
25201,28,11
timeStep,numberOfRobotsOnBlackSite,numberOfRobotsOnWhiteSite
25202,28,11
timeStep,numberOfRobotsOnBlackSite,numberOfRobotsOnWhiteSite
25203,28,11
timeStep,numberOfRobotsOnBlackSite,numberOfRobotsOnWhiteSite
25204,28,11
timeStep,numberOfRobotsOnBlackSite,numberOfRobotsOnWhiteSite
25205,28,11
timeStep,numberOfRobotsOnBlackSite,numberOfRobotsOnWhiteSite
25206,28,11
timeStep,numberOfRobotsOnBlackSite,numberOfRobotsOnWhiteSite
25207,28,11
timeStep,numberOfRobotsOnBlackSite,numberOfRobotsOnWhiteSite
25208,28,11
timeStep,numberOfRobotsOnBlackSite,numberOfRobotsOnWhiteSite
25209,28,11
timeStep,numberOfRobotsOnBlackSite,numberOfRobotsOnWhiteSite
25210,28,11
timeStep,numberOfRobotsOnBlackSite,numberOfRobotsOnWhiteSite
25211,28,11
timeStep,numberOfRobotsOnBlackSite,numberOfRobotsOnWhiteSite
25212,28,11
timeStep,numberOfRobotsOnBlackSite,numberOfRobotsOnWhiteSite
25213,28,11
timeStep,numberOfRobotsOnBlackSite,numberOfRobotsOnWhiteSite
25214,28,11
timeStep,numberOfRobotsOnBlackSite,numberOfRobotsOnWhiteSite
25215,28,11
timeStep,numberOfRobotsOnBlackSite,numberOfRobotsOnWhiteSite
25216,28,11
timeStep,numberOfRobotsOnBlackSite,numberOfRobotsOnWhiteSite
25217,28,11
timeStep,numberOfRobotsOnBlackSite,numberOfRobotsOnWhiteSite
25218,28,11
timeStep,numberOfRobotsOnBlackSite,numberOfRobotsOnWhiteSite
25219,28,11
timeStep,numberOfRobotsOnBlackSite,numberOfRobotsOnWhiteSite
25220,28,11
timeStep,numberOfRobotsOnBlackSite,numberOfRobotsOnWhiteSite
25221,28,11
timeStep,numberOfRobotsOnBlackSite,numberOfRobotsOnWhiteSite
25222,28,11
timeStep,numberOfRobotsOnBlackSite,numberOfRobotsOnWhiteSite
25223,28,11
timeStep,numberOfRobotsOnBlackSite,numberOfRobotsOnWhiteSite
25224,28,11
timeStep,numberOfRobotsOnBlackSite,numberOfRobotsOnWhiteSite
25225,28,11
timeStep,numberOfRobotsOnBlackSite,numberOfRobotsOnWhiteSite
25226,28,11
timeStep,numberOfRobotsOnBlackSite,numberOfRobotsOnWhiteSite
25227,28,11
timeStep,numberOfRobotsOnBlackSite,numberOfRobotsOnWhiteSite
25228,28,11
timeStep,numberOfRobotsOnBlackSite,numberOfRobotsOnWhiteSite
25229,28,11
timeStep,numberOfRobotsOnBlackSite,numberOfRobotsOnWhiteSite
25230,28,11
timeStep,numberOfRobotsOnBlackSite,numberOfRobotsOnWhiteSite
25231,28,11
timeStep,numberOfRobotsOnBlackSite,numberOfRobotsOnWhiteSite
25232,28,11
timeStep,numberOfRobotsOnBlackSite,numberOfRobotsOnWhiteSite
25233,28,11
timeStep,numberOfRobotsOnBlackSite,numberOfRobotsOnWhiteSite
25234,28,11
timeStep,numberOfRobotsOnBlackSite,numberOfRobotsOnWhiteSite
25235,28,11
timeStep,numberOfRobotsOnBlackSite,numberOfRobotsOnWhiteSite
25236,28,11
timeStep,numberOfRobotsOnBlackSite,numberOfRobotsOnWhiteSite
25237,28,11
timeStep,numberOfRobotsOnBlackSite,numberOfRobotsOnWhiteSite
25238,28,11
timeStep,numberOfRobotsOnBlackSite,numberOfRobotsOnWhiteSite
25239,28,11
timeStep,numberOfRobotsOnBlackSite,numberOfRobotsOnWhiteSite
25240,28,11
timeStep,numberOfRobotsOnBlackSite,numberOfRobotsOnWhiteSite
25241,28,11
timeStep,numberOfRobotsOnBlackSite,numberOfRobotsOnWhiteSite
25242,28,11
timeStep,numberOfRobotsOnBlackSite,numberOfRobotsOnWhiteSite
25243,28,11
timeStep,numberOfRobotsOnBlackSite,numberOfRobotsOnWhiteSite
25244,28,11
timeStep,numberOfRobotsOnBlackSite,numberOfRobotsOnWhiteSite
25245,28,11
timeStep,numberOfRobotsOnBlackSite,numberOfRobotsOnWhiteSite
25246,28,11
timeStep,numberOfRobotsOnBlackSite,numberOfRobotsOnWhiteSite
25247,28,11
timeStep,numberOfRobotsOnBlackSite,numberOfRobotsOnWhiteSite
25248,28,11
timeStep,numberOfRobotsOnBlackSite,numberOfRobotsOnWhiteSite
25249,28,11
timeStep,numberOfRobotsOnBlackSite,numberOfRobotsOnWhiteSite
25250,28,11
timeStep,numberOfRobotsOnBlackSite,numberOfRobotsOnWhiteSite
25251,28,11
timeStep,numberOfRobotsOnBlackSite,numberOfRobotsOnWhiteSite
25252,28,11
timeStep,numberOfRobotsOnBlackSite,numberOfRobotsOnWhiteSite
25253,28,11
timeStep,numberOfRobotsOnBlackSite,numberOfRobotsOnWhiteSite
25254,28,11
timeStep,numberOfRobotsOnBlackSite,numberOfRobotsOnWhiteSite
25255,28,11
timeStep,numberOfRobotsOnBlackSite,numberOfRobotsOnWhiteSite
25256,28,11
timeStep,numberOfRobotsOnBlackSite,numberOfRobotsOnWhiteSite
25257,28,11
timeStep,numberOfRobotsOnBlackSite,numberOfRobotsOnWhiteSite
25258,28,11
timeStep,numberOfRobotsOnBlackSite,numberOfRobotsOnWhiteSite
25259,28,11
timeStep,numberOfRobotsOnBlackSite,numberOfRobotsOnWhiteSite
25260,27,11
timeStep,numberOfRobotsOnBlackSite,numberOfRobotsOnWhiteSite
25261,27,11
timeStep,numberOfRobotsOnBlackSite,numberOfRobotsOnWhiteSite
25262,27,11
timeStep,numberOfRobotsOnBlackSite,numberOfRobotsOnWhiteSite
25263,27,11
timeStep,numberOfRobotsOnBlackSite,numberOfRobotsOnWhiteSite
25264,27,11
timeStep,numberOfRobotsOnBlackSite,numberOfRobotsOnWhiteSite
25265,27,11
timeStep,numberOfRobotsOnBlackSite,numberOfRobotsOnWhiteSite
25266,27,11
timeStep,numberOfRobotsOnBlackSite,numberOfRobotsOnWhiteSite
25267,27,11
timeStep,numberOfRobotsOnBlackSite,numberOfRobotsOnWhiteSite
25268,27,11
timeStep,numberOfRobotsOnBlackSite,numberOfRobotsOnWhiteSite
25269,27,11
timeStep,numberOfRobotsOnBlackSite,numberOfRobotsOnWhiteSite
25270,27,11
timeStep,numberOfRobotsOnBlackSite,numberOfRobotsOnWhiteSite
25271,27,11
timeStep,numberOfRobotsOnBlackSite,numberOfRobotsOnWhiteSite
25272,27,11
timeStep,numberOfRobotsOnBlackSite,numberOfRobotsOnWhiteSite
25273,27,11
timeStep,numberOfRobotsOnBlackSite,numberOfRobotsOnWhiteSite
25274,27,11
timeStep,numberOfRobotsOnBlackSite,numberOfRobotsOnWhiteSite
25275,27,11
timeStep,numberOfRobotsOnBlackSite,numberOfRobotsOnWhiteSite
25276,27,11
timeStep,numberOfRobotsOnBlackSite,numberOfRobotsOnWhiteSite
25277,27,11
timeStep,numberOfRobotsOnBlackSite,numberOfRobotsOnWhiteSite
25278,27,11
timeStep,numberOfRobotsOnBlackSite,numberOfRobotsOnWhiteSite
25279,27,11
timeStep,numberOfRobotsOnBlackSite,numberOfRobotsOnWhiteSite
25280,27,11
timeStep,numberOfRobotsOnBlackSite,numberOfRobotsOnWhiteSite
25281,27,11
timeStep,numberOfRobotsOnBlackSite,numberOfRobotsOnWhiteSite
25282,27,11
timeStep,numberOfRobotsOnBlackSite,numberOfRobotsOnWhiteSite
25283,27,11
timeStep,numberOfRobotsOnBlackSite,numberOfRobotsOnWhiteSite
25284,27,11
timeStep,numberOfRobotsOnBlackSite,numberOfRobotsOnWhiteSite
25285,27,11
timeStep,numberOfRobotsOnBlackSite,numberOfRobotsOnWhiteSite
25286,27,11
timeStep,numberOfRobotsOnBlackSite,numberOfRobotsOnWhiteSite
25287,27,11
timeStep,numberOfRobotsOnBlackSite,numberOfRobotsOnWhiteSite
25288,27,11
timeStep,numberOfRobotsOnBlackSite,numberOfRobotsOnWhiteSite
25289,27,11
timeStep,numberOfRobotsOnBlackSite,numberOfRobotsOnWhiteSite
25290,27,11
timeStep,numberOfRobotsOnBlackSite,numberOfRobotsOnWhiteSite
25291,27,11
timeStep,numberOfRobotsOnBlackSite,numberOfRobotsOnWhiteSite
25292,27,11
timeStep,numberOfRobotsOnBlackSite,numberOfRobotsOnWhiteSite
25293,27,11
timeStep,numberOfRobotsOnBlackSite,numberOfRobotsOnWhiteSite
25294,27,11
timeStep,numberOfRobotsOnBlackSite,numberOfRobotsOnWhiteSite
25295,27,11
timeStep,numberOfRobotsOnBlackSite,numberOfRobotsOnWhiteSite
25296,27,11
timeStep,numberOfRobotsOnBlackSite,numberOfRobotsOnWhiteSite
25297,27,11
timeStep,numberOfRobotsOnBlackSite,numberOfRobotsOnWhiteSite
25298,27,11
timeStep,numberOfRobotsOnBlackSite,numberOfRobotsOnWhiteSite
25299,27,11
timeStep,numberOfRobotsOnBlackSite,numberOfRobotsOnWhiteSite
25300,27,11
timeStep,numberOfRobotsOnBlackSite,numberOfRobotsOnWhiteSite
25301,27,11
timeStep,numberOfRobotsOnBlackSite,numberOfRobotsOnWhiteSite
25302,27,11
timeStep,numberOfRobotsOnBlackSite,numberOfRobotsOnWhiteSite
25303,27,11
timeStep,numberOfRobotsOnBlackSite,numberOfRobotsOnWhiteSite
25304,27,11
timeStep,numberOfRobotsOnBlackSite,numberOfRobotsOnWhiteSite
25305,27,11
timeStep,numberOfRobotsOnBlackSite,numberOfRobotsOnWhiteSite
25306,27,11
timeStep,numberOfRobotsOnBlackSite,numberOfRobotsOnWhiteSite
25307,27,11
timeStep,numberOfRobotsOnBlackSite,numberOfRobotsOnWhiteSite
25308,27,11
timeStep,numberOfRobotsOnBlackSite,numberOfRobotsOnWhiteSite
25309,27,11
timeStep,numberOfRobotsOnBlackSite,numberOfRobotsOnWhiteSite
25310,27,11
timeStep,numberOfRobotsOnBlackSite,numberOfRobotsOnWhiteSite
25311,27,11
timeStep,numberOfRobotsOnBlackSite,numberOfRobotsOnWhiteSite
25312,27,11
timeStep,numberOfRobotsOnBlackSite,numberOfRobotsOnWhiteSite
25313,27,11
timeStep,numberOfRobotsOnBlackSite,numberOfRobotsOnWhiteSite
25314,27,11
timeStep,numberOfRobotsOnBlackSite,numberOfRobotsOnWhiteSite
25315,27,11
timeStep,numberOfRobotsOnBlackSite,numberOfRobotsOnWhiteSite
25316,27,11
timeStep,numberOfRobotsOnBlackSite,numberOfRobotsOnWhiteSite
25317,27,11
timeStep,numberOfRobotsOnBlackSite,numberOfRobotsOnWhiteSite
25318,27,11
timeStep,numberOfRobotsOnBlackSite,numberOfRobotsOnWhiteSite
25319,27,11
timeStep,numberOfRobotsOnBlackSite,numberOfRobotsOnWhiteSite
25320,27,11
timeStep,numberOfRobotsOnBlackSite,numberOfRobotsOnWhiteSite
25321,27,11
timeStep,numberOfRobotsOnBlackSite,numberOfRobotsOnWhiteSite
25322,27,11
timeStep,numberOfRobotsOnBlackSite,numberOfRobotsOnWhiteSite
25323,27,11
timeStep,numberOfRobotsOnBlackSite,numberOfRobotsOnWhiteSite
25324,27,11
timeStep,numberOfRobotsOnBlackSite,numberOfRobotsOnWhiteSite
25325,27,11
timeStep,numberOfRobotsOnBlackSite,numberOfRobotsOnWhiteSite
25326,27,11
timeStep,numberOfRobotsOnBlackSite,numberOfRobotsOnWhiteSite
25327,27,11
timeStep,numberOfRobotsOnBlackSite,numberOfRobotsOnWhiteSite
25328,27,11
timeStep,numberOfRobotsOnBlackSite,numberOfRobotsOnWhiteSite
25329,27,11
timeStep,numberOfRobotsOnBlackSite,numberOfRobotsOnWhiteSite
25330,27,11
timeStep,numberOfRobotsOnBlackSite,numberOfRobotsOnWhiteSite
25331,27,11
timeStep,numberOfRobotsOnBlackSite,numberOfRobotsOnWhiteSite
25332,27,11
timeStep,numberOfRobotsOnBlackSite,numberOfRobotsOnWhiteSite
25333,27,11
timeStep,numberOfRobotsOnBlackSite,numberOfRobotsOnWhiteSite
25334,27,11
timeStep,numberOfRobotsOnBlackSite,numberOfRobotsOnWhiteSite
25335,27,11
timeStep,numberOfRobotsOnBlackSite,numberOfRobotsOnWhiteSite
25336,27,11
timeStep,numberOfRobotsOnBlackSite,numberOfRobotsOnWhiteSite
25337,27,11
timeStep,numberOfRobotsOnBlackSite,numberOfRobotsOnWhiteSite
25338,27,11
timeStep,numberOfRobotsOnBlackSite,numberOfRobotsOnWhiteSite
25339,27,11
timeStep,numberOfRobotsOnBlackSite,numberOfRobotsOnWhiteSite
25340,27,11
timeStep,numberOfRobotsOnBlackSite,numberOfRobotsOnWhiteSite
25341,27,11
timeStep,numberOfRobotsOnBlackSite,numberOfRobotsOnWhiteSite
25342,27,11
timeStep,numberOfRobotsOnBlackSite,numberOfRobotsOnWhiteSite
25343,27,11
timeStep,numberOfRobotsOnBlackSite,numberOfRobotsOnWhiteSite
25344,27,11
timeStep,numberOfRobotsOnBlackSite,numberOfRobotsOnWhiteSite
25345,27,11
timeStep,numberOfRobotsOnBlackSite,numberOfRobotsOnWhiteSite
25346,27,11
timeStep,numberOfRobotsOnBlackSite,numberOfRobotsOnWhiteSite
25347,27,11
timeStep,numberOfRobotsOnBlackSite,numberOfRobotsOnWhiteSite
25348,27,11
timeStep,numberOfRobotsOnBlackSite,numberOfRobotsOnWhiteSite
25349,27,11
timeStep,numberOfRobotsOnBlackSite,numberOfRobotsOnWhiteSite
25350,27,11
timeStep,numberOfRobotsOnBlackSite,numberOfRobotsOnWhiteSite
25351,27,11
timeStep,numberOfRobotsOnBlackSite,numberOfRobotsOnWhiteSite
25352,27,11
timeStep,numberOfRobotsOnBlackSite,numberOfRobotsOnWhiteSite
25353,27,11
timeStep,numberOfRobotsOnBlackSite,numberOfRobotsOnWhiteSite
25354,27,11
timeStep,numberOfRobotsOnBlackSite,numberOfRobotsOnWhiteSite
25355,27,11
timeStep,numberOfRobotsOnBlackSite,numberOfRobotsOnWhiteSite
25356,27,11
timeStep,numberOfRobotsOnBlackSite,numberOfRobotsOnWhiteSite
25357,27,11
timeStep,numberOfRobotsOnBlackSite,numberOfRobotsOnWhiteSite
25358,27,11
timeStep,numberOfRobotsOnBlackSite,numberOfRobotsOnWhiteSite
25359,27,11
timeStep,numberOfRobotsOnBlackSite,numberOfRobotsOnWhiteSite
25360,27,10
timeStep,numberOfRobotsOnBlackSite,numberOfRobotsOnWhiteSite
25361,27,10
timeStep,numberOfRobotsOnBlackSite,numberOfRobotsOnWhiteSite
25362,27,10
timeStep,numberOfRobotsOnBlackSite,numberOfRobotsOnWhiteSite
25363,27,10
timeStep,numberOfRobotsOnBlackSite,numberOfRobotsOnWhiteSite
25364,27,10
timeStep,numberOfRobotsOnBlackSite,numberOfRobotsOnWhiteSite
25365,27,10
timeStep,numberOfRobotsOnBlackSite,numberOfRobotsOnWhiteSite
25366,27,10
timeStep,numberOfRobotsOnBlackSite,numberOfRobotsOnWhiteSite
25367,27,10
timeStep,numberOfRobotsOnBlackSite,numberOfRobotsOnWhiteSite
25368,27,10
timeStep,numberOfRobotsOnBlackSite,numberOfRobotsOnWhiteSite
25369,27,10
timeStep,numberOfRobotsOnBlackSite,numberOfRobotsOnWhiteSite
25370,27,10
timeStep,numberOfRobotsOnBlackSite,numberOfRobotsOnWhiteSite
25371,27,10
timeStep,numberOfRobotsOnBlackSite,numberOfRobotsOnWhiteSite
25372,27,10
timeStep,numberOfRobotsOnBlackSite,numberOfRobotsOnWhiteSite
25373,27,10
timeStep,numberOfRobotsOnBlackSite,numberOfRobotsOnWhiteSite
25374,27,10
timeStep,numberOfRobotsOnBlackSite,numberOfRobotsOnWhiteSite
25375,27,10
timeStep,numberOfRobotsOnBlackSite,numberOfRobotsOnWhiteSite
25376,27,10
timeStep,numberOfRobotsOnBlackSite,numberOfRobotsOnWhiteSite
25377,27,10
timeStep,numberOfRobotsOnBlackSite,numberOfRobotsOnWhiteSite
25378,27,10
timeStep,numberOfRobotsOnBlackSite,numberOfRobotsOnWhiteSite
25379,27,10
timeStep,numberOfRobotsOnBlackSite,numberOfRobotsOnWhiteSite
25380,27,10
timeStep,numberOfRobotsOnBlackSite,numberOfRobotsOnWhiteSite
25381,27,10
timeStep,numberOfRobotsOnBlackSite,numberOfRobotsOnWhiteSite
25382,27,10
timeStep,numberOfRobotsOnBlackSite,numberOfRobotsOnWhiteSite
25383,27,10
timeStep,numberOfRobotsOnBlackSite,numberOfRobotsOnWhiteSite
25384,27,10
timeStep,numberOfRobotsOnBlackSite,numberOfRobotsOnWhiteSite
25385,27,11
timeStep,numberOfRobotsOnBlackSite,numberOfRobotsOnWhiteSite
25386,27,11
timeStep,numberOfRobotsOnBlackSite,numberOfRobotsOnWhiteSite
25387,27,11
timeStep,numberOfRobotsOnBlackSite,numberOfRobotsOnWhiteSite
25388,27,11
timeStep,numberOfRobotsOnBlackSite,numberOfRobotsOnWhiteSite
25389,27,11
timeStep,numberOfRobotsOnBlackSite,numberOfRobotsOnWhiteSite
25390,27,11
timeStep,numberOfRobotsOnBlackSite,numberOfRobotsOnWhiteSite
25391,27,11
timeStep,numberOfRobotsOnBlackSite,numberOfRobotsOnWhiteSite
25392,27,11
timeStep,numberOfRobotsOnBlackSite,numberOfRobotsOnWhiteSite
25393,27,11
timeStep,numberOfRobotsOnBlackSite,numberOfRobotsOnWhiteSite
25394,27,11
timeStep,numberOfRobotsOnBlackSite,numberOfRobotsOnWhiteSite
25395,27,11
timeStep,numberOfRobotsOnBlackSite,numberOfRobotsOnWhiteSite
25396,27,11
timeStep,numberOfRobotsOnBlackSite,numberOfRobotsOnWhiteSite
25397,27,11
timeStep,numberOfRobotsOnBlackSite,numberOfRobotsOnWhiteSite
25398,27,11
timeStep,numberOfRobotsOnBlackSite,numberOfRobotsOnWhiteSite
25399,27,11
timeStep,numberOfRobotsOnBlackSite,numberOfRobotsOnWhiteSite
25400,27,11
timeStep,numberOfRobotsOnBlackSite,numberOfRobotsOnWhiteSite
25401,27,11
timeStep,numberOfRobotsOnBlackSite,numberOfRobotsOnWhiteSite
25402,27,11
timeStep,numberOfRobotsOnBlackSite,numberOfRobotsOnWhiteSite
25403,27,11
timeStep,numberOfRobotsOnBlackSite,numberOfRobotsOnWhiteSite
25404,27,11
timeStep,numberOfRobotsOnBlackSite,numberOfRobotsOnWhiteSite
25405,27,11
timeStep,numberOfRobotsOnBlackSite,numberOfRobotsOnWhiteSite
25406,27,11
timeStep,numberOfRobotsOnBlackSite,numberOfRobotsOnWhiteSite
25407,27,11
timeStep,numberOfRobotsOnBlackSite,numberOfRobotsOnWhiteSite
25408,27,11
timeStep,numberOfRobotsOnBlackSite,numberOfRobotsOnWhiteSite
25409,27,11
timeStep,numberOfRobotsOnBlackSite,numberOfRobotsOnWhiteSite
25410,27,11
timeStep,numberOfRobotsOnBlackSite,numberOfRobotsOnWhiteSite
25411,27,11
timeStep,numberOfRobotsOnBlackSite,numberOfRobotsOnWhiteSite
25412,27,11
timeStep,numberOfRobotsOnBlackSite,numberOfRobotsOnWhiteSite
25413,27,11
timeStep,numberOfRobotsOnBlackSite,numberOfRobotsOnWhiteSite
25414,27,11
timeStep,numberOfRobotsOnBlackSite,numberOfRobotsOnWhiteSite
25415,27,11
timeStep,numberOfRobotsOnBlackSite,numberOfRobotsOnWhiteSite
25416,27,11
timeStep,numberOfRobotsOnBlackSite,numberOfRobotsOnWhiteSite
25417,27,11
timeStep,numberOfRobotsOnBlackSite,numberOfRobotsOnWhiteSite
25418,27,11
timeStep,numberOfRobotsOnBlackSite,numberOfRobotsOnWhiteSite
25419,27,11
timeStep,numberOfRobotsOnBlackSite,numberOfRobotsOnWhiteSite
25420,27,12
timeStep,numberOfRobotsOnBlackSite,numberOfRobotsOnWhiteSite
25421,27,12
timeStep,numberOfRobotsOnBlackSite,numberOfRobotsOnWhiteSite
25422,27,12
timeStep,numberOfRobotsOnBlackSite,numberOfRobotsOnWhiteSite
25423,27,12
timeStep,numberOfRobotsOnBlackSite,numberOfRobotsOnWhiteSite
25424,27,12
timeStep,numberOfRobotsOnBlackSite,numberOfRobotsOnWhiteSite
25425,27,11
timeStep,numberOfRobotsOnBlackSite,numberOfRobotsOnWhiteSite
25426,27,11
timeStep,numberOfRobotsOnBlackSite,numberOfRobotsOnWhiteSite
25427,27,11
timeStep,numberOfRobotsOnBlackSite,numberOfRobotsOnWhiteSite
25428,27,11
timeStep,numberOfRobotsOnBlackSite,numberOfRobotsOnWhiteSite
25429,27,11
timeStep,numberOfRobotsOnBlackSite,numberOfRobotsOnWhiteSite
25430,27,11
timeStep,numberOfRobotsOnBlackSite,numberOfRobotsOnWhiteSite
25431,27,11
timeStep,numberOfRobotsOnBlackSite,numberOfRobotsOnWhiteSite
25432,27,11
timeStep,numberOfRobotsOnBlackSite,numberOfRobotsOnWhiteSite
25433,27,11
timeStep,numberOfRobotsOnBlackSite,numberOfRobotsOnWhiteSite
25434,27,11
timeStep,numberOfRobotsOnBlackSite,numberOfRobotsOnWhiteSite
25435,27,11
timeStep,numberOfRobotsOnBlackSite,numberOfRobotsOnWhiteSite
25436,27,11
timeStep,numberOfRobotsOnBlackSite,numberOfRobotsOnWhiteSite
25437,27,11
timeStep,numberOfRobotsOnBlackSite,numberOfRobotsOnWhiteSite
25438,27,11
timeStep,numberOfRobotsOnBlackSite,numberOfRobotsOnWhiteSite
25439,27,11
timeStep,numberOfRobotsOnBlackSite,numberOfRobotsOnWhiteSite
25440,27,11
timeStep,numberOfRobotsOnBlackSite,numberOfRobotsOnWhiteSite
25441,27,11
timeStep,numberOfRobotsOnBlackSite,numberOfRobotsOnWhiteSite
25442,27,11
timeStep,numberOfRobotsOnBlackSite,numberOfRobotsOnWhiteSite
25443,27,11
timeStep,numberOfRobotsOnBlackSite,numberOfRobotsOnWhiteSite
25444,27,11
timeStep,numberOfRobotsOnBlackSite,numberOfRobotsOnWhiteSite
25445,27,11
timeStep,numberOfRobotsOnBlackSite,numberOfRobotsOnWhiteSite
25446,27,11
timeStep,numberOfRobotsOnBlackSite,numberOfRobotsOnWhiteSite
25447,27,11
timeStep,numberOfRobotsOnBlackSite,numberOfRobotsOnWhiteSite
25448,27,11
timeStep,numberOfRobotsOnBlackSite,numberOfRobotsOnWhiteSite
25449,27,11
timeStep,numberOfRobotsOnBlackSite,numberOfRobotsOnWhiteSite
25450,27,11
timeStep,numberOfRobotsOnBlackSite,numberOfRobotsOnWhiteSite
25451,27,11
timeStep,numberOfRobotsOnBlackSite,numberOfRobotsOnWhiteSite
25452,27,11
timeStep,numberOfRobotsOnBlackSite,numberOfRobotsOnWhiteSite
25453,27,11
timeStep,numberOfRobotsOnBlackSite,numberOfRobotsOnWhiteSite
25454,27,11
timeStep,numberOfRobotsOnBlackSite,numberOfRobotsOnWhiteSite
25455,27,11
timeStep,numberOfRobotsOnBlackSite,numberOfRobotsOnWhiteSite
25456,27,11
timeStep,numberOfRobotsOnBlackSite,numberOfRobotsOnWhiteSite
25457,27,11
timeStep,numberOfRobotsOnBlackSite,numberOfRobotsOnWhiteSite
25458,27,11
timeStep,numberOfRobotsOnBlackSite,numberOfRobotsOnWhiteSite
25459,27,11
timeStep,numberOfRobotsOnBlackSite,numberOfRobotsOnWhiteSite
25460,27,11
timeStep,numberOfRobotsOnBlackSite,numberOfRobotsOnWhiteSite
25461,27,11
timeStep,numberOfRobotsOnBlackSite,numberOfRobotsOnWhiteSite
25462,27,11
timeStep,numberOfRobotsOnBlackSite,numberOfRobotsOnWhiteSite
25463,27,11
timeStep,numberOfRobotsOnBlackSite,numberOfRobotsOnWhiteSite
25464,27,11
timeStep,numberOfRobotsOnBlackSite,numberOfRobotsOnWhiteSite
25465,27,11
timeStep,numberOfRobotsOnBlackSite,numberOfRobotsOnWhiteSite
25466,27,11
timeStep,numberOfRobotsOnBlackSite,numberOfRobotsOnWhiteSite
25467,27,11
timeStep,numberOfRobotsOnBlackSite,numberOfRobotsOnWhiteSite
25468,27,11
timeStep,numberOfRobotsOnBlackSite,numberOfRobotsOnWhiteSite
25469,27,11
timeStep,numberOfRobotsOnBlackSite,numberOfRobotsOnWhiteSite
25470,27,11
timeStep,numberOfRobotsOnBlackSite,numberOfRobotsOnWhiteSite
25471,27,11
timeStep,numberOfRobotsOnBlackSite,numberOfRobotsOnWhiteSite
25472,27,11
timeStep,numberOfRobotsOnBlackSite,numberOfRobotsOnWhiteSite
25473,27,11
timeStep,numberOfRobotsOnBlackSite,numberOfRobotsOnWhiteSite
25474,27,11
timeStep,numberOfRobotsOnBlackSite,numberOfRobotsOnWhiteSite
25475,27,11
timeStep,numberOfRobotsOnBlackSite,numberOfRobotsOnWhiteSite
25476,27,11
timeStep,numberOfRobotsOnBlackSite,numberOfRobotsOnWhiteSite
25477,27,11
timeStep,numberOfRobotsOnBlackSite,numberOfRobotsOnWhiteSite
25478,27,11
timeStep,numberOfRobotsOnBlackSite,numberOfRobotsOnWhiteSite
25479,27,11
timeStep,numberOfRobotsOnBlackSite,numberOfRobotsOnWhiteSite
25480,27,11
timeStep,numberOfRobotsOnBlackSite,numberOfRobotsOnWhiteSite
25481,27,11
timeStep,numberOfRobotsOnBlackSite,numberOfRobotsOnWhiteSite
25482,27,11
timeStep,numberOfRobotsOnBlackSite,numberOfRobotsOnWhiteSite
25483,27,11
timeStep,numberOfRobotsOnBlackSite,numberOfRobotsOnWhiteSite
25484,27,11
timeStep,numberOfRobotsOnBlackSite,numberOfRobotsOnWhiteSite
25485,27,11
timeStep,numberOfRobotsOnBlackSite,numberOfRobotsOnWhiteSite
25486,27,11
timeStep,numberOfRobotsOnBlackSite,numberOfRobotsOnWhiteSite
25487,27,11
timeStep,numberOfRobotsOnBlackSite,numberOfRobotsOnWhiteSite
25488,27,11
timeStep,numberOfRobotsOnBlackSite,numberOfRobotsOnWhiteSite
25489,27,11
timeStep,numberOfRobotsOnBlackSite,numberOfRobotsOnWhiteSite
25490,27,11
timeStep,numberOfRobotsOnBlackSite,numberOfRobotsOnWhiteSite
25491,27,11
timeStep,numberOfRobotsOnBlackSite,numberOfRobotsOnWhiteSite
25492,27,11
timeStep,numberOfRobotsOnBlackSite,numberOfRobotsOnWhiteSite
25493,27,11
timeStep,numberOfRobotsOnBlackSite,numberOfRobotsOnWhiteSite
25494,27,11
timeStep,numberOfRobotsOnBlackSite,numberOfRobotsOnWhiteSite
25495,27,11
timeStep,numberOfRobotsOnBlackSite,numberOfRobotsOnWhiteSite
25496,27,11
timeStep,numberOfRobotsOnBlackSite,numberOfRobotsOnWhiteSite
25497,27,11
timeStep,numberOfRobotsOnBlackSite,numberOfRobotsOnWhiteSite
25498,27,11
timeStep,numberOfRobotsOnBlackSite,numberOfRobotsOnWhiteSite
25499,27,11
timeStep,numberOfRobotsOnBlackSite,numberOfRobotsOnWhiteSite
25500,27,11
timeStep,numberOfRobotsOnBlackSite,numberOfRobotsOnWhiteSite
25501,27,11
timeStep,numberOfRobotsOnBlackSite,numberOfRobotsOnWhiteSite
25502,27,11
timeStep,numberOfRobotsOnBlackSite,numberOfRobotsOnWhiteSite
25503,27,11
timeStep,numberOfRobotsOnBlackSite,numberOfRobotsOnWhiteSite
25504,27,11
timeStep,numberOfRobotsOnBlackSite,numberOfRobotsOnWhiteSite
25505,27,11
timeStep,numberOfRobotsOnBlackSite,numberOfRobotsOnWhiteSite
25506,27,11
timeStep,numberOfRobotsOnBlackSite,numberOfRobotsOnWhiteSite
25507,27,11
timeStep,numberOfRobotsOnBlackSite,numberOfRobotsOnWhiteSite
25508,27,11
timeStep,numberOfRobotsOnBlackSite,numberOfRobotsOnWhiteSite
25509,27,11
timeStep,numberOfRobotsOnBlackSite,numberOfRobotsOnWhiteSite
25510,27,11
timeStep,numberOfRobotsOnBlackSite,numberOfRobotsOnWhiteSite
25511,27,11
timeStep,numberOfRobotsOnBlackSite,numberOfRobotsOnWhiteSite
25512,27,11
timeStep,numberOfRobotsOnBlackSite,numberOfRobotsOnWhiteSite
25513,27,11
timeStep,numberOfRobotsOnBlackSite,numberOfRobotsOnWhiteSite
25514,27,11
timeStep,numberOfRobotsOnBlackSite,numberOfRobotsOnWhiteSite
25515,27,11
timeStep,numberOfRobotsOnBlackSite,numberOfRobotsOnWhiteSite
25516,27,11
timeStep,numberOfRobotsOnBlackSite,numberOfRobotsOnWhiteSite
25517,27,11
timeStep,numberOfRobotsOnBlackSite,numberOfRobotsOnWhiteSite
25518,27,11
timeStep,numberOfRobotsOnBlackSite,numberOfRobotsOnWhiteSite
25519,27,11
timeStep,numberOfRobotsOnBlackSite,numberOfRobotsOnWhiteSite
25520,27,11
timeStep,numberOfRobotsOnBlackSite,numberOfRobotsOnWhiteSite
25521,27,11
timeStep,numberOfRobotsOnBlackSite,numberOfRobotsOnWhiteSite
25522,27,11
timeStep,numberOfRobotsOnBlackSite,numberOfRobotsOnWhiteSite
25523,27,11
timeStep,numberOfRobotsOnBlackSite,numberOfRobotsOnWhiteSite
25524,27,11
timeStep,numberOfRobotsOnBlackSite,numberOfRobotsOnWhiteSite
25525,27,11
timeStep,numberOfRobotsOnBlackSite,numberOfRobotsOnWhiteSite
25526,27,11
timeStep,numberOfRobotsOnBlackSite,numberOfRobotsOnWhiteSite
25527,27,11
timeStep,numberOfRobotsOnBlackSite,numberOfRobotsOnWhiteSite
25528,27,11
timeStep,numberOfRobotsOnBlackSite,numberOfRobotsOnWhiteSite
25529,27,11
timeStep,numberOfRobotsOnBlackSite,numberOfRobotsOnWhiteSite
25530,27,11
timeStep,numberOfRobotsOnBlackSite,numberOfRobotsOnWhiteSite
25531,27,11
timeStep,numberOfRobotsOnBlackSite,numberOfRobotsOnWhiteSite
25532,27,11
timeStep,numberOfRobotsOnBlackSite,numberOfRobotsOnWhiteSite
25533,27,11
timeStep,numberOfRobotsOnBlackSite,numberOfRobotsOnWhiteSite
25534,27,11
timeStep,numberOfRobotsOnBlackSite,numberOfRobotsOnWhiteSite
25535,27,11
timeStep,numberOfRobotsOnBlackSite,numberOfRobotsOnWhiteSite
25536,27,11
timeStep,numberOfRobotsOnBlackSite,numberOfRobotsOnWhiteSite
25537,27,11
timeStep,numberOfRobotsOnBlackSite,numberOfRobotsOnWhiteSite
25538,27,11
timeStep,numberOfRobotsOnBlackSite,numberOfRobotsOnWhiteSite
25539,27,11
timeStep,numberOfRobotsOnBlackSite,numberOfRobotsOnWhiteSite
25540,27,11
timeStep,numberOfRobotsOnBlackSite,numberOfRobotsOnWhiteSite
25541,27,11
timeStep,numberOfRobotsOnBlackSite,numberOfRobotsOnWhiteSite
25542,27,11
timeStep,numberOfRobotsOnBlackSite,numberOfRobotsOnWhiteSite
25543,27,11
timeStep,numberOfRobotsOnBlackSite,numberOfRobotsOnWhiteSite
25544,27,11
timeStep,numberOfRobotsOnBlackSite,numberOfRobotsOnWhiteSite
25545,27,11
timeStep,numberOfRobotsOnBlackSite,numberOfRobotsOnWhiteSite
25546,27,11
timeStep,numberOfRobotsOnBlackSite,numberOfRobotsOnWhiteSite
25547,27,11
timeStep,numberOfRobotsOnBlackSite,numberOfRobotsOnWhiteSite
25548,27,11
timeStep,numberOfRobotsOnBlackSite,numberOfRobotsOnWhiteSite
25549,27,11
timeStep,numberOfRobotsOnBlackSite,numberOfRobotsOnWhiteSite
25550,27,11
timeStep,numberOfRobotsOnBlackSite,numberOfRobotsOnWhiteSite
25551,27,11
timeStep,numberOfRobotsOnBlackSite,numberOfRobotsOnWhiteSite
25552,27,11
timeStep,numberOfRobotsOnBlackSite,numberOfRobotsOnWhiteSite
25553,27,11
timeStep,numberOfRobotsOnBlackSite,numberOfRobotsOnWhiteSite
25554,27,11
timeStep,numberOfRobotsOnBlackSite,numberOfRobotsOnWhiteSite
25555,27,11
timeStep,numberOfRobotsOnBlackSite,numberOfRobotsOnWhiteSite
25556,27,11
timeStep,numberOfRobotsOnBlackSite,numberOfRobotsOnWhiteSite
25557,27,11
timeStep,numberOfRobotsOnBlackSite,numberOfRobotsOnWhiteSite
25558,27,11
timeStep,numberOfRobotsOnBlackSite,numberOfRobotsOnWhiteSite
25559,27,11
timeStep,numberOfRobotsOnBlackSite,numberOfRobotsOnWhiteSite
25560,27,11
timeStep,numberOfRobotsOnBlackSite,numberOfRobotsOnWhiteSite
25561,27,11
timeStep,numberOfRobotsOnBlackSite,numberOfRobotsOnWhiteSite
25562,27,11
timeStep,numberOfRobotsOnBlackSite,numberOfRobotsOnWhiteSite
25563,27,11
timeStep,numberOfRobotsOnBlackSite,numberOfRobotsOnWhiteSite
25564,27,11
timeStep,numberOfRobotsOnBlackSite,numberOfRobotsOnWhiteSite
25565,27,11
timeStep,numberOfRobotsOnBlackSite,numberOfRobotsOnWhiteSite
25566,27,11
timeStep,numberOfRobotsOnBlackSite,numberOfRobotsOnWhiteSite
25567,27,11
timeStep,numberOfRobotsOnBlackSite,numberOfRobotsOnWhiteSite
25568,27,11
timeStep,numberOfRobotsOnBlackSite,numberOfRobotsOnWhiteSite
25569,27,11
timeStep,numberOfRobotsOnBlackSite,numberOfRobotsOnWhiteSite
25570,27,11
timeStep,numberOfRobotsOnBlackSite,numberOfRobotsOnWhiteSite
25571,27,11
timeStep,numberOfRobotsOnBlackSite,numberOfRobotsOnWhiteSite
25572,27,11
timeStep,numberOfRobotsOnBlackSite,numberOfRobotsOnWhiteSite
25573,27,11
timeStep,numberOfRobotsOnBlackSite,numberOfRobotsOnWhiteSite
25574,27,11
timeStep,numberOfRobotsOnBlackSite,numberOfRobotsOnWhiteSite
25575,27,11
timeStep,numberOfRobotsOnBlackSite,numberOfRobotsOnWhiteSite
25576,27,11
timeStep,numberOfRobotsOnBlackSite,numberOfRobotsOnWhiteSite
25577,27,11
timeStep,numberOfRobotsOnBlackSite,numberOfRobotsOnWhiteSite
25578,27,11
timeStep,numberOfRobotsOnBlackSite,numberOfRobotsOnWhiteSite
25579,27,11
timeStep,numberOfRobotsOnBlackSite,numberOfRobotsOnWhiteSite
25580,27,11
timeStep,numberOfRobotsOnBlackSite,numberOfRobotsOnWhiteSite
25581,27,11
timeStep,numberOfRobotsOnBlackSite,numberOfRobotsOnWhiteSite
25582,27,11
timeStep,numberOfRobotsOnBlackSite,numberOfRobotsOnWhiteSite
25583,27,11
timeStep,numberOfRobotsOnBlackSite,numberOfRobotsOnWhiteSite
25584,27,11
timeStep,numberOfRobotsOnBlackSite,numberOfRobotsOnWhiteSite
25585,27,11
timeStep,numberOfRobotsOnBlackSite,numberOfRobotsOnWhiteSite
25586,27,11
timeStep,numberOfRobotsOnBlackSite,numberOfRobotsOnWhiteSite
25587,27,11
timeStep,numberOfRobotsOnBlackSite,numberOfRobotsOnWhiteSite
25588,27,11
timeStep,numberOfRobotsOnBlackSite,numberOfRobotsOnWhiteSite
25589,27,11
timeStep,numberOfRobotsOnBlackSite,numberOfRobotsOnWhiteSite
25590,27,11
timeStep,numberOfRobotsOnBlackSite,numberOfRobotsOnWhiteSite
25591,27,11
timeStep,numberOfRobotsOnBlackSite,numberOfRobotsOnWhiteSite
25592,27,11
timeStep,numberOfRobotsOnBlackSite,numberOfRobotsOnWhiteSite
25593,27,11
timeStep,numberOfRobotsOnBlackSite,numberOfRobotsOnWhiteSite
25594,27,11
timeStep,numberOfRobotsOnBlackSite,numberOfRobotsOnWhiteSite
25595,27,11
timeStep,numberOfRobotsOnBlackSite,numberOfRobotsOnWhiteSite
25596,27,11
timeStep,numberOfRobotsOnBlackSite,numberOfRobotsOnWhiteSite
25597,27,11
timeStep,numberOfRobotsOnBlackSite,numberOfRobotsOnWhiteSite
25598,27,11
timeStep,numberOfRobotsOnBlackSite,numberOfRobotsOnWhiteSite
25599,27,11
timeStep,numberOfRobotsOnBlackSite,numberOfRobotsOnWhiteSite
25600,27,11
timeStep,numberOfRobotsOnBlackSite,numberOfRobotsOnWhiteSite
25601,27,11
timeStep,numberOfRobotsOnBlackSite,numberOfRobotsOnWhiteSite
25602,27,11
timeStep,numberOfRobotsOnBlackSite,numberOfRobotsOnWhiteSite
25603,27,11
timeStep,numberOfRobotsOnBlackSite,numberOfRobotsOnWhiteSite
25604,27,11
timeStep,numberOfRobotsOnBlackSite,numberOfRobotsOnWhiteSite
25605,27,11
timeStep,numberOfRobotsOnBlackSite,numberOfRobotsOnWhiteSite
25606,27,11
timeStep,numberOfRobotsOnBlackSite,numberOfRobotsOnWhiteSite
25607,27,11
timeStep,numberOfRobotsOnBlackSite,numberOfRobotsOnWhiteSite
25608,27,11
timeStep,numberOfRobotsOnBlackSite,numberOfRobotsOnWhiteSite
25609,27,11
timeStep,numberOfRobotsOnBlackSite,numberOfRobotsOnWhiteSite
25610,27,11
timeStep,numberOfRobotsOnBlackSite,numberOfRobotsOnWhiteSite
25611,27,11
timeStep,numberOfRobotsOnBlackSite,numberOfRobotsOnWhiteSite
25612,27,11
timeStep,numberOfRobotsOnBlackSite,numberOfRobotsOnWhiteSite
25613,27,11
timeStep,numberOfRobotsOnBlackSite,numberOfRobotsOnWhiteSite
25614,27,11
timeStep,numberOfRobotsOnBlackSite,numberOfRobotsOnWhiteSite
25615,27,11
timeStep,numberOfRobotsOnBlackSite,numberOfRobotsOnWhiteSite
25616,27,11
timeStep,numberOfRobotsOnBlackSite,numberOfRobotsOnWhiteSite
25617,27,11
timeStep,numberOfRobotsOnBlackSite,numberOfRobotsOnWhiteSite
25618,27,11
timeStep,numberOfRobotsOnBlackSite,numberOfRobotsOnWhiteSite
25619,27,11
timeStep,numberOfRobotsOnBlackSite,numberOfRobotsOnWhiteSite
25620,26,11
timeStep,numberOfRobotsOnBlackSite,numberOfRobotsOnWhiteSite
25621,26,11
timeStep,numberOfRobotsOnBlackSite,numberOfRobotsOnWhiteSite
25622,26,11
timeStep,numberOfRobotsOnBlackSite,numberOfRobotsOnWhiteSite
25623,26,11
timeStep,numberOfRobotsOnBlackSite,numberOfRobotsOnWhiteSite
25624,26,11
timeStep,numberOfRobotsOnBlackSite,numberOfRobotsOnWhiteSite
25625,26,11
timeStep,numberOfRobotsOnBlackSite,numberOfRobotsOnWhiteSite
25626,26,11
timeStep,numberOfRobotsOnBlackSite,numberOfRobotsOnWhiteSite
25627,26,11
timeStep,numberOfRobotsOnBlackSite,numberOfRobotsOnWhiteSite
25628,26,11
timeStep,numberOfRobotsOnBlackSite,numberOfRobotsOnWhiteSite
25629,26,11
timeStep,numberOfRobotsOnBlackSite,numberOfRobotsOnWhiteSite
25630,26,11
timeStep,numberOfRobotsOnBlackSite,numberOfRobotsOnWhiteSite
25631,26,11
timeStep,numberOfRobotsOnBlackSite,numberOfRobotsOnWhiteSite
25632,26,11
timeStep,numberOfRobotsOnBlackSite,numberOfRobotsOnWhiteSite
25633,26,11
timeStep,numberOfRobotsOnBlackSite,numberOfRobotsOnWhiteSite
25634,26,11
timeStep,numberOfRobotsOnBlackSite,numberOfRobotsOnWhiteSite
25635,26,11
timeStep,numberOfRobotsOnBlackSite,numberOfRobotsOnWhiteSite
25636,26,11
timeStep,numberOfRobotsOnBlackSite,numberOfRobotsOnWhiteSite
25637,26,11
timeStep,numberOfRobotsOnBlackSite,numberOfRobotsOnWhiteSite
25638,26,11
timeStep,numberOfRobotsOnBlackSite,numberOfRobotsOnWhiteSite
25639,26,11
timeStep,numberOfRobotsOnBlackSite,numberOfRobotsOnWhiteSite
25640,26,11
timeStep,numberOfRobotsOnBlackSite,numberOfRobotsOnWhiteSite
25641,26,11
timeStep,numberOfRobotsOnBlackSite,numberOfRobotsOnWhiteSite
25642,26,11
timeStep,numberOfRobotsOnBlackSite,numberOfRobotsOnWhiteSite
25643,26,11
timeStep,numberOfRobotsOnBlackSite,numberOfRobotsOnWhiteSite
25644,26,11
timeStep,numberOfRobotsOnBlackSite,numberOfRobotsOnWhiteSite
25645,26,11
timeStep,numberOfRobotsOnBlackSite,numberOfRobotsOnWhiteSite
25646,26,11
timeStep,numberOfRobotsOnBlackSite,numberOfRobotsOnWhiteSite
25647,26,11
timeStep,numberOfRobotsOnBlackSite,numberOfRobotsOnWhiteSite
25648,26,11
timeStep,numberOfRobotsOnBlackSite,numberOfRobotsOnWhiteSite
25649,26,11
timeStep,numberOfRobotsOnBlackSite,numberOfRobotsOnWhiteSite
25650,25,11
timeStep,numberOfRobotsOnBlackSite,numberOfRobotsOnWhiteSite
25651,25,11
timeStep,numberOfRobotsOnBlackSite,numberOfRobotsOnWhiteSite
25652,25,11
timeStep,numberOfRobotsOnBlackSite,numberOfRobotsOnWhiteSite
25653,25,11
timeStep,numberOfRobotsOnBlackSite,numberOfRobotsOnWhiteSite
25654,25,11
timeStep,numberOfRobotsOnBlackSite,numberOfRobotsOnWhiteSite
25655,25,11
timeStep,numberOfRobotsOnBlackSite,numberOfRobotsOnWhiteSite
25656,25,11
timeStep,numberOfRobotsOnBlackSite,numberOfRobotsOnWhiteSite
25657,25,11
timeStep,numberOfRobotsOnBlackSite,numberOfRobotsOnWhiteSite
25658,25,11
timeStep,numberOfRobotsOnBlackSite,numberOfRobotsOnWhiteSite
25659,25,11
timeStep,numberOfRobotsOnBlackSite,numberOfRobotsOnWhiteSite
25660,25,11
timeStep,numberOfRobotsOnBlackSite,numberOfRobotsOnWhiteSite
25661,25,11
timeStep,numberOfRobotsOnBlackSite,numberOfRobotsOnWhiteSite
25662,25,11
timeStep,numberOfRobotsOnBlackSite,numberOfRobotsOnWhiteSite
25663,25,11
timeStep,numberOfRobotsOnBlackSite,numberOfRobotsOnWhiteSite
25664,25,11
timeStep,numberOfRobotsOnBlackSite,numberOfRobotsOnWhiteSite
25665,25,11
timeStep,numberOfRobotsOnBlackSite,numberOfRobotsOnWhiteSite
25666,25,11
timeStep,numberOfRobotsOnBlackSite,numberOfRobotsOnWhiteSite
25667,25,11
timeStep,numberOfRobotsOnBlackSite,numberOfRobotsOnWhiteSite
25668,25,11
timeStep,numberOfRobotsOnBlackSite,numberOfRobotsOnWhiteSite
25669,25,11
timeStep,numberOfRobotsOnBlackSite,numberOfRobotsOnWhiteSite
25670,25,11
timeStep,numberOfRobotsOnBlackSite,numberOfRobotsOnWhiteSite
25671,25,11
timeStep,numberOfRobotsOnBlackSite,numberOfRobotsOnWhiteSite
25672,25,11
timeStep,numberOfRobotsOnBlackSite,numberOfRobotsOnWhiteSite
25673,25,11
timeStep,numberOfRobotsOnBlackSite,numberOfRobotsOnWhiteSite
25674,25,11
timeStep,numberOfRobotsOnBlackSite,numberOfRobotsOnWhiteSite
25675,25,11
timeStep,numberOfRobotsOnBlackSite,numberOfRobotsOnWhiteSite
25676,25,11
timeStep,numberOfRobotsOnBlackSite,numberOfRobotsOnWhiteSite
25677,25,11
timeStep,numberOfRobotsOnBlackSite,numberOfRobotsOnWhiteSite
25678,25,11
timeStep,numberOfRobotsOnBlackSite,numberOfRobotsOnWhiteSite
25679,25,11
timeStep,numberOfRobotsOnBlackSite,numberOfRobotsOnWhiteSite
25680,25,11
timeStep,numberOfRobotsOnBlackSite,numberOfRobotsOnWhiteSite
25681,25,11
timeStep,numberOfRobotsOnBlackSite,numberOfRobotsOnWhiteSite
25682,25,11
timeStep,numberOfRobotsOnBlackSite,numberOfRobotsOnWhiteSite
25683,25,11
timeStep,numberOfRobotsOnBlackSite,numberOfRobotsOnWhiteSite
25684,25,11
timeStep,numberOfRobotsOnBlackSite,numberOfRobotsOnWhiteSite
25685,25,11
timeStep,numberOfRobotsOnBlackSite,numberOfRobotsOnWhiteSite
25686,25,11
timeStep,numberOfRobotsOnBlackSite,numberOfRobotsOnWhiteSite
25687,25,11
timeStep,numberOfRobotsOnBlackSite,numberOfRobotsOnWhiteSite
25688,25,11
timeStep,numberOfRobotsOnBlackSite,numberOfRobotsOnWhiteSite
25689,25,11
timeStep,numberOfRobotsOnBlackSite,numberOfRobotsOnWhiteSite
25690,25,11
timeStep,numberOfRobotsOnBlackSite,numberOfRobotsOnWhiteSite
25691,25,11
timeStep,numberOfRobotsOnBlackSite,numberOfRobotsOnWhiteSite
25692,25,11
timeStep,numberOfRobotsOnBlackSite,numberOfRobotsOnWhiteSite
25693,25,11
timeStep,numberOfRobotsOnBlackSite,numberOfRobotsOnWhiteSite
25694,25,11
timeStep,numberOfRobotsOnBlackSite,numberOfRobotsOnWhiteSite
25695,25,11
timeStep,numberOfRobotsOnBlackSite,numberOfRobotsOnWhiteSite
25696,25,11
timeStep,numberOfRobotsOnBlackSite,numberOfRobotsOnWhiteSite
25697,25,11
timeStep,numberOfRobotsOnBlackSite,numberOfRobotsOnWhiteSite
25698,25,11
timeStep,numberOfRobotsOnBlackSite,numberOfRobotsOnWhiteSite
25699,25,11
timeStep,numberOfRobotsOnBlackSite,numberOfRobotsOnWhiteSite
25700,25,11
timeStep,numberOfRobotsOnBlackSite,numberOfRobotsOnWhiteSite
25701,25,11
timeStep,numberOfRobotsOnBlackSite,numberOfRobotsOnWhiteSite
25702,25,11
timeStep,numberOfRobotsOnBlackSite,numberOfRobotsOnWhiteSite
25703,25,11
timeStep,numberOfRobotsOnBlackSite,numberOfRobotsOnWhiteSite
25704,25,11
timeStep,numberOfRobotsOnBlackSite,numberOfRobotsOnWhiteSite
25705,26,11
timeStep,numberOfRobotsOnBlackSite,numberOfRobotsOnWhiteSite
25706,26,11
timeStep,numberOfRobotsOnBlackSite,numberOfRobotsOnWhiteSite
25707,26,11
timeStep,numberOfRobotsOnBlackSite,numberOfRobotsOnWhiteSite
25708,26,11
timeStep,numberOfRobotsOnBlackSite,numberOfRobotsOnWhiteSite
25709,26,11
timeStep,numberOfRobotsOnBlackSite,numberOfRobotsOnWhiteSite
25710,26,11
timeStep,numberOfRobotsOnBlackSite,numberOfRobotsOnWhiteSite
25711,26,11
timeStep,numberOfRobotsOnBlackSite,numberOfRobotsOnWhiteSite
25712,26,11
timeStep,numberOfRobotsOnBlackSite,numberOfRobotsOnWhiteSite
25713,26,11
timeStep,numberOfRobotsOnBlackSite,numberOfRobotsOnWhiteSite
25714,26,11
timeStep,numberOfRobotsOnBlackSite,numberOfRobotsOnWhiteSite
25715,26,11
timeStep,numberOfRobotsOnBlackSite,numberOfRobotsOnWhiteSite
25716,26,11
timeStep,numberOfRobotsOnBlackSite,numberOfRobotsOnWhiteSite
25717,26,11
timeStep,numberOfRobotsOnBlackSite,numberOfRobotsOnWhiteSite
25718,26,11
timeStep,numberOfRobotsOnBlackSite,numberOfRobotsOnWhiteSite
25719,26,11
timeStep,numberOfRobotsOnBlackSite,numberOfRobotsOnWhiteSite
25720,26,11
timeStep,numberOfRobotsOnBlackSite,numberOfRobotsOnWhiteSite
25721,26,11
timeStep,numberOfRobotsOnBlackSite,numberOfRobotsOnWhiteSite
25722,26,11
timeStep,numberOfRobotsOnBlackSite,numberOfRobotsOnWhiteSite
25723,26,11
timeStep,numberOfRobotsOnBlackSite,numberOfRobotsOnWhiteSite
25724,26,11
timeStep,numberOfRobotsOnBlackSite,numberOfRobotsOnWhiteSite
25725,26,11
timeStep,numberOfRobotsOnBlackSite,numberOfRobotsOnWhiteSite
25726,26,11
timeStep,numberOfRobotsOnBlackSite,numberOfRobotsOnWhiteSite
25727,26,11
timeStep,numberOfRobotsOnBlackSite,numberOfRobotsOnWhiteSite
25728,26,11
timeStep,numberOfRobotsOnBlackSite,numberOfRobotsOnWhiteSite
25729,26,11
timeStep,numberOfRobotsOnBlackSite,numberOfRobotsOnWhiteSite
25730,26,11
timeStep,numberOfRobotsOnBlackSite,numberOfRobotsOnWhiteSite
25731,26,11
timeStep,numberOfRobotsOnBlackSite,numberOfRobotsOnWhiteSite
25732,26,11
timeStep,numberOfRobotsOnBlackSite,numberOfRobotsOnWhiteSite
25733,26,11
timeStep,numberOfRobotsOnBlackSite,numberOfRobotsOnWhiteSite
25734,26,11
timeStep,numberOfRobotsOnBlackSite,numberOfRobotsOnWhiteSite
25735,26,11
timeStep,numberOfRobotsOnBlackSite,numberOfRobotsOnWhiteSite
25736,26,11
timeStep,numberOfRobotsOnBlackSite,numberOfRobotsOnWhiteSite
25737,26,11
timeStep,numberOfRobotsOnBlackSite,numberOfRobotsOnWhiteSite
25738,26,11
timeStep,numberOfRobotsOnBlackSite,numberOfRobotsOnWhiteSite
25739,26,11
timeStep,numberOfRobotsOnBlackSite,numberOfRobotsOnWhiteSite
25740,26,11
timeStep,numberOfRobotsOnBlackSite,numberOfRobotsOnWhiteSite
25741,26,11
timeStep,numberOfRobotsOnBlackSite,numberOfRobotsOnWhiteSite
25742,26,11
timeStep,numberOfRobotsOnBlackSite,numberOfRobotsOnWhiteSite
25743,26,11
timeStep,numberOfRobotsOnBlackSite,numberOfRobotsOnWhiteSite
25744,26,11
timeStep,numberOfRobotsOnBlackSite,numberOfRobotsOnWhiteSite
25745,26,11
timeStep,numberOfRobotsOnBlackSite,numberOfRobotsOnWhiteSite
25746,26,11
timeStep,numberOfRobotsOnBlackSite,numberOfRobotsOnWhiteSite
25747,26,11
timeStep,numberOfRobotsOnBlackSite,numberOfRobotsOnWhiteSite
25748,26,11
timeStep,numberOfRobotsOnBlackSite,numberOfRobotsOnWhiteSite
25749,26,11
timeStep,numberOfRobotsOnBlackSite,numberOfRobotsOnWhiteSite
25750,26,11
timeStep,numberOfRobotsOnBlackSite,numberOfRobotsOnWhiteSite
25751,26,11
timeStep,numberOfRobotsOnBlackSite,numberOfRobotsOnWhiteSite
25752,26,11
timeStep,numberOfRobotsOnBlackSite,numberOfRobotsOnWhiteSite
25753,26,11
timeStep,numberOfRobotsOnBlackSite,numberOfRobotsOnWhiteSite
25754,26,11
timeStep,numberOfRobotsOnBlackSite,numberOfRobotsOnWhiteSite
25755,26,11
timeStep,numberOfRobotsOnBlackSite,numberOfRobotsOnWhiteSite
25756,26,11
timeStep,numberOfRobotsOnBlackSite,numberOfRobotsOnWhiteSite
25757,26,11
timeStep,numberOfRobotsOnBlackSite,numberOfRobotsOnWhiteSite
25758,26,11
timeStep,numberOfRobotsOnBlackSite,numberOfRobotsOnWhiteSite
25759,26,11
timeStep,numberOfRobotsOnBlackSite,numberOfRobotsOnWhiteSite
25760,26,11
timeStep,numberOfRobotsOnBlackSite,numberOfRobotsOnWhiteSite
25761,26,11
timeStep,numberOfRobotsOnBlackSite,numberOfRobotsOnWhiteSite
25762,26,11
timeStep,numberOfRobotsOnBlackSite,numberOfRobotsOnWhiteSite
25763,26,11
timeStep,numberOfRobotsOnBlackSite,numberOfRobotsOnWhiteSite
25764,26,11
timeStep,numberOfRobotsOnBlackSite,numberOfRobotsOnWhiteSite
25765,26,11
timeStep,numberOfRobotsOnBlackSite,numberOfRobotsOnWhiteSite
25766,26,11
timeStep,numberOfRobotsOnBlackSite,numberOfRobotsOnWhiteSite
25767,26,11
timeStep,numberOfRobotsOnBlackSite,numberOfRobotsOnWhiteSite
25768,26,11
timeStep,numberOfRobotsOnBlackSite,numberOfRobotsOnWhiteSite
25769,26,11
timeStep,numberOfRobotsOnBlackSite,numberOfRobotsOnWhiteSite
25770,26,11
timeStep,numberOfRobotsOnBlackSite,numberOfRobotsOnWhiteSite
25771,26,11
timeStep,numberOfRobotsOnBlackSite,numberOfRobotsOnWhiteSite
25772,26,11
timeStep,numberOfRobotsOnBlackSite,numberOfRobotsOnWhiteSite
25773,26,11
timeStep,numberOfRobotsOnBlackSite,numberOfRobotsOnWhiteSite
25774,26,11
timeStep,numberOfRobotsOnBlackSite,numberOfRobotsOnWhiteSite
25775,26,11
timeStep,numberOfRobotsOnBlackSite,numberOfRobotsOnWhiteSite
25776,26,11
timeStep,numberOfRobotsOnBlackSite,numberOfRobotsOnWhiteSite
25777,26,11
timeStep,numberOfRobotsOnBlackSite,numberOfRobotsOnWhiteSite
25778,26,11
timeStep,numberOfRobotsOnBlackSite,numberOfRobotsOnWhiteSite
25779,26,11
timeStep,numberOfRobotsOnBlackSite,numberOfRobotsOnWhiteSite
25780,26,11
timeStep,numberOfRobotsOnBlackSite,numberOfRobotsOnWhiteSite
25781,26,11
timeStep,numberOfRobotsOnBlackSite,numberOfRobotsOnWhiteSite
25782,26,11
timeStep,numberOfRobotsOnBlackSite,numberOfRobotsOnWhiteSite
25783,26,11
timeStep,numberOfRobotsOnBlackSite,numberOfRobotsOnWhiteSite
25784,26,11
timeStep,numberOfRobotsOnBlackSite,numberOfRobotsOnWhiteSite
25785,26,11
timeStep,numberOfRobotsOnBlackSite,numberOfRobotsOnWhiteSite
25786,26,11
timeStep,numberOfRobotsOnBlackSite,numberOfRobotsOnWhiteSite
25787,26,11
timeStep,numberOfRobotsOnBlackSite,numberOfRobotsOnWhiteSite
25788,26,11
timeStep,numberOfRobotsOnBlackSite,numberOfRobotsOnWhiteSite
25789,26,11
timeStep,numberOfRobotsOnBlackSite,numberOfRobotsOnWhiteSite
25790,26,11
timeStep,numberOfRobotsOnBlackSite,numberOfRobotsOnWhiteSite
25791,26,11
timeStep,numberOfRobotsOnBlackSite,numberOfRobotsOnWhiteSite
25792,26,11
timeStep,numberOfRobotsOnBlackSite,numberOfRobotsOnWhiteSite
25793,26,11
timeStep,numberOfRobotsOnBlackSite,numberOfRobotsOnWhiteSite
25794,26,11
timeStep,numberOfRobotsOnBlackSite,numberOfRobotsOnWhiteSite
25795,26,11
timeStep,numberOfRobotsOnBlackSite,numberOfRobotsOnWhiteSite
25796,26,11
timeStep,numberOfRobotsOnBlackSite,numberOfRobotsOnWhiteSite
25797,26,11
timeStep,numberOfRobotsOnBlackSite,numberOfRobotsOnWhiteSite
25798,26,11
timeStep,numberOfRobotsOnBlackSite,numberOfRobotsOnWhiteSite
25799,26,11
timeStep,numberOfRobotsOnBlackSite,numberOfRobotsOnWhiteSite
25800,26,12
timeStep,numberOfRobotsOnBlackSite,numberOfRobotsOnWhiteSite
25801,26,12
timeStep,numberOfRobotsOnBlackSite,numberOfRobotsOnWhiteSite
25802,26,12
timeStep,numberOfRobotsOnBlackSite,numberOfRobotsOnWhiteSite
25803,26,12
timeStep,numberOfRobotsOnBlackSite,numberOfRobotsOnWhiteSite
25804,26,12
timeStep,numberOfRobotsOnBlackSite,numberOfRobotsOnWhiteSite
25805,26,12
timeStep,numberOfRobotsOnBlackSite,numberOfRobotsOnWhiteSite
25806,26,12
timeStep,numberOfRobotsOnBlackSite,numberOfRobotsOnWhiteSite
25807,26,12
timeStep,numberOfRobotsOnBlackSite,numberOfRobotsOnWhiteSite
25808,26,12
timeStep,numberOfRobotsOnBlackSite,numberOfRobotsOnWhiteSite
25809,26,12
timeStep,numberOfRobotsOnBlackSite,numberOfRobotsOnWhiteSite
25810,26,12
timeStep,numberOfRobotsOnBlackSite,numberOfRobotsOnWhiteSite
25811,26,12
timeStep,numberOfRobotsOnBlackSite,numberOfRobotsOnWhiteSite
25812,26,12
timeStep,numberOfRobotsOnBlackSite,numberOfRobotsOnWhiteSite
25813,26,12
timeStep,numberOfRobotsOnBlackSite,numberOfRobotsOnWhiteSite
25814,26,12
timeStep,numberOfRobotsOnBlackSite,numberOfRobotsOnWhiteSite
25815,26,12
timeStep,numberOfRobotsOnBlackSite,numberOfRobotsOnWhiteSite
25816,26,12
timeStep,numberOfRobotsOnBlackSite,numberOfRobotsOnWhiteSite
25817,26,12
timeStep,numberOfRobotsOnBlackSite,numberOfRobotsOnWhiteSite
25818,26,12
timeStep,numberOfRobotsOnBlackSite,numberOfRobotsOnWhiteSite
25819,26,12
timeStep,numberOfRobotsOnBlackSite,numberOfRobotsOnWhiteSite
25820,25,12
timeStep,numberOfRobotsOnBlackSite,numberOfRobotsOnWhiteSite
25821,25,12
timeStep,numberOfRobotsOnBlackSite,numberOfRobotsOnWhiteSite
25822,25,12
timeStep,numberOfRobotsOnBlackSite,numberOfRobotsOnWhiteSite
25823,25,12
timeStep,numberOfRobotsOnBlackSite,numberOfRobotsOnWhiteSite
25824,25,12
timeStep,numberOfRobotsOnBlackSite,numberOfRobotsOnWhiteSite
25825,25,12
timeStep,numberOfRobotsOnBlackSite,numberOfRobotsOnWhiteSite
25826,25,12
timeStep,numberOfRobotsOnBlackSite,numberOfRobotsOnWhiteSite
25827,25,12
timeStep,numberOfRobotsOnBlackSite,numberOfRobotsOnWhiteSite
25828,25,12
timeStep,numberOfRobotsOnBlackSite,numberOfRobotsOnWhiteSite
25829,25,12
timeStep,numberOfRobotsOnBlackSite,numberOfRobotsOnWhiteSite
25830,25,12
timeStep,numberOfRobotsOnBlackSite,numberOfRobotsOnWhiteSite
25831,25,12
timeStep,numberOfRobotsOnBlackSite,numberOfRobotsOnWhiteSite
25832,25,12
timeStep,numberOfRobotsOnBlackSite,numberOfRobotsOnWhiteSite
25833,25,12
timeStep,numberOfRobotsOnBlackSite,numberOfRobotsOnWhiteSite
25834,25,12
timeStep,numberOfRobotsOnBlackSite,numberOfRobotsOnWhiteSite
25835,25,12
timeStep,numberOfRobotsOnBlackSite,numberOfRobotsOnWhiteSite
25836,25,12
timeStep,numberOfRobotsOnBlackSite,numberOfRobotsOnWhiteSite
25837,25,12
timeStep,numberOfRobotsOnBlackSite,numberOfRobotsOnWhiteSite
25838,25,12
timeStep,numberOfRobotsOnBlackSite,numberOfRobotsOnWhiteSite
25839,25,12
timeStep,numberOfRobotsOnBlackSite,numberOfRobotsOnWhiteSite
25840,25,12
timeStep,numberOfRobotsOnBlackSite,numberOfRobotsOnWhiteSite
25841,25,12
timeStep,numberOfRobotsOnBlackSite,numberOfRobotsOnWhiteSite
25842,25,12
timeStep,numberOfRobotsOnBlackSite,numberOfRobotsOnWhiteSite
25843,25,12
timeStep,numberOfRobotsOnBlackSite,numberOfRobotsOnWhiteSite
25844,25,12
timeStep,numberOfRobotsOnBlackSite,numberOfRobotsOnWhiteSite
25845,25,12
timeStep,numberOfRobotsOnBlackSite,numberOfRobotsOnWhiteSite
25846,25,12
timeStep,numberOfRobotsOnBlackSite,numberOfRobotsOnWhiteSite
25847,25,12
timeStep,numberOfRobotsOnBlackSite,numberOfRobotsOnWhiteSite
25848,25,12
timeStep,numberOfRobotsOnBlackSite,numberOfRobotsOnWhiteSite
25849,25,12
timeStep,numberOfRobotsOnBlackSite,numberOfRobotsOnWhiteSite
25850,25,12
timeStep,numberOfRobotsOnBlackSite,numberOfRobotsOnWhiteSite
25851,25,12
timeStep,numberOfRobotsOnBlackSite,numberOfRobotsOnWhiteSite
25852,25,12
timeStep,numberOfRobotsOnBlackSite,numberOfRobotsOnWhiteSite
25853,25,12
timeStep,numberOfRobotsOnBlackSite,numberOfRobotsOnWhiteSite
25854,25,12
timeStep,numberOfRobotsOnBlackSite,numberOfRobotsOnWhiteSite
25855,25,12
timeStep,numberOfRobotsOnBlackSite,numberOfRobotsOnWhiteSite
25856,25,12
timeStep,numberOfRobotsOnBlackSite,numberOfRobotsOnWhiteSite
25857,25,12
timeStep,numberOfRobotsOnBlackSite,numberOfRobotsOnWhiteSite
25858,25,12
timeStep,numberOfRobotsOnBlackSite,numberOfRobotsOnWhiteSite
25859,25,12
timeStep,numberOfRobotsOnBlackSite,numberOfRobotsOnWhiteSite
25860,25,12
timeStep,numberOfRobotsOnBlackSite,numberOfRobotsOnWhiteSite
25861,25,12
timeStep,numberOfRobotsOnBlackSite,numberOfRobotsOnWhiteSite
25862,25,12
timeStep,numberOfRobotsOnBlackSite,numberOfRobotsOnWhiteSite
25863,25,12
timeStep,numberOfRobotsOnBlackSite,numberOfRobotsOnWhiteSite
25864,25,12
timeStep,numberOfRobotsOnBlackSite,numberOfRobotsOnWhiteSite
25865,25,12
timeStep,numberOfRobotsOnBlackSite,numberOfRobotsOnWhiteSite
25866,25,12
timeStep,numberOfRobotsOnBlackSite,numberOfRobotsOnWhiteSite
25867,25,12
timeStep,numberOfRobotsOnBlackSite,numberOfRobotsOnWhiteSite
25868,25,12
timeStep,numberOfRobotsOnBlackSite,numberOfRobotsOnWhiteSite
25869,25,12
timeStep,numberOfRobotsOnBlackSite,numberOfRobotsOnWhiteSite
25870,25,12
timeStep,numberOfRobotsOnBlackSite,numberOfRobotsOnWhiteSite
25871,25,12
timeStep,numberOfRobotsOnBlackSite,numberOfRobotsOnWhiteSite
25872,25,12
timeStep,numberOfRobotsOnBlackSite,numberOfRobotsOnWhiteSite
25873,25,12
timeStep,numberOfRobotsOnBlackSite,numberOfRobotsOnWhiteSite
25874,25,12
timeStep,numberOfRobotsOnBlackSite,numberOfRobotsOnWhiteSite
25875,24,12
timeStep,numberOfRobotsOnBlackSite,numberOfRobotsOnWhiteSite
25876,24,12
timeStep,numberOfRobotsOnBlackSite,numberOfRobotsOnWhiteSite
25877,24,12
timeStep,numberOfRobotsOnBlackSite,numberOfRobotsOnWhiteSite
25878,24,12
timeStep,numberOfRobotsOnBlackSite,numberOfRobotsOnWhiteSite
25879,24,12
timeStep,numberOfRobotsOnBlackSite,numberOfRobotsOnWhiteSite
25880,23,12
timeStep,numberOfRobotsOnBlackSite,numberOfRobotsOnWhiteSite
25881,23,12
timeStep,numberOfRobotsOnBlackSite,numberOfRobotsOnWhiteSite
25882,23,12
timeStep,numberOfRobotsOnBlackSite,numberOfRobotsOnWhiteSite
25883,23,12
timeStep,numberOfRobotsOnBlackSite,numberOfRobotsOnWhiteSite
25884,23,12
timeStep,numberOfRobotsOnBlackSite,numberOfRobotsOnWhiteSite
25885,23,12
timeStep,numberOfRobotsOnBlackSite,numberOfRobotsOnWhiteSite
25886,23,12
timeStep,numberOfRobotsOnBlackSite,numberOfRobotsOnWhiteSite
25887,23,12
timeStep,numberOfRobotsOnBlackSite,numberOfRobotsOnWhiteSite
25888,23,12
timeStep,numberOfRobotsOnBlackSite,numberOfRobotsOnWhiteSite
25889,23,12
timeStep,numberOfRobotsOnBlackSite,numberOfRobotsOnWhiteSite
25890,24,12
timeStep,numberOfRobotsOnBlackSite,numberOfRobotsOnWhiteSite
25891,24,12
timeStep,numberOfRobotsOnBlackSite,numberOfRobotsOnWhiteSite
25892,24,12
timeStep,numberOfRobotsOnBlackSite,numberOfRobotsOnWhiteSite
25893,24,12
timeStep,numberOfRobotsOnBlackSite,numberOfRobotsOnWhiteSite
25894,24,12
timeStep,numberOfRobotsOnBlackSite,numberOfRobotsOnWhiteSite
25895,24,12
timeStep,numberOfRobotsOnBlackSite,numberOfRobotsOnWhiteSite
25896,24,12
timeStep,numberOfRobotsOnBlackSite,numberOfRobotsOnWhiteSite
25897,24,12
timeStep,numberOfRobotsOnBlackSite,numberOfRobotsOnWhiteSite
25898,24,12
timeStep,numberOfRobotsOnBlackSite,numberOfRobotsOnWhiteSite
25899,24,12
timeStep,numberOfRobotsOnBlackSite,numberOfRobotsOnWhiteSite
25900,24,12
timeStep,numberOfRobotsOnBlackSite,numberOfRobotsOnWhiteSite
25901,24,12
timeStep,numberOfRobotsOnBlackSite,numberOfRobotsOnWhiteSite
25902,24,12
timeStep,numberOfRobotsOnBlackSite,numberOfRobotsOnWhiteSite
25903,24,12
timeStep,numberOfRobotsOnBlackSite,numberOfRobotsOnWhiteSite
25904,24,12
timeStep,numberOfRobotsOnBlackSite,numberOfRobotsOnWhiteSite
25905,24,12
timeStep,numberOfRobotsOnBlackSite,numberOfRobotsOnWhiteSite
25906,24,12
timeStep,numberOfRobotsOnBlackSite,numberOfRobotsOnWhiteSite
25907,24,12
timeStep,numberOfRobotsOnBlackSite,numberOfRobotsOnWhiteSite
25908,24,12
timeStep,numberOfRobotsOnBlackSite,numberOfRobotsOnWhiteSite
25909,24,12
timeStep,numberOfRobotsOnBlackSite,numberOfRobotsOnWhiteSite
25910,24,12
timeStep,numberOfRobotsOnBlackSite,numberOfRobotsOnWhiteSite
25911,24,12
timeStep,numberOfRobotsOnBlackSite,numberOfRobotsOnWhiteSite
25912,24,12
timeStep,numberOfRobotsOnBlackSite,numberOfRobotsOnWhiteSite
25913,24,12
timeStep,numberOfRobotsOnBlackSite,numberOfRobotsOnWhiteSite
25914,24,12
timeStep,numberOfRobotsOnBlackSite,numberOfRobotsOnWhiteSite
25915,24,12
timeStep,numberOfRobotsOnBlackSite,numberOfRobotsOnWhiteSite
25916,24,12
timeStep,numberOfRobotsOnBlackSite,numberOfRobotsOnWhiteSite
25917,24,12
timeStep,numberOfRobotsOnBlackSite,numberOfRobotsOnWhiteSite
25918,24,12
timeStep,numberOfRobotsOnBlackSite,numberOfRobotsOnWhiteSite
25919,24,12
timeStep,numberOfRobotsOnBlackSite,numberOfRobotsOnWhiteSite
25920,24,12
timeStep,numberOfRobotsOnBlackSite,numberOfRobotsOnWhiteSite
25921,24,12
timeStep,numberOfRobotsOnBlackSite,numberOfRobotsOnWhiteSite
25922,24,12
timeStep,numberOfRobotsOnBlackSite,numberOfRobotsOnWhiteSite
25923,24,12
timeStep,numberOfRobotsOnBlackSite,numberOfRobotsOnWhiteSite
25924,24,12
timeStep,numberOfRobotsOnBlackSite,numberOfRobotsOnWhiteSite
25925,24,12
timeStep,numberOfRobotsOnBlackSite,numberOfRobotsOnWhiteSite
25926,24,12
timeStep,numberOfRobotsOnBlackSite,numberOfRobotsOnWhiteSite
25927,24,12
timeStep,numberOfRobotsOnBlackSite,numberOfRobotsOnWhiteSite
25928,24,12
timeStep,numberOfRobotsOnBlackSite,numberOfRobotsOnWhiteSite
25929,24,12
timeStep,numberOfRobotsOnBlackSite,numberOfRobotsOnWhiteSite
25930,24,12
timeStep,numberOfRobotsOnBlackSite,numberOfRobotsOnWhiteSite
25931,24,12
timeStep,numberOfRobotsOnBlackSite,numberOfRobotsOnWhiteSite
25932,24,12
timeStep,numberOfRobotsOnBlackSite,numberOfRobotsOnWhiteSite
25933,24,12
timeStep,numberOfRobotsOnBlackSite,numberOfRobotsOnWhiteSite
25934,24,12
timeStep,numberOfRobotsOnBlackSite,numberOfRobotsOnWhiteSite
25935,24,12
timeStep,numberOfRobotsOnBlackSite,numberOfRobotsOnWhiteSite
25936,24,12
timeStep,numberOfRobotsOnBlackSite,numberOfRobotsOnWhiteSite
25937,24,12
timeStep,numberOfRobotsOnBlackSite,numberOfRobotsOnWhiteSite
25938,24,12
timeStep,numberOfRobotsOnBlackSite,numberOfRobotsOnWhiteSite
25939,24,12
timeStep,numberOfRobotsOnBlackSite,numberOfRobotsOnWhiteSite
25940,24,12
timeStep,numberOfRobotsOnBlackSite,numberOfRobotsOnWhiteSite
25941,24,12
timeStep,numberOfRobotsOnBlackSite,numberOfRobotsOnWhiteSite
25942,24,12
timeStep,numberOfRobotsOnBlackSite,numberOfRobotsOnWhiteSite
25943,24,12
timeStep,numberOfRobotsOnBlackSite,numberOfRobotsOnWhiteSite
25944,24,12
timeStep,numberOfRobotsOnBlackSite,numberOfRobotsOnWhiteSite
25945,23,12
timeStep,numberOfRobotsOnBlackSite,numberOfRobotsOnWhiteSite
25946,23,12
timeStep,numberOfRobotsOnBlackSite,numberOfRobotsOnWhiteSite
25947,23,12
timeStep,numberOfRobotsOnBlackSite,numberOfRobotsOnWhiteSite
25948,23,12
timeStep,numberOfRobotsOnBlackSite,numberOfRobotsOnWhiteSite
25949,23,12
timeStep,numberOfRobotsOnBlackSite,numberOfRobotsOnWhiteSite
25950,23,12
timeStep,numberOfRobotsOnBlackSite,numberOfRobotsOnWhiteSite
25951,23,12
timeStep,numberOfRobotsOnBlackSite,numberOfRobotsOnWhiteSite
25952,23,12
timeStep,numberOfRobotsOnBlackSite,numberOfRobotsOnWhiteSite
25953,23,12
timeStep,numberOfRobotsOnBlackSite,numberOfRobotsOnWhiteSite
25954,23,12
timeStep,numberOfRobotsOnBlackSite,numberOfRobotsOnWhiteSite
25955,23,13
timeStep,numberOfRobotsOnBlackSite,numberOfRobotsOnWhiteSite
25956,23,13
timeStep,numberOfRobotsOnBlackSite,numberOfRobotsOnWhiteSite
25957,23,13
timeStep,numberOfRobotsOnBlackSite,numberOfRobotsOnWhiteSite
25958,23,13
timeStep,numberOfRobotsOnBlackSite,numberOfRobotsOnWhiteSite
25959,23,13
timeStep,numberOfRobotsOnBlackSite,numberOfRobotsOnWhiteSite
25960,23,13
timeStep,numberOfRobotsOnBlackSite,numberOfRobotsOnWhiteSite
25961,23,13
timeStep,numberOfRobotsOnBlackSite,numberOfRobotsOnWhiteSite
25962,23,13
timeStep,numberOfRobotsOnBlackSite,numberOfRobotsOnWhiteSite
25963,23,13
timeStep,numberOfRobotsOnBlackSite,numberOfRobotsOnWhiteSite
25964,23,13
timeStep,numberOfRobotsOnBlackSite,numberOfRobotsOnWhiteSite
25965,23,13
timeStep,numberOfRobotsOnBlackSite,numberOfRobotsOnWhiteSite
25966,23,13
timeStep,numberOfRobotsOnBlackSite,numberOfRobotsOnWhiteSite
25967,23,13
timeStep,numberOfRobotsOnBlackSite,numberOfRobotsOnWhiteSite
25968,23,13
timeStep,numberOfRobotsOnBlackSite,numberOfRobotsOnWhiteSite
25969,23,13
timeStep,numberOfRobotsOnBlackSite,numberOfRobotsOnWhiteSite
25970,24,13
timeStep,numberOfRobotsOnBlackSite,numberOfRobotsOnWhiteSite
25971,24,13
timeStep,numberOfRobotsOnBlackSite,numberOfRobotsOnWhiteSite
25972,24,13
timeStep,numberOfRobotsOnBlackSite,numberOfRobotsOnWhiteSite
25973,24,13
timeStep,numberOfRobotsOnBlackSite,numberOfRobotsOnWhiteSite
25974,24,13
timeStep,numberOfRobotsOnBlackSite,numberOfRobotsOnWhiteSite
25975,24,13
timeStep,numberOfRobotsOnBlackSite,numberOfRobotsOnWhiteSite
25976,24,13
timeStep,numberOfRobotsOnBlackSite,numberOfRobotsOnWhiteSite
25977,24,13
timeStep,numberOfRobotsOnBlackSite,numberOfRobotsOnWhiteSite
25978,24,13
timeStep,numberOfRobotsOnBlackSite,numberOfRobotsOnWhiteSite
25979,24,13
timeStep,numberOfRobotsOnBlackSite,numberOfRobotsOnWhiteSite
25980,24,13
timeStep,numberOfRobotsOnBlackSite,numberOfRobotsOnWhiteSite
25981,24,13
timeStep,numberOfRobotsOnBlackSite,numberOfRobotsOnWhiteSite
25982,24,13
timeStep,numberOfRobotsOnBlackSite,numberOfRobotsOnWhiteSite
25983,24,13
timeStep,numberOfRobotsOnBlackSite,numberOfRobotsOnWhiteSite
25984,24,13
timeStep,numberOfRobotsOnBlackSite,numberOfRobotsOnWhiteSite
25985,24,13
timeStep,numberOfRobotsOnBlackSite,numberOfRobotsOnWhiteSite
25986,24,13
timeStep,numberOfRobotsOnBlackSite,numberOfRobotsOnWhiteSite
25987,24,13
timeStep,numberOfRobotsOnBlackSite,numberOfRobotsOnWhiteSite
25988,24,13
timeStep,numberOfRobotsOnBlackSite,numberOfRobotsOnWhiteSite
25989,24,13
timeStep,numberOfRobotsOnBlackSite,numberOfRobotsOnWhiteSite
25990,24,13
timeStep,numberOfRobotsOnBlackSite,numberOfRobotsOnWhiteSite
25991,24,13
timeStep,numberOfRobotsOnBlackSite,numberOfRobotsOnWhiteSite
25992,24,13
timeStep,numberOfRobotsOnBlackSite,numberOfRobotsOnWhiteSite
25993,24,13
timeStep,numberOfRobotsOnBlackSite,numberOfRobotsOnWhiteSite
25994,24,13
timeStep,numberOfRobotsOnBlackSite,numberOfRobotsOnWhiteSite
25995,24,13
timeStep,numberOfRobotsOnBlackSite,numberOfRobotsOnWhiteSite
25996,24,13
timeStep,numberOfRobotsOnBlackSite,numberOfRobotsOnWhiteSite
25997,24,13
timeStep,numberOfRobotsOnBlackSite,numberOfRobotsOnWhiteSite
25998,24,13
timeStep,numberOfRobotsOnBlackSite,numberOfRobotsOnWhiteSite
25999,24,13
timeStep,numberOfRobotsOnBlackSite,numberOfRobotsOnWhiteSite
26000,24,12
timeStep,numberOfRobotsOnBlackSite,numberOfRobotsOnWhiteSite
26001,24,12
timeStep,numberOfRobotsOnBlackSite,numberOfRobotsOnWhiteSite
26002,24,12
timeStep,numberOfRobotsOnBlackSite,numberOfRobotsOnWhiteSite
26003,24,12
timeStep,numberOfRobotsOnBlackSite,numberOfRobotsOnWhiteSite
26004,24,12
timeStep,numberOfRobotsOnBlackSite,numberOfRobotsOnWhiteSite
26005,25,12
timeStep,numberOfRobotsOnBlackSite,numberOfRobotsOnWhiteSite
26006,25,12
timeStep,numberOfRobotsOnBlackSite,numberOfRobotsOnWhiteSite
26007,25,12
timeStep,numberOfRobotsOnBlackSite,numberOfRobotsOnWhiteSite
26008,25,12
timeStep,numberOfRobotsOnBlackSite,numberOfRobotsOnWhiteSite
26009,25,12
timeStep,numberOfRobotsOnBlackSite,numberOfRobotsOnWhiteSite
26010,25,12
timeStep,numberOfRobotsOnBlackSite,numberOfRobotsOnWhiteSite
26011,25,12
timeStep,numberOfRobotsOnBlackSite,numberOfRobotsOnWhiteSite
26012,25,12
timeStep,numberOfRobotsOnBlackSite,numberOfRobotsOnWhiteSite
26013,25,12
timeStep,numberOfRobotsOnBlackSite,numberOfRobotsOnWhiteSite
26014,25,12
timeStep,numberOfRobotsOnBlackSite,numberOfRobotsOnWhiteSite
26015,25,12
timeStep,numberOfRobotsOnBlackSite,numberOfRobotsOnWhiteSite
26016,25,12
timeStep,numberOfRobotsOnBlackSite,numberOfRobotsOnWhiteSite
26017,25,12
timeStep,numberOfRobotsOnBlackSite,numberOfRobotsOnWhiteSite
26018,25,12
timeStep,numberOfRobotsOnBlackSite,numberOfRobotsOnWhiteSite
26019,25,12
timeStep,numberOfRobotsOnBlackSite,numberOfRobotsOnWhiteSite
26020,25,12
timeStep,numberOfRobotsOnBlackSite,numberOfRobotsOnWhiteSite
26021,25,12
timeStep,numberOfRobotsOnBlackSite,numberOfRobotsOnWhiteSite
26022,25,12
timeStep,numberOfRobotsOnBlackSite,numberOfRobotsOnWhiteSite
26023,25,12
timeStep,numberOfRobotsOnBlackSite,numberOfRobotsOnWhiteSite
26024,25,12
timeStep,numberOfRobotsOnBlackSite,numberOfRobotsOnWhiteSite
26025,24,12
timeStep,numberOfRobotsOnBlackSite,numberOfRobotsOnWhiteSite
26026,24,12
timeStep,numberOfRobotsOnBlackSite,numberOfRobotsOnWhiteSite
26027,24,12
timeStep,numberOfRobotsOnBlackSite,numberOfRobotsOnWhiteSite
26028,24,12
timeStep,numberOfRobotsOnBlackSite,numberOfRobotsOnWhiteSite
26029,24,12
timeStep,numberOfRobotsOnBlackSite,numberOfRobotsOnWhiteSite
26030,24,12
timeStep,numberOfRobotsOnBlackSite,numberOfRobotsOnWhiteSite
26031,24,12
timeStep,numberOfRobotsOnBlackSite,numberOfRobotsOnWhiteSite
26032,24,12
timeStep,numberOfRobotsOnBlackSite,numberOfRobotsOnWhiteSite
26033,24,12
timeStep,numberOfRobotsOnBlackSite,numberOfRobotsOnWhiteSite
26034,24,12
timeStep,numberOfRobotsOnBlackSite,numberOfRobotsOnWhiteSite
26035,24,12
timeStep,numberOfRobotsOnBlackSite,numberOfRobotsOnWhiteSite
26036,24,12
timeStep,numberOfRobotsOnBlackSite,numberOfRobotsOnWhiteSite
26037,24,12
timeStep,numberOfRobotsOnBlackSite,numberOfRobotsOnWhiteSite
26038,24,12
timeStep,numberOfRobotsOnBlackSite,numberOfRobotsOnWhiteSite
26039,24,12
timeStep,numberOfRobotsOnBlackSite,numberOfRobotsOnWhiteSite
26040,24,12
timeStep,numberOfRobotsOnBlackSite,numberOfRobotsOnWhiteSite
26041,24,12
timeStep,numberOfRobotsOnBlackSite,numberOfRobotsOnWhiteSite
26042,24,12
timeStep,numberOfRobotsOnBlackSite,numberOfRobotsOnWhiteSite
26043,24,12
timeStep,numberOfRobotsOnBlackSite,numberOfRobotsOnWhiteSite
26044,24,12
timeStep,numberOfRobotsOnBlackSite,numberOfRobotsOnWhiteSite
26045,24,12
timeStep,numberOfRobotsOnBlackSite,numberOfRobotsOnWhiteSite
26046,24,12
timeStep,numberOfRobotsOnBlackSite,numberOfRobotsOnWhiteSite
26047,24,12
timeStep,numberOfRobotsOnBlackSite,numberOfRobotsOnWhiteSite
26048,24,12
timeStep,numberOfRobotsOnBlackSite,numberOfRobotsOnWhiteSite
26049,24,12
timeStep,numberOfRobotsOnBlackSite,numberOfRobotsOnWhiteSite
26050,24,12
timeStep,numberOfRobotsOnBlackSite,numberOfRobotsOnWhiteSite
26051,24,12
timeStep,numberOfRobotsOnBlackSite,numberOfRobotsOnWhiteSite
26052,24,12
timeStep,numberOfRobotsOnBlackSite,numberOfRobotsOnWhiteSite
26053,24,12
timeStep,numberOfRobotsOnBlackSite,numberOfRobotsOnWhiteSite
26054,24,12
timeStep,numberOfRobotsOnBlackSite,numberOfRobotsOnWhiteSite
26055,24,12
timeStep,numberOfRobotsOnBlackSite,numberOfRobotsOnWhiteSite
26056,24,12
timeStep,numberOfRobotsOnBlackSite,numberOfRobotsOnWhiteSite
26057,24,12
timeStep,numberOfRobotsOnBlackSite,numberOfRobotsOnWhiteSite
26058,24,12
timeStep,numberOfRobotsOnBlackSite,numberOfRobotsOnWhiteSite
26059,24,12
timeStep,numberOfRobotsOnBlackSite,numberOfRobotsOnWhiteSite
26060,24,12
timeStep,numberOfRobotsOnBlackSite,numberOfRobotsOnWhiteSite
26061,24,12
timeStep,numberOfRobotsOnBlackSite,numberOfRobotsOnWhiteSite
26062,24,12
timeStep,numberOfRobotsOnBlackSite,numberOfRobotsOnWhiteSite
26063,24,12
timeStep,numberOfRobotsOnBlackSite,numberOfRobotsOnWhiteSite
26064,24,12
timeStep,numberOfRobotsOnBlackSite,numberOfRobotsOnWhiteSite
26065,24,11
timeStep,numberOfRobotsOnBlackSite,numberOfRobotsOnWhiteSite
26066,24,11
timeStep,numberOfRobotsOnBlackSite,numberOfRobotsOnWhiteSite
26067,24,11
timeStep,numberOfRobotsOnBlackSite,numberOfRobotsOnWhiteSite
26068,24,11
timeStep,numberOfRobotsOnBlackSite,numberOfRobotsOnWhiteSite
26069,24,11
timeStep,numberOfRobotsOnBlackSite,numberOfRobotsOnWhiteSite
26070,24,11
timeStep,numberOfRobotsOnBlackSite,numberOfRobotsOnWhiteSite
26071,24,11
timeStep,numberOfRobotsOnBlackSite,numberOfRobotsOnWhiteSite
26072,24,11
timeStep,numberOfRobotsOnBlackSite,numberOfRobotsOnWhiteSite
26073,24,11
timeStep,numberOfRobotsOnBlackSite,numberOfRobotsOnWhiteSite
26074,24,11
timeStep,numberOfRobotsOnBlackSite,numberOfRobotsOnWhiteSite
26075,24,11
timeStep,numberOfRobotsOnBlackSite,numberOfRobotsOnWhiteSite
26076,24,11
timeStep,numberOfRobotsOnBlackSite,numberOfRobotsOnWhiteSite
26077,24,11
timeStep,numberOfRobotsOnBlackSite,numberOfRobotsOnWhiteSite
26078,24,11
timeStep,numberOfRobotsOnBlackSite,numberOfRobotsOnWhiteSite
26079,24,11
timeStep,numberOfRobotsOnBlackSite,numberOfRobotsOnWhiteSite
26080,24,11
timeStep,numberOfRobotsOnBlackSite,numberOfRobotsOnWhiteSite
26081,24,11
timeStep,numberOfRobotsOnBlackSite,numberOfRobotsOnWhiteSite
26082,24,11
timeStep,numberOfRobotsOnBlackSite,numberOfRobotsOnWhiteSite
26083,24,11
timeStep,numberOfRobotsOnBlackSite,numberOfRobotsOnWhiteSite
26084,24,11
timeStep,numberOfRobotsOnBlackSite,numberOfRobotsOnWhiteSite
26085,24,11
timeStep,numberOfRobotsOnBlackSite,numberOfRobotsOnWhiteSite
26086,24,11
timeStep,numberOfRobotsOnBlackSite,numberOfRobotsOnWhiteSite
26087,24,11
timeStep,numberOfRobotsOnBlackSite,numberOfRobotsOnWhiteSite
26088,24,11
timeStep,numberOfRobotsOnBlackSite,numberOfRobotsOnWhiteSite
26089,24,11
timeStep,numberOfRobotsOnBlackSite,numberOfRobotsOnWhiteSite
26090,24,11
timeStep,numberOfRobotsOnBlackSite,numberOfRobotsOnWhiteSite
26091,24,11
timeStep,numberOfRobotsOnBlackSite,numberOfRobotsOnWhiteSite
26092,24,11
timeStep,numberOfRobotsOnBlackSite,numberOfRobotsOnWhiteSite
26093,24,11
timeStep,numberOfRobotsOnBlackSite,numberOfRobotsOnWhiteSite
26094,24,11
timeStep,numberOfRobotsOnBlackSite,numberOfRobotsOnWhiteSite
26095,24,11
timeStep,numberOfRobotsOnBlackSite,numberOfRobotsOnWhiteSite
26096,24,11
timeStep,numberOfRobotsOnBlackSite,numberOfRobotsOnWhiteSite
26097,24,11
timeStep,numberOfRobotsOnBlackSite,numberOfRobotsOnWhiteSite
26098,24,11
timeStep,numberOfRobotsOnBlackSite,numberOfRobotsOnWhiteSite
26099,24,11
timeStep,numberOfRobotsOnBlackSite,numberOfRobotsOnWhiteSite
26100,24,11
timeStep,numberOfRobotsOnBlackSite,numberOfRobotsOnWhiteSite
26101,24,11
timeStep,numberOfRobotsOnBlackSite,numberOfRobotsOnWhiteSite
26102,24,11
timeStep,numberOfRobotsOnBlackSite,numberOfRobotsOnWhiteSite
26103,24,11
timeStep,numberOfRobotsOnBlackSite,numberOfRobotsOnWhiteSite
26104,24,11
timeStep,numberOfRobotsOnBlackSite,numberOfRobotsOnWhiteSite
26105,24,11
timeStep,numberOfRobotsOnBlackSite,numberOfRobotsOnWhiteSite
26106,24,11
timeStep,numberOfRobotsOnBlackSite,numberOfRobotsOnWhiteSite
26107,24,11
timeStep,numberOfRobotsOnBlackSite,numberOfRobotsOnWhiteSite
26108,24,11
timeStep,numberOfRobotsOnBlackSite,numberOfRobotsOnWhiteSite
26109,24,11
timeStep,numberOfRobotsOnBlackSite,numberOfRobotsOnWhiteSite
26110,24,12
timeStep,numberOfRobotsOnBlackSite,numberOfRobotsOnWhiteSite
26111,24,12
timeStep,numberOfRobotsOnBlackSite,numberOfRobotsOnWhiteSite
26112,24,12
timeStep,numberOfRobotsOnBlackSite,numberOfRobotsOnWhiteSite
26113,24,12
timeStep,numberOfRobotsOnBlackSite,numberOfRobotsOnWhiteSite
26114,24,12
timeStep,numberOfRobotsOnBlackSite,numberOfRobotsOnWhiteSite
26115,24,12
timeStep,numberOfRobotsOnBlackSite,numberOfRobotsOnWhiteSite
26116,24,12
timeStep,numberOfRobotsOnBlackSite,numberOfRobotsOnWhiteSite
26117,24,12
timeStep,numberOfRobotsOnBlackSite,numberOfRobotsOnWhiteSite
26118,24,12
timeStep,numberOfRobotsOnBlackSite,numberOfRobotsOnWhiteSite
26119,24,12
timeStep,numberOfRobotsOnBlackSite,numberOfRobotsOnWhiteSite
26120,24,12
timeStep,numberOfRobotsOnBlackSite,numberOfRobotsOnWhiteSite
26121,24,12
timeStep,numberOfRobotsOnBlackSite,numberOfRobotsOnWhiteSite
26122,24,12
timeStep,numberOfRobotsOnBlackSite,numberOfRobotsOnWhiteSite
26123,24,12
timeStep,numberOfRobotsOnBlackSite,numberOfRobotsOnWhiteSite
26124,24,12
timeStep,numberOfRobotsOnBlackSite,numberOfRobotsOnWhiteSite
26125,24,12
timeStep,numberOfRobotsOnBlackSite,numberOfRobotsOnWhiteSite
26126,24,12
timeStep,numberOfRobotsOnBlackSite,numberOfRobotsOnWhiteSite
26127,24,12
timeStep,numberOfRobotsOnBlackSite,numberOfRobotsOnWhiteSite
26128,24,12
timeStep,numberOfRobotsOnBlackSite,numberOfRobotsOnWhiteSite
26129,24,12
timeStep,numberOfRobotsOnBlackSite,numberOfRobotsOnWhiteSite
26130,24,12
timeStep,numberOfRobotsOnBlackSite,numberOfRobotsOnWhiteSite
26131,24,12
timeStep,numberOfRobotsOnBlackSite,numberOfRobotsOnWhiteSite
26132,24,12
timeStep,numberOfRobotsOnBlackSite,numberOfRobotsOnWhiteSite
26133,24,12
timeStep,numberOfRobotsOnBlackSite,numberOfRobotsOnWhiteSite
26134,24,12
timeStep,numberOfRobotsOnBlackSite,numberOfRobotsOnWhiteSite
26135,24,12
timeStep,numberOfRobotsOnBlackSite,numberOfRobotsOnWhiteSite
26136,24,12
timeStep,numberOfRobotsOnBlackSite,numberOfRobotsOnWhiteSite
26137,24,12
timeStep,numberOfRobotsOnBlackSite,numberOfRobotsOnWhiteSite
26138,24,12
timeStep,numberOfRobotsOnBlackSite,numberOfRobotsOnWhiteSite
26139,24,12
timeStep,numberOfRobotsOnBlackSite,numberOfRobotsOnWhiteSite
26140,24,12
timeStep,numberOfRobotsOnBlackSite,numberOfRobotsOnWhiteSite
26141,24,12
timeStep,numberOfRobotsOnBlackSite,numberOfRobotsOnWhiteSite
26142,24,12
timeStep,numberOfRobotsOnBlackSite,numberOfRobotsOnWhiteSite
26143,24,12
timeStep,numberOfRobotsOnBlackSite,numberOfRobotsOnWhiteSite
26144,24,12
timeStep,numberOfRobotsOnBlackSite,numberOfRobotsOnWhiteSite
26145,24,12
timeStep,numberOfRobotsOnBlackSite,numberOfRobotsOnWhiteSite
26146,24,12
timeStep,numberOfRobotsOnBlackSite,numberOfRobotsOnWhiteSite
26147,24,12
timeStep,numberOfRobotsOnBlackSite,numberOfRobotsOnWhiteSite
26148,24,12
timeStep,numberOfRobotsOnBlackSite,numberOfRobotsOnWhiteSite
26149,24,12
timeStep,numberOfRobotsOnBlackSite,numberOfRobotsOnWhiteSite
26150,24,12
timeStep,numberOfRobotsOnBlackSite,numberOfRobotsOnWhiteSite
26151,24,12
timeStep,numberOfRobotsOnBlackSite,numberOfRobotsOnWhiteSite
26152,24,12
timeStep,numberOfRobotsOnBlackSite,numberOfRobotsOnWhiteSite
26153,24,12
timeStep,numberOfRobotsOnBlackSite,numberOfRobotsOnWhiteSite
26154,24,12
timeStep,numberOfRobotsOnBlackSite,numberOfRobotsOnWhiteSite
26155,24,12
timeStep,numberOfRobotsOnBlackSite,numberOfRobotsOnWhiteSite
26156,24,12
timeStep,numberOfRobotsOnBlackSite,numberOfRobotsOnWhiteSite
26157,24,12
timeStep,numberOfRobotsOnBlackSite,numberOfRobotsOnWhiteSite
26158,24,12
timeStep,numberOfRobotsOnBlackSite,numberOfRobotsOnWhiteSite
26159,24,12
timeStep,numberOfRobotsOnBlackSite,numberOfRobotsOnWhiteSite
26160,24,12
timeStep,numberOfRobotsOnBlackSite,numberOfRobotsOnWhiteSite
26161,24,12
timeStep,numberOfRobotsOnBlackSite,numberOfRobotsOnWhiteSite
26162,24,12
timeStep,numberOfRobotsOnBlackSite,numberOfRobotsOnWhiteSite
26163,24,12
timeStep,numberOfRobotsOnBlackSite,numberOfRobotsOnWhiteSite
26164,24,12
timeStep,numberOfRobotsOnBlackSite,numberOfRobotsOnWhiteSite
26165,24,12
timeStep,numberOfRobotsOnBlackSite,numberOfRobotsOnWhiteSite
26166,24,12
timeStep,numberOfRobotsOnBlackSite,numberOfRobotsOnWhiteSite
26167,24,12
timeStep,numberOfRobotsOnBlackSite,numberOfRobotsOnWhiteSite
26168,24,12
timeStep,numberOfRobotsOnBlackSite,numberOfRobotsOnWhiteSite
26169,24,12
timeStep,numberOfRobotsOnBlackSite,numberOfRobotsOnWhiteSite
26170,24,12
timeStep,numberOfRobotsOnBlackSite,numberOfRobotsOnWhiteSite
26171,24,12
timeStep,numberOfRobotsOnBlackSite,numberOfRobotsOnWhiteSite
26172,24,12
timeStep,numberOfRobotsOnBlackSite,numberOfRobotsOnWhiteSite
26173,24,12
timeStep,numberOfRobotsOnBlackSite,numberOfRobotsOnWhiteSite
26174,24,12
timeStep,numberOfRobotsOnBlackSite,numberOfRobotsOnWhiteSite
26175,24,12
timeStep,numberOfRobotsOnBlackSite,numberOfRobotsOnWhiteSite
26176,24,12
timeStep,numberOfRobotsOnBlackSite,numberOfRobotsOnWhiteSite
26177,24,12
timeStep,numberOfRobotsOnBlackSite,numberOfRobotsOnWhiteSite
26178,24,12
timeStep,numberOfRobotsOnBlackSite,numberOfRobotsOnWhiteSite
26179,24,12
timeStep,numberOfRobotsOnBlackSite,numberOfRobotsOnWhiteSite
26180,24,12
timeStep,numberOfRobotsOnBlackSite,numberOfRobotsOnWhiteSite
26181,24,12
timeStep,numberOfRobotsOnBlackSite,numberOfRobotsOnWhiteSite
26182,24,12
timeStep,numberOfRobotsOnBlackSite,numberOfRobotsOnWhiteSite
26183,24,12
timeStep,numberOfRobotsOnBlackSite,numberOfRobotsOnWhiteSite
26184,24,12
timeStep,numberOfRobotsOnBlackSite,numberOfRobotsOnWhiteSite
26185,24,12
timeStep,numberOfRobotsOnBlackSite,numberOfRobotsOnWhiteSite
26186,24,12
timeStep,numberOfRobotsOnBlackSite,numberOfRobotsOnWhiteSite
26187,24,12
timeStep,numberOfRobotsOnBlackSite,numberOfRobotsOnWhiteSite
26188,24,12
timeStep,numberOfRobotsOnBlackSite,numberOfRobotsOnWhiteSite
26189,24,12
timeStep,numberOfRobotsOnBlackSite,numberOfRobotsOnWhiteSite
26190,24,12
timeStep,numberOfRobotsOnBlackSite,numberOfRobotsOnWhiteSite
26191,24,12
timeStep,numberOfRobotsOnBlackSite,numberOfRobotsOnWhiteSite
26192,24,12
timeStep,numberOfRobotsOnBlackSite,numberOfRobotsOnWhiteSite
26193,24,12
timeStep,numberOfRobotsOnBlackSite,numberOfRobotsOnWhiteSite
26194,24,12
timeStep,numberOfRobotsOnBlackSite,numberOfRobotsOnWhiteSite
26195,24,12
timeStep,numberOfRobotsOnBlackSite,numberOfRobotsOnWhiteSite
26196,24,12
timeStep,numberOfRobotsOnBlackSite,numberOfRobotsOnWhiteSite
26197,24,12
timeStep,numberOfRobotsOnBlackSite,numberOfRobotsOnWhiteSite
26198,24,12
timeStep,numberOfRobotsOnBlackSite,numberOfRobotsOnWhiteSite
26199,24,12
timeStep,numberOfRobotsOnBlackSite,numberOfRobotsOnWhiteSite
26200,24,12
timeStep,numberOfRobotsOnBlackSite,numberOfRobotsOnWhiteSite
26201,24,12
timeStep,numberOfRobotsOnBlackSite,numberOfRobotsOnWhiteSite
26202,24,12
timeStep,numberOfRobotsOnBlackSite,numberOfRobotsOnWhiteSite
26203,24,12
timeStep,numberOfRobotsOnBlackSite,numberOfRobotsOnWhiteSite
26204,24,12
timeStep,numberOfRobotsOnBlackSite,numberOfRobotsOnWhiteSite
26205,24,12
timeStep,numberOfRobotsOnBlackSite,numberOfRobotsOnWhiteSite
26206,24,12
timeStep,numberOfRobotsOnBlackSite,numberOfRobotsOnWhiteSite
26207,24,12
timeStep,numberOfRobotsOnBlackSite,numberOfRobotsOnWhiteSite
26208,24,12
timeStep,numberOfRobotsOnBlackSite,numberOfRobotsOnWhiteSite
26209,24,12
timeStep,numberOfRobotsOnBlackSite,numberOfRobotsOnWhiteSite
26210,24,12
timeStep,numberOfRobotsOnBlackSite,numberOfRobotsOnWhiteSite
26211,24,12
timeStep,numberOfRobotsOnBlackSite,numberOfRobotsOnWhiteSite
26212,24,12
timeStep,numberOfRobotsOnBlackSite,numberOfRobotsOnWhiteSite
26213,24,12
timeStep,numberOfRobotsOnBlackSite,numberOfRobotsOnWhiteSite
26214,24,12
timeStep,numberOfRobotsOnBlackSite,numberOfRobotsOnWhiteSite
26215,24,11
timeStep,numberOfRobotsOnBlackSite,numberOfRobotsOnWhiteSite
26216,24,11
timeStep,numberOfRobotsOnBlackSite,numberOfRobotsOnWhiteSite
26217,24,11
timeStep,numberOfRobotsOnBlackSite,numberOfRobotsOnWhiteSite
26218,24,11
timeStep,numberOfRobotsOnBlackSite,numberOfRobotsOnWhiteSite
26219,24,11
timeStep,numberOfRobotsOnBlackSite,numberOfRobotsOnWhiteSite
26220,24,11
timeStep,numberOfRobotsOnBlackSite,numberOfRobotsOnWhiteSite
26221,24,11
timeStep,numberOfRobotsOnBlackSite,numberOfRobotsOnWhiteSite
26222,24,11
timeStep,numberOfRobotsOnBlackSite,numberOfRobotsOnWhiteSite
26223,24,11
timeStep,numberOfRobotsOnBlackSite,numberOfRobotsOnWhiteSite
26224,24,11
timeStep,numberOfRobotsOnBlackSite,numberOfRobotsOnWhiteSite
26225,24,11
timeStep,numberOfRobotsOnBlackSite,numberOfRobotsOnWhiteSite
26226,24,11
timeStep,numberOfRobotsOnBlackSite,numberOfRobotsOnWhiteSite
26227,24,11
timeStep,numberOfRobotsOnBlackSite,numberOfRobotsOnWhiteSite
26228,24,11
timeStep,numberOfRobotsOnBlackSite,numberOfRobotsOnWhiteSite
26229,24,11
timeStep,numberOfRobotsOnBlackSite,numberOfRobotsOnWhiteSite
26230,24,11
timeStep,numberOfRobotsOnBlackSite,numberOfRobotsOnWhiteSite
26231,24,11
timeStep,numberOfRobotsOnBlackSite,numberOfRobotsOnWhiteSite
26232,24,11
timeStep,numberOfRobotsOnBlackSite,numberOfRobotsOnWhiteSite
26233,24,11
timeStep,numberOfRobotsOnBlackSite,numberOfRobotsOnWhiteSite
26234,24,11
timeStep,numberOfRobotsOnBlackSite,numberOfRobotsOnWhiteSite
26235,24,11
timeStep,numberOfRobotsOnBlackSite,numberOfRobotsOnWhiteSite
26236,24,11
timeStep,numberOfRobotsOnBlackSite,numberOfRobotsOnWhiteSite
26237,24,11
timeStep,numberOfRobotsOnBlackSite,numberOfRobotsOnWhiteSite
26238,24,11
timeStep,numberOfRobotsOnBlackSite,numberOfRobotsOnWhiteSite
26239,24,11
timeStep,numberOfRobotsOnBlackSite,numberOfRobotsOnWhiteSite
26240,24,11
timeStep,numberOfRobotsOnBlackSite,numberOfRobotsOnWhiteSite
26241,24,11
timeStep,numberOfRobotsOnBlackSite,numberOfRobotsOnWhiteSite
26242,24,11
timeStep,numberOfRobotsOnBlackSite,numberOfRobotsOnWhiteSite
26243,24,11
timeStep,numberOfRobotsOnBlackSite,numberOfRobotsOnWhiteSite
26244,24,11
timeStep,numberOfRobotsOnBlackSite,numberOfRobotsOnWhiteSite
26245,24,11
timeStep,numberOfRobotsOnBlackSite,numberOfRobotsOnWhiteSite
26246,24,11
timeStep,numberOfRobotsOnBlackSite,numberOfRobotsOnWhiteSite
26247,24,11
timeStep,numberOfRobotsOnBlackSite,numberOfRobotsOnWhiteSite
26248,24,11
timeStep,numberOfRobotsOnBlackSite,numberOfRobotsOnWhiteSite
26249,24,11
timeStep,numberOfRobotsOnBlackSite,numberOfRobotsOnWhiteSite
26250,24,11
timeStep,numberOfRobotsOnBlackSite,numberOfRobotsOnWhiteSite
26251,24,11
timeStep,numberOfRobotsOnBlackSite,numberOfRobotsOnWhiteSite
26252,24,11
timeStep,numberOfRobotsOnBlackSite,numberOfRobotsOnWhiteSite
26253,24,11
timeStep,numberOfRobotsOnBlackSite,numberOfRobotsOnWhiteSite
26254,24,11
timeStep,numberOfRobotsOnBlackSite,numberOfRobotsOnWhiteSite
26255,24,11
timeStep,numberOfRobotsOnBlackSite,numberOfRobotsOnWhiteSite
26256,24,11
timeStep,numberOfRobotsOnBlackSite,numberOfRobotsOnWhiteSite
26257,24,11
timeStep,numberOfRobotsOnBlackSite,numberOfRobotsOnWhiteSite
26258,24,11
timeStep,numberOfRobotsOnBlackSite,numberOfRobotsOnWhiteSite
26259,24,11
timeStep,numberOfRobotsOnBlackSite,numberOfRobotsOnWhiteSite
26260,24,11
timeStep,numberOfRobotsOnBlackSite,numberOfRobotsOnWhiteSite
26261,24,11
timeStep,numberOfRobotsOnBlackSite,numberOfRobotsOnWhiteSite
26262,24,11
timeStep,numberOfRobotsOnBlackSite,numberOfRobotsOnWhiteSite
26263,24,11
timeStep,numberOfRobotsOnBlackSite,numberOfRobotsOnWhiteSite
26264,24,11
timeStep,numberOfRobotsOnBlackSite,numberOfRobotsOnWhiteSite
26265,24,11
timeStep,numberOfRobotsOnBlackSite,numberOfRobotsOnWhiteSite
26266,24,11
timeStep,numberOfRobotsOnBlackSite,numberOfRobotsOnWhiteSite
26267,24,11
timeStep,numberOfRobotsOnBlackSite,numberOfRobotsOnWhiteSite
26268,24,11
timeStep,numberOfRobotsOnBlackSite,numberOfRobotsOnWhiteSite
26269,24,11
timeStep,numberOfRobotsOnBlackSite,numberOfRobotsOnWhiteSite
26270,24,10
timeStep,numberOfRobotsOnBlackSite,numberOfRobotsOnWhiteSite
26271,24,10
timeStep,numberOfRobotsOnBlackSite,numberOfRobotsOnWhiteSite
26272,24,10
timeStep,numberOfRobotsOnBlackSite,numberOfRobotsOnWhiteSite
26273,24,10
timeStep,numberOfRobotsOnBlackSite,numberOfRobotsOnWhiteSite
26274,24,10
timeStep,numberOfRobotsOnBlackSite,numberOfRobotsOnWhiteSite
26275,24,10
timeStep,numberOfRobotsOnBlackSite,numberOfRobotsOnWhiteSite
26276,24,10
timeStep,numberOfRobotsOnBlackSite,numberOfRobotsOnWhiteSite
26277,24,10
timeStep,numberOfRobotsOnBlackSite,numberOfRobotsOnWhiteSite
26278,24,10
timeStep,numberOfRobotsOnBlackSite,numberOfRobotsOnWhiteSite
26279,24,10
timeStep,numberOfRobotsOnBlackSite,numberOfRobotsOnWhiteSite
26280,24,10
timeStep,numberOfRobotsOnBlackSite,numberOfRobotsOnWhiteSite
26281,24,10
timeStep,numberOfRobotsOnBlackSite,numberOfRobotsOnWhiteSite
26282,24,10
timeStep,numberOfRobotsOnBlackSite,numberOfRobotsOnWhiteSite
26283,24,10
timeStep,numberOfRobotsOnBlackSite,numberOfRobotsOnWhiteSite
26284,24,10
timeStep,numberOfRobotsOnBlackSite,numberOfRobotsOnWhiteSite
26285,24,10
timeStep,numberOfRobotsOnBlackSite,numberOfRobotsOnWhiteSite
26286,24,10
timeStep,numberOfRobotsOnBlackSite,numberOfRobotsOnWhiteSite
26287,24,10
timeStep,numberOfRobotsOnBlackSite,numberOfRobotsOnWhiteSite
26288,24,10
timeStep,numberOfRobotsOnBlackSite,numberOfRobotsOnWhiteSite
26289,24,10
timeStep,numberOfRobotsOnBlackSite,numberOfRobotsOnWhiteSite
26290,24,11
timeStep,numberOfRobotsOnBlackSite,numberOfRobotsOnWhiteSite
26291,24,11
timeStep,numberOfRobotsOnBlackSite,numberOfRobotsOnWhiteSite
26292,24,11
timeStep,numberOfRobotsOnBlackSite,numberOfRobotsOnWhiteSite
26293,24,11
timeStep,numberOfRobotsOnBlackSite,numberOfRobotsOnWhiteSite
26294,24,11
timeStep,numberOfRobotsOnBlackSite,numberOfRobotsOnWhiteSite
26295,24,11
timeStep,numberOfRobotsOnBlackSite,numberOfRobotsOnWhiteSite
26296,24,11
timeStep,numberOfRobotsOnBlackSite,numberOfRobotsOnWhiteSite
26297,24,11
timeStep,numberOfRobotsOnBlackSite,numberOfRobotsOnWhiteSite
26298,24,11
timeStep,numberOfRobotsOnBlackSite,numberOfRobotsOnWhiteSite
26299,24,11
timeStep,numberOfRobotsOnBlackSite,numberOfRobotsOnWhiteSite
26300,24,11
timeStep,numberOfRobotsOnBlackSite,numberOfRobotsOnWhiteSite
26301,24,11
timeStep,numberOfRobotsOnBlackSite,numberOfRobotsOnWhiteSite
26302,24,11
timeStep,numberOfRobotsOnBlackSite,numberOfRobotsOnWhiteSite
26303,24,11
timeStep,numberOfRobotsOnBlackSite,numberOfRobotsOnWhiteSite
26304,24,11
timeStep,numberOfRobotsOnBlackSite,numberOfRobotsOnWhiteSite
26305,24,12
timeStep,numberOfRobotsOnBlackSite,numberOfRobotsOnWhiteSite
26306,24,12
timeStep,numberOfRobotsOnBlackSite,numberOfRobotsOnWhiteSite
26307,24,12
timeStep,numberOfRobotsOnBlackSite,numberOfRobotsOnWhiteSite
26308,24,12
timeStep,numberOfRobotsOnBlackSite,numberOfRobotsOnWhiteSite
26309,24,12
timeStep,numberOfRobotsOnBlackSite,numberOfRobotsOnWhiteSite
26310,24,12
timeStep,numberOfRobotsOnBlackSite,numberOfRobotsOnWhiteSite
26311,24,12
timeStep,numberOfRobotsOnBlackSite,numberOfRobotsOnWhiteSite
26312,24,12
timeStep,numberOfRobotsOnBlackSite,numberOfRobotsOnWhiteSite
26313,24,12
timeStep,numberOfRobotsOnBlackSite,numberOfRobotsOnWhiteSite
26314,24,12
timeStep,numberOfRobotsOnBlackSite,numberOfRobotsOnWhiteSite
26315,24,12
timeStep,numberOfRobotsOnBlackSite,numberOfRobotsOnWhiteSite
26316,24,12
timeStep,numberOfRobotsOnBlackSite,numberOfRobotsOnWhiteSite
26317,24,12
timeStep,numberOfRobotsOnBlackSite,numberOfRobotsOnWhiteSite
26318,24,12
timeStep,numberOfRobotsOnBlackSite,numberOfRobotsOnWhiteSite
26319,24,12
timeStep,numberOfRobotsOnBlackSite,numberOfRobotsOnWhiteSite
26320,24,12
timeStep,numberOfRobotsOnBlackSite,numberOfRobotsOnWhiteSite
26321,24,12
timeStep,numberOfRobotsOnBlackSite,numberOfRobotsOnWhiteSite
26322,24,12
timeStep,numberOfRobotsOnBlackSite,numberOfRobotsOnWhiteSite
26323,24,12
timeStep,numberOfRobotsOnBlackSite,numberOfRobotsOnWhiteSite
26324,24,12
timeStep,numberOfRobotsOnBlackSite,numberOfRobotsOnWhiteSite
26325,24,12
timeStep,numberOfRobotsOnBlackSite,numberOfRobotsOnWhiteSite
26326,24,12
timeStep,numberOfRobotsOnBlackSite,numberOfRobotsOnWhiteSite
26327,24,12
timeStep,numberOfRobotsOnBlackSite,numberOfRobotsOnWhiteSite
26328,24,12
timeStep,numberOfRobotsOnBlackSite,numberOfRobotsOnWhiteSite
26329,24,12
timeStep,numberOfRobotsOnBlackSite,numberOfRobotsOnWhiteSite
26330,24,12
timeStep,numberOfRobotsOnBlackSite,numberOfRobotsOnWhiteSite
26331,24,12
timeStep,numberOfRobotsOnBlackSite,numberOfRobotsOnWhiteSite
26332,24,12
timeStep,numberOfRobotsOnBlackSite,numberOfRobotsOnWhiteSite
26333,24,12
timeStep,numberOfRobotsOnBlackSite,numberOfRobotsOnWhiteSite
26334,24,12
timeStep,numberOfRobotsOnBlackSite,numberOfRobotsOnWhiteSite
26335,24,12
timeStep,numberOfRobotsOnBlackSite,numberOfRobotsOnWhiteSite
26336,24,12
timeStep,numberOfRobotsOnBlackSite,numberOfRobotsOnWhiteSite
26337,24,12
timeStep,numberOfRobotsOnBlackSite,numberOfRobotsOnWhiteSite
26338,24,12
timeStep,numberOfRobotsOnBlackSite,numberOfRobotsOnWhiteSite
26339,24,12
timeStep,numberOfRobotsOnBlackSite,numberOfRobotsOnWhiteSite
26340,24,12
timeStep,numberOfRobotsOnBlackSite,numberOfRobotsOnWhiteSite
26341,24,12
timeStep,numberOfRobotsOnBlackSite,numberOfRobotsOnWhiteSite
26342,24,12
timeStep,numberOfRobotsOnBlackSite,numberOfRobotsOnWhiteSite
26343,24,12
timeStep,numberOfRobotsOnBlackSite,numberOfRobotsOnWhiteSite
26344,24,12
timeStep,numberOfRobotsOnBlackSite,numberOfRobotsOnWhiteSite
26345,24,12
timeStep,numberOfRobotsOnBlackSite,numberOfRobotsOnWhiteSite
26346,24,12
timeStep,numberOfRobotsOnBlackSite,numberOfRobotsOnWhiteSite
26347,24,12
timeStep,numberOfRobotsOnBlackSite,numberOfRobotsOnWhiteSite
26348,24,12
timeStep,numberOfRobotsOnBlackSite,numberOfRobotsOnWhiteSite
26349,24,12
timeStep,numberOfRobotsOnBlackSite,numberOfRobotsOnWhiteSite
26350,24,12
timeStep,numberOfRobotsOnBlackSite,numberOfRobotsOnWhiteSite
26351,24,12
timeStep,numberOfRobotsOnBlackSite,numberOfRobotsOnWhiteSite
26352,24,12
timeStep,numberOfRobotsOnBlackSite,numberOfRobotsOnWhiteSite
26353,24,12
timeStep,numberOfRobotsOnBlackSite,numberOfRobotsOnWhiteSite
26354,24,12
timeStep,numberOfRobotsOnBlackSite,numberOfRobotsOnWhiteSite
26355,24,12
timeStep,numberOfRobotsOnBlackSite,numberOfRobotsOnWhiteSite
26356,24,12
timeStep,numberOfRobotsOnBlackSite,numberOfRobotsOnWhiteSite
26357,24,12
timeStep,numberOfRobotsOnBlackSite,numberOfRobotsOnWhiteSite
26358,24,12
timeStep,numberOfRobotsOnBlackSite,numberOfRobotsOnWhiteSite
26359,24,12
timeStep,numberOfRobotsOnBlackSite,numberOfRobotsOnWhiteSite
26360,24,12
timeStep,numberOfRobotsOnBlackSite,numberOfRobotsOnWhiteSite
26361,24,12
timeStep,numberOfRobotsOnBlackSite,numberOfRobotsOnWhiteSite
26362,24,12
timeStep,numberOfRobotsOnBlackSite,numberOfRobotsOnWhiteSite
26363,24,12
timeStep,numberOfRobotsOnBlackSite,numberOfRobotsOnWhiteSite
26364,24,12
timeStep,numberOfRobotsOnBlackSite,numberOfRobotsOnWhiteSite
26365,24,12
timeStep,numberOfRobotsOnBlackSite,numberOfRobotsOnWhiteSite
26366,24,12
timeStep,numberOfRobotsOnBlackSite,numberOfRobotsOnWhiteSite
26367,24,12
timeStep,numberOfRobotsOnBlackSite,numberOfRobotsOnWhiteSite
26368,24,12
timeStep,numberOfRobotsOnBlackSite,numberOfRobotsOnWhiteSite
26369,24,12
timeStep,numberOfRobotsOnBlackSite,numberOfRobotsOnWhiteSite
26370,24,12
timeStep,numberOfRobotsOnBlackSite,numberOfRobotsOnWhiteSite
26371,24,12
timeStep,numberOfRobotsOnBlackSite,numberOfRobotsOnWhiteSite
26372,24,12
timeStep,numberOfRobotsOnBlackSite,numberOfRobotsOnWhiteSite
26373,24,12
timeStep,numberOfRobotsOnBlackSite,numberOfRobotsOnWhiteSite
26374,24,12
timeStep,numberOfRobotsOnBlackSite,numberOfRobotsOnWhiteSite
26375,24,12
timeStep,numberOfRobotsOnBlackSite,numberOfRobotsOnWhiteSite
26376,24,12
timeStep,numberOfRobotsOnBlackSite,numberOfRobotsOnWhiteSite
26377,24,12
timeStep,numberOfRobotsOnBlackSite,numberOfRobotsOnWhiteSite
26378,24,12
timeStep,numberOfRobotsOnBlackSite,numberOfRobotsOnWhiteSite
26379,24,12
timeStep,numberOfRobotsOnBlackSite,numberOfRobotsOnWhiteSite
26380,24,12
timeStep,numberOfRobotsOnBlackSite,numberOfRobotsOnWhiteSite
26381,24,12
timeStep,numberOfRobotsOnBlackSite,numberOfRobotsOnWhiteSite
26382,24,12
timeStep,numberOfRobotsOnBlackSite,numberOfRobotsOnWhiteSite
26383,24,12
timeStep,numberOfRobotsOnBlackSite,numberOfRobotsOnWhiteSite
26384,24,12
timeStep,numberOfRobotsOnBlackSite,numberOfRobotsOnWhiteSite
26385,24,12
timeStep,numberOfRobotsOnBlackSite,numberOfRobotsOnWhiteSite
26386,24,12
timeStep,numberOfRobotsOnBlackSite,numberOfRobotsOnWhiteSite
26387,24,12
timeStep,numberOfRobotsOnBlackSite,numberOfRobotsOnWhiteSite
26388,24,12
timeStep,numberOfRobotsOnBlackSite,numberOfRobotsOnWhiteSite
26389,24,12
timeStep,numberOfRobotsOnBlackSite,numberOfRobotsOnWhiteSite
26390,24,12
timeStep,numberOfRobotsOnBlackSite,numberOfRobotsOnWhiteSite
26391,24,12
timeStep,numberOfRobotsOnBlackSite,numberOfRobotsOnWhiteSite
26392,24,12
timeStep,numberOfRobotsOnBlackSite,numberOfRobotsOnWhiteSite
26393,24,12
timeStep,numberOfRobotsOnBlackSite,numberOfRobotsOnWhiteSite
26394,24,12
timeStep,numberOfRobotsOnBlackSite,numberOfRobotsOnWhiteSite
26395,24,12
timeStep,numberOfRobotsOnBlackSite,numberOfRobotsOnWhiteSite
26396,24,12
timeStep,numberOfRobotsOnBlackSite,numberOfRobotsOnWhiteSite
26397,24,12
timeStep,numberOfRobotsOnBlackSite,numberOfRobotsOnWhiteSite
26398,24,12
timeStep,numberOfRobotsOnBlackSite,numberOfRobotsOnWhiteSite
26399,24,12
timeStep,numberOfRobotsOnBlackSite,numberOfRobotsOnWhiteSite
26400,24,12
timeStep,numberOfRobotsOnBlackSite,numberOfRobotsOnWhiteSite
26401,24,12
timeStep,numberOfRobotsOnBlackSite,numberOfRobotsOnWhiteSite
26402,24,12
timeStep,numberOfRobotsOnBlackSite,numberOfRobotsOnWhiteSite
26403,24,12
timeStep,numberOfRobotsOnBlackSite,numberOfRobotsOnWhiteSite
26404,24,12
timeStep,numberOfRobotsOnBlackSite,numberOfRobotsOnWhiteSite
26405,24,12
timeStep,numberOfRobotsOnBlackSite,numberOfRobotsOnWhiteSite
26406,24,12
timeStep,numberOfRobotsOnBlackSite,numberOfRobotsOnWhiteSite
26407,24,12
timeStep,numberOfRobotsOnBlackSite,numberOfRobotsOnWhiteSite
26408,24,12
timeStep,numberOfRobotsOnBlackSite,numberOfRobotsOnWhiteSite
26409,24,12
timeStep,numberOfRobotsOnBlackSite,numberOfRobotsOnWhiteSite
26410,24,12
timeStep,numberOfRobotsOnBlackSite,numberOfRobotsOnWhiteSite
26411,24,12
timeStep,numberOfRobotsOnBlackSite,numberOfRobotsOnWhiteSite
26412,24,12
timeStep,numberOfRobotsOnBlackSite,numberOfRobotsOnWhiteSite
26413,24,12
timeStep,numberOfRobotsOnBlackSite,numberOfRobotsOnWhiteSite
26414,24,12
timeStep,numberOfRobotsOnBlackSite,numberOfRobotsOnWhiteSite
26415,24,12
timeStep,numberOfRobotsOnBlackSite,numberOfRobotsOnWhiteSite
26416,24,12
timeStep,numberOfRobotsOnBlackSite,numberOfRobotsOnWhiteSite
26417,24,12
timeStep,numberOfRobotsOnBlackSite,numberOfRobotsOnWhiteSite
26418,24,12
timeStep,numberOfRobotsOnBlackSite,numberOfRobotsOnWhiteSite
26419,24,12
timeStep,numberOfRobotsOnBlackSite,numberOfRobotsOnWhiteSite
26420,24,12
timeStep,numberOfRobotsOnBlackSite,numberOfRobotsOnWhiteSite
26421,24,12
timeStep,numberOfRobotsOnBlackSite,numberOfRobotsOnWhiteSite
26422,24,12
timeStep,numberOfRobotsOnBlackSite,numberOfRobotsOnWhiteSite
26423,24,12
timeStep,numberOfRobotsOnBlackSite,numberOfRobotsOnWhiteSite
26424,24,12
timeStep,numberOfRobotsOnBlackSite,numberOfRobotsOnWhiteSite
26425,24,12
timeStep,numberOfRobotsOnBlackSite,numberOfRobotsOnWhiteSite
26426,24,12
timeStep,numberOfRobotsOnBlackSite,numberOfRobotsOnWhiteSite
26427,24,12
timeStep,numberOfRobotsOnBlackSite,numberOfRobotsOnWhiteSite
26428,24,12
timeStep,numberOfRobotsOnBlackSite,numberOfRobotsOnWhiteSite
26429,24,12
timeStep,numberOfRobotsOnBlackSite,numberOfRobotsOnWhiteSite
26430,24,12
timeStep,numberOfRobotsOnBlackSite,numberOfRobotsOnWhiteSite
26431,24,12
timeStep,numberOfRobotsOnBlackSite,numberOfRobotsOnWhiteSite
26432,24,12
timeStep,numberOfRobotsOnBlackSite,numberOfRobotsOnWhiteSite
26433,24,12
timeStep,numberOfRobotsOnBlackSite,numberOfRobotsOnWhiteSite
26434,24,12
timeStep,numberOfRobotsOnBlackSite,numberOfRobotsOnWhiteSite
26435,24,12
timeStep,numberOfRobotsOnBlackSite,numberOfRobotsOnWhiteSite
26436,24,12
timeStep,numberOfRobotsOnBlackSite,numberOfRobotsOnWhiteSite
26437,24,12
timeStep,numberOfRobotsOnBlackSite,numberOfRobotsOnWhiteSite
26438,24,12
timeStep,numberOfRobotsOnBlackSite,numberOfRobotsOnWhiteSite
26439,24,12
timeStep,numberOfRobotsOnBlackSite,numberOfRobotsOnWhiteSite
26440,24,12
timeStep,numberOfRobotsOnBlackSite,numberOfRobotsOnWhiteSite
26441,24,12
timeStep,numberOfRobotsOnBlackSite,numberOfRobotsOnWhiteSite
26442,24,12
timeStep,numberOfRobotsOnBlackSite,numberOfRobotsOnWhiteSite
26443,24,12
timeStep,numberOfRobotsOnBlackSite,numberOfRobotsOnWhiteSite
26444,24,12
timeStep,numberOfRobotsOnBlackSite,numberOfRobotsOnWhiteSite
26445,24,12
timeStep,numberOfRobotsOnBlackSite,numberOfRobotsOnWhiteSite
26446,24,12
timeStep,numberOfRobotsOnBlackSite,numberOfRobotsOnWhiteSite
26447,24,12
timeStep,numberOfRobotsOnBlackSite,numberOfRobotsOnWhiteSite
26448,24,12
timeStep,numberOfRobotsOnBlackSite,numberOfRobotsOnWhiteSite
26449,24,12
timeStep,numberOfRobotsOnBlackSite,numberOfRobotsOnWhiteSite
26450,24,12
timeStep,numberOfRobotsOnBlackSite,numberOfRobotsOnWhiteSite
26451,24,12
timeStep,numberOfRobotsOnBlackSite,numberOfRobotsOnWhiteSite
26452,24,12
timeStep,numberOfRobotsOnBlackSite,numberOfRobotsOnWhiteSite
26453,24,12
timeStep,numberOfRobotsOnBlackSite,numberOfRobotsOnWhiteSite
26454,24,12
timeStep,numberOfRobotsOnBlackSite,numberOfRobotsOnWhiteSite
26455,24,12
timeStep,numberOfRobotsOnBlackSite,numberOfRobotsOnWhiteSite
26456,24,12
timeStep,numberOfRobotsOnBlackSite,numberOfRobotsOnWhiteSite
26457,24,12
timeStep,numberOfRobotsOnBlackSite,numberOfRobotsOnWhiteSite
26458,24,12
timeStep,numberOfRobotsOnBlackSite,numberOfRobotsOnWhiteSite
26459,24,12
timeStep,numberOfRobotsOnBlackSite,numberOfRobotsOnWhiteSite
26460,24,12
timeStep,numberOfRobotsOnBlackSite,numberOfRobotsOnWhiteSite
26461,24,12
timeStep,numberOfRobotsOnBlackSite,numberOfRobotsOnWhiteSite
26462,24,12
timeStep,numberOfRobotsOnBlackSite,numberOfRobotsOnWhiteSite
26463,24,12
timeStep,numberOfRobotsOnBlackSite,numberOfRobotsOnWhiteSite
26464,24,12
timeStep,numberOfRobotsOnBlackSite,numberOfRobotsOnWhiteSite
26465,24,12
timeStep,numberOfRobotsOnBlackSite,numberOfRobotsOnWhiteSite
26466,24,12
timeStep,numberOfRobotsOnBlackSite,numberOfRobotsOnWhiteSite
26467,24,12
timeStep,numberOfRobotsOnBlackSite,numberOfRobotsOnWhiteSite
26468,24,12
timeStep,numberOfRobotsOnBlackSite,numberOfRobotsOnWhiteSite
26469,24,12
timeStep,numberOfRobotsOnBlackSite,numberOfRobotsOnWhiteSite
26470,24,12
timeStep,numberOfRobotsOnBlackSite,numberOfRobotsOnWhiteSite
26471,24,12
timeStep,numberOfRobotsOnBlackSite,numberOfRobotsOnWhiteSite
26472,24,12
timeStep,numberOfRobotsOnBlackSite,numberOfRobotsOnWhiteSite
26473,24,12
timeStep,numberOfRobotsOnBlackSite,numberOfRobotsOnWhiteSite
26474,24,12
timeStep,numberOfRobotsOnBlackSite,numberOfRobotsOnWhiteSite
26475,24,11
timeStep,numberOfRobotsOnBlackSite,numberOfRobotsOnWhiteSite
26476,24,11
timeStep,numberOfRobotsOnBlackSite,numberOfRobotsOnWhiteSite
26477,24,11
timeStep,numberOfRobotsOnBlackSite,numberOfRobotsOnWhiteSite
26478,24,11
timeStep,numberOfRobotsOnBlackSite,numberOfRobotsOnWhiteSite
26479,24,11
timeStep,numberOfRobotsOnBlackSite,numberOfRobotsOnWhiteSite
26480,24,11
timeStep,numberOfRobotsOnBlackSite,numberOfRobotsOnWhiteSite
26481,24,11
timeStep,numberOfRobotsOnBlackSite,numberOfRobotsOnWhiteSite
26482,24,11
timeStep,numberOfRobotsOnBlackSite,numberOfRobotsOnWhiteSite
26483,24,11
timeStep,numberOfRobotsOnBlackSite,numberOfRobotsOnWhiteSite
26484,24,11
timeStep,numberOfRobotsOnBlackSite,numberOfRobotsOnWhiteSite
26485,24,12
timeStep,numberOfRobotsOnBlackSite,numberOfRobotsOnWhiteSite
26486,24,12
timeStep,numberOfRobotsOnBlackSite,numberOfRobotsOnWhiteSite
26487,24,12
timeStep,numberOfRobotsOnBlackSite,numberOfRobotsOnWhiteSite
26488,24,12
timeStep,numberOfRobotsOnBlackSite,numberOfRobotsOnWhiteSite
26489,24,12
timeStep,numberOfRobotsOnBlackSite,numberOfRobotsOnWhiteSite
26490,24,12
timeStep,numberOfRobotsOnBlackSite,numberOfRobotsOnWhiteSite
26491,24,12
timeStep,numberOfRobotsOnBlackSite,numberOfRobotsOnWhiteSite
26492,24,12
timeStep,numberOfRobotsOnBlackSite,numberOfRobotsOnWhiteSite
26493,24,12
timeStep,numberOfRobotsOnBlackSite,numberOfRobotsOnWhiteSite
26494,24,12
timeStep,numberOfRobotsOnBlackSite,numberOfRobotsOnWhiteSite
26495,24,12
timeStep,numberOfRobotsOnBlackSite,numberOfRobotsOnWhiteSite
26496,24,12
timeStep,numberOfRobotsOnBlackSite,numberOfRobotsOnWhiteSite
26497,24,12
timeStep,numberOfRobotsOnBlackSite,numberOfRobotsOnWhiteSite
26498,24,12
timeStep,numberOfRobotsOnBlackSite,numberOfRobotsOnWhiteSite
26499,24,12
timeStep,numberOfRobotsOnBlackSite,numberOfRobotsOnWhiteSite
26500,24,12
timeStep,numberOfRobotsOnBlackSite,numberOfRobotsOnWhiteSite
26501,24,12
timeStep,numberOfRobotsOnBlackSite,numberOfRobotsOnWhiteSite
26502,24,12
timeStep,numberOfRobotsOnBlackSite,numberOfRobotsOnWhiteSite
26503,24,12
timeStep,numberOfRobotsOnBlackSite,numberOfRobotsOnWhiteSite
26504,24,12
timeStep,numberOfRobotsOnBlackSite,numberOfRobotsOnWhiteSite
26505,24,11
timeStep,numberOfRobotsOnBlackSite,numberOfRobotsOnWhiteSite
26506,24,11
timeStep,numberOfRobotsOnBlackSite,numberOfRobotsOnWhiteSite
26507,24,11
timeStep,numberOfRobotsOnBlackSite,numberOfRobotsOnWhiteSite
26508,24,11
timeStep,numberOfRobotsOnBlackSite,numberOfRobotsOnWhiteSite
26509,24,11
timeStep,numberOfRobotsOnBlackSite,numberOfRobotsOnWhiteSite
26510,24,11
timeStep,numberOfRobotsOnBlackSite,numberOfRobotsOnWhiteSite
26511,24,11
timeStep,numberOfRobotsOnBlackSite,numberOfRobotsOnWhiteSite
26512,24,11
timeStep,numberOfRobotsOnBlackSite,numberOfRobotsOnWhiteSite
26513,24,11
timeStep,numberOfRobotsOnBlackSite,numberOfRobotsOnWhiteSite
26514,24,11
timeStep,numberOfRobotsOnBlackSite,numberOfRobotsOnWhiteSite
26515,24,11
timeStep,numberOfRobotsOnBlackSite,numberOfRobotsOnWhiteSite
26516,24,11
timeStep,numberOfRobotsOnBlackSite,numberOfRobotsOnWhiteSite
26517,24,11
timeStep,numberOfRobotsOnBlackSite,numberOfRobotsOnWhiteSite
26518,24,11
timeStep,numberOfRobotsOnBlackSite,numberOfRobotsOnWhiteSite
26519,24,11
timeStep,numberOfRobotsOnBlackSite,numberOfRobotsOnWhiteSite
26520,24,11
timeStep,numberOfRobotsOnBlackSite,numberOfRobotsOnWhiteSite
26521,24,11
timeStep,numberOfRobotsOnBlackSite,numberOfRobotsOnWhiteSite
26522,24,11
timeStep,numberOfRobotsOnBlackSite,numberOfRobotsOnWhiteSite
26523,24,11
timeStep,numberOfRobotsOnBlackSite,numberOfRobotsOnWhiteSite
26524,24,11
timeStep,numberOfRobotsOnBlackSite,numberOfRobotsOnWhiteSite
26525,24,11
timeStep,numberOfRobotsOnBlackSite,numberOfRobotsOnWhiteSite
26526,24,11
timeStep,numberOfRobotsOnBlackSite,numberOfRobotsOnWhiteSite
26527,24,11
timeStep,numberOfRobotsOnBlackSite,numberOfRobotsOnWhiteSite
26528,24,11
timeStep,numberOfRobotsOnBlackSite,numberOfRobotsOnWhiteSite
26529,24,11
timeStep,numberOfRobotsOnBlackSite,numberOfRobotsOnWhiteSite
26530,24,11
timeStep,numberOfRobotsOnBlackSite,numberOfRobotsOnWhiteSite
26531,24,11
timeStep,numberOfRobotsOnBlackSite,numberOfRobotsOnWhiteSite
26532,24,11
timeStep,numberOfRobotsOnBlackSite,numberOfRobotsOnWhiteSite
26533,24,11
timeStep,numberOfRobotsOnBlackSite,numberOfRobotsOnWhiteSite
26534,24,11
timeStep,numberOfRobotsOnBlackSite,numberOfRobotsOnWhiteSite
26535,24,11
timeStep,numberOfRobotsOnBlackSite,numberOfRobotsOnWhiteSite
26536,24,11
timeStep,numberOfRobotsOnBlackSite,numberOfRobotsOnWhiteSite
26537,24,11
timeStep,numberOfRobotsOnBlackSite,numberOfRobotsOnWhiteSite
26538,24,11
timeStep,numberOfRobotsOnBlackSite,numberOfRobotsOnWhiteSite
26539,24,11
timeStep,numberOfRobotsOnBlackSite,numberOfRobotsOnWhiteSite
26540,24,11
timeStep,numberOfRobotsOnBlackSite,numberOfRobotsOnWhiteSite
26541,24,11
timeStep,numberOfRobotsOnBlackSite,numberOfRobotsOnWhiteSite
26542,24,11
timeStep,numberOfRobotsOnBlackSite,numberOfRobotsOnWhiteSite
26543,24,11
timeStep,numberOfRobotsOnBlackSite,numberOfRobotsOnWhiteSite
26544,24,11
timeStep,numberOfRobotsOnBlackSite,numberOfRobotsOnWhiteSite
26545,24,11
timeStep,numberOfRobotsOnBlackSite,numberOfRobotsOnWhiteSite
26546,24,11
timeStep,numberOfRobotsOnBlackSite,numberOfRobotsOnWhiteSite
26547,24,11
timeStep,numberOfRobotsOnBlackSite,numberOfRobotsOnWhiteSite
26548,24,11
timeStep,numberOfRobotsOnBlackSite,numberOfRobotsOnWhiteSite
26549,24,11
timeStep,numberOfRobotsOnBlackSite,numberOfRobotsOnWhiteSite
26550,24,11
timeStep,numberOfRobotsOnBlackSite,numberOfRobotsOnWhiteSite
26551,24,11
timeStep,numberOfRobotsOnBlackSite,numberOfRobotsOnWhiteSite
26552,24,11
timeStep,numberOfRobotsOnBlackSite,numberOfRobotsOnWhiteSite
26553,24,11
timeStep,numberOfRobotsOnBlackSite,numberOfRobotsOnWhiteSite
26554,24,11
timeStep,numberOfRobotsOnBlackSite,numberOfRobotsOnWhiteSite
26555,24,11
timeStep,numberOfRobotsOnBlackSite,numberOfRobotsOnWhiteSite
26556,24,11
timeStep,numberOfRobotsOnBlackSite,numberOfRobotsOnWhiteSite
26557,24,11
timeStep,numberOfRobotsOnBlackSite,numberOfRobotsOnWhiteSite
26558,24,11
timeStep,numberOfRobotsOnBlackSite,numberOfRobotsOnWhiteSite
26559,24,11
timeStep,numberOfRobotsOnBlackSite,numberOfRobotsOnWhiteSite
26560,24,11
timeStep,numberOfRobotsOnBlackSite,numberOfRobotsOnWhiteSite
26561,24,11
timeStep,numberOfRobotsOnBlackSite,numberOfRobotsOnWhiteSite
26562,24,11
timeStep,numberOfRobotsOnBlackSite,numberOfRobotsOnWhiteSite
26563,24,11
timeStep,numberOfRobotsOnBlackSite,numberOfRobotsOnWhiteSite
26564,24,11
timeStep,numberOfRobotsOnBlackSite,numberOfRobotsOnWhiteSite
26565,25,11
timeStep,numberOfRobotsOnBlackSite,numberOfRobotsOnWhiteSite
26566,25,11
timeStep,numberOfRobotsOnBlackSite,numberOfRobotsOnWhiteSite
26567,25,11
timeStep,numberOfRobotsOnBlackSite,numberOfRobotsOnWhiteSite
26568,25,11
timeStep,numberOfRobotsOnBlackSite,numberOfRobotsOnWhiteSite
26569,25,11
timeStep,numberOfRobotsOnBlackSite,numberOfRobotsOnWhiteSite
26570,25,11
timeStep,numberOfRobotsOnBlackSite,numberOfRobotsOnWhiteSite
26571,25,11
timeStep,numberOfRobotsOnBlackSite,numberOfRobotsOnWhiteSite
26572,25,11
timeStep,numberOfRobotsOnBlackSite,numberOfRobotsOnWhiteSite
26573,25,11
timeStep,numberOfRobotsOnBlackSite,numberOfRobotsOnWhiteSite
26574,25,11
timeStep,numberOfRobotsOnBlackSite,numberOfRobotsOnWhiteSite
26575,25,11
timeStep,numberOfRobotsOnBlackSite,numberOfRobotsOnWhiteSite
26576,25,11
timeStep,numberOfRobotsOnBlackSite,numberOfRobotsOnWhiteSite
26577,25,11
timeStep,numberOfRobotsOnBlackSite,numberOfRobotsOnWhiteSite
26578,25,11
timeStep,numberOfRobotsOnBlackSite,numberOfRobotsOnWhiteSite
26579,25,11
timeStep,numberOfRobotsOnBlackSite,numberOfRobotsOnWhiteSite
26580,25,11
timeStep,numberOfRobotsOnBlackSite,numberOfRobotsOnWhiteSite
26581,25,11
timeStep,numberOfRobotsOnBlackSite,numberOfRobotsOnWhiteSite
26582,25,11
timeStep,numberOfRobotsOnBlackSite,numberOfRobotsOnWhiteSite
26583,25,11
timeStep,numberOfRobotsOnBlackSite,numberOfRobotsOnWhiteSite
26584,25,11
timeStep,numberOfRobotsOnBlackSite,numberOfRobotsOnWhiteSite
26585,25,11
timeStep,numberOfRobotsOnBlackSite,numberOfRobotsOnWhiteSite
26586,25,11
timeStep,numberOfRobotsOnBlackSite,numberOfRobotsOnWhiteSite
26587,25,11
timeStep,numberOfRobotsOnBlackSite,numberOfRobotsOnWhiteSite
26588,25,11
timeStep,numberOfRobotsOnBlackSite,numberOfRobotsOnWhiteSite
26589,25,11
timeStep,numberOfRobotsOnBlackSite,numberOfRobotsOnWhiteSite
26590,25,11
timeStep,numberOfRobotsOnBlackSite,numberOfRobotsOnWhiteSite
26591,25,11
timeStep,numberOfRobotsOnBlackSite,numberOfRobotsOnWhiteSite
26592,25,11
timeStep,numberOfRobotsOnBlackSite,numberOfRobotsOnWhiteSite
26593,25,11
timeStep,numberOfRobotsOnBlackSite,numberOfRobotsOnWhiteSite
26594,25,11
timeStep,numberOfRobotsOnBlackSite,numberOfRobotsOnWhiteSite
26595,25,11
timeStep,numberOfRobotsOnBlackSite,numberOfRobotsOnWhiteSite
26596,25,11
timeStep,numberOfRobotsOnBlackSite,numberOfRobotsOnWhiteSite
26597,25,11
timeStep,numberOfRobotsOnBlackSite,numberOfRobotsOnWhiteSite
26598,25,11
timeStep,numberOfRobotsOnBlackSite,numberOfRobotsOnWhiteSite
26599,25,11
timeStep,numberOfRobotsOnBlackSite,numberOfRobotsOnWhiteSite
26600,25,11
timeStep,numberOfRobotsOnBlackSite,numberOfRobotsOnWhiteSite
26601,25,11
timeStep,numberOfRobotsOnBlackSite,numberOfRobotsOnWhiteSite
26602,25,11
timeStep,numberOfRobotsOnBlackSite,numberOfRobotsOnWhiteSite
26603,25,11
timeStep,numberOfRobotsOnBlackSite,numberOfRobotsOnWhiteSite
26604,25,11
timeStep,numberOfRobotsOnBlackSite,numberOfRobotsOnWhiteSite
26605,25,11
timeStep,numberOfRobotsOnBlackSite,numberOfRobotsOnWhiteSite
26606,25,11
timeStep,numberOfRobotsOnBlackSite,numberOfRobotsOnWhiteSite
26607,25,11
timeStep,numberOfRobotsOnBlackSite,numberOfRobotsOnWhiteSite
26608,25,11
timeStep,numberOfRobotsOnBlackSite,numberOfRobotsOnWhiteSite
26609,25,11
timeStep,numberOfRobotsOnBlackSite,numberOfRobotsOnWhiteSite
26610,25,11
timeStep,numberOfRobotsOnBlackSite,numberOfRobotsOnWhiteSite
26611,25,11
timeStep,numberOfRobotsOnBlackSite,numberOfRobotsOnWhiteSite
26612,25,11
timeStep,numberOfRobotsOnBlackSite,numberOfRobotsOnWhiteSite
26613,25,11
timeStep,numberOfRobotsOnBlackSite,numberOfRobotsOnWhiteSite
26614,25,11
timeStep,numberOfRobotsOnBlackSite,numberOfRobotsOnWhiteSite
26615,25,11
timeStep,numberOfRobotsOnBlackSite,numberOfRobotsOnWhiteSite
26616,25,11
timeStep,numberOfRobotsOnBlackSite,numberOfRobotsOnWhiteSite
26617,25,11
timeStep,numberOfRobotsOnBlackSite,numberOfRobotsOnWhiteSite
26618,25,11
timeStep,numberOfRobotsOnBlackSite,numberOfRobotsOnWhiteSite
26619,25,11
timeStep,numberOfRobotsOnBlackSite,numberOfRobotsOnWhiteSite
26620,24,11
timeStep,numberOfRobotsOnBlackSite,numberOfRobotsOnWhiteSite
26621,24,11
timeStep,numberOfRobotsOnBlackSite,numberOfRobotsOnWhiteSite
26622,24,11
timeStep,numberOfRobotsOnBlackSite,numberOfRobotsOnWhiteSite
26623,24,11
timeStep,numberOfRobotsOnBlackSite,numberOfRobotsOnWhiteSite
26624,24,11
timeStep,numberOfRobotsOnBlackSite,numberOfRobotsOnWhiteSite
26625,24,11
timeStep,numberOfRobotsOnBlackSite,numberOfRobotsOnWhiteSite
26626,24,11
timeStep,numberOfRobotsOnBlackSite,numberOfRobotsOnWhiteSite
26627,24,11
timeStep,numberOfRobotsOnBlackSite,numberOfRobotsOnWhiteSite
26628,24,11
timeStep,numberOfRobotsOnBlackSite,numberOfRobotsOnWhiteSite
26629,24,11
timeStep,numberOfRobotsOnBlackSite,numberOfRobotsOnWhiteSite
26630,24,11
timeStep,numberOfRobotsOnBlackSite,numberOfRobotsOnWhiteSite
26631,24,11
timeStep,numberOfRobotsOnBlackSite,numberOfRobotsOnWhiteSite
26632,24,11
timeStep,numberOfRobotsOnBlackSite,numberOfRobotsOnWhiteSite
26633,24,11
timeStep,numberOfRobotsOnBlackSite,numberOfRobotsOnWhiteSite
26634,24,11
timeStep,numberOfRobotsOnBlackSite,numberOfRobotsOnWhiteSite
26635,24,11
timeStep,numberOfRobotsOnBlackSite,numberOfRobotsOnWhiteSite
26636,24,11
timeStep,numberOfRobotsOnBlackSite,numberOfRobotsOnWhiteSite
26637,24,11
timeStep,numberOfRobotsOnBlackSite,numberOfRobotsOnWhiteSite
26638,24,11
timeStep,numberOfRobotsOnBlackSite,numberOfRobotsOnWhiteSite
26639,24,11
timeStep,numberOfRobotsOnBlackSite,numberOfRobotsOnWhiteSite
26640,24,11
timeStep,numberOfRobotsOnBlackSite,numberOfRobotsOnWhiteSite
26641,24,11
timeStep,numberOfRobotsOnBlackSite,numberOfRobotsOnWhiteSite
26642,24,11
timeStep,numberOfRobotsOnBlackSite,numberOfRobotsOnWhiteSite
26643,24,11
timeStep,numberOfRobotsOnBlackSite,numberOfRobotsOnWhiteSite
26644,24,11
timeStep,numberOfRobotsOnBlackSite,numberOfRobotsOnWhiteSite
26645,24,11
timeStep,numberOfRobotsOnBlackSite,numberOfRobotsOnWhiteSite
26646,24,11
timeStep,numberOfRobotsOnBlackSite,numberOfRobotsOnWhiteSite
26647,24,11
timeStep,numberOfRobotsOnBlackSite,numberOfRobotsOnWhiteSite
26648,24,11
timeStep,numberOfRobotsOnBlackSite,numberOfRobotsOnWhiteSite
26649,24,11
timeStep,numberOfRobotsOnBlackSite,numberOfRobotsOnWhiteSite
26650,24,11
timeStep,numberOfRobotsOnBlackSite,numberOfRobotsOnWhiteSite
26651,24,11
timeStep,numberOfRobotsOnBlackSite,numberOfRobotsOnWhiteSite
26652,24,11
timeStep,numberOfRobotsOnBlackSite,numberOfRobotsOnWhiteSite
26653,24,11
timeStep,numberOfRobotsOnBlackSite,numberOfRobotsOnWhiteSite
26654,24,11
timeStep,numberOfRobotsOnBlackSite,numberOfRobotsOnWhiteSite
26655,24,11
timeStep,numberOfRobotsOnBlackSite,numberOfRobotsOnWhiteSite
26656,24,11
timeStep,numberOfRobotsOnBlackSite,numberOfRobotsOnWhiteSite
26657,24,11
timeStep,numberOfRobotsOnBlackSite,numberOfRobotsOnWhiteSite
26658,24,11
timeStep,numberOfRobotsOnBlackSite,numberOfRobotsOnWhiteSite
26659,24,11
timeStep,numberOfRobotsOnBlackSite,numberOfRobotsOnWhiteSite
26660,24,11
timeStep,numberOfRobotsOnBlackSite,numberOfRobotsOnWhiteSite
26661,24,11
timeStep,numberOfRobotsOnBlackSite,numberOfRobotsOnWhiteSite
26662,24,11
timeStep,numberOfRobotsOnBlackSite,numberOfRobotsOnWhiteSite
26663,24,11
timeStep,numberOfRobotsOnBlackSite,numberOfRobotsOnWhiteSite
26664,24,11
timeStep,numberOfRobotsOnBlackSite,numberOfRobotsOnWhiteSite
26665,24,11
timeStep,numberOfRobotsOnBlackSite,numberOfRobotsOnWhiteSite
26666,24,11
timeStep,numberOfRobotsOnBlackSite,numberOfRobotsOnWhiteSite
26667,24,11
timeStep,numberOfRobotsOnBlackSite,numberOfRobotsOnWhiteSite
26668,24,11
timeStep,numberOfRobotsOnBlackSite,numberOfRobotsOnWhiteSite
26669,24,11
timeStep,numberOfRobotsOnBlackSite,numberOfRobotsOnWhiteSite
26670,24,11
timeStep,numberOfRobotsOnBlackSite,numberOfRobotsOnWhiteSite
26671,24,11
timeStep,numberOfRobotsOnBlackSite,numberOfRobotsOnWhiteSite
26672,24,11
timeStep,numberOfRobotsOnBlackSite,numberOfRobotsOnWhiteSite
26673,24,11
timeStep,numberOfRobotsOnBlackSite,numberOfRobotsOnWhiteSite
26674,24,11
timeStep,numberOfRobotsOnBlackSite,numberOfRobotsOnWhiteSite
26675,25,11
timeStep,numberOfRobotsOnBlackSite,numberOfRobotsOnWhiteSite
26676,25,11
timeStep,numberOfRobotsOnBlackSite,numberOfRobotsOnWhiteSite
26677,25,11
timeStep,numberOfRobotsOnBlackSite,numberOfRobotsOnWhiteSite
26678,25,11
timeStep,numberOfRobotsOnBlackSite,numberOfRobotsOnWhiteSite
26679,25,11
timeStep,numberOfRobotsOnBlackSite,numberOfRobotsOnWhiteSite
26680,25,11
timeStep,numberOfRobotsOnBlackSite,numberOfRobotsOnWhiteSite
26681,25,11
timeStep,numberOfRobotsOnBlackSite,numberOfRobotsOnWhiteSite
26682,25,11
timeStep,numberOfRobotsOnBlackSite,numberOfRobotsOnWhiteSite
26683,25,11
timeStep,numberOfRobotsOnBlackSite,numberOfRobotsOnWhiteSite
26684,25,11
timeStep,numberOfRobotsOnBlackSite,numberOfRobotsOnWhiteSite
26685,26,11
timeStep,numberOfRobotsOnBlackSite,numberOfRobotsOnWhiteSite
26686,26,11
timeStep,numberOfRobotsOnBlackSite,numberOfRobotsOnWhiteSite
26687,26,11
timeStep,numberOfRobotsOnBlackSite,numberOfRobotsOnWhiteSite
26688,26,11
timeStep,numberOfRobotsOnBlackSite,numberOfRobotsOnWhiteSite
26689,26,11
timeStep,numberOfRobotsOnBlackSite,numberOfRobotsOnWhiteSite
26690,26,11
timeStep,numberOfRobotsOnBlackSite,numberOfRobotsOnWhiteSite
26691,26,11
timeStep,numberOfRobotsOnBlackSite,numberOfRobotsOnWhiteSite
26692,26,11
timeStep,numberOfRobotsOnBlackSite,numberOfRobotsOnWhiteSite
26693,26,11
timeStep,numberOfRobotsOnBlackSite,numberOfRobotsOnWhiteSite
26694,26,11
timeStep,numberOfRobotsOnBlackSite,numberOfRobotsOnWhiteSite
26695,26,11
timeStep,numberOfRobotsOnBlackSite,numberOfRobotsOnWhiteSite
26696,26,11
timeStep,numberOfRobotsOnBlackSite,numberOfRobotsOnWhiteSite
26697,26,11
timeStep,numberOfRobotsOnBlackSite,numberOfRobotsOnWhiteSite
26698,26,11
timeStep,numberOfRobotsOnBlackSite,numberOfRobotsOnWhiteSite
26699,26,11
timeStep,numberOfRobotsOnBlackSite,numberOfRobotsOnWhiteSite
26700,26,11
timeStep,numberOfRobotsOnBlackSite,numberOfRobotsOnWhiteSite
26701,26,11
timeStep,numberOfRobotsOnBlackSite,numberOfRobotsOnWhiteSite
26702,26,11
timeStep,numberOfRobotsOnBlackSite,numberOfRobotsOnWhiteSite
26703,26,11
timeStep,numberOfRobotsOnBlackSite,numberOfRobotsOnWhiteSite
26704,26,11
timeStep,numberOfRobotsOnBlackSite,numberOfRobotsOnWhiteSite
26705,27,11
timeStep,numberOfRobotsOnBlackSite,numberOfRobotsOnWhiteSite
26706,27,11
timeStep,numberOfRobotsOnBlackSite,numberOfRobotsOnWhiteSite
26707,27,11
timeStep,numberOfRobotsOnBlackSite,numberOfRobotsOnWhiteSite
26708,27,11
timeStep,numberOfRobotsOnBlackSite,numberOfRobotsOnWhiteSite
26709,27,11
timeStep,numberOfRobotsOnBlackSite,numberOfRobotsOnWhiteSite
26710,27,11
timeStep,numberOfRobotsOnBlackSite,numberOfRobotsOnWhiteSite
26711,27,11
timeStep,numberOfRobotsOnBlackSite,numberOfRobotsOnWhiteSite
26712,27,11
timeStep,numberOfRobotsOnBlackSite,numberOfRobotsOnWhiteSite
26713,27,11
timeStep,numberOfRobotsOnBlackSite,numberOfRobotsOnWhiteSite
26714,27,11
timeStep,numberOfRobotsOnBlackSite,numberOfRobotsOnWhiteSite
26715,27,11
timeStep,numberOfRobotsOnBlackSite,numberOfRobotsOnWhiteSite
26716,27,11
timeStep,numberOfRobotsOnBlackSite,numberOfRobotsOnWhiteSite
26717,27,11
timeStep,numberOfRobotsOnBlackSite,numberOfRobotsOnWhiteSite
26718,27,11
timeStep,numberOfRobotsOnBlackSite,numberOfRobotsOnWhiteSite
26719,27,11
timeStep,numberOfRobotsOnBlackSite,numberOfRobotsOnWhiteSite
26720,27,11
timeStep,numberOfRobotsOnBlackSite,numberOfRobotsOnWhiteSite
26721,27,11
timeStep,numberOfRobotsOnBlackSite,numberOfRobotsOnWhiteSite
26722,27,11
timeStep,numberOfRobotsOnBlackSite,numberOfRobotsOnWhiteSite
26723,27,11
timeStep,numberOfRobotsOnBlackSite,numberOfRobotsOnWhiteSite
26724,27,11
timeStep,numberOfRobotsOnBlackSite,numberOfRobotsOnWhiteSite
26725,27,11
timeStep,numberOfRobotsOnBlackSite,numberOfRobotsOnWhiteSite
26726,27,11
timeStep,numberOfRobotsOnBlackSite,numberOfRobotsOnWhiteSite
26727,27,11
timeStep,numberOfRobotsOnBlackSite,numberOfRobotsOnWhiteSite
26728,27,11
timeStep,numberOfRobotsOnBlackSite,numberOfRobotsOnWhiteSite
26729,27,11
timeStep,numberOfRobotsOnBlackSite,numberOfRobotsOnWhiteSite
26730,27,11
timeStep,numberOfRobotsOnBlackSite,numberOfRobotsOnWhiteSite
26731,27,11
timeStep,numberOfRobotsOnBlackSite,numberOfRobotsOnWhiteSite
26732,27,11
timeStep,numberOfRobotsOnBlackSite,numberOfRobotsOnWhiteSite
26733,27,11
timeStep,numberOfRobotsOnBlackSite,numberOfRobotsOnWhiteSite
26734,27,11
timeStep,numberOfRobotsOnBlackSite,numberOfRobotsOnWhiteSite
26735,27,11
timeStep,numberOfRobotsOnBlackSite,numberOfRobotsOnWhiteSite
26736,27,11
timeStep,numberOfRobotsOnBlackSite,numberOfRobotsOnWhiteSite
26737,27,11
timeStep,numberOfRobotsOnBlackSite,numberOfRobotsOnWhiteSite
26738,27,11
timeStep,numberOfRobotsOnBlackSite,numberOfRobotsOnWhiteSite
26739,27,11
timeStep,numberOfRobotsOnBlackSite,numberOfRobotsOnWhiteSite
26740,27,11
timeStep,numberOfRobotsOnBlackSite,numberOfRobotsOnWhiteSite
26741,27,11
timeStep,numberOfRobotsOnBlackSite,numberOfRobotsOnWhiteSite
26742,27,11
timeStep,numberOfRobotsOnBlackSite,numberOfRobotsOnWhiteSite
26743,27,11
timeStep,numberOfRobotsOnBlackSite,numberOfRobotsOnWhiteSite
26744,27,11
timeStep,numberOfRobotsOnBlackSite,numberOfRobotsOnWhiteSite
26745,27,11
timeStep,numberOfRobotsOnBlackSite,numberOfRobotsOnWhiteSite
26746,27,11
timeStep,numberOfRobotsOnBlackSite,numberOfRobotsOnWhiteSite
26747,27,11
timeStep,numberOfRobotsOnBlackSite,numberOfRobotsOnWhiteSite
26748,27,11
timeStep,numberOfRobotsOnBlackSite,numberOfRobotsOnWhiteSite
26749,27,11
timeStep,numberOfRobotsOnBlackSite,numberOfRobotsOnWhiteSite
26750,26,11
timeStep,numberOfRobotsOnBlackSite,numberOfRobotsOnWhiteSite
26751,26,11
timeStep,numberOfRobotsOnBlackSite,numberOfRobotsOnWhiteSite
26752,26,11
timeStep,numberOfRobotsOnBlackSite,numberOfRobotsOnWhiteSite
26753,26,11
timeStep,numberOfRobotsOnBlackSite,numberOfRobotsOnWhiteSite
26754,26,11
timeStep,numberOfRobotsOnBlackSite,numberOfRobotsOnWhiteSite
26755,26,11
timeStep,numberOfRobotsOnBlackSite,numberOfRobotsOnWhiteSite
26756,26,11
timeStep,numberOfRobotsOnBlackSite,numberOfRobotsOnWhiteSite
26757,26,11
timeStep,numberOfRobotsOnBlackSite,numberOfRobotsOnWhiteSite
26758,26,11
timeStep,numberOfRobotsOnBlackSite,numberOfRobotsOnWhiteSite
26759,26,11
timeStep,numberOfRobotsOnBlackSite,numberOfRobotsOnWhiteSite
26760,26,11
timeStep,numberOfRobotsOnBlackSite,numberOfRobotsOnWhiteSite
26761,26,11
timeStep,numberOfRobotsOnBlackSite,numberOfRobotsOnWhiteSite
26762,26,11
timeStep,numberOfRobotsOnBlackSite,numberOfRobotsOnWhiteSite
26763,26,11
timeStep,numberOfRobotsOnBlackSite,numberOfRobotsOnWhiteSite
26764,26,11
timeStep,numberOfRobotsOnBlackSite,numberOfRobotsOnWhiteSite
26765,26,11
timeStep,numberOfRobotsOnBlackSite,numberOfRobotsOnWhiteSite
26766,26,11
timeStep,numberOfRobotsOnBlackSite,numberOfRobotsOnWhiteSite
26767,26,11
timeStep,numberOfRobotsOnBlackSite,numberOfRobotsOnWhiteSite
26768,26,11
timeStep,numberOfRobotsOnBlackSite,numberOfRobotsOnWhiteSite
26769,26,11
timeStep,numberOfRobotsOnBlackSite,numberOfRobotsOnWhiteSite
26770,26,11
timeStep,numberOfRobotsOnBlackSite,numberOfRobotsOnWhiteSite
26771,26,11
timeStep,numberOfRobotsOnBlackSite,numberOfRobotsOnWhiteSite
26772,26,11
timeStep,numberOfRobotsOnBlackSite,numberOfRobotsOnWhiteSite
26773,26,11
timeStep,numberOfRobotsOnBlackSite,numberOfRobotsOnWhiteSite
26774,26,11
timeStep,numberOfRobotsOnBlackSite,numberOfRobotsOnWhiteSite
26775,26,11
timeStep,numberOfRobotsOnBlackSite,numberOfRobotsOnWhiteSite
26776,26,11
timeStep,numberOfRobotsOnBlackSite,numberOfRobotsOnWhiteSite
26777,26,11
timeStep,numberOfRobotsOnBlackSite,numberOfRobotsOnWhiteSite
26778,26,11
timeStep,numberOfRobotsOnBlackSite,numberOfRobotsOnWhiteSite
26779,26,11
timeStep,numberOfRobotsOnBlackSite,numberOfRobotsOnWhiteSite
26780,26,11
timeStep,numberOfRobotsOnBlackSite,numberOfRobotsOnWhiteSite
26781,26,11
timeStep,numberOfRobotsOnBlackSite,numberOfRobotsOnWhiteSite
26782,26,11
timeStep,numberOfRobotsOnBlackSite,numberOfRobotsOnWhiteSite
26783,26,11
timeStep,numberOfRobotsOnBlackSite,numberOfRobotsOnWhiteSite
26784,26,11
timeStep,numberOfRobotsOnBlackSite,numberOfRobotsOnWhiteSite
26785,26,11
timeStep,numberOfRobotsOnBlackSite,numberOfRobotsOnWhiteSite
26786,26,11
timeStep,numberOfRobotsOnBlackSite,numberOfRobotsOnWhiteSite
26787,26,11
timeStep,numberOfRobotsOnBlackSite,numberOfRobotsOnWhiteSite
26788,26,11
timeStep,numberOfRobotsOnBlackSite,numberOfRobotsOnWhiteSite
26789,26,11
timeStep,numberOfRobotsOnBlackSite,numberOfRobotsOnWhiteSite
26790,26,11
timeStep,numberOfRobotsOnBlackSite,numberOfRobotsOnWhiteSite
26791,26,11
timeStep,numberOfRobotsOnBlackSite,numberOfRobotsOnWhiteSite
26792,26,11
timeStep,numberOfRobotsOnBlackSite,numberOfRobotsOnWhiteSite
26793,26,11
timeStep,numberOfRobotsOnBlackSite,numberOfRobotsOnWhiteSite
26794,26,11
timeStep,numberOfRobotsOnBlackSite,numberOfRobotsOnWhiteSite
26795,26,11
timeStep,numberOfRobotsOnBlackSite,numberOfRobotsOnWhiteSite
26796,26,11
timeStep,numberOfRobotsOnBlackSite,numberOfRobotsOnWhiteSite
26797,26,11
timeStep,numberOfRobotsOnBlackSite,numberOfRobotsOnWhiteSite
26798,26,11
timeStep,numberOfRobotsOnBlackSite,numberOfRobotsOnWhiteSite
26799,26,11
timeStep,numberOfRobotsOnBlackSite,numberOfRobotsOnWhiteSite
26800,27,11
timeStep,numberOfRobotsOnBlackSite,numberOfRobotsOnWhiteSite
26801,27,11
timeStep,numberOfRobotsOnBlackSite,numberOfRobotsOnWhiteSite
26802,27,11
timeStep,numberOfRobotsOnBlackSite,numberOfRobotsOnWhiteSite
26803,27,11
timeStep,numberOfRobotsOnBlackSite,numberOfRobotsOnWhiteSite
26804,27,11
timeStep,numberOfRobotsOnBlackSite,numberOfRobotsOnWhiteSite
26805,27,11
timeStep,numberOfRobotsOnBlackSite,numberOfRobotsOnWhiteSite
26806,27,11
timeStep,numberOfRobotsOnBlackSite,numberOfRobotsOnWhiteSite
26807,27,11
timeStep,numberOfRobotsOnBlackSite,numberOfRobotsOnWhiteSite
26808,27,11
timeStep,numberOfRobotsOnBlackSite,numberOfRobotsOnWhiteSite
26809,27,11
timeStep,numberOfRobotsOnBlackSite,numberOfRobotsOnWhiteSite
26810,27,11
timeStep,numberOfRobotsOnBlackSite,numberOfRobotsOnWhiteSite
26811,27,11
timeStep,numberOfRobotsOnBlackSite,numberOfRobotsOnWhiteSite
26812,27,11
timeStep,numberOfRobotsOnBlackSite,numberOfRobotsOnWhiteSite
26813,27,11
timeStep,numberOfRobotsOnBlackSite,numberOfRobotsOnWhiteSite
26814,27,11
timeStep,numberOfRobotsOnBlackSite,numberOfRobotsOnWhiteSite
26815,27,11
timeStep,numberOfRobotsOnBlackSite,numberOfRobotsOnWhiteSite
26816,27,11
timeStep,numberOfRobotsOnBlackSite,numberOfRobotsOnWhiteSite
26817,27,11
timeStep,numberOfRobotsOnBlackSite,numberOfRobotsOnWhiteSite
26818,27,11
timeStep,numberOfRobotsOnBlackSite,numberOfRobotsOnWhiteSite
26819,27,11
timeStep,numberOfRobotsOnBlackSite,numberOfRobotsOnWhiteSite
26820,27,11
timeStep,numberOfRobotsOnBlackSite,numberOfRobotsOnWhiteSite
26821,27,11
timeStep,numberOfRobotsOnBlackSite,numberOfRobotsOnWhiteSite
26822,27,11
timeStep,numberOfRobotsOnBlackSite,numberOfRobotsOnWhiteSite
26823,27,11
timeStep,numberOfRobotsOnBlackSite,numberOfRobotsOnWhiteSite
26824,27,11
timeStep,numberOfRobotsOnBlackSite,numberOfRobotsOnWhiteSite
26825,27,10
timeStep,numberOfRobotsOnBlackSite,numberOfRobotsOnWhiteSite
26826,27,10
timeStep,numberOfRobotsOnBlackSite,numberOfRobotsOnWhiteSite
26827,27,10
timeStep,numberOfRobotsOnBlackSite,numberOfRobotsOnWhiteSite
26828,27,10
timeStep,numberOfRobotsOnBlackSite,numberOfRobotsOnWhiteSite
26829,27,10
timeStep,numberOfRobotsOnBlackSite,numberOfRobotsOnWhiteSite
26830,27,10
timeStep,numberOfRobotsOnBlackSite,numberOfRobotsOnWhiteSite
26831,27,10
timeStep,numberOfRobotsOnBlackSite,numberOfRobotsOnWhiteSite
26832,27,10
timeStep,numberOfRobotsOnBlackSite,numberOfRobotsOnWhiteSite
26833,27,10
timeStep,numberOfRobotsOnBlackSite,numberOfRobotsOnWhiteSite
26834,27,10
timeStep,numberOfRobotsOnBlackSite,numberOfRobotsOnWhiteSite
26835,27,10
timeStep,numberOfRobotsOnBlackSite,numberOfRobotsOnWhiteSite
26836,27,10
timeStep,numberOfRobotsOnBlackSite,numberOfRobotsOnWhiteSite
26837,27,10
timeStep,numberOfRobotsOnBlackSite,numberOfRobotsOnWhiteSite
26838,27,10
timeStep,numberOfRobotsOnBlackSite,numberOfRobotsOnWhiteSite
26839,27,10
timeStep,numberOfRobotsOnBlackSite,numberOfRobotsOnWhiteSite
26840,28,10
timeStep,numberOfRobotsOnBlackSite,numberOfRobotsOnWhiteSite
26841,28,10
timeStep,numberOfRobotsOnBlackSite,numberOfRobotsOnWhiteSite
26842,28,10
timeStep,numberOfRobotsOnBlackSite,numberOfRobotsOnWhiteSite
26843,28,10
timeStep,numberOfRobotsOnBlackSite,numberOfRobotsOnWhiteSite
26844,28,10
timeStep,numberOfRobotsOnBlackSite,numberOfRobotsOnWhiteSite
26845,28,10
timeStep,numberOfRobotsOnBlackSite,numberOfRobotsOnWhiteSite
26846,28,10
timeStep,numberOfRobotsOnBlackSite,numberOfRobotsOnWhiteSite
26847,28,10
timeStep,numberOfRobotsOnBlackSite,numberOfRobotsOnWhiteSite
26848,28,10
timeStep,numberOfRobotsOnBlackSite,numberOfRobotsOnWhiteSite
26849,28,10
timeStep,numberOfRobotsOnBlackSite,numberOfRobotsOnWhiteSite
26850,28,10
timeStep,numberOfRobotsOnBlackSite,numberOfRobotsOnWhiteSite
26851,28,10
timeStep,numberOfRobotsOnBlackSite,numberOfRobotsOnWhiteSite
26852,28,10
timeStep,numberOfRobotsOnBlackSite,numberOfRobotsOnWhiteSite
26853,28,10
timeStep,numberOfRobotsOnBlackSite,numberOfRobotsOnWhiteSite
26854,28,10
timeStep,numberOfRobotsOnBlackSite,numberOfRobotsOnWhiteSite
26855,28,10
timeStep,numberOfRobotsOnBlackSite,numberOfRobotsOnWhiteSite
26856,28,10
timeStep,numberOfRobotsOnBlackSite,numberOfRobotsOnWhiteSite
26857,28,10
timeStep,numberOfRobotsOnBlackSite,numberOfRobotsOnWhiteSite
26858,28,10
timeStep,numberOfRobotsOnBlackSite,numberOfRobotsOnWhiteSite
26859,28,10
timeStep,numberOfRobotsOnBlackSite,numberOfRobotsOnWhiteSite
26860,28,10
timeStep,numberOfRobotsOnBlackSite,numberOfRobotsOnWhiteSite
26861,28,10
timeStep,numberOfRobotsOnBlackSite,numberOfRobotsOnWhiteSite
26862,28,10
timeStep,numberOfRobotsOnBlackSite,numberOfRobotsOnWhiteSite
26863,28,10
timeStep,numberOfRobotsOnBlackSite,numberOfRobotsOnWhiteSite
26864,28,10
timeStep,numberOfRobotsOnBlackSite,numberOfRobotsOnWhiteSite
26865,28,10
timeStep,numberOfRobotsOnBlackSite,numberOfRobotsOnWhiteSite
26866,28,10
timeStep,numberOfRobotsOnBlackSite,numberOfRobotsOnWhiteSite
26867,28,10
timeStep,numberOfRobotsOnBlackSite,numberOfRobotsOnWhiteSite
26868,28,10
timeStep,numberOfRobotsOnBlackSite,numberOfRobotsOnWhiteSite
26869,28,10
timeStep,numberOfRobotsOnBlackSite,numberOfRobotsOnWhiteSite
26870,28,10
timeStep,numberOfRobotsOnBlackSite,numberOfRobotsOnWhiteSite
26871,28,10
timeStep,numberOfRobotsOnBlackSite,numberOfRobotsOnWhiteSite
26872,28,10
timeStep,numberOfRobotsOnBlackSite,numberOfRobotsOnWhiteSite
26873,28,10
timeStep,numberOfRobotsOnBlackSite,numberOfRobotsOnWhiteSite
26874,28,10
timeStep,numberOfRobotsOnBlackSite,numberOfRobotsOnWhiteSite
26875,28,10
timeStep,numberOfRobotsOnBlackSite,numberOfRobotsOnWhiteSite
26876,28,10
timeStep,numberOfRobotsOnBlackSite,numberOfRobotsOnWhiteSite
26877,28,10
timeStep,numberOfRobotsOnBlackSite,numberOfRobotsOnWhiteSite
26878,28,10
timeStep,numberOfRobotsOnBlackSite,numberOfRobotsOnWhiteSite
26879,28,10
timeStep,numberOfRobotsOnBlackSite,numberOfRobotsOnWhiteSite
26880,28,10
timeStep,numberOfRobotsOnBlackSite,numberOfRobotsOnWhiteSite
26881,28,10
timeStep,numberOfRobotsOnBlackSite,numberOfRobotsOnWhiteSite
26882,28,10
timeStep,numberOfRobotsOnBlackSite,numberOfRobotsOnWhiteSite
26883,28,10
timeStep,numberOfRobotsOnBlackSite,numberOfRobotsOnWhiteSite
26884,28,10
timeStep,numberOfRobotsOnBlackSite,numberOfRobotsOnWhiteSite
26885,28,10
timeStep,numberOfRobotsOnBlackSite,numberOfRobotsOnWhiteSite
26886,28,10
timeStep,numberOfRobotsOnBlackSite,numberOfRobotsOnWhiteSite
26887,28,10
timeStep,numberOfRobotsOnBlackSite,numberOfRobotsOnWhiteSite
26888,28,10
timeStep,numberOfRobotsOnBlackSite,numberOfRobotsOnWhiteSite
26889,28,10
timeStep,numberOfRobotsOnBlackSite,numberOfRobotsOnWhiteSite
26890,28,10
timeStep,numberOfRobotsOnBlackSite,numberOfRobotsOnWhiteSite
26891,28,10
timeStep,numberOfRobotsOnBlackSite,numberOfRobotsOnWhiteSite
26892,28,10
timeStep,numberOfRobotsOnBlackSite,numberOfRobotsOnWhiteSite
26893,28,10
timeStep,numberOfRobotsOnBlackSite,numberOfRobotsOnWhiteSite
26894,28,10
timeStep,numberOfRobotsOnBlackSite,numberOfRobotsOnWhiteSite
26895,28,10
timeStep,numberOfRobotsOnBlackSite,numberOfRobotsOnWhiteSite
26896,28,10
timeStep,numberOfRobotsOnBlackSite,numberOfRobotsOnWhiteSite
26897,28,10
timeStep,numberOfRobotsOnBlackSite,numberOfRobotsOnWhiteSite
26898,28,10
timeStep,numberOfRobotsOnBlackSite,numberOfRobotsOnWhiteSite
26899,28,10
timeStep,numberOfRobotsOnBlackSite,numberOfRobotsOnWhiteSite
26900,28,10
timeStep,numberOfRobotsOnBlackSite,numberOfRobotsOnWhiteSite
26901,28,10
timeStep,numberOfRobotsOnBlackSite,numberOfRobotsOnWhiteSite
26902,28,10
timeStep,numberOfRobotsOnBlackSite,numberOfRobotsOnWhiteSite
26903,28,10
timeStep,numberOfRobotsOnBlackSite,numberOfRobotsOnWhiteSite
26904,28,10
timeStep,numberOfRobotsOnBlackSite,numberOfRobotsOnWhiteSite
26905,28,10
timeStep,numberOfRobotsOnBlackSite,numberOfRobotsOnWhiteSite
26906,28,10
timeStep,numberOfRobotsOnBlackSite,numberOfRobotsOnWhiteSite
26907,28,10
timeStep,numberOfRobotsOnBlackSite,numberOfRobotsOnWhiteSite
26908,28,10
timeStep,numberOfRobotsOnBlackSite,numberOfRobotsOnWhiteSite
26909,28,10
timeStep,numberOfRobotsOnBlackSite,numberOfRobotsOnWhiteSite
26910,28,10
timeStep,numberOfRobotsOnBlackSite,numberOfRobotsOnWhiteSite
26911,28,10
timeStep,numberOfRobotsOnBlackSite,numberOfRobotsOnWhiteSite
26912,28,10
timeStep,numberOfRobotsOnBlackSite,numberOfRobotsOnWhiteSite
26913,28,10
timeStep,numberOfRobotsOnBlackSite,numberOfRobotsOnWhiteSite
26914,28,10
timeStep,numberOfRobotsOnBlackSite,numberOfRobotsOnWhiteSite
26915,28,9
timeStep,numberOfRobotsOnBlackSite,numberOfRobotsOnWhiteSite
26916,28,9
timeStep,numberOfRobotsOnBlackSite,numberOfRobotsOnWhiteSite
26917,28,9
timeStep,numberOfRobotsOnBlackSite,numberOfRobotsOnWhiteSite
26918,28,9
timeStep,numberOfRobotsOnBlackSite,numberOfRobotsOnWhiteSite
26919,28,9
timeStep,numberOfRobotsOnBlackSite,numberOfRobotsOnWhiteSite
26920,28,9
timeStep,numberOfRobotsOnBlackSite,numberOfRobotsOnWhiteSite
26921,28,9
timeStep,numberOfRobotsOnBlackSite,numberOfRobotsOnWhiteSite
26922,28,9
timeStep,numberOfRobotsOnBlackSite,numberOfRobotsOnWhiteSite
26923,28,9
timeStep,numberOfRobotsOnBlackSite,numberOfRobotsOnWhiteSite
26924,28,9
timeStep,numberOfRobotsOnBlackSite,numberOfRobotsOnWhiteSite
26925,28,9
timeStep,numberOfRobotsOnBlackSite,numberOfRobotsOnWhiteSite
26926,28,9
timeStep,numberOfRobotsOnBlackSite,numberOfRobotsOnWhiteSite
26927,28,9
timeStep,numberOfRobotsOnBlackSite,numberOfRobotsOnWhiteSite
26928,28,9
timeStep,numberOfRobotsOnBlackSite,numberOfRobotsOnWhiteSite
26929,28,9
timeStep,numberOfRobotsOnBlackSite,numberOfRobotsOnWhiteSite
26930,28,9
timeStep,numberOfRobotsOnBlackSite,numberOfRobotsOnWhiteSite
26931,28,9
timeStep,numberOfRobotsOnBlackSite,numberOfRobotsOnWhiteSite
26932,28,9
timeStep,numberOfRobotsOnBlackSite,numberOfRobotsOnWhiteSite
26933,28,9
timeStep,numberOfRobotsOnBlackSite,numberOfRobotsOnWhiteSite
26934,28,9
timeStep,numberOfRobotsOnBlackSite,numberOfRobotsOnWhiteSite
26935,28,9
timeStep,numberOfRobotsOnBlackSite,numberOfRobotsOnWhiteSite
26936,28,9
timeStep,numberOfRobotsOnBlackSite,numberOfRobotsOnWhiteSite
26937,28,9
timeStep,numberOfRobotsOnBlackSite,numberOfRobotsOnWhiteSite
26938,28,9
timeStep,numberOfRobotsOnBlackSite,numberOfRobotsOnWhiteSite
26939,28,9
timeStep,numberOfRobotsOnBlackSite,numberOfRobotsOnWhiteSite
26940,28,9
timeStep,numberOfRobotsOnBlackSite,numberOfRobotsOnWhiteSite
26941,28,9
timeStep,numberOfRobotsOnBlackSite,numberOfRobotsOnWhiteSite
26942,28,9
timeStep,numberOfRobotsOnBlackSite,numberOfRobotsOnWhiteSite
26943,28,9
timeStep,numberOfRobotsOnBlackSite,numberOfRobotsOnWhiteSite
26944,28,9
timeStep,numberOfRobotsOnBlackSite,numberOfRobotsOnWhiteSite
26945,28,9
timeStep,numberOfRobotsOnBlackSite,numberOfRobotsOnWhiteSite
26946,28,9
timeStep,numberOfRobotsOnBlackSite,numberOfRobotsOnWhiteSite
26947,28,9
timeStep,numberOfRobotsOnBlackSite,numberOfRobotsOnWhiteSite
26948,28,9
timeStep,numberOfRobotsOnBlackSite,numberOfRobotsOnWhiteSite
26949,28,9
timeStep,numberOfRobotsOnBlackSite,numberOfRobotsOnWhiteSite
26950,28,9
timeStep,numberOfRobotsOnBlackSite,numberOfRobotsOnWhiteSite
26951,28,9
timeStep,numberOfRobotsOnBlackSite,numberOfRobotsOnWhiteSite
26952,28,9
timeStep,numberOfRobotsOnBlackSite,numberOfRobotsOnWhiteSite
26953,28,9
timeStep,numberOfRobotsOnBlackSite,numberOfRobotsOnWhiteSite
26954,28,9
timeStep,numberOfRobotsOnBlackSite,numberOfRobotsOnWhiteSite
26955,28,9
timeStep,numberOfRobotsOnBlackSite,numberOfRobotsOnWhiteSite
26956,28,9
timeStep,numberOfRobotsOnBlackSite,numberOfRobotsOnWhiteSite
26957,28,9
timeStep,numberOfRobotsOnBlackSite,numberOfRobotsOnWhiteSite
26958,28,9
timeStep,numberOfRobotsOnBlackSite,numberOfRobotsOnWhiteSite
26959,28,9
timeStep,numberOfRobotsOnBlackSite,numberOfRobotsOnWhiteSite
26960,28,9
timeStep,numberOfRobotsOnBlackSite,numberOfRobotsOnWhiteSite
26961,28,9
timeStep,numberOfRobotsOnBlackSite,numberOfRobotsOnWhiteSite
26962,28,9
timeStep,numberOfRobotsOnBlackSite,numberOfRobotsOnWhiteSite
26963,28,9
timeStep,numberOfRobotsOnBlackSite,numberOfRobotsOnWhiteSite
26964,28,9
timeStep,numberOfRobotsOnBlackSite,numberOfRobotsOnWhiteSite
26965,28,8
timeStep,numberOfRobotsOnBlackSite,numberOfRobotsOnWhiteSite
26966,28,8
timeStep,numberOfRobotsOnBlackSite,numberOfRobotsOnWhiteSite
26967,28,8
timeStep,numberOfRobotsOnBlackSite,numberOfRobotsOnWhiteSite
26968,28,8
timeStep,numberOfRobotsOnBlackSite,numberOfRobotsOnWhiteSite
26969,28,8
timeStep,numberOfRobotsOnBlackSite,numberOfRobotsOnWhiteSite
26970,28,8
timeStep,numberOfRobotsOnBlackSite,numberOfRobotsOnWhiteSite
26971,28,8
timeStep,numberOfRobotsOnBlackSite,numberOfRobotsOnWhiteSite
26972,28,8
timeStep,numberOfRobotsOnBlackSite,numberOfRobotsOnWhiteSite
26973,28,8
timeStep,numberOfRobotsOnBlackSite,numberOfRobotsOnWhiteSite
26974,28,8
timeStep,numberOfRobotsOnBlackSite,numberOfRobotsOnWhiteSite
26975,28,8
timeStep,numberOfRobotsOnBlackSite,numberOfRobotsOnWhiteSite
26976,28,8
timeStep,numberOfRobotsOnBlackSite,numberOfRobotsOnWhiteSite
26977,28,8
timeStep,numberOfRobotsOnBlackSite,numberOfRobotsOnWhiteSite
26978,28,8
timeStep,numberOfRobotsOnBlackSite,numberOfRobotsOnWhiteSite
26979,28,8
timeStep,numberOfRobotsOnBlackSite,numberOfRobotsOnWhiteSite
26980,28,8
timeStep,numberOfRobotsOnBlackSite,numberOfRobotsOnWhiteSite
26981,28,8
timeStep,numberOfRobotsOnBlackSite,numberOfRobotsOnWhiteSite
26982,28,8
timeStep,numberOfRobotsOnBlackSite,numberOfRobotsOnWhiteSite
26983,28,8
timeStep,numberOfRobotsOnBlackSite,numberOfRobotsOnWhiteSite
26984,28,8
timeStep,numberOfRobotsOnBlackSite,numberOfRobotsOnWhiteSite
26985,28,8
timeStep,numberOfRobotsOnBlackSite,numberOfRobotsOnWhiteSite
26986,28,8
timeStep,numberOfRobotsOnBlackSite,numberOfRobotsOnWhiteSite
26987,28,8
timeStep,numberOfRobotsOnBlackSite,numberOfRobotsOnWhiteSite
26988,28,8
timeStep,numberOfRobotsOnBlackSite,numberOfRobotsOnWhiteSite
26989,28,8
timeStep,numberOfRobotsOnBlackSite,numberOfRobotsOnWhiteSite
26990,28,8
timeStep,numberOfRobotsOnBlackSite,numberOfRobotsOnWhiteSite
26991,28,8
timeStep,numberOfRobotsOnBlackSite,numberOfRobotsOnWhiteSite
26992,28,8
timeStep,numberOfRobotsOnBlackSite,numberOfRobotsOnWhiteSite
26993,28,8
timeStep,numberOfRobotsOnBlackSite,numberOfRobotsOnWhiteSite
26994,28,8
timeStep,numberOfRobotsOnBlackSite,numberOfRobotsOnWhiteSite
26995,28,8
timeStep,numberOfRobotsOnBlackSite,numberOfRobotsOnWhiteSite
26996,28,8
timeStep,numberOfRobotsOnBlackSite,numberOfRobotsOnWhiteSite
26997,28,8
timeStep,numberOfRobotsOnBlackSite,numberOfRobotsOnWhiteSite
26998,28,8
timeStep,numberOfRobotsOnBlackSite,numberOfRobotsOnWhiteSite
26999,28,8
timeStep,numberOfRobotsOnBlackSite,numberOfRobotsOnWhiteSite
27000,28,8
timeStep,numberOfRobotsOnBlackSite,numberOfRobotsOnWhiteSite
27001,28,8
timeStep,numberOfRobotsOnBlackSite,numberOfRobotsOnWhiteSite
27002,28,8
timeStep,numberOfRobotsOnBlackSite,numberOfRobotsOnWhiteSite
27003,28,8
timeStep,numberOfRobotsOnBlackSite,numberOfRobotsOnWhiteSite
27004,28,8
timeStep,numberOfRobotsOnBlackSite,numberOfRobotsOnWhiteSite
27005,28,8
timeStep,numberOfRobotsOnBlackSite,numberOfRobotsOnWhiteSite
27006,28,8
timeStep,numberOfRobotsOnBlackSite,numberOfRobotsOnWhiteSite
27007,28,8
timeStep,numberOfRobotsOnBlackSite,numberOfRobotsOnWhiteSite
27008,28,8
timeStep,numberOfRobotsOnBlackSite,numberOfRobotsOnWhiteSite
27009,28,8
timeStep,numberOfRobotsOnBlackSite,numberOfRobotsOnWhiteSite
27010,28,8
timeStep,numberOfRobotsOnBlackSite,numberOfRobotsOnWhiteSite
27011,28,8
timeStep,numberOfRobotsOnBlackSite,numberOfRobotsOnWhiteSite
27012,28,8
timeStep,numberOfRobotsOnBlackSite,numberOfRobotsOnWhiteSite
27013,28,8
timeStep,numberOfRobotsOnBlackSite,numberOfRobotsOnWhiteSite
27014,28,8
timeStep,numberOfRobotsOnBlackSite,numberOfRobotsOnWhiteSite
27015,28,8
timeStep,numberOfRobotsOnBlackSite,numberOfRobotsOnWhiteSite
27016,28,8
timeStep,numberOfRobotsOnBlackSite,numberOfRobotsOnWhiteSite
27017,28,8
timeStep,numberOfRobotsOnBlackSite,numberOfRobotsOnWhiteSite
27018,28,8
timeStep,numberOfRobotsOnBlackSite,numberOfRobotsOnWhiteSite
27019,28,8
timeStep,numberOfRobotsOnBlackSite,numberOfRobotsOnWhiteSite
27020,28,9
timeStep,numberOfRobotsOnBlackSite,numberOfRobotsOnWhiteSite
27021,28,9
timeStep,numberOfRobotsOnBlackSite,numberOfRobotsOnWhiteSite
27022,28,9
timeStep,numberOfRobotsOnBlackSite,numberOfRobotsOnWhiteSite
27023,28,9
timeStep,numberOfRobotsOnBlackSite,numberOfRobotsOnWhiteSite
27024,28,9
timeStep,numberOfRobotsOnBlackSite,numberOfRobotsOnWhiteSite
27025,28,9
timeStep,numberOfRobotsOnBlackSite,numberOfRobotsOnWhiteSite
27026,28,9
timeStep,numberOfRobotsOnBlackSite,numberOfRobotsOnWhiteSite
27027,28,9
timeStep,numberOfRobotsOnBlackSite,numberOfRobotsOnWhiteSite
27028,28,9
timeStep,numberOfRobotsOnBlackSite,numberOfRobotsOnWhiteSite
27029,28,9
timeStep,numberOfRobotsOnBlackSite,numberOfRobotsOnWhiteSite
27030,28,9
timeStep,numberOfRobotsOnBlackSite,numberOfRobotsOnWhiteSite
27031,28,9
timeStep,numberOfRobotsOnBlackSite,numberOfRobotsOnWhiteSite
27032,28,9
timeStep,numberOfRobotsOnBlackSite,numberOfRobotsOnWhiteSite
27033,28,9
timeStep,numberOfRobotsOnBlackSite,numberOfRobotsOnWhiteSite
27034,28,9
timeStep,numberOfRobotsOnBlackSite,numberOfRobotsOnWhiteSite
27035,28,9
timeStep,numberOfRobotsOnBlackSite,numberOfRobotsOnWhiteSite
27036,28,9
timeStep,numberOfRobotsOnBlackSite,numberOfRobotsOnWhiteSite
27037,28,9
timeStep,numberOfRobotsOnBlackSite,numberOfRobotsOnWhiteSite
27038,28,9
timeStep,numberOfRobotsOnBlackSite,numberOfRobotsOnWhiteSite
27039,28,9
timeStep,numberOfRobotsOnBlackSite,numberOfRobotsOnWhiteSite
27040,28,9
timeStep,numberOfRobotsOnBlackSite,numberOfRobotsOnWhiteSite
27041,28,9
timeStep,numberOfRobotsOnBlackSite,numberOfRobotsOnWhiteSite
27042,28,9
timeStep,numberOfRobotsOnBlackSite,numberOfRobotsOnWhiteSite
27043,28,9
timeStep,numberOfRobotsOnBlackSite,numberOfRobotsOnWhiteSite
27044,28,9
timeStep,numberOfRobotsOnBlackSite,numberOfRobotsOnWhiteSite
27045,27,9
timeStep,numberOfRobotsOnBlackSite,numberOfRobotsOnWhiteSite
27046,27,9
timeStep,numberOfRobotsOnBlackSite,numberOfRobotsOnWhiteSite
27047,27,9
timeStep,numberOfRobotsOnBlackSite,numberOfRobotsOnWhiteSite
27048,27,9
timeStep,numberOfRobotsOnBlackSite,numberOfRobotsOnWhiteSite
27049,27,9
timeStep,numberOfRobotsOnBlackSite,numberOfRobotsOnWhiteSite
27050,27,9
timeStep,numberOfRobotsOnBlackSite,numberOfRobotsOnWhiteSite
27051,27,9
timeStep,numberOfRobotsOnBlackSite,numberOfRobotsOnWhiteSite
27052,27,9
timeStep,numberOfRobotsOnBlackSite,numberOfRobotsOnWhiteSite
27053,27,9
timeStep,numberOfRobotsOnBlackSite,numberOfRobotsOnWhiteSite
27054,27,9
timeStep,numberOfRobotsOnBlackSite,numberOfRobotsOnWhiteSite
27055,27,9
timeStep,numberOfRobotsOnBlackSite,numberOfRobotsOnWhiteSite
27056,27,9
timeStep,numberOfRobotsOnBlackSite,numberOfRobotsOnWhiteSite
27057,27,9
timeStep,numberOfRobotsOnBlackSite,numberOfRobotsOnWhiteSite
27058,27,9
timeStep,numberOfRobotsOnBlackSite,numberOfRobotsOnWhiteSite
27059,27,9
timeStep,numberOfRobotsOnBlackSite,numberOfRobotsOnWhiteSite
27060,27,9
timeStep,numberOfRobotsOnBlackSite,numberOfRobotsOnWhiteSite
27061,27,9
timeStep,numberOfRobotsOnBlackSite,numberOfRobotsOnWhiteSite
27062,27,9
timeStep,numberOfRobotsOnBlackSite,numberOfRobotsOnWhiteSite
27063,27,9
timeStep,numberOfRobotsOnBlackSite,numberOfRobotsOnWhiteSite
27064,27,9
timeStep,numberOfRobotsOnBlackSite,numberOfRobotsOnWhiteSite
27065,27,9
timeStep,numberOfRobotsOnBlackSite,numberOfRobotsOnWhiteSite
27066,27,9
timeStep,numberOfRobotsOnBlackSite,numberOfRobotsOnWhiteSite
27067,27,9
timeStep,numberOfRobotsOnBlackSite,numberOfRobotsOnWhiteSite
27068,27,9
timeStep,numberOfRobotsOnBlackSite,numberOfRobotsOnWhiteSite
27069,27,9
timeStep,numberOfRobotsOnBlackSite,numberOfRobotsOnWhiteSite
27070,27,9
timeStep,numberOfRobotsOnBlackSite,numberOfRobotsOnWhiteSite
27071,27,9
timeStep,numberOfRobotsOnBlackSite,numberOfRobotsOnWhiteSite
27072,27,9
timeStep,numberOfRobotsOnBlackSite,numberOfRobotsOnWhiteSite
27073,27,9
timeStep,numberOfRobotsOnBlackSite,numberOfRobotsOnWhiteSite
27074,27,9
timeStep,numberOfRobotsOnBlackSite,numberOfRobotsOnWhiteSite
27075,27,9
timeStep,numberOfRobotsOnBlackSite,numberOfRobotsOnWhiteSite
27076,27,9
timeStep,numberOfRobotsOnBlackSite,numberOfRobotsOnWhiteSite
27077,27,9
timeStep,numberOfRobotsOnBlackSite,numberOfRobotsOnWhiteSite
27078,27,9
timeStep,numberOfRobotsOnBlackSite,numberOfRobotsOnWhiteSite
27079,27,9
timeStep,numberOfRobotsOnBlackSite,numberOfRobotsOnWhiteSite
27080,27,9
timeStep,numberOfRobotsOnBlackSite,numberOfRobotsOnWhiteSite
27081,27,9
timeStep,numberOfRobotsOnBlackSite,numberOfRobotsOnWhiteSite
27082,27,9
timeStep,numberOfRobotsOnBlackSite,numberOfRobotsOnWhiteSite
27083,27,9
timeStep,numberOfRobotsOnBlackSite,numberOfRobotsOnWhiteSite
27084,27,9
timeStep,numberOfRobotsOnBlackSite,numberOfRobotsOnWhiteSite
27085,27,9
timeStep,numberOfRobotsOnBlackSite,numberOfRobotsOnWhiteSite
27086,27,9
timeStep,numberOfRobotsOnBlackSite,numberOfRobotsOnWhiteSite
27087,27,9
timeStep,numberOfRobotsOnBlackSite,numberOfRobotsOnWhiteSite
27088,27,9
timeStep,numberOfRobotsOnBlackSite,numberOfRobotsOnWhiteSite
27089,27,9
timeStep,numberOfRobotsOnBlackSite,numberOfRobotsOnWhiteSite
27090,27,9
timeStep,numberOfRobotsOnBlackSite,numberOfRobotsOnWhiteSite
27091,27,9
timeStep,numberOfRobotsOnBlackSite,numberOfRobotsOnWhiteSite
27092,27,9
timeStep,numberOfRobotsOnBlackSite,numberOfRobotsOnWhiteSite
27093,27,9
timeStep,numberOfRobotsOnBlackSite,numberOfRobotsOnWhiteSite
27094,27,9
timeStep,numberOfRobotsOnBlackSite,numberOfRobotsOnWhiteSite
27095,27,9
timeStep,numberOfRobotsOnBlackSite,numberOfRobotsOnWhiteSite
27096,27,9
timeStep,numberOfRobotsOnBlackSite,numberOfRobotsOnWhiteSite
27097,27,9
timeStep,numberOfRobotsOnBlackSite,numberOfRobotsOnWhiteSite
27098,27,9
timeStep,numberOfRobotsOnBlackSite,numberOfRobotsOnWhiteSite
27099,27,9
timeStep,numberOfRobotsOnBlackSite,numberOfRobotsOnWhiteSite
27100,27,9
timeStep,numberOfRobotsOnBlackSite,numberOfRobotsOnWhiteSite
27101,27,9
timeStep,numberOfRobotsOnBlackSite,numberOfRobotsOnWhiteSite
27102,27,9
timeStep,numberOfRobotsOnBlackSite,numberOfRobotsOnWhiteSite
27103,27,9
timeStep,numberOfRobotsOnBlackSite,numberOfRobotsOnWhiteSite
27104,27,9
timeStep,numberOfRobotsOnBlackSite,numberOfRobotsOnWhiteSite
27105,27,10
timeStep,numberOfRobotsOnBlackSite,numberOfRobotsOnWhiteSite
27106,27,10
timeStep,numberOfRobotsOnBlackSite,numberOfRobotsOnWhiteSite
27107,27,10
timeStep,numberOfRobotsOnBlackSite,numberOfRobotsOnWhiteSite
27108,27,10
timeStep,numberOfRobotsOnBlackSite,numberOfRobotsOnWhiteSite
27109,27,10
timeStep,numberOfRobotsOnBlackSite,numberOfRobotsOnWhiteSite
27110,27,10
timeStep,numberOfRobotsOnBlackSite,numberOfRobotsOnWhiteSite
27111,27,10
timeStep,numberOfRobotsOnBlackSite,numberOfRobotsOnWhiteSite
27112,27,10
timeStep,numberOfRobotsOnBlackSite,numberOfRobotsOnWhiteSite
27113,27,10
timeStep,numberOfRobotsOnBlackSite,numberOfRobotsOnWhiteSite
27114,27,10
timeStep,numberOfRobotsOnBlackSite,numberOfRobotsOnWhiteSite
27115,27,10
timeStep,numberOfRobotsOnBlackSite,numberOfRobotsOnWhiteSite
27116,27,10
timeStep,numberOfRobotsOnBlackSite,numberOfRobotsOnWhiteSite
27117,27,10
timeStep,numberOfRobotsOnBlackSite,numberOfRobotsOnWhiteSite
27118,27,10
timeStep,numberOfRobotsOnBlackSite,numberOfRobotsOnWhiteSite
27119,27,10
timeStep,numberOfRobotsOnBlackSite,numberOfRobotsOnWhiteSite
27120,27,10
timeStep,numberOfRobotsOnBlackSite,numberOfRobotsOnWhiteSite
27121,27,10
timeStep,numberOfRobotsOnBlackSite,numberOfRobotsOnWhiteSite
27122,27,10
timeStep,numberOfRobotsOnBlackSite,numberOfRobotsOnWhiteSite
27123,27,10
timeStep,numberOfRobotsOnBlackSite,numberOfRobotsOnWhiteSite
27124,27,10
timeStep,numberOfRobotsOnBlackSite,numberOfRobotsOnWhiteSite
27125,27,10
timeStep,numberOfRobotsOnBlackSite,numberOfRobotsOnWhiteSite
27126,27,10
timeStep,numberOfRobotsOnBlackSite,numberOfRobotsOnWhiteSite
27127,27,10
timeStep,numberOfRobotsOnBlackSite,numberOfRobotsOnWhiteSite
27128,27,10
timeStep,numberOfRobotsOnBlackSite,numberOfRobotsOnWhiteSite
27129,27,10
timeStep,numberOfRobotsOnBlackSite,numberOfRobotsOnWhiteSite
27130,27,10
timeStep,numberOfRobotsOnBlackSite,numberOfRobotsOnWhiteSite
27131,27,10
timeStep,numberOfRobotsOnBlackSite,numberOfRobotsOnWhiteSite
27132,27,10
timeStep,numberOfRobotsOnBlackSite,numberOfRobotsOnWhiteSite
27133,27,10
timeStep,numberOfRobotsOnBlackSite,numberOfRobotsOnWhiteSite
27134,27,10
timeStep,numberOfRobotsOnBlackSite,numberOfRobotsOnWhiteSite
27135,27,10
timeStep,numberOfRobotsOnBlackSite,numberOfRobotsOnWhiteSite
27136,27,10
timeStep,numberOfRobotsOnBlackSite,numberOfRobotsOnWhiteSite
27137,27,10
timeStep,numberOfRobotsOnBlackSite,numberOfRobotsOnWhiteSite
27138,27,10
timeStep,numberOfRobotsOnBlackSite,numberOfRobotsOnWhiteSite
27139,27,10
timeStep,numberOfRobotsOnBlackSite,numberOfRobotsOnWhiteSite
27140,27,10
timeStep,numberOfRobotsOnBlackSite,numberOfRobotsOnWhiteSite
27141,27,10
timeStep,numberOfRobotsOnBlackSite,numberOfRobotsOnWhiteSite
27142,27,10
timeStep,numberOfRobotsOnBlackSite,numberOfRobotsOnWhiteSite
27143,27,10
timeStep,numberOfRobotsOnBlackSite,numberOfRobotsOnWhiteSite
27144,27,10
timeStep,numberOfRobotsOnBlackSite,numberOfRobotsOnWhiteSite
27145,27,11
timeStep,numberOfRobotsOnBlackSite,numberOfRobotsOnWhiteSite
27146,27,11
timeStep,numberOfRobotsOnBlackSite,numberOfRobotsOnWhiteSite
27147,27,11
timeStep,numberOfRobotsOnBlackSite,numberOfRobotsOnWhiteSite
27148,27,11
timeStep,numberOfRobotsOnBlackSite,numberOfRobotsOnWhiteSite
27149,27,11
timeStep,numberOfRobotsOnBlackSite,numberOfRobotsOnWhiteSite
27150,27,11
timeStep,numberOfRobotsOnBlackSite,numberOfRobotsOnWhiteSite
27151,27,11
timeStep,numberOfRobotsOnBlackSite,numberOfRobotsOnWhiteSite
27152,27,11
timeStep,numberOfRobotsOnBlackSite,numberOfRobotsOnWhiteSite
27153,27,11
timeStep,numberOfRobotsOnBlackSite,numberOfRobotsOnWhiteSite
27154,27,11
timeStep,numberOfRobotsOnBlackSite,numberOfRobotsOnWhiteSite
27155,27,11
timeStep,numberOfRobotsOnBlackSite,numberOfRobotsOnWhiteSite
27156,27,11
timeStep,numberOfRobotsOnBlackSite,numberOfRobotsOnWhiteSite
27157,27,11
timeStep,numberOfRobotsOnBlackSite,numberOfRobotsOnWhiteSite
27158,27,11
timeStep,numberOfRobotsOnBlackSite,numberOfRobotsOnWhiteSite
27159,27,11
timeStep,numberOfRobotsOnBlackSite,numberOfRobotsOnWhiteSite
27160,27,11
timeStep,numberOfRobotsOnBlackSite,numberOfRobotsOnWhiteSite
27161,27,11
timeStep,numberOfRobotsOnBlackSite,numberOfRobotsOnWhiteSite
27162,27,11
timeStep,numberOfRobotsOnBlackSite,numberOfRobotsOnWhiteSite
27163,27,11
timeStep,numberOfRobotsOnBlackSite,numberOfRobotsOnWhiteSite
27164,27,11
timeStep,numberOfRobotsOnBlackSite,numberOfRobotsOnWhiteSite
27165,27,11
timeStep,numberOfRobotsOnBlackSite,numberOfRobotsOnWhiteSite
27166,27,11
timeStep,numberOfRobotsOnBlackSite,numberOfRobotsOnWhiteSite
27167,27,11
timeStep,numberOfRobotsOnBlackSite,numberOfRobotsOnWhiteSite
27168,27,11
timeStep,numberOfRobotsOnBlackSite,numberOfRobotsOnWhiteSite
27169,27,11
timeStep,numberOfRobotsOnBlackSite,numberOfRobotsOnWhiteSite
27170,27,11
timeStep,numberOfRobotsOnBlackSite,numberOfRobotsOnWhiteSite
27171,27,11
timeStep,numberOfRobotsOnBlackSite,numberOfRobotsOnWhiteSite
27172,27,11
timeStep,numberOfRobotsOnBlackSite,numberOfRobotsOnWhiteSite
27173,27,11
timeStep,numberOfRobotsOnBlackSite,numberOfRobotsOnWhiteSite
27174,27,11
timeStep,numberOfRobotsOnBlackSite,numberOfRobotsOnWhiteSite
27175,27,11
timeStep,numberOfRobotsOnBlackSite,numberOfRobotsOnWhiteSite
27176,27,11
timeStep,numberOfRobotsOnBlackSite,numberOfRobotsOnWhiteSite
27177,27,11
timeStep,numberOfRobotsOnBlackSite,numberOfRobotsOnWhiteSite
27178,27,11
timeStep,numberOfRobotsOnBlackSite,numberOfRobotsOnWhiteSite
27179,27,11
timeStep,numberOfRobotsOnBlackSite,numberOfRobotsOnWhiteSite
27180,27,11
timeStep,numberOfRobotsOnBlackSite,numberOfRobotsOnWhiteSite
27181,27,11
timeStep,numberOfRobotsOnBlackSite,numberOfRobotsOnWhiteSite
27182,27,11
timeStep,numberOfRobotsOnBlackSite,numberOfRobotsOnWhiteSite
27183,27,11
timeStep,numberOfRobotsOnBlackSite,numberOfRobotsOnWhiteSite
27184,27,11
timeStep,numberOfRobotsOnBlackSite,numberOfRobotsOnWhiteSite
27185,27,11
timeStep,numberOfRobotsOnBlackSite,numberOfRobotsOnWhiteSite
27186,27,11
timeStep,numberOfRobotsOnBlackSite,numberOfRobotsOnWhiteSite
27187,27,11
timeStep,numberOfRobotsOnBlackSite,numberOfRobotsOnWhiteSite
27188,27,11
timeStep,numberOfRobotsOnBlackSite,numberOfRobotsOnWhiteSite
27189,27,11
timeStep,numberOfRobotsOnBlackSite,numberOfRobotsOnWhiteSite
27190,27,11
timeStep,numberOfRobotsOnBlackSite,numberOfRobotsOnWhiteSite
27191,27,11
timeStep,numberOfRobotsOnBlackSite,numberOfRobotsOnWhiteSite
27192,27,11
timeStep,numberOfRobotsOnBlackSite,numberOfRobotsOnWhiteSite
27193,27,11
timeStep,numberOfRobotsOnBlackSite,numberOfRobotsOnWhiteSite
27194,27,11
timeStep,numberOfRobotsOnBlackSite,numberOfRobotsOnWhiteSite
27195,27,11
timeStep,numberOfRobotsOnBlackSite,numberOfRobotsOnWhiteSite
27196,27,11
timeStep,numberOfRobotsOnBlackSite,numberOfRobotsOnWhiteSite
27197,27,11
timeStep,numberOfRobotsOnBlackSite,numberOfRobotsOnWhiteSite
27198,27,11
timeStep,numberOfRobotsOnBlackSite,numberOfRobotsOnWhiteSite
27199,27,11
timeStep,numberOfRobotsOnBlackSite,numberOfRobotsOnWhiteSite
27200,27,12
timeStep,numberOfRobotsOnBlackSite,numberOfRobotsOnWhiteSite
27201,27,12
timeStep,numberOfRobotsOnBlackSite,numberOfRobotsOnWhiteSite
27202,27,12
timeStep,numberOfRobotsOnBlackSite,numberOfRobotsOnWhiteSite
27203,27,12
timeStep,numberOfRobotsOnBlackSite,numberOfRobotsOnWhiteSite
27204,27,12
timeStep,numberOfRobotsOnBlackSite,numberOfRobotsOnWhiteSite
27205,27,12
timeStep,numberOfRobotsOnBlackSite,numberOfRobotsOnWhiteSite
27206,27,12
timeStep,numberOfRobotsOnBlackSite,numberOfRobotsOnWhiteSite
27207,27,12
timeStep,numberOfRobotsOnBlackSite,numberOfRobotsOnWhiteSite
27208,27,12
timeStep,numberOfRobotsOnBlackSite,numberOfRobotsOnWhiteSite
27209,27,12
timeStep,numberOfRobotsOnBlackSite,numberOfRobotsOnWhiteSite
27210,27,12
timeStep,numberOfRobotsOnBlackSite,numberOfRobotsOnWhiteSite
27211,27,12
timeStep,numberOfRobotsOnBlackSite,numberOfRobotsOnWhiteSite
27212,27,12
timeStep,numberOfRobotsOnBlackSite,numberOfRobotsOnWhiteSite
27213,27,12
timeStep,numberOfRobotsOnBlackSite,numberOfRobotsOnWhiteSite
27214,27,12
timeStep,numberOfRobotsOnBlackSite,numberOfRobotsOnWhiteSite
27215,27,12
timeStep,numberOfRobotsOnBlackSite,numberOfRobotsOnWhiteSite
27216,27,12
timeStep,numberOfRobotsOnBlackSite,numberOfRobotsOnWhiteSite
27217,27,12
timeStep,numberOfRobotsOnBlackSite,numberOfRobotsOnWhiteSite
27218,27,12
timeStep,numberOfRobotsOnBlackSite,numberOfRobotsOnWhiteSite
27219,27,12
timeStep,numberOfRobotsOnBlackSite,numberOfRobotsOnWhiteSite
27220,27,12
timeStep,numberOfRobotsOnBlackSite,numberOfRobotsOnWhiteSite
27221,27,12
timeStep,numberOfRobotsOnBlackSite,numberOfRobotsOnWhiteSite
27222,27,12
timeStep,numberOfRobotsOnBlackSite,numberOfRobotsOnWhiteSite
27223,27,12
timeStep,numberOfRobotsOnBlackSite,numberOfRobotsOnWhiteSite
27224,27,12
timeStep,numberOfRobotsOnBlackSite,numberOfRobotsOnWhiteSite
27225,27,11
timeStep,numberOfRobotsOnBlackSite,numberOfRobotsOnWhiteSite
27226,27,11
timeStep,numberOfRobotsOnBlackSite,numberOfRobotsOnWhiteSite
27227,27,11
timeStep,numberOfRobotsOnBlackSite,numberOfRobotsOnWhiteSite
27228,27,11
timeStep,numberOfRobotsOnBlackSite,numberOfRobotsOnWhiteSite
27229,27,11
timeStep,numberOfRobotsOnBlackSite,numberOfRobotsOnWhiteSite
27230,27,11
timeStep,numberOfRobotsOnBlackSite,numberOfRobotsOnWhiteSite
27231,27,11
timeStep,numberOfRobotsOnBlackSite,numberOfRobotsOnWhiteSite
27232,27,11
timeStep,numberOfRobotsOnBlackSite,numberOfRobotsOnWhiteSite
27233,27,11
timeStep,numberOfRobotsOnBlackSite,numberOfRobotsOnWhiteSite
27234,27,11
timeStep,numberOfRobotsOnBlackSite,numberOfRobotsOnWhiteSite
27235,27,11
timeStep,numberOfRobotsOnBlackSite,numberOfRobotsOnWhiteSite
27236,27,11
timeStep,numberOfRobotsOnBlackSite,numberOfRobotsOnWhiteSite
27237,27,11
timeStep,numberOfRobotsOnBlackSite,numberOfRobotsOnWhiteSite
27238,27,11
timeStep,numberOfRobotsOnBlackSite,numberOfRobotsOnWhiteSite
27239,27,11
timeStep,numberOfRobotsOnBlackSite,numberOfRobotsOnWhiteSite
27240,27,11
timeStep,numberOfRobotsOnBlackSite,numberOfRobotsOnWhiteSite
27241,27,11
timeStep,numberOfRobotsOnBlackSite,numberOfRobotsOnWhiteSite
27242,27,11
timeStep,numberOfRobotsOnBlackSite,numberOfRobotsOnWhiteSite
27243,27,11
timeStep,numberOfRobotsOnBlackSite,numberOfRobotsOnWhiteSite
27244,27,11
timeStep,numberOfRobotsOnBlackSite,numberOfRobotsOnWhiteSite
27245,27,11
timeStep,numberOfRobotsOnBlackSite,numberOfRobotsOnWhiteSite
27246,27,11
timeStep,numberOfRobotsOnBlackSite,numberOfRobotsOnWhiteSite
27247,27,11
timeStep,numberOfRobotsOnBlackSite,numberOfRobotsOnWhiteSite
27248,27,11
timeStep,numberOfRobotsOnBlackSite,numberOfRobotsOnWhiteSite
27249,27,11
timeStep,numberOfRobotsOnBlackSite,numberOfRobotsOnWhiteSite
27250,27,11
timeStep,numberOfRobotsOnBlackSite,numberOfRobotsOnWhiteSite
27251,27,11
timeStep,numberOfRobotsOnBlackSite,numberOfRobotsOnWhiteSite
27252,27,11
timeStep,numberOfRobotsOnBlackSite,numberOfRobotsOnWhiteSite
27253,27,11
timeStep,numberOfRobotsOnBlackSite,numberOfRobotsOnWhiteSite
27254,27,11
timeStep,numberOfRobotsOnBlackSite,numberOfRobotsOnWhiteSite
27255,27,11
timeStep,numberOfRobotsOnBlackSite,numberOfRobotsOnWhiteSite
27256,27,11
timeStep,numberOfRobotsOnBlackSite,numberOfRobotsOnWhiteSite
27257,27,11
timeStep,numberOfRobotsOnBlackSite,numberOfRobotsOnWhiteSite
27258,27,11
timeStep,numberOfRobotsOnBlackSite,numberOfRobotsOnWhiteSite
27259,27,11
timeStep,numberOfRobotsOnBlackSite,numberOfRobotsOnWhiteSite
27260,27,11
timeStep,numberOfRobotsOnBlackSite,numberOfRobotsOnWhiteSite
27261,27,11
timeStep,numberOfRobotsOnBlackSite,numberOfRobotsOnWhiteSite
27262,27,11
timeStep,numberOfRobotsOnBlackSite,numberOfRobotsOnWhiteSite
27263,27,11
timeStep,numberOfRobotsOnBlackSite,numberOfRobotsOnWhiteSite
27264,27,11
timeStep,numberOfRobotsOnBlackSite,numberOfRobotsOnWhiteSite
27265,27,11
timeStep,numberOfRobotsOnBlackSite,numberOfRobotsOnWhiteSite
27266,27,11
timeStep,numberOfRobotsOnBlackSite,numberOfRobotsOnWhiteSite
27267,27,11
timeStep,numberOfRobotsOnBlackSite,numberOfRobotsOnWhiteSite
27268,27,11
timeStep,numberOfRobotsOnBlackSite,numberOfRobotsOnWhiteSite
27269,27,11
timeStep,numberOfRobotsOnBlackSite,numberOfRobotsOnWhiteSite
27270,27,11
timeStep,numberOfRobotsOnBlackSite,numberOfRobotsOnWhiteSite
27271,27,11
timeStep,numberOfRobotsOnBlackSite,numberOfRobotsOnWhiteSite
27272,27,11
timeStep,numberOfRobotsOnBlackSite,numberOfRobotsOnWhiteSite
27273,27,11
timeStep,numberOfRobotsOnBlackSite,numberOfRobotsOnWhiteSite
27274,27,11
timeStep,numberOfRobotsOnBlackSite,numberOfRobotsOnWhiteSite
27275,27,11
timeStep,numberOfRobotsOnBlackSite,numberOfRobotsOnWhiteSite
27276,27,11
timeStep,numberOfRobotsOnBlackSite,numberOfRobotsOnWhiteSite
27277,27,11
timeStep,numberOfRobotsOnBlackSite,numberOfRobotsOnWhiteSite
27278,27,11
timeStep,numberOfRobotsOnBlackSite,numberOfRobotsOnWhiteSite
27279,27,11
timeStep,numberOfRobotsOnBlackSite,numberOfRobotsOnWhiteSite
27280,27,11
timeStep,numberOfRobotsOnBlackSite,numberOfRobotsOnWhiteSite
27281,27,11
timeStep,numberOfRobotsOnBlackSite,numberOfRobotsOnWhiteSite
27282,27,11
timeStep,numberOfRobotsOnBlackSite,numberOfRobotsOnWhiteSite
27283,27,11
timeStep,numberOfRobotsOnBlackSite,numberOfRobotsOnWhiteSite
27284,27,11
timeStep,numberOfRobotsOnBlackSite,numberOfRobotsOnWhiteSite
27285,27,11
timeStep,numberOfRobotsOnBlackSite,numberOfRobotsOnWhiteSite
27286,27,11
timeStep,numberOfRobotsOnBlackSite,numberOfRobotsOnWhiteSite
27287,27,11
timeStep,numberOfRobotsOnBlackSite,numberOfRobotsOnWhiteSite
27288,27,11
timeStep,numberOfRobotsOnBlackSite,numberOfRobotsOnWhiteSite
27289,27,11
timeStep,numberOfRobotsOnBlackSite,numberOfRobotsOnWhiteSite
27290,26,11
timeStep,numberOfRobotsOnBlackSite,numberOfRobotsOnWhiteSite
27291,26,11
timeStep,numberOfRobotsOnBlackSite,numberOfRobotsOnWhiteSite
27292,26,11
timeStep,numberOfRobotsOnBlackSite,numberOfRobotsOnWhiteSite
27293,26,11
timeStep,numberOfRobotsOnBlackSite,numberOfRobotsOnWhiteSite
27294,26,11
timeStep,numberOfRobotsOnBlackSite,numberOfRobotsOnWhiteSite
27295,26,10
timeStep,numberOfRobotsOnBlackSite,numberOfRobotsOnWhiteSite
27296,26,10
timeStep,numberOfRobotsOnBlackSite,numberOfRobotsOnWhiteSite
27297,26,10
timeStep,numberOfRobotsOnBlackSite,numberOfRobotsOnWhiteSite
27298,26,10
timeStep,numberOfRobotsOnBlackSite,numberOfRobotsOnWhiteSite
27299,26,10
timeStep,numberOfRobotsOnBlackSite,numberOfRobotsOnWhiteSite
27300,27,10
timeStep,numberOfRobotsOnBlackSite,numberOfRobotsOnWhiteSite
27301,27,10
timeStep,numberOfRobotsOnBlackSite,numberOfRobotsOnWhiteSite
27302,27,10
timeStep,numberOfRobotsOnBlackSite,numberOfRobotsOnWhiteSite
27303,27,10
timeStep,numberOfRobotsOnBlackSite,numberOfRobotsOnWhiteSite
27304,27,10
timeStep,numberOfRobotsOnBlackSite,numberOfRobotsOnWhiteSite
27305,27,10
timeStep,numberOfRobotsOnBlackSite,numberOfRobotsOnWhiteSite
27306,27,10
timeStep,numberOfRobotsOnBlackSite,numberOfRobotsOnWhiteSite
27307,27,10
timeStep,numberOfRobotsOnBlackSite,numberOfRobotsOnWhiteSite
27308,27,10
timeStep,numberOfRobotsOnBlackSite,numberOfRobotsOnWhiteSite
27309,27,10
timeStep,numberOfRobotsOnBlackSite,numberOfRobotsOnWhiteSite
27310,27,10
timeStep,numberOfRobotsOnBlackSite,numberOfRobotsOnWhiteSite
27311,27,10
timeStep,numberOfRobotsOnBlackSite,numberOfRobotsOnWhiteSite
27312,27,10
timeStep,numberOfRobotsOnBlackSite,numberOfRobotsOnWhiteSite
27313,27,10
timeStep,numberOfRobotsOnBlackSite,numberOfRobotsOnWhiteSite
27314,27,10
timeStep,numberOfRobotsOnBlackSite,numberOfRobotsOnWhiteSite
27315,27,10
timeStep,numberOfRobotsOnBlackSite,numberOfRobotsOnWhiteSite
27316,27,10
timeStep,numberOfRobotsOnBlackSite,numberOfRobotsOnWhiteSite
27317,27,10
timeStep,numberOfRobotsOnBlackSite,numberOfRobotsOnWhiteSite
27318,27,10
timeStep,numberOfRobotsOnBlackSite,numberOfRobotsOnWhiteSite
27319,27,10
timeStep,numberOfRobotsOnBlackSite,numberOfRobotsOnWhiteSite
27320,27,10
timeStep,numberOfRobotsOnBlackSite,numberOfRobotsOnWhiteSite
27321,27,10
timeStep,numberOfRobotsOnBlackSite,numberOfRobotsOnWhiteSite
27322,27,10
timeStep,numberOfRobotsOnBlackSite,numberOfRobotsOnWhiteSite
27323,27,10
timeStep,numberOfRobotsOnBlackSite,numberOfRobotsOnWhiteSite
27324,27,10
timeStep,numberOfRobotsOnBlackSite,numberOfRobotsOnWhiteSite
27325,27,10
timeStep,numberOfRobotsOnBlackSite,numberOfRobotsOnWhiteSite
27326,27,10
timeStep,numberOfRobotsOnBlackSite,numberOfRobotsOnWhiteSite
27327,27,10
timeStep,numberOfRobotsOnBlackSite,numberOfRobotsOnWhiteSite
27328,27,10
timeStep,numberOfRobotsOnBlackSite,numberOfRobotsOnWhiteSite
27329,27,10
timeStep,numberOfRobotsOnBlackSite,numberOfRobotsOnWhiteSite
27330,27,10
timeStep,numberOfRobotsOnBlackSite,numberOfRobotsOnWhiteSite
27331,27,10
timeStep,numberOfRobotsOnBlackSite,numberOfRobotsOnWhiteSite
27332,27,10
timeStep,numberOfRobotsOnBlackSite,numberOfRobotsOnWhiteSite
27333,27,10
timeStep,numberOfRobotsOnBlackSite,numberOfRobotsOnWhiteSite
27334,27,10
timeStep,numberOfRobotsOnBlackSite,numberOfRobotsOnWhiteSite
27335,27,10
timeStep,numberOfRobotsOnBlackSite,numberOfRobotsOnWhiteSite
27336,27,10
timeStep,numberOfRobotsOnBlackSite,numberOfRobotsOnWhiteSite
27337,27,10
timeStep,numberOfRobotsOnBlackSite,numberOfRobotsOnWhiteSite
27338,27,10
timeStep,numberOfRobotsOnBlackSite,numberOfRobotsOnWhiteSite
27339,27,10
timeStep,numberOfRobotsOnBlackSite,numberOfRobotsOnWhiteSite
27340,28,10
timeStep,numberOfRobotsOnBlackSite,numberOfRobotsOnWhiteSite
27341,28,10
timeStep,numberOfRobotsOnBlackSite,numberOfRobotsOnWhiteSite
27342,28,10
timeStep,numberOfRobotsOnBlackSite,numberOfRobotsOnWhiteSite
27343,28,10
timeStep,numberOfRobotsOnBlackSite,numberOfRobotsOnWhiteSite
27344,28,10
timeStep,numberOfRobotsOnBlackSite,numberOfRobotsOnWhiteSite
27345,28,10
timeStep,numberOfRobotsOnBlackSite,numberOfRobotsOnWhiteSite
27346,28,10
timeStep,numberOfRobotsOnBlackSite,numberOfRobotsOnWhiteSite
27347,28,10
timeStep,numberOfRobotsOnBlackSite,numberOfRobotsOnWhiteSite
27348,28,10
timeStep,numberOfRobotsOnBlackSite,numberOfRobotsOnWhiteSite
27349,28,10
timeStep,numberOfRobotsOnBlackSite,numberOfRobotsOnWhiteSite
27350,28,10
timeStep,numberOfRobotsOnBlackSite,numberOfRobotsOnWhiteSite
27351,28,10
timeStep,numberOfRobotsOnBlackSite,numberOfRobotsOnWhiteSite
27352,28,10
timeStep,numberOfRobotsOnBlackSite,numberOfRobotsOnWhiteSite
27353,28,10
timeStep,numberOfRobotsOnBlackSite,numberOfRobotsOnWhiteSite
27354,28,10
timeStep,numberOfRobotsOnBlackSite,numberOfRobotsOnWhiteSite
27355,28,11
timeStep,numberOfRobotsOnBlackSite,numberOfRobotsOnWhiteSite
27356,28,11
timeStep,numberOfRobotsOnBlackSite,numberOfRobotsOnWhiteSite
27357,28,11
timeStep,numberOfRobotsOnBlackSite,numberOfRobotsOnWhiteSite
27358,28,11
timeStep,numberOfRobotsOnBlackSite,numberOfRobotsOnWhiteSite
27359,28,11
timeStep,numberOfRobotsOnBlackSite,numberOfRobotsOnWhiteSite
27360,28,11
timeStep,numberOfRobotsOnBlackSite,numberOfRobotsOnWhiteSite
27361,28,11
timeStep,numberOfRobotsOnBlackSite,numberOfRobotsOnWhiteSite
27362,28,11
timeStep,numberOfRobotsOnBlackSite,numberOfRobotsOnWhiteSite
27363,28,11
timeStep,numberOfRobotsOnBlackSite,numberOfRobotsOnWhiteSite
27364,28,11
timeStep,numberOfRobotsOnBlackSite,numberOfRobotsOnWhiteSite
27365,28,11
timeStep,numberOfRobotsOnBlackSite,numberOfRobotsOnWhiteSite
27366,28,11
timeStep,numberOfRobotsOnBlackSite,numberOfRobotsOnWhiteSite
27367,28,11
timeStep,numberOfRobotsOnBlackSite,numberOfRobotsOnWhiteSite
27368,28,11
timeStep,numberOfRobotsOnBlackSite,numberOfRobotsOnWhiteSite
27369,28,11
timeStep,numberOfRobotsOnBlackSite,numberOfRobotsOnWhiteSite
27370,28,11
timeStep,numberOfRobotsOnBlackSite,numberOfRobotsOnWhiteSite
27371,28,11
timeStep,numberOfRobotsOnBlackSite,numberOfRobotsOnWhiteSite
27372,28,11
timeStep,numberOfRobotsOnBlackSite,numberOfRobotsOnWhiteSite
27373,28,11
timeStep,numberOfRobotsOnBlackSite,numberOfRobotsOnWhiteSite
27374,28,11
timeStep,numberOfRobotsOnBlackSite,numberOfRobotsOnWhiteSite
27375,28,11
timeStep,numberOfRobotsOnBlackSite,numberOfRobotsOnWhiteSite
27376,28,11
timeStep,numberOfRobotsOnBlackSite,numberOfRobotsOnWhiteSite
27377,28,11
timeStep,numberOfRobotsOnBlackSite,numberOfRobotsOnWhiteSite
27378,28,11
timeStep,numberOfRobotsOnBlackSite,numberOfRobotsOnWhiteSite
27379,28,11
timeStep,numberOfRobotsOnBlackSite,numberOfRobotsOnWhiteSite
27380,28,11
timeStep,numberOfRobotsOnBlackSite,numberOfRobotsOnWhiteSite
27381,28,11
timeStep,numberOfRobotsOnBlackSite,numberOfRobotsOnWhiteSite
27382,28,11
timeStep,numberOfRobotsOnBlackSite,numberOfRobotsOnWhiteSite
27383,28,11
timeStep,numberOfRobotsOnBlackSite,numberOfRobotsOnWhiteSite
27384,28,11
timeStep,numberOfRobotsOnBlackSite,numberOfRobotsOnWhiteSite
27385,28,12
timeStep,numberOfRobotsOnBlackSite,numberOfRobotsOnWhiteSite
27386,28,12
timeStep,numberOfRobotsOnBlackSite,numberOfRobotsOnWhiteSite
27387,28,12
timeStep,numberOfRobotsOnBlackSite,numberOfRobotsOnWhiteSite
27388,28,12
timeStep,numberOfRobotsOnBlackSite,numberOfRobotsOnWhiteSite
27389,28,12
timeStep,numberOfRobotsOnBlackSite,numberOfRobotsOnWhiteSite
27390,28,12
timeStep,numberOfRobotsOnBlackSite,numberOfRobotsOnWhiteSite
27391,28,12
timeStep,numberOfRobotsOnBlackSite,numberOfRobotsOnWhiteSite
27392,28,12
timeStep,numberOfRobotsOnBlackSite,numberOfRobotsOnWhiteSite
27393,28,12
timeStep,numberOfRobotsOnBlackSite,numberOfRobotsOnWhiteSite
27394,28,12
timeStep,numberOfRobotsOnBlackSite,numberOfRobotsOnWhiteSite
27395,28,12
timeStep,numberOfRobotsOnBlackSite,numberOfRobotsOnWhiteSite
27396,28,12
timeStep,numberOfRobotsOnBlackSite,numberOfRobotsOnWhiteSite
27397,28,12
timeStep,numberOfRobotsOnBlackSite,numberOfRobotsOnWhiteSite
27398,28,12
timeStep,numberOfRobotsOnBlackSite,numberOfRobotsOnWhiteSite
27399,28,12
timeStep,numberOfRobotsOnBlackSite,numberOfRobotsOnWhiteSite
27400,27,12
timeStep,numberOfRobotsOnBlackSite,numberOfRobotsOnWhiteSite
27401,27,12
timeStep,numberOfRobotsOnBlackSite,numberOfRobotsOnWhiteSite
27402,27,12
timeStep,numberOfRobotsOnBlackSite,numberOfRobotsOnWhiteSite
27403,27,12
timeStep,numberOfRobotsOnBlackSite,numberOfRobotsOnWhiteSite
27404,27,12
timeStep,numberOfRobotsOnBlackSite,numberOfRobotsOnWhiteSite
27405,27,12
timeStep,numberOfRobotsOnBlackSite,numberOfRobotsOnWhiteSite
27406,27,12
timeStep,numberOfRobotsOnBlackSite,numberOfRobotsOnWhiteSite
27407,27,12
timeStep,numberOfRobotsOnBlackSite,numberOfRobotsOnWhiteSite
27408,27,12
timeStep,numberOfRobotsOnBlackSite,numberOfRobotsOnWhiteSite
27409,27,12
timeStep,numberOfRobotsOnBlackSite,numberOfRobotsOnWhiteSite
27410,27,11
timeStep,numberOfRobotsOnBlackSite,numberOfRobotsOnWhiteSite
27411,27,11
timeStep,numberOfRobotsOnBlackSite,numberOfRobotsOnWhiteSite
27412,27,11
timeStep,numberOfRobotsOnBlackSite,numberOfRobotsOnWhiteSite
27413,27,11
timeStep,numberOfRobotsOnBlackSite,numberOfRobotsOnWhiteSite
27414,27,11
timeStep,numberOfRobotsOnBlackSite,numberOfRobotsOnWhiteSite
27415,27,11
timeStep,numberOfRobotsOnBlackSite,numberOfRobotsOnWhiteSite
27416,27,11
timeStep,numberOfRobotsOnBlackSite,numberOfRobotsOnWhiteSite
27417,27,11
timeStep,numberOfRobotsOnBlackSite,numberOfRobotsOnWhiteSite
27418,27,11
timeStep,numberOfRobotsOnBlackSite,numberOfRobotsOnWhiteSite
27419,27,11
timeStep,numberOfRobotsOnBlackSite,numberOfRobotsOnWhiteSite
27420,27,11
timeStep,numberOfRobotsOnBlackSite,numberOfRobotsOnWhiteSite
27421,27,11
timeStep,numberOfRobotsOnBlackSite,numberOfRobotsOnWhiteSite
27422,27,11
timeStep,numberOfRobotsOnBlackSite,numberOfRobotsOnWhiteSite
27423,27,11
timeStep,numberOfRobotsOnBlackSite,numberOfRobotsOnWhiteSite
27424,27,11
timeStep,numberOfRobotsOnBlackSite,numberOfRobotsOnWhiteSite
27425,28,11
timeStep,numberOfRobotsOnBlackSite,numberOfRobotsOnWhiteSite
27426,28,11
timeStep,numberOfRobotsOnBlackSite,numberOfRobotsOnWhiteSite
27427,28,11
timeStep,numberOfRobotsOnBlackSite,numberOfRobotsOnWhiteSite
27428,28,11
timeStep,numberOfRobotsOnBlackSite,numberOfRobotsOnWhiteSite
27429,28,11
timeStep,numberOfRobotsOnBlackSite,numberOfRobotsOnWhiteSite
27430,28,11
timeStep,numberOfRobotsOnBlackSite,numberOfRobotsOnWhiteSite
27431,28,11
timeStep,numberOfRobotsOnBlackSite,numberOfRobotsOnWhiteSite
27432,28,11
timeStep,numberOfRobotsOnBlackSite,numberOfRobotsOnWhiteSite
27433,28,11
timeStep,numberOfRobotsOnBlackSite,numberOfRobotsOnWhiteSite
27434,28,11
timeStep,numberOfRobotsOnBlackSite,numberOfRobotsOnWhiteSite
27435,28,11
timeStep,numberOfRobotsOnBlackSite,numberOfRobotsOnWhiteSite
27436,28,11
timeStep,numberOfRobotsOnBlackSite,numberOfRobotsOnWhiteSite
27437,28,11
timeStep,numberOfRobotsOnBlackSite,numberOfRobotsOnWhiteSite
27438,28,11
timeStep,numberOfRobotsOnBlackSite,numberOfRobotsOnWhiteSite
27439,28,11
timeStep,numberOfRobotsOnBlackSite,numberOfRobotsOnWhiteSite
27440,28,11
timeStep,numberOfRobotsOnBlackSite,numberOfRobotsOnWhiteSite
27441,28,11
timeStep,numberOfRobotsOnBlackSite,numberOfRobotsOnWhiteSite
27442,28,11
timeStep,numberOfRobotsOnBlackSite,numberOfRobotsOnWhiteSite
27443,28,11
timeStep,numberOfRobotsOnBlackSite,numberOfRobotsOnWhiteSite
27444,28,11
timeStep,numberOfRobotsOnBlackSite,numberOfRobotsOnWhiteSite
27445,28,11
timeStep,numberOfRobotsOnBlackSite,numberOfRobotsOnWhiteSite
27446,28,11
timeStep,numberOfRobotsOnBlackSite,numberOfRobotsOnWhiteSite
27447,28,11
timeStep,numberOfRobotsOnBlackSite,numberOfRobotsOnWhiteSite
27448,28,11
timeStep,numberOfRobotsOnBlackSite,numberOfRobotsOnWhiteSite
27449,28,11
timeStep,numberOfRobotsOnBlackSite,numberOfRobotsOnWhiteSite
27450,28,11
timeStep,numberOfRobotsOnBlackSite,numberOfRobotsOnWhiteSite
27451,28,11
timeStep,numberOfRobotsOnBlackSite,numberOfRobotsOnWhiteSite
27452,28,11
timeStep,numberOfRobotsOnBlackSite,numberOfRobotsOnWhiteSite
27453,28,11
timeStep,numberOfRobotsOnBlackSite,numberOfRobotsOnWhiteSite
27454,28,11
timeStep,numberOfRobotsOnBlackSite,numberOfRobotsOnWhiteSite
27455,28,11
timeStep,numberOfRobotsOnBlackSite,numberOfRobotsOnWhiteSite
27456,28,11
timeStep,numberOfRobotsOnBlackSite,numberOfRobotsOnWhiteSite
27457,28,11
timeStep,numberOfRobotsOnBlackSite,numberOfRobotsOnWhiteSite
27458,28,11
timeStep,numberOfRobotsOnBlackSite,numberOfRobotsOnWhiteSite
27459,28,11
timeStep,numberOfRobotsOnBlackSite,numberOfRobotsOnWhiteSite
27460,28,11
timeStep,numberOfRobotsOnBlackSite,numberOfRobotsOnWhiteSite
27461,28,11
timeStep,numberOfRobotsOnBlackSite,numberOfRobotsOnWhiteSite
27462,28,11
timeStep,numberOfRobotsOnBlackSite,numberOfRobotsOnWhiteSite
27463,28,11
timeStep,numberOfRobotsOnBlackSite,numberOfRobotsOnWhiteSite
27464,28,11
timeStep,numberOfRobotsOnBlackSite,numberOfRobotsOnWhiteSite
27465,28,11
timeStep,numberOfRobotsOnBlackSite,numberOfRobotsOnWhiteSite
27466,28,11
timeStep,numberOfRobotsOnBlackSite,numberOfRobotsOnWhiteSite
27467,28,11
timeStep,numberOfRobotsOnBlackSite,numberOfRobotsOnWhiteSite
27468,28,11
timeStep,numberOfRobotsOnBlackSite,numberOfRobotsOnWhiteSite
27469,28,11
timeStep,numberOfRobotsOnBlackSite,numberOfRobotsOnWhiteSite
27470,28,11
timeStep,numberOfRobotsOnBlackSite,numberOfRobotsOnWhiteSite
27471,28,11
timeStep,numberOfRobotsOnBlackSite,numberOfRobotsOnWhiteSite
27472,28,11
timeStep,numberOfRobotsOnBlackSite,numberOfRobotsOnWhiteSite
27473,28,11
timeStep,numberOfRobotsOnBlackSite,numberOfRobotsOnWhiteSite
27474,28,11
timeStep,numberOfRobotsOnBlackSite,numberOfRobotsOnWhiteSite
27475,28,11
timeStep,numberOfRobotsOnBlackSite,numberOfRobotsOnWhiteSite
27476,28,11
timeStep,numberOfRobotsOnBlackSite,numberOfRobotsOnWhiteSite
27477,28,11
timeStep,numberOfRobotsOnBlackSite,numberOfRobotsOnWhiteSite
27478,28,11
timeStep,numberOfRobotsOnBlackSite,numberOfRobotsOnWhiteSite
27479,28,11
timeStep,numberOfRobotsOnBlackSite,numberOfRobotsOnWhiteSite
27480,28,11
timeStep,numberOfRobotsOnBlackSite,numberOfRobotsOnWhiteSite
27481,28,11
timeStep,numberOfRobotsOnBlackSite,numberOfRobotsOnWhiteSite
27482,28,11
timeStep,numberOfRobotsOnBlackSite,numberOfRobotsOnWhiteSite
27483,28,11
timeStep,numberOfRobotsOnBlackSite,numberOfRobotsOnWhiteSite
27484,28,11
timeStep,numberOfRobotsOnBlackSite,numberOfRobotsOnWhiteSite
27485,28,11
timeStep,numberOfRobotsOnBlackSite,numberOfRobotsOnWhiteSite
27486,28,11
timeStep,numberOfRobotsOnBlackSite,numberOfRobotsOnWhiteSite
27487,28,11
timeStep,numberOfRobotsOnBlackSite,numberOfRobotsOnWhiteSite
27488,28,11
timeStep,numberOfRobotsOnBlackSite,numberOfRobotsOnWhiteSite
27489,28,11
timeStep,numberOfRobotsOnBlackSite,numberOfRobotsOnWhiteSite
27490,28,11
timeStep,numberOfRobotsOnBlackSite,numberOfRobotsOnWhiteSite
27491,28,11
timeStep,numberOfRobotsOnBlackSite,numberOfRobotsOnWhiteSite
27492,28,11
timeStep,numberOfRobotsOnBlackSite,numberOfRobotsOnWhiteSite
27493,28,11
timeStep,numberOfRobotsOnBlackSite,numberOfRobotsOnWhiteSite
27494,28,11
timeStep,numberOfRobotsOnBlackSite,numberOfRobotsOnWhiteSite
27495,28,11
timeStep,numberOfRobotsOnBlackSite,numberOfRobotsOnWhiteSite
27496,28,11
timeStep,numberOfRobotsOnBlackSite,numberOfRobotsOnWhiteSite
27497,28,11
timeStep,numberOfRobotsOnBlackSite,numberOfRobotsOnWhiteSite
27498,28,11
timeStep,numberOfRobotsOnBlackSite,numberOfRobotsOnWhiteSite
27499,28,11
timeStep,numberOfRobotsOnBlackSite,numberOfRobotsOnWhiteSite
27500,28,11
timeStep,numberOfRobotsOnBlackSite,numberOfRobotsOnWhiteSite
27501,28,11
timeStep,numberOfRobotsOnBlackSite,numberOfRobotsOnWhiteSite
27502,28,11
timeStep,numberOfRobotsOnBlackSite,numberOfRobotsOnWhiteSite
27503,28,11
timeStep,numberOfRobotsOnBlackSite,numberOfRobotsOnWhiteSite
27504,28,11
timeStep,numberOfRobotsOnBlackSite,numberOfRobotsOnWhiteSite
27505,29,11
timeStep,numberOfRobotsOnBlackSite,numberOfRobotsOnWhiteSite
27506,29,11
timeStep,numberOfRobotsOnBlackSite,numberOfRobotsOnWhiteSite
27507,29,11
timeStep,numberOfRobotsOnBlackSite,numberOfRobotsOnWhiteSite
27508,29,11
timeStep,numberOfRobotsOnBlackSite,numberOfRobotsOnWhiteSite
27509,29,11
timeStep,numberOfRobotsOnBlackSite,numberOfRobotsOnWhiteSite
27510,29,11
timeStep,numberOfRobotsOnBlackSite,numberOfRobotsOnWhiteSite
27511,29,11
timeStep,numberOfRobotsOnBlackSite,numberOfRobotsOnWhiteSite
27512,29,11
timeStep,numberOfRobotsOnBlackSite,numberOfRobotsOnWhiteSite
27513,29,11
timeStep,numberOfRobotsOnBlackSite,numberOfRobotsOnWhiteSite
27514,29,11
timeStep,numberOfRobotsOnBlackSite,numberOfRobotsOnWhiteSite
27515,29,12
timeStep,numberOfRobotsOnBlackSite,numberOfRobotsOnWhiteSite
27516,29,12
timeStep,numberOfRobotsOnBlackSite,numberOfRobotsOnWhiteSite
27517,29,12
timeStep,numberOfRobotsOnBlackSite,numberOfRobotsOnWhiteSite
27518,29,12
timeStep,numberOfRobotsOnBlackSite,numberOfRobotsOnWhiteSite
27519,29,12
timeStep,numberOfRobotsOnBlackSite,numberOfRobotsOnWhiteSite
27520,29,12
timeStep,numberOfRobotsOnBlackSite,numberOfRobotsOnWhiteSite
27521,29,12
timeStep,numberOfRobotsOnBlackSite,numberOfRobotsOnWhiteSite
27522,29,12
timeStep,numberOfRobotsOnBlackSite,numberOfRobotsOnWhiteSite
27523,29,12
timeStep,numberOfRobotsOnBlackSite,numberOfRobotsOnWhiteSite
27524,29,12
timeStep,numberOfRobotsOnBlackSite,numberOfRobotsOnWhiteSite
27525,29,12
timeStep,numberOfRobotsOnBlackSite,numberOfRobotsOnWhiteSite
27526,29,12
timeStep,numberOfRobotsOnBlackSite,numberOfRobotsOnWhiteSite
27527,29,12
timeStep,numberOfRobotsOnBlackSite,numberOfRobotsOnWhiteSite
27528,29,12
timeStep,numberOfRobotsOnBlackSite,numberOfRobotsOnWhiteSite
27529,29,12
timeStep,numberOfRobotsOnBlackSite,numberOfRobotsOnWhiteSite
27530,29,12
timeStep,numberOfRobotsOnBlackSite,numberOfRobotsOnWhiteSite
27531,29,12
timeStep,numberOfRobotsOnBlackSite,numberOfRobotsOnWhiteSite
27532,29,12
timeStep,numberOfRobotsOnBlackSite,numberOfRobotsOnWhiteSite
27533,29,12
timeStep,numberOfRobotsOnBlackSite,numberOfRobotsOnWhiteSite
27534,29,12
timeStep,numberOfRobotsOnBlackSite,numberOfRobotsOnWhiteSite
27535,29,12
timeStep,numberOfRobotsOnBlackSite,numberOfRobotsOnWhiteSite
27536,29,12
timeStep,numberOfRobotsOnBlackSite,numberOfRobotsOnWhiteSite
27537,29,12
timeStep,numberOfRobotsOnBlackSite,numberOfRobotsOnWhiteSite
27538,29,12
timeStep,numberOfRobotsOnBlackSite,numberOfRobotsOnWhiteSite
27539,29,12
timeStep,numberOfRobotsOnBlackSite,numberOfRobotsOnWhiteSite
27540,29,12
timeStep,numberOfRobotsOnBlackSite,numberOfRobotsOnWhiteSite
27541,29,12
timeStep,numberOfRobotsOnBlackSite,numberOfRobotsOnWhiteSite
27542,29,12
timeStep,numberOfRobotsOnBlackSite,numberOfRobotsOnWhiteSite
27543,29,12
timeStep,numberOfRobotsOnBlackSite,numberOfRobotsOnWhiteSite
27544,29,12
timeStep,numberOfRobotsOnBlackSite,numberOfRobotsOnWhiteSite
27545,29,12
timeStep,numberOfRobotsOnBlackSite,numberOfRobotsOnWhiteSite
27546,29,12
timeStep,numberOfRobotsOnBlackSite,numberOfRobotsOnWhiteSite
27547,29,12
timeStep,numberOfRobotsOnBlackSite,numberOfRobotsOnWhiteSite
27548,29,12
timeStep,numberOfRobotsOnBlackSite,numberOfRobotsOnWhiteSite
27549,29,12
timeStep,numberOfRobotsOnBlackSite,numberOfRobotsOnWhiteSite
27550,29,12
timeStep,numberOfRobotsOnBlackSite,numberOfRobotsOnWhiteSite
27551,29,12
timeStep,numberOfRobotsOnBlackSite,numberOfRobotsOnWhiteSite
27552,29,12
timeStep,numberOfRobotsOnBlackSite,numberOfRobotsOnWhiteSite
27553,29,12
timeStep,numberOfRobotsOnBlackSite,numberOfRobotsOnWhiteSite
27554,29,12
timeStep,numberOfRobotsOnBlackSite,numberOfRobotsOnWhiteSite
27555,29,12
timeStep,numberOfRobotsOnBlackSite,numberOfRobotsOnWhiteSite
27556,29,12
timeStep,numberOfRobotsOnBlackSite,numberOfRobotsOnWhiteSite
27557,29,12
timeStep,numberOfRobotsOnBlackSite,numberOfRobotsOnWhiteSite
27558,29,12
timeStep,numberOfRobotsOnBlackSite,numberOfRobotsOnWhiteSite
27559,29,12
timeStep,numberOfRobotsOnBlackSite,numberOfRobotsOnWhiteSite
27560,29,12
timeStep,numberOfRobotsOnBlackSite,numberOfRobotsOnWhiteSite
27561,29,12
timeStep,numberOfRobotsOnBlackSite,numberOfRobotsOnWhiteSite
27562,29,12
timeStep,numberOfRobotsOnBlackSite,numberOfRobotsOnWhiteSite
27563,29,12
timeStep,numberOfRobotsOnBlackSite,numberOfRobotsOnWhiteSite
27564,29,12
timeStep,numberOfRobotsOnBlackSite,numberOfRobotsOnWhiteSite
27565,29,12
timeStep,numberOfRobotsOnBlackSite,numberOfRobotsOnWhiteSite
27566,29,12
timeStep,numberOfRobotsOnBlackSite,numberOfRobotsOnWhiteSite
27567,29,12
timeStep,numberOfRobotsOnBlackSite,numberOfRobotsOnWhiteSite
27568,29,12
timeStep,numberOfRobotsOnBlackSite,numberOfRobotsOnWhiteSite
27569,29,12
timeStep,numberOfRobotsOnBlackSite,numberOfRobotsOnWhiteSite
27570,29,12
timeStep,numberOfRobotsOnBlackSite,numberOfRobotsOnWhiteSite
27571,29,12
timeStep,numberOfRobotsOnBlackSite,numberOfRobotsOnWhiteSite
27572,29,12
timeStep,numberOfRobotsOnBlackSite,numberOfRobotsOnWhiteSite
27573,29,12
timeStep,numberOfRobotsOnBlackSite,numberOfRobotsOnWhiteSite
27574,29,12
timeStep,numberOfRobotsOnBlackSite,numberOfRobotsOnWhiteSite
27575,29,12
timeStep,numberOfRobotsOnBlackSite,numberOfRobotsOnWhiteSite
27576,29,12
timeStep,numberOfRobotsOnBlackSite,numberOfRobotsOnWhiteSite
27577,29,12
timeStep,numberOfRobotsOnBlackSite,numberOfRobotsOnWhiteSite
27578,29,12
timeStep,numberOfRobotsOnBlackSite,numberOfRobotsOnWhiteSite
27579,29,12
timeStep,numberOfRobotsOnBlackSite,numberOfRobotsOnWhiteSite
27580,29,12
timeStep,numberOfRobotsOnBlackSite,numberOfRobotsOnWhiteSite
27581,29,12
timeStep,numberOfRobotsOnBlackSite,numberOfRobotsOnWhiteSite
27582,29,12
timeStep,numberOfRobotsOnBlackSite,numberOfRobotsOnWhiteSite
27583,29,12
timeStep,numberOfRobotsOnBlackSite,numberOfRobotsOnWhiteSite
27584,29,12
timeStep,numberOfRobotsOnBlackSite,numberOfRobotsOnWhiteSite
27585,29,12
timeStep,numberOfRobotsOnBlackSite,numberOfRobotsOnWhiteSite
27586,29,12
timeStep,numberOfRobotsOnBlackSite,numberOfRobotsOnWhiteSite
27587,29,12
timeStep,numberOfRobotsOnBlackSite,numberOfRobotsOnWhiteSite
27588,29,12
timeStep,numberOfRobotsOnBlackSite,numberOfRobotsOnWhiteSite
27589,29,12
timeStep,numberOfRobotsOnBlackSite,numberOfRobotsOnWhiteSite
27590,29,12
timeStep,numberOfRobotsOnBlackSite,numberOfRobotsOnWhiteSite
27591,29,12
timeStep,numberOfRobotsOnBlackSite,numberOfRobotsOnWhiteSite
27592,29,12
timeStep,numberOfRobotsOnBlackSite,numberOfRobotsOnWhiteSite
27593,29,12
timeStep,numberOfRobotsOnBlackSite,numberOfRobotsOnWhiteSite
27594,29,12
timeStep,numberOfRobotsOnBlackSite,numberOfRobotsOnWhiteSite
27595,29,12
timeStep,numberOfRobotsOnBlackSite,numberOfRobotsOnWhiteSite
27596,29,12
timeStep,numberOfRobotsOnBlackSite,numberOfRobotsOnWhiteSite
27597,29,12
timeStep,numberOfRobotsOnBlackSite,numberOfRobotsOnWhiteSite
27598,29,12
timeStep,numberOfRobotsOnBlackSite,numberOfRobotsOnWhiteSite
27599,29,12
timeStep,numberOfRobotsOnBlackSite,numberOfRobotsOnWhiteSite
27600,28,12
timeStep,numberOfRobotsOnBlackSite,numberOfRobotsOnWhiteSite
27601,28,12
timeStep,numberOfRobotsOnBlackSite,numberOfRobotsOnWhiteSite
27602,28,12
timeStep,numberOfRobotsOnBlackSite,numberOfRobotsOnWhiteSite
27603,28,12
timeStep,numberOfRobotsOnBlackSite,numberOfRobotsOnWhiteSite
27604,28,12
timeStep,numberOfRobotsOnBlackSite,numberOfRobotsOnWhiteSite
27605,28,12
timeStep,numberOfRobotsOnBlackSite,numberOfRobotsOnWhiteSite
27606,28,12
timeStep,numberOfRobotsOnBlackSite,numberOfRobotsOnWhiteSite
27607,28,12
timeStep,numberOfRobotsOnBlackSite,numberOfRobotsOnWhiteSite
27608,28,12
timeStep,numberOfRobotsOnBlackSite,numberOfRobotsOnWhiteSite
27609,28,12
timeStep,numberOfRobotsOnBlackSite,numberOfRobotsOnWhiteSite
27610,28,12
timeStep,numberOfRobotsOnBlackSite,numberOfRobotsOnWhiteSite
27611,28,12
timeStep,numberOfRobotsOnBlackSite,numberOfRobotsOnWhiteSite
27612,28,12
timeStep,numberOfRobotsOnBlackSite,numberOfRobotsOnWhiteSite
27613,28,12
timeStep,numberOfRobotsOnBlackSite,numberOfRobotsOnWhiteSite
27614,28,12
timeStep,numberOfRobotsOnBlackSite,numberOfRobotsOnWhiteSite
27615,28,12
timeStep,numberOfRobotsOnBlackSite,numberOfRobotsOnWhiteSite
27616,28,12
timeStep,numberOfRobotsOnBlackSite,numberOfRobotsOnWhiteSite
27617,28,12
timeStep,numberOfRobotsOnBlackSite,numberOfRobotsOnWhiteSite
27618,28,12
timeStep,numberOfRobotsOnBlackSite,numberOfRobotsOnWhiteSite
27619,28,12
timeStep,numberOfRobotsOnBlackSite,numberOfRobotsOnWhiteSite
27620,28,12
timeStep,numberOfRobotsOnBlackSite,numberOfRobotsOnWhiteSite
27621,28,12
timeStep,numberOfRobotsOnBlackSite,numberOfRobotsOnWhiteSite
27622,28,12
timeStep,numberOfRobotsOnBlackSite,numberOfRobotsOnWhiteSite
27623,28,12
timeStep,numberOfRobotsOnBlackSite,numberOfRobotsOnWhiteSite
27624,28,12
timeStep,numberOfRobotsOnBlackSite,numberOfRobotsOnWhiteSite
27625,28,12
timeStep,numberOfRobotsOnBlackSite,numberOfRobotsOnWhiteSite
27626,28,12
timeStep,numberOfRobotsOnBlackSite,numberOfRobotsOnWhiteSite
27627,28,12
timeStep,numberOfRobotsOnBlackSite,numberOfRobotsOnWhiteSite
27628,28,12
timeStep,numberOfRobotsOnBlackSite,numberOfRobotsOnWhiteSite
27629,28,12
timeStep,numberOfRobotsOnBlackSite,numberOfRobotsOnWhiteSite
27630,28,12
timeStep,numberOfRobotsOnBlackSite,numberOfRobotsOnWhiteSite
27631,28,12
timeStep,numberOfRobotsOnBlackSite,numberOfRobotsOnWhiteSite
27632,28,12
timeStep,numberOfRobotsOnBlackSite,numberOfRobotsOnWhiteSite
27633,28,12
timeStep,numberOfRobotsOnBlackSite,numberOfRobotsOnWhiteSite
27634,28,12
timeStep,numberOfRobotsOnBlackSite,numberOfRobotsOnWhiteSite
27635,28,12
timeStep,numberOfRobotsOnBlackSite,numberOfRobotsOnWhiteSite
27636,28,12
timeStep,numberOfRobotsOnBlackSite,numberOfRobotsOnWhiteSite
27637,28,12
timeStep,numberOfRobotsOnBlackSite,numberOfRobotsOnWhiteSite
27638,28,12
timeStep,numberOfRobotsOnBlackSite,numberOfRobotsOnWhiteSite
27639,28,12
timeStep,numberOfRobotsOnBlackSite,numberOfRobotsOnWhiteSite
27640,28,11
timeStep,numberOfRobotsOnBlackSite,numberOfRobotsOnWhiteSite
27641,28,11
timeStep,numberOfRobotsOnBlackSite,numberOfRobotsOnWhiteSite
27642,28,11
timeStep,numberOfRobotsOnBlackSite,numberOfRobotsOnWhiteSite
27643,28,11
timeStep,numberOfRobotsOnBlackSite,numberOfRobotsOnWhiteSite
27644,28,11
timeStep,numberOfRobotsOnBlackSite,numberOfRobotsOnWhiteSite
27645,28,12
timeStep,numberOfRobotsOnBlackSite,numberOfRobotsOnWhiteSite
27646,28,12
timeStep,numberOfRobotsOnBlackSite,numberOfRobotsOnWhiteSite
27647,28,12
timeStep,numberOfRobotsOnBlackSite,numberOfRobotsOnWhiteSite
27648,28,12
timeStep,numberOfRobotsOnBlackSite,numberOfRobotsOnWhiteSite
27649,28,12
timeStep,numberOfRobotsOnBlackSite,numberOfRobotsOnWhiteSite
27650,28,12
timeStep,numberOfRobotsOnBlackSite,numberOfRobotsOnWhiteSite
27651,28,12
timeStep,numberOfRobotsOnBlackSite,numberOfRobotsOnWhiteSite
27652,28,12
timeStep,numberOfRobotsOnBlackSite,numberOfRobotsOnWhiteSite
27653,28,12
timeStep,numberOfRobotsOnBlackSite,numberOfRobotsOnWhiteSite
27654,28,12
timeStep,numberOfRobotsOnBlackSite,numberOfRobotsOnWhiteSite
27655,28,12
timeStep,numberOfRobotsOnBlackSite,numberOfRobotsOnWhiteSite
27656,28,12
timeStep,numberOfRobotsOnBlackSite,numberOfRobotsOnWhiteSite
27657,28,12
timeStep,numberOfRobotsOnBlackSite,numberOfRobotsOnWhiteSite
27658,28,12
timeStep,numberOfRobotsOnBlackSite,numberOfRobotsOnWhiteSite
27659,28,12
timeStep,numberOfRobotsOnBlackSite,numberOfRobotsOnWhiteSite
27660,28,12
timeStep,numberOfRobotsOnBlackSite,numberOfRobotsOnWhiteSite
27661,28,12
timeStep,numberOfRobotsOnBlackSite,numberOfRobotsOnWhiteSite
27662,28,12
timeStep,numberOfRobotsOnBlackSite,numberOfRobotsOnWhiteSite
27663,28,12
timeStep,numberOfRobotsOnBlackSite,numberOfRobotsOnWhiteSite
27664,28,12
timeStep,numberOfRobotsOnBlackSite,numberOfRobotsOnWhiteSite
27665,28,12
timeStep,numberOfRobotsOnBlackSite,numberOfRobotsOnWhiteSite
27666,28,12
timeStep,numberOfRobotsOnBlackSite,numberOfRobotsOnWhiteSite
27667,28,12
timeStep,numberOfRobotsOnBlackSite,numberOfRobotsOnWhiteSite
27668,28,12
timeStep,numberOfRobotsOnBlackSite,numberOfRobotsOnWhiteSite
27669,28,12
timeStep,numberOfRobotsOnBlackSite,numberOfRobotsOnWhiteSite
27670,28,12
timeStep,numberOfRobotsOnBlackSite,numberOfRobotsOnWhiteSite
27671,28,12
timeStep,numberOfRobotsOnBlackSite,numberOfRobotsOnWhiteSite
27672,28,12
timeStep,numberOfRobotsOnBlackSite,numberOfRobotsOnWhiteSite
27673,28,12
timeStep,numberOfRobotsOnBlackSite,numberOfRobotsOnWhiteSite
27674,28,12
timeStep,numberOfRobotsOnBlackSite,numberOfRobotsOnWhiteSite
27675,28,12
timeStep,numberOfRobotsOnBlackSite,numberOfRobotsOnWhiteSite
27676,28,12
timeStep,numberOfRobotsOnBlackSite,numberOfRobotsOnWhiteSite
27677,28,12
timeStep,numberOfRobotsOnBlackSite,numberOfRobotsOnWhiteSite
27678,28,12
timeStep,numberOfRobotsOnBlackSite,numberOfRobotsOnWhiteSite
27679,28,12
timeStep,numberOfRobotsOnBlackSite,numberOfRobotsOnWhiteSite
27680,28,12
timeStep,numberOfRobotsOnBlackSite,numberOfRobotsOnWhiteSite
27681,28,12
timeStep,numberOfRobotsOnBlackSite,numberOfRobotsOnWhiteSite
27682,28,12
timeStep,numberOfRobotsOnBlackSite,numberOfRobotsOnWhiteSite
27683,28,12
timeStep,numberOfRobotsOnBlackSite,numberOfRobotsOnWhiteSite
27684,28,12
timeStep,numberOfRobotsOnBlackSite,numberOfRobotsOnWhiteSite
27685,28,12
timeStep,numberOfRobotsOnBlackSite,numberOfRobotsOnWhiteSite
27686,28,12
timeStep,numberOfRobotsOnBlackSite,numberOfRobotsOnWhiteSite
27687,28,12
timeStep,numberOfRobotsOnBlackSite,numberOfRobotsOnWhiteSite
27688,28,12
timeStep,numberOfRobotsOnBlackSite,numberOfRobotsOnWhiteSite
27689,28,12
timeStep,numberOfRobotsOnBlackSite,numberOfRobotsOnWhiteSite
27690,28,12
timeStep,numberOfRobotsOnBlackSite,numberOfRobotsOnWhiteSite
27691,28,12
timeStep,numberOfRobotsOnBlackSite,numberOfRobotsOnWhiteSite
27692,28,12
timeStep,numberOfRobotsOnBlackSite,numberOfRobotsOnWhiteSite
27693,28,12
timeStep,numberOfRobotsOnBlackSite,numberOfRobotsOnWhiteSite
27694,28,12
timeStep,numberOfRobotsOnBlackSite,numberOfRobotsOnWhiteSite
27695,28,12
timeStep,numberOfRobotsOnBlackSite,numberOfRobotsOnWhiteSite
27696,28,12
timeStep,numberOfRobotsOnBlackSite,numberOfRobotsOnWhiteSite
27697,28,12
timeStep,numberOfRobotsOnBlackSite,numberOfRobotsOnWhiteSite
27698,28,12
timeStep,numberOfRobotsOnBlackSite,numberOfRobotsOnWhiteSite
27699,28,12
timeStep,numberOfRobotsOnBlackSite,numberOfRobotsOnWhiteSite
27700,28,12
timeStep,numberOfRobotsOnBlackSite,numberOfRobotsOnWhiteSite
27701,28,12
timeStep,numberOfRobotsOnBlackSite,numberOfRobotsOnWhiteSite
27702,28,12
timeStep,numberOfRobotsOnBlackSite,numberOfRobotsOnWhiteSite
27703,28,12
timeStep,numberOfRobotsOnBlackSite,numberOfRobotsOnWhiteSite
27704,28,12
timeStep,numberOfRobotsOnBlackSite,numberOfRobotsOnWhiteSite
27705,28,12
timeStep,numberOfRobotsOnBlackSite,numberOfRobotsOnWhiteSite
27706,28,12
timeStep,numberOfRobotsOnBlackSite,numberOfRobotsOnWhiteSite
27707,28,12
timeStep,numberOfRobotsOnBlackSite,numberOfRobotsOnWhiteSite
27708,28,12
timeStep,numberOfRobotsOnBlackSite,numberOfRobotsOnWhiteSite
27709,28,12
timeStep,numberOfRobotsOnBlackSite,numberOfRobotsOnWhiteSite
27710,28,12
timeStep,numberOfRobotsOnBlackSite,numberOfRobotsOnWhiteSite
27711,28,12
timeStep,numberOfRobotsOnBlackSite,numberOfRobotsOnWhiteSite
27712,28,12
timeStep,numberOfRobotsOnBlackSite,numberOfRobotsOnWhiteSite
27713,28,12
timeStep,numberOfRobotsOnBlackSite,numberOfRobotsOnWhiteSite
27714,28,12
timeStep,numberOfRobotsOnBlackSite,numberOfRobotsOnWhiteSite
27715,28,13
timeStep,numberOfRobotsOnBlackSite,numberOfRobotsOnWhiteSite
27716,28,13
timeStep,numberOfRobotsOnBlackSite,numberOfRobotsOnWhiteSite
27717,28,13
timeStep,numberOfRobotsOnBlackSite,numberOfRobotsOnWhiteSite
27718,28,13
timeStep,numberOfRobotsOnBlackSite,numberOfRobotsOnWhiteSite
27719,28,13
timeStep,numberOfRobotsOnBlackSite,numberOfRobotsOnWhiteSite
27720,28,13
timeStep,numberOfRobotsOnBlackSite,numberOfRobotsOnWhiteSite
27721,28,13
timeStep,numberOfRobotsOnBlackSite,numberOfRobotsOnWhiteSite
27722,28,13
timeStep,numberOfRobotsOnBlackSite,numberOfRobotsOnWhiteSite
27723,28,13
timeStep,numberOfRobotsOnBlackSite,numberOfRobotsOnWhiteSite
27724,28,13
timeStep,numberOfRobotsOnBlackSite,numberOfRobotsOnWhiteSite
27725,28,13
timeStep,numberOfRobotsOnBlackSite,numberOfRobotsOnWhiteSite
27726,28,13
timeStep,numberOfRobotsOnBlackSite,numberOfRobotsOnWhiteSite
27727,28,13
timeStep,numberOfRobotsOnBlackSite,numberOfRobotsOnWhiteSite
27728,28,13
timeStep,numberOfRobotsOnBlackSite,numberOfRobotsOnWhiteSite
27729,28,13
timeStep,numberOfRobotsOnBlackSite,numberOfRobotsOnWhiteSite
27730,28,13
timeStep,numberOfRobotsOnBlackSite,numberOfRobotsOnWhiteSite
27731,28,13
timeStep,numberOfRobotsOnBlackSite,numberOfRobotsOnWhiteSite
27732,28,13
timeStep,numberOfRobotsOnBlackSite,numberOfRobotsOnWhiteSite
27733,28,13
timeStep,numberOfRobotsOnBlackSite,numberOfRobotsOnWhiteSite
27734,28,13
timeStep,numberOfRobotsOnBlackSite,numberOfRobotsOnWhiteSite
27735,28,12
timeStep,numberOfRobotsOnBlackSite,numberOfRobotsOnWhiteSite
27736,28,12
timeStep,numberOfRobotsOnBlackSite,numberOfRobotsOnWhiteSite
27737,28,12
timeStep,numberOfRobotsOnBlackSite,numberOfRobotsOnWhiteSite
27738,28,12
timeStep,numberOfRobotsOnBlackSite,numberOfRobotsOnWhiteSite
27739,28,12
timeStep,numberOfRobotsOnBlackSite,numberOfRobotsOnWhiteSite
27740,28,12
timeStep,numberOfRobotsOnBlackSite,numberOfRobotsOnWhiteSite
27741,28,12
timeStep,numberOfRobotsOnBlackSite,numberOfRobotsOnWhiteSite
27742,28,12
timeStep,numberOfRobotsOnBlackSite,numberOfRobotsOnWhiteSite
27743,28,12
timeStep,numberOfRobotsOnBlackSite,numberOfRobotsOnWhiteSite
27744,28,12
timeStep,numberOfRobotsOnBlackSite,numberOfRobotsOnWhiteSite
27745,28,12
timeStep,numberOfRobotsOnBlackSite,numberOfRobotsOnWhiteSite
27746,28,12
timeStep,numberOfRobotsOnBlackSite,numberOfRobotsOnWhiteSite
27747,28,12
timeStep,numberOfRobotsOnBlackSite,numberOfRobotsOnWhiteSite
27748,28,12
timeStep,numberOfRobotsOnBlackSite,numberOfRobotsOnWhiteSite
27749,28,12
timeStep,numberOfRobotsOnBlackSite,numberOfRobotsOnWhiteSite
27750,28,12
timeStep,numberOfRobotsOnBlackSite,numberOfRobotsOnWhiteSite
27751,28,12
timeStep,numberOfRobotsOnBlackSite,numberOfRobotsOnWhiteSite
27752,28,12
timeStep,numberOfRobotsOnBlackSite,numberOfRobotsOnWhiteSite
27753,28,12
timeStep,numberOfRobotsOnBlackSite,numberOfRobotsOnWhiteSite
27754,28,12
timeStep,numberOfRobotsOnBlackSite,numberOfRobotsOnWhiteSite
27755,28,12
timeStep,numberOfRobotsOnBlackSite,numberOfRobotsOnWhiteSite
27756,28,12
timeStep,numberOfRobotsOnBlackSite,numberOfRobotsOnWhiteSite
27757,28,12
timeStep,numberOfRobotsOnBlackSite,numberOfRobotsOnWhiteSite
27758,28,12
timeStep,numberOfRobotsOnBlackSite,numberOfRobotsOnWhiteSite
27759,28,12
timeStep,numberOfRobotsOnBlackSite,numberOfRobotsOnWhiteSite
27760,28,13
timeStep,numberOfRobotsOnBlackSite,numberOfRobotsOnWhiteSite
27761,28,13
timeStep,numberOfRobotsOnBlackSite,numberOfRobotsOnWhiteSite
27762,28,13
timeStep,numberOfRobotsOnBlackSite,numberOfRobotsOnWhiteSite
27763,28,13
timeStep,numberOfRobotsOnBlackSite,numberOfRobotsOnWhiteSite
27764,28,13
timeStep,numberOfRobotsOnBlackSite,numberOfRobotsOnWhiteSite
27765,28,13
timeStep,numberOfRobotsOnBlackSite,numberOfRobotsOnWhiteSite
27766,28,13
timeStep,numberOfRobotsOnBlackSite,numberOfRobotsOnWhiteSite
27767,28,13
timeStep,numberOfRobotsOnBlackSite,numberOfRobotsOnWhiteSite
27768,28,13
timeStep,numberOfRobotsOnBlackSite,numberOfRobotsOnWhiteSite
27769,28,13
timeStep,numberOfRobotsOnBlackSite,numberOfRobotsOnWhiteSite
27770,28,13
timeStep,numberOfRobotsOnBlackSite,numberOfRobotsOnWhiteSite
27771,28,13
timeStep,numberOfRobotsOnBlackSite,numberOfRobotsOnWhiteSite
27772,28,13
timeStep,numberOfRobotsOnBlackSite,numberOfRobotsOnWhiteSite
27773,28,13
timeStep,numberOfRobotsOnBlackSite,numberOfRobotsOnWhiteSite
27774,28,13
timeStep,numberOfRobotsOnBlackSite,numberOfRobotsOnWhiteSite
27775,28,11
timeStep,numberOfRobotsOnBlackSite,numberOfRobotsOnWhiteSite
27776,28,11
timeStep,numberOfRobotsOnBlackSite,numberOfRobotsOnWhiteSite
27777,28,11
timeStep,numberOfRobotsOnBlackSite,numberOfRobotsOnWhiteSite
27778,28,11
timeStep,numberOfRobotsOnBlackSite,numberOfRobotsOnWhiteSite
27779,28,11
timeStep,numberOfRobotsOnBlackSite,numberOfRobotsOnWhiteSite
27780,28,11
timeStep,numberOfRobotsOnBlackSite,numberOfRobotsOnWhiteSite
27781,28,11
timeStep,numberOfRobotsOnBlackSite,numberOfRobotsOnWhiteSite
27782,28,11
timeStep,numberOfRobotsOnBlackSite,numberOfRobotsOnWhiteSite
27783,28,11
timeStep,numberOfRobotsOnBlackSite,numberOfRobotsOnWhiteSite
27784,28,11
timeStep,numberOfRobotsOnBlackSite,numberOfRobotsOnWhiteSite
27785,28,11
timeStep,numberOfRobotsOnBlackSite,numberOfRobotsOnWhiteSite
27786,28,11
timeStep,numberOfRobotsOnBlackSite,numberOfRobotsOnWhiteSite
27787,28,11
timeStep,numberOfRobotsOnBlackSite,numberOfRobotsOnWhiteSite
27788,28,11
timeStep,numberOfRobotsOnBlackSite,numberOfRobotsOnWhiteSite
27789,28,11
timeStep,numberOfRobotsOnBlackSite,numberOfRobotsOnWhiteSite
27790,29,11
timeStep,numberOfRobotsOnBlackSite,numberOfRobotsOnWhiteSite
27791,29,11
timeStep,numberOfRobotsOnBlackSite,numberOfRobotsOnWhiteSite
27792,29,11
timeStep,numberOfRobotsOnBlackSite,numberOfRobotsOnWhiteSite
27793,29,11
timeStep,numberOfRobotsOnBlackSite,numberOfRobotsOnWhiteSite
27794,29,11
timeStep,numberOfRobotsOnBlackSite,numberOfRobotsOnWhiteSite
27795,29,11
timeStep,numberOfRobotsOnBlackSite,numberOfRobotsOnWhiteSite
27796,29,11
timeStep,numberOfRobotsOnBlackSite,numberOfRobotsOnWhiteSite
27797,29,11
timeStep,numberOfRobotsOnBlackSite,numberOfRobotsOnWhiteSite
27798,29,11
timeStep,numberOfRobotsOnBlackSite,numberOfRobotsOnWhiteSite
27799,29,11
timeStep,numberOfRobotsOnBlackSite,numberOfRobotsOnWhiteSite
27800,29,11
timeStep,numberOfRobotsOnBlackSite,numberOfRobotsOnWhiteSite
27801,29,11
timeStep,numberOfRobotsOnBlackSite,numberOfRobotsOnWhiteSite
27802,29,11
timeStep,numberOfRobotsOnBlackSite,numberOfRobotsOnWhiteSite
27803,29,11
timeStep,numberOfRobotsOnBlackSite,numberOfRobotsOnWhiteSite
27804,29,11
timeStep,numberOfRobotsOnBlackSite,numberOfRobotsOnWhiteSite
27805,29,11
timeStep,numberOfRobotsOnBlackSite,numberOfRobotsOnWhiteSite
27806,29,11
timeStep,numberOfRobotsOnBlackSite,numberOfRobotsOnWhiteSite
27807,29,11
timeStep,numberOfRobotsOnBlackSite,numberOfRobotsOnWhiteSite
27808,29,11
timeStep,numberOfRobotsOnBlackSite,numberOfRobotsOnWhiteSite
27809,29,11
timeStep,numberOfRobotsOnBlackSite,numberOfRobotsOnWhiteSite
27810,29,11
timeStep,numberOfRobotsOnBlackSite,numberOfRobotsOnWhiteSite
27811,29,11
timeStep,numberOfRobotsOnBlackSite,numberOfRobotsOnWhiteSite
27812,29,11
timeStep,numberOfRobotsOnBlackSite,numberOfRobotsOnWhiteSite
27813,29,11
timeStep,numberOfRobotsOnBlackSite,numberOfRobotsOnWhiteSite
27814,29,11
timeStep,numberOfRobotsOnBlackSite,numberOfRobotsOnWhiteSite
27815,29,10
timeStep,numberOfRobotsOnBlackSite,numberOfRobotsOnWhiteSite
27816,29,10
timeStep,numberOfRobotsOnBlackSite,numberOfRobotsOnWhiteSite
27817,29,10
timeStep,numberOfRobotsOnBlackSite,numberOfRobotsOnWhiteSite
27818,29,10
timeStep,numberOfRobotsOnBlackSite,numberOfRobotsOnWhiteSite
27819,29,10
timeStep,numberOfRobotsOnBlackSite,numberOfRobotsOnWhiteSite
27820,29,10
timeStep,numberOfRobotsOnBlackSite,numberOfRobotsOnWhiteSite
27821,29,10
timeStep,numberOfRobotsOnBlackSite,numberOfRobotsOnWhiteSite
27822,29,10
timeStep,numberOfRobotsOnBlackSite,numberOfRobotsOnWhiteSite
27823,29,10
timeStep,numberOfRobotsOnBlackSite,numberOfRobotsOnWhiteSite
27824,29,10
timeStep,numberOfRobotsOnBlackSite,numberOfRobotsOnWhiteSite
27825,29,11
timeStep,numberOfRobotsOnBlackSite,numberOfRobotsOnWhiteSite
27826,29,11
timeStep,numberOfRobotsOnBlackSite,numberOfRobotsOnWhiteSite
27827,29,11
timeStep,numberOfRobotsOnBlackSite,numberOfRobotsOnWhiteSite
27828,29,11
timeStep,numberOfRobotsOnBlackSite,numberOfRobotsOnWhiteSite
27829,29,11
timeStep,numberOfRobotsOnBlackSite,numberOfRobotsOnWhiteSite
27830,29,11
timeStep,numberOfRobotsOnBlackSite,numberOfRobotsOnWhiteSite
27831,29,11
timeStep,numberOfRobotsOnBlackSite,numberOfRobotsOnWhiteSite
27832,29,11
timeStep,numberOfRobotsOnBlackSite,numberOfRobotsOnWhiteSite
27833,29,11
timeStep,numberOfRobotsOnBlackSite,numberOfRobotsOnWhiteSite
27834,29,11
timeStep,numberOfRobotsOnBlackSite,numberOfRobotsOnWhiteSite
27835,29,11
timeStep,numberOfRobotsOnBlackSite,numberOfRobotsOnWhiteSite
27836,29,11
timeStep,numberOfRobotsOnBlackSite,numberOfRobotsOnWhiteSite
27837,29,11
timeStep,numberOfRobotsOnBlackSite,numberOfRobotsOnWhiteSite
27838,29,11
timeStep,numberOfRobotsOnBlackSite,numberOfRobotsOnWhiteSite
27839,29,11
timeStep,numberOfRobotsOnBlackSite,numberOfRobotsOnWhiteSite
27840,29,11
timeStep,numberOfRobotsOnBlackSite,numberOfRobotsOnWhiteSite
27841,29,11
timeStep,numberOfRobotsOnBlackSite,numberOfRobotsOnWhiteSite
27842,29,11
timeStep,numberOfRobotsOnBlackSite,numberOfRobotsOnWhiteSite
27843,29,11
timeStep,numberOfRobotsOnBlackSite,numberOfRobotsOnWhiteSite
27844,29,11
timeStep,numberOfRobotsOnBlackSite,numberOfRobotsOnWhiteSite
27845,29,11
timeStep,numberOfRobotsOnBlackSite,numberOfRobotsOnWhiteSite
27846,29,11
timeStep,numberOfRobotsOnBlackSite,numberOfRobotsOnWhiteSite
27847,29,11
timeStep,numberOfRobotsOnBlackSite,numberOfRobotsOnWhiteSite
27848,29,11
timeStep,numberOfRobotsOnBlackSite,numberOfRobotsOnWhiteSite
27849,29,11
timeStep,numberOfRobotsOnBlackSite,numberOfRobotsOnWhiteSite
27850,30,11
timeStep,numberOfRobotsOnBlackSite,numberOfRobotsOnWhiteSite
27851,30,11
timeStep,numberOfRobotsOnBlackSite,numberOfRobotsOnWhiteSite
27852,30,11
timeStep,numberOfRobotsOnBlackSite,numberOfRobotsOnWhiteSite
27853,30,11
timeStep,numberOfRobotsOnBlackSite,numberOfRobotsOnWhiteSite
27854,30,11
timeStep,numberOfRobotsOnBlackSite,numberOfRobotsOnWhiteSite
27855,30,11
timeStep,numberOfRobotsOnBlackSite,numberOfRobotsOnWhiteSite
27856,30,11
timeStep,numberOfRobotsOnBlackSite,numberOfRobotsOnWhiteSite
27857,30,11
timeStep,numberOfRobotsOnBlackSite,numberOfRobotsOnWhiteSite
27858,30,11
timeStep,numberOfRobotsOnBlackSite,numberOfRobotsOnWhiteSite
27859,30,11
timeStep,numberOfRobotsOnBlackSite,numberOfRobotsOnWhiteSite
27860,30,11
timeStep,numberOfRobotsOnBlackSite,numberOfRobotsOnWhiteSite
27861,30,11
timeStep,numberOfRobotsOnBlackSite,numberOfRobotsOnWhiteSite
27862,30,11
timeStep,numberOfRobotsOnBlackSite,numberOfRobotsOnWhiteSite
27863,30,11
timeStep,numberOfRobotsOnBlackSite,numberOfRobotsOnWhiteSite
27864,30,11
timeStep,numberOfRobotsOnBlackSite,numberOfRobotsOnWhiteSite
27865,30,12
timeStep,numberOfRobotsOnBlackSite,numberOfRobotsOnWhiteSite
27866,30,12
timeStep,numberOfRobotsOnBlackSite,numberOfRobotsOnWhiteSite
27867,30,12
timeStep,numberOfRobotsOnBlackSite,numberOfRobotsOnWhiteSite
27868,30,12
timeStep,numberOfRobotsOnBlackSite,numberOfRobotsOnWhiteSite
27869,30,12
timeStep,numberOfRobotsOnBlackSite,numberOfRobotsOnWhiteSite
27870,30,12
timeStep,numberOfRobotsOnBlackSite,numberOfRobotsOnWhiteSite
27871,30,12
timeStep,numberOfRobotsOnBlackSite,numberOfRobotsOnWhiteSite
27872,30,12
timeStep,numberOfRobotsOnBlackSite,numberOfRobotsOnWhiteSite
27873,30,12
timeStep,numberOfRobotsOnBlackSite,numberOfRobotsOnWhiteSite
27874,30,12
timeStep,numberOfRobotsOnBlackSite,numberOfRobotsOnWhiteSite
27875,30,12
timeStep,numberOfRobotsOnBlackSite,numberOfRobotsOnWhiteSite
27876,30,12
timeStep,numberOfRobotsOnBlackSite,numberOfRobotsOnWhiteSite
27877,30,12
timeStep,numberOfRobotsOnBlackSite,numberOfRobotsOnWhiteSite
27878,30,12
timeStep,numberOfRobotsOnBlackSite,numberOfRobotsOnWhiteSite
27879,30,12
timeStep,numberOfRobotsOnBlackSite,numberOfRobotsOnWhiteSite
27880,30,12
timeStep,numberOfRobotsOnBlackSite,numberOfRobotsOnWhiteSite
27881,30,12
timeStep,numberOfRobotsOnBlackSite,numberOfRobotsOnWhiteSite
27882,30,12
timeStep,numberOfRobotsOnBlackSite,numberOfRobotsOnWhiteSite
27883,30,12
timeStep,numberOfRobotsOnBlackSite,numberOfRobotsOnWhiteSite
27884,30,12
timeStep,numberOfRobotsOnBlackSite,numberOfRobotsOnWhiteSite
27885,30,12
timeStep,numberOfRobotsOnBlackSite,numberOfRobotsOnWhiteSite
27886,30,12
timeStep,numberOfRobotsOnBlackSite,numberOfRobotsOnWhiteSite
27887,30,12
timeStep,numberOfRobotsOnBlackSite,numberOfRobotsOnWhiteSite
27888,30,12
timeStep,numberOfRobotsOnBlackSite,numberOfRobotsOnWhiteSite
27889,30,12
timeStep,numberOfRobotsOnBlackSite,numberOfRobotsOnWhiteSite
27890,30,12
timeStep,numberOfRobotsOnBlackSite,numberOfRobotsOnWhiteSite
27891,30,12
timeStep,numberOfRobotsOnBlackSite,numberOfRobotsOnWhiteSite
27892,30,12
timeStep,numberOfRobotsOnBlackSite,numberOfRobotsOnWhiteSite
27893,30,12
timeStep,numberOfRobotsOnBlackSite,numberOfRobotsOnWhiteSite
27894,30,12
timeStep,numberOfRobotsOnBlackSite,numberOfRobotsOnWhiteSite
27895,30,12
timeStep,numberOfRobotsOnBlackSite,numberOfRobotsOnWhiteSite
27896,30,12
timeStep,numberOfRobotsOnBlackSite,numberOfRobotsOnWhiteSite
27897,30,12
timeStep,numberOfRobotsOnBlackSite,numberOfRobotsOnWhiteSite
27898,30,12
timeStep,numberOfRobotsOnBlackSite,numberOfRobotsOnWhiteSite
27899,30,12
timeStep,numberOfRobotsOnBlackSite,numberOfRobotsOnWhiteSite
27900,30,12
timeStep,numberOfRobotsOnBlackSite,numberOfRobotsOnWhiteSite
27901,30,12
timeStep,numberOfRobotsOnBlackSite,numberOfRobotsOnWhiteSite
27902,30,12
timeStep,numberOfRobotsOnBlackSite,numberOfRobotsOnWhiteSite
27903,30,12
timeStep,numberOfRobotsOnBlackSite,numberOfRobotsOnWhiteSite
27904,30,12
timeStep,numberOfRobotsOnBlackSite,numberOfRobotsOnWhiteSite
27905,30,12
timeStep,numberOfRobotsOnBlackSite,numberOfRobotsOnWhiteSite
27906,30,12
timeStep,numberOfRobotsOnBlackSite,numberOfRobotsOnWhiteSite
27907,30,12
timeStep,numberOfRobotsOnBlackSite,numberOfRobotsOnWhiteSite
27908,30,12
timeStep,numberOfRobotsOnBlackSite,numberOfRobotsOnWhiteSite
27909,30,12
timeStep,numberOfRobotsOnBlackSite,numberOfRobotsOnWhiteSite
27910,30,13
timeStep,numberOfRobotsOnBlackSite,numberOfRobotsOnWhiteSite
27911,30,13
timeStep,numberOfRobotsOnBlackSite,numberOfRobotsOnWhiteSite
27912,30,13
timeStep,numberOfRobotsOnBlackSite,numberOfRobotsOnWhiteSite
27913,30,13
timeStep,numberOfRobotsOnBlackSite,numberOfRobotsOnWhiteSite
27914,30,13
timeStep,numberOfRobotsOnBlackSite,numberOfRobotsOnWhiteSite
27915,30,13
timeStep,numberOfRobotsOnBlackSite,numberOfRobotsOnWhiteSite
27916,30,13
timeStep,numberOfRobotsOnBlackSite,numberOfRobotsOnWhiteSite
27917,30,13
timeStep,numberOfRobotsOnBlackSite,numberOfRobotsOnWhiteSite
27918,30,13
timeStep,numberOfRobotsOnBlackSite,numberOfRobotsOnWhiteSite
27919,30,13
timeStep,numberOfRobotsOnBlackSite,numberOfRobotsOnWhiteSite
27920,30,13
timeStep,numberOfRobotsOnBlackSite,numberOfRobotsOnWhiteSite
27921,30,13
timeStep,numberOfRobotsOnBlackSite,numberOfRobotsOnWhiteSite
27922,30,13
timeStep,numberOfRobotsOnBlackSite,numberOfRobotsOnWhiteSite
27923,30,13
timeStep,numberOfRobotsOnBlackSite,numberOfRobotsOnWhiteSite
27924,30,13
timeStep,numberOfRobotsOnBlackSite,numberOfRobotsOnWhiteSite
27925,30,13
timeStep,numberOfRobotsOnBlackSite,numberOfRobotsOnWhiteSite
27926,30,13
timeStep,numberOfRobotsOnBlackSite,numberOfRobotsOnWhiteSite
27927,30,13
timeStep,numberOfRobotsOnBlackSite,numberOfRobotsOnWhiteSite
27928,30,13
timeStep,numberOfRobotsOnBlackSite,numberOfRobotsOnWhiteSite
27929,30,13
timeStep,numberOfRobotsOnBlackSite,numberOfRobotsOnWhiteSite
27930,30,14
timeStep,numberOfRobotsOnBlackSite,numberOfRobotsOnWhiteSite
27931,30,14
timeStep,numberOfRobotsOnBlackSite,numberOfRobotsOnWhiteSite
27932,30,14
timeStep,numberOfRobotsOnBlackSite,numberOfRobotsOnWhiteSite
27933,30,14
timeStep,numberOfRobotsOnBlackSite,numberOfRobotsOnWhiteSite
27934,30,14
timeStep,numberOfRobotsOnBlackSite,numberOfRobotsOnWhiteSite
27935,30,14
timeStep,numberOfRobotsOnBlackSite,numberOfRobotsOnWhiteSite
27936,30,14
timeStep,numberOfRobotsOnBlackSite,numberOfRobotsOnWhiteSite
27937,30,14
timeStep,numberOfRobotsOnBlackSite,numberOfRobotsOnWhiteSite
27938,30,14
timeStep,numberOfRobotsOnBlackSite,numberOfRobotsOnWhiteSite
27939,30,14
timeStep,numberOfRobotsOnBlackSite,numberOfRobotsOnWhiteSite
27940,30,14
timeStep,numberOfRobotsOnBlackSite,numberOfRobotsOnWhiteSite
27941,30,14
timeStep,numberOfRobotsOnBlackSite,numberOfRobotsOnWhiteSite
27942,30,14
timeStep,numberOfRobotsOnBlackSite,numberOfRobotsOnWhiteSite
27943,30,14
timeStep,numberOfRobotsOnBlackSite,numberOfRobotsOnWhiteSite
27944,30,14
timeStep,numberOfRobotsOnBlackSite,numberOfRobotsOnWhiteSite
27945,30,14
timeStep,numberOfRobotsOnBlackSite,numberOfRobotsOnWhiteSite
27946,30,14
timeStep,numberOfRobotsOnBlackSite,numberOfRobotsOnWhiteSite
27947,30,14
timeStep,numberOfRobotsOnBlackSite,numberOfRobotsOnWhiteSite
27948,30,14
timeStep,numberOfRobotsOnBlackSite,numberOfRobotsOnWhiteSite
27949,30,14
timeStep,numberOfRobotsOnBlackSite,numberOfRobotsOnWhiteSite
27950,30,14
timeStep,numberOfRobotsOnBlackSite,numberOfRobotsOnWhiteSite
27951,30,14
timeStep,numberOfRobotsOnBlackSite,numberOfRobotsOnWhiteSite
27952,30,14
timeStep,numberOfRobotsOnBlackSite,numberOfRobotsOnWhiteSite
27953,30,14
timeStep,numberOfRobotsOnBlackSite,numberOfRobotsOnWhiteSite
27954,30,14
timeStep,numberOfRobotsOnBlackSite,numberOfRobotsOnWhiteSite
27955,30,13
timeStep,numberOfRobotsOnBlackSite,numberOfRobotsOnWhiteSite
27956,30,13
timeStep,numberOfRobotsOnBlackSite,numberOfRobotsOnWhiteSite
27957,30,13
timeStep,numberOfRobotsOnBlackSite,numberOfRobotsOnWhiteSite
27958,30,13
timeStep,numberOfRobotsOnBlackSite,numberOfRobotsOnWhiteSite
27959,30,13
timeStep,numberOfRobotsOnBlackSite,numberOfRobotsOnWhiteSite
27960,30,13
timeStep,numberOfRobotsOnBlackSite,numberOfRobotsOnWhiteSite
27961,30,13
timeStep,numberOfRobotsOnBlackSite,numberOfRobotsOnWhiteSite
27962,30,13
timeStep,numberOfRobotsOnBlackSite,numberOfRobotsOnWhiteSite
27963,30,13
timeStep,numberOfRobotsOnBlackSite,numberOfRobotsOnWhiteSite
27964,30,13
timeStep,numberOfRobotsOnBlackSite,numberOfRobotsOnWhiteSite
27965,30,13
timeStep,numberOfRobotsOnBlackSite,numberOfRobotsOnWhiteSite
27966,30,13
timeStep,numberOfRobotsOnBlackSite,numberOfRobotsOnWhiteSite
27967,30,13
timeStep,numberOfRobotsOnBlackSite,numberOfRobotsOnWhiteSite
27968,30,13
timeStep,numberOfRobotsOnBlackSite,numberOfRobotsOnWhiteSite
27969,30,13
timeStep,numberOfRobotsOnBlackSite,numberOfRobotsOnWhiteSite
27970,30,13
timeStep,numberOfRobotsOnBlackSite,numberOfRobotsOnWhiteSite
27971,30,13
timeStep,numberOfRobotsOnBlackSite,numberOfRobotsOnWhiteSite
27972,30,13
timeStep,numberOfRobotsOnBlackSite,numberOfRobotsOnWhiteSite
27973,30,13
timeStep,numberOfRobotsOnBlackSite,numberOfRobotsOnWhiteSite
27974,30,13
timeStep,numberOfRobotsOnBlackSite,numberOfRobotsOnWhiteSite
27975,30,14
timeStep,numberOfRobotsOnBlackSite,numberOfRobotsOnWhiteSite
27976,30,14
timeStep,numberOfRobotsOnBlackSite,numberOfRobotsOnWhiteSite
27977,30,14
timeStep,numberOfRobotsOnBlackSite,numberOfRobotsOnWhiteSite
27978,30,14
timeStep,numberOfRobotsOnBlackSite,numberOfRobotsOnWhiteSite
27979,30,14
timeStep,numberOfRobotsOnBlackSite,numberOfRobotsOnWhiteSite
27980,30,14
timeStep,numberOfRobotsOnBlackSite,numberOfRobotsOnWhiteSite
27981,30,14
timeStep,numberOfRobotsOnBlackSite,numberOfRobotsOnWhiteSite
27982,30,14
timeStep,numberOfRobotsOnBlackSite,numberOfRobotsOnWhiteSite
27983,30,14
timeStep,numberOfRobotsOnBlackSite,numberOfRobotsOnWhiteSite
27984,30,14
timeStep,numberOfRobotsOnBlackSite,numberOfRobotsOnWhiteSite
27985,30,14
timeStep,numberOfRobotsOnBlackSite,numberOfRobotsOnWhiteSite
27986,30,14
timeStep,numberOfRobotsOnBlackSite,numberOfRobotsOnWhiteSite
27987,30,14
timeStep,numberOfRobotsOnBlackSite,numberOfRobotsOnWhiteSite
27988,30,14
timeStep,numberOfRobotsOnBlackSite,numberOfRobotsOnWhiteSite
27989,30,14
timeStep,numberOfRobotsOnBlackSite,numberOfRobotsOnWhiteSite
27990,30,14
timeStep,numberOfRobotsOnBlackSite,numberOfRobotsOnWhiteSite
27991,30,14
timeStep,numberOfRobotsOnBlackSite,numberOfRobotsOnWhiteSite
27992,30,14
timeStep,numberOfRobotsOnBlackSite,numberOfRobotsOnWhiteSite
27993,30,14
timeStep,numberOfRobotsOnBlackSite,numberOfRobotsOnWhiteSite
27994,30,14
timeStep,numberOfRobotsOnBlackSite,numberOfRobotsOnWhiteSite
27995,30,14
timeStep,numberOfRobotsOnBlackSite,numberOfRobotsOnWhiteSite
27996,30,14
timeStep,numberOfRobotsOnBlackSite,numberOfRobotsOnWhiteSite
27997,30,14
timeStep,numberOfRobotsOnBlackSite,numberOfRobotsOnWhiteSite
27998,30,14
timeStep,numberOfRobotsOnBlackSite,numberOfRobotsOnWhiteSite
27999,30,14
timeStep,numberOfRobotsOnBlackSite,numberOfRobotsOnWhiteSite
28000,30,14
timeStep,numberOfRobotsOnBlackSite,numberOfRobotsOnWhiteSite
28001,30,14
timeStep,numberOfRobotsOnBlackSite,numberOfRobotsOnWhiteSite
28002,30,14
timeStep,numberOfRobotsOnBlackSite,numberOfRobotsOnWhiteSite
28003,30,14
timeStep,numberOfRobotsOnBlackSite,numberOfRobotsOnWhiteSite
28004,30,14
timeStep,numberOfRobotsOnBlackSite,numberOfRobotsOnWhiteSite
28005,30,14
timeStep,numberOfRobotsOnBlackSite,numberOfRobotsOnWhiteSite
28006,30,14
timeStep,numberOfRobotsOnBlackSite,numberOfRobotsOnWhiteSite
28007,30,14
timeStep,numberOfRobotsOnBlackSite,numberOfRobotsOnWhiteSite
28008,30,14
timeStep,numberOfRobotsOnBlackSite,numberOfRobotsOnWhiteSite
28009,30,14
timeStep,numberOfRobotsOnBlackSite,numberOfRobotsOnWhiteSite
28010,30,14
timeStep,numberOfRobotsOnBlackSite,numberOfRobotsOnWhiteSite
28011,30,14
timeStep,numberOfRobotsOnBlackSite,numberOfRobotsOnWhiteSite
28012,30,14
timeStep,numberOfRobotsOnBlackSite,numberOfRobotsOnWhiteSite
28013,30,14
timeStep,numberOfRobotsOnBlackSite,numberOfRobotsOnWhiteSite
28014,30,14
timeStep,numberOfRobotsOnBlackSite,numberOfRobotsOnWhiteSite
28015,30,14
timeStep,numberOfRobotsOnBlackSite,numberOfRobotsOnWhiteSite
28016,30,14
timeStep,numberOfRobotsOnBlackSite,numberOfRobotsOnWhiteSite
28017,30,14
timeStep,numberOfRobotsOnBlackSite,numberOfRobotsOnWhiteSite
28018,30,14
timeStep,numberOfRobotsOnBlackSite,numberOfRobotsOnWhiteSite
28019,30,14
timeStep,numberOfRobotsOnBlackSite,numberOfRobotsOnWhiteSite
28020,30,14
timeStep,numberOfRobotsOnBlackSite,numberOfRobotsOnWhiteSite
28021,30,14
timeStep,numberOfRobotsOnBlackSite,numberOfRobotsOnWhiteSite
28022,30,14
timeStep,numberOfRobotsOnBlackSite,numberOfRobotsOnWhiteSite
28023,30,14
timeStep,numberOfRobotsOnBlackSite,numberOfRobotsOnWhiteSite
28024,30,14
timeStep,numberOfRobotsOnBlackSite,numberOfRobotsOnWhiteSite
28025,30,14
timeStep,numberOfRobotsOnBlackSite,numberOfRobotsOnWhiteSite
28026,30,14
timeStep,numberOfRobotsOnBlackSite,numberOfRobotsOnWhiteSite
28027,30,14
timeStep,numberOfRobotsOnBlackSite,numberOfRobotsOnWhiteSite
28028,30,14
timeStep,numberOfRobotsOnBlackSite,numberOfRobotsOnWhiteSite
28029,30,14
timeStep,numberOfRobotsOnBlackSite,numberOfRobotsOnWhiteSite
28030,30,14
timeStep,numberOfRobotsOnBlackSite,numberOfRobotsOnWhiteSite
28031,30,14
timeStep,numberOfRobotsOnBlackSite,numberOfRobotsOnWhiteSite
28032,30,14
timeStep,numberOfRobotsOnBlackSite,numberOfRobotsOnWhiteSite
28033,30,14
timeStep,numberOfRobotsOnBlackSite,numberOfRobotsOnWhiteSite
28034,30,14
timeStep,numberOfRobotsOnBlackSite,numberOfRobotsOnWhiteSite
28035,30,14
timeStep,numberOfRobotsOnBlackSite,numberOfRobotsOnWhiteSite
28036,30,14
timeStep,numberOfRobotsOnBlackSite,numberOfRobotsOnWhiteSite
28037,30,14
timeStep,numberOfRobotsOnBlackSite,numberOfRobotsOnWhiteSite
28038,30,14
timeStep,numberOfRobotsOnBlackSite,numberOfRobotsOnWhiteSite
28039,30,14
timeStep,numberOfRobotsOnBlackSite,numberOfRobotsOnWhiteSite
28040,30,14
timeStep,numberOfRobotsOnBlackSite,numberOfRobotsOnWhiteSite
28041,30,14
timeStep,numberOfRobotsOnBlackSite,numberOfRobotsOnWhiteSite
28042,30,14
timeStep,numberOfRobotsOnBlackSite,numberOfRobotsOnWhiteSite
28043,30,14
timeStep,numberOfRobotsOnBlackSite,numberOfRobotsOnWhiteSite
28044,30,14
timeStep,numberOfRobotsOnBlackSite,numberOfRobotsOnWhiteSite
28045,30,13
timeStep,numberOfRobotsOnBlackSite,numberOfRobotsOnWhiteSite
28046,30,13
timeStep,numberOfRobotsOnBlackSite,numberOfRobotsOnWhiteSite
28047,30,13
timeStep,numberOfRobotsOnBlackSite,numberOfRobotsOnWhiteSite
28048,30,13
timeStep,numberOfRobotsOnBlackSite,numberOfRobotsOnWhiteSite
28049,30,13
timeStep,numberOfRobotsOnBlackSite,numberOfRobotsOnWhiteSite
28050,30,13
timeStep,numberOfRobotsOnBlackSite,numberOfRobotsOnWhiteSite
28051,30,13
timeStep,numberOfRobotsOnBlackSite,numberOfRobotsOnWhiteSite
28052,30,13
timeStep,numberOfRobotsOnBlackSite,numberOfRobotsOnWhiteSite
28053,30,13
timeStep,numberOfRobotsOnBlackSite,numberOfRobotsOnWhiteSite
28054,30,13
timeStep,numberOfRobotsOnBlackSite,numberOfRobotsOnWhiteSite
28055,30,13
timeStep,numberOfRobotsOnBlackSite,numberOfRobotsOnWhiteSite
28056,30,13
timeStep,numberOfRobotsOnBlackSite,numberOfRobotsOnWhiteSite
28057,30,13
timeStep,numberOfRobotsOnBlackSite,numberOfRobotsOnWhiteSite
28058,30,13
timeStep,numberOfRobotsOnBlackSite,numberOfRobotsOnWhiteSite
28059,30,13
timeStep,numberOfRobotsOnBlackSite,numberOfRobotsOnWhiteSite
28060,30,13
timeStep,numberOfRobotsOnBlackSite,numberOfRobotsOnWhiteSite
28061,30,13
timeStep,numberOfRobotsOnBlackSite,numberOfRobotsOnWhiteSite
28062,30,13
timeStep,numberOfRobotsOnBlackSite,numberOfRobotsOnWhiteSite
28063,30,13
timeStep,numberOfRobotsOnBlackSite,numberOfRobotsOnWhiteSite
28064,30,13
timeStep,numberOfRobotsOnBlackSite,numberOfRobotsOnWhiteSite
28065,30,13
timeStep,numberOfRobotsOnBlackSite,numberOfRobotsOnWhiteSite
28066,30,13
timeStep,numberOfRobotsOnBlackSite,numberOfRobotsOnWhiteSite
28067,30,13
timeStep,numberOfRobotsOnBlackSite,numberOfRobotsOnWhiteSite
28068,30,13
timeStep,numberOfRobotsOnBlackSite,numberOfRobotsOnWhiteSite
28069,30,13
timeStep,numberOfRobotsOnBlackSite,numberOfRobotsOnWhiteSite
28070,30,13
timeStep,numberOfRobotsOnBlackSite,numberOfRobotsOnWhiteSite
28071,30,13
timeStep,numberOfRobotsOnBlackSite,numberOfRobotsOnWhiteSite
28072,30,13
timeStep,numberOfRobotsOnBlackSite,numberOfRobotsOnWhiteSite
28073,30,13
timeStep,numberOfRobotsOnBlackSite,numberOfRobotsOnWhiteSite
28074,30,13
timeStep,numberOfRobotsOnBlackSite,numberOfRobotsOnWhiteSite
28075,29,13
timeStep,numberOfRobotsOnBlackSite,numberOfRobotsOnWhiteSite
28076,29,13
timeStep,numberOfRobotsOnBlackSite,numberOfRobotsOnWhiteSite
28077,29,13
timeStep,numberOfRobotsOnBlackSite,numberOfRobotsOnWhiteSite
28078,29,13
timeStep,numberOfRobotsOnBlackSite,numberOfRobotsOnWhiteSite
28079,29,13
timeStep,numberOfRobotsOnBlackSite,numberOfRobotsOnWhiteSite
28080,29,13
timeStep,numberOfRobotsOnBlackSite,numberOfRobotsOnWhiteSite
28081,29,13
timeStep,numberOfRobotsOnBlackSite,numberOfRobotsOnWhiteSite
28082,29,13
timeStep,numberOfRobotsOnBlackSite,numberOfRobotsOnWhiteSite
28083,29,13
timeStep,numberOfRobotsOnBlackSite,numberOfRobotsOnWhiteSite
28084,29,13
timeStep,numberOfRobotsOnBlackSite,numberOfRobotsOnWhiteSite
28085,29,13
timeStep,numberOfRobotsOnBlackSite,numberOfRobotsOnWhiteSite
28086,29,13
timeStep,numberOfRobotsOnBlackSite,numberOfRobotsOnWhiteSite
28087,29,13
timeStep,numberOfRobotsOnBlackSite,numberOfRobotsOnWhiteSite
28088,29,13
timeStep,numberOfRobotsOnBlackSite,numberOfRobotsOnWhiteSite
28089,29,13
timeStep,numberOfRobotsOnBlackSite,numberOfRobotsOnWhiteSite
28090,29,13
timeStep,numberOfRobotsOnBlackSite,numberOfRobotsOnWhiteSite
28091,29,13
timeStep,numberOfRobotsOnBlackSite,numberOfRobotsOnWhiteSite
28092,29,13
timeStep,numberOfRobotsOnBlackSite,numberOfRobotsOnWhiteSite
28093,29,13
timeStep,numberOfRobotsOnBlackSite,numberOfRobotsOnWhiteSite
28094,29,13
timeStep,numberOfRobotsOnBlackSite,numberOfRobotsOnWhiteSite
28095,29,13
timeStep,numberOfRobotsOnBlackSite,numberOfRobotsOnWhiteSite
28096,29,13
timeStep,numberOfRobotsOnBlackSite,numberOfRobotsOnWhiteSite
28097,29,13
timeStep,numberOfRobotsOnBlackSite,numberOfRobotsOnWhiteSite
28098,29,13
timeStep,numberOfRobotsOnBlackSite,numberOfRobotsOnWhiteSite
28099,29,13
timeStep,numberOfRobotsOnBlackSite,numberOfRobotsOnWhiteSite
28100,30,13
timeStep,numberOfRobotsOnBlackSite,numberOfRobotsOnWhiteSite
28101,30,13
timeStep,numberOfRobotsOnBlackSite,numberOfRobotsOnWhiteSite
28102,30,13
timeStep,numberOfRobotsOnBlackSite,numberOfRobotsOnWhiteSite
28103,30,13
timeStep,numberOfRobotsOnBlackSite,numberOfRobotsOnWhiteSite
28104,30,13
timeStep,numberOfRobotsOnBlackSite,numberOfRobotsOnWhiteSite
28105,30,13
timeStep,numberOfRobotsOnBlackSite,numberOfRobotsOnWhiteSite
28106,30,13
timeStep,numberOfRobotsOnBlackSite,numberOfRobotsOnWhiteSite
28107,30,13
timeStep,numberOfRobotsOnBlackSite,numberOfRobotsOnWhiteSite
28108,30,13
timeStep,numberOfRobotsOnBlackSite,numberOfRobotsOnWhiteSite
28109,30,13
timeStep,numberOfRobotsOnBlackSite,numberOfRobotsOnWhiteSite
28110,30,12
timeStep,numberOfRobotsOnBlackSite,numberOfRobotsOnWhiteSite
28111,30,12
timeStep,numberOfRobotsOnBlackSite,numberOfRobotsOnWhiteSite
28112,30,12
timeStep,numberOfRobotsOnBlackSite,numberOfRobotsOnWhiteSite
28113,30,12
timeStep,numberOfRobotsOnBlackSite,numberOfRobotsOnWhiteSite
28114,30,12
timeStep,numberOfRobotsOnBlackSite,numberOfRobotsOnWhiteSite
28115,30,12
timeStep,numberOfRobotsOnBlackSite,numberOfRobotsOnWhiteSite
28116,30,12
timeStep,numberOfRobotsOnBlackSite,numberOfRobotsOnWhiteSite
28117,30,12
timeStep,numberOfRobotsOnBlackSite,numberOfRobotsOnWhiteSite
28118,30,12
timeStep,numberOfRobotsOnBlackSite,numberOfRobotsOnWhiteSite
28119,30,12
timeStep,numberOfRobotsOnBlackSite,numberOfRobotsOnWhiteSite
28120,30,12
timeStep,numberOfRobotsOnBlackSite,numberOfRobotsOnWhiteSite
28121,30,12
timeStep,numberOfRobotsOnBlackSite,numberOfRobotsOnWhiteSite
28122,30,12
timeStep,numberOfRobotsOnBlackSite,numberOfRobotsOnWhiteSite
28123,30,12
timeStep,numberOfRobotsOnBlackSite,numberOfRobotsOnWhiteSite
28124,30,12
timeStep,numberOfRobotsOnBlackSite,numberOfRobotsOnWhiteSite
28125,31,12
timeStep,numberOfRobotsOnBlackSite,numberOfRobotsOnWhiteSite
28126,31,12
timeStep,numberOfRobotsOnBlackSite,numberOfRobotsOnWhiteSite
28127,31,12
timeStep,numberOfRobotsOnBlackSite,numberOfRobotsOnWhiteSite
28128,31,12
timeStep,numberOfRobotsOnBlackSite,numberOfRobotsOnWhiteSite
28129,31,12
timeStep,numberOfRobotsOnBlackSite,numberOfRobotsOnWhiteSite
28130,31,12
timeStep,numberOfRobotsOnBlackSite,numberOfRobotsOnWhiteSite
28131,31,12
timeStep,numberOfRobotsOnBlackSite,numberOfRobotsOnWhiteSite
28132,31,12
timeStep,numberOfRobotsOnBlackSite,numberOfRobotsOnWhiteSite
28133,31,12
timeStep,numberOfRobotsOnBlackSite,numberOfRobotsOnWhiteSite
28134,31,12
timeStep,numberOfRobotsOnBlackSite,numberOfRobotsOnWhiteSite
28135,31,12
timeStep,numberOfRobotsOnBlackSite,numberOfRobotsOnWhiteSite
28136,31,12
timeStep,numberOfRobotsOnBlackSite,numberOfRobotsOnWhiteSite
28137,31,12
timeStep,numberOfRobotsOnBlackSite,numberOfRobotsOnWhiteSite
28138,31,12
timeStep,numberOfRobotsOnBlackSite,numberOfRobotsOnWhiteSite
28139,31,12
timeStep,numberOfRobotsOnBlackSite,numberOfRobotsOnWhiteSite
28140,31,12
timeStep,numberOfRobotsOnBlackSite,numberOfRobotsOnWhiteSite
28141,31,12
timeStep,numberOfRobotsOnBlackSite,numberOfRobotsOnWhiteSite
28142,31,12
timeStep,numberOfRobotsOnBlackSite,numberOfRobotsOnWhiteSite
28143,31,12
timeStep,numberOfRobotsOnBlackSite,numberOfRobotsOnWhiteSite
28144,31,12
timeStep,numberOfRobotsOnBlackSite,numberOfRobotsOnWhiteSite
28145,31,12
timeStep,numberOfRobotsOnBlackSite,numberOfRobotsOnWhiteSite
28146,31,12
timeStep,numberOfRobotsOnBlackSite,numberOfRobotsOnWhiteSite
28147,31,12
timeStep,numberOfRobotsOnBlackSite,numberOfRobotsOnWhiteSite
28148,31,12
timeStep,numberOfRobotsOnBlackSite,numberOfRobotsOnWhiteSite
28149,31,12
timeStep,numberOfRobotsOnBlackSite,numberOfRobotsOnWhiteSite
28150,31,12
timeStep,numberOfRobotsOnBlackSite,numberOfRobotsOnWhiteSite
28151,31,12
timeStep,numberOfRobotsOnBlackSite,numberOfRobotsOnWhiteSite
28152,31,12
timeStep,numberOfRobotsOnBlackSite,numberOfRobotsOnWhiteSite
28153,31,12
timeStep,numberOfRobotsOnBlackSite,numberOfRobotsOnWhiteSite
28154,31,12
timeStep,numberOfRobotsOnBlackSite,numberOfRobotsOnWhiteSite
28155,31,12
timeStep,numberOfRobotsOnBlackSite,numberOfRobotsOnWhiteSite
28156,31,12
timeStep,numberOfRobotsOnBlackSite,numberOfRobotsOnWhiteSite
28157,31,12
timeStep,numberOfRobotsOnBlackSite,numberOfRobotsOnWhiteSite
28158,31,12
timeStep,numberOfRobotsOnBlackSite,numberOfRobotsOnWhiteSite
28159,31,12
timeStep,numberOfRobotsOnBlackSite,numberOfRobotsOnWhiteSite
28160,31,12
timeStep,numberOfRobotsOnBlackSite,numberOfRobotsOnWhiteSite
28161,31,12
timeStep,numberOfRobotsOnBlackSite,numberOfRobotsOnWhiteSite
28162,31,12
timeStep,numberOfRobotsOnBlackSite,numberOfRobotsOnWhiteSite
28163,31,12
timeStep,numberOfRobotsOnBlackSite,numberOfRobotsOnWhiteSite
28164,31,12
timeStep,numberOfRobotsOnBlackSite,numberOfRobotsOnWhiteSite
28165,31,12
timeStep,numberOfRobotsOnBlackSite,numberOfRobotsOnWhiteSite
28166,31,12
timeStep,numberOfRobotsOnBlackSite,numberOfRobotsOnWhiteSite
28167,31,12
timeStep,numberOfRobotsOnBlackSite,numberOfRobotsOnWhiteSite
28168,31,12
timeStep,numberOfRobotsOnBlackSite,numberOfRobotsOnWhiteSite
28169,31,12
timeStep,numberOfRobotsOnBlackSite,numberOfRobotsOnWhiteSite
28170,31,12
timeStep,numberOfRobotsOnBlackSite,numberOfRobotsOnWhiteSite
28171,31,12
timeStep,numberOfRobotsOnBlackSite,numberOfRobotsOnWhiteSite
28172,31,12
timeStep,numberOfRobotsOnBlackSite,numberOfRobotsOnWhiteSite
28173,31,12
timeStep,numberOfRobotsOnBlackSite,numberOfRobotsOnWhiteSite
28174,31,12
timeStep,numberOfRobotsOnBlackSite,numberOfRobotsOnWhiteSite
28175,31,12
timeStep,numberOfRobotsOnBlackSite,numberOfRobotsOnWhiteSite
28176,31,12
timeStep,numberOfRobotsOnBlackSite,numberOfRobotsOnWhiteSite
28177,31,12
timeStep,numberOfRobotsOnBlackSite,numberOfRobotsOnWhiteSite
28178,31,12
timeStep,numberOfRobotsOnBlackSite,numberOfRobotsOnWhiteSite
28179,31,12
timeStep,numberOfRobotsOnBlackSite,numberOfRobotsOnWhiteSite
28180,31,12
timeStep,numberOfRobotsOnBlackSite,numberOfRobotsOnWhiteSite
28181,31,12
timeStep,numberOfRobotsOnBlackSite,numberOfRobotsOnWhiteSite
28182,31,12
timeStep,numberOfRobotsOnBlackSite,numberOfRobotsOnWhiteSite
28183,31,12
timeStep,numberOfRobotsOnBlackSite,numberOfRobotsOnWhiteSite
28184,31,12
timeStep,numberOfRobotsOnBlackSite,numberOfRobotsOnWhiteSite
28185,31,12
timeStep,numberOfRobotsOnBlackSite,numberOfRobotsOnWhiteSite
28186,31,12
timeStep,numberOfRobotsOnBlackSite,numberOfRobotsOnWhiteSite
28187,31,12
timeStep,numberOfRobotsOnBlackSite,numberOfRobotsOnWhiteSite
28188,31,12
timeStep,numberOfRobotsOnBlackSite,numberOfRobotsOnWhiteSite
28189,31,12
timeStep,numberOfRobotsOnBlackSite,numberOfRobotsOnWhiteSite
28190,31,12
timeStep,numberOfRobotsOnBlackSite,numberOfRobotsOnWhiteSite
28191,31,12
timeStep,numberOfRobotsOnBlackSite,numberOfRobotsOnWhiteSite
28192,31,12
timeStep,numberOfRobotsOnBlackSite,numberOfRobotsOnWhiteSite
28193,31,12
timeStep,numberOfRobotsOnBlackSite,numberOfRobotsOnWhiteSite
28194,31,12
timeStep,numberOfRobotsOnBlackSite,numberOfRobotsOnWhiteSite
28195,31,12
timeStep,numberOfRobotsOnBlackSite,numberOfRobotsOnWhiteSite
28196,31,12
timeStep,numberOfRobotsOnBlackSite,numberOfRobotsOnWhiteSite
28197,31,12
timeStep,numberOfRobotsOnBlackSite,numberOfRobotsOnWhiteSite
28198,31,12
timeStep,numberOfRobotsOnBlackSite,numberOfRobotsOnWhiteSite
28199,31,12
timeStep,numberOfRobotsOnBlackSite,numberOfRobotsOnWhiteSite
28200,31,12
timeStep,numberOfRobotsOnBlackSite,numberOfRobotsOnWhiteSite
28201,31,12
timeStep,numberOfRobotsOnBlackSite,numberOfRobotsOnWhiteSite
28202,31,12
timeStep,numberOfRobotsOnBlackSite,numberOfRobotsOnWhiteSite
28203,31,12
timeStep,numberOfRobotsOnBlackSite,numberOfRobotsOnWhiteSite
28204,31,12
timeStep,numberOfRobotsOnBlackSite,numberOfRobotsOnWhiteSite
28205,31,12
timeStep,numberOfRobotsOnBlackSite,numberOfRobotsOnWhiteSite
28206,31,12
timeStep,numberOfRobotsOnBlackSite,numberOfRobotsOnWhiteSite
28207,31,12
timeStep,numberOfRobotsOnBlackSite,numberOfRobotsOnWhiteSite
28208,31,12
timeStep,numberOfRobotsOnBlackSite,numberOfRobotsOnWhiteSite
28209,31,12
timeStep,numberOfRobotsOnBlackSite,numberOfRobotsOnWhiteSite
28210,31,12
timeStep,numberOfRobotsOnBlackSite,numberOfRobotsOnWhiteSite
28211,31,12
timeStep,numberOfRobotsOnBlackSite,numberOfRobotsOnWhiteSite
28212,31,12
timeStep,numberOfRobotsOnBlackSite,numberOfRobotsOnWhiteSite
28213,31,12
timeStep,numberOfRobotsOnBlackSite,numberOfRobotsOnWhiteSite
28214,31,12
timeStep,numberOfRobotsOnBlackSite,numberOfRobotsOnWhiteSite
28215,31,12
timeStep,numberOfRobotsOnBlackSite,numberOfRobotsOnWhiteSite
28216,31,12
timeStep,numberOfRobotsOnBlackSite,numberOfRobotsOnWhiteSite
28217,31,12
timeStep,numberOfRobotsOnBlackSite,numberOfRobotsOnWhiteSite
28218,31,12
timeStep,numberOfRobotsOnBlackSite,numberOfRobotsOnWhiteSite
28219,31,12
timeStep,numberOfRobotsOnBlackSite,numberOfRobotsOnWhiteSite
28220,31,12
timeStep,numberOfRobotsOnBlackSite,numberOfRobotsOnWhiteSite
28221,31,12
timeStep,numberOfRobotsOnBlackSite,numberOfRobotsOnWhiteSite
28222,31,12
timeStep,numberOfRobotsOnBlackSite,numberOfRobotsOnWhiteSite
28223,31,12
timeStep,numberOfRobotsOnBlackSite,numberOfRobotsOnWhiteSite
28224,31,12
timeStep,numberOfRobotsOnBlackSite,numberOfRobotsOnWhiteSite
28225,31,12
timeStep,numberOfRobotsOnBlackSite,numberOfRobotsOnWhiteSite
28226,31,12
timeStep,numberOfRobotsOnBlackSite,numberOfRobotsOnWhiteSite
28227,31,12
timeStep,numberOfRobotsOnBlackSite,numberOfRobotsOnWhiteSite
28228,31,12
timeStep,numberOfRobotsOnBlackSite,numberOfRobotsOnWhiteSite
28229,31,12
timeStep,numberOfRobotsOnBlackSite,numberOfRobotsOnWhiteSite
28230,31,12
timeStep,numberOfRobotsOnBlackSite,numberOfRobotsOnWhiteSite
28231,31,12
timeStep,numberOfRobotsOnBlackSite,numberOfRobotsOnWhiteSite
28232,31,12
timeStep,numberOfRobotsOnBlackSite,numberOfRobotsOnWhiteSite
28233,31,12
timeStep,numberOfRobotsOnBlackSite,numberOfRobotsOnWhiteSite
28234,31,12
timeStep,numberOfRobotsOnBlackSite,numberOfRobotsOnWhiteSite
28235,31,12
timeStep,numberOfRobotsOnBlackSite,numberOfRobotsOnWhiteSite
28236,31,12
timeStep,numberOfRobotsOnBlackSite,numberOfRobotsOnWhiteSite
28237,31,12
timeStep,numberOfRobotsOnBlackSite,numberOfRobotsOnWhiteSite
28238,31,12
timeStep,numberOfRobotsOnBlackSite,numberOfRobotsOnWhiteSite
28239,31,12
timeStep,numberOfRobotsOnBlackSite,numberOfRobotsOnWhiteSite
28240,31,12
timeStep,numberOfRobotsOnBlackSite,numberOfRobotsOnWhiteSite
28241,31,12
timeStep,numberOfRobotsOnBlackSite,numberOfRobotsOnWhiteSite
28242,31,12
timeStep,numberOfRobotsOnBlackSite,numberOfRobotsOnWhiteSite
28243,31,12
timeStep,numberOfRobotsOnBlackSite,numberOfRobotsOnWhiteSite
28244,31,12
timeStep,numberOfRobotsOnBlackSite,numberOfRobotsOnWhiteSite
28245,31,12
timeStep,numberOfRobotsOnBlackSite,numberOfRobotsOnWhiteSite
28246,31,12
timeStep,numberOfRobotsOnBlackSite,numberOfRobotsOnWhiteSite
28247,31,12
timeStep,numberOfRobotsOnBlackSite,numberOfRobotsOnWhiteSite
28248,31,12
timeStep,numberOfRobotsOnBlackSite,numberOfRobotsOnWhiteSite
28249,31,12
timeStep,numberOfRobotsOnBlackSite,numberOfRobotsOnWhiteSite
28250,31,12
timeStep,numberOfRobotsOnBlackSite,numberOfRobotsOnWhiteSite
28251,31,12
timeStep,numberOfRobotsOnBlackSite,numberOfRobotsOnWhiteSite
28252,31,12
timeStep,numberOfRobotsOnBlackSite,numberOfRobotsOnWhiteSite
28253,31,12
timeStep,numberOfRobotsOnBlackSite,numberOfRobotsOnWhiteSite
28254,31,12
timeStep,numberOfRobotsOnBlackSite,numberOfRobotsOnWhiteSite
28255,31,11
timeStep,numberOfRobotsOnBlackSite,numberOfRobotsOnWhiteSite
28256,31,11
timeStep,numberOfRobotsOnBlackSite,numberOfRobotsOnWhiteSite
28257,31,11
timeStep,numberOfRobotsOnBlackSite,numberOfRobotsOnWhiteSite
28258,31,11
timeStep,numberOfRobotsOnBlackSite,numberOfRobotsOnWhiteSite
28259,31,11
timeStep,numberOfRobotsOnBlackSite,numberOfRobotsOnWhiteSite
28260,31,11
timeStep,numberOfRobotsOnBlackSite,numberOfRobotsOnWhiteSite
28261,31,11
timeStep,numberOfRobotsOnBlackSite,numberOfRobotsOnWhiteSite
28262,31,11
timeStep,numberOfRobotsOnBlackSite,numberOfRobotsOnWhiteSite
28263,31,11
timeStep,numberOfRobotsOnBlackSite,numberOfRobotsOnWhiteSite
28264,31,11
timeStep,numberOfRobotsOnBlackSite,numberOfRobotsOnWhiteSite
28265,31,12
timeStep,numberOfRobotsOnBlackSite,numberOfRobotsOnWhiteSite
28266,31,12
timeStep,numberOfRobotsOnBlackSite,numberOfRobotsOnWhiteSite
28267,31,12
timeStep,numberOfRobotsOnBlackSite,numberOfRobotsOnWhiteSite
28268,31,12
timeStep,numberOfRobotsOnBlackSite,numberOfRobotsOnWhiteSite
28269,31,12
timeStep,numberOfRobotsOnBlackSite,numberOfRobotsOnWhiteSite
28270,31,12
timeStep,numberOfRobotsOnBlackSite,numberOfRobotsOnWhiteSite
28271,31,12
timeStep,numberOfRobotsOnBlackSite,numberOfRobotsOnWhiteSite
28272,31,12
timeStep,numberOfRobotsOnBlackSite,numberOfRobotsOnWhiteSite
28273,31,12
timeStep,numberOfRobotsOnBlackSite,numberOfRobotsOnWhiteSite
28274,31,12
timeStep,numberOfRobotsOnBlackSite,numberOfRobotsOnWhiteSite
28275,31,12
timeStep,numberOfRobotsOnBlackSite,numberOfRobotsOnWhiteSite
28276,31,12
timeStep,numberOfRobotsOnBlackSite,numberOfRobotsOnWhiteSite
28277,31,12
timeStep,numberOfRobotsOnBlackSite,numberOfRobotsOnWhiteSite
28278,31,12
timeStep,numberOfRobotsOnBlackSite,numberOfRobotsOnWhiteSite
28279,31,12
timeStep,numberOfRobotsOnBlackSite,numberOfRobotsOnWhiteSite
28280,31,12
timeStep,numberOfRobotsOnBlackSite,numberOfRobotsOnWhiteSite
28281,31,12
timeStep,numberOfRobotsOnBlackSite,numberOfRobotsOnWhiteSite
28282,31,12
timeStep,numberOfRobotsOnBlackSite,numberOfRobotsOnWhiteSite
28283,31,12
timeStep,numberOfRobotsOnBlackSite,numberOfRobotsOnWhiteSite
28284,31,12
timeStep,numberOfRobotsOnBlackSite,numberOfRobotsOnWhiteSite
28285,31,11
timeStep,numberOfRobotsOnBlackSite,numberOfRobotsOnWhiteSite
28286,31,11
timeStep,numberOfRobotsOnBlackSite,numberOfRobotsOnWhiteSite
28287,31,11
timeStep,numberOfRobotsOnBlackSite,numberOfRobotsOnWhiteSite
28288,31,11
timeStep,numberOfRobotsOnBlackSite,numberOfRobotsOnWhiteSite
28289,31,11
timeStep,numberOfRobotsOnBlackSite,numberOfRobotsOnWhiteSite
28290,31,11
timeStep,numberOfRobotsOnBlackSite,numberOfRobotsOnWhiteSite
28291,31,11
timeStep,numberOfRobotsOnBlackSite,numberOfRobotsOnWhiteSite
28292,31,11
timeStep,numberOfRobotsOnBlackSite,numberOfRobotsOnWhiteSite
28293,31,11
timeStep,numberOfRobotsOnBlackSite,numberOfRobotsOnWhiteSite
28294,31,11
timeStep,numberOfRobotsOnBlackSite,numberOfRobotsOnWhiteSite
28295,31,11
timeStep,numberOfRobotsOnBlackSite,numberOfRobotsOnWhiteSite
28296,31,11
timeStep,numberOfRobotsOnBlackSite,numberOfRobotsOnWhiteSite
28297,31,11
timeStep,numberOfRobotsOnBlackSite,numberOfRobotsOnWhiteSite
28298,31,11
timeStep,numberOfRobotsOnBlackSite,numberOfRobotsOnWhiteSite
28299,31,11
timeStep,numberOfRobotsOnBlackSite,numberOfRobotsOnWhiteSite
28300,31,11
timeStep,numberOfRobotsOnBlackSite,numberOfRobotsOnWhiteSite
28301,31,11
timeStep,numberOfRobotsOnBlackSite,numberOfRobotsOnWhiteSite
28302,31,11
timeStep,numberOfRobotsOnBlackSite,numberOfRobotsOnWhiteSite
28303,31,11
timeStep,numberOfRobotsOnBlackSite,numberOfRobotsOnWhiteSite
28304,31,11
timeStep,numberOfRobotsOnBlackSite,numberOfRobotsOnWhiteSite
28305,31,11
timeStep,numberOfRobotsOnBlackSite,numberOfRobotsOnWhiteSite
28306,31,11
timeStep,numberOfRobotsOnBlackSite,numberOfRobotsOnWhiteSite
28307,31,11
timeStep,numberOfRobotsOnBlackSite,numberOfRobotsOnWhiteSite
28308,31,11
timeStep,numberOfRobotsOnBlackSite,numberOfRobotsOnWhiteSite
28309,31,11
timeStep,numberOfRobotsOnBlackSite,numberOfRobotsOnWhiteSite
28310,31,11
timeStep,numberOfRobotsOnBlackSite,numberOfRobotsOnWhiteSite
28311,31,11
timeStep,numberOfRobotsOnBlackSite,numberOfRobotsOnWhiteSite
28312,31,11
timeStep,numberOfRobotsOnBlackSite,numberOfRobotsOnWhiteSite
28313,31,11
timeStep,numberOfRobotsOnBlackSite,numberOfRobotsOnWhiteSite
28314,31,11
timeStep,numberOfRobotsOnBlackSite,numberOfRobotsOnWhiteSite
28315,31,11
timeStep,numberOfRobotsOnBlackSite,numberOfRobotsOnWhiteSite
28316,31,11
timeStep,numberOfRobotsOnBlackSite,numberOfRobotsOnWhiteSite
28317,31,11
timeStep,numberOfRobotsOnBlackSite,numberOfRobotsOnWhiteSite
28318,31,11
timeStep,numberOfRobotsOnBlackSite,numberOfRobotsOnWhiteSite
28319,31,11
timeStep,numberOfRobotsOnBlackSite,numberOfRobotsOnWhiteSite
28320,31,11
timeStep,numberOfRobotsOnBlackSite,numberOfRobotsOnWhiteSite
28321,31,11
timeStep,numberOfRobotsOnBlackSite,numberOfRobotsOnWhiteSite
28322,31,11
timeStep,numberOfRobotsOnBlackSite,numberOfRobotsOnWhiteSite
28323,31,11
timeStep,numberOfRobotsOnBlackSite,numberOfRobotsOnWhiteSite
28324,31,11
timeStep,numberOfRobotsOnBlackSite,numberOfRobotsOnWhiteSite
28325,31,11
timeStep,numberOfRobotsOnBlackSite,numberOfRobotsOnWhiteSite
28326,31,11
timeStep,numberOfRobotsOnBlackSite,numberOfRobotsOnWhiteSite
28327,31,11
timeStep,numberOfRobotsOnBlackSite,numberOfRobotsOnWhiteSite
28328,31,11
timeStep,numberOfRobotsOnBlackSite,numberOfRobotsOnWhiteSite
28329,31,11
timeStep,numberOfRobotsOnBlackSite,numberOfRobotsOnWhiteSite
28330,31,11
timeStep,numberOfRobotsOnBlackSite,numberOfRobotsOnWhiteSite
28331,31,11
timeStep,numberOfRobotsOnBlackSite,numberOfRobotsOnWhiteSite
28332,31,11
timeStep,numberOfRobotsOnBlackSite,numberOfRobotsOnWhiteSite
28333,31,11
timeStep,numberOfRobotsOnBlackSite,numberOfRobotsOnWhiteSite
28334,31,11
timeStep,numberOfRobotsOnBlackSite,numberOfRobotsOnWhiteSite
28335,31,11
timeStep,numberOfRobotsOnBlackSite,numberOfRobotsOnWhiteSite
28336,31,11
timeStep,numberOfRobotsOnBlackSite,numberOfRobotsOnWhiteSite
28337,31,11
timeStep,numberOfRobotsOnBlackSite,numberOfRobotsOnWhiteSite
28338,31,11
timeStep,numberOfRobotsOnBlackSite,numberOfRobotsOnWhiteSite
28339,31,11
timeStep,numberOfRobotsOnBlackSite,numberOfRobotsOnWhiteSite
28340,31,11
timeStep,numberOfRobotsOnBlackSite,numberOfRobotsOnWhiteSite
28341,31,11
timeStep,numberOfRobotsOnBlackSite,numberOfRobotsOnWhiteSite
28342,31,11
timeStep,numberOfRobotsOnBlackSite,numberOfRobotsOnWhiteSite
28343,31,11
timeStep,numberOfRobotsOnBlackSite,numberOfRobotsOnWhiteSite
28344,31,11
timeStep,numberOfRobotsOnBlackSite,numberOfRobotsOnWhiteSite
28345,31,12
timeStep,numberOfRobotsOnBlackSite,numberOfRobotsOnWhiteSite
28346,31,12
timeStep,numberOfRobotsOnBlackSite,numberOfRobotsOnWhiteSite
28347,31,12
timeStep,numberOfRobotsOnBlackSite,numberOfRobotsOnWhiteSite
28348,31,12
timeStep,numberOfRobotsOnBlackSite,numberOfRobotsOnWhiteSite
28349,31,12
timeStep,numberOfRobotsOnBlackSite,numberOfRobotsOnWhiteSite
28350,31,12
timeStep,numberOfRobotsOnBlackSite,numberOfRobotsOnWhiteSite
28351,31,12
timeStep,numberOfRobotsOnBlackSite,numberOfRobotsOnWhiteSite
28352,31,12
timeStep,numberOfRobotsOnBlackSite,numberOfRobotsOnWhiteSite
28353,31,12
timeStep,numberOfRobotsOnBlackSite,numberOfRobotsOnWhiteSite
28354,31,12
timeStep,numberOfRobotsOnBlackSite,numberOfRobotsOnWhiteSite
28355,31,12
timeStep,numberOfRobotsOnBlackSite,numberOfRobotsOnWhiteSite
28356,31,12
timeStep,numberOfRobotsOnBlackSite,numberOfRobotsOnWhiteSite
28357,31,12
timeStep,numberOfRobotsOnBlackSite,numberOfRobotsOnWhiteSite
28358,31,12
timeStep,numberOfRobotsOnBlackSite,numberOfRobotsOnWhiteSite
28359,31,12
timeStep,numberOfRobotsOnBlackSite,numberOfRobotsOnWhiteSite
28360,31,12
timeStep,numberOfRobotsOnBlackSite,numberOfRobotsOnWhiteSite
28361,31,12
timeStep,numberOfRobotsOnBlackSite,numberOfRobotsOnWhiteSite
28362,31,12
timeStep,numberOfRobotsOnBlackSite,numberOfRobotsOnWhiteSite
28363,31,12
timeStep,numberOfRobotsOnBlackSite,numberOfRobotsOnWhiteSite
28364,31,12
timeStep,numberOfRobotsOnBlackSite,numberOfRobotsOnWhiteSite
28365,31,12
timeStep,numberOfRobotsOnBlackSite,numberOfRobotsOnWhiteSite
28366,31,12
timeStep,numberOfRobotsOnBlackSite,numberOfRobotsOnWhiteSite
28367,31,12
timeStep,numberOfRobotsOnBlackSite,numberOfRobotsOnWhiteSite
28368,31,12
timeStep,numberOfRobotsOnBlackSite,numberOfRobotsOnWhiteSite
28369,31,12
timeStep,numberOfRobotsOnBlackSite,numberOfRobotsOnWhiteSite
28370,31,12
timeStep,numberOfRobotsOnBlackSite,numberOfRobotsOnWhiteSite
28371,31,12
timeStep,numberOfRobotsOnBlackSite,numberOfRobotsOnWhiteSite
28372,31,12
timeStep,numberOfRobotsOnBlackSite,numberOfRobotsOnWhiteSite
28373,31,12
timeStep,numberOfRobotsOnBlackSite,numberOfRobotsOnWhiteSite
28374,31,12
timeStep,numberOfRobotsOnBlackSite,numberOfRobotsOnWhiteSite
28375,31,11
timeStep,numberOfRobotsOnBlackSite,numberOfRobotsOnWhiteSite
28376,31,11
timeStep,numberOfRobotsOnBlackSite,numberOfRobotsOnWhiteSite
28377,31,11
timeStep,numberOfRobotsOnBlackSite,numberOfRobotsOnWhiteSite
28378,31,11
timeStep,numberOfRobotsOnBlackSite,numberOfRobotsOnWhiteSite
28379,31,11
timeStep,numberOfRobotsOnBlackSite,numberOfRobotsOnWhiteSite
28380,31,11
timeStep,numberOfRobotsOnBlackSite,numberOfRobotsOnWhiteSite
28381,31,11
timeStep,numberOfRobotsOnBlackSite,numberOfRobotsOnWhiteSite
28382,31,11
timeStep,numberOfRobotsOnBlackSite,numberOfRobotsOnWhiteSite
28383,31,11
timeStep,numberOfRobotsOnBlackSite,numberOfRobotsOnWhiteSite
28384,31,11
timeStep,numberOfRobotsOnBlackSite,numberOfRobotsOnWhiteSite
28385,31,11
timeStep,numberOfRobotsOnBlackSite,numberOfRobotsOnWhiteSite
28386,31,11
timeStep,numberOfRobotsOnBlackSite,numberOfRobotsOnWhiteSite
28387,31,11
timeStep,numberOfRobotsOnBlackSite,numberOfRobotsOnWhiteSite
28388,31,11
timeStep,numberOfRobotsOnBlackSite,numberOfRobotsOnWhiteSite
28389,31,11
timeStep,numberOfRobotsOnBlackSite,numberOfRobotsOnWhiteSite
28390,31,11
timeStep,numberOfRobotsOnBlackSite,numberOfRobotsOnWhiteSite
28391,31,11
timeStep,numberOfRobotsOnBlackSite,numberOfRobotsOnWhiteSite
28392,31,11
timeStep,numberOfRobotsOnBlackSite,numberOfRobotsOnWhiteSite
28393,31,11
timeStep,numberOfRobotsOnBlackSite,numberOfRobotsOnWhiteSite
28394,31,11
timeStep,numberOfRobotsOnBlackSite,numberOfRobotsOnWhiteSite
28395,31,11
timeStep,numberOfRobotsOnBlackSite,numberOfRobotsOnWhiteSite
28396,31,11
timeStep,numberOfRobotsOnBlackSite,numberOfRobotsOnWhiteSite
28397,31,11
timeStep,numberOfRobotsOnBlackSite,numberOfRobotsOnWhiteSite
28398,31,11
timeStep,numberOfRobotsOnBlackSite,numberOfRobotsOnWhiteSite
28399,31,11
timeStep,numberOfRobotsOnBlackSite,numberOfRobotsOnWhiteSite
28400,31,11
timeStep,numberOfRobotsOnBlackSite,numberOfRobotsOnWhiteSite
28401,31,11
timeStep,numberOfRobotsOnBlackSite,numberOfRobotsOnWhiteSite
28402,31,11
timeStep,numberOfRobotsOnBlackSite,numberOfRobotsOnWhiteSite
28403,31,11
timeStep,numberOfRobotsOnBlackSite,numberOfRobotsOnWhiteSite
28404,31,11
timeStep,numberOfRobotsOnBlackSite,numberOfRobotsOnWhiteSite
28405,31,11
timeStep,numberOfRobotsOnBlackSite,numberOfRobotsOnWhiteSite
28406,31,11
timeStep,numberOfRobotsOnBlackSite,numberOfRobotsOnWhiteSite
28407,31,11
timeStep,numberOfRobotsOnBlackSite,numberOfRobotsOnWhiteSite
28408,31,11
timeStep,numberOfRobotsOnBlackSite,numberOfRobotsOnWhiteSite
28409,31,11
timeStep,numberOfRobotsOnBlackSite,numberOfRobotsOnWhiteSite
28410,31,11
timeStep,numberOfRobotsOnBlackSite,numberOfRobotsOnWhiteSite
28411,31,11
timeStep,numberOfRobotsOnBlackSite,numberOfRobotsOnWhiteSite
28412,31,11
timeStep,numberOfRobotsOnBlackSite,numberOfRobotsOnWhiteSite
28413,31,11
timeStep,numberOfRobotsOnBlackSite,numberOfRobotsOnWhiteSite
28414,31,11
timeStep,numberOfRobotsOnBlackSite,numberOfRobotsOnWhiteSite
28415,31,11
timeStep,numberOfRobotsOnBlackSite,numberOfRobotsOnWhiteSite
28416,31,11
timeStep,numberOfRobotsOnBlackSite,numberOfRobotsOnWhiteSite
28417,31,11
timeStep,numberOfRobotsOnBlackSite,numberOfRobotsOnWhiteSite
28418,31,11
timeStep,numberOfRobotsOnBlackSite,numberOfRobotsOnWhiteSite
28419,31,11
timeStep,numberOfRobotsOnBlackSite,numberOfRobotsOnWhiteSite
28420,31,11
timeStep,numberOfRobotsOnBlackSite,numberOfRobotsOnWhiteSite
28421,31,11
timeStep,numberOfRobotsOnBlackSite,numberOfRobotsOnWhiteSite
28422,31,11
timeStep,numberOfRobotsOnBlackSite,numberOfRobotsOnWhiteSite
28423,31,11
timeStep,numberOfRobotsOnBlackSite,numberOfRobotsOnWhiteSite
28424,31,11
timeStep,numberOfRobotsOnBlackSite,numberOfRobotsOnWhiteSite
28425,31,11
timeStep,numberOfRobotsOnBlackSite,numberOfRobotsOnWhiteSite
28426,31,11
timeStep,numberOfRobotsOnBlackSite,numberOfRobotsOnWhiteSite
28427,31,11
timeStep,numberOfRobotsOnBlackSite,numberOfRobotsOnWhiteSite
28428,31,11
timeStep,numberOfRobotsOnBlackSite,numberOfRobotsOnWhiteSite
28429,31,11
timeStep,numberOfRobotsOnBlackSite,numberOfRobotsOnWhiteSite
28430,31,11
timeStep,numberOfRobotsOnBlackSite,numberOfRobotsOnWhiteSite
28431,31,11
timeStep,numberOfRobotsOnBlackSite,numberOfRobotsOnWhiteSite
28432,31,11
timeStep,numberOfRobotsOnBlackSite,numberOfRobotsOnWhiteSite
28433,31,11
timeStep,numberOfRobotsOnBlackSite,numberOfRobotsOnWhiteSite
28434,31,11
timeStep,numberOfRobotsOnBlackSite,numberOfRobotsOnWhiteSite
28435,31,11
timeStep,numberOfRobotsOnBlackSite,numberOfRobotsOnWhiteSite
28436,31,11
timeStep,numberOfRobotsOnBlackSite,numberOfRobotsOnWhiteSite
28437,31,11
timeStep,numberOfRobotsOnBlackSite,numberOfRobotsOnWhiteSite
28438,31,11
timeStep,numberOfRobotsOnBlackSite,numberOfRobotsOnWhiteSite
28439,31,11
timeStep,numberOfRobotsOnBlackSite,numberOfRobotsOnWhiteSite
28440,31,11
timeStep,numberOfRobotsOnBlackSite,numberOfRobotsOnWhiteSite
28441,31,11
timeStep,numberOfRobotsOnBlackSite,numberOfRobotsOnWhiteSite
28442,31,11
timeStep,numberOfRobotsOnBlackSite,numberOfRobotsOnWhiteSite
28443,31,11
timeStep,numberOfRobotsOnBlackSite,numberOfRobotsOnWhiteSite
28444,31,11
timeStep,numberOfRobotsOnBlackSite,numberOfRobotsOnWhiteSite
28445,31,11
timeStep,numberOfRobotsOnBlackSite,numberOfRobotsOnWhiteSite
28446,31,11
timeStep,numberOfRobotsOnBlackSite,numberOfRobotsOnWhiteSite
28447,31,11
timeStep,numberOfRobotsOnBlackSite,numberOfRobotsOnWhiteSite
28448,31,11
timeStep,numberOfRobotsOnBlackSite,numberOfRobotsOnWhiteSite
28449,31,11
timeStep,numberOfRobotsOnBlackSite,numberOfRobotsOnWhiteSite
28450,31,11
timeStep,numberOfRobotsOnBlackSite,numberOfRobotsOnWhiteSite
28451,31,11
timeStep,numberOfRobotsOnBlackSite,numberOfRobotsOnWhiteSite
28452,31,11
timeStep,numberOfRobotsOnBlackSite,numberOfRobotsOnWhiteSite
28453,31,11
timeStep,numberOfRobotsOnBlackSite,numberOfRobotsOnWhiteSite
28454,31,11
timeStep,numberOfRobotsOnBlackSite,numberOfRobotsOnWhiteSite
28455,31,12
timeStep,numberOfRobotsOnBlackSite,numberOfRobotsOnWhiteSite
28456,31,12
timeStep,numberOfRobotsOnBlackSite,numberOfRobotsOnWhiteSite
28457,31,12
timeStep,numberOfRobotsOnBlackSite,numberOfRobotsOnWhiteSite
28458,31,12
timeStep,numberOfRobotsOnBlackSite,numberOfRobotsOnWhiteSite
28459,31,12
timeStep,numberOfRobotsOnBlackSite,numberOfRobotsOnWhiteSite
28460,31,12
timeStep,numberOfRobotsOnBlackSite,numberOfRobotsOnWhiteSite
28461,31,12
timeStep,numberOfRobotsOnBlackSite,numberOfRobotsOnWhiteSite
28462,31,12
timeStep,numberOfRobotsOnBlackSite,numberOfRobotsOnWhiteSite
28463,31,12
timeStep,numberOfRobotsOnBlackSite,numberOfRobotsOnWhiteSite
28464,31,12
timeStep,numberOfRobotsOnBlackSite,numberOfRobotsOnWhiteSite
28465,31,12
timeStep,numberOfRobotsOnBlackSite,numberOfRobotsOnWhiteSite
28466,31,12
timeStep,numberOfRobotsOnBlackSite,numberOfRobotsOnWhiteSite
28467,31,12
timeStep,numberOfRobotsOnBlackSite,numberOfRobotsOnWhiteSite
28468,31,12
timeStep,numberOfRobotsOnBlackSite,numberOfRobotsOnWhiteSite
28469,31,12
timeStep,numberOfRobotsOnBlackSite,numberOfRobotsOnWhiteSite
28470,31,12
timeStep,numberOfRobotsOnBlackSite,numberOfRobotsOnWhiteSite
28471,31,12
timeStep,numberOfRobotsOnBlackSite,numberOfRobotsOnWhiteSite
28472,31,12
timeStep,numberOfRobotsOnBlackSite,numberOfRobotsOnWhiteSite
28473,31,12
timeStep,numberOfRobotsOnBlackSite,numberOfRobotsOnWhiteSite
28474,31,12
timeStep,numberOfRobotsOnBlackSite,numberOfRobotsOnWhiteSite
28475,31,12
timeStep,numberOfRobotsOnBlackSite,numberOfRobotsOnWhiteSite
28476,31,12
timeStep,numberOfRobotsOnBlackSite,numberOfRobotsOnWhiteSite
28477,31,12
timeStep,numberOfRobotsOnBlackSite,numberOfRobotsOnWhiteSite
28478,31,12
timeStep,numberOfRobotsOnBlackSite,numberOfRobotsOnWhiteSite
28479,31,12
timeStep,numberOfRobotsOnBlackSite,numberOfRobotsOnWhiteSite
28480,31,12
timeStep,numberOfRobotsOnBlackSite,numberOfRobotsOnWhiteSite
28481,31,12
timeStep,numberOfRobotsOnBlackSite,numberOfRobotsOnWhiteSite
28482,31,12
timeStep,numberOfRobotsOnBlackSite,numberOfRobotsOnWhiteSite
28483,31,12
timeStep,numberOfRobotsOnBlackSite,numberOfRobotsOnWhiteSite
28484,31,12
timeStep,numberOfRobotsOnBlackSite,numberOfRobotsOnWhiteSite
28485,31,12
timeStep,numberOfRobotsOnBlackSite,numberOfRobotsOnWhiteSite
28486,31,12
timeStep,numberOfRobotsOnBlackSite,numberOfRobotsOnWhiteSite
28487,31,12
timeStep,numberOfRobotsOnBlackSite,numberOfRobotsOnWhiteSite
28488,31,12
timeStep,numberOfRobotsOnBlackSite,numberOfRobotsOnWhiteSite
28489,31,12
timeStep,numberOfRobotsOnBlackSite,numberOfRobotsOnWhiteSite
28490,31,12
timeStep,numberOfRobotsOnBlackSite,numberOfRobotsOnWhiteSite
28491,31,12
timeStep,numberOfRobotsOnBlackSite,numberOfRobotsOnWhiteSite
28492,31,12
timeStep,numberOfRobotsOnBlackSite,numberOfRobotsOnWhiteSite
28493,31,12
timeStep,numberOfRobotsOnBlackSite,numberOfRobotsOnWhiteSite
28494,31,12
timeStep,numberOfRobotsOnBlackSite,numberOfRobotsOnWhiteSite
28495,31,12
timeStep,numberOfRobotsOnBlackSite,numberOfRobotsOnWhiteSite
28496,31,12
timeStep,numberOfRobotsOnBlackSite,numberOfRobotsOnWhiteSite
28497,31,12
timeStep,numberOfRobotsOnBlackSite,numberOfRobotsOnWhiteSite
28498,31,12
timeStep,numberOfRobotsOnBlackSite,numberOfRobotsOnWhiteSite
28499,31,12
timeStep,numberOfRobotsOnBlackSite,numberOfRobotsOnWhiteSite
28500,31,12
timeStep,numberOfRobotsOnBlackSite,numberOfRobotsOnWhiteSite
28501,31,12
timeStep,numberOfRobotsOnBlackSite,numberOfRobotsOnWhiteSite
28502,31,12
timeStep,numberOfRobotsOnBlackSite,numberOfRobotsOnWhiteSite
28503,31,12
timeStep,numberOfRobotsOnBlackSite,numberOfRobotsOnWhiteSite
28504,31,12
timeStep,numberOfRobotsOnBlackSite,numberOfRobotsOnWhiteSite
28505,31,12
timeStep,numberOfRobotsOnBlackSite,numberOfRobotsOnWhiteSite
28506,31,12
timeStep,numberOfRobotsOnBlackSite,numberOfRobotsOnWhiteSite
28507,31,12
timeStep,numberOfRobotsOnBlackSite,numberOfRobotsOnWhiteSite
28508,31,12
timeStep,numberOfRobotsOnBlackSite,numberOfRobotsOnWhiteSite
28509,31,12
timeStep,numberOfRobotsOnBlackSite,numberOfRobotsOnWhiteSite
28510,31,12
timeStep,numberOfRobotsOnBlackSite,numberOfRobotsOnWhiteSite
28511,31,12
timeStep,numberOfRobotsOnBlackSite,numberOfRobotsOnWhiteSite
28512,31,12
timeStep,numberOfRobotsOnBlackSite,numberOfRobotsOnWhiteSite
28513,31,12
timeStep,numberOfRobotsOnBlackSite,numberOfRobotsOnWhiteSite
28514,31,12
timeStep,numberOfRobotsOnBlackSite,numberOfRobotsOnWhiteSite
28515,31,12
timeStep,numberOfRobotsOnBlackSite,numberOfRobotsOnWhiteSite
28516,31,12
timeStep,numberOfRobotsOnBlackSite,numberOfRobotsOnWhiteSite
28517,31,12
timeStep,numberOfRobotsOnBlackSite,numberOfRobotsOnWhiteSite
28518,31,12
timeStep,numberOfRobotsOnBlackSite,numberOfRobotsOnWhiteSite
28519,31,12
timeStep,numberOfRobotsOnBlackSite,numberOfRobotsOnWhiteSite
28520,31,12
timeStep,numberOfRobotsOnBlackSite,numberOfRobotsOnWhiteSite
28521,31,12
timeStep,numberOfRobotsOnBlackSite,numberOfRobotsOnWhiteSite
28522,31,12
timeStep,numberOfRobotsOnBlackSite,numberOfRobotsOnWhiteSite
28523,31,12
timeStep,numberOfRobotsOnBlackSite,numberOfRobotsOnWhiteSite
28524,31,12
timeStep,numberOfRobotsOnBlackSite,numberOfRobotsOnWhiteSite
28525,31,12
timeStep,numberOfRobotsOnBlackSite,numberOfRobotsOnWhiteSite
28526,31,12
timeStep,numberOfRobotsOnBlackSite,numberOfRobotsOnWhiteSite
28527,31,12
timeStep,numberOfRobotsOnBlackSite,numberOfRobotsOnWhiteSite
28528,31,12
timeStep,numberOfRobotsOnBlackSite,numberOfRobotsOnWhiteSite
28529,31,12
timeStep,numberOfRobotsOnBlackSite,numberOfRobotsOnWhiteSite
28530,31,12
timeStep,numberOfRobotsOnBlackSite,numberOfRobotsOnWhiteSite
28531,31,12
timeStep,numberOfRobotsOnBlackSite,numberOfRobotsOnWhiteSite
28532,31,12
timeStep,numberOfRobotsOnBlackSite,numberOfRobotsOnWhiteSite
28533,31,12
timeStep,numberOfRobotsOnBlackSite,numberOfRobotsOnWhiteSite
28534,31,12
timeStep,numberOfRobotsOnBlackSite,numberOfRobotsOnWhiteSite
28535,31,12
timeStep,numberOfRobotsOnBlackSite,numberOfRobotsOnWhiteSite
28536,31,12
timeStep,numberOfRobotsOnBlackSite,numberOfRobotsOnWhiteSite
28537,31,12
timeStep,numberOfRobotsOnBlackSite,numberOfRobotsOnWhiteSite
28538,31,12
timeStep,numberOfRobotsOnBlackSite,numberOfRobotsOnWhiteSite
28539,31,12
timeStep,numberOfRobotsOnBlackSite,numberOfRobotsOnWhiteSite
28540,31,12
timeStep,numberOfRobotsOnBlackSite,numberOfRobotsOnWhiteSite
28541,31,12
timeStep,numberOfRobotsOnBlackSite,numberOfRobotsOnWhiteSite
28542,31,12
timeStep,numberOfRobotsOnBlackSite,numberOfRobotsOnWhiteSite
28543,31,12
timeStep,numberOfRobotsOnBlackSite,numberOfRobotsOnWhiteSite
28544,31,12
timeStep,numberOfRobotsOnBlackSite,numberOfRobotsOnWhiteSite
28545,31,12
timeStep,numberOfRobotsOnBlackSite,numberOfRobotsOnWhiteSite
28546,31,12
timeStep,numberOfRobotsOnBlackSite,numberOfRobotsOnWhiteSite
28547,31,12
timeStep,numberOfRobotsOnBlackSite,numberOfRobotsOnWhiteSite
28548,31,12
timeStep,numberOfRobotsOnBlackSite,numberOfRobotsOnWhiteSite
28549,31,12
timeStep,numberOfRobotsOnBlackSite,numberOfRobotsOnWhiteSite
28550,31,12
timeStep,numberOfRobotsOnBlackSite,numberOfRobotsOnWhiteSite
28551,31,12
timeStep,numberOfRobotsOnBlackSite,numberOfRobotsOnWhiteSite
28552,31,12
timeStep,numberOfRobotsOnBlackSite,numberOfRobotsOnWhiteSite
28553,31,12
timeStep,numberOfRobotsOnBlackSite,numberOfRobotsOnWhiteSite
28554,31,12
timeStep,numberOfRobotsOnBlackSite,numberOfRobotsOnWhiteSite
28555,31,12
timeStep,numberOfRobotsOnBlackSite,numberOfRobotsOnWhiteSite
28556,31,12
timeStep,numberOfRobotsOnBlackSite,numberOfRobotsOnWhiteSite
28557,31,12
timeStep,numberOfRobotsOnBlackSite,numberOfRobotsOnWhiteSite
28558,31,12
timeStep,numberOfRobotsOnBlackSite,numberOfRobotsOnWhiteSite
28559,31,12
timeStep,numberOfRobotsOnBlackSite,numberOfRobotsOnWhiteSite
28560,31,12
timeStep,numberOfRobotsOnBlackSite,numberOfRobotsOnWhiteSite
28561,31,12
timeStep,numberOfRobotsOnBlackSite,numberOfRobotsOnWhiteSite
28562,31,12
timeStep,numberOfRobotsOnBlackSite,numberOfRobotsOnWhiteSite
28563,31,12
timeStep,numberOfRobotsOnBlackSite,numberOfRobotsOnWhiteSite
28564,31,12
timeStep,numberOfRobotsOnBlackSite,numberOfRobotsOnWhiteSite
28565,31,12
timeStep,numberOfRobotsOnBlackSite,numberOfRobotsOnWhiteSite
28566,31,12
timeStep,numberOfRobotsOnBlackSite,numberOfRobotsOnWhiteSite
28567,31,12
timeStep,numberOfRobotsOnBlackSite,numberOfRobotsOnWhiteSite
28568,31,12
timeStep,numberOfRobotsOnBlackSite,numberOfRobotsOnWhiteSite
28569,31,12
timeStep,numberOfRobotsOnBlackSite,numberOfRobotsOnWhiteSite
28570,31,12
timeStep,numberOfRobotsOnBlackSite,numberOfRobotsOnWhiteSite
28571,31,12
timeStep,numberOfRobotsOnBlackSite,numberOfRobotsOnWhiteSite
28572,31,12
timeStep,numberOfRobotsOnBlackSite,numberOfRobotsOnWhiteSite
28573,31,12
timeStep,numberOfRobotsOnBlackSite,numberOfRobotsOnWhiteSite
28574,31,12
timeStep,numberOfRobotsOnBlackSite,numberOfRobotsOnWhiteSite
28575,31,12
timeStep,numberOfRobotsOnBlackSite,numberOfRobotsOnWhiteSite
28576,31,12
timeStep,numberOfRobotsOnBlackSite,numberOfRobotsOnWhiteSite
28577,31,12
timeStep,numberOfRobotsOnBlackSite,numberOfRobotsOnWhiteSite
28578,31,12
timeStep,numberOfRobotsOnBlackSite,numberOfRobotsOnWhiteSite
28579,31,12
timeStep,numberOfRobotsOnBlackSite,numberOfRobotsOnWhiteSite
28580,31,12
timeStep,numberOfRobotsOnBlackSite,numberOfRobotsOnWhiteSite
28581,31,12
timeStep,numberOfRobotsOnBlackSite,numberOfRobotsOnWhiteSite
28582,31,12
timeStep,numberOfRobotsOnBlackSite,numberOfRobotsOnWhiteSite
28583,31,12
timeStep,numberOfRobotsOnBlackSite,numberOfRobotsOnWhiteSite
28584,31,12
timeStep,numberOfRobotsOnBlackSite,numberOfRobotsOnWhiteSite
28585,31,12
timeStep,numberOfRobotsOnBlackSite,numberOfRobotsOnWhiteSite
28586,31,12
timeStep,numberOfRobotsOnBlackSite,numberOfRobotsOnWhiteSite
28587,31,12
timeStep,numberOfRobotsOnBlackSite,numberOfRobotsOnWhiteSite
28588,31,12
timeStep,numberOfRobotsOnBlackSite,numberOfRobotsOnWhiteSite
28589,31,12
timeStep,numberOfRobotsOnBlackSite,numberOfRobotsOnWhiteSite
28590,31,12
timeStep,numberOfRobotsOnBlackSite,numberOfRobotsOnWhiteSite
28591,31,12
timeStep,numberOfRobotsOnBlackSite,numberOfRobotsOnWhiteSite
28592,31,12
timeStep,numberOfRobotsOnBlackSite,numberOfRobotsOnWhiteSite
28593,31,12
timeStep,numberOfRobotsOnBlackSite,numberOfRobotsOnWhiteSite
28594,31,12
timeStep,numberOfRobotsOnBlackSite,numberOfRobotsOnWhiteSite
28595,31,12
timeStep,numberOfRobotsOnBlackSite,numberOfRobotsOnWhiteSite
28596,31,12
timeStep,numberOfRobotsOnBlackSite,numberOfRobotsOnWhiteSite
28597,31,12
timeStep,numberOfRobotsOnBlackSite,numberOfRobotsOnWhiteSite
28598,31,12
timeStep,numberOfRobotsOnBlackSite,numberOfRobotsOnWhiteSite
28599,31,12
timeStep,numberOfRobotsOnBlackSite,numberOfRobotsOnWhiteSite
28600,31,12
timeStep,numberOfRobotsOnBlackSite,numberOfRobotsOnWhiteSite
28601,31,12
timeStep,numberOfRobotsOnBlackSite,numberOfRobotsOnWhiteSite
28602,31,12
timeStep,numberOfRobotsOnBlackSite,numberOfRobotsOnWhiteSite
28603,31,12
timeStep,numberOfRobotsOnBlackSite,numberOfRobotsOnWhiteSite
28604,31,12
timeStep,numberOfRobotsOnBlackSite,numberOfRobotsOnWhiteSite
28605,31,12
timeStep,numberOfRobotsOnBlackSite,numberOfRobotsOnWhiteSite
28606,31,12
timeStep,numberOfRobotsOnBlackSite,numberOfRobotsOnWhiteSite
28607,31,12
timeStep,numberOfRobotsOnBlackSite,numberOfRobotsOnWhiteSite
28608,31,12
timeStep,numberOfRobotsOnBlackSite,numberOfRobotsOnWhiteSite
28609,31,12
timeStep,numberOfRobotsOnBlackSite,numberOfRobotsOnWhiteSite
28610,31,13
timeStep,numberOfRobotsOnBlackSite,numberOfRobotsOnWhiteSite
28611,31,13
timeStep,numberOfRobotsOnBlackSite,numberOfRobotsOnWhiteSite
28612,31,13
timeStep,numberOfRobotsOnBlackSite,numberOfRobotsOnWhiteSite
28613,31,13
timeStep,numberOfRobotsOnBlackSite,numberOfRobotsOnWhiteSite
28614,31,13
timeStep,numberOfRobotsOnBlackSite,numberOfRobotsOnWhiteSite
28615,31,13
timeStep,numberOfRobotsOnBlackSite,numberOfRobotsOnWhiteSite
28616,31,13
timeStep,numberOfRobotsOnBlackSite,numberOfRobotsOnWhiteSite
28617,31,13
timeStep,numberOfRobotsOnBlackSite,numberOfRobotsOnWhiteSite
28618,31,13
timeStep,numberOfRobotsOnBlackSite,numberOfRobotsOnWhiteSite
28619,31,13
timeStep,numberOfRobotsOnBlackSite,numberOfRobotsOnWhiteSite
28620,31,13
timeStep,numberOfRobotsOnBlackSite,numberOfRobotsOnWhiteSite
28621,31,13
timeStep,numberOfRobotsOnBlackSite,numberOfRobotsOnWhiteSite
28622,31,13
timeStep,numberOfRobotsOnBlackSite,numberOfRobotsOnWhiteSite
28623,31,13
timeStep,numberOfRobotsOnBlackSite,numberOfRobotsOnWhiteSite
28624,31,13
timeStep,numberOfRobotsOnBlackSite,numberOfRobotsOnWhiteSite
28625,31,13
timeStep,numberOfRobotsOnBlackSite,numberOfRobotsOnWhiteSite
28626,31,13
timeStep,numberOfRobotsOnBlackSite,numberOfRobotsOnWhiteSite
28627,31,13
timeStep,numberOfRobotsOnBlackSite,numberOfRobotsOnWhiteSite
28628,31,13
timeStep,numberOfRobotsOnBlackSite,numberOfRobotsOnWhiteSite
28629,31,13
timeStep,numberOfRobotsOnBlackSite,numberOfRobotsOnWhiteSite
28630,31,13
timeStep,numberOfRobotsOnBlackSite,numberOfRobotsOnWhiteSite
28631,31,13
timeStep,numberOfRobotsOnBlackSite,numberOfRobotsOnWhiteSite
28632,31,13
timeStep,numberOfRobotsOnBlackSite,numberOfRobotsOnWhiteSite
28633,31,13
timeStep,numberOfRobotsOnBlackSite,numberOfRobotsOnWhiteSite
28634,31,13
timeStep,numberOfRobotsOnBlackSite,numberOfRobotsOnWhiteSite
28635,31,13
timeStep,numberOfRobotsOnBlackSite,numberOfRobotsOnWhiteSite
28636,31,13
timeStep,numberOfRobotsOnBlackSite,numberOfRobotsOnWhiteSite
28637,31,13
timeStep,numberOfRobotsOnBlackSite,numberOfRobotsOnWhiteSite
28638,31,13
timeStep,numberOfRobotsOnBlackSite,numberOfRobotsOnWhiteSite
28639,31,13
timeStep,numberOfRobotsOnBlackSite,numberOfRobotsOnWhiteSite
28640,31,13
timeStep,numberOfRobotsOnBlackSite,numberOfRobotsOnWhiteSite
28641,31,13
timeStep,numberOfRobotsOnBlackSite,numberOfRobotsOnWhiteSite
28642,31,13
timeStep,numberOfRobotsOnBlackSite,numberOfRobotsOnWhiteSite
28643,31,13
timeStep,numberOfRobotsOnBlackSite,numberOfRobotsOnWhiteSite
28644,31,13
timeStep,numberOfRobotsOnBlackSite,numberOfRobotsOnWhiteSite
28645,31,13
timeStep,numberOfRobotsOnBlackSite,numberOfRobotsOnWhiteSite
28646,31,13
timeStep,numberOfRobotsOnBlackSite,numberOfRobotsOnWhiteSite
28647,31,13
timeStep,numberOfRobotsOnBlackSite,numberOfRobotsOnWhiteSite
28648,31,13
timeStep,numberOfRobotsOnBlackSite,numberOfRobotsOnWhiteSite
28649,31,13
timeStep,numberOfRobotsOnBlackSite,numberOfRobotsOnWhiteSite
28650,31,13
timeStep,numberOfRobotsOnBlackSite,numberOfRobotsOnWhiteSite
28651,31,13
timeStep,numberOfRobotsOnBlackSite,numberOfRobotsOnWhiteSite
28652,31,13
timeStep,numberOfRobotsOnBlackSite,numberOfRobotsOnWhiteSite
28653,31,13
timeStep,numberOfRobotsOnBlackSite,numberOfRobotsOnWhiteSite
28654,31,13
timeStep,numberOfRobotsOnBlackSite,numberOfRobotsOnWhiteSite
28655,31,13
timeStep,numberOfRobotsOnBlackSite,numberOfRobotsOnWhiteSite
28656,31,13
timeStep,numberOfRobotsOnBlackSite,numberOfRobotsOnWhiteSite
28657,31,13
timeStep,numberOfRobotsOnBlackSite,numberOfRobotsOnWhiteSite
28658,31,13
timeStep,numberOfRobotsOnBlackSite,numberOfRobotsOnWhiteSite
28659,31,13
timeStep,numberOfRobotsOnBlackSite,numberOfRobotsOnWhiteSite
28660,31,13
timeStep,numberOfRobotsOnBlackSite,numberOfRobotsOnWhiteSite
28661,31,13
timeStep,numberOfRobotsOnBlackSite,numberOfRobotsOnWhiteSite
28662,31,13
timeStep,numberOfRobotsOnBlackSite,numberOfRobotsOnWhiteSite
28663,31,13
timeStep,numberOfRobotsOnBlackSite,numberOfRobotsOnWhiteSite
28664,31,13
timeStep,numberOfRobotsOnBlackSite,numberOfRobotsOnWhiteSite
28665,31,13
timeStep,numberOfRobotsOnBlackSite,numberOfRobotsOnWhiteSite
28666,31,13
timeStep,numberOfRobotsOnBlackSite,numberOfRobotsOnWhiteSite
28667,31,13
timeStep,numberOfRobotsOnBlackSite,numberOfRobotsOnWhiteSite
28668,31,13
timeStep,numberOfRobotsOnBlackSite,numberOfRobotsOnWhiteSite
28669,31,13
timeStep,numberOfRobotsOnBlackSite,numberOfRobotsOnWhiteSite
28670,31,13
timeStep,numberOfRobotsOnBlackSite,numberOfRobotsOnWhiteSite
28671,31,13
timeStep,numberOfRobotsOnBlackSite,numberOfRobotsOnWhiteSite
28672,31,13
timeStep,numberOfRobotsOnBlackSite,numberOfRobotsOnWhiteSite
28673,31,13
timeStep,numberOfRobotsOnBlackSite,numberOfRobotsOnWhiteSite
28674,31,13
timeStep,numberOfRobotsOnBlackSite,numberOfRobotsOnWhiteSite
28675,31,12
timeStep,numberOfRobotsOnBlackSite,numberOfRobotsOnWhiteSite
28676,31,12
timeStep,numberOfRobotsOnBlackSite,numberOfRobotsOnWhiteSite
28677,31,12
timeStep,numberOfRobotsOnBlackSite,numberOfRobotsOnWhiteSite
28678,31,12
timeStep,numberOfRobotsOnBlackSite,numberOfRobotsOnWhiteSite
28679,31,12
timeStep,numberOfRobotsOnBlackSite,numberOfRobotsOnWhiteSite
28680,31,12
timeStep,numberOfRobotsOnBlackSite,numberOfRobotsOnWhiteSite
28681,31,12
timeStep,numberOfRobotsOnBlackSite,numberOfRobotsOnWhiteSite
28682,31,12
timeStep,numberOfRobotsOnBlackSite,numberOfRobotsOnWhiteSite
28683,31,12
timeStep,numberOfRobotsOnBlackSite,numberOfRobotsOnWhiteSite
28684,31,12
timeStep,numberOfRobotsOnBlackSite,numberOfRobotsOnWhiteSite
28685,31,12
timeStep,numberOfRobotsOnBlackSite,numberOfRobotsOnWhiteSite
28686,31,12
timeStep,numberOfRobotsOnBlackSite,numberOfRobotsOnWhiteSite
28687,31,12
timeStep,numberOfRobotsOnBlackSite,numberOfRobotsOnWhiteSite
28688,31,12
timeStep,numberOfRobotsOnBlackSite,numberOfRobotsOnWhiteSite
28689,31,12
timeStep,numberOfRobotsOnBlackSite,numberOfRobotsOnWhiteSite
28690,31,12
timeStep,numberOfRobotsOnBlackSite,numberOfRobotsOnWhiteSite
28691,31,12
timeStep,numberOfRobotsOnBlackSite,numberOfRobotsOnWhiteSite
28692,31,12
timeStep,numberOfRobotsOnBlackSite,numberOfRobotsOnWhiteSite
28693,31,12
timeStep,numberOfRobotsOnBlackSite,numberOfRobotsOnWhiteSite
28694,31,12
timeStep,numberOfRobotsOnBlackSite,numberOfRobotsOnWhiteSite
28695,31,12
timeStep,numberOfRobotsOnBlackSite,numberOfRobotsOnWhiteSite
28696,31,12
timeStep,numberOfRobotsOnBlackSite,numberOfRobotsOnWhiteSite
28697,31,12
timeStep,numberOfRobotsOnBlackSite,numberOfRobotsOnWhiteSite
28698,31,12
timeStep,numberOfRobotsOnBlackSite,numberOfRobotsOnWhiteSite
28699,31,12
timeStep,numberOfRobotsOnBlackSite,numberOfRobotsOnWhiteSite
28700,31,12
timeStep,numberOfRobotsOnBlackSite,numberOfRobotsOnWhiteSite
28701,31,12
timeStep,numberOfRobotsOnBlackSite,numberOfRobotsOnWhiteSite
28702,31,12
timeStep,numberOfRobotsOnBlackSite,numberOfRobotsOnWhiteSite
28703,31,12
timeStep,numberOfRobotsOnBlackSite,numberOfRobotsOnWhiteSite
28704,31,12
timeStep,numberOfRobotsOnBlackSite,numberOfRobotsOnWhiteSite
28705,31,12
timeStep,numberOfRobotsOnBlackSite,numberOfRobotsOnWhiteSite
28706,31,12
timeStep,numberOfRobotsOnBlackSite,numberOfRobotsOnWhiteSite
28707,31,12
timeStep,numberOfRobotsOnBlackSite,numberOfRobotsOnWhiteSite
28708,31,12
timeStep,numberOfRobotsOnBlackSite,numberOfRobotsOnWhiteSite
28709,31,12
timeStep,numberOfRobotsOnBlackSite,numberOfRobotsOnWhiteSite
28710,31,12
timeStep,numberOfRobotsOnBlackSite,numberOfRobotsOnWhiteSite
28711,31,12
timeStep,numberOfRobotsOnBlackSite,numberOfRobotsOnWhiteSite
28712,31,12
timeStep,numberOfRobotsOnBlackSite,numberOfRobotsOnWhiteSite
28713,31,12
timeStep,numberOfRobotsOnBlackSite,numberOfRobotsOnWhiteSite
28714,31,12
timeStep,numberOfRobotsOnBlackSite,numberOfRobotsOnWhiteSite
28715,31,12
timeStep,numberOfRobotsOnBlackSite,numberOfRobotsOnWhiteSite
28716,31,12
timeStep,numberOfRobotsOnBlackSite,numberOfRobotsOnWhiteSite
28717,31,12
timeStep,numberOfRobotsOnBlackSite,numberOfRobotsOnWhiteSite
28718,31,12
timeStep,numberOfRobotsOnBlackSite,numberOfRobotsOnWhiteSite
28719,31,12
timeStep,numberOfRobotsOnBlackSite,numberOfRobotsOnWhiteSite
28720,31,12
timeStep,numberOfRobotsOnBlackSite,numberOfRobotsOnWhiteSite
28721,31,12
timeStep,numberOfRobotsOnBlackSite,numberOfRobotsOnWhiteSite
28722,31,12
timeStep,numberOfRobotsOnBlackSite,numberOfRobotsOnWhiteSite
28723,31,12
timeStep,numberOfRobotsOnBlackSite,numberOfRobotsOnWhiteSite
28724,31,12
timeStep,numberOfRobotsOnBlackSite,numberOfRobotsOnWhiteSite
28725,31,12
timeStep,numberOfRobotsOnBlackSite,numberOfRobotsOnWhiteSite
28726,31,12
timeStep,numberOfRobotsOnBlackSite,numberOfRobotsOnWhiteSite
28727,31,12
timeStep,numberOfRobotsOnBlackSite,numberOfRobotsOnWhiteSite
28728,31,12
timeStep,numberOfRobotsOnBlackSite,numberOfRobotsOnWhiteSite
28729,31,12
timeStep,numberOfRobotsOnBlackSite,numberOfRobotsOnWhiteSite
28730,31,12
timeStep,numberOfRobotsOnBlackSite,numberOfRobotsOnWhiteSite
28731,31,12
timeStep,numberOfRobotsOnBlackSite,numberOfRobotsOnWhiteSite
28732,31,12
timeStep,numberOfRobotsOnBlackSite,numberOfRobotsOnWhiteSite
28733,31,12
timeStep,numberOfRobotsOnBlackSite,numberOfRobotsOnWhiteSite
28734,31,12
timeStep,numberOfRobotsOnBlackSite,numberOfRobotsOnWhiteSite
28735,31,12
timeStep,numberOfRobotsOnBlackSite,numberOfRobotsOnWhiteSite
28736,31,12
timeStep,numberOfRobotsOnBlackSite,numberOfRobotsOnWhiteSite
28737,31,12
timeStep,numberOfRobotsOnBlackSite,numberOfRobotsOnWhiteSite
28738,31,12
timeStep,numberOfRobotsOnBlackSite,numberOfRobotsOnWhiteSite
28739,31,12
timeStep,numberOfRobotsOnBlackSite,numberOfRobotsOnWhiteSite
28740,31,12
timeStep,numberOfRobotsOnBlackSite,numberOfRobotsOnWhiteSite
28741,31,12
timeStep,numberOfRobotsOnBlackSite,numberOfRobotsOnWhiteSite
28742,31,12
timeStep,numberOfRobotsOnBlackSite,numberOfRobotsOnWhiteSite
28743,31,12
timeStep,numberOfRobotsOnBlackSite,numberOfRobotsOnWhiteSite
28744,31,12
timeStep,numberOfRobotsOnBlackSite,numberOfRobotsOnWhiteSite
28745,31,12
timeStep,numberOfRobotsOnBlackSite,numberOfRobotsOnWhiteSite
28746,31,12
timeStep,numberOfRobotsOnBlackSite,numberOfRobotsOnWhiteSite
28747,31,12
timeStep,numberOfRobotsOnBlackSite,numberOfRobotsOnWhiteSite
28748,31,12
timeStep,numberOfRobotsOnBlackSite,numberOfRobotsOnWhiteSite
28749,31,12
timeStep,numberOfRobotsOnBlackSite,numberOfRobotsOnWhiteSite
28750,31,12
timeStep,numberOfRobotsOnBlackSite,numberOfRobotsOnWhiteSite
28751,31,12
timeStep,numberOfRobotsOnBlackSite,numberOfRobotsOnWhiteSite
28752,31,12
timeStep,numberOfRobotsOnBlackSite,numberOfRobotsOnWhiteSite
28753,31,12
timeStep,numberOfRobotsOnBlackSite,numberOfRobotsOnWhiteSite
28754,31,12
timeStep,numberOfRobotsOnBlackSite,numberOfRobotsOnWhiteSite
28755,31,12
timeStep,numberOfRobotsOnBlackSite,numberOfRobotsOnWhiteSite
28756,31,12
timeStep,numberOfRobotsOnBlackSite,numberOfRobotsOnWhiteSite
28757,31,12
timeStep,numberOfRobotsOnBlackSite,numberOfRobotsOnWhiteSite
28758,31,12
timeStep,numberOfRobotsOnBlackSite,numberOfRobotsOnWhiteSite
28759,31,12
timeStep,numberOfRobotsOnBlackSite,numberOfRobotsOnWhiteSite
28760,31,12
timeStep,numberOfRobotsOnBlackSite,numberOfRobotsOnWhiteSite
28761,31,12
timeStep,numberOfRobotsOnBlackSite,numberOfRobotsOnWhiteSite
28762,31,12
timeStep,numberOfRobotsOnBlackSite,numberOfRobotsOnWhiteSite
28763,31,12
timeStep,numberOfRobotsOnBlackSite,numberOfRobotsOnWhiteSite
28764,31,12
timeStep,numberOfRobotsOnBlackSite,numberOfRobotsOnWhiteSite
28765,31,12
timeStep,numberOfRobotsOnBlackSite,numberOfRobotsOnWhiteSite
28766,31,12
timeStep,numberOfRobotsOnBlackSite,numberOfRobotsOnWhiteSite
28767,31,12
timeStep,numberOfRobotsOnBlackSite,numberOfRobotsOnWhiteSite
28768,31,12
timeStep,numberOfRobotsOnBlackSite,numberOfRobotsOnWhiteSite
28769,31,12
timeStep,numberOfRobotsOnBlackSite,numberOfRobotsOnWhiteSite
28770,31,12
timeStep,numberOfRobotsOnBlackSite,numberOfRobotsOnWhiteSite
28771,31,12
timeStep,numberOfRobotsOnBlackSite,numberOfRobotsOnWhiteSite
28772,31,12
timeStep,numberOfRobotsOnBlackSite,numberOfRobotsOnWhiteSite
28773,31,12
timeStep,numberOfRobotsOnBlackSite,numberOfRobotsOnWhiteSite
28774,31,12
timeStep,numberOfRobotsOnBlackSite,numberOfRobotsOnWhiteSite
28775,31,13
timeStep,numberOfRobotsOnBlackSite,numberOfRobotsOnWhiteSite
28776,31,13
timeStep,numberOfRobotsOnBlackSite,numberOfRobotsOnWhiteSite
28777,31,13
timeStep,numberOfRobotsOnBlackSite,numberOfRobotsOnWhiteSite
28778,31,13
timeStep,numberOfRobotsOnBlackSite,numberOfRobotsOnWhiteSite
28779,31,13
timeStep,numberOfRobotsOnBlackSite,numberOfRobotsOnWhiteSite
28780,31,13
timeStep,numberOfRobotsOnBlackSite,numberOfRobotsOnWhiteSite
28781,31,13
timeStep,numberOfRobotsOnBlackSite,numberOfRobotsOnWhiteSite
28782,31,13
timeStep,numberOfRobotsOnBlackSite,numberOfRobotsOnWhiteSite
28783,31,13
timeStep,numberOfRobotsOnBlackSite,numberOfRobotsOnWhiteSite
28784,31,13
timeStep,numberOfRobotsOnBlackSite,numberOfRobotsOnWhiteSite
28785,31,13
timeStep,numberOfRobotsOnBlackSite,numberOfRobotsOnWhiteSite
28786,31,13
timeStep,numberOfRobotsOnBlackSite,numberOfRobotsOnWhiteSite
28787,31,13
timeStep,numberOfRobotsOnBlackSite,numberOfRobotsOnWhiteSite
28788,31,13
timeStep,numberOfRobotsOnBlackSite,numberOfRobotsOnWhiteSite
28789,31,13
timeStep,numberOfRobotsOnBlackSite,numberOfRobotsOnWhiteSite
28790,31,13
timeStep,numberOfRobotsOnBlackSite,numberOfRobotsOnWhiteSite
28791,31,13
timeStep,numberOfRobotsOnBlackSite,numberOfRobotsOnWhiteSite
28792,31,13
timeStep,numberOfRobotsOnBlackSite,numberOfRobotsOnWhiteSite
28793,31,13
timeStep,numberOfRobotsOnBlackSite,numberOfRobotsOnWhiteSite
28794,31,13
timeStep,numberOfRobotsOnBlackSite,numberOfRobotsOnWhiteSite
28795,31,13
timeStep,numberOfRobotsOnBlackSite,numberOfRobotsOnWhiteSite
28796,31,13
timeStep,numberOfRobotsOnBlackSite,numberOfRobotsOnWhiteSite
28797,31,13
timeStep,numberOfRobotsOnBlackSite,numberOfRobotsOnWhiteSite
28798,31,13
timeStep,numberOfRobotsOnBlackSite,numberOfRobotsOnWhiteSite
28799,31,13
timeStep,numberOfRobotsOnBlackSite,numberOfRobotsOnWhiteSite
28800,31,13
timeStep,numberOfRobotsOnBlackSite,numberOfRobotsOnWhiteSite
28801,31,13
timeStep,numberOfRobotsOnBlackSite,numberOfRobotsOnWhiteSite
28802,31,13
timeStep,numberOfRobotsOnBlackSite,numberOfRobotsOnWhiteSite
28803,31,13
timeStep,numberOfRobotsOnBlackSite,numberOfRobotsOnWhiteSite
28804,31,13
timeStep,numberOfRobotsOnBlackSite,numberOfRobotsOnWhiteSite
28805,31,13
timeStep,numberOfRobotsOnBlackSite,numberOfRobotsOnWhiteSite
28806,31,13
timeStep,numberOfRobotsOnBlackSite,numberOfRobotsOnWhiteSite
28807,31,13
timeStep,numberOfRobotsOnBlackSite,numberOfRobotsOnWhiteSite
28808,31,13
timeStep,numberOfRobotsOnBlackSite,numberOfRobotsOnWhiteSite
28809,31,13
timeStep,numberOfRobotsOnBlackSite,numberOfRobotsOnWhiteSite
28810,31,13
timeStep,numberOfRobotsOnBlackSite,numberOfRobotsOnWhiteSite
28811,31,13
timeStep,numberOfRobotsOnBlackSite,numberOfRobotsOnWhiteSite
28812,31,13
timeStep,numberOfRobotsOnBlackSite,numberOfRobotsOnWhiteSite
28813,31,13
timeStep,numberOfRobotsOnBlackSite,numberOfRobotsOnWhiteSite
28814,31,13
timeStep,numberOfRobotsOnBlackSite,numberOfRobotsOnWhiteSite
28815,31,13
timeStep,numberOfRobotsOnBlackSite,numberOfRobotsOnWhiteSite
28816,31,13
timeStep,numberOfRobotsOnBlackSite,numberOfRobotsOnWhiteSite
28817,31,13
timeStep,numberOfRobotsOnBlackSite,numberOfRobotsOnWhiteSite
28818,31,13
timeStep,numberOfRobotsOnBlackSite,numberOfRobotsOnWhiteSite
28819,31,13
timeStep,numberOfRobotsOnBlackSite,numberOfRobotsOnWhiteSite
28820,31,13
timeStep,numberOfRobotsOnBlackSite,numberOfRobotsOnWhiteSite
28821,31,13
timeStep,numberOfRobotsOnBlackSite,numberOfRobotsOnWhiteSite
28822,31,13
timeStep,numberOfRobotsOnBlackSite,numberOfRobotsOnWhiteSite
28823,31,13
timeStep,numberOfRobotsOnBlackSite,numberOfRobotsOnWhiteSite
28824,31,13
timeStep,numberOfRobotsOnBlackSite,numberOfRobotsOnWhiteSite
28825,30,13
timeStep,numberOfRobotsOnBlackSite,numberOfRobotsOnWhiteSite
28826,30,13
timeStep,numberOfRobotsOnBlackSite,numberOfRobotsOnWhiteSite
28827,30,13
timeStep,numberOfRobotsOnBlackSite,numberOfRobotsOnWhiteSite
28828,30,13
timeStep,numberOfRobotsOnBlackSite,numberOfRobotsOnWhiteSite
28829,30,13
timeStep,numberOfRobotsOnBlackSite,numberOfRobotsOnWhiteSite
28830,30,13
timeStep,numberOfRobotsOnBlackSite,numberOfRobotsOnWhiteSite
28831,30,13
timeStep,numberOfRobotsOnBlackSite,numberOfRobotsOnWhiteSite
28832,30,13
timeStep,numberOfRobotsOnBlackSite,numberOfRobotsOnWhiteSite
28833,30,13
timeStep,numberOfRobotsOnBlackSite,numberOfRobotsOnWhiteSite
28834,30,13
timeStep,numberOfRobotsOnBlackSite,numberOfRobotsOnWhiteSite
28835,30,12
timeStep,numberOfRobotsOnBlackSite,numberOfRobotsOnWhiteSite
28836,30,12
timeStep,numberOfRobotsOnBlackSite,numberOfRobotsOnWhiteSite
28837,30,12
timeStep,numberOfRobotsOnBlackSite,numberOfRobotsOnWhiteSite
28838,30,12
timeStep,numberOfRobotsOnBlackSite,numberOfRobotsOnWhiteSite
28839,30,12
timeStep,numberOfRobotsOnBlackSite,numberOfRobotsOnWhiteSite
28840,30,12
timeStep,numberOfRobotsOnBlackSite,numberOfRobotsOnWhiteSite
28841,30,12
timeStep,numberOfRobotsOnBlackSite,numberOfRobotsOnWhiteSite
28842,30,12
timeStep,numberOfRobotsOnBlackSite,numberOfRobotsOnWhiteSite
28843,30,12
timeStep,numberOfRobotsOnBlackSite,numberOfRobotsOnWhiteSite
28844,30,12
timeStep,numberOfRobotsOnBlackSite,numberOfRobotsOnWhiteSite
28845,30,12
timeStep,numberOfRobotsOnBlackSite,numberOfRobotsOnWhiteSite
28846,30,12
timeStep,numberOfRobotsOnBlackSite,numberOfRobotsOnWhiteSite
28847,30,12
timeStep,numberOfRobotsOnBlackSite,numberOfRobotsOnWhiteSite
28848,30,12
timeStep,numberOfRobotsOnBlackSite,numberOfRobotsOnWhiteSite
28849,30,12
timeStep,numberOfRobotsOnBlackSite,numberOfRobotsOnWhiteSite
28850,30,12
timeStep,numberOfRobotsOnBlackSite,numberOfRobotsOnWhiteSite
28851,30,12
timeStep,numberOfRobotsOnBlackSite,numberOfRobotsOnWhiteSite
28852,30,12
timeStep,numberOfRobotsOnBlackSite,numberOfRobotsOnWhiteSite
28853,30,12
timeStep,numberOfRobotsOnBlackSite,numberOfRobotsOnWhiteSite
28854,30,12
timeStep,numberOfRobotsOnBlackSite,numberOfRobotsOnWhiteSite
28855,30,12
timeStep,numberOfRobotsOnBlackSite,numberOfRobotsOnWhiteSite
28856,30,12
timeStep,numberOfRobotsOnBlackSite,numberOfRobotsOnWhiteSite
28857,30,12
timeStep,numberOfRobotsOnBlackSite,numberOfRobotsOnWhiteSite
28858,30,12
timeStep,numberOfRobotsOnBlackSite,numberOfRobotsOnWhiteSite
28859,30,12
timeStep,numberOfRobotsOnBlackSite,numberOfRobotsOnWhiteSite
28860,30,12
timeStep,numberOfRobotsOnBlackSite,numberOfRobotsOnWhiteSite
28861,30,12
timeStep,numberOfRobotsOnBlackSite,numberOfRobotsOnWhiteSite
28862,30,12
timeStep,numberOfRobotsOnBlackSite,numberOfRobotsOnWhiteSite
28863,30,12
timeStep,numberOfRobotsOnBlackSite,numberOfRobotsOnWhiteSite
28864,30,12
timeStep,numberOfRobotsOnBlackSite,numberOfRobotsOnWhiteSite
28865,30,12
timeStep,numberOfRobotsOnBlackSite,numberOfRobotsOnWhiteSite
28866,30,12
timeStep,numberOfRobotsOnBlackSite,numberOfRobotsOnWhiteSite
28867,30,12
timeStep,numberOfRobotsOnBlackSite,numberOfRobotsOnWhiteSite
28868,30,12
timeStep,numberOfRobotsOnBlackSite,numberOfRobotsOnWhiteSite
28869,30,12
timeStep,numberOfRobotsOnBlackSite,numberOfRobotsOnWhiteSite
28870,30,12
timeStep,numberOfRobotsOnBlackSite,numberOfRobotsOnWhiteSite
28871,30,12
timeStep,numberOfRobotsOnBlackSite,numberOfRobotsOnWhiteSite
28872,30,12
timeStep,numberOfRobotsOnBlackSite,numberOfRobotsOnWhiteSite
28873,30,12
timeStep,numberOfRobotsOnBlackSite,numberOfRobotsOnWhiteSite
28874,30,12
timeStep,numberOfRobotsOnBlackSite,numberOfRobotsOnWhiteSite
28875,30,11
timeStep,numberOfRobotsOnBlackSite,numberOfRobotsOnWhiteSite
28876,30,11
timeStep,numberOfRobotsOnBlackSite,numberOfRobotsOnWhiteSite
28877,30,11
timeStep,numberOfRobotsOnBlackSite,numberOfRobotsOnWhiteSite
28878,30,11
timeStep,numberOfRobotsOnBlackSite,numberOfRobotsOnWhiteSite
28879,30,11
timeStep,numberOfRobotsOnBlackSite,numberOfRobotsOnWhiteSite
28880,30,11
timeStep,numberOfRobotsOnBlackSite,numberOfRobotsOnWhiteSite
28881,30,11
timeStep,numberOfRobotsOnBlackSite,numberOfRobotsOnWhiteSite
28882,30,11
timeStep,numberOfRobotsOnBlackSite,numberOfRobotsOnWhiteSite
28883,30,11
timeStep,numberOfRobotsOnBlackSite,numberOfRobotsOnWhiteSite
28884,30,11
timeStep,numberOfRobotsOnBlackSite,numberOfRobotsOnWhiteSite
28885,30,11
timeStep,numberOfRobotsOnBlackSite,numberOfRobotsOnWhiteSite
28886,30,11
timeStep,numberOfRobotsOnBlackSite,numberOfRobotsOnWhiteSite
28887,30,11
timeStep,numberOfRobotsOnBlackSite,numberOfRobotsOnWhiteSite
28888,30,11
timeStep,numberOfRobotsOnBlackSite,numberOfRobotsOnWhiteSite
28889,30,11
timeStep,numberOfRobotsOnBlackSite,numberOfRobotsOnWhiteSite
28890,30,12
timeStep,numberOfRobotsOnBlackSite,numberOfRobotsOnWhiteSite
28891,30,12
timeStep,numberOfRobotsOnBlackSite,numberOfRobotsOnWhiteSite
28892,30,12
timeStep,numberOfRobotsOnBlackSite,numberOfRobotsOnWhiteSite
28893,30,12
timeStep,numberOfRobotsOnBlackSite,numberOfRobotsOnWhiteSite
28894,30,12
timeStep,numberOfRobotsOnBlackSite,numberOfRobotsOnWhiteSite
28895,30,13
timeStep,numberOfRobotsOnBlackSite,numberOfRobotsOnWhiteSite
28896,30,13
timeStep,numberOfRobotsOnBlackSite,numberOfRobotsOnWhiteSite
28897,30,13
timeStep,numberOfRobotsOnBlackSite,numberOfRobotsOnWhiteSite
28898,30,13
timeStep,numberOfRobotsOnBlackSite,numberOfRobotsOnWhiteSite
28899,30,13
timeStep,numberOfRobotsOnBlackSite,numberOfRobotsOnWhiteSite
28900,30,13
timeStep,numberOfRobotsOnBlackSite,numberOfRobotsOnWhiteSite
28901,30,13
timeStep,numberOfRobotsOnBlackSite,numberOfRobotsOnWhiteSite
28902,30,13
timeStep,numberOfRobotsOnBlackSite,numberOfRobotsOnWhiteSite
28903,30,13
timeStep,numberOfRobotsOnBlackSite,numberOfRobotsOnWhiteSite
28904,30,13
timeStep,numberOfRobotsOnBlackSite,numberOfRobotsOnWhiteSite
28905,30,13
timeStep,numberOfRobotsOnBlackSite,numberOfRobotsOnWhiteSite
28906,30,13
timeStep,numberOfRobotsOnBlackSite,numberOfRobotsOnWhiteSite
28907,30,13
timeStep,numberOfRobotsOnBlackSite,numberOfRobotsOnWhiteSite
28908,30,13
timeStep,numberOfRobotsOnBlackSite,numberOfRobotsOnWhiteSite
28909,30,13
timeStep,numberOfRobotsOnBlackSite,numberOfRobotsOnWhiteSite
28910,30,13
timeStep,numberOfRobotsOnBlackSite,numberOfRobotsOnWhiteSite
28911,30,13
timeStep,numberOfRobotsOnBlackSite,numberOfRobotsOnWhiteSite
28912,30,13
timeStep,numberOfRobotsOnBlackSite,numberOfRobotsOnWhiteSite
28913,30,13
timeStep,numberOfRobotsOnBlackSite,numberOfRobotsOnWhiteSite
28914,30,13
timeStep,numberOfRobotsOnBlackSite,numberOfRobotsOnWhiteSite
28915,30,13
timeStep,numberOfRobotsOnBlackSite,numberOfRobotsOnWhiteSite
28916,30,13
timeStep,numberOfRobotsOnBlackSite,numberOfRobotsOnWhiteSite
28917,30,13
timeStep,numberOfRobotsOnBlackSite,numberOfRobotsOnWhiteSite
28918,30,13
timeStep,numberOfRobotsOnBlackSite,numberOfRobotsOnWhiteSite
28919,30,13
timeStep,numberOfRobotsOnBlackSite,numberOfRobotsOnWhiteSite
28920,30,12
timeStep,numberOfRobotsOnBlackSite,numberOfRobotsOnWhiteSite
28921,30,12
timeStep,numberOfRobotsOnBlackSite,numberOfRobotsOnWhiteSite
28922,30,12
timeStep,numberOfRobotsOnBlackSite,numberOfRobotsOnWhiteSite
28923,30,12
timeStep,numberOfRobotsOnBlackSite,numberOfRobotsOnWhiteSite
28924,30,12
timeStep,numberOfRobotsOnBlackSite,numberOfRobotsOnWhiteSite
28925,30,12
timeStep,numberOfRobotsOnBlackSite,numberOfRobotsOnWhiteSite
28926,30,12
timeStep,numberOfRobotsOnBlackSite,numberOfRobotsOnWhiteSite
28927,30,12
timeStep,numberOfRobotsOnBlackSite,numberOfRobotsOnWhiteSite
28928,30,12
timeStep,numberOfRobotsOnBlackSite,numberOfRobotsOnWhiteSite
28929,30,12
timeStep,numberOfRobotsOnBlackSite,numberOfRobotsOnWhiteSite
28930,30,12
timeStep,numberOfRobotsOnBlackSite,numberOfRobotsOnWhiteSite
28931,30,12
timeStep,numberOfRobotsOnBlackSite,numberOfRobotsOnWhiteSite
28932,30,12
timeStep,numberOfRobotsOnBlackSite,numberOfRobotsOnWhiteSite
28933,30,12
timeStep,numberOfRobotsOnBlackSite,numberOfRobotsOnWhiteSite
28934,30,12
timeStep,numberOfRobotsOnBlackSite,numberOfRobotsOnWhiteSite
28935,30,12
timeStep,numberOfRobotsOnBlackSite,numberOfRobotsOnWhiteSite
28936,30,12
timeStep,numberOfRobotsOnBlackSite,numberOfRobotsOnWhiteSite
28937,30,12
timeStep,numberOfRobotsOnBlackSite,numberOfRobotsOnWhiteSite
28938,30,12
timeStep,numberOfRobotsOnBlackSite,numberOfRobotsOnWhiteSite
28939,30,12
timeStep,numberOfRobotsOnBlackSite,numberOfRobotsOnWhiteSite
28940,30,12
timeStep,numberOfRobotsOnBlackSite,numberOfRobotsOnWhiteSite
28941,30,12
timeStep,numberOfRobotsOnBlackSite,numberOfRobotsOnWhiteSite
28942,30,12
timeStep,numberOfRobotsOnBlackSite,numberOfRobotsOnWhiteSite
28943,30,12
timeStep,numberOfRobotsOnBlackSite,numberOfRobotsOnWhiteSite
28944,30,12
timeStep,numberOfRobotsOnBlackSite,numberOfRobotsOnWhiteSite
28945,30,12
timeStep,numberOfRobotsOnBlackSite,numberOfRobotsOnWhiteSite
28946,30,12
timeStep,numberOfRobotsOnBlackSite,numberOfRobotsOnWhiteSite
28947,30,12
timeStep,numberOfRobotsOnBlackSite,numberOfRobotsOnWhiteSite
28948,30,12
timeStep,numberOfRobotsOnBlackSite,numberOfRobotsOnWhiteSite
28949,30,12
timeStep,numberOfRobotsOnBlackSite,numberOfRobotsOnWhiteSite
28950,30,12
timeStep,numberOfRobotsOnBlackSite,numberOfRobotsOnWhiteSite
28951,30,12
timeStep,numberOfRobotsOnBlackSite,numberOfRobotsOnWhiteSite
28952,30,12
timeStep,numberOfRobotsOnBlackSite,numberOfRobotsOnWhiteSite
28953,30,12
timeStep,numberOfRobotsOnBlackSite,numberOfRobotsOnWhiteSite
28954,30,12
timeStep,numberOfRobotsOnBlackSite,numberOfRobotsOnWhiteSite
28955,30,12
timeStep,numberOfRobotsOnBlackSite,numberOfRobotsOnWhiteSite
28956,30,12
timeStep,numberOfRobotsOnBlackSite,numberOfRobotsOnWhiteSite
28957,30,12
timeStep,numberOfRobotsOnBlackSite,numberOfRobotsOnWhiteSite
28958,30,12
timeStep,numberOfRobotsOnBlackSite,numberOfRobotsOnWhiteSite
28959,30,12
timeStep,numberOfRobotsOnBlackSite,numberOfRobotsOnWhiteSite
28960,30,12
timeStep,numberOfRobotsOnBlackSite,numberOfRobotsOnWhiteSite
28961,30,12
timeStep,numberOfRobotsOnBlackSite,numberOfRobotsOnWhiteSite
28962,30,12
timeStep,numberOfRobotsOnBlackSite,numberOfRobotsOnWhiteSite
28963,30,12
timeStep,numberOfRobotsOnBlackSite,numberOfRobotsOnWhiteSite
28964,30,12
timeStep,numberOfRobotsOnBlackSite,numberOfRobotsOnWhiteSite
28965,30,12
timeStep,numberOfRobotsOnBlackSite,numberOfRobotsOnWhiteSite
28966,30,12
timeStep,numberOfRobotsOnBlackSite,numberOfRobotsOnWhiteSite
28967,30,12
timeStep,numberOfRobotsOnBlackSite,numberOfRobotsOnWhiteSite
28968,30,12
timeStep,numberOfRobotsOnBlackSite,numberOfRobotsOnWhiteSite
28969,30,12
timeStep,numberOfRobotsOnBlackSite,numberOfRobotsOnWhiteSite
28970,30,12
timeStep,numberOfRobotsOnBlackSite,numberOfRobotsOnWhiteSite
28971,30,12
timeStep,numberOfRobotsOnBlackSite,numberOfRobotsOnWhiteSite
28972,30,12
timeStep,numberOfRobotsOnBlackSite,numberOfRobotsOnWhiteSite
28973,30,12
timeStep,numberOfRobotsOnBlackSite,numberOfRobotsOnWhiteSite
28974,30,12
timeStep,numberOfRobotsOnBlackSite,numberOfRobotsOnWhiteSite
28975,30,12
timeStep,numberOfRobotsOnBlackSite,numberOfRobotsOnWhiteSite
28976,30,12
timeStep,numberOfRobotsOnBlackSite,numberOfRobotsOnWhiteSite
28977,30,12
timeStep,numberOfRobotsOnBlackSite,numberOfRobotsOnWhiteSite
28978,30,12
timeStep,numberOfRobotsOnBlackSite,numberOfRobotsOnWhiteSite
28979,30,12
timeStep,numberOfRobotsOnBlackSite,numberOfRobotsOnWhiteSite
28980,30,12
timeStep,numberOfRobotsOnBlackSite,numberOfRobotsOnWhiteSite
28981,30,12
timeStep,numberOfRobotsOnBlackSite,numberOfRobotsOnWhiteSite
28982,30,12
timeStep,numberOfRobotsOnBlackSite,numberOfRobotsOnWhiteSite
28983,30,12
timeStep,numberOfRobotsOnBlackSite,numberOfRobotsOnWhiteSite
28984,30,12
timeStep,numberOfRobotsOnBlackSite,numberOfRobotsOnWhiteSite
28985,30,12
timeStep,numberOfRobotsOnBlackSite,numberOfRobotsOnWhiteSite
28986,30,12
timeStep,numberOfRobotsOnBlackSite,numberOfRobotsOnWhiteSite
28987,30,12
timeStep,numberOfRobotsOnBlackSite,numberOfRobotsOnWhiteSite
28988,30,12
timeStep,numberOfRobotsOnBlackSite,numberOfRobotsOnWhiteSite
28989,30,12
timeStep,numberOfRobotsOnBlackSite,numberOfRobotsOnWhiteSite
28990,30,12
timeStep,numberOfRobotsOnBlackSite,numberOfRobotsOnWhiteSite
28991,30,12
timeStep,numberOfRobotsOnBlackSite,numberOfRobotsOnWhiteSite
28992,30,12
timeStep,numberOfRobotsOnBlackSite,numberOfRobotsOnWhiteSite
28993,30,12
timeStep,numberOfRobotsOnBlackSite,numberOfRobotsOnWhiteSite
28994,30,12
timeStep,numberOfRobotsOnBlackSite,numberOfRobotsOnWhiteSite
28995,30,12
timeStep,numberOfRobotsOnBlackSite,numberOfRobotsOnWhiteSite
28996,30,12
timeStep,numberOfRobotsOnBlackSite,numberOfRobotsOnWhiteSite
28997,30,12
timeStep,numberOfRobotsOnBlackSite,numberOfRobotsOnWhiteSite
28998,30,12
timeStep,numberOfRobotsOnBlackSite,numberOfRobotsOnWhiteSite
28999,30,12
timeStep,numberOfRobotsOnBlackSite,numberOfRobotsOnWhiteSite
29000,30,12
timeStep,numberOfRobotsOnBlackSite,numberOfRobotsOnWhiteSite
29001,30,12
timeStep,numberOfRobotsOnBlackSite,numberOfRobotsOnWhiteSite
29002,30,12
timeStep,numberOfRobotsOnBlackSite,numberOfRobotsOnWhiteSite
29003,30,12
timeStep,numberOfRobotsOnBlackSite,numberOfRobotsOnWhiteSite
29004,30,12
timeStep,numberOfRobotsOnBlackSite,numberOfRobotsOnWhiteSite
29005,30,12
timeStep,numberOfRobotsOnBlackSite,numberOfRobotsOnWhiteSite
29006,30,12
timeStep,numberOfRobotsOnBlackSite,numberOfRobotsOnWhiteSite
29007,30,12
timeStep,numberOfRobotsOnBlackSite,numberOfRobotsOnWhiteSite
29008,30,12
timeStep,numberOfRobotsOnBlackSite,numberOfRobotsOnWhiteSite
29009,30,12
timeStep,numberOfRobotsOnBlackSite,numberOfRobotsOnWhiteSite
29010,30,12
timeStep,numberOfRobotsOnBlackSite,numberOfRobotsOnWhiteSite
29011,30,12
timeStep,numberOfRobotsOnBlackSite,numberOfRobotsOnWhiteSite
29012,30,12
timeStep,numberOfRobotsOnBlackSite,numberOfRobotsOnWhiteSite
29013,30,12
timeStep,numberOfRobotsOnBlackSite,numberOfRobotsOnWhiteSite
29014,30,12
timeStep,numberOfRobotsOnBlackSite,numberOfRobotsOnWhiteSite
29015,30,12
timeStep,numberOfRobotsOnBlackSite,numberOfRobotsOnWhiteSite
29016,30,12
timeStep,numberOfRobotsOnBlackSite,numberOfRobotsOnWhiteSite
29017,30,12
timeStep,numberOfRobotsOnBlackSite,numberOfRobotsOnWhiteSite
29018,30,12
timeStep,numberOfRobotsOnBlackSite,numberOfRobotsOnWhiteSite
29019,30,12
timeStep,numberOfRobotsOnBlackSite,numberOfRobotsOnWhiteSite
29020,30,12
timeStep,numberOfRobotsOnBlackSite,numberOfRobotsOnWhiteSite
29021,30,12
timeStep,numberOfRobotsOnBlackSite,numberOfRobotsOnWhiteSite
29022,30,12
timeStep,numberOfRobotsOnBlackSite,numberOfRobotsOnWhiteSite
29023,30,12
timeStep,numberOfRobotsOnBlackSite,numberOfRobotsOnWhiteSite
29024,30,12
timeStep,numberOfRobotsOnBlackSite,numberOfRobotsOnWhiteSite
29025,30,12
timeStep,numberOfRobotsOnBlackSite,numberOfRobotsOnWhiteSite
29026,30,12
timeStep,numberOfRobotsOnBlackSite,numberOfRobotsOnWhiteSite
29027,30,12
timeStep,numberOfRobotsOnBlackSite,numberOfRobotsOnWhiteSite
29028,30,12
timeStep,numberOfRobotsOnBlackSite,numberOfRobotsOnWhiteSite
29029,30,12
timeStep,numberOfRobotsOnBlackSite,numberOfRobotsOnWhiteSite
29030,30,12
timeStep,numberOfRobotsOnBlackSite,numberOfRobotsOnWhiteSite
29031,30,12
timeStep,numberOfRobotsOnBlackSite,numberOfRobotsOnWhiteSite
29032,30,12
timeStep,numberOfRobotsOnBlackSite,numberOfRobotsOnWhiteSite
29033,30,12
timeStep,numberOfRobotsOnBlackSite,numberOfRobotsOnWhiteSite
29034,30,12
timeStep,numberOfRobotsOnBlackSite,numberOfRobotsOnWhiteSite
29035,30,12
timeStep,numberOfRobotsOnBlackSite,numberOfRobotsOnWhiteSite
29036,30,12
timeStep,numberOfRobotsOnBlackSite,numberOfRobotsOnWhiteSite
29037,30,12
timeStep,numberOfRobotsOnBlackSite,numberOfRobotsOnWhiteSite
29038,30,12
timeStep,numberOfRobotsOnBlackSite,numberOfRobotsOnWhiteSite
29039,30,12
timeStep,numberOfRobotsOnBlackSite,numberOfRobotsOnWhiteSite
29040,30,12
timeStep,numberOfRobotsOnBlackSite,numberOfRobotsOnWhiteSite
29041,30,12
timeStep,numberOfRobotsOnBlackSite,numberOfRobotsOnWhiteSite
29042,30,12
timeStep,numberOfRobotsOnBlackSite,numberOfRobotsOnWhiteSite
29043,30,12
timeStep,numberOfRobotsOnBlackSite,numberOfRobotsOnWhiteSite
29044,30,12
timeStep,numberOfRobotsOnBlackSite,numberOfRobotsOnWhiteSite
29045,30,12
timeStep,numberOfRobotsOnBlackSite,numberOfRobotsOnWhiteSite
29046,30,12
timeStep,numberOfRobotsOnBlackSite,numberOfRobotsOnWhiteSite
29047,30,12
timeStep,numberOfRobotsOnBlackSite,numberOfRobotsOnWhiteSite
29048,30,12
timeStep,numberOfRobotsOnBlackSite,numberOfRobotsOnWhiteSite
29049,30,12
timeStep,numberOfRobotsOnBlackSite,numberOfRobotsOnWhiteSite
29050,30,12
timeStep,numberOfRobotsOnBlackSite,numberOfRobotsOnWhiteSite
29051,30,12
timeStep,numberOfRobotsOnBlackSite,numberOfRobotsOnWhiteSite
29052,30,12
timeStep,numberOfRobotsOnBlackSite,numberOfRobotsOnWhiteSite
29053,30,12
timeStep,numberOfRobotsOnBlackSite,numberOfRobotsOnWhiteSite
29054,30,12
timeStep,numberOfRobotsOnBlackSite,numberOfRobotsOnWhiteSite
29055,30,12
timeStep,numberOfRobotsOnBlackSite,numberOfRobotsOnWhiteSite
29056,30,12
timeStep,numberOfRobotsOnBlackSite,numberOfRobotsOnWhiteSite
29057,30,12
timeStep,numberOfRobotsOnBlackSite,numberOfRobotsOnWhiteSite
29058,30,12
timeStep,numberOfRobotsOnBlackSite,numberOfRobotsOnWhiteSite
29059,30,12
timeStep,numberOfRobotsOnBlackSite,numberOfRobotsOnWhiteSite
29060,30,12
timeStep,numberOfRobotsOnBlackSite,numberOfRobotsOnWhiteSite
29061,30,12
timeStep,numberOfRobotsOnBlackSite,numberOfRobotsOnWhiteSite
29062,30,12
timeStep,numberOfRobotsOnBlackSite,numberOfRobotsOnWhiteSite
29063,30,12
timeStep,numberOfRobotsOnBlackSite,numberOfRobotsOnWhiteSite
29064,30,12
timeStep,numberOfRobotsOnBlackSite,numberOfRobotsOnWhiteSite
29065,30,12
timeStep,numberOfRobotsOnBlackSite,numberOfRobotsOnWhiteSite
29066,30,12
timeStep,numberOfRobotsOnBlackSite,numberOfRobotsOnWhiteSite
29067,30,12
timeStep,numberOfRobotsOnBlackSite,numberOfRobotsOnWhiteSite
29068,30,12
timeStep,numberOfRobotsOnBlackSite,numberOfRobotsOnWhiteSite
29069,30,12
timeStep,numberOfRobotsOnBlackSite,numberOfRobotsOnWhiteSite
29070,30,12
timeStep,numberOfRobotsOnBlackSite,numberOfRobotsOnWhiteSite
29071,30,12
timeStep,numberOfRobotsOnBlackSite,numberOfRobotsOnWhiteSite
29072,30,12
timeStep,numberOfRobotsOnBlackSite,numberOfRobotsOnWhiteSite
29073,30,12
timeStep,numberOfRobotsOnBlackSite,numberOfRobotsOnWhiteSite
29074,30,12
timeStep,numberOfRobotsOnBlackSite,numberOfRobotsOnWhiteSite
29075,30,12
timeStep,numberOfRobotsOnBlackSite,numberOfRobotsOnWhiteSite
29076,30,12
timeStep,numberOfRobotsOnBlackSite,numberOfRobotsOnWhiteSite
29077,30,12
timeStep,numberOfRobotsOnBlackSite,numberOfRobotsOnWhiteSite
29078,30,12
timeStep,numberOfRobotsOnBlackSite,numberOfRobotsOnWhiteSite
29079,30,12
timeStep,numberOfRobotsOnBlackSite,numberOfRobotsOnWhiteSite
29080,30,12
timeStep,numberOfRobotsOnBlackSite,numberOfRobotsOnWhiteSite
29081,30,12
timeStep,numberOfRobotsOnBlackSite,numberOfRobotsOnWhiteSite
29082,30,12
timeStep,numberOfRobotsOnBlackSite,numberOfRobotsOnWhiteSite
29083,30,12
timeStep,numberOfRobotsOnBlackSite,numberOfRobotsOnWhiteSite
29084,30,12
timeStep,numberOfRobotsOnBlackSite,numberOfRobotsOnWhiteSite
29085,30,12
timeStep,numberOfRobotsOnBlackSite,numberOfRobotsOnWhiteSite
29086,30,12
timeStep,numberOfRobotsOnBlackSite,numberOfRobotsOnWhiteSite
29087,30,12
timeStep,numberOfRobotsOnBlackSite,numberOfRobotsOnWhiteSite
29088,30,12
timeStep,numberOfRobotsOnBlackSite,numberOfRobotsOnWhiteSite
29089,30,12
timeStep,numberOfRobotsOnBlackSite,numberOfRobotsOnWhiteSite
29090,30,12
timeStep,numberOfRobotsOnBlackSite,numberOfRobotsOnWhiteSite
29091,30,12
timeStep,numberOfRobotsOnBlackSite,numberOfRobotsOnWhiteSite
29092,30,12
timeStep,numberOfRobotsOnBlackSite,numberOfRobotsOnWhiteSite
29093,30,12
timeStep,numberOfRobotsOnBlackSite,numberOfRobotsOnWhiteSite
29094,30,12
timeStep,numberOfRobotsOnBlackSite,numberOfRobotsOnWhiteSite
29095,30,12
timeStep,numberOfRobotsOnBlackSite,numberOfRobotsOnWhiteSite
29096,30,12
timeStep,numberOfRobotsOnBlackSite,numberOfRobotsOnWhiteSite
29097,30,12
timeStep,numberOfRobotsOnBlackSite,numberOfRobotsOnWhiteSite
29098,30,12
timeStep,numberOfRobotsOnBlackSite,numberOfRobotsOnWhiteSite
29099,30,12
timeStep,numberOfRobotsOnBlackSite,numberOfRobotsOnWhiteSite
29100,30,12
timeStep,numberOfRobotsOnBlackSite,numberOfRobotsOnWhiteSite
29101,30,12
timeStep,numberOfRobotsOnBlackSite,numberOfRobotsOnWhiteSite
29102,30,12
timeStep,numberOfRobotsOnBlackSite,numberOfRobotsOnWhiteSite
29103,30,12
timeStep,numberOfRobotsOnBlackSite,numberOfRobotsOnWhiteSite
29104,30,12
timeStep,numberOfRobotsOnBlackSite,numberOfRobotsOnWhiteSite
29105,30,12
timeStep,numberOfRobotsOnBlackSite,numberOfRobotsOnWhiteSite
29106,30,12
timeStep,numberOfRobotsOnBlackSite,numberOfRobotsOnWhiteSite
29107,30,12
timeStep,numberOfRobotsOnBlackSite,numberOfRobotsOnWhiteSite
29108,30,12
timeStep,numberOfRobotsOnBlackSite,numberOfRobotsOnWhiteSite
29109,30,12
timeStep,numberOfRobotsOnBlackSite,numberOfRobotsOnWhiteSite
29110,30,12
timeStep,numberOfRobotsOnBlackSite,numberOfRobotsOnWhiteSite
29111,30,12
timeStep,numberOfRobotsOnBlackSite,numberOfRobotsOnWhiteSite
29112,30,12
timeStep,numberOfRobotsOnBlackSite,numberOfRobotsOnWhiteSite
29113,30,12
timeStep,numberOfRobotsOnBlackSite,numberOfRobotsOnWhiteSite
29114,30,12
timeStep,numberOfRobotsOnBlackSite,numberOfRobotsOnWhiteSite
29115,30,12
timeStep,numberOfRobotsOnBlackSite,numberOfRobotsOnWhiteSite
29116,30,12
timeStep,numberOfRobotsOnBlackSite,numberOfRobotsOnWhiteSite
29117,30,12
timeStep,numberOfRobotsOnBlackSite,numberOfRobotsOnWhiteSite
29118,30,12
timeStep,numberOfRobotsOnBlackSite,numberOfRobotsOnWhiteSite
29119,30,12
timeStep,numberOfRobotsOnBlackSite,numberOfRobotsOnWhiteSite
29120,30,12
timeStep,numberOfRobotsOnBlackSite,numberOfRobotsOnWhiteSite
29121,30,12
timeStep,numberOfRobotsOnBlackSite,numberOfRobotsOnWhiteSite
29122,30,12
timeStep,numberOfRobotsOnBlackSite,numberOfRobotsOnWhiteSite
29123,30,12
timeStep,numberOfRobotsOnBlackSite,numberOfRobotsOnWhiteSite
29124,30,12
timeStep,numberOfRobotsOnBlackSite,numberOfRobotsOnWhiteSite
29125,30,12
timeStep,numberOfRobotsOnBlackSite,numberOfRobotsOnWhiteSite
29126,30,12
timeStep,numberOfRobotsOnBlackSite,numberOfRobotsOnWhiteSite
29127,30,12
timeStep,numberOfRobotsOnBlackSite,numberOfRobotsOnWhiteSite
29128,30,12
timeStep,numberOfRobotsOnBlackSite,numberOfRobotsOnWhiteSite
29129,30,12
timeStep,numberOfRobotsOnBlackSite,numberOfRobotsOnWhiteSite
29130,30,12
timeStep,numberOfRobotsOnBlackSite,numberOfRobotsOnWhiteSite
29131,30,12
timeStep,numberOfRobotsOnBlackSite,numberOfRobotsOnWhiteSite
29132,30,12
timeStep,numberOfRobotsOnBlackSite,numberOfRobotsOnWhiteSite
29133,30,12
timeStep,numberOfRobotsOnBlackSite,numberOfRobotsOnWhiteSite
29134,30,12
timeStep,numberOfRobotsOnBlackSite,numberOfRobotsOnWhiteSite
29135,30,12
timeStep,numberOfRobotsOnBlackSite,numberOfRobotsOnWhiteSite
29136,30,12
timeStep,numberOfRobotsOnBlackSite,numberOfRobotsOnWhiteSite
29137,30,12
timeStep,numberOfRobotsOnBlackSite,numberOfRobotsOnWhiteSite
29138,30,12
timeStep,numberOfRobotsOnBlackSite,numberOfRobotsOnWhiteSite
29139,30,12
timeStep,numberOfRobotsOnBlackSite,numberOfRobotsOnWhiteSite
29140,30,12
timeStep,numberOfRobotsOnBlackSite,numberOfRobotsOnWhiteSite
29141,30,12
timeStep,numberOfRobotsOnBlackSite,numberOfRobotsOnWhiteSite
29142,30,12
timeStep,numberOfRobotsOnBlackSite,numberOfRobotsOnWhiteSite
29143,30,12
timeStep,numberOfRobotsOnBlackSite,numberOfRobotsOnWhiteSite
29144,30,12
timeStep,numberOfRobotsOnBlackSite,numberOfRobotsOnWhiteSite
29145,30,12
timeStep,numberOfRobotsOnBlackSite,numberOfRobotsOnWhiteSite
29146,30,12
timeStep,numberOfRobotsOnBlackSite,numberOfRobotsOnWhiteSite
29147,30,12
timeStep,numberOfRobotsOnBlackSite,numberOfRobotsOnWhiteSite
29148,30,12
timeStep,numberOfRobotsOnBlackSite,numberOfRobotsOnWhiteSite
29149,30,12
timeStep,numberOfRobotsOnBlackSite,numberOfRobotsOnWhiteSite
29150,30,12
timeStep,numberOfRobotsOnBlackSite,numberOfRobotsOnWhiteSite
29151,30,12
timeStep,numberOfRobotsOnBlackSite,numberOfRobotsOnWhiteSite
29152,30,12
timeStep,numberOfRobotsOnBlackSite,numberOfRobotsOnWhiteSite
29153,30,12
timeStep,numberOfRobotsOnBlackSite,numberOfRobotsOnWhiteSite
29154,30,12
timeStep,numberOfRobotsOnBlackSite,numberOfRobotsOnWhiteSite
29155,30,13
timeStep,numberOfRobotsOnBlackSite,numberOfRobotsOnWhiteSite
29156,30,13
timeStep,numberOfRobotsOnBlackSite,numberOfRobotsOnWhiteSite
29157,30,13
timeStep,numberOfRobotsOnBlackSite,numberOfRobotsOnWhiteSite
29158,30,13
timeStep,numberOfRobotsOnBlackSite,numberOfRobotsOnWhiteSite
29159,30,13
timeStep,numberOfRobotsOnBlackSite,numberOfRobotsOnWhiteSite
29160,30,13
timeStep,numberOfRobotsOnBlackSite,numberOfRobotsOnWhiteSite
29161,30,13
timeStep,numberOfRobotsOnBlackSite,numberOfRobotsOnWhiteSite
29162,30,13
timeStep,numberOfRobotsOnBlackSite,numberOfRobotsOnWhiteSite
29163,30,13
timeStep,numberOfRobotsOnBlackSite,numberOfRobotsOnWhiteSite
29164,30,13
timeStep,numberOfRobotsOnBlackSite,numberOfRobotsOnWhiteSite
29165,30,13
timeStep,numberOfRobotsOnBlackSite,numberOfRobotsOnWhiteSite
29166,30,13
timeStep,numberOfRobotsOnBlackSite,numberOfRobotsOnWhiteSite
29167,30,13
timeStep,numberOfRobotsOnBlackSite,numberOfRobotsOnWhiteSite
29168,30,13
timeStep,numberOfRobotsOnBlackSite,numberOfRobotsOnWhiteSite
29169,30,13
timeStep,numberOfRobotsOnBlackSite,numberOfRobotsOnWhiteSite
29170,30,13
timeStep,numberOfRobotsOnBlackSite,numberOfRobotsOnWhiteSite
29171,30,13
timeStep,numberOfRobotsOnBlackSite,numberOfRobotsOnWhiteSite
29172,30,13
timeStep,numberOfRobotsOnBlackSite,numberOfRobotsOnWhiteSite
29173,30,13
timeStep,numberOfRobotsOnBlackSite,numberOfRobotsOnWhiteSite
29174,30,13
timeStep,numberOfRobotsOnBlackSite,numberOfRobotsOnWhiteSite
29175,30,13
timeStep,numberOfRobotsOnBlackSite,numberOfRobotsOnWhiteSite
29176,30,13
timeStep,numberOfRobotsOnBlackSite,numberOfRobotsOnWhiteSite
29177,30,13
timeStep,numberOfRobotsOnBlackSite,numberOfRobotsOnWhiteSite
29178,30,13
timeStep,numberOfRobotsOnBlackSite,numberOfRobotsOnWhiteSite
29179,30,13
timeStep,numberOfRobotsOnBlackSite,numberOfRobotsOnWhiteSite
29180,30,13
timeStep,numberOfRobotsOnBlackSite,numberOfRobotsOnWhiteSite
29181,30,13
timeStep,numberOfRobotsOnBlackSite,numberOfRobotsOnWhiteSite
29182,30,13
timeStep,numberOfRobotsOnBlackSite,numberOfRobotsOnWhiteSite
29183,30,13
timeStep,numberOfRobotsOnBlackSite,numberOfRobotsOnWhiteSite
29184,30,13
timeStep,numberOfRobotsOnBlackSite,numberOfRobotsOnWhiteSite
29185,29,13
timeStep,numberOfRobotsOnBlackSite,numberOfRobotsOnWhiteSite
29186,29,13
timeStep,numberOfRobotsOnBlackSite,numberOfRobotsOnWhiteSite
29187,29,13
timeStep,numberOfRobotsOnBlackSite,numberOfRobotsOnWhiteSite
29188,29,13
timeStep,numberOfRobotsOnBlackSite,numberOfRobotsOnWhiteSite
29189,29,13
timeStep,numberOfRobotsOnBlackSite,numberOfRobotsOnWhiteSite
29190,29,13
timeStep,numberOfRobotsOnBlackSite,numberOfRobotsOnWhiteSite
29191,29,13
timeStep,numberOfRobotsOnBlackSite,numberOfRobotsOnWhiteSite
29192,29,13
timeStep,numberOfRobotsOnBlackSite,numberOfRobotsOnWhiteSite
29193,29,13
timeStep,numberOfRobotsOnBlackSite,numberOfRobotsOnWhiteSite
29194,29,13
timeStep,numberOfRobotsOnBlackSite,numberOfRobotsOnWhiteSite
29195,29,13
timeStep,numberOfRobotsOnBlackSite,numberOfRobotsOnWhiteSite
29196,29,13
timeStep,numberOfRobotsOnBlackSite,numberOfRobotsOnWhiteSite
29197,29,13
timeStep,numberOfRobotsOnBlackSite,numberOfRobotsOnWhiteSite
29198,29,13
timeStep,numberOfRobotsOnBlackSite,numberOfRobotsOnWhiteSite
29199,29,13
timeStep,numberOfRobotsOnBlackSite,numberOfRobotsOnWhiteSite
29200,29,13
timeStep,numberOfRobotsOnBlackSite,numberOfRobotsOnWhiteSite
29201,29,13
timeStep,numberOfRobotsOnBlackSite,numberOfRobotsOnWhiteSite
29202,29,13
timeStep,numberOfRobotsOnBlackSite,numberOfRobotsOnWhiteSite
29203,29,13
timeStep,numberOfRobotsOnBlackSite,numberOfRobotsOnWhiteSite
29204,29,13
timeStep,numberOfRobotsOnBlackSite,numberOfRobotsOnWhiteSite
29205,29,13
timeStep,numberOfRobotsOnBlackSite,numberOfRobotsOnWhiteSite
29206,29,13
timeStep,numberOfRobotsOnBlackSite,numberOfRobotsOnWhiteSite
29207,29,13
timeStep,numberOfRobotsOnBlackSite,numberOfRobotsOnWhiteSite
29208,29,13
timeStep,numberOfRobotsOnBlackSite,numberOfRobotsOnWhiteSite
29209,29,13
timeStep,numberOfRobotsOnBlackSite,numberOfRobotsOnWhiteSite
29210,29,13
timeStep,numberOfRobotsOnBlackSite,numberOfRobotsOnWhiteSite
29211,29,13
timeStep,numberOfRobotsOnBlackSite,numberOfRobotsOnWhiteSite
29212,29,13
timeStep,numberOfRobotsOnBlackSite,numberOfRobotsOnWhiteSite
29213,29,13
timeStep,numberOfRobotsOnBlackSite,numberOfRobotsOnWhiteSite
29214,29,13
timeStep,numberOfRobotsOnBlackSite,numberOfRobotsOnWhiteSite
29215,29,13
timeStep,numberOfRobotsOnBlackSite,numberOfRobotsOnWhiteSite
29216,29,13
timeStep,numberOfRobotsOnBlackSite,numberOfRobotsOnWhiteSite
29217,29,13
timeStep,numberOfRobotsOnBlackSite,numberOfRobotsOnWhiteSite
29218,29,13
timeStep,numberOfRobotsOnBlackSite,numberOfRobotsOnWhiteSite
29219,29,13
timeStep,numberOfRobotsOnBlackSite,numberOfRobotsOnWhiteSite
29220,29,13
timeStep,numberOfRobotsOnBlackSite,numberOfRobotsOnWhiteSite
29221,29,13
timeStep,numberOfRobotsOnBlackSite,numberOfRobotsOnWhiteSite
29222,29,13
timeStep,numberOfRobotsOnBlackSite,numberOfRobotsOnWhiteSite
29223,29,13
timeStep,numberOfRobotsOnBlackSite,numberOfRobotsOnWhiteSite
29224,29,13
timeStep,numberOfRobotsOnBlackSite,numberOfRobotsOnWhiteSite
29225,29,12
timeStep,numberOfRobotsOnBlackSite,numberOfRobotsOnWhiteSite
29226,29,12
timeStep,numberOfRobotsOnBlackSite,numberOfRobotsOnWhiteSite
29227,29,12
timeStep,numberOfRobotsOnBlackSite,numberOfRobotsOnWhiteSite
29228,29,12
timeStep,numberOfRobotsOnBlackSite,numberOfRobotsOnWhiteSite
29229,29,12
timeStep,numberOfRobotsOnBlackSite,numberOfRobotsOnWhiteSite
29230,29,12
timeStep,numberOfRobotsOnBlackSite,numberOfRobotsOnWhiteSite
29231,29,12
timeStep,numberOfRobotsOnBlackSite,numberOfRobotsOnWhiteSite
29232,29,12
timeStep,numberOfRobotsOnBlackSite,numberOfRobotsOnWhiteSite
29233,29,12
timeStep,numberOfRobotsOnBlackSite,numberOfRobotsOnWhiteSite
29234,29,12
timeStep,numberOfRobotsOnBlackSite,numberOfRobotsOnWhiteSite
29235,29,12
timeStep,numberOfRobotsOnBlackSite,numberOfRobotsOnWhiteSite
29236,29,12
timeStep,numberOfRobotsOnBlackSite,numberOfRobotsOnWhiteSite
29237,29,12
timeStep,numberOfRobotsOnBlackSite,numberOfRobotsOnWhiteSite
29238,29,12
timeStep,numberOfRobotsOnBlackSite,numberOfRobotsOnWhiteSite
29239,29,12
timeStep,numberOfRobotsOnBlackSite,numberOfRobotsOnWhiteSite
29240,29,11
timeStep,numberOfRobotsOnBlackSite,numberOfRobotsOnWhiteSite
29241,29,11
timeStep,numberOfRobotsOnBlackSite,numberOfRobotsOnWhiteSite
29242,29,11
timeStep,numberOfRobotsOnBlackSite,numberOfRobotsOnWhiteSite
29243,29,11
timeStep,numberOfRobotsOnBlackSite,numberOfRobotsOnWhiteSite
29244,29,11
timeStep,numberOfRobotsOnBlackSite,numberOfRobotsOnWhiteSite
29245,29,11
timeStep,numberOfRobotsOnBlackSite,numberOfRobotsOnWhiteSite
29246,29,11
timeStep,numberOfRobotsOnBlackSite,numberOfRobotsOnWhiteSite
29247,29,11
timeStep,numberOfRobotsOnBlackSite,numberOfRobotsOnWhiteSite
29248,29,11
timeStep,numberOfRobotsOnBlackSite,numberOfRobotsOnWhiteSite
29249,29,11
timeStep,numberOfRobotsOnBlackSite,numberOfRobotsOnWhiteSite
29250,29,11
timeStep,numberOfRobotsOnBlackSite,numberOfRobotsOnWhiteSite
29251,29,11
timeStep,numberOfRobotsOnBlackSite,numberOfRobotsOnWhiteSite
29252,29,11
timeStep,numberOfRobotsOnBlackSite,numberOfRobotsOnWhiteSite
29253,29,11
timeStep,numberOfRobotsOnBlackSite,numberOfRobotsOnWhiteSite
29254,29,11
timeStep,numberOfRobotsOnBlackSite,numberOfRobotsOnWhiteSite
29255,29,11
timeStep,numberOfRobotsOnBlackSite,numberOfRobotsOnWhiteSite
29256,29,11
timeStep,numberOfRobotsOnBlackSite,numberOfRobotsOnWhiteSite
29257,29,11
timeStep,numberOfRobotsOnBlackSite,numberOfRobotsOnWhiteSite
29258,29,11
timeStep,numberOfRobotsOnBlackSite,numberOfRobotsOnWhiteSite
29259,29,11
timeStep,numberOfRobotsOnBlackSite,numberOfRobotsOnWhiteSite
29260,28,11
timeStep,numberOfRobotsOnBlackSite,numberOfRobotsOnWhiteSite
29261,28,11
timeStep,numberOfRobotsOnBlackSite,numberOfRobotsOnWhiteSite
29262,28,11
timeStep,numberOfRobotsOnBlackSite,numberOfRobotsOnWhiteSite
29263,28,11
timeStep,numberOfRobotsOnBlackSite,numberOfRobotsOnWhiteSite
29264,28,11
timeStep,numberOfRobotsOnBlackSite,numberOfRobotsOnWhiteSite
29265,28,11
timeStep,numberOfRobotsOnBlackSite,numberOfRobotsOnWhiteSite
29266,28,11
timeStep,numberOfRobotsOnBlackSite,numberOfRobotsOnWhiteSite
29267,28,11
timeStep,numberOfRobotsOnBlackSite,numberOfRobotsOnWhiteSite
29268,28,11
timeStep,numberOfRobotsOnBlackSite,numberOfRobotsOnWhiteSite
29269,28,11
timeStep,numberOfRobotsOnBlackSite,numberOfRobotsOnWhiteSite
29270,28,11
timeStep,numberOfRobotsOnBlackSite,numberOfRobotsOnWhiteSite
29271,28,11
timeStep,numberOfRobotsOnBlackSite,numberOfRobotsOnWhiteSite
29272,28,11
timeStep,numberOfRobotsOnBlackSite,numberOfRobotsOnWhiteSite
29273,28,11
timeStep,numberOfRobotsOnBlackSite,numberOfRobotsOnWhiteSite
29274,28,11
timeStep,numberOfRobotsOnBlackSite,numberOfRobotsOnWhiteSite
29275,28,11
timeStep,numberOfRobotsOnBlackSite,numberOfRobotsOnWhiteSite
29276,28,11
timeStep,numberOfRobotsOnBlackSite,numberOfRobotsOnWhiteSite
29277,28,11
timeStep,numberOfRobotsOnBlackSite,numberOfRobotsOnWhiteSite
29278,28,11
timeStep,numberOfRobotsOnBlackSite,numberOfRobotsOnWhiteSite
29279,28,11
timeStep,numberOfRobotsOnBlackSite,numberOfRobotsOnWhiteSite
29280,28,11
timeStep,numberOfRobotsOnBlackSite,numberOfRobotsOnWhiteSite
29281,28,11
timeStep,numberOfRobotsOnBlackSite,numberOfRobotsOnWhiteSite
29282,28,11
timeStep,numberOfRobotsOnBlackSite,numberOfRobotsOnWhiteSite
29283,28,11
timeStep,numberOfRobotsOnBlackSite,numberOfRobotsOnWhiteSite
29284,28,11
timeStep,numberOfRobotsOnBlackSite,numberOfRobotsOnWhiteSite
29285,28,11
timeStep,numberOfRobotsOnBlackSite,numberOfRobotsOnWhiteSite
29286,28,11
timeStep,numberOfRobotsOnBlackSite,numberOfRobotsOnWhiteSite
29287,28,11
timeStep,numberOfRobotsOnBlackSite,numberOfRobotsOnWhiteSite
29288,28,11
timeStep,numberOfRobotsOnBlackSite,numberOfRobotsOnWhiteSite
29289,28,11
timeStep,numberOfRobotsOnBlackSite,numberOfRobotsOnWhiteSite
29290,28,11
timeStep,numberOfRobotsOnBlackSite,numberOfRobotsOnWhiteSite
29291,28,11
timeStep,numberOfRobotsOnBlackSite,numberOfRobotsOnWhiteSite
29292,28,11
timeStep,numberOfRobotsOnBlackSite,numberOfRobotsOnWhiteSite
29293,28,11
timeStep,numberOfRobotsOnBlackSite,numberOfRobotsOnWhiteSite
29294,28,11
timeStep,numberOfRobotsOnBlackSite,numberOfRobotsOnWhiteSite
29295,28,11
timeStep,numberOfRobotsOnBlackSite,numberOfRobotsOnWhiteSite
29296,28,11
timeStep,numberOfRobotsOnBlackSite,numberOfRobotsOnWhiteSite
29297,28,11
timeStep,numberOfRobotsOnBlackSite,numberOfRobotsOnWhiteSite
29298,28,11
timeStep,numberOfRobotsOnBlackSite,numberOfRobotsOnWhiteSite
29299,28,11
timeStep,numberOfRobotsOnBlackSite,numberOfRobotsOnWhiteSite
29300,28,11
timeStep,numberOfRobotsOnBlackSite,numberOfRobotsOnWhiteSite
29301,28,11
timeStep,numberOfRobotsOnBlackSite,numberOfRobotsOnWhiteSite
29302,28,11
timeStep,numberOfRobotsOnBlackSite,numberOfRobotsOnWhiteSite
29303,28,11
timeStep,numberOfRobotsOnBlackSite,numberOfRobotsOnWhiteSite
29304,28,11
timeStep,numberOfRobotsOnBlackSite,numberOfRobotsOnWhiteSite
29305,28,11
timeStep,numberOfRobotsOnBlackSite,numberOfRobotsOnWhiteSite
29306,28,11
timeStep,numberOfRobotsOnBlackSite,numberOfRobotsOnWhiteSite
29307,28,11
timeStep,numberOfRobotsOnBlackSite,numberOfRobotsOnWhiteSite
29308,28,11
timeStep,numberOfRobotsOnBlackSite,numberOfRobotsOnWhiteSite
29309,28,11
timeStep,numberOfRobotsOnBlackSite,numberOfRobotsOnWhiteSite
29310,28,11
timeStep,numberOfRobotsOnBlackSite,numberOfRobotsOnWhiteSite
29311,28,11
timeStep,numberOfRobotsOnBlackSite,numberOfRobotsOnWhiteSite
29312,28,11
timeStep,numberOfRobotsOnBlackSite,numberOfRobotsOnWhiteSite
29313,28,11
timeStep,numberOfRobotsOnBlackSite,numberOfRobotsOnWhiteSite
29314,28,11
timeStep,numberOfRobotsOnBlackSite,numberOfRobotsOnWhiteSite
29315,29,11
timeStep,numberOfRobotsOnBlackSite,numberOfRobotsOnWhiteSite
29316,29,11
timeStep,numberOfRobotsOnBlackSite,numberOfRobotsOnWhiteSite
29317,29,11
timeStep,numberOfRobotsOnBlackSite,numberOfRobotsOnWhiteSite
29318,29,11
timeStep,numberOfRobotsOnBlackSite,numberOfRobotsOnWhiteSite
29319,29,11
timeStep,numberOfRobotsOnBlackSite,numberOfRobotsOnWhiteSite
29320,29,11
timeStep,numberOfRobotsOnBlackSite,numberOfRobotsOnWhiteSite
29321,29,11
timeStep,numberOfRobotsOnBlackSite,numberOfRobotsOnWhiteSite
29322,29,11
timeStep,numberOfRobotsOnBlackSite,numberOfRobotsOnWhiteSite
29323,29,11
timeStep,numberOfRobotsOnBlackSite,numberOfRobotsOnWhiteSite
29324,29,11
timeStep,numberOfRobotsOnBlackSite,numberOfRobotsOnWhiteSite
29325,29,11
timeStep,numberOfRobotsOnBlackSite,numberOfRobotsOnWhiteSite
29326,29,11
timeStep,numberOfRobotsOnBlackSite,numberOfRobotsOnWhiteSite
29327,29,11
timeStep,numberOfRobotsOnBlackSite,numberOfRobotsOnWhiteSite
29328,29,11
timeStep,numberOfRobotsOnBlackSite,numberOfRobotsOnWhiteSite
29329,29,11
timeStep,numberOfRobotsOnBlackSite,numberOfRobotsOnWhiteSite
29330,29,11
timeStep,numberOfRobotsOnBlackSite,numberOfRobotsOnWhiteSite
29331,29,11
timeStep,numberOfRobotsOnBlackSite,numberOfRobotsOnWhiteSite
29332,29,11
timeStep,numberOfRobotsOnBlackSite,numberOfRobotsOnWhiteSite
29333,29,11
timeStep,numberOfRobotsOnBlackSite,numberOfRobotsOnWhiteSite
29334,29,11
timeStep,numberOfRobotsOnBlackSite,numberOfRobotsOnWhiteSite
29335,29,11
timeStep,numberOfRobotsOnBlackSite,numberOfRobotsOnWhiteSite
29336,29,11
timeStep,numberOfRobotsOnBlackSite,numberOfRobotsOnWhiteSite
29337,29,11
timeStep,numberOfRobotsOnBlackSite,numberOfRobotsOnWhiteSite
29338,29,11
timeStep,numberOfRobotsOnBlackSite,numberOfRobotsOnWhiteSite
29339,29,11
timeStep,numberOfRobotsOnBlackSite,numberOfRobotsOnWhiteSite
29340,29,11
timeStep,numberOfRobotsOnBlackSite,numberOfRobotsOnWhiteSite
29341,29,11
timeStep,numberOfRobotsOnBlackSite,numberOfRobotsOnWhiteSite
29342,29,11
timeStep,numberOfRobotsOnBlackSite,numberOfRobotsOnWhiteSite
29343,29,11
timeStep,numberOfRobotsOnBlackSite,numberOfRobotsOnWhiteSite
29344,29,11
timeStep,numberOfRobotsOnBlackSite,numberOfRobotsOnWhiteSite
29345,29,11
timeStep,numberOfRobotsOnBlackSite,numberOfRobotsOnWhiteSite
29346,29,11
timeStep,numberOfRobotsOnBlackSite,numberOfRobotsOnWhiteSite
29347,29,11
timeStep,numberOfRobotsOnBlackSite,numberOfRobotsOnWhiteSite
29348,29,11
timeStep,numberOfRobotsOnBlackSite,numberOfRobotsOnWhiteSite
29349,29,11
timeStep,numberOfRobotsOnBlackSite,numberOfRobotsOnWhiteSite
29350,29,11
timeStep,numberOfRobotsOnBlackSite,numberOfRobotsOnWhiteSite
29351,29,11
timeStep,numberOfRobotsOnBlackSite,numberOfRobotsOnWhiteSite
29352,29,11
timeStep,numberOfRobotsOnBlackSite,numberOfRobotsOnWhiteSite
29353,29,11
timeStep,numberOfRobotsOnBlackSite,numberOfRobotsOnWhiteSite
29354,29,11
timeStep,numberOfRobotsOnBlackSite,numberOfRobotsOnWhiteSite
29355,29,11
timeStep,numberOfRobotsOnBlackSite,numberOfRobotsOnWhiteSite
29356,29,11
timeStep,numberOfRobotsOnBlackSite,numberOfRobotsOnWhiteSite
29357,29,11
timeStep,numberOfRobotsOnBlackSite,numberOfRobotsOnWhiteSite
29358,29,11
timeStep,numberOfRobotsOnBlackSite,numberOfRobotsOnWhiteSite
29359,29,11
timeStep,numberOfRobotsOnBlackSite,numberOfRobotsOnWhiteSite
29360,29,11
timeStep,numberOfRobotsOnBlackSite,numberOfRobotsOnWhiteSite
29361,29,11
timeStep,numberOfRobotsOnBlackSite,numberOfRobotsOnWhiteSite
29362,29,11
timeStep,numberOfRobotsOnBlackSite,numberOfRobotsOnWhiteSite
29363,29,11
timeStep,numberOfRobotsOnBlackSite,numberOfRobotsOnWhiteSite
29364,29,11
timeStep,numberOfRobotsOnBlackSite,numberOfRobotsOnWhiteSite
29365,29,11
timeStep,numberOfRobotsOnBlackSite,numberOfRobotsOnWhiteSite
29366,29,11
timeStep,numberOfRobotsOnBlackSite,numberOfRobotsOnWhiteSite
29367,29,11
timeStep,numberOfRobotsOnBlackSite,numberOfRobotsOnWhiteSite
29368,29,11
timeStep,numberOfRobotsOnBlackSite,numberOfRobotsOnWhiteSite
29369,29,11
timeStep,numberOfRobotsOnBlackSite,numberOfRobotsOnWhiteSite
29370,29,12
timeStep,numberOfRobotsOnBlackSite,numberOfRobotsOnWhiteSite
29371,29,12
timeStep,numberOfRobotsOnBlackSite,numberOfRobotsOnWhiteSite
29372,29,12
timeStep,numberOfRobotsOnBlackSite,numberOfRobotsOnWhiteSite
29373,29,12
timeStep,numberOfRobotsOnBlackSite,numberOfRobotsOnWhiteSite
29374,29,12
timeStep,numberOfRobotsOnBlackSite,numberOfRobotsOnWhiteSite
29375,29,12
timeStep,numberOfRobotsOnBlackSite,numberOfRobotsOnWhiteSite
29376,29,12
timeStep,numberOfRobotsOnBlackSite,numberOfRobotsOnWhiteSite
29377,29,12
timeStep,numberOfRobotsOnBlackSite,numberOfRobotsOnWhiteSite
29378,29,12
timeStep,numberOfRobotsOnBlackSite,numberOfRobotsOnWhiteSite
29379,29,12
timeStep,numberOfRobotsOnBlackSite,numberOfRobotsOnWhiteSite
29380,29,12
timeStep,numberOfRobotsOnBlackSite,numberOfRobotsOnWhiteSite
29381,29,12
timeStep,numberOfRobotsOnBlackSite,numberOfRobotsOnWhiteSite
29382,29,12
timeStep,numberOfRobotsOnBlackSite,numberOfRobotsOnWhiteSite
29383,29,12
timeStep,numberOfRobotsOnBlackSite,numberOfRobotsOnWhiteSite
29384,29,12
timeStep,numberOfRobotsOnBlackSite,numberOfRobotsOnWhiteSite
29385,29,12
timeStep,numberOfRobotsOnBlackSite,numberOfRobotsOnWhiteSite
29386,29,12
timeStep,numberOfRobotsOnBlackSite,numberOfRobotsOnWhiteSite
29387,29,12
timeStep,numberOfRobotsOnBlackSite,numberOfRobotsOnWhiteSite
29388,29,12
timeStep,numberOfRobotsOnBlackSite,numberOfRobotsOnWhiteSite
29389,29,12
timeStep,numberOfRobotsOnBlackSite,numberOfRobotsOnWhiteSite
29390,29,12
timeStep,numberOfRobotsOnBlackSite,numberOfRobotsOnWhiteSite
29391,29,12
timeStep,numberOfRobotsOnBlackSite,numberOfRobotsOnWhiteSite
29392,29,12
timeStep,numberOfRobotsOnBlackSite,numberOfRobotsOnWhiteSite
29393,29,12
timeStep,numberOfRobotsOnBlackSite,numberOfRobotsOnWhiteSite
29394,29,12
timeStep,numberOfRobotsOnBlackSite,numberOfRobotsOnWhiteSite
29395,30,12
timeStep,numberOfRobotsOnBlackSite,numberOfRobotsOnWhiteSite
29396,30,12
timeStep,numberOfRobotsOnBlackSite,numberOfRobotsOnWhiteSite
29397,30,12
timeStep,numberOfRobotsOnBlackSite,numberOfRobotsOnWhiteSite
29398,30,12
timeStep,numberOfRobotsOnBlackSite,numberOfRobotsOnWhiteSite
29399,30,12
timeStep,numberOfRobotsOnBlackSite,numberOfRobotsOnWhiteSite
29400,30,12
timeStep,numberOfRobotsOnBlackSite,numberOfRobotsOnWhiteSite
29401,30,12
timeStep,numberOfRobotsOnBlackSite,numberOfRobotsOnWhiteSite
29402,30,12
timeStep,numberOfRobotsOnBlackSite,numberOfRobotsOnWhiteSite
29403,30,12
timeStep,numberOfRobotsOnBlackSite,numberOfRobotsOnWhiteSite
29404,30,12
timeStep,numberOfRobotsOnBlackSite,numberOfRobotsOnWhiteSite
29405,30,12
timeStep,numberOfRobotsOnBlackSite,numberOfRobotsOnWhiteSite
29406,30,12
timeStep,numberOfRobotsOnBlackSite,numberOfRobotsOnWhiteSite
29407,30,12
timeStep,numberOfRobotsOnBlackSite,numberOfRobotsOnWhiteSite
29408,30,12
timeStep,numberOfRobotsOnBlackSite,numberOfRobotsOnWhiteSite
29409,30,12
timeStep,numberOfRobotsOnBlackSite,numberOfRobotsOnWhiteSite
29410,30,12
timeStep,numberOfRobotsOnBlackSite,numberOfRobotsOnWhiteSite
29411,30,12
timeStep,numberOfRobotsOnBlackSite,numberOfRobotsOnWhiteSite
29412,30,12
timeStep,numberOfRobotsOnBlackSite,numberOfRobotsOnWhiteSite
29413,30,12
timeStep,numberOfRobotsOnBlackSite,numberOfRobotsOnWhiteSite
29414,30,12
timeStep,numberOfRobotsOnBlackSite,numberOfRobotsOnWhiteSite
29415,30,12
timeStep,numberOfRobotsOnBlackSite,numberOfRobotsOnWhiteSite
29416,30,12
timeStep,numberOfRobotsOnBlackSite,numberOfRobotsOnWhiteSite
29417,30,12
timeStep,numberOfRobotsOnBlackSite,numberOfRobotsOnWhiteSite
29418,30,12
timeStep,numberOfRobotsOnBlackSite,numberOfRobotsOnWhiteSite
29419,30,12
timeStep,numberOfRobotsOnBlackSite,numberOfRobotsOnWhiteSite
29420,30,12
timeStep,numberOfRobotsOnBlackSite,numberOfRobotsOnWhiteSite
29421,30,12
timeStep,numberOfRobotsOnBlackSite,numberOfRobotsOnWhiteSite
29422,30,12
timeStep,numberOfRobotsOnBlackSite,numberOfRobotsOnWhiteSite
29423,30,12
timeStep,numberOfRobotsOnBlackSite,numberOfRobotsOnWhiteSite
29424,30,12
timeStep,numberOfRobotsOnBlackSite,numberOfRobotsOnWhiteSite
29425,30,12
timeStep,numberOfRobotsOnBlackSite,numberOfRobotsOnWhiteSite
29426,30,12
timeStep,numberOfRobotsOnBlackSite,numberOfRobotsOnWhiteSite
29427,30,12
timeStep,numberOfRobotsOnBlackSite,numberOfRobotsOnWhiteSite
29428,30,12
timeStep,numberOfRobotsOnBlackSite,numberOfRobotsOnWhiteSite
29429,30,12
timeStep,numberOfRobotsOnBlackSite,numberOfRobotsOnWhiteSite
29430,30,12
timeStep,numberOfRobotsOnBlackSite,numberOfRobotsOnWhiteSite
29431,30,12
timeStep,numberOfRobotsOnBlackSite,numberOfRobotsOnWhiteSite
29432,30,12
timeStep,numberOfRobotsOnBlackSite,numberOfRobotsOnWhiteSite
29433,30,12
timeStep,numberOfRobotsOnBlackSite,numberOfRobotsOnWhiteSite
29434,30,12
timeStep,numberOfRobotsOnBlackSite,numberOfRobotsOnWhiteSite
29435,30,12
timeStep,numberOfRobotsOnBlackSite,numberOfRobotsOnWhiteSite
29436,30,12
timeStep,numberOfRobotsOnBlackSite,numberOfRobotsOnWhiteSite
29437,30,12
timeStep,numberOfRobotsOnBlackSite,numberOfRobotsOnWhiteSite
29438,30,12
timeStep,numberOfRobotsOnBlackSite,numberOfRobotsOnWhiteSite
29439,30,12
timeStep,numberOfRobotsOnBlackSite,numberOfRobotsOnWhiteSite
29440,30,12
timeStep,numberOfRobotsOnBlackSite,numberOfRobotsOnWhiteSite
29441,30,12
timeStep,numberOfRobotsOnBlackSite,numberOfRobotsOnWhiteSite
29442,30,12
timeStep,numberOfRobotsOnBlackSite,numberOfRobotsOnWhiteSite
29443,30,12
timeStep,numberOfRobotsOnBlackSite,numberOfRobotsOnWhiteSite
29444,30,12
timeStep,numberOfRobotsOnBlackSite,numberOfRobotsOnWhiteSite
29445,30,12
timeStep,numberOfRobotsOnBlackSite,numberOfRobotsOnWhiteSite
29446,30,12
timeStep,numberOfRobotsOnBlackSite,numberOfRobotsOnWhiteSite
29447,30,12
timeStep,numberOfRobotsOnBlackSite,numberOfRobotsOnWhiteSite
29448,30,12
timeStep,numberOfRobotsOnBlackSite,numberOfRobotsOnWhiteSite
29449,30,12
timeStep,numberOfRobotsOnBlackSite,numberOfRobotsOnWhiteSite
29450,30,12
timeStep,numberOfRobotsOnBlackSite,numberOfRobotsOnWhiteSite
29451,30,12
timeStep,numberOfRobotsOnBlackSite,numberOfRobotsOnWhiteSite
29452,30,12
timeStep,numberOfRobotsOnBlackSite,numberOfRobotsOnWhiteSite
29453,30,12
timeStep,numberOfRobotsOnBlackSite,numberOfRobotsOnWhiteSite
29454,30,12
timeStep,numberOfRobotsOnBlackSite,numberOfRobotsOnWhiteSite
29455,30,12
timeStep,numberOfRobotsOnBlackSite,numberOfRobotsOnWhiteSite
29456,30,12
timeStep,numberOfRobotsOnBlackSite,numberOfRobotsOnWhiteSite
29457,30,12
timeStep,numberOfRobotsOnBlackSite,numberOfRobotsOnWhiteSite
29458,30,12
timeStep,numberOfRobotsOnBlackSite,numberOfRobotsOnWhiteSite
29459,30,12
timeStep,numberOfRobotsOnBlackSite,numberOfRobotsOnWhiteSite
29460,30,12
timeStep,numberOfRobotsOnBlackSite,numberOfRobotsOnWhiteSite
29461,30,12
timeStep,numberOfRobotsOnBlackSite,numberOfRobotsOnWhiteSite
29462,30,12
timeStep,numberOfRobotsOnBlackSite,numberOfRobotsOnWhiteSite
29463,30,12
timeStep,numberOfRobotsOnBlackSite,numberOfRobotsOnWhiteSite
29464,30,12
timeStep,numberOfRobotsOnBlackSite,numberOfRobotsOnWhiteSite
29465,30,12
timeStep,numberOfRobotsOnBlackSite,numberOfRobotsOnWhiteSite
29466,30,12
timeStep,numberOfRobotsOnBlackSite,numberOfRobotsOnWhiteSite
29467,30,12
timeStep,numberOfRobotsOnBlackSite,numberOfRobotsOnWhiteSite
29468,30,12
timeStep,numberOfRobotsOnBlackSite,numberOfRobotsOnWhiteSite
29469,30,12
timeStep,numberOfRobotsOnBlackSite,numberOfRobotsOnWhiteSite
29470,30,13
timeStep,numberOfRobotsOnBlackSite,numberOfRobotsOnWhiteSite
29471,30,13
timeStep,numberOfRobotsOnBlackSite,numberOfRobotsOnWhiteSite
29472,30,13
timeStep,numberOfRobotsOnBlackSite,numberOfRobotsOnWhiteSite
29473,30,13
timeStep,numberOfRobotsOnBlackSite,numberOfRobotsOnWhiteSite
29474,30,13
timeStep,numberOfRobotsOnBlackSite,numberOfRobotsOnWhiteSite
29475,30,13
timeStep,numberOfRobotsOnBlackSite,numberOfRobotsOnWhiteSite
29476,30,13
timeStep,numberOfRobotsOnBlackSite,numberOfRobotsOnWhiteSite
29477,30,13
timeStep,numberOfRobotsOnBlackSite,numberOfRobotsOnWhiteSite
29478,30,13
timeStep,numberOfRobotsOnBlackSite,numberOfRobotsOnWhiteSite
29479,30,13
timeStep,numberOfRobotsOnBlackSite,numberOfRobotsOnWhiteSite
29480,30,13
timeStep,numberOfRobotsOnBlackSite,numberOfRobotsOnWhiteSite
29481,30,13
timeStep,numberOfRobotsOnBlackSite,numberOfRobotsOnWhiteSite
29482,30,13
timeStep,numberOfRobotsOnBlackSite,numberOfRobotsOnWhiteSite
29483,30,13
timeStep,numberOfRobotsOnBlackSite,numberOfRobotsOnWhiteSite
29484,30,13
timeStep,numberOfRobotsOnBlackSite,numberOfRobotsOnWhiteSite
29485,30,13
timeStep,numberOfRobotsOnBlackSite,numberOfRobotsOnWhiteSite
29486,30,13
timeStep,numberOfRobotsOnBlackSite,numberOfRobotsOnWhiteSite
29487,30,13
timeStep,numberOfRobotsOnBlackSite,numberOfRobotsOnWhiteSite
29488,30,13
timeStep,numberOfRobotsOnBlackSite,numberOfRobotsOnWhiteSite
29489,30,13
timeStep,numberOfRobotsOnBlackSite,numberOfRobotsOnWhiteSite
29490,30,13
timeStep,numberOfRobotsOnBlackSite,numberOfRobotsOnWhiteSite
29491,30,13
timeStep,numberOfRobotsOnBlackSite,numberOfRobotsOnWhiteSite
29492,30,13
timeStep,numberOfRobotsOnBlackSite,numberOfRobotsOnWhiteSite
29493,30,13
timeStep,numberOfRobotsOnBlackSite,numberOfRobotsOnWhiteSite
29494,30,13
timeStep,numberOfRobotsOnBlackSite,numberOfRobotsOnWhiteSite
29495,30,13
timeStep,numberOfRobotsOnBlackSite,numberOfRobotsOnWhiteSite
29496,30,13
timeStep,numberOfRobotsOnBlackSite,numberOfRobotsOnWhiteSite
29497,30,13
timeStep,numberOfRobotsOnBlackSite,numberOfRobotsOnWhiteSite
29498,30,13
timeStep,numberOfRobotsOnBlackSite,numberOfRobotsOnWhiteSite
29499,30,13
timeStep,numberOfRobotsOnBlackSite,numberOfRobotsOnWhiteSite
29500,30,13
timeStep,numberOfRobotsOnBlackSite,numberOfRobotsOnWhiteSite
29501,30,13
timeStep,numberOfRobotsOnBlackSite,numberOfRobotsOnWhiteSite
29502,30,13
timeStep,numberOfRobotsOnBlackSite,numberOfRobotsOnWhiteSite
29503,30,13
timeStep,numberOfRobotsOnBlackSite,numberOfRobotsOnWhiteSite
29504,30,13
timeStep,numberOfRobotsOnBlackSite,numberOfRobotsOnWhiteSite
29505,30,13
timeStep,numberOfRobotsOnBlackSite,numberOfRobotsOnWhiteSite
29506,30,13
timeStep,numberOfRobotsOnBlackSite,numberOfRobotsOnWhiteSite
29507,30,13
timeStep,numberOfRobotsOnBlackSite,numberOfRobotsOnWhiteSite
29508,30,13
timeStep,numberOfRobotsOnBlackSite,numberOfRobotsOnWhiteSite
29509,30,13
timeStep,numberOfRobotsOnBlackSite,numberOfRobotsOnWhiteSite
29510,30,13
timeStep,numberOfRobotsOnBlackSite,numberOfRobotsOnWhiteSite
29511,30,13
timeStep,numberOfRobotsOnBlackSite,numberOfRobotsOnWhiteSite
29512,30,13
timeStep,numberOfRobotsOnBlackSite,numberOfRobotsOnWhiteSite
29513,30,13
timeStep,numberOfRobotsOnBlackSite,numberOfRobotsOnWhiteSite
29514,30,13
timeStep,numberOfRobotsOnBlackSite,numberOfRobotsOnWhiteSite
29515,30,13
timeStep,numberOfRobotsOnBlackSite,numberOfRobotsOnWhiteSite
29516,30,13
timeStep,numberOfRobotsOnBlackSite,numberOfRobotsOnWhiteSite
29517,30,13
timeStep,numberOfRobotsOnBlackSite,numberOfRobotsOnWhiteSite
29518,30,13
timeStep,numberOfRobotsOnBlackSite,numberOfRobotsOnWhiteSite
29519,30,13
timeStep,numberOfRobotsOnBlackSite,numberOfRobotsOnWhiteSite
29520,31,13
timeStep,numberOfRobotsOnBlackSite,numberOfRobotsOnWhiteSite
29521,31,13
timeStep,numberOfRobotsOnBlackSite,numberOfRobotsOnWhiteSite
29522,31,13
timeStep,numberOfRobotsOnBlackSite,numberOfRobotsOnWhiteSite
29523,31,13
timeStep,numberOfRobotsOnBlackSite,numberOfRobotsOnWhiteSite
29524,31,13
timeStep,numberOfRobotsOnBlackSite,numberOfRobotsOnWhiteSite
29525,30,13
timeStep,numberOfRobotsOnBlackSite,numberOfRobotsOnWhiteSite
29526,30,13
timeStep,numberOfRobotsOnBlackSite,numberOfRobotsOnWhiteSite
29527,30,13
timeStep,numberOfRobotsOnBlackSite,numberOfRobotsOnWhiteSite
29528,30,13
timeStep,numberOfRobotsOnBlackSite,numberOfRobotsOnWhiteSite
29529,30,13
timeStep,numberOfRobotsOnBlackSite,numberOfRobotsOnWhiteSite
29530,30,13
timeStep,numberOfRobotsOnBlackSite,numberOfRobotsOnWhiteSite
29531,30,13
timeStep,numberOfRobotsOnBlackSite,numberOfRobotsOnWhiteSite
29532,30,13
timeStep,numberOfRobotsOnBlackSite,numberOfRobotsOnWhiteSite
29533,30,13
timeStep,numberOfRobotsOnBlackSite,numberOfRobotsOnWhiteSite
29534,30,13
timeStep,numberOfRobotsOnBlackSite,numberOfRobotsOnWhiteSite
29535,30,13
timeStep,numberOfRobotsOnBlackSite,numberOfRobotsOnWhiteSite
29536,30,13
timeStep,numberOfRobotsOnBlackSite,numberOfRobotsOnWhiteSite
29537,30,13
timeStep,numberOfRobotsOnBlackSite,numberOfRobotsOnWhiteSite
29538,30,13
timeStep,numberOfRobotsOnBlackSite,numberOfRobotsOnWhiteSite
29539,30,13
timeStep,numberOfRobotsOnBlackSite,numberOfRobotsOnWhiteSite
29540,30,13
timeStep,numberOfRobotsOnBlackSite,numberOfRobotsOnWhiteSite
29541,30,13
timeStep,numberOfRobotsOnBlackSite,numberOfRobotsOnWhiteSite
29542,30,13
timeStep,numberOfRobotsOnBlackSite,numberOfRobotsOnWhiteSite
29543,30,13
timeStep,numberOfRobotsOnBlackSite,numberOfRobotsOnWhiteSite
29544,30,13
timeStep,numberOfRobotsOnBlackSite,numberOfRobotsOnWhiteSite
29545,29,13
timeStep,numberOfRobotsOnBlackSite,numberOfRobotsOnWhiteSite
29546,29,13
timeStep,numberOfRobotsOnBlackSite,numberOfRobotsOnWhiteSite
29547,29,13
timeStep,numberOfRobotsOnBlackSite,numberOfRobotsOnWhiteSite
29548,29,13
timeStep,numberOfRobotsOnBlackSite,numberOfRobotsOnWhiteSite
29549,29,13
timeStep,numberOfRobotsOnBlackSite,numberOfRobotsOnWhiteSite
29550,29,13
timeStep,numberOfRobotsOnBlackSite,numberOfRobotsOnWhiteSite
29551,29,13
timeStep,numberOfRobotsOnBlackSite,numberOfRobotsOnWhiteSite
29552,29,13
timeStep,numberOfRobotsOnBlackSite,numberOfRobotsOnWhiteSite
29553,29,13
timeStep,numberOfRobotsOnBlackSite,numberOfRobotsOnWhiteSite
29554,29,13
timeStep,numberOfRobotsOnBlackSite,numberOfRobotsOnWhiteSite
29555,29,13
timeStep,numberOfRobotsOnBlackSite,numberOfRobotsOnWhiteSite
29556,29,13
timeStep,numberOfRobotsOnBlackSite,numberOfRobotsOnWhiteSite
29557,29,13
timeStep,numberOfRobotsOnBlackSite,numberOfRobotsOnWhiteSite
29558,29,13
timeStep,numberOfRobotsOnBlackSite,numberOfRobotsOnWhiteSite
29559,29,13
timeStep,numberOfRobotsOnBlackSite,numberOfRobotsOnWhiteSite
29560,29,13
timeStep,numberOfRobotsOnBlackSite,numberOfRobotsOnWhiteSite
29561,29,13
timeStep,numberOfRobotsOnBlackSite,numberOfRobotsOnWhiteSite
29562,29,13
timeStep,numberOfRobotsOnBlackSite,numberOfRobotsOnWhiteSite
29563,29,13
timeStep,numberOfRobotsOnBlackSite,numberOfRobotsOnWhiteSite
29564,29,13
timeStep,numberOfRobotsOnBlackSite,numberOfRobotsOnWhiteSite
29565,29,13
timeStep,numberOfRobotsOnBlackSite,numberOfRobotsOnWhiteSite
29566,29,13
timeStep,numberOfRobotsOnBlackSite,numberOfRobotsOnWhiteSite
29567,29,13
timeStep,numberOfRobotsOnBlackSite,numberOfRobotsOnWhiteSite
29568,29,13
timeStep,numberOfRobotsOnBlackSite,numberOfRobotsOnWhiteSite
29569,29,13
timeStep,numberOfRobotsOnBlackSite,numberOfRobotsOnWhiteSite
29570,29,13
timeStep,numberOfRobotsOnBlackSite,numberOfRobotsOnWhiteSite
29571,29,13
timeStep,numberOfRobotsOnBlackSite,numberOfRobotsOnWhiteSite
29572,29,13
timeStep,numberOfRobotsOnBlackSite,numberOfRobotsOnWhiteSite
29573,29,13
timeStep,numberOfRobotsOnBlackSite,numberOfRobotsOnWhiteSite
29574,29,13
timeStep,numberOfRobotsOnBlackSite,numberOfRobotsOnWhiteSite
29575,29,12
timeStep,numberOfRobotsOnBlackSite,numberOfRobotsOnWhiteSite
29576,29,12
timeStep,numberOfRobotsOnBlackSite,numberOfRobotsOnWhiteSite
29577,29,12
timeStep,numberOfRobotsOnBlackSite,numberOfRobotsOnWhiteSite
29578,29,12
timeStep,numberOfRobotsOnBlackSite,numberOfRobotsOnWhiteSite
29579,29,12
timeStep,numberOfRobotsOnBlackSite,numberOfRobotsOnWhiteSite
29580,29,12
timeStep,numberOfRobotsOnBlackSite,numberOfRobotsOnWhiteSite
29581,29,12
timeStep,numberOfRobotsOnBlackSite,numberOfRobotsOnWhiteSite
29582,29,12
timeStep,numberOfRobotsOnBlackSite,numberOfRobotsOnWhiteSite
29583,29,12
timeStep,numberOfRobotsOnBlackSite,numberOfRobotsOnWhiteSite
29584,29,12
timeStep,numberOfRobotsOnBlackSite,numberOfRobotsOnWhiteSite
29585,29,12
timeStep,numberOfRobotsOnBlackSite,numberOfRobotsOnWhiteSite
29586,29,12
timeStep,numberOfRobotsOnBlackSite,numberOfRobotsOnWhiteSite
29587,29,12
timeStep,numberOfRobotsOnBlackSite,numberOfRobotsOnWhiteSite
29588,29,12
timeStep,numberOfRobotsOnBlackSite,numberOfRobotsOnWhiteSite
29589,29,12
timeStep,numberOfRobotsOnBlackSite,numberOfRobotsOnWhiteSite
29590,29,12
timeStep,numberOfRobotsOnBlackSite,numberOfRobotsOnWhiteSite
29591,29,12
timeStep,numberOfRobotsOnBlackSite,numberOfRobotsOnWhiteSite
29592,29,12
timeStep,numberOfRobotsOnBlackSite,numberOfRobotsOnWhiteSite
29593,29,12
timeStep,numberOfRobotsOnBlackSite,numberOfRobotsOnWhiteSite
29594,29,12
timeStep,numberOfRobotsOnBlackSite,numberOfRobotsOnWhiteSite
29595,29,12
timeStep,numberOfRobotsOnBlackSite,numberOfRobotsOnWhiteSite
29596,29,12
timeStep,numberOfRobotsOnBlackSite,numberOfRobotsOnWhiteSite
29597,29,12
timeStep,numberOfRobotsOnBlackSite,numberOfRobotsOnWhiteSite
29598,29,12
timeStep,numberOfRobotsOnBlackSite,numberOfRobotsOnWhiteSite
29599,29,12
timeStep,numberOfRobotsOnBlackSite,numberOfRobotsOnWhiteSite
29600,29,12
timeStep,numberOfRobotsOnBlackSite,numberOfRobotsOnWhiteSite
29601,29,12
timeStep,numberOfRobotsOnBlackSite,numberOfRobotsOnWhiteSite
29602,29,12
timeStep,numberOfRobotsOnBlackSite,numberOfRobotsOnWhiteSite
29603,29,12
timeStep,numberOfRobotsOnBlackSite,numberOfRobotsOnWhiteSite
29604,29,12
timeStep,numberOfRobotsOnBlackSite,numberOfRobotsOnWhiteSite
29605,28,12
timeStep,numberOfRobotsOnBlackSite,numberOfRobotsOnWhiteSite
29606,28,12
timeStep,numberOfRobotsOnBlackSite,numberOfRobotsOnWhiteSite
29607,28,12
timeStep,numberOfRobotsOnBlackSite,numberOfRobotsOnWhiteSite
29608,28,12
timeStep,numberOfRobotsOnBlackSite,numberOfRobotsOnWhiteSite
29609,28,12
timeStep,numberOfRobotsOnBlackSite,numberOfRobotsOnWhiteSite
29610,28,12
timeStep,numberOfRobotsOnBlackSite,numberOfRobotsOnWhiteSite
29611,28,12
timeStep,numberOfRobotsOnBlackSite,numberOfRobotsOnWhiteSite
29612,28,12
timeStep,numberOfRobotsOnBlackSite,numberOfRobotsOnWhiteSite
29613,28,12
timeStep,numberOfRobotsOnBlackSite,numberOfRobotsOnWhiteSite
29614,28,12
timeStep,numberOfRobotsOnBlackSite,numberOfRobotsOnWhiteSite
29615,28,12
timeStep,numberOfRobotsOnBlackSite,numberOfRobotsOnWhiteSite
29616,28,12
timeStep,numberOfRobotsOnBlackSite,numberOfRobotsOnWhiteSite
29617,28,12
timeStep,numberOfRobotsOnBlackSite,numberOfRobotsOnWhiteSite
29618,28,12
timeStep,numberOfRobotsOnBlackSite,numberOfRobotsOnWhiteSite
29619,28,12
timeStep,numberOfRobotsOnBlackSite,numberOfRobotsOnWhiteSite
29620,28,12
timeStep,numberOfRobotsOnBlackSite,numberOfRobotsOnWhiteSite
29621,28,12
timeStep,numberOfRobotsOnBlackSite,numberOfRobotsOnWhiteSite
29622,28,12
timeStep,numberOfRobotsOnBlackSite,numberOfRobotsOnWhiteSite
29623,28,12
timeStep,numberOfRobotsOnBlackSite,numberOfRobotsOnWhiteSite
29624,28,12
timeStep,numberOfRobotsOnBlackSite,numberOfRobotsOnWhiteSite
29625,28,12
timeStep,numberOfRobotsOnBlackSite,numberOfRobotsOnWhiteSite
29626,28,12
timeStep,numberOfRobotsOnBlackSite,numberOfRobotsOnWhiteSite
29627,28,12
timeStep,numberOfRobotsOnBlackSite,numberOfRobotsOnWhiteSite
29628,28,12
timeStep,numberOfRobotsOnBlackSite,numberOfRobotsOnWhiteSite
29629,28,12
timeStep,numberOfRobotsOnBlackSite,numberOfRobotsOnWhiteSite
29630,28,12
timeStep,numberOfRobotsOnBlackSite,numberOfRobotsOnWhiteSite
29631,28,12
timeStep,numberOfRobotsOnBlackSite,numberOfRobotsOnWhiteSite
29632,28,12
timeStep,numberOfRobotsOnBlackSite,numberOfRobotsOnWhiteSite
29633,28,12
timeStep,numberOfRobotsOnBlackSite,numberOfRobotsOnWhiteSite
29634,28,12
timeStep,numberOfRobotsOnBlackSite,numberOfRobotsOnWhiteSite
29635,28,12
timeStep,numberOfRobotsOnBlackSite,numberOfRobotsOnWhiteSite
29636,28,12
timeStep,numberOfRobotsOnBlackSite,numberOfRobotsOnWhiteSite
29637,28,12
timeStep,numberOfRobotsOnBlackSite,numberOfRobotsOnWhiteSite
29638,28,12
timeStep,numberOfRobotsOnBlackSite,numberOfRobotsOnWhiteSite
29639,28,12
timeStep,numberOfRobotsOnBlackSite,numberOfRobotsOnWhiteSite
29640,28,12
timeStep,numberOfRobotsOnBlackSite,numberOfRobotsOnWhiteSite
29641,28,12
timeStep,numberOfRobotsOnBlackSite,numberOfRobotsOnWhiteSite
29642,28,12
timeStep,numberOfRobotsOnBlackSite,numberOfRobotsOnWhiteSite
29643,28,12
timeStep,numberOfRobotsOnBlackSite,numberOfRobotsOnWhiteSite
29644,28,12
timeStep,numberOfRobotsOnBlackSite,numberOfRobotsOnWhiteSite
29645,28,12
timeStep,numberOfRobotsOnBlackSite,numberOfRobotsOnWhiteSite
29646,28,12
timeStep,numberOfRobotsOnBlackSite,numberOfRobotsOnWhiteSite
29647,28,12
timeStep,numberOfRobotsOnBlackSite,numberOfRobotsOnWhiteSite
29648,28,12
timeStep,numberOfRobotsOnBlackSite,numberOfRobotsOnWhiteSite
29649,28,12
timeStep,numberOfRobotsOnBlackSite,numberOfRobotsOnWhiteSite
29650,28,12
timeStep,numberOfRobotsOnBlackSite,numberOfRobotsOnWhiteSite
29651,28,12
timeStep,numberOfRobotsOnBlackSite,numberOfRobotsOnWhiteSite
29652,28,12
timeStep,numberOfRobotsOnBlackSite,numberOfRobotsOnWhiteSite
29653,28,12
timeStep,numberOfRobotsOnBlackSite,numberOfRobotsOnWhiteSite
29654,28,12
timeStep,numberOfRobotsOnBlackSite,numberOfRobotsOnWhiteSite
29655,28,12
timeStep,numberOfRobotsOnBlackSite,numberOfRobotsOnWhiteSite
29656,28,12
timeStep,numberOfRobotsOnBlackSite,numberOfRobotsOnWhiteSite
29657,28,12
timeStep,numberOfRobotsOnBlackSite,numberOfRobotsOnWhiteSite
29658,28,12
timeStep,numberOfRobotsOnBlackSite,numberOfRobotsOnWhiteSite
29659,28,12
timeStep,numberOfRobotsOnBlackSite,numberOfRobotsOnWhiteSite
29660,28,12
timeStep,numberOfRobotsOnBlackSite,numberOfRobotsOnWhiteSite
29661,28,12
timeStep,numberOfRobotsOnBlackSite,numberOfRobotsOnWhiteSite
29662,28,12
timeStep,numberOfRobotsOnBlackSite,numberOfRobotsOnWhiteSite
29663,28,12
timeStep,numberOfRobotsOnBlackSite,numberOfRobotsOnWhiteSite
29664,28,12
timeStep,numberOfRobotsOnBlackSite,numberOfRobotsOnWhiteSite
29665,28,12
timeStep,numberOfRobotsOnBlackSite,numberOfRobotsOnWhiteSite
29666,28,12
timeStep,numberOfRobotsOnBlackSite,numberOfRobotsOnWhiteSite
29667,28,12
timeStep,numberOfRobotsOnBlackSite,numberOfRobotsOnWhiteSite
29668,28,12
timeStep,numberOfRobotsOnBlackSite,numberOfRobotsOnWhiteSite
29669,28,12
timeStep,numberOfRobotsOnBlackSite,numberOfRobotsOnWhiteSite
29670,28,12
timeStep,numberOfRobotsOnBlackSite,numberOfRobotsOnWhiteSite
29671,28,12
timeStep,numberOfRobotsOnBlackSite,numberOfRobotsOnWhiteSite
29672,28,12
timeStep,numberOfRobotsOnBlackSite,numberOfRobotsOnWhiteSite
29673,28,12
timeStep,numberOfRobotsOnBlackSite,numberOfRobotsOnWhiteSite
29674,28,12
timeStep,numberOfRobotsOnBlackSite,numberOfRobotsOnWhiteSite
29675,28,12
timeStep,numberOfRobotsOnBlackSite,numberOfRobotsOnWhiteSite
29676,28,12
timeStep,numberOfRobotsOnBlackSite,numberOfRobotsOnWhiteSite
29677,28,12
timeStep,numberOfRobotsOnBlackSite,numberOfRobotsOnWhiteSite
29678,28,12
timeStep,numberOfRobotsOnBlackSite,numberOfRobotsOnWhiteSite
29679,28,12
timeStep,numberOfRobotsOnBlackSite,numberOfRobotsOnWhiteSite
29680,28,12
timeStep,numberOfRobotsOnBlackSite,numberOfRobotsOnWhiteSite
29681,28,12
timeStep,numberOfRobotsOnBlackSite,numberOfRobotsOnWhiteSite
29682,28,12
timeStep,numberOfRobotsOnBlackSite,numberOfRobotsOnWhiteSite
29683,28,12
timeStep,numberOfRobotsOnBlackSite,numberOfRobotsOnWhiteSite
29684,28,12
timeStep,numberOfRobotsOnBlackSite,numberOfRobotsOnWhiteSite
29685,28,12
timeStep,numberOfRobotsOnBlackSite,numberOfRobotsOnWhiteSite
29686,28,12
timeStep,numberOfRobotsOnBlackSite,numberOfRobotsOnWhiteSite
29687,28,12
timeStep,numberOfRobotsOnBlackSite,numberOfRobotsOnWhiteSite
29688,28,12
timeStep,numberOfRobotsOnBlackSite,numberOfRobotsOnWhiteSite
29689,28,12
timeStep,numberOfRobotsOnBlackSite,numberOfRobotsOnWhiteSite
29690,28,12
timeStep,numberOfRobotsOnBlackSite,numberOfRobotsOnWhiteSite
29691,28,12
timeStep,numberOfRobotsOnBlackSite,numberOfRobotsOnWhiteSite
29692,28,12
timeStep,numberOfRobotsOnBlackSite,numberOfRobotsOnWhiteSite
29693,28,12
timeStep,numberOfRobotsOnBlackSite,numberOfRobotsOnWhiteSite
29694,28,12
timeStep,numberOfRobotsOnBlackSite,numberOfRobotsOnWhiteSite
29695,28,12
timeStep,numberOfRobotsOnBlackSite,numberOfRobotsOnWhiteSite
29696,28,12
timeStep,numberOfRobotsOnBlackSite,numberOfRobotsOnWhiteSite
29697,28,12
timeStep,numberOfRobotsOnBlackSite,numberOfRobotsOnWhiteSite
29698,28,12
timeStep,numberOfRobotsOnBlackSite,numberOfRobotsOnWhiteSite
29699,28,12
timeStep,numberOfRobotsOnBlackSite,numberOfRobotsOnWhiteSite
29700,28,12
timeStep,numberOfRobotsOnBlackSite,numberOfRobotsOnWhiteSite
29701,28,12
timeStep,numberOfRobotsOnBlackSite,numberOfRobotsOnWhiteSite
29702,28,12
timeStep,numberOfRobotsOnBlackSite,numberOfRobotsOnWhiteSite
29703,28,12
timeStep,numberOfRobotsOnBlackSite,numberOfRobotsOnWhiteSite
29704,28,12
timeStep,numberOfRobotsOnBlackSite,numberOfRobotsOnWhiteSite
29705,28,12
timeStep,numberOfRobotsOnBlackSite,numberOfRobotsOnWhiteSite
29706,28,12
timeStep,numberOfRobotsOnBlackSite,numberOfRobotsOnWhiteSite
29707,28,12
timeStep,numberOfRobotsOnBlackSite,numberOfRobotsOnWhiteSite
29708,28,12
timeStep,numberOfRobotsOnBlackSite,numberOfRobotsOnWhiteSite
29709,28,12
timeStep,numberOfRobotsOnBlackSite,numberOfRobotsOnWhiteSite
29710,28,12
timeStep,numberOfRobotsOnBlackSite,numberOfRobotsOnWhiteSite
29711,28,12
timeStep,numberOfRobotsOnBlackSite,numberOfRobotsOnWhiteSite
29712,28,12
timeStep,numberOfRobotsOnBlackSite,numberOfRobotsOnWhiteSite
29713,28,12
timeStep,numberOfRobotsOnBlackSite,numberOfRobotsOnWhiteSite
29714,28,12
timeStep,numberOfRobotsOnBlackSite,numberOfRobotsOnWhiteSite
29715,28,12
timeStep,numberOfRobotsOnBlackSite,numberOfRobotsOnWhiteSite
29716,28,12
timeStep,numberOfRobotsOnBlackSite,numberOfRobotsOnWhiteSite
29717,28,12
timeStep,numberOfRobotsOnBlackSite,numberOfRobotsOnWhiteSite
29718,28,12
timeStep,numberOfRobotsOnBlackSite,numberOfRobotsOnWhiteSite
29719,28,12
timeStep,numberOfRobotsOnBlackSite,numberOfRobotsOnWhiteSite
29720,28,12
timeStep,numberOfRobotsOnBlackSite,numberOfRobotsOnWhiteSite
29721,28,12
timeStep,numberOfRobotsOnBlackSite,numberOfRobotsOnWhiteSite
29722,28,12
timeStep,numberOfRobotsOnBlackSite,numberOfRobotsOnWhiteSite
29723,28,12
timeStep,numberOfRobotsOnBlackSite,numberOfRobotsOnWhiteSite
29724,28,12
timeStep,numberOfRobotsOnBlackSite,numberOfRobotsOnWhiteSite
29725,29,12
timeStep,numberOfRobotsOnBlackSite,numberOfRobotsOnWhiteSite
29726,29,12
timeStep,numberOfRobotsOnBlackSite,numberOfRobotsOnWhiteSite
29727,29,12
timeStep,numberOfRobotsOnBlackSite,numberOfRobotsOnWhiteSite
29728,29,12
timeStep,numberOfRobotsOnBlackSite,numberOfRobotsOnWhiteSite
29729,29,12
timeStep,numberOfRobotsOnBlackSite,numberOfRobotsOnWhiteSite
29730,29,12
timeStep,numberOfRobotsOnBlackSite,numberOfRobotsOnWhiteSite
29731,29,12
timeStep,numberOfRobotsOnBlackSite,numberOfRobotsOnWhiteSite
29732,29,12
timeStep,numberOfRobotsOnBlackSite,numberOfRobotsOnWhiteSite
29733,29,12
timeStep,numberOfRobotsOnBlackSite,numberOfRobotsOnWhiteSite
29734,29,12
timeStep,numberOfRobotsOnBlackSite,numberOfRobotsOnWhiteSite
29735,29,12
timeStep,numberOfRobotsOnBlackSite,numberOfRobotsOnWhiteSite
29736,29,12
timeStep,numberOfRobotsOnBlackSite,numberOfRobotsOnWhiteSite
29737,29,12
timeStep,numberOfRobotsOnBlackSite,numberOfRobotsOnWhiteSite
29738,29,12
timeStep,numberOfRobotsOnBlackSite,numberOfRobotsOnWhiteSite
29739,29,12
timeStep,numberOfRobotsOnBlackSite,numberOfRobotsOnWhiteSite
29740,29,12
timeStep,numberOfRobotsOnBlackSite,numberOfRobotsOnWhiteSite
29741,29,12
timeStep,numberOfRobotsOnBlackSite,numberOfRobotsOnWhiteSite
29742,29,12
timeStep,numberOfRobotsOnBlackSite,numberOfRobotsOnWhiteSite
29743,29,12
timeStep,numberOfRobotsOnBlackSite,numberOfRobotsOnWhiteSite
29744,29,12
timeStep,numberOfRobotsOnBlackSite,numberOfRobotsOnWhiteSite
29745,29,12
timeStep,numberOfRobotsOnBlackSite,numberOfRobotsOnWhiteSite
29746,29,12
timeStep,numberOfRobotsOnBlackSite,numberOfRobotsOnWhiteSite
29747,29,12
timeStep,numberOfRobotsOnBlackSite,numberOfRobotsOnWhiteSite
29748,29,12
timeStep,numberOfRobotsOnBlackSite,numberOfRobotsOnWhiteSite
29749,29,12
timeStep,numberOfRobotsOnBlackSite,numberOfRobotsOnWhiteSite
29750,29,12
timeStep,numberOfRobotsOnBlackSite,numberOfRobotsOnWhiteSite
29751,29,12
timeStep,numberOfRobotsOnBlackSite,numberOfRobotsOnWhiteSite
29752,29,12
timeStep,numberOfRobotsOnBlackSite,numberOfRobotsOnWhiteSite
29753,29,12
timeStep,numberOfRobotsOnBlackSite,numberOfRobotsOnWhiteSite
29754,29,12
timeStep,numberOfRobotsOnBlackSite,numberOfRobotsOnWhiteSite
29755,29,12
timeStep,numberOfRobotsOnBlackSite,numberOfRobotsOnWhiteSite
29756,29,12
timeStep,numberOfRobotsOnBlackSite,numberOfRobotsOnWhiteSite
29757,29,12
timeStep,numberOfRobotsOnBlackSite,numberOfRobotsOnWhiteSite
29758,29,12
timeStep,numberOfRobotsOnBlackSite,numberOfRobotsOnWhiteSite
29759,29,12
timeStep,numberOfRobotsOnBlackSite,numberOfRobotsOnWhiteSite
29760,29,12
timeStep,numberOfRobotsOnBlackSite,numberOfRobotsOnWhiteSite
29761,29,12
timeStep,numberOfRobotsOnBlackSite,numberOfRobotsOnWhiteSite
29762,29,12
timeStep,numberOfRobotsOnBlackSite,numberOfRobotsOnWhiteSite
29763,29,12
timeStep,numberOfRobotsOnBlackSite,numberOfRobotsOnWhiteSite
29764,29,12
timeStep,numberOfRobotsOnBlackSite,numberOfRobotsOnWhiteSite
29765,29,12
timeStep,numberOfRobotsOnBlackSite,numberOfRobotsOnWhiteSite
29766,29,12
timeStep,numberOfRobotsOnBlackSite,numberOfRobotsOnWhiteSite
29767,29,12
timeStep,numberOfRobotsOnBlackSite,numberOfRobotsOnWhiteSite
29768,29,12
timeStep,numberOfRobotsOnBlackSite,numberOfRobotsOnWhiteSite
29769,29,12
timeStep,numberOfRobotsOnBlackSite,numberOfRobotsOnWhiteSite
29770,30,12
timeStep,numberOfRobotsOnBlackSite,numberOfRobotsOnWhiteSite
29771,30,12
timeStep,numberOfRobotsOnBlackSite,numberOfRobotsOnWhiteSite
29772,30,12
timeStep,numberOfRobotsOnBlackSite,numberOfRobotsOnWhiteSite
29773,30,12
timeStep,numberOfRobotsOnBlackSite,numberOfRobotsOnWhiteSite
29774,30,12
timeStep,numberOfRobotsOnBlackSite,numberOfRobotsOnWhiteSite
29775,30,12
timeStep,numberOfRobotsOnBlackSite,numberOfRobotsOnWhiteSite
29776,30,12
timeStep,numberOfRobotsOnBlackSite,numberOfRobotsOnWhiteSite
29777,30,12
timeStep,numberOfRobotsOnBlackSite,numberOfRobotsOnWhiteSite
29778,30,12
timeStep,numberOfRobotsOnBlackSite,numberOfRobotsOnWhiteSite
29779,30,12
timeStep,numberOfRobotsOnBlackSite,numberOfRobotsOnWhiteSite
29780,30,12
timeStep,numberOfRobotsOnBlackSite,numberOfRobotsOnWhiteSite
29781,30,12
timeStep,numberOfRobotsOnBlackSite,numberOfRobotsOnWhiteSite
29782,30,12
timeStep,numberOfRobotsOnBlackSite,numberOfRobotsOnWhiteSite
29783,30,12
timeStep,numberOfRobotsOnBlackSite,numberOfRobotsOnWhiteSite
29784,30,12
timeStep,numberOfRobotsOnBlackSite,numberOfRobotsOnWhiteSite
29785,30,12
timeStep,numberOfRobotsOnBlackSite,numberOfRobotsOnWhiteSite
29786,30,12
timeStep,numberOfRobotsOnBlackSite,numberOfRobotsOnWhiteSite
29787,30,12
timeStep,numberOfRobotsOnBlackSite,numberOfRobotsOnWhiteSite
29788,30,12
timeStep,numberOfRobotsOnBlackSite,numberOfRobotsOnWhiteSite
29789,30,12
timeStep,numberOfRobotsOnBlackSite,numberOfRobotsOnWhiteSite
29790,30,12
timeStep,numberOfRobotsOnBlackSite,numberOfRobotsOnWhiteSite
29791,30,12
timeStep,numberOfRobotsOnBlackSite,numberOfRobotsOnWhiteSite
29792,30,12
timeStep,numberOfRobotsOnBlackSite,numberOfRobotsOnWhiteSite
29793,30,12
timeStep,numberOfRobotsOnBlackSite,numberOfRobotsOnWhiteSite
29794,30,12
timeStep,numberOfRobotsOnBlackSite,numberOfRobotsOnWhiteSite
29795,30,12
timeStep,numberOfRobotsOnBlackSite,numberOfRobotsOnWhiteSite
29796,30,12
timeStep,numberOfRobotsOnBlackSite,numberOfRobotsOnWhiteSite
29797,30,12
timeStep,numberOfRobotsOnBlackSite,numberOfRobotsOnWhiteSite
29798,30,12
timeStep,numberOfRobotsOnBlackSite,numberOfRobotsOnWhiteSite
29799,30,12
timeStep,numberOfRobotsOnBlackSite,numberOfRobotsOnWhiteSite
29800,30,13
timeStep,numberOfRobotsOnBlackSite,numberOfRobotsOnWhiteSite
29801,30,13
timeStep,numberOfRobotsOnBlackSite,numberOfRobotsOnWhiteSite
29802,30,13
timeStep,numberOfRobotsOnBlackSite,numberOfRobotsOnWhiteSite
29803,30,13
timeStep,numberOfRobotsOnBlackSite,numberOfRobotsOnWhiteSite
29804,30,13
timeStep,numberOfRobotsOnBlackSite,numberOfRobotsOnWhiteSite
29805,30,13
timeStep,numberOfRobotsOnBlackSite,numberOfRobotsOnWhiteSite
29806,30,13
timeStep,numberOfRobotsOnBlackSite,numberOfRobotsOnWhiteSite
29807,30,13
timeStep,numberOfRobotsOnBlackSite,numberOfRobotsOnWhiteSite
29808,30,13
timeStep,numberOfRobotsOnBlackSite,numberOfRobotsOnWhiteSite
29809,30,13
timeStep,numberOfRobotsOnBlackSite,numberOfRobotsOnWhiteSite
29810,31,13
timeStep,numberOfRobotsOnBlackSite,numberOfRobotsOnWhiteSite
29811,31,13
timeStep,numberOfRobotsOnBlackSite,numberOfRobotsOnWhiteSite
29812,31,13
timeStep,numberOfRobotsOnBlackSite,numberOfRobotsOnWhiteSite
29813,31,13
timeStep,numberOfRobotsOnBlackSite,numberOfRobotsOnWhiteSite
29814,31,13
timeStep,numberOfRobotsOnBlackSite,numberOfRobotsOnWhiteSite
29815,31,13
timeStep,numberOfRobotsOnBlackSite,numberOfRobotsOnWhiteSite
29816,31,13
timeStep,numberOfRobotsOnBlackSite,numberOfRobotsOnWhiteSite
29817,31,13
timeStep,numberOfRobotsOnBlackSite,numberOfRobotsOnWhiteSite
29818,31,13
timeStep,numberOfRobotsOnBlackSite,numberOfRobotsOnWhiteSite
29819,31,13
timeStep,numberOfRobotsOnBlackSite,numberOfRobotsOnWhiteSite
29820,31,13
timeStep,numberOfRobotsOnBlackSite,numberOfRobotsOnWhiteSite
29821,31,13
timeStep,numberOfRobotsOnBlackSite,numberOfRobotsOnWhiteSite
29822,31,13
timeStep,numberOfRobotsOnBlackSite,numberOfRobotsOnWhiteSite
29823,31,13
timeStep,numberOfRobotsOnBlackSite,numberOfRobotsOnWhiteSite
29824,31,13
timeStep,numberOfRobotsOnBlackSite,numberOfRobotsOnWhiteSite
29825,31,13
timeStep,numberOfRobotsOnBlackSite,numberOfRobotsOnWhiteSite
29826,31,13
timeStep,numberOfRobotsOnBlackSite,numberOfRobotsOnWhiteSite
29827,31,13
timeStep,numberOfRobotsOnBlackSite,numberOfRobotsOnWhiteSite
29828,31,13
timeStep,numberOfRobotsOnBlackSite,numberOfRobotsOnWhiteSite
29829,31,13
timeStep,numberOfRobotsOnBlackSite,numberOfRobotsOnWhiteSite
29830,31,13
timeStep,numberOfRobotsOnBlackSite,numberOfRobotsOnWhiteSite
29831,31,13
timeStep,numberOfRobotsOnBlackSite,numberOfRobotsOnWhiteSite
29832,31,13
timeStep,numberOfRobotsOnBlackSite,numberOfRobotsOnWhiteSite
29833,31,13
timeStep,numberOfRobotsOnBlackSite,numberOfRobotsOnWhiteSite
29834,31,13
timeStep,numberOfRobotsOnBlackSite,numberOfRobotsOnWhiteSite
29835,31,13
timeStep,numberOfRobotsOnBlackSite,numberOfRobotsOnWhiteSite
29836,31,13
timeStep,numberOfRobotsOnBlackSite,numberOfRobotsOnWhiteSite
29837,31,13
timeStep,numberOfRobotsOnBlackSite,numberOfRobotsOnWhiteSite
29838,31,13
timeStep,numberOfRobotsOnBlackSite,numberOfRobotsOnWhiteSite
29839,31,13
timeStep,numberOfRobotsOnBlackSite,numberOfRobotsOnWhiteSite
29840,31,13
timeStep,numberOfRobotsOnBlackSite,numberOfRobotsOnWhiteSite
29841,31,13
timeStep,numberOfRobotsOnBlackSite,numberOfRobotsOnWhiteSite
29842,31,13
timeStep,numberOfRobotsOnBlackSite,numberOfRobotsOnWhiteSite
29843,31,13
timeStep,numberOfRobotsOnBlackSite,numberOfRobotsOnWhiteSite
29844,31,13
timeStep,numberOfRobotsOnBlackSite,numberOfRobotsOnWhiteSite
29845,31,13
timeStep,numberOfRobotsOnBlackSite,numberOfRobotsOnWhiteSite
29846,31,13
timeStep,numberOfRobotsOnBlackSite,numberOfRobotsOnWhiteSite
29847,31,13
timeStep,numberOfRobotsOnBlackSite,numberOfRobotsOnWhiteSite
29848,31,13
timeStep,numberOfRobotsOnBlackSite,numberOfRobotsOnWhiteSite
29849,31,13
timeStep,numberOfRobotsOnBlackSite,numberOfRobotsOnWhiteSite
29850,31,13
timeStep,numberOfRobotsOnBlackSite,numberOfRobotsOnWhiteSite
29851,31,13
timeStep,numberOfRobotsOnBlackSite,numberOfRobotsOnWhiteSite
29852,31,13
timeStep,numberOfRobotsOnBlackSite,numberOfRobotsOnWhiteSite
29853,31,13
timeStep,numberOfRobotsOnBlackSite,numberOfRobotsOnWhiteSite
29854,31,13
timeStep,numberOfRobotsOnBlackSite,numberOfRobotsOnWhiteSite
29855,31,13
timeStep,numberOfRobotsOnBlackSite,numberOfRobotsOnWhiteSite
29856,31,13
timeStep,numberOfRobotsOnBlackSite,numberOfRobotsOnWhiteSite
29857,31,13
timeStep,numberOfRobotsOnBlackSite,numberOfRobotsOnWhiteSite
29858,31,13
timeStep,numberOfRobotsOnBlackSite,numberOfRobotsOnWhiteSite
29859,31,13
timeStep,numberOfRobotsOnBlackSite,numberOfRobotsOnWhiteSite
29860,31,13
timeStep,numberOfRobotsOnBlackSite,numberOfRobotsOnWhiteSite
29861,31,13
timeStep,numberOfRobotsOnBlackSite,numberOfRobotsOnWhiteSite
29862,31,13
timeStep,numberOfRobotsOnBlackSite,numberOfRobotsOnWhiteSite
29863,31,13
timeStep,numberOfRobotsOnBlackSite,numberOfRobotsOnWhiteSite
29864,31,13
timeStep,numberOfRobotsOnBlackSite,numberOfRobotsOnWhiteSite
29865,31,13
timeStep,numberOfRobotsOnBlackSite,numberOfRobotsOnWhiteSite
29866,31,13
timeStep,numberOfRobotsOnBlackSite,numberOfRobotsOnWhiteSite
29867,31,13
timeStep,numberOfRobotsOnBlackSite,numberOfRobotsOnWhiteSite
29868,31,13
timeStep,numberOfRobotsOnBlackSite,numberOfRobotsOnWhiteSite
29869,31,13
timeStep,numberOfRobotsOnBlackSite,numberOfRobotsOnWhiteSite
29870,31,13
timeStep,numberOfRobotsOnBlackSite,numberOfRobotsOnWhiteSite
29871,31,13
timeStep,numberOfRobotsOnBlackSite,numberOfRobotsOnWhiteSite
29872,31,13
timeStep,numberOfRobotsOnBlackSite,numberOfRobotsOnWhiteSite
29873,31,13
timeStep,numberOfRobotsOnBlackSite,numberOfRobotsOnWhiteSite
29874,31,13
timeStep,numberOfRobotsOnBlackSite,numberOfRobotsOnWhiteSite
29875,31,13
timeStep,numberOfRobotsOnBlackSite,numberOfRobotsOnWhiteSite
29876,31,13
timeStep,numberOfRobotsOnBlackSite,numberOfRobotsOnWhiteSite
29877,31,13
timeStep,numberOfRobotsOnBlackSite,numberOfRobotsOnWhiteSite
29878,31,13
timeStep,numberOfRobotsOnBlackSite,numberOfRobotsOnWhiteSite
29879,31,13
timeStep,numberOfRobotsOnBlackSite,numberOfRobotsOnWhiteSite
29880,31,13
timeStep,numberOfRobotsOnBlackSite,numberOfRobotsOnWhiteSite
29881,31,13
timeStep,numberOfRobotsOnBlackSite,numberOfRobotsOnWhiteSite
29882,31,13
timeStep,numberOfRobotsOnBlackSite,numberOfRobotsOnWhiteSite
29883,31,13
timeStep,numberOfRobotsOnBlackSite,numberOfRobotsOnWhiteSite
29884,31,13
timeStep,numberOfRobotsOnBlackSite,numberOfRobotsOnWhiteSite
29885,31,13
timeStep,numberOfRobotsOnBlackSite,numberOfRobotsOnWhiteSite
29886,31,13
timeStep,numberOfRobotsOnBlackSite,numberOfRobotsOnWhiteSite
29887,31,13
timeStep,numberOfRobotsOnBlackSite,numberOfRobotsOnWhiteSite
29888,31,13
timeStep,numberOfRobotsOnBlackSite,numberOfRobotsOnWhiteSite
29889,31,13
timeStep,numberOfRobotsOnBlackSite,numberOfRobotsOnWhiteSite
29890,31,13
timeStep,numberOfRobotsOnBlackSite,numberOfRobotsOnWhiteSite
29891,31,13
timeStep,numberOfRobotsOnBlackSite,numberOfRobotsOnWhiteSite
29892,31,13
timeStep,numberOfRobotsOnBlackSite,numberOfRobotsOnWhiteSite
29893,31,13
timeStep,numberOfRobotsOnBlackSite,numberOfRobotsOnWhiteSite
29894,31,13
timeStep,numberOfRobotsOnBlackSite,numberOfRobotsOnWhiteSite
29895,31,12
timeStep,numberOfRobotsOnBlackSite,numberOfRobotsOnWhiteSite
29896,31,12
timeStep,numberOfRobotsOnBlackSite,numberOfRobotsOnWhiteSite
29897,31,12
timeStep,numberOfRobotsOnBlackSite,numberOfRobotsOnWhiteSite
29898,31,12
timeStep,numberOfRobotsOnBlackSite,numberOfRobotsOnWhiteSite
29899,31,12
timeStep,numberOfRobotsOnBlackSite,numberOfRobotsOnWhiteSite
29900,30,12
timeStep,numberOfRobotsOnBlackSite,numberOfRobotsOnWhiteSite
29901,30,12
timeStep,numberOfRobotsOnBlackSite,numberOfRobotsOnWhiteSite
29902,30,12
timeStep,numberOfRobotsOnBlackSite,numberOfRobotsOnWhiteSite
29903,30,12
timeStep,numberOfRobotsOnBlackSite,numberOfRobotsOnWhiteSite
29904,30,12
timeStep,numberOfRobotsOnBlackSite,numberOfRobotsOnWhiteSite
29905,30,12
timeStep,numberOfRobotsOnBlackSite,numberOfRobotsOnWhiteSite
29906,30,12
timeStep,numberOfRobotsOnBlackSite,numberOfRobotsOnWhiteSite
29907,30,12
timeStep,numberOfRobotsOnBlackSite,numberOfRobotsOnWhiteSite
29908,30,12
timeStep,numberOfRobotsOnBlackSite,numberOfRobotsOnWhiteSite
29909,30,12
timeStep,numberOfRobotsOnBlackSite,numberOfRobotsOnWhiteSite
29910,30,12
timeStep,numberOfRobotsOnBlackSite,numberOfRobotsOnWhiteSite
29911,30,12
timeStep,numberOfRobotsOnBlackSite,numberOfRobotsOnWhiteSite
29912,30,12
timeStep,numberOfRobotsOnBlackSite,numberOfRobotsOnWhiteSite
29913,30,12
timeStep,numberOfRobotsOnBlackSite,numberOfRobotsOnWhiteSite
29914,30,12
timeStep,numberOfRobotsOnBlackSite,numberOfRobotsOnWhiteSite
29915,30,12
timeStep,numberOfRobotsOnBlackSite,numberOfRobotsOnWhiteSite
29916,30,12
timeStep,numberOfRobotsOnBlackSite,numberOfRobotsOnWhiteSite
29917,30,12
timeStep,numberOfRobotsOnBlackSite,numberOfRobotsOnWhiteSite
29918,30,12
timeStep,numberOfRobotsOnBlackSite,numberOfRobotsOnWhiteSite
29919,30,12
timeStep,numberOfRobotsOnBlackSite,numberOfRobotsOnWhiteSite
29920,30,12
timeStep,numberOfRobotsOnBlackSite,numberOfRobotsOnWhiteSite
29921,30,12
timeStep,numberOfRobotsOnBlackSite,numberOfRobotsOnWhiteSite
29922,30,12
timeStep,numberOfRobotsOnBlackSite,numberOfRobotsOnWhiteSite
29923,30,12
timeStep,numberOfRobotsOnBlackSite,numberOfRobotsOnWhiteSite
29924,30,12
timeStep,numberOfRobotsOnBlackSite,numberOfRobotsOnWhiteSite
29925,31,12
timeStep,numberOfRobotsOnBlackSite,numberOfRobotsOnWhiteSite
29926,31,12
timeStep,numberOfRobotsOnBlackSite,numberOfRobotsOnWhiteSite
29927,31,12
timeStep,numberOfRobotsOnBlackSite,numberOfRobotsOnWhiteSite
29928,31,12
timeStep,numberOfRobotsOnBlackSite,numberOfRobotsOnWhiteSite
29929,31,12
timeStep,numberOfRobotsOnBlackSite,numberOfRobotsOnWhiteSite
29930,32,12
timeStep,numberOfRobotsOnBlackSite,numberOfRobotsOnWhiteSite
29931,32,12
timeStep,numberOfRobotsOnBlackSite,numberOfRobotsOnWhiteSite
29932,32,12
timeStep,numberOfRobotsOnBlackSite,numberOfRobotsOnWhiteSite
29933,32,12
timeStep,numberOfRobotsOnBlackSite,numberOfRobotsOnWhiteSite
29934,32,12
timeStep,numberOfRobotsOnBlackSite,numberOfRobotsOnWhiteSite
29935,32,12
timeStep,numberOfRobotsOnBlackSite,numberOfRobotsOnWhiteSite
29936,32,12
timeStep,numberOfRobotsOnBlackSite,numberOfRobotsOnWhiteSite
29937,32,12
timeStep,numberOfRobotsOnBlackSite,numberOfRobotsOnWhiteSite
29938,32,12
timeStep,numberOfRobotsOnBlackSite,numberOfRobotsOnWhiteSite
29939,32,12
timeStep,numberOfRobotsOnBlackSite,numberOfRobotsOnWhiteSite
29940,32,12
timeStep,numberOfRobotsOnBlackSite,numberOfRobotsOnWhiteSite
29941,32,12
timeStep,numberOfRobotsOnBlackSite,numberOfRobotsOnWhiteSite
29942,32,12
timeStep,numberOfRobotsOnBlackSite,numberOfRobotsOnWhiteSite
29943,32,12
timeStep,numberOfRobotsOnBlackSite,numberOfRobotsOnWhiteSite
29944,32,12
timeStep,numberOfRobotsOnBlackSite,numberOfRobotsOnWhiteSite
29945,32,12
timeStep,numberOfRobotsOnBlackSite,numberOfRobotsOnWhiteSite
29946,32,12
timeStep,numberOfRobotsOnBlackSite,numberOfRobotsOnWhiteSite
29947,32,12
timeStep,numberOfRobotsOnBlackSite,numberOfRobotsOnWhiteSite
29948,32,12
timeStep,numberOfRobotsOnBlackSite,numberOfRobotsOnWhiteSite
29949,32,12
timeStep,numberOfRobotsOnBlackSite,numberOfRobotsOnWhiteSite
29950,32,12
timeStep,numberOfRobotsOnBlackSite,numberOfRobotsOnWhiteSite
29951,32,12
timeStep,numberOfRobotsOnBlackSite,numberOfRobotsOnWhiteSite
29952,32,12
timeStep,numberOfRobotsOnBlackSite,numberOfRobotsOnWhiteSite
29953,32,12
timeStep,numberOfRobotsOnBlackSite,numberOfRobotsOnWhiteSite
29954,32,12
timeStep,numberOfRobotsOnBlackSite,numberOfRobotsOnWhiteSite
29955,31,12
timeStep,numberOfRobotsOnBlackSite,numberOfRobotsOnWhiteSite
29956,31,12
timeStep,numberOfRobotsOnBlackSite,numberOfRobotsOnWhiteSite
29957,31,12
timeStep,numberOfRobotsOnBlackSite,numberOfRobotsOnWhiteSite
29958,31,12
timeStep,numberOfRobotsOnBlackSite,numberOfRobotsOnWhiteSite
29959,31,12
timeStep,numberOfRobotsOnBlackSite,numberOfRobotsOnWhiteSite
29960,31,12
timeStep,numberOfRobotsOnBlackSite,numberOfRobotsOnWhiteSite
29961,31,12
timeStep,numberOfRobotsOnBlackSite,numberOfRobotsOnWhiteSite
29962,31,12
timeStep,numberOfRobotsOnBlackSite,numberOfRobotsOnWhiteSite
29963,31,12
timeStep,numberOfRobotsOnBlackSite,numberOfRobotsOnWhiteSite
29964,31,12
timeStep,numberOfRobotsOnBlackSite,numberOfRobotsOnWhiteSite
29965,32,12
timeStep,numberOfRobotsOnBlackSite,numberOfRobotsOnWhiteSite
29966,32,12
timeStep,numberOfRobotsOnBlackSite,numberOfRobotsOnWhiteSite
29967,32,12
timeStep,numberOfRobotsOnBlackSite,numberOfRobotsOnWhiteSite
29968,32,12
timeStep,numberOfRobotsOnBlackSite,numberOfRobotsOnWhiteSite
29969,32,12
timeStep,numberOfRobotsOnBlackSite,numberOfRobotsOnWhiteSite
29970,32,12
timeStep,numberOfRobotsOnBlackSite,numberOfRobotsOnWhiteSite
29971,32,12
timeStep,numberOfRobotsOnBlackSite,numberOfRobotsOnWhiteSite
29972,32,12
timeStep,numberOfRobotsOnBlackSite,numberOfRobotsOnWhiteSite
29973,32,12
timeStep,numberOfRobotsOnBlackSite,numberOfRobotsOnWhiteSite
29974,32,12
timeStep,numberOfRobotsOnBlackSite,numberOfRobotsOnWhiteSite
29975,32,12
timeStep,numberOfRobotsOnBlackSite,numberOfRobotsOnWhiteSite
29976,32,12
timeStep,numberOfRobotsOnBlackSite,numberOfRobotsOnWhiteSite
29977,32,12
timeStep,numberOfRobotsOnBlackSite,numberOfRobotsOnWhiteSite
29978,32,12
timeStep,numberOfRobotsOnBlackSite,numberOfRobotsOnWhiteSite
29979,32,12
timeStep,numberOfRobotsOnBlackSite,numberOfRobotsOnWhiteSite
29980,32,12
timeStep,numberOfRobotsOnBlackSite,numberOfRobotsOnWhiteSite
29981,32,12
timeStep,numberOfRobotsOnBlackSite,numberOfRobotsOnWhiteSite
29982,32,12
timeStep,numberOfRobotsOnBlackSite,numberOfRobotsOnWhiteSite
29983,32,12
timeStep,numberOfRobotsOnBlackSite,numberOfRobotsOnWhiteSite
29984,32,12
timeStep,numberOfRobotsOnBlackSite,numberOfRobotsOnWhiteSite
29985,32,12
timeStep,numberOfRobotsOnBlackSite,numberOfRobotsOnWhiteSite
29986,32,12
timeStep,numberOfRobotsOnBlackSite,numberOfRobotsOnWhiteSite
29987,32,12
timeStep,numberOfRobotsOnBlackSite,numberOfRobotsOnWhiteSite
29988,32,12
timeStep,numberOfRobotsOnBlackSite,numberOfRobotsOnWhiteSite
29989,32,12
timeStep,numberOfRobotsOnBlackSite,numberOfRobotsOnWhiteSite
29990,32,12
timeStep,numberOfRobotsOnBlackSite,numberOfRobotsOnWhiteSite
29991,32,12
timeStep,numberOfRobotsOnBlackSite,numberOfRobotsOnWhiteSite
29992,32,12
timeStep,numberOfRobotsOnBlackSite,numberOfRobotsOnWhiteSite
29993,32,12
timeStep,numberOfRobotsOnBlackSite,numberOfRobotsOnWhiteSite
29994,32,12
timeStep,numberOfRobotsOnBlackSite,numberOfRobotsOnWhiteSite
29995,32,12
timeStep,numberOfRobotsOnBlackSite,numberOfRobotsOnWhiteSite
29996,32,12
timeStep,numberOfRobotsOnBlackSite,numberOfRobotsOnWhiteSite
29997,32,12
timeStep,numberOfRobotsOnBlackSite,numberOfRobotsOnWhiteSite
29998,32,12
timeStep,numberOfRobotsOnBlackSite,numberOfRobotsOnWhiteSite
29999,32,12
timeStep,numberOfRobotsOnBlackSite,numberOfRobotsOnWhiteSite
30000,32,12
timeStep,numberOfRobotsOnBlackSite,numberOfRobotsOnWhiteSite
30001,32,12
timeStep,numberOfRobotsOnBlackSite,numberOfRobotsOnWhiteSite
30002,32,12
timeStep,numberOfRobotsOnBlackSite,numberOfRobotsOnWhiteSite
30003,32,12
timeStep,numberOfRobotsOnBlackSite,numberOfRobotsOnWhiteSite
30004,32,12
timeStep,numberOfRobotsOnBlackSite,numberOfRobotsOnWhiteSite
30005,31,12
timeStep,numberOfRobotsOnBlackSite,numberOfRobotsOnWhiteSite
30006,31,12
timeStep,numberOfRobotsOnBlackSite,numberOfRobotsOnWhiteSite
30007,31,12
timeStep,numberOfRobotsOnBlackSite,numberOfRobotsOnWhiteSite
30008,31,12
timeStep,numberOfRobotsOnBlackSite,numberOfRobotsOnWhiteSite
30009,31,12
timeStep,numberOfRobotsOnBlackSite,numberOfRobotsOnWhiteSite
30010,31,12
timeStep,numberOfRobotsOnBlackSite,numberOfRobotsOnWhiteSite
30011,31,12
timeStep,numberOfRobotsOnBlackSite,numberOfRobotsOnWhiteSite
30012,31,12
timeStep,numberOfRobotsOnBlackSite,numberOfRobotsOnWhiteSite
30013,31,12
timeStep,numberOfRobotsOnBlackSite,numberOfRobotsOnWhiteSite
30014,31,12
timeStep,numberOfRobotsOnBlackSite,numberOfRobotsOnWhiteSite
30015,31,12
timeStep,numberOfRobotsOnBlackSite,numberOfRobotsOnWhiteSite
30016,31,12
timeStep,numberOfRobotsOnBlackSite,numberOfRobotsOnWhiteSite
30017,31,12
timeStep,numberOfRobotsOnBlackSite,numberOfRobotsOnWhiteSite
30018,31,12
timeStep,numberOfRobotsOnBlackSite,numberOfRobotsOnWhiteSite
30019,31,12
timeStep,numberOfRobotsOnBlackSite,numberOfRobotsOnWhiteSite
30020,31,12
timeStep,numberOfRobotsOnBlackSite,numberOfRobotsOnWhiteSite
30021,31,12
timeStep,numberOfRobotsOnBlackSite,numberOfRobotsOnWhiteSite
30022,31,12
timeStep,numberOfRobotsOnBlackSite,numberOfRobotsOnWhiteSite
30023,31,12
timeStep,numberOfRobotsOnBlackSite,numberOfRobotsOnWhiteSite
30024,31,12
timeStep,numberOfRobotsOnBlackSite,numberOfRobotsOnWhiteSite
30025,31,12
timeStep,numberOfRobotsOnBlackSite,numberOfRobotsOnWhiteSite
30026,31,12
timeStep,numberOfRobotsOnBlackSite,numberOfRobotsOnWhiteSite
30027,31,12
timeStep,numberOfRobotsOnBlackSite,numberOfRobotsOnWhiteSite
30028,31,12
timeStep,numberOfRobotsOnBlackSite,numberOfRobotsOnWhiteSite
30029,31,12
timeStep,numberOfRobotsOnBlackSite,numberOfRobotsOnWhiteSite
30030,31,12
timeStep,numberOfRobotsOnBlackSite,numberOfRobotsOnWhiteSite
30031,31,12
timeStep,numberOfRobotsOnBlackSite,numberOfRobotsOnWhiteSite
30032,31,12
timeStep,numberOfRobotsOnBlackSite,numberOfRobotsOnWhiteSite
30033,31,12
timeStep,numberOfRobotsOnBlackSite,numberOfRobotsOnWhiteSite
30034,31,12
timeStep,numberOfRobotsOnBlackSite,numberOfRobotsOnWhiteSite
30035,31,12
timeStep,numberOfRobotsOnBlackSite,numberOfRobotsOnWhiteSite
30036,31,12
timeStep,numberOfRobotsOnBlackSite,numberOfRobotsOnWhiteSite
30037,31,12
timeStep,numberOfRobotsOnBlackSite,numberOfRobotsOnWhiteSite
30038,31,12
timeStep,numberOfRobotsOnBlackSite,numberOfRobotsOnWhiteSite
30039,31,12
timeStep,numberOfRobotsOnBlackSite,numberOfRobotsOnWhiteSite
30040,31,12
timeStep,numberOfRobotsOnBlackSite,numberOfRobotsOnWhiteSite
30041,31,12
timeStep,numberOfRobotsOnBlackSite,numberOfRobotsOnWhiteSite
30042,31,12
timeStep,numberOfRobotsOnBlackSite,numberOfRobotsOnWhiteSite
30043,31,12
timeStep,numberOfRobotsOnBlackSite,numberOfRobotsOnWhiteSite
30044,31,12
timeStep,numberOfRobotsOnBlackSite,numberOfRobotsOnWhiteSite
30045,31,12
timeStep,numberOfRobotsOnBlackSite,numberOfRobotsOnWhiteSite
30046,31,12
timeStep,numberOfRobotsOnBlackSite,numberOfRobotsOnWhiteSite
30047,31,12
timeStep,numberOfRobotsOnBlackSite,numberOfRobotsOnWhiteSite
30048,31,12
timeStep,numberOfRobotsOnBlackSite,numberOfRobotsOnWhiteSite
30049,31,12
timeStep,numberOfRobotsOnBlackSite,numberOfRobotsOnWhiteSite
30050,31,12
timeStep,numberOfRobotsOnBlackSite,numberOfRobotsOnWhiteSite
30051,31,12
timeStep,numberOfRobotsOnBlackSite,numberOfRobotsOnWhiteSite
30052,31,12
timeStep,numberOfRobotsOnBlackSite,numberOfRobotsOnWhiteSite
30053,31,12
timeStep,numberOfRobotsOnBlackSite,numberOfRobotsOnWhiteSite
30054,31,12
timeStep,numberOfRobotsOnBlackSite,numberOfRobotsOnWhiteSite
30055,31,13
timeStep,numberOfRobotsOnBlackSite,numberOfRobotsOnWhiteSite
30056,31,13
timeStep,numberOfRobotsOnBlackSite,numberOfRobotsOnWhiteSite
30057,31,13
timeStep,numberOfRobotsOnBlackSite,numberOfRobotsOnWhiteSite
30058,31,13
timeStep,numberOfRobotsOnBlackSite,numberOfRobotsOnWhiteSite
30059,31,13
timeStep,numberOfRobotsOnBlackSite,numberOfRobotsOnWhiteSite
30060,31,13
timeStep,numberOfRobotsOnBlackSite,numberOfRobotsOnWhiteSite
30061,31,13
timeStep,numberOfRobotsOnBlackSite,numberOfRobotsOnWhiteSite
30062,31,13
timeStep,numberOfRobotsOnBlackSite,numberOfRobotsOnWhiteSite
30063,31,13
timeStep,numberOfRobotsOnBlackSite,numberOfRobotsOnWhiteSite
30064,31,13
timeStep,numberOfRobotsOnBlackSite,numberOfRobotsOnWhiteSite
30065,31,13
timeStep,numberOfRobotsOnBlackSite,numberOfRobotsOnWhiteSite
30066,31,13
timeStep,numberOfRobotsOnBlackSite,numberOfRobotsOnWhiteSite
30067,31,13
timeStep,numberOfRobotsOnBlackSite,numberOfRobotsOnWhiteSite
30068,31,13
timeStep,numberOfRobotsOnBlackSite,numberOfRobotsOnWhiteSite
30069,31,13
timeStep,numberOfRobotsOnBlackSite,numberOfRobotsOnWhiteSite
30070,31,13
timeStep,numberOfRobotsOnBlackSite,numberOfRobotsOnWhiteSite
30071,31,13
timeStep,numberOfRobotsOnBlackSite,numberOfRobotsOnWhiteSite
30072,31,13
timeStep,numberOfRobotsOnBlackSite,numberOfRobotsOnWhiteSite
30073,31,13
timeStep,numberOfRobotsOnBlackSite,numberOfRobotsOnWhiteSite
30074,31,13
timeStep,numberOfRobotsOnBlackSite,numberOfRobotsOnWhiteSite
30075,31,13
timeStep,numberOfRobotsOnBlackSite,numberOfRobotsOnWhiteSite
30076,31,13
timeStep,numberOfRobotsOnBlackSite,numberOfRobotsOnWhiteSite
30077,31,13
timeStep,numberOfRobotsOnBlackSite,numberOfRobotsOnWhiteSite
30078,31,13
timeStep,numberOfRobotsOnBlackSite,numberOfRobotsOnWhiteSite
30079,31,13
timeStep,numberOfRobotsOnBlackSite,numberOfRobotsOnWhiteSite
30080,31,13
timeStep,numberOfRobotsOnBlackSite,numberOfRobotsOnWhiteSite
30081,31,13
timeStep,numberOfRobotsOnBlackSite,numberOfRobotsOnWhiteSite
30082,31,13
timeStep,numberOfRobotsOnBlackSite,numberOfRobotsOnWhiteSite
30083,31,13
timeStep,numberOfRobotsOnBlackSite,numberOfRobotsOnWhiteSite
30084,31,13
timeStep,numberOfRobotsOnBlackSite,numberOfRobotsOnWhiteSite
30085,31,13
timeStep,numberOfRobotsOnBlackSite,numberOfRobotsOnWhiteSite
30086,31,13
timeStep,numberOfRobotsOnBlackSite,numberOfRobotsOnWhiteSite
30087,31,13
timeStep,numberOfRobotsOnBlackSite,numberOfRobotsOnWhiteSite
30088,31,13
timeStep,numberOfRobotsOnBlackSite,numberOfRobotsOnWhiteSite
30089,31,13
timeStep,numberOfRobotsOnBlackSite,numberOfRobotsOnWhiteSite
30090,31,13
timeStep,numberOfRobotsOnBlackSite,numberOfRobotsOnWhiteSite
30091,31,13
timeStep,numberOfRobotsOnBlackSite,numberOfRobotsOnWhiteSite
30092,31,13
timeStep,numberOfRobotsOnBlackSite,numberOfRobotsOnWhiteSite
30093,31,13
timeStep,numberOfRobotsOnBlackSite,numberOfRobotsOnWhiteSite
30094,31,13
timeStep,numberOfRobotsOnBlackSite,numberOfRobotsOnWhiteSite
30095,31,13
timeStep,numberOfRobotsOnBlackSite,numberOfRobotsOnWhiteSite
30096,31,13
timeStep,numberOfRobotsOnBlackSite,numberOfRobotsOnWhiteSite
30097,31,13
timeStep,numberOfRobotsOnBlackSite,numberOfRobotsOnWhiteSite
30098,31,13
timeStep,numberOfRobotsOnBlackSite,numberOfRobotsOnWhiteSite
30099,31,13
timeStep,numberOfRobotsOnBlackSite,numberOfRobotsOnWhiteSite
30100,31,13
timeStep,numberOfRobotsOnBlackSite,numberOfRobotsOnWhiteSite
30101,31,13
timeStep,numberOfRobotsOnBlackSite,numberOfRobotsOnWhiteSite
30102,31,13
timeStep,numberOfRobotsOnBlackSite,numberOfRobotsOnWhiteSite
30103,31,13
timeStep,numberOfRobotsOnBlackSite,numberOfRobotsOnWhiteSite
30104,31,13
timeStep,numberOfRobotsOnBlackSite,numberOfRobotsOnWhiteSite
30105,31,13
timeStep,numberOfRobotsOnBlackSite,numberOfRobotsOnWhiteSite
30106,31,13
timeStep,numberOfRobotsOnBlackSite,numberOfRobotsOnWhiteSite
30107,31,13
timeStep,numberOfRobotsOnBlackSite,numberOfRobotsOnWhiteSite
30108,31,13
timeStep,numberOfRobotsOnBlackSite,numberOfRobotsOnWhiteSite
30109,31,13
timeStep,numberOfRobotsOnBlackSite,numberOfRobotsOnWhiteSite
30110,31,13
timeStep,numberOfRobotsOnBlackSite,numberOfRobotsOnWhiteSite
30111,31,13
timeStep,numberOfRobotsOnBlackSite,numberOfRobotsOnWhiteSite
30112,31,13
timeStep,numberOfRobotsOnBlackSite,numberOfRobotsOnWhiteSite
30113,31,13
timeStep,numberOfRobotsOnBlackSite,numberOfRobotsOnWhiteSite
30114,31,13
timeStep,numberOfRobotsOnBlackSite,numberOfRobotsOnWhiteSite
30115,31,13
timeStep,numberOfRobotsOnBlackSite,numberOfRobotsOnWhiteSite
30116,31,13
timeStep,numberOfRobotsOnBlackSite,numberOfRobotsOnWhiteSite
30117,31,13
timeStep,numberOfRobotsOnBlackSite,numberOfRobotsOnWhiteSite
30118,31,13
timeStep,numberOfRobotsOnBlackSite,numberOfRobotsOnWhiteSite
30119,31,13
timeStep,numberOfRobotsOnBlackSite,numberOfRobotsOnWhiteSite
30120,31,13
timeStep,numberOfRobotsOnBlackSite,numberOfRobotsOnWhiteSite
30121,31,13
timeStep,numberOfRobotsOnBlackSite,numberOfRobotsOnWhiteSite
30122,31,13
timeStep,numberOfRobotsOnBlackSite,numberOfRobotsOnWhiteSite
30123,31,13
timeStep,numberOfRobotsOnBlackSite,numberOfRobotsOnWhiteSite
30124,31,13
timeStep,numberOfRobotsOnBlackSite,numberOfRobotsOnWhiteSite
30125,31,13
timeStep,numberOfRobotsOnBlackSite,numberOfRobotsOnWhiteSite
30126,31,13
timeStep,numberOfRobotsOnBlackSite,numberOfRobotsOnWhiteSite
30127,31,13
timeStep,numberOfRobotsOnBlackSite,numberOfRobotsOnWhiteSite
30128,31,13
timeStep,numberOfRobotsOnBlackSite,numberOfRobotsOnWhiteSite
30129,31,13
timeStep,numberOfRobotsOnBlackSite,numberOfRobotsOnWhiteSite
30130,31,13
timeStep,numberOfRobotsOnBlackSite,numberOfRobotsOnWhiteSite
30131,31,13
timeStep,numberOfRobotsOnBlackSite,numberOfRobotsOnWhiteSite
30132,31,13
timeStep,numberOfRobotsOnBlackSite,numberOfRobotsOnWhiteSite
30133,31,13
timeStep,numberOfRobotsOnBlackSite,numberOfRobotsOnWhiteSite
30134,31,13
timeStep,numberOfRobotsOnBlackSite,numberOfRobotsOnWhiteSite
30135,31,13
timeStep,numberOfRobotsOnBlackSite,numberOfRobotsOnWhiteSite
30136,31,13
timeStep,numberOfRobotsOnBlackSite,numberOfRobotsOnWhiteSite
30137,31,13
timeStep,numberOfRobotsOnBlackSite,numberOfRobotsOnWhiteSite
30138,31,13
timeStep,numberOfRobotsOnBlackSite,numberOfRobotsOnWhiteSite
30139,31,13
timeStep,numberOfRobotsOnBlackSite,numberOfRobotsOnWhiteSite
30140,31,13
timeStep,numberOfRobotsOnBlackSite,numberOfRobotsOnWhiteSite
30141,31,13
timeStep,numberOfRobotsOnBlackSite,numberOfRobotsOnWhiteSite
30142,31,13
timeStep,numberOfRobotsOnBlackSite,numberOfRobotsOnWhiteSite
30143,31,13
timeStep,numberOfRobotsOnBlackSite,numberOfRobotsOnWhiteSite
30144,31,13
timeStep,numberOfRobotsOnBlackSite,numberOfRobotsOnWhiteSite
30145,31,13
timeStep,numberOfRobotsOnBlackSite,numberOfRobotsOnWhiteSite
30146,31,13
timeStep,numberOfRobotsOnBlackSite,numberOfRobotsOnWhiteSite
30147,31,13
timeStep,numberOfRobotsOnBlackSite,numberOfRobotsOnWhiteSite
30148,31,13
timeStep,numberOfRobotsOnBlackSite,numberOfRobotsOnWhiteSite
30149,31,13
timeStep,numberOfRobotsOnBlackSite,numberOfRobotsOnWhiteSite
30150,31,13
timeStep,numberOfRobotsOnBlackSite,numberOfRobotsOnWhiteSite
30151,31,13
timeStep,numberOfRobotsOnBlackSite,numberOfRobotsOnWhiteSite
30152,31,13
timeStep,numberOfRobotsOnBlackSite,numberOfRobotsOnWhiteSite
30153,31,13
timeStep,numberOfRobotsOnBlackSite,numberOfRobotsOnWhiteSite
30154,31,13
timeStep,numberOfRobotsOnBlackSite,numberOfRobotsOnWhiteSite
30155,31,13
timeStep,numberOfRobotsOnBlackSite,numberOfRobotsOnWhiteSite
30156,31,13
timeStep,numberOfRobotsOnBlackSite,numberOfRobotsOnWhiteSite
30157,31,13
timeStep,numberOfRobotsOnBlackSite,numberOfRobotsOnWhiteSite
30158,31,13
timeStep,numberOfRobotsOnBlackSite,numberOfRobotsOnWhiteSite
30159,31,13
timeStep,numberOfRobotsOnBlackSite,numberOfRobotsOnWhiteSite
30160,31,13
timeStep,numberOfRobotsOnBlackSite,numberOfRobotsOnWhiteSite
30161,31,13
timeStep,numberOfRobotsOnBlackSite,numberOfRobotsOnWhiteSite
30162,31,13
timeStep,numberOfRobotsOnBlackSite,numberOfRobotsOnWhiteSite
30163,31,13
timeStep,numberOfRobotsOnBlackSite,numberOfRobotsOnWhiteSite
30164,31,13
timeStep,numberOfRobotsOnBlackSite,numberOfRobotsOnWhiteSite
30165,31,13
timeStep,numberOfRobotsOnBlackSite,numberOfRobotsOnWhiteSite
30166,31,13
timeStep,numberOfRobotsOnBlackSite,numberOfRobotsOnWhiteSite
30167,31,13
timeStep,numberOfRobotsOnBlackSite,numberOfRobotsOnWhiteSite
30168,31,13
timeStep,numberOfRobotsOnBlackSite,numberOfRobotsOnWhiteSite
30169,31,13
timeStep,numberOfRobotsOnBlackSite,numberOfRobotsOnWhiteSite
30170,31,13
timeStep,numberOfRobotsOnBlackSite,numberOfRobotsOnWhiteSite
30171,31,13
timeStep,numberOfRobotsOnBlackSite,numberOfRobotsOnWhiteSite
30172,31,13
timeStep,numberOfRobotsOnBlackSite,numberOfRobotsOnWhiteSite
30173,31,13
timeStep,numberOfRobotsOnBlackSite,numberOfRobotsOnWhiteSite
30174,31,13
timeStep,numberOfRobotsOnBlackSite,numberOfRobotsOnWhiteSite
30175,31,14
timeStep,numberOfRobotsOnBlackSite,numberOfRobotsOnWhiteSite
30176,31,14
timeStep,numberOfRobotsOnBlackSite,numberOfRobotsOnWhiteSite
30177,31,14
timeStep,numberOfRobotsOnBlackSite,numberOfRobotsOnWhiteSite
30178,31,14
timeStep,numberOfRobotsOnBlackSite,numberOfRobotsOnWhiteSite
30179,31,14
timeStep,numberOfRobotsOnBlackSite,numberOfRobotsOnWhiteSite
30180,31,14
timeStep,numberOfRobotsOnBlackSite,numberOfRobotsOnWhiteSite
30181,31,14
timeStep,numberOfRobotsOnBlackSite,numberOfRobotsOnWhiteSite
30182,31,14
timeStep,numberOfRobotsOnBlackSite,numberOfRobotsOnWhiteSite
30183,31,14
timeStep,numberOfRobotsOnBlackSite,numberOfRobotsOnWhiteSite
30184,31,14
timeStep,numberOfRobotsOnBlackSite,numberOfRobotsOnWhiteSite
30185,31,14
timeStep,numberOfRobotsOnBlackSite,numberOfRobotsOnWhiteSite
30186,31,14
timeStep,numberOfRobotsOnBlackSite,numberOfRobotsOnWhiteSite
30187,31,14
timeStep,numberOfRobotsOnBlackSite,numberOfRobotsOnWhiteSite
30188,31,14
timeStep,numberOfRobotsOnBlackSite,numberOfRobotsOnWhiteSite
30189,31,14
timeStep,numberOfRobotsOnBlackSite,numberOfRobotsOnWhiteSite
30190,31,14
timeStep,numberOfRobotsOnBlackSite,numberOfRobotsOnWhiteSite
30191,31,14
timeStep,numberOfRobotsOnBlackSite,numberOfRobotsOnWhiteSite
30192,31,14
timeStep,numberOfRobotsOnBlackSite,numberOfRobotsOnWhiteSite
30193,31,14
timeStep,numberOfRobotsOnBlackSite,numberOfRobotsOnWhiteSite
30194,31,14
timeStep,numberOfRobotsOnBlackSite,numberOfRobotsOnWhiteSite
30195,31,14
timeStep,numberOfRobotsOnBlackSite,numberOfRobotsOnWhiteSite
30196,31,14
timeStep,numberOfRobotsOnBlackSite,numberOfRobotsOnWhiteSite
30197,31,14
timeStep,numberOfRobotsOnBlackSite,numberOfRobotsOnWhiteSite
30198,31,14
timeStep,numberOfRobotsOnBlackSite,numberOfRobotsOnWhiteSite
30199,31,14
timeStep,numberOfRobotsOnBlackSite,numberOfRobotsOnWhiteSite
30200,31,14
timeStep,numberOfRobotsOnBlackSite,numberOfRobotsOnWhiteSite
30201,31,14
timeStep,numberOfRobotsOnBlackSite,numberOfRobotsOnWhiteSite
30202,31,14
timeStep,numberOfRobotsOnBlackSite,numberOfRobotsOnWhiteSite
30203,31,14
timeStep,numberOfRobotsOnBlackSite,numberOfRobotsOnWhiteSite
30204,31,14
timeStep,numberOfRobotsOnBlackSite,numberOfRobotsOnWhiteSite
30205,31,14
timeStep,numberOfRobotsOnBlackSite,numberOfRobotsOnWhiteSite
30206,31,14
timeStep,numberOfRobotsOnBlackSite,numberOfRobotsOnWhiteSite
30207,31,14
timeStep,numberOfRobotsOnBlackSite,numberOfRobotsOnWhiteSite
30208,31,14
timeStep,numberOfRobotsOnBlackSite,numberOfRobotsOnWhiteSite
30209,31,14
timeStep,numberOfRobotsOnBlackSite,numberOfRobotsOnWhiteSite
30210,31,13
timeStep,numberOfRobotsOnBlackSite,numberOfRobotsOnWhiteSite
30211,31,13
timeStep,numberOfRobotsOnBlackSite,numberOfRobotsOnWhiteSite
30212,31,13
timeStep,numberOfRobotsOnBlackSite,numberOfRobotsOnWhiteSite
30213,31,13
timeStep,numberOfRobotsOnBlackSite,numberOfRobotsOnWhiteSite
30214,31,13
timeStep,numberOfRobotsOnBlackSite,numberOfRobotsOnWhiteSite
30215,31,13
timeStep,numberOfRobotsOnBlackSite,numberOfRobotsOnWhiteSite
30216,31,13
timeStep,numberOfRobotsOnBlackSite,numberOfRobotsOnWhiteSite
30217,31,13
timeStep,numberOfRobotsOnBlackSite,numberOfRobotsOnWhiteSite
30218,31,13
timeStep,numberOfRobotsOnBlackSite,numberOfRobotsOnWhiteSite
30219,31,13
timeStep,numberOfRobotsOnBlackSite,numberOfRobotsOnWhiteSite
30220,31,13
timeStep,numberOfRobotsOnBlackSite,numberOfRobotsOnWhiteSite
30221,31,13
timeStep,numberOfRobotsOnBlackSite,numberOfRobotsOnWhiteSite
30222,31,13
timeStep,numberOfRobotsOnBlackSite,numberOfRobotsOnWhiteSite
30223,31,13
timeStep,numberOfRobotsOnBlackSite,numberOfRobotsOnWhiteSite
30224,31,13
timeStep,numberOfRobotsOnBlackSite,numberOfRobotsOnWhiteSite
30225,32,13
timeStep,numberOfRobotsOnBlackSite,numberOfRobotsOnWhiteSite
30226,32,13
timeStep,numberOfRobotsOnBlackSite,numberOfRobotsOnWhiteSite
30227,32,13
timeStep,numberOfRobotsOnBlackSite,numberOfRobotsOnWhiteSite
30228,32,13
timeStep,numberOfRobotsOnBlackSite,numberOfRobotsOnWhiteSite
30229,32,13
timeStep,numberOfRobotsOnBlackSite,numberOfRobotsOnWhiteSite
30230,32,13
timeStep,numberOfRobotsOnBlackSite,numberOfRobotsOnWhiteSite
30231,32,13
timeStep,numberOfRobotsOnBlackSite,numberOfRobotsOnWhiteSite
30232,32,13
timeStep,numberOfRobotsOnBlackSite,numberOfRobotsOnWhiteSite
30233,32,13
timeStep,numberOfRobotsOnBlackSite,numberOfRobotsOnWhiteSite
30234,32,13
timeStep,numberOfRobotsOnBlackSite,numberOfRobotsOnWhiteSite
30235,32,13
timeStep,numberOfRobotsOnBlackSite,numberOfRobotsOnWhiteSite
30236,32,13
timeStep,numberOfRobotsOnBlackSite,numberOfRobotsOnWhiteSite
30237,32,13
timeStep,numberOfRobotsOnBlackSite,numberOfRobotsOnWhiteSite
30238,32,13
timeStep,numberOfRobotsOnBlackSite,numberOfRobotsOnWhiteSite
30239,32,13
timeStep,numberOfRobotsOnBlackSite,numberOfRobotsOnWhiteSite
30240,32,13
timeStep,numberOfRobotsOnBlackSite,numberOfRobotsOnWhiteSite
30241,32,13
timeStep,numberOfRobotsOnBlackSite,numberOfRobotsOnWhiteSite
30242,32,13
timeStep,numberOfRobotsOnBlackSite,numberOfRobotsOnWhiteSite
30243,32,13
timeStep,numberOfRobotsOnBlackSite,numberOfRobotsOnWhiteSite
30244,32,13
timeStep,numberOfRobotsOnBlackSite,numberOfRobotsOnWhiteSite
30245,32,13
timeStep,numberOfRobotsOnBlackSite,numberOfRobotsOnWhiteSite
30246,32,13
timeStep,numberOfRobotsOnBlackSite,numberOfRobotsOnWhiteSite
30247,32,13
timeStep,numberOfRobotsOnBlackSite,numberOfRobotsOnWhiteSite
30248,32,13
timeStep,numberOfRobotsOnBlackSite,numberOfRobotsOnWhiteSite
30249,32,13
timeStep,numberOfRobotsOnBlackSite,numberOfRobotsOnWhiteSite
30250,32,13
timeStep,numberOfRobotsOnBlackSite,numberOfRobotsOnWhiteSite
30251,32,13
timeStep,numberOfRobotsOnBlackSite,numberOfRobotsOnWhiteSite
30252,32,13
timeStep,numberOfRobotsOnBlackSite,numberOfRobotsOnWhiteSite
30253,32,13
timeStep,numberOfRobotsOnBlackSite,numberOfRobotsOnWhiteSite
30254,32,13
timeStep,numberOfRobotsOnBlackSite,numberOfRobotsOnWhiteSite
30255,32,13
timeStep,numberOfRobotsOnBlackSite,numberOfRobotsOnWhiteSite
30256,32,13
timeStep,numberOfRobotsOnBlackSite,numberOfRobotsOnWhiteSite
30257,32,13
timeStep,numberOfRobotsOnBlackSite,numberOfRobotsOnWhiteSite
30258,32,13
timeStep,numberOfRobotsOnBlackSite,numberOfRobotsOnWhiteSite
30259,32,13
timeStep,numberOfRobotsOnBlackSite,numberOfRobotsOnWhiteSite
30260,32,13
timeStep,numberOfRobotsOnBlackSite,numberOfRobotsOnWhiteSite
30261,32,13
timeStep,numberOfRobotsOnBlackSite,numberOfRobotsOnWhiteSite
30262,32,13
timeStep,numberOfRobotsOnBlackSite,numberOfRobotsOnWhiteSite
30263,32,13
timeStep,numberOfRobotsOnBlackSite,numberOfRobotsOnWhiteSite
30264,32,13
timeStep,numberOfRobotsOnBlackSite,numberOfRobotsOnWhiteSite
30265,32,13
timeStep,numberOfRobotsOnBlackSite,numberOfRobotsOnWhiteSite
30266,32,13
timeStep,numberOfRobotsOnBlackSite,numberOfRobotsOnWhiteSite
30267,32,13
timeStep,numberOfRobotsOnBlackSite,numberOfRobotsOnWhiteSite
30268,32,13
timeStep,numberOfRobotsOnBlackSite,numberOfRobotsOnWhiteSite
30269,32,13
timeStep,numberOfRobotsOnBlackSite,numberOfRobotsOnWhiteSite
30270,32,13
timeStep,numberOfRobotsOnBlackSite,numberOfRobotsOnWhiteSite
30271,32,13
timeStep,numberOfRobotsOnBlackSite,numberOfRobotsOnWhiteSite
30272,32,13
timeStep,numberOfRobotsOnBlackSite,numberOfRobotsOnWhiteSite
30273,32,13
timeStep,numberOfRobotsOnBlackSite,numberOfRobotsOnWhiteSite
30274,32,13
timeStep,numberOfRobotsOnBlackSite,numberOfRobotsOnWhiteSite
30275,32,13
timeStep,numberOfRobotsOnBlackSite,numberOfRobotsOnWhiteSite
30276,32,13
timeStep,numberOfRobotsOnBlackSite,numberOfRobotsOnWhiteSite
30277,32,13
timeStep,numberOfRobotsOnBlackSite,numberOfRobotsOnWhiteSite
30278,32,13
timeStep,numberOfRobotsOnBlackSite,numberOfRobotsOnWhiteSite
30279,32,13
timeStep,numberOfRobotsOnBlackSite,numberOfRobotsOnWhiteSite
30280,32,13
timeStep,numberOfRobotsOnBlackSite,numberOfRobotsOnWhiteSite
30281,32,13
timeStep,numberOfRobotsOnBlackSite,numberOfRobotsOnWhiteSite
30282,32,13
timeStep,numberOfRobotsOnBlackSite,numberOfRobotsOnWhiteSite
30283,32,13
timeStep,numberOfRobotsOnBlackSite,numberOfRobotsOnWhiteSite
30284,32,13
timeStep,numberOfRobotsOnBlackSite,numberOfRobotsOnWhiteSite
30285,32,13
timeStep,numberOfRobotsOnBlackSite,numberOfRobotsOnWhiteSite
30286,32,13
timeStep,numberOfRobotsOnBlackSite,numberOfRobotsOnWhiteSite
30287,32,13
timeStep,numberOfRobotsOnBlackSite,numberOfRobotsOnWhiteSite
30288,32,13
timeStep,numberOfRobotsOnBlackSite,numberOfRobotsOnWhiteSite
30289,32,13
timeStep,numberOfRobotsOnBlackSite,numberOfRobotsOnWhiteSite
30290,32,13
timeStep,numberOfRobotsOnBlackSite,numberOfRobotsOnWhiteSite
30291,32,13
timeStep,numberOfRobotsOnBlackSite,numberOfRobotsOnWhiteSite
30292,32,13
timeStep,numberOfRobotsOnBlackSite,numberOfRobotsOnWhiteSite
30293,32,13
timeStep,numberOfRobotsOnBlackSite,numberOfRobotsOnWhiteSite
30294,32,13
timeStep,numberOfRobotsOnBlackSite,numberOfRobotsOnWhiteSite
30295,32,12
timeStep,numberOfRobotsOnBlackSite,numberOfRobotsOnWhiteSite
30296,32,12
timeStep,numberOfRobotsOnBlackSite,numberOfRobotsOnWhiteSite
30297,32,12
timeStep,numberOfRobotsOnBlackSite,numberOfRobotsOnWhiteSite
30298,32,12
timeStep,numberOfRobotsOnBlackSite,numberOfRobotsOnWhiteSite
30299,32,12
timeStep,numberOfRobotsOnBlackSite,numberOfRobotsOnWhiteSite
30300,32,12
timeStep,numberOfRobotsOnBlackSite,numberOfRobotsOnWhiteSite
30301,32,12
timeStep,numberOfRobotsOnBlackSite,numberOfRobotsOnWhiteSite
30302,32,12
timeStep,numberOfRobotsOnBlackSite,numberOfRobotsOnWhiteSite
30303,32,12
timeStep,numberOfRobotsOnBlackSite,numberOfRobotsOnWhiteSite
30304,32,12
timeStep,numberOfRobotsOnBlackSite,numberOfRobotsOnWhiteSite
30305,32,12
timeStep,numberOfRobotsOnBlackSite,numberOfRobotsOnWhiteSite
30306,32,12
timeStep,numberOfRobotsOnBlackSite,numberOfRobotsOnWhiteSite
30307,32,12
timeStep,numberOfRobotsOnBlackSite,numberOfRobotsOnWhiteSite
30308,32,12
timeStep,numberOfRobotsOnBlackSite,numberOfRobotsOnWhiteSite
30309,32,12
timeStep,numberOfRobotsOnBlackSite,numberOfRobotsOnWhiteSite
30310,32,12
timeStep,numberOfRobotsOnBlackSite,numberOfRobotsOnWhiteSite
30311,32,12
timeStep,numberOfRobotsOnBlackSite,numberOfRobotsOnWhiteSite
30312,32,12
timeStep,numberOfRobotsOnBlackSite,numberOfRobotsOnWhiteSite
30313,32,12
timeStep,numberOfRobotsOnBlackSite,numberOfRobotsOnWhiteSite
30314,32,12
timeStep,numberOfRobotsOnBlackSite,numberOfRobotsOnWhiteSite
30315,32,12
timeStep,numberOfRobotsOnBlackSite,numberOfRobotsOnWhiteSite
30316,32,12
timeStep,numberOfRobotsOnBlackSite,numberOfRobotsOnWhiteSite
30317,32,12
timeStep,numberOfRobotsOnBlackSite,numberOfRobotsOnWhiteSite
30318,32,12
timeStep,numberOfRobotsOnBlackSite,numberOfRobotsOnWhiteSite
30319,32,12
timeStep,numberOfRobotsOnBlackSite,numberOfRobotsOnWhiteSite
30320,32,12
timeStep,numberOfRobotsOnBlackSite,numberOfRobotsOnWhiteSite
30321,32,12
timeStep,numberOfRobotsOnBlackSite,numberOfRobotsOnWhiteSite
30322,32,12
timeStep,numberOfRobotsOnBlackSite,numberOfRobotsOnWhiteSite
30323,32,12
timeStep,numberOfRobotsOnBlackSite,numberOfRobotsOnWhiteSite
30324,32,12
timeStep,numberOfRobotsOnBlackSite,numberOfRobotsOnWhiteSite
30325,32,12
timeStep,numberOfRobotsOnBlackSite,numberOfRobotsOnWhiteSite
30326,32,12
timeStep,numberOfRobotsOnBlackSite,numberOfRobotsOnWhiteSite
30327,32,12
timeStep,numberOfRobotsOnBlackSite,numberOfRobotsOnWhiteSite
30328,32,12
timeStep,numberOfRobotsOnBlackSite,numberOfRobotsOnWhiteSite
30329,32,12
timeStep,numberOfRobotsOnBlackSite,numberOfRobotsOnWhiteSite
30330,32,13
timeStep,numberOfRobotsOnBlackSite,numberOfRobotsOnWhiteSite
30331,32,13
timeStep,numberOfRobotsOnBlackSite,numberOfRobotsOnWhiteSite
30332,32,13
timeStep,numberOfRobotsOnBlackSite,numberOfRobotsOnWhiteSite
30333,32,13
timeStep,numberOfRobotsOnBlackSite,numberOfRobotsOnWhiteSite
30334,32,13
timeStep,numberOfRobotsOnBlackSite,numberOfRobotsOnWhiteSite
30335,32,13
timeStep,numberOfRobotsOnBlackSite,numberOfRobotsOnWhiteSite
30336,32,13
timeStep,numberOfRobotsOnBlackSite,numberOfRobotsOnWhiteSite
30337,32,13
timeStep,numberOfRobotsOnBlackSite,numberOfRobotsOnWhiteSite
30338,32,13
timeStep,numberOfRobotsOnBlackSite,numberOfRobotsOnWhiteSite
30339,32,13
timeStep,numberOfRobotsOnBlackSite,numberOfRobotsOnWhiteSite
30340,32,13
timeStep,numberOfRobotsOnBlackSite,numberOfRobotsOnWhiteSite
30341,32,13
timeStep,numberOfRobotsOnBlackSite,numberOfRobotsOnWhiteSite
30342,32,13
timeStep,numberOfRobotsOnBlackSite,numberOfRobotsOnWhiteSite
30343,32,13
timeStep,numberOfRobotsOnBlackSite,numberOfRobotsOnWhiteSite
30344,32,13
timeStep,numberOfRobotsOnBlackSite,numberOfRobotsOnWhiteSite
30345,32,13
timeStep,numberOfRobotsOnBlackSite,numberOfRobotsOnWhiteSite
30346,32,13
timeStep,numberOfRobotsOnBlackSite,numberOfRobotsOnWhiteSite
30347,32,13
timeStep,numberOfRobotsOnBlackSite,numberOfRobotsOnWhiteSite
30348,32,13
timeStep,numberOfRobotsOnBlackSite,numberOfRobotsOnWhiteSite
30349,32,13
timeStep,numberOfRobotsOnBlackSite,numberOfRobotsOnWhiteSite
30350,32,13
timeStep,numberOfRobotsOnBlackSite,numberOfRobotsOnWhiteSite
30351,32,13
timeStep,numberOfRobotsOnBlackSite,numberOfRobotsOnWhiteSite
30352,32,13
timeStep,numberOfRobotsOnBlackSite,numberOfRobotsOnWhiteSite
30353,32,13
timeStep,numberOfRobotsOnBlackSite,numberOfRobotsOnWhiteSite
30354,32,13
timeStep,numberOfRobotsOnBlackSite,numberOfRobotsOnWhiteSite
30355,32,12
timeStep,numberOfRobotsOnBlackSite,numberOfRobotsOnWhiteSite
30356,32,12
timeStep,numberOfRobotsOnBlackSite,numberOfRobotsOnWhiteSite
30357,32,12
timeStep,numberOfRobotsOnBlackSite,numberOfRobotsOnWhiteSite
30358,32,12
timeStep,numberOfRobotsOnBlackSite,numberOfRobotsOnWhiteSite
30359,32,12
timeStep,numberOfRobotsOnBlackSite,numberOfRobotsOnWhiteSite
30360,32,12
timeStep,numberOfRobotsOnBlackSite,numberOfRobotsOnWhiteSite
30361,32,12
timeStep,numberOfRobotsOnBlackSite,numberOfRobotsOnWhiteSite
30362,32,12
timeStep,numberOfRobotsOnBlackSite,numberOfRobotsOnWhiteSite
30363,32,12
timeStep,numberOfRobotsOnBlackSite,numberOfRobotsOnWhiteSite
30364,32,12
timeStep,numberOfRobotsOnBlackSite,numberOfRobotsOnWhiteSite
30365,32,12
timeStep,numberOfRobotsOnBlackSite,numberOfRobotsOnWhiteSite
30366,32,12
timeStep,numberOfRobotsOnBlackSite,numberOfRobotsOnWhiteSite
30367,32,12
timeStep,numberOfRobotsOnBlackSite,numberOfRobotsOnWhiteSite
30368,32,12
timeStep,numberOfRobotsOnBlackSite,numberOfRobotsOnWhiteSite
30369,32,12
timeStep,numberOfRobotsOnBlackSite,numberOfRobotsOnWhiteSite
30370,32,12
timeStep,numberOfRobotsOnBlackSite,numberOfRobotsOnWhiteSite
30371,32,12
timeStep,numberOfRobotsOnBlackSite,numberOfRobotsOnWhiteSite
30372,32,12
timeStep,numberOfRobotsOnBlackSite,numberOfRobotsOnWhiteSite
30373,32,12
timeStep,numberOfRobotsOnBlackSite,numberOfRobotsOnWhiteSite
30374,32,12
timeStep,numberOfRobotsOnBlackSite,numberOfRobotsOnWhiteSite
30375,32,12
timeStep,numberOfRobotsOnBlackSite,numberOfRobotsOnWhiteSite
30376,32,12
timeStep,numberOfRobotsOnBlackSite,numberOfRobotsOnWhiteSite
30377,32,12
timeStep,numberOfRobotsOnBlackSite,numberOfRobotsOnWhiteSite
30378,32,12
timeStep,numberOfRobotsOnBlackSite,numberOfRobotsOnWhiteSite
30379,32,12
timeStep,numberOfRobotsOnBlackSite,numberOfRobotsOnWhiteSite
30380,32,11
timeStep,numberOfRobotsOnBlackSite,numberOfRobotsOnWhiteSite
30381,32,11
timeStep,numberOfRobotsOnBlackSite,numberOfRobotsOnWhiteSite
30382,32,11
timeStep,numberOfRobotsOnBlackSite,numberOfRobotsOnWhiteSite
30383,32,11
timeStep,numberOfRobotsOnBlackSite,numberOfRobotsOnWhiteSite
30384,32,11
timeStep,numberOfRobotsOnBlackSite,numberOfRobotsOnWhiteSite
30385,32,11
timeStep,numberOfRobotsOnBlackSite,numberOfRobotsOnWhiteSite
30386,32,11
timeStep,numberOfRobotsOnBlackSite,numberOfRobotsOnWhiteSite
30387,32,11
timeStep,numberOfRobotsOnBlackSite,numberOfRobotsOnWhiteSite
30388,32,11
timeStep,numberOfRobotsOnBlackSite,numberOfRobotsOnWhiteSite
30389,32,11
timeStep,numberOfRobotsOnBlackSite,numberOfRobotsOnWhiteSite
30390,32,11
timeStep,numberOfRobotsOnBlackSite,numberOfRobotsOnWhiteSite
30391,32,11
timeStep,numberOfRobotsOnBlackSite,numberOfRobotsOnWhiteSite
30392,32,11
timeStep,numberOfRobotsOnBlackSite,numberOfRobotsOnWhiteSite
30393,32,11
timeStep,numberOfRobotsOnBlackSite,numberOfRobotsOnWhiteSite
30394,32,11
timeStep,numberOfRobotsOnBlackSite,numberOfRobotsOnWhiteSite
30395,32,11
timeStep,numberOfRobotsOnBlackSite,numberOfRobotsOnWhiteSite
30396,32,11
timeStep,numberOfRobotsOnBlackSite,numberOfRobotsOnWhiteSite
30397,32,11
timeStep,numberOfRobotsOnBlackSite,numberOfRobotsOnWhiteSite
30398,32,11
timeStep,numberOfRobotsOnBlackSite,numberOfRobotsOnWhiteSite
30399,32,11
timeStep,numberOfRobotsOnBlackSite,numberOfRobotsOnWhiteSite
30400,32,11
timeStep,numberOfRobotsOnBlackSite,numberOfRobotsOnWhiteSite
30401,32,11
timeStep,numberOfRobotsOnBlackSite,numberOfRobotsOnWhiteSite
30402,32,11
timeStep,numberOfRobotsOnBlackSite,numberOfRobotsOnWhiteSite
30403,32,11
timeStep,numberOfRobotsOnBlackSite,numberOfRobotsOnWhiteSite
30404,32,11
timeStep,numberOfRobotsOnBlackSite,numberOfRobotsOnWhiteSite
30405,32,11
timeStep,numberOfRobotsOnBlackSite,numberOfRobotsOnWhiteSite
30406,32,11
timeStep,numberOfRobotsOnBlackSite,numberOfRobotsOnWhiteSite
30407,32,11
timeStep,numberOfRobotsOnBlackSite,numberOfRobotsOnWhiteSite
30408,32,11
timeStep,numberOfRobotsOnBlackSite,numberOfRobotsOnWhiteSite
30409,32,11
timeStep,numberOfRobotsOnBlackSite,numberOfRobotsOnWhiteSite
30410,32,11
timeStep,numberOfRobotsOnBlackSite,numberOfRobotsOnWhiteSite
30411,32,11
timeStep,numberOfRobotsOnBlackSite,numberOfRobotsOnWhiteSite
30412,32,11
timeStep,numberOfRobotsOnBlackSite,numberOfRobotsOnWhiteSite
30413,32,11
timeStep,numberOfRobotsOnBlackSite,numberOfRobotsOnWhiteSite
30414,32,11
timeStep,numberOfRobotsOnBlackSite,numberOfRobotsOnWhiteSite
30415,32,11
timeStep,numberOfRobotsOnBlackSite,numberOfRobotsOnWhiteSite
30416,32,11
timeStep,numberOfRobotsOnBlackSite,numberOfRobotsOnWhiteSite
30417,32,11
timeStep,numberOfRobotsOnBlackSite,numberOfRobotsOnWhiteSite
30418,32,11
timeStep,numberOfRobotsOnBlackSite,numberOfRobotsOnWhiteSite
30419,32,11
timeStep,numberOfRobotsOnBlackSite,numberOfRobotsOnWhiteSite
30420,32,10
timeStep,numberOfRobotsOnBlackSite,numberOfRobotsOnWhiteSite
30421,32,10
timeStep,numberOfRobotsOnBlackSite,numberOfRobotsOnWhiteSite
30422,32,10
timeStep,numberOfRobotsOnBlackSite,numberOfRobotsOnWhiteSite
30423,32,10
timeStep,numberOfRobotsOnBlackSite,numberOfRobotsOnWhiteSite
30424,32,10
timeStep,numberOfRobotsOnBlackSite,numberOfRobotsOnWhiteSite
30425,32,10
timeStep,numberOfRobotsOnBlackSite,numberOfRobotsOnWhiteSite
30426,32,10
timeStep,numberOfRobotsOnBlackSite,numberOfRobotsOnWhiteSite
30427,32,10
timeStep,numberOfRobotsOnBlackSite,numberOfRobotsOnWhiteSite
30428,32,10
timeStep,numberOfRobotsOnBlackSite,numberOfRobotsOnWhiteSite
30429,32,10
timeStep,numberOfRobotsOnBlackSite,numberOfRobotsOnWhiteSite
30430,32,10
timeStep,numberOfRobotsOnBlackSite,numberOfRobotsOnWhiteSite
30431,32,10
timeStep,numberOfRobotsOnBlackSite,numberOfRobotsOnWhiteSite
30432,32,10
timeStep,numberOfRobotsOnBlackSite,numberOfRobotsOnWhiteSite
30433,32,10
timeStep,numberOfRobotsOnBlackSite,numberOfRobotsOnWhiteSite
30434,32,10
timeStep,numberOfRobotsOnBlackSite,numberOfRobotsOnWhiteSite
30435,32,10
timeStep,numberOfRobotsOnBlackSite,numberOfRobotsOnWhiteSite
30436,32,10
timeStep,numberOfRobotsOnBlackSite,numberOfRobotsOnWhiteSite
30437,32,10
timeStep,numberOfRobotsOnBlackSite,numberOfRobotsOnWhiteSite
30438,32,10
timeStep,numberOfRobotsOnBlackSite,numberOfRobotsOnWhiteSite
30439,32,10
timeStep,numberOfRobotsOnBlackSite,numberOfRobotsOnWhiteSite
30440,32,10
timeStep,numberOfRobotsOnBlackSite,numberOfRobotsOnWhiteSite
30441,32,10
timeStep,numberOfRobotsOnBlackSite,numberOfRobotsOnWhiteSite
30442,32,10
timeStep,numberOfRobotsOnBlackSite,numberOfRobotsOnWhiteSite
30443,32,10
timeStep,numberOfRobotsOnBlackSite,numberOfRobotsOnWhiteSite
30444,32,10
timeStep,numberOfRobotsOnBlackSite,numberOfRobotsOnWhiteSite
30445,32,10
timeStep,numberOfRobotsOnBlackSite,numberOfRobotsOnWhiteSite
30446,32,10
timeStep,numberOfRobotsOnBlackSite,numberOfRobotsOnWhiteSite
30447,32,10
timeStep,numberOfRobotsOnBlackSite,numberOfRobotsOnWhiteSite
30448,32,10
timeStep,numberOfRobotsOnBlackSite,numberOfRobotsOnWhiteSite
30449,32,10
timeStep,numberOfRobotsOnBlackSite,numberOfRobotsOnWhiteSite
30450,32,9
timeStep,numberOfRobotsOnBlackSite,numberOfRobotsOnWhiteSite
30451,32,9
timeStep,numberOfRobotsOnBlackSite,numberOfRobotsOnWhiteSite
30452,32,9
timeStep,numberOfRobotsOnBlackSite,numberOfRobotsOnWhiteSite
30453,32,9
timeStep,numberOfRobotsOnBlackSite,numberOfRobotsOnWhiteSite
30454,32,9
timeStep,numberOfRobotsOnBlackSite,numberOfRobotsOnWhiteSite
30455,32,9
timeStep,numberOfRobotsOnBlackSite,numberOfRobotsOnWhiteSite
30456,32,9
timeStep,numberOfRobotsOnBlackSite,numberOfRobotsOnWhiteSite
30457,32,9
timeStep,numberOfRobotsOnBlackSite,numberOfRobotsOnWhiteSite
30458,32,9
timeStep,numberOfRobotsOnBlackSite,numberOfRobotsOnWhiteSite
30459,32,9
timeStep,numberOfRobotsOnBlackSite,numberOfRobotsOnWhiteSite
30460,32,9
timeStep,numberOfRobotsOnBlackSite,numberOfRobotsOnWhiteSite
30461,32,9
timeStep,numberOfRobotsOnBlackSite,numberOfRobotsOnWhiteSite
30462,32,9
timeStep,numberOfRobotsOnBlackSite,numberOfRobotsOnWhiteSite
30463,32,9
timeStep,numberOfRobotsOnBlackSite,numberOfRobotsOnWhiteSite
30464,32,9
timeStep,numberOfRobotsOnBlackSite,numberOfRobotsOnWhiteSite
30465,32,9
timeStep,numberOfRobotsOnBlackSite,numberOfRobotsOnWhiteSite
30466,32,9
timeStep,numberOfRobotsOnBlackSite,numberOfRobotsOnWhiteSite
30467,32,9
timeStep,numberOfRobotsOnBlackSite,numberOfRobotsOnWhiteSite
30468,32,9
timeStep,numberOfRobotsOnBlackSite,numberOfRobotsOnWhiteSite
30469,32,9
timeStep,numberOfRobotsOnBlackSite,numberOfRobotsOnWhiteSite
30470,32,9
timeStep,numberOfRobotsOnBlackSite,numberOfRobotsOnWhiteSite
30471,32,9
timeStep,numberOfRobotsOnBlackSite,numberOfRobotsOnWhiteSite
30472,32,9
timeStep,numberOfRobotsOnBlackSite,numberOfRobotsOnWhiteSite
30473,32,9
timeStep,numberOfRobotsOnBlackSite,numberOfRobotsOnWhiteSite
30474,32,9
timeStep,numberOfRobotsOnBlackSite,numberOfRobotsOnWhiteSite
30475,32,9
timeStep,numberOfRobotsOnBlackSite,numberOfRobotsOnWhiteSite
30476,32,9
timeStep,numberOfRobotsOnBlackSite,numberOfRobotsOnWhiteSite
30477,32,9
timeStep,numberOfRobotsOnBlackSite,numberOfRobotsOnWhiteSite
30478,32,9
timeStep,numberOfRobotsOnBlackSite,numberOfRobotsOnWhiteSite
30479,32,9
timeStep,numberOfRobotsOnBlackSite,numberOfRobotsOnWhiteSite
30480,32,9
timeStep,numberOfRobotsOnBlackSite,numberOfRobotsOnWhiteSite
30481,32,9
timeStep,numberOfRobotsOnBlackSite,numberOfRobotsOnWhiteSite
30482,32,9
timeStep,numberOfRobotsOnBlackSite,numberOfRobotsOnWhiteSite
30483,32,9
timeStep,numberOfRobotsOnBlackSite,numberOfRobotsOnWhiteSite
30484,32,9
timeStep,numberOfRobotsOnBlackSite,numberOfRobotsOnWhiteSite
30485,32,9
timeStep,numberOfRobotsOnBlackSite,numberOfRobotsOnWhiteSite
30486,32,9
timeStep,numberOfRobotsOnBlackSite,numberOfRobotsOnWhiteSite
30487,32,9
timeStep,numberOfRobotsOnBlackSite,numberOfRobotsOnWhiteSite
30488,32,9
timeStep,numberOfRobotsOnBlackSite,numberOfRobotsOnWhiteSite
30489,32,9
timeStep,numberOfRobotsOnBlackSite,numberOfRobotsOnWhiteSite
30490,32,10
timeStep,numberOfRobotsOnBlackSite,numberOfRobotsOnWhiteSite
30491,32,10
timeStep,numberOfRobotsOnBlackSite,numberOfRobotsOnWhiteSite
30492,32,10
timeStep,numberOfRobotsOnBlackSite,numberOfRobotsOnWhiteSite
30493,32,10
timeStep,numberOfRobotsOnBlackSite,numberOfRobotsOnWhiteSite
30494,32,10
timeStep,numberOfRobotsOnBlackSite,numberOfRobotsOnWhiteSite
30495,32,10
timeStep,numberOfRobotsOnBlackSite,numberOfRobotsOnWhiteSite
30496,32,10
timeStep,numberOfRobotsOnBlackSite,numberOfRobotsOnWhiteSite
30497,32,10
timeStep,numberOfRobotsOnBlackSite,numberOfRobotsOnWhiteSite
30498,32,10
timeStep,numberOfRobotsOnBlackSite,numberOfRobotsOnWhiteSite
30499,32,10
timeStep,numberOfRobotsOnBlackSite,numberOfRobotsOnWhiteSite
30500,32,11
timeStep,numberOfRobotsOnBlackSite,numberOfRobotsOnWhiteSite
30501,32,11
timeStep,numberOfRobotsOnBlackSite,numberOfRobotsOnWhiteSite
30502,32,11
timeStep,numberOfRobotsOnBlackSite,numberOfRobotsOnWhiteSite
30503,32,11
timeStep,numberOfRobotsOnBlackSite,numberOfRobotsOnWhiteSite
30504,32,11
timeStep,numberOfRobotsOnBlackSite,numberOfRobotsOnWhiteSite
30505,32,11
timeStep,numberOfRobotsOnBlackSite,numberOfRobotsOnWhiteSite
30506,32,11
timeStep,numberOfRobotsOnBlackSite,numberOfRobotsOnWhiteSite
30507,32,11
timeStep,numberOfRobotsOnBlackSite,numberOfRobotsOnWhiteSite
30508,32,11
timeStep,numberOfRobotsOnBlackSite,numberOfRobotsOnWhiteSite
30509,32,11
timeStep,numberOfRobotsOnBlackSite,numberOfRobotsOnWhiteSite
30510,32,11
timeStep,numberOfRobotsOnBlackSite,numberOfRobotsOnWhiteSite
30511,32,11
timeStep,numberOfRobotsOnBlackSite,numberOfRobotsOnWhiteSite
30512,32,11
timeStep,numberOfRobotsOnBlackSite,numberOfRobotsOnWhiteSite
30513,32,11
timeStep,numberOfRobotsOnBlackSite,numberOfRobotsOnWhiteSite
30514,32,11
timeStep,numberOfRobotsOnBlackSite,numberOfRobotsOnWhiteSite
30515,32,11
timeStep,numberOfRobotsOnBlackSite,numberOfRobotsOnWhiteSite
30516,32,11
timeStep,numberOfRobotsOnBlackSite,numberOfRobotsOnWhiteSite
30517,32,11
timeStep,numberOfRobotsOnBlackSite,numberOfRobotsOnWhiteSite
30518,32,11
timeStep,numberOfRobotsOnBlackSite,numberOfRobotsOnWhiteSite
30519,32,11
timeStep,numberOfRobotsOnBlackSite,numberOfRobotsOnWhiteSite
30520,32,11
timeStep,numberOfRobotsOnBlackSite,numberOfRobotsOnWhiteSite
30521,32,11
timeStep,numberOfRobotsOnBlackSite,numberOfRobotsOnWhiteSite
30522,32,11
timeStep,numberOfRobotsOnBlackSite,numberOfRobotsOnWhiteSite
30523,32,11
timeStep,numberOfRobotsOnBlackSite,numberOfRobotsOnWhiteSite
30524,32,11
timeStep,numberOfRobotsOnBlackSite,numberOfRobotsOnWhiteSite
30525,33,11
timeStep,numberOfRobotsOnBlackSite,numberOfRobotsOnWhiteSite
30526,33,11
timeStep,numberOfRobotsOnBlackSite,numberOfRobotsOnWhiteSite
30527,33,11
timeStep,numberOfRobotsOnBlackSite,numberOfRobotsOnWhiteSite
30528,33,11
timeStep,numberOfRobotsOnBlackSite,numberOfRobotsOnWhiteSite
30529,33,11
timeStep,numberOfRobotsOnBlackSite,numberOfRobotsOnWhiteSite
30530,33,11
timeStep,numberOfRobotsOnBlackSite,numberOfRobotsOnWhiteSite
30531,33,11
timeStep,numberOfRobotsOnBlackSite,numberOfRobotsOnWhiteSite
30532,33,11
timeStep,numberOfRobotsOnBlackSite,numberOfRobotsOnWhiteSite
30533,33,11
timeStep,numberOfRobotsOnBlackSite,numberOfRobotsOnWhiteSite
30534,33,11
timeStep,numberOfRobotsOnBlackSite,numberOfRobotsOnWhiteSite
30535,33,11
timeStep,numberOfRobotsOnBlackSite,numberOfRobotsOnWhiteSite
30536,33,11
timeStep,numberOfRobotsOnBlackSite,numberOfRobotsOnWhiteSite
30537,33,11
timeStep,numberOfRobotsOnBlackSite,numberOfRobotsOnWhiteSite
30538,33,11
timeStep,numberOfRobotsOnBlackSite,numberOfRobotsOnWhiteSite
30539,33,11
timeStep,numberOfRobotsOnBlackSite,numberOfRobotsOnWhiteSite
30540,33,12
timeStep,numberOfRobotsOnBlackSite,numberOfRobotsOnWhiteSite
30541,33,12
timeStep,numberOfRobotsOnBlackSite,numberOfRobotsOnWhiteSite
30542,33,12
timeStep,numberOfRobotsOnBlackSite,numberOfRobotsOnWhiteSite
30543,33,12
timeStep,numberOfRobotsOnBlackSite,numberOfRobotsOnWhiteSite
30544,33,12
timeStep,numberOfRobotsOnBlackSite,numberOfRobotsOnWhiteSite
30545,33,12
timeStep,numberOfRobotsOnBlackSite,numberOfRobotsOnWhiteSite
30546,33,12
timeStep,numberOfRobotsOnBlackSite,numberOfRobotsOnWhiteSite
30547,33,12
timeStep,numberOfRobotsOnBlackSite,numberOfRobotsOnWhiteSite
30548,33,12
timeStep,numberOfRobotsOnBlackSite,numberOfRobotsOnWhiteSite
30549,33,12
timeStep,numberOfRobotsOnBlackSite,numberOfRobotsOnWhiteSite
30550,33,12
timeStep,numberOfRobotsOnBlackSite,numberOfRobotsOnWhiteSite
30551,33,12
timeStep,numberOfRobotsOnBlackSite,numberOfRobotsOnWhiteSite
30552,33,12
timeStep,numberOfRobotsOnBlackSite,numberOfRobotsOnWhiteSite
30553,33,12
timeStep,numberOfRobotsOnBlackSite,numberOfRobotsOnWhiteSite
30554,33,12
timeStep,numberOfRobotsOnBlackSite,numberOfRobotsOnWhiteSite
30555,33,12
timeStep,numberOfRobotsOnBlackSite,numberOfRobotsOnWhiteSite
30556,33,12
timeStep,numberOfRobotsOnBlackSite,numberOfRobotsOnWhiteSite
30557,33,12
timeStep,numberOfRobotsOnBlackSite,numberOfRobotsOnWhiteSite
30558,33,12
timeStep,numberOfRobotsOnBlackSite,numberOfRobotsOnWhiteSite
30559,33,12
timeStep,numberOfRobotsOnBlackSite,numberOfRobotsOnWhiteSite
30560,33,12
timeStep,numberOfRobotsOnBlackSite,numberOfRobotsOnWhiteSite
30561,33,12
timeStep,numberOfRobotsOnBlackSite,numberOfRobotsOnWhiteSite
30562,33,12
timeStep,numberOfRobotsOnBlackSite,numberOfRobotsOnWhiteSite
30563,33,12
timeStep,numberOfRobotsOnBlackSite,numberOfRobotsOnWhiteSite
30564,33,12
timeStep,numberOfRobotsOnBlackSite,numberOfRobotsOnWhiteSite
30565,33,12
timeStep,numberOfRobotsOnBlackSite,numberOfRobotsOnWhiteSite
30566,33,12
timeStep,numberOfRobotsOnBlackSite,numberOfRobotsOnWhiteSite
30567,33,12
timeStep,numberOfRobotsOnBlackSite,numberOfRobotsOnWhiteSite
30568,33,12
timeStep,numberOfRobotsOnBlackSite,numberOfRobotsOnWhiteSite
30569,33,12
timeStep,numberOfRobotsOnBlackSite,numberOfRobotsOnWhiteSite
30570,33,13
timeStep,numberOfRobotsOnBlackSite,numberOfRobotsOnWhiteSite
30571,33,13
timeStep,numberOfRobotsOnBlackSite,numberOfRobotsOnWhiteSite
30572,33,13
timeStep,numberOfRobotsOnBlackSite,numberOfRobotsOnWhiteSite
30573,33,13
timeStep,numberOfRobotsOnBlackSite,numberOfRobotsOnWhiteSite
30574,33,13
timeStep,numberOfRobotsOnBlackSite,numberOfRobotsOnWhiteSite
30575,33,13
timeStep,numberOfRobotsOnBlackSite,numberOfRobotsOnWhiteSite
30576,33,13
timeStep,numberOfRobotsOnBlackSite,numberOfRobotsOnWhiteSite
30577,33,13
timeStep,numberOfRobotsOnBlackSite,numberOfRobotsOnWhiteSite
30578,33,13
timeStep,numberOfRobotsOnBlackSite,numberOfRobotsOnWhiteSite
30579,33,13
timeStep,numberOfRobotsOnBlackSite,numberOfRobotsOnWhiteSite
30580,33,13
timeStep,numberOfRobotsOnBlackSite,numberOfRobotsOnWhiteSite
30581,33,13
timeStep,numberOfRobotsOnBlackSite,numberOfRobotsOnWhiteSite
30582,33,13
timeStep,numberOfRobotsOnBlackSite,numberOfRobotsOnWhiteSite
30583,33,13
timeStep,numberOfRobotsOnBlackSite,numberOfRobotsOnWhiteSite
30584,33,13
timeStep,numberOfRobotsOnBlackSite,numberOfRobotsOnWhiteSite
30585,33,13
timeStep,numberOfRobotsOnBlackSite,numberOfRobotsOnWhiteSite
30586,33,13
timeStep,numberOfRobotsOnBlackSite,numberOfRobotsOnWhiteSite
30587,33,13
timeStep,numberOfRobotsOnBlackSite,numberOfRobotsOnWhiteSite
30588,33,13
timeStep,numberOfRobotsOnBlackSite,numberOfRobotsOnWhiteSite
30589,33,13
timeStep,numberOfRobotsOnBlackSite,numberOfRobotsOnWhiteSite
30590,33,13
timeStep,numberOfRobotsOnBlackSite,numberOfRobotsOnWhiteSite
30591,33,13
timeStep,numberOfRobotsOnBlackSite,numberOfRobotsOnWhiteSite
30592,33,13
timeStep,numberOfRobotsOnBlackSite,numberOfRobotsOnWhiteSite
30593,33,13
timeStep,numberOfRobotsOnBlackSite,numberOfRobotsOnWhiteSite
30594,33,13
timeStep,numberOfRobotsOnBlackSite,numberOfRobotsOnWhiteSite
30595,33,13
timeStep,numberOfRobotsOnBlackSite,numberOfRobotsOnWhiteSite
30596,33,13
timeStep,numberOfRobotsOnBlackSite,numberOfRobotsOnWhiteSite
30597,33,13
timeStep,numberOfRobotsOnBlackSite,numberOfRobotsOnWhiteSite
30598,33,13
timeStep,numberOfRobotsOnBlackSite,numberOfRobotsOnWhiteSite
30599,33,13
timeStep,numberOfRobotsOnBlackSite,numberOfRobotsOnWhiteSite
30600,33,13
timeStep,numberOfRobotsOnBlackSite,numberOfRobotsOnWhiteSite
30601,33,13
timeStep,numberOfRobotsOnBlackSite,numberOfRobotsOnWhiteSite
30602,33,13
timeStep,numberOfRobotsOnBlackSite,numberOfRobotsOnWhiteSite
30603,33,13
timeStep,numberOfRobotsOnBlackSite,numberOfRobotsOnWhiteSite
30604,33,13
timeStep,numberOfRobotsOnBlackSite,numberOfRobotsOnWhiteSite
30605,33,12
timeStep,numberOfRobotsOnBlackSite,numberOfRobotsOnWhiteSite
30606,33,12
timeStep,numberOfRobotsOnBlackSite,numberOfRobotsOnWhiteSite
30607,33,12
timeStep,numberOfRobotsOnBlackSite,numberOfRobotsOnWhiteSite
30608,33,12
timeStep,numberOfRobotsOnBlackSite,numberOfRobotsOnWhiteSite
30609,33,12
timeStep,numberOfRobotsOnBlackSite,numberOfRobotsOnWhiteSite
30610,33,12
timeStep,numberOfRobotsOnBlackSite,numberOfRobotsOnWhiteSite
30611,33,12
timeStep,numberOfRobotsOnBlackSite,numberOfRobotsOnWhiteSite
30612,33,12
timeStep,numberOfRobotsOnBlackSite,numberOfRobotsOnWhiteSite
30613,33,12
timeStep,numberOfRobotsOnBlackSite,numberOfRobotsOnWhiteSite
30614,33,12
timeStep,numberOfRobotsOnBlackSite,numberOfRobotsOnWhiteSite
30615,32,11
timeStep,numberOfRobotsOnBlackSite,numberOfRobotsOnWhiteSite
30616,32,11
timeStep,numberOfRobotsOnBlackSite,numberOfRobotsOnWhiteSite
30617,32,11
timeStep,numberOfRobotsOnBlackSite,numberOfRobotsOnWhiteSite
30618,32,11
timeStep,numberOfRobotsOnBlackSite,numberOfRobotsOnWhiteSite
30619,32,11
timeStep,numberOfRobotsOnBlackSite,numberOfRobotsOnWhiteSite
30620,32,11
timeStep,numberOfRobotsOnBlackSite,numberOfRobotsOnWhiteSite
30621,32,11
timeStep,numberOfRobotsOnBlackSite,numberOfRobotsOnWhiteSite
30622,32,11
timeStep,numberOfRobotsOnBlackSite,numberOfRobotsOnWhiteSite
30623,32,11
timeStep,numberOfRobotsOnBlackSite,numberOfRobotsOnWhiteSite
30624,32,11
timeStep,numberOfRobotsOnBlackSite,numberOfRobotsOnWhiteSite
30625,32,11
timeStep,numberOfRobotsOnBlackSite,numberOfRobotsOnWhiteSite
30626,32,11
timeStep,numberOfRobotsOnBlackSite,numberOfRobotsOnWhiteSite
30627,32,11
timeStep,numberOfRobotsOnBlackSite,numberOfRobotsOnWhiteSite
30628,32,11
timeStep,numberOfRobotsOnBlackSite,numberOfRobotsOnWhiteSite
30629,32,11
timeStep,numberOfRobotsOnBlackSite,numberOfRobotsOnWhiteSite
30630,32,11
timeStep,numberOfRobotsOnBlackSite,numberOfRobotsOnWhiteSite
30631,32,11
timeStep,numberOfRobotsOnBlackSite,numberOfRobotsOnWhiteSite
30632,32,11
timeStep,numberOfRobotsOnBlackSite,numberOfRobotsOnWhiteSite
30633,32,11
timeStep,numberOfRobotsOnBlackSite,numberOfRobotsOnWhiteSite
30634,32,11
timeStep,numberOfRobotsOnBlackSite,numberOfRobotsOnWhiteSite
30635,32,11
timeStep,numberOfRobotsOnBlackSite,numberOfRobotsOnWhiteSite
30636,32,11
timeStep,numberOfRobotsOnBlackSite,numberOfRobotsOnWhiteSite
30637,32,11
timeStep,numberOfRobotsOnBlackSite,numberOfRobotsOnWhiteSite
30638,32,11
timeStep,numberOfRobotsOnBlackSite,numberOfRobotsOnWhiteSite
30639,32,11
timeStep,numberOfRobotsOnBlackSite,numberOfRobotsOnWhiteSite
30640,32,11
timeStep,numberOfRobotsOnBlackSite,numberOfRobotsOnWhiteSite
30641,32,11
timeStep,numberOfRobotsOnBlackSite,numberOfRobotsOnWhiteSite
30642,32,11
timeStep,numberOfRobotsOnBlackSite,numberOfRobotsOnWhiteSite
30643,32,11
timeStep,numberOfRobotsOnBlackSite,numberOfRobotsOnWhiteSite
30644,32,11
timeStep,numberOfRobotsOnBlackSite,numberOfRobotsOnWhiteSite
30645,32,11
timeStep,numberOfRobotsOnBlackSite,numberOfRobotsOnWhiteSite
30646,32,11
timeStep,numberOfRobotsOnBlackSite,numberOfRobotsOnWhiteSite
30647,32,11
timeStep,numberOfRobotsOnBlackSite,numberOfRobotsOnWhiteSite
30648,32,11
timeStep,numberOfRobotsOnBlackSite,numberOfRobotsOnWhiteSite
30649,32,11
timeStep,numberOfRobotsOnBlackSite,numberOfRobotsOnWhiteSite
30650,32,11
timeStep,numberOfRobotsOnBlackSite,numberOfRobotsOnWhiteSite
30651,32,11
timeStep,numberOfRobotsOnBlackSite,numberOfRobotsOnWhiteSite
30652,32,11
timeStep,numberOfRobotsOnBlackSite,numberOfRobotsOnWhiteSite
30653,32,11
timeStep,numberOfRobotsOnBlackSite,numberOfRobotsOnWhiteSite
30654,32,11
timeStep,numberOfRobotsOnBlackSite,numberOfRobotsOnWhiteSite
30655,32,11
timeStep,numberOfRobotsOnBlackSite,numberOfRobotsOnWhiteSite
30656,32,11
timeStep,numberOfRobotsOnBlackSite,numberOfRobotsOnWhiteSite
30657,32,11
timeStep,numberOfRobotsOnBlackSite,numberOfRobotsOnWhiteSite
30658,32,11
timeStep,numberOfRobotsOnBlackSite,numberOfRobotsOnWhiteSite
30659,32,11
timeStep,numberOfRobotsOnBlackSite,numberOfRobotsOnWhiteSite
30660,32,11
timeStep,numberOfRobotsOnBlackSite,numberOfRobotsOnWhiteSite
30661,32,11
timeStep,numberOfRobotsOnBlackSite,numberOfRobotsOnWhiteSite
30662,32,11
timeStep,numberOfRobotsOnBlackSite,numberOfRobotsOnWhiteSite
30663,32,11
timeStep,numberOfRobotsOnBlackSite,numberOfRobotsOnWhiteSite
30664,32,11
timeStep,numberOfRobotsOnBlackSite,numberOfRobotsOnWhiteSite
30665,32,11
timeStep,numberOfRobotsOnBlackSite,numberOfRobotsOnWhiteSite
30666,32,11
timeStep,numberOfRobotsOnBlackSite,numberOfRobotsOnWhiteSite
30667,32,11
timeStep,numberOfRobotsOnBlackSite,numberOfRobotsOnWhiteSite
30668,32,11
timeStep,numberOfRobotsOnBlackSite,numberOfRobotsOnWhiteSite
30669,32,11
timeStep,numberOfRobotsOnBlackSite,numberOfRobotsOnWhiteSite
30670,33,11
timeStep,numberOfRobotsOnBlackSite,numberOfRobotsOnWhiteSite
30671,33,11
timeStep,numberOfRobotsOnBlackSite,numberOfRobotsOnWhiteSite
30672,33,11
timeStep,numberOfRobotsOnBlackSite,numberOfRobotsOnWhiteSite
30673,33,11
timeStep,numberOfRobotsOnBlackSite,numberOfRobotsOnWhiteSite
30674,33,11
timeStep,numberOfRobotsOnBlackSite,numberOfRobotsOnWhiteSite
30675,33,11
timeStep,numberOfRobotsOnBlackSite,numberOfRobotsOnWhiteSite
30676,33,11
timeStep,numberOfRobotsOnBlackSite,numberOfRobotsOnWhiteSite
30677,33,11
timeStep,numberOfRobotsOnBlackSite,numberOfRobotsOnWhiteSite
30678,33,11
timeStep,numberOfRobotsOnBlackSite,numberOfRobotsOnWhiteSite
30679,33,11
timeStep,numberOfRobotsOnBlackSite,numberOfRobotsOnWhiteSite
30680,33,11
timeStep,numberOfRobotsOnBlackSite,numberOfRobotsOnWhiteSite
30681,33,11
timeStep,numberOfRobotsOnBlackSite,numberOfRobotsOnWhiteSite
30682,33,11
timeStep,numberOfRobotsOnBlackSite,numberOfRobotsOnWhiteSite
30683,33,11
timeStep,numberOfRobotsOnBlackSite,numberOfRobotsOnWhiteSite
30684,33,11
timeStep,numberOfRobotsOnBlackSite,numberOfRobotsOnWhiteSite
30685,33,11
timeStep,numberOfRobotsOnBlackSite,numberOfRobotsOnWhiteSite
30686,33,11
timeStep,numberOfRobotsOnBlackSite,numberOfRobotsOnWhiteSite
30687,33,11
timeStep,numberOfRobotsOnBlackSite,numberOfRobotsOnWhiteSite
30688,33,11
timeStep,numberOfRobotsOnBlackSite,numberOfRobotsOnWhiteSite
30689,33,11
timeStep,numberOfRobotsOnBlackSite,numberOfRobotsOnWhiteSite
30690,33,10
timeStep,numberOfRobotsOnBlackSite,numberOfRobotsOnWhiteSite
30691,33,10
timeStep,numberOfRobotsOnBlackSite,numberOfRobotsOnWhiteSite
30692,33,10
timeStep,numberOfRobotsOnBlackSite,numberOfRobotsOnWhiteSite
30693,33,10
timeStep,numberOfRobotsOnBlackSite,numberOfRobotsOnWhiteSite
30694,33,10
timeStep,numberOfRobotsOnBlackSite,numberOfRobotsOnWhiteSite
30695,33,10
timeStep,numberOfRobotsOnBlackSite,numberOfRobotsOnWhiteSite
30696,33,10
timeStep,numberOfRobotsOnBlackSite,numberOfRobotsOnWhiteSite
30697,33,10
timeStep,numberOfRobotsOnBlackSite,numberOfRobotsOnWhiteSite
30698,33,10
timeStep,numberOfRobotsOnBlackSite,numberOfRobotsOnWhiteSite
30699,33,10
timeStep,numberOfRobotsOnBlackSite,numberOfRobotsOnWhiteSite
30700,33,10
timeStep,numberOfRobotsOnBlackSite,numberOfRobotsOnWhiteSite
30701,33,10
timeStep,numberOfRobotsOnBlackSite,numberOfRobotsOnWhiteSite
30702,33,10
timeStep,numberOfRobotsOnBlackSite,numberOfRobotsOnWhiteSite
30703,33,10
timeStep,numberOfRobotsOnBlackSite,numberOfRobotsOnWhiteSite
30704,33,10
timeStep,numberOfRobotsOnBlackSite,numberOfRobotsOnWhiteSite
30705,33,10
timeStep,numberOfRobotsOnBlackSite,numberOfRobotsOnWhiteSite
30706,33,10
timeStep,numberOfRobotsOnBlackSite,numberOfRobotsOnWhiteSite
30707,33,10
timeStep,numberOfRobotsOnBlackSite,numberOfRobotsOnWhiteSite
30708,33,10
timeStep,numberOfRobotsOnBlackSite,numberOfRobotsOnWhiteSite
30709,33,10
timeStep,numberOfRobotsOnBlackSite,numberOfRobotsOnWhiteSite
30710,33,10
timeStep,numberOfRobotsOnBlackSite,numberOfRobotsOnWhiteSite
30711,33,10
timeStep,numberOfRobotsOnBlackSite,numberOfRobotsOnWhiteSite
30712,33,10
timeStep,numberOfRobotsOnBlackSite,numberOfRobotsOnWhiteSite
30713,33,10
timeStep,numberOfRobotsOnBlackSite,numberOfRobotsOnWhiteSite
30714,33,10
timeStep,numberOfRobotsOnBlackSite,numberOfRobotsOnWhiteSite
30715,33,10
timeStep,numberOfRobotsOnBlackSite,numberOfRobotsOnWhiteSite
30716,33,10
timeStep,numberOfRobotsOnBlackSite,numberOfRobotsOnWhiteSite
30717,33,10
timeStep,numberOfRobotsOnBlackSite,numberOfRobotsOnWhiteSite
30718,33,10
timeStep,numberOfRobotsOnBlackSite,numberOfRobotsOnWhiteSite
30719,33,10
timeStep,numberOfRobotsOnBlackSite,numberOfRobotsOnWhiteSite
30720,33,10
timeStep,numberOfRobotsOnBlackSite,numberOfRobotsOnWhiteSite
30721,33,10
timeStep,numberOfRobotsOnBlackSite,numberOfRobotsOnWhiteSite
30722,33,10
timeStep,numberOfRobotsOnBlackSite,numberOfRobotsOnWhiteSite
30723,33,10
timeStep,numberOfRobotsOnBlackSite,numberOfRobotsOnWhiteSite
30724,33,10
timeStep,numberOfRobotsOnBlackSite,numberOfRobotsOnWhiteSite
30725,33,10
timeStep,numberOfRobotsOnBlackSite,numberOfRobotsOnWhiteSite
30726,33,10
timeStep,numberOfRobotsOnBlackSite,numberOfRobotsOnWhiteSite
30727,33,10
timeStep,numberOfRobotsOnBlackSite,numberOfRobotsOnWhiteSite
30728,33,10
timeStep,numberOfRobotsOnBlackSite,numberOfRobotsOnWhiteSite
30729,33,10
timeStep,numberOfRobotsOnBlackSite,numberOfRobotsOnWhiteSite
30730,33,10
timeStep,numberOfRobotsOnBlackSite,numberOfRobotsOnWhiteSite
30731,33,10
timeStep,numberOfRobotsOnBlackSite,numberOfRobotsOnWhiteSite
30732,33,10
timeStep,numberOfRobotsOnBlackSite,numberOfRobotsOnWhiteSite
30733,33,10
timeStep,numberOfRobotsOnBlackSite,numberOfRobotsOnWhiteSite
30734,33,10
timeStep,numberOfRobotsOnBlackSite,numberOfRobotsOnWhiteSite
30735,33,10
timeStep,numberOfRobotsOnBlackSite,numberOfRobotsOnWhiteSite
30736,33,10
timeStep,numberOfRobotsOnBlackSite,numberOfRobotsOnWhiteSite
30737,33,10
timeStep,numberOfRobotsOnBlackSite,numberOfRobotsOnWhiteSite
30738,33,10
timeStep,numberOfRobotsOnBlackSite,numberOfRobotsOnWhiteSite
30739,33,10
timeStep,numberOfRobotsOnBlackSite,numberOfRobotsOnWhiteSite
30740,33,9
timeStep,numberOfRobotsOnBlackSite,numberOfRobotsOnWhiteSite
30741,33,9
timeStep,numberOfRobotsOnBlackSite,numberOfRobotsOnWhiteSite
30742,33,9
timeStep,numberOfRobotsOnBlackSite,numberOfRobotsOnWhiteSite
30743,33,9
timeStep,numberOfRobotsOnBlackSite,numberOfRobotsOnWhiteSite
30744,33,9
timeStep,numberOfRobotsOnBlackSite,numberOfRobotsOnWhiteSite
30745,33,9
timeStep,numberOfRobotsOnBlackSite,numberOfRobotsOnWhiteSite
30746,33,9
timeStep,numberOfRobotsOnBlackSite,numberOfRobotsOnWhiteSite
30747,33,9
timeStep,numberOfRobotsOnBlackSite,numberOfRobotsOnWhiteSite
30748,33,9
timeStep,numberOfRobotsOnBlackSite,numberOfRobotsOnWhiteSite
30749,33,9
timeStep,numberOfRobotsOnBlackSite,numberOfRobotsOnWhiteSite
30750,33,9
timeStep,numberOfRobotsOnBlackSite,numberOfRobotsOnWhiteSite
30751,33,9
timeStep,numberOfRobotsOnBlackSite,numberOfRobotsOnWhiteSite
30752,33,9
timeStep,numberOfRobotsOnBlackSite,numberOfRobotsOnWhiteSite
30753,33,9
timeStep,numberOfRobotsOnBlackSite,numberOfRobotsOnWhiteSite
30754,33,9
timeStep,numberOfRobotsOnBlackSite,numberOfRobotsOnWhiteSite
30755,33,9
timeStep,numberOfRobotsOnBlackSite,numberOfRobotsOnWhiteSite
30756,33,9
timeStep,numberOfRobotsOnBlackSite,numberOfRobotsOnWhiteSite
30757,33,9
timeStep,numberOfRobotsOnBlackSite,numberOfRobotsOnWhiteSite
30758,33,9
timeStep,numberOfRobotsOnBlackSite,numberOfRobotsOnWhiteSite
30759,33,9
timeStep,numberOfRobotsOnBlackSite,numberOfRobotsOnWhiteSite
30760,33,9
timeStep,numberOfRobotsOnBlackSite,numberOfRobotsOnWhiteSite
30761,33,9
timeStep,numberOfRobotsOnBlackSite,numberOfRobotsOnWhiteSite
30762,33,9
timeStep,numberOfRobotsOnBlackSite,numberOfRobotsOnWhiteSite
30763,33,9
timeStep,numberOfRobotsOnBlackSite,numberOfRobotsOnWhiteSite
30764,33,9
timeStep,numberOfRobotsOnBlackSite,numberOfRobotsOnWhiteSite
30765,33,9
timeStep,numberOfRobotsOnBlackSite,numberOfRobotsOnWhiteSite
30766,33,9
timeStep,numberOfRobotsOnBlackSite,numberOfRobotsOnWhiteSite
30767,33,9
timeStep,numberOfRobotsOnBlackSite,numberOfRobotsOnWhiteSite
30768,33,9
timeStep,numberOfRobotsOnBlackSite,numberOfRobotsOnWhiteSite
30769,33,9
timeStep,numberOfRobotsOnBlackSite,numberOfRobotsOnWhiteSite
30770,33,9
timeStep,numberOfRobotsOnBlackSite,numberOfRobotsOnWhiteSite
30771,33,9
timeStep,numberOfRobotsOnBlackSite,numberOfRobotsOnWhiteSite
30772,33,9
timeStep,numberOfRobotsOnBlackSite,numberOfRobotsOnWhiteSite
30773,33,9
timeStep,numberOfRobotsOnBlackSite,numberOfRobotsOnWhiteSite
30774,33,9
timeStep,numberOfRobotsOnBlackSite,numberOfRobotsOnWhiteSite
30775,33,9
timeStep,numberOfRobotsOnBlackSite,numberOfRobotsOnWhiteSite
30776,33,9
timeStep,numberOfRobotsOnBlackSite,numberOfRobotsOnWhiteSite
30777,33,9
timeStep,numberOfRobotsOnBlackSite,numberOfRobotsOnWhiteSite
30778,33,9
timeStep,numberOfRobotsOnBlackSite,numberOfRobotsOnWhiteSite
30779,33,9
timeStep,numberOfRobotsOnBlackSite,numberOfRobotsOnWhiteSite
30780,33,9
timeStep,numberOfRobotsOnBlackSite,numberOfRobotsOnWhiteSite
30781,33,9
timeStep,numberOfRobotsOnBlackSite,numberOfRobotsOnWhiteSite
30782,33,9
timeStep,numberOfRobotsOnBlackSite,numberOfRobotsOnWhiteSite
30783,33,9
timeStep,numberOfRobotsOnBlackSite,numberOfRobotsOnWhiteSite
30784,33,9
timeStep,numberOfRobotsOnBlackSite,numberOfRobotsOnWhiteSite
30785,33,9
timeStep,numberOfRobotsOnBlackSite,numberOfRobotsOnWhiteSite
30786,33,9
timeStep,numberOfRobotsOnBlackSite,numberOfRobotsOnWhiteSite
30787,33,9
timeStep,numberOfRobotsOnBlackSite,numberOfRobotsOnWhiteSite
30788,33,9
timeStep,numberOfRobotsOnBlackSite,numberOfRobotsOnWhiteSite
30789,33,9
timeStep,numberOfRobotsOnBlackSite,numberOfRobotsOnWhiteSite
30790,33,9
timeStep,numberOfRobotsOnBlackSite,numberOfRobotsOnWhiteSite
30791,33,9
timeStep,numberOfRobotsOnBlackSite,numberOfRobotsOnWhiteSite
30792,33,9
timeStep,numberOfRobotsOnBlackSite,numberOfRobotsOnWhiteSite
30793,33,9
timeStep,numberOfRobotsOnBlackSite,numberOfRobotsOnWhiteSite
30794,33,9
timeStep,numberOfRobotsOnBlackSite,numberOfRobotsOnWhiteSite
30795,33,9
timeStep,numberOfRobotsOnBlackSite,numberOfRobotsOnWhiteSite
30796,33,9
timeStep,numberOfRobotsOnBlackSite,numberOfRobotsOnWhiteSite
30797,33,9
timeStep,numberOfRobotsOnBlackSite,numberOfRobotsOnWhiteSite
30798,33,9
timeStep,numberOfRobotsOnBlackSite,numberOfRobotsOnWhiteSite
30799,33,9
timeStep,numberOfRobotsOnBlackSite,numberOfRobotsOnWhiteSite
30800,33,9
timeStep,numberOfRobotsOnBlackSite,numberOfRobotsOnWhiteSite
30801,33,9
timeStep,numberOfRobotsOnBlackSite,numberOfRobotsOnWhiteSite
30802,33,9
timeStep,numberOfRobotsOnBlackSite,numberOfRobotsOnWhiteSite
30803,33,9
timeStep,numberOfRobotsOnBlackSite,numberOfRobotsOnWhiteSite
30804,33,9
timeStep,numberOfRobotsOnBlackSite,numberOfRobotsOnWhiteSite
30805,33,9
timeStep,numberOfRobotsOnBlackSite,numberOfRobotsOnWhiteSite
30806,33,9
timeStep,numberOfRobotsOnBlackSite,numberOfRobotsOnWhiteSite
30807,33,9
timeStep,numberOfRobotsOnBlackSite,numberOfRobotsOnWhiteSite
30808,33,9
timeStep,numberOfRobotsOnBlackSite,numberOfRobotsOnWhiteSite
30809,33,9
timeStep,numberOfRobotsOnBlackSite,numberOfRobotsOnWhiteSite
30810,33,9
timeStep,numberOfRobotsOnBlackSite,numberOfRobotsOnWhiteSite
30811,33,9
timeStep,numberOfRobotsOnBlackSite,numberOfRobotsOnWhiteSite
30812,33,9
timeStep,numberOfRobotsOnBlackSite,numberOfRobotsOnWhiteSite
30813,33,9
timeStep,numberOfRobotsOnBlackSite,numberOfRobotsOnWhiteSite
30814,33,9
timeStep,numberOfRobotsOnBlackSite,numberOfRobotsOnWhiteSite
30815,33,9
timeStep,numberOfRobotsOnBlackSite,numberOfRobotsOnWhiteSite
30816,33,9
timeStep,numberOfRobotsOnBlackSite,numberOfRobotsOnWhiteSite
30817,33,9
timeStep,numberOfRobotsOnBlackSite,numberOfRobotsOnWhiteSite
30818,33,9
timeStep,numberOfRobotsOnBlackSite,numberOfRobotsOnWhiteSite
30819,33,9
timeStep,numberOfRobotsOnBlackSite,numberOfRobotsOnWhiteSite
30820,33,9
timeStep,numberOfRobotsOnBlackSite,numberOfRobotsOnWhiteSite
30821,33,9
timeStep,numberOfRobotsOnBlackSite,numberOfRobotsOnWhiteSite
30822,33,9
timeStep,numberOfRobotsOnBlackSite,numberOfRobotsOnWhiteSite
30823,33,9
timeStep,numberOfRobotsOnBlackSite,numberOfRobotsOnWhiteSite
30824,33,9
timeStep,numberOfRobotsOnBlackSite,numberOfRobotsOnWhiteSite
30825,33,10
timeStep,numberOfRobotsOnBlackSite,numberOfRobotsOnWhiteSite
30826,33,10
timeStep,numberOfRobotsOnBlackSite,numberOfRobotsOnWhiteSite
30827,33,10
timeStep,numberOfRobotsOnBlackSite,numberOfRobotsOnWhiteSite
30828,33,10
timeStep,numberOfRobotsOnBlackSite,numberOfRobotsOnWhiteSite
30829,33,10
timeStep,numberOfRobotsOnBlackSite,numberOfRobotsOnWhiteSite
30830,33,11
timeStep,numberOfRobotsOnBlackSite,numberOfRobotsOnWhiteSite
30831,33,11
timeStep,numberOfRobotsOnBlackSite,numberOfRobotsOnWhiteSite
30832,33,11
timeStep,numberOfRobotsOnBlackSite,numberOfRobotsOnWhiteSite
30833,33,11
timeStep,numberOfRobotsOnBlackSite,numberOfRobotsOnWhiteSite
30834,33,11
timeStep,numberOfRobotsOnBlackSite,numberOfRobotsOnWhiteSite
30835,33,11
timeStep,numberOfRobotsOnBlackSite,numberOfRobotsOnWhiteSite
30836,33,11
timeStep,numberOfRobotsOnBlackSite,numberOfRobotsOnWhiteSite
30837,33,11
timeStep,numberOfRobotsOnBlackSite,numberOfRobotsOnWhiteSite
30838,33,11
timeStep,numberOfRobotsOnBlackSite,numberOfRobotsOnWhiteSite
30839,33,11
timeStep,numberOfRobotsOnBlackSite,numberOfRobotsOnWhiteSite
30840,33,11
timeStep,numberOfRobotsOnBlackSite,numberOfRobotsOnWhiteSite
30841,33,11
timeStep,numberOfRobotsOnBlackSite,numberOfRobotsOnWhiteSite
30842,33,11
timeStep,numberOfRobotsOnBlackSite,numberOfRobotsOnWhiteSite
30843,33,11
timeStep,numberOfRobotsOnBlackSite,numberOfRobotsOnWhiteSite
30844,33,11
timeStep,numberOfRobotsOnBlackSite,numberOfRobotsOnWhiteSite
30845,33,11
timeStep,numberOfRobotsOnBlackSite,numberOfRobotsOnWhiteSite
30846,33,11
timeStep,numberOfRobotsOnBlackSite,numberOfRobotsOnWhiteSite
30847,33,11
timeStep,numberOfRobotsOnBlackSite,numberOfRobotsOnWhiteSite
30848,33,11
timeStep,numberOfRobotsOnBlackSite,numberOfRobotsOnWhiteSite
30849,33,11
timeStep,numberOfRobotsOnBlackSite,numberOfRobotsOnWhiteSite
30850,33,11
timeStep,numberOfRobotsOnBlackSite,numberOfRobotsOnWhiteSite
30851,33,11
timeStep,numberOfRobotsOnBlackSite,numberOfRobotsOnWhiteSite
30852,33,11
timeStep,numberOfRobotsOnBlackSite,numberOfRobotsOnWhiteSite
30853,33,11
timeStep,numberOfRobotsOnBlackSite,numberOfRobotsOnWhiteSite
30854,33,11
timeStep,numberOfRobotsOnBlackSite,numberOfRobotsOnWhiteSite
30855,33,11
timeStep,numberOfRobotsOnBlackSite,numberOfRobotsOnWhiteSite
30856,33,11
timeStep,numberOfRobotsOnBlackSite,numberOfRobotsOnWhiteSite
30857,33,11
timeStep,numberOfRobotsOnBlackSite,numberOfRobotsOnWhiteSite
30858,33,11
timeStep,numberOfRobotsOnBlackSite,numberOfRobotsOnWhiteSite
30859,33,11
timeStep,numberOfRobotsOnBlackSite,numberOfRobotsOnWhiteSite
30860,33,11
timeStep,numberOfRobotsOnBlackSite,numberOfRobotsOnWhiteSite
30861,33,11
timeStep,numberOfRobotsOnBlackSite,numberOfRobotsOnWhiteSite
30862,33,11
timeStep,numberOfRobotsOnBlackSite,numberOfRobotsOnWhiteSite
30863,33,11
timeStep,numberOfRobotsOnBlackSite,numberOfRobotsOnWhiteSite
30864,33,11
timeStep,numberOfRobotsOnBlackSite,numberOfRobotsOnWhiteSite
30865,33,11
timeStep,numberOfRobotsOnBlackSite,numberOfRobotsOnWhiteSite
30866,33,11
timeStep,numberOfRobotsOnBlackSite,numberOfRobotsOnWhiteSite
30867,33,11
timeStep,numberOfRobotsOnBlackSite,numberOfRobotsOnWhiteSite
30868,33,11
timeStep,numberOfRobotsOnBlackSite,numberOfRobotsOnWhiteSite
30869,33,11
timeStep,numberOfRobotsOnBlackSite,numberOfRobotsOnWhiteSite
30870,33,11
timeStep,numberOfRobotsOnBlackSite,numberOfRobotsOnWhiteSite
30871,33,11
timeStep,numberOfRobotsOnBlackSite,numberOfRobotsOnWhiteSite
30872,33,11
timeStep,numberOfRobotsOnBlackSite,numberOfRobotsOnWhiteSite
30873,33,11
timeStep,numberOfRobotsOnBlackSite,numberOfRobotsOnWhiteSite
30874,33,11
timeStep,numberOfRobotsOnBlackSite,numberOfRobotsOnWhiteSite
30875,33,11
timeStep,numberOfRobotsOnBlackSite,numberOfRobotsOnWhiteSite
30876,33,11
timeStep,numberOfRobotsOnBlackSite,numberOfRobotsOnWhiteSite
30877,33,11
timeStep,numberOfRobotsOnBlackSite,numberOfRobotsOnWhiteSite
30878,33,11
timeStep,numberOfRobotsOnBlackSite,numberOfRobotsOnWhiteSite
30879,33,11
timeStep,numberOfRobotsOnBlackSite,numberOfRobotsOnWhiteSite
30880,33,11
timeStep,numberOfRobotsOnBlackSite,numberOfRobotsOnWhiteSite
30881,33,11
timeStep,numberOfRobotsOnBlackSite,numberOfRobotsOnWhiteSite
30882,33,11
timeStep,numberOfRobotsOnBlackSite,numberOfRobotsOnWhiteSite
30883,33,11
timeStep,numberOfRobotsOnBlackSite,numberOfRobotsOnWhiteSite
30884,33,11
timeStep,numberOfRobotsOnBlackSite,numberOfRobotsOnWhiteSite
30885,33,12
timeStep,numberOfRobotsOnBlackSite,numberOfRobotsOnWhiteSite
30886,33,12
timeStep,numberOfRobotsOnBlackSite,numberOfRobotsOnWhiteSite
30887,33,12
timeStep,numberOfRobotsOnBlackSite,numberOfRobotsOnWhiteSite
30888,33,12
timeStep,numberOfRobotsOnBlackSite,numberOfRobotsOnWhiteSite
30889,33,12
timeStep,numberOfRobotsOnBlackSite,numberOfRobotsOnWhiteSite
30890,33,12
timeStep,numberOfRobotsOnBlackSite,numberOfRobotsOnWhiteSite
30891,33,12
timeStep,numberOfRobotsOnBlackSite,numberOfRobotsOnWhiteSite
30892,33,12
timeStep,numberOfRobotsOnBlackSite,numberOfRobotsOnWhiteSite
30893,33,12
timeStep,numberOfRobotsOnBlackSite,numberOfRobotsOnWhiteSite
30894,33,12
timeStep,numberOfRobotsOnBlackSite,numberOfRobotsOnWhiteSite
30895,33,13
timeStep,numberOfRobotsOnBlackSite,numberOfRobotsOnWhiteSite
30896,33,13
timeStep,numberOfRobotsOnBlackSite,numberOfRobotsOnWhiteSite
30897,33,13
timeStep,numberOfRobotsOnBlackSite,numberOfRobotsOnWhiteSite
30898,33,13
timeStep,numberOfRobotsOnBlackSite,numberOfRobotsOnWhiteSite
30899,33,13
timeStep,numberOfRobotsOnBlackSite,numberOfRobotsOnWhiteSite
30900,33,13
timeStep,numberOfRobotsOnBlackSite,numberOfRobotsOnWhiteSite
30901,33,13
timeStep,numberOfRobotsOnBlackSite,numberOfRobotsOnWhiteSite
30902,33,13
timeStep,numberOfRobotsOnBlackSite,numberOfRobotsOnWhiteSite
30903,33,13
timeStep,numberOfRobotsOnBlackSite,numberOfRobotsOnWhiteSite
30904,33,13
timeStep,numberOfRobotsOnBlackSite,numberOfRobotsOnWhiteSite
30905,33,13
timeStep,numberOfRobotsOnBlackSite,numberOfRobotsOnWhiteSite
30906,33,13
timeStep,numberOfRobotsOnBlackSite,numberOfRobotsOnWhiteSite
30907,33,13
timeStep,numberOfRobotsOnBlackSite,numberOfRobotsOnWhiteSite
30908,33,13
timeStep,numberOfRobotsOnBlackSite,numberOfRobotsOnWhiteSite
30909,33,13
timeStep,numberOfRobotsOnBlackSite,numberOfRobotsOnWhiteSite
30910,33,13
timeStep,numberOfRobotsOnBlackSite,numberOfRobotsOnWhiteSite
30911,33,13
timeStep,numberOfRobotsOnBlackSite,numberOfRobotsOnWhiteSite
30912,33,13
timeStep,numberOfRobotsOnBlackSite,numberOfRobotsOnWhiteSite
30913,33,13
timeStep,numberOfRobotsOnBlackSite,numberOfRobotsOnWhiteSite
30914,33,13
timeStep,numberOfRobotsOnBlackSite,numberOfRobotsOnWhiteSite
30915,33,13
timeStep,numberOfRobotsOnBlackSite,numberOfRobotsOnWhiteSite
30916,33,13
timeStep,numberOfRobotsOnBlackSite,numberOfRobotsOnWhiteSite
30917,33,13
timeStep,numberOfRobotsOnBlackSite,numberOfRobotsOnWhiteSite
30918,33,13
timeStep,numberOfRobotsOnBlackSite,numberOfRobotsOnWhiteSite
30919,33,13
timeStep,numberOfRobotsOnBlackSite,numberOfRobotsOnWhiteSite
30920,33,13
timeStep,numberOfRobotsOnBlackSite,numberOfRobotsOnWhiteSite
30921,33,13
timeStep,numberOfRobotsOnBlackSite,numberOfRobotsOnWhiteSite
30922,33,13
timeStep,numberOfRobotsOnBlackSite,numberOfRobotsOnWhiteSite
30923,33,13
timeStep,numberOfRobotsOnBlackSite,numberOfRobotsOnWhiteSite
30924,33,13
timeStep,numberOfRobotsOnBlackSite,numberOfRobotsOnWhiteSite
30925,33,13
timeStep,numberOfRobotsOnBlackSite,numberOfRobotsOnWhiteSite
30926,33,13
timeStep,numberOfRobotsOnBlackSite,numberOfRobotsOnWhiteSite
30927,33,13
timeStep,numberOfRobotsOnBlackSite,numberOfRobotsOnWhiteSite
30928,33,13
timeStep,numberOfRobotsOnBlackSite,numberOfRobotsOnWhiteSite
30929,33,13
timeStep,numberOfRobotsOnBlackSite,numberOfRobotsOnWhiteSite
30930,33,13
timeStep,numberOfRobotsOnBlackSite,numberOfRobotsOnWhiteSite
30931,33,13
timeStep,numberOfRobotsOnBlackSite,numberOfRobotsOnWhiteSite
30932,33,13
timeStep,numberOfRobotsOnBlackSite,numberOfRobotsOnWhiteSite
30933,33,13
timeStep,numberOfRobotsOnBlackSite,numberOfRobotsOnWhiteSite
30934,33,13
timeStep,numberOfRobotsOnBlackSite,numberOfRobotsOnWhiteSite
30935,33,13
timeStep,numberOfRobotsOnBlackSite,numberOfRobotsOnWhiteSite
30936,33,13
timeStep,numberOfRobotsOnBlackSite,numberOfRobotsOnWhiteSite
30937,33,13
timeStep,numberOfRobotsOnBlackSite,numberOfRobotsOnWhiteSite
30938,33,13
timeStep,numberOfRobotsOnBlackSite,numberOfRobotsOnWhiteSite
30939,33,13
timeStep,numberOfRobotsOnBlackSite,numberOfRobotsOnWhiteSite
30940,33,13
timeStep,numberOfRobotsOnBlackSite,numberOfRobotsOnWhiteSite
30941,33,13
timeStep,numberOfRobotsOnBlackSite,numberOfRobotsOnWhiteSite
30942,33,13
timeStep,numberOfRobotsOnBlackSite,numberOfRobotsOnWhiteSite
30943,33,13
timeStep,numberOfRobotsOnBlackSite,numberOfRobotsOnWhiteSite
30944,33,13
timeStep,numberOfRobotsOnBlackSite,numberOfRobotsOnWhiteSite
30945,33,13
timeStep,numberOfRobotsOnBlackSite,numberOfRobotsOnWhiteSite
30946,33,13
timeStep,numberOfRobotsOnBlackSite,numberOfRobotsOnWhiteSite
30947,33,13
timeStep,numberOfRobotsOnBlackSite,numberOfRobotsOnWhiteSite
30948,33,13
timeStep,numberOfRobotsOnBlackSite,numberOfRobotsOnWhiteSite
30949,33,13
timeStep,numberOfRobotsOnBlackSite,numberOfRobotsOnWhiteSite
30950,33,14
timeStep,numberOfRobotsOnBlackSite,numberOfRobotsOnWhiteSite
30951,33,14
timeStep,numberOfRobotsOnBlackSite,numberOfRobotsOnWhiteSite
30952,33,14
timeStep,numberOfRobotsOnBlackSite,numberOfRobotsOnWhiteSite
30953,33,14
timeStep,numberOfRobotsOnBlackSite,numberOfRobotsOnWhiteSite
30954,33,14
timeStep,numberOfRobotsOnBlackSite,numberOfRobotsOnWhiteSite
30955,33,14
timeStep,numberOfRobotsOnBlackSite,numberOfRobotsOnWhiteSite
30956,33,14
timeStep,numberOfRobotsOnBlackSite,numberOfRobotsOnWhiteSite
30957,33,14
timeStep,numberOfRobotsOnBlackSite,numberOfRobotsOnWhiteSite
30958,33,14
timeStep,numberOfRobotsOnBlackSite,numberOfRobotsOnWhiteSite
30959,33,14
timeStep,numberOfRobotsOnBlackSite,numberOfRobotsOnWhiteSite
30960,33,14
timeStep,numberOfRobotsOnBlackSite,numberOfRobotsOnWhiteSite
30961,33,14
timeStep,numberOfRobotsOnBlackSite,numberOfRobotsOnWhiteSite
30962,33,14
timeStep,numberOfRobotsOnBlackSite,numberOfRobotsOnWhiteSite
30963,33,14
timeStep,numberOfRobotsOnBlackSite,numberOfRobotsOnWhiteSite
30964,33,14
timeStep,numberOfRobotsOnBlackSite,numberOfRobotsOnWhiteSite
30965,33,14
timeStep,numberOfRobotsOnBlackSite,numberOfRobotsOnWhiteSite
30966,33,14
timeStep,numberOfRobotsOnBlackSite,numberOfRobotsOnWhiteSite
30967,33,14
timeStep,numberOfRobotsOnBlackSite,numberOfRobotsOnWhiteSite
30968,33,14
timeStep,numberOfRobotsOnBlackSite,numberOfRobotsOnWhiteSite
30969,33,14
timeStep,numberOfRobotsOnBlackSite,numberOfRobotsOnWhiteSite
30970,33,14
timeStep,numberOfRobotsOnBlackSite,numberOfRobotsOnWhiteSite
30971,33,14
timeStep,numberOfRobotsOnBlackSite,numberOfRobotsOnWhiteSite
30972,33,14
timeStep,numberOfRobotsOnBlackSite,numberOfRobotsOnWhiteSite
30973,33,14
timeStep,numberOfRobotsOnBlackSite,numberOfRobotsOnWhiteSite
30974,33,14
timeStep,numberOfRobotsOnBlackSite,numberOfRobotsOnWhiteSite
30975,33,14
timeStep,numberOfRobotsOnBlackSite,numberOfRobotsOnWhiteSite
30976,33,14
timeStep,numberOfRobotsOnBlackSite,numberOfRobotsOnWhiteSite
30977,33,14
timeStep,numberOfRobotsOnBlackSite,numberOfRobotsOnWhiteSite
30978,33,14
timeStep,numberOfRobotsOnBlackSite,numberOfRobotsOnWhiteSite
30979,33,14
timeStep,numberOfRobotsOnBlackSite,numberOfRobotsOnWhiteSite
30980,33,14
timeStep,numberOfRobotsOnBlackSite,numberOfRobotsOnWhiteSite
30981,33,14
timeStep,numberOfRobotsOnBlackSite,numberOfRobotsOnWhiteSite
30982,33,14
timeStep,numberOfRobotsOnBlackSite,numberOfRobotsOnWhiteSite
30983,33,14
timeStep,numberOfRobotsOnBlackSite,numberOfRobotsOnWhiteSite
30984,33,14
timeStep,numberOfRobotsOnBlackSite,numberOfRobotsOnWhiteSite
30985,33,14
timeStep,numberOfRobotsOnBlackSite,numberOfRobotsOnWhiteSite
30986,33,14
timeStep,numberOfRobotsOnBlackSite,numberOfRobotsOnWhiteSite
30987,33,14
timeStep,numberOfRobotsOnBlackSite,numberOfRobotsOnWhiteSite
30988,33,14
timeStep,numberOfRobotsOnBlackSite,numberOfRobotsOnWhiteSite
30989,33,14
timeStep,numberOfRobotsOnBlackSite,numberOfRobotsOnWhiteSite
30990,33,14
timeStep,numberOfRobotsOnBlackSite,numberOfRobotsOnWhiteSite
30991,33,14
timeStep,numberOfRobotsOnBlackSite,numberOfRobotsOnWhiteSite
30992,33,14
timeStep,numberOfRobotsOnBlackSite,numberOfRobotsOnWhiteSite
30993,33,14
timeStep,numberOfRobotsOnBlackSite,numberOfRobotsOnWhiteSite
30994,33,14
timeStep,numberOfRobotsOnBlackSite,numberOfRobotsOnWhiteSite
30995,33,13
timeStep,numberOfRobotsOnBlackSite,numberOfRobotsOnWhiteSite
30996,33,13
timeStep,numberOfRobotsOnBlackSite,numberOfRobotsOnWhiteSite
30997,33,13
timeStep,numberOfRobotsOnBlackSite,numberOfRobotsOnWhiteSite
30998,33,13
timeStep,numberOfRobotsOnBlackSite,numberOfRobotsOnWhiteSite
30999,33,13
timeStep,numberOfRobotsOnBlackSite,numberOfRobotsOnWhiteSite
31000,33,13
timeStep,numberOfRobotsOnBlackSite,numberOfRobotsOnWhiteSite
31001,33,13
timeStep,numberOfRobotsOnBlackSite,numberOfRobotsOnWhiteSite
31002,33,13
timeStep,numberOfRobotsOnBlackSite,numberOfRobotsOnWhiteSite
31003,33,13
timeStep,numberOfRobotsOnBlackSite,numberOfRobotsOnWhiteSite
31004,33,13
timeStep,numberOfRobotsOnBlackSite,numberOfRobotsOnWhiteSite
31005,33,13
timeStep,numberOfRobotsOnBlackSite,numberOfRobotsOnWhiteSite
31006,33,13
timeStep,numberOfRobotsOnBlackSite,numberOfRobotsOnWhiteSite
31007,33,13
timeStep,numberOfRobotsOnBlackSite,numberOfRobotsOnWhiteSite
31008,33,13
timeStep,numberOfRobotsOnBlackSite,numberOfRobotsOnWhiteSite
31009,33,13
timeStep,numberOfRobotsOnBlackSite,numberOfRobotsOnWhiteSite
31010,33,13
timeStep,numberOfRobotsOnBlackSite,numberOfRobotsOnWhiteSite
31011,33,13
timeStep,numberOfRobotsOnBlackSite,numberOfRobotsOnWhiteSite
31012,33,13
timeStep,numberOfRobotsOnBlackSite,numberOfRobotsOnWhiteSite
31013,33,13
timeStep,numberOfRobotsOnBlackSite,numberOfRobotsOnWhiteSite
31014,33,13
timeStep,numberOfRobotsOnBlackSite,numberOfRobotsOnWhiteSite
31015,33,13
timeStep,numberOfRobotsOnBlackSite,numberOfRobotsOnWhiteSite
31016,33,13
timeStep,numberOfRobotsOnBlackSite,numberOfRobotsOnWhiteSite
31017,33,13
timeStep,numberOfRobotsOnBlackSite,numberOfRobotsOnWhiteSite
31018,33,13
timeStep,numberOfRobotsOnBlackSite,numberOfRobotsOnWhiteSite
31019,33,13
timeStep,numberOfRobotsOnBlackSite,numberOfRobotsOnWhiteSite
31020,33,13
timeStep,numberOfRobotsOnBlackSite,numberOfRobotsOnWhiteSite
31021,33,13
timeStep,numberOfRobotsOnBlackSite,numberOfRobotsOnWhiteSite
31022,33,13
timeStep,numberOfRobotsOnBlackSite,numberOfRobotsOnWhiteSite
31023,33,13
timeStep,numberOfRobotsOnBlackSite,numberOfRobotsOnWhiteSite
31024,33,13
timeStep,numberOfRobotsOnBlackSite,numberOfRobotsOnWhiteSite
31025,33,13
timeStep,numberOfRobotsOnBlackSite,numberOfRobotsOnWhiteSite
31026,33,13
timeStep,numberOfRobotsOnBlackSite,numberOfRobotsOnWhiteSite
31027,33,13
timeStep,numberOfRobotsOnBlackSite,numberOfRobotsOnWhiteSite
31028,33,13
timeStep,numberOfRobotsOnBlackSite,numberOfRobotsOnWhiteSite
31029,33,13
timeStep,numberOfRobotsOnBlackSite,numberOfRobotsOnWhiteSite
31030,33,13
timeStep,numberOfRobotsOnBlackSite,numberOfRobotsOnWhiteSite
31031,33,13
timeStep,numberOfRobotsOnBlackSite,numberOfRobotsOnWhiteSite
31032,33,13
timeStep,numberOfRobotsOnBlackSite,numberOfRobotsOnWhiteSite
31033,33,13
timeStep,numberOfRobotsOnBlackSite,numberOfRobotsOnWhiteSite
31034,33,13
timeStep,numberOfRobotsOnBlackSite,numberOfRobotsOnWhiteSite
31035,33,13
timeStep,numberOfRobotsOnBlackSite,numberOfRobotsOnWhiteSite
31036,33,13
timeStep,numberOfRobotsOnBlackSite,numberOfRobotsOnWhiteSite
31037,33,13
timeStep,numberOfRobotsOnBlackSite,numberOfRobotsOnWhiteSite
31038,33,13
timeStep,numberOfRobotsOnBlackSite,numberOfRobotsOnWhiteSite
31039,33,13
timeStep,numberOfRobotsOnBlackSite,numberOfRobotsOnWhiteSite
31040,33,13
timeStep,numberOfRobotsOnBlackSite,numberOfRobotsOnWhiteSite
31041,33,13
timeStep,numberOfRobotsOnBlackSite,numberOfRobotsOnWhiteSite
31042,33,13
timeStep,numberOfRobotsOnBlackSite,numberOfRobotsOnWhiteSite
31043,33,13
timeStep,numberOfRobotsOnBlackSite,numberOfRobotsOnWhiteSite
31044,33,13
timeStep,numberOfRobotsOnBlackSite,numberOfRobotsOnWhiteSite
31045,33,13
timeStep,numberOfRobotsOnBlackSite,numberOfRobotsOnWhiteSite
31046,33,13
timeStep,numberOfRobotsOnBlackSite,numberOfRobotsOnWhiteSite
31047,33,13
timeStep,numberOfRobotsOnBlackSite,numberOfRobotsOnWhiteSite
31048,33,13
timeStep,numberOfRobotsOnBlackSite,numberOfRobotsOnWhiteSite
31049,33,13
timeStep,numberOfRobotsOnBlackSite,numberOfRobotsOnWhiteSite
31050,33,13
timeStep,numberOfRobotsOnBlackSite,numberOfRobotsOnWhiteSite
31051,33,13
timeStep,numberOfRobotsOnBlackSite,numberOfRobotsOnWhiteSite
31052,33,13
timeStep,numberOfRobotsOnBlackSite,numberOfRobotsOnWhiteSite
31053,33,13
timeStep,numberOfRobotsOnBlackSite,numberOfRobotsOnWhiteSite
31054,33,13
timeStep,numberOfRobotsOnBlackSite,numberOfRobotsOnWhiteSite
31055,33,13
timeStep,numberOfRobotsOnBlackSite,numberOfRobotsOnWhiteSite
31056,33,13
timeStep,numberOfRobotsOnBlackSite,numberOfRobotsOnWhiteSite
31057,33,13
timeStep,numberOfRobotsOnBlackSite,numberOfRobotsOnWhiteSite
31058,33,13
timeStep,numberOfRobotsOnBlackSite,numberOfRobotsOnWhiteSite
31059,33,13
timeStep,numberOfRobotsOnBlackSite,numberOfRobotsOnWhiteSite
31060,33,13
timeStep,numberOfRobotsOnBlackSite,numberOfRobotsOnWhiteSite
31061,33,13
timeStep,numberOfRobotsOnBlackSite,numberOfRobotsOnWhiteSite
31062,33,13
timeStep,numberOfRobotsOnBlackSite,numberOfRobotsOnWhiteSite
31063,33,13
timeStep,numberOfRobotsOnBlackSite,numberOfRobotsOnWhiteSite
31064,33,13
timeStep,numberOfRobotsOnBlackSite,numberOfRobotsOnWhiteSite
31065,33,13
timeStep,numberOfRobotsOnBlackSite,numberOfRobotsOnWhiteSite
31066,33,13
timeStep,numberOfRobotsOnBlackSite,numberOfRobotsOnWhiteSite
31067,33,13
timeStep,numberOfRobotsOnBlackSite,numberOfRobotsOnWhiteSite
31068,33,13
timeStep,numberOfRobotsOnBlackSite,numberOfRobotsOnWhiteSite
31069,33,13
timeStep,numberOfRobotsOnBlackSite,numberOfRobotsOnWhiteSite
31070,33,13
timeStep,numberOfRobotsOnBlackSite,numberOfRobotsOnWhiteSite
31071,33,13
timeStep,numberOfRobotsOnBlackSite,numberOfRobotsOnWhiteSite
31072,33,13
timeStep,numberOfRobotsOnBlackSite,numberOfRobotsOnWhiteSite
31073,33,13
timeStep,numberOfRobotsOnBlackSite,numberOfRobotsOnWhiteSite
31074,33,13
timeStep,numberOfRobotsOnBlackSite,numberOfRobotsOnWhiteSite
31075,33,13
timeStep,numberOfRobotsOnBlackSite,numberOfRobotsOnWhiteSite
31076,33,13
timeStep,numberOfRobotsOnBlackSite,numberOfRobotsOnWhiteSite
31077,33,13
timeStep,numberOfRobotsOnBlackSite,numberOfRobotsOnWhiteSite
31078,33,13
timeStep,numberOfRobotsOnBlackSite,numberOfRobotsOnWhiteSite
31079,33,13
timeStep,numberOfRobotsOnBlackSite,numberOfRobotsOnWhiteSite
31080,33,13
timeStep,numberOfRobotsOnBlackSite,numberOfRobotsOnWhiteSite
31081,33,13
timeStep,numberOfRobotsOnBlackSite,numberOfRobotsOnWhiteSite
31082,33,13
timeStep,numberOfRobotsOnBlackSite,numberOfRobotsOnWhiteSite
31083,33,13
timeStep,numberOfRobotsOnBlackSite,numberOfRobotsOnWhiteSite
31084,33,13
timeStep,numberOfRobotsOnBlackSite,numberOfRobotsOnWhiteSite
31085,33,13
timeStep,numberOfRobotsOnBlackSite,numberOfRobotsOnWhiteSite
31086,33,13
timeStep,numberOfRobotsOnBlackSite,numberOfRobotsOnWhiteSite
31087,33,13
timeStep,numberOfRobotsOnBlackSite,numberOfRobotsOnWhiteSite
31088,33,13
timeStep,numberOfRobotsOnBlackSite,numberOfRobotsOnWhiteSite
31089,33,13
timeStep,numberOfRobotsOnBlackSite,numberOfRobotsOnWhiteSite
31090,33,13
timeStep,numberOfRobotsOnBlackSite,numberOfRobotsOnWhiteSite
31091,33,13
timeStep,numberOfRobotsOnBlackSite,numberOfRobotsOnWhiteSite
31092,33,13
timeStep,numberOfRobotsOnBlackSite,numberOfRobotsOnWhiteSite
31093,33,13
timeStep,numberOfRobotsOnBlackSite,numberOfRobotsOnWhiteSite
31094,33,13
timeStep,numberOfRobotsOnBlackSite,numberOfRobotsOnWhiteSite
31095,33,13
timeStep,numberOfRobotsOnBlackSite,numberOfRobotsOnWhiteSite
31096,33,13
timeStep,numberOfRobotsOnBlackSite,numberOfRobotsOnWhiteSite
31097,33,13
timeStep,numberOfRobotsOnBlackSite,numberOfRobotsOnWhiteSite
31098,33,13
timeStep,numberOfRobotsOnBlackSite,numberOfRobotsOnWhiteSite
31099,33,13
timeStep,numberOfRobotsOnBlackSite,numberOfRobotsOnWhiteSite
31100,33,13
timeStep,numberOfRobotsOnBlackSite,numberOfRobotsOnWhiteSite
31101,33,13
timeStep,numberOfRobotsOnBlackSite,numberOfRobotsOnWhiteSite
31102,33,13
timeStep,numberOfRobotsOnBlackSite,numberOfRobotsOnWhiteSite
31103,33,13
timeStep,numberOfRobotsOnBlackSite,numberOfRobotsOnWhiteSite
31104,33,13
timeStep,numberOfRobotsOnBlackSite,numberOfRobotsOnWhiteSite
31105,33,13
timeStep,numberOfRobotsOnBlackSite,numberOfRobotsOnWhiteSite
31106,33,13
timeStep,numberOfRobotsOnBlackSite,numberOfRobotsOnWhiteSite
31107,33,13
timeStep,numberOfRobotsOnBlackSite,numberOfRobotsOnWhiteSite
31108,33,13
timeStep,numberOfRobotsOnBlackSite,numberOfRobotsOnWhiteSite
31109,33,13
timeStep,numberOfRobotsOnBlackSite,numberOfRobotsOnWhiteSite
31110,33,13
timeStep,numberOfRobotsOnBlackSite,numberOfRobotsOnWhiteSite
31111,33,13
timeStep,numberOfRobotsOnBlackSite,numberOfRobotsOnWhiteSite
31112,33,13
timeStep,numberOfRobotsOnBlackSite,numberOfRobotsOnWhiteSite
31113,33,13
timeStep,numberOfRobotsOnBlackSite,numberOfRobotsOnWhiteSite
31114,33,13
timeStep,numberOfRobotsOnBlackSite,numberOfRobotsOnWhiteSite
31115,33,13
timeStep,numberOfRobotsOnBlackSite,numberOfRobotsOnWhiteSite
31116,33,13
timeStep,numberOfRobotsOnBlackSite,numberOfRobotsOnWhiteSite
31117,33,13
timeStep,numberOfRobotsOnBlackSite,numberOfRobotsOnWhiteSite
31118,33,13
timeStep,numberOfRobotsOnBlackSite,numberOfRobotsOnWhiteSite
31119,33,13
timeStep,numberOfRobotsOnBlackSite,numberOfRobotsOnWhiteSite
31120,33,13
timeStep,numberOfRobotsOnBlackSite,numberOfRobotsOnWhiteSite
31121,33,13
timeStep,numberOfRobotsOnBlackSite,numberOfRobotsOnWhiteSite
31122,33,13
timeStep,numberOfRobotsOnBlackSite,numberOfRobotsOnWhiteSite
31123,33,13
timeStep,numberOfRobotsOnBlackSite,numberOfRobotsOnWhiteSite
31124,33,13
timeStep,numberOfRobotsOnBlackSite,numberOfRobotsOnWhiteSite
31125,33,13
timeStep,numberOfRobotsOnBlackSite,numberOfRobotsOnWhiteSite
31126,33,13
timeStep,numberOfRobotsOnBlackSite,numberOfRobotsOnWhiteSite
31127,33,13
timeStep,numberOfRobotsOnBlackSite,numberOfRobotsOnWhiteSite
31128,33,13
timeStep,numberOfRobotsOnBlackSite,numberOfRobotsOnWhiteSite
31129,33,13
timeStep,numberOfRobotsOnBlackSite,numberOfRobotsOnWhiteSite
31130,33,13
timeStep,numberOfRobotsOnBlackSite,numberOfRobotsOnWhiteSite
31131,33,13
timeStep,numberOfRobotsOnBlackSite,numberOfRobotsOnWhiteSite
31132,33,13
timeStep,numberOfRobotsOnBlackSite,numberOfRobotsOnWhiteSite
31133,33,13
timeStep,numberOfRobotsOnBlackSite,numberOfRobotsOnWhiteSite
31134,33,13
timeStep,numberOfRobotsOnBlackSite,numberOfRobotsOnWhiteSite
31135,33,13
timeStep,numberOfRobotsOnBlackSite,numberOfRobotsOnWhiteSite
31136,33,13
timeStep,numberOfRobotsOnBlackSite,numberOfRobotsOnWhiteSite
31137,33,13
timeStep,numberOfRobotsOnBlackSite,numberOfRobotsOnWhiteSite
31138,33,13
timeStep,numberOfRobotsOnBlackSite,numberOfRobotsOnWhiteSite
31139,33,13
timeStep,numberOfRobotsOnBlackSite,numberOfRobotsOnWhiteSite
31140,33,13
timeStep,numberOfRobotsOnBlackSite,numberOfRobotsOnWhiteSite
31141,33,13
timeStep,numberOfRobotsOnBlackSite,numberOfRobotsOnWhiteSite
31142,33,13
timeStep,numberOfRobotsOnBlackSite,numberOfRobotsOnWhiteSite
31143,33,13
timeStep,numberOfRobotsOnBlackSite,numberOfRobotsOnWhiteSite
31144,33,13
timeStep,numberOfRobotsOnBlackSite,numberOfRobotsOnWhiteSite
31145,33,13
timeStep,numberOfRobotsOnBlackSite,numberOfRobotsOnWhiteSite
31146,33,13
timeStep,numberOfRobotsOnBlackSite,numberOfRobotsOnWhiteSite
31147,33,13
timeStep,numberOfRobotsOnBlackSite,numberOfRobotsOnWhiteSite
31148,33,13
timeStep,numberOfRobotsOnBlackSite,numberOfRobotsOnWhiteSite
31149,33,13
timeStep,numberOfRobotsOnBlackSite,numberOfRobotsOnWhiteSite
31150,33,12
timeStep,numberOfRobotsOnBlackSite,numberOfRobotsOnWhiteSite
31151,33,12
timeStep,numberOfRobotsOnBlackSite,numberOfRobotsOnWhiteSite
31152,33,12
timeStep,numberOfRobotsOnBlackSite,numberOfRobotsOnWhiteSite
31153,33,12
timeStep,numberOfRobotsOnBlackSite,numberOfRobotsOnWhiteSite
31154,33,12
timeStep,numberOfRobotsOnBlackSite,numberOfRobotsOnWhiteSite
31155,33,12
timeStep,numberOfRobotsOnBlackSite,numberOfRobotsOnWhiteSite
31156,33,12
timeStep,numberOfRobotsOnBlackSite,numberOfRobotsOnWhiteSite
31157,33,12
timeStep,numberOfRobotsOnBlackSite,numberOfRobotsOnWhiteSite
31158,33,12
timeStep,numberOfRobotsOnBlackSite,numberOfRobotsOnWhiteSite
31159,33,12
timeStep,numberOfRobotsOnBlackSite,numberOfRobotsOnWhiteSite
31160,33,12
timeStep,numberOfRobotsOnBlackSite,numberOfRobotsOnWhiteSite
31161,33,12
timeStep,numberOfRobotsOnBlackSite,numberOfRobotsOnWhiteSite
31162,33,12
timeStep,numberOfRobotsOnBlackSite,numberOfRobotsOnWhiteSite
31163,33,12
timeStep,numberOfRobotsOnBlackSite,numberOfRobotsOnWhiteSite
31164,33,12
timeStep,numberOfRobotsOnBlackSite,numberOfRobotsOnWhiteSite
31165,33,12
timeStep,numberOfRobotsOnBlackSite,numberOfRobotsOnWhiteSite
31166,33,12
timeStep,numberOfRobotsOnBlackSite,numberOfRobotsOnWhiteSite
31167,33,12
timeStep,numberOfRobotsOnBlackSite,numberOfRobotsOnWhiteSite
31168,33,12
timeStep,numberOfRobotsOnBlackSite,numberOfRobotsOnWhiteSite
31169,33,12
timeStep,numberOfRobotsOnBlackSite,numberOfRobotsOnWhiteSite
31170,33,12
timeStep,numberOfRobotsOnBlackSite,numberOfRobotsOnWhiteSite
31171,33,12
timeStep,numberOfRobotsOnBlackSite,numberOfRobotsOnWhiteSite
31172,33,12
timeStep,numberOfRobotsOnBlackSite,numberOfRobotsOnWhiteSite
31173,33,12
timeStep,numberOfRobotsOnBlackSite,numberOfRobotsOnWhiteSite
31174,33,12
timeStep,numberOfRobotsOnBlackSite,numberOfRobotsOnWhiteSite
31175,33,12
timeStep,numberOfRobotsOnBlackSite,numberOfRobotsOnWhiteSite
31176,33,12
timeStep,numberOfRobotsOnBlackSite,numberOfRobotsOnWhiteSite
31177,33,12
timeStep,numberOfRobotsOnBlackSite,numberOfRobotsOnWhiteSite
31178,33,12
timeStep,numberOfRobotsOnBlackSite,numberOfRobotsOnWhiteSite
31179,33,12
timeStep,numberOfRobotsOnBlackSite,numberOfRobotsOnWhiteSite
31180,33,12
timeStep,numberOfRobotsOnBlackSite,numberOfRobotsOnWhiteSite
31181,33,12
timeStep,numberOfRobotsOnBlackSite,numberOfRobotsOnWhiteSite
31182,33,12
timeStep,numberOfRobotsOnBlackSite,numberOfRobotsOnWhiteSite
31183,33,12
timeStep,numberOfRobotsOnBlackSite,numberOfRobotsOnWhiteSite
31184,33,12
timeStep,numberOfRobotsOnBlackSite,numberOfRobotsOnWhiteSite
31185,33,12
timeStep,numberOfRobotsOnBlackSite,numberOfRobotsOnWhiteSite
31186,33,12
timeStep,numberOfRobotsOnBlackSite,numberOfRobotsOnWhiteSite
31187,33,12
timeStep,numberOfRobotsOnBlackSite,numberOfRobotsOnWhiteSite
31188,33,12
timeStep,numberOfRobotsOnBlackSite,numberOfRobotsOnWhiteSite
31189,33,12
timeStep,numberOfRobotsOnBlackSite,numberOfRobotsOnWhiteSite
31190,33,13
timeStep,numberOfRobotsOnBlackSite,numberOfRobotsOnWhiteSite
31191,33,13
timeStep,numberOfRobotsOnBlackSite,numberOfRobotsOnWhiteSite
31192,33,13
timeStep,numberOfRobotsOnBlackSite,numberOfRobotsOnWhiteSite
31193,33,13
timeStep,numberOfRobotsOnBlackSite,numberOfRobotsOnWhiteSite
31194,33,13
timeStep,numberOfRobotsOnBlackSite,numberOfRobotsOnWhiteSite
31195,33,12
timeStep,numberOfRobotsOnBlackSite,numberOfRobotsOnWhiteSite
31196,33,12
timeStep,numberOfRobotsOnBlackSite,numberOfRobotsOnWhiteSite
31197,33,12
timeStep,numberOfRobotsOnBlackSite,numberOfRobotsOnWhiteSite
31198,33,12
timeStep,numberOfRobotsOnBlackSite,numberOfRobotsOnWhiteSite
31199,33,12
timeStep,numberOfRobotsOnBlackSite,numberOfRobotsOnWhiteSite
31200,33,12
timeStep,numberOfRobotsOnBlackSite,numberOfRobotsOnWhiteSite
31201,33,12
timeStep,numberOfRobotsOnBlackSite,numberOfRobotsOnWhiteSite
31202,33,12
timeStep,numberOfRobotsOnBlackSite,numberOfRobotsOnWhiteSite
31203,33,12
timeStep,numberOfRobotsOnBlackSite,numberOfRobotsOnWhiteSite
31204,33,12
timeStep,numberOfRobotsOnBlackSite,numberOfRobotsOnWhiteSite
31205,33,12
timeStep,numberOfRobotsOnBlackSite,numberOfRobotsOnWhiteSite
31206,33,12
timeStep,numberOfRobotsOnBlackSite,numberOfRobotsOnWhiteSite
31207,33,12
timeStep,numberOfRobotsOnBlackSite,numberOfRobotsOnWhiteSite
31208,33,12
timeStep,numberOfRobotsOnBlackSite,numberOfRobotsOnWhiteSite
31209,33,12
timeStep,numberOfRobotsOnBlackSite,numberOfRobotsOnWhiteSite
31210,33,12
timeStep,numberOfRobotsOnBlackSite,numberOfRobotsOnWhiteSite
31211,33,12
timeStep,numberOfRobotsOnBlackSite,numberOfRobotsOnWhiteSite
31212,33,12
timeStep,numberOfRobotsOnBlackSite,numberOfRobotsOnWhiteSite
31213,33,12
timeStep,numberOfRobotsOnBlackSite,numberOfRobotsOnWhiteSite
31214,33,12
timeStep,numberOfRobotsOnBlackSite,numberOfRobotsOnWhiteSite
31215,33,12
timeStep,numberOfRobotsOnBlackSite,numberOfRobotsOnWhiteSite
31216,33,12
timeStep,numberOfRobotsOnBlackSite,numberOfRobotsOnWhiteSite
31217,33,12
timeStep,numberOfRobotsOnBlackSite,numberOfRobotsOnWhiteSite
31218,33,12
timeStep,numberOfRobotsOnBlackSite,numberOfRobotsOnWhiteSite
31219,33,12
timeStep,numberOfRobotsOnBlackSite,numberOfRobotsOnWhiteSite
31220,33,12
timeStep,numberOfRobotsOnBlackSite,numberOfRobotsOnWhiteSite
31221,33,12
timeStep,numberOfRobotsOnBlackSite,numberOfRobotsOnWhiteSite
31222,33,12
timeStep,numberOfRobotsOnBlackSite,numberOfRobotsOnWhiteSite
31223,33,12
timeStep,numberOfRobotsOnBlackSite,numberOfRobotsOnWhiteSite
31224,33,12
timeStep,numberOfRobotsOnBlackSite,numberOfRobotsOnWhiteSite
31225,33,12
timeStep,numberOfRobotsOnBlackSite,numberOfRobotsOnWhiteSite
31226,33,12
timeStep,numberOfRobotsOnBlackSite,numberOfRobotsOnWhiteSite
31227,33,12
timeStep,numberOfRobotsOnBlackSite,numberOfRobotsOnWhiteSite
31228,33,12
timeStep,numberOfRobotsOnBlackSite,numberOfRobotsOnWhiteSite
31229,33,12
timeStep,numberOfRobotsOnBlackSite,numberOfRobotsOnWhiteSite
31230,33,13
timeStep,numberOfRobotsOnBlackSite,numberOfRobotsOnWhiteSite
31231,33,13
timeStep,numberOfRobotsOnBlackSite,numberOfRobotsOnWhiteSite
31232,33,13
timeStep,numberOfRobotsOnBlackSite,numberOfRobotsOnWhiteSite
31233,33,13
timeStep,numberOfRobotsOnBlackSite,numberOfRobotsOnWhiteSite
31234,33,13
timeStep,numberOfRobotsOnBlackSite,numberOfRobotsOnWhiteSite
31235,33,13
timeStep,numberOfRobotsOnBlackSite,numberOfRobotsOnWhiteSite
31236,33,13
timeStep,numberOfRobotsOnBlackSite,numberOfRobotsOnWhiteSite
31237,33,13
timeStep,numberOfRobotsOnBlackSite,numberOfRobotsOnWhiteSite
31238,33,13
timeStep,numberOfRobotsOnBlackSite,numberOfRobotsOnWhiteSite
31239,33,13
timeStep,numberOfRobotsOnBlackSite,numberOfRobotsOnWhiteSite
31240,33,13
timeStep,numberOfRobotsOnBlackSite,numberOfRobotsOnWhiteSite
31241,33,13
timeStep,numberOfRobotsOnBlackSite,numberOfRobotsOnWhiteSite
31242,33,13
timeStep,numberOfRobotsOnBlackSite,numberOfRobotsOnWhiteSite
31243,33,13
timeStep,numberOfRobotsOnBlackSite,numberOfRobotsOnWhiteSite
31244,33,13
timeStep,numberOfRobotsOnBlackSite,numberOfRobotsOnWhiteSite
31245,33,13
timeStep,numberOfRobotsOnBlackSite,numberOfRobotsOnWhiteSite
31246,33,13
timeStep,numberOfRobotsOnBlackSite,numberOfRobotsOnWhiteSite
31247,33,13
timeStep,numberOfRobotsOnBlackSite,numberOfRobotsOnWhiteSite
31248,33,13
timeStep,numberOfRobotsOnBlackSite,numberOfRobotsOnWhiteSite
31249,33,13
timeStep,numberOfRobotsOnBlackSite,numberOfRobotsOnWhiteSite
31250,33,13
timeStep,numberOfRobotsOnBlackSite,numberOfRobotsOnWhiteSite
31251,33,13
timeStep,numberOfRobotsOnBlackSite,numberOfRobotsOnWhiteSite
31252,33,13
timeStep,numberOfRobotsOnBlackSite,numberOfRobotsOnWhiteSite
31253,33,13
timeStep,numberOfRobotsOnBlackSite,numberOfRobotsOnWhiteSite
31254,33,13
timeStep,numberOfRobotsOnBlackSite,numberOfRobotsOnWhiteSite
31255,33,13
timeStep,numberOfRobotsOnBlackSite,numberOfRobotsOnWhiteSite
31256,33,13
timeStep,numberOfRobotsOnBlackSite,numberOfRobotsOnWhiteSite
31257,33,13
timeStep,numberOfRobotsOnBlackSite,numberOfRobotsOnWhiteSite
31258,33,13
timeStep,numberOfRobotsOnBlackSite,numberOfRobotsOnWhiteSite
31259,33,13
timeStep,numberOfRobotsOnBlackSite,numberOfRobotsOnWhiteSite
31260,33,13
timeStep,numberOfRobotsOnBlackSite,numberOfRobotsOnWhiteSite
31261,33,13
timeStep,numberOfRobotsOnBlackSite,numberOfRobotsOnWhiteSite
31262,33,13
timeStep,numberOfRobotsOnBlackSite,numberOfRobotsOnWhiteSite
31263,33,13
timeStep,numberOfRobotsOnBlackSite,numberOfRobotsOnWhiteSite
31264,33,13
timeStep,numberOfRobotsOnBlackSite,numberOfRobotsOnWhiteSite
31265,33,13
timeStep,numberOfRobotsOnBlackSite,numberOfRobotsOnWhiteSite
31266,33,13
timeStep,numberOfRobotsOnBlackSite,numberOfRobotsOnWhiteSite
31267,33,13
timeStep,numberOfRobotsOnBlackSite,numberOfRobotsOnWhiteSite
31268,33,13
timeStep,numberOfRobotsOnBlackSite,numberOfRobotsOnWhiteSite
31269,33,13
timeStep,numberOfRobotsOnBlackSite,numberOfRobotsOnWhiteSite
31270,33,13
timeStep,numberOfRobotsOnBlackSite,numberOfRobotsOnWhiteSite
31271,33,13
timeStep,numberOfRobotsOnBlackSite,numberOfRobotsOnWhiteSite
31272,33,13
timeStep,numberOfRobotsOnBlackSite,numberOfRobotsOnWhiteSite
31273,33,13
timeStep,numberOfRobotsOnBlackSite,numberOfRobotsOnWhiteSite
31274,33,13
timeStep,numberOfRobotsOnBlackSite,numberOfRobotsOnWhiteSite
31275,33,13
timeStep,numberOfRobotsOnBlackSite,numberOfRobotsOnWhiteSite
31276,33,13
timeStep,numberOfRobotsOnBlackSite,numberOfRobotsOnWhiteSite
31277,33,13
timeStep,numberOfRobotsOnBlackSite,numberOfRobotsOnWhiteSite
31278,33,13
timeStep,numberOfRobotsOnBlackSite,numberOfRobotsOnWhiteSite
31279,33,13
timeStep,numberOfRobotsOnBlackSite,numberOfRobotsOnWhiteSite
31280,33,13
timeStep,numberOfRobotsOnBlackSite,numberOfRobotsOnWhiteSite
31281,33,13
timeStep,numberOfRobotsOnBlackSite,numberOfRobotsOnWhiteSite
31282,33,13
timeStep,numberOfRobotsOnBlackSite,numberOfRobotsOnWhiteSite
31283,33,13
timeStep,numberOfRobotsOnBlackSite,numberOfRobotsOnWhiteSite
31284,33,13
timeStep,numberOfRobotsOnBlackSite,numberOfRobotsOnWhiteSite
31285,33,13
timeStep,numberOfRobotsOnBlackSite,numberOfRobotsOnWhiteSite
31286,33,13
timeStep,numberOfRobotsOnBlackSite,numberOfRobotsOnWhiteSite
31287,33,13
timeStep,numberOfRobotsOnBlackSite,numberOfRobotsOnWhiteSite
31288,33,13
timeStep,numberOfRobotsOnBlackSite,numberOfRobotsOnWhiteSite
31289,33,13
timeStep,numberOfRobotsOnBlackSite,numberOfRobotsOnWhiteSite
31290,33,13
timeStep,numberOfRobotsOnBlackSite,numberOfRobotsOnWhiteSite
31291,33,13
timeStep,numberOfRobotsOnBlackSite,numberOfRobotsOnWhiteSite
31292,33,13
timeStep,numberOfRobotsOnBlackSite,numberOfRobotsOnWhiteSite
31293,33,13
timeStep,numberOfRobotsOnBlackSite,numberOfRobotsOnWhiteSite
31294,33,13
timeStep,numberOfRobotsOnBlackSite,numberOfRobotsOnWhiteSite
31295,33,13
timeStep,numberOfRobotsOnBlackSite,numberOfRobotsOnWhiteSite
31296,33,13
timeStep,numberOfRobotsOnBlackSite,numberOfRobotsOnWhiteSite
31297,33,13
timeStep,numberOfRobotsOnBlackSite,numberOfRobotsOnWhiteSite
31298,33,13
timeStep,numberOfRobotsOnBlackSite,numberOfRobotsOnWhiteSite
31299,33,13
timeStep,numberOfRobotsOnBlackSite,numberOfRobotsOnWhiteSite
31300,33,13
timeStep,numberOfRobotsOnBlackSite,numberOfRobotsOnWhiteSite
31301,33,13
timeStep,numberOfRobotsOnBlackSite,numberOfRobotsOnWhiteSite
31302,33,13
timeStep,numberOfRobotsOnBlackSite,numberOfRobotsOnWhiteSite
31303,33,13
timeStep,numberOfRobotsOnBlackSite,numberOfRobotsOnWhiteSite
31304,33,13
timeStep,numberOfRobotsOnBlackSite,numberOfRobotsOnWhiteSite
31305,33,12
timeStep,numberOfRobotsOnBlackSite,numberOfRobotsOnWhiteSite
31306,33,12
timeStep,numberOfRobotsOnBlackSite,numberOfRobotsOnWhiteSite
31307,33,12
timeStep,numberOfRobotsOnBlackSite,numberOfRobotsOnWhiteSite
31308,33,12
timeStep,numberOfRobotsOnBlackSite,numberOfRobotsOnWhiteSite
31309,33,12
timeStep,numberOfRobotsOnBlackSite,numberOfRobotsOnWhiteSite
31310,33,11
timeStep,numberOfRobotsOnBlackSite,numberOfRobotsOnWhiteSite
31311,33,11
timeStep,numberOfRobotsOnBlackSite,numberOfRobotsOnWhiteSite
31312,33,11
timeStep,numberOfRobotsOnBlackSite,numberOfRobotsOnWhiteSite
31313,33,11
timeStep,numberOfRobotsOnBlackSite,numberOfRobotsOnWhiteSite
31314,33,11
timeStep,numberOfRobotsOnBlackSite,numberOfRobotsOnWhiteSite
31315,33,11
timeStep,numberOfRobotsOnBlackSite,numberOfRobotsOnWhiteSite
31316,33,11
timeStep,numberOfRobotsOnBlackSite,numberOfRobotsOnWhiteSite
31317,33,11
timeStep,numberOfRobotsOnBlackSite,numberOfRobotsOnWhiteSite
31318,33,11
timeStep,numberOfRobotsOnBlackSite,numberOfRobotsOnWhiteSite
31319,33,11
timeStep,numberOfRobotsOnBlackSite,numberOfRobotsOnWhiteSite
31320,33,11
timeStep,numberOfRobotsOnBlackSite,numberOfRobotsOnWhiteSite
31321,33,11
timeStep,numberOfRobotsOnBlackSite,numberOfRobotsOnWhiteSite
31322,33,11
timeStep,numberOfRobotsOnBlackSite,numberOfRobotsOnWhiteSite
31323,33,11
timeStep,numberOfRobotsOnBlackSite,numberOfRobotsOnWhiteSite
31324,33,11
timeStep,numberOfRobotsOnBlackSite,numberOfRobotsOnWhiteSite
31325,33,11
timeStep,numberOfRobotsOnBlackSite,numberOfRobotsOnWhiteSite
31326,33,11
timeStep,numberOfRobotsOnBlackSite,numberOfRobotsOnWhiteSite
31327,33,11
timeStep,numberOfRobotsOnBlackSite,numberOfRobotsOnWhiteSite
31328,33,11
timeStep,numberOfRobotsOnBlackSite,numberOfRobotsOnWhiteSite
31329,33,11
timeStep,numberOfRobotsOnBlackSite,numberOfRobotsOnWhiteSite
31330,33,11
timeStep,numberOfRobotsOnBlackSite,numberOfRobotsOnWhiteSite
31331,33,11
timeStep,numberOfRobotsOnBlackSite,numberOfRobotsOnWhiteSite
31332,33,11
timeStep,numberOfRobotsOnBlackSite,numberOfRobotsOnWhiteSite
31333,33,11
timeStep,numberOfRobotsOnBlackSite,numberOfRobotsOnWhiteSite
31334,33,11
timeStep,numberOfRobotsOnBlackSite,numberOfRobotsOnWhiteSite
31335,33,11
timeStep,numberOfRobotsOnBlackSite,numberOfRobotsOnWhiteSite
31336,33,11
timeStep,numberOfRobotsOnBlackSite,numberOfRobotsOnWhiteSite
31337,33,11
timeStep,numberOfRobotsOnBlackSite,numberOfRobotsOnWhiteSite
31338,33,11
timeStep,numberOfRobotsOnBlackSite,numberOfRobotsOnWhiteSite
31339,33,11
timeStep,numberOfRobotsOnBlackSite,numberOfRobotsOnWhiteSite
31340,33,11
timeStep,numberOfRobotsOnBlackSite,numberOfRobotsOnWhiteSite
31341,33,11
timeStep,numberOfRobotsOnBlackSite,numberOfRobotsOnWhiteSite
31342,33,11
timeStep,numberOfRobotsOnBlackSite,numberOfRobotsOnWhiteSite
31343,33,11
timeStep,numberOfRobotsOnBlackSite,numberOfRobotsOnWhiteSite
31344,33,11
timeStep,numberOfRobotsOnBlackSite,numberOfRobotsOnWhiteSite
31345,33,11
timeStep,numberOfRobotsOnBlackSite,numberOfRobotsOnWhiteSite
31346,33,11
timeStep,numberOfRobotsOnBlackSite,numberOfRobotsOnWhiteSite
31347,33,11
timeStep,numberOfRobotsOnBlackSite,numberOfRobotsOnWhiteSite
31348,33,11
timeStep,numberOfRobotsOnBlackSite,numberOfRobotsOnWhiteSite
31349,33,11
timeStep,numberOfRobotsOnBlackSite,numberOfRobotsOnWhiteSite
31350,33,11
timeStep,numberOfRobotsOnBlackSite,numberOfRobotsOnWhiteSite
31351,33,11
timeStep,numberOfRobotsOnBlackSite,numberOfRobotsOnWhiteSite
31352,33,11
timeStep,numberOfRobotsOnBlackSite,numberOfRobotsOnWhiteSite
31353,33,11
timeStep,numberOfRobotsOnBlackSite,numberOfRobotsOnWhiteSite
31354,33,11
timeStep,numberOfRobotsOnBlackSite,numberOfRobotsOnWhiteSite
31355,33,11
timeStep,numberOfRobotsOnBlackSite,numberOfRobotsOnWhiteSite
31356,33,11
timeStep,numberOfRobotsOnBlackSite,numberOfRobotsOnWhiteSite
31357,33,11
timeStep,numberOfRobotsOnBlackSite,numberOfRobotsOnWhiteSite
31358,33,11
timeStep,numberOfRobotsOnBlackSite,numberOfRobotsOnWhiteSite
31359,33,11
timeStep,numberOfRobotsOnBlackSite,numberOfRobotsOnWhiteSite
31360,33,12
timeStep,numberOfRobotsOnBlackSite,numberOfRobotsOnWhiteSite
31361,33,12
timeStep,numberOfRobotsOnBlackSite,numberOfRobotsOnWhiteSite
31362,33,12
timeStep,numberOfRobotsOnBlackSite,numberOfRobotsOnWhiteSite
31363,33,12
timeStep,numberOfRobotsOnBlackSite,numberOfRobotsOnWhiteSite
31364,33,12
timeStep,numberOfRobotsOnBlackSite,numberOfRobotsOnWhiteSite
31365,33,12
timeStep,numberOfRobotsOnBlackSite,numberOfRobotsOnWhiteSite
31366,33,12
timeStep,numberOfRobotsOnBlackSite,numberOfRobotsOnWhiteSite
31367,33,12
timeStep,numberOfRobotsOnBlackSite,numberOfRobotsOnWhiteSite
31368,33,12
timeStep,numberOfRobotsOnBlackSite,numberOfRobotsOnWhiteSite
31369,33,12
timeStep,numberOfRobotsOnBlackSite,numberOfRobotsOnWhiteSite
31370,33,12
timeStep,numberOfRobotsOnBlackSite,numberOfRobotsOnWhiteSite
31371,33,12
timeStep,numberOfRobotsOnBlackSite,numberOfRobotsOnWhiteSite
31372,33,12
timeStep,numberOfRobotsOnBlackSite,numberOfRobotsOnWhiteSite
31373,33,12
timeStep,numberOfRobotsOnBlackSite,numberOfRobotsOnWhiteSite
31374,33,12
timeStep,numberOfRobotsOnBlackSite,numberOfRobotsOnWhiteSite
31375,33,12
timeStep,numberOfRobotsOnBlackSite,numberOfRobotsOnWhiteSite
31376,33,12
timeStep,numberOfRobotsOnBlackSite,numberOfRobotsOnWhiteSite
31377,33,12
timeStep,numberOfRobotsOnBlackSite,numberOfRobotsOnWhiteSite
31378,33,12
timeStep,numberOfRobotsOnBlackSite,numberOfRobotsOnWhiteSite
31379,33,12
timeStep,numberOfRobotsOnBlackSite,numberOfRobotsOnWhiteSite
31380,33,12
timeStep,numberOfRobotsOnBlackSite,numberOfRobotsOnWhiteSite
31381,33,12
timeStep,numberOfRobotsOnBlackSite,numberOfRobotsOnWhiteSite
31382,33,12
timeStep,numberOfRobotsOnBlackSite,numberOfRobotsOnWhiteSite
31383,33,12
timeStep,numberOfRobotsOnBlackSite,numberOfRobotsOnWhiteSite
31384,33,12
timeStep,numberOfRobotsOnBlackSite,numberOfRobotsOnWhiteSite
31385,33,12
timeStep,numberOfRobotsOnBlackSite,numberOfRobotsOnWhiteSite
31386,33,12
timeStep,numberOfRobotsOnBlackSite,numberOfRobotsOnWhiteSite
31387,33,12
timeStep,numberOfRobotsOnBlackSite,numberOfRobotsOnWhiteSite
31388,33,12
timeStep,numberOfRobotsOnBlackSite,numberOfRobotsOnWhiteSite
31389,33,12
timeStep,numberOfRobotsOnBlackSite,numberOfRobotsOnWhiteSite
31390,32,12
timeStep,numberOfRobotsOnBlackSite,numberOfRobotsOnWhiteSite
31391,32,12
timeStep,numberOfRobotsOnBlackSite,numberOfRobotsOnWhiteSite
31392,32,12
timeStep,numberOfRobotsOnBlackSite,numberOfRobotsOnWhiteSite
31393,32,12
timeStep,numberOfRobotsOnBlackSite,numberOfRobotsOnWhiteSite
31394,32,12
timeStep,numberOfRobotsOnBlackSite,numberOfRobotsOnWhiteSite
31395,32,12
timeStep,numberOfRobotsOnBlackSite,numberOfRobotsOnWhiteSite
31396,32,12
timeStep,numberOfRobotsOnBlackSite,numberOfRobotsOnWhiteSite
31397,32,12
timeStep,numberOfRobotsOnBlackSite,numberOfRobotsOnWhiteSite
31398,32,12
timeStep,numberOfRobotsOnBlackSite,numberOfRobotsOnWhiteSite
31399,32,12
timeStep,numberOfRobotsOnBlackSite,numberOfRobotsOnWhiteSite
31400,32,12
timeStep,numberOfRobotsOnBlackSite,numberOfRobotsOnWhiteSite
31401,32,12
timeStep,numberOfRobotsOnBlackSite,numberOfRobotsOnWhiteSite
31402,32,12
timeStep,numberOfRobotsOnBlackSite,numberOfRobotsOnWhiteSite
31403,32,12
timeStep,numberOfRobotsOnBlackSite,numberOfRobotsOnWhiteSite
31404,32,12
timeStep,numberOfRobotsOnBlackSite,numberOfRobotsOnWhiteSite
31405,32,12
timeStep,numberOfRobotsOnBlackSite,numberOfRobotsOnWhiteSite
31406,32,12
timeStep,numberOfRobotsOnBlackSite,numberOfRobotsOnWhiteSite
31407,32,12
timeStep,numberOfRobotsOnBlackSite,numberOfRobotsOnWhiteSite
31408,32,12
timeStep,numberOfRobotsOnBlackSite,numberOfRobotsOnWhiteSite
31409,32,12
timeStep,numberOfRobotsOnBlackSite,numberOfRobotsOnWhiteSite
31410,32,12
timeStep,numberOfRobotsOnBlackSite,numberOfRobotsOnWhiteSite
31411,32,12
timeStep,numberOfRobotsOnBlackSite,numberOfRobotsOnWhiteSite
31412,32,12
timeStep,numberOfRobotsOnBlackSite,numberOfRobotsOnWhiteSite
31413,32,12
timeStep,numberOfRobotsOnBlackSite,numberOfRobotsOnWhiteSite
31414,32,12
timeStep,numberOfRobotsOnBlackSite,numberOfRobotsOnWhiteSite
31415,32,12
timeStep,numberOfRobotsOnBlackSite,numberOfRobotsOnWhiteSite
31416,32,12
timeStep,numberOfRobotsOnBlackSite,numberOfRobotsOnWhiteSite
31417,32,12
timeStep,numberOfRobotsOnBlackSite,numberOfRobotsOnWhiteSite
31418,32,12
timeStep,numberOfRobotsOnBlackSite,numberOfRobotsOnWhiteSite
31419,32,12
timeStep,numberOfRobotsOnBlackSite,numberOfRobotsOnWhiteSite
31420,32,12
timeStep,numberOfRobotsOnBlackSite,numberOfRobotsOnWhiteSite
31421,32,12
timeStep,numberOfRobotsOnBlackSite,numberOfRobotsOnWhiteSite
31422,32,12
timeStep,numberOfRobotsOnBlackSite,numberOfRobotsOnWhiteSite
31423,32,12
timeStep,numberOfRobotsOnBlackSite,numberOfRobotsOnWhiteSite
31424,32,12
timeStep,numberOfRobotsOnBlackSite,numberOfRobotsOnWhiteSite
31425,32,12
timeStep,numberOfRobotsOnBlackSite,numberOfRobotsOnWhiteSite
31426,32,12
timeStep,numberOfRobotsOnBlackSite,numberOfRobotsOnWhiteSite
31427,32,12
timeStep,numberOfRobotsOnBlackSite,numberOfRobotsOnWhiteSite
31428,32,12
timeStep,numberOfRobotsOnBlackSite,numberOfRobotsOnWhiteSite
31429,32,12
timeStep,numberOfRobotsOnBlackSite,numberOfRobotsOnWhiteSite
31430,32,12
timeStep,numberOfRobotsOnBlackSite,numberOfRobotsOnWhiteSite
31431,32,12
timeStep,numberOfRobotsOnBlackSite,numberOfRobotsOnWhiteSite
31432,32,12
timeStep,numberOfRobotsOnBlackSite,numberOfRobotsOnWhiteSite
31433,32,12
timeStep,numberOfRobotsOnBlackSite,numberOfRobotsOnWhiteSite
31434,32,12
timeStep,numberOfRobotsOnBlackSite,numberOfRobotsOnWhiteSite
31435,32,12
timeStep,numberOfRobotsOnBlackSite,numberOfRobotsOnWhiteSite
31436,32,12
timeStep,numberOfRobotsOnBlackSite,numberOfRobotsOnWhiteSite
31437,32,12
timeStep,numberOfRobotsOnBlackSite,numberOfRobotsOnWhiteSite
31438,32,12
timeStep,numberOfRobotsOnBlackSite,numberOfRobotsOnWhiteSite
31439,32,12
timeStep,numberOfRobotsOnBlackSite,numberOfRobotsOnWhiteSite
31440,32,12
timeStep,numberOfRobotsOnBlackSite,numberOfRobotsOnWhiteSite
31441,32,12
timeStep,numberOfRobotsOnBlackSite,numberOfRobotsOnWhiteSite
31442,32,12
timeStep,numberOfRobotsOnBlackSite,numberOfRobotsOnWhiteSite
31443,32,12
timeStep,numberOfRobotsOnBlackSite,numberOfRobotsOnWhiteSite
31444,32,12
timeStep,numberOfRobotsOnBlackSite,numberOfRobotsOnWhiteSite
31445,32,12
timeStep,numberOfRobotsOnBlackSite,numberOfRobotsOnWhiteSite
31446,32,12
timeStep,numberOfRobotsOnBlackSite,numberOfRobotsOnWhiteSite
31447,32,12
timeStep,numberOfRobotsOnBlackSite,numberOfRobotsOnWhiteSite
31448,32,12
timeStep,numberOfRobotsOnBlackSite,numberOfRobotsOnWhiteSite
31449,32,12
timeStep,numberOfRobotsOnBlackSite,numberOfRobotsOnWhiteSite
31450,32,12
timeStep,numberOfRobotsOnBlackSite,numberOfRobotsOnWhiteSite
31451,32,12
timeStep,numberOfRobotsOnBlackSite,numberOfRobotsOnWhiteSite
31452,32,12
timeStep,numberOfRobotsOnBlackSite,numberOfRobotsOnWhiteSite
31453,32,12
timeStep,numberOfRobotsOnBlackSite,numberOfRobotsOnWhiteSite
31454,32,12
timeStep,numberOfRobotsOnBlackSite,numberOfRobotsOnWhiteSite
31455,32,12
timeStep,numberOfRobotsOnBlackSite,numberOfRobotsOnWhiteSite
31456,32,12
timeStep,numberOfRobotsOnBlackSite,numberOfRobotsOnWhiteSite
31457,32,12
timeStep,numberOfRobotsOnBlackSite,numberOfRobotsOnWhiteSite
31458,32,12
timeStep,numberOfRobotsOnBlackSite,numberOfRobotsOnWhiteSite
31459,32,12
timeStep,numberOfRobotsOnBlackSite,numberOfRobotsOnWhiteSite
31460,32,12
timeStep,numberOfRobotsOnBlackSite,numberOfRobotsOnWhiteSite
31461,32,12
timeStep,numberOfRobotsOnBlackSite,numberOfRobotsOnWhiteSite
31462,32,12
timeStep,numberOfRobotsOnBlackSite,numberOfRobotsOnWhiteSite
31463,32,12
timeStep,numberOfRobotsOnBlackSite,numberOfRobotsOnWhiteSite
31464,32,12
timeStep,numberOfRobotsOnBlackSite,numberOfRobotsOnWhiteSite
31465,32,12
timeStep,numberOfRobotsOnBlackSite,numberOfRobotsOnWhiteSite
31466,32,12
timeStep,numberOfRobotsOnBlackSite,numberOfRobotsOnWhiteSite
31467,32,12
timeStep,numberOfRobotsOnBlackSite,numberOfRobotsOnWhiteSite
31468,32,12
timeStep,numberOfRobotsOnBlackSite,numberOfRobotsOnWhiteSite
31469,32,12
timeStep,numberOfRobotsOnBlackSite,numberOfRobotsOnWhiteSite
31470,32,12
timeStep,numberOfRobotsOnBlackSite,numberOfRobotsOnWhiteSite
31471,32,12
timeStep,numberOfRobotsOnBlackSite,numberOfRobotsOnWhiteSite
31472,32,12
timeStep,numberOfRobotsOnBlackSite,numberOfRobotsOnWhiteSite
31473,32,12
timeStep,numberOfRobotsOnBlackSite,numberOfRobotsOnWhiteSite
31474,32,12
timeStep,numberOfRobotsOnBlackSite,numberOfRobotsOnWhiteSite
31475,32,12
timeStep,numberOfRobotsOnBlackSite,numberOfRobotsOnWhiteSite
31476,32,12
timeStep,numberOfRobotsOnBlackSite,numberOfRobotsOnWhiteSite
31477,32,12
timeStep,numberOfRobotsOnBlackSite,numberOfRobotsOnWhiteSite
31478,32,12
timeStep,numberOfRobotsOnBlackSite,numberOfRobotsOnWhiteSite
31479,32,12
timeStep,numberOfRobotsOnBlackSite,numberOfRobotsOnWhiteSite
31480,32,12
timeStep,numberOfRobotsOnBlackSite,numberOfRobotsOnWhiteSite
31481,32,12
timeStep,numberOfRobotsOnBlackSite,numberOfRobotsOnWhiteSite
31482,32,12
timeStep,numberOfRobotsOnBlackSite,numberOfRobotsOnWhiteSite
31483,32,12
timeStep,numberOfRobotsOnBlackSite,numberOfRobotsOnWhiteSite
31484,32,12
timeStep,numberOfRobotsOnBlackSite,numberOfRobotsOnWhiteSite
31485,32,12
timeStep,numberOfRobotsOnBlackSite,numberOfRobotsOnWhiteSite
31486,32,12
timeStep,numberOfRobotsOnBlackSite,numberOfRobotsOnWhiteSite
31487,32,12
timeStep,numberOfRobotsOnBlackSite,numberOfRobotsOnWhiteSite
31488,32,12
timeStep,numberOfRobotsOnBlackSite,numberOfRobotsOnWhiteSite
31489,32,12
timeStep,numberOfRobotsOnBlackSite,numberOfRobotsOnWhiteSite
31490,32,12
timeStep,numberOfRobotsOnBlackSite,numberOfRobotsOnWhiteSite
31491,32,12
timeStep,numberOfRobotsOnBlackSite,numberOfRobotsOnWhiteSite
31492,32,12
timeStep,numberOfRobotsOnBlackSite,numberOfRobotsOnWhiteSite
31493,32,12
timeStep,numberOfRobotsOnBlackSite,numberOfRobotsOnWhiteSite
31494,32,12
timeStep,numberOfRobotsOnBlackSite,numberOfRobotsOnWhiteSite
31495,32,12
timeStep,numberOfRobotsOnBlackSite,numberOfRobotsOnWhiteSite
31496,32,12
timeStep,numberOfRobotsOnBlackSite,numberOfRobotsOnWhiteSite
31497,32,12
timeStep,numberOfRobotsOnBlackSite,numberOfRobotsOnWhiteSite
31498,32,12
timeStep,numberOfRobotsOnBlackSite,numberOfRobotsOnWhiteSite
31499,32,12
timeStep,numberOfRobotsOnBlackSite,numberOfRobotsOnWhiteSite
31500,32,11
timeStep,numberOfRobotsOnBlackSite,numberOfRobotsOnWhiteSite
31501,32,11
timeStep,numberOfRobotsOnBlackSite,numberOfRobotsOnWhiteSite
31502,32,11
timeStep,numberOfRobotsOnBlackSite,numberOfRobotsOnWhiteSite
31503,32,11
timeStep,numberOfRobotsOnBlackSite,numberOfRobotsOnWhiteSite
31504,32,11
timeStep,numberOfRobotsOnBlackSite,numberOfRobotsOnWhiteSite
31505,32,11
timeStep,numberOfRobotsOnBlackSite,numberOfRobotsOnWhiteSite
31506,32,11
timeStep,numberOfRobotsOnBlackSite,numberOfRobotsOnWhiteSite
31507,32,11
timeStep,numberOfRobotsOnBlackSite,numberOfRobotsOnWhiteSite
31508,32,11
timeStep,numberOfRobotsOnBlackSite,numberOfRobotsOnWhiteSite
31509,32,11
timeStep,numberOfRobotsOnBlackSite,numberOfRobotsOnWhiteSite
31510,32,11
timeStep,numberOfRobotsOnBlackSite,numberOfRobotsOnWhiteSite
31511,32,11
timeStep,numberOfRobotsOnBlackSite,numberOfRobotsOnWhiteSite
31512,32,11
timeStep,numberOfRobotsOnBlackSite,numberOfRobotsOnWhiteSite
31513,32,11
timeStep,numberOfRobotsOnBlackSite,numberOfRobotsOnWhiteSite
31514,32,11
timeStep,numberOfRobotsOnBlackSite,numberOfRobotsOnWhiteSite
31515,32,11
timeStep,numberOfRobotsOnBlackSite,numberOfRobotsOnWhiteSite
31516,32,11
timeStep,numberOfRobotsOnBlackSite,numberOfRobotsOnWhiteSite
31517,32,11
timeStep,numberOfRobotsOnBlackSite,numberOfRobotsOnWhiteSite
31518,32,11
timeStep,numberOfRobotsOnBlackSite,numberOfRobotsOnWhiteSite
31519,32,11
timeStep,numberOfRobotsOnBlackSite,numberOfRobotsOnWhiteSite
31520,32,11
timeStep,numberOfRobotsOnBlackSite,numberOfRobotsOnWhiteSite
31521,32,11
timeStep,numberOfRobotsOnBlackSite,numberOfRobotsOnWhiteSite
31522,32,11
timeStep,numberOfRobotsOnBlackSite,numberOfRobotsOnWhiteSite
31523,32,11
timeStep,numberOfRobotsOnBlackSite,numberOfRobotsOnWhiteSite
31524,32,11
timeStep,numberOfRobotsOnBlackSite,numberOfRobotsOnWhiteSite
31525,32,11
timeStep,numberOfRobotsOnBlackSite,numberOfRobotsOnWhiteSite
31526,32,11
timeStep,numberOfRobotsOnBlackSite,numberOfRobotsOnWhiteSite
31527,32,11
timeStep,numberOfRobotsOnBlackSite,numberOfRobotsOnWhiteSite
31528,32,11
timeStep,numberOfRobotsOnBlackSite,numberOfRobotsOnWhiteSite
31529,32,11
timeStep,numberOfRobotsOnBlackSite,numberOfRobotsOnWhiteSite
31530,32,12
timeStep,numberOfRobotsOnBlackSite,numberOfRobotsOnWhiteSite
31531,32,12
timeStep,numberOfRobotsOnBlackSite,numberOfRobotsOnWhiteSite
31532,32,12
timeStep,numberOfRobotsOnBlackSite,numberOfRobotsOnWhiteSite
31533,32,12
timeStep,numberOfRobotsOnBlackSite,numberOfRobotsOnWhiteSite
31534,32,12
timeStep,numberOfRobotsOnBlackSite,numberOfRobotsOnWhiteSite
31535,32,12
timeStep,numberOfRobotsOnBlackSite,numberOfRobotsOnWhiteSite
31536,32,12
timeStep,numberOfRobotsOnBlackSite,numberOfRobotsOnWhiteSite
31537,32,12
timeStep,numberOfRobotsOnBlackSite,numberOfRobotsOnWhiteSite
31538,32,12
timeStep,numberOfRobotsOnBlackSite,numberOfRobotsOnWhiteSite
31539,32,12
timeStep,numberOfRobotsOnBlackSite,numberOfRobotsOnWhiteSite
31540,32,12
timeStep,numberOfRobotsOnBlackSite,numberOfRobotsOnWhiteSite
31541,32,12
timeStep,numberOfRobotsOnBlackSite,numberOfRobotsOnWhiteSite
31542,32,12
timeStep,numberOfRobotsOnBlackSite,numberOfRobotsOnWhiteSite
31543,32,12
timeStep,numberOfRobotsOnBlackSite,numberOfRobotsOnWhiteSite
31544,32,12
timeStep,numberOfRobotsOnBlackSite,numberOfRobotsOnWhiteSite
31545,32,12
timeStep,numberOfRobotsOnBlackSite,numberOfRobotsOnWhiteSite
31546,32,12
timeStep,numberOfRobotsOnBlackSite,numberOfRobotsOnWhiteSite
31547,32,12
timeStep,numberOfRobotsOnBlackSite,numberOfRobotsOnWhiteSite
31548,32,12
timeStep,numberOfRobotsOnBlackSite,numberOfRobotsOnWhiteSite
31549,32,12
timeStep,numberOfRobotsOnBlackSite,numberOfRobotsOnWhiteSite
31550,32,12
timeStep,numberOfRobotsOnBlackSite,numberOfRobotsOnWhiteSite
31551,32,12
timeStep,numberOfRobotsOnBlackSite,numberOfRobotsOnWhiteSite
31552,32,12
timeStep,numberOfRobotsOnBlackSite,numberOfRobotsOnWhiteSite
31553,32,12
timeStep,numberOfRobotsOnBlackSite,numberOfRobotsOnWhiteSite
31554,32,12
timeStep,numberOfRobotsOnBlackSite,numberOfRobotsOnWhiteSite
31555,32,12
timeStep,numberOfRobotsOnBlackSite,numberOfRobotsOnWhiteSite
31556,32,12
timeStep,numberOfRobotsOnBlackSite,numberOfRobotsOnWhiteSite
31557,32,12
timeStep,numberOfRobotsOnBlackSite,numberOfRobotsOnWhiteSite
31558,32,12
timeStep,numberOfRobotsOnBlackSite,numberOfRobotsOnWhiteSite
31559,32,12
timeStep,numberOfRobotsOnBlackSite,numberOfRobotsOnWhiteSite
31560,32,12
timeStep,numberOfRobotsOnBlackSite,numberOfRobotsOnWhiteSite
31561,32,12
timeStep,numberOfRobotsOnBlackSite,numberOfRobotsOnWhiteSite
31562,32,12
timeStep,numberOfRobotsOnBlackSite,numberOfRobotsOnWhiteSite
31563,32,12
timeStep,numberOfRobotsOnBlackSite,numberOfRobotsOnWhiteSite
31564,32,12
timeStep,numberOfRobotsOnBlackSite,numberOfRobotsOnWhiteSite
31565,32,12
timeStep,numberOfRobotsOnBlackSite,numberOfRobotsOnWhiteSite
31566,32,12
timeStep,numberOfRobotsOnBlackSite,numberOfRobotsOnWhiteSite
31567,32,12
timeStep,numberOfRobotsOnBlackSite,numberOfRobotsOnWhiteSite
31568,32,12
timeStep,numberOfRobotsOnBlackSite,numberOfRobotsOnWhiteSite
31569,32,12
timeStep,numberOfRobotsOnBlackSite,numberOfRobotsOnWhiteSite
31570,32,12
timeStep,numberOfRobotsOnBlackSite,numberOfRobotsOnWhiteSite
31571,32,12
timeStep,numberOfRobotsOnBlackSite,numberOfRobotsOnWhiteSite
31572,32,12
timeStep,numberOfRobotsOnBlackSite,numberOfRobotsOnWhiteSite
31573,32,12
timeStep,numberOfRobotsOnBlackSite,numberOfRobotsOnWhiteSite
31574,32,12
timeStep,numberOfRobotsOnBlackSite,numberOfRobotsOnWhiteSite
31575,32,12
timeStep,numberOfRobotsOnBlackSite,numberOfRobotsOnWhiteSite
31576,32,12
timeStep,numberOfRobotsOnBlackSite,numberOfRobotsOnWhiteSite
31577,32,12
timeStep,numberOfRobotsOnBlackSite,numberOfRobotsOnWhiteSite
31578,32,12
timeStep,numberOfRobotsOnBlackSite,numberOfRobotsOnWhiteSite
31579,32,12
timeStep,numberOfRobotsOnBlackSite,numberOfRobotsOnWhiteSite
31580,32,13
timeStep,numberOfRobotsOnBlackSite,numberOfRobotsOnWhiteSite
31581,32,13
timeStep,numberOfRobotsOnBlackSite,numberOfRobotsOnWhiteSite
31582,32,13
timeStep,numberOfRobotsOnBlackSite,numberOfRobotsOnWhiteSite
31583,32,13
timeStep,numberOfRobotsOnBlackSite,numberOfRobotsOnWhiteSite
31584,32,13
timeStep,numberOfRobotsOnBlackSite,numberOfRobotsOnWhiteSite
31585,32,13
timeStep,numberOfRobotsOnBlackSite,numberOfRobotsOnWhiteSite
31586,32,13
timeStep,numberOfRobotsOnBlackSite,numberOfRobotsOnWhiteSite
31587,32,13
timeStep,numberOfRobotsOnBlackSite,numberOfRobotsOnWhiteSite
31588,32,13
timeStep,numberOfRobotsOnBlackSite,numberOfRobotsOnWhiteSite
31589,32,13
timeStep,numberOfRobotsOnBlackSite,numberOfRobotsOnWhiteSite
31590,32,13
timeStep,numberOfRobotsOnBlackSite,numberOfRobotsOnWhiteSite
31591,32,13
timeStep,numberOfRobotsOnBlackSite,numberOfRobotsOnWhiteSite
31592,32,13
timeStep,numberOfRobotsOnBlackSite,numberOfRobotsOnWhiteSite
31593,32,13
timeStep,numberOfRobotsOnBlackSite,numberOfRobotsOnWhiteSite
31594,32,13
timeStep,numberOfRobotsOnBlackSite,numberOfRobotsOnWhiteSite
31595,32,13
timeStep,numberOfRobotsOnBlackSite,numberOfRobotsOnWhiteSite
31596,32,13
timeStep,numberOfRobotsOnBlackSite,numberOfRobotsOnWhiteSite
31597,32,13
timeStep,numberOfRobotsOnBlackSite,numberOfRobotsOnWhiteSite
31598,32,13
timeStep,numberOfRobotsOnBlackSite,numberOfRobotsOnWhiteSite
31599,32,13
timeStep,numberOfRobotsOnBlackSite,numberOfRobotsOnWhiteSite
31600,32,13
timeStep,numberOfRobotsOnBlackSite,numberOfRobotsOnWhiteSite
31601,32,13
timeStep,numberOfRobotsOnBlackSite,numberOfRobotsOnWhiteSite
31602,32,13
timeStep,numberOfRobotsOnBlackSite,numberOfRobotsOnWhiteSite
31603,32,13
timeStep,numberOfRobotsOnBlackSite,numberOfRobotsOnWhiteSite
31604,32,13
timeStep,numberOfRobotsOnBlackSite,numberOfRobotsOnWhiteSite
31605,32,13
timeStep,numberOfRobotsOnBlackSite,numberOfRobotsOnWhiteSite
31606,32,13
timeStep,numberOfRobotsOnBlackSite,numberOfRobotsOnWhiteSite
31607,32,13
timeStep,numberOfRobotsOnBlackSite,numberOfRobotsOnWhiteSite
31608,32,13
timeStep,numberOfRobotsOnBlackSite,numberOfRobotsOnWhiteSite
31609,32,13
timeStep,numberOfRobotsOnBlackSite,numberOfRobotsOnWhiteSite
31610,32,12
timeStep,numberOfRobotsOnBlackSite,numberOfRobotsOnWhiteSite
31611,32,12
timeStep,numberOfRobotsOnBlackSite,numberOfRobotsOnWhiteSite
31612,32,12
timeStep,numberOfRobotsOnBlackSite,numberOfRobotsOnWhiteSite
31613,32,12
timeStep,numberOfRobotsOnBlackSite,numberOfRobotsOnWhiteSite
31614,32,12
timeStep,numberOfRobotsOnBlackSite,numberOfRobotsOnWhiteSite
31615,32,12
timeStep,numberOfRobotsOnBlackSite,numberOfRobotsOnWhiteSite
31616,32,12
timeStep,numberOfRobotsOnBlackSite,numberOfRobotsOnWhiteSite
31617,32,12
timeStep,numberOfRobotsOnBlackSite,numberOfRobotsOnWhiteSite
31618,32,12
timeStep,numberOfRobotsOnBlackSite,numberOfRobotsOnWhiteSite
31619,32,12
timeStep,numberOfRobotsOnBlackSite,numberOfRobotsOnWhiteSite
31620,32,12
timeStep,numberOfRobotsOnBlackSite,numberOfRobotsOnWhiteSite
31621,32,12
timeStep,numberOfRobotsOnBlackSite,numberOfRobotsOnWhiteSite
31622,32,12
timeStep,numberOfRobotsOnBlackSite,numberOfRobotsOnWhiteSite
31623,32,12
timeStep,numberOfRobotsOnBlackSite,numberOfRobotsOnWhiteSite
31624,32,12
timeStep,numberOfRobotsOnBlackSite,numberOfRobotsOnWhiteSite
31625,32,12
timeStep,numberOfRobotsOnBlackSite,numberOfRobotsOnWhiteSite
31626,32,12
timeStep,numberOfRobotsOnBlackSite,numberOfRobotsOnWhiteSite
31627,32,12
timeStep,numberOfRobotsOnBlackSite,numberOfRobotsOnWhiteSite
31628,32,12
timeStep,numberOfRobotsOnBlackSite,numberOfRobotsOnWhiteSite
31629,32,12
timeStep,numberOfRobotsOnBlackSite,numberOfRobotsOnWhiteSite
31630,32,11
timeStep,numberOfRobotsOnBlackSite,numberOfRobotsOnWhiteSite
31631,32,11
timeStep,numberOfRobotsOnBlackSite,numberOfRobotsOnWhiteSite
31632,32,11
timeStep,numberOfRobotsOnBlackSite,numberOfRobotsOnWhiteSite
31633,32,11
timeStep,numberOfRobotsOnBlackSite,numberOfRobotsOnWhiteSite
31634,32,11
timeStep,numberOfRobotsOnBlackSite,numberOfRobotsOnWhiteSite
31635,32,11
timeStep,numberOfRobotsOnBlackSite,numberOfRobotsOnWhiteSite
31636,32,11
timeStep,numberOfRobotsOnBlackSite,numberOfRobotsOnWhiteSite
31637,32,11
timeStep,numberOfRobotsOnBlackSite,numberOfRobotsOnWhiteSite
31638,32,11
timeStep,numberOfRobotsOnBlackSite,numberOfRobotsOnWhiteSite
31639,32,11
timeStep,numberOfRobotsOnBlackSite,numberOfRobotsOnWhiteSite
31640,32,11
timeStep,numberOfRobotsOnBlackSite,numberOfRobotsOnWhiteSite
31641,32,11
timeStep,numberOfRobotsOnBlackSite,numberOfRobotsOnWhiteSite
31642,32,11
timeStep,numberOfRobotsOnBlackSite,numberOfRobotsOnWhiteSite
31643,32,11
timeStep,numberOfRobotsOnBlackSite,numberOfRobotsOnWhiteSite
31644,32,11
timeStep,numberOfRobotsOnBlackSite,numberOfRobotsOnWhiteSite
31645,32,11
timeStep,numberOfRobotsOnBlackSite,numberOfRobotsOnWhiteSite
31646,32,11
timeStep,numberOfRobotsOnBlackSite,numberOfRobotsOnWhiteSite
31647,32,11
timeStep,numberOfRobotsOnBlackSite,numberOfRobotsOnWhiteSite
31648,32,11
timeStep,numberOfRobotsOnBlackSite,numberOfRobotsOnWhiteSite
31649,32,11
timeStep,numberOfRobotsOnBlackSite,numberOfRobotsOnWhiteSite
31650,32,11
timeStep,numberOfRobotsOnBlackSite,numberOfRobotsOnWhiteSite
31651,32,11
timeStep,numberOfRobotsOnBlackSite,numberOfRobotsOnWhiteSite
31652,32,11
timeStep,numberOfRobotsOnBlackSite,numberOfRobotsOnWhiteSite
31653,32,11
timeStep,numberOfRobotsOnBlackSite,numberOfRobotsOnWhiteSite
31654,32,11
timeStep,numberOfRobotsOnBlackSite,numberOfRobotsOnWhiteSite
31655,32,11
timeStep,numberOfRobotsOnBlackSite,numberOfRobotsOnWhiteSite
31656,32,11
timeStep,numberOfRobotsOnBlackSite,numberOfRobotsOnWhiteSite
31657,32,11
timeStep,numberOfRobotsOnBlackSite,numberOfRobotsOnWhiteSite
31658,32,11
timeStep,numberOfRobotsOnBlackSite,numberOfRobotsOnWhiteSite
31659,32,11
timeStep,numberOfRobotsOnBlackSite,numberOfRobotsOnWhiteSite
31660,32,12
timeStep,numberOfRobotsOnBlackSite,numberOfRobotsOnWhiteSite
31661,32,12
timeStep,numberOfRobotsOnBlackSite,numberOfRobotsOnWhiteSite
31662,32,12
timeStep,numberOfRobotsOnBlackSite,numberOfRobotsOnWhiteSite
31663,32,12
timeStep,numberOfRobotsOnBlackSite,numberOfRobotsOnWhiteSite
31664,32,12
timeStep,numberOfRobotsOnBlackSite,numberOfRobotsOnWhiteSite
31665,32,12
timeStep,numberOfRobotsOnBlackSite,numberOfRobotsOnWhiteSite
31666,32,12
timeStep,numberOfRobotsOnBlackSite,numberOfRobotsOnWhiteSite
31667,32,12
timeStep,numberOfRobotsOnBlackSite,numberOfRobotsOnWhiteSite
31668,32,12
timeStep,numberOfRobotsOnBlackSite,numberOfRobotsOnWhiteSite
31669,32,12
timeStep,numberOfRobotsOnBlackSite,numberOfRobotsOnWhiteSite
31670,32,12
timeStep,numberOfRobotsOnBlackSite,numberOfRobotsOnWhiteSite
31671,32,12
timeStep,numberOfRobotsOnBlackSite,numberOfRobotsOnWhiteSite
31672,32,12
timeStep,numberOfRobotsOnBlackSite,numberOfRobotsOnWhiteSite
31673,32,12
timeStep,numberOfRobotsOnBlackSite,numberOfRobotsOnWhiteSite
31674,32,12
timeStep,numberOfRobotsOnBlackSite,numberOfRobotsOnWhiteSite
31675,32,12
timeStep,numberOfRobotsOnBlackSite,numberOfRobotsOnWhiteSite
31676,32,12
timeStep,numberOfRobotsOnBlackSite,numberOfRobotsOnWhiteSite
31677,32,12
timeStep,numberOfRobotsOnBlackSite,numberOfRobotsOnWhiteSite
31678,32,12
timeStep,numberOfRobotsOnBlackSite,numberOfRobotsOnWhiteSite
31679,32,12
timeStep,numberOfRobotsOnBlackSite,numberOfRobotsOnWhiteSite
31680,32,12
timeStep,numberOfRobotsOnBlackSite,numberOfRobotsOnWhiteSite
31681,32,12
timeStep,numberOfRobotsOnBlackSite,numberOfRobotsOnWhiteSite
31682,32,12
timeStep,numberOfRobotsOnBlackSite,numberOfRobotsOnWhiteSite
31683,32,12
timeStep,numberOfRobotsOnBlackSite,numberOfRobotsOnWhiteSite
31684,32,12
timeStep,numberOfRobotsOnBlackSite,numberOfRobotsOnWhiteSite
31685,31,12
timeStep,numberOfRobotsOnBlackSite,numberOfRobotsOnWhiteSite
31686,31,12
timeStep,numberOfRobotsOnBlackSite,numberOfRobotsOnWhiteSite
31687,31,12
timeStep,numberOfRobotsOnBlackSite,numberOfRobotsOnWhiteSite
31688,31,12
timeStep,numberOfRobotsOnBlackSite,numberOfRobotsOnWhiteSite
31689,31,12
timeStep,numberOfRobotsOnBlackSite,numberOfRobotsOnWhiteSite
31690,31,11
timeStep,numberOfRobotsOnBlackSite,numberOfRobotsOnWhiteSite
31691,31,11
timeStep,numberOfRobotsOnBlackSite,numberOfRobotsOnWhiteSite
31692,31,11
timeStep,numberOfRobotsOnBlackSite,numberOfRobotsOnWhiteSite
31693,31,11
timeStep,numberOfRobotsOnBlackSite,numberOfRobotsOnWhiteSite
31694,31,11
timeStep,numberOfRobotsOnBlackSite,numberOfRobotsOnWhiteSite
31695,31,11
timeStep,numberOfRobotsOnBlackSite,numberOfRobotsOnWhiteSite
31696,31,11
timeStep,numberOfRobotsOnBlackSite,numberOfRobotsOnWhiteSite
31697,31,11
timeStep,numberOfRobotsOnBlackSite,numberOfRobotsOnWhiteSite
31698,31,11
timeStep,numberOfRobotsOnBlackSite,numberOfRobotsOnWhiteSite
31699,31,11
timeStep,numberOfRobotsOnBlackSite,numberOfRobotsOnWhiteSite
31700,31,11
timeStep,numberOfRobotsOnBlackSite,numberOfRobotsOnWhiteSite
31701,31,11
timeStep,numberOfRobotsOnBlackSite,numberOfRobotsOnWhiteSite
31702,31,11
timeStep,numberOfRobotsOnBlackSite,numberOfRobotsOnWhiteSite
31703,31,11
timeStep,numberOfRobotsOnBlackSite,numberOfRobotsOnWhiteSite
31704,31,11
timeStep,numberOfRobotsOnBlackSite,numberOfRobotsOnWhiteSite
31705,32,11
timeStep,numberOfRobotsOnBlackSite,numberOfRobotsOnWhiteSite
31706,32,11
timeStep,numberOfRobotsOnBlackSite,numberOfRobotsOnWhiteSite
31707,32,11
timeStep,numberOfRobotsOnBlackSite,numberOfRobotsOnWhiteSite
31708,32,11
timeStep,numberOfRobotsOnBlackSite,numberOfRobotsOnWhiteSite
31709,32,11
timeStep,numberOfRobotsOnBlackSite,numberOfRobotsOnWhiteSite
31710,32,11
timeStep,numberOfRobotsOnBlackSite,numberOfRobotsOnWhiteSite
31711,32,11
timeStep,numberOfRobotsOnBlackSite,numberOfRobotsOnWhiteSite
31712,32,11
timeStep,numberOfRobotsOnBlackSite,numberOfRobotsOnWhiteSite
31713,32,11
timeStep,numberOfRobotsOnBlackSite,numberOfRobotsOnWhiteSite
31714,32,11
timeStep,numberOfRobotsOnBlackSite,numberOfRobotsOnWhiteSite
31715,32,12
timeStep,numberOfRobotsOnBlackSite,numberOfRobotsOnWhiteSite
31716,32,12
timeStep,numberOfRobotsOnBlackSite,numberOfRobotsOnWhiteSite
31717,32,12
timeStep,numberOfRobotsOnBlackSite,numberOfRobotsOnWhiteSite
31718,32,12
timeStep,numberOfRobotsOnBlackSite,numberOfRobotsOnWhiteSite
31719,32,12
timeStep,numberOfRobotsOnBlackSite,numberOfRobotsOnWhiteSite
31720,32,12
timeStep,numberOfRobotsOnBlackSite,numberOfRobotsOnWhiteSite
31721,32,12
timeStep,numberOfRobotsOnBlackSite,numberOfRobotsOnWhiteSite
31722,32,12
timeStep,numberOfRobotsOnBlackSite,numberOfRobotsOnWhiteSite
31723,32,12
timeStep,numberOfRobotsOnBlackSite,numberOfRobotsOnWhiteSite
31724,32,12
timeStep,numberOfRobotsOnBlackSite,numberOfRobotsOnWhiteSite
31725,32,12
timeStep,numberOfRobotsOnBlackSite,numberOfRobotsOnWhiteSite
31726,32,12
timeStep,numberOfRobotsOnBlackSite,numberOfRobotsOnWhiteSite
31727,32,12
timeStep,numberOfRobotsOnBlackSite,numberOfRobotsOnWhiteSite
31728,32,12
timeStep,numberOfRobotsOnBlackSite,numberOfRobotsOnWhiteSite
31729,32,12
timeStep,numberOfRobotsOnBlackSite,numberOfRobotsOnWhiteSite
31730,32,12
timeStep,numberOfRobotsOnBlackSite,numberOfRobotsOnWhiteSite
31731,32,12
timeStep,numberOfRobotsOnBlackSite,numberOfRobotsOnWhiteSite
31732,32,12
timeStep,numberOfRobotsOnBlackSite,numberOfRobotsOnWhiteSite
31733,32,12
timeStep,numberOfRobotsOnBlackSite,numberOfRobotsOnWhiteSite
31734,32,12
timeStep,numberOfRobotsOnBlackSite,numberOfRobotsOnWhiteSite
31735,32,12
timeStep,numberOfRobotsOnBlackSite,numberOfRobotsOnWhiteSite
31736,32,12
timeStep,numberOfRobotsOnBlackSite,numberOfRobotsOnWhiteSite
31737,32,12
timeStep,numberOfRobotsOnBlackSite,numberOfRobotsOnWhiteSite
31738,32,12
timeStep,numberOfRobotsOnBlackSite,numberOfRobotsOnWhiteSite
31739,32,12
timeStep,numberOfRobotsOnBlackSite,numberOfRobotsOnWhiteSite
31740,32,12
timeStep,numberOfRobotsOnBlackSite,numberOfRobotsOnWhiteSite
31741,32,12
timeStep,numberOfRobotsOnBlackSite,numberOfRobotsOnWhiteSite
31742,32,12
timeStep,numberOfRobotsOnBlackSite,numberOfRobotsOnWhiteSite
31743,32,12
timeStep,numberOfRobotsOnBlackSite,numberOfRobotsOnWhiteSite
31744,32,12
timeStep,numberOfRobotsOnBlackSite,numberOfRobotsOnWhiteSite
31745,32,12
timeStep,numberOfRobotsOnBlackSite,numberOfRobotsOnWhiteSite
31746,32,12
timeStep,numberOfRobotsOnBlackSite,numberOfRobotsOnWhiteSite
31747,32,12
timeStep,numberOfRobotsOnBlackSite,numberOfRobotsOnWhiteSite
31748,32,12
timeStep,numberOfRobotsOnBlackSite,numberOfRobotsOnWhiteSite
31749,32,12
timeStep,numberOfRobotsOnBlackSite,numberOfRobotsOnWhiteSite
31750,32,12
timeStep,numberOfRobotsOnBlackSite,numberOfRobotsOnWhiteSite
31751,32,12
timeStep,numberOfRobotsOnBlackSite,numberOfRobotsOnWhiteSite
31752,32,12
timeStep,numberOfRobotsOnBlackSite,numberOfRobotsOnWhiteSite
31753,32,12
timeStep,numberOfRobotsOnBlackSite,numberOfRobotsOnWhiteSite
31754,32,12
timeStep,numberOfRobotsOnBlackSite,numberOfRobotsOnWhiteSite
31755,32,12
timeStep,numberOfRobotsOnBlackSite,numberOfRobotsOnWhiteSite
31756,32,12
timeStep,numberOfRobotsOnBlackSite,numberOfRobotsOnWhiteSite
31757,32,12
timeStep,numberOfRobotsOnBlackSite,numberOfRobotsOnWhiteSite
31758,32,12
timeStep,numberOfRobotsOnBlackSite,numberOfRobotsOnWhiteSite
31759,32,12
timeStep,numberOfRobotsOnBlackSite,numberOfRobotsOnWhiteSite
31760,32,12
timeStep,numberOfRobotsOnBlackSite,numberOfRobotsOnWhiteSite
31761,32,12
timeStep,numberOfRobotsOnBlackSite,numberOfRobotsOnWhiteSite
31762,32,12
timeStep,numberOfRobotsOnBlackSite,numberOfRobotsOnWhiteSite
31763,32,12
timeStep,numberOfRobotsOnBlackSite,numberOfRobotsOnWhiteSite
31764,32,12
timeStep,numberOfRobotsOnBlackSite,numberOfRobotsOnWhiteSite
31765,32,12
timeStep,numberOfRobotsOnBlackSite,numberOfRobotsOnWhiteSite
31766,32,12
timeStep,numberOfRobotsOnBlackSite,numberOfRobotsOnWhiteSite
31767,32,12
timeStep,numberOfRobotsOnBlackSite,numberOfRobotsOnWhiteSite
31768,32,12
timeStep,numberOfRobotsOnBlackSite,numberOfRobotsOnWhiteSite
31769,32,12
timeStep,numberOfRobotsOnBlackSite,numberOfRobotsOnWhiteSite
31770,32,11
timeStep,numberOfRobotsOnBlackSite,numberOfRobotsOnWhiteSite
31771,32,11
timeStep,numberOfRobotsOnBlackSite,numberOfRobotsOnWhiteSite
31772,32,11
timeStep,numberOfRobotsOnBlackSite,numberOfRobotsOnWhiteSite
31773,32,11
timeStep,numberOfRobotsOnBlackSite,numberOfRobotsOnWhiteSite
31774,32,11
timeStep,numberOfRobotsOnBlackSite,numberOfRobotsOnWhiteSite
31775,32,11
timeStep,numberOfRobotsOnBlackSite,numberOfRobotsOnWhiteSite
31776,32,11
timeStep,numberOfRobotsOnBlackSite,numberOfRobotsOnWhiteSite
31777,32,11
timeStep,numberOfRobotsOnBlackSite,numberOfRobotsOnWhiteSite
31778,32,11
timeStep,numberOfRobotsOnBlackSite,numberOfRobotsOnWhiteSite
31779,32,11
timeStep,numberOfRobotsOnBlackSite,numberOfRobotsOnWhiteSite
31780,32,11
timeStep,numberOfRobotsOnBlackSite,numberOfRobotsOnWhiteSite
31781,32,11
timeStep,numberOfRobotsOnBlackSite,numberOfRobotsOnWhiteSite
31782,32,11
timeStep,numberOfRobotsOnBlackSite,numberOfRobotsOnWhiteSite
31783,32,11
timeStep,numberOfRobotsOnBlackSite,numberOfRobotsOnWhiteSite
31784,32,11
timeStep,numberOfRobotsOnBlackSite,numberOfRobotsOnWhiteSite
31785,32,11
timeStep,numberOfRobotsOnBlackSite,numberOfRobotsOnWhiteSite
31786,32,11
timeStep,numberOfRobotsOnBlackSite,numberOfRobotsOnWhiteSite
31787,32,11
timeStep,numberOfRobotsOnBlackSite,numberOfRobotsOnWhiteSite
31788,32,11
timeStep,numberOfRobotsOnBlackSite,numberOfRobotsOnWhiteSite
31789,32,11
timeStep,numberOfRobotsOnBlackSite,numberOfRobotsOnWhiteSite
31790,32,11
timeStep,numberOfRobotsOnBlackSite,numberOfRobotsOnWhiteSite
31791,32,11
timeStep,numberOfRobotsOnBlackSite,numberOfRobotsOnWhiteSite
31792,32,11
timeStep,numberOfRobotsOnBlackSite,numberOfRobotsOnWhiteSite
31793,32,11
timeStep,numberOfRobotsOnBlackSite,numberOfRobotsOnWhiteSite
31794,32,11
timeStep,numberOfRobotsOnBlackSite,numberOfRobotsOnWhiteSite
31795,32,11
timeStep,numberOfRobotsOnBlackSite,numberOfRobotsOnWhiteSite
31796,32,11
timeStep,numberOfRobotsOnBlackSite,numberOfRobotsOnWhiteSite
31797,32,11
timeStep,numberOfRobotsOnBlackSite,numberOfRobotsOnWhiteSite
31798,32,11
timeStep,numberOfRobotsOnBlackSite,numberOfRobotsOnWhiteSite
31799,32,11
timeStep,numberOfRobotsOnBlackSite,numberOfRobotsOnWhiteSite
31800,32,11
timeStep,numberOfRobotsOnBlackSite,numberOfRobotsOnWhiteSite
31801,32,11
timeStep,numberOfRobotsOnBlackSite,numberOfRobotsOnWhiteSite
31802,32,11
timeStep,numberOfRobotsOnBlackSite,numberOfRobotsOnWhiteSite
31803,32,11
timeStep,numberOfRobotsOnBlackSite,numberOfRobotsOnWhiteSite
31804,32,11
timeStep,numberOfRobotsOnBlackSite,numberOfRobotsOnWhiteSite
31805,32,11
timeStep,numberOfRobotsOnBlackSite,numberOfRobotsOnWhiteSite
31806,32,11
timeStep,numberOfRobotsOnBlackSite,numberOfRobotsOnWhiteSite
31807,32,11
timeStep,numberOfRobotsOnBlackSite,numberOfRobotsOnWhiteSite
31808,32,11
timeStep,numberOfRobotsOnBlackSite,numberOfRobotsOnWhiteSite
31809,32,11
timeStep,numberOfRobotsOnBlackSite,numberOfRobotsOnWhiteSite
31810,32,11
timeStep,numberOfRobotsOnBlackSite,numberOfRobotsOnWhiteSite
31811,32,11
timeStep,numberOfRobotsOnBlackSite,numberOfRobotsOnWhiteSite
31812,32,11
timeStep,numberOfRobotsOnBlackSite,numberOfRobotsOnWhiteSite
31813,32,11
timeStep,numberOfRobotsOnBlackSite,numberOfRobotsOnWhiteSite
31814,32,11
timeStep,numberOfRobotsOnBlackSite,numberOfRobotsOnWhiteSite
31815,32,11
timeStep,numberOfRobotsOnBlackSite,numberOfRobotsOnWhiteSite
31816,32,11
timeStep,numberOfRobotsOnBlackSite,numberOfRobotsOnWhiteSite
31817,32,11
timeStep,numberOfRobotsOnBlackSite,numberOfRobotsOnWhiteSite
31818,32,11
timeStep,numberOfRobotsOnBlackSite,numberOfRobotsOnWhiteSite
31819,32,11
timeStep,numberOfRobotsOnBlackSite,numberOfRobotsOnWhiteSite
31820,32,11
timeStep,numberOfRobotsOnBlackSite,numberOfRobotsOnWhiteSite
31821,32,11
timeStep,numberOfRobotsOnBlackSite,numberOfRobotsOnWhiteSite
31822,32,11
timeStep,numberOfRobotsOnBlackSite,numberOfRobotsOnWhiteSite
31823,32,11
timeStep,numberOfRobotsOnBlackSite,numberOfRobotsOnWhiteSite
31824,32,11
timeStep,numberOfRobotsOnBlackSite,numberOfRobotsOnWhiteSite
31825,32,11
timeStep,numberOfRobotsOnBlackSite,numberOfRobotsOnWhiteSite
31826,32,11
timeStep,numberOfRobotsOnBlackSite,numberOfRobotsOnWhiteSite
31827,32,11
timeStep,numberOfRobotsOnBlackSite,numberOfRobotsOnWhiteSite
31828,32,11
timeStep,numberOfRobotsOnBlackSite,numberOfRobotsOnWhiteSite
31829,32,11
timeStep,numberOfRobotsOnBlackSite,numberOfRobotsOnWhiteSite
31830,32,11
timeStep,numberOfRobotsOnBlackSite,numberOfRobotsOnWhiteSite
31831,32,11
timeStep,numberOfRobotsOnBlackSite,numberOfRobotsOnWhiteSite
31832,32,11
timeStep,numberOfRobotsOnBlackSite,numberOfRobotsOnWhiteSite
31833,32,11
timeStep,numberOfRobotsOnBlackSite,numberOfRobotsOnWhiteSite
31834,32,11
timeStep,numberOfRobotsOnBlackSite,numberOfRobotsOnWhiteSite
31835,32,11
timeStep,numberOfRobotsOnBlackSite,numberOfRobotsOnWhiteSite
31836,32,11
timeStep,numberOfRobotsOnBlackSite,numberOfRobotsOnWhiteSite
31837,32,11
timeStep,numberOfRobotsOnBlackSite,numberOfRobotsOnWhiteSite
31838,32,11
timeStep,numberOfRobotsOnBlackSite,numberOfRobotsOnWhiteSite
31839,32,11
timeStep,numberOfRobotsOnBlackSite,numberOfRobotsOnWhiteSite
31840,32,11
timeStep,numberOfRobotsOnBlackSite,numberOfRobotsOnWhiteSite
31841,32,11
timeStep,numberOfRobotsOnBlackSite,numberOfRobotsOnWhiteSite
31842,32,11
timeStep,numberOfRobotsOnBlackSite,numberOfRobotsOnWhiteSite
31843,32,11
timeStep,numberOfRobotsOnBlackSite,numberOfRobotsOnWhiteSite
31844,32,11
timeStep,numberOfRobotsOnBlackSite,numberOfRobotsOnWhiteSite
31845,32,11
timeStep,numberOfRobotsOnBlackSite,numberOfRobotsOnWhiteSite
31846,32,11
timeStep,numberOfRobotsOnBlackSite,numberOfRobotsOnWhiteSite
31847,32,11
timeStep,numberOfRobotsOnBlackSite,numberOfRobotsOnWhiteSite
31848,32,11
timeStep,numberOfRobotsOnBlackSite,numberOfRobotsOnWhiteSite
31849,32,11
timeStep,numberOfRobotsOnBlackSite,numberOfRobotsOnWhiteSite
31850,32,11
timeStep,numberOfRobotsOnBlackSite,numberOfRobotsOnWhiteSite
31851,32,11
timeStep,numberOfRobotsOnBlackSite,numberOfRobotsOnWhiteSite
31852,32,11
timeStep,numberOfRobotsOnBlackSite,numberOfRobotsOnWhiteSite
31853,32,11
timeStep,numberOfRobotsOnBlackSite,numberOfRobotsOnWhiteSite
31854,32,11
timeStep,numberOfRobotsOnBlackSite,numberOfRobotsOnWhiteSite
31855,32,11
timeStep,numberOfRobotsOnBlackSite,numberOfRobotsOnWhiteSite
31856,32,11
timeStep,numberOfRobotsOnBlackSite,numberOfRobotsOnWhiteSite
31857,32,11
timeStep,numberOfRobotsOnBlackSite,numberOfRobotsOnWhiteSite
31858,32,11
timeStep,numberOfRobotsOnBlackSite,numberOfRobotsOnWhiteSite
31859,32,11
timeStep,numberOfRobotsOnBlackSite,numberOfRobotsOnWhiteSite
31860,32,11
timeStep,numberOfRobotsOnBlackSite,numberOfRobotsOnWhiteSite
31861,32,11
timeStep,numberOfRobotsOnBlackSite,numberOfRobotsOnWhiteSite
31862,32,11
timeStep,numberOfRobotsOnBlackSite,numberOfRobotsOnWhiteSite
31863,32,11
timeStep,numberOfRobotsOnBlackSite,numberOfRobotsOnWhiteSite
31864,32,11
timeStep,numberOfRobotsOnBlackSite,numberOfRobotsOnWhiteSite
31865,32,11
timeStep,numberOfRobotsOnBlackSite,numberOfRobotsOnWhiteSite
31866,32,11
timeStep,numberOfRobotsOnBlackSite,numberOfRobotsOnWhiteSite
31867,32,11
timeStep,numberOfRobotsOnBlackSite,numberOfRobotsOnWhiteSite
31868,32,11
timeStep,numberOfRobotsOnBlackSite,numberOfRobotsOnWhiteSite
31869,32,11
timeStep,numberOfRobotsOnBlackSite,numberOfRobotsOnWhiteSite
31870,32,11
timeStep,numberOfRobotsOnBlackSite,numberOfRobotsOnWhiteSite
31871,32,11
timeStep,numberOfRobotsOnBlackSite,numberOfRobotsOnWhiteSite
31872,32,11
timeStep,numberOfRobotsOnBlackSite,numberOfRobotsOnWhiteSite
31873,32,11
timeStep,numberOfRobotsOnBlackSite,numberOfRobotsOnWhiteSite
31874,32,11
timeStep,numberOfRobotsOnBlackSite,numberOfRobotsOnWhiteSite
31875,32,11
timeStep,numberOfRobotsOnBlackSite,numberOfRobotsOnWhiteSite
31876,32,11
timeStep,numberOfRobotsOnBlackSite,numberOfRobotsOnWhiteSite
31877,32,11
timeStep,numberOfRobotsOnBlackSite,numberOfRobotsOnWhiteSite
31878,32,11
timeStep,numberOfRobotsOnBlackSite,numberOfRobotsOnWhiteSite
31879,32,11
timeStep,numberOfRobotsOnBlackSite,numberOfRobotsOnWhiteSite
31880,32,11
timeStep,numberOfRobotsOnBlackSite,numberOfRobotsOnWhiteSite
31881,32,11
timeStep,numberOfRobotsOnBlackSite,numberOfRobotsOnWhiteSite
31882,32,11
timeStep,numberOfRobotsOnBlackSite,numberOfRobotsOnWhiteSite
31883,32,11
timeStep,numberOfRobotsOnBlackSite,numberOfRobotsOnWhiteSite
31884,32,11
timeStep,numberOfRobotsOnBlackSite,numberOfRobotsOnWhiteSite
31885,32,11
timeStep,numberOfRobotsOnBlackSite,numberOfRobotsOnWhiteSite
31886,32,11
timeStep,numberOfRobotsOnBlackSite,numberOfRobotsOnWhiteSite
31887,32,11
timeStep,numberOfRobotsOnBlackSite,numberOfRobotsOnWhiteSite
31888,32,11
timeStep,numberOfRobotsOnBlackSite,numberOfRobotsOnWhiteSite
31889,32,11
timeStep,numberOfRobotsOnBlackSite,numberOfRobotsOnWhiteSite
31890,32,11
timeStep,numberOfRobotsOnBlackSite,numberOfRobotsOnWhiteSite
31891,32,11
timeStep,numberOfRobotsOnBlackSite,numberOfRobotsOnWhiteSite
31892,32,11
timeStep,numberOfRobotsOnBlackSite,numberOfRobotsOnWhiteSite
31893,32,11
timeStep,numberOfRobotsOnBlackSite,numberOfRobotsOnWhiteSite
31894,32,11
timeStep,numberOfRobotsOnBlackSite,numberOfRobotsOnWhiteSite
31895,32,11
timeStep,numberOfRobotsOnBlackSite,numberOfRobotsOnWhiteSite
31896,32,11
timeStep,numberOfRobotsOnBlackSite,numberOfRobotsOnWhiteSite
31897,32,11
timeStep,numberOfRobotsOnBlackSite,numberOfRobotsOnWhiteSite
31898,32,11
timeStep,numberOfRobotsOnBlackSite,numberOfRobotsOnWhiteSite
31899,32,11
timeStep,numberOfRobotsOnBlackSite,numberOfRobotsOnWhiteSite
31900,32,11
timeStep,numberOfRobotsOnBlackSite,numberOfRobotsOnWhiteSite
31901,32,11
timeStep,numberOfRobotsOnBlackSite,numberOfRobotsOnWhiteSite
31902,32,11
timeStep,numberOfRobotsOnBlackSite,numberOfRobotsOnWhiteSite
31903,32,11
timeStep,numberOfRobotsOnBlackSite,numberOfRobotsOnWhiteSite
31904,32,11
timeStep,numberOfRobotsOnBlackSite,numberOfRobotsOnWhiteSite
31905,32,11
timeStep,numberOfRobotsOnBlackSite,numberOfRobotsOnWhiteSite
31906,32,11
timeStep,numberOfRobotsOnBlackSite,numberOfRobotsOnWhiteSite
31907,32,11
timeStep,numberOfRobotsOnBlackSite,numberOfRobotsOnWhiteSite
31908,32,11
timeStep,numberOfRobotsOnBlackSite,numberOfRobotsOnWhiteSite
31909,32,11
timeStep,numberOfRobotsOnBlackSite,numberOfRobotsOnWhiteSite
31910,32,11
timeStep,numberOfRobotsOnBlackSite,numberOfRobotsOnWhiteSite
31911,32,11
timeStep,numberOfRobotsOnBlackSite,numberOfRobotsOnWhiteSite
31912,32,11
timeStep,numberOfRobotsOnBlackSite,numberOfRobotsOnWhiteSite
31913,32,11
timeStep,numberOfRobotsOnBlackSite,numberOfRobotsOnWhiteSite
31914,32,11
timeStep,numberOfRobotsOnBlackSite,numberOfRobotsOnWhiteSite
31915,32,11
timeStep,numberOfRobotsOnBlackSite,numberOfRobotsOnWhiteSite
31916,32,11
timeStep,numberOfRobotsOnBlackSite,numberOfRobotsOnWhiteSite
31917,32,11
timeStep,numberOfRobotsOnBlackSite,numberOfRobotsOnWhiteSite
31918,32,11
timeStep,numberOfRobotsOnBlackSite,numberOfRobotsOnWhiteSite
31919,32,11
timeStep,numberOfRobotsOnBlackSite,numberOfRobotsOnWhiteSite
31920,32,11
timeStep,numberOfRobotsOnBlackSite,numberOfRobotsOnWhiteSite
31921,32,11
timeStep,numberOfRobotsOnBlackSite,numberOfRobotsOnWhiteSite
31922,32,11
timeStep,numberOfRobotsOnBlackSite,numberOfRobotsOnWhiteSite
31923,32,11
timeStep,numberOfRobotsOnBlackSite,numberOfRobotsOnWhiteSite
31924,32,11
timeStep,numberOfRobotsOnBlackSite,numberOfRobotsOnWhiteSite
31925,32,11
timeStep,numberOfRobotsOnBlackSite,numberOfRobotsOnWhiteSite
31926,32,11
timeStep,numberOfRobotsOnBlackSite,numberOfRobotsOnWhiteSite
31927,32,11
timeStep,numberOfRobotsOnBlackSite,numberOfRobotsOnWhiteSite
31928,32,11
timeStep,numberOfRobotsOnBlackSite,numberOfRobotsOnWhiteSite
31929,32,11
timeStep,numberOfRobotsOnBlackSite,numberOfRobotsOnWhiteSite
31930,32,11
timeStep,numberOfRobotsOnBlackSite,numberOfRobotsOnWhiteSite
31931,32,11
timeStep,numberOfRobotsOnBlackSite,numberOfRobotsOnWhiteSite
31932,32,11
timeStep,numberOfRobotsOnBlackSite,numberOfRobotsOnWhiteSite
31933,32,11
timeStep,numberOfRobotsOnBlackSite,numberOfRobotsOnWhiteSite
31934,32,11
timeStep,numberOfRobotsOnBlackSite,numberOfRobotsOnWhiteSite
31935,32,12
timeStep,numberOfRobotsOnBlackSite,numberOfRobotsOnWhiteSite
31936,32,12
timeStep,numberOfRobotsOnBlackSite,numberOfRobotsOnWhiteSite
31937,32,12
timeStep,numberOfRobotsOnBlackSite,numberOfRobotsOnWhiteSite
31938,32,12
timeStep,numberOfRobotsOnBlackSite,numberOfRobotsOnWhiteSite
31939,32,12
timeStep,numberOfRobotsOnBlackSite,numberOfRobotsOnWhiteSite
31940,32,12
timeStep,numberOfRobotsOnBlackSite,numberOfRobotsOnWhiteSite
31941,32,12
timeStep,numberOfRobotsOnBlackSite,numberOfRobotsOnWhiteSite
31942,32,12
timeStep,numberOfRobotsOnBlackSite,numberOfRobotsOnWhiteSite
31943,32,12
timeStep,numberOfRobotsOnBlackSite,numberOfRobotsOnWhiteSite
31944,32,12
timeStep,numberOfRobotsOnBlackSite,numberOfRobotsOnWhiteSite
31945,32,12
timeStep,numberOfRobotsOnBlackSite,numberOfRobotsOnWhiteSite
31946,32,12
timeStep,numberOfRobotsOnBlackSite,numberOfRobotsOnWhiteSite
31947,32,12
timeStep,numberOfRobotsOnBlackSite,numberOfRobotsOnWhiteSite
31948,32,12
timeStep,numberOfRobotsOnBlackSite,numberOfRobotsOnWhiteSite
31949,32,12
timeStep,numberOfRobotsOnBlackSite,numberOfRobotsOnWhiteSite
31950,32,12
timeStep,numberOfRobotsOnBlackSite,numberOfRobotsOnWhiteSite
31951,32,12
timeStep,numberOfRobotsOnBlackSite,numberOfRobotsOnWhiteSite
31952,32,12
timeStep,numberOfRobotsOnBlackSite,numberOfRobotsOnWhiteSite
31953,32,12
timeStep,numberOfRobotsOnBlackSite,numberOfRobotsOnWhiteSite
31954,32,12
timeStep,numberOfRobotsOnBlackSite,numberOfRobotsOnWhiteSite
31955,32,12
timeStep,numberOfRobotsOnBlackSite,numberOfRobotsOnWhiteSite
31956,32,12
timeStep,numberOfRobotsOnBlackSite,numberOfRobotsOnWhiteSite
31957,32,12
timeStep,numberOfRobotsOnBlackSite,numberOfRobotsOnWhiteSite
31958,32,12
timeStep,numberOfRobotsOnBlackSite,numberOfRobotsOnWhiteSite
31959,32,12
timeStep,numberOfRobotsOnBlackSite,numberOfRobotsOnWhiteSite
31960,32,12
timeStep,numberOfRobotsOnBlackSite,numberOfRobotsOnWhiteSite
31961,32,12
timeStep,numberOfRobotsOnBlackSite,numberOfRobotsOnWhiteSite
31962,32,12
timeStep,numberOfRobotsOnBlackSite,numberOfRobotsOnWhiteSite
31963,32,12
timeStep,numberOfRobotsOnBlackSite,numberOfRobotsOnWhiteSite
31964,32,12
timeStep,numberOfRobotsOnBlackSite,numberOfRobotsOnWhiteSite
31965,32,12
timeStep,numberOfRobotsOnBlackSite,numberOfRobotsOnWhiteSite
31966,32,12
timeStep,numberOfRobotsOnBlackSite,numberOfRobotsOnWhiteSite
31967,32,12
timeStep,numberOfRobotsOnBlackSite,numberOfRobotsOnWhiteSite
31968,32,12
timeStep,numberOfRobotsOnBlackSite,numberOfRobotsOnWhiteSite
31969,32,12
timeStep,numberOfRobotsOnBlackSite,numberOfRobotsOnWhiteSite
31970,32,12
timeStep,numberOfRobotsOnBlackSite,numberOfRobotsOnWhiteSite
31971,32,12
timeStep,numberOfRobotsOnBlackSite,numberOfRobotsOnWhiteSite
31972,32,12
timeStep,numberOfRobotsOnBlackSite,numberOfRobotsOnWhiteSite
31973,32,12
timeStep,numberOfRobotsOnBlackSite,numberOfRobotsOnWhiteSite
31974,32,12
timeStep,numberOfRobotsOnBlackSite,numberOfRobotsOnWhiteSite
31975,32,12
timeStep,numberOfRobotsOnBlackSite,numberOfRobotsOnWhiteSite
31976,32,12
timeStep,numberOfRobotsOnBlackSite,numberOfRobotsOnWhiteSite
31977,32,12
timeStep,numberOfRobotsOnBlackSite,numberOfRobotsOnWhiteSite
31978,32,12
timeStep,numberOfRobotsOnBlackSite,numberOfRobotsOnWhiteSite
31979,32,12
timeStep,numberOfRobotsOnBlackSite,numberOfRobotsOnWhiteSite
31980,32,12
timeStep,numberOfRobotsOnBlackSite,numberOfRobotsOnWhiteSite
31981,32,12
timeStep,numberOfRobotsOnBlackSite,numberOfRobotsOnWhiteSite
31982,32,12
timeStep,numberOfRobotsOnBlackSite,numberOfRobotsOnWhiteSite
31983,32,12
timeStep,numberOfRobotsOnBlackSite,numberOfRobotsOnWhiteSite
31984,32,12
timeStep,numberOfRobotsOnBlackSite,numberOfRobotsOnWhiteSite
31985,32,12
timeStep,numberOfRobotsOnBlackSite,numberOfRobotsOnWhiteSite
31986,32,12
timeStep,numberOfRobotsOnBlackSite,numberOfRobotsOnWhiteSite
31987,32,12
timeStep,numberOfRobotsOnBlackSite,numberOfRobotsOnWhiteSite
31988,32,12
timeStep,numberOfRobotsOnBlackSite,numberOfRobotsOnWhiteSite
31989,32,12
timeStep,numberOfRobotsOnBlackSite,numberOfRobotsOnWhiteSite
31990,32,12
timeStep,numberOfRobotsOnBlackSite,numberOfRobotsOnWhiteSite
31991,32,12
timeStep,numberOfRobotsOnBlackSite,numberOfRobotsOnWhiteSite
31992,32,12
timeStep,numberOfRobotsOnBlackSite,numberOfRobotsOnWhiteSite
31993,32,12
timeStep,numberOfRobotsOnBlackSite,numberOfRobotsOnWhiteSite
31994,32,12
timeStep,numberOfRobotsOnBlackSite,numberOfRobotsOnWhiteSite
31995,32,12
timeStep,numberOfRobotsOnBlackSite,numberOfRobotsOnWhiteSite
31996,32,12
timeStep,numberOfRobotsOnBlackSite,numberOfRobotsOnWhiteSite
31997,32,12
timeStep,numberOfRobotsOnBlackSite,numberOfRobotsOnWhiteSite
31998,32,12
timeStep,numberOfRobotsOnBlackSite,numberOfRobotsOnWhiteSite
31999,32,12
timeStep,numberOfRobotsOnBlackSite,numberOfRobotsOnWhiteSite
32000,32,12
timeStep,numberOfRobotsOnBlackSite,numberOfRobotsOnWhiteSite
32001,32,12
timeStep,numberOfRobotsOnBlackSite,numberOfRobotsOnWhiteSite
32002,32,12
timeStep,numberOfRobotsOnBlackSite,numberOfRobotsOnWhiteSite
32003,32,12
timeStep,numberOfRobotsOnBlackSite,numberOfRobotsOnWhiteSite
32004,32,12
timeStep,numberOfRobotsOnBlackSite,numberOfRobotsOnWhiteSite
32005,32,12
timeStep,numberOfRobotsOnBlackSite,numberOfRobotsOnWhiteSite
32006,32,12
timeStep,numberOfRobotsOnBlackSite,numberOfRobotsOnWhiteSite
32007,32,12
timeStep,numberOfRobotsOnBlackSite,numberOfRobotsOnWhiteSite
32008,32,12
timeStep,numberOfRobotsOnBlackSite,numberOfRobotsOnWhiteSite
32009,32,12
timeStep,numberOfRobotsOnBlackSite,numberOfRobotsOnWhiteSite
32010,32,12
timeStep,numberOfRobotsOnBlackSite,numberOfRobotsOnWhiteSite
32011,32,12
timeStep,numberOfRobotsOnBlackSite,numberOfRobotsOnWhiteSite
32012,32,12
timeStep,numberOfRobotsOnBlackSite,numberOfRobotsOnWhiteSite
32013,32,12
timeStep,numberOfRobotsOnBlackSite,numberOfRobotsOnWhiteSite
32014,32,12
timeStep,numberOfRobotsOnBlackSite,numberOfRobotsOnWhiteSite
32015,33,12
timeStep,numberOfRobotsOnBlackSite,numberOfRobotsOnWhiteSite
32016,33,12
timeStep,numberOfRobotsOnBlackSite,numberOfRobotsOnWhiteSite
32017,33,12
timeStep,numberOfRobotsOnBlackSite,numberOfRobotsOnWhiteSite
32018,33,12
timeStep,numberOfRobotsOnBlackSite,numberOfRobotsOnWhiteSite
32019,33,12
timeStep,numberOfRobotsOnBlackSite,numberOfRobotsOnWhiteSite
32020,32,12
timeStep,numberOfRobotsOnBlackSite,numberOfRobotsOnWhiteSite
32021,32,12
timeStep,numberOfRobotsOnBlackSite,numberOfRobotsOnWhiteSite
32022,32,12
timeStep,numberOfRobotsOnBlackSite,numberOfRobotsOnWhiteSite
32023,32,12
timeStep,numberOfRobotsOnBlackSite,numberOfRobotsOnWhiteSite
32024,32,12
timeStep,numberOfRobotsOnBlackSite,numberOfRobotsOnWhiteSite
32025,32,12
timeStep,numberOfRobotsOnBlackSite,numberOfRobotsOnWhiteSite
32026,32,12
timeStep,numberOfRobotsOnBlackSite,numberOfRobotsOnWhiteSite
32027,32,12
timeStep,numberOfRobotsOnBlackSite,numberOfRobotsOnWhiteSite
32028,32,12
timeStep,numberOfRobotsOnBlackSite,numberOfRobotsOnWhiteSite
32029,32,12
timeStep,numberOfRobotsOnBlackSite,numberOfRobotsOnWhiteSite
32030,32,12
timeStep,numberOfRobotsOnBlackSite,numberOfRobotsOnWhiteSite
32031,32,12
timeStep,numberOfRobotsOnBlackSite,numberOfRobotsOnWhiteSite
32032,32,12
timeStep,numberOfRobotsOnBlackSite,numberOfRobotsOnWhiteSite
32033,32,12
timeStep,numberOfRobotsOnBlackSite,numberOfRobotsOnWhiteSite
32034,32,12
timeStep,numberOfRobotsOnBlackSite,numberOfRobotsOnWhiteSite
32035,32,12
timeStep,numberOfRobotsOnBlackSite,numberOfRobotsOnWhiteSite
32036,32,12
timeStep,numberOfRobotsOnBlackSite,numberOfRobotsOnWhiteSite
32037,32,12
timeStep,numberOfRobotsOnBlackSite,numberOfRobotsOnWhiteSite
32038,32,12
timeStep,numberOfRobotsOnBlackSite,numberOfRobotsOnWhiteSite
32039,32,12
timeStep,numberOfRobotsOnBlackSite,numberOfRobotsOnWhiteSite
32040,32,12
timeStep,numberOfRobotsOnBlackSite,numberOfRobotsOnWhiteSite
32041,32,12
timeStep,numberOfRobotsOnBlackSite,numberOfRobotsOnWhiteSite
32042,32,12
timeStep,numberOfRobotsOnBlackSite,numberOfRobotsOnWhiteSite
32043,32,12
timeStep,numberOfRobotsOnBlackSite,numberOfRobotsOnWhiteSite
32044,32,12
timeStep,numberOfRobotsOnBlackSite,numberOfRobotsOnWhiteSite
32045,32,12
timeStep,numberOfRobotsOnBlackSite,numberOfRobotsOnWhiteSite
32046,32,12
timeStep,numberOfRobotsOnBlackSite,numberOfRobotsOnWhiteSite
32047,32,12
timeStep,numberOfRobotsOnBlackSite,numberOfRobotsOnWhiteSite
32048,32,12
timeStep,numberOfRobotsOnBlackSite,numberOfRobotsOnWhiteSite
32049,32,12
timeStep,numberOfRobotsOnBlackSite,numberOfRobotsOnWhiteSite
32050,31,12
timeStep,numberOfRobotsOnBlackSite,numberOfRobotsOnWhiteSite
32051,31,12
timeStep,numberOfRobotsOnBlackSite,numberOfRobotsOnWhiteSite
32052,31,12
timeStep,numberOfRobotsOnBlackSite,numberOfRobotsOnWhiteSite
32053,31,12
timeStep,numberOfRobotsOnBlackSite,numberOfRobotsOnWhiteSite
32054,31,12
timeStep,numberOfRobotsOnBlackSite,numberOfRobotsOnWhiteSite
32055,31,12
timeStep,numberOfRobotsOnBlackSite,numberOfRobotsOnWhiteSite
32056,31,12
timeStep,numberOfRobotsOnBlackSite,numberOfRobotsOnWhiteSite
32057,31,12
timeStep,numberOfRobotsOnBlackSite,numberOfRobotsOnWhiteSite
32058,31,12
timeStep,numberOfRobotsOnBlackSite,numberOfRobotsOnWhiteSite
32059,31,12
timeStep,numberOfRobotsOnBlackSite,numberOfRobotsOnWhiteSite
32060,31,12
timeStep,numberOfRobotsOnBlackSite,numberOfRobotsOnWhiteSite
32061,31,12
timeStep,numberOfRobotsOnBlackSite,numberOfRobotsOnWhiteSite
32062,31,12
timeStep,numberOfRobotsOnBlackSite,numberOfRobotsOnWhiteSite
32063,31,12
timeStep,numberOfRobotsOnBlackSite,numberOfRobotsOnWhiteSite
32064,31,12
timeStep,numberOfRobotsOnBlackSite,numberOfRobotsOnWhiteSite
32065,31,12
timeStep,numberOfRobotsOnBlackSite,numberOfRobotsOnWhiteSite
32066,31,12
timeStep,numberOfRobotsOnBlackSite,numberOfRobotsOnWhiteSite
32067,31,12
timeStep,numberOfRobotsOnBlackSite,numberOfRobotsOnWhiteSite
32068,31,12
timeStep,numberOfRobotsOnBlackSite,numberOfRobotsOnWhiteSite
32069,31,12
timeStep,numberOfRobotsOnBlackSite,numberOfRobotsOnWhiteSite
32070,31,12
timeStep,numberOfRobotsOnBlackSite,numberOfRobotsOnWhiteSite
32071,31,12
timeStep,numberOfRobotsOnBlackSite,numberOfRobotsOnWhiteSite
32072,31,12
timeStep,numberOfRobotsOnBlackSite,numberOfRobotsOnWhiteSite
32073,31,12
timeStep,numberOfRobotsOnBlackSite,numberOfRobotsOnWhiteSite
32074,31,12
timeStep,numberOfRobotsOnBlackSite,numberOfRobotsOnWhiteSite
32075,31,12
timeStep,numberOfRobotsOnBlackSite,numberOfRobotsOnWhiteSite
32076,31,12
timeStep,numberOfRobotsOnBlackSite,numberOfRobotsOnWhiteSite
32077,31,12
timeStep,numberOfRobotsOnBlackSite,numberOfRobotsOnWhiteSite
32078,31,12
timeStep,numberOfRobotsOnBlackSite,numberOfRobotsOnWhiteSite
32079,31,12
timeStep,numberOfRobotsOnBlackSite,numberOfRobotsOnWhiteSite
32080,31,12
timeStep,numberOfRobotsOnBlackSite,numberOfRobotsOnWhiteSite
32081,31,12
timeStep,numberOfRobotsOnBlackSite,numberOfRobotsOnWhiteSite
32082,31,12
timeStep,numberOfRobotsOnBlackSite,numberOfRobotsOnWhiteSite
32083,31,12
timeStep,numberOfRobotsOnBlackSite,numberOfRobotsOnWhiteSite
32084,31,12
timeStep,numberOfRobotsOnBlackSite,numberOfRobotsOnWhiteSite
32085,31,12
timeStep,numberOfRobotsOnBlackSite,numberOfRobotsOnWhiteSite
32086,31,12
timeStep,numberOfRobotsOnBlackSite,numberOfRobotsOnWhiteSite
32087,31,12
timeStep,numberOfRobotsOnBlackSite,numberOfRobotsOnWhiteSite
32088,31,12
timeStep,numberOfRobotsOnBlackSite,numberOfRobotsOnWhiteSite
32089,31,12
timeStep,numberOfRobotsOnBlackSite,numberOfRobotsOnWhiteSite
32090,31,12
timeStep,numberOfRobotsOnBlackSite,numberOfRobotsOnWhiteSite
32091,31,12
timeStep,numberOfRobotsOnBlackSite,numberOfRobotsOnWhiteSite
32092,31,12
timeStep,numberOfRobotsOnBlackSite,numberOfRobotsOnWhiteSite
32093,31,12
timeStep,numberOfRobotsOnBlackSite,numberOfRobotsOnWhiteSite
32094,31,12
timeStep,numberOfRobotsOnBlackSite,numberOfRobotsOnWhiteSite
32095,31,12
timeStep,numberOfRobotsOnBlackSite,numberOfRobotsOnWhiteSite
32096,31,12
timeStep,numberOfRobotsOnBlackSite,numberOfRobotsOnWhiteSite
32097,31,12
timeStep,numberOfRobotsOnBlackSite,numberOfRobotsOnWhiteSite
32098,31,12
timeStep,numberOfRobotsOnBlackSite,numberOfRobotsOnWhiteSite
32099,31,12
timeStep,numberOfRobotsOnBlackSite,numberOfRobotsOnWhiteSite
32100,32,12
timeStep,numberOfRobotsOnBlackSite,numberOfRobotsOnWhiteSite
32101,32,12
timeStep,numberOfRobotsOnBlackSite,numberOfRobotsOnWhiteSite
32102,32,12
timeStep,numberOfRobotsOnBlackSite,numberOfRobotsOnWhiteSite
32103,32,12
timeStep,numberOfRobotsOnBlackSite,numberOfRobotsOnWhiteSite
32104,32,12
timeStep,numberOfRobotsOnBlackSite,numberOfRobotsOnWhiteSite
32105,32,12
timeStep,numberOfRobotsOnBlackSite,numberOfRobotsOnWhiteSite
32106,32,12
timeStep,numberOfRobotsOnBlackSite,numberOfRobotsOnWhiteSite
32107,32,12
timeStep,numberOfRobotsOnBlackSite,numberOfRobotsOnWhiteSite
32108,32,12
timeStep,numberOfRobotsOnBlackSite,numberOfRobotsOnWhiteSite
32109,32,12
timeStep,numberOfRobotsOnBlackSite,numberOfRobotsOnWhiteSite
32110,32,12
timeStep,numberOfRobotsOnBlackSite,numberOfRobotsOnWhiteSite
32111,32,12
timeStep,numberOfRobotsOnBlackSite,numberOfRobotsOnWhiteSite
32112,32,12
timeStep,numberOfRobotsOnBlackSite,numberOfRobotsOnWhiteSite
32113,32,12
timeStep,numberOfRobotsOnBlackSite,numberOfRobotsOnWhiteSite
32114,32,12
timeStep,numberOfRobotsOnBlackSite,numberOfRobotsOnWhiteSite
32115,32,12
timeStep,numberOfRobotsOnBlackSite,numberOfRobotsOnWhiteSite
32116,32,12
timeStep,numberOfRobotsOnBlackSite,numberOfRobotsOnWhiteSite
32117,32,12
timeStep,numberOfRobotsOnBlackSite,numberOfRobotsOnWhiteSite
32118,32,12
timeStep,numberOfRobotsOnBlackSite,numberOfRobotsOnWhiteSite
32119,32,12
timeStep,numberOfRobotsOnBlackSite,numberOfRobotsOnWhiteSite
32120,32,12
timeStep,numberOfRobotsOnBlackSite,numberOfRobotsOnWhiteSite
32121,32,12
timeStep,numberOfRobotsOnBlackSite,numberOfRobotsOnWhiteSite
32122,32,12
timeStep,numberOfRobotsOnBlackSite,numberOfRobotsOnWhiteSite
32123,32,12
timeStep,numberOfRobotsOnBlackSite,numberOfRobotsOnWhiteSite
32124,32,12
timeStep,numberOfRobotsOnBlackSite,numberOfRobotsOnWhiteSite
32125,32,12
timeStep,numberOfRobotsOnBlackSite,numberOfRobotsOnWhiteSite
32126,32,12
timeStep,numberOfRobotsOnBlackSite,numberOfRobotsOnWhiteSite
32127,32,12
timeStep,numberOfRobotsOnBlackSite,numberOfRobotsOnWhiteSite
32128,32,12
timeStep,numberOfRobotsOnBlackSite,numberOfRobotsOnWhiteSite
32129,32,12
timeStep,numberOfRobotsOnBlackSite,numberOfRobotsOnWhiteSite
32130,32,12
timeStep,numberOfRobotsOnBlackSite,numberOfRobotsOnWhiteSite
32131,32,12
timeStep,numberOfRobotsOnBlackSite,numberOfRobotsOnWhiteSite
32132,32,12
timeStep,numberOfRobotsOnBlackSite,numberOfRobotsOnWhiteSite
32133,32,12
timeStep,numberOfRobotsOnBlackSite,numberOfRobotsOnWhiteSite
32134,32,12
timeStep,numberOfRobotsOnBlackSite,numberOfRobotsOnWhiteSite
32135,32,12
timeStep,numberOfRobotsOnBlackSite,numberOfRobotsOnWhiteSite
32136,32,12
timeStep,numberOfRobotsOnBlackSite,numberOfRobotsOnWhiteSite
32137,32,12
timeStep,numberOfRobotsOnBlackSite,numberOfRobotsOnWhiteSite
32138,32,12
timeStep,numberOfRobotsOnBlackSite,numberOfRobotsOnWhiteSite
32139,32,12
timeStep,numberOfRobotsOnBlackSite,numberOfRobotsOnWhiteSite
32140,32,12
timeStep,numberOfRobotsOnBlackSite,numberOfRobotsOnWhiteSite
32141,32,12
timeStep,numberOfRobotsOnBlackSite,numberOfRobotsOnWhiteSite
32142,32,12
timeStep,numberOfRobotsOnBlackSite,numberOfRobotsOnWhiteSite
32143,32,12
timeStep,numberOfRobotsOnBlackSite,numberOfRobotsOnWhiteSite
32144,32,12
timeStep,numberOfRobotsOnBlackSite,numberOfRobotsOnWhiteSite
32145,32,12
timeStep,numberOfRobotsOnBlackSite,numberOfRobotsOnWhiteSite
32146,32,12
timeStep,numberOfRobotsOnBlackSite,numberOfRobotsOnWhiteSite
32147,32,12
timeStep,numberOfRobotsOnBlackSite,numberOfRobotsOnWhiteSite
32148,32,12
timeStep,numberOfRobotsOnBlackSite,numberOfRobotsOnWhiteSite
32149,32,12
timeStep,numberOfRobotsOnBlackSite,numberOfRobotsOnWhiteSite
32150,32,12
timeStep,numberOfRobotsOnBlackSite,numberOfRobotsOnWhiteSite
32151,32,12
timeStep,numberOfRobotsOnBlackSite,numberOfRobotsOnWhiteSite
32152,32,12
timeStep,numberOfRobotsOnBlackSite,numberOfRobotsOnWhiteSite
32153,32,12
timeStep,numberOfRobotsOnBlackSite,numberOfRobotsOnWhiteSite
32154,32,12
timeStep,numberOfRobotsOnBlackSite,numberOfRobotsOnWhiteSite
32155,32,12
timeStep,numberOfRobotsOnBlackSite,numberOfRobotsOnWhiteSite
32156,32,12
timeStep,numberOfRobotsOnBlackSite,numberOfRobotsOnWhiteSite
32157,32,12
timeStep,numberOfRobotsOnBlackSite,numberOfRobotsOnWhiteSite
32158,32,12
timeStep,numberOfRobotsOnBlackSite,numberOfRobotsOnWhiteSite
32159,32,12
timeStep,numberOfRobotsOnBlackSite,numberOfRobotsOnWhiteSite
32160,32,12
timeStep,numberOfRobotsOnBlackSite,numberOfRobotsOnWhiteSite
32161,32,12
timeStep,numberOfRobotsOnBlackSite,numberOfRobotsOnWhiteSite
32162,32,12
timeStep,numberOfRobotsOnBlackSite,numberOfRobotsOnWhiteSite
32163,32,12
timeStep,numberOfRobotsOnBlackSite,numberOfRobotsOnWhiteSite
32164,32,12
timeStep,numberOfRobotsOnBlackSite,numberOfRobotsOnWhiteSite
32165,32,12
timeStep,numberOfRobotsOnBlackSite,numberOfRobotsOnWhiteSite
32166,32,12
timeStep,numberOfRobotsOnBlackSite,numberOfRobotsOnWhiteSite
32167,32,12
timeStep,numberOfRobotsOnBlackSite,numberOfRobotsOnWhiteSite
32168,32,12
timeStep,numberOfRobotsOnBlackSite,numberOfRobotsOnWhiteSite
32169,32,12
timeStep,numberOfRobotsOnBlackSite,numberOfRobotsOnWhiteSite
32170,32,12
timeStep,numberOfRobotsOnBlackSite,numberOfRobotsOnWhiteSite
32171,32,12
timeStep,numberOfRobotsOnBlackSite,numberOfRobotsOnWhiteSite
32172,32,12
timeStep,numberOfRobotsOnBlackSite,numberOfRobotsOnWhiteSite
32173,32,12
timeStep,numberOfRobotsOnBlackSite,numberOfRobotsOnWhiteSite
32174,32,12
timeStep,numberOfRobotsOnBlackSite,numberOfRobotsOnWhiteSite
32175,32,12
timeStep,numberOfRobotsOnBlackSite,numberOfRobotsOnWhiteSite
32176,32,12
timeStep,numberOfRobotsOnBlackSite,numberOfRobotsOnWhiteSite
32177,32,12
timeStep,numberOfRobotsOnBlackSite,numberOfRobotsOnWhiteSite
32178,32,12
timeStep,numberOfRobotsOnBlackSite,numberOfRobotsOnWhiteSite
32179,32,12
timeStep,numberOfRobotsOnBlackSite,numberOfRobotsOnWhiteSite
32180,32,12
timeStep,numberOfRobotsOnBlackSite,numberOfRobotsOnWhiteSite
32181,32,12
timeStep,numberOfRobotsOnBlackSite,numberOfRobotsOnWhiteSite
32182,32,12
timeStep,numberOfRobotsOnBlackSite,numberOfRobotsOnWhiteSite
32183,32,12
timeStep,numberOfRobotsOnBlackSite,numberOfRobotsOnWhiteSite
32184,32,12
timeStep,numberOfRobotsOnBlackSite,numberOfRobotsOnWhiteSite
32185,32,12
timeStep,numberOfRobotsOnBlackSite,numberOfRobotsOnWhiteSite
32186,32,12
timeStep,numberOfRobotsOnBlackSite,numberOfRobotsOnWhiteSite
32187,32,12
timeStep,numberOfRobotsOnBlackSite,numberOfRobotsOnWhiteSite
32188,32,12
timeStep,numberOfRobotsOnBlackSite,numberOfRobotsOnWhiteSite
32189,32,12
timeStep,numberOfRobotsOnBlackSite,numberOfRobotsOnWhiteSite
32190,32,12
timeStep,numberOfRobotsOnBlackSite,numberOfRobotsOnWhiteSite
32191,32,12
timeStep,numberOfRobotsOnBlackSite,numberOfRobotsOnWhiteSite
32192,32,12
timeStep,numberOfRobotsOnBlackSite,numberOfRobotsOnWhiteSite
32193,32,12
timeStep,numberOfRobotsOnBlackSite,numberOfRobotsOnWhiteSite
32194,32,12
timeStep,numberOfRobotsOnBlackSite,numberOfRobotsOnWhiteSite
32195,32,12
timeStep,numberOfRobotsOnBlackSite,numberOfRobotsOnWhiteSite
32196,32,12
timeStep,numberOfRobotsOnBlackSite,numberOfRobotsOnWhiteSite
32197,32,12
timeStep,numberOfRobotsOnBlackSite,numberOfRobotsOnWhiteSite
32198,32,12
timeStep,numberOfRobotsOnBlackSite,numberOfRobotsOnWhiteSite
32199,32,12
timeStep,numberOfRobotsOnBlackSite,numberOfRobotsOnWhiteSite
32200,32,12
timeStep,numberOfRobotsOnBlackSite,numberOfRobotsOnWhiteSite
32201,32,12
timeStep,numberOfRobotsOnBlackSite,numberOfRobotsOnWhiteSite
32202,32,12
timeStep,numberOfRobotsOnBlackSite,numberOfRobotsOnWhiteSite
32203,32,12
timeStep,numberOfRobotsOnBlackSite,numberOfRobotsOnWhiteSite
32204,32,12
timeStep,numberOfRobotsOnBlackSite,numberOfRobotsOnWhiteSite
32205,32,12
timeStep,numberOfRobotsOnBlackSite,numberOfRobotsOnWhiteSite
32206,32,12
timeStep,numberOfRobotsOnBlackSite,numberOfRobotsOnWhiteSite
32207,32,12
timeStep,numberOfRobotsOnBlackSite,numberOfRobotsOnWhiteSite
32208,32,12
timeStep,numberOfRobotsOnBlackSite,numberOfRobotsOnWhiteSite
32209,32,12
timeStep,numberOfRobotsOnBlackSite,numberOfRobotsOnWhiteSite
32210,32,12
timeStep,numberOfRobotsOnBlackSite,numberOfRobotsOnWhiteSite
32211,32,12
timeStep,numberOfRobotsOnBlackSite,numberOfRobotsOnWhiteSite
32212,32,12
timeStep,numberOfRobotsOnBlackSite,numberOfRobotsOnWhiteSite
32213,32,12
timeStep,numberOfRobotsOnBlackSite,numberOfRobotsOnWhiteSite
32214,32,12
timeStep,numberOfRobotsOnBlackSite,numberOfRobotsOnWhiteSite
32215,32,12
timeStep,numberOfRobotsOnBlackSite,numberOfRobotsOnWhiteSite
32216,32,12
timeStep,numberOfRobotsOnBlackSite,numberOfRobotsOnWhiteSite
32217,32,12
timeStep,numberOfRobotsOnBlackSite,numberOfRobotsOnWhiteSite
32218,32,12
timeStep,numberOfRobotsOnBlackSite,numberOfRobotsOnWhiteSite
32219,32,12
timeStep,numberOfRobotsOnBlackSite,numberOfRobotsOnWhiteSite
32220,32,12
timeStep,numberOfRobotsOnBlackSite,numberOfRobotsOnWhiteSite
32221,32,12
timeStep,numberOfRobotsOnBlackSite,numberOfRobotsOnWhiteSite
32222,32,12
timeStep,numberOfRobotsOnBlackSite,numberOfRobotsOnWhiteSite
32223,32,12
timeStep,numberOfRobotsOnBlackSite,numberOfRobotsOnWhiteSite
32224,32,12
timeStep,numberOfRobotsOnBlackSite,numberOfRobotsOnWhiteSite
32225,32,12
timeStep,numberOfRobotsOnBlackSite,numberOfRobotsOnWhiteSite
32226,32,12
timeStep,numberOfRobotsOnBlackSite,numberOfRobotsOnWhiteSite
32227,32,12
timeStep,numberOfRobotsOnBlackSite,numberOfRobotsOnWhiteSite
32228,32,12
timeStep,numberOfRobotsOnBlackSite,numberOfRobotsOnWhiteSite
32229,32,12
timeStep,numberOfRobotsOnBlackSite,numberOfRobotsOnWhiteSite
32230,32,12
timeStep,numberOfRobotsOnBlackSite,numberOfRobotsOnWhiteSite
32231,32,12
timeStep,numberOfRobotsOnBlackSite,numberOfRobotsOnWhiteSite
32232,32,12
timeStep,numberOfRobotsOnBlackSite,numberOfRobotsOnWhiteSite
32233,32,12
timeStep,numberOfRobotsOnBlackSite,numberOfRobotsOnWhiteSite
32234,32,12
timeStep,numberOfRobotsOnBlackSite,numberOfRobotsOnWhiteSite
32235,32,12
timeStep,numberOfRobotsOnBlackSite,numberOfRobotsOnWhiteSite
32236,32,12
timeStep,numberOfRobotsOnBlackSite,numberOfRobotsOnWhiteSite
32237,32,12
timeStep,numberOfRobotsOnBlackSite,numberOfRobotsOnWhiteSite
32238,32,12
timeStep,numberOfRobotsOnBlackSite,numberOfRobotsOnWhiteSite
32239,32,12
timeStep,numberOfRobotsOnBlackSite,numberOfRobotsOnWhiteSite
32240,32,12
timeStep,numberOfRobotsOnBlackSite,numberOfRobotsOnWhiteSite
32241,32,12
timeStep,numberOfRobotsOnBlackSite,numberOfRobotsOnWhiteSite
32242,32,12
timeStep,numberOfRobotsOnBlackSite,numberOfRobotsOnWhiteSite
32243,32,12
timeStep,numberOfRobotsOnBlackSite,numberOfRobotsOnWhiteSite
32244,32,12
timeStep,numberOfRobotsOnBlackSite,numberOfRobotsOnWhiteSite
32245,32,12
timeStep,numberOfRobotsOnBlackSite,numberOfRobotsOnWhiteSite
32246,32,12
timeStep,numberOfRobotsOnBlackSite,numberOfRobotsOnWhiteSite
32247,32,12
timeStep,numberOfRobotsOnBlackSite,numberOfRobotsOnWhiteSite
32248,32,12
timeStep,numberOfRobotsOnBlackSite,numberOfRobotsOnWhiteSite
32249,32,12
timeStep,numberOfRobotsOnBlackSite,numberOfRobotsOnWhiteSite
32250,32,12
timeStep,numberOfRobotsOnBlackSite,numberOfRobotsOnWhiteSite
32251,32,12
timeStep,numberOfRobotsOnBlackSite,numberOfRobotsOnWhiteSite
32252,32,12
timeStep,numberOfRobotsOnBlackSite,numberOfRobotsOnWhiteSite
32253,32,12
timeStep,numberOfRobotsOnBlackSite,numberOfRobotsOnWhiteSite
32254,32,12
timeStep,numberOfRobotsOnBlackSite,numberOfRobotsOnWhiteSite
32255,32,12
timeStep,numberOfRobotsOnBlackSite,numberOfRobotsOnWhiteSite
32256,32,12
timeStep,numberOfRobotsOnBlackSite,numberOfRobotsOnWhiteSite
32257,32,12
timeStep,numberOfRobotsOnBlackSite,numberOfRobotsOnWhiteSite
32258,32,12
timeStep,numberOfRobotsOnBlackSite,numberOfRobotsOnWhiteSite
32259,32,12
timeStep,numberOfRobotsOnBlackSite,numberOfRobotsOnWhiteSite
32260,32,12
timeStep,numberOfRobotsOnBlackSite,numberOfRobotsOnWhiteSite
32261,32,12
timeStep,numberOfRobotsOnBlackSite,numberOfRobotsOnWhiteSite
32262,32,12
timeStep,numberOfRobotsOnBlackSite,numberOfRobotsOnWhiteSite
32263,32,12
timeStep,numberOfRobotsOnBlackSite,numberOfRobotsOnWhiteSite
32264,32,12
timeStep,numberOfRobotsOnBlackSite,numberOfRobotsOnWhiteSite
32265,32,12
timeStep,numberOfRobotsOnBlackSite,numberOfRobotsOnWhiteSite
32266,32,12
timeStep,numberOfRobotsOnBlackSite,numberOfRobotsOnWhiteSite
32267,32,12
timeStep,numberOfRobotsOnBlackSite,numberOfRobotsOnWhiteSite
32268,32,12
timeStep,numberOfRobotsOnBlackSite,numberOfRobotsOnWhiteSite
32269,32,12
timeStep,numberOfRobotsOnBlackSite,numberOfRobotsOnWhiteSite
32270,32,12
timeStep,numberOfRobotsOnBlackSite,numberOfRobotsOnWhiteSite
32271,32,12
timeStep,numberOfRobotsOnBlackSite,numberOfRobotsOnWhiteSite
32272,32,12
timeStep,numberOfRobotsOnBlackSite,numberOfRobotsOnWhiteSite
32273,32,12
timeStep,numberOfRobotsOnBlackSite,numberOfRobotsOnWhiteSite
32274,32,12
timeStep,numberOfRobotsOnBlackSite,numberOfRobotsOnWhiteSite
32275,32,12
timeStep,numberOfRobotsOnBlackSite,numberOfRobotsOnWhiteSite
32276,32,12
timeStep,numberOfRobotsOnBlackSite,numberOfRobotsOnWhiteSite
32277,32,12
timeStep,numberOfRobotsOnBlackSite,numberOfRobotsOnWhiteSite
32278,32,12
timeStep,numberOfRobotsOnBlackSite,numberOfRobotsOnWhiteSite
32279,32,12
timeStep,numberOfRobotsOnBlackSite,numberOfRobotsOnWhiteSite
32280,32,12
timeStep,numberOfRobotsOnBlackSite,numberOfRobotsOnWhiteSite
32281,32,12
timeStep,numberOfRobotsOnBlackSite,numberOfRobotsOnWhiteSite
32282,32,12
timeStep,numberOfRobotsOnBlackSite,numberOfRobotsOnWhiteSite
32283,32,12
timeStep,numberOfRobotsOnBlackSite,numberOfRobotsOnWhiteSite
32284,32,12
timeStep,numberOfRobotsOnBlackSite,numberOfRobotsOnWhiteSite
32285,32,13
timeStep,numberOfRobotsOnBlackSite,numberOfRobotsOnWhiteSite
32286,32,13
timeStep,numberOfRobotsOnBlackSite,numberOfRobotsOnWhiteSite
32287,32,13
timeStep,numberOfRobotsOnBlackSite,numberOfRobotsOnWhiteSite
32288,32,13
timeStep,numberOfRobotsOnBlackSite,numberOfRobotsOnWhiteSite
32289,32,13
timeStep,numberOfRobotsOnBlackSite,numberOfRobotsOnWhiteSite
32290,32,13
timeStep,numberOfRobotsOnBlackSite,numberOfRobotsOnWhiteSite
32291,32,13
timeStep,numberOfRobotsOnBlackSite,numberOfRobotsOnWhiteSite
32292,32,13
timeStep,numberOfRobotsOnBlackSite,numberOfRobotsOnWhiteSite
32293,32,13
timeStep,numberOfRobotsOnBlackSite,numberOfRobotsOnWhiteSite
32294,32,13
timeStep,numberOfRobotsOnBlackSite,numberOfRobotsOnWhiteSite
32295,32,13
timeStep,numberOfRobotsOnBlackSite,numberOfRobotsOnWhiteSite
32296,32,13
timeStep,numberOfRobotsOnBlackSite,numberOfRobotsOnWhiteSite
32297,32,13
timeStep,numberOfRobotsOnBlackSite,numberOfRobotsOnWhiteSite
32298,32,13
timeStep,numberOfRobotsOnBlackSite,numberOfRobotsOnWhiteSite
32299,32,13
timeStep,numberOfRobotsOnBlackSite,numberOfRobotsOnWhiteSite
32300,32,13
timeStep,numberOfRobotsOnBlackSite,numberOfRobotsOnWhiteSite
32301,32,13
timeStep,numberOfRobotsOnBlackSite,numberOfRobotsOnWhiteSite
32302,32,13
timeStep,numberOfRobotsOnBlackSite,numberOfRobotsOnWhiteSite
32303,32,13
timeStep,numberOfRobotsOnBlackSite,numberOfRobotsOnWhiteSite
32304,32,13
timeStep,numberOfRobotsOnBlackSite,numberOfRobotsOnWhiteSite
32305,32,13
timeStep,numberOfRobotsOnBlackSite,numberOfRobotsOnWhiteSite
32306,32,13
timeStep,numberOfRobotsOnBlackSite,numberOfRobotsOnWhiteSite
32307,32,13
timeStep,numberOfRobotsOnBlackSite,numberOfRobotsOnWhiteSite
32308,32,13
timeStep,numberOfRobotsOnBlackSite,numberOfRobotsOnWhiteSite
32309,32,13
timeStep,numberOfRobotsOnBlackSite,numberOfRobotsOnWhiteSite
32310,32,13
timeStep,numberOfRobotsOnBlackSite,numberOfRobotsOnWhiteSite
32311,32,13
timeStep,numberOfRobotsOnBlackSite,numberOfRobotsOnWhiteSite
32312,32,13
timeStep,numberOfRobotsOnBlackSite,numberOfRobotsOnWhiteSite
32313,32,13
timeStep,numberOfRobotsOnBlackSite,numberOfRobotsOnWhiteSite
32314,32,13
timeStep,numberOfRobotsOnBlackSite,numberOfRobotsOnWhiteSite
32315,32,13
timeStep,numberOfRobotsOnBlackSite,numberOfRobotsOnWhiteSite
32316,32,13
timeStep,numberOfRobotsOnBlackSite,numberOfRobotsOnWhiteSite
32317,32,13
timeStep,numberOfRobotsOnBlackSite,numberOfRobotsOnWhiteSite
32318,32,13
timeStep,numberOfRobotsOnBlackSite,numberOfRobotsOnWhiteSite
32319,32,13
timeStep,numberOfRobotsOnBlackSite,numberOfRobotsOnWhiteSite
32320,32,13
timeStep,numberOfRobotsOnBlackSite,numberOfRobotsOnWhiteSite
32321,32,13
timeStep,numberOfRobotsOnBlackSite,numberOfRobotsOnWhiteSite
32322,32,13
timeStep,numberOfRobotsOnBlackSite,numberOfRobotsOnWhiteSite
32323,32,13
timeStep,numberOfRobotsOnBlackSite,numberOfRobotsOnWhiteSite
32324,32,13
timeStep,numberOfRobotsOnBlackSite,numberOfRobotsOnWhiteSite
32325,32,13
timeStep,numberOfRobotsOnBlackSite,numberOfRobotsOnWhiteSite
32326,32,13
timeStep,numberOfRobotsOnBlackSite,numberOfRobotsOnWhiteSite
32327,32,13
timeStep,numberOfRobotsOnBlackSite,numberOfRobotsOnWhiteSite
32328,32,13
timeStep,numberOfRobotsOnBlackSite,numberOfRobotsOnWhiteSite
32329,32,13
timeStep,numberOfRobotsOnBlackSite,numberOfRobotsOnWhiteSite
32330,32,13
timeStep,numberOfRobotsOnBlackSite,numberOfRobotsOnWhiteSite
32331,32,13
timeStep,numberOfRobotsOnBlackSite,numberOfRobotsOnWhiteSite
32332,32,13
timeStep,numberOfRobotsOnBlackSite,numberOfRobotsOnWhiteSite
32333,32,13
timeStep,numberOfRobotsOnBlackSite,numberOfRobotsOnWhiteSite
32334,32,13
timeStep,numberOfRobotsOnBlackSite,numberOfRobotsOnWhiteSite
32335,32,13
timeStep,numberOfRobotsOnBlackSite,numberOfRobotsOnWhiteSite
32336,32,13
timeStep,numberOfRobotsOnBlackSite,numberOfRobotsOnWhiteSite
32337,32,13
timeStep,numberOfRobotsOnBlackSite,numberOfRobotsOnWhiteSite
32338,32,13
timeStep,numberOfRobotsOnBlackSite,numberOfRobotsOnWhiteSite
32339,32,13
timeStep,numberOfRobotsOnBlackSite,numberOfRobotsOnWhiteSite
32340,32,13
timeStep,numberOfRobotsOnBlackSite,numberOfRobotsOnWhiteSite
32341,32,13
timeStep,numberOfRobotsOnBlackSite,numberOfRobotsOnWhiteSite
32342,32,13
timeStep,numberOfRobotsOnBlackSite,numberOfRobotsOnWhiteSite
32343,32,13
timeStep,numberOfRobotsOnBlackSite,numberOfRobotsOnWhiteSite
32344,32,13
timeStep,numberOfRobotsOnBlackSite,numberOfRobotsOnWhiteSite
32345,32,13
timeStep,numberOfRobotsOnBlackSite,numberOfRobotsOnWhiteSite
32346,32,13
timeStep,numberOfRobotsOnBlackSite,numberOfRobotsOnWhiteSite
32347,32,13
timeStep,numberOfRobotsOnBlackSite,numberOfRobotsOnWhiteSite
32348,32,13
timeStep,numberOfRobotsOnBlackSite,numberOfRobotsOnWhiteSite
32349,32,13
timeStep,numberOfRobotsOnBlackSite,numberOfRobotsOnWhiteSite
32350,32,13
timeStep,numberOfRobotsOnBlackSite,numberOfRobotsOnWhiteSite
32351,32,13
timeStep,numberOfRobotsOnBlackSite,numberOfRobotsOnWhiteSite
32352,32,13
timeStep,numberOfRobotsOnBlackSite,numberOfRobotsOnWhiteSite
32353,32,13
timeStep,numberOfRobotsOnBlackSite,numberOfRobotsOnWhiteSite
32354,32,13
timeStep,numberOfRobotsOnBlackSite,numberOfRobotsOnWhiteSite
32355,32,13
timeStep,numberOfRobotsOnBlackSite,numberOfRobotsOnWhiteSite
32356,32,13
timeStep,numberOfRobotsOnBlackSite,numberOfRobotsOnWhiteSite
32357,32,13
timeStep,numberOfRobotsOnBlackSite,numberOfRobotsOnWhiteSite
32358,32,13
timeStep,numberOfRobotsOnBlackSite,numberOfRobotsOnWhiteSite
32359,32,13
timeStep,numberOfRobotsOnBlackSite,numberOfRobotsOnWhiteSite
32360,32,13
timeStep,numberOfRobotsOnBlackSite,numberOfRobotsOnWhiteSite
32361,32,13
timeStep,numberOfRobotsOnBlackSite,numberOfRobotsOnWhiteSite
32362,32,13
timeStep,numberOfRobotsOnBlackSite,numberOfRobotsOnWhiteSite
32363,32,13
timeStep,numberOfRobotsOnBlackSite,numberOfRobotsOnWhiteSite
32364,32,13
timeStep,numberOfRobotsOnBlackSite,numberOfRobotsOnWhiteSite
32365,32,13
timeStep,numberOfRobotsOnBlackSite,numberOfRobotsOnWhiteSite
32366,32,13
timeStep,numberOfRobotsOnBlackSite,numberOfRobotsOnWhiteSite
32367,32,13
timeStep,numberOfRobotsOnBlackSite,numberOfRobotsOnWhiteSite
32368,32,13
timeStep,numberOfRobotsOnBlackSite,numberOfRobotsOnWhiteSite
32369,32,13
timeStep,numberOfRobotsOnBlackSite,numberOfRobotsOnWhiteSite
32370,32,13
timeStep,numberOfRobotsOnBlackSite,numberOfRobotsOnWhiteSite
32371,32,13
timeStep,numberOfRobotsOnBlackSite,numberOfRobotsOnWhiteSite
32372,32,13
timeStep,numberOfRobotsOnBlackSite,numberOfRobotsOnWhiteSite
32373,32,13
timeStep,numberOfRobotsOnBlackSite,numberOfRobotsOnWhiteSite
32374,32,13
timeStep,numberOfRobotsOnBlackSite,numberOfRobotsOnWhiteSite
32375,32,13
timeStep,numberOfRobotsOnBlackSite,numberOfRobotsOnWhiteSite
32376,32,13
timeStep,numberOfRobotsOnBlackSite,numberOfRobotsOnWhiteSite
32377,32,13
timeStep,numberOfRobotsOnBlackSite,numberOfRobotsOnWhiteSite
32378,32,13
timeStep,numberOfRobotsOnBlackSite,numberOfRobotsOnWhiteSite
32379,32,13
timeStep,numberOfRobotsOnBlackSite,numberOfRobotsOnWhiteSite
32380,32,13
timeStep,numberOfRobotsOnBlackSite,numberOfRobotsOnWhiteSite
32381,32,13
timeStep,numberOfRobotsOnBlackSite,numberOfRobotsOnWhiteSite
32382,32,13
timeStep,numberOfRobotsOnBlackSite,numberOfRobotsOnWhiteSite
32383,32,13
timeStep,numberOfRobotsOnBlackSite,numberOfRobotsOnWhiteSite
32384,32,13
timeStep,numberOfRobotsOnBlackSite,numberOfRobotsOnWhiteSite
32385,32,13
timeStep,numberOfRobotsOnBlackSite,numberOfRobotsOnWhiteSite
32386,32,13
timeStep,numberOfRobotsOnBlackSite,numberOfRobotsOnWhiteSite
32387,32,13
timeStep,numberOfRobotsOnBlackSite,numberOfRobotsOnWhiteSite
32388,32,13
timeStep,numberOfRobotsOnBlackSite,numberOfRobotsOnWhiteSite
32389,32,13
timeStep,numberOfRobotsOnBlackSite,numberOfRobotsOnWhiteSite
32390,32,13
timeStep,numberOfRobotsOnBlackSite,numberOfRobotsOnWhiteSite
32391,32,13
timeStep,numberOfRobotsOnBlackSite,numberOfRobotsOnWhiteSite
32392,32,13
timeStep,numberOfRobotsOnBlackSite,numberOfRobotsOnWhiteSite
32393,32,13
timeStep,numberOfRobotsOnBlackSite,numberOfRobotsOnWhiteSite
32394,32,13
timeStep,numberOfRobotsOnBlackSite,numberOfRobotsOnWhiteSite
32395,32,13
timeStep,numberOfRobotsOnBlackSite,numberOfRobotsOnWhiteSite
32396,32,13
timeStep,numberOfRobotsOnBlackSite,numberOfRobotsOnWhiteSite
32397,32,13
timeStep,numberOfRobotsOnBlackSite,numberOfRobotsOnWhiteSite
32398,32,13
timeStep,numberOfRobotsOnBlackSite,numberOfRobotsOnWhiteSite
32399,32,13
timeStep,numberOfRobotsOnBlackSite,numberOfRobotsOnWhiteSite
32400,32,13
timeStep,numberOfRobotsOnBlackSite,numberOfRobotsOnWhiteSite
32401,32,13
timeStep,numberOfRobotsOnBlackSite,numberOfRobotsOnWhiteSite
32402,32,13
timeStep,numberOfRobotsOnBlackSite,numberOfRobotsOnWhiteSite
32403,32,13
timeStep,numberOfRobotsOnBlackSite,numberOfRobotsOnWhiteSite
32404,32,13
timeStep,numberOfRobotsOnBlackSite,numberOfRobotsOnWhiteSite
32405,32,13
timeStep,numberOfRobotsOnBlackSite,numberOfRobotsOnWhiteSite
32406,32,13
timeStep,numberOfRobotsOnBlackSite,numberOfRobotsOnWhiteSite
32407,32,13
timeStep,numberOfRobotsOnBlackSite,numberOfRobotsOnWhiteSite
32408,32,13
timeStep,numberOfRobotsOnBlackSite,numberOfRobotsOnWhiteSite
32409,32,13
timeStep,numberOfRobotsOnBlackSite,numberOfRobotsOnWhiteSite
32410,32,13
timeStep,numberOfRobotsOnBlackSite,numberOfRobotsOnWhiteSite
32411,32,13
timeStep,numberOfRobotsOnBlackSite,numberOfRobotsOnWhiteSite
32412,32,13
timeStep,numberOfRobotsOnBlackSite,numberOfRobotsOnWhiteSite
32413,32,13
timeStep,numberOfRobotsOnBlackSite,numberOfRobotsOnWhiteSite
32414,32,13
timeStep,numberOfRobotsOnBlackSite,numberOfRobotsOnWhiteSite
32415,32,12
timeStep,numberOfRobotsOnBlackSite,numberOfRobotsOnWhiteSite
32416,32,12
timeStep,numberOfRobotsOnBlackSite,numberOfRobotsOnWhiteSite
32417,32,12
timeStep,numberOfRobotsOnBlackSite,numberOfRobotsOnWhiteSite
32418,32,12
timeStep,numberOfRobotsOnBlackSite,numberOfRobotsOnWhiteSite
32419,32,12
timeStep,numberOfRobotsOnBlackSite,numberOfRobotsOnWhiteSite
32420,32,12
timeStep,numberOfRobotsOnBlackSite,numberOfRobotsOnWhiteSite
32421,32,12
timeStep,numberOfRobotsOnBlackSite,numberOfRobotsOnWhiteSite
32422,32,12
timeStep,numberOfRobotsOnBlackSite,numberOfRobotsOnWhiteSite
32423,32,12
timeStep,numberOfRobotsOnBlackSite,numberOfRobotsOnWhiteSite
32424,32,12
timeStep,numberOfRobotsOnBlackSite,numberOfRobotsOnWhiteSite
32425,32,12
timeStep,numberOfRobotsOnBlackSite,numberOfRobotsOnWhiteSite
32426,32,12
timeStep,numberOfRobotsOnBlackSite,numberOfRobotsOnWhiteSite
32427,32,12
timeStep,numberOfRobotsOnBlackSite,numberOfRobotsOnWhiteSite
32428,32,12
timeStep,numberOfRobotsOnBlackSite,numberOfRobotsOnWhiteSite
32429,32,12
timeStep,numberOfRobotsOnBlackSite,numberOfRobotsOnWhiteSite
32430,32,12
timeStep,numberOfRobotsOnBlackSite,numberOfRobotsOnWhiteSite
32431,32,12
timeStep,numberOfRobotsOnBlackSite,numberOfRobotsOnWhiteSite
32432,32,12
timeStep,numberOfRobotsOnBlackSite,numberOfRobotsOnWhiteSite
32433,32,12
timeStep,numberOfRobotsOnBlackSite,numberOfRobotsOnWhiteSite
32434,32,12
timeStep,numberOfRobotsOnBlackSite,numberOfRobotsOnWhiteSite
32435,32,12
timeStep,numberOfRobotsOnBlackSite,numberOfRobotsOnWhiteSite
32436,32,12
timeStep,numberOfRobotsOnBlackSite,numberOfRobotsOnWhiteSite
32437,32,12
timeStep,numberOfRobotsOnBlackSite,numberOfRobotsOnWhiteSite
32438,32,12
timeStep,numberOfRobotsOnBlackSite,numberOfRobotsOnWhiteSite
32439,32,12
timeStep,numberOfRobotsOnBlackSite,numberOfRobotsOnWhiteSite
32440,32,12
timeStep,numberOfRobotsOnBlackSite,numberOfRobotsOnWhiteSite
32441,32,12
timeStep,numberOfRobotsOnBlackSite,numberOfRobotsOnWhiteSite
32442,32,12
timeStep,numberOfRobotsOnBlackSite,numberOfRobotsOnWhiteSite
32443,32,12
timeStep,numberOfRobotsOnBlackSite,numberOfRobotsOnWhiteSite
32444,32,12
timeStep,numberOfRobotsOnBlackSite,numberOfRobotsOnWhiteSite
32445,32,12
timeStep,numberOfRobotsOnBlackSite,numberOfRobotsOnWhiteSite
32446,32,12
timeStep,numberOfRobotsOnBlackSite,numberOfRobotsOnWhiteSite
32447,32,12
timeStep,numberOfRobotsOnBlackSite,numberOfRobotsOnWhiteSite
32448,32,12
timeStep,numberOfRobotsOnBlackSite,numberOfRobotsOnWhiteSite
32449,32,12
timeStep,numberOfRobotsOnBlackSite,numberOfRobotsOnWhiteSite
32450,32,12
timeStep,numberOfRobotsOnBlackSite,numberOfRobotsOnWhiteSite
32451,32,12
timeStep,numberOfRobotsOnBlackSite,numberOfRobotsOnWhiteSite
32452,32,12
timeStep,numberOfRobotsOnBlackSite,numberOfRobotsOnWhiteSite
32453,32,12
timeStep,numberOfRobotsOnBlackSite,numberOfRobotsOnWhiteSite
32454,32,12
timeStep,numberOfRobotsOnBlackSite,numberOfRobotsOnWhiteSite
32455,32,12
timeStep,numberOfRobotsOnBlackSite,numberOfRobotsOnWhiteSite
32456,32,12
timeStep,numberOfRobotsOnBlackSite,numberOfRobotsOnWhiteSite
32457,32,12
timeStep,numberOfRobotsOnBlackSite,numberOfRobotsOnWhiteSite
32458,32,12
timeStep,numberOfRobotsOnBlackSite,numberOfRobotsOnWhiteSite
32459,32,12
timeStep,numberOfRobotsOnBlackSite,numberOfRobotsOnWhiteSite
32460,32,12
timeStep,numberOfRobotsOnBlackSite,numberOfRobotsOnWhiteSite
32461,32,12
timeStep,numberOfRobotsOnBlackSite,numberOfRobotsOnWhiteSite
32462,32,12
timeStep,numberOfRobotsOnBlackSite,numberOfRobotsOnWhiteSite
32463,32,12
timeStep,numberOfRobotsOnBlackSite,numberOfRobotsOnWhiteSite
32464,32,12
timeStep,numberOfRobotsOnBlackSite,numberOfRobotsOnWhiteSite
32465,32,12
timeStep,numberOfRobotsOnBlackSite,numberOfRobotsOnWhiteSite
32466,32,12
timeStep,numberOfRobotsOnBlackSite,numberOfRobotsOnWhiteSite
32467,32,12
timeStep,numberOfRobotsOnBlackSite,numberOfRobotsOnWhiteSite
32468,32,12
timeStep,numberOfRobotsOnBlackSite,numberOfRobotsOnWhiteSite
32469,32,12
timeStep,numberOfRobotsOnBlackSite,numberOfRobotsOnWhiteSite
32470,32,11
timeStep,numberOfRobotsOnBlackSite,numberOfRobotsOnWhiteSite
32471,32,11
timeStep,numberOfRobotsOnBlackSite,numberOfRobotsOnWhiteSite
32472,32,11
timeStep,numberOfRobotsOnBlackSite,numberOfRobotsOnWhiteSite
32473,32,11
timeStep,numberOfRobotsOnBlackSite,numberOfRobotsOnWhiteSite
32474,32,11
timeStep,numberOfRobotsOnBlackSite,numberOfRobotsOnWhiteSite
32475,32,11
timeStep,numberOfRobotsOnBlackSite,numberOfRobotsOnWhiteSite
32476,32,11
timeStep,numberOfRobotsOnBlackSite,numberOfRobotsOnWhiteSite
32477,32,11
timeStep,numberOfRobotsOnBlackSite,numberOfRobotsOnWhiteSite
32478,32,11
timeStep,numberOfRobotsOnBlackSite,numberOfRobotsOnWhiteSite
32479,32,11
timeStep,numberOfRobotsOnBlackSite,numberOfRobotsOnWhiteSite
32480,32,11
timeStep,numberOfRobotsOnBlackSite,numberOfRobotsOnWhiteSite
32481,32,11
timeStep,numberOfRobotsOnBlackSite,numberOfRobotsOnWhiteSite
32482,32,11
timeStep,numberOfRobotsOnBlackSite,numberOfRobotsOnWhiteSite
32483,32,11
timeStep,numberOfRobotsOnBlackSite,numberOfRobotsOnWhiteSite
32484,32,11
timeStep,numberOfRobotsOnBlackSite,numberOfRobotsOnWhiteSite
32485,32,11
timeStep,numberOfRobotsOnBlackSite,numberOfRobotsOnWhiteSite
32486,32,11
timeStep,numberOfRobotsOnBlackSite,numberOfRobotsOnWhiteSite
32487,32,11
timeStep,numberOfRobotsOnBlackSite,numberOfRobotsOnWhiteSite
32488,32,11
timeStep,numberOfRobotsOnBlackSite,numberOfRobotsOnWhiteSite
32489,32,11
timeStep,numberOfRobotsOnBlackSite,numberOfRobotsOnWhiteSite
32490,32,11
timeStep,numberOfRobotsOnBlackSite,numberOfRobotsOnWhiteSite
32491,32,11
timeStep,numberOfRobotsOnBlackSite,numberOfRobotsOnWhiteSite
32492,32,11
timeStep,numberOfRobotsOnBlackSite,numberOfRobotsOnWhiteSite
32493,32,11
timeStep,numberOfRobotsOnBlackSite,numberOfRobotsOnWhiteSite
32494,32,11
timeStep,numberOfRobotsOnBlackSite,numberOfRobotsOnWhiteSite
32495,32,11
timeStep,numberOfRobotsOnBlackSite,numberOfRobotsOnWhiteSite
32496,32,11
timeStep,numberOfRobotsOnBlackSite,numberOfRobotsOnWhiteSite
32497,32,11
timeStep,numberOfRobotsOnBlackSite,numberOfRobotsOnWhiteSite
32498,32,11
timeStep,numberOfRobotsOnBlackSite,numberOfRobotsOnWhiteSite
32499,32,11
timeStep,numberOfRobotsOnBlackSite,numberOfRobotsOnWhiteSite
32500,32,11
timeStep,numberOfRobotsOnBlackSite,numberOfRobotsOnWhiteSite
32501,32,11
timeStep,numberOfRobotsOnBlackSite,numberOfRobotsOnWhiteSite
32502,32,11
timeStep,numberOfRobotsOnBlackSite,numberOfRobotsOnWhiteSite
32503,32,11
timeStep,numberOfRobotsOnBlackSite,numberOfRobotsOnWhiteSite
32504,32,11
timeStep,numberOfRobotsOnBlackSite,numberOfRobotsOnWhiteSite
32505,32,11
timeStep,numberOfRobotsOnBlackSite,numberOfRobotsOnWhiteSite
32506,32,11
timeStep,numberOfRobotsOnBlackSite,numberOfRobotsOnWhiteSite
32507,32,11
timeStep,numberOfRobotsOnBlackSite,numberOfRobotsOnWhiteSite
32508,32,11
timeStep,numberOfRobotsOnBlackSite,numberOfRobotsOnWhiteSite
32509,32,11
timeStep,numberOfRobotsOnBlackSite,numberOfRobotsOnWhiteSite
32510,32,11
timeStep,numberOfRobotsOnBlackSite,numberOfRobotsOnWhiteSite
32511,32,11
timeStep,numberOfRobotsOnBlackSite,numberOfRobotsOnWhiteSite
32512,32,11
timeStep,numberOfRobotsOnBlackSite,numberOfRobotsOnWhiteSite
32513,32,11
timeStep,numberOfRobotsOnBlackSite,numberOfRobotsOnWhiteSite
32514,32,11
timeStep,numberOfRobotsOnBlackSite,numberOfRobotsOnWhiteSite
32515,32,11
timeStep,numberOfRobotsOnBlackSite,numberOfRobotsOnWhiteSite
32516,32,11
timeStep,numberOfRobotsOnBlackSite,numberOfRobotsOnWhiteSite
32517,32,11
timeStep,numberOfRobotsOnBlackSite,numberOfRobotsOnWhiteSite
32518,32,11
timeStep,numberOfRobotsOnBlackSite,numberOfRobotsOnWhiteSite
32519,32,11
timeStep,numberOfRobotsOnBlackSite,numberOfRobotsOnWhiteSite
32520,31,11
timeStep,numberOfRobotsOnBlackSite,numberOfRobotsOnWhiteSite
32521,31,11
timeStep,numberOfRobotsOnBlackSite,numberOfRobotsOnWhiteSite
32522,31,11
timeStep,numberOfRobotsOnBlackSite,numberOfRobotsOnWhiteSite
32523,31,11
timeStep,numberOfRobotsOnBlackSite,numberOfRobotsOnWhiteSite
32524,31,11
timeStep,numberOfRobotsOnBlackSite,numberOfRobotsOnWhiteSite
32525,30,11
timeStep,numberOfRobotsOnBlackSite,numberOfRobotsOnWhiteSite
32526,30,11
timeStep,numberOfRobotsOnBlackSite,numberOfRobotsOnWhiteSite
32527,30,11
timeStep,numberOfRobotsOnBlackSite,numberOfRobotsOnWhiteSite
32528,30,11
timeStep,numberOfRobotsOnBlackSite,numberOfRobotsOnWhiteSite
32529,30,11
timeStep,numberOfRobotsOnBlackSite,numberOfRobotsOnWhiteSite
32530,30,11
timeStep,numberOfRobotsOnBlackSite,numberOfRobotsOnWhiteSite
32531,30,11
timeStep,numberOfRobotsOnBlackSite,numberOfRobotsOnWhiteSite
32532,30,11
timeStep,numberOfRobotsOnBlackSite,numberOfRobotsOnWhiteSite
32533,30,11
timeStep,numberOfRobotsOnBlackSite,numberOfRobotsOnWhiteSite
32534,30,11
timeStep,numberOfRobotsOnBlackSite,numberOfRobotsOnWhiteSite
32535,30,11
timeStep,numberOfRobotsOnBlackSite,numberOfRobotsOnWhiteSite
32536,30,11
timeStep,numberOfRobotsOnBlackSite,numberOfRobotsOnWhiteSite
32537,30,11
timeStep,numberOfRobotsOnBlackSite,numberOfRobotsOnWhiteSite
32538,30,11
timeStep,numberOfRobotsOnBlackSite,numberOfRobotsOnWhiteSite
32539,30,11
timeStep,numberOfRobotsOnBlackSite,numberOfRobotsOnWhiteSite
32540,30,11
timeStep,numberOfRobotsOnBlackSite,numberOfRobotsOnWhiteSite
32541,30,11
timeStep,numberOfRobotsOnBlackSite,numberOfRobotsOnWhiteSite
32542,30,11
timeStep,numberOfRobotsOnBlackSite,numberOfRobotsOnWhiteSite
32543,30,11
timeStep,numberOfRobotsOnBlackSite,numberOfRobotsOnWhiteSite
32544,30,11
timeStep,numberOfRobotsOnBlackSite,numberOfRobotsOnWhiteSite
32545,30,11
timeStep,numberOfRobotsOnBlackSite,numberOfRobotsOnWhiteSite
32546,30,11
timeStep,numberOfRobotsOnBlackSite,numberOfRobotsOnWhiteSite
32547,30,11
timeStep,numberOfRobotsOnBlackSite,numberOfRobotsOnWhiteSite
32548,30,11
timeStep,numberOfRobotsOnBlackSite,numberOfRobotsOnWhiteSite
32549,30,11
timeStep,numberOfRobotsOnBlackSite,numberOfRobotsOnWhiteSite
32550,30,11
timeStep,numberOfRobotsOnBlackSite,numberOfRobotsOnWhiteSite
32551,30,11
timeStep,numberOfRobotsOnBlackSite,numberOfRobotsOnWhiteSite
32552,30,11
timeStep,numberOfRobotsOnBlackSite,numberOfRobotsOnWhiteSite
32553,30,11
timeStep,numberOfRobotsOnBlackSite,numberOfRobotsOnWhiteSite
32554,30,11
timeStep,numberOfRobotsOnBlackSite,numberOfRobotsOnWhiteSite
32555,30,11
timeStep,numberOfRobotsOnBlackSite,numberOfRobotsOnWhiteSite
32556,30,11
timeStep,numberOfRobotsOnBlackSite,numberOfRobotsOnWhiteSite
32557,30,11
timeStep,numberOfRobotsOnBlackSite,numberOfRobotsOnWhiteSite
32558,30,11
timeStep,numberOfRobotsOnBlackSite,numberOfRobotsOnWhiteSite
32559,30,11
timeStep,numberOfRobotsOnBlackSite,numberOfRobotsOnWhiteSite
32560,30,11
timeStep,numberOfRobotsOnBlackSite,numberOfRobotsOnWhiteSite
32561,30,11
timeStep,numberOfRobotsOnBlackSite,numberOfRobotsOnWhiteSite
32562,30,11
timeStep,numberOfRobotsOnBlackSite,numberOfRobotsOnWhiteSite
32563,30,11
timeStep,numberOfRobotsOnBlackSite,numberOfRobotsOnWhiteSite
32564,30,11
timeStep,numberOfRobotsOnBlackSite,numberOfRobotsOnWhiteSite
32565,31,11
timeStep,numberOfRobotsOnBlackSite,numberOfRobotsOnWhiteSite
32566,31,11
timeStep,numberOfRobotsOnBlackSite,numberOfRobotsOnWhiteSite
32567,31,11
timeStep,numberOfRobotsOnBlackSite,numberOfRobotsOnWhiteSite
32568,31,11
timeStep,numberOfRobotsOnBlackSite,numberOfRobotsOnWhiteSite
32569,31,11
timeStep,numberOfRobotsOnBlackSite,numberOfRobotsOnWhiteSite
32570,31,11
timeStep,numberOfRobotsOnBlackSite,numberOfRobotsOnWhiteSite
32571,31,11
timeStep,numberOfRobotsOnBlackSite,numberOfRobotsOnWhiteSite
32572,31,11
timeStep,numberOfRobotsOnBlackSite,numberOfRobotsOnWhiteSite
32573,31,11
timeStep,numberOfRobotsOnBlackSite,numberOfRobotsOnWhiteSite
32574,31,11
timeStep,numberOfRobotsOnBlackSite,numberOfRobotsOnWhiteSite
32575,31,11
timeStep,numberOfRobotsOnBlackSite,numberOfRobotsOnWhiteSite
32576,31,11
timeStep,numberOfRobotsOnBlackSite,numberOfRobotsOnWhiteSite
32577,31,11
timeStep,numberOfRobotsOnBlackSite,numberOfRobotsOnWhiteSite
32578,31,11
timeStep,numberOfRobotsOnBlackSite,numberOfRobotsOnWhiteSite
32579,31,11
timeStep,numberOfRobotsOnBlackSite,numberOfRobotsOnWhiteSite
32580,31,11
timeStep,numberOfRobotsOnBlackSite,numberOfRobotsOnWhiteSite
32581,31,11
timeStep,numberOfRobotsOnBlackSite,numberOfRobotsOnWhiteSite
32582,31,11
timeStep,numberOfRobotsOnBlackSite,numberOfRobotsOnWhiteSite
32583,31,11
timeStep,numberOfRobotsOnBlackSite,numberOfRobotsOnWhiteSite
32584,31,11
timeStep,numberOfRobotsOnBlackSite,numberOfRobotsOnWhiteSite
32585,31,11
timeStep,numberOfRobotsOnBlackSite,numberOfRobotsOnWhiteSite
32586,31,11
timeStep,numberOfRobotsOnBlackSite,numberOfRobotsOnWhiteSite
32587,31,11
timeStep,numberOfRobotsOnBlackSite,numberOfRobotsOnWhiteSite
32588,31,11
timeStep,numberOfRobotsOnBlackSite,numberOfRobotsOnWhiteSite
32589,31,11
timeStep,numberOfRobotsOnBlackSite,numberOfRobotsOnWhiteSite
32590,31,11
timeStep,numberOfRobotsOnBlackSite,numberOfRobotsOnWhiteSite
32591,31,11
timeStep,numberOfRobotsOnBlackSite,numberOfRobotsOnWhiteSite
32592,31,11
timeStep,numberOfRobotsOnBlackSite,numberOfRobotsOnWhiteSite
32593,31,11
timeStep,numberOfRobotsOnBlackSite,numberOfRobotsOnWhiteSite
32594,31,11
timeStep,numberOfRobotsOnBlackSite,numberOfRobotsOnWhiteSite
32595,31,11
timeStep,numberOfRobotsOnBlackSite,numberOfRobotsOnWhiteSite
32596,31,11
timeStep,numberOfRobotsOnBlackSite,numberOfRobotsOnWhiteSite
32597,31,11
timeStep,numberOfRobotsOnBlackSite,numberOfRobotsOnWhiteSite
32598,31,11
timeStep,numberOfRobotsOnBlackSite,numberOfRobotsOnWhiteSite
32599,31,11
timeStep,numberOfRobotsOnBlackSite,numberOfRobotsOnWhiteSite
32600,31,11
timeStep,numberOfRobotsOnBlackSite,numberOfRobotsOnWhiteSite
32601,31,11
timeStep,numberOfRobotsOnBlackSite,numberOfRobotsOnWhiteSite
32602,31,11
timeStep,numberOfRobotsOnBlackSite,numberOfRobotsOnWhiteSite
32603,31,11
timeStep,numberOfRobotsOnBlackSite,numberOfRobotsOnWhiteSite
32604,31,11
timeStep,numberOfRobotsOnBlackSite,numberOfRobotsOnWhiteSite
32605,31,11
timeStep,numberOfRobotsOnBlackSite,numberOfRobotsOnWhiteSite
32606,31,11
timeStep,numberOfRobotsOnBlackSite,numberOfRobotsOnWhiteSite
32607,31,11
timeStep,numberOfRobotsOnBlackSite,numberOfRobotsOnWhiteSite
32608,31,11
timeStep,numberOfRobotsOnBlackSite,numberOfRobotsOnWhiteSite
32609,31,11
timeStep,numberOfRobotsOnBlackSite,numberOfRobotsOnWhiteSite
32610,31,11
timeStep,numberOfRobotsOnBlackSite,numberOfRobotsOnWhiteSite
32611,31,11
timeStep,numberOfRobotsOnBlackSite,numberOfRobotsOnWhiteSite
32612,31,11
timeStep,numberOfRobotsOnBlackSite,numberOfRobotsOnWhiteSite
32613,31,11
timeStep,numberOfRobotsOnBlackSite,numberOfRobotsOnWhiteSite
32614,31,11
timeStep,numberOfRobotsOnBlackSite,numberOfRobotsOnWhiteSite
32615,31,11
timeStep,numberOfRobotsOnBlackSite,numberOfRobotsOnWhiteSite
32616,31,11
timeStep,numberOfRobotsOnBlackSite,numberOfRobotsOnWhiteSite
32617,31,11
timeStep,numberOfRobotsOnBlackSite,numberOfRobotsOnWhiteSite
32618,31,11
timeStep,numberOfRobotsOnBlackSite,numberOfRobotsOnWhiteSite
32619,31,11
timeStep,numberOfRobotsOnBlackSite,numberOfRobotsOnWhiteSite
32620,31,11
timeStep,numberOfRobotsOnBlackSite,numberOfRobotsOnWhiteSite
32621,31,11
timeStep,numberOfRobotsOnBlackSite,numberOfRobotsOnWhiteSite
32622,31,11
timeStep,numberOfRobotsOnBlackSite,numberOfRobotsOnWhiteSite
32623,31,11
timeStep,numberOfRobotsOnBlackSite,numberOfRobotsOnWhiteSite
32624,31,11
timeStep,numberOfRobotsOnBlackSite,numberOfRobotsOnWhiteSite
32625,31,11
timeStep,numberOfRobotsOnBlackSite,numberOfRobotsOnWhiteSite
32626,31,11
timeStep,numberOfRobotsOnBlackSite,numberOfRobotsOnWhiteSite
32627,31,11
timeStep,numberOfRobotsOnBlackSite,numberOfRobotsOnWhiteSite
32628,31,11
timeStep,numberOfRobotsOnBlackSite,numberOfRobotsOnWhiteSite
32629,31,11
timeStep,numberOfRobotsOnBlackSite,numberOfRobotsOnWhiteSite
32630,31,11
timeStep,numberOfRobotsOnBlackSite,numberOfRobotsOnWhiteSite
32631,31,11
timeStep,numberOfRobotsOnBlackSite,numberOfRobotsOnWhiteSite
32632,31,11
timeStep,numberOfRobotsOnBlackSite,numberOfRobotsOnWhiteSite
32633,31,11
timeStep,numberOfRobotsOnBlackSite,numberOfRobotsOnWhiteSite
32634,31,11
timeStep,numberOfRobotsOnBlackSite,numberOfRobotsOnWhiteSite
32635,31,11
timeStep,numberOfRobotsOnBlackSite,numberOfRobotsOnWhiteSite
32636,31,11
timeStep,numberOfRobotsOnBlackSite,numberOfRobotsOnWhiteSite
32637,31,11
timeStep,numberOfRobotsOnBlackSite,numberOfRobotsOnWhiteSite
32638,31,11
timeStep,numberOfRobotsOnBlackSite,numberOfRobotsOnWhiteSite
32639,31,11
timeStep,numberOfRobotsOnBlackSite,numberOfRobotsOnWhiteSite
32640,31,11
timeStep,numberOfRobotsOnBlackSite,numberOfRobotsOnWhiteSite
32641,31,11
timeStep,numberOfRobotsOnBlackSite,numberOfRobotsOnWhiteSite
32642,31,11
timeStep,numberOfRobotsOnBlackSite,numberOfRobotsOnWhiteSite
32643,31,11
timeStep,numberOfRobotsOnBlackSite,numberOfRobotsOnWhiteSite
32644,31,11
timeStep,numberOfRobotsOnBlackSite,numberOfRobotsOnWhiteSite
32645,31,11
timeStep,numberOfRobotsOnBlackSite,numberOfRobotsOnWhiteSite
32646,31,11
timeStep,numberOfRobotsOnBlackSite,numberOfRobotsOnWhiteSite
32647,31,11
timeStep,numberOfRobotsOnBlackSite,numberOfRobotsOnWhiteSite
32648,31,11
timeStep,numberOfRobotsOnBlackSite,numberOfRobotsOnWhiteSite
32649,31,11
timeStep,numberOfRobotsOnBlackSite,numberOfRobotsOnWhiteSite
32650,31,11
timeStep,numberOfRobotsOnBlackSite,numberOfRobotsOnWhiteSite
32651,31,11
timeStep,numberOfRobotsOnBlackSite,numberOfRobotsOnWhiteSite
32652,31,11
timeStep,numberOfRobotsOnBlackSite,numberOfRobotsOnWhiteSite
32653,31,11
timeStep,numberOfRobotsOnBlackSite,numberOfRobotsOnWhiteSite
32654,31,11
timeStep,numberOfRobotsOnBlackSite,numberOfRobotsOnWhiteSite
32655,31,11
timeStep,numberOfRobotsOnBlackSite,numberOfRobotsOnWhiteSite
32656,31,11
timeStep,numberOfRobotsOnBlackSite,numberOfRobotsOnWhiteSite
32657,31,11
timeStep,numberOfRobotsOnBlackSite,numberOfRobotsOnWhiteSite
32658,31,11
timeStep,numberOfRobotsOnBlackSite,numberOfRobotsOnWhiteSite
32659,31,11
timeStep,numberOfRobotsOnBlackSite,numberOfRobotsOnWhiteSite
32660,31,11
timeStep,numberOfRobotsOnBlackSite,numberOfRobotsOnWhiteSite
32661,31,11
timeStep,numberOfRobotsOnBlackSite,numberOfRobotsOnWhiteSite
32662,31,11
timeStep,numberOfRobotsOnBlackSite,numberOfRobotsOnWhiteSite
32663,31,11
timeStep,numberOfRobotsOnBlackSite,numberOfRobotsOnWhiteSite
32664,31,11
timeStep,numberOfRobotsOnBlackSite,numberOfRobotsOnWhiteSite
32665,31,11
timeStep,numberOfRobotsOnBlackSite,numberOfRobotsOnWhiteSite
32666,31,11
timeStep,numberOfRobotsOnBlackSite,numberOfRobotsOnWhiteSite
32667,31,11
timeStep,numberOfRobotsOnBlackSite,numberOfRobotsOnWhiteSite
32668,31,11
timeStep,numberOfRobotsOnBlackSite,numberOfRobotsOnWhiteSite
32669,31,11
timeStep,numberOfRobotsOnBlackSite,numberOfRobotsOnWhiteSite
32670,31,11
timeStep,numberOfRobotsOnBlackSite,numberOfRobotsOnWhiteSite
32671,31,11
timeStep,numberOfRobotsOnBlackSite,numberOfRobotsOnWhiteSite
32672,31,11
timeStep,numberOfRobotsOnBlackSite,numberOfRobotsOnWhiteSite
32673,31,11
timeStep,numberOfRobotsOnBlackSite,numberOfRobotsOnWhiteSite
32674,31,11
timeStep,numberOfRobotsOnBlackSite,numberOfRobotsOnWhiteSite
32675,31,11
timeStep,numberOfRobotsOnBlackSite,numberOfRobotsOnWhiteSite
32676,31,11
timeStep,numberOfRobotsOnBlackSite,numberOfRobotsOnWhiteSite
32677,31,11
timeStep,numberOfRobotsOnBlackSite,numberOfRobotsOnWhiteSite
32678,31,11
timeStep,numberOfRobotsOnBlackSite,numberOfRobotsOnWhiteSite
32679,31,11
timeStep,numberOfRobotsOnBlackSite,numberOfRobotsOnWhiteSite
32680,31,11
timeStep,numberOfRobotsOnBlackSite,numberOfRobotsOnWhiteSite
32681,31,11
timeStep,numberOfRobotsOnBlackSite,numberOfRobotsOnWhiteSite
32682,31,11
timeStep,numberOfRobotsOnBlackSite,numberOfRobotsOnWhiteSite
32683,31,11
timeStep,numberOfRobotsOnBlackSite,numberOfRobotsOnWhiteSite
32684,31,11
timeStep,numberOfRobotsOnBlackSite,numberOfRobotsOnWhiteSite
32685,31,11
timeStep,numberOfRobotsOnBlackSite,numberOfRobotsOnWhiteSite
32686,31,11
timeStep,numberOfRobotsOnBlackSite,numberOfRobotsOnWhiteSite
32687,31,11
timeStep,numberOfRobotsOnBlackSite,numberOfRobotsOnWhiteSite
32688,31,11
timeStep,numberOfRobotsOnBlackSite,numberOfRobotsOnWhiteSite
32689,31,11
timeStep,numberOfRobotsOnBlackSite,numberOfRobotsOnWhiteSite
32690,31,10
timeStep,numberOfRobotsOnBlackSite,numberOfRobotsOnWhiteSite
32691,31,10
timeStep,numberOfRobotsOnBlackSite,numberOfRobotsOnWhiteSite
32692,31,10
timeStep,numberOfRobotsOnBlackSite,numberOfRobotsOnWhiteSite
32693,31,10
timeStep,numberOfRobotsOnBlackSite,numberOfRobotsOnWhiteSite
32694,31,10
timeStep,numberOfRobotsOnBlackSite,numberOfRobotsOnWhiteSite
32695,31,10
timeStep,numberOfRobotsOnBlackSite,numberOfRobotsOnWhiteSite
32696,31,10
timeStep,numberOfRobotsOnBlackSite,numberOfRobotsOnWhiteSite
32697,31,10
timeStep,numberOfRobotsOnBlackSite,numberOfRobotsOnWhiteSite
32698,31,10
timeStep,numberOfRobotsOnBlackSite,numberOfRobotsOnWhiteSite
32699,31,10
timeStep,numberOfRobotsOnBlackSite,numberOfRobotsOnWhiteSite
32700,31,10
timeStep,numberOfRobotsOnBlackSite,numberOfRobotsOnWhiteSite
32701,31,10
timeStep,numberOfRobotsOnBlackSite,numberOfRobotsOnWhiteSite
32702,31,10
timeStep,numberOfRobotsOnBlackSite,numberOfRobotsOnWhiteSite
32703,31,10
timeStep,numberOfRobotsOnBlackSite,numberOfRobotsOnWhiteSite
32704,31,10
timeStep,numberOfRobotsOnBlackSite,numberOfRobotsOnWhiteSite
32705,31,10
timeStep,numberOfRobotsOnBlackSite,numberOfRobotsOnWhiteSite
32706,31,10
timeStep,numberOfRobotsOnBlackSite,numberOfRobotsOnWhiteSite
32707,31,10
timeStep,numberOfRobotsOnBlackSite,numberOfRobotsOnWhiteSite
32708,31,10
timeStep,numberOfRobotsOnBlackSite,numberOfRobotsOnWhiteSite
32709,31,10
timeStep,numberOfRobotsOnBlackSite,numberOfRobotsOnWhiteSite
32710,31,10
timeStep,numberOfRobotsOnBlackSite,numberOfRobotsOnWhiteSite
32711,31,10
timeStep,numberOfRobotsOnBlackSite,numberOfRobotsOnWhiteSite
32712,31,10
timeStep,numberOfRobotsOnBlackSite,numberOfRobotsOnWhiteSite
32713,31,10
timeStep,numberOfRobotsOnBlackSite,numberOfRobotsOnWhiteSite
32714,31,10
timeStep,numberOfRobotsOnBlackSite,numberOfRobotsOnWhiteSite
32715,31,10
timeStep,numberOfRobotsOnBlackSite,numberOfRobotsOnWhiteSite
32716,31,10
timeStep,numberOfRobotsOnBlackSite,numberOfRobotsOnWhiteSite
32717,31,10
timeStep,numberOfRobotsOnBlackSite,numberOfRobotsOnWhiteSite
32718,31,10
timeStep,numberOfRobotsOnBlackSite,numberOfRobotsOnWhiteSite
32719,31,10
timeStep,numberOfRobotsOnBlackSite,numberOfRobotsOnWhiteSite
32720,31,10
timeStep,numberOfRobotsOnBlackSite,numberOfRobotsOnWhiteSite
32721,31,10
timeStep,numberOfRobotsOnBlackSite,numberOfRobotsOnWhiteSite
32722,31,10
timeStep,numberOfRobotsOnBlackSite,numberOfRobotsOnWhiteSite
32723,31,10
timeStep,numberOfRobotsOnBlackSite,numberOfRobotsOnWhiteSite
32724,31,10
timeStep,numberOfRobotsOnBlackSite,numberOfRobotsOnWhiteSite
32725,31,10
timeStep,numberOfRobotsOnBlackSite,numberOfRobotsOnWhiteSite
32726,31,10
timeStep,numberOfRobotsOnBlackSite,numberOfRobotsOnWhiteSite
32727,31,10
timeStep,numberOfRobotsOnBlackSite,numberOfRobotsOnWhiteSite
32728,31,10
timeStep,numberOfRobotsOnBlackSite,numberOfRobotsOnWhiteSite
32729,31,10
timeStep,numberOfRobotsOnBlackSite,numberOfRobotsOnWhiteSite
32730,31,10
timeStep,numberOfRobotsOnBlackSite,numberOfRobotsOnWhiteSite
32731,31,10
timeStep,numberOfRobotsOnBlackSite,numberOfRobotsOnWhiteSite
32732,31,10
timeStep,numberOfRobotsOnBlackSite,numberOfRobotsOnWhiteSite
32733,31,10
timeStep,numberOfRobotsOnBlackSite,numberOfRobotsOnWhiteSite
32734,31,10
timeStep,numberOfRobotsOnBlackSite,numberOfRobotsOnWhiteSite
32735,31,10
timeStep,numberOfRobotsOnBlackSite,numberOfRobotsOnWhiteSite
32736,31,10
timeStep,numberOfRobotsOnBlackSite,numberOfRobotsOnWhiteSite
32737,31,10
timeStep,numberOfRobotsOnBlackSite,numberOfRobotsOnWhiteSite
32738,31,10
timeStep,numberOfRobotsOnBlackSite,numberOfRobotsOnWhiteSite
32739,31,10
timeStep,numberOfRobotsOnBlackSite,numberOfRobotsOnWhiteSite
32740,31,10
timeStep,numberOfRobotsOnBlackSite,numberOfRobotsOnWhiteSite
32741,31,10
timeStep,numberOfRobotsOnBlackSite,numberOfRobotsOnWhiteSite
32742,31,10
timeStep,numberOfRobotsOnBlackSite,numberOfRobotsOnWhiteSite
32743,31,10
timeStep,numberOfRobotsOnBlackSite,numberOfRobotsOnWhiteSite
32744,31,10
timeStep,numberOfRobotsOnBlackSite,numberOfRobotsOnWhiteSite
32745,31,10
timeStep,numberOfRobotsOnBlackSite,numberOfRobotsOnWhiteSite
32746,31,10
timeStep,numberOfRobotsOnBlackSite,numberOfRobotsOnWhiteSite
32747,31,10
timeStep,numberOfRobotsOnBlackSite,numberOfRobotsOnWhiteSite
32748,31,10
timeStep,numberOfRobotsOnBlackSite,numberOfRobotsOnWhiteSite
32749,31,10
timeStep,numberOfRobotsOnBlackSite,numberOfRobotsOnWhiteSite
32750,31,10
timeStep,numberOfRobotsOnBlackSite,numberOfRobotsOnWhiteSite
32751,31,10
timeStep,numberOfRobotsOnBlackSite,numberOfRobotsOnWhiteSite
32752,31,10
timeStep,numberOfRobotsOnBlackSite,numberOfRobotsOnWhiteSite
32753,31,10
timeStep,numberOfRobotsOnBlackSite,numberOfRobotsOnWhiteSite
32754,31,10
timeStep,numberOfRobotsOnBlackSite,numberOfRobotsOnWhiteSite
32755,31,10
timeStep,numberOfRobotsOnBlackSite,numberOfRobotsOnWhiteSite
32756,31,10
timeStep,numberOfRobotsOnBlackSite,numberOfRobotsOnWhiteSite
32757,31,10
timeStep,numberOfRobotsOnBlackSite,numberOfRobotsOnWhiteSite
32758,31,10
timeStep,numberOfRobotsOnBlackSite,numberOfRobotsOnWhiteSite
32759,31,10
timeStep,numberOfRobotsOnBlackSite,numberOfRobotsOnWhiteSite
32760,31,10
timeStep,numberOfRobotsOnBlackSite,numberOfRobotsOnWhiteSite
32761,31,10
timeStep,numberOfRobotsOnBlackSite,numberOfRobotsOnWhiteSite
32762,31,10
timeStep,numberOfRobotsOnBlackSite,numberOfRobotsOnWhiteSite
32763,31,10
timeStep,numberOfRobotsOnBlackSite,numberOfRobotsOnWhiteSite
32764,31,10
timeStep,numberOfRobotsOnBlackSite,numberOfRobotsOnWhiteSite
32765,31,10
timeStep,numberOfRobotsOnBlackSite,numberOfRobotsOnWhiteSite
32766,31,10
timeStep,numberOfRobotsOnBlackSite,numberOfRobotsOnWhiteSite
32767,31,10
timeStep,numberOfRobotsOnBlackSite,numberOfRobotsOnWhiteSite
32768,31,10
timeStep,numberOfRobotsOnBlackSite,numberOfRobotsOnWhiteSite
32769,31,10
timeStep,numberOfRobotsOnBlackSite,numberOfRobotsOnWhiteSite
32770,31,10
timeStep,numberOfRobotsOnBlackSite,numberOfRobotsOnWhiteSite
32771,31,10
timeStep,numberOfRobotsOnBlackSite,numberOfRobotsOnWhiteSite
32772,31,10
timeStep,numberOfRobotsOnBlackSite,numberOfRobotsOnWhiteSite
32773,31,10
timeStep,numberOfRobotsOnBlackSite,numberOfRobotsOnWhiteSite
32774,31,10
timeStep,numberOfRobotsOnBlackSite,numberOfRobotsOnWhiteSite
32775,31,10
timeStep,numberOfRobotsOnBlackSite,numberOfRobotsOnWhiteSite
32776,31,10
timeStep,numberOfRobotsOnBlackSite,numberOfRobotsOnWhiteSite
32777,31,10
timeStep,numberOfRobotsOnBlackSite,numberOfRobotsOnWhiteSite
32778,31,10
timeStep,numberOfRobotsOnBlackSite,numberOfRobotsOnWhiteSite
32779,31,10
timeStep,numberOfRobotsOnBlackSite,numberOfRobotsOnWhiteSite
32780,31,10
timeStep,numberOfRobotsOnBlackSite,numberOfRobotsOnWhiteSite
32781,31,10
timeStep,numberOfRobotsOnBlackSite,numberOfRobotsOnWhiteSite
32782,31,10
timeStep,numberOfRobotsOnBlackSite,numberOfRobotsOnWhiteSite
32783,31,10
timeStep,numberOfRobotsOnBlackSite,numberOfRobotsOnWhiteSite
32784,31,10
timeStep,numberOfRobotsOnBlackSite,numberOfRobotsOnWhiteSite
32785,31,10
timeStep,numberOfRobotsOnBlackSite,numberOfRobotsOnWhiteSite
32786,31,10
timeStep,numberOfRobotsOnBlackSite,numberOfRobotsOnWhiteSite
32787,31,10
timeStep,numberOfRobotsOnBlackSite,numberOfRobotsOnWhiteSite
32788,31,10
timeStep,numberOfRobotsOnBlackSite,numberOfRobotsOnWhiteSite
32789,31,10
timeStep,numberOfRobotsOnBlackSite,numberOfRobotsOnWhiteSite
32790,31,10
timeStep,numberOfRobotsOnBlackSite,numberOfRobotsOnWhiteSite
32791,31,10
timeStep,numberOfRobotsOnBlackSite,numberOfRobotsOnWhiteSite
32792,31,10
timeStep,numberOfRobotsOnBlackSite,numberOfRobotsOnWhiteSite
32793,31,10
timeStep,numberOfRobotsOnBlackSite,numberOfRobotsOnWhiteSite
32794,31,10
timeStep,numberOfRobotsOnBlackSite,numberOfRobotsOnWhiteSite
32795,31,10
timeStep,numberOfRobotsOnBlackSite,numberOfRobotsOnWhiteSite
32796,31,10
timeStep,numberOfRobotsOnBlackSite,numberOfRobotsOnWhiteSite
32797,31,10
timeStep,numberOfRobotsOnBlackSite,numberOfRobotsOnWhiteSite
32798,31,10
timeStep,numberOfRobotsOnBlackSite,numberOfRobotsOnWhiteSite
32799,31,10
timeStep,numberOfRobotsOnBlackSite,numberOfRobotsOnWhiteSite
32800,31,10
timeStep,numberOfRobotsOnBlackSite,numberOfRobotsOnWhiteSite
32801,31,10
timeStep,numberOfRobotsOnBlackSite,numberOfRobotsOnWhiteSite
32802,31,10
timeStep,numberOfRobotsOnBlackSite,numberOfRobotsOnWhiteSite
32803,31,10
timeStep,numberOfRobotsOnBlackSite,numberOfRobotsOnWhiteSite
32804,31,10
timeStep,numberOfRobotsOnBlackSite,numberOfRobotsOnWhiteSite
32805,31,10
timeStep,numberOfRobotsOnBlackSite,numberOfRobotsOnWhiteSite
32806,31,10
timeStep,numberOfRobotsOnBlackSite,numberOfRobotsOnWhiteSite
32807,31,10
timeStep,numberOfRobotsOnBlackSite,numberOfRobotsOnWhiteSite
32808,31,10
timeStep,numberOfRobotsOnBlackSite,numberOfRobotsOnWhiteSite
32809,31,10
timeStep,numberOfRobotsOnBlackSite,numberOfRobotsOnWhiteSite
32810,31,10
timeStep,numberOfRobotsOnBlackSite,numberOfRobotsOnWhiteSite
32811,31,10
timeStep,numberOfRobotsOnBlackSite,numberOfRobotsOnWhiteSite
32812,31,10
timeStep,numberOfRobotsOnBlackSite,numberOfRobotsOnWhiteSite
32813,31,10
timeStep,numberOfRobotsOnBlackSite,numberOfRobotsOnWhiteSite
32814,31,10
timeStep,numberOfRobotsOnBlackSite,numberOfRobotsOnWhiteSite
32815,31,10
timeStep,numberOfRobotsOnBlackSite,numberOfRobotsOnWhiteSite
32816,31,10
timeStep,numberOfRobotsOnBlackSite,numberOfRobotsOnWhiteSite
32817,31,10
timeStep,numberOfRobotsOnBlackSite,numberOfRobotsOnWhiteSite
32818,31,10
timeStep,numberOfRobotsOnBlackSite,numberOfRobotsOnWhiteSite
32819,31,10
timeStep,numberOfRobotsOnBlackSite,numberOfRobotsOnWhiteSite
32820,31,10
timeStep,numberOfRobotsOnBlackSite,numberOfRobotsOnWhiteSite
32821,31,10
timeStep,numberOfRobotsOnBlackSite,numberOfRobotsOnWhiteSite
32822,31,10
timeStep,numberOfRobotsOnBlackSite,numberOfRobotsOnWhiteSite
32823,31,10
timeStep,numberOfRobotsOnBlackSite,numberOfRobotsOnWhiteSite
32824,31,10
timeStep,numberOfRobotsOnBlackSite,numberOfRobotsOnWhiteSite
32825,31,10
timeStep,numberOfRobotsOnBlackSite,numberOfRobotsOnWhiteSite
32826,31,10
timeStep,numberOfRobotsOnBlackSite,numberOfRobotsOnWhiteSite
32827,31,10
timeStep,numberOfRobotsOnBlackSite,numberOfRobotsOnWhiteSite
32828,31,10
timeStep,numberOfRobotsOnBlackSite,numberOfRobotsOnWhiteSite
32829,31,10
timeStep,numberOfRobotsOnBlackSite,numberOfRobotsOnWhiteSite
32830,31,10
timeStep,numberOfRobotsOnBlackSite,numberOfRobotsOnWhiteSite
32831,31,10
timeStep,numberOfRobotsOnBlackSite,numberOfRobotsOnWhiteSite
32832,31,10
timeStep,numberOfRobotsOnBlackSite,numberOfRobotsOnWhiteSite
32833,31,10
timeStep,numberOfRobotsOnBlackSite,numberOfRobotsOnWhiteSite
32834,31,10
timeStep,numberOfRobotsOnBlackSite,numberOfRobotsOnWhiteSite
32835,31,10
timeStep,numberOfRobotsOnBlackSite,numberOfRobotsOnWhiteSite
32836,31,10
timeStep,numberOfRobotsOnBlackSite,numberOfRobotsOnWhiteSite
32837,31,10
timeStep,numberOfRobotsOnBlackSite,numberOfRobotsOnWhiteSite
32838,31,10
timeStep,numberOfRobotsOnBlackSite,numberOfRobotsOnWhiteSite
32839,31,10
timeStep,numberOfRobotsOnBlackSite,numberOfRobotsOnWhiteSite
32840,31,10
timeStep,numberOfRobotsOnBlackSite,numberOfRobotsOnWhiteSite
32841,31,10
timeStep,numberOfRobotsOnBlackSite,numberOfRobotsOnWhiteSite
32842,31,10
timeStep,numberOfRobotsOnBlackSite,numberOfRobotsOnWhiteSite
32843,31,10
timeStep,numberOfRobotsOnBlackSite,numberOfRobotsOnWhiteSite
32844,31,10
timeStep,numberOfRobotsOnBlackSite,numberOfRobotsOnWhiteSite
32845,31,10
timeStep,numberOfRobotsOnBlackSite,numberOfRobotsOnWhiteSite
32846,31,10
timeStep,numberOfRobotsOnBlackSite,numberOfRobotsOnWhiteSite
32847,31,10
timeStep,numberOfRobotsOnBlackSite,numberOfRobotsOnWhiteSite
32848,31,10
timeStep,numberOfRobotsOnBlackSite,numberOfRobotsOnWhiteSite
32849,31,10
timeStep,numberOfRobotsOnBlackSite,numberOfRobotsOnWhiteSite
32850,31,10
timeStep,numberOfRobotsOnBlackSite,numberOfRobotsOnWhiteSite
32851,31,10
timeStep,numberOfRobotsOnBlackSite,numberOfRobotsOnWhiteSite
32852,31,10
timeStep,numberOfRobotsOnBlackSite,numberOfRobotsOnWhiteSite
32853,31,10
timeStep,numberOfRobotsOnBlackSite,numberOfRobotsOnWhiteSite
32854,31,10
timeStep,numberOfRobotsOnBlackSite,numberOfRobotsOnWhiteSite
32855,31,10
timeStep,numberOfRobotsOnBlackSite,numberOfRobotsOnWhiteSite
32856,31,10
timeStep,numberOfRobotsOnBlackSite,numberOfRobotsOnWhiteSite
32857,31,10
timeStep,numberOfRobotsOnBlackSite,numberOfRobotsOnWhiteSite
32858,31,10
timeStep,numberOfRobotsOnBlackSite,numberOfRobotsOnWhiteSite
32859,31,10
timeStep,numberOfRobotsOnBlackSite,numberOfRobotsOnWhiteSite
32860,31,10
timeStep,numberOfRobotsOnBlackSite,numberOfRobotsOnWhiteSite
32861,31,10
timeStep,numberOfRobotsOnBlackSite,numberOfRobotsOnWhiteSite
32862,31,10
timeStep,numberOfRobotsOnBlackSite,numberOfRobotsOnWhiteSite
32863,31,10
timeStep,numberOfRobotsOnBlackSite,numberOfRobotsOnWhiteSite
32864,31,10
timeStep,numberOfRobotsOnBlackSite,numberOfRobotsOnWhiteSite
32865,31,10
timeStep,numberOfRobotsOnBlackSite,numberOfRobotsOnWhiteSite
32866,31,10
timeStep,numberOfRobotsOnBlackSite,numberOfRobotsOnWhiteSite
32867,31,10
timeStep,numberOfRobotsOnBlackSite,numberOfRobotsOnWhiteSite
32868,31,10
timeStep,numberOfRobotsOnBlackSite,numberOfRobotsOnWhiteSite
32869,31,10
timeStep,numberOfRobotsOnBlackSite,numberOfRobotsOnWhiteSite
32870,31,10
timeStep,numberOfRobotsOnBlackSite,numberOfRobotsOnWhiteSite
32871,31,10
timeStep,numberOfRobotsOnBlackSite,numberOfRobotsOnWhiteSite
32872,31,10
timeStep,numberOfRobotsOnBlackSite,numberOfRobotsOnWhiteSite
32873,31,10
timeStep,numberOfRobotsOnBlackSite,numberOfRobotsOnWhiteSite
32874,31,10
timeStep,numberOfRobotsOnBlackSite,numberOfRobotsOnWhiteSite
32875,31,10
timeStep,numberOfRobotsOnBlackSite,numberOfRobotsOnWhiteSite
32876,31,10
timeStep,numberOfRobotsOnBlackSite,numberOfRobotsOnWhiteSite
32877,31,10
timeStep,numberOfRobotsOnBlackSite,numberOfRobotsOnWhiteSite
32878,31,10
timeStep,numberOfRobotsOnBlackSite,numberOfRobotsOnWhiteSite
32879,31,10
timeStep,numberOfRobotsOnBlackSite,numberOfRobotsOnWhiteSite
32880,31,10
timeStep,numberOfRobotsOnBlackSite,numberOfRobotsOnWhiteSite
32881,31,10
timeStep,numberOfRobotsOnBlackSite,numberOfRobotsOnWhiteSite
32882,31,10
timeStep,numberOfRobotsOnBlackSite,numberOfRobotsOnWhiteSite
32883,31,10
timeStep,numberOfRobotsOnBlackSite,numberOfRobotsOnWhiteSite
32884,31,10
timeStep,numberOfRobotsOnBlackSite,numberOfRobotsOnWhiteSite
32885,31,10
timeStep,numberOfRobotsOnBlackSite,numberOfRobotsOnWhiteSite
32886,31,10
timeStep,numberOfRobotsOnBlackSite,numberOfRobotsOnWhiteSite
32887,31,10
timeStep,numberOfRobotsOnBlackSite,numberOfRobotsOnWhiteSite
32888,31,10
timeStep,numberOfRobotsOnBlackSite,numberOfRobotsOnWhiteSite
32889,31,10
timeStep,numberOfRobotsOnBlackSite,numberOfRobotsOnWhiteSite
32890,31,10
timeStep,numberOfRobotsOnBlackSite,numberOfRobotsOnWhiteSite
32891,31,10
timeStep,numberOfRobotsOnBlackSite,numberOfRobotsOnWhiteSite
32892,31,10
timeStep,numberOfRobotsOnBlackSite,numberOfRobotsOnWhiteSite
32893,31,10
timeStep,numberOfRobotsOnBlackSite,numberOfRobotsOnWhiteSite
32894,31,10
timeStep,numberOfRobotsOnBlackSite,numberOfRobotsOnWhiteSite
32895,31,10
timeStep,numberOfRobotsOnBlackSite,numberOfRobotsOnWhiteSite
32896,31,10
timeStep,numberOfRobotsOnBlackSite,numberOfRobotsOnWhiteSite
32897,31,10
timeStep,numberOfRobotsOnBlackSite,numberOfRobotsOnWhiteSite
32898,31,10
timeStep,numberOfRobotsOnBlackSite,numberOfRobotsOnWhiteSite
32899,31,10
timeStep,numberOfRobotsOnBlackSite,numberOfRobotsOnWhiteSite
32900,31,10
timeStep,numberOfRobotsOnBlackSite,numberOfRobotsOnWhiteSite
32901,31,10
timeStep,numberOfRobotsOnBlackSite,numberOfRobotsOnWhiteSite
32902,31,10
timeStep,numberOfRobotsOnBlackSite,numberOfRobotsOnWhiteSite
32903,31,10
timeStep,numberOfRobotsOnBlackSite,numberOfRobotsOnWhiteSite
32904,31,10
timeStep,numberOfRobotsOnBlackSite,numberOfRobotsOnWhiteSite
32905,31,10
timeStep,numberOfRobotsOnBlackSite,numberOfRobotsOnWhiteSite
32906,31,10
timeStep,numberOfRobotsOnBlackSite,numberOfRobotsOnWhiteSite
32907,31,10
timeStep,numberOfRobotsOnBlackSite,numberOfRobotsOnWhiteSite
32908,31,10
timeStep,numberOfRobotsOnBlackSite,numberOfRobotsOnWhiteSite
32909,31,10
timeStep,numberOfRobotsOnBlackSite,numberOfRobotsOnWhiteSite
32910,31,10
timeStep,numberOfRobotsOnBlackSite,numberOfRobotsOnWhiteSite
32911,31,10
timeStep,numberOfRobotsOnBlackSite,numberOfRobotsOnWhiteSite
32912,31,10
timeStep,numberOfRobotsOnBlackSite,numberOfRobotsOnWhiteSite
32913,31,10
timeStep,numberOfRobotsOnBlackSite,numberOfRobotsOnWhiteSite
32914,31,10
timeStep,numberOfRobotsOnBlackSite,numberOfRobotsOnWhiteSite
32915,31,10
timeStep,numberOfRobotsOnBlackSite,numberOfRobotsOnWhiteSite
32916,31,10
timeStep,numberOfRobotsOnBlackSite,numberOfRobotsOnWhiteSite
32917,31,10
timeStep,numberOfRobotsOnBlackSite,numberOfRobotsOnWhiteSite
32918,31,10
timeStep,numberOfRobotsOnBlackSite,numberOfRobotsOnWhiteSite
32919,31,10
timeStep,numberOfRobotsOnBlackSite,numberOfRobotsOnWhiteSite
32920,31,10
timeStep,numberOfRobotsOnBlackSite,numberOfRobotsOnWhiteSite
32921,31,10
timeStep,numberOfRobotsOnBlackSite,numberOfRobotsOnWhiteSite
32922,31,10
timeStep,numberOfRobotsOnBlackSite,numberOfRobotsOnWhiteSite
32923,31,10
timeStep,numberOfRobotsOnBlackSite,numberOfRobotsOnWhiteSite
32924,31,10
timeStep,numberOfRobotsOnBlackSite,numberOfRobotsOnWhiteSite
32925,31,10
timeStep,numberOfRobotsOnBlackSite,numberOfRobotsOnWhiteSite
32926,31,10
timeStep,numberOfRobotsOnBlackSite,numberOfRobotsOnWhiteSite
32927,31,10
timeStep,numberOfRobotsOnBlackSite,numberOfRobotsOnWhiteSite
32928,31,10
timeStep,numberOfRobotsOnBlackSite,numberOfRobotsOnWhiteSite
32929,31,10
timeStep,numberOfRobotsOnBlackSite,numberOfRobotsOnWhiteSite
32930,31,10
timeStep,numberOfRobotsOnBlackSite,numberOfRobotsOnWhiteSite
32931,31,10
timeStep,numberOfRobotsOnBlackSite,numberOfRobotsOnWhiteSite
32932,31,10
timeStep,numberOfRobotsOnBlackSite,numberOfRobotsOnWhiteSite
32933,31,10
timeStep,numberOfRobotsOnBlackSite,numberOfRobotsOnWhiteSite
32934,31,10
timeStep,numberOfRobotsOnBlackSite,numberOfRobotsOnWhiteSite
32935,31,10
timeStep,numberOfRobotsOnBlackSite,numberOfRobotsOnWhiteSite
32936,31,10
timeStep,numberOfRobotsOnBlackSite,numberOfRobotsOnWhiteSite
32937,31,10
timeStep,numberOfRobotsOnBlackSite,numberOfRobotsOnWhiteSite
32938,31,10
timeStep,numberOfRobotsOnBlackSite,numberOfRobotsOnWhiteSite
32939,31,10
timeStep,numberOfRobotsOnBlackSite,numberOfRobotsOnWhiteSite
32940,31,10
timeStep,numberOfRobotsOnBlackSite,numberOfRobotsOnWhiteSite
32941,31,10
timeStep,numberOfRobotsOnBlackSite,numberOfRobotsOnWhiteSite
32942,31,10
timeStep,numberOfRobotsOnBlackSite,numberOfRobotsOnWhiteSite
32943,31,10
timeStep,numberOfRobotsOnBlackSite,numberOfRobotsOnWhiteSite
32944,31,10
timeStep,numberOfRobotsOnBlackSite,numberOfRobotsOnWhiteSite
32945,31,10
timeStep,numberOfRobotsOnBlackSite,numberOfRobotsOnWhiteSite
32946,31,10
timeStep,numberOfRobotsOnBlackSite,numberOfRobotsOnWhiteSite
32947,31,10
timeStep,numberOfRobotsOnBlackSite,numberOfRobotsOnWhiteSite
32948,31,10
timeStep,numberOfRobotsOnBlackSite,numberOfRobotsOnWhiteSite
32949,31,10
timeStep,numberOfRobotsOnBlackSite,numberOfRobotsOnWhiteSite
32950,31,10
timeStep,numberOfRobotsOnBlackSite,numberOfRobotsOnWhiteSite
32951,31,10
timeStep,numberOfRobotsOnBlackSite,numberOfRobotsOnWhiteSite
32952,31,10
timeStep,numberOfRobotsOnBlackSite,numberOfRobotsOnWhiteSite
32953,31,10
timeStep,numberOfRobotsOnBlackSite,numberOfRobotsOnWhiteSite
32954,31,10
timeStep,numberOfRobotsOnBlackSite,numberOfRobotsOnWhiteSite
32955,31,10
timeStep,numberOfRobotsOnBlackSite,numberOfRobotsOnWhiteSite
32956,31,10
timeStep,numberOfRobotsOnBlackSite,numberOfRobotsOnWhiteSite
32957,31,10
timeStep,numberOfRobotsOnBlackSite,numberOfRobotsOnWhiteSite
32958,31,10
timeStep,numberOfRobotsOnBlackSite,numberOfRobotsOnWhiteSite
32959,31,10
timeStep,numberOfRobotsOnBlackSite,numberOfRobotsOnWhiteSite
32960,31,10
timeStep,numberOfRobotsOnBlackSite,numberOfRobotsOnWhiteSite
32961,31,10
timeStep,numberOfRobotsOnBlackSite,numberOfRobotsOnWhiteSite
32962,31,10
timeStep,numberOfRobotsOnBlackSite,numberOfRobotsOnWhiteSite
32963,31,10
timeStep,numberOfRobotsOnBlackSite,numberOfRobotsOnWhiteSite
32964,31,10
timeStep,numberOfRobotsOnBlackSite,numberOfRobotsOnWhiteSite
32965,31,10
timeStep,numberOfRobotsOnBlackSite,numberOfRobotsOnWhiteSite
32966,31,10
timeStep,numberOfRobotsOnBlackSite,numberOfRobotsOnWhiteSite
32967,31,10
timeStep,numberOfRobotsOnBlackSite,numberOfRobotsOnWhiteSite
32968,31,10
timeStep,numberOfRobotsOnBlackSite,numberOfRobotsOnWhiteSite
32969,31,10
timeStep,numberOfRobotsOnBlackSite,numberOfRobotsOnWhiteSite
32970,31,10
timeStep,numberOfRobotsOnBlackSite,numberOfRobotsOnWhiteSite
32971,31,10
timeStep,numberOfRobotsOnBlackSite,numberOfRobotsOnWhiteSite
32972,31,10
timeStep,numberOfRobotsOnBlackSite,numberOfRobotsOnWhiteSite
32973,31,10
timeStep,numberOfRobotsOnBlackSite,numberOfRobotsOnWhiteSite
32974,31,10
timeStep,numberOfRobotsOnBlackSite,numberOfRobotsOnWhiteSite
32975,31,10
timeStep,numberOfRobotsOnBlackSite,numberOfRobotsOnWhiteSite
32976,31,10
timeStep,numberOfRobotsOnBlackSite,numberOfRobotsOnWhiteSite
32977,31,10
timeStep,numberOfRobotsOnBlackSite,numberOfRobotsOnWhiteSite
32978,31,10
timeStep,numberOfRobotsOnBlackSite,numberOfRobotsOnWhiteSite
32979,31,10
timeStep,numberOfRobotsOnBlackSite,numberOfRobotsOnWhiteSite
32980,31,10
timeStep,numberOfRobotsOnBlackSite,numberOfRobotsOnWhiteSite
32981,31,10
timeStep,numberOfRobotsOnBlackSite,numberOfRobotsOnWhiteSite
32982,31,10
timeStep,numberOfRobotsOnBlackSite,numberOfRobotsOnWhiteSite
32983,31,10
timeStep,numberOfRobotsOnBlackSite,numberOfRobotsOnWhiteSite
32984,31,10
timeStep,numberOfRobotsOnBlackSite,numberOfRobotsOnWhiteSite
32985,31,10
timeStep,numberOfRobotsOnBlackSite,numberOfRobotsOnWhiteSite
32986,31,10
timeStep,numberOfRobotsOnBlackSite,numberOfRobotsOnWhiteSite
32987,31,10
timeStep,numberOfRobotsOnBlackSite,numberOfRobotsOnWhiteSite
32988,31,10
timeStep,numberOfRobotsOnBlackSite,numberOfRobotsOnWhiteSite
32989,31,10
timeStep,numberOfRobotsOnBlackSite,numberOfRobotsOnWhiteSite
32990,31,10
timeStep,numberOfRobotsOnBlackSite,numberOfRobotsOnWhiteSite
32991,31,10
timeStep,numberOfRobotsOnBlackSite,numberOfRobotsOnWhiteSite
32992,31,10
timeStep,numberOfRobotsOnBlackSite,numberOfRobotsOnWhiteSite
32993,31,10
timeStep,numberOfRobotsOnBlackSite,numberOfRobotsOnWhiteSite
32994,31,10
timeStep,numberOfRobotsOnBlackSite,numberOfRobotsOnWhiteSite
32995,31,10
timeStep,numberOfRobotsOnBlackSite,numberOfRobotsOnWhiteSite
32996,31,10
timeStep,numberOfRobotsOnBlackSite,numberOfRobotsOnWhiteSite
32997,31,10
timeStep,numberOfRobotsOnBlackSite,numberOfRobotsOnWhiteSite
32998,31,10
timeStep,numberOfRobotsOnBlackSite,numberOfRobotsOnWhiteSite
32999,31,10
timeStep,numberOfRobotsOnBlackSite,numberOfRobotsOnWhiteSite
33000,31,10
timeStep,numberOfRobotsOnBlackSite,numberOfRobotsOnWhiteSite
33001,31,10
timeStep,numberOfRobotsOnBlackSite,numberOfRobotsOnWhiteSite
33002,31,10
timeStep,numberOfRobotsOnBlackSite,numberOfRobotsOnWhiteSite
33003,31,10
timeStep,numberOfRobotsOnBlackSite,numberOfRobotsOnWhiteSite
33004,31,10
timeStep,numberOfRobotsOnBlackSite,numberOfRobotsOnWhiteSite
33005,31,10
timeStep,numberOfRobotsOnBlackSite,numberOfRobotsOnWhiteSite
33006,31,10
timeStep,numberOfRobotsOnBlackSite,numberOfRobotsOnWhiteSite
33007,31,10
timeStep,numberOfRobotsOnBlackSite,numberOfRobotsOnWhiteSite
33008,31,10
timeStep,numberOfRobotsOnBlackSite,numberOfRobotsOnWhiteSite
33009,31,10
timeStep,numberOfRobotsOnBlackSite,numberOfRobotsOnWhiteSite
33010,31,10
timeStep,numberOfRobotsOnBlackSite,numberOfRobotsOnWhiteSite
33011,31,10
timeStep,numberOfRobotsOnBlackSite,numberOfRobotsOnWhiteSite
33012,31,10
timeStep,numberOfRobotsOnBlackSite,numberOfRobotsOnWhiteSite
33013,31,10
timeStep,numberOfRobotsOnBlackSite,numberOfRobotsOnWhiteSite
33014,31,10
timeStep,numberOfRobotsOnBlackSite,numberOfRobotsOnWhiteSite
33015,31,10
timeStep,numberOfRobotsOnBlackSite,numberOfRobotsOnWhiteSite
33016,31,10
timeStep,numberOfRobotsOnBlackSite,numberOfRobotsOnWhiteSite
33017,31,10
timeStep,numberOfRobotsOnBlackSite,numberOfRobotsOnWhiteSite
33018,31,10
timeStep,numberOfRobotsOnBlackSite,numberOfRobotsOnWhiteSite
33019,31,10
timeStep,numberOfRobotsOnBlackSite,numberOfRobotsOnWhiteSite
33020,31,10
timeStep,numberOfRobotsOnBlackSite,numberOfRobotsOnWhiteSite
33021,31,10
timeStep,numberOfRobotsOnBlackSite,numberOfRobotsOnWhiteSite
33022,31,10
timeStep,numberOfRobotsOnBlackSite,numberOfRobotsOnWhiteSite
33023,31,10
timeStep,numberOfRobotsOnBlackSite,numberOfRobotsOnWhiteSite
33024,31,10
timeStep,numberOfRobotsOnBlackSite,numberOfRobotsOnWhiteSite
33025,31,10
timeStep,numberOfRobotsOnBlackSite,numberOfRobotsOnWhiteSite
33026,31,10
timeStep,numberOfRobotsOnBlackSite,numberOfRobotsOnWhiteSite
33027,31,10
timeStep,numberOfRobotsOnBlackSite,numberOfRobotsOnWhiteSite
33028,31,10
timeStep,numberOfRobotsOnBlackSite,numberOfRobotsOnWhiteSite
33029,31,10
timeStep,numberOfRobotsOnBlackSite,numberOfRobotsOnWhiteSite
33030,31,10
timeStep,numberOfRobotsOnBlackSite,numberOfRobotsOnWhiteSite
33031,31,10
timeStep,numberOfRobotsOnBlackSite,numberOfRobotsOnWhiteSite
33032,31,10
timeStep,numberOfRobotsOnBlackSite,numberOfRobotsOnWhiteSite
33033,31,10
timeStep,numberOfRobotsOnBlackSite,numberOfRobotsOnWhiteSite
33034,31,10
timeStep,numberOfRobotsOnBlackSite,numberOfRobotsOnWhiteSite
33035,31,10
timeStep,numberOfRobotsOnBlackSite,numberOfRobotsOnWhiteSite
33036,31,10
timeStep,numberOfRobotsOnBlackSite,numberOfRobotsOnWhiteSite
33037,31,10
timeStep,numberOfRobotsOnBlackSite,numberOfRobotsOnWhiteSite
33038,31,10
timeStep,numberOfRobotsOnBlackSite,numberOfRobotsOnWhiteSite
33039,31,10
timeStep,numberOfRobotsOnBlackSite,numberOfRobotsOnWhiteSite
33040,31,10
timeStep,numberOfRobotsOnBlackSite,numberOfRobotsOnWhiteSite
33041,31,10
timeStep,numberOfRobotsOnBlackSite,numberOfRobotsOnWhiteSite
33042,31,10
timeStep,numberOfRobotsOnBlackSite,numberOfRobotsOnWhiteSite
33043,31,10
timeStep,numberOfRobotsOnBlackSite,numberOfRobotsOnWhiteSite
33044,31,10
timeStep,numberOfRobotsOnBlackSite,numberOfRobotsOnWhiteSite
33045,31,10
timeStep,numberOfRobotsOnBlackSite,numberOfRobotsOnWhiteSite
33046,31,10
timeStep,numberOfRobotsOnBlackSite,numberOfRobotsOnWhiteSite
33047,31,10
timeStep,numberOfRobotsOnBlackSite,numberOfRobotsOnWhiteSite
33048,31,10
timeStep,numberOfRobotsOnBlackSite,numberOfRobotsOnWhiteSite
33049,31,10
timeStep,numberOfRobotsOnBlackSite,numberOfRobotsOnWhiteSite
33050,31,10
timeStep,numberOfRobotsOnBlackSite,numberOfRobotsOnWhiteSite
33051,31,10
timeStep,numberOfRobotsOnBlackSite,numberOfRobotsOnWhiteSite
33052,31,10
timeStep,numberOfRobotsOnBlackSite,numberOfRobotsOnWhiteSite
33053,31,10
timeStep,numberOfRobotsOnBlackSite,numberOfRobotsOnWhiteSite
33054,31,10
timeStep,numberOfRobotsOnBlackSite,numberOfRobotsOnWhiteSite
33055,31,10
timeStep,numberOfRobotsOnBlackSite,numberOfRobotsOnWhiteSite
33056,31,10
timeStep,numberOfRobotsOnBlackSite,numberOfRobotsOnWhiteSite
33057,31,10
timeStep,numberOfRobotsOnBlackSite,numberOfRobotsOnWhiteSite
33058,31,10
timeStep,numberOfRobotsOnBlackSite,numberOfRobotsOnWhiteSite
33059,31,10
timeStep,numberOfRobotsOnBlackSite,numberOfRobotsOnWhiteSite
33060,31,10
timeStep,numberOfRobotsOnBlackSite,numberOfRobotsOnWhiteSite
33061,31,10
timeStep,numberOfRobotsOnBlackSite,numberOfRobotsOnWhiteSite
33062,31,10
timeStep,numberOfRobotsOnBlackSite,numberOfRobotsOnWhiteSite
33063,31,10
timeStep,numberOfRobotsOnBlackSite,numberOfRobotsOnWhiteSite
33064,31,10
timeStep,numberOfRobotsOnBlackSite,numberOfRobotsOnWhiteSite
33065,31,10
timeStep,numberOfRobotsOnBlackSite,numberOfRobotsOnWhiteSite
33066,31,10
timeStep,numberOfRobotsOnBlackSite,numberOfRobotsOnWhiteSite
33067,31,10
timeStep,numberOfRobotsOnBlackSite,numberOfRobotsOnWhiteSite
33068,31,10
timeStep,numberOfRobotsOnBlackSite,numberOfRobotsOnWhiteSite
33069,31,10
timeStep,numberOfRobotsOnBlackSite,numberOfRobotsOnWhiteSite
33070,30,10
timeStep,numberOfRobotsOnBlackSite,numberOfRobotsOnWhiteSite
33071,30,10
timeStep,numberOfRobotsOnBlackSite,numberOfRobotsOnWhiteSite
33072,30,10
timeStep,numberOfRobotsOnBlackSite,numberOfRobotsOnWhiteSite
33073,30,10
timeStep,numberOfRobotsOnBlackSite,numberOfRobotsOnWhiteSite
33074,30,10
timeStep,numberOfRobotsOnBlackSite,numberOfRobotsOnWhiteSite
33075,30,10
timeStep,numberOfRobotsOnBlackSite,numberOfRobotsOnWhiteSite
33076,30,10
timeStep,numberOfRobotsOnBlackSite,numberOfRobotsOnWhiteSite
33077,30,10
timeStep,numberOfRobotsOnBlackSite,numberOfRobotsOnWhiteSite
33078,30,10
timeStep,numberOfRobotsOnBlackSite,numberOfRobotsOnWhiteSite
33079,30,10
timeStep,numberOfRobotsOnBlackSite,numberOfRobotsOnWhiteSite
33080,30,10
timeStep,numberOfRobotsOnBlackSite,numberOfRobotsOnWhiteSite
33081,30,10
timeStep,numberOfRobotsOnBlackSite,numberOfRobotsOnWhiteSite
33082,30,10
timeStep,numberOfRobotsOnBlackSite,numberOfRobotsOnWhiteSite
33083,30,10
timeStep,numberOfRobotsOnBlackSite,numberOfRobotsOnWhiteSite
33084,30,10
timeStep,numberOfRobotsOnBlackSite,numberOfRobotsOnWhiteSite
33085,30,10
timeStep,numberOfRobotsOnBlackSite,numberOfRobotsOnWhiteSite
33086,30,10
timeStep,numberOfRobotsOnBlackSite,numberOfRobotsOnWhiteSite
33087,30,10
timeStep,numberOfRobotsOnBlackSite,numberOfRobotsOnWhiteSite
33088,30,10
timeStep,numberOfRobotsOnBlackSite,numberOfRobotsOnWhiteSite
33089,30,10
timeStep,numberOfRobotsOnBlackSite,numberOfRobotsOnWhiteSite
33090,30,10
timeStep,numberOfRobotsOnBlackSite,numberOfRobotsOnWhiteSite
33091,30,10
timeStep,numberOfRobotsOnBlackSite,numberOfRobotsOnWhiteSite
33092,30,10
timeStep,numberOfRobotsOnBlackSite,numberOfRobotsOnWhiteSite
33093,30,10
timeStep,numberOfRobotsOnBlackSite,numberOfRobotsOnWhiteSite
33094,30,10
timeStep,numberOfRobotsOnBlackSite,numberOfRobotsOnWhiteSite
33095,30,10
timeStep,numberOfRobotsOnBlackSite,numberOfRobotsOnWhiteSite
33096,30,10
timeStep,numberOfRobotsOnBlackSite,numberOfRobotsOnWhiteSite
33097,30,10
timeStep,numberOfRobotsOnBlackSite,numberOfRobotsOnWhiteSite
33098,30,10
timeStep,numberOfRobotsOnBlackSite,numberOfRobotsOnWhiteSite
33099,30,10
timeStep,numberOfRobotsOnBlackSite,numberOfRobotsOnWhiteSite
33100,31,10
timeStep,numberOfRobotsOnBlackSite,numberOfRobotsOnWhiteSite
33101,31,10
timeStep,numberOfRobotsOnBlackSite,numberOfRobotsOnWhiteSite
33102,31,10
timeStep,numberOfRobotsOnBlackSite,numberOfRobotsOnWhiteSite
33103,31,10
timeStep,numberOfRobotsOnBlackSite,numberOfRobotsOnWhiteSite
33104,31,10
timeStep,numberOfRobotsOnBlackSite,numberOfRobotsOnWhiteSite
33105,31,10
timeStep,numberOfRobotsOnBlackSite,numberOfRobotsOnWhiteSite
33106,31,10
timeStep,numberOfRobotsOnBlackSite,numberOfRobotsOnWhiteSite
33107,31,10
timeStep,numberOfRobotsOnBlackSite,numberOfRobotsOnWhiteSite
33108,31,10
timeStep,numberOfRobotsOnBlackSite,numberOfRobotsOnWhiteSite
33109,31,10
timeStep,numberOfRobotsOnBlackSite,numberOfRobotsOnWhiteSite
33110,31,10
timeStep,numberOfRobotsOnBlackSite,numberOfRobotsOnWhiteSite
33111,31,10
timeStep,numberOfRobotsOnBlackSite,numberOfRobotsOnWhiteSite
33112,31,10
timeStep,numberOfRobotsOnBlackSite,numberOfRobotsOnWhiteSite
33113,31,10
timeStep,numberOfRobotsOnBlackSite,numberOfRobotsOnWhiteSite
33114,31,10
timeStep,numberOfRobotsOnBlackSite,numberOfRobotsOnWhiteSite
33115,31,10
timeStep,numberOfRobotsOnBlackSite,numberOfRobotsOnWhiteSite
33116,31,10
timeStep,numberOfRobotsOnBlackSite,numberOfRobotsOnWhiteSite
33117,31,10
timeStep,numberOfRobotsOnBlackSite,numberOfRobotsOnWhiteSite
33118,31,10
timeStep,numberOfRobotsOnBlackSite,numberOfRobotsOnWhiteSite
33119,31,10
timeStep,numberOfRobotsOnBlackSite,numberOfRobotsOnWhiteSite
33120,31,11
timeStep,numberOfRobotsOnBlackSite,numberOfRobotsOnWhiteSite
33121,31,11
timeStep,numberOfRobotsOnBlackSite,numberOfRobotsOnWhiteSite
33122,31,11
timeStep,numberOfRobotsOnBlackSite,numberOfRobotsOnWhiteSite
33123,31,11
timeStep,numberOfRobotsOnBlackSite,numberOfRobotsOnWhiteSite
33124,31,11
timeStep,numberOfRobotsOnBlackSite,numberOfRobotsOnWhiteSite
33125,31,11
timeStep,numberOfRobotsOnBlackSite,numberOfRobotsOnWhiteSite
33126,31,11
timeStep,numberOfRobotsOnBlackSite,numberOfRobotsOnWhiteSite
33127,31,11
timeStep,numberOfRobotsOnBlackSite,numberOfRobotsOnWhiteSite
33128,31,11
timeStep,numberOfRobotsOnBlackSite,numberOfRobotsOnWhiteSite
33129,31,11
timeStep,numberOfRobotsOnBlackSite,numberOfRobotsOnWhiteSite
33130,31,11
timeStep,numberOfRobotsOnBlackSite,numberOfRobotsOnWhiteSite
33131,31,11
timeStep,numberOfRobotsOnBlackSite,numberOfRobotsOnWhiteSite
33132,31,11
timeStep,numberOfRobotsOnBlackSite,numberOfRobotsOnWhiteSite
33133,31,11
timeStep,numberOfRobotsOnBlackSite,numberOfRobotsOnWhiteSite
33134,31,11
timeStep,numberOfRobotsOnBlackSite,numberOfRobotsOnWhiteSite
33135,31,11
timeStep,numberOfRobotsOnBlackSite,numberOfRobotsOnWhiteSite
33136,31,11
timeStep,numberOfRobotsOnBlackSite,numberOfRobotsOnWhiteSite
33137,31,11
timeStep,numberOfRobotsOnBlackSite,numberOfRobotsOnWhiteSite
33138,31,11
timeStep,numberOfRobotsOnBlackSite,numberOfRobotsOnWhiteSite
33139,31,11
timeStep,numberOfRobotsOnBlackSite,numberOfRobotsOnWhiteSite
33140,31,11
timeStep,numberOfRobotsOnBlackSite,numberOfRobotsOnWhiteSite
33141,31,11
timeStep,numberOfRobotsOnBlackSite,numberOfRobotsOnWhiteSite
33142,31,11
timeStep,numberOfRobotsOnBlackSite,numberOfRobotsOnWhiteSite
33143,31,11
timeStep,numberOfRobotsOnBlackSite,numberOfRobotsOnWhiteSite
33144,31,11
timeStep,numberOfRobotsOnBlackSite,numberOfRobotsOnWhiteSite
33145,31,10
timeStep,numberOfRobotsOnBlackSite,numberOfRobotsOnWhiteSite
33146,31,10
timeStep,numberOfRobotsOnBlackSite,numberOfRobotsOnWhiteSite
33147,31,10
timeStep,numberOfRobotsOnBlackSite,numberOfRobotsOnWhiteSite
33148,31,10
timeStep,numberOfRobotsOnBlackSite,numberOfRobotsOnWhiteSite
33149,31,10
timeStep,numberOfRobotsOnBlackSite,numberOfRobotsOnWhiteSite
33150,31,10
timeStep,numberOfRobotsOnBlackSite,numberOfRobotsOnWhiteSite
33151,31,10
timeStep,numberOfRobotsOnBlackSite,numberOfRobotsOnWhiteSite
33152,31,10
timeStep,numberOfRobotsOnBlackSite,numberOfRobotsOnWhiteSite
33153,31,10
timeStep,numberOfRobotsOnBlackSite,numberOfRobotsOnWhiteSite
33154,31,10
timeStep,numberOfRobotsOnBlackSite,numberOfRobotsOnWhiteSite
33155,31,10
timeStep,numberOfRobotsOnBlackSite,numberOfRobotsOnWhiteSite
33156,31,10
timeStep,numberOfRobotsOnBlackSite,numberOfRobotsOnWhiteSite
33157,31,10
timeStep,numberOfRobotsOnBlackSite,numberOfRobotsOnWhiteSite
33158,31,10
timeStep,numberOfRobotsOnBlackSite,numberOfRobotsOnWhiteSite
33159,31,10
timeStep,numberOfRobotsOnBlackSite,numberOfRobotsOnWhiteSite
33160,31,10
timeStep,numberOfRobotsOnBlackSite,numberOfRobotsOnWhiteSite
33161,31,10
timeStep,numberOfRobotsOnBlackSite,numberOfRobotsOnWhiteSite
33162,31,10
timeStep,numberOfRobotsOnBlackSite,numberOfRobotsOnWhiteSite
33163,31,10
timeStep,numberOfRobotsOnBlackSite,numberOfRobotsOnWhiteSite
33164,31,10
timeStep,numberOfRobotsOnBlackSite,numberOfRobotsOnWhiteSite
33165,30,10
timeStep,numberOfRobotsOnBlackSite,numberOfRobotsOnWhiteSite
33166,30,10
timeStep,numberOfRobotsOnBlackSite,numberOfRobotsOnWhiteSite
33167,30,10
timeStep,numberOfRobotsOnBlackSite,numberOfRobotsOnWhiteSite
33168,30,10
timeStep,numberOfRobotsOnBlackSite,numberOfRobotsOnWhiteSite
33169,30,10
timeStep,numberOfRobotsOnBlackSite,numberOfRobotsOnWhiteSite
33170,30,10
timeStep,numberOfRobotsOnBlackSite,numberOfRobotsOnWhiteSite
33171,30,10
timeStep,numberOfRobotsOnBlackSite,numberOfRobotsOnWhiteSite
33172,30,10
timeStep,numberOfRobotsOnBlackSite,numberOfRobotsOnWhiteSite
33173,30,10
timeStep,numberOfRobotsOnBlackSite,numberOfRobotsOnWhiteSite
33174,30,10
timeStep,numberOfRobotsOnBlackSite,numberOfRobotsOnWhiteSite
33175,30,10
timeStep,numberOfRobotsOnBlackSite,numberOfRobotsOnWhiteSite
33176,30,10
timeStep,numberOfRobotsOnBlackSite,numberOfRobotsOnWhiteSite
33177,30,10
timeStep,numberOfRobotsOnBlackSite,numberOfRobotsOnWhiteSite
33178,30,10
timeStep,numberOfRobotsOnBlackSite,numberOfRobotsOnWhiteSite
33179,30,10
timeStep,numberOfRobotsOnBlackSite,numberOfRobotsOnWhiteSite
33180,30,10
timeStep,numberOfRobotsOnBlackSite,numberOfRobotsOnWhiteSite
33181,30,10
timeStep,numberOfRobotsOnBlackSite,numberOfRobotsOnWhiteSite
33182,30,10
timeStep,numberOfRobotsOnBlackSite,numberOfRobotsOnWhiteSite
33183,30,10
timeStep,numberOfRobotsOnBlackSite,numberOfRobotsOnWhiteSite
33184,30,10
timeStep,numberOfRobotsOnBlackSite,numberOfRobotsOnWhiteSite
33185,30,10
timeStep,numberOfRobotsOnBlackSite,numberOfRobotsOnWhiteSite
33186,30,10
timeStep,numberOfRobotsOnBlackSite,numberOfRobotsOnWhiteSite
33187,30,10
timeStep,numberOfRobotsOnBlackSite,numberOfRobotsOnWhiteSite
33188,30,10
timeStep,numberOfRobotsOnBlackSite,numberOfRobotsOnWhiteSite
33189,30,10
timeStep,numberOfRobotsOnBlackSite,numberOfRobotsOnWhiteSite
33190,30,9
timeStep,numberOfRobotsOnBlackSite,numberOfRobotsOnWhiteSite
33191,30,9
timeStep,numberOfRobotsOnBlackSite,numberOfRobotsOnWhiteSite
33192,30,9
timeStep,numberOfRobotsOnBlackSite,numberOfRobotsOnWhiteSite
33193,30,9
timeStep,numberOfRobotsOnBlackSite,numberOfRobotsOnWhiteSite
33194,30,9
timeStep,numberOfRobotsOnBlackSite,numberOfRobotsOnWhiteSite
33195,30,9
timeStep,numberOfRobotsOnBlackSite,numberOfRobotsOnWhiteSite
33196,30,9
timeStep,numberOfRobotsOnBlackSite,numberOfRobotsOnWhiteSite
33197,30,9
timeStep,numberOfRobotsOnBlackSite,numberOfRobotsOnWhiteSite
33198,30,9
timeStep,numberOfRobotsOnBlackSite,numberOfRobotsOnWhiteSite
33199,30,9
timeStep,numberOfRobotsOnBlackSite,numberOfRobotsOnWhiteSite
33200,30,9
timeStep,numberOfRobotsOnBlackSite,numberOfRobotsOnWhiteSite
33201,30,9
timeStep,numberOfRobotsOnBlackSite,numberOfRobotsOnWhiteSite
33202,30,9
timeStep,numberOfRobotsOnBlackSite,numberOfRobotsOnWhiteSite
33203,30,9
timeStep,numberOfRobotsOnBlackSite,numberOfRobotsOnWhiteSite
33204,30,9
timeStep,numberOfRobotsOnBlackSite,numberOfRobotsOnWhiteSite
33205,30,9
timeStep,numberOfRobotsOnBlackSite,numberOfRobotsOnWhiteSite
33206,30,9
timeStep,numberOfRobotsOnBlackSite,numberOfRobotsOnWhiteSite
33207,30,9
timeStep,numberOfRobotsOnBlackSite,numberOfRobotsOnWhiteSite
33208,30,9
timeStep,numberOfRobotsOnBlackSite,numberOfRobotsOnWhiteSite
33209,30,9
timeStep,numberOfRobotsOnBlackSite,numberOfRobotsOnWhiteSite
33210,30,9
timeStep,numberOfRobotsOnBlackSite,numberOfRobotsOnWhiteSite
33211,30,9
timeStep,numberOfRobotsOnBlackSite,numberOfRobotsOnWhiteSite
33212,30,9
timeStep,numberOfRobotsOnBlackSite,numberOfRobotsOnWhiteSite
33213,30,9
timeStep,numberOfRobotsOnBlackSite,numberOfRobotsOnWhiteSite
33214,30,9
timeStep,numberOfRobotsOnBlackSite,numberOfRobotsOnWhiteSite
33215,30,9
timeStep,numberOfRobotsOnBlackSite,numberOfRobotsOnWhiteSite
33216,30,9
timeStep,numberOfRobotsOnBlackSite,numberOfRobotsOnWhiteSite
33217,30,9
timeStep,numberOfRobotsOnBlackSite,numberOfRobotsOnWhiteSite
33218,30,9
timeStep,numberOfRobotsOnBlackSite,numberOfRobotsOnWhiteSite
33219,30,9
timeStep,numberOfRobotsOnBlackSite,numberOfRobotsOnWhiteSite
33220,30,9
timeStep,numberOfRobotsOnBlackSite,numberOfRobotsOnWhiteSite
33221,30,9
timeStep,numberOfRobotsOnBlackSite,numberOfRobotsOnWhiteSite
33222,30,9
timeStep,numberOfRobotsOnBlackSite,numberOfRobotsOnWhiteSite
33223,30,9
timeStep,numberOfRobotsOnBlackSite,numberOfRobotsOnWhiteSite
33224,30,9
timeStep,numberOfRobotsOnBlackSite,numberOfRobotsOnWhiteSite
33225,30,9
timeStep,numberOfRobotsOnBlackSite,numberOfRobotsOnWhiteSite
33226,30,9
timeStep,numberOfRobotsOnBlackSite,numberOfRobotsOnWhiteSite
33227,30,9
timeStep,numberOfRobotsOnBlackSite,numberOfRobotsOnWhiteSite
33228,30,9
timeStep,numberOfRobotsOnBlackSite,numberOfRobotsOnWhiteSite
33229,30,9
timeStep,numberOfRobotsOnBlackSite,numberOfRobotsOnWhiteSite
33230,30,9
timeStep,numberOfRobotsOnBlackSite,numberOfRobotsOnWhiteSite
33231,30,9
timeStep,numberOfRobotsOnBlackSite,numberOfRobotsOnWhiteSite
33232,30,9
timeStep,numberOfRobotsOnBlackSite,numberOfRobotsOnWhiteSite
33233,30,9
timeStep,numberOfRobotsOnBlackSite,numberOfRobotsOnWhiteSite
33234,30,9
timeStep,numberOfRobotsOnBlackSite,numberOfRobotsOnWhiteSite
33235,30,9
timeStep,numberOfRobotsOnBlackSite,numberOfRobotsOnWhiteSite
33236,30,9
timeStep,numberOfRobotsOnBlackSite,numberOfRobotsOnWhiteSite
33237,30,9
timeStep,numberOfRobotsOnBlackSite,numberOfRobotsOnWhiteSite
33238,30,9
timeStep,numberOfRobotsOnBlackSite,numberOfRobotsOnWhiteSite
33239,30,9
timeStep,numberOfRobotsOnBlackSite,numberOfRobotsOnWhiteSite
33240,29,9
timeStep,numberOfRobotsOnBlackSite,numberOfRobotsOnWhiteSite
33241,29,9
timeStep,numberOfRobotsOnBlackSite,numberOfRobotsOnWhiteSite
33242,29,9
timeStep,numberOfRobotsOnBlackSite,numberOfRobotsOnWhiteSite
33243,29,9
timeStep,numberOfRobotsOnBlackSite,numberOfRobotsOnWhiteSite
33244,29,9
timeStep,numberOfRobotsOnBlackSite,numberOfRobotsOnWhiteSite
33245,29,9
timeStep,numberOfRobotsOnBlackSite,numberOfRobotsOnWhiteSite
33246,29,9
timeStep,numberOfRobotsOnBlackSite,numberOfRobotsOnWhiteSite
33247,29,9
timeStep,numberOfRobotsOnBlackSite,numberOfRobotsOnWhiteSite
33248,29,9
timeStep,numberOfRobotsOnBlackSite,numberOfRobotsOnWhiteSite
33249,29,9
timeStep,numberOfRobotsOnBlackSite,numberOfRobotsOnWhiteSite
33250,30,9
timeStep,numberOfRobotsOnBlackSite,numberOfRobotsOnWhiteSite
33251,30,9
timeStep,numberOfRobotsOnBlackSite,numberOfRobotsOnWhiteSite
33252,30,9
timeStep,numberOfRobotsOnBlackSite,numberOfRobotsOnWhiteSite
33253,30,9
timeStep,numberOfRobotsOnBlackSite,numberOfRobotsOnWhiteSite
33254,30,9
timeStep,numberOfRobotsOnBlackSite,numberOfRobotsOnWhiteSite
33255,30,8
timeStep,numberOfRobotsOnBlackSite,numberOfRobotsOnWhiteSite
33256,30,8
timeStep,numberOfRobotsOnBlackSite,numberOfRobotsOnWhiteSite
33257,30,8
timeStep,numberOfRobotsOnBlackSite,numberOfRobotsOnWhiteSite
33258,30,8
timeStep,numberOfRobotsOnBlackSite,numberOfRobotsOnWhiteSite
33259,30,8
timeStep,numberOfRobotsOnBlackSite,numberOfRobotsOnWhiteSite
33260,30,8
timeStep,numberOfRobotsOnBlackSite,numberOfRobotsOnWhiteSite
33261,30,8
timeStep,numberOfRobotsOnBlackSite,numberOfRobotsOnWhiteSite
33262,30,8
timeStep,numberOfRobotsOnBlackSite,numberOfRobotsOnWhiteSite
33263,30,8
timeStep,numberOfRobotsOnBlackSite,numberOfRobotsOnWhiteSite
33264,30,8
timeStep,numberOfRobotsOnBlackSite,numberOfRobotsOnWhiteSite
33265,30,8
timeStep,numberOfRobotsOnBlackSite,numberOfRobotsOnWhiteSite
33266,30,8
timeStep,numberOfRobotsOnBlackSite,numberOfRobotsOnWhiteSite
33267,30,8
timeStep,numberOfRobotsOnBlackSite,numberOfRobotsOnWhiteSite
33268,30,8
timeStep,numberOfRobotsOnBlackSite,numberOfRobotsOnWhiteSite
33269,30,8
timeStep,numberOfRobotsOnBlackSite,numberOfRobotsOnWhiteSite
33270,30,8
timeStep,numberOfRobotsOnBlackSite,numberOfRobotsOnWhiteSite
33271,30,8
timeStep,numberOfRobotsOnBlackSite,numberOfRobotsOnWhiteSite
33272,30,8
timeStep,numberOfRobotsOnBlackSite,numberOfRobotsOnWhiteSite
33273,30,8
timeStep,numberOfRobotsOnBlackSite,numberOfRobotsOnWhiteSite
33274,30,8
timeStep,numberOfRobotsOnBlackSite,numberOfRobotsOnWhiteSite
33275,30,8
timeStep,numberOfRobotsOnBlackSite,numberOfRobotsOnWhiteSite
33276,30,8
timeStep,numberOfRobotsOnBlackSite,numberOfRobotsOnWhiteSite
33277,30,8
timeStep,numberOfRobotsOnBlackSite,numberOfRobotsOnWhiteSite
33278,30,8
timeStep,numberOfRobotsOnBlackSite,numberOfRobotsOnWhiteSite
33279,30,8
timeStep,numberOfRobotsOnBlackSite,numberOfRobotsOnWhiteSite
33280,30,8
timeStep,numberOfRobotsOnBlackSite,numberOfRobotsOnWhiteSite
33281,30,8
timeStep,numberOfRobotsOnBlackSite,numberOfRobotsOnWhiteSite
33282,30,8
timeStep,numberOfRobotsOnBlackSite,numberOfRobotsOnWhiteSite
33283,30,8
timeStep,numberOfRobotsOnBlackSite,numberOfRobotsOnWhiteSite
33284,30,8
timeStep,numberOfRobotsOnBlackSite,numberOfRobotsOnWhiteSite
33285,30,8
timeStep,numberOfRobotsOnBlackSite,numberOfRobotsOnWhiteSite
33286,30,8
timeStep,numberOfRobotsOnBlackSite,numberOfRobotsOnWhiteSite
33287,30,8
timeStep,numberOfRobotsOnBlackSite,numberOfRobotsOnWhiteSite
33288,30,8
timeStep,numberOfRobotsOnBlackSite,numberOfRobotsOnWhiteSite
33289,30,8
timeStep,numberOfRobotsOnBlackSite,numberOfRobotsOnWhiteSite
33290,30,8
timeStep,numberOfRobotsOnBlackSite,numberOfRobotsOnWhiteSite
33291,30,8
timeStep,numberOfRobotsOnBlackSite,numberOfRobotsOnWhiteSite
33292,30,8
timeStep,numberOfRobotsOnBlackSite,numberOfRobotsOnWhiteSite
33293,30,8
timeStep,numberOfRobotsOnBlackSite,numberOfRobotsOnWhiteSite
33294,30,8
timeStep,numberOfRobotsOnBlackSite,numberOfRobotsOnWhiteSite
33295,30,8
timeStep,numberOfRobotsOnBlackSite,numberOfRobotsOnWhiteSite
33296,30,8
timeStep,numberOfRobotsOnBlackSite,numberOfRobotsOnWhiteSite
33297,30,8
timeStep,numberOfRobotsOnBlackSite,numberOfRobotsOnWhiteSite
33298,30,8
timeStep,numberOfRobotsOnBlackSite,numberOfRobotsOnWhiteSite
33299,30,8
timeStep,numberOfRobotsOnBlackSite,numberOfRobotsOnWhiteSite
33300,30,8
timeStep,numberOfRobotsOnBlackSite,numberOfRobotsOnWhiteSite
33301,30,8
timeStep,numberOfRobotsOnBlackSite,numberOfRobotsOnWhiteSite
33302,30,8
timeStep,numberOfRobotsOnBlackSite,numberOfRobotsOnWhiteSite
33303,30,8
timeStep,numberOfRobotsOnBlackSite,numberOfRobotsOnWhiteSite
33304,30,8
timeStep,numberOfRobotsOnBlackSite,numberOfRobotsOnWhiteSite
33305,30,8
timeStep,numberOfRobotsOnBlackSite,numberOfRobotsOnWhiteSite
33306,30,8
timeStep,numberOfRobotsOnBlackSite,numberOfRobotsOnWhiteSite
33307,30,8
timeStep,numberOfRobotsOnBlackSite,numberOfRobotsOnWhiteSite
33308,30,8
timeStep,numberOfRobotsOnBlackSite,numberOfRobotsOnWhiteSite
33309,30,8
timeStep,numberOfRobotsOnBlackSite,numberOfRobotsOnWhiteSite
33310,30,8
timeStep,numberOfRobotsOnBlackSite,numberOfRobotsOnWhiteSite
33311,30,8
timeStep,numberOfRobotsOnBlackSite,numberOfRobotsOnWhiteSite
33312,30,8
timeStep,numberOfRobotsOnBlackSite,numberOfRobotsOnWhiteSite
33313,30,8
timeStep,numberOfRobotsOnBlackSite,numberOfRobotsOnWhiteSite
33314,30,8
timeStep,numberOfRobotsOnBlackSite,numberOfRobotsOnWhiteSite
33315,30,8
timeStep,numberOfRobotsOnBlackSite,numberOfRobotsOnWhiteSite
33316,30,8
timeStep,numberOfRobotsOnBlackSite,numberOfRobotsOnWhiteSite
33317,30,8
timeStep,numberOfRobotsOnBlackSite,numberOfRobotsOnWhiteSite
33318,30,8
timeStep,numberOfRobotsOnBlackSite,numberOfRobotsOnWhiteSite
33319,30,8
timeStep,numberOfRobotsOnBlackSite,numberOfRobotsOnWhiteSite
33320,29,8
timeStep,numberOfRobotsOnBlackSite,numberOfRobotsOnWhiteSite
33321,29,8
timeStep,numberOfRobotsOnBlackSite,numberOfRobotsOnWhiteSite
33322,29,8
timeStep,numberOfRobotsOnBlackSite,numberOfRobotsOnWhiteSite
33323,29,8
timeStep,numberOfRobotsOnBlackSite,numberOfRobotsOnWhiteSite
33324,29,8
timeStep,numberOfRobotsOnBlackSite,numberOfRobotsOnWhiteSite
33325,29,8
timeStep,numberOfRobotsOnBlackSite,numberOfRobotsOnWhiteSite
33326,29,8
timeStep,numberOfRobotsOnBlackSite,numberOfRobotsOnWhiteSite
33327,29,8
timeStep,numberOfRobotsOnBlackSite,numberOfRobotsOnWhiteSite
33328,29,8
timeStep,numberOfRobotsOnBlackSite,numberOfRobotsOnWhiteSite
33329,29,8
timeStep,numberOfRobotsOnBlackSite,numberOfRobotsOnWhiteSite
33330,29,9
timeStep,numberOfRobotsOnBlackSite,numberOfRobotsOnWhiteSite
33331,29,9
timeStep,numberOfRobotsOnBlackSite,numberOfRobotsOnWhiteSite
33332,29,9
timeStep,numberOfRobotsOnBlackSite,numberOfRobotsOnWhiteSite
33333,29,9
timeStep,numberOfRobotsOnBlackSite,numberOfRobotsOnWhiteSite
33334,29,9
timeStep,numberOfRobotsOnBlackSite,numberOfRobotsOnWhiteSite
33335,29,9
timeStep,numberOfRobotsOnBlackSite,numberOfRobotsOnWhiteSite
33336,29,9
timeStep,numberOfRobotsOnBlackSite,numberOfRobotsOnWhiteSite
33337,29,9
timeStep,numberOfRobotsOnBlackSite,numberOfRobotsOnWhiteSite
33338,29,9
timeStep,numberOfRobotsOnBlackSite,numberOfRobotsOnWhiteSite
33339,29,9
timeStep,numberOfRobotsOnBlackSite,numberOfRobotsOnWhiteSite
33340,29,9
timeStep,numberOfRobotsOnBlackSite,numberOfRobotsOnWhiteSite
33341,29,9
timeStep,numberOfRobotsOnBlackSite,numberOfRobotsOnWhiteSite
33342,29,9
timeStep,numberOfRobotsOnBlackSite,numberOfRobotsOnWhiteSite
33343,29,9
timeStep,numberOfRobotsOnBlackSite,numberOfRobotsOnWhiteSite
33344,29,9
timeStep,numberOfRobotsOnBlackSite,numberOfRobotsOnWhiteSite
33345,29,9
timeStep,numberOfRobotsOnBlackSite,numberOfRobotsOnWhiteSite
33346,29,9
timeStep,numberOfRobotsOnBlackSite,numberOfRobotsOnWhiteSite
33347,29,9
timeStep,numberOfRobotsOnBlackSite,numberOfRobotsOnWhiteSite
33348,29,9
timeStep,numberOfRobotsOnBlackSite,numberOfRobotsOnWhiteSite
33349,29,9
timeStep,numberOfRobotsOnBlackSite,numberOfRobotsOnWhiteSite
33350,29,9
timeStep,numberOfRobotsOnBlackSite,numberOfRobotsOnWhiteSite
33351,29,9
timeStep,numberOfRobotsOnBlackSite,numberOfRobotsOnWhiteSite
33352,29,9
timeStep,numberOfRobotsOnBlackSite,numberOfRobotsOnWhiteSite
33353,29,9
timeStep,numberOfRobotsOnBlackSite,numberOfRobotsOnWhiteSite
33354,29,9
timeStep,numberOfRobotsOnBlackSite,numberOfRobotsOnWhiteSite
33355,29,9
timeStep,numberOfRobotsOnBlackSite,numberOfRobotsOnWhiteSite
33356,29,9
timeStep,numberOfRobotsOnBlackSite,numberOfRobotsOnWhiteSite
33357,29,9
timeStep,numberOfRobotsOnBlackSite,numberOfRobotsOnWhiteSite
33358,29,9
timeStep,numberOfRobotsOnBlackSite,numberOfRobotsOnWhiteSite
33359,29,9
timeStep,numberOfRobotsOnBlackSite,numberOfRobotsOnWhiteSite
33360,29,9
timeStep,numberOfRobotsOnBlackSite,numberOfRobotsOnWhiteSite
33361,29,9
timeStep,numberOfRobotsOnBlackSite,numberOfRobotsOnWhiteSite
33362,29,9
timeStep,numberOfRobotsOnBlackSite,numberOfRobotsOnWhiteSite
33363,29,9
timeStep,numberOfRobotsOnBlackSite,numberOfRobotsOnWhiteSite
33364,29,9
timeStep,numberOfRobotsOnBlackSite,numberOfRobotsOnWhiteSite
33365,30,9
timeStep,numberOfRobotsOnBlackSite,numberOfRobotsOnWhiteSite
33366,30,9
timeStep,numberOfRobotsOnBlackSite,numberOfRobotsOnWhiteSite
33367,30,9
timeStep,numberOfRobotsOnBlackSite,numberOfRobotsOnWhiteSite
33368,30,9
timeStep,numberOfRobotsOnBlackSite,numberOfRobotsOnWhiteSite
33369,30,9
timeStep,numberOfRobotsOnBlackSite,numberOfRobotsOnWhiteSite
33370,30,9
timeStep,numberOfRobotsOnBlackSite,numberOfRobotsOnWhiteSite
33371,30,9
timeStep,numberOfRobotsOnBlackSite,numberOfRobotsOnWhiteSite
33372,30,9
timeStep,numberOfRobotsOnBlackSite,numberOfRobotsOnWhiteSite
33373,30,9
timeStep,numberOfRobotsOnBlackSite,numberOfRobotsOnWhiteSite
33374,30,9
timeStep,numberOfRobotsOnBlackSite,numberOfRobotsOnWhiteSite
33375,30,9
timeStep,numberOfRobotsOnBlackSite,numberOfRobotsOnWhiteSite
33376,30,9
timeStep,numberOfRobotsOnBlackSite,numberOfRobotsOnWhiteSite
33377,30,9
timeStep,numberOfRobotsOnBlackSite,numberOfRobotsOnWhiteSite
33378,30,9
timeStep,numberOfRobotsOnBlackSite,numberOfRobotsOnWhiteSite
33379,30,9
timeStep,numberOfRobotsOnBlackSite,numberOfRobotsOnWhiteSite
33380,30,9
timeStep,numberOfRobotsOnBlackSite,numberOfRobotsOnWhiteSite
33381,30,9
timeStep,numberOfRobotsOnBlackSite,numberOfRobotsOnWhiteSite
33382,30,9
timeStep,numberOfRobotsOnBlackSite,numberOfRobotsOnWhiteSite
33383,30,9
timeStep,numberOfRobotsOnBlackSite,numberOfRobotsOnWhiteSite
33384,30,9
timeStep,numberOfRobotsOnBlackSite,numberOfRobotsOnWhiteSite
33385,30,8
timeStep,numberOfRobotsOnBlackSite,numberOfRobotsOnWhiteSite
33386,30,8
timeStep,numberOfRobotsOnBlackSite,numberOfRobotsOnWhiteSite
33387,30,8
timeStep,numberOfRobotsOnBlackSite,numberOfRobotsOnWhiteSite
33388,30,8
timeStep,numberOfRobotsOnBlackSite,numberOfRobotsOnWhiteSite
33389,30,8
timeStep,numberOfRobotsOnBlackSite,numberOfRobotsOnWhiteSite
33390,30,8
timeStep,numberOfRobotsOnBlackSite,numberOfRobotsOnWhiteSite
33391,30,8
timeStep,numberOfRobotsOnBlackSite,numberOfRobotsOnWhiteSite
33392,30,8
timeStep,numberOfRobotsOnBlackSite,numberOfRobotsOnWhiteSite
33393,30,8
timeStep,numberOfRobotsOnBlackSite,numberOfRobotsOnWhiteSite
33394,30,8
timeStep,numberOfRobotsOnBlackSite,numberOfRobotsOnWhiteSite
33395,30,8
timeStep,numberOfRobotsOnBlackSite,numberOfRobotsOnWhiteSite
33396,30,8
timeStep,numberOfRobotsOnBlackSite,numberOfRobotsOnWhiteSite
33397,30,8
timeStep,numberOfRobotsOnBlackSite,numberOfRobotsOnWhiteSite
33398,30,8
timeStep,numberOfRobotsOnBlackSite,numberOfRobotsOnWhiteSite
33399,30,8
timeStep,numberOfRobotsOnBlackSite,numberOfRobotsOnWhiteSite
33400,30,7
timeStep,numberOfRobotsOnBlackSite,numberOfRobotsOnWhiteSite
33401,30,7
timeStep,numberOfRobotsOnBlackSite,numberOfRobotsOnWhiteSite
33402,30,7
timeStep,numberOfRobotsOnBlackSite,numberOfRobotsOnWhiteSite
33403,30,7
timeStep,numberOfRobotsOnBlackSite,numberOfRobotsOnWhiteSite
33404,30,7
timeStep,numberOfRobotsOnBlackSite,numberOfRobotsOnWhiteSite
33405,30,7
timeStep,numberOfRobotsOnBlackSite,numberOfRobotsOnWhiteSite
33406,30,7
timeStep,numberOfRobotsOnBlackSite,numberOfRobotsOnWhiteSite
33407,30,7
timeStep,numberOfRobotsOnBlackSite,numberOfRobotsOnWhiteSite
33408,30,7
timeStep,numberOfRobotsOnBlackSite,numberOfRobotsOnWhiteSite
33409,30,7
timeStep,numberOfRobotsOnBlackSite,numberOfRobotsOnWhiteSite
33410,30,7
timeStep,numberOfRobotsOnBlackSite,numberOfRobotsOnWhiteSite
33411,30,7
timeStep,numberOfRobotsOnBlackSite,numberOfRobotsOnWhiteSite
33412,30,7
timeStep,numberOfRobotsOnBlackSite,numberOfRobotsOnWhiteSite
33413,30,7
timeStep,numberOfRobotsOnBlackSite,numberOfRobotsOnWhiteSite
33414,30,7
timeStep,numberOfRobotsOnBlackSite,numberOfRobotsOnWhiteSite
33415,30,7
timeStep,numberOfRobotsOnBlackSite,numberOfRobotsOnWhiteSite
33416,30,7
timeStep,numberOfRobotsOnBlackSite,numberOfRobotsOnWhiteSite
33417,30,7
timeStep,numberOfRobotsOnBlackSite,numberOfRobotsOnWhiteSite
33418,30,7
timeStep,numberOfRobotsOnBlackSite,numberOfRobotsOnWhiteSite
33419,30,7
timeStep,numberOfRobotsOnBlackSite,numberOfRobotsOnWhiteSite
33420,30,7
timeStep,numberOfRobotsOnBlackSite,numberOfRobotsOnWhiteSite
33421,30,7
timeStep,numberOfRobotsOnBlackSite,numberOfRobotsOnWhiteSite
33422,30,7
timeStep,numberOfRobotsOnBlackSite,numberOfRobotsOnWhiteSite
33423,30,7
timeStep,numberOfRobotsOnBlackSite,numberOfRobotsOnWhiteSite
33424,30,7
timeStep,numberOfRobotsOnBlackSite,numberOfRobotsOnWhiteSite
33425,30,7
timeStep,numberOfRobotsOnBlackSite,numberOfRobotsOnWhiteSite
33426,30,7
timeStep,numberOfRobotsOnBlackSite,numberOfRobotsOnWhiteSite
33427,30,7
timeStep,numberOfRobotsOnBlackSite,numberOfRobotsOnWhiteSite
33428,30,7
timeStep,numberOfRobotsOnBlackSite,numberOfRobotsOnWhiteSite
33429,30,7
timeStep,numberOfRobotsOnBlackSite,numberOfRobotsOnWhiteSite
33430,30,7
timeStep,numberOfRobotsOnBlackSite,numberOfRobotsOnWhiteSite
33431,30,7
timeStep,numberOfRobotsOnBlackSite,numberOfRobotsOnWhiteSite
33432,30,7
timeStep,numberOfRobotsOnBlackSite,numberOfRobotsOnWhiteSite
33433,30,7
timeStep,numberOfRobotsOnBlackSite,numberOfRobotsOnWhiteSite
33434,30,7
timeStep,numberOfRobotsOnBlackSite,numberOfRobotsOnWhiteSite
33435,30,7
timeStep,numberOfRobotsOnBlackSite,numberOfRobotsOnWhiteSite
33436,30,7
timeStep,numberOfRobotsOnBlackSite,numberOfRobotsOnWhiteSite
33437,30,7
timeStep,numberOfRobotsOnBlackSite,numberOfRobotsOnWhiteSite
33438,30,7
timeStep,numberOfRobotsOnBlackSite,numberOfRobotsOnWhiteSite
33439,30,7
timeStep,numberOfRobotsOnBlackSite,numberOfRobotsOnWhiteSite
33440,30,7
timeStep,numberOfRobotsOnBlackSite,numberOfRobotsOnWhiteSite
33441,30,7
timeStep,numberOfRobotsOnBlackSite,numberOfRobotsOnWhiteSite
33442,30,7
timeStep,numberOfRobotsOnBlackSite,numberOfRobotsOnWhiteSite
33443,30,7
timeStep,numberOfRobotsOnBlackSite,numberOfRobotsOnWhiteSite
33444,30,7
timeStep,numberOfRobotsOnBlackSite,numberOfRobotsOnWhiteSite
33445,30,7
timeStep,numberOfRobotsOnBlackSite,numberOfRobotsOnWhiteSite
33446,30,7
timeStep,numberOfRobotsOnBlackSite,numberOfRobotsOnWhiteSite
33447,30,7
timeStep,numberOfRobotsOnBlackSite,numberOfRobotsOnWhiteSite
33448,30,7
timeStep,numberOfRobotsOnBlackSite,numberOfRobotsOnWhiteSite
33449,30,7
timeStep,numberOfRobotsOnBlackSite,numberOfRobotsOnWhiteSite
33450,30,8
timeStep,numberOfRobotsOnBlackSite,numberOfRobotsOnWhiteSite
33451,30,8
timeStep,numberOfRobotsOnBlackSite,numberOfRobotsOnWhiteSite
33452,30,8
timeStep,numberOfRobotsOnBlackSite,numberOfRobotsOnWhiteSite
33453,30,8
timeStep,numberOfRobotsOnBlackSite,numberOfRobotsOnWhiteSite
33454,30,8
timeStep,numberOfRobotsOnBlackSite,numberOfRobotsOnWhiteSite
33455,30,8
timeStep,numberOfRobotsOnBlackSite,numberOfRobotsOnWhiteSite
33456,30,8
timeStep,numberOfRobotsOnBlackSite,numberOfRobotsOnWhiteSite
33457,30,8
timeStep,numberOfRobotsOnBlackSite,numberOfRobotsOnWhiteSite
33458,30,8
timeStep,numberOfRobotsOnBlackSite,numberOfRobotsOnWhiteSite
33459,30,8
timeStep,numberOfRobotsOnBlackSite,numberOfRobotsOnWhiteSite
33460,30,9
timeStep,numberOfRobotsOnBlackSite,numberOfRobotsOnWhiteSite
33461,30,9
timeStep,numberOfRobotsOnBlackSite,numberOfRobotsOnWhiteSite
33462,30,9
timeStep,numberOfRobotsOnBlackSite,numberOfRobotsOnWhiteSite
33463,30,9
timeStep,numberOfRobotsOnBlackSite,numberOfRobotsOnWhiteSite
33464,30,9
timeStep,numberOfRobotsOnBlackSite,numberOfRobotsOnWhiteSite
33465,30,9
timeStep,numberOfRobotsOnBlackSite,numberOfRobotsOnWhiteSite
33466,30,9
timeStep,numberOfRobotsOnBlackSite,numberOfRobotsOnWhiteSite
33467,30,9
timeStep,numberOfRobotsOnBlackSite,numberOfRobotsOnWhiteSite
33468,30,9
timeStep,numberOfRobotsOnBlackSite,numberOfRobotsOnWhiteSite
33469,30,9
timeStep,numberOfRobotsOnBlackSite,numberOfRobotsOnWhiteSite
33470,30,9
timeStep,numberOfRobotsOnBlackSite,numberOfRobotsOnWhiteSite
33471,30,9
timeStep,numberOfRobotsOnBlackSite,numberOfRobotsOnWhiteSite
33472,30,9
timeStep,numberOfRobotsOnBlackSite,numberOfRobotsOnWhiteSite
33473,30,9
timeStep,numberOfRobotsOnBlackSite,numberOfRobotsOnWhiteSite
33474,30,9
timeStep,numberOfRobotsOnBlackSite,numberOfRobotsOnWhiteSite
33475,31,9
timeStep,numberOfRobotsOnBlackSite,numberOfRobotsOnWhiteSite
33476,31,9
timeStep,numberOfRobotsOnBlackSite,numberOfRobotsOnWhiteSite
33477,31,9
timeStep,numberOfRobotsOnBlackSite,numberOfRobotsOnWhiteSite
33478,31,9
timeStep,numberOfRobotsOnBlackSite,numberOfRobotsOnWhiteSite
33479,31,9
timeStep,numberOfRobotsOnBlackSite,numberOfRobotsOnWhiteSite
33480,31,9
timeStep,numberOfRobotsOnBlackSite,numberOfRobotsOnWhiteSite
33481,31,9
timeStep,numberOfRobotsOnBlackSite,numberOfRobotsOnWhiteSite
33482,31,9
timeStep,numberOfRobotsOnBlackSite,numberOfRobotsOnWhiteSite
33483,31,9
timeStep,numberOfRobotsOnBlackSite,numberOfRobotsOnWhiteSite
33484,31,9
timeStep,numberOfRobotsOnBlackSite,numberOfRobotsOnWhiteSite
33485,31,9
timeStep,numberOfRobotsOnBlackSite,numberOfRobotsOnWhiteSite
33486,31,9
timeStep,numberOfRobotsOnBlackSite,numberOfRobotsOnWhiteSite
33487,31,9
timeStep,numberOfRobotsOnBlackSite,numberOfRobotsOnWhiteSite
33488,31,9
timeStep,numberOfRobotsOnBlackSite,numberOfRobotsOnWhiteSite
33489,31,9
timeStep,numberOfRobotsOnBlackSite,numberOfRobotsOnWhiteSite
33490,31,9
timeStep,numberOfRobotsOnBlackSite,numberOfRobotsOnWhiteSite
33491,31,9
timeStep,numberOfRobotsOnBlackSite,numberOfRobotsOnWhiteSite
33492,31,9
timeStep,numberOfRobotsOnBlackSite,numberOfRobotsOnWhiteSite
33493,31,9
timeStep,numberOfRobotsOnBlackSite,numberOfRobotsOnWhiteSite
33494,31,9
timeStep,numberOfRobotsOnBlackSite,numberOfRobotsOnWhiteSite
33495,31,9
timeStep,numberOfRobotsOnBlackSite,numberOfRobotsOnWhiteSite
33496,31,9
timeStep,numberOfRobotsOnBlackSite,numberOfRobotsOnWhiteSite
33497,31,9
timeStep,numberOfRobotsOnBlackSite,numberOfRobotsOnWhiteSite
33498,31,9
timeStep,numberOfRobotsOnBlackSite,numberOfRobotsOnWhiteSite
33499,31,9
timeStep,numberOfRobotsOnBlackSite,numberOfRobotsOnWhiteSite
33500,31,9
timeStep,numberOfRobotsOnBlackSite,numberOfRobotsOnWhiteSite
33501,31,9
timeStep,numberOfRobotsOnBlackSite,numberOfRobotsOnWhiteSite
33502,31,9
timeStep,numberOfRobotsOnBlackSite,numberOfRobotsOnWhiteSite
33503,31,9
timeStep,numberOfRobotsOnBlackSite,numberOfRobotsOnWhiteSite
33504,31,9
timeStep,numberOfRobotsOnBlackSite,numberOfRobotsOnWhiteSite
33505,31,9
timeStep,numberOfRobotsOnBlackSite,numberOfRobotsOnWhiteSite
33506,31,9
timeStep,numberOfRobotsOnBlackSite,numberOfRobotsOnWhiteSite
33507,31,9
timeStep,numberOfRobotsOnBlackSite,numberOfRobotsOnWhiteSite
33508,31,9
timeStep,numberOfRobotsOnBlackSite,numberOfRobotsOnWhiteSite
33509,31,9
timeStep,numberOfRobotsOnBlackSite,numberOfRobotsOnWhiteSite
33510,31,9
timeStep,numberOfRobotsOnBlackSite,numberOfRobotsOnWhiteSite
33511,31,9
timeStep,numberOfRobotsOnBlackSite,numberOfRobotsOnWhiteSite
33512,31,9
timeStep,numberOfRobotsOnBlackSite,numberOfRobotsOnWhiteSite
33513,31,9
timeStep,numberOfRobotsOnBlackSite,numberOfRobotsOnWhiteSite
33514,31,9
timeStep,numberOfRobotsOnBlackSite,numberOfRobotsOnWhiteSite
33515,31,9
timeStep,numberOfRobotsOnBlackSite,numberOfRobotsOnWhiteSite
33516,31,9
timeStep,numberOfRobotsOnBlackSite,numberOfRobotsOnWhiteSite
33517,31,9
timeStep,numberOfRobotsOnBlackSite,numberOfRobotsOnWhiteSite
33518,31,9
timeStep,numberOfRobotsOnBlackSite,numberOfRobotsOnWhiteSite
33519,31,9
timeStep,numberOfRobotsOnBlackSite,numberOfRobotsOnWhiteSite
33520,31,9
timeStep,numberOfRobotsOnBlackSite,numberOfRobotsOnWhiteSite
33521,31,9
timeStep,numberOfRobotsOnBlackSite,numberOfRobotsOnWhiteSite
33522,31,9
timeStep,numberOfRobotsOnBlackSite,numberOfRobotsOnWhiteSite
33523,31,9
timeStep,numberOfRobotsOnBlackSite,numberOfRobotsOnWhiteSite
33524,31,9
timeStep,numberOfRobotsOnBlackSite,numberOfRobotsOnWhiteSite
33525,31,9
timeStep,numberOfRobotsOnBlackSite,numberOfRobotsOnWhiteSite
33526,31,9
timeStep,numberOfRobotsOnBlackSite,numberOfRobotsOnWhiteSite
33527,31,9
timeStep,numberOfRobotsOnBlackSite,numberOfRobotsOnWhiteSite
33528,31,9
timeStep,numberOfRobotsOnBlackSite,numberOfRobotsOnWhiteSite
33529,31,9
timeStep,numberOfRobotsOnBlackSite,numberOfRobotsOnWhiteSite
33530,31,9
timeStep,numberOfRobotsOnBlackSite,numberOfRobotsOnWhiteSite
33531,31,9
timeStep,numberOfRobotsOnBlackSite,numberOfRobotsOnWhiteSite
33532,31,9
timeStep,numberOfRobotsOnBlackSite,numberOfRobotsOnWhiteSite
33533,31,9
timeStep,numberOfRobotsOnBlackSite,numberOfRobotsOnWhiteSite
33534,31,9
timeStep,numberOfRobotsOnBlackSite,numberOfRobotsOnWhiteSite
33535,31,9
timeStep,numberOfRobotsOnBlackSite,numberOfRobotsOnWhiteSite
33536,31,9
timeStep,numberOfRobotsOnBlackSite,numberOfRobotsOnWhiteSite
33537,31,9
timeStep,numberOfRobotsOnBlackSite,numberOfRobotsOnWhiteSite
33538,31,9
timeStep,numberOfRobotsOnBlackSite,numberOfRobotsOnWhiteSite
33539,31,9
timeStep,numberOfRobotsOnBlackSite,numberOfRobotsOnWhiteSite
33540,31,9
timeStep,numberOfRobotsOnBlackSite,numberOfRobotsOnWhiteSite
33541,31,9
timeStep,numberOfRobotsOnBlackSite,numberOfRobotsOnWhiteSite
33542,31,9
timeStep,numberOfRobotsOnBlackSite,numberOfRobotsOnWhiteSite
33543,31,9
timeStep,numberOfRobotsOnBlackSite,numberOfRobotsOnWhiteSite
33544,31,9
timeStep,numberOfRobotsOnBlackSite,numberOfRobotsOnWhiteSite
33545,30,9
timeStep,numberOfRobotsOnBlackSite,numberOfRobotsOnWhiteSite
33546,30,9
timeStep,numberOfRobotsOnBlackSite,numberOfRobotsOnWhiteSite
33547,30,9
timeStep,numberOfRobotsOnBlackSite,numberOfRobotsOnWhiteSite
33548,30,9
timeStep,numberOfRobotsOnBlackSite,numberOfRobotsOnWhiteSite
33549,30,9
timeStep,numberOfRobotsOnBlackSite,numberOfRobotsOnWhiteSite
33550,30,9
timeStep,numberOfRobotsOnBlackSite,numberOfRobotsOnWhiteSite
33551,30,9
timeStep,numberOfRobotsOnBlackSite,numberOfRobotsOnWhiteSite
33552,30,9
timeStep,numberOfRobotsOnBlackSite,numberOfRobotsOnWhiteSite
33553,30,9
timeStep,numberOfRobotsOnBlackSite,numberOfRobotsOnWhiteSite
33554,30,9
timeStep,numberOfRobotsOnBlackSite,numberOfRobotsOnWhiteSite
33555,30,9
timeStep,numberOfRobotsOnBlackSite,numberOfRobotsOnWhiteSite
33556,30,9
timeStep,numberOfRobotsOnBlackSite,numberOfRobotsOnWhiteSite
33557,30,9
timeStep,numberOfRobotsOnBlackSite,numberOfRobotsOnWhiteSite
33558,30,9
timeStep,numberOfRobotsOnBlackSite,numberOfRobotsOnWhiteSite
33559,30,9
timeStep,numberOfRobotsOnBlackSite,numberOfRobotsOnWhiteSite
33560,30,9
timeStep,numberOfRobotsOnBlackSite,numberOfRobotsOnWhiteSite
33561,30,9
timeStep,numberOfRobotsOnBlackSite,numberOfRobotsOnWhiteSite
33562,30,9
timeStep,numberOfRobotsOnBlackSite,numberOfRobotsOnWhiteSite
33563,30,9
timeStep,numberOfRobotsOnBlackSite,numberOfRobotsOnWhiteSite
33564,30,9
timeStep,numberOfRobotsOnBlackSite,numberOfRobotsOnWhiteSite
33565,30,9
timeStep,numberOfRobotsOnBlackSite,numberOfRobotsOnWhiteSite
33566,30,9
timeStep,numberOfRobotsOnBlackSite,numberOfRobotsOnWhiteSite
33567,30,9
timeStep,numberOfRobotsOnBlackSite,numberOfRobotsOnWhiteSite
33568,30,9
timeStep,numberOfRobotsOnBlackSite,numberOfRobotsOnWhiteSite
33569,30,9
timeStep,numberOfRobotsOnBlackSite,numberOfRobotsOnWhiteSite
33570,30,9
timeStep,numberOfRobotsOnBlackSite,numberOfRobotsOnWhiteSite
33571,30,9
timeStep,numberOfRobotsOnBlackSite,numberOfRobotsOnWhiteSite
33572,30,9
timeStep,numberOfRobotsOnBlackSite,numberOfRobotsOnWhiteSite
33573,30,9
timeStep,numberOfRobotsOnBlackSite,numberOfRobotsOnWhiteSite
33574,30,9
timeStep,numberOfRobotsOnBlackSite,numberOfRobotsOnWhiteSite
33575,30,8
timeStep,numberOfRobotsOnBlackSite,numberOfRobotsOnWhiteSite
33576,30,8
timeStep,numberOfRobotsOnBlackSite,numberOfRobotsOnWhiteSite
33577,30,8
timeStep,numberOfRobotsOnBlackSite,numberOfRobotsOnWhiteSite
33578,30,8
timeStep,numberOfRobotsOnBlackSite,numberOfRobotsOnWhiteSite
33579,30,8
timeStep,numberOfRobotsOnBlackSite,numberOfRobotsOnWhiteSite
33580,30,8
timeStep,numberOfRobotsOnBlackSite,numberOfRobotsOnWhiteSite
33581,30,8
timeStep,numberOfRobotsOnBlackSite,numberOfRobotsOnWhiteSite
33582,30,8
timeStep,numberOfRobotsOnBlackSite,numberOfRobotsOnWhiteSite
33583,30,8
timeStep,numberOfRobotsOnBlackSite,numberOfRobotsOnWhiteSite
33584,30,8
timeStep,numberOfRobotsOnBlackSite,numberOfRobotsOnWhiteSite
33585,29,8
timeStep,numberOfRobotsOnBlackSite,numberOfRobotsOnWhiteSite
33586,29,8
timeStep,numberOfRobotsOnBlackSite,numberOfRobotsOnWhiteSite
33587,29,8
timeStep,numberOfRobotsOnBlackSite,numberOfRobotsOnWhiteSite
33588,29,8
timeStep,numberOfRobotsOnBlackSite,numberOfRobotsOnWhiteSite
33589,29,8
timeStep,numberOfRobotsOnBlackSite,numberOfRobotsOnWhiteSite
33590,29,8
timeStep,numberOfRobotsOnBlackSite,numberOfRobotsOnWhiteSite
33591,29,8
timeStep,numberOfRobotsOnBlackSite,numberOfRobotsOnWhiteSite
33592,29,8
timeStep,numberOfRobotsOnBlackSite,numberOfRobotsOnWhiteSite
33593,29,8
timeStep,numberOfRobotsOnBlackSite,numberOfRobotsOnWhiteSite
33594,29,8
timeStep,numberOfRobotsOnBlackSite,numberOfRobotsOnWhiteSite
33595,29,8
timeStep,numberOfRobotsOnBlackSite,numberOfRobotsOnWhiteSite
33596,29,8
timeStep,numberOfRobotsOnBlackSite,numberOfRobotsOnWhiteSite
33597,29,8
timeStep,numberOfRobotsOnBlackSite,numberOfRobotsOnWhiteSite
33598,29,8
timeStep,numberOfRobotsOnBlackSite,numberOfRobotsOnWhiteSite
33599,29,8
timeStep,numberOfRobotsOnBlackSite,numberOfRobotsOnWhiteSite
33600,30,8
timeStep,numberOfRobotsOnBlackSite,numberOfRobotsOnWhiteSite
33601,30,8
timeStep,numberOfRobotsOnBlackSite,numberOfRobotsOnWhiteSite
33602,30,8
timeStep,numberOfRobotsOnBlackSite,numberOfRobotsOnWhiteSite
33603,30,8
timeStep,numberOfRobotsOnBlackSite,numberOfRobotsOnWhiteSite
33604,30,8
timeStep,numberOfRobotsOnBlackSite,numberOfRobotsOnWhiteSite
33605,30,8
timeStep,numberOfRobotsOnBlackSite,numberOfRobotsOnWhiteSite
33606,30,8
timeStep,numberOfRobotsOnBlackSite,numberOfRobotsOnWhiteSite
33607,30,8
timeStep,numberOfRobotsOnBlackSite,numberOfRobotsOnWhiteSite
33608,30,8
timeStep,numberOfRobotsOnBlackSite,numberOfRobotsOnWhiteSite
33609,30,8
timeStep,numberOfRobotsOnBlackSite,numberOfRobotsOnWhiteSite
33610,30,9
timeStep,numberOfRobotsOnBlackSite,numberOfRobotsOnWhiteSite
33611,30,9
timeStep,numberOfRobotsOnBlackSite,numberOfRobotsOnWhiteSite
33612,30,9
timeStep,numberOfRobotsOnBlackSite,numberOfRobotsOnWhiteSite
33613,30,9
timeStep,numberOfRobotsOnBlackSite,numberOfRobotsOnWhiteSite
33614,30,9
timeStep,numberOfRobotsOnBlackSite,numberOfRobotsOnWhiteSite
33615,30,9
timeStep,numberOfRobotsOnBlackSite,numberOfRobotsOnWhiteSite
33616,30,9
timeStep,numberOfRobotsOnBlackSite,numberOfRobotsOnWhiteSite
33617,30,9
timeStep,numberOfRobotsOnBlackSite,numberOfRobotsOnWhiteSite
33618,30,9
timeStep,numberOfRobotsOnBlackSite,numberOfRobotsOnWhiteSite
33619,30,9
timeStep,numberOfRobotsOnBlackSite,numberOfRobotsOnWhiteSite
33620,30,9
timeStep,numberOfRobotsOnBlackSite,numberOfRobotsOnWhiteSite
33621,30,9
timeStep,numberOfRobotsOnBlackSite,numberOfRobotsOnWhiteSite
33622,30,9
timeStep,numberOfRobotsOnBlackSite,numberOfRobotsOnWhiteSite
33623,30,9
timeStep,numberOfRobotsOnBlackSite,numberOfRobotsOnWhiteSite
33624,30,9
timeStep,numberOfRobotsOnBlackSite,numberOfRobotsOnWhiteSite
33625,30,9
timeStep,numberOfRobotsOnBlackSite,numberOfRobotsOnWhiteSite
33626,30,9
timeStep,numberOfRobotsOnBlackSite,numberOfRobotsOnWhiteSite
33627,30,9
timeStep,numberOfRobotsOnBlackSite,numberOfRobotsOnWhiteSite
33628,30,9
timeStep,numberOfRobotsOnBlackSite,numberOfRobotsOnWhiteSite
33629,30,9
timeStep,numberOfRobotsOnBlackSite,numberOfRobotsOnWhiteSite
33630,30,9
timeStep,numberOfRobotsOnBlackSite,numberOfRobotsOnWhiteSite
33631,30,9
timeStep,numberOfRobotsOnBlackSite,numberOfRobotsOnWhiteSite
33632,30,9
timeStep,numberOfRobotsOnBlackSite,numberOfRobotsOnWhiteSite
33633,30,9
timeStep,numberOfRobotsOnBlackSite,numberOfRobotsOnWhiteSite
33634,30,9
timeStep,numberOfRobotsOnBlackSite,numberOfRobotsOnWhiteSite
33635,30,9
timeStep,numberOfRobotsOnBlackSite,numberOfRobotsOnWhiteSite
33636,30,9
timeStep,numberOfRobotsOnBlackSite,numberOfRobotsOnWhiteSite
33637,30,9
timeStep,numberOfRobotsOnBlackSite,numberOfRobotsOnWhiteSite
33638,30,9
timeStep,numberOfRobotsOnBlackSite,numberOfRobotsOnWhiteSite
33639,30,9
timeStep,numberOfRobotsOnBlackSite,numberOfRobotsOnWhiteSite
33640,30,9
timeStep,numberOfRobotsOnBlackSite,numberOfRobotsOnWhiteSite
33641,30,9
timeStep,numberOfRobotsOnBlackSite,numberOfRobotsOnWhiteSite
33642,30,9
timeStep,numberOfRobotsOnBlackSite,numberOfRobotsOnWhiteSite
33643,30,9
timeStep,numberOfRobotsOnBlackSite,numberOfRobotsOnWhiteSite
33644,30,9
timeStep,numberOfRobotsOnBlackSite,numberOfRobotsOnWhiteSite
33645,31,9
timeStep,numberOfRobotsOnBlackSite,numberOfRobotsOnWhiteSite
33646,31,9
timeStep,numberOfRobotsOnBlackSite,numberOfRobotsOnWhiteSite
33647,31,9
timeStep,numberOfRobotsOnBlackSite,numberOfRobotsOnWhiteSite
33648,31,9
timeStep,numberOfRobotsOnBlackSite,numberOfRobotsOnWhiteSite
33649,31,9
timeStep,numberOfRobotsOnBlackSite,numberOfRobotsOnWhiteSite
33650,31,9
timeStep,numberOfRobotsOnBlackSite,numberOfRobotsOnWhiteSite
33651,31,9
timeStep,numberOfRobotsOnBlackSite,numberOfRobotsOnWhiteSite
33652,31,9
timeStep,numberOfRobotsOnBlackSite,numberOfRobotsOnWhiteSite
33653,31,9
timeStep,numberOfRobotsOnBlackSite,numberOfRobotsOnWhiteSite
33654,31,9
timeStep,numberOfRobotsOnBlackSite,numberOfRobotsOnWhiteSite
33655,31,9
timeStep,numberOfRobotsOnBlackSite,numberOfRobotsOnWhiteSite
33656,31,9
timeStep,numberOfRobotsOnBlackSite,numberOfRobotsOnWhiteSite
33657,31,9
timeStep,numberOfRobotsOnBlackSite,numberOfRobotsOnWhiteSite
33658,31,9
timeStep,numberOfRobotsOnBlackSite,numberOfRobotsOnWhiteSite
33659,31,9
timeStep,numberOfRobotsOnBlackSite,numberOfRobotsOnWhiteSite
33660,31,9
timeStep,numberOfRobotsOnBlackSite,numberOfRobotsOnWhiteSite
33661,31,9
timeStep,numberOfRobotsOnBlackSite,numberOfRobotsOnWhiteSite
33662,31,9
timeStep,numberOfRobotsOnBlackSite,numberOfRobotsOnWhiteSite
33663,31,9
timeStep,numberOfRobotsOnBlackSite,numberOfRobotsOnWhiteSite
33664,31,9
timeStep,numberOfRobotsOnBlackSite,numberOfRobotsOnWhiteSite
33665,31,9
timeStep,numberOfRobotsOnBlackSite,numberOfRobotsOnWhiteSite
33666,31,9
timeStep,numberOfRobotsOnBlackSite,numberOfRobotsOnWhiteSite
33667,31,9
timeStep,numberOfRobotsOnBlackSite,numberOfRobotsOnWhiteSite
33668,31,9
timeStep,numberOfRobotsOnBlackSite,numberOfRobotsOnWhiteSite
33669,31,9
timeStep,numberOfRobotsOnBlackSite,numberOfRobotsOnWhiteSite
33670,31,8
timeStep,numberOfRobotsOnBlackSite,numberOfRobotsOnWhiteSite
33671,31,8
timeStep,numberOfRobotsOnBlackSite,numberOfRobotsOnWhiteSite
33672,31,8
timeStep,numberOfRobotsOnBlackSite,numberOfRobotsOnWhiteSite
33673,31,8
timeStep,numberOfRobotsOnBlackSite,numberOfRobotsOnWhiteSite
33674,31,8
timeStep,numberOfRobotsOnBlackSite,numberOfRobotsOnWhiteSite
33675,31,8
timeStep,numberOfRobotsOnBlackSite,numberOfRobotsOnWhiteSite
33676,31,8
timeStep,numberOfRobotsOnBlackSite,numberOfRobotsOnWhiteSite
33677,31,8
timeStep,numberOfRobotsOnBlackSite,numberOfRobotsOnWhiteSite
33678,31,8
timeStep,numberOfRobotsOnBlackSite,numberOfRobotsOnWhiteSite
33679,31,8
timeStep,numberOfRobotsOnBlackSite,numberOfRobotsOnWhiteSite
33680,31,8
timeStep,numberOfRobotsOnBlackSite,numberOfRobotsOnWhiteSite
33681,31,8
timeStep,numberOfRobotsOnBlackSite,numberOfRobotsOnWhiteSite
33682,31,8
timeStep,numberOfRobotsOnBlackSite,numberOfRobotsOnWhiteSite
33683,31,8
timeStep,numberOfRobotsOnBlackSite,numberOfRobotsOnWhiteSite
33684,31,8
timeStep,numberOfRobotsOnBlackSite,numberOfRobotsOnWhiteSite
33685,31,8
timeStep,numberOfRobotsOnBlackSite,numberOfRobotsOnWhiteSite
33686,31,8
timeStep,numberOfRobotsOnBlackSite,numberOfRobotsOnWhiteSite
33687,31,8
timeStep,numberOfRobotsOnBlackSite,numberOfRobotsOnWhiteSite
33688,31,8
timeStep,numberOfRobotsOnBlackSite,numberOfRobotsOnWhiteSite
33689,31,8
timeStep,numberOfRobotsOnBlackSite,numberOfRobotsOnWhiteSite
33690,31,8
timeStep,numberOfRobotsOnBlackSite,numberOfRobotsOnWhiteSite
33691,31,8
timeStep,numberOfRobotsOnBlackSite,numberOfRobotsOnWhiteSite
33692,31,8
timeStep,numberOfRobotsOnBlackSite,numberOfRobotsOnWhiteSite
33693,31,8
timeStep,numberOfRobotsOnBlackSite,numberOfRobotsOnWhiteSite
33694,31,8
timeStep,numberOfRobotsOnBlackSite,numberOfRobotsOnWhiteSite
33695,31,8
timeStep,numberOfRobotsOnBlackSite,numberOfRobotsOnWhiteSite
33696,31,8
timeStep,numberOfRobotsOnBlackSite,numberOfRobotsOnWhiteSite
33697,31,8
timeStep,numberOfRobotsOnBlackSite,numberOfRobotsOnWhiteSite
33698,31,8
timeStep,numberOfRobotsOnBlackSite,numberOfRobotsOnWhiteSite
33699,31,8
timeStep,numberOfRobotsOnBlackSite,numberOfRobotsOnWhiteSite
33700,31,8
timeStep,numberOfRobotsOnBlackSite,numberOfRobotsOnWhiteSite
33701,31,8
timeStep,numberOfRobotsOnBlackSite,numberOfRobotsOnWhiteSite
33702,31,8
timeStep,numberOfRobotsOnBlackSite,numberOfRobotsOnWhiteSite
33703,31,8
timeStep,numberOfRobotsOnBlackSite,numberOfRobotsOnWhiteSite
33704,31,8
timeStep,numberOfRobotsOnBlackSite,numberOfRobotsOnWhiteSite
33705,31,8
timeStep,numberOfRobotsOnBlackSite,numberOfRobotsOnWhiteSite
33706,31,8
timeStep,numberOfRobotsOnBlackSite,numberOfRobotsOnWhiteSite
33707,31,8
timeStep,numberOfRobotsOnBlackSite,numberOfRobotsOnWhiteSite
33708,31,8
timeStep,numberOfRobotsOnBlackSite,numberOfRobotsOnWhiteSite
33709,31,8
timeStep,numberOfRobotsOnBlackSite,numberOfRobotsOnWhiteSite
33710,31,9
timeStep,numberOfRobotsOnBlackSite,numberOfRobotsOnWhiteSite
33711,31,9
timeStep,numberOfRobotsOnBlackSite,numberOfRobotsOnWhiteSite
33712,31,9
timeStep,numberOfRobotsOnBlackSite,numberOfRobotsOnWhiteSite
33713,31,9
timeStep,numberOfRobotsOnBlackSite,numberOfRobotsOnWhiteSite
33714,31,9
timeStep,numberOfRobotsOnBlackSite,numberOfRobotsOnWhiteSite
33715,31,9
timeStep,numberOfRobotsOnBlackSite,numberOfRobotsOnWhiteSite
33716,31,9
timeStep,numberOfRobotsOnBlackSite,numberOfRobotsOnWhiteSite
33717,31,9
timeStep,numberOfRobotsOnBlackSite,numberOfRobotsOnWhiteSite
33718,31,9
timeStep,numberOfRobotsOnBlackSite,numberOfRobotsOnWhiteSite
33719,31,9
timeStep,numberOfRobotsOnBlackSite,numberOfRobotsOnWhiteSite
33720,30,9
timeStep,numberOfRobotsOnBlackSite,numberOfRobotsOnWhiteSite
33721,30,9
timeStep,numberOfRobotsOnBlackSite,numberOfRobotsOnWhiteSite
33722,30,9
timeStep,numberOfRobotsOnBlackSite,numberOfRobotsOnWhiteSite
33723,30,9
timeStep,numberOfRobotsOnBlackSite,numberOfRobotsOnWhiteSite
33724,30,9
timeStep,numberOfRobotsOnBlackSite,numberOfRobotsOnWhiteSite
33725,30,9
timeStep,numberOfRobotsOnBlackSite,numberOfRobotsOnWhiteSite
33726,30,9
timeStep,numberOfRobotsOnBlackSite,numberOfRobotsOnWhiteSite
33727,30,9
timeStep,numberOfRobotsOnBlackSite,numberOfRobotsOnWhiteSite
33728,30,9
timeStep,numberOfRobotsOnBlackSite,numberOfRobotsOnWhiteSite
33729,30,9
timeStep,numberOfRobotsOnBlackSite,numberOfRobotsOnWhiteSite
33730,30,9
timeStep,numberOfRobotsOnBlackSite,numberOfRobotsOnWhiteSite
33731,30,9
timeStep,numberOfRobotsOnBlackSite,numberOfRobotsOnWhiteSite
33732,30,9
timeStep,numberOfRobotsOnBlackSite,numberOfRobotsOnWhiteSite
33733,30,9
timeStep,numberOfRobotsOnBlackSite,numberOfRobotsOnWhiteSite
33734,30,9
timeStep,numberOfRobotsOnBlackSite,numberOfRobotsOnWhiteSite
33735,30,9
timeStep,numberOfRobotsOnBlackSite,numberOfRobotsOnWhiteSite
33736,30,9
timeStep,numberOfRobotsOnBlackSite,numberOfRobotsOnWhiteSite
33737,30,9
timeStep,numberOfRobotsOnBlackSite,numberOfRobotsOnWhiteSite
33738,30,9
timeStep,numberOfRobotsOnBlackSite,numberOfRobotsOnWhiteSite
33739,30,9
timeStep,numberOfRobotsOnBlackSite,numberOfRobotsOnWhiteSite
33740,30,9
timeStep,numberOfRobotsOnBlackSite,numberOfRobotsOnWhiteSite
33741,30,9
timeStep,numberOfRobotsOnBlackSite,numberOfRobotsOnWhiteSite
33742,30,9
timeStep,numberOfRobotsOnBlackSite,numberOfRobotsOnWhiteSite
33743,30,9
timeStep,numberOfRobotsOnBlackSite,numberOfRobotsOnWhiteSite
33744,30,9
timeStep,numberOfRobotsOnBlackSite,numberOfRobotsOnWhiteSite
33745,30,9
timeStep,numberOfRobotsOnBlackSite,numberOfRobotsOnWhiteSite
33746,30,9
timeStep,numberOfRobotsOnBlackSite,numberOfRobotsOnWhiteSite
33747,30,9
timeStep,numberOfRobotsOnBlackSite,numberOfRobotsOnWhiteSite
33748,30,9
timeStep,numberOfRobotsOnBlackSite,numberOfRobotsOnWhiteSite
33749,30,9
timeStep,numberOfRobotsOnBlackSite,numberOfRobotsOnWhiteSite
33750,30,9
timeStep,numberOfRobotsOnBlackSite,numberOfRobotsOnWhiteSite
33751,30,9
timeStep,numberOfRobotsOnBlackSite,numberOfRobotsOnWhiteSite
33752,30,9
timeStep,numberOfRobotsOnBlackSite,numberOfRobotsOnWhiteSite
33753,30,9
timeStep,numberOfRobotsOnBlackSite,numberOfRobotsOnWhiteSite
33754,30,9
timeStep,numberOfRobotsOnBlackSite,numberOfRobotsOnWhiteSite
33755,30,8
timeStep,numberOfRobotsOnBlackSite,numberOfRobotsOnWhiteSite
33756,30,8
timeStep,numberOfRobotsOnBlackSite,numberOfRobotsOnWhiteSite
33757,30,8
timeStep,numberOfRobotsOnBlackSite,numberOfRobotsOnWhiteSite
33758,30,8
timeStep,numberOfRobotsOnBlackSite,numberOfRobotsOnWhiteSite
33759,30,8
timeStep,numberOfRobotsOnBlackSite,numberOfRobotsOnWhiteSite
33760,30,8
timeStep,numberOfRobotsOnBlackSite,numberOfRobotsOnWhiteSite
33761,30,8
timeStep,numberOfRobotsOnBlackSite,numberOfRobotsOnWhiteSite
33762,30,8
timeStep,numberOfRobotsOnBlackSite,numberOfRobotsOnWhiteSite
33763,30,8
timeStep,numberOfRobotsOnBlackSite,numberOfRobotsOnWhiteSite
33764,30,8
timeStep,numberOfRobotsOnBlackSite,numberOfRobotsOnWhiteSite
33765,30,8
timeStep,numberOfRobotsOnBlackSite,numberOfRobotsOnWhiteSite
33766,30,8
timeStep,numberOfRobotsOnBlackSite,numberOfRobotsOnWhiteSite
33767,30,8
timeStep,numberOfRobotsOnBlackSite,numberOfRobotsOnWhiteSite
33768,30,8
timeStep,numberOfRobotsOnBlackSite,numberOfRobotsOnWhiteSite
33769,30,8
timeStep,numberOfRobotsOnBlackSite,numberOfRobotsOnWhiteSite
33770,30,8
timeStep,numberOfRobotsOnBlackSite,numberOfRobotsOnWhiteSite
33771,30,8
timeStep,numberOfRobotsOnBlackSite,numberOfRobotsOnWhiteSite
33772,30,8
timeStep,numberOfRobotsOnBlackSite,numberOfRobotsOnWhiteSite
33773,30,8
timeStep,numberOfRobotsOnBlackSite,numberOfRobotsOnWhiteSite
33774,30,8
timeStep,numberOfRobotsOnBlackSite,numberOfRobotsOnWhiteSite
33775,30,8
timeStep,numberOfRobotsOnBlackSite,numberOfRobotsOnWhiteSite
33776,30,8
timeStep,numberOfRobotsOnBlackSite,numberOfRobotsOnWhiteSite
33777,30,8
timeStep,numberOfRobotsOnBlackSite,numberOfRobotsOnWhiteSite
33778,30,8
timeStep,numberOfRobotsOnBlackSite,numberOfRobotsOnWhiteSite
33779,30,8
timeStep,numberOfRobotsOnBlackSite,numberOfRobotsOnWhiteSite
33780,30,8
timeStep,numberOfRobotsOnBlackSite,numberOfRobotsOnWhiteSite
33781,30,8
timeStep,numberOfRobotsOnBlackSite,numberOfRobotsOnWhiteSite
33782,30,8
timeStep,numberOfRobotsOnBlackSite,numberOfRobotsOnWhiteSite
33783,30,8
timeStep,numberOfRobotsOnBlackSite,numberOfRobotsOnWhiteSite
33784,30,8
timeStep,numberOfRobotsOnBlackSite,numberOfRobotsOnWhiteSite
33785,30,8
timeStep,numberOfRobotsOnBlackSite,numberOfRobotsOnWhiteSite
33786,30,8
timeStep,numberOfRobotsOnBlackSite,numberOfRobotsOnWhiteSite
33787,30,8
timeStep,numberOfRobotsOnBlackSite,numberOfRobotsOnWhiteSite
33788,30,8
timeStep,numberOfRobotsOnBlackSite,numberOfRobotsOnWhiteSite
33789,30,8
timeStep,numberOfRobotsOnBlackSite,numberOfRobotsOnWhiteSite
33790,30,8
timeStep,numberOfRobotsOnBlackSite,numberOfRobotsOnWhiteSite
33791,30,8
timeStep,numberOfRobotsOnBlackSite,numberOfRobotsOnWhiteSite
33792,30,8
timeStep,numberOfRobotsOnBlackSite,numberOfRobotsOnWhiteSite
33793,30,8
timeStep,numberOfRobotsOnBlackSite,numberOfRobotsOnWhiteSite
33794,30,8
timeStep,numberOfRobotsOnBlackSite,numberOfRobotsOnWhiteSite
33795,30,8
timeStep,numberOfRobotsOnBlackSite,numberOfRobotsOnWhiteSite
33796,30,8
timeStep,numberOfRobotsOnBlackSite,numberOfRobotsOnWhiteSite
33797,30,8
timeStep,numberOfRobotsOnBlackSite,numberOfRobotsOnWhiteSite
33798,30,8
timeStep,numberOfRobotsOnBlackSite,numberOfRobotsOnWhiteSite
33799,30,8
timeStep,numberOfRobotsOnBlackSite,numberOfRobotsOnWhiteSite
33800,30,8
timeStep,numberOfRobotsOnBlackSite,numberOfRobotsOnWhiteSite
33801,30,8
timeStep,numberOfRobotsOnBlackSite,numberOfRobotsOnWhiteSite
33802,30,8
timeStep,numberOfRobotsOnBlackSite,numberOfRobotsOnWhiteSite
33803,30,8
timeStep,numberOfRobotsOnBlackSite,numberOfRobotsOnWhiteSite
33804,30,8
timeStep,numberOfRobotsOnBlackSite,numberOfRobotsOnWhiteSite
33805,30,8
timeStep,numberOfRobotsOnBlackSite,numberOfRobotsOnWhiteSite
33806,30,8
timeStep,numberOfRobotsOnBlackSite,numberOfRobotsOnWhiteSite
33807,30,8
timeStep,numberOfRobotsOnBlackSite,numberOfRobotsOnWhiteSite
33808,30,8
timeStep,numberOfRobotsOnBlackSite,numberOfRobotsOnWhiteSite
33809,30,8
timeStep,numberOfRobotsOnBlackSite,numberOfRobotsOnWhiteSite
33810,30,9
timeStep,numberOfRobotsOnBlackSite,numberOfRobotsOnWhiteSite
33811,30,9
timeStep,numberOfRobotsOnBlackSite,numberOfRobotsOnWhiteSite
33812,30,9
timeStep,numberOfRobotsOnBlackSite,numberOfRobotsOnWhiteSite
33813,30,9
timeStep,numberOfRobotsOnBlackSite,numberOfRobotsOnWhiteSite
33814,30,9
timeStep,numberOfRobotsOnBlackSite,numberOfRobotsOnWhiteSite
33815,30,9
timeStep,numberOfRobotsOnBlackSite,numberOfRobotsOnWhiteSite
33816,30,9
timeStep,numberOfRobotsOnBlackSite,numberOfRobotsOnWhiteSite
33817,30,9
timeStep,numberOfRobotsOnBlackSite,numberOfRobotsOnWhiteSite
33818,30,9
timeStep,numberOfRobotsOnBlackSite,numberOfRobotsOnWhiteSite
33819,30,9
timeStep,numberOfRobotsOnBlackSite,numberOfRobotsOnWhiteSite
33820,30,9
timeStep,numberOfRobotsOnBlackSite,numberOfRobotsOnWhiteSite
33821,30,9
timeStep,numberOfRobotsOnBlackSite,numberOfRobotsOnWhiteSite
33822,30,9
timeStep,numberOfRobotsOnBlackSite,numberOfRobotsOnWhiteSite
33823,30,9
timeStep,numberOfRobotsOnBlackSite,numberOfRobotsOnWhiteSite
33824,30,9
timeStep,numberOfRobotsOnBlackSite,numberOfRobotsOnWhiteSite
33825,30,9
timeStep,numberOfRobotsOnBlackSite,numberOfRobotsOnWhiteSite
33826,30,9
timeStep,numberOfRobotsOnBlackSite,numberOfRobotsOnWhiteSite
33827,30,9
timeStep,numberOfRobotsOnBlackSite,numberOfRobotsOnWhiteSite
33828,30,9
timeStep,numberOfRobotsOnBlackSite,numberOfRobotsOnWhiteSite
33829,30,9
timeStep,numberOfRobotsOnBlackSite,numberOfRobotsOnWhiteSite
33830,30,9
timeStep,numberOfRobotsOnBlackSite,numberOfRobotsOnWhiteSite
33831,30,9
timeStep,numberOfRobotsOnBlackSite,numberOfRobotsOnWhiteSite
33832,30,9
timeStep,numberOfRobotsOnBlackSite,numberOfRobotsOnWhiteSite
33833,30,9
timeStep,numberOfRobotsOnBlackSite,numberOfRobotsOnWhiteSite
33834,30,9
timeStep,numberOfRobotsOnBlackSite,numberOfRobotsOnWhiteSite
33835,30,9
timeStep,numberOfRobotsOnBlackSite,numberOfRobotsOnWhiteSite
33836,30,9
timeStep,numberOfRobotsOnBlackSite,numberOfRobotsOnWhiteSite
33837,30,9
timeStep,numberOfRobotsOnBlackSite,numberOfRobotsOnWhiteSite
33838,30,9
timeStep,numberOfRobotsOnBlackSite,numberOfRobotsOnWhiteSite
33839,30,9
timeStep,numberOfRobotsOnBlackSite,numberOfRobotsOnWhiteSite
33840,30,9
timeStep,numberOfRobotsOnBlackSite,numberOfRobotsOnWhiteSite
33841,30,9
timeStep,numberOfRobotsOnBlackSite,numberOfRobotsOnWhiteSite
33842,30,9
timeStep,numberOfRobotsOnBlackSite,numberOfRobotsOnWhiteSite
33843,30,9
timeStep,numberOfRobotsOnBlackSite,numberOfRobotsOnWhiteSite
33844,30,9
timeStep,numberOfRobotsOnBlackSite,numberOfRobotsOnWhiteSite
33845,30,9
timeStep,numberOfRobotsOnBlackSite,numberOfRobotsOnWhiteSite
33846,30,9
timeStep,numberOfRobotsOnBlackSite,numberOfRobotsOnWhiteSite
33847,30,9
timeStep,numberOfRobotsOnBlackSite,numberOfRobotsOnWhiteSite
33848,30,9
timeStep,numberOfRobotsOnBlackSite,numberOfRobotsOnWhiteSite
33849,30,9
timeStep,numberOfRobotsOnBlackSite,numberOfRobotsOnWhiteSite
33850,30,9
timeStep,numberOfRobotsOnBlackSite,numberOfRobotsOnWhiteSite
33851,30,9
timeStep,numberOfRobotsOnBlackSite,numberOfRobotsOnWhiteSite
33852,30,9
timeStep,numberOfRobotsOnBlackSite,numberOfRobotsOnWhiteSite
33853,30,9
timeStep,numberOfRobotsOnBlackSite,numberOfRobotsOnWhiteSite
33854,30,9
timeStep,numberOfRobotsOnBlackSite,numberOfRobotsOnWhiteSite
33855,30,9
timeStep,numberOfRobotsOnBlackSite,numberOfRobotsOnWhiteSite
33856,30,9
timeStep,numberOfRobotsOnBlackSite,numberOfRobotsOnWhiteSite
33857,30,9
timeStep,numberOfRobotsOnBlackSite,numberOfRobotsOnWhiteSite
33858,30,9
timeStep,numberOfRobotsOnBlackSite,numberOfRobotsOnWhiteSite
33859,30,9
timeStep,numberOfRobotsOnBlackSite,numberOfRobotsOnWhiteSite
33860,30,9
timeStep,numberOfRobotsOnBlackSite,numberOfRobotsOnWhiteSite
33861,30,9
timeStep,numberOfRobotsOnBlackSite,numberOfRobotsOnWhiteSite
33862,30,9
timeStep,numberOfRobotsOnBlackSite,numberOfRobotsOnWhiteSite
33863,30,9
timeStep,numberOfRobotsOnBlackSite,numberOfRobotsOnWhiteSite
33864,30,9
timeStep,numberOfRobotsOnBlackSite,numberOfRobotsOnWhiteSite
33865,30,9
timeStep,numberOfRobotsOnBlackSite,numberOfRobotsOnWhiteSite
33866,30,9
timeStep,numberOfRobotsOnBlackSite,numberOfRobotsOnWhiteSite
33867,30,9
timeStep,numberOfRobotsOnBlackSite,numberOfRobotsOnWhiteSite
33868,30,9
timeStep,numberOfRobotsOnBlackSite,numberOfRobotsOnWhiteSite
33869,30,9
timeStep,numberOfRobotsOnBlackSite,numberOfRobotsOnWhiteSite
33870,30,9
timeStep,numberOfRobotsOnBlackSite,numberOfRobotsOnWhiteSite
33871,30,9
timeStep,numberOfRobotsOnBlackSite,numberOfRobotsOnWhiteSite
33872,30,9
timeStep,numberOfRobotsOnBlackSite,numberOfRobotsOnWhiteSite
33873,30,9
timeStep,numberOfRobotsOnBlackSite,numberOfRobotsOnWhiteSite
33874,30,9
timeStep,numberOfRobotsOnBlackSite,numberOfRobotsOnWhiteSite
33875,30,9
timeStep,numberOfRobotsOnBlackSite,numberOfRobotsOnWhiteSite
33876,30,9
timeStep,numberOfRobotsOnBlackSite,numberOfRobotsOnWhiteSite
33877,30,9
timeStep,numberOfRobotsOnBlackSite,numberOfRobotsOnWhiteSite
33878,30,9
timeStep,numberOfRobotsOnBlackSite,numberOfRobotsOnWhiteSite
33879,30,9
timeStep,numberOfRobotsOnBlackSite,numberOfRobotsOnWhiteSite
33880,30,9
timeStep,numberOfRobotsOnBlackSite,numberOfRobotsOnWhiteSite
33881,30,9
timeStep,numberOfRobotsOnBlackSite,numberOfRobotsOnWhiteSite
33882,30,9
timeStep,numberOfRobotsOnBlackSite,numberOfRobotsOnWhiteSite
33883,30,9
timeStep,numberOfRobotsOnBlackSite,numberOfRobotsOnWhiteSite
33884,30,9
timeStep,numberOfRobotsOnBlackSite,numberOfRobotsOnWhiteSite
33885,30,9
timeStep,numberOfRobotsOnBlackSite,numberOfRobotsOnWhiteSite
33886,30,9
timeStep,numberOfRobotsOnBlackSite,numberOfRobotsOnWhiteSite
33887,30,9
timeStep,numberOfRobotsOnBlackSite,numberOfRobotsOnWhiteSite
33888,30,9
timeStep,numberOfRobotsOnBlackSite,numberOfRobotsOnWhiteSite
33889,30,9
timeStep,numberOfRobotsOnBlackSite,numberOfRobotsOnWhiteSite
33890,30,9
timeStep,numberOfRobotsOnBlackSite,numberOfRobotsOnWhiteSite
33891,30,9
timeStep,numberOfRobotsOnBlackSite,numberOfRobotsOnWhiteSite
33892,30,9
timeStep,numberOfRobotsOnBlackSite,numberOfRobotsOnWhiteSite
33893,30,9
timeStep,numberOfRobotsOnBlackSite,numberOfRobotsOnWhiteSite
33894,30,9
timeStep,numberOfRobotsOnBlackSite,numberOfRobotsOnWhiteSite
33895,30,9
timeStep,numberOfRobotsOnBlackSite,numberOfRobotsOnWhiteSite
33896,30,9
timeStep,numberOfRobotsOnBlackSite,numberOfRobotsOnWhiteSite
33897,30,9
timeStep,numberOfRobotsOnBlackSite,numberOfRobotsOnWhiteSite
33898,30,9
timeStep,numberOfRobotsOnBlackSite,numberOfRobotsOnWhiteSite
33899,30,9
timeStep,numberOfRobotsOnBlackSite,numberOfRobotsOnWhiteSite
33900,30,9
timeStep,numberOfRobotsOnBlackSite,numberOfRobotsOnWhiteSite
33901,30,9
timeStep,numberOfRobotsOnBlackSite,numberOfRobotsOnWhiteSite
33902,30,9
timeStep,numberOfRobotsOnBlackSite,numberOfRobotsOnWhiteSite
33903,30,9
timeStep,numberOfRobotsOnBlackSite,numberOfRobotsOnWhiteSite
33904,30,9
timeStep,numberOfRobotsOnBlackSite,numberOfRobotsOnWhiteSite
33905,30,9
timeStep,numberOfRobotsOnBlackSite,numberOfRobotsOnWhiteSite
33906,30,9
timeStep,numberOfRobotsOnBlackSite,numberOfRobotsOnWhiteSite
33907,30,9
timeStep,numberOfRobotsOnBlackSite,numberOfRobotsOnWhiteSite
33908,30,9
timeStep,numberOfRobotsOnBlackSite,numberOfRobotsOnWhiteSite
33909,30,9
timeStep,numberOfRobotsOnBlackSite,numberOfRobotsOnWhiteSite
33910,30,9
timeStep,numberOfRobotsOnBlackSite,numberOfRobotsOnWhiteSite
33911,30,9
timeStep,numberOfRobotsOnBlackSite,numberOfRobotsOnWhiteSite
33912,30,9
timeStep,numberOfRobotsOnBlackSite,numberOfRobotsOnWhiteSite
33913,30,9
timeStep,numberOfRobotsOnBlackSite,numberOfRobotsOnWhiteSite
33914,30,9
timeStep,numberOfRobotsOnBlackSite,numberOfRobotsOnWhiteSite
33915,30,9
timeStep,numberOfRobotsOnBlackSite,numberOfRobotsOnWhiteSite
33916,30,9
timeStep,numberOfRobotsOnBlackSite,numberOfRobotsOnWhiteSite
33917,30,9
timeStep,numberOfRobotsOnBlackSite,numberOfRobotsOnWhiteSite
33918,30,9
timeStep,numberOfRobotsOnBlackSite,numberOfRobotsOnWhiteSite
33919,30,9
timeStep,numberOfRobotsOnBlackSite,numberOfRobotsOnWhiteSite
33920,30,9
timeStep,numberOfRobotsOnBlackSite,numberOfRobotsOnWhiteSite
33921,30,9
timeStep,numberOfRobotsOnBlackSite,numberOfRobotsOnWhiteSite
33922,30,9
timeStep,numberOfRobotsOnBlackSite,numberOfRobotsOnWhiteSite
33923,30,9
timeStep,numberOfRobotsOnBlackSite,numberOfRobotsOnWhiteSite
33924,30,9
timeStep,numberOfRobotsOnBlackSite,numberOfRobotsOnWhiteSite
33925,30,9
timeStep,numberOfRobotsOnBlackSite,numberOfRobotsOnWhiteSite
33926,30,9
timeStep,numberOfRobotsOnBlackSite,numberOfRobotsOnWhiteSite
33927,30,9
timeStep,numberOfRobotsOnBlackSite,numberOfRobotsOnWhiteSite
33928,30,9
timeStep,numberOfRobotsOnBlackSite,numberOfRobotsOnWhiteSite
33929,30,9
timeStep,numberOfRobotsOnBlackSite,numberOfRobotsOnWhiteSite
33930,30,9
timeStep,numberOfRobotsOnBlackSite,numberOfRobotsOnWhiteSite
33931,30,9
timeStep,numberOfRobotsOnBlackSite,numberOfRobotsOnWhiteSite
33932,30,9
timeStep,numberOfRobotsOnBlackSite,numberOfRobotsOnWhiteSite
33933,30,9
timeStep,numberOfRobotsOnBlackSite,numberOfRobotsOnWhiteSite
33934,30,9
timeStep,numberOfRobotsOnBlackSite,numberOfRobotsOnWhiteSite
33935,30,9
timeStep,numberOfRobotsOnBlackSite,numberOfRobotsOnWhiteSite
33936,30,9
timeStep,numberOfRobotsOnBlackSite,numberOfRobotsOnWhiteSite
33937,30,9
timeStep,numberOfRobotsOnBlackSite,numberOfRobotsOnWhiteSite
33938,30,9
timeStep,numberOfRobotsOnBlackSite,numberOfRobotsOnWhiteSite
33939,30,9
timeStep,numberOfRobotsOnBlackSite,numberOfRobotsOnWhiteSite
33940,30,9
timeStep,numberOfRobotsOnBlackSite,numberOfRobotsOnWhiteSite
33941,30,9
timeStep,numberOfRobotsOnBlackSite,numberOfRobotsOnWhiteSite
33942,30,9
timeStep,numberOfRobotsOnBlackSite,numberOfRobotsOnWhiteSite
33943,30,9
timeStep,numberOfRobotsOnBlackSite,numberOfRobotsOnWhiteSite
33944,30,9
timeStep,numberOfRobotsOnBlackSite,numberOfRobotsOnWhiteSite
33945,30,9
timeStep,numberOfRobotsOnBlackSite,numberOfRobotsOnWhiteSite
33946,30,9
timeStep,numberOfRobotsOnBlackSite,numberOfRobotsOnWhiteSite
33947,30,9
timeStep,numberOfRobotsOnBlackSite,numberOfRobotsOnWhiteSite
33948,30,9
timeStep,numberOfRobotsOnBlackSite,numberOfRobotsOnWhiteSite
33949,30,9
timeStep,numberOfRobotsOnBlackSite,numberOfRobotsOnWhiteSite
33950,30,9
timeStep,numberOfRobotsOnBlackSite,numberOfRobotsOnWhiteSite
33951,30,9
timeStep,numberOfRobotsOnBlackSite,numberOfRobotsOnWhiteSite
33952,30,9
timeStep,numberOfRobotsOnBlackSite,numberOfRobotsOnWhiteSite
33953,30,9
timeStep,numberOfRobotsOnBlackSite,numberOfRobotsOnWhiteSite
33954,30,9
timeStep,numberOfRobotsOnBlackSite,numberOfRobotsOnWhiteSite
33955,30,9
timeStep,numberOfRobotsOnBlackSite,numberOfRobotsOnWhiteSite
33956,30,9
timeStep,numberOfRobotsOnBlackSite,numberOfRobotsOnWhiteSite
33957,30,9
timeStep,numberOfRobotsOnBlackSite,numberOfRobotsOnWhiteSite
33958,30,9
timeStep,numberOfRobotsOnBlackSite,numberOfRobotsOnWhiteSite
33959,30,9
timeStep,numberOfRobotsOnBlackSite,numberOfRobotsOnWhiteSite
33960,30,9
timeStep,numberOfRobotsOnBlackSite,numberOfRobotsOnWhiteSite
33961,30,9
timeStep,numberOfRobotsOnBlackSite,numberOfRobotsOnWhiteSite
33962,30,9
timeStep,numberOfRobotsOnBlackSite,numberOfRobotsOnWhiteSite
33963,30,9
timeStep,numberOfRobotsOnBlackSite,numberOfRobotsOnWhiteSite
33964,30,9
timeStep,numberOfRobotsOnBlackSite,numberOfRobotsOnWhiteSite
33965,30,9
timeStep,numberOfRobotsOnBlackSite,numberOfRobotsOnWhiteSite
33966,30,9
timeStep,numberOfRobotsOnBlackSite,numberOfRobotsOnWhiteSite
33967,30,9
timeStep,numberOfRobotsOnBlackSite,numberOfRobotsOnWhiteSite
33968,30,9
timeStep,numberOfRobotsOnBlackSite,numberOfRobotsOnWhiteSite
33969,30,9
timeStep,numberOfRobotsOnBlackSite,numberOfRobotsOnWhiteSite
33970,30,9
timeStep,numberOfRobotsOnBlackSite,numberOfRobotsOnWhiteSite
33971,30,9
timeStep,numberOfRobotsOnBlackSite,numberOfRobotsOnWhiteSite
33972,30,9
timeStep,numberOfRobotsOnBlackSite,numberOfRobotsOnWhiteSite
33973,30,9
timeStep,numberOfRobotsOnBlackSite,numberOfRobotsOnWhiteSite
33974,30,9
timeStep,numberOfRobotsOnBlackSite,numberOfRobotsOnWhiteSite
33975,30,10
timeStep,numberOfRobotsOnBlackSite,numberOfRobotsOnWhiteSite
33976,30,10
timeStep,numberOfRobotsOnBlackSite,numberOfRobotsOnWhiteSite
33977,30,10
timeStep,numberOfRobotsOnBlackSite,numberOfRobotsOnWhiteSite
33978,30,10
timeStep,numberOfRobotsOnBlackSite,numberOfRobotsOnWhiteSite
33979,30,10
timeStep,numberOfRobotsOnBlackSite,numberOfRobotsOnWhiteSite
33980,30,10
timeStep,numberOfRobotsOnBlackSite,numberOfRobotsOnWhiteSite
33981,30,10
timeStep,numberOfRobotsOnBlackSite,numberOfRobotsOnWhiteSite
33982,30,10
timeStep,numberOfRobotsOnBlackSite,numberOfRobotsOnWhiteSite
33983,30,10
timeStep,numberOfRobotsOnBlackSite,numberOfRobotsOnWhiteSite
33984,30,10
timeStep,numberOfRobotsOnBlackSite,numberOfRobotsOnWhiteSite
33985,30,10
timeStep,numberOfRobotsOnBlackSite,numberOfRobotsOnWhiteSite
33986,30,10
timeStep,numberOfRobotsOnBlackSite,numberOfRobotsOnWhiteSite
33987,30,10
timeStep,numberOfRobotsOnBlackSite,numberOfRobotsOnWhiteSite
33988,30,10
timeStep,numberOfRobotsOnBlackSite,numberOfRobotsOnWhiteSite
33989,30,10
timeStep,numberOfRobotsOnBlackSite,numberOfRobotsOnWhiteSite
33990,30,10
timeStep,numberOfRobotsOnBlackSite,numberOfRobotsOnWhiteSite
33991,30,10
timeStep,numberOfRobotsOnBlackSite,numberOfRobotsOnWhiteSite
33992,30,10
timeStep,numberOfRobotsOnBlackSite,numberOfRobotsOnWhiteSite
33993,30,10
timeStep,numberOfRobotsOnBlackSite,numberOfRobotsOnWhiteSite
33994,30,10
timeStep,numberOfRobotsOnBlackSite,numberOfRobotsOnWhiteSite
33995,30,10
timeStep,numberOfRobotsOnBlackSite,numberOfRobotsOnWhiteSite
33996,30,10
timeStep,numberOfRobotsOnBlackSite,numberOfRobotsOnWhiteSite
33997,30,10
timeStep,numberOfRobotsOnBlackSite,numberOfRobotsOnWhiteSite
33998,30,10
timeStep,numberOfRobotsOnBlackSite,numberOfRobotsOnWhiteSite
33999,30,10
timeStep,numberOfRobotsOnBlackSite,numberOfRobotsOnWhiteSite
34000,30,10
timeStep,numberOfRobotsOnBlackSite,numberOfRobotsOnWhiteSite
34001,30,10
timeStep,numberOfRobotsOnBlackSite,numberOfRobotsOnWhiteSite
34002,30,10
timeStep,numberOfRobotsOnBlackSite,numberOfRobotsOnWhiteSite
34003,30,10
timeStep,numberOfRobotsOnBlackSite,numberOfRobotsOnWhiteSite
34004,30,10
timeStep,numberOfRobotsOnBlackSite,numberOfRobotsOnWhiteSite
34005,30,10
timeStep,numberOfRobotsOnBlackSite,numberOfRobotsOnWhiteSite
34006,30,10
timeStep,numberOfRobotsOnBlackSite,numberOfRobotsOnWhiteSite
34007,30,10
timeStep,numberOfRobotsOnBlackSite,numberOfRobotsOnWhiteSite
34008,30,10
timeStep,numberOfRobotsOnBlackSite,numberOfRobotsOnWhiteSite
34009,30,10
timeStep,numberOfRobotsOnBlackSite,numberOfRobotsOnWhiteSite
34010,30,10
timeStep,numberOfRobotsOnBlackSite,numberOfRobotsOnWhiteSite
34011,30,10
timeStep,numberOfRobotsOnBlackSite,numberOfRobotsOnWhiteSite
34012,30,10
timeStep,numberOfRobotsOnBlackSite,numberOfRobotsOnWhiteSite
34013,30,10
timeStep,numberOfRobotsOnBlackSite,numberOfRobotsOnWhiteSite
34014,30,10
timeStep,numberOfRobotsOnBlackSite,numberOfRobotsOnWhiteSite
34015,30,10
timeStep,numberOfRobotsOnBlackSite,numberOfRobotsOnWhiteSite
34016,30,10
timeStep,numberOfRobotsOnBlackSite,numberOfRobotsOnWhiteSite
34017,30,10
timeStep,numberOfRobotsOnBlackSite,numberOfRobotsOnWhiteSite
34018,30,10
timeStep,numberOfRobotsOnBlackSite,numberOfRobotsOnWhiteSite
34019,30,10
timeStep,numberOfRobotsOnBlackSite,numberOfRobotsOnWhiteSite
34020,30,10
timeStep,numberOfRobotsOnBlackSite,numberOfRobotsOnWhiteSite
34021,30,10
timeStep,numberOfRobotsOnBlackSite,numberOfRobotsOnWhiteSite
34022,30,10
timeStep,numberOfRobotsOnBlackSite,numberOfRobotsOnWhiteSite
34023,30,10
timeStep,numberOfRobotsOnBlackSite,numberOfRobotsOnWhiteSite
34024,30,10
timeStep,numberOfRobotsOnBlackSite,numberOfRobotsOnWhiteSite
34025,30,9
timeStep,numberOfRobotsOnBlackSite,numberOfRobotsOnWhiteSite
34026,30,9
timeStep,numberOfRobotsOnBlackSite,numberOfRobotsOnWhiteSite
34027,30,9
timeStep,numberOfRobotsOnBlackSite,numberOfRobotsOnWhiteSite
34028,30,9
timeStep,numberOfRobotsOnBlackSite,numberOfRobotsOnWhiteSite
34029,30,9
timeStep,numberOfRobotsOnBlackSite,numberOfRobotsOnWhiteSite
34030,30,9
timeStep,numberOfRobotsOnBlackSite,numberOfRobotsOnWhiteSite
34031,30,9
timeStep,numberOfRobotsOnBlackSite,numberOfRobotsOnWhiteSite
34032,30,9
timeStep,numberOfRobotsOnBlackSite,numberOfRobotsOnWhiteSite
34033,30,9
timeStep,numberOfRobotsOnBlackSite,numberOfRobotsOnWhiteSite
34034,30,9
timeStep,numberOfRobotsOnBlackSite,numberOfRobotsOnWhiteSite
34035,30,9
timeStep,numberOfRobotsOnBlackSite,numberOfRobotsOnWhiteSite
34036,30,9
timeStep,numberOfRobotsOnBlackSite,numberOfRobotsOnWhiteSite
34037,30,9
timeStep,numberOfRobotsOnBlackSite,numberOfRobotsOnWhiteSite
34038,30,9
timeStep,numberOfRobotsOnBlackSite,numberOfRobotsOnWhiteSite
34039,30,9
timeStep,numberOfRobotsOnBlackSite,numberOfRobotsOnWhiteSite
34040,30,9
timeStep,numberOfRobotsOnBlackSite,numberOfRobotsOnWhiteSite
34041,30,9
timeStep,numberOfRobotsOnBlackSite,numberOfRobotsOnWhiteSite
34042,30,9
timeStep,numberOfRobotsOnBlackSite,numberOfRobotsOnWhiteSite
34043,30,9
timeStep,numberOfRobotsOnBlackSite,numberOfRobotsOnWhiteSite
34044,30,9
timeStep,numberOfRobotsOnBlackSite,numberOfRobotsOnWhiteSite
34045,30,8
timeStep,numberOfRobotsOnBlackSite,numberOfRobotsOnWhiteSite
34046,30,8
timeStep,numberOfRobotsOnBlackSite,numberOfRobotsOnWhiteSite
34047,30,8
timeStep,numberOfRobotsOnBlackSite,numberOfRobotsOnWhiteSite
34048,30,8
timeStep,numberOfRobotsOnBlackSite,numberOfRobotsOnWhiteSite
34049,30,8
timeStep,numberOfRobotsOnBlackSite,numberOfRobotsOnWhiteSite
34050,30,8
timeStep,numberOfRobotsOnBlackSite,numberOfRobotsOnWhiteSite
34051,30,8
timeStep,numberOfRobotsOnBlackSite,numberOfRobotsOnWhiteSite
34052,30,8
timeStep,numberOfRobotsOnBlackSite,numberOfRobotsOnWhiteSite
34053,30,8
timeStep,numberOfRobotsOnBlackSite,numberOfRobotsOnWhiteSite
34054,30,8
timeStep,numberOfRobotsOnBlackSite,numberOfRobotsOnWhiteSite
34055,30,8
timeStep,numberOfRobotsOnBlackSite,numberOfRobotsOnWhiteSite
34056,30,8
timeStep,numberOfRobotsOnBlackSite,numberOfRobotsOnWhiteSite
34057,30,8
timeStep,numberOfRobotsOnBlackSite,numberOfRobotsOnWhiteSite
34058,30,8
timeStep,numberOfRobotsOnBlackSite,numberOfRobotsOnWhiteSite
34059,30,8
timeStep,numberOfRobotsOnBlackSite,numberOfRobotsOnWhiteSite
34060,30,8
timeStep,numberOfRobotsOnBlackSite,numberOfRobotsOnWhiteSite
34061,30,8
timeStep,numberOfRobotsOnBlackSite,numberOfRobotsOnWhiteSite
34062,30,8
timeStep,numberOfRobotsOnBlackSite,numberOfRobotsOnWhiteSite
34063,30,8
timeStep,numberOfRobotsOnBlackSite,numberOfRobotsOnWhiteSite
34064,30,8
timeStep,numberOfRobotsOnBlackSite,numberOfRobotsOnWhiteSite
34065,30,8
timeStep,numberOfRobotsOnBlackSite,numberOfRobotsOnWhiteSite
34066,30,8
timeStep,numberOfRobotsOnBlackSite,numberOfRobotsOnWhiteSite
34067,30,8
timeStep,numberOfRobotsOnBlackSite,numberOfRobotsOnWhiteSite
34068,30,8
timeStep,numberOfRobotsOnBlackSite,numberOfRobotsOnWhiteSite
34069,30,8
timeStep,numberOfRobotsOnBlackSite,numberOfRobotsOnWhiteSite
34070,30,8
timeStep,numberOfRobotsOnBlackSite,numberOfRobotsOnWhiteSite
34071,30,8
timeStep,numberOfRobotsOnBlackSite,numberOfRobotsOnWhiteSite
34072,30,8
timeStep,numberOfRobotsOnBlackSite,numberOfRobotsOnWhiteSite
34073,30,8
timeStep,numberOfRobotsOnBlackSite,numberOfRobotsOnWhiteSite
34074,30,8
timeStep,numberOfRobotsOnBlackSite,numberOfRobotsOnWhiteSite
34075,30,8
timeStep,numberOfRobotsOnBlackSite,numberOfRobotsOnWhiteSite
34076,30,8
timeStep,numberOfRobotsOnBlackSite,numberOfRobotsOnWhiteSite
34077,30,8
timeStep,numberOfRobotsOnBlackSite,numberOfRobotsOnWhiteSite
34078,30,8
timeStep,numberOfRobotsOnBlackSite,numberOfRobotsOnWhiteSite
34079,30,8
timeStep,numberOfRobotsOnBlackSite,numberOfRobotsOnWhiteSite
34080,30,8
timeStep,numberOfRobotsOnBlackSite,numberOfRobotsOnWhiteSite
34081,30,8
timeStep,numberOfRobotsOnBlackSite,numberOfRobotsOnWhiteSite
34082,30,8
timeStep,numberOfRobotsOnBlackSite,numberOfRobotsOnWhiteSite
34083,30,8
timeStep,numberOfRobotsOnBlackSite,numberOfRobotsOnWhiteSite
34084,30,8
timeStep,numberOfRobotsOnBlackSite,numberOfRobotsOnWhiteSite
34085,30,8
timeStep,numberOfRobotsOnBlackSite,numberOfRobotsOnWhiteSite
34086,30,8
timeStep,numberOfRobotsOnBlackSite,numberOfRobotsOnWhiteSite
34087,30,8
timeStep,numberOfRobotsOnBlackSite,numberOfRobotsOnWhiteSite
34088,30,8
timeStep,numberOfRobotsOnBlackSite,numberOfRobotsOnWhiteSite
34089,30,8
timeStep,numberOfRobotsOnBlackSite,numberOfRobotsOnWhiteSite
34090,30,8
timeStep,numberOfRobotsOnBlackSite,numberOfRobotsOnWhiteSite
34091,30,8
timeStep,numberOfRobotsOnBlackSite,numberOfRobotsOnWhiteSite
34092,30,8
timeStep,numberOfRobotsOnBlackSite,numberOfRobotsOnWhiteSite
34093,30,8
timeStep,numberOfRobotsOnBlackSite,numberOfRobotsOnWhiteSite
34094,30,8
timeStep,numberOfRobotsOnBlackSite,numberOfRobotsOnWhiteSite
34095,30,8
timeStep,numberOfRobotsOnBlackSite,numberOfRobotsOnWhiteSite
34096,30,8
timeStep,numberOfRobotsOnBlackSite,numberOfRobotsOnWhiteSite
34097,30,8
timeStep,numberOfRobotsOnBlackSite,numberOfRobotsOnWhiteSite
34098,30,8
timeStep,numberOfRobotsOnBlackSite,numberOfRobotsOnWhiteSite
34099,30,8
timeStep,numberOfRobotsOnBlackSite,numberOfRobotsOnWhiteSite
34100,30,9
timeStep,numberOfRobotsOnBlackSite,numberOfRobotsOnWhiteSite
34101,30,9
timeStep,numberOfRobotsOnBlackSite,numberOfRobotsOnWhiteSite
34102,30,9
timeStep,numberOfRobotsOnBlackSite,numberOfRobotsOnWhiteSite
34103,30,9
timeStep,numberOfRobotsOnBlackSite,numberOfRobotsOnWhiteSite
34104,30,9
timeStep,numberOfRobotsOnBlackSite,numberOfRobotsOnWhiteSite
34105,30,9
timeStep,numberOfRobotsOnBlackSite,numberOfRobotsOnWhiteSite
34106,30,9
timeStep,numberOfRobotsOnBlackSite,numberOfRobotsOnWhiteSite
34107,30,9
timeStep,numberOfRobotsOnBlackSite,numberOfRobotsOnWhiteSite
34108,30,9
timeStep,numberOfRobotsOnBlackSite,numberOfRobotsOnWhiteSite
34109,30,9
timeStep,numberOfRobotsOnBlackSite,numberOfRobotsOnWhiteSite
34110,30,9
timeStep,numberOfRobotsOnBlackSite,numberOfRobotsOnWhiteSite
34111,30,9
timeStep,numberOfRobotsOnBlackSite,numberOfRobotsOnWhiteSite
34112,30,9
timeStep,numberOfRobotsOnBlackSite,numberOfRobotsOnWhiteSite
34113,30,9
timeStep,numberOfRobotsOnBlackSite,numberOfRobotsOnWhiteSite
34114,30,9
timeStep,numberOfRobotsOnBlackSite,numberOfRobotsOnWhiteSite
34115,30,9
timeStep,numberOfRobotsOnBlackSite,numberOfRobotsOnWhiteSite
34116,30,9
timeStep,numberOfRobotsOnBlackSite,numberOfRobotsOnWhiteSite
34117,30,9
timeStep,numberOfRobotsOnBlackSite,numberOfRobotsOnWhiteSite
34118,30,9
timeStep,numberOfRobotsOnBlackSite,numberOfRobotsOnWhiteSite
34119,30,9
timeStep,numberOfRobotsOnBlackSite,numberOfRobotsOnWhiteSite
34120,30,9
timeStep,numberOfRobotsOnBlackSite,numberOfRobotsOnWhiteSite
34121,30,9
timeStep,numberOfRobotsOnBlackSite,numberOfRobotsOnWhiteSite
34122,30,9
timeStep,numberOfRobotsOnBlackSite,numberOfRobotsOnWhiteSite
34123,30,9
timeStep,numberOfRobotsOnBlackSite,numberOfRobotsOnWhiteSite
34124,30,9
timeStep,numberOfRobotsOnBlackSite,numberOfRobotsOnWhiteSite
34125,30,9
timeStep,numberOfRobotsOnBlackSite,numberOfRobotsOnWhiteSite
34126,30,9
timeStep,numberOfRobotsOnBlackSite,numberOfRobotsOnWhiteSite
34127,30,9
timeStep,numberOfRobotsOnBlackSite,numberOfRobotsOnWhiteSite
34128,30,9
timeStep,numberOfRobotsOnBlackSite,numberOfRobotsOnWhiteSite
34129,30,9
timeStep,numberOfRobotsOnBlackSite,numberOfRobotsOnWhiteSite
34130,30,9
timeStep,numberOfRobotsOnBlackSite,numberOfRobotsOnWhiteSite
34131,30,9
timeStep,numberOfRobotsOnBlackSite,numberOfRobotsOnWhiteSite
34132,30,9
timeStep,numberOfRobotsOnBlackSite,numberOfRobotsOnWhiteSite
34133,30,9
timeStep,numberOfRobotsOnBlackSite,numberOfRobotsOnWhiteSite
34134,30,9
timeStep,numberOfRobotsOnBlackSite,numberOfRobotsOnWhiteSite
34135,30,9
timeStep,numberOfRobotsOnBlackSite,numberOfRobotsOnWhiteSite
34136,30,9
timeStep,numberOfRobotsOnBlackSite,numberOfRobotsOnWhiteSite
34137,30,9
timeStep,numberOfRobotsOnBlackSite,numberOfRobotsOnWhiteSite
34138,30,9
timeStep,numberOfRobotsOnBlackSite,numberOfRobotsOnWhiteSite
34139,30,9
timeStep,numberOfRobotsOnBlackSite,numberOfRobotsOnWhiteSite
34140,30,9
timeStep,numberOfRobotsOnBlackSite,numberOfRobotsOnWhiteSite
34141,30,9
timeStep,numberOfRobotsOnBlackSite,numberOfRobotsOnWhiteSite
34142,30,9
timeStep,numberOfRobotsOnBlackSite,numberOfRobotsOnWhiteSite
34143,30,9
timeStep,numberOfRobotsOnBlackSite,numberOfRobotsOnWhiteSite
34144,30,9
timeStep,numberOfRobotsOnBlackSite,numberOfRobotsOnWhiteSite
34145,30,9
timeStep,numberOfRobotsOnBlackSite,numberOfRobotsOnWhiteSite
34146,30,9
timeStep,numberOfRobotsOnBlackSite,numberOfRobotsOnWhiteSite
34147,30,9
timeStep,numberOfRobotsOnBlackSite,numberOfRobotsOnWhiteSite
34148,30,9
timeStep,numberOfRobotsOnBlackSite,numberOfRobotsOnWhiteSite
34149,30,9
timeStep,numberOfRobotsOnBlackSite,numberOfRobotsOnWhiteSite
34150,30,8
timeStep,numberOfRobotsOnBlackSite,numberOfRobotsOnWhiteSite
34151,30,8
timeStep,numberOfRobotsOnBlackSite,numberOfRobotsOnWhiteSite
34152,30,8
timeStep,numberOfRobotsOnBlackSite,numberOfRobotsOnWhiteSite
34153,30,8
timeStep,numberOfRobotsOnBlackSite,numberOfRobotsOnWhiteSite
34154,30,8
timeStep,numberOfRobotsOnBlackSite,numberOfRobotsOnWhiteSite
34155,30,8
timeStep,numberOfRobotsOnBlackSite,numberOfRobotsOnWhiteSite
34156,30,8
timeStep,numberOfRobotsOnBlackSite,numberOfRobotsOnWhiteSite
34157,30,8
timeStep,numberOfRobotsOnBlackSite,numberOfRobotsOnWhiteSite
34158,30,8
timeStep,numberOfRobotsOnBlackSite,numberOfRobotsOnWhiteSite
34159,30,8
timeStep,numberOfRobotsOnBlackSite,numberOfRobotsOnWhiteSite
34160,30,8
timeStep,numberOfRobotsOnBlackSite,numberOfRobotsOnWhiteSite
34161,30,8
timeStep,numberOfRobotsOnBlackSite,numberOfRobotsOnWhiteSite
34162,30,8
timeStep,numberOfRobotsOnBlackSite,numberOfRobotsOnWhiteSite
34163,30,8
timeStep,numberOfRobotsOnBlackSite,numberOfRobotsOnWhiteSite
34164,30,8
timeStep,numberOfRobotsOnBlackSite,numberOfRobotsOnWhiteSite
34165,30,8
timeStep,numberOfRobotsOnBlackSite,numberOfRobotsOnWhiteSite
34166,30,8
timeStep,numberOfRobotsOnBlackSite,numberOfRobotsOnWhiteSite
34167,30,8
timeStep,numberOfRobotsOnBlackSite,numberOfRobotsOnWhiteSite
34168,30,8
timeStep,numberOfRobotsOnBlackSite,numberOfRobotsOnWhiteSite
34169,30,8
timeStep,numberOfRobotsOnBlackSite,numberOfRobotsOnWhiteSite
34170,30,8
timeStep,numberOfRobotsOnBlackSite,numberOfRobotsOnWhiteSite
34171,30,8
timeStep,numberOfRobotsOnBlackSite,numberOfRobotsOnWhiteSite
34172,30,8
timeStep,numberOfRobotsOnBlackSite,numberOfRobotsOnWhiteSite
34173,30,8
timeStep,numberOfRobotsOnBlackSite,numberOfRobotsOnWhiteSite
34174,30,8
timeStep,numberOfRobotsOnBlackSite,numberOfRobotsOnWhiteSite
34175,30,8
timeStep,numberOfRobotsOnBlackSite,numberOfRobotsOnWhiteSite
34176,30,8
timeStep,numberOfRobotsOnBlackSite,numberOfRobotsOnWhiteSite
34177,30,8
timeStep,numberOfRobotsOnBlackSite,numberOfRobotsOnWhiteSite
34178,30,8
timeStep,numberOfRobotsOnBlackSite,numberOfRobotsOnWhiteSite
34179,30,8
timeStep,numberOfRobotsOnBlackSite,numberOfRobotsOnWhiteSite
34180,30,8
timeStep,numberOfRobotsOnBlackSite,numberOfRobotsOnWhiteSite
34181,30,8
timeStep,numberOfRobotsOnBlackSite,numberOfRobotsOnWhiteSite
34182,30,8
timeStep,numberOfRobotsOnBlackSite,numberOfRobotsOnWhiteSite
34183,30,8
timeStep,numberOfRobotsOnBlackSite,numberOfRobotsOnWhiteSite
34184,30,8
timeStep,numberOfRobotsOnBlackSite,numberOfRobotsOnWhiteSite
34185,30,8
timeStep,numberOfRobotsOnBlackSite,numberOfRobotsOnWhiteSite
34186,30,8
timeStep,numberOfRobotsOnBlackSite,numberOfRobotsOnWhiteSite
34187,30,8
timeStep,numberOfRobotsOnBlackSite,numberOfRobotsOnWhiteSite
34188,30,8
timeStep,numberOfRobotsOnBlackSite,numberOfRobotsOnWhiteSite
34189,30,8
timeStep,numberOfRobotsOnBlackSite,numberOfRobotsOnWhiteSite
34190,29,8
timeStep,numberOfRobotsOnBlackSite,numberOfRobotsOnWhiteSite
34191,29,8
timeStep,numberOfRobotsOnBlackSite,numberOfRobotsOnWhiteSite
34192,29,8
timeStep,numberOfRobotsOnBlackSite,numberOfRobotsOnWhiteSite
34193,29,8
timeStep,numberOfRobotsOnBlackSite,numberOfRobotsOnWhiteSite
34194,29,8
timeStep,numberOfRobotsOnBlackSite,numberOfRobotsOnWhiteSite
34195,29,8
timeStep,numberOfRobotsOnBlackSite,numberOfRobotsOnWhiteSite
34196,29,8
timeStep,numberOfRobotsOnBlackSite,numberOfRobotsOnWhiteSite
34197,29,8
timeStep,numberOfRobotsOnBlackSite,numberOfRobotsOnWhiteSite
34198,29,8
timeStep,numberOfRobotsOnBlackSite,numberOfRobotsOnWhiteSite
34199,29,8
timeStep,numberOfRobotsOnBlackSite,numberOfRobotsOnWhiteSite
34200,29,8
timeStep,numberOfRobotsOnBlackSite,numberOfRobotsOnWhiteSite
34201,29,8
timeStep,numberOfRobotsOnBlackSite,numberOfRobotsOnWhiteSite
34202,29,8
timeStep,numberOfRobotsOnBlackSite,numberOfRobotsOnWhiteSite
34203,29,8
timeStep,numberOfRobotsOnBlackSite,numberOfRobotsOnWhiteSite
34204,29,8
timeStep,numberOfRobotsOnBlackSite,numberOfRobotsOnWhiteSite
34205,29,8
timeStep,numberOfRobotsOnBlackSite,numberOfRobotsOnWhiteSite
34206,29,8
timeStep,numberOfRobotsOnBlackSite,numberOfRobotsOnWhiteSite
34207,29,8
timeStep,numberOfRobotsOnBlackSite,numberOfRobotsOnWhiteSite
34208,29,8
timeStep,numberOfRobotsOnBlackSite,numberOfRobotsOnWhiteSite
34209,29,8
timeStep,numberOfRobotsOnBlackSite,numberOfRobotsOnWhiteSite
34210,29,8
timeStep,numberOfRobotsOnBlackSite,numberOfRobotsOnWhiteSite
34211,29,8
timeStep,numberOfRobotsOnBlackSite,numberOfRobotsOnWhiteSite
34212,29,8
timeStep,numberOfRobotsOnBlackSite,numberOfRobotsOnWhiteSite
34213,29,8
timeStep,numberOfRobotsOnBlackSite,numberOfRobotsOnWhiteSite
34214,29,8
timeStep,numberOfRobotsOnBlackSite,numberOfRobotsOnWhiteSite
34215,29,8
timeStep,numberOfRobotsOnBlackSite,numberOfRobotsOnWhiteSite
34216,29,8
timeStep,numberOfRobotsOnBlackSite,numberOfRobotsOnWhiteSite
34217,29,8
timeStep,numberOfRobotsOnBlackSite,numberOfRobotsOnWhiteSite
34218,29,8
timeStep,numberOfRobotsOnBlackSite,numberOfRobotsOnWhiteSite
34219,29,8
timeStep,numberOfRobotsOnBlackSite,numberOfRobotsOnWhiteSite
34220,29,8
timeStep,numberOfRobotsOnBlackSite,numberOfRobotsOnWhiteSite
34221,29,8
timeStep,numberOfRobotsOnBlackSite,numberOfRobotsOnWhiteSite
34222,29,8
timeStep,numberOfRobotsOnBlackSite,numberOfRobotsOnWhiteSite
34223,29,8
timeStep,numberOfRobotsOnBlackSite,numberOfRobotsOnWhiteSite
34224,29,8
timeStep,numberOfRobotsOnBlackSite,numberOfRobotsOnWhiteSite
34225,29,8
timeStep,numberOfRobotsOnBlackSite,numberOfRobotsOnWhiteSite
34226,29,8
timeStep,numberOfRobotsOnBlackSite,numberOfRobotsOnWhiteSite
34227,29,8
timeStep,numberOfRobotsOnBlackSite,numberOfRobotsOnWhiteSite
34228,29,8
timeStep,numberOfRobotsOnBlackSite,numberOfRobotsOnWhiteSite
34229,29,8
timeStep,numberOfRobotsOnBlackSite,numberOfRobotsOnWhiteSite
34230,28,8
timeStep,numberOfRobotsOnBlackSite,numberOfRobotsOnWhiteSite
34231,28,8
timeStep,numberOfRobotsOnBlackSite,numberOfRobotsOnWhiteSite
34232,28,8
timeStep,numberOfRobotsOnBlackSite,numberOfRobotsOnWhiteSite
34233,28,8
timeStep,numberOfRobotsOnBlackSite,numberOfRobotsOnWhiteSite
34234,28,8
timeStep,numberOfRobotsOnBlackSite,numberOfRobotsOnWhiteSite
34235,28,8
timeStep,numberOfRobotsOnBlackSite,numberOfRobotsOnWhiteSite
34236,28,8
timeStep,numberOfRobotsOnBlackSite,numberOfRobotsOnWhiteSite
34237,28,8
timeStep,numberOfRobotsOnBlackSite,numberOfRobotsOnWhiteSite
34238,28,8
timeStep,numberOfRobotsOnBlackSite,numberOfRobotsOnWhiteSite
34239,28,8
timeStep,numberOfRobotsOnBlackSite,numberOfRobotsOnWhiteSite
34240,28,8
timeStep,numberOfRobotsOnBlackSite,numberOfRobotsOnWhiteSite
34241,28,8
timeStep,numberOfRobotsOnBlackSite,numberOfRobotsOnWhiteSite
34242,28,8
timeStep,numberOfRobotsOnBlackSite,numberOfRobotsOnWhiteSite
34243,28,8
timeStep,numberOfRobotsOnBlackSite,numberOfRobotsOnWhiteSite
34244,28,8
timeStep,numberOfRobotsOnBlackSite,numberOfRobotsOnWhiteSite
34245,28,8
timeStep,numberOfRobotsOnBlackSite,numberOfRobotsOnWhiteSite
34246,28,8
timeStep,numberOfRobotsOnBlackSite,numberOfRobotsOnWhiteSite
34247,28,8
timeStep,numberOfRobotsOnBlackSite,numberOfRobotsOnWhiteSite
34248,28,8
timeStep,numberOfRobotsOnBlackSite,numberOfRobotsOnWhiteSite
34249,28,8
timeStep,numberOfRobotsOnBlackSite,numberOfRobotsOnWhiteSite
34250,28,8
timeStep,numberOfRobotsOnBlackSite,numberOfRobotsOnWhiteSite
34251,28,8
timeStep,numberOfRobotsOnBlackSite,numberOfRobotsOnWhiteSite
34252,28,8
timeStep,numberOfRobotsOnBlackSite,numberOfRobotsOnWhiteSite
34253,28,8
timeStep,numberOfRobotsOnBlackSite,numberOfRobotsOnWhiteSite
34254,28,8
timeStep,numberOfRobotsOnBlackSite,numberOfRobotsOnWhiteSite
34255,28,8
timeStep,numberOfRobotsOnBlackSite,numberOfRobotsOnWhiteSite
34256,28,8
timeStep,numberOfRobotsOnBlackSite,numberOfRobotsOnWhiteSite
34257,28,8
timeStep,numberOfRobotsOnBlackSite,numberOfRobotsOnWhiteSite
34258,28,8
timeStep,numberOfRobotsOnBlackSite,numberOfRobotsOnWhiteSite
34259,28,8
timeStep,numberOfRobotsOnBlackSite,numberOfRobotsOnWhiteSite
34260,28,8
timeStep,numberOfRobotsOnBlackSite,numberOfRobotsOnWhiteSite
34261,28,8
timeStep,numberOfRobotsOnBlackSite,numberOfRobotsOnWhiteSite
34262,28,8
timeStep,numberOfRobotsOnBlackSite,numberOfRobotsOnWhiteSite
34263,28,8
timeStep,numberOfRobotsOnBlackSite,numberOfRobotsOnWhiteSite
34264,28,8
timeStep,numberOfRobotsOnBlackSite,numberOfRobotsOnWhiteSite
34265,28,8
timeStep,numberOfRobotsOnBlackSite,numberOfRobotsOnWhiteSite
34266,28,8
timeStep,numberOfRobotsOnBlackSite,numberOfRobotsOnWhiteSite
34267,28,8
timeStep,numberOfRobotsOnBlackSite,numberOfRobotsOnWhiteSite
34268,28,8
timeStep,numberOfRobotsOnBlackSite,numberOfRobotsOnWhiteSite
34269,28,8
timeStep,numberOfRobotsOnBlackSite,numberOfRobotsOnWhiteSite
34270,28,8
timeStep,numberOfRobotsOnBlackSite,numberOfRobotsOnWhiteSite
34271,28,8
timeStep,numberOfRobotsOnBlackSite,numberOfRobotsOnWhiteSite
34272,28,8
timeStep,numberOfRobotsOnBlackSite,numberOfRobotsOnWhiteSite
34273,28,8
timeStep,numberOfRobotsOnBlackSite,numberOfRobotsOnWhiteSite
34274,28,8
timeStep,numberOfRobotsOnBlackSite,numberOfRobotsOnWhiteSite
34275,28,8
timeStep,numberOfRobotsOnBlackSite,numberOfRobotsOnWhiteSite
34276,28,8
timeStep,numberOfRobotsOnBlackSite,numberOfRobotsOnWhiteSite
34277,28,8
timeStep,numberOfRobotsOnBlackSite,numberOfRobotsOnWhiteSite
34278,28,8
timeStep,numberOfRobotsOnBlackSite,numberOfRobotsOnWhiteSite
34279,28,8
timeStep,numberOfRobotsOnBlackSite,numberOfRobotsOnWhiteSite
34280,28,8
timeStep,numberOfRobotsOnBlackSite,numberOfRobotsOnWhiteSite
34281,28,8
timeStep,numberOfRobotsOnBlackSite,numberOfRobotsOnWhiteSite
34282,28,8
timeStep,numberOfRobotsOnBlackSite,numberOfRobotsOnWhiteSite
34283,28,8
timeStep,numberOfRobotsOnBlackSite,numberOfRobotsOnWhiteSite
34284,28,8
timeStep,numberOfRobotsOnBlackSite,numberOfRobotsOnWhiteSite
34285,28,8
timeStep,numberOfRobotsOnBlackSite,numberOfRobotsOnWhiteSite
34286,28,8
timeStep,numberOfRobotsOnBlackSite,numberOfRobotsOnWhiteSite
34287,28,8
timeStep,numberOfRobotsOnBlackSite,numberOfRobotsOnWhiteSite
34288,28,8
timeStep,numberOfRobotsOnBlackSite,numberOfRobotsOnWhiteSite
34289,28,8
timeStep,numberOfRobotsOnBlackSite,numberOfRobotsOnWhiteSite
34290,28,8
timeStep,numberOfRobotsOnBlackSite,numberOfRobotsOnWhiteSite
34291,28,8
timeStep,numberOfRobotsOnBlackSite,numberOfRobotsOnWhiteSite
34292,28,8
timeStep,numberOfRobotsOnBlackSite,numberOfRobotsOnWhiteSite
34293,28,8
timeStep,numberOfRobotsOnBlackSite,numberOfRobotsOnWhiteSite
34294,28,8
timeStep,numberOfRobotsOnBlackSite,numberOfRobotsOnWhiteSite
34295,28,8
timeStep,numberOfRobotsOnBlackSite,numberOfRobotsOnWhiteSite
34296,28,8
timeStep,numberOfRobotsOnBlackSite,numberOfRobotsOnWhiteSite
34297,28,8
timeStep,numberOfRobotsOnBlackSite,numberOfRobotsOnWhiteSite
34298,28,8
timeStep,numberOfRobotsOnBlackSite,numberOfRobotsOnWhiteSite
34299,28,8
timeStep,numberOfRobotsOnBlackSite,numberOfRobotsOnWhiteSite
34300,28,8
timeStep,numberOfRobotsOnBlackSite,numberOfRobotsOnWhiteSite
34301,28,8
timeStep,numberOfRobotsOnBlackSite,numberOfRobotsOnWhiteSite
34302,28,8
timeStep,numberOfRobotsOnBlackSite,numberOfRobotsOnWhiteSite
34303,28,8
timeStep,numberOfRobotsOnBlackSite,numberOfRobotsOnWhiteSite
34304,28,8
timeStep,numberOfRobotsOnBlackSite,numberOfRobotsOnWhiteSite
34305,28,8
timeStep,numberOfRobotsOnBlackSite,numberOfRobotsOnWhiteSite
34306,28,8
timeStep,numberOfRobotsOnBlackSite,numberOfRobotsOnWhiteSite
34307,28,8
timeStep,numberOfRobotsOnBlackSite,numberOfRobotsOnWhiteSite
34308,28,8
timeStep,numberOfRobotsOnBlackSite,numberOfRobotsOnWhiteSite
34309,28,8
timeStep,numberOfRobotsOnBlackSite,numberOfRobotsOnWhiteSite
34310,28,8
timeStep,numberOfRobotsOnBlackSite,numberOfRobotsOnWhiteSite
34311,28,8
timeStep,numberOfRobotsOnBlackSite,numberOfRobotsOnWhiteSite
34312,28,8
timeStep,numberOfRobotsOnBlackSite,numberOfRobotsOnWhiteSite
34313,28,8
timeStep,numberOfRobotsOnBlackSite,numberOfRobotsOnWhiteSite
34314,28,8
timeStep,numberOfRobotsOnBlackSite,numberOfRobotsOnWhiteSite
34315,28,8
timeStep,numberOfRobotsOnBlackSite,numberOfRobotsOnWhiteSite
34316,28,8
timeStep,numberOfRobotsOnBlackSite,numberOfRobotsOnWhiteSite
34317,28,8
timeStep,numberOfRobotsOnBlackSite,numberOfRobotsOnWhiteSite
34318,28,8
timeStep,numberOfRobotsOnBlackSite,numberOfRobotsOnWhiteSite
34319,28,8
timeStep,numberOfRobotsOnBlackSite,numberOfRobotsOnWhiteSite
34320,28,8
timeStep,numberOfRobotsOnBlackSite,numberOfRobotsOnWhiteSite
34321,28,8
timeStep,numberOfRobotsOnBlackSite,numberOfRobotsOnWhiteSite
34322,28,8
timeStep,numberOfRobotsOnBlackSite,numberOfRobotsOnWhiteSite
34323,28,8
timeStep,numberOfRobotsOnBlackSite,numberOfRobotsOnWhiteSite
34324,28,8
timeStep,numberOfRobotsOnBlackSite,numberOfRobotsOnWhiteSite
34325,28,8
timeStep,numberOfRobotsOnBlackSite,numberOfRobotsOnWhiteSite
34326,28,8
timeStep,numberOfRobotsOnBlackSite,numberOfRobotsOnWhiteSite
34327,28,8
timeStep,numberOfRobotsOnBlackSite,numberOfRobotsOnWhiteSite
34328,28,8
timeStep,numberOfRobotsOnBlackSite,numberOfRobotsOnWhiteSite
34329,28,8
timeStep,numberOfRobotsOnBlackSite,numberOfRobotsOnWhiteSite
34330,28,8
timeStep,numberOfRobotsOnBlackSite,numberOfRobotsOnWhiteSite
34331,28,8
timeStep,numberOfRobotsOnBlackSite,numberOfRobotsOnWhiteSite
34332,28,8
timeStep,numberOfRobotsOnBlackSite,numberOfRobotsOnWhiteSite
34333,28,8
timeStep,numberOfRobotsOnBlackSite,numberOfRobotsOnWhiteSite
34334,28,8
timeStep,numberOfRobotsOnBlackSite,numberOfRobotsOnWhiteSite
34335,28,8
timeStep,numberOfRobotsOnBlackSite,numberOfRobotsOnWhiteSite
34336,28,8
timeStep,numberOfRobotsOnBlackSite,numberOfRobotsOnWhiteSite
34337,28,8
timeStep,numberOfRobotsOnBlackSite,numberOfRobotsOnWhiteSite
34338,28,8
timeStep,numberOfRobotsOnBlackSite,numberOfRobotsOnWhiteSite
34339,28,8
timeStep,numberOfRobotsOnBlackSite,numberOfRobotsOnWhiteSite
34340,29,8
timeStep,numberOfRobotsOnBlackSite,numberOfRobotsOnWhiteSite
34341,29,8
timeStep,numberOfRobotsOnBlackSite,numberOfRobotsOnWhiteSite
34342,29,8
timeStep,numberOfRobotsOnBlackSite,numberOfRobotsOnWhiteSite
34343,29,8
timeStep,numberOfRobotsOnBlackSite,numberOfRobotsOnWhiteSite
34344,29,8
timeStep,numberOfRobotsOnBlackSite,numberOfRobotsOnWhiteSite
34345,28,8
timeStep,numberOfRobotsOnBlackSite,numberOfRobotsOnWhiteSite
34346,28,8
timeStep,numberOfRobotsOnBlackSite,numberOfRobotsOnWhiteSite
34347,28,8
timeStep,numberOfRobotsOnBlackSite,numberOfRobotsOnWhiteSite
34348,28,8
timeStep,numberOfRobotsOnBlackSite,numberOfRobotsOnWhiteSite
34349,28,8
timeStep,numberOfRobotsOnBlackSite,numberOfRobotsOnWhiteSite
34350,29,7
timeStep,numberOfRobotsOnBlackSite,numberOfRobotsOnWhiteSite
34351,29,7
timeStep,numberOfRobotsOnBlackSite,numberOfRobotsOnWhiteSite
34352,29,7
timeStep,numberOfRobotsOnBlackSite,numberOfRobotsOnWhiteSite
34353,29,7
timeStep,numberOfRobotsOnBlackSite,numberOfRobotsOnWhiteSite
34354,29,7
timeStep,numberOfRobotsOnBlackSite,numberOfRobotsOnWhiteSite
34355,29,7
timeStep,numberOfRobotsOnBlackSite,numberOfRobotsOnWhiteSite
34356,29,7
timeStep,numberOfRobotsOnBlackSite,numberOfRobotsOnWhiteSite
34357,29,7
timeStep,numberOfRobotsOnBlackSite,numberOfRobotsOnWhiteSite
34358,29,7
timeStep,numberOfRobotsOnBlackSite,numberOfRobotsOnWhiteSite
34359,29,7
timeStep,numberOfRobotsOnBlackSite,numberOfRobotsOnWhiteSite
34360,29,7
timeStep,numberOfRobotsOnBlackSite,numberOfRobotsOnWhiteSite
34361,29,7
timeStep,numberOfRobotsOnBlackSite,numberOfRobotsOnWhiteSite
34362,29,7
timeStep,numberOfRobotsOnBlackSite,numberOfRobotsOnWhiteSite
34363,29,7
timeStep,numberOfRobotsOnBlackSite,numberOfRobotsOnWhiteSite
34364,29,7
timeStep,numberOfRobotsOnBlackSite,numberOfRobotsOnWhiteSite
34365,29,7
timeStep,numberOfRobotsOnBlackSite,numberOfRobotsOnWhiteSite
34366,29,7
timeStep,numberOfRobotsOnBlackSite,numberOfRobotsOnWhiteSite
34367,29,7
timeStep,numberOfRobotsOnBlackSite,numberOfRobotsOnWhiteSite
34368,29,7
timeStep,numberOfRobotsOnBlackSite,numberOfRobotsOnWhiteSite
34369,29,7
timeStep,numberOfRobotsOnBlackSite,numberOfRobotsOnWhiteSite
34370,29,7
timeStep,numberOfRobotsOnBlackSite,numberOfRobotsOnWhiteSite
34371,29,7
timeStep,numberOfRobotsOnBlackSite,numberOfRobotsOnWhiteSite
34372,29,7
timeStep,numberOfRobotsOnBlackSite,numberOfRobotsOnWhiteSite
34373,29,7
timeStep,numberOfRobotsOnBlackSite,numberOfRobotsOnWhiteSite
34374,29,7
timeStep,numberOfRobotsOnBlackSite,numberOfRobotsOnWhiteSite
34375,29,7
timeStep,numberOfRobotsOnBlackSite,numberOfRobotsOnWhiteSite
34376,29,7
timeStep,numberOfRobotsOnBlackSite,numberOfRobotsOnWhiteSite
34377,29,7
timeStep,numberOfRobotsOnBlackSite,numberOfRobotsOnWhiteSite
34378,29,7
timeStep,numberOfRobotsOnBlackSite,numberOfRobotsOnWhiteSite
34379,29,7
timeStep,numberOfRobotsOnBlackSite,numberOfRobotsOnWhiteSite
34380,29,7
timeStep,numberOfRobotsOnBlackSite,numberOfRobotsOnWhiteSite
34381,29,7
timeStep,numberOfRobotsOnBlackSite,numberOfRobotsOnWhiteSite
34382,29,7
timeStep,numberOfRobotsOnBlackSite,numberOfRobotsOnWhiteSite
34383,29,7
timeStep,numberOfRobotsOnBlackSite,numberOfRobotsOnWhiteSite
34384,29,7
timeStep,numberOfRobotsOnBlackSite,numberOfRobotsOnWhiteSite
34385,29,7
timeStep,numberOfRobotsOnBlackSite,numberOfRobotsOnWhiteSite
34386,29,7
timeStep,numberOfRobotsOnBlackSite,numberOfRobotsOnWhiteSite
34387,29,7
timeStep,numberOfRobotsOnBlackSite,numberOfRobotsOnWhiteSite
34388,29,7
timeStep,numberOfRobotsOnBlackSite,numberOfRobotsOnWhiteSite
34389,29,7
timeStep,numberOfRobotsOnBlackSite,numberOfRobotsOnWhiteSite
34390,29,7
timeStep,numberOfRobotsOnBlackSite,numberOfRobotsOnWhiteSite
34391,29,7
timeStep,numberOfRobotsOnBlackSite,numberOfRobotsOnWhiteSite
34392,29,7
timeStep,numberOfRobotsOnBlackSite,numberOfRobotsOnWhiteSite
34393,29,7
timeStep,numberOfRobotsOnBlackSite,numberOfRobotsOnWhiteSite
34394,29,7
timeStep,numberOfRobotsOnBlackSite,numberOfRobotsOnWhiteSite
34395,29,7
timeStep,numberOfRobotsOnBlackSite,numberOfRobotsOnWhiteSite
34396,29,7
timeStep,numberOfRobotsOnBlackSite,numberOfRobotsOnWhiteSite
34397,29,7
timeStep,numberOfRobotsOnBlackSite,numberOfRobotsOnWhiteSite
34398,29,7
timeStep,numberOfRobotsOnBlackSite,numberOfRobotsOnWhiteSite
34399,29,7
timeStep,numberOfRobotsOnBlackSite,numberOfRobotsOnWhiteSite
34400,29,8
timeStep,numberOfRobotsOnBlackSite,numberOfRobotsOnWhiteSite
34401,29,8
timeStep,numberOfRobotsOnBlackSite,numberOfRobotsOnWhiteSite
34402,29,8
timeStep,numberOfRobotsOnBlackSite,numberOfRobotsOnWhiteSite
34403,29,8
timeStep,numberOfRobotsOnBlackSite,numberOfRobotsOnWhiteSite
34404,29,8
timeStep,numberOfRobotsOnBlackSite,numberOfRobotsOnWhiteSite
34405,29,8
timeStep,numberOfRobotsOnBlackSite,numberOfRobotsOnWhiteSite
34406,29,8
timeStep,numberOfRobotsOnBlackSite,numberOfRobotsOnWhiteSite
34407,29,8
timeStep,numberOfRobotsOnBlackSite,numberOfRobotsOnWhiteSite
34408,29,8
timeStep,numberOfRobotsOnBlackSite,numberOfRobotsOnWhiteSite
34409,29,8
timeStep,numberOfRobotsOnBlackSite,numberOfRobotsOnWhiteSite
34410,29,8
timeStep,numberOfRobotsOnBlackSite,numberOfRobotsOnWhiteSite
34411,29,8
timeStep,numberOfRobotsOnBlackSite,numberOfRobotsOnWhiteSite
34412,29,8
timeStep,numberOfRobotsOnBlackSite,numberOfRobotsOnWhiteSite
34413,29,8
timeStep,numberOfRobotsOnBlackSite,numberOfRobotsOnWhiteSite
34414,29,8
timeStep,numberOfRobotsOnBlackSite,numberOfRobotsOnWhiteSite
34415,28,8
timeStep,numberOfRobotsOnBlackSite,numberOfRobotsOnWhiteSite
34416,28,8
timeStep,numberOfRobotsOnBlackSite,numberOfRobotsOnWhiteSite
34417,28,8
timeStep,numberOfRobotsOnBlackSite,numberOfRobotsOnWhiteSite
34418,28,8
timeStep,numberOfRobotsOnBlackSite,numberOfRobotsOnWhiteSite
34419,28,8
timeStep,numberOfRobotsOnBlackSite,numberOfRobotsOnWhiteSite
34420,28,8
timeStep,numberOfRobotsOnBlackSite,numberOfRobotsOnWhiteSite
34421,28,8
timeStep,numberOfRobotsOnBlackSite,numberOfRobotsOnWhiteSite
34422,28,8
timeStep,numberOfRobotsOnBlackSite,numberOfRobotsOnWhiteSite
34423,28,8
timeStep,numberOfRobotsOnBlackSite,numberOfRobotsOnWhiteSite
34424,28,8
timeStep,numberOfRobotsOnBlackSite,numberOfRobotsOnWhiteSite
34425,28,8
timeStep,numberOfRobotsOnBlackSite,numberOfRobotsOnWhiteSite
34426,28,8
timeStep,numberOfRobotsOnBlackSite,numberOfRobotsOnWhiteSite
34427,28,8
timeStep,numberOfRobotsOnBlackSite,numberOfRobotsOnWhiteSite
34428,28,8
timeStep,numberOfRobotsOnBlackSite,numberOfRobotsOnWhiteSite
34429,28,8
timeStep,numberOfRobotsOnBlackSite,numberOfRobotsOnWhiteSite
34430,28,8
timeStep,numberOfRobotsOnBlackSite,numberOfRobotsOnWhiteSite
34431,28,8
timeStep,numberOfRobotsOnBlackSite,numberOfRobotsOnWhiteSite
34432,28,8
timeStep,numberOfRobotsOnBlackSite,numberOfRobotsOnWhiteSite
34433,28,8
timeStep,numberOfRobotsOnBlackSite,numberOfRobotsOnWhiteSite
34434,28,8
timeStep,numberOfRobotsOnBlackSite,numberOfRobotsOnWhiteSite
34435,28,8
timeStep,numberOfRobotsOnBlackSite,numberOfRobotsOnWhiteSite
34436,28,8
timeStep,numberOfRobotsOnBlackSite,numberOfRobotsOnWhiteSite
34437,28,8
timeStep,numberOfRobotsOnBlackSite,numberOfRobotsOnWhiteSite
34438,28,8
timeStep,numberOfRobotsOnBlackSite,numberOfRobotsOnWhiteSite
34439,28,8
timeStep,numberOfRobotsOnBlackSite,numberOfRobotsOnWhiteSite
34440,28,8
timeStep,numberOfRobotsOnBlackSite,numberOfRobotsOnWhiteSite
34441,28,8
timeStep,numberOfRobotsOnBlackSite,numberOfRobotsOnWhiteSite
34442,28,8
timeStep,numberOfRobotsOnBlackSite,numberOfRobotsOnWhiteSite
34443,28,8
timeStep,numberOfRobotsOnBlackSite,numberOfRobotsOnWhiteSite
34444,28,8
timeStep,numberOfRobotsOnBlackSite,numberOfRobotsOnWhiteSite
34445,28,8
timeStep,numberOfRobotsOnBlackSite,numberOfRobotsOnWhiteSite
34446,28,8
timeStep,numberOfRobotsOnBlackSite,numberOfRobotsOnWhiteSite
34447,28,8
timeStep,numberOfRobotsOnBlackSite,numberOfRobotsOnWhiteSite
34448,28,8
timeStep,numberOfRobotsOnBlackSite,numberOfRobotsOnWhiteSite
34449,28,8
timeStep,numberOfRobotsOnBlackSite,numberOfRobotsOnWhiteSite
34450,28,8
timeStep,numberOfRobotsOnBlackSite,numberOfRobotsOnWhiteSite
34451,28,8
timeStep,numberOfRobotsOnBlackSite,numberOfRobotsOnWhiteSite
34452,28,8
timeStep,numberOfRobotsOnBlackSite,numberOfRobotsOnWhiteSite
34453,28,8
timeStep,numberOfRobotsOnBlackSite,numberOfRobotsOnWhiteSite
34454,28,8
timeStep,numberOfRobotsOnBlackSite,numberOfRobotsOnWhiteSite
34455,28,8
timeStep,numberOfRobotsOnBlackSite,numberOfRobotsOnWhiteSite
34456,28,8
timeStep,numberOfRobotsOnBlackSite,numberOfRobotsOnWhiteSite
34457,28,8
timeStep,numberOfRobotsOnBlackSite,numberOfRobotsOnWhiteSite
34458,28,8
timeStep,numberOfRobotsOnBlackSite,numberOfRobotsOnWhiteSite
34459,28,8
timeStep,numberOfRobotsOnBlackSite,numberOfRobotsOnWhiteSite
34460,28,8
timeStep,numberOfRobotsOnBlackSite,numberOfRobotsOnWhiteSite
34461,28,8
timeStep,numberOfRobotsOnBlackSite,numberOfRobotsOnWhiteSite
34462,28,8
timeStep,numberOfRobotsOnBlackSite,numberOfRobotsOnWhiteSite
34463,28,8
timeStep,numberOfRobotsOnBlackSite,numberOfRobotsOnWhiteSite
34464,28,8
timeStep,numberOfRobotsOnBlackSite,numberOfRobotsOnWhiteSite
34465,28,8
timeStep,numberOfRobotsOnBlackSite,numberOfRobotsOnWhiteSite
34466,28,8
timeStep,numberOfRobotsOnBlackSite,numberOfRobotsOnWhiteSite
34467,28,8
timeStep,numberOfRobotsOnBlackSite,numberOfRobotsOnWhiteSite
34468,28,8
timeStep,numberOfRobotsOnBlackSite,numberOfRobotsOnWhiteSite
34469,28,8
timeStep,numberOfRobotsOnBlackSite,numberOfRobotsOnWhiteSite
34470,28,8
timeStep,numberOfRobotsOnBlackSite,numberOfRobotsOnWhiteSite
34471,28,8
timeStep,numberOfRobotsOnBlackSite,numberOfRobotsOnWhiteSite
34472,28,8
timeStep,numberOfRobotsOnBlackSite,numberOfRobotsOnWhiteSite
34473,28,8
timeStep,numberOfRobotsOnBlackSite,numberOfRobotsOnWhiteSite
34474,28,8
timeStep,numberOfRobotsOnBlackSite,numberOfRobotsOnWhiteSite
34475,28,8
timeStep,numberOfRobotsOnBlackSite,numberOfRobotsOnWhiteSite
34476,28,8
timeStep,numberOfRobotsOnBlackSite,numberOfRobotsOnWhiteSite
34477,28,8
timeStep,numberOfRobotsOnBlackSite,numberOfRobotsOnWhiteSite
34478,28,8
timeStep,numberOfRobotsOnBlackSite,numberOfRobotsOnWhiteSite
34479,28,8
timeStep,numberOfRobotsOnBlackSite,numberOfRobotsOnWhiteSite
34480,28,8
timeStep,numberOfRobotsOnBlackSite,numberOfRobotsOnWhiteSite
34481,28,8
timeStep,numberOfRobotsOnBlackSite,numberOfRobotsOnWhiteSite
34482,28,8
timeStep,numberOfRobotsOnBlackSite,numberOfRobotsOnWhiteSite
34483,28,8
timeStep,numberOfRobotsOnBlackSite,numberOfRobotsOnWhiteSite
34484,28,8
timeStep,numberOfRobotsOnBlackSite,numberOfRobotsOnWhiteSite
34485,28,8
timeStep,numberOfRobotsOnBlackSite,numberOfRobotsOnWhiteSite
34486,28,8
timeStep,numberOfRobotsOnBlackSite,numberOfRobotsOnWhiteSite
34487,28,8
timeStep,numberOfRobotsOnBlackSite,numberOfRobotsOnWhiteSite
34488,28,8
timeStep,numberOfRobotsOnBlackSite,numberOfRobotsOnWhiteSite
34489,28,8
timeStep,numberOfRobotsOnBlackSite,numberOfRobotsOnWhiteSite
34490,28,8
timeStep,numberOfRobotsOnBlackSite,numberOfRobotsOnWhiteSite
34491,28,8
timeStep,numberOfRobotsOnBlackSite,numberOfRobotsOnWhiteSite
34492,28,8
timeStep,numberOfRobotsOnBlackSite,numberOfRobotsOnWhiteSite
34493,28,8
timeStep,numberOfRobotsOnBlackSite,numberOfRobotsOnWhiteSite
34494,28,8
timeStep,numberOfRobotsOnBlackSite,numberOfRobotsOnWhiteSite
34495,28,8
timeStep,numberOfRobotsOnBlackSite,numberOfRobotsOnWhiteSite
34496,28,8
timeStep,numberOfRobotsOnBlackSite,numberOfRobotsOnWhiteSite
34497,28,8
timeStep,numberOfRobotsOnBlackSite,numberOfRobotsOnWhiteSite
34498,28,8
timeStep,numberOfRobotsOnBlackSite,numberOfRobotsOnWhiteSite
34499,28,8
timeStep,numberOfRobotsOnBlackSite,numberOfRobotsOnWhiteSite
34500,28,8
timeStep,numberOfRobotsOnBlackSite,numberOfRobotsOnWhiteSite
34501,28,8
timeStep,numberOfRobotsOnBlackSite,numberOfRobotsOnWhiteSite
34502,28,8
timeStep,numberOfRobotsOnBlackSite,numberOfRobotsOnWhiteSite
34503,28,8
timeStep,numberOfRobotsOnBlackSite,numberOfRobotsOnWhiteSite
34504,28,8
timeStep,numberOfRobotsOnBlackSite,numberOfRobotsOnWhiteSite
34505,28,8
timeStep,numberOfRobotsOnBlackSite,numberOfRobotsOnWhiteSite
34506,28,8
timeStep,numberOfRobotsOnBlackSite,numberOfRobotsOnWhiteSite
34507,28,8
timeStep,numberOfRobotsOnBlackSite,numberOfRobotsOnWhiteSite
34508,28,8
timeStep,numberOfRobotsOnBlackSite,numberOfRobotsOnWhiteSite
34509,28,8
timeStep,numberOfRobotsOnBlackSite,numberOfRobotsOnWhiteSite
34510,28,7
timeStep,numberOfRobotsOnBlackSite,numberOfRobotsOnWhiteSite
34511,28,7
timeStep,numberOfRobotsOnBlackSite,numberOfRobotsOnWhiteSite
34512,28,7
timeStep,numberOfRobotsOnBlackSite,numberOfRobotsOnWhiteSite
34513,28,7
timeStep,numberOfRobotsOnBlackSite,numberOfRobotsOnWhiteSite
34514,28,7
timeStep,numberOfRobotsOnBlackSite,numberOfRobotsOnWhiteSite
34515,29,7
timeStep,numberOfRobotsOnBlackSite,numberOfRobotsOnWhiteSite
34516,29,7
timeStep,numberOfRobotsOnBlackSite,numberOfRobotsOnWhiteSite
34517,29,7
timeStep,numberOfRobotsOnBlackSite,numberOfRobotsOnWhiteSite
34518,29,7
timeStep,numberOfRobotsOnBlackSite,numberOfRobotsOnWhiteSite
34519,29,7
timeStep,numberOfRobotsOnBlackSite,numberOfRobotsOnWhiteSite
34520,29,7
timeStep,numberOfRobotsOnBlackSite,numberOfRobotsOnWhiteSite
34521,29,7
timeStep,numberOfRobotsOnBlackSite,numberOfRobotsOnWhiteSite
34522,29,7
timeStep,numberOfRobotsOnBlackSite,numberOfRobotsOnWhiteSite
34523,29,7
timeStep,numberOfRobotsOnBlackSite,numberOfRobotsOnWhiteSite
34524,29,7
timeStep,numberOfRobotsOnBlackSite,numberOfRobotsOnWhiteSite
34525,29,7
timeStep,numberOfRobotsOnBlackSite,numberOfRobotsOnWhiteSite
34526,29,7
timeStep,numberOfRobotsOnBlackSite,numberOfRobotsOnWhiteSite
34527,29,7
timeStep,numberOfRobotsOnBlackSite,numberOfRobotsOnWhiteSite
34528,29,7
timeStep,numberOfRobotsOnBlackSite,numberOfRobotsOnWhiteSite
34529,29,7
timeStep,numberOfRobotsOnBlackSite,numberOfRobotsOnWhiteSite
34530,29,7
timeStep,numberOfRobotsOnBlackSite,numberOfRobotsOnWhiteSite
34531,29,7
timeStep,numberOfRobotsOnBlackSite,numberOfRobotsOnWhiteSite
34532,29,7
timeStep,numberOfRobotsOnBlackSite,numberOfRobotsOnWhiteSite
34533,29,7
timeStep,numberOfRobotsOnBlackSite,numberOfRobotsOnWhiteSite
34534,29,7
timeStep,numberOfRobotsOnBlackSite,numberOfRobotsOnWhiteSite
34535,30,7
timeStep,numberOfRobotsOnBlackSite,numberOfRobotsOnWhiteSite
34536,30,7
timeStep,numberOfRobotsOnBlackSite,numberOfRobotsOnWhiteSite
34537,30,7
timeStep,numberOfRobotsOnBlackSite,numberOfRobotsOnWhiteSite
34538,30,7
timeStep,numberOfRobotsOnBlackSite,numberOfRobotsOnWhiteSite
34539,30,7
timeStep,numberOfRobotsOnBlackSite,numberOfRobotsOnWhiteSite
34540,30,7
timeStep,numberOfRobotsOnBlackSite,numberOfRobotsOnWhiteSite
34541,30,7
timeStep,numberOfRobotsOnBlackSite,numberOfRobotsOnWhiteSite
34542,30,7
timeStep,numberOfRobotsOnBlackSite,numberOfRobotsOnWhiteSite
34543,30,7
timeStep,numberOfRobotsOnBlackSite,numberOfRobotsOnWhiteSite
34544,30,7
timeStep,numberOfRobotsOnBlackSite,numberOfRobotsOnWhiteSite
34545,30,7
timeStep,numberOfRobotsOnBlackSite,numberOfRobotsOnWhiteSite
34546,30,7
timeStep,numberOfRobotsOnBlackSite,numberOfRobotsOnWhiteSite
34547,30,7
timeStep,numberOfRobotsOnBlackSite,numberOfRobotsOnWhiteSite
34548,30,7
timeStep,numberOfRobotsOnBlackSite,numberOfRobotsOnWhiteSite
34549,30,7
timeStep,numberOfRobotsOnBlackSite,numberOfRobotsOnWhiteSite
34550,30,7
timeStep,numberOfRobotsOnBlackSite,numberOfRobotsOnWhiteSite
34551,30,7
timeStep,numberOfRobotsOnBlackSite,numberOfRobotsOnWhiteSite
34552,30,7
timeStep,numberOfRobotsOnBlackSite,numberOfRobotsOnWhiteSite
34553,30,7
timeStep,numberOfRobotsOnBlackSite,numberOfRobotsOnWhiteSite
34554,30,7
timeStep,numberOfRobotsOnBlackSite,numberOfRobotsOnWhiteSite
34555,30,7
timeStep,numberOfRobotsOnBlackSite,numberOfRobotsOnWhiteSite
34556,30,7
timeStep,numberOfRobotsOnBlackSite,numberOfRobotsOnWhiteSite
34557,30,7
timeStep,numberOfRobotsOnBlackSite,numberOfRobotsOnWhiteSite
34558,30,7
timeStep,numberOfRobotsOnBlackSite,numberOfRobotsOnWhiteSite
34559,30,7
timeStep,numberOfRobotsOnBlackSite,numberOfRobotsOnWhiteSite
34560,30,7
timeStep,numberOfRobotsOnBlackSite,numberOfRobotsOnWhiteSite
34561,30,7
timeStep,numberOfRobotsOnBlackSite,numberOfRobotsOnWhiteSite
34562,30,7
timeStep,numberOfRobotsOnBlackSite,numberOfRobotsOnWhiteSite
34563,30,7
timeStep,numberOfRobotsOnBlackSite,numberOfRobotsOnWhiteSite
34564,30,7
timeStep,numberOfRobotsOnBlackSite,numberOfRobotsOnWhiteSite
34565,30,7
timeStep,numberOfRobotsOnBlackSite,numberOfRobotsOnWhiteSite
34566,30,7
timeStep,numberOfRobotsOnBlackSite,numberOfRobotsOnWhiteSite
34567,30,7
timeStep,numberOfRobotsOnBlackSite,numberOfRobotsOnWhiteSite
34568,30,7
timeStep,numberOfRobotsOnBlackSite,numberOfRobotsOnWhiteSite
34569,30,7
timeStep,numberOfRobotsOnBlackSite,numberOfRobotsOnWhiteSite
34570,30,7
timeStep,numberOfRobotsOnBlackSite,numberOfRobotsOnWhiteSite
34571,30,7
timeStep,numberOfRobotsOnBlackSite,numberOfRobotsOnWhiteSite
34572,30,7
timeStep,numberOfRobotsOnBlackSite,numberOfRobotsOnWhiteSite
34573,30,7
timeStep,numberOfRobotsOnBlackSite,numberOfRobotsOnWhiteSite
34574,30,7
timeStep,numberOfRobotsOnBlackSite,numberOfRobotsOnWhiteSite
34575,30,7
timeStep,numberOfRobotsOnBlackSite,numberOfRobotsOnWhiteSite
34576,30,7
timeStep,numberOfRobotsOnBlackSite,numberOfRobotsOnWhiteSite
34577,30,7
timeStep,numberOfRobotsOnBlackSite,numberOfRobotsOnWhiteSite
34578,30,7
timeStep,numberOfRobotsOnBlackSite,numberOfRobotsOnWhiteSite
34579,30,7
timeStep,numberOfRobotsOnBlackSite,numberOfRobotsOnWhiteSite
34580,30,7
timeStep,numberOfRobotsOnBlackSite,numberOfRobotsOnWhiteSite
34581,30,7
timeStep,numberOfRobotsOnBlackSite,numberOfRobotsOnWhiteSite
34582,30,7
timeStep,numberOfRobotsOnBlackSite,numberOfRobotsOnWhiteSite
34583,30,7
timeStep,numberOfRobotsOnBlackSite,numberOfRobotsOnWhiteSite
34584,30,7
timeStep,numberOfRobotsOnBlackSite,numberOfRobotsOnWhiteSite
34585,30,7
timeStep,numberOfRobotsOnBlackSite,numberOfRobotsOnWhiteSite
34586,30,7
timeStep,numberOfRobotsOnBlackSite,numberOfRobotsOnWhiteSite
34587,30,7
timeStep,numberOfRobotsOnBlackSite,numberOfRobotsOnWhiteSite
34588,30,7
timeStep,numberOfRobotsOnBlackSite,numberOfRobotsOnWhiteSite
34589,30,7
timeStep,numberOfRobotsOnBlackSite,numberOfRobotsOnWhiteSite
34590,30,7
timeStep,numberOfRobotsOnBlackSite,numberOfRobotsOnWhiteSite
34591,30,7
timeStep,numberOfRobotsOnBlackSite,numberOfRobotsOnWhiteSite
34592,30,7
timeStep,numberOfRobotsOnBlackSite,numberOfRobotsOnWhiteSite
34593,30,7
timeStep,numberOfRobotsOnBlackSite,numberOfRobotsOnWhiteSite
34594,30,7
timeStep,numberOfRobotsOnBlackSite,numberOfRobotsOnWhiteSite
34595,30,7
timeStep,numberOfRobotsOnBlackSite,numberOfRobotsOnWhiteSite
34596,30,7
timeStep,numberOfRobotsOnBlackSite,numberOfRobotsOnWhiteSite
34597,30,7
timeStep,numberOfRobotsOnBlackSite,numberOfRobotsOnWhiteSite
34598,30,7
timeStep,numberOfRobotsOnBlackSite,numberOfRobotsOnWhiteSite
34599,30,7
timeStep,numberOfRobotsOnBlackSite,numberOfRobotsOnWhiteSite
34600,30,7
timeStep,numberOfRobotsOnBlackSite,numberOfRobotsOnWhiteSite
34601,30,7
timeStep,numberOfRobotsOnBlackSite,numberOfRobotsOnWhiteSite
34602,30,7
timeStep,numberOfRobotsOnBlackSite,numberOfRobotsOnWhiteSite
34603,30,7
timeStep,numberOfRobotsOnBlackSite,numberOfRobotsOnWhiteSite
34604,30,7
timeStep,numberOfRobotsOnBlackSite,numberOfRobotsOnWhiteSite
34605,30,7
timeStep,numberOfRobotsOnBlackSite,numberOfRobotsOnWhiteSite
34606,30,7
timeStep,numberOfRobotsOnBlackSite,numberOfRobotsOnWhiteSite
34607,30,7
timeStep,numberOfRobotsOnBlackSite,numberOfRobotsOnWhiteSite
34608,30,7
timeStep,numberOfRobotsOnBlackSite,numberOfRobotsOnWhiteSite
34609,30,7
timeStep,numberOfRobotsOnBlackSite,numberOfRobotsOnWhiteSite
34610,30,7
timeStep,numberOfRobotsOnBlackSite,numberOfRobotsOnWhiteSite
34611,30,7
timeStep,numberOfRobotsOnBlackSite,numberOfRobotsOnWhiteSite
34612,30,7
timeStep,numberOfRobotsOnBlackSite,numberOfRobotsOnWhiteSite
34613,30,7
timeStep,numberOfRobotsOnBlackSite,numberOfRobotsOnWhiteSite
34614,30,7
timeStep,numberOfRobotsOnBlackSite,numberOfRobotsOnWhiteSite
34615,30,7
timeStep,numberOfRobotsOnBlackSite,numberOfRobotsOnWhiteSite
34616,30,7
timeStep,numberOfRobotsOnBlackSite,numberOfRobotsOnWhiteSite
34617,30,7
timeStep,numberOfRobotsOnBlackSite,numberOfRobotsOnWhiteSite
34618,30,7
timeStep,numberOfRobotsOnBlackSite,numberOfRobotsOnWhiteSite
34619,30,7
timeStep,numberOfRobotsOnBlackSite,numberOfRobotsOnWhiteSite
34620,30,7
timeStep,numberOfRobotsOnBlackSite,numberOfRobotsOnWhiteSite
34621,30,7
timeStep,numberOfRobotsOnBlackSite,numberOfRobotsOnWhiteSite
34622,30,7
timeStep,numberOfRobotsOnBlackSite,numberOfRobotsOnWhiteSite
34623,30,7
timeStep,numberOfRobotsOnBlackSite,numberOfRobotsOnWhiteSite
34624,30,7
timeStep,numberOfRobotsOnBlackSite,numberOfRobotsOnWhiteSite
34625,30,7
timeStep,numberOfRobotsOnBlackSite,numberOfRobotsOnWhiteSite
34626,30,7
timeStep,numberOfRobotsOnBlackSite,numberOfRobotsOnWhiteSite
34627,30,7
timeStep,numberOfRobotsOnBlackSite,numberOfRobotsOnWhiteSite
34628,30,7
timeStep,numberOfRobotsOnBlackSite,numberOfRobotsOnWhiteSite
34629,30,7
timeStep,numberOfRobotsOnBlackSite,numberOfRobotsOnWhiteSite
34630,30,7
timeStep,numberOfRobotsOnBlackSite,numberOfRobotsOnWhiteSite
34631,30,7
timeStep,numberOfRobotsOnBlackSite,numberOfRobotsOnWhiteSite
34632,30,7
timeStep,numberOfRobotsOnBlackSite,numberOfRobotsOnWhiteSite
34633,30,7
timeStep,numberOfRobotsOnBlackSite,numberOfRobotsOnWhiteSite
34634,30,7
timeStep,numberOfRobotsOnBlackSite,numberOfRobotsOnWhiteSite
34635,30,7
timeStep,numberOfRobotsOnBlackSite,numberOfRobotsOnWhiteSite
34636,30,7
timeStep,numberOfRobotsOnBlackSite,numberOfRobotsOnWhiteSite
34637,30,7
timeStep,numberOfRobotsOnBlackSite,numberOfRobotsOnWhiteSite
34638,30,7
timeStep,numberOfRobotsOnBlackSite,numberOfRobotsOnWhiteSite
34639,30,7
timeStep,numberOfRobotsOnBlackSite,numberOfRobotsOnWhiteSite
34640,30,7
timeStep,numberOfRobotsOnBlackSite,numberOfRobotsOnWhiteSite
34641,30,7
timeStep,numberOfRobotsOnBlackSite,numberOfRobotsOnWhiteSite
34642,30,7
timeStep,numberOfRobotsOnBlackSite,numberOfRobotsOnWhiteSite
34643,30,7
timeStep,numberOfRobotsOnBlackSite,numberOfRobotsOnWhiteSite
34644,30,7
timeStep,numberOfRobotsOnBlackSite,numberOfRobotsOnWhiteSite
34645,30,7
timeStep,numberOfRobotsOnBlackSite,numberOfRobotsOnWhiteSite
34646,30,7
timeStep,numberOfRobotsOnBlackSite,numberOfRobotsOnWhiteSite
34647,30,7
timeStep,numberOfRobotsOnBlackSite,numberOfRobotsOnWhiteSite
34648,30,7
timeStep,numberOfRobotsOnBlackSite,numberOfRobotsOnWhiteSite
34649,30,7
timeStep,numberOfRobotsOnBlackSite,numberOfRobotsOnWhiteSite
34650,30,7
timeStep,numberOfRobotsOnBlackSite,numberOfRobotsOnWhiteSite
34651,30,7
timeStep,numberOfRobotsOnBlackSite,numberOfRobotsOnWhiteSite
34652,30,7
timeStep,numberOfRobotsOnBlackSite,numberOfRobotsOnWhiteSite
34653,30,7
timeStep,numberOfRobotsOnBlackSite,numberOfRobotsOnWhiteSite
34654,30,7
timeStep,numberOfRobotsOnBlackSite,numberOfRobotsOnWhiteSite
34655,30,7
timeStep,numberOfRobotsOnBlackSite,numberOfRobotsOnWhiteSite
34656,30,7
timeStep,numberOfRobotsOnBlackSite,numberOfRobotsOnWhiteSite
34657,30,7
timeStep,numberOfRobotsOnBlackSite,numberOfRobotsOnWhiteSite
34658,30,7
timeStep,numberOfRobotsOnBlackSite,numberOfRobotsOnWhiteSite
34659,30,7
timeStep,numberOfRobotsOnBlackSite,numberOfRobotsOnWhiteSite
34660,30,7
timeStep,numberOfRobotsOnBlackSite,numberOfRobotsOnWhiteSite
34661,30,7
timeStep,numberOfRobotsOnBlackSite,numberOfRobotsOnWhiteSite
34662,30,7
timeStep,numberOfRobotsOnBlackSite,numberOfRobotsOnWhiteSite
34663,30,7
timeStep,numberOfRobotsOnBlackSite,numberOfRobotsOnWhiteSite
34664,30,7
timeStep,numberOfRobotsOnBlackSite,numberOfRobotsOnWhiteSite
34665,30,7
timeStep,numberOfRobotsOnBlackSite,numberOfRobotsOnWhiteSite
34666,30,7
timeStep,numberOfRobotsOnBlackSite,numberOfRobotsOnWhiteSite
34667,30,7
timeStep,numberOfRobotsOnBlackSite,numberOfRobotsOnWhiteSite
34668,30,7
timeStep,numberOfRobotsOnBlackSite,numberOfRobotsOnWhiteSite
34669,30,7
timeStep,numberOfRobotsOnBlackSite,numberOfRobotsOnWhiteSite
34670,30,7
timeStep,numberOfRobotsOnBlackSite,numberOfRobotsOnWhiteSite
34671,30,7
timeStep,numberOfRobotsOnBlackSite,numberOfRobotsOnWhiteSite
34672,30,7
timeStep,numberOfRobotsOnBlackSite,numberOfRobotsOnWhiteSite
34673,30,7
timeStep,numberOfRobotsOnBlackSite,numberOfRobotsOnWhiteSite
34674,30,7
timeStep,numberOfRobotsOnBlackSite,numberOfRobotsOnWhiteSite
34675,30,7
timeStep,numberOfRobotsOnBlackSite,numberOfRobotsOnWhiteSite
34676,30,7
timeStep,numberOfRobotsOnBlackSite,numberOfRobotsOnWhiteSite
34677,30,7
timeStep,numberOfRobotsOnBlackSite,numberOfRobotsOnWhiteSite
34678,30,7
timeStep,numberOfRobotsOnBlackSite,numberOfRobotsOnWhiteSite
34679,30,7
timeStep,numberOfRobotsOnBlackSite,numberOfRobotsOnWhiteSite
34680,30,7
timeStep,numberOfRobotsOnBlackSite,numberOfRobotsOnWhiteSite
34681,30,7
timeStep,numberOfRobotsOnBlackSite,numberOfRobotsOnWhiteSite
34682,30,7
timeStep,numberOfRobotsOnBlackSite,numberOfRobotsOnWhiteSite
34683,30,7
timeStep,numberOfRobotsOnBlackSite,numberOfRobotsOnWhiteSite
34684,30,7
timeStep,numberOfRobotsOnBlackSite,numberOfRobotsOnWhiteSite
34685,30,7
timeStep,numberOfRobotsOnBlackSite,numberOfRobotsOnWhiteSite
34686,30,7
timeStep,numberOfRobotsOnBlackSite,numberOfRobotsOnWhiteSite
34687,30,7
timeStep,numberOfRobotsOnBlackSite,numberOfRobotsOnWhiteSite
34688,30,7
timeStep,numberOfRobotsOnBlackSite,numberOfRobotsOnWhiteSite
34689,30,7
timeStep,numberOfRobotsOnBlackSite,numberOfRobotsOnWhiteSite
34690,29,7
timeStep,numberOfRobotsOnBlackSite,numberOfRobotsOnWhiteSite
34691,29,7
timeStep,numberOfRobotsOnBlackSite,numberOfRobotsOnWhiteSite
34692,29,7
timeStep,numberOfRobotsOnBlackSite,numberOfRobotsOnWhiteSite
34693,29,7
timeStep,numberOfRobotsOnBlackSite,numberOfRobotsOnWhiteSite
34694,29,7
timeStep,numberOfRobotsOnBlackSite,numberOfRobotsOnWhiteSite
34695,29,7
timeStep,numberOfRobotsOnBlackSite,numberOfRobotsOnWhiteSite
34696,29,7
timeStep,numberOfRobotsOnBlackSite,numberOfRobotsOnWhiteSite
34697,29,7
timeStep,numberOfRobotsOnBlackSite,numberOfRobotsOnWhiteSite
34698,29,7
timeStep,numberOfRobotsOnBlackSite,numberOfRobotsOnWhiteSite
34699,29,7
timeStep,numberOfRobotsOnBlackSite,numberOfRobotsOnWhiteSite
34700,29,7
timeStep,numberOfRobotsOnBlackSite,numberOfRobotsOnWhiteSite
34701,29,7
timeStep,numberOfRobotsOnBlackSite,numberOfRobotsOnWhiteSite
34702,29,7
timeStep,numberOfRobotsOnBlackSite,numberOfRobotsOnWhiteSite
34703,29,7
timeStep,numberOfRobotsOnBlackSite,numberOfRobotsOnWhiteSite
34704,29,7
timeStep,numberOfRobotsOnBlackSite,numberOfRobotsOnWhiteSite
34705,29,7
timeStep,numberOfRobotsOnBlackSite,numberOfRobotsOnWhiteSite
34706,29,7
timeStep,numberOfRobotsOnBlackSite,numberOfRobotsOnWhiteSite
34707,29,7
timeStep,numberOfRobotsOnBlackSite,numberOfRobotsOnWhiteSite
34708,29,7
timeStep,numberOfRobotsOnBlackSite,numberOfRobotsOnWhiteSite
34709,29,7
timeStep,numberOfRobotsOnBlackSite,numberOfRobotsOnWhiteSite
34710,29,7
timeStep,numberOfRobotsOnBlackSite,numberOfRobotsOnWhiteSite
34711,29,7
timeStep,numberOfRobotsOnBlackSite,numberOfRobotsOnWhiteSite
34712,29,7
timeStep,numberOfRobotsOnBlackSite,numberOfRobotsOnWhiteSite
34713,29,7
timeStep,numberOfRobotsOnBlackSite,numberOfRobotsOnWhiteSite
34714,29,7
timeStep,numberOfRobotsOnBlackSite,numberOfRobotsOnWhiteSite
34715,29,7
timeStep,numberOfRobotsOnBlackSite,numberOfRobotsOnWhiteSite
34716,29,7
timeStep,numberOfRobotsOnBlackSite,numberOfRobotsOnWhiteSite
34717,29,7
timeStep,numberOfRobotsOnBlackSite,numberOfRobotsOnWhiteSite
34718,29,7
timeStep,numberOfRobotsOnBlackSite,numberOfRobotsOnWhiteSite
34719,29,7
timeStep,numberOfRobotsOnBlackSite,numberOfRobotsOnWhiteSite
34720,29,7
timeStep,numberOfRobotsOnBlackSite,numberOfRobotsOnWhiteSite
34721,29,7
timeStep,numberOfRobotsOnBlackSite,numberOfRobotsOnWhiteSite
34722,29,7
timeStep,numberOfRobotsOnBlackSite,numberOfRobotsOnWhiteSite
34723,29,7
timeStep,numberOfRobotsOnBlackSite,numberOfRobotsOnWhiteSite
34724,29,7
timeStep,numberOfRobotsOnBlackSite,numberOfRobotsOnWhiteSite
34725,29,7
timeStep,numberOfRobotsOnBlackSite,numberOfRobotsOnWhiteSite
34726,29,7
timeStep,numberOfRobotsOnBlackSite,numberOfRobotsOnWhiteSite
34727,29,7
timeStep,numberOfRobotsOnBlackSite,numberOfRobotsOnWhiteSite
34728,29,7
timeStep,numberOfRobotsOnBlackSite,numberOfRobotsOnWhiteSite
34729,29,7
timeStep,numberOfRobotsOnBlackSite,numberOfRobotsOnWhiteSite
34730,29,7
timeStep,numberOfRobotsOnBlackSite,numberOfRobotsOnWhiteSite
34731,29,7
timeStep,numberOfRobotsOnBlackSite,numberOfRobotsOnWhiteSite
34732,29,7
timeStep,numberOfRobotsOnBlackSite,numberOfRobotsOnWhiteSite
34733,29,7
timeStep,numberOfRobotsOnBlackSite,numberOfRobotsOnWhiteSite
34734,29,7
timeStep,numberOfRobotsOnBlackSite,numberOfRobotsOnWhiteSite
34735,29,7
timeStep,numberOfRobotsOnBlackSite,numberOfRobotsOnWhiteSite
34736,29,7
timeStep,numberOfRobotsOnBlackSite,numberOfRobotsOnWhiteSite
34737,29,7
timeStep,numberOfRobotsOnBlackSite,numberOfRobotsOnWhiteSite
34738,29,7
timeStep,numberOfRobotsOnBlackSite,numberOfRobotsOnWhiteSite
34739,29,7
timeStep,numberOfRobotsOnBlackSite,numberOfRobotsOnWhiteSite
34740,29,7
timeStep,numberOfRobotsOnBlackSite,numberOfRobotsOnWhiteSite
34741,29,7
timeStep,numberOfRobotsOnBlackSite,numberOfRobotsOnWhiteSite
34742,29,7
timeStep,numberOfRobotsOnBlackSite,numberOfRobotsOnWhiteSite
34743,29,7
timeStep,numberOfRobotsOnBlackSite,numberOfRobotsOnWhiteSite
34744,29,7
timeStep,numberOfRobotsOnBlackSite,numberOfRobotsOnWhiteSite
34745,29,7
timeStep,numberOfRobotsOnBlackSite,numberOfRobotsOnWhiteSite
34746,29,7
timeStep,numberOfRobotsOnBlackSite,numberOfRobotsOnWhiteSite
34747,29,7
timeStep,numberOfRobotsOnBlackSite,numberOfRobotsOnWhiteSite
34748,29,7
timeStep,numberOfRobotsOnBlackSite,numberOfRobotsOnWhiteSite
34749,29,7
timeStep,numberOfRobotsOnBlackSite,numberOfRobotsOnWhiteSite
34750,29,7
timeStep,numberOfRobotsOnBlackSite,numberOfRobotsOnWhiteSite
34751,29,7
timeStep,numberOfRobotsOnBlackSite,numberOfRobotsOnWhiteSite
34752,29,7
timeStep,numberOfRobotsOnBlackSite,numberOfRobotsOnWhiteSite
34753,29,7
timeStep,numberOfRobotsOnBlackSite,numberOfRobotsOnWhiteSite
34754,29,7
timeStep,numberOfRobotsOnBlackSite,numberOfRobotsOnWhiteSite
34755,29,7
timeStep,numberOfRobotsOnBlackSite,numberOfRobotsOnWhiteSite
34756,29,7
timeStep,numberOfRobotsOnBlackSite,numberOfRobotsOnWhiteSite
34757,29,7
timeStep,numberOfRobotsOnBlackSite,numberOfRobotsOnWhiteSite
34758,29,7
timeStep,numberOfRobotsOnBlackSite,numberOfRobotsOnWhiteSite
34759,29,7
timeStep,numberOfRobotsOnBlackSite,numberOfRobotsOnWhiteSite
34760,29,7
timeStep,numberOfRobotsOnBlackSite,numberOfRobotsOnWhiteSite
34761,29,7
timeStep,numberOfRobotsOnBlackSite,numberOfRobotsOnWhiteSite
34762,29,7
timeStep,numberOfRobotsOnBlackSite,numberOfRobotsOnWhiteSite
34763,29,7
timeStep,numberOfRobotsOnBlackSite,numberOfRobotsOnWhiteSite
34764,29,7
timeStep,numberOfRobotsOnBlackSite,numberOfRobotsOnWhiteSite
34765,29,7
timeStep,numberOfRobotsOnBlackSite,numberOfRobotsOnWhiteSite
34766,29,7
timeStep,numberOfRobotsOnBlackSite,numberOfRobotsOnWhiteSite
34767,29,7
timeStep,numberOfRobotsOnBlackSite,numberOfRobotsOnWhiteSite
34768,29,7
timeStep,numberOfRobotsOnBlackSite,numberOfRobotsOnWhiteSite
34769,29,7
timeStep,numberOfRobotsOnBlackSite,numberOfRobotsOnWhiteSite
34770,29,7
timeStep,numberOfRobotsOnBlackSite,numberOfRobotsOnWhiteSite
34771,29,7
timeStep,numberOfRobotsOnBlackSite,numberOfRobotsOnWhiteSite
34772,29,7
timeStep,numberOfRobotsOnBlackSite,numberOfRobotsOnWhiteSite
34773,29,7
timeStep,numberOfRobotsOnBlackSite,numberOfRobotsOnWhiteSite
34774,29,7
timeStep,numberOfRobotsOnBlackSite,numberOfRobotsOnWhiteSite
34775,29,7
timeStep,numberOfRobotsOnBlackSite,numberOfRobotsOnWhiteSite
34776,29,7
timeStep,numberOfRobotsOnBlackSite,numberOfRobotsOnWhiteSite
34777,29,7
timeStep,numberOfRobotsOnBlackSite,numberOfRobotsOnWhiteSite
34778,29,7
timeStep,numberOfRobotsOnBlackSite,numberOfRobotsOnWhiteSite
34779,29,7
timeStep,numberOfRobotsOnBlackSite,numberOfRobotsOnWhiteSite
34780,29,7
timeStep,numberOfRobotsOnBlackSite,numberOfRobotsOnWhiteSite
34781,29,7
timeStep,numberOfRobotsOnBlackSite,numberOfRobotsOnWhiteSite
34782,29,7
timeStep,numberOfRobotsOnBlackSite,numberOfRobotsOnWhiteSite
34783,29,7
timeStep,numberOfRobotsOnBlackSite,numberOfRobotsOnWhiteSite
34784,29,7
timeStep,numberOfRobotsOnBlackSite,numberOfRobotsOnWhiteSite
34785,29,7
timeStep,numberOfRobotsOnBlackSite,numberOfRobotsOnWhiteSite
34786,29,7
timeStep,numberOfRobotsOnBlackSite,numberOfRobotsOnWhiteSite
34787,29,7
timeStep,numberOfRobotsOnBlackSite,numberOfRobotsOnWhiteSite
34788,29,7
timeStep,numberOfRobotsOnBlackSite,numberOfRobotsOnWhiteSite
34789,29,7
timeStep,numberOfRobotsOnBlackSite,numberOfRobotsOnWhiteSite
34790,30,7
timeStep,numberOfRobotsOnBlackSite,numberOfRobotsOnWhiteSite
34791,30,7
timeStep,numberOfRobotsOnBlackSite,numberOfRobotsOnWhiteSite
34792,30,7
timeStep,numberOfRobotsOnBlackSite,numberOfRobotsOnWhiteSite
34793,30,7
timeStep,numberOfRobotsOnBlackSite,numberOfRobotsOnWhiteSite
34794,30,7
timeStep,numberOfRobotsOnBlackSite,numberOfRobotsOnWhiteSite
34795,30,7
timeStep,numberOfRobotsOnBlackSite,numberOfRobotsOnWhiteSite
34796,30,7
timeStep,numberOfRobotsOnBlackSite,numberOfRobotsOnWhiteSite
34797,30,7
timeStep,numberOfRobotsOnBlackSite,numberOfRobotsOnWhiteSite
34798,30,7
timeStep,numberOfRobotsOnBlackSite,numberOfRobotsOnWhiteSite
34799,30,7
timeStep,numberOfRobotsOnBlackSite,numberOfRobotsOnWhiteSite
34800,30,7
timeStep,numberOfRobotsOnBlackSite,numberOfRobotsOnWhiteSite
34801,30,7
timeStep,numberOfRobotsOnBlackSite,numberOfRobotsOnWhiteSite
34802,30,7
timeStep,numberOfRobotsOnBlackSite,numberOfRobotsOnWhiteSite
34803,30,7
timeStep,numberOfRobotsOnBlackSite,numberOfRobotsOnWhiteSite
34804,30,7
timeStep,numberOfRobotsOnBlackSite,numberOfRobotsOnWhiteSite
34805,30,7
timeStep,numberOfRobotsOnBlackSite,numberOfRobotsOnWhiteSite
34806,30,7
timeStep,numberOfRobotsOnBlackSite,numberOfRobotsOnWhiteSite
34807,30,7
timeStep,numberOfRobotsOnBlackSite,numberOfRobotsOnWhiteSite
34808,30,7
timeStep,numberOfRobotsOnBlackSite,numberOfRobotsOnWhiteSite
34809,30,7
timeStep,numberOfRobotsOnBlackSite,numberOfRobotsOnWhiteSite
34810,30,6
timeStep,numberOfRobotsOnBlackSite,numberOfRobotsOnWhiteSite
34811,30,6
timeStep,numberOfRobotsOnBlackSite,numberOfRobotsOnWhiteSite
34812,30,6
timeStep,numberOfRobotsOnBlackSite,numberOfRobotsOnWhiteSite
34813,30,6
timeStep,numberOfRobotsOnBlackSite,numberOfRobotsOnWhiteSite
34814,30,6
timeStep,numberOfRobotsOnBlackSite,numberOfRobotsOnWhiteSite
34815,30,6
timeStep,numberOfRobotsOnBlackSite,numberOfRobotsOnWhiteSite
34816,30,6
timeStep,numberOfRobotsOnBlackSite,numberOfRobotsOnWhiteSite
34817,30,6
timeStep,numberOfRobotsOnBlackSite,numberOfRobotsOnWhiteSite
34818,30,6
timeStep,numberOfRobotsOnBlackSite,numberOfRobotsOnWhiteSite
34819,30,6
timeStep,numberOfRobotsOnBlackSite,numberOfRobotsOnWhiteSite
34820,30,6
timeStep,numberOfRobotsOnBlackSite,numberOfRobotsOnWhiteSite
34821,30,6
timeStep,numberOfRobotsOnBlackSite,numberOfRobotsOnWhiteSite
34822,30,6
timeStep,numberOfRobotsOnBlackSite,numberOfRobotsOnWhiteSite
34823,30,6
timeStep,numberOfRobotsOnBlackSite,numberOfRobotsOnWhiteSite
34824,30,6
timeStep,numberOfRobotsOnBlackSite,numberOfRobotsOnWhiteSite
34825,29,6
timeStep,numberOfRobotsOnBlackSite,numberOfRobotsOnWhiteSite
34826,29,6
timeStep,numberOfRobotsOnBlackSite,numberOfRobotsOnWhiteSite
34827,29,6
timeStep,numberOfRobotsOnBlackSite,numberOfRobotsOnWhiteSite
34828,29,6
timeStep,numberOfRobotsOnBlackSite,numberOfRobotsOnWhiteSite
34829,29,6
timeStep,numberOfRobotsOnBlackSite,numberOfRobotsOnWhiteSite
34830,28,6
timeStep,numberOfRobotsOnBlackSite,numberOfRobotsOnWhiteSite
34831,28,6
timeStep,numberOfRobotsOnBlackSite,numberOfRobotsOnWhiteSite
34832,28,6
timeStep,numberOfRobotsOnBlackSite,numberOfRobotsOnWhiteSite
34833,28,6
timeStep,numberOfRobotsOnBlackSite,numberOfRobotsOnWhiteSite
34834,28,6
timeStep,numberOfRobotsOnBlackSite,numberOfRobotsOnWhiteSite
34835,28,6
timeStep,numberOfRobotsOnBlackSite,numberOfRobotsOnWhiteSite
34836,28,6
timeStep,numberOfRobotsOnBlackSite,numberOfRobotsOnWhiteSite
34837,28,6
timeStep,numberOfRobotsOnBlackSite,numberOfRobotsOnWhiteSite
34838,28,6
timeStep,numberOfRobotsOnBlackSite,numberOfRobotsOnWhiteSite
34839,28,6
timeStep,numberOfRobotsOnBlackSite,numberOfRobotsOnWhiteSite
34840,28,6
timeStep,numberOfRobotsOnBlackSite,numberOfRobotsOnWhiteSite
34841,28,6
timeStep,numberOfRobotsOnBlackSite,numberOfRobotsOnWhiteSite
34842,28,6
timeStep,numberOfRobotsOnBlackSite,numberOfRobotsOnWhiteSite
34843,28,6
timeStep,numberOfRobotsOnBlackSite,numberOfRobotsOnWhiteSite
34844,28,6
timeStep,numberOfRobotsOnBlackSite,numberOfRobotsOnWhiteSite
34845,28,6
timeStep,numberOfRobotsOnBlackSite,numberOfRobotsOnWhiteSite
34846,28,6
timeStep,numberOfRobotsOnBlackSite,numberOfRobotsOnWhiteSite
34847,28,6
timeStep,numberOfRobotsOnBlackSite,numberOfRobotsOnWhiteSite
34848,28,6
timeStep,numberOfRobotsOnBlackSite,numberOfRobotsOnWhiteSite
34849,28,6
timeStep,numberOfRobotsOnBlackSite,numberOfRobotsOnWhiteSite
34850,28,6
timeStep,numberOfRobotsOnBlackSite,numberOfRobotsOnWhiteSite
34851,28,6
timeStep,numberOfRobotsOnBlackSite,numberOfRobotsOnWhiteSite
34852,28,6
timeStep,numberOfRobotsOnBlackSite,numberOfRobotsOnWhiteSite
34853,28,6
timeStep,numberOfRobotsOnBlackSite,numberOfRobotsOnWhiteSite
34854,28,6
timeStep,numberOfRobotsOnBlackSite,numberOfRobotsOnWhiteSite
34855,28,6
timeStep,numberOfRobotsOnBlackSite,numberOfRobotsOnWhiteSite
34856,28,6
timeStep,numberOfRobotsOnBlackSite,numberOfRobotsOnWhiteSite
34857,28,6
timeStep,numberOfRobotsOnBlackSite,numberOfRobotsOnWhiteSite
34858,28,6
timeStep,numberOfRobotsOnBlackSite,numberOfRobotsOnWhiteSite
34859,28,6
timeStep,numberOfRobotsOnBlackSite,numberOfRobotsOnWhiteSite
34860,28,6
timeStep,numberOfRobotsOnBlackSite,numberOfRobotsOnWhiteSite
34861,28,6
timeStep,numberOfRobotsOnBlackSite,numberOfRobotsOnWhiteSite
34862,28,6
timeStep,numberOfRobotsOnBlackSite,numberOfRobotsOnWhiteSite
34863,28,6
timeStep,numberOfRobotsOnBlackSite,numberOfRobotsOnWhiteSite
34864,28,6
timeStep,numberOfRobotsOnBlackSite,numberOfRobotsOnWhiteSite
34865,28,7
timeStep,numberOfRobotsOnBlackSite,numberOfRobotsOnWhiteSite
34866,28,7
timeStep,numberOfRobotsOnBlackSite,numberOfRobotsOnWhiteSite
34867,28,7
timeStep,numberOfRobotsOnBlackSite,numberOfRobotsOnWhiteSite
34868,28,7
timeStep,numberOfRobotsOnBlackSite,numberOfRobotsOnWhiteSite
34869,28,7
timeStep,numberOfRobotsOnBlackSite,numberOfRobotsOnWhiteSite
34870,28,7
timeStep,numberOfRobotsOnBlackSite,numberOfRobotsOnWhiteSite
34871,28,7
timeStep,numberOfRobotsOnBlackSite,numberOfRobotsOnWhiteSite
34872,28,7
timeStep,numberOfRobotsOnBlackSite,numberOfRobotsOnWhiteSite
34873,28,7
timeStep,numberOfRobotsOnBlackSite,numberOfRobotsOnWhiteSite
34874,28,7
timeStep,numberOfRobotsOnBlackSite,numberOfRobotsOnWhiteSite
34875,29,7
timeStep,numberOfRobotsOnBlackSite,numberOfRobotsOnWhiteSite
34876,29,7
timeStep,numberOfRobotsOnBlackSite,numberOfRobotsOnWhiteSite
34877,29,7
timeStep,numberOfRobotsOnBlackSite,numberOfRobotsOnWhiteSite
34878,29,7
timeStep,numberOfRobotsOnBlackSite,numberOfRobotsOnWhiteSite
34879,29,7
timeStep,numberOfRobotsOnBlackSite,numberOfRobotsOnWhiteSite
34880,29,7
timeStep,numberOfRobotsOnBlackSite,numberOfRobotsOnWhiteSite
34881,29,7
timeStep,numberOfRobotsOnBlackSite,numberOfRobotsOnWhiteSite
34882,29,7
timeStep,numberOfRobotsOnBlackSite,numberOfRobotsOnWhiteSite
34883,29,7
timeStep,numberOfRobotsOnBlackSite,numberOfRobotsOnWhiteSite
34884,29,7
timeStep,numberOfRobotsOnBlackSite,numberOfRobotsOnWhiteSite
34885,29,7
timeStep,numberOfRobotsOnBlackSite,numberOfRobotsOnWhiteSite
34886,29,7
timeStep,numberOfRobotsOnBlackSite,numberOfRobotsOnWhiteSite
34887,29,7
timeStep,numberOfRobotsOnBlackSite,numberOfRobotsOnWhiteSite
34888,29,7
timeStep,numberOfRobotsOnBlackSite,numberOfRobotsOnWhiteSite
34889,29,7
timeStep,numberOfRobotsOnBlackSite,numberOfRobotsOnWhiteSite
34890,29,7
timeStep,numberOfRobotsOnBlackSite,numberOfRobotsOnWhiteSite
34891,29,7
timeStep,numberOfRobotsOnBlackSite,numberOfRobotsOnWhiteSite
34892,29,7
timeStep,numberOfRobotsOnBlackSite,numberOfRobotsOnWhiteSite
34893,29,7
timeStep,numberOfRobotsOnBlackSite,numberOfRobotsOnWhiteSite
34894,29,7
timeStep,numberOfRobotsOnBlackSite,numberOfRobotsOnWhiteSite
34895,29,7
timeStep,numberOfRobotsOnBlackSite,numberOfRobotsOnWhiteSite
34896,29,7
timeStep,numberOfRobotsOnBlackSite,numberOfRobotsOnWhiteSite
34897,29,7
timeStep,numberOfRobotsOnBlackSite,numberOfRobotsOnWhiteSite
34898,29,7
timeStep,numberOfRobotsOnBlackSite,numberOfRobotsOnWhiteSite
34899,29,7
timeStep,numberOfRobotsOnBlackSite,numberOfRobotsOnWhiteSite
34900,29,7
timeStep,numberOfRobotsOnBlackSite,numberOfRobotsOnWhiteSite
34901,29,7
timeStep,numberOfRobotsOnBlackSite,numberOfRobotsOnWhiteSite
34902,29,7
timeStep,numberOfRobotsOnBlackSite,numberOfRobotsOnWhiteSite
34903,29,7
timeStep,numberOfRobotsOnBlackSite,numberOfRobotsOnWhiteSite
34904,29,7
timeStep,numberOfRobotsOnBlackSite,numberOfRobotsOnWhiteSite
34905,29,7
timeStep,numberOfRobotsOnBlackSite,numberOfRobotsOnWhiteSite
34906,29,7
timeStep,numberOfRobotsOnBlackSite,numberOfRobotsOnWhiteSite
34907,29,7
timeStep,numberOfRobotsOnBlackSite,numberOfRobotsOnWhiteSite
34908,29,7
timeStep,numberOfRobotsOnBlackSite,numberOfRobotsOnWhiteSite
34909,29,7
timeStep,numberOfRobotsOnBlackSite,numberOfRobotsOnWhiteSite
34910,29,7
timeStep,numberOfRobotsOnBlackSite,numberOfRobotsOnWhiteSite
34911,29,7
timeStep,numberOfRobotsOnBlackSite,numberOfRobotsOnWhiteSite
34912,29,7
timeStep,numberOfRobotsOnBlackSite,numberOfRobotsOnWhiteSite
34913,29,7
timeStep,numberOfRobotsOnBlackSite,numberOfRobotsOnWhiteSite
34914,29,7
timeStep,numberOfRobotsOnBlackSite,numberOfRobotsOnWhiteSite
34915,29,7
timeStep,numberOfRobotsOnBlackSite,numberOfRobotsOnWhiteSite
34916,29,7
timeStep,numberOfRobotsOnBlackSite,numberOfRobotsOnWhiteSite
34917,29,7
timeStep,numberOfRobotsOnBlackSite,numberOfRobotsOnWhiteSite
34918,29,7
timeStep,numberOfRobotsOnBlackSite,numberOfRobotsOnWhiteSite
34919,29,7
timeStep,numberOfRobotsOnBlackSite,numberOfRobotsOnWhiteSite
34920,29,7
timeStep,numberOfRobotsOnBlackSite,numberOfRobotsOnWhiteSite
34921,29,7
timeStep,numberOfRobotsOnBlackSite,numberOfRobotsOnWhiteSite
34922,29,7
timeStep,numberOfRobotsOnBlackSite,numberOfRobotsOnWhiteSite
34923,29,7
timeStep,numberOfRobotsOnBlackSite,numberOfRobotsOnWhiteSite
34924,29,7
timeStep,numberOfRobotsOnBlackSite,numberOfRobotsOnWhiteSite
34925,29,7
timeStep,numberOfRobotsOnBlackSite,numberOfRobotsOnWhiteSite
34926,29,7
timeStep,numberOfRobotsOnBlackSite,numberOfRobotsOnWhiteSite
34927,29,7
timeStep,numberOfRobotsOnBlackSite,numberOfRobotsOnWhiteSite
34928,29,7
timeStep,numberOfRobotsOnBlackSite,numberOfRobotsOnWhiteSite
34929,29,7
timeStep,numberOfRobotsOnBlackSite,numberOfRobotsOnWhiteSite
34930,29,7
timeStep,numberOfRobotsOnBlackSite,numberOfRobotsOnWhiteSite
34931,29,7
timeStep,numberOfRobotsOnBlackSite,numberOfRobotsOnWhiteSite
34932,29,7
timeStep,numberOfRobotsOnBlackSite,numberOfRobotsOnWhiteSite
34933,29,7
timeStep,numberOfRobotsOnBlackSite,numberOfRobotsOnWhiteSite
34934,29,7
timeStep,numberOfRobotsOnBlackSite,numberOfRobotsOnWhiteSite
34935,29,7
timeStep,numberOfRobotsOnBlackSite,numberOfRobotsOnWhiteSite
34936,29,7
timeStep,numberOfRobotsOnBlackSite,numberOfRobotsOnWhiteSite
34937,29,7
timeStep,numberOfRobotsOnBlackSite,numberOfRobotsOnWhiteSite
34938,29,7
timeStep,numberOfRobotsOnBlackSite,numberOfRobotsOnWhiteSite
34939,29,7
timeStep,numberOfRobotsOnBlackSite,numberOfRobotsOnWhiteSite
34940,29,7
timeStep,numberOfRobotsOnBlackSite,numberOfRobotsOnWhiteSite
34941,29,7
timeStep,numberOfRobotsOnBlackSite,numberOfRobotsOnWhiteSite
34942,29,7
timeStep,numberOfRobotsOnBlackSite,numberOfRobotsOnWhiteSite
34943,29,7
timeStep,numberOfRobotsOnBlackSite,numberOfRobotsOnWhiteSite
34944,29,7
timeStep,numberOfRobotsOnBlackSite,numberOfRobotsOnWhiteSite
34945,29,7
timeStep,numberOfRobotsOnBlackSite,numberOfRobotsOnWhiteSite
34946,29,7
timeStep,numberOfRobotsOnBlackSite,numberOfRobotsOnWhiteSite
34947,29,7
timeStep,numberOfRobotsOnBlackSite,numberOfRobotsOnWhiteSite
34948,29,7
timeStep,numberOfRobotsOnBlackSite,numberOfRobotsOnWhiteSite
34949,29,7
timeStep,numberOfRobotsOnBlackSite,numberOfRobotsOnWhiteSite
34950,29,7
timeStep,numberOfRobotsOnBlackSite,numberOfRobotsOnWhiteSite
34951,29,7
timeStep,numberOfRobotsOnBlackSite,numberOfRobotsOnWhiteSite
34952,29,7
timeStep,numberOfRobotsOnBlackSite,numberOfRobotsOnWhiteSite
34953,29,7
timeStep,numberOfRobotsOnBlackSite,numberOfRobotsOnWhiteSite
34954,29,7
timeStep,numberOfRobotsOnBlackSite,numberOfRobotsOnWhiteSite
34955,29,7
timeStep,numberOfRobotsOnBlackSite,numberOfRobotsOnWhiteSite
34956,29,7
timeStep,numberOfRobotsOnBlackSite,numberOfRobotsOnWhiteSite
34957,29,7
timeStep,numberOfRobotsOnBlackSite,numberOfRobotsOnWhiteSite
34958,29,7
timeStep,numberOfRobotsOnBlackSite,numberOfRobotsOnWhiteSite
34959,29,7
timeStep,numberOfRobotsOnBlackSite,numberOfRobotsOnWhiteSite
34960,29,7
timeStep,numberOfRobotsOnBlackSite,numberOfRobotsOnWhiteSite
34961,29,7
timeStep,numberOfRobotsOnBlackSite,numberOfRobotsOnWhiteSite
34962,29,7
timeStep,numberOfRobotsOnBlackSite,numberOfRobotsOnWhiteSite
34963,29,7
timeStep,numberOfRobotsOnBlackSite,numberOfRobotsOnWhiteSite
34964,29,7
timeStep,numberOfRobotsOnBlackSite,numberOfRobotsOnWhiteSite
34965,29,7
timeStep,numberOfRobotsOnBlackSite,numberOfRobotsOnWhiteSite
34966,29,7
timeStep,numberOfRobotsOnBlackSite,numberOfRobotsOnWhiteSite
34967,29,7
timeStep,numberOfRobotsOnBlackSite,numberOfRobotsOnWhiteSite
34968,29,7
timeStep,numberOfRobotsOnBlackSite,numberOfRobotsOnWhiteSite
34969,29,7
timeStep,numberOfRobotsOnBlackSite,numberOfRobotsOnWhiteSite
34970,29,7
timeStep,numberOfRobotsOnBlackSite,numberOfRobotsOnWhiteSite
34971,29,7
timeStep,numberOfRobotsOnBlackSite,numberOfRobotsOnWhiteSite
34972,29,7
timeStep,numberOfRobotsOnBlackSite,numberOfRobotsOnWhiteSite
34973,29,7
timeStep,numberOfRobotsOnBlackSite,numberOfRobotsOnWhiteSite
34974,29,7
timeStep,numberOfRobotsOnBlackSite,numberOfRobotsOnWhiteSite
34975,29,7
timeStep,numberOfRobotsOnBlackSite,numberOfRobotsOnWhiteSite
34976,29,7
timeStep,numberOfRobotsOnBlackSite,numberOfRobotsOnWhiteSite
34977,29,7
timeStep,numberOfRobotsOnBlackSite,numberOfRobotsOnWhiteSite
34978,29,7
timeStep,numberOfRobotsOnBlackSite,numberOfRobotsOnWhiteSite
34979,29,7
timeStep,numberOfRobotsOnBlackSite,numberOfRobotsOnWhiteSite
34980,29,7
timeStep,numberOfRobotsOnBlackSite,numberOfRobotsOnWhiteSite
34981,29,7
timeStep,numberOfRobotsOnBlackSite,numberOfRobotsOnWhiteSite
34982,29,7
timeStep,numberOfRobotsOnBlackSite,numberOfRobotsOnWhiteSite
34983,29,7
timeStep,numberOfRobotsOnBlackSite,numberOfRobotsOnWhiteSite
34984,29,7
timeStep,numberOfRobotsOnBlackSite,numberOfRobotsOnWhiteSite
34985,29,7
timeStep,numberOfRobotsOnBlackSite,numberOfRobotsOnWhiteSite
34986,29,7
timeStep,numberOfRobotsOnBlackSite,numberOfRobotsOnWhiteSite
34987,29,7
timeStep,numberOfRobotsOnBlackSite,numberOfRobotsOnWhiteSite
34988,29,7
timeStep,numberOfRobotsOnBlackSite,numberOfRobotsOnWhiteSite
34989,29,7
timeStep,numberOfRobotsOnBlackSite,numberOfRobotsOnWhiteSite
34990,29,7
timeStep,numberOfRobotsOnBlackSite,numberOfRobotsOnWhiteSite
34991,29,7
timeStep,numberOfRobotsOnBlackSite,numberOfRobotsOnWhiteSite
34992,29,7
timeStep,numberOfRobotsOnBlackSite,numberOfRobotsOnWhiteSite
34993,29,7
timeStep,numberOfRobotsOnBlackSite,numberOfRobotsOnWhiteSite
34994,29,7
timeStep,numberOfRobotsOnBlackSite,numberOfRobotsOnWhiteSite
34995,29,7
timeStep,numberOfRobotsOnBlackSite,numberOfRobotsOnWhiteSite
34996,29,7
timeStep,numberOfRobotsOnBlackSite,numberOfRobotsOnWhiteSite
34997,29,7
timeStep,numberOfRobotsOnBlackSite,numberOfRobotsOnWhiteSite
34998,29,7
timeStep,numberOfRobotsOnBlackSite,numberOfRobotsOnWhiteSite
34999,29,7
timeStep,numberOfRobotsOnBlackSite,numberOfRobotsOnWhiteSite
35000,29,7
timeStep,numberOfRobotsOnBlackSite,numberOfRobotsOnWhiteSite
35001,29,7
timeStep,numberOfRobotsOnBlackSite,numberOfRobotsOnWhiteSite
35002,29,7
timeStep,numberOfRobotsOnBlackSite,numberOfRobotsOnWhiteSite
35003,29,7
timeStep,numberOfRobotsOnBlackSite,numberOfRobotsOnWhiteSite
35004,29,7
timeStep,numberOfRobotsOnBlackSite,numberOfRobotsOnWhiteSite
35005,29,7
timeStep,numberOfRobotsOnBlackSite,numberOfRobotsOnWhiteSite
35006,29,7
timeStep,numberOfRobotsOnBlackSite,numberOfRobotsOnWhiteSite
35007,29,7
timeStep,numberOfRobotsOnBlackSite,numberOfRobotsOnWhiteSite
35008,29,7
timeStep,numberOfRobotsOnBlackSite,numberOfRobotsOnWhiteSite
35009,29,7
timeStep,numberOfRobotsOnBlackSite,numberOfRobotsOnWhiteSite
35010,29,7
timeStep,numberOfRobotsOnBlackSite,numberOfRobotsOnWhiteSite
35011,29,7
timeStep,numberOfRobotsOnBlackSite,numberOfRobotsOnWhiteSite
35012,29,7
timeStep,numberOfRobotsOnBlackSite,numberOfRobotsOnWhiteSite
35013,29,7
timeStep,numberOfRobotsOnBlackSite,numberOfRobotsOnWhiteSite
35014,29,7
timeStep,numberOfRobotsOnBlackSite,numberOfRobotsOnWhiteSite
35015,29,7
timeStep,numberOfRobotsOnBlackSite,numberOfRobotsOnWhiteSite
35016,29,7
timeStep,numberOfRobotsOnBlackSite,numberOfRobotsOnWhiteSite
35017,29,7
timeStep,numberOfRobotsOnBlackSite,numberOfRobotsOnWhiteSite
35018,29,7
timeStep,numberOfRobotsOnBlackSite,numberOfRobotsOnWhiteSite
35019,29,7
timeStep,numberOfRobotsOnBlackSite,numberOfRobotsOnWhiteSite
35020,29,7
timeStep,numberOfRobotsOnBlackSite,numberOfRobotsOnWhiteSite
35021,29,7
timeStep,numberOfRobotsOnBlackSite,numberOfRobotsOnWhiteSite
35022,29,7
timeStep,numberOfRobotsOnBlackSite,numberOfRobotsOnWhiteSite
35023,29,7
timeStep,numberOfRobotsOnBlackSite,numberOfRobotsOnWhiteSite
35024,29,7
timeStep,numberOfRobotsOnBlackSite,numberOfRobotsOnWhiteSite
35025,29,7
timeStep,numberOfRobotsOnBlackSite,numberOfRobotsOnWhiteSite
35026,29,7
timeStep,numberOfRobotsOnBlackSite,numberOfRobotsOnWhiteSite
35027,29,7
timeStep,numberOfRobotsOnBlackSite,numberOfRobotsOnWhiteSite
35028,29,7
timeStep,numberOfRobotsOnBlackSite,numberOfRobotsOnWhiteSite
35029,29,7
timeStep,numberOfRobotsOnBlackSite,numberOfRobotsOnWhiteSite
35030,30,7
timeStep,numberOfRobotsOnBlackSite,numberOfRobotsOnWhiteSite
35031,30,7
timeStep,numberOfRobotsOnBlackSite,numberOfRobotsOnWhiteSite
35032,30,7
timeStep,numberOfRobotsOnBlackSite,numberOfRobotsOnWhiteSite
35033,30,7
timeStep,numberOfRobotsOnBlackSite,numberOfRobotsOnWhiteSite
35034,30,7
timeStep,numberOfRobotsOnBlackSite,numberOfRobotsOnWhiteSite
35035,30,7
timeStep,numberOfRobotsOnBlackSite,numberOfRobotsOnWhiteSite
35036,30,7
timeStep,numberOfRobotsOnBlackSite,numberOfRobotsOnWhiteSite
35037,30,7
timeStep,numberOfRobotsOnBlackSite,numberOfRobotsOnWhiteSite
35038,30,7
timeStep,numberOfRobotsOnBlackSite,numberOfRobotsOnWhiteSite
35039,30,7
timeStep,numberOfRobotsOnBlackSite,numberOfRobotsOnWhiteSite
35040,30,7
timeStep,numberOfRobotsOnBlackSite,numberOfRobotsOnWhiteSite
35041,30,7
timeStep,numberOfRobotsOnBlackSite,numberOfRobotsOnWhiteSite
35042,30,7
timeStep,numberOfRobotsOnBlackSite,numberOfRobotsOnWhiteSite
35043,30,7
timeStep,numberOfRobotsOnBlackSite,numberOfRobotsOnWhiteSite
35044,30,7
timeStep,numberOfRobotsOnBlackSite,numberOfRobotsOnWhiteSite
35045,30,7
timeStep,numberOfRobotsOnBlackSite,numberOfRobotsOnWhiteSite
35046,30,7
timeStep,numberOfRobotsOnBlackSite,numberOfRobotsOnWhiteSite
35047,30,7
timeStep,numberOfRobotsOnBlackSite,numberOfRobotsOnWhiteSite
35048,30,7
timeStep,numberOfRobotsOnBlackSite,numberOfRobotsOnWhiteSite
35049,30,7
timeStep,numberOfRobotsOnBlackSite,numberOfRobotsOnWhiteSite
35050,30,7
timeStep,numberOfRobotsOnBlackSite,numberOfRobotsOnWhiteSite
35051,30,7
timeStep,numberOfRobotsOnBlackSite,numberOfRobotsOnWhiteSite
35052,30,7
timeStep,numberOfRobotsOnBlackSite,numberOfRobotsOnWhiteSite
35053,30,7
timeStep,numberOfRobotsOnBlackSite,numberOfRobotsOnWhiteSite
35054,30,7
timeStep,numberOfRobotsOnBlackSite,numberOfRobotsOnWhiteSite
35055,30,7
timeStep,numberOfRobotsOnBlackSite,numberOfRobotsOnWhiteSite
35056,30,7
timeStep,numberOfRobotsOnBlackSite,numberOfRobotsOnWhiteSite
35057,30,7
timeStep,numberOfRobotsOnBlackSite,numberOfRobotsOnWhiteSite
35058,30,7
timeStep,numberOfRobotsOnBlackSite,numberOfRobotsOnWhiteSite
35059,30,7
timeStep,numberOfRobotsOnBlackSite,numberOfRobotsOnWhiteSite
35060,30,7
timeStep,numberOfRobotsOnBlackSite,numberOfRobotsOnWhiteSite
35061,30,7
timeStep,numberOfRobotsOnBlackSite,numberOfRobotsOnWhiteSite
35062,30,7
timeStep,numberOfRobotsOnBlackSite,numberOfRobotsOnWhiteSite
35063,30,7
timeStep,numberOfRobotsOnBlackSite,numberOfRobotsOnWhiteSite
35064,30,7
timeStep,numberOfRobotsOnBlackSite,numberOfRobotsOnWhiteSite
35065,30,7
timeStep,numberOfRobotsOnBlackSite,numberOfRobotsOnWhiteSite
35066,30,7
timeStep,numberOfRobotsOnBlackSite,numberOfRobotsOnWhiteSite
35067,30,7
timeStep,numberOfRobotsOnBlackSite,numberOfRobotsOnWhiteSite
35068,30,7
timeStep,numberOfRobotsOnBlackSite,numberOfRobotsOnWhiteSite
35069,30,7
timeStep,numberOfRobotsOnBlackSite,numberOfRobotsOnWhiteSite
35070,30,7
timeStep,numberOfRobotsOnBlackSite,numberOfRobotsOnWhiteSite
35071,30,7
timeStep,numberOfRobotsOnBlackSite,numberOfRobotsOnWhiteSite
35072,30,7
timeStep,numberOfRobotsOnBlackSite,numberOfRobotsOnWhiteSite
35073,30,7
timeStep,numberOfRobotsOnBlackSite,numberOfRobotsOnWhiteSite
35074,30,7
timeStep,numberOfRobotsOnBlackSite,numberOfRobotsOnWhiteSite
35075,30,7
timeStep,numberOfRobotsOnBlackSite,numberOfRobotsOnWhiteSite
35076,30,7
timeStep,numberOfRobotsOnBlackSite,numberOfRobotsOnWhiteSite
35077,30,7
timeStep,numberOfRobotsOnBlackSite,numberOfRobotsOnWhiteSite
35078,30,7
timeStep,numberOfRobotsOnBlackSite,numberOfRobotsOnWhiteSite
35079,30,7
timeStep,numberOfRobotsOnBlackSite,numberOfRobotsOnWhiteSite
35080,30,7
timeStep,numberOfRobotsOnBlackSite,numberOfRobotsOnWhiteSite
35081,30,7
timeStep,numberOfRobotsOnBlackSite,numberOfRobotsOnWhiteSite
35082,30,7
timeStep,numberOfRobotsOnBlackSite,numberOfRobotsOnWhiteSite
35083,30,7
timeStep,numberOfRobotsOnBlackSite,numberOfRobotsOnWhiteSite
35084,30,7
timeStep,numberOfRobotsOnBlackSite,numberOfRobotsOnWhiteSite
35085,30,7
timeStep,numberOfRobotsOnBlackSite,numberOfRobotsOnWhiteSite
35086,30,7
timeStep,numberOfRobotsOnBlackSite,numberOfRobotsOnWhiteSite
35087,30,7
timeStep,numberOfRobotsOnBlackSite,numberOfRobotsOnWhiteSite
35088,30,7
timeStep,numberOfRobotsOnBlackSite,numberOfRobotsOnWhiteSite
35089,30,7
timeStep,numberOfRobotsOnBlackSite,numberOfRobotsOnWhiteSite
35090,30,7
timeStep,numberOfRobotsOnBlackSite,numberOfRobotsOnWhiteSite
35091,30,7
timeStep,numberOfRobotsOnBlackSite,numberOfRobotsOnWhiteSite
35092,30,7
timeStep,numberOfRobotsOnBlackSite,numberOfRobotsOnWhiteSite
35093,30,7
timeStep,numberOfRobotsOnBlackSite,numberOfRobotsOnWhiteSite
35094,30,7
timeStep,numberOfRobotsOnBlackSite,numberOfRobotsOnWhiteSite
35095,30,7
timeStep,numberOfRobotsOnBlackSite,numberOfRobotsOnWhiteSite
35096,30,7
timeStep,numberOfRobotsOnBlackSite,numberOfRobotsOnWhiteSite
35097,30,7
timeStep,numberOfRobotsOnBlackSite,numberOfRobotsOnWhiteSite
35098,30,7
timeStep,numberOfRobotsOnBlackSite,numberOfRobotsOnWhiteSite
35099,30,7
timeStep,numberOfRobotsOnBlackSite,numberOfRobotsOnWhiteSite
35100,30,7
timeStep,numberOfRobotsOnBlackSite,numberOfRobotsOnWhiteSite
35101,30,7
timeStep,numberOfRobotsOnBlackSite,numberOfRobotsOnWhiteSite
35102,30,7
timeStep,numberOfRobotsOnBlackSite,numberOfRobotsOnWhiteSite
35103,30,7
timeStep,numberOfRobotsOnBlackSite,numberOfRobotsOnWhiteSite
35104,30,7
timeStep,numberOfRobotsOnBlackSite,numberOfRobotsOnWhiteSite
35105,30,7
timeStep,numberOfRobotsOnBlackSite,numberOfRobotsOnWhiteSite
35106,30,7
timeStep,numberOfRobotsOnBlackSite,numberOfRobotsOnWhiteSite
35107,30,7
timeStep,numberOfRobotsOnBlackSite,numberOfRobotsOnWhiteSite
35108,30,7
timeStep,numberOfRobotsOnBlackSite,numberOfRobotsOnWhiteSite
35109,30,7
timeStep,numberOfRobotsOnBlackSite,numberOfRobotsOnWhiteSite
35110,30,7
timeStep,numberOfRobotsOnBlackSite,numberOfRobotsOnWhiteSite
35111,30,7
timeStep,numberOfRobotsOnBlackSite,numberOfRobotsOnWhiteSite
35112,30,7
timeStep,numberOfRobotsOnBlackSite,numberOfRobotsOnWhiteSite
35113,30,7
timeStep,numberOfRobotsOnBlackSite,numberOfRobotsOnWhiteSite
35114,30,7
timeStep,numberOfRobotsOnBlackSite,numberOfRobotsOnWhiteSite
35115,30,7
timeStep,numberOfRobotsOnBlackSite,numberOfRobotsOnWhiteSite
35116,30,7
timeStep,numberOfRobotsOnBlackSite,numberOfRobotsOnWhiteSite
35117,30,7
timeStep,numberOfRobotsOnBlackSite,numberOfRobotsOnWhiteSite
35118,30,7
timeStep,numberOfRobotsOnBlackSite,numberOfRobotsOnWhiteSite
35119,30,7
timeStep,numberOfRobotsOnBlackSite,numberOfRobotsOnWhiteSite
35120,30,7
timeStep,numberOfRobotsOnBlackSite,numberOfRobotsOnWhiteSite
35121,30,7
timeStep,numberOfRobotsOnBlackSite,numberOfRobotsOnWhiteSite
35122,30,7
timeStep,numberOfRobotsOnBlackSite,numberOfRobotsOnWhiteSite
35123,30,7
timeStep,numberOfRobotsOnBlackSite,numberOfRobotsOnWhiteSite
35124,30,7
timeStep,numberOfRobotsOnBlackSite,numberOfRobotsOnWhiteSite
35125,30,7
timeStep,numberOfRobotsOnBlackSite,numberOfRobotsOnWhiteSite
35126,30,7
timeStep,numberOfRobotsOnBlackSite,numberOfRobotsOnWhiteSite
35127,30,7
timeStep,numberOfRobotsOnBlackSite,numberOfRobotsOnWhiteSite
35128,30,7
timeStep,numberOfRobotsOnBlackSite,numberOfRobotsOnWhiteSite
35129,30,7
timeStep,numberOfRobotsOnBlackSite,numberOfRobotsOnWhiteSite
35130,30,7
timeStep,numberOfRobotsOnBlackSite,numberOfRobotsOnWhiteSite
35131,30,7
timeStep,numberOfRobotsOnBlackSite,numberOfRobotsOnWhiteSite
35132,30,7
timeStep,numberOfRobotsOnBlackSite,numberOfRobotsOnWhiteSite
35133,30,7
timeStep,numberOfRobotsOnBlackSite,numberOfRobotsOnWhiteSite
35134,30,7
timeStep,numberOfRobotsOnBlackSite,numberOfRobotsOnWhiteSite
35135,30,7
timeStep,numberOfRobotsOnBlackSite,numberOfRobotsOnWhiteSite
35136,30,7
timeStep,numberOfRobotsOnBlackSite,numberOfRobotsOnWhiteSite
35137,30,7
timeStep,numberOfRobotsOnBlackSite,numberOfRobotsOnWhiteSite
35138,30,7
timeStep,numberOfRobotsOnBlackSite,numberOfRobotsOnWhiteSite
35139,30,7
timeStep,numberOfRobotsOnBlackSite,numberOfRobotsOnWhiteSite
35140,30,7
timeStep,numberOfRobotsOnBlackSite,numberOfRobotsOnWhiteSite
35141,30,7
timeStep,numberOfRobotsOnBlackSite,numberOfRobotsOnWhiteSite
35142,30,7
timeStep,numberOfRobotsOnBlackSite,numberOfRobotsOnWhiteSite
35143,30,7
timeStep,numberOfRobotsOnBlackSite,numberOfRobotsOnWhiteSite
35144,30,7
timeStep,numberOfRobotsOnBlackSite,numberOfRobotsOnWhiteSite
35145,30,7
timeStep,numberOfRobotsOnBlackSite,numberOfRobotsOnWhiteSite
35146,30,7
timeStep,numberOfRobotsOnBlackSite,numberOfRobotsOnWhiteSite
35147,30,7
timeStep,numberOfRobotsOnBlackSite,numberOfRobotsOnWhiteSite
35148,30,7
timeStep,numberOfRobotsOnBlackSite,numberOfRobotsOnWhiteSite
35149,30,7
timeStep,numberOfRobotsOnBlackSite,numberOfRobotsOnWhiteSite
35150,30,7
timeStep,numberOfRobotsOnBlackSite,numberOfRobotsOnWhiteSite
35151,30,7
timeStep,numberOfRobotsOnBlackSite,numberOfRobotsOnWhiteSite
35152,30,7
timeStep,numberOfRobotsOnBlackSite,numberOfRobotsOnWhiteSite
35153,30,7
timeStep,numberOfRobotsOnBlackSite,numberOfRobotsOnWhiteSite
35154,30,7
timeStep,numberOfRobotsOnBlackSite,numberOfRobotsOnWhiteSite
35155,30,7
timeStep,numberOfRobotsOnBlackSite,numberOfRobotsOnWhiteSite
35156,30,7
timeStep,numberOfRobotsOnBlackSite,numberOfRobotsOnWhiteSite
35157,30,7
timeStep,numberOfRobotsOnBlackSite,numberOfRobotsOnWhiteSite
35158,30,7
timeStep,numberOfRobotsOnBlackSite,numberOfRobotsOnWhiteSite
35159,30,7
timeStep,numberOfRobotsOnBlackSite,numberOfRobotsOnWhiteSite
35160,30,7
timeStep,numberOfRobotsOnBlackSite,numberOfRobotsOnWhiteSite
35161,30,7
timeStep,numberOfRobotsOnBlackSite,numberOfRobotsOnWhiteSite
35162,30,7
timeStep,numberOfRobotsOnBlackSite,numberOfRobotsOnWhiteSite
35163,30,7
timeStep,numberOfRobotsOnBlackSite,numberOfRobotsOnWhiteSite
35164,30,7
timeStep,numberOfRobotsOnBlackSite,numberOfRobotsOnWhiteSite
35165,30,7
timeStep,numberOfRobotsOnBlackSite,numberOfRobotsOnWhiteSite
35166,30,7
timeStep,numberOfRobotsOnBlackSite,numberOfRobotsOnWhiteSite
35167,30,7
timeStep,numberOfRobotsOnBlackSite,numberOfRobotsOnWhiteSite
35168,30,7
timeStep,numberOfRobotsOnBlackSite,numberOfRobotsOnWhiteSite
35169,30,7
timeStep,numberOfRobotsOnBlackSite,numberOfRobotsOnWhiteSite
35170,30,7
timeStep,numberOfRobotsOnBlackSite,numberOfRobotsOnWhiteSite
35171,30,7
timeStep,numberOfRobotsOnBlackSite,numberOfRobotsOnWhiteSite
35172,30,7
timeStep,numberOfRobotsOnBlackSite,numberOfRobotsOnWhiteSite
35173,30,7
timeStep,numberOfRobotsOnBlackSite,numberOfRobotsOnWhiteSite
35174,30,7
timeStep,numberOfRobotsOnBlackSite,numberOfRobotsOnWhiteSite
35175,30,7
timeStep,numberOfRobotsOnBlackSite,numberOfRobotsOnWhiteSite
35176,30,7
timeStep,numberOfRobotsOnBlackSite,numberOfRobotsOnWhiteSite
35177,30,7
timeStep,numberOfRobotsOnBlackSite,numberOfRobotsOnWhiteSite
35178,30,7
timeStep,numberOfRobotsOnBlackSite,numberOfRobotsOnWhiteSite
35179,30,7
timeStep,numberOfRobotsOnBlackSite,numberOfRobotsOnWhiteSite
35180,30,7
timeStep,numberOfRobotsOnBlackSite,numberOfRobotsOnWhiteSite
35181,30,7
timeStep,numberOfRobotsOnBlackSite,numberOfRobotsOnWhiteSite
35182,30,7
timeStep,numberOfRobotsOnBlackSite,numberOfRobotsOnWhiteSite
35183,30,7
timeStep,numberOfRobotsOnBlackSite,numberOfRobotsOnWhiteSite
35184,30,7
timeStep,numberOfRobotsOnBlackSite,numberOfRobotsOnWhiteSite
35185,31,7
timeStep,numberOfRobotsOnBlackSite,numberOfRobotsOnWhiteSite
35186,31,7
timeStep,numberOfRobotsOnBlackSite,numberOfRobotsOnWhiteSite
35187,31,7
timeStep,numberOfRobotsOnBlackSite,numberOfRobotsOnWhiteSite
35188,31,7
timeStep,numberOfRobotsOnBlackSite,numberOfRobotsOnWhiteSite
35189,31,7
timeStep,numberOfRobotsOnBlackSite,numberOfRobotsOnWhiteSite
35190,31,7
timeStep,numberOfRobotsOnBlackSite,numberOfRobotsOnWhiteSite
35191,31,7
timeStep,numberOfRobotsOnBlackSite,numberOfRobotsOnWhiteSite
35192,31,7
timeStep,numberOfRobotsOnBlackSite,numberOfRobotsOnWhiteSite
35193,31,7
timeStep,numberOfRobotsOnBlackSite,numberOfRobotsOnWhiteSite
35194,31,7
timeStep,numberOfRobotsOnBlackSite,numberOfRobotsOnWhiteSite
35195,32,7
timeStep,numberOfRobotsOnBlackSite,numberOfRobotsOnWhiteSite
35196,32,7
timeStep,numberOfRobotsOnBlackSite,numberOfRobotsOnWhiteSite
35197,32,7
timeStep,numberOfRobotsOnBlackSite,numberOfRobotsOnWhiteSite
35198,32,7
timeStep,numberOfRobotsOnBlackSite,numberOfRobotsOnWhiteSite
35199,32,7
timeStep,numberOfRobotsOnBlackSite,numberOfRobotsOnWhiteSite
35200,32,7
timeStep,numberOfRobotsOnBlackSite,numberOfRobotsOnWhiteSite
35201,32,7
timeStep,numberOfRobotsOnBlackSite,numberOfRobotsOnWhiteSite
35202,32,7
timeStep,numberOfRobotsOnBlackSite,numberOfRobotsOnWhiteSite
35203,32,7
timeStep,numberOfRobotsOnBlackSite,numberOfRobotsOnWhiteSite
35204,32,7
timeStep,numberOfRobotsOnBlackSite,numberOfRobotsOnWhiteSite
35205,32,7
timeStep,numberOfRobotsOnBlackSite,numberOfRobotsOnWhiteSite
35206,32,7
timeStep,numberOfRobotsOnBlackSite,numberOfRobotsOnWhiteSite
35207,32,7
timeStep,numberOfRobotsOnBlackSite,numberOfRobotsOnWhiteSite
35208,32,7
timeStep,numberOfRobotsOnBlackSite,numberOfRobotsOnWhiteSite
35209,32,7
timeStep,numberOfRobotsOnBlackSite,numberOfRobotsOnWhiteSite
35210,32,7
timeStep,numberOfRobotsOnBlackSite,numberOfRobotsOnWhiteSite
35211,32,7
timeStep,numberOfRobotsOnBlackSite,numberOfRobotsOnWhiteSite
35212,32,7
timeStep,numberOfRobotsOnBlackSite,numberOfRobotsOnWhiteSite
35213,32,7
timeStep,numberOfRobotsOnBlackSite,numberOfRobotsOnWhiteSite
35214,32,7
timeStep,numberOfRobotsOnBlackSite,numberOfRobotsOnWhiteSite
35215,32,7
timeStep,numberOfRobotsOnBlackSite,numberOfRobotsOnWhiteSite
35216,32,7
timeStep,numberOfRobotsOnBlackSite,numberOfRobotsOnWhiteSite
35217,32,7
timeStep,numberOfRobotsOnBlackSite,numberOfRobotsOnWhiteSite
35218,32,7
timeStep,numberOfRobotsOnBlackSite,numberOfRobotsOnWhiteSite
35219,32,7
timeStep,numberOfRobotsOnBlackSite,numberOfRobotsOnWhiteSite
35220,32,7
timeStep,numberOfRobotsOnBlackSite,numberOfRobotsOnWhiteSite
35221,32,7
timeStep,numberOfRobotsOnBlackSite,numberOfRobotsOnWhiteSite
35222,32,7
timeStep,numberOfRobotsOnBlackSite,numberOfRobotsOnWhiteSite
35223,32,7
timeStep,numberOfRobotsOnBlackSite,numberOfRobotsOnWhiteSite
35224,32,7
timeStep,numberOfRobotsOnBlackSite,numberOfRobotsOnWhiteSite
35225,32,7
timeStep,numberOfRobotsOnBlackSite,numberOfRobotsOnWhiteSite
35226,32,7
timeStep,numberOfRobotsOnBlackSite,numberOfRobotsOnWhiteSite
35227,32,7
timeStep,numberOfRobotsOnBlackSite,numberOfRobotsOnWhiteSite
35228,32,7
timeStep,numberOfRobotsOnBlackSite,numberOfRobotsOnWhiteSite
35229,32,7
timeStep,numberOfRobotsOnBlackSite,numberOfRobotsOnWhiteSite
35230,31,7
timeStep,numberOfRobotsOnBlackSite,numberOfRobotsOnWhiteSite
35231,31,7
timeStep,numberOfRobotsOnBlackSite,numberOfRobotsOnWhiteSite
35232,31,7
timeStep,numberOfRobotsOnBlackSite,numberOfRobotsOnWhiteSite
35233,31,7
timeStep,numberOfRobotsOnBlackSite,numberOfRobotsOnWhiteSite
35234,31,7
timeStep,numberOfRobotsOnBlackSite,numberOfRobotsOnWhiteSite
35235,31,7
timeStep,numberOfRobotsOnBlackSite,numberOfRobotsOnWhiteSite
35236,31,7
timeStep,numberOfRobotsOnBlackSite,numberOfRobotsOnWhiteSite
35237,31,7
timeStep,numberOfRobotsOnBlackSite,numberOfRobotsOnWhiteSite
35238,31,7
timeStep,numberOfRobotsOnBlackSite,numberOfRobotsOnWhiteSite
35239,31,7
timeStep,numberOfRobotsOnBlackSite,numberOfRobotsOnWhiteSite
35240,31,8
timeStep,numberOfRobotsOnBlackSite,numberOfRobotsOnWhiteSite
35241,31,8
timeStep,numberOfRobotsOnBlackSite,numberOfRobotsOnWhiteSite
35242,31,8
timeStep,numberOfRobotsOnBlackSite,numberOfRobotsOnWhiteSite
35243,31,8
timeStep,numberOfRobotsOnBlackSite,numberOfRobotsOnWhiteSite
35244,31,8
timeStep,numberOfRobotsOnBlackSite,numberOfRobotsOnWhiteSite
35245,31,8
timeStep,numberOfRobotsOnBlackSite,numberOfRobotsOnWhiteSite
35246,31,8
timeStep,numberOfRobotsOnBlackSite,numberOfRobotsOnWhiteSite
35247,31,8
timeStep,numberOfRobotsOnBlackSite,numberOfRobotsOnWhiteSite
35248,31,8
timeStep,numberOfRobotsOnBlackSite,numberOfRobotsOnWhiteSite
35249,31,8
timeStep,numberOfRobotsOnBlackSite,numberOfRobotsOnWhiteSite
35250,31,8
timeStep,numberOfRobotsOnBlackSite,numberOfRobotsOnWhiteSite
35251,31,8
timeStep,numberOfRobotsOnBlackSite,numberOfRobotsOnWhiteSite
35252,31,8
timeStep,numberOfRobotsOnBlackSite,numberOfRobotsOnWhiteSite
35253,31,8
timeStep,numberOfRobotsOnBlackSite,numberOfRobotsOnWhiteSite
35254,31,8
timeStep,numberOfRobotsOnBlackSite,numberOfRobotsOnWhiteSite
35255,31,8
timeStep,numberOfRobotsOnBlackSite,numberOfRobotsOnWhiteSite
35256,31,8
timeStep,numberOfRobotsOnBlackSite,numberOfRobotsOnWhiteSite
35257,31,8
timeStep,numberOfRobotsOnBlackSite,numberOfRobotsOnWhiteSite
35258,31,8
timeStep,numberOfRobotsOnBlackSite,numberOfRobotsOnWhiteSite
35259,31,8
timeStep,numberOfRobotsOnBlackSite,numberOfRobotsOnWhiteSite
35260,31,8
timeStep,numberOfRobotsOnBlackSite,numberOfRobotsOnWhiteSite
35261,31,8
timeStep,numberOfRobotsOnBlackSite,numberOfRobotsOnWhiteSite
35262,31,8
timeStep,numberOfRobotsOnBlackSite,numberOfRobotsOnWhiteSite
35263,31,8
timeStep,numberOfRobotsOnBlackSite,numberOfRobotsOnWhiteSite
35264,31,8
timeStep,numberOfRobotsOnBlackSite,numberOfRobotsOnWhiteSite
35265,31,8
timeStep,numberOfRobotsOnBlackSite,numberOfRobotsOnWhiteSite
35266,31,8
timeStep,numberOfRobotsOnBlackSite,numberOfRobotsOnWhiteSite
35267,31,8
timeStep,numberOfRobotsOnBlackSite,numberOfRobotsOnWhiteSite
35268,31,8
timeStep,numberOfRobotsOnBlackSite,numberOfRobotsOnWhiteSite
35269,31,8
timeStep,numberOfRobotsOnBlackSite,numberOfRobotsOnWhiteSite
35270,31,8
timeStep,numberOfRobotsOnBlackSite,numberOfRobotsOnWhiteSite
35271,31,8
timeStep,numberOfRobotsOnBlackSite,numberOfRobotsOnWhiteSite
35272,31,8
timeStep,numberOfRobotsOnBlackSite,numberOfRobotsOnWhiteSite
35273,31,8
timeStep,numberOfRobotsOnBlackSite,numberOfRobotsOnWhiteSite
35274,31,8
timeStep,numberOfRobotsOnBlackSite,numberOfRobotsOnWhiteSite
35275,31,8
timeStep,numberOfRobotsOnBlackSite,numberOfRobotsOnWhiteSite
35276,31,8
timeStep,numberOfRobotsOnBlackSite,numberOfRobotsOnWhiteSite
35277,31,8
timeStep,numberOfRobotsOnBlackSite,numberOfRobotsOnWhiteSite
35278,31,8
timeStep,numberOfRobotsOnBlackSite,numberOfRobotsOnWhiteSite
35279,31,8
timeStep,numberOfRobotsOnBlackSite,numberOfRobotsOnWhiteSite
35280,31,8
timeStep,numberOfRobotsOnBlackSite,numberOfRobotsOnWhiteSite
35281,31,8
timeStep,numberOfRobotsOnBlackSite,numberOfRobotsOnWhiteSite
35282,31,8
timeStep,numberOfRobotsOnBlackSite,numberOfRobotsOnWhiteSite
35283,31,8
timeStep,numberOfRobotsOnBlackSite,numberOfRobotsOnWhiteSite
35284,31,8
timeStep,numberOfRobotsOnBlackSite,numberOfRobotsOnWhiteSite
35285,31,8
timeStep,numberOfRobotsOnBlackSite,numberOfRobotsOnWhiteSite
35286,31,8
timeStep,numberOfRobotsOnBlackSite,numberOfRobotsOnWhiteSite
35287,31,8
timeStep,numberOfRobotsOnBlackSite,numberOfRobotsOnWhiteSite
35288,31,8
timeStep,numberOfRobotsOnBlackSite,numberOfRobotsOnWhiteSite
35289,31,8
timeStep,numberOfRobotsOnBlackSite,numberOfRobotsOnWhiteSite
35290,31,8
timeStep,numberOfRobotsOnBlackSite,numberOfRobotsOnWhiteSite
35291,31,8
timeStep,numberOfRobotsOnBlackSite,numberOfRobotsOnWhiteSite
35292,31,8
timeStep,numberOfRobotsOnBlackSite,numberOfRobotsOnWhiteSite
35293,31,8
timeStep,numberOfRobotsOnBlackSite,numberOfRobotsOnWhiteSite
35294,31,8
timeStep,numberOfRobotsOnBlackSite,numberOfRobotsOnWhiteSite
35295,31,8
timeStep,numberOfRobotsOnBlackSite,numberOfRobotsOnWhiteSite
35296,31,8
timeStep,numberOfRobotsOnBlackSite,numberOfRobotsOnWhiteSite
35297,31,8
timeStep,numberOfRobotsOnBlackSite,numberOfRobotsOnWhiteSite
35298,31,8
timeStep,numberOfRobotsOnBlackSite,numberOfRobotsOnWhiteSite
35299,31,8
timeStep,numberOfRobotsOnBlackSite,numberOfRobotsOnWhiteSite
35300,32,8
timeStep,numberOfRobotsOnBlackSite,numberOfRobotsOnWhiteSite
35301,32,8
timeStep,numberOfRobotsOnBlackSite,numberOfRobotsOnWhiteSite
35302,32,8
timeStep,numberOfRobotsOnBlackSite,numberOfRobotsOnWhiteSite
35303,32,8
timeStep,numberOfRobotsOnBlackSite,numberOfRobotsOnWhiteSite
35304,32,8
timeStep,numberOfRobotsOnBlackSite,numberOfRobotsOnWhiteSite
35305,32,8
timeStep,numberOfRobotsOnBlackSite,numberOfRobotsOnWhiteSite
35306,32,8
timeStep,numberOfRobotsOnBlackSite,numberOfRobotsOnWhiteSite
35307,32,8
timeStep,numberOfRobotsOnBlackSite,numberOfRobotsOnWhiteSite
35308,32,8
timeStep,numberOfRobotsOnBlackSite,numberOfRobotsOnWhiteSite
35309,32,8
timeStep,numberOfRobotsOnBlackSite,numberOfRobotsOnWhiteSite
35310,32,8
timeStep,numberOfRobotsOnBlackSite,numberOfRobotsOnWhiteSite
35311,32,8
timeStep,numberOfRobotsOnBlackSite,numberOfRobotsOnWhiteSite
35312,32,8
timeStep,numberOfRobotsOnBlackSite,numberOfRobotsOnWhiteSite
35313,32,8
timeStep,numberOfRobotsOnBlackSite,numberOfRobotsOnWhiteSite
35314,32,8
timeStep,numberOfRobotsOnBlackSite,numberOfRobotsOnWhiteSite
35315,32,8
timeStep,numberOfRobotsOnBlackSite,numberOfRobotsOnWhiteSite
35316,32,8
timeStep,numberOfRobotsOnBlackSite,numberOfRobotsOnWhiteSite
35317,32,8
timeStep,numberOfRobotsOnBlackSite,numberOfRobotsOnWhiteSite
35318,32,8
timeStep,numberOfRobotsOnBlackSite,numberOfRobotsOnWhiteSite
35319,32,8
timeStep,numberOfRobotsOnBlackSite,numberOfRobotsOnWhiteSite
35320,32,7
timeStep,numberOfRobotsOnBlackSite,numberOfRobotsOnWhiteSite
35321,32,7
timeStep,numberOfRobotsOnBlackSite,numberOfRobotsOnWhiteSite
35322,32,7
timeStep,numberOfRobotsOnBlackSite,numberOfRobotsOnWhiteSite
35323,32,7
timeStep,numberOfRobotsOnBlackSite,numberOfRobotsOnWhiteSite
35324,32,7
timeStep,numberOfRobotsOnBlackSite,numberOfRobotsOnWhiteSite
35325,32,7
timeStep,numberOfRobotsOnBlackSite,numberOfRobotsOnWhiteSite
35326,32,7
timeStep,numberOfRobotsOnBlackSite,numberOfRobotsOnWhiteSite
35327,32,7
timeStep,numberOfRobotsOnBlackSite,numberOfRobotsOnWhiteSite
35328,32,7
timeStep,numberOfRobotsOnBlackSite,numberOfRobotsOnWhiteSite
35329,32,7
timeStep,numberOfRobotsOnBlackSite,numberOfRobotsOnWhiteSite
35330,32,7
timeStep,numberOfRobotsOnBlackSite,numberOfRobotsOnWhiteSite
35331,32,7
timeStep,numberOfRobotsOnBlackSite,numberOfRobotsOnWhiteSite
35332,32,7
timeStep,numberOfRobotsOnBlackSite,numberOfRobotsOnWhiteSite
35333,32,7
timeStep,numberOfRobotsOnBlackSite,numberOfRobotsOnWhiteSite
35334,32,7
timeStep,numberOfRobotsOnBlackSite,numberOfRobotsOnWhiteSite
35335,32,7
timeStep,numberOfRobotsOnBlackSite,numberOfRobotsOnWhiteSite
35336,32,7
timeStep,numberOfRobotsOnBlackSite,numberOfRobotsOnWhiteSite
35337,32,7
timeStep,numberOfRobotsOnBlackSite,numberOfRobotsOnWhiteSite
35338,32,7
timeStep,numberOfRobotsOnBlackSite,numberOfRobotsOnWhiteSite
35339,32,7
timeStep,numberOfRobotsOnBlackSite,numberOfRobotsOnWhiteSite
35340,32,7
timeStep,numberOfRobotsOnBlackSite,numberOfRobotsOnWhiteSite
35341,32,7
timeStep,numberOfRobotsOnBlackSite,numberOfRobotsOnWhiteSite
35342,32,7
timeStep,numberOfRobotsOnBlackSite,numberOfRobotsOnWhiteSite
35343,32,7
timeStep,numberOfRobotsOnBlackSite,numberOfRobotsOnWhiteSite
35344,32,7
timeStep,numberOfRobotsOnBlackSite,numberOfRobotsOnWhiteSite
35345,32,7
timeStep,numberOfRobotsOnBlackSite,numberOfRobotsOnWhiteSite
35346,32,7
timeStep,numberOfRobotsOnBlackSite,numberOfRobotsOnWhiteSite
35347,32,7
timeStep,numberOfRobotsOnBlackSite,numberOfRobotsOnWhiteSite
35348,32,7
timeStep,numberOfRobotsOnBlackSite,numberOfRobotsOnWhiteSite
35349,32,7
timeStep,numberOfRobotsOnBlackSite,numberOfRobotsOnWhiteSite
35350,32,7
timeStep,numberOfRobotsOnBlackSite,numberOfRobotsOnWhiteSite
35351,32,7
timeStep,numberOfRobotsOnBlackSite,numberOfRobotsOnWhiteSite
35352,32,7
timeStep,numberOfRobotsOnBlackSite,numberOfRobotsOnWhiteSite
35353,32,7
timeStep,numberOfRobotsOnBlackSite,numberOfRobotsOnWhiteSite
35354,32,7
timeStep,numberOfRobotsOnBlackSite,numberOfRobotsOnWhiteSite
35355,32,7
timeStep,numberOfRobotsOnBlackSite,numberOfRobotsOnWhiteSite
35356,32,7
timeStep,numberOfRobotsOnBlackSite,numberOfRobotsOnWhiteSite
35357,32,7
timeStep,numberOfRobotsOnBlackSite,numberOfRobotsOnWhiteSite
35358,32,7
timeStep,numberOfRobotsOnBlackSite,numberOfRobotsOnWhiteSite
35359,32,7
timeStep,numberOfRobotsOnBlackSite,numberOfRobotsOnWhiteSite
35360,32,7
timeStep,numberOfRobotsOnBlackSite,numberOfRobotsOnWhiteSite
35361,32,7
timeStep,numberOfRobotsOnBlackSite,numberOfRobotsOnWhiteSite
35362,32,7
timeStep,numberOfRobotsOnBlackSite,numberOfRobotsOnWhiteSite
35363,32,7
timeStep,numberOfRobotsOnBlackSite,numberOfRobotsOnWhiteSite
35364,32,7
timeStep,numberOfRobotsOnBlackSite,numberOfRobotsOnWhiteSite
35365,32,7
timeStep,numberOfRobotsOnBlackSite,numberOfRobotsOnWhiteSite
35366,32,7
timeStep,numberOfRobotsOnBlackSite,numberOfRobotsOnWhiteSite
35367,32,7
timeStep,numberOfRobotsOnBlackSite,numberOfRobotsOnWhiteSite
35368,32,7
timeStep,numberOfRobotsOnBlackSite,numberOfRobotsOnWhiteSite
35369,32,7
timeStep,numberOfRobotsOnBlackSite,numberOfRobotsOnWhiteSite
35370,32,7
timeStep,numberOfRobotsOnBlackSite,numberOfRobotsOnWhiteSite
35371,32,7
timeStep,numberOfRobotsOnBlackSite,numberOfRobotsOnWhiteSite
35372,32,7
timeStep,numberOfRobotsOnBlackSite,numberOfRobotsOnWhiteSite
35373,32,7
timeStep,numberOfRobotsOnBlackSite,numberOfRobotsOnWhiteSite
35374,32,7
timeStep,numberOfRobotsOnBlackSite,numberOfRobotsOnWhiteSite
35375,32,7
timeStep,numberOfRobotsOnBlackSite,numberOfRobotsOnWhiteSite
35376,32,7
timeStep,numberOfRobotsOnBlackSite,numberOfRobotsOnWhiteSite
35377,32,7
timeStep,numberOfRobotsOnBlackSite,numberOfRobotsOnWhiteSite
35378,32,7
timeStep,numberOfRobotsOnBlackSite,numberOfRobotsOnWhiteSite
35379,32,7
timeStep,numberOfRobotsOnBlackSite,numberOfRobotsOnWhiteSite
35380,32,7
timeStep,numberOfRobotsOnBlackSite,numberOfRobotsOnWhiteSite
35381,32,7
timeStep,numberOfRobotsOnBlackSite,numberOfRobotsOnWhiteSite
35382,32,7
timeStep,numberOfRobotsOnBlackSite,numberOfRobotsOnWhiteSite
35383,32,7
timeStep,numberOfRobotsOnBlackSite,numberOfRobotsOnWhiteSite
35384,32,7
timeStep,numberOfRobotsOnBlackSite,numberOfRobotsOnWhiteSite
35385,32,7
timeStep,numberOfRobotsOnBlackSite,numberOfRobotsOnWhiteSite
35386,32,7
timeStep,numberOfRobotsOnBlackSite,numberOfRobotsOnWhiteSite
35387,32,7
timeStep,numberOfRobotsOnBlackSite,numberOfRobotsOnWhiteSite
35388,32,7
timeStep,numberOfRobotsOnBlackSite,numberOfRobotsOnWhiteSite
35389,32,7
timeStep,numberOfRobotsOnBlackSite,numberOfRobotsOnWhiteSite
35390,32,8
timeStep,numberOfRobotsOnBlackSite,numberOfRobotsOnWhiteSite
35391,32,8
timeStep,numberOfRobotsOnBlackSite,numberOfRobotsOnWhiteSite
35392,32,8
timeStep,numberOfRobotsOnBlackSite,numberOfRobotsOnWhiteSite
35393,32,8
timeStep,numberOfRobotsOnBlackSite,numberOfRobotsOnWhiteSite
35394,32,8
timeStep,numberOfRobotsOnBlackSite,numberOfRobotsOnWhiteSite
35395,32,8
timeStep,numberOfRobotsOnBlackSite,numberOfRobotsOnWhiteSite
35396,32,8
timeStep,numberOfRobotsOnBlackSite,numberOfRobotsOnWhiteSite
35397,32,8
timeStep,numberOfRobotsOnBlackSite,numberOfRobotsOnWhiteSite
35398,32,8
timeStep,numberOfRobotsOnBlackSite,numberOfRobotsOnWhiteSite
35399,32,8
timeStep,numberOfRobotsOnBlackSite,numberOfRobotsOnWhiteSite
35400,32,8
timeStep,numberOfRobotsOnBlackSite,numberOfRobotsOnWhiteSite
35401,32,8
timeStep,numberOfRobotsOnBlackSite,numberOfRobotsOnWhiteSite
35402,32,8
timeStep,numberOfRobotsOnBlackSite,numberOfRobotsOnWhiteSite
35403,32,8
timeStep,numberOfRobotsOnBlackSite,numberOfRobotsOnWhiteSite
35404,32,8
timeStep,numberOfRobotsOnBlackSite,numberOfRobotsOnWhiteSite
35405,32,8
timeStep,numberOfRobotsOnBlackSite,numberOfRobotsOnWhiteSite
35406,32,8
timeStep,numberOfRobotsOnBlackSite,numberOfRobotsOnWhiteSite
35407,32,8
timeStep,numberOfRobotsOnBlackSite,numberOfRobotsOnWhiteSite
35408,32,8
timeStep,numberOfRobotsOnBlackSite,numberOfRobotsOnWhiteSite
35409,32,8
timeStep,numberOfRobotsOnBlackSite,numberOfRobotsOnWhiteSite
35410,32,8
timeStep,numberOfRobotsOnBlackSite,numberOfRobotsOnWhiteSite
35411,32,8
timeStep,numberOfRobotsOnBlackSite,numberOfRobotsOnWhiteSite
35412,32,8
timeStep,numberOfRobotsOnBlackSite,numberOfRobotsOnWhiteSite
35413,32,8
timeStep,numberOfRobotsOnBlackSite,numberOfRobotsOnWhiteSite
35414,32,8
timeStep,numberOfRobotsOnBlackSite,numberOfRobotsOnWhiteSite
35415,32,7
timeStep,numberOfRobotsOnBlackSite,numberOfRobotsOnWhiteSite
35416,32,7
timeStep,numberOfRobotsOnBlackSite,numberOfRobotsOnWhiteSite
35417,32,7
timeStep,numberOfRobotsOnBlackSite,numberOfRobotsOnWhiteSite
35418,32,7
timeStep,numberOfRobotsOnBlackSite,numberOfRobotsOnWhiteSite
35419,32,7
timeStep,numberOfRobotsOnBlackSite,numberOfRobotsOnWhiteSite
35420,32,7
timeStep,numberOfRobotsOnBlackSite,numberOfRobotsOnWhiteSite
35421,32,7
timeStep,numberOfRobotsOnBlackSite,numberOfRobotsOnWhiteSite
35422,32,7
timeStep,numberOfRobotsOnBlackSite,numberOfRobotsOnWhiteSite
35423,32,7
timeStep,numberOfRobotsOnBlackSite,numberOfRobotsOnWhiteSite
35424,32,7
timeStep,numberOfRobotsOnBlackSite,numberOfRobotsOnWhiteSite
35425,32,7
timeStep,numberOfRobotsOnBlackSite,numberOfRobotsOnWhiteSite
35426,32,7
timeStep,numberOfRobotsOnBlackSite,numberOfRobotsOnWhiteSite
35427,32,7
timeStep,numberOfRobotsOnBlackSite,numberOfRobotsOnWhiteSite
35428,32,7
timeStep,numberOfRobotsOnBlackSite,numberOfRobotsOnWhiteSite
35429,32,7
timeStep,numberOfRobotsOnBlackSite,numberOfRobotsOnWhiteSite
35430,32,7
timeStep,numberOfRobotsOnBlackSite,numberOfRobotsOnWhiteSite
35431,32,7
timeStep,numberOfRobotsOnBlackSite,numberOfRobotsOnWhiteSite
35432,32,7
timeStep,numberOfRobotsOnBlackSite,numberOfRobotsOnWhiteSite
35433,32,7
timeStep,numberOfRobotsOnBlackSite,numberOfRobotsOnWhiteSite
35434,32,7
timeStep,numberOfRobotsOnBlackSite,numberOfRobotsOnWhiteSite
35435,32,7
timeStep,numberOfRobotsOnBlackSite,numberOfRobotsOnWhiteSite
35436,32,7
timeStep,numberOfRobotsOnBlackSite,numberOfRobotsOnWhiteSite
35437,32,7
timeStep,numberOfRobotsOnBlackSite,numberOfRobotsOnWhiteSite
35438,32,7
timeStep,numberOfRobotsOnBlackSite,numberOfRobotsOnWhiteSite
35439,32,7
timeStep,numberOfRobotsOnBlackSite,numberOfRobotsOnWhiteSite
35440,32,7
timeStep,numberOfRobotsOnBlackSite,numberOfRobotsOnWhiteSite
35441,32,7
timeStep,numberOfRobotsOnBlackSite,numberOfRobotsOnWhiteSite
35442,32,7
timeStep,numberOfRobotsOnBlackSite,numberOfRobotsOnWhiteSite
35443,32,7
timeStep,numberOfRobotsOnBlackSite,numberOfRobotsOnWhiteSite
35444,32,7
timeStep,numberOfRobotsOnBlackSite,numberOfRobotsOnWhiteSite
35445,32,7
timeStep,numberOfRobotsOnBlackSite,numberOfRobotsOnWhiteSite
35446,32,7
timeStep,numberOfRobotsOnBlackSite,numberOfRobotsOnWhiteSite
35447,32,7
timeStep,numberOfRobotsOnBlackSite,numberOfRobotsOnWhiteSite
35448,32,7
timeStep,numberOfRobotsOnBlackSite,numberOfRobotsOnWhiteSite
35449,32,7
timeStep,numberOfRobotsOnBlackSite,numberOfRobotsOnWhiteSite
35450,32,7
timeStep,numberOfRobotsOnBlackSite,numberOfRobotsOnWhiteSite
35451,32,7
timeStep,numberOfRobotsOnBlackSite,numberOfRobotsOnWhiteSite
35452,32,7
timeStep,numberOfRobotsOnBlackSite,numberOfRobotsOnWhiteSite
35453,32,7
timeStep,numberOfRobotsOnBlackSite,numberOfRobotsOnWhiteSite
35454,32,7
timeStep,numberOfRobotsOnBlackSite,numberOfRobotsOnWhiteSite
35455,32,7
timeStep,numberOfRobotsOnBlackSite,numberOfRobotsOnWhiteSite
35456,32,7
timeStep,numberOfRobotsOnBlackSite,numberOfRobotsOnWhiteSite
35457,32,7
timeStep,numberOfRobotsOnBlackSite,numberOfRobotsOnWhiteSite
35458,32,7
timeStep,numberOfRobotsOnBlackSite,numberOfRobotsOnWhiteSite
35459,32,7
timeStep,numberOfRobotsOnBlackSite,numberOfRobotsOnWhiteSite
35460,32,7
timeStep,numberOfRobotsOnBlackSite,numberOfRobotsOnWhiteSite
35461,32,7
timeStep,numberOfRobotsOnBlackSite,numberOfRobotsOnWhiteSite
35462,32,7
timeStep,numberOfRobotsOnBlackSite,numberOfRobotsOnWhiteSite
35463,32,7
timeStep,numberOfRobotsOnBlackSite,numberOfRobotsOnWhiteSite
35464,32,7
timeStep,numberOfRobotsOnBlackSite,numberOfRobotsOnWhiteSite
35465,32,7
timeStep,numberOfRobotsOnBlackSite,numberOfRobotsOnWhiteSite
35466,32,7
timeStep,numberOfRobotsOnBlackSite,numberOfRobotsOnWhiteSite
35467,32,7
timeStep,numberOfRobotsOnBlackSite,numberOfRobotsOnWhiteSite
35468,32,7
timeStep,numberOfRobotsOnBlackSite,numberOfRobotsOnWhiteSite
35469,32,7
timeStep,numberOfRobotsOnBlackSite,numberOfRobotsOnWhiteSite
35470,32,7
timeStep,numberOfRobotsOnBlackSite,numberOfRobotsOnWhiteSite
35471,32,7
timeStep,numberOfRobotsOnBlackSite,numberOfRobotsOnWhiteSite
35472,32,7
timeStep,numberOfRobotsOnBlackSite,numberOfRobotsOnWhiteSite
35473,32,7
timeStep,numberOfRobotsOnBlackSite,numberOfRobotsOnWhiteSite
35474,32,7
timeStep,numberOfRobotsOnBlackSite,numberOfRobotsOnWhiteSite
35475,32,7
timeStep,numberOfRobotsOnBlackSite,numberOfRobotsOnWhiteSite
35476,32,7
timeStep,numberOfRobotsOnBlackSite,numberOfRobotsOnWhiteSite
35477,32,7
timeStep,numberOfRobotsOnBlackSite,numberOfRobotsOnWhiteSite
35478,32,7
timeStep,numberOfRobotsOnBlackSite,numberOfRobotsOnWhiteSite
35479,32,7
timeStep,numberOfRobotsOnBlackSite,numberOfRobotsOnWhiteSite
35480,32,7
timeStep,numberOfRobotsOnBlackSite,numberOfRobotsOnWhiteSite
35481,32,7
timeStep,numberOfRobotsOnBlackSite,numberOfRobotsOnWhiteSite
35482,32,7
timeStep,numberOfRobotsOnBlackSite,numberOfRobotsOnWhiteSite
35483,32,7
timeStep,numberOfRobotsOnBlackSite,numberOfRobotsOnWhiteSite
35484,32,7
timeStep,numberOfRobotsOnBlackSite,numberOfRobotsOnWhiteSite
35485,32,7
timeStep,numberOfRobotsOnBlackSite,numberOfRobotsOnWhiteSite
35486,32,7
timeStep,numberOfRobotsOnBlackSite,numberOfRobotsOnWhiteSite
35487,32,7
timeStep,numberOfRobotsOnBlackSite,numberOfRobotsOnWhiteSite
35488,32,7
timeStep,numberOfRobotsOnBlackSite,numberOfRobotsOnWhiteSite
35489,32,7
timeStep,numberOfRobotsOnBlackSite,numberOfRobotsOnWhiteSite
35490,32,7
timeStep,numberOfRobotsOnBlackSite,numberOfRobotsOnWhiteSite
35491,32,7
timeStep,numberOfRobotsOnBlackSite,numberOfRobotsOnWhiteSite
35492,32,7
timeStep,numberOfRobotsOnBlackSite,numberOfRobotsOnWhiteSite
35493,32,7
timeStep,numberOfRobotsOnBlackSite,numberOfRobotsOnWhiteSite
35494,32,7
timeStep,numberOfRobotsOnBlackSite,numberOfRobotsOnWhiteSite
35495,31,7
timeStep,numberOfRobotsOnBlackSite,numberOfRobotsOnWhiteSite
35496,31,7
timeStep,numberOfRobotsOnBlackSite,numberOfRobotsOnWhiteSite
35497,31,7
timeStep,numberOfRobotsOnBlackSite,numberOfRobotsOnWhiteSite
35498,31,7
timeStep,numberOfRobotsOnBlackSite,numberOfRobotsOnWhiteSite
35499,31,7
timeStep,numberOfRobotsOnBlackSite,numberOfRobotsOnWhiteSite
35500,31,7
timeStep,numberOfRobotsOnBlackSite,numberOfRobotsOnWhiteSite
35501,31,7
timeStep,numberOfRobotsOnBlackSite,numberOfRobotsOnWhiteSite
35502,31,7
timeStep,numberOfRobotsOnBlackSite,numberOfRobotsOnWhiteSite
35503,31,7
timeStep,numberOfRobotsOnBlackSite,numberOfRobotsOnWhiteSite
35504,31,7
timeStep,numberOfRobotsOnBlackSite,numberOfRobotsOnWhiteSite
35505,31,7
timeStep,numberOfRobotsOnBlackSite,numberOfRobotsOnWhiteSite
35506,31,7
timeStep,numberOfRobotsOnBlackSite,numberOfRobotsOnWhiteSite
35507,31,7
timeStep,numberOfRobotsOnBlackSite,numberOfRobotsOnWhiteSite
35508,31,7
timeStep,numberOfRobotsOnBlackSite,numberOfRobotsOnWhiteSite
35509,31,7
timeStep,numberOfRobotsOnBlackSite,numberOfRobotsOnWhiteSite
35510,31,7
timeStep,numberOfRobotsOnBlackSite,numberOfRobotsOnWhiteSite
35511,31,7
timeStep,numberOfRobotsOnBlackSite,numberOfRobotsOnWhiteSite
35512,31,7
timeStep,numberOfRobotsOnBlackSite,numberOfRobotsOnWhiteSite
35513,31,7
timeStep,numberOfRobotsOnBlackSite,numberOfRobotsOnWhiteSite
35514,31,7
timeStep,numberOfRobotsOnBlackSite,numberOfRobotsOnWhiteSite
35515,31,7
timeStep,numberOfRobotsOnBlackSite,numberOfRobotsOnWhiteSite
35516,31,7
timeStep,numberOfRobotsOnBlackSite,numberOfRobotsOnWhiteSite
35517,31,7
timeStep,numberOfRobotsOnBlackSite,numberOfRobotsOnWhiteSite
35518,31,7
timeStep,numberOfRobotsOnBlackSite,numberOfRobotsOnWhiteSite
35519,31,7
timeStep,numberOfRobotsOnBlackSite,numberOfRobotsOnWhiteSite
35520,31,7
timeStep,numberOfRobotsOnBlackSite,numberOfRobotsOnWhiteSite
35521,31,7
timeStep,numberOfRobotsOnBlackSite,numberOfRobotsOnWhiteSite
35522,31,7
timeStep,numberOfRobotsOnBlackSite,numberOfRobotsOnWhiteSite
35523,31,7
timeStep,numberOfRobotsOnBlackSite,numberOfRobotsOnWhiteSite
35524,31,7
timeStep,numberOfRobotsOnBlackSite,numberOfRobotsOnWhiteSite
35525,31,7
timeStep,numberOfRobotsOnBlackSite,numberOfRobotsOnWhiteSite
35526,31,7
timeStep,numberOfRobotsOnBlackSite,numberOfRobotsOnWhiteSite
35527,31,7
timeStep,numberOfRobotsOnBlackSite,numberOfRobotsOnWhiteSite
35528,31,7
timeStep,numberOfRobotsOnBlackSite,numberOfRobotsOnWhiteSite
35529,31,7
timeStep,numberOfRobotsOnBlackSite,numberOfRobotsOnWhiteSite
35530,31,7
timeStep,numberOfRobotsOnBlackSite,numberOfRobotsOnWhiteSite
35531,31,7
timeStep,numberOfRobotsOnBlackSite,numberOfRobotsOnWhiteSite
35532,31,7
timeStep,numberOfRobotsOnBlackSite,numberOfRobotsOnWhiteSite
35533,31,7
timeStep,numberOfRobotsOnBlackSite,numberOfRobotsOnWhiteSite
35534,31,7
timeStep,numberOfRobotsOnBlackSite,numberOfRobotsOnWhiteSite
35535,31,7
timeStep,numberOfRobotsOnBlackSite,numberOfRobotsOnWhiteSite
35536,31,7
timeStep,numberOfRobotsOnBlackSite,numberOfRobotsOnWhiteSite
35537,31,7
timeStep,numberOfRobotsOnBlackSite,numberOfRobotsOnWhiteSite
35538,31,7
timeStep,numberOfRobotsOnBlackSite,numberOfRobotsOnWhiteSite
35539,31,7
timeStep,numberOfRobotsOnBlackSite,numberOfRobotsOnWhiteSite
35540,31,7
timeStep,numberOfRobotsOnBlackSite,numberOfRobotsOnWhiteSite
35541,31,7
timeStep,numberOfRobotsOnBlackSite,numberOfRobotsOnWhiteSite
35542,31,7
timeStep,numberOfRobotsOnBlackSite,numberOfRobotsOnWhiteSite
35543,31,7
timeStep,numberOfRobotsOnBlackSite,numberOfRobotsOnWhiteSite
35544,31,7
timeStep,numberOfRobotsOnBlackSite,numberOfRobotsOnWhiteSite
35545,31,7
timeStep,numberOfRobotsOnBlackSite,numberOfRobotsOnWhiteSite
35546,31,7
timeStep,numberOfRobotsOnBlackSite,numberOfRobotsOnWhiteSite
35547,31,7
timeStep,numberOfRobotsOnBlackSite,numberOfRobotsOnWhiteSite
35548,31,7
timeStep,numberOfRobotsOnBlackSite,numberOfRobotsOnWhiteSite
35549,31,7
timeStep,numberOfRobotsOnBlackSite,numberOfRobotsOnWhiteSite
35550,31,7
timeStep,numberOfRobotsOnBlackSite,numberOfRobotsOnWhiteSite
35551,31,7
timeStep,numberOfRobotsOnBlackSite,numberOfRobotsOnWhiteSite
35552,31,7
timeStep,numberOfRobotsOnBlackSite,numberOfRobotsOnWhiteSite
35553,31,7
timeStep,numberOfRobotsOnBlackSite,numberOfRobotsOnWhiteSite
35554,31,7
timeStep,numberOfRobotsOnBlackSite,numberOfRobotsOnWhiteSite
35555,31,7
timeStep,numberOfRobotsOnBlackSite,numberOfRobotsOnWhiteSite
35556,31,7
timeStep,numberOfRobotsOnBlackSite,numberOfRobotsOnWhiteSite
35557,31,7
timeStep,numberOfRobotsOnBlackSite,numberOfRobotsOnWhiteSite
35558,31,7
timeStep,numberOfRobotsOnBlackSite,numberOfRobotsOnWhiteSite
35559,31,7
timeStep,numberOfRobotsOnBlackSite,numberOfRobotsOnWhiteSite
35560,31,7
timeStep,numberOfRobotsOnBlackSite,numberOfRobotsOnWhiteSite
35561,31,7
timeStep,numberOfRobotsOnBlackSite,numberOfRobotsOnWhiteSite
35562,31,7
timeStep,numberOfRobotsOnBlackSite,numberOfRobotsOnWhiteSite
35563,31,7
timeStep,numberOfRobotsOnBlackSite,numberOfRobotsOnWhiteSite
35564,31,7
timeStep,numberOfRobotsOnBlackSite,numberOfRobotsOnWhiteSite
35565,32,7
timeStep,numberOfRobotsOnBlackSite,numberOfRobotsOnWhiteSite
35566,32,7
timeStep,numberOfRobotsOnBlackSite,numberOfRobotsOnWhiteSite
35567,32,7
timeStep,numberOfRobotsOnBlackSite,numberOfRobotsOnWhiteSite
35568,32,7
timeStep,numberOfRobotsOnBlackSite,numberOfRobotsOnWhiteSite
35569,32,7
timeStep,numberOfRobotsOnBlackSite,numberOfRobotsOnWhiteSite
35570,32,7
timeStep,numberOfRobotsOnBlackSite,numberOfRobotsOnWhiteSite
35571,32,7
timeStep,numberOfRobotsOnBlackSite,numberOfRobotsOnWhiteSite
35572,32,7
timeStep,numberOfRobotsOnBlackSite,numberOfRobotsOnWhiteSite
35573,32,7
timeStep,numberOfRobotsOnBlackSite,numberOfRobotsOnWhiteSite
35574,32,7
timeStep,numberOfRobotsOnBlackSite,numberOfRobotsOnWhiteSite
35575,32,7
timeStep,numberOfRobotsOnBlackSite,numberOfRobotsOnWhiteSite
35576,32,7
timeStep,numberOfRobotsOnBlackSite,numberOfRobotsOnWhiteSite
35577,32,7
timeStep,numberOfRobotsOnBlackSite,numberOfRobotsOnWhiteSite
35578,32,7
timeStep,numberOfRobotsOnBlackSite,numberOfRobotsOnWhiteSite
35579,32,7
timeStep,numberOfRobotsOnBlackSite,numberOfRobotsOnWhiteSite
35580,32,7
timeStep,numberOfRobotsOnBlackSite,numberOfRobotsOnWhiteSite
35581,32,7
timeStep,numberOfRobotsOnBlackSite,numberOfRobotsOnWhiteSite
35582,32,7
timeStep,numberOfRobotsOnBlackSite,numberOfRobotsOnWhiteSite
35583,32,7
timeStep,numberOfRobotsOnBlackSite,numberOfRobotsOnWhiteSite
35584,32,7
timeStep,numberOfRobotsOnBlackSite,numberOfRobotsOnWhiteSite
35585,32,7
timeStep,numberOfRobotsOnBlackSite,numberOfRobotsOnWhiteSite
35586,32,7
timeStep,numberOfRobotsOnBlackSite,numberOfRobotsOnWhiteSite
35587,32,7
timeStep,numberOfRobotsOnBlackSite,numberOfRobotsOnWhiteSite
35588,32,7
timeStep,numberOfRobotsOnBlackSite,numberOfRobotsOnWhiteSite
35589,32,7
timeStep,numberOfRobotsOnBlackSite,numberOfRobotsOnWhiteSite
35590,32,7
timeStep,numberOfRobotsOnBlackSite,numberOfRobotsOnWhiteSite
35591,32,7
timeStep,numberOfRobotsOnBlackSite,numberOfRobotsOnWhiteSite
35592,32,7
timeStep,numberOfRobotsOnBlackSite,numberOfRobotsOnWhiteSite
35593,32,7
timeStep,numberOfRobotsOnBlackSite,numberOfRobotsOnWhiteSite
35594,32,7
timeStep,numberOfRobotsOnBlackSite,numberOfRobotsOnWhiteSite
35595,32,7
timeStep,numberOfRobotsOnBlackSite,numberOfRobotsOnWhiteSite
35596,32,7
timeStep,numberOfRobotsOnBlackSite,numberOfRobotsOnWhiteSite
35597,32,7
timeStep,numberOfRobotsOnBlackSite,numberOfRobotsOnWhiteSite
35598,32,7
timeStep,numberOfRobotsOnBlackSite,numberOfRobotsOnWhiteSite
35599,32,7
timeStep,numberOfRobotsOnBlackSite,numberOfRobotsOnWhiteSite
35600,32,7
timeStep,numberOfRobotsOnBlackSite,numberOfRobotsOnWhiteSite
35601,32,7
timeStep,numberOfRobotsOnBlackSite,numberOfRobotsOnWhiteSite
35602,32,7
timeStep,numberOfRobotsOnBlackSite,numberOfRobotsOnWhiteSite
35603,32,7
timeStep,numberOfRobotsOnBlackSite,numberOfRobotsOnWhiteSite
35604,32,7
timeStep,numberOfRobotsOnBlackSite,numberOfRobotsOnWhiteSite
35605,32,7
timeStep,numberOfRobotsOnBlackSite,numberOfRobotsOnWhiteSite
35606,32,7
timeStep,numberOfRobotsOnBlackSite,numberOfRobotsOnWhiteSite
35607,32,7
timeStep,numberOfRobotsOnBlackSite,numberOfRobotsOnWhiteSite
35608,32,7
timeStep,numberOfRobotsOnBlackSite,numberOfRobotsOnWhiteSite
35609,32,7
timeStep,numberOfRobotsOnBlackSite,numberOfRobotsOnWhiteSite
35610,32,7
timeStep,numberOfRobotsOnBlackSite,numberOfRobotsOnWhiteSite
35611,32,7
timeStep,numberOfRobotsOnBlackSite,numberOfRobotsOnWhiteSite
35612,32,7
timeStep,numberOfRobotsOnBlackSite,numberOfRobotsOnWhiteSite
35613,32,7
timeStep,numberOfRobotsOnBlackSite,numberOfRobotsOnWhiteSite
35614,32,7
timeStep,numberOfRobotsOnBlackSite,numberOfRobotsOnWhiteSite
35615,32,7
timeStep,numberOfRobotsOnBlackSite,numberOfRobotsOnWhiteSite
35616,32,7
timeStep,numberOfRobotsOnBlackSite,numberOfRobotsOnWhiteSite
35617,32,7
timeStep,numberOfRobotsOnBlackSite,numberOfRobotsOnWhiteSite
35618,32,7
timeStep,numberOfRobotsOnBlackSite,numberOfRobotsOnWhiteSite
35619,32,7
timeStep,numberOfRobotsOnBlackSite,numberOfRobotsOnWhiteSite
35620,32,7
timeStep,numberOfRobotsOnBlackSite,numberOfRobotsOnWhiteSite
35621,32,7
timeStep,numberOfRobotsOnBlackSite,numberOfRobotsOnWhiteSite
35622,32,7
timeStep,numberOfRobotsOnBlackSite,numberOfRobotsOnWhiteSite
35623,32,7
timeStep,numberOfRobotsOnBlackSite,numberOfRobotsOnWhiteSite
35624,32,7
timeStep,numberOfRobotsOnBlackSite,numberOfRobotsOnWhiteSite
35625,32,7
timeStep,numberOfRobotsOnBlackSite,numberOfRobotsOnWhiteSite
35626,32,7
timeStep,numberOfRobotsOnBlackSite,numberOfRobotsOnWhiteSite
35627,32,7
timeStep,numberOfRobotsOnBlackSite,numberOfRobotsOnWhiteSite
35628,32,7
timeStep,numberOfRobotsOnBlackSite,numberOfRobotsOnWhiteSite
35629,32,7
timeStep,numberOfRobotsOnBlackSite,numberOfRobotsOnWhiteSite
35630,32,7
timeStep,numberOfRobotsOnBlackSite,numberOfRobotsOnWhiteSite
35631,32,7
timeStep,numberOfRobotsOnBlackSite,numberOfRobotsOnWhiteSite
35632,32,7
timeStep,numberOfRobotsOnBlackSite,numberOfRobotsOnWhiteSite
35633,32,7
timeStep,numberOfRobotsOnBlackSite,numberOfRobotsOnWhiteSite
35634,32,7
timeStep,numberOfRobotsOnBlackSite,numberOfRobotsOnWhiteSite
35635,32,7
timeStep,numberOfRobotsOnBlackSite,numberOfRobotsOnWhiteSite
35636,32,7
timeStep,numberOfRobotsOnBlackSite,numberOfRobotsOnWhiteSite
35637,32,7
timeStep,numberOfRobotsOnBlackSite,numberOfRobotsOnWhiteSite
35638,32,7
timeStep,numberOfRobotsOnBlackSite,numberOfRobotsOnWhiteSite
35639,32,7
timeStep,numberOfRobotsOnBlackSite,numberOfRobotsOnWhiteSite
35640,32,7
timeStep,numberOfRobotsOnBlackSite,numberOfRobotsOnWhiteSite
35641,32,7
timeStep,numberOfRobotsOnBlackSite,numberOfRobotsOnWhiteSite
35642,32,7
timeStep,numberOfRobotsOnBlackSite,numberOfRobotsOnWhiteSite
35643,32,7
timeStep,numberOfRobotsOnBlackSite,numberOfRobotsOnWhiteSite
35644,32,7
timeStep,numberOfRobotsOnBlackSite,numberOfRobotsOnWhiteSite
35645,32,7
timeStep,numberOfRobotsOnBlackSite,numberOfRobotsOnWhiteSite
35646,32,7
timeStep,numberOfRobotsOnBlackSite,numberOfRobotsOnWhiteSite
35647,32,7
timeStep,numberOfRobotsOnBlackSite,numberOfRobotsOnWhiteSite
35648,32,7
timeStep,numberOfRobotsOnBlackSite,numberOfRobotsOnWhiteSite
35649,32,7
timeStep,numberOfRobotsOnBlackSite,numberOfRobotsOnWhiteSite
35650,32,7
timeStep,numberOfRobotsOnBlackSite,numberOfRobotsOnWhiteSite
35651,32,7
timeStep,numberOfRobotsOnBlackSite,numberOfRobotsOnWhiteSite
35652,32,7
timeStep,numberOfRobotsOnBlackSite,numberOfRobotsOnWhiteSite
35653,32,7
timeStep,numberOfRobotsOnBlackSite,numberOfRobotsOnWhiteSite
35654,32,7
timeStep,numberOfRobotsOnBlackSite,numberOfRobotsOnWhiteSite
35655,32,7
timeStep,numberOfRobotsOnBlackSite,numberOfRobotsOnWhiteSite
35656,32,7
timeStep,numberOfRobotsOnBlackSite,numberOfRobotsOnWhiteSite
35657,32,7
timeStep,numberOfRobotsOnBlackSite,numberOfRobotsOnWhiteSite
35658,32,7
timeStep,numberOfRobotsOnBlackSite,numberOfRobotsOnWhiteSite
35659,32,7
timeStep,numberOfRobotsOnBlackSite,numberOfRobotsOnWhiteSite
35660,32,7
timeStep,numberOfRobotsOnBlackSite,numberOfRobotsOnWhiteSite
35661,32,7
timeStep,numberOfRobotsOnBlackSite,numberOfRobotsOnWhiteSite
35662,32,7
timeStep,numberOfRobotsOnBlackSite,numberOfRobotsOnWhiteSite
35663,32,7
timeStep,numberOfRobotsOnBlackSite,numberOfRobotsOnWhiteSite
35664,32,7
timeStep,numberOfRobotsOnBlackSite,numberOfRobotsOnWhiteSite
35665,32,7
timeStep,numberOfRobotsOnBlackSite,numberOfRobotsOnWhiteSite
35666,32,7
timeStep,numberOfRobotsOnBlackSite,numberOfRobotsOnWhiteSite
35667,32,7
timeStep,numberOfRobotsOnBlackSite,numberOfRobotsOnWhiteSite
35668,32,7
timeStep,numberOfRobotsOnBlackSite,numberOfRobotsOnWhiteSite
35669,32,7
timeStep,numberOfRobotsOnBlackSite,numberOfRobotsOnWhiteSite
35670,32,7
timeStep,numberOfRobotsOnBlackSite,numberOfRobotsOnWhiteSite
35671,32,7
timeStep,numberOfRobotsOnBlackSite,numberOfRobotsOnWhiteSite
35672,32,7
timeStep,numberOfRobotsOnBlackSite,numberOfRobotsOnWhiteSite
35673,32,7
timeStep,numberOfRobotsOnBlackSite,numberOfRobotsOnWhiteSite
35674,32,7
timeStep,numberOfRobotsOnBlackSite,numberOfRobotsOnWhiteSite
35675,32,7
timeStep,numberOfRobotsOnBlackSite,numberOfRobotsOnWhiteSite
35676,32,7
timeStep,numberOfRobotsOnBlackSite,numberOfRobotsOnWhiteSite
35677,32,7
timeStep,numberOfRobotsOnBlackSite,numberOfRobotsOnWhiteSite
35678,32,7
timeStep,numberOfRobotsOnBlackSite,numberOfRobotsOnWhiteSite
35679,32,7
timeStep,numberOfRobotsOnBlackSite,numberOfRobotsOnWhiteSite
35680,32,7
timeStep,numberOfRobotsOnBlackSite,numberOfRobotsOnWhiteSite
35681,32,7
timeStep,numberOfRobotsOnBlackSite,numberOfRobotsOnWhiteSite
35682,32,7
timeStep,numberOfRobotsOnBlackSite,numberOfRobotsOnWhiteSite
35683,32,7
timeStep,numberOfRobotsOnBlackSite,numberOfRobotsOnWhiteSite
35684,32,7
timeStep,numberOfRobotsOnBlackSite,numberOfRobotsOnWhiteSite
35685,32,7
timeStep,numberOfRobotsOnBlackSite,numberOfRobotsOnWhiteSite
35686,32,7
timeStep,numberOfRobotsOnBlackSite,numberOfRobotsOnWhiteSite
35687,32,7
timeStep,numberOfRobotsOnBlackSite,numberOfRobotsOnWhiteSite
35688,32,7
timeStep,numberOfRobotsOnBlackSite,numberOfRobotsOnWhiteSite
35689,32,7
timeStep,numberOfRobotsOnBlackSite,numberOfRobotsOnWhiteSite
35690,31,7
timeStep,numberOfRobotsOnBlackSite,numberOfRobotsOnWhiteSite
35691,31,7
timeStep,numberOfRobotsOnBlackSite,numberOfRobotsOnWhiteSite
35692,31,7
timeStep,numberOfRobotsOnBlackSite,numberOfRobotsOnWhiteSite
35693,31,7
timeStep,numberOfRobotsOnBlackSite,numberOfRobotsOnWhiteSite
35694,31,7
timeStep,numberOfRobotsOnBlackSite,numberOfRobotsOnWhiteSite
35695,31,7
timeStep,numberOfRobotsOnBlackSite,numberOfRobotsOnWhiteSite
35696,31,7
timeStep,numberOfRobotsOnBlackSite,numberOfRobotsOnWhiteSite
35697,31,7
timeStep,numberOfRobotsOnBlackSite,numberOfRobotsOnWhiteSite
35698,31,7
timeStep,numberOfRobotsOnBlackSite,numberOfRobotsOnWhiteSite
35699,31,7
timeStep,numberOfRobotsOnBlackSite,numberOfRobotsOnWhiteSite
35700,31,7
timeStep,numberOfRobotsOnBlackSite,numberOfRobotsOnWhiteSite
35701,31,7
timeStep,numberOfRobotsOnBlackSite,numberOfRobotsOnWhiteSite
35702,31,7
timeStep,numberOfRobotsOnBlackSite,numberOfRobotsOnWhiteSite
35703,31,7
timeStep,numberOfRobotsOnBlackSite,numberOfRobotsOnWhiteSite
35704,31,7
timeStep,numberOfRobotsOnBlackSite,numberOfRobotsOnWhiteSite
35705,31,7
timeStep,numberOfRobotsOnBlackSite,numberOfRobotsOnWhiteSite
35706,31,7
timeStep,numberOfRobotsOnBlackSite,numberOfRobotsOnWhiteSite
35707,31,7
timeStep,numberOfRobotsOnBlackSite,numberOfRobotsOnWhiteSite
35708,31,7
timeStep,numberOfRobotsOnBlackSite,numberOfRobotsOnWhiteSite
35709,31,7
timeStep,numberOfRobotsOnBlackSite,numberOfRobotsOnWhiteSite
35710,31,7
timeStep,numberOfRobotsOnBlackSite,numberOfRobotsOnWhiteSite
35711,31,7
timeStep,numberOfRobotsOnBlackSite,numberOfRobotsOnWhiteSite
35712,31,7
timeStep,numberOfRobotsOnBlackSite,numberOfRobotsOnWhiteSite
35713,31,7
timeStep,numberOfRobotsOnBlackSite,numberOfRobotsOnWhiteSite
35714,31,7
timeStep,numberOfRobotsOnBlackSite,numberOfRobotsOnWhiteSite
35715,31,7
timeStep,numberOfRobotsOnBlackSite,numberOfRobotsOnWhiteSite
35716,31,7
timeStep,numberOfRobotsOnBlackSite,numberOfRobotsOnWhiteSite
35717,31,7
timeStep,numberOfRobotsOnBlackSite,numberOfRobotsOnWhiteSite
35718,31,7
timeStep,numberOfRobotsOnBlackSite,numberOfRobotsOnWhiteSite
35719,31,7
timeStep,numberOfRobotsOnBlackSite,numberOfRobotsOnWhiteSite
35720,31,7
timeStep,numberOfRobotsOnBlackSite,numberOfRobotsOnWhiteSite
35721,31,7
timeStep,numberOfRobotsOnBlackSite,numberOfRobotsOnWhiteSite
35722,31,7
timeStep,numberOfRobotsOnBlackSite,numberOfRobotsOnWhiteSite
35723,31,7
timeStep,numberOfRobotsOnBlackSite,numberOfRobotsOnWhiteSite
35724,31,7
timeStep,numberOfRobotsOnBlackSite,numberOfRobotsOnWhiteSite
35725,31,7
timeStep,numberOfRobotsOnBlackSite,numberOfRobotsOnWhiteSite
35726,31,7
timeStep,numberOfRobotsOnBlackSite,numberOfRobotsOnWhiteSite
35727,31,7
timeStep,numberOfRobotsOnBlackSite,numberOfRobotsOnWhiteSite
35728,31,7
timeStep,numberOfRobotsOnBlackSite,numberOfRobotsOnWhiteSite
35729,31,7
timeStep,numberOfRobotsOnBlackSite,numberOfRobotsOnWhiteSite
35730,31,7
timeStep,numberOfRobotsOnBlackSite,numberOfRobotsOnWhiteSite
35731,31,7
timeStep,numberOfRobotsOnBlackSite,numberOfRobotsOnWhiteSite
35732,31,7
timeStep,numberOfRobotsOnBlackSite,numberOfRobotsOnWhiteSite
35733,31,7
timeStep,numberOfRobotsOnBlackSite,numberOfRobotsOnWhiteSite
35734,31,7
timeStep,numberOfRobotsOnBlackSite,numberOfRobotsOnWhiteSite
35735,31,7
timeStep,numberOfRobotsOnBlackSite,numberOfRobotsOnWhiteSite
35736,31,7
timeStep,numberOfRobotsOnBlackSite,numberOfRobotsOnWhiteSite
35737,31,7
timeStep,numberOfRobotsOnBlackSite,numberOfRobotsOnWhiteSite
35738,31,7
timeStep,numberOfRobotsOnBlackSite,numberOfRobotsOnWhiteSite
35739,31,7
timeStep,numberOfRobotsOnBlackSite,numberOfRobotsOnWhiteSite
35740,31,7
timeStep,numberOfRobotsOnBlackSite,numberOfRobotsOnWhiteSite
35741,31,7
timeStep,numberOfRobotsOnBlackSite,numberOfRobotsOnWhiteSite
35742,31,7
timeStep,numberOfRobotsOnBlackSite,numberOfRobotsOnWhiteSite
35743,31,7
timeStep,numberOfRobotsOnBlackSite,numberOfRobotsOnWhiteSite
35744,31,7
timeStep,numberOfRobotsOnBlackSite,numberOfRobotsOnWhiteSite
35745,31,7
timeStep,numberOfRobotsOnBlackSite,numberOfRobotsOnWhiteSite
35746,31,7
timeStep,numberOfRobotsOnBlackSite,numberOfRobotsOnWhiteSite
35747,31,7
timeStep,numberOfRobotsOnBlackSite,numberOfRobotsOnWhiteSite
35748,31,7
timeStep,numberOfRobotsOnBlackSite,numberOfRobotsOnWhiteSite
35749,31,7
timeStep,numberOfRobotsOnBlackSite,numberOfRobotsOnWhiteSite
35750,32,7
timeStep,numberOfRobotsOnBlackSite,numberOfRobotsOnWhiteSite
35751,32,7
timeStep,numberOfRobotsOnBlackSite,numberOfRobotsOnWhiteSite
35752,32,7
timeStep,numberOfRobotsOnBlackSite,numberOfRobotsOnWhiteSite
35753,32,7
timeStep,numberOfRobotsOnBlackSite,numberOfRobotsOnWhiteSite
35754,32,7
timeStep,numberOfRobotsOnBlackSite,numberOfRobotsOnWhiteSite
35755,32,7
timeStep,numberOfRobotsOnBlackSite,numberOfRobotsOnWhiteSite
35756,32,7
timeStep,numberOfRobotsOnBlackSite,numberOfRobotsOnWhiteSite
35757,32,7
timeStep,numberOfRobotsOnBlackSite,numberOfRobotsOnWhiteSite
35758,32,7
timeStep,numberOfRobotsOnBlackSite,numberOfRobotsOnWhiteSite
35759,32,7
timeStep,numberOfRobotsOnBlackSite,numberOfRobotsOnWhiteSite
35760,32,7
timeStep,numberOfRobotsOnBlackSite,numberOfRobotsOnWhiteSite
35761,32,7
timeStep,numberOfRobotsOnBlackSite,numberOfRobotsOnWhiteSite
35762,32,7
timeStep,numberOfRobotsOnBlackSite,numberOfRobotsOnWhiteSite
35763,32,7
timeStep,numberOfRobotsOnBlackSite,numberOfRobotsOnWhiteSite
35764,32,7
timeStep,numberOfRobotsOnBlackSite,numberOfRobotsOnWhiteSite
35765,32,7
timeStep,numberOfRobotsOnBlackSite,numberOfRobotsOnWhiteSite
35766,32,7
timeStep,numberOfRobotsOnBlackSite,numberOfRobotsOnWhiteSite
35767,32,7
timeStep,numberOfRobotsOnBlackSite,numberOfRobotsOnWhiteSite
35768,32,7
timeStep,numberOfRobotsOnBlackSite,numberOfRobotsOnWhiteSite
35769,32,7
timeStep,numberOfRobotsOnBlackSite,numberOfRobotsOnWhiteSite
35770,32,7
timeStep,numberOfRobotsOnBlackSite,numberOfRobotsOnWhiteSite
35771,32,7
timeStep,numberOfRobotsOnBlackSite,numberOfRobotsOnWhiteSite
35772,32,7
timeStep,numberOfRobotsOnBlackSite,numberOfRobotsOnWhiteSite
35773,32,7
timeStep,numberOfRobotsOnBlackSite,numberOfRobotsOnWhiteSite
35774,32,7
timeStep,numberOfRobotsOnBlackSite,numberOfRobotsOnWhiteSite
35775,32,7
timeStep,numberOfRobotsOnBlackSite,numberOfRobotsOnWhiteSite
35776,32,7
timeStep,numberOfRobotsOnBlackSite,numberOfRobotsOnWhiteSite
35777,32,7
timeStep,numberOfRobotsOnBlackSite,numberOfRobotsOnWhiteSite
35778,32,7
timeStep,numberOfRobotsOnBlackSite,numberOfRobotsOnWhiteSite
35779,32,7
timeStep,numberOfRobotsOnBlackSite,numberOfRobotsOnWhiteSite
35780,32,7
timeStep,numberOfRobotsOnBlackSite,numberOfRobotsOnWhiteSite
35781,32,7
timeStep,numberOfRobotsOnBlackSite,numberOfRobotsOnWhiteSite
35782,32,7
timeStep,numberOfRobotsOnBlackSite,numberOfRobotsOnWhiteSite
35783,32,7
timeStep,numberOfRobotsOnBlackSite,numberOfRobotsOnWhiteSite
35784,32,7
timeStep,numberOfRobotsOnBlackSite,numberOfRobotsOnWhiteSite
35785,32,7
timeStep,numberOfRobotsOnBlackSite,numberOfRobotsOnWhiteSite
35786,32,7
timeStep,numberOfRobotsOnBlackSite,numberOfRobotsOnWhiteSite
35787,32,7
timeStep,numberOfRobotsOnBlackSite,numberOfRobotsOnWhiteSite
35788,32,7
timeStep,numberOfRobotsOnBlackSite,numberOfRobotsOnWhiteSite
35789,32,7
timeStep,numberOfRobotsOnBlackSite,numberOfRobotsOnWhiteSite
35790,32,7
timeStep,numberOfRobotsOnBlackSite,numberOfRobotsOnWhiteSite
35791,32,7
timeStep,numberOfRobotsOnBlackSite,numberOfRobotsOnWhiteSite
35792,32,7
timeStep,numberOfRobotsOnBlackSite,numberOfRobotsOnWhiteSite
35793,32,7
timeStep,numberOfRobotsOnBlackSite,numberOfRobotsOnWhiteSite
35794,32,7
timeStep,numberOfRobotsOnBlackSite,numberOfRobotsOnWhiteSite
35795,32,7
timeStep,numberOfRobotsOnBlackSite,numberOfRobotsOnWhiteSite
35796,32,7
timeStep,numberOfRobotsOnBlackSite,numberOfRobotsOnWhiteSite
35797,32,7
timeStep,numberOfRobotsOnBlackSite,numberOfRobotsOnWhiteSite
35798,32,7
timeStep,numberOfRobotsOnBlackSite,numberOfRobotsOnWhiteSite
35799,32,7
timeStep,numberOfRobotsOnBlackSite,numberOfRobotsOnWhiteSite
35800,32,7
timeStep,numberOfRobotsOnBlackSite,numberOfRobotsOnWhiteSite
35801,32,7
timeStep,numberOfRobotsOnBlackSite,numberOfRobotsOnWhiteSite
35802,32,7
timeStep,numberOfRobotsOnBlackSite,numberOfRobotsOnWhiteSite
35803,32,7
timeStep,numberOfRobotsOnBlackSite,numberOfRobotsOnWhiteSite
35804,32,7
timeStep,numberOfRobotsOnBlackSite,numberOfRobotsOnWhiteSite
35805,32,7
timeStep,numberOfRobotsOnBlackSite,numberOfRobotsOnWhiteSite
35806,32,7
timeStep,numberOfRobotsOnBlackSite,numberOfRobotsOnWhiteSite
35807,32,7
timeStep,numberOfRobotsOnBlackSite,numberOfRobotsOnWhiteSite
35808,32,7
timeStep,numberOfRobotsOnBlackSite,numberOfRobotsOnWhiteSite
35809,32,7
timeStep,numberOfRobotsOnBlackSite,numberOfRobotsOnWhiteSite
35810,32,7
timeStep,numberOfRobotsOnBlackSite,numberOfRobotsOnWhiteSite
35811,32,7
timeStep,numberOfRobotsOnBlackSite,numberOfRobotsOnWhiteSite
35812,32,7
timeStep,numberOfRobotsOnBlackSite,numberOfRobotsOnWhiteSite
35813,32,7
timeStep,numberOfRobotsOnBlackSite,numberOfRobotsOnWhiteSite
35814,32,7
timeStep,numberOfRobotsOnBlackSite,numberOfRobotsOnWhiteSite
35815,32,7
timeStep,numberOfRobotsOnBlackSite,numberOfRobotsOnWhiteSite
35816,32,7
timeStep,numberOfRobotsOnBlackSite,numberOfRobotsOnWhiteSite
35817,32,7
timeStep,numberOfRobotsOnBlackSite,numberOfRobotsOnWhiteSite
35818,32,7
timeStep,numberOfRobotsOnBlackSite,numberOfRobotsOnWhiteSite
35819,32,7
timeStep,numberOfRobotsOnBlackSite,numberOfRobotsOnWhiteSite
35820,32,7
timeStep,numberOfRobotsOnBlackSite,numberOfRobotsOnWhiteSite
35821,32,7
timeStep,numberOfRobotsOnBlackSite,numberOfRobotsOnWhiteSite
35822,32,7
timeStep,numberOfRobotsOnBlackSite,numberOfRobotsOnWhiteSite
35823,32,7
timeStep,numberOfRobotsOnBlackSite,numberOfRobotsOnWhiteSite
35824,32,7
timeStep,numberOfRobotsOnBlackSite,numberOfRobotsOnWhiteSite
35825,32,7
timeStep,numberOfRobotsOnBlackSite,numberOfRobotsOnWhiteSite
35826,32,7
timeStep,numberOfRobotsOnBlackSite,numberOfRobotsOnWhiteSite
35827,32,7
timeStep,numberOfRobotsOnBlackSite,numberOfRobotsOnWhiteSite
35828,32,7
timeStep,numberOfRobotsOnBlackSite,numberOfRobotsOnWhiteSite
35829,32,7
timeStep,numberOfRobotsOnBlackSite,numberOfRobotsOnWhiteSite
35830,32,7
timeStep,numberOfRobotsOnBlackSite,numberOfRobotsOnWhiteSite
35831,32,7
timeStep,numberOfRobotsOnBlackSite,numberOfRobotsOnWhiteSite
35832,32,7
timeStep,numberOfRobotsOnBlackSite,numberOfRobotsOnWhiteSite
35833,32,7
timeStep,numberOfRobotsOnBlackSite,numberOfRobotsOnWhiteSite
35834,32,7
timeStep,numberOfRobotsOnBlackSite,numberOfRobotsOnWhiteSite
35835,32,7
timeStep,numberOfRobotsOnBlackSite,numberOfRobotsOnWhiteSite
35836,32,7
timeStep,numberOfRobotsOnBlackSite,numberOfRobotsOnWhiteSite
35837,32,7
timeStep,numberOfRobotsOnBlackSite,numberOfRobotsOnWhiteSite
35838,32,7
timeStep,numberOfRobotsOnBlackSite,numberOfRobotsOnWhiteSite
35839,32,7
timeStep,numberOfRobotsOnBlackSite,numberOfRobotsOnWhiteSite
35840,32,7
timeStep,numberOfRobotsOnBlackSite,numberOfRobotsOnWhiteSite
35841,32,7
timeStep,numberOfRobotsOnBlackSite,numberOfRobotsOnWhiteSite
35842,32,7
timeStep,numberOfRobotsOnBlackSite,numberOfRobotsOnWhiteSite
35843,32,7
timeStep,numberOfRobotsOnBlackSite,numberOfRobotsOnWhiteSite
35844,32,7
timeStep,numberOfRobotsOnBlackSite,numberOfRobotsOnWhiteSite
35845,32,7
timeStep,numberOfRobotsOnBlackSite,numberOfRobotsOnWhiteSite
35846,32,7
timeStep,numberOfRobotsOnBlackSite,numberOfRobotsOnWhiteSite
35847,32,7
timeStep,numberOfRobotsOnBlackSite,numberOfRobotsOnWhiteSite
35848,32,7
timeStep,numberOfRobotsOnBlackSite,numberOfRobotsOnWhiteSite
35849,32,7
timeStep,numberOfRobotsOnBlackSite,numberOfRobotsOnWhiteSite
35850,32,7
timeStep,numberOfRobotsOnBlackSite,numberOfRobotsOnWhiteSite
35851,32,7
timeStep,numberOfRobotsOnBlackSite,numberOfRobotsOnWhiteSite
35852,32,7
timeStep,numberOfRobotsOnBlackSite,numberOfRobotsOnWhiteSite
35853,32,7
timeStep,numberOfRobotsOnBlackSite,numberOfRobotsOnWhiteSite
35854,32,7
timeStep,numberOfRobotsOnBlackSite,numberOfRobotsOnWhiteSite
35855,32,7
timeStep,numberOfRobotsOnBlackSite,numberOfRobotsOnWhiteSite
35856,32,7
timeStep,numberOfRobotsOnBlackSite,numberOfRobotsOnWhiteSite
35857,32,7
timeStep,numberOfRobotsOnBlackSite,numberOfRobotsOnWhiteSite
35858,32,7
timeStep,numberOfRobotsOnBlackSite,numberOfRobotsOnWhiteSite
35859,32,7
timeStep,numberOfRobotsOnBlackSite,numberOfRobotsOnWhiteSite
35860,32,7
timeStep,numberOfRobotsOnBlackSite,numberOfRobotsOnWhiteSite
35861,32,7
timeStep,numberOfRobotsOnBlackSite,numberOfRobotsOnWhiteSite
35862,32,7
timeStep,numberOfRobotsOnBlackSite,numberOfRobotsOnWhiteSite
35863,32,7
timeStep,numberOfRobotsOnBlackSite,numberOfRobotsOnWhiteSite
35864,32,7
timeStep,numberOfRobotsOnBlackSite,numberOfRobotsOnWhiteSite
35865,32,7
timeStep,numberOfRobotsOnBlackSite,numberOfRobotsOnWhiteSite
35866,32,7
timeStep,numberOfRobotsOnBlackSite,numberOfRobotsOnWhiteSite
35867,32,7
timeStep,numberOfRobotsOnBlackSite,numberOfRobotsOnWhiteSite
35868,32,7
timeStep,numberOfRobotsOnBlackSite,numberOfRobotsOnWhiteSite
35869,32,7
timeStep,numberOfRobotsOnBlackSite,numberOfRobotsOnWhiteSite
35870,32,7
timeStep,numberOfRobotsOnBlackSite,numberOfRobotsOnWhiteSite
35871,32,7
timeStep,numberOfRobotsOnBlackSite,numberOfRobotsOnWhiteSite
35872,32,7
timeStep,numberOfRobotsOnBlackSite,numberOfRobotsOnWhiteSite
35873,32,7
timeStep,numberOfRobotsOnBlackSite,numberOfRobotsOnWhiteSite
35874,32,7
timeStep,numberOfRobotsOnBlackSite,numberOfRobotsOnWhiteSite
35875,32,7
timeStep,numberOfRobotsOnBlackSite,numberOfRobotsOnWhiteSite
35876,32,7
timeStep,numberOfRobotsOnBlackSite,numberOfRobotsOnWhiteSite
35877,32,7
timeStep,numberOfRobotsOnBlackSite,numberOfRobotsOnWhiteSite
35878,32,7
timeStep,numberOfRobotsOnBlackSite,numberOfRobotsOnWhiteSite
35879,32,7
timeStep,numberOfRobotsOnBlackSite,numberOfRobotsOnWhiteSite
35880,32,7
timeStep,numberOfRobotsOnBlackSite,numberOfRobotsOnWhiteSite
35881,32,7
timeStep,numberOfRobotsOnBlackSite,numberOfRobotsOnWhiteSite
35882,32,7
timeStep,numberOfRobotsOnBlackSite,numberOfRobotsOnWhiteSite
35883,32,7
timeStep,numberOfRobotsOnBlackSite,numberOfRobotsOnWhiteSite
35884,32,7
timeStep,numberOfRobotsOnBlackSite,numberOfRobotsOnWhiteSite
35885,32,7
timeStep,numberOfRobotsOnBlackSite,numberOfRobotsOnWhiteSite
35886,32,7
timeStep,numberOfRobotsOnBlackSite,numberOfRobotsOnWhiteSite
35887,32,7
timeStep,numberOfRobotsOnBlackSite,numberOfRobotsOnWhiteSite
35888,32,7
timeStep,numberOfRobotsOnBlackSite,numberOfRobotsOnWhiteSite
35889,32,7
timeStep,numberOfRobotsOnBlackSite,numberOfRobotsOnWhiteSite
35890,32,8
timeStep,numberOfRobotsOnBlackSite,numberOfRobotsOnWhiteSite
35891,32,8
timeStep,numberOfRobotsOnBlackSite,numberOfRobotsOnWhiteSite
35892,32,8
timeStep,numberOfRobotsOnBlackSite,numberOfRobotsOnWhiteSite
35893,32,8
timeStep,numberOfRobotsOnBlackSite,numberOfRobotsOnWhiteSite
35894,32,8
timeStep,numberOfRobotsOnBlackSite,numberOfRobotsOnWhiteSite
35895,32,8
timeStep,numberOfRobotsOnBlackSite,numberOfRobotsOnWhiteSite
35896,32,8
timeStep,numberOfRobotsOnBlackSite,numberOfRobotsOnWhiteSite
35897,32,8
timeStep,numberOfRobotsOnBlackSite,numberOfRobotsOnWhiteSite
35898,32,8
timeStep,numberOfRobotsOnBlackSite,numberOfRobotsOnWhiteSite
35899,32,8
timeStep,numberOfRobotsOnBlackSite,numberOfRobotsOnWhiteSite
35900,32,9
timeStep,numberOfRobotsOnBlackSite,numberOfRobotsOnWhiteSite
35901,32,9
timeStep,numberOfRobotsOnBlackSite,numberOfRobotsOnWhiteSite
35902,32,9
timeStep,numberOfRobotsOnBlackSite,numberOfRobotsOnWhiteSite
35903,32,9
timeStep,numberOfRobotsOnBlackSite,numberOfRobotsOnWhiteSite
35904,32,9
timeStep,numberOfRobotsOnBlackSite,numberOfRobotsOnWhiteSite
35905,32,9
timeStep,numberOfRobotsOnBlackSite,numberOfRobotsOnWhiteSite
35906,32,9
timeStep,numberOfRobotsOnBlackSite,numberOfRobotsOnWhiteSite
35907,32,9
timeStep,numberOfRobotsOnBlackSite,numberOfRobotsOnWhiteSite
35908,32,9
timeStep,numberOfRobotsOnBlackSite,numberOfRobotsOnWhiteSite
35909,32,9
timeStep,numberOfRobotsOnBlackSite,numberOfRobotsOnWhiteSite
35910,32,9
timeStep,numberOfRobotsOnBlackSite,numberOfRobotsOnWhiteSite
35911,32,9
timeStep,numberOfRobotsOnBlackSite,numberOfRobotsOnWhiteSite
35912,32,9
timeStep,numberOfRobotsOnBlackSite,numberOfRobotsOnWhiteSite
35913,32,9
timeStep,numberOfRobotsOnBlackSite,numberOfRobotsOnWhiteSite
35914,32,9
timeStep,numberOfRobotsOnBlackSite,numberOfRobotsOnWhiteSite
35915,32,10
timeStep,numberOfRobotsOnBlackSite,numberOfRobotsOnWhiteSite
35916,32,10
timeStep,numberOfRobotsOnBlackSite,numberOfRobotsOnWhiteSite
35917,32,10
timeStep,numberOfRobotsOnBlackSite,numberOfRobotsOnWhiteSite
35918,32,10
timeStep,numberOfRobotsOnBlackSite,numberOfRobotsOnWhiteSite
35919,32,10
timeStep,numberOfRobotsOnBlackSite,numberOfRobotsOnWhiteSite
35920,32,10
timeStep,numberOfRobotsOnBlackSite,numberOfRobotsOnWhiteSite
35921,32,10
timeStep,numberOfRobotsOnBlackSite,numberOfRobotsOnWhiteSite
35922,32,10
timeStep,numberOfRobotsOnBlackSite,numberOfRobotsOnWhiteSite
35923,32,10
timeStep,numberOfRobotsOnBlackSite,numberOfRobotsOnWhiteSite
35924,32,10
timeStep,numberOfRobotsOnBlackSite,numberOfRobotsOnWhiteSite
35925,31,9
timeStep,numberOfRobotsOnBlackSite,numberOfRobotsOnWhiteSite
35926,31,9
timeStep,numberOfRobotsOnBlackSite,numberOfRobotsOnWhiteSite
35927,31,9
timeStep,numberOfRobotsOnBlackSite,numberOfRobotsOnWhiteSite
35928,31,9
timeStep,numberOfRobotsOnBlackSite,numberOfRobotsOnWhiteSite
35929,31,9
timeStep,numberOfRobotsOnBlackSite,numberOfRobotsOnWhiteSite
35930,31,9
timeStep,numberOfRobotsOnBlackSite,numberOfRobotsOnWhiteSite
35931,31,9
timeStep,numberOfRobotsOnBlackSite,numberOfRobotsOnWhiteSite
35932,31,9
timeStep,numberOfRobotsOnBlackSite,numberOfRobotsOnWhiteSite
35933,31,9
timeStep,numberOfRobotsOnBlackSite,numberOfRobotsOnWhiteSite
35934,31,9
timeStep,numberOfRobotsOnBlackSite,numberOfRobotsOnWhiteSite
35935,31,9
timeStep,numberOfRobotsOnBlackSite,numberOfRobotsOnWhiteSite
35936,31,9
timeStep,numberOfRobotsOnBlackSite,numberOfRobotsOnWhiteSite
35937,31,9
timeStep,numberOfRobotsOnBlackSite,numberOfRobotsOnWhiteSite
35938,31,9
timeStep,numberOfRobotsOnBlackSite,numberOfRobotsOnWhiteSite
35939,31,9
timeStep,numberOfRobotsOnBlackSite,numberOfRobotsOnWhiteSite
35940,31,9
timeStep,numberOfRobotsOnBlackSite,numberOfRobotsOnWhiteSite
35941,31,9
timeStep,numberOfRobotsOnBlackSite,numberOfRobotsOnWhiteSite
35942,31,9
timeStep,numberOfRobotsOnBlackSite,numberOfRobotsOnWhiteSite
35943,31,9
timeStep,numberOfRobotsOnBlackSite,numberOfRobotsOnWhiteSite
35944,31,9
timeStep,numberOfRobotsOnBlackSite,numberOfRobotsOnWhiteSite
35945,31,9
timeStep,numberOfRobotsOnBlackSite,numberOfRobotsOnWhiteSite
35946,31,9
timeStep,numberOfRobotsOnBlackSite,numberOfRobotsOnWhiteSite
35947,31,9
timeStep,numberOfRobotsOnBlackSite,numberOfRobotsOnWhiteSite
35948,31,9
timeStep,numberOfRobotsOnBlackSite,numberOfRobotsOnWhiteSite
35949,31,9
timeStep,numberOfRobotsOnBlackSite,numberOfRobotsOnWhiteSite
35950,31,9
timeStep,numberOfRobotsOnBlackSite,numberOfRobotsOnWhiteSite
35951,31,9
timeStep,numberOfRobotsOnBlackSite,numberOfRobotsOnWhiteSite
35952,31,9
timeStep,numberOfRobotsOnBlackSite,numberOfRobotsOnWhiteSite
35953,31,9
timeStep,numberOfRobotsOnBlackSite,numberOfRobotsOnWhiteSite
35954,31,9
timeStep,numberOfRobotsOnBlackSite,numberOfRobotsOnWhiteSite
35955,31,10
timeStep,numberOfRobotsOnBlackSite,numberOfRobotsOnWhiteSite
35956,31,10
timeStep,numberOfRobotsOnBlackSite,numberOfRobotsOnWhiteSite
35957,31,10
timeStep,numberOfRobotsOnBlackSite,numberOfRobotsOnWhiteSite
35958,31,10
timeStep,numberOfRobotsOnBlackSite,numberOfRobotsOnWhiteSite
35959,31,10
timeStep,numberOfRobotsOnBlackSite,numberOfRobotsOnWhiteSite
35960,31,10
timeStep,numberOfRobotsOnBlackSite,numberOfRobotsOnWhiteSite
35961,31,10
timeStep,numberOfRobotsOnBlackSite,numberOfRobotsOnWhiteSite
35962,31,10
timeStep,numberOfRobotsOnBlackSite,numberOfRobotsOnWhiteSite
35963,31,10
timeStep,numberOfRobotsOnBlackSite,numberOfRobotsOnWhiteSite
35964,31,10
timeStep,numberOfRobotsOnBlackSite,numberOfRobotsOnWhiteSite
35965,31,10
timeStep,numberOfRobotsOnBlackSite,numberOfRobotsOnWhiteSite
35966,31,10
timeStep,numberOfRobotsOnBlackSite,numberOfRobotsOnWhiteSite
35967,31,10
timeStep,numberOfRobotsOnBlackSite,numberOfRobotsOnWhiteSite
35968,31,10
timeStep,numberOfRobotsOnBlackSite,numberOfRobotsOnWhiteSite
35969,31,10
timeStep,numberOfRobotsOnBlackSite,numberOfRobotsOnWhiteSite
35970,31,10
timeStep,numberOfRobotsOnBlackSite,numberOfRobotsOnWhiteSite
35971,31,10
timeStep,numberOfRobotsOnBlackSite,numberOfRobotsOnWhiteSite
35972,31,10
timeStep,numberOfRobotsOnBlackSite,numberOfRobotsOnWhiteSite
35973,31,10
timeStep,numberOfRobotsOnBlackSite,numberOfRobotsOnWhiteSite
35974,31,10
timeStep,numberOfRobotsOnBlackSite,numberOfRobotsOnWhiteSite
35975,32,10
timeStep,numberOfRobotsOnBlackSite,numberOfRobotsOnWhiteSite
35976,32,10
timeStep,numberOfRobotsOnBlackSite,numberOfRobotsOnWhiteSite
35977,32,10
timeStep,numberOfRobotsOnBlackSite,numberOfRobotsOnWhiteSite
35978,32,10
timeStep,numberOfRobotsOnBlackSite,numberOfRobotsOnWhiteSite
35979,32,10
timeStep,numberOfRobotsOnBlackSite,numberOfRobotsOnWhiteSite
35980,32,10
timeStep,numberOfRobotsOnBlackSite,numberOfRobotsOnWhiteSite
35981,32,10
timeStep,numberOfRobotsOnBlackSite,numberOfRobotsOnWhiteSite
35982,32,10
timeStep,numberOfRobotsOnBlackSite,numberOfRobotsOnWhiteSite
35983,32,10
timeStep,numberOfRobotsOnBlackSite,numberOfRobotsOnWhiteSite
35984,32,10
timeStep,numberOfRobotsOnBlackSite,numberOfRobotsOnWhiteSite
35985,32,10
timeStep,numberOfRobotsOnBlackSite,numberOfRobotsOnWhiteSite
35986,32,10
timeStep,numberOfRobotsOnBlackSite,numberOfRobotsOnWhiteSite
35987,32,10
timeStep,numberOfRobotsOnBlackSite,numberOfRobotsOnWhiteSite
35988,32,10
timeStep,numberOfRobotsOnBlackSite,numberOfRobotsOnWhiteSite
35989,32,10
timeStep,numberOfRobotsOnBlackSite,numberOfRobotsOnWhiteSite
35990,32,10
timeStep,numberOfRobotsOnBlackSite,numberOfRobotsOnWhiteSite
35991,32,10
timeStep,numberOfRobotsOnBlackSite,numberOfRobotsOnWhiteSite
35992,32,10
timeStep,numberOfRobotsOnBlackSite,numberOfRobotsOnWhiteSite
35993,32,10
timeStep,numberOfRobotsOnBlackSite,numberOfRobotsOnWhiteSite
35994,32,10
timeStep,numberOfRobotsOnBlackSite,numberOfRobotsOnWhiteSite
35995,32,10
timeStep,numberOfRobotsOnBlackSite,numberOfRobotsOnWhiteSite
35996,32,10
timeStep,numberOfRobotsOnBlackSite,numberOfRobotsOnWhiteSite
35997,32,10
timeStep,numberOfRobotsOnBlackSite,numberOfRobotsOnWhiteSite
35998,32,10
timeStep,numberOfRobotsOnBlackSite,numberOfRobotsOnWhiteSite
35999,32,10
timeStep,numberOfRobotsOnBlackSite,numberOfRobotsOnWhiteSite
36000,32,10
