timeStep,numberOfRobotsOnBlackSite,numberOfRobotsOnWhiteSite
1,0,0
timeStep,numberOfRobotsOnBlackSite,numberOfRobotsOnWhiteSite
2,0,0
timeStep,numberOfRobotsOnBlackSite,numberOfRobotsOnWhiteSite
3,0,0
timeStep,numberOfRobotsOnBlackSite,numberOfRobotsOnWhiteSite
4,0,0
timeStep,numberOfRobotsOnBlackSite,numberOfRobotsOnWhiteSite
5,8,5
timeStep,numberOfRobotsOnBlackSite,numberOfRobotsOnWhiteSite
6,8,5
timeStep,numberOfRobotsOnBlackSite,numberOfRobotsOnWhiteSite
7,8,5
timeStep,numberOfRobotsOnBlackSite,numberOfRobotsOnWhiteSite
8,8,5
timeStep,numberOfRobotsOnBlackSite,numberOfRobotsOnWhiteSite
9,8,5
timeStep,numberOfRobotsOnBlackSite,numberOfRobotsOnWhiteSite
10,8,5
timeStep,numberOfRobotsOnBlackSite,numberOfRobotsOnWhiteSite
11,8,5
timeStep,numberOfRobotsOnBlackSite,numberOfRobotsOnWhiteSite
12,8,5
timeStep,numberOfRobotsOnBlackSite,numberOfRobotsOnWhiteSite
13,8,5
timeStep,numberOfRobotsOnBlackSite,numberOfRobotsOnWhiteSite
14,8,5
timeStep,numberOfRobotsOnBlackSite,numberOfRobotsOnWhiteSite
15,8,5
timeStep,numberOfRobotsOnBlackSite,numberOfRobotsOnWhiteSite
16,8,5
timeStep,numberOfRobotsOnBlackSite,numberOfRobotsOnWhiteSite
17,8,5
timeStep,numberOfRobotsOnBlackSite,numberOfRobotsOnWhiteSite
18,8,5
timeStep,numberOfRobotsOnBlackSite,numberOfRobotsOnWhiteSite
19,8,5
timeStep,numberOfRobotsOnBlackSite,numberOfRobotsOnWhiteSite
20,8,6
timeStep,numberOfRobotsOnBlackSite,numberOfRobotsOnWhiteSite
21,8,6
timeStep,numberOfRobotsOnBlackSite,numberOfRobotsOnWhiteSite
22,8,6
timeStep,numberOfRobotsOnBlackSite,numberOfRobotsOnWhiteSite
23,8,6
timeStep,numberOfRobotsOnBlackSite,numberOfRobotsOnWhiteSite
24,8,6
timeStep,numberOfRobotsOnBlackSite,numberOfRobotsOnWhiteSite
25,8,7
timeStep,numberOfRobotsOnBlackSite,numberOfRobotsOnWhiteSite
26,8,7
timeStep,numberOfRobotsOnBlackSite,numberOfRobotsOnWhiteSite
27,8,7
timeStep,numberOfRobotsOnBlackSite,numberOfRobotsOnWhiteSite
28,8,7
timeStep,numberOfRobotsOnBlackSite,numberOfRobotsOnWhiteSite
29,8,7
timeStep,numberOfRobotsOnBlackSite,numberOfRobotsOnWhiteSite
30,8,7
timeStep,numberOfRobotsOnBlackSite,numberOfRobotsOnWhiteSite
31,8,7
timeStep,numberOfRobotsOnBlackSite,numberOfRobotsOnWhiteSite
32,8,7
timeStep,numberOfRobotsOnBlackSite,numberOfRobotsOnWhiteSite
33,8,7
timeStep,numberOfRobotsOnBlackSite,numberOfRobotsOnWhiteSite
34,8,7
timeStep,numberOfRobotsOnBlackSite,numberOfRobotsOnWhiteSite
35,8,7
timeStep,numberOfRobotsOnBlackSite,numberOfRobotsOnWhiteSite
36,8,7
timeStep,numberOfRobotsOnBlackSite,numberOfRobotsOnWhiteSite
37,8,7
timeStep,numberOfRobotsOnBlackSite,numberOfRobotsOnWhiteSite
38,8,7
timeStep,numberOfRobotsOnBlackSite,numberOfRobotsOnWhiteSite
39,8,7
timeStep,numberOfRobotsOnBlackSite,numberOfRobotsOnWhiteSite
40,8,7
timeStep,numberOfRobotsOnBlackSite,numberOfRobotsOnWhiteSite
41,8,7
timeStep,numberOfRobotsOnBlackSite,numberOfRobotsOnWhiteSite
42,8,7
timeStep,numberOfRobotsOnBlackSite,numberOfRobotsOnWhiteSite
43,8,7
timeStep,numberOfRobotsOnBlackSite,numberOfRobotsOnWhiteSite
44,8,7
timeStep,numberOfRobotsOnBlackSite,numberOfRobotsOnWhiteSite
45,8,7
timeStep,numberOfRobotsOnBlackSite,numberOfRobotsOnWhiteSite
46,8,7
timeStep,numberOfRobotsOnBlackSite,numberOfRobotsOnWhiteSite
47,8,7
timeStep,numberOfRobotsOnBlackSite,numberOfRobotsOnWhiteSite
48,8,7
timeStep,numberOfRobotsOnBlackSite,numberOfRobotsOnWhiteSite
49,8,7
timeStep,numberOfRobotsOnBlackSite,numberOfRobotsOnWhiteSite
50,9,8
timeStep,numberOfRobotsOnBlackSite,numberOfRobotsOnWhiteSite
51,9,8
timeStep,numberOfRobotsOnBlackSite,numberOfRobotsOnWhiteSite
52,9,8
timeStep,numberOfRobotsOnBlackSite,numberOfRobotsOnWhiteSite
53,9,8
timeStep,numberOfRobotsOnBlackSite,numberOfRobotsOnWhiteSite
54,9,8
timeStep,numberOfRobotsOnBlackSite,numberOfRobotsOnWhiteSite
55,9,8
timeStep,numberOfRobotsOnBlackSite,numberOfRobotsOnWhiteSite
56,9,8
timeStep,numberOfRobotsOnBlackSite,numberOfRobotsOnWhiteSite
57,9,8
timeStep,numberOfRobotsOnBlackSite,numberOfRobotsOnWhiteSite
58,9,8
timeStep,numberOfRobotsOnBlackSite,numberOfRobotsOnWhiteSite
59,9,8
timeStep,numberOfRobotsOnBlackSite,numberOfRobotsOnWhiteSite
60,9,8
timeStep,numberOfRobotsOnBlackSite,numberOfRobotsOnWhiteSite
61,9,8
timeStep,numberOfRobotsOnBlackSite,numberOfRobotsOnWhiteSite
62,9,8
timeStep,numberOfRobotsOnBlackSite,numberOfRobotsOnWhiteSite
63,9,8
timeStep,numberOfRobotsOnBlackSite,numberOfRobotsOnWhiteSite
64,9,8
timeStep,numberOfRobotsOnBlackSite,numberOfRobotsOnWhiteSite
65,9,9
timeStep,numberOfRobotsOnBlackSite,numberOfRobotsOnWhiteSite
66,9,9
timeStep,numberOfRobotsOnBlackSite,numberOfRobotsOnWhiteSite
67,9,9
timeStep,numberOfRobotsOnBlackSite,numberOfRobotsOnWhiteSite
68,9,9
timeStep,numberOfRobotsOnBlackSite,numberOfRobotsOnWhiteSite
69,9,9
timeStep,numberOfRobotsOnBlackSite,numberOfRobotsOnWhiteSite
70,10,9
timeStep,numberOfRobotsOnBlackSite,numberOfRobotsOnWhiteSite
71,10,9
timeStep,numberOfRobotsOnBlackSite,numberOfRobotsOnWhiteSite
72,10,9
timeStep,numberOfRobotsOnBlackSite,numberOfRobotsOnWhiteSite
73,10,9
timeStep,numberOfRobotsOnBlackSite,numberOfRobotsOnWhiteSite
74,10,9
timeStep,numberOfRobotsOnBlackSite,numberOfRobotsOnWhiteSite
75,10,9
timeStep,numberOfRobotsOnBlackSite,numberOfRobotsOnWhiteSite
76,10,9
timeStep,numberOfRobotsOnBlackSite,numberOfRobotsOnWhiteSite
77,10,9
timeStep,numberOfRobotsOnBlackSite,numberOfRobotsOnWhiteSite
78,10,9
timeStep,numberOfRobotsOnBlackSite,numberOfRobotsOnWhiteSite
79,10,9
timeStep,numberOfRobotsOnBlackSite,numberOfRobotsOnWhiteSite
80,10,9
timeStep,numberOfRobotsOnBlackSite,numberOfRobotsOnWhiteSite
81,10,9
timeStep,numberOfRobotsOnBlackSite,numberOfRobotsOnWhiteSite
82,10,9
timeStep,numberOfRobotsOnBlackSite,numberOfRobotsOnWhiteSite
83,10,9
timeStep,numberOfRobotsOnBlackSite,numberOfRobotsOnWhiteSite
84,10,9
timeStep,numberOfRobotsOnBlackSite,numberOfRobotsOnWhiteSite
85,9,9
timeStep,numberOfRobotsOnBlackSite,numberOfRobotsOnWhiteSite
86,9,9
timeStep,numberOfRobotsOnBlackSite,numberOfRobotsOnWhiteSite
87,9,9
timeStep,numberOfRobotsOnBlackSite,numberOfRobotsOnWhiteSite
88,9,9
timeStep,numberOfRobotsOnBlackSite,numberOfRobotsOnWhiteSite
89,9,9
timeStep,numberOfRobotsOnBlackSite,numberOfRobotsOnWhiteSite
90,9,10
timeStep,numberOfRobotsOnBlackSite,numberOfRobotsOnWhiteSite
91,9,10
timeStep,numberOfRobotsOnBlackSite,numberOfRobotsOnWhiteSite
92,9,10
timeStep,numberOfRobotsOnBlackSite,numberOfRobotsOnWhiteSite
93,9,10
timeStep,numberOfRobotsOnBlackSite,numberOfRobotsOnWhiteSite
94,9,10
timeStep,numberOfRobotsOnBlackSite,numberOfRobotsOnWhiteSite
95,9,10
timeStep,numberOfRobotsOnBlackSite,numberOfRobotsOnWhiteSite
96,9,10
timeStep,numberOfRobotsOnBlackSite,numberOfRobotsOnWhiteSite
97,9,10
timeStep,numberOfRobotsOnBlackSite,numberOfRobotsOnWhiteSite
98,9,10
timeStep,numberOfRobotsOnBlackSite,numberOfRobotsOnWhiteSite
99,9,10
timeStep,numberOfRobotsOnBlackSite,numberOfRobotsOnWhiteSite
100,9,10
timeStep,numberOfRobotsOnBlackSite,numberOfRobotsOnWhiteSite
101,9,10
timeStep,numberOfRobotsOnBlackSite,numberOfRobotsOnWhiteSite
102,9,10
timeStep,numberOfRobotsOnBlackSite,numberOfRobotsOnWhiteSite
103,9,10
timeStep,numberOfRobotsOnBlackSite,numberOfRobotsOnWhiteSite
104,9,10
timeStep,numberOfRobotsOnBlackSite,numberOfRobotsOnWhiteSite
105,9,10
timeStep,numberOfRobotsOnBlackSite,numberOfRobotsOnWhiteSite
106,9,10
timeStep,numberOfRobotsOnBlackSite,numberOfRobotsOnWhiteSite
107,9,10
timeStep,numberOfRobotsOnBlackSite,numberOfRobotsOnWhiteSite
108,9,10
timeStep,numberOfRobotsOnBlackSite,numberOfRobotsOnWhiteSite
109,9,10
timeStep,numberOfRobotsOnBlackSite,numberOfRobotsOnWhiteSite
110,10,9
timeStep,numberOfRobotsOnBlackSite,numberOfRobotsOnWhiteSite
111,10,9
timeStep,numberOfRobotsOnBlackSite,numberOfRobotsOnWhiteSite
112,10,9
timeStep,numberOfRobotsOnBlackSite,numberOfRobotsOnWhiteSite
113,10,9
timeStep,numberOfRobotsOnBlackSite,numberOfRobotsOnWhiteSite
114,10,9
timeStep,numberOfRobotsOnBlackSite,numberOfRobotsOnWhiteSite
115,10,9
timeStep,numberOfRobotsOnBlackSite,numberOfRobotsOnWhiteSite
116,10,9
timeStep,numberOfRobotsOnBlackSite,numberOfRobotsOnWhiteSite
117,10,9
timeStep,numberOfRobotsOnBlackSite,numberOfRobotsOnWhiteSite
118,10,9
timeStep,numberOfRobotsOnBlackSite,numberOfRobotsOnWhiteSite
119,10,9
timeStep,numberOfRobotsOnBlackSite,numberOfRobotsOnWhiteSite
120,10,9
timeStep,numberOfRobotsOnBlackSite,numberOfRobotsOnWhiteSite
121,10,9
timeStep,numberOfRobotsOnBlackSite,numberOfRobotsOnWhiteSite
122,10,9
timeStep,numberOfRobotsOnBlackSite,numberOfRobotsOnWhiteSite
123,10,9
timeStep,numberOfRobotsOnBlackSite,numberOfRobotsOnWhiteSite
124,10,9
timeStep,numberOfRobotsOnBlackSite,numberOfRobotsOnWhiteSite
125,10,8
timeStep,numberOfRobotsOnBlackSite,numberOfRobotsOnWhiteSite
126,10,8
timeStep,numberOfRobotsOnBlackSite,numberOfRobotsOnWhiteSite
127,10,8
timeStep,numberOfRobotsOnBlackSite,numberOfRobotsOnWhiteSite
128,10,8
timeStep,numberOfRobotsOnBlackSite,numberOfRobotsOnWhiteSite
129,10,8
timeStep,numberOfRobotsOnBlackSite,numberOfRobotsOnWhiteSite
130,8,8
timeStep,numberOfRobotsOnBlackSite,numberOfRobotsOnWhiteSite
131,8,8
timeStep,numberOfRobotsOnBlackSite,numberOfRobotsOnWhiteSite
132,8,8
timeStep,numberOfRobotsOnBlackSite,numberOfRobotsOnWhiteSite
133,8,8
timeStep,numberOfRobotsOnBlackSite,numberOfRobotsOnWhiteSite
134,8,8
timeStep,numberOfRobotsOnBlackSite,numberOfRobotsOnWhiteSite
135,8,8
timeStep,numberOfRobotsOnBlackSite,numberOfRobotsOnWhiteSite
136,8,8
timeStep,numberOfRobotsOnBlackSite,numberOfRobotsOnWhiteSite
137,8,8
timeStep,numberOfRobotsOnBlackSite,numberOfRobotsOnWhiteSite
138,8,8
timeStep,numberOfRobotsOnBlackSite,numberOfRobotsOnWhiteSite
139,8,8
timeStep,numberOfRobotsOnBlackSite,numberOfRobotsOnWhiteSite
140,8,8
timeStep,numberOfRobotsOnBlackSite,numberOfRobotsOnWhiteSite
141,8,8
timeStep,numberOfRobotsOnBlackSite,numberOfRobotsOnWhiteSite
142,8,8
timeStep,numberOfRobotsOnBlackSite,numberOfRobotsOnWhiteSite
143,8,8
timeStep,numberOfRobotsOnBlackSite,numberOfRobotsOnWhiteSite
144,8,8
timeStep,numberOfRobotsOnBlackSite,numberOfRobotsOnWhiteSite
145,8,8
timeStep,numberOfRobotsOnBlackSite,numberOfRobotsOnWhiteSite
146,8,8
timeStep,numberOfRobotsOnBlackSite,numberOfRobotsOnWhiteSite
147,8,8
timeStep,numberOfRobotsOnBlackSite,numberOfRobotsOnWhiteSite
148,8,8
timeStep,numberOfRobotsOnBlackSite,numberOfRobotsOnWhiteSite
149,8,8
timeStep,numberOfRobotsOnBlackSite,numberOfRobotsOnWhiteSite
150,8,9
timeStep,numberOfRobotsOnBlackSite,numberOfRobotsOnWhiteSite
151,8,9
timeStep,numberOfRobotsOnBlackSite,numberOfRobotsOnWhiteSite
152,8,9
timeStep,numberOfRobotsOnBlackSite,numberOfRobotsOnWhiteSite
153,8,9
timeStep,numberOfRobotsOnBlackSite,numberOfRobotsOnWhiteSite
154,8,9
timeStep,numberOfRobotsOnBlackSite,numberOfRobotsOnWhiteSite
155,8,9
timeStep,numberOfRobotsOnBlackSite,numberOfRobotsOnWhiteSite
156,8,9
timeStep,numberOfRobotsOnBlackSite,numberOfRobotsOnWhiteSite
157,8,9
timeStep,numberOfRobotsOnBlackSite,numberOfRobotsOnWhiteSite
158,8,9
timeStep,numberOfRobotsOnBlackSite,numberOfRobotsOnWhiteSite
159,8,9
timeStep,numberOfRobotsOnBlackSite,numberOfRobotsOnWhiteSite
160,8,9
timeStep,numberOfRobotsOnBlackSite,numberOfRobotsOnWhiteSite
161,8,9
timeStep,numberOfRobotsOnBlackSite,numberOfRobotsOnWhiteSite
162,8,9
timeStep,numberOfRobotsOnBlackSite,numberOfRobotsOnWhiteSite
163,8,9
timeStep,numberOfRobotsOnBlackSite,numberOfRobotsOnWhiteSite
164,8,9
timeStep,numberOfRobotsOnBlackSite,numberOfRobotsOnWhiteSite
165,8,9
timeStep,numberOfRobotsOnBlackSite,numberOfRobotsOnWhiteSite
166,8,9
timeStep,numberOfRobotsOnBlackSite,numberOfRobotsOnWhiteSite
167,8,9
timeStep,numberOfRobotsOnBlackSite,numberOfRobotsOnWhiteSite
168,8,9
timeStep,numberOfRobotsOnBlackSite,numberOfRobotsOnWhiteSite
169,8,9
timeStep,numberOfRobotsOnBlackSite,numberOfRobotsOnWhiteSite
170,8,9
timeStep,numberOfRobotsOnBlackSite,numberOfRobotsOnWhiteSite
171,8,9
timeStep,numberOfRobotsOnBlackSite,numberOfRobotsOnWhiteSite
172,8,9
timeStep,numberOfRobotsOnBlackSite,numberOfRobotsOnWhiteSite
173,8,9
timeStep,numberOfRobotsOnBlackSite,numberOfRobotsOnWhiteSite
174,8,9
timeStep,numberOfRobotsOnBlackSite,numberOfRobotsOnWhiteSite
175,8,9
timeStep,numberOfRobotsOnBlackSite,numberOfRobotsOnWhiteSite
176,8,9
timeStep,numberOfRobotsOnBlackSite,numberOfRobotsOnWhiteSite
177,8,9
timeStep,numberOfRobotsOnBlackSite,numberOfRobotsOnWhiteSite
178,8,9
timeStep,numberOfRobotsOnBlackSite,numberOfRobotsOnWhiteSite
179,8,9
timeStep,numberOfRobotsOnBlackSite,numberOfRobotsOnWhiteSite
180,9,9
timeStep,numberOfRobotsOnBlackSite,numberOfRobotsOnWhiteSite
181,9,9
timeStep,numberOfRobotsOnBlackSite,numberOfRobotsOnWhiteSite
182,9,9
timeStep,numberOfRobotsOnBlackSite,numberOfRobotsOnWhiteSite
183,9,9
timeStep,numberOfRobotsOnBlackSite,numberOfRobotsOnWhiteSite
184,9,9
timeStep,numberOfRobotsOnBlackSite,numberOfRobotsOnWhiteSite
185,10,9
timeStep,numberOfRobotsOnBlackSite,numberOfRobotsOnWhiteSite
186,10,9
timeStep,numberOfRobotsOnBlackSite,numberOfRobotsOnWhiteSite
187,10,9
timeStep,numberOfRobotsOnBlackSite,numberOfRobotsOnWhiteSite
188,10,9
timeStep,numberOfRobotsOnBlackSite,numberOfRobotsOnWhiteSite
189,10,9
timeStep,numberOfRobotsOnBlackSite,numberOfRobotsOnWhiteSite
190,10,8
timeStep,numberOfRobotsOnBlackSite,numberOfRobotsOnWhiteSite
191,10,8
timeStep,numberOfRobotsOnBlackSite,numberOfRobotsOnWhiteSite
192,10,8
timeStep,numberOfRobotsOnBlackSite,numberOfRobotsOnWhiteSite
193,10,8
timeStep,numberOfRobotsOnBlackSite,numberOfRobotsOnWhiteSite
194,10,8
timeStep,numberOfRobotsOnBlackSite,numberOfRobotsOnWhiteSite
195,10,8
timeStep,numberOfRobotsOnBlackSite,numberOfRobotsOnWhiteSite
196,10,8
timeStep,numberOfRobotsOnBlackSite,numberOfRobotsOnWhiteSite
197,10,8
timeStep,numberOfRobotsOnBlackSite,numberOfRobotsOnWhiteSite
198,10,8
timeStep,numberOfRobotsOnBlackSite,numberOfRobotsOnWhiteSite
199,10,8
timeStep,numberOfRobotsOnBlackSite,numberOfRobotsOnWhiteSite
200,10,8
timeStep,numberOfRobotsOnBlackSite,numberOfRobotsOnWhiteSite
201,10,8
timeStep,numberOfRobotsOnBlackSite,numberOfRobotsOnWhiteSite
202,10,8
timeStep,numberOfRobotsOnBlackSite,numberOfRobotsOnWhiteSite
203,10,8
timeStep,numberOfRobotsOnBlackSite,numberOfRobotsOnWhiteSite
204,10,8
timeStep,numberOfRobotsOnBlackSite,numberOfRobotsOnWhiteSite
205,10,8
timeStep,numberOfRobotsOnBlackSite,numberOfRobotsOnWhiteSite
206,10,8
timeStep,numberOfRobotsOnBlackSite,numberOfRobotsOnWhiteSite
207,10,8
timeStep,numberOfRobotsOnBlackSite,numberOfRobotsOnWhiteSite
208,10,8
timeStep,numberOfRobotsOnBlackSite,numberOfRobotsOnWhiteSite
209,10,8
timeStep,numberOfRobotsOnBlackSite,numberOfRobotsOnWhiteSite
210,10,8
timeStep,numberOfRobotsOnBlackSite,numberOfRobotsOnWhiteSite
211,10,8
timeStep,numberOfRobotsOnBlackSite,numberOfRobotsOnWhiteSite
212,10,8
timeStep,numberOfRobotsOnBlackSite,numberOfRobotsOnWhiteSite
213,10,8
timeStep,numberOfRobotsOnBlackSite,numberOfRobotsOnWhiteSite
214,10,8
timeStep,numberOfRobotsOnBlackSite,numberOfRobotsOnWhiteSite
215,10,8
timeStep,numberOfRobotsOnBlackSite,numberOfRobotsOnWhiteSite
216,10,8
timeStep,numberOfRobotsOnBlackSite,numberOfRobotsOnWhiteSite
217,10,8
timeStep,numberOfRobotsOnBlackSite,numberOfRobotsOnWhiteSite
218,10,8
timeStep,numberOfRobotsOnBlackSite,numberOfRobotsOnWhiteSite
219,10,8
timeStep,numberOfRobotsOnBlackSite,numberOfRobotsOnWhiteSite
220,10,8
timeStep,numberOfRobotsOnBlackSite,numberOfRobotsOnWhiteSite
221,10,8
timeStep,numberOfRobotsOnBlackSite,numberOfRobotsOnWhiteSite
222,10,8
timeStep,numberOfRobotsOnBlackSite,numberOfRobotsOnWhiteSite
223,10,8
timeStep,numberOfRobotsOnBlackSite,numberOfRobotsOnWhiteSite
224,10,8
timeStep,numberOfRobotsOnBlackSite,numberOfRobotsOnWhiteSite
225,9,8
timeStep,numberOfRobotsOnBlackSite,numberOfRobotsOnWhiteSite
226,9,8
timeStep,numberOfRobotsOnBlackSite,numberOfRobotsOnWhiteSite
227,9,8
timeStep,numberOfRobotsOnBlackSite,numberOfRobotsOnWhiteSite
228,9,8
timeStep,numberOfRobotsOnBlackSite,numberOfRobotsOnWhiteSite
229,9,8
timeStep,numberOfRobotsOnBlackSite,numberOfRobotsOnWhiteSite
230,9,8
timeStep,numberOfRobotsOnBlackSite,numberOfRobotsOnWhiteSite
231,9,8
timeStep,numberOfRobotsOnBlackSite,numberOfRobotsOnWhiteSite
232,9,8
timeStep,numberOfRobotsOnBlackSite,numberOfRobotsOnWhiteSite
233,9,8
timeStep,numberOfRobotsOnBlackSite,numberOfRobotsOnWhiteSite
234,9,8
timeStep,numberOfRobotsOnBlackSite,numberOfRobotsOnWhiteSite
235,9,8
timeStep,numberOfRobotsOnBlackSite,numberOfRobotsOnWhiteSite
236,9,8
timeStep,numberOfRobotsOnBlackSite,numberOfRobotsOnWhiteSite
237,9,8
timeStep,numberOfRobotsOnBlackSite,numberOfRobotsOnWhiteSite
238,9,8
timeStep,numberOfRobotsOnBlackSite,numberOfRobotsOnWhiteSite
239,9,8
timeStep,numberOfRobotsOnBlackSite,numberOfRobotsOnWhiteSite
240,9,8
timeStep,numberOfRobotsOnBlackSite,numberOfRobotsOnWhiteSite
241,9,8
timeStep,numberOfRobotsOnBlackSite,numberOfRobotsOnWhiteSite
242,9,8
timeStep,numberOfRobotsOnBlackSite,numberOfRobotsOnWhiteSite
243,9,8
timeStep,numberOfRobotsOnBlackSite,numberOfRobotsOnWhiteSite
244,9,8
timeStep,numberOfRobotsOnBlackSite,numberOfRobotsOnWhiteSite
245,9,8
timeStep,numberOfRobotsOnBlackSite,numberOfRobotsOnWhiteSite
246,9,8
timeStep,numberOfRobotsOnBlackSite,numberOfRobotsOnWhiteSite
247,9,8
timeStep,numberOfRobotsOnBlackSite,numberOfRobotsOnWhiteSite
248,9,8
timeStep,numberOfRobotsOnBlackSite,numberOfRobotsOnWhiteSite
249,9,8
timeStep,numberOfRobotsOnBlackSite,numberOfRobotsOnWhiteSite
250,9,8
timeStep,numberOfRobotsOnBlackSite,numberOfRobotsOnWhiteSite
251,9,8
timeStep,numberOfRobotsOnBlackSite,numberOfRobotsOnWhiteSite
252,9,8
timeStep,numberOfRobotsOnBlackSite,numberOfRobotsOnWhiteSite
253,9,8
timeStep,numberOfRobotsOnBlackSite,numberOfRobotsOnWhiteSite
254,9,8
timeStep,numberOfRobotsOnBlackSite,numberOfRobotsOnWhiteSite
255,9,8
timeStep,numberOfRobotsOnBlackSite,numberOfRobotsOnWhiteSite
256,9,8
timeStep,numberOfRobotsOnBlackSite,numberOfRobotsOnWhiteSite
257,9,8
timeStep,numberOfRobotsOnBlackSite,numberOfRobotsOnWhiteSite
258,9,8
timeStep,numberOfRobotsOnBlackSite,numberOfRobotsOnWhiteSite
259,9,8
timeStep,numberOfRobotsOnBlackSite,numberOfRobotsOnWhiteSite
260,9,8
timeStep,numberOfRobotsOnBlackSite,numberOfRobotsOnWhiteSite
261,9,8
timeStep,numberOfRobotsOnBlackSite,numberOfRobotsOnWhiteSite
262,9,8
timeStep,numberOfRobotsOnBlackSite,numberOfRobotsOnWhiteSite
263,9,8
timeStep,numberOfRobotsOnBlackSite,numberOfRobotsOnWhiteSite
264,9,8
timeStep,numberOfRobotsOnBlackSite,numberOfRobotsOnWhiteSite
265,9,7
timeStep,numberOfRobotsOnBlackSite,numberOfRobotsOnWhiteSite
266,9,7
timeStep,numberOfRobotsOnBlackSite,numberOfRobotsOnWhiteSite
267,9,7
timeStep,numberOfRobotsOnBlackSite,numberOfRobotsOnWhiteSite
268,9,7
timeStep,numberOfRobotsOnBlackSite,numberOfRobotsOnWhiteSite
269,9,7
timeStep,numberOfRobotsOnBlackSite,numberOfRobotsOnWhiteSite
270,9,7
timeStep,numberOfRobotsOnBlackSite,numberOfRobotsOnWhiteSite
271,9,7
timeStep,numberOfRobotsOnBlackSite,numberOfRobotsOnWhiteSite
272,9,7
timeStep,numberOfRobotsOnBlackSite,numberOfRobotsOnWhiteSite
273,9,7
timeStep,numberOfRobotsOnBlackSite,numberOfRobotsOnWhiteSite
274,9,7
timeStep,numberOfRobotsOnBlackSite,numberOfRobotsOnWhiteSite
275,9,7
timeStep,numberOfRobotsOnBlackSite,numberOfRobotsOnWhiteSite
276,9,7
timeStep,numberOfRobotsOnBlackSite,numberOfRobotsOnWhiteSite
277,9,7
timeStep,numberOfRobotsOnBlackSite,numberOfRobotsOnWhiteSite
278,9,7
timeStep,numberOfRobotsOnBlackSite,numberOfRobotsOnWhiteSite
279,9,7
timeStep,numberOfRobotsOnBlackSite,numberOfRobotsOnWhiteSite
280,9,7
timeStep,numberOfRobotsOnBlackSite,numberOfRobotsOnWhiteSite
281,9,7
timeStep,numberOfRobotsOnBlackSite,numberOfRobotsOnWhiteSite
282,9,7
timeStep,numberOfRobotsOnBlackSite,numberOfRobotsOnWhiteSite
283,9,7
timeStep,numberOfRobotsOnBlackSite,numberOfRobotsOnWhiteSite
284,9,7
timeStep,numberOfRobotsOnBlackSite,numberOfRobotsOnWhiteSite
285,9,6
timeStep,numberOfRobotsOnBlackSite,numberOfRobotsOnWhiteSite
286,9,6
timeStep,numberOfRobotsOnBlackSite,numberOfRobotsOnWhiteSite
287,9,6
timeStep,numberOfRobotsOnBlackSite,numberOfRobotsOnWhiteSite
288,9,6
timeStep,numberOfRobotsOnBlackSite,numberOfRobotsOnWhiteSite
289,9,6
timeStep,numberOfRobotsOnBlackSite,numberOfRobotsOnWhiteSite
290,9,7
timeStep,numberOfRobotsOnBlackSite,numberOfRobotsOnWhiteSite
291,9,7
timeStep,numberOfRobotsOnBlackSite,numberOfRobotsOnWhiteSite
292,9,7
timeStep,numberOfRobotsOnBlackSite,numberOfRobotsOnWhiteSite
293,9,7
timeStep,numberOfRobotsOnBlackSite,numberOfRobotsOnWhiteSite
294,9,7
timeStep,numberOfRobotsOnBlackSite,numberOfRobotsOnWhiteSite
295,9,7
timeStep,numberOfRobotsOnBlackSite,numberOfRobotsOnWhiteSite
296,9,7
timeStep,numberOfRobotsOnBlackSite,numberOfRobotsOnWhiteSite
297,9,7
timeStep,numberOfRobotsOnBlackSite,numberOfRobotsOnWhiteSite
298,9,7
timeStep,numberOfRobotsOnBlackSite,numberOfRobotsOnWhiteSite
299,9,7
timeStep,numberOfRobotsOnBlackSite,numberOfRobotsOnWhiteSite
300,9,8
timeStep,numberOfRobotsOnBlackSite,numberOfRobotsOnWhiteSite
301,9,8
timeStep,numberOfRobotsOnBlackSite,numberOfRobotsOnWhiteSite
302,9,8
timeStep,numberOfRobotsOnBlackSite,numberOfRobotsOnWhiteSite
303,9,8
timeStep,numberOfRobotsOnBlackSite,numberOfRobotsOnWhiteSite
304,9,8
timeStep,numberOfRobotsOnBlackSite,numberOfRobotsOnWhiteSite
305,9,9
timeStep,numberOfRobotsOnBlackSite,numberOfRobotsOnWhiteSite
306,9,9
timeStep,numberOfRobotsOnBlackSite,numberOfRobotsOnWhiteSite
307,9,9
timeStep,numberOfRobotsOnBlackSite,numberOfRobotsOnWhiteSite
308,9,9
timeStep,numberOfRobotsOnBlackSite,numberOfRobotsOnWhiteSite
309,9,9
timeStep,numberOfRobotsOnBlackSite,numberOfRobotsOnWhiteSite
310,9,9
timeStep,numberOfRobotsOnBlackSite,numberOfRobotsOnWhiteSite
311,9,9
timeStep,numberOfRobotsOnBlackSite,numberOfRobotsOnWhiteSite
312,9,9
timeStep,numberOfRobotsOnBlackSite,numberOfRobotsOnWhiteSite
313,9,9
timeStep,numberOfRobotsOnBlackSite,numberOfRobotsOnWhiteSite
314,9,9
timeStep,numberOfRobotsOnBlackSite,numberOfRobotsOnWhiteSite
315,8,9
timeStep,numberOfRobotsOnBlackSite,numberOfRobotsOnWhiteSite
316,8,9
timeStep,numberOfRobotsOnBlackSite,numberOfRobotsOnWhiteSite
317,8,9
timeStep,numberOfRobotsOnBlackSite,numberOfRobotsOnWhiteSite
318,8,9
timeStep,numberOfRobotsOnBlackSite,numberOfRobotsOnWhiteSite
319,8,9
timeStep,numberOfRobotsOnBlackSite,numberOfRobotsOnWhiteSite
320,8,9
timeStep,numberOfRobotsOnBlackSite,numberOfRobotsOnWhiteSite
321,8,9
timeStep,numberOfRobotsOnBlackSite,numberOfRobotsOnWhiteSite
322,8,9
timeStep,numberOfRobotsOnBlackSite,numberOfRobotsOnWhiteSite
323,8,9
timeStep,numberOfRobotsOnBlackSite,numberOfRobotsOnWhiteSite
324,8,9
timeStep,numberOfRobotsOnBlackSite,numberOfRobotsOnWhiteSite
325,8,9
timeStep,numberOfRobotsOnBlackSite,numberOfRobotsOnWhiteSite
326,8,9
timeStep,numberOfRobotsOnBlackSite,numberOfRobotsOnWhiteSite
327,8,9
timeStep,numberOfRobotsOnBlackSite,numberOfRobotsOnWhiteSite
328,8,9
timeStep,numberOfRobotsOnBlackSite,numberOfRobotsOnWhiteSite
329,8,9
timeStep,numberOfRobotsOnBlackSite,numberOfRobotsOnWhiteSite
330,7,8
timeStep,numberOfRobotsOnBlackSite,numberOfRobotsOnWhiteSite
331,7,8
timeStep,numberOfRobotsOnBlackSite,numberOfRobotsOnWhiteSite
332,7,8
timeStep,numberOfRobotsOnBlackSite,numberOfRobotsOnWhiteSite
333,7,8
timeStep,numberOfRobotsOnBlackSite,numberOfRobotsOnWhiteSite
334,7,8
timeStep,numberOfRobotsOnBlackSite,numberOfRobotsOnWhiteSite
335,7,7
timeStep,numberOfRobotsOnBlackSite,numberOfRobotsOnWhiteSite
336,7,7
timeStep,numberOfRobotsOnBlackSite,numberOfRobotsOnWhiteSite
337,7,7
timeStep,numberOfRobotsOnBlackSite,numberOfRobotsOnWhiteSite
338,7,7
timeStep,numberOfRobotsOnBlackSite,numberOfRobotsOnWhiteSite
339,7,7
timeStep,numberOfRobotsOnBlackSite,numberOfRobotsOnWhiteSite
340,7,7
timeStep,numberOfRobotsOnBlackSite,numberOfRobotsOnWhiteSite
341,7,7
timeStep,numberOfRobotsOnBlackSite,numberOfRobotsOnWhiteSite
342,7,7
timeStep,numberOfRobotsOnBlackSite,numberOfRobotsOnWhiteSite
343,7,7
timeStep,numberOfRobotsOnBlackSite,numberOfRobotsOnWhiteSite
344,7,7
timeStep,numberOfRobotsOnBlackSite,numberOfRobotsOnWhiteSite
345,7,7
timeStep,numberOfRobotsOnBlackSite,numberOfRobotsOnWhiteSite
346,7,7
timeStep,numberOfRobotsOnBlackSite,numberOfRobotsOnWhiteSite
347,7,7
timeStep,numberOfRobotsOnBlackSite,numberOfRobotsOnWhiteSite
348,7,7
timeStep,numberOfRobotsOnBlackSite,numberOfRobotsOnWhiteSite
349,7,7
timeStep,numberOfRobotsOnBlackSite,numberOfRobotsOnWhiteSite
350,7,7
timeStep,numberOfRobotsOnBlackSite,numberOfRobotsOnWhiteSite
351,7,7
timeStep,numberOfRobotsOnBlackSite,numberOfRobotsOnWhiteSite
352,7,7
timeStep,numberOfRobotsOnBlackSite,numberOfRobotsOnWhiteSite
353,7,7
timeStep,numberOfRobotsOnBlackSite,numberOfRobotsOnWhiteSite
354,7,7
timeStep,numberOfRobotsOnBlackSite,numberOfRobotsOnWhiteSite
355,7,7
timeStep,numberOfRobotsOnBlackSite,numberOfRobotsOnWhiteSite
356,7,7
timeStep,numberOfRobotsOnBlackSite,numberOfRobotsOnWhiteSite
357,7,7
timeStep,numberOfRobotsOnBlackSite,numberOfRobotsOnWhiteSite
358,7,7
timeStep,numberOfRobotsOnBlackSite,numberOfRobotsOnWhiteSite
359,7,7
timeStep,numberOfRobotsOnBlackSite,numberOfRobotsOnWhiteSite
360,7,8
timeStep,numberOfRobotsOnBlackSite,numberOfRobotsOnWhiteSite
361,7,8
timeStep,numberOfRobotsOnBlackSite,numberOfRobotsOnWhiteSite
362,7,8
timeStep,numberOfRobotsOnBlackSite,numberOfRobotsOnWhiteSite
363,7,8
timeStep,numberOfRobotsOnBlackSite,numberOfRobotsOnWhiteSite
364,7,8
timeStep,numberOfRobotsOnBlackSite,numberOfRobotsOnWhiteSite
365,8,8
timeStep,numberOfRobotsOnBlackSite,numberOfRobotsOnWhiteSite
366,8,8
timeStep,numberOfRobotsOnBlackSite,numberOfRobotsOnWhiteSite
367,8,8
timeStep,numberOfRobotsOnBlackSite,numberOfRobotsOnWhiteSite
368,8,8
timeStep,numberOfRobotsOnBlackSite,numberOfRobotsOnWhiteSite
369,8,8
timeStep,numberOfRobotsOnBlackSite,numberOfRobotsOnWhiteSite
370,8,8
timeStep,numberOfRobotsOnBlackSite,numberOfRobotsOnWhiteSite
371,8,8
timeStep,numberOfRobotsOnBlackSite,numberOfRobotsOnWhiteSite
372,8,8
timeStep,numberOfRobotsOnBlackSite,numberOfRobotsOnWhiteSite
373,8,8
timeStep,numberOfRobotsOnBlackSite,numberOfRobotsOnWhiteSite
374,8,8
timeStep,numberOfRobotsOnBlackSite,numberOfRobotsOnWhiteSite
375,8,8
timeStep,numberOfRobotsOnBlackSite,numberOfRobotsOnWhiteSite
376,8,8
timeStep,numberOfRobotsOnBlackSite,numberOfRobotsOnWhiteSite
377,8,8
timeStep,numberOfRobotsOnBlackSite,numberOfRobotsOnWhiteSite
378,8,8
timeStep,numberOfRobotsOnBlackSite,numberOfRobotsOnWhiteSite
379,8,8
timeStep,numberOfRobotsOnBlackSite,numberOfRobotsOnWhiteSite
380,9,8
timeStep,numberOfRobotsOnBlackSite,numberOfRobotsOnWhiteSite
381,9,8
timeStep,numberOfRobotsOnBlackSite,numberOfRobotsOnWhiteSite
382,9,8
timeStep,numberOfRobotsOnBlackSite,numberOfRobotsOnWhiteSite
383,9,8
timeStep,numberOfRobotsOnBlackSite,numberOfRobotsOnWhiteSite
384,9,8
timeStep,numberOfRobotsOnBlackSite,numberOfRobotsOnWhiteSite
385,9,8
timeStep,numberOfRobotsOnBlackSite,numberOfRobotsOnWhiteSite
386,9,8
timeStep,numberOfRobotsOnBlackSite,numberOfRobotsOnWhiteSite
387,9,8
timeStep,numberOfRobotsOnBlackSite,numberOfRobotsOnWhiteSite
388,9,8
timeStep,numberOfRobotsOnBlackSite,numberOfRobotsOnWhiteSite
389,9,8
timeStep,numberOfRobotsOnBlackSite,numberOfRobotsOnWhiteSite
390,9,8
timeStep,numberOfRobotsOnBlackSite,numberOfRobotsOnWhiteSite
391,9,8
timeStep,numberOfRobotsOnBlackSite,numberOfRobotsOnWhiteSite
392,9,8
timeStep,numberOfRobotsOnBlackSite,numberOfRobotsOnWhiteSite
393,9,8
timeStep,numberOfRobotsOnBlackSite,numberOfRobotsOnWhiteSite
394,9,8
timeStep,numberOfRobotsOnBlackSite,numberOfRobotsOnWhiteSite
395,9,8
timeStep,numberOfRobotsOnBlackSite,numberOfRobotsOnWhiteSite
396,9,8
timeStep,numberOfRobotsOnBlackSite,numberOfRobotsOnWhiteSite
397,9,8
timeStep,numberOfRobotsOnBlackSite,numberOfRobotsOnWhiteSite
398,9,8
timeStep,numberOfRobotsOnBlackSite,numberOfRobotsOnWhiteSite
399,9,8
timeStep,numberOfRobotsOnBlackSite,numberOfRobotsOnWhiteSite
400,9,8
timeStep,numberOfRobotsOnBlackSite,numberOfRobotsOnWhiteSite
401,9,8
timeStep,numberOfRobotsOnBlackSite,numberOfRobotsOnWhiteSite
402,9,8
timeStep,numberOfRobotsOnBlackSite,numberOfRobotsOnWhiteSite
403,9,8
timeStep,numberOfRobotsOnBlackSite,numberOfRobotsOnWhiteSite
404,9,8
timeStep,numberOfRobotsOnBlackSite,numberOfRobotsOnWhiteSite
405,9,8
timeStep,numberOfRobotsOnBlackSite,numberOfRobotsOnWhiteSite
406,9,8
timeStep,numberOfRobotsOnBlackSite,numberOfRobotsOnWhiteSite
407,9,8
timeStep,numberOfRobotsOnBlackSite,numberOfRobotsOnWhiteSite
408,9,8
timeStep,numberOfRobotsOnBlackSite,numberOfRobotsOnWhiteSite
409,9,8
timeStep,numberOfRobotsOnBlackSite,numberOfRobotsOnWhiteSite
410,9,8
timeStep,numberOfRobotsOnBlackSite,numberOfRobotsOnWhiteSite
411,9,8
timeStep,numberOfRobotsOnBlackSite,numberOfRobotsOnWhiteSite
412,9,8
timeStep,numberOfRobotsOnBlackSite,numberOfRobotsOnWhiteSite
413,9,8
timeStep,numberOfRobotsOnBlackSite,numberOfRobotsOnWhiteSite
414,9,8
timeStep,numberOfRobotsOnBlackSite,numberOfRobotsOnWhiteSite
415,9,8
timeStep,numberOfRobotsOnBlackSite,numberOfRobotsOnWhiteSite
416,9,8
timeStep,numberOfRobotsOnBlackSite,numberOfRobotsOnWhiteSite
417,9,8
timeStep,numberOfRobotsOnBlackSite,numberOfRobotsOnWhiteSite
418,9,8
timeStep,numberOfRobotsOnBlackSite,numberOfRobotsOnWhiteSite
419,9,8
timeStep,numberOfRobotsOnBlackSite,numberOfRobotsOnWhiteSite
420,9,9
timeStep,numberOfRobotsOnBlackSite,numberOfRobotsOnWhiteSite
421,9,9
timeStep,numberOfRobotsOnBlackSite,numberOfRobotsOnWhiteSite
422,9,9
timeStep,numberOfRobotsOnBlackSite,numberOfRobotsOnWhiteSite
423,9,9
timeStep,numberOfRobotsOnBlackSite,numberOfRobotsOnWhiteSite
424,9,9
timeStep,numberOfRobotsOnBlackSite,numberOfRobotsOnWhiteSite
425,10,9
timeStep,numberOfRobotsOnBlackSite,numberOfRobotsOnWhiteSite
426,10,9
timeStep,numberOfRobotsOnBlackSite,numberOfRobotsOnWhiteSite
427,10,9
timeStep,numberOfRobotsOnBlackSite,numberOfRobotsOnWhiteSite
428,10,9
timeStep,numberOfRobotsOnBlackSite,numberOfRobotsOnWhiteSite
429,10,9
timeStep,numberOfRobotsOnBlackSite,numberOfRobotsOnWhiteSite
430,10,9
timeStep,numberOfRobotsOnBlackSite,numberOfRobotsOnWhiteSite
431,10,9
timeStep,numberOfRobotsOnBlackSite,numberOfRobotsOnWhiteSite
432,10,9
timeStep,numberOfRobotsOnBlackSite,numberOfRobotsOnWhiteSite
433,10,9
timeStep,numberOfRobotsOnBlackSite,numberOfRobotsOnWhiteSite
434,10,9
timeStep,numberOfRobotsOnBlackSite,numberOfRobotsOnWhiteSite
435,10,8
timeStep,numberOfRobotsOnBlackSite,numberOfRobotsOnWhiteSite
436,10,8
timeStep,numberOfRobotsOnBlackSite,numberOfRobotsOnWhiteSite
437,10,8
timeStep,numberOfRobotsOnBlackSite,numberOfRobotsOnWhiteSite
438,10,8
timeStep,numberOfRobotsOnBlackSite,numberOfRobotsOnWhiteSite
439,10,8
timeStep,numberOfRobotsOnBlackSite,numberOfRobotsOnWhiteSite
440,10,8
timeStep,numberOfRobotsOnBlackSite,numberOfRobotsOnWhiteSite
441,10,8
timeStep,numberOfRobotsOnBlackSite,numberOfRobotsOnWhiteSite
442,10,8
timeStep,numberOfRobotsOnBlackSite,numberOfRobotsOnWhiteSite
443,10,8
timeStep,numberOfRobotsOnBlackSite,numberOfRobotsOnWhiteSite
444,10,8
timeStep,numberOfRobotsOnBlackSite,numberOfRobotsOnWhiteSite
445,10,8
timeStep,numberOfRobotsOnBlackSite,numberOfRobotsOnWhiteSite
446,10,8
timeStep,numberOfRobotsOnBlackSite,numberOfRobotsOnWhiteSite
447,10,8
timeStep,numberOfRobotsOnBlackSite,numberOfRobotsOnWhiteSite
448,10,8
timeStep,numberOfRobotsOnBlackSite,numberOfRobotsOnWhiteSite
449,10,8
timeStep,numberOfRobotsOnBlackSite,numberOfRobotsOnWhiteSite
450,10,8
timeStep,numberOfRobotsOnBlackSite,numberOfRobotsOnWhiteSite
451,10,8
timeStep,numberOfRobotsOnBlackSite,numberOfRobotsOnWhiteSite
452,10,8
timeStep,numberOfRobotsOnBlackSite,numberOfRobotsOnWhiteSite
453,10,8
timeStep,numberOfRobotsOnBlackSite,numberOfRobotsOnWhiteSite
454,10,8
timeStep,numberOfRobotsOnBlackSite,numberOfRobotsOnWhiteSite
455,10,8
timeStep,numberOfRobotsOnBlackSite,numberOfRobotsOnWhiteSite
456,10,8
timeStep,numberOfRobotsOnBlackSite,numberOfRobotsOnWhiteSite
457,10,8
timeStep,numberOfRobotsOnBlackSite,numberOfRobotsOnWhiteSite
458,10,8
timeStep,numberOfRobotsOnBlackSite,numberOfRobotsOnWhiteSite
459,10,8
timeStep,numberOfRobotsOnBlackSite,numberOfRobotsOnWhiteSite
460,10,8
timeStep,numberOfRobotsOnBlackSite,numberOfRobotsOnWhiteSite
461,10,8
timeStep,numberOfRobotsOnBlackSite,numberOfRobotsOnWhiteSite
462,10,8
timeStep,numberOfRobotsOnBlackSite,numberOfRobotsOnWhiteSite
463,10,8
timeStep,numberOfRobotsOnBlackSite,numberOfRobotsOnWhiteSite
464,10,8
timeStep,numberOfRobotsOnBlackSite,numberOfRobotsOnWhiteSite
465,10,8
timeStep,numberOfRobotsOnBlackSite,numberOfRobotsOnWhiteSite
466,10,8
timeStep,numberOfRobotsOnBlackSite,numberOfRobotsOnWhiteSite
467,10,8
timeStep,numberOfRobotsOnBlackSite,numberOfRobotsOnWhiteSite
468,10,8
timeStep,numberOfRobotsOnBlackSite,numberOfRobotsOnWhiteSite
469,10,8
timeStep,numberOfRobotsOnBlackSite,numberOfRobotsOnWhiteSite
470,11,9
timeStep,numberOfRobotsOnBlackSite,numberOfRobotsOnWhiteSite
471,11,9
timeStep,numberOfRobotsOnBlackSite,numberOfRobotsOnWhiteSite
472,11,9
timeStep,numberOfRobotsOnBlackSite,numberOfRobotsOnWhiteSite
473,11,9
timeStep,numberOfRobotsOnBlackSite,numberOfRobotsOnWhiteSite
474,11,9
timeStep,numberOfRobotsOnBlackSite,numberOfRobotsOnWhiteSite
475,11,9
timeStep,numberOfRobotsOnBlackSite,numberOfRobotsOnWhiteSite
476,11,9
timeStep,numberOfRobotsOnBlackSite,numberOfRobotsOnWhiteSite
477,11,9
timeStep,numberOfRobotsOnBlackSite,numberOfRobotsOnWhiteSite
478,11,9
timeStep,numberOfRobotsOnBlackSite,numberOfRobotsOnWhiteSite
479,11,9
timeStep,numberOfRobotsOnBlackSite,numberOfRobotsOnWhiteSite
480,11,9
timeStep,numberOfRobotsOnBlackSite,numberOfRobotsOnWhiteSite
481,11,9
timeStep,numberOfRobotsOnBlackSite,numberOfRobotsOnWhiteSite
482,11,9
timeStep,numberOfRobotsOnBlackSite,numberOfRobotsOnWhiteSite
483,11,9
timeStep,numberOfRobotsOnBlackSite,numberOfRobotsOnWhiteSite
484,11,9
timeStep,numberOfRobotsOnBlackSite,numberOfRobotsOnWhiteSite
485,11,9
timeStep,numberOfRobotsOnBlackSite,numberOfRobotsOnWhiteSite
486,11,9
timeStep,numberOfRobotsOnBlackSite,numberOfRobotsOnWhiteSite
487,11,9
timeStep,numberOfRobotsOnBlackSite,numberOfRobotsOnWhiteSite
488,11,9
timeStep,numberOfRobotsOnBlackSite,numberOfRobotsOnWhiteSite
489,11,9
timeStep,numberOfRobotsOnBlackSite,numberOfRobotsOnWhiteSite
490,11,9
timeStep,numberOfRobotsOnBlackSite,numberOfRobotsOnWhiteSite
491,11,9
timeStep,numberOfRobotsOnBlackSite,numberOfRobotsOnWhiteSite
492,11,9
timeStep,numberOfRobotsOnBlackSite,numberOfRobotsOnWhiteSite
493,11,9
timeStep,numberOfRobotsOnBlackSite,numberOfRobotsOnWhiteSite
494,11,9
timeStep,numberOfRobotsOnBlackSite,numberOfRobotsOnWhiteSite
495,11,9
timeStep,numberOfRobotsOnBlackSite,numberOfRobotsOnWhiteSite
496,11,9
timeStep,numberOfRobotsOnBlackSite,numberOfRobotsOnWhiteSite
497,11,9
timeStep,numberOfRobotsOnBlackSite,numberOfRobotsOnWhiteSite
498,11,9
timeStep,numberOfRobotsOnBlackSite,numberOfRobotsOnWhiteSite
499,11,9
timeStep,numberOfRobotsOnBlackSite,numberOfRobotsOnWhiteSite
500,11,9
timeStep,numberOfRobotsOnBlackSite,numberOfRobotsOnWhiteSite
501,11,9
timeStep,numberOfRobotsOnBlackSite,numberOfRobotsOnWhiteSite
502,11,9
timeStep,numberOfRobotsOnBlackSite,numberOfRobotsOnWhiteSite
503,11,9
timeStep,numberOfRobotsOnBlackSite,numberOfRobotsOnWhiteSite
504,11,9
timeStep,numberOfRobotsOnBlackSite,numberOfRobotsOnWhiteSite
505,11,9
timeStep,numberOfRobotsOnBlackSite,numberOfRobotsOnWhiteSite
506,11,9
timeStep,numberOfRobotsOnBlackSite,numberOfRobotsOnWhiteSite
507,11,9
timeStep,numberOfRobotsOnBlackSite,numberOfRobotsOnWhiteSite
508,11,9
timeStep,numberOfRobotsOnBlackSite,numberOfRobotsOnWhiteSite
509,11,9
timeStep,numberOfRobotsOnBlackSite,numberOfRobotsOnWhiteSite
510,11,9
timeStep,numberOfRobotsOnBlackSite,numberOfRobotsOnWhiteSite
511,11,9
timeStep,numberOfRobotsOnBlackSite,numberOfRobotsOnWhiteSite
512,11,9
timeStep,numberOfRobotsOnBlackSite,numberOfRobotsOnWhiteSite
513,11,9
timeStep,numberOfRobotsOnBlackSite,numberOfRobotsOnWhiteSite
514,11,9
timeStep,numberOfRobotsOnBlackSite,numberOfRobotsOnWhiteSite
515,11,9
timeStep,numberOfRobotsOnBlackSite,numberOfRobotsOnWhiteSite
516,11,9
timeStep,numberOfRobotsOnBlackSite,numberOfRobotsOnWhiteSite
517,11,9
timeStep,numberOfRobotsOnBlackSite,numberOfRobotsOnWhiteSite
518,11,9
timeStep,numberOfRobotsOnBlackSite,numberOfRobotsOnWhiteSite
519,11,9
timeStep,numberOfRobotsOnBlackSite,numberOfRobotsOnWhiteSite
520,10,9
timeStep,numberOfRobotsOnBlackSite,numberOfRobotsOnWhiteSite
521,10,9
timeStep,numberOfRobotsOnBlackSite,numberOfRobotsOnWhiteSite
522,10,9
timeStep,numberOfRobotsOnBlackSite,numberOfRobotsOnWhiteSite
523,10,9
timeStep,numberOfRobotsOnBlackSite,numberOfRobotsOnWhiteSite
524,10,9
timeStep,numberOfRobotsOnBlackSite,numberOfRobotsOnWhiteSite
525,10,9
timeStep,numberOfRobotsOnBlackSite,numberOfRobotsOnWhiteSite
526,10,9
timeStep,numberOfRobotsOnBlackSite,numberOfRobotsOnWhiteSite
527,10,9
timeStep,numberOfRobotsOnBlackSite,numberOfRobotsOnWhiteSite
528,10,9
timeStep,numberOfRobotsOnBlackSite,numberOfRobotsOnWhiteSite
529,10,9
timeStep,numberOfRobotsOnBlackSite,numberOfRobotsOnWhiteSite
530,10,9
timeStep,numberOfRobotsOnBlackSite,numberOfRobotsOnWhiteSite
531,10,9
timeStep,numberOfRobotsOnBlackSite,numberOfRobotsOnWhiteSite
532,10,9
timeStep,numberOfRobotsOnBlackSite,numberOfRobotsOnWhiteSite
533,10,9
timeStep,numberOfRobotsOnBlackSite,numberOfRobotsOnWhiteSite
534,10,9
timeStep,numberOfRobotsOnBlackSite,numberOfRobotsOnWhiteSite
535,10,9
timeStep,numberOfRobotsOnBlackSite,numberOfRobotsOnWhiteSite
536,10,9
timeStep,numberOfRobotsOnBlackSite,numberOfRobotsOnWhiteSite
537,10,9
timeStep,numberOfRobotsOnBlackSite,numberOfRobotsOnWhiteSite
538,10,9
timeStep,numberOfRobotsOnBlackSite,numberOfRobotsOnWhiteSite
539,10,9
timeStep,numberOfRobotsOnBlackSite,numberOfRobotsOnWhiteSite
540,10,9
timeStep,numberOfRobotsOnBlackSite,numberOfRobotsOnWhiteSite
541,10,9
timeStep,numberOfRobotsOnBlackSite,numberOfRobotsOnWhiteSite
542,10,9
timeStep,numberOfRobotsOnBlackSite,numberOfRobotsOnWhiteSite
543,10,9
timeStep,numberOfRobotsOnBlackSite,numberOfRobotsOnWhiteSite
544,10,9
timeStep,numberOfRobotsOnBlackSite,numberOfRobotsOnWhiteSite
545,10,9
timeStep,numberOfRobotsOnBlackSite,numberOfRobotsOnWhiteSite
546,10,9
timeStep,numberOfRobotsOnBlackSite,numberOfRobotsOnWhiteSite
547,10,9
timeStep,numberOfRobotsOnBlackSite,numberOfRobotsOnWhiteSite
548,10,9
timeStep,numberOfRobotsOnBlackSite,numberOfRobotsOnWhiteSite
549,10,9
timeStep,numberOfRobotsOnBlackSite,numberOfRobotsOnWhiteSite
550,10,9
timeStep,numberOfRobotsOnBlackSite,numberOfRobotsOnWhiteSite
551,10,9
timeStep,numberOfRobotsOnBlackSite,numberOfRobotsOnWhiteSite
552,10,9
timeStep,numberOfRobotsOnBlackSite,numberOfRobotsOnWhiteSite
553,10,9
timeStep,numberOfRobotsOnBlackSite,numberOfRobotsOnWhiteSite
554,10,9
timeStep,numberOfRobotsOnBlackSite,numberOfRobotsOnWhiteSite
555,10,9
timeStep,numberOfRobotsOnBlackSite,numberOfRobotsOnWhiteSite
556,10,9
timeStep,numberOfRobotsOnBlackSite,numberOfRobotsOnWhiteSite
557,10,9
timeStep,numberOfRobotsOnBlackSite,numberOfRobotsOnWhiteSite
558,10,9
timeStep,numberOfRobotsOnBlackSite,numberOfRobotsOnWhiteSite
559,10,9
timeStep,numberOfRobotsOnBlackSite,numberOfRobotsOnWhiteSite
560,10,10
timeStep,numberOfRobotsOnBlackSite,numberOfRobotsOnWhiteSite
561,10,10
timeStep,numberOfRobotsOnBlackSite,numberOfRobotsOnWhiteSite
562,10,10
timeStep,numberOfRobotsOnBlackSite,numberOfRobotsOnWhiteSite
563,10,10
timeStep,numberOfRobotsOnBlackSite,numberOfRobotsOnWhiteSite
564,10,10
timeStep,numberOfRobotsOnBlackSite,numberOfRobotsOnWhiteSite
565,10,10
timeStep,numberOfRobotsOnBlackSite,numberOfRobotsOnWhiteSite
566,10,10
timeStep,numberOfRobotsOnBlackSite,numberOfRobotsOnWhiteSite
567,10,10
timeStep,numberOfRobotsOnBlackSite,numberOfRobotsOnWhiteSite
568,10,10
timeStep,numberOfRobotsOnBlackSite,numberOfRobotsOnWhiteSite
569,10,10
timeStep,numberOfRobotsOnBlackSite,numberOfRobotsOnWhiteSite
570,10,10
timeStep,numberOfRobotsOnBlackSite,numberOfRobotsOnWhiteSite
571,10,10
timeStep,numberOfRobotsOnBlackSite,numberOfRobotsOnWhiteSite
572,10,10
timeStep,numberOfRobotsOnBlackSite,numberOfRobotsOnWhiteSite
573,10,10
timeStep,numberOfRobotsOnBlackSite,numberOfRobotsOnWhiteSite
574,10,10
timeStep,numberOfRobotsOnBlackSite,numberOfRobotsOnWhiteSite
575,11,10
timeStep,numberOfRobotsOnBlackSite,numberOfRobotsOnWhiteSite
576,11,10
timeStep,numberOfRobotsOnBlackSite,numberOfRobotsOnWhiteSite
577,11,10
timeStep,numberOfRobotsOnBlackSite,numberOfRobotsOnWhiteSite
578,11,10
timeStep,numberOfRobotsOnBlackSite,numberOfRobotsOnWhiteSite
579,11,10
timeStep,numberOfRobotsOnBlackSite,numberOfRobotsOnWhiteSite
580,12,10
timeStep,numberOfRobotsOnBlackSite,numberOfRobotsOnWhiteSite
581,12,10
timeStep,numberOfRobotsOnBlackSite,numberOfRobotsOnWhiteSite
582,12,10
timeStep,numberOfRobotsOnBlackSite,numberOfRobotsOnWhiteSite
583,12,10
timeStep,numberOfRobotsOnBlackSite,numberOfRobotsOnWhiteSite
584,12,10
timeStep,numberOfRobotsOnBlackSite,numberOfRobotsOnWhiteSite
585,12,10
timeStep,numberOfRobotsOnBlackSite,numberOfRobotsOnWhiteSite
586,12,10
timeStep,numberOfRobotsOnBlackSite,numberOfRobotsOnWhiteSite
587,12,10
timeStep,numberOfRobotsOnBlackSite,numberOfRobotsOnWhiteSite
588,12,10
timeStep,numberOfRobotsOnBlackSite,numberOfRobotsOnWhiteSite
589,12,10
timeStep,numberOfRobotsOnBlackSite,numberOfRobotsOnWhiteSite
590,12,10
timeStep,numberOfRobotsOnBlackSite,numberOfRobotsOnWhiteSite
591,12,10
timeStep,numberOfRobotsOnBlackSite,numberOfRobotsOnWhiteSite
592,12,10
timeStep,numberOfRobotsOnBlackSite,numberOfRobotsOnWhiteSite
593,12,10
timeStep,numberOfRobotsOnBlackSite,numberOfRobotsOnWhiteSite
594,12,10
timeStep,numberOfRobotsOnBlackSite,numberOfRobotsOnWhiteSite
595,13,11
timeStep,numberOfRobotsOnBlackSite,numberOfRobotsOnWhiteSite
596,13,11
timeStep,numberOfRobotsOnBlackSite,numberOfRobotsOnWhiteSite
597,13,11
timeStep,numberOfRobotsOnBlackSite,numberOfRobotsOnWhiteSite
598,13,11
timeStep,numberOfRobotsOnBlackSite,numberOfRobotsOnWhiteSite
599,13,11
timeStep,numberOfRobotsOnBlackSite,numberOfRobotsOnWhiteSite
600,13,11
timeStep,numberOfRobotsOnBlackSite,numberOfRobotsOnWhiteSite
601,13,11
timeStep,numberOfRobotsOnBlackSite,numberOfRobotsOnWhiteSite
602,13,11
timeStep,numberOfRobotsOnBlackSite,numberOfRobotsOnWhiteSite
603,13,11
timeStep,numberOfRobotsOnBlackSite,numberOfRobotsOnWhiteSite
604,13,11
timeStep,numberOfRobotsOnBlackSite,numberOfRobotsOnWhiteSite
605,13,11
timeStep,numberOfRobotsOnBlackSite,numberOfRobotsOnWhiteSite
606,13,11
timeStep,numberOfRobotsOnBlackSite,numberOfRobotsOnWhiteSite
607,13,11
timeStep,numberOfRobotsOnBlackSite,numberOfRobotsOnWhiteSite
608,13,11
timeStep,numberOfRobotsOnBlackSite,numberOfRobotsOnWhiteSite
609,13,11
timeStep,numberOfRobotsOnBlackSite,numberOfRobotsOnWhiteSite
610,13,11
timeStep,numberOfRobotsOnBlackSite,numberOfRobotsOnWhiteSite
611,13,11
timeStep,numberOfRobotsOnBlackSite,numberOfRobotsOnWhiteSite
612,13,11
timeStep,numberOfRobotsOnBlackSite,numberOfRobotsOnWhiteSite
613,13,11
timeStep,numberOfRobotsOnBlackSite,numberOfRobotsOnWhiteSite
614,13,11
timeStep,numberOfRobotsOnBlackSite,numberOfRobotsOnWhiteSite
615,13,11
timeStep,numberOfRobotsOnBlackSite,numberOfRobotsOnWhiteSite
616,13,11
timeStep,numberOfRobotsOnBlackSite,numberOfRobotsOnWhiteSite
617,13,11
timeStep,numberOfRobotsOnBlackSite,numberOfRobotsOnWhiteSite
618,13,11
timeStep,numberOfRobotsOnBlackSite,numberOfRobotsOnWhiteSite
619,13,11
timeStep,numberOfRobotsOnBlackSite,numberOfRobotsOnWhiteSite
620,13,11
timeStep,numberOfRobotsOnBlackSite,numberOfRobotsOnWhiteSite
621,13,11
timeStep,numberOfRobotsOnBlackSite,numberOfRobotsOnWhiteSite
622,13,11
timeStep,numberOfRobotsOnBlackSite,numberOfRobotsOnWhiteSite
623,13,11
timeStep,numberOfRobotsOnBlackSite,numberOfRobotsOnWhiteSite
624,13,11
timeStep,numberOfRobotsOnBlackSite,numberOfRobotsOnWhiteSite
625,13,11
timeStep,numberOfRobotsOnBlackSite,numberOfRobotsOnWhiteSite
626,13,11
timeStep,numberOfRobotsOnBlackSite,numberOfRobotsOnWhiteSite
627,13,11
timeStep,numberOfRobotsOnBlackSite,numberOfRobotsOnWhiteSite
628,13,11
timeStep,numberOfRobotsOnBlackSite,numberOfRobotsOnWhiteSite
629,13,11
timeStep,numberOfRobotsOnBlackSite,numberOfRobotsOnWhiteSite
630,12,11
timeStep,numberOfRobotsOnBlackSite,numberOfRobotsOnWhiteSite
631,12,11
timeStep,numberOfRobotsOnBlackSite,numberOfRobotsOnWhiteSite
632,12,11
timeStep,numberOfRobotsOnBlackSite,numberOfRobotsOnWhiteSite
633,12,11
timeStep,numberOfRobotsOnBlackSite,numberOfRobotsOnWhiteSite
634,12,11
timeStep,numberOfRobotsOnBlackSite,numberOfRobotsOnWhiteSite
635,12,11
timeStep,numberOfRobotsOnBlackSite,numberOfRobotsOnWhiteSite
636,12,11
timeStep,numberOfRobotsOnBlackSite,numberOfRobotsOnWhiteSite
637,12,11
timeStep,numberOfRobotsOnBlackSite,numberOfRobotsOnWhiteSite
638,12,11
timeStep,numberOfRobotsOnBlackSite,numberOfRobotsOnWhiteSite
639,12,11
timeStep,numberOfRobotsOnBlackSite,numberOfRobotsOnWhiteSite
640,12,11
timeStep,numberOfRobotsOnBlackSite,numberOfRobotsOnWhiteSite
641,12,11
timeStep,numberOfRobotsOnBlackSite,numberOfRobotsOnWhiteSite
642,12,11
timeStep,numberOfRobotsOnBlackSite,numberOfRobotsOnWhiteSite
643,12,11
timeStep,numberOfRobotsOnBlackSite,numberOfRobotsOnWhiteSite
644,12,11
timeStep,numberOfRobotsOnBlackSite,numberOfRobotsOnWhiteSite
645,12,11
timeStep,numberOfRobotsOnBlackSite,numberOfRobotsOnWhiteSite
646,12,11
timeStep,numberOfRobotsOnBlackSite,numberOfRobotsOnWhiteSite
647,12,11
timeStep,numberOfRobotsOnBlackSite,numberOfRobotsOnWhiteSite
648,12,11
timeStep,numberOfRobotsOnBlackSite,numberOfRobotsOnWhiteSite
649,12,11
timeStep,numberOfRobotsOnBlackSite,numberOfRobotsOnWhiteSite
650,12,11
timeStep,numberOfRobotsOnBlackSite,numberOfRobotsOnWhiteSite
651,12,11
timeStep,numberOfRobotsOnBlackSite,numberOfRobotsOnWhiteSite
652,12,11
timeStep,numberOfRobotsOnBlackSite,numberOfRobotsOnWhiteSite
653,12,11
timeStep,numberOfRobotsOnBlackSite,numberOfRobotsOnWhiteSite
654,12,11
timeStep,numberOfRobotsOnBlackSite,numberOfRobotsOnWhiteSite
655,12,11
timeStep,numberOfRobotsOnBlackSite,numberOfRobotsOnWhiteSite
656,12,11
timeStep,numberOfRobotsOnBlackSite,numberOfRobotsOnWhiteSite
657,12,11
timeStep,numberOfRobotsOnBlackSite,numberOfRobotsOnWhiteSite
658,12,11
timeStep,numberOfRobotsOnBlackSite,numberOfRobotsOnWhiteSite
659,12,11
timeStep,numberOfRobotsOnBlackSite,numberOfRobotsOnWhiteSite
660,12,11
timeStep,numberOfRobotsOnBlackSite,numberOfRobotsOnWhiteSite
661,12,11
timeStep,numberOfRobotsOnBlackSite,numberOfRobotsOnWhiteSite
662,12,11
timeStep,numberOfRobotsOnBlackSite,numberOfRobotsOnWhiteSite
663,12,11
timeStep,numberOfRobotsOnBlackSite,numberOfRobotsOnWhiteSite
664,12,11
timeStep,numberOfRobotsOnBlackSite,numberOfRobotsOnWhiteSite
665,13,11
timeStep,numberOfRobotsOnBlackSite,numberOfRobotsOnWhiteSite
666,13,11
timeStep,numberOfRobotsOnBlackSite,numberOfRobotsOnWhiteSite
667,13,11
timeStep,numberOfRobotsOnBlackSite,numberOfRobotsOnWhiteSite
668,13,11
timeStep,numberOfRobotsOnBlackSite,numberOfRobotsOnWhiteSite
669,13,11
timeStep,numberOfRobotsOnBlackSite,numberOfRobotsOnWhiteSite
670,14,11
timeStep,numberOfRobotsOnBlackSite,numberOfRobotsOnWhiteSite
671,14,11
timeStep,numberOfRobotsOnBlackSite,numberOfRobotsOnWhiteSite
672,14,11
timeStep,numberOfRobotsOnBlackSite,numberOfRobotsOnWhiteSite
673,14,11
timeStep,numberOfRobotsOnBlackSite,numberOfRobotsOnWhiteSite
674,14,11
timeStep,numberOfRobotsOnBlackSite,numberOfRobotsOnWhiteSite
675,14,12
timeStep,numberOfRobotsOnBlackSite,numberOfRobotsOnWhiteSite
676,14,12
timeStep,numberOfRobotsOnBlackSite,numberOfRobotsOnWhiteSite
677,14,12
timeStep,numberOfRobotsOnBlackSite,numberOfRobotsOnWhiteSite
678,14,12
timeStep,numberOfRobotsOnBlackSite,numberOfRobotsOnWhiteSite
679,14,12
timeStep,numberOfRobotsOnBlackSite,numberOfRobotsOnWhiteSite
680,14,12
timeStep,numberOfRobotsOnBlackSite,numberOfRobotsOnWhiteSite
681,14,12
timeStep,numberOfRobotsOnBlackSite,numberOfRobotsOnWhiteSite
682,14,12
timeStep,numberOfRobotsOnBlackSite,numberOfRobotsOnWhiteSite
683,14,12
timeStep,numberOfRobotsOnBlackSite,numberOfRobotsOnWhiteSite
684,14,12
timeStep,numberOfRobotsOnBlackSite,numberOfRobotsOnWhiteSite
685,14,12
timeStep,numberOfRobotsOnBlackSite,numberOfRobotsOnWhiteSite
686,14,12
timeStep,numberOfRobotsOnBlackSite,numberOfRobotsOnWhiteSite
687,14,12
timeStep,numberOfRobotsOnBlackSite,numberOfRobotsOnWhiteSite
688,14,12
timeStep,numberOfRobotsOnBlackSite,numberOfRobotsOnWhiteSite
689,14,12
timeStep,numberOfRobotsOnBlackSite,numberOfRobotsOnWhiteSite
690,14,12
timeStep,numberOfRobotsOnBlackSite,numberOfRobotsOnWhiteSite
691,14,12
timeStep,numberOfRobotsOnBlackSite,numberOfRobotsOnWhiteSite
692,14,12
timeStep,numberOfRobotsOnBlackSite,numberOfRobotsOnWhiteSite
693,14,12
timeStep,numberOfRobotsOnBlackSite,numberOfRobotsOnWhiteSite
694,14,12
timeStep,numberOfRobotsOnBlackSite,numberOfRobotsOnWhiteSite
695,14,12
timeStep,numberOfRobotsOnBlackSite,numberOfRobotsOnWhiteSite
696,14,12
timeStep,numberOfRobotsOnBlackSite,numberOfRobotsOnWhiteSite
697,14,12
timeStep,numberOfRobotsOnBlackSite,numberOfRobotsOnWhiteSite
698,14,12
timeStep,numberOfRobotsOnBlackSite,numberOfRobotsOnWhiteSite
699,14,12
timeStep,numberOfRobotsOnBlackSite,numberOfRobotsOnWhiteSite
700,14,12
timeStep,numberOfRobotsOnBlackSite,numberOfRobotsOnWhiteSite
701,14,12
timeStep,numberOfRobotsOnBlackSite,numberOfRobotsOnWhiteSite
702,14,12
timeStep,numberOfRobotsOnBlackSite,numberOfRobotsOnWhiteSite
703,14,12
timeStep,numberOfRobotsOnBlackSite,numberOfRobotsOnWhiteSite
704,14,12
timeStep,numberOfRobotsOnBlackSite,numberOfRobotsOnWhiteSite
705,14,12
timeStep,numberOfRobotsOnBlackSite,numberOfRobotsOnWhiteSite
706,14,12
timeStep,numberOfRobotsOnBlackSite,numberOfRobotsOnWhiteSite
707,14,12
timeStep,numberOfRobotsOnBlackSite,numberOfRobotsOnWhiteSite
708,14,12
timeStep,numberOfRobotsOnBlackSite,numberOfRobotsOnWhiteSite
709,14,12
timeStep,numberOfRobotsOnBlackSite,numberOfRobotsOnWhiteSite
710,14,12
timeStep,numberOfRobotsOnBlackSite,numberOfRobotsOnWhiteSite
711,14,12
timeStep,numberOfRobotsOnBlackSite,numberOfRobotsOnWhiteSite
712,14,12
timeStep,numberOfRobotsOnBlackSite,numberOfRobotsOnWhiteSite
713,14,12
timeStep,numberOfRobotsOnBlackSite,numberOfRobotsOnWhiteSite
714,14,12
timeStep,numberOfRobotsOnBlackSite,numberOfRobotsOnWhiteSite
715,14,12
timeStep,numberOfRobotsOnBlackSite,numberOfRobotsOnWhiteSite
716,14,12
timeStep,numberOfRobotsOnBlackSite,numberOfRobotsOnWhiteSite
717,14,12
timeStep,numberOfRobotsOnBlackSite,numberOfRobotsOnWhiteSite
718,14,12
timeStep,numberOfRobotsOnBlackSite,numberOfRobotsOnWhiteSite
719,14,12
timeStep,numberOfRobotsOnBlackSite,numberOfRobotsOnWhiteSite
720,14,12
timeStep,numberOfRobotsOnBlackSite,numberOfRobotsOnWhiteSite
721,14,12
timeStep,numberOfRobotsOnBlackSite,numberOfRobotsOnWhiteSite
722,14,12
timeStep,numberOfRobotsOnBlackSite,numberOfRobotsOnWhiteSite
723,14,12
timeStep,numberOfRobotsOnBlackSite,numberOfRobotsOnWhiteSite
724,14,12
timeStep,numberOfRobotsOnBlackSite,numberOfRobotsOnWhiteSite
725,14,13
timeStep,numberOfRobotsOnBlackSite,numberOfRobotsOnWhiteSite
726,14,13
timeStep,numberOfRobotsOnBlackSite,numberOfRobotsOnWhiteSite
727,14,13
timeStep,numberOfRobotsOnBlackSite,numberOfRobotsOnWhiteSite
728,14,13
timeStep,numberOfRobotsOnBlackSite,numberOfRobotsOnWhiteSite
729,14,13
timeStep,numberOfRobotsOnBlackSite,numberOfRobotsOnWhiteSite
730,15,13
timeStep,numberOfRobotsOnBlackSite,numberOfRobotsOnWhiteSite
731,15,13
timeStep,numberOfRobotsOnBlackSite,numberOfRobotsOnWhiteSite
732,15,13
timeStep,numberOfRobotsOnBlackSite,numberOfRobotsOnWhiteSite
733,15,13
timeStep,numberOfRobotsOnBlackSite,numberOfRobotsOnWhiteSite
734,15,13
timeStep,numberOfRobotsOnBlackSite,numberOfRobotsOnWhiteSite
735,15,13
timeStep,numberOfRobotsOnBlackSite,numberOfRobotsOnWhiteSite
736,15,13
timeStep,numberOfRobotsOnBlackSite,numberOfRobotsOnWhiteSite
737,15,13
timeStep,numberOfRobotsOnBlackSite,numberOfRobotsOnWhiteSite
738,15,13
timeStep,numberOfRobotsOnBlackSite,numberOfRobotsOnWhiteSite
739,15,13
timeStep,numberOfRobotsOnBlackSite,numberOfRobotsOnWhiteSite
740,15,13
timeStep,numberOfRobotsOnBlackSite,numberOfRobotsOnWhiteSite
741,15,13
timeStep,numberOfRobotsOnBlackSite,numberOfRobotsOnWhiteSite
742,15,13
timeStep,numberOfRobotsOnBlackSite,numberOfRobotsOnWhiteSite
743,15,13
timeStep,numberOfRobotsOnBlackSite,numberOfRobotsOnWhiteSite
744,15,13
timeStep,numberOfRobotsOnBlackSite,numberOfRobotsOnWhiteSite
745,15,13
timeStep,numberOfRobotsOnBlackSite,numberOfRobotsOnWhiteSite
746,15,13
timeStep,numberOfRobotsOnBlackSite,numberOfRobotsOnWhiteSite
747,15,13
timeStep,numberOfRobotsOnBlackSite,numberOfRobotsOnWhiteSite
748,15,13
timeStep,numberOfRobotsOnBlackSite,numberOfRobotsOnWhiteSite
749,15,13
timeStep,numberOfRobotsOnBlackSite,numberOfRobotsOnWhiteSite
750,15,12
timeStep,numberOfRobotsOnBlackSite,numberOfRobotsOnWhiteSite
751,15,12
timeStep,numberOfRobotsOnBlackSite,numberOfRobotsOnWhiteSite
752,15,12
timeStep,numberOfRobotsOnBlackSite,numberOfRobotsOnWhiteSite
753,15,12
timeStep,numberOfRobotsOnBlackSite,numberOfRobotsOnWhiteSite
754,15,12
timeStep,numberOfRobotsOnBlackSite,numberOfRobotsOnWhiteSite
755,15,12
timeStep,numberOfRobotsOnBlackSite,numberOfRobotsOnWhiteSite
756,15,12
timeStep,numberOfRobotsOnBlackSite,numberOfRobotsOnWhiteSite
757,15,12
timeStep,numberOfRobotsOnBlackSite,numberOfRobotsOnWhiteSite
758,15,12
timeStep,numberOfRobotsOnBlackSite,numberOfRobotsOnWhiteSite
759,15,12
timeStep,numberOfRobotsOnBlackSite,numberOfRobotsOnWhiteSite
760,15,12
timeStep,numberOfRobotsOnBlackSite,numberOfRobotsOnWhiteSite
761,15,12
timeStep,numberOfRobotsOnBlackSite,numberOfRobotsOnWhiteSite
762,15,12
timeStep,numberOfRobotsOnBlackSite,numberOfRobotsOnWhiteSite
763,15,12
timeStep,numberOfRobotsOnBlackSite,numberOfRobotsOnWhiteSite
764,15,12
timeStep,numberOfRobotsOnBlackSite,numberOfRobotsOnWhiteSite
765,15,12
timeStep,numberOfRobotsOnBlackSite,numberOfRobotsOnWhiteSite
766,15,12
timeStep,numberOfRobotsOnBlackSite,numberOfRobotsOnWhiteSite
767,15,12
timeStep,numberOfRobotsOnBlackSite,numberOfRobotsOnWhiteSite
768,15,12
timeStep,numberOfRobotsOnBlackSite,numberOfRobotsOnWhiteSite
769,15,12
timeStep,numberOfRobotsOnBlackSite,numberOfRobotsOnWhiteSite
770,15,12
timeStep,numberOfRobotsOnBlackSite,numberOfRobotsOnWhiteSite
771,15,12
timeStep,numberOfRobotsOnBlackSite,numberOfRobotsOnWhiteSite
772,15,12
timeStep,numberOfRobotsOnBlackSite,numberOfRobotsOnWhiteSite
773,15,12
timeStep,numberOfRobotsOnBlackSite,numberOfRobotsOnWhiteSite
774,15,12
timeStep,numberOfRobotsOnBlackSite,numberOfRobotsOnWhiteSite
775,15,12
timeStep,numberOfRobotsOnBlackSite,numberOfRobotsOnWhiteSite
776,15,12
timeStep,numberOfRobotsOnBlackSite,numberOfRobotsOnWhiteSite
777,15,12
timeStep,numberOfRobotsOnBlackSite,numberOfRobotsOnWhiteSite
778,15,12
timeStep,numberOfRobotsOnBlackSite,numberOfRobotsOnWhiteSite
779,15,12
timeStep,numberOfRobotsOnBlackSite,numberOfRobotsOnWhiteSite
780,15,12
timeStep,numberOfRobotsOnBlackSite,numberOfRobotsOnWhiteSite
781,15,12
timeStep,numberOfRobotsOnBlackSite,numberOfRobotsOnWhiteSite
782,15,12
timeStep,numberOfRobotsOnBlackSite,numberOfRobotsOnWhiteSite
783,15,12
timeStep,numberOfRobotsOnBlackSite,numberOfRobotsOnWhiteSite
784,15,12
timeStep,numberOfRobotsOnBlackSite,numberOfRobotsOnWhiteSite
785,15,13
timeStep,numberOfRobotsOnBlackSite,numberOfRobotsOnWhiteSite
786,15,13
timeStep,numberOfRobotsOnBlackSite,numberOfRobotsOnWhiteSite
787,15,13
timeStep,numberOfRobotsOnBlackSite,numberOfRobotsOnWhiteSite
788,15,13
timeStep,numberOfRobotsOnBlackSite,numberOfRobotsOnWhiteSite
789,15,13
timeStep,numberOfRobotsOnBlackSite,numberOfRobotsOnWhiteSite
790,15,13
timeStep,numberOfRobotsOnBlackSite,numberOfRobotsOnWhiteSite
791,15,13
timeStep,numberOfRobotsOnBlackSite,numberOfRobotsOnWhiteSite
792,15,13
timeStep,numberOfRobotsOnBlackSite,numberOfRobotsOnWhiteSite
793,15,13
timeStep,numberOfRobotsOnBlackSite,numberOfRobotsOnWhiteSite
794,15,13
timeStep,numberOfRobotsOnBlackSite,numberOfRobotsOnWhiteSite
795,16,13
timeStep,numberOfRobotsOnBlackSite,numberOfRobotsOnWhiteSite
796,16,13
timeStep,numberOfRobotsOnBlackSite,numberOfRobotsOnWhiteSite
797,16,13
timeStep,numberOfRobotsOnBlackSite,numberOfRobotsOnWhiteSite
798,16,13
timeStep,numberOfRobotsOnBlackSite,numberOfRobotsOnWhiteSite
799,16,13
timeStep,numberOfRobotsOnBlackSite,numberOfRobotsOnWhiteSite
800,16,13
timeStep,numberOfRobotsOnBlackSite,numberOfRobotsOnWhiteSite
801,16,13
timeStep,numberOfRobotsOnBlackSite,numberOfRobotsOnWhiteSite
802,16,13
timeStep,numberOfRobotsOnBlackSite,numberOfRobotsOnWhiteSite
803,16,13
timeStep,numberOfRobotsOnBlackSite,numberOfRobotsOnWhiteSite
804,16,13
timeStep,numberOfRobotsOnBlackSite,numberOfRobotsOnWhiteSite
805,16,13
timeStep,numberOfRobotsOnBlackSite,numberOfRobotsOnWhiteSite
806,16,13
timeStep,numberOfRobotsOnBlackSite,numberOfRobotsOnWhiteSite
807,16,13
timeStep,numberOfRobotsOnBlackSite,numberOfRobotsOnWhiteSite
808,16,13
timeStep,numberOfRobotsOnBlackSite,numberOfRobotsOnWhiteSite
809,16,13
timeStep,numberOfRobotsOnBlackSite,numberOfRobotsOnWhiteSite
810,16,13
timeStep,numberOfRobotsOnBlackSite,numberOfRobotsOnWhiteSite
811,16,13
timeStep,numberOfRobotsOnBlackSite,numberOfRobotsOnWhiteSite
812,16,13
timeStep,numberOfRobotsOnBlackSite,numberOfRobotsOnWhiteSite
813,16,13
timeStep,numberOfRobotsOnBlackSite,numberOfRobotsOnWhiteSite
814,16,13
timeStep,numberOfRobotsOnBlackSite,numberOfRobotsOnWhiteSite
815,17,13
timeStep,numberOfRobotsOnBlackSite,numberOfRobotsOnWhiteSite
816,17,13
timeStep,numberOfRobotsOnBlackSite,numberOfRobotsOnWhiteSite
817,17,13
timeStep,numberOfRobotsOnBlackSite,numberOfRobotsOnWhiteSite
818,17,13
timeStep,numberOfRobotsOnBlackSite,numberOfRobotsOnWhiteSite
819,17,13
timeStep,numberOfRobotsOnBlackSite,numberOfRobotsOnWhiteSite
820,17,13
timeStep,numberOfRobotsOnBlackSite,numberOfRobotsOnWhiteSite
821,17,13
timeStep,numberOfRobotsOnBlackSite,numberOfRobotsOnWhiteSite
822,17,13
timeStep,numberOfRobotsOnBlackSite,numberOfRobotsOnWhiteSite
823,17,13
timeStep,numberOfRobotsOnBlackSite,numberOfRobotsOnWhiteSite
824,17,13
timeStep,numberOfRobotsOnBlackSite,numberOfRobotsOnWhiteSite
825,17,12
timeStep,numberOfRobotsOnBlackSite,numberOfRobotsOnWhiteSite
826,17,12
timeStep,numberOfRobotsOnBlackSite,numberOfRobotsOnWhiteSite
827,17,12
timeStep,numberOfRobotsOnBlackSite,numberOfRobotsOnWhiteSite
828,17,12
timeStep,numberOfRobotsOnBlackSite,numberOfRobotsOnWhiteSite
829,17,12
timeStep,numberOfRobotsOnBlackSite,numberOfRobotsOnWhiteSite
830,17,12
timeStep,numberOfRobotsOnBlackSite,numberOfRobotsOnWhiteSite
831,17,12
timeStep,numberOfRobotsOnBlackSite,numberOfRobotsOnWhiteSite
832,17,12
timeStep,numberOfRobotsOnBlackSite,numberOfRobotsOnWhiteSite
833,17,12
timeStep,numberOfRobotsOnBlackSite,numberOfRobotsOnWhiteSite
834,17,12
timeStep,numberOfRobotsOnBlackSite,numberOfRobotsOnWhiteSite
835,17,12
timeStep,numberOfRobotsOnBlackSite,numberOfRobotsOnWhiteSite
836,17,12
timeStep,numberOfRobotsOnBlackSite,numberOfRobotsOnWhiteSite
837,17,12
timeStep,numberOfRobotsOnBlackSite,numberOfRobotsOnWhiteSite
838,17,12
timeStep,numberOfRobotsOnBlackSite,numberOfRobotsOnWhiteSite
839,17,12
timeStep,numberOfRobotsOnBlackSite,numberOfRobotsOnWhiteSite
840,17,13
timeStep,numberOfRobotsOnBlackSite,numberOfRobotsOnWhiteSite
841,17,13
timeStep,numberOfRobotsOnBlackSite,numberOfRobotsOnWhiteSite
842,17,13
timeStep,numberOfRobotsOnBlackSite,numberOfRobotsOnWhiteSite
843,17,13
timeStep,numberOfRobotsOnBlackSite,numberOfRobotsOnWhiteSite
844,17,13
timeStep,numberOfRobotsOnBlackSite,numberOfRobotsOnWhiteSite
845,16,13
timeStep,numberOfRobotsOnBlackSite,numberOfRobotsOnWhiteSite
846,16,13
timeStep,numberOfRobotsOnBlackSite,numberOfRobotsOnWhiteSite
847,16,13
timeStep,numberOfRobotsOnBlackSite,numberOfRobotsOnWhiteSite
848,16,13
timeStep,numberOfRobotsOnBlackSite,numberOfRobotsOnWhiteSite
849,16,13
timeStep,numberOfRobotsOnBlackSite,numberOfRobotsOnWhiteSite
850,16,13
timeStep,numberOfRobotsOnBlackSite,numberOfRobotsOnWhiteSite
851,16,13
timeStep,numberOfRobotsOnBlackSite,numberOfRobotsOnWhiteSite
852,16,13
timeStep,numberOfRobotsOnBlackSite,numberOfRobotsOnWhiteSite
853,16,13
timeStep,numberOfRobotsOnBlackSite,numberOfRobotsOnWhiteSite
854,16,13
timeStep,numberOfRobotsOnBlackSite,numberOfRobotsOnWhiteSite
855,17,13
timeStep,numberOfRobotsOnBlackSite,numberOfRobotsOnWhiteSite
856,17,13
timeStep,numberOfRobotsOnBlackSite,numberOfRobotsOnWhiteSite
857,17,13
timeStep,numberOfRobotsOnBlackSite,numberOfRobotsOnWhiteSite
858,17,13
timeStep,numberOfRobotsOnBlackSite,numberOfRobotsOnWhiteSite
859,17,13
timeStep,numberOfRobotsOnBlackSite,numberOfRobotsOnWhiteSite
860,17,14
timeStep,numberOfRobotsOnBlackSite,numberOfRobotsOnWhiteSite
861,17,14
timeStep,numberOfRobotsOnBlackSite,numberOfRobotsOnWhiteSite
862,17,14
timeStep,numberOfRobotsOnBlackSite,numberOfRobotsOnWhiteSite
863,17,14
timeStep,numberOfRobotsOnBlackSite,numberOfRobotsOnWhiteSite
864,17,14
timeStep,numberOfRobotsOnBlackSite,numberOfRobotsOnWhiteSite
865,17,14
timeStep,numberOfRobotsOnBlackSite,numberOfRobotsOnWhiteSite
866,17,14
timeStep,numberOfRobotsOnBlackSite,numberOfRobotsOnWhiteSite
867,17,14
timeStep,numberOfRobotsOnBlackSite,numberOfRobotsOnWhiteSite
868,17,14
timeStep,numberOfRobotsOnBlackSite,numberOfRobotsOnWhiteSite
869,17,14
timeStep,numberOfRobotsOnBlackSite,numberOfRobotsOnWhiteSite
870,17,16
timeStep,numberOfRobotsOnBlackSite,numberOfRobotsOnWhiteSite
871,17,16
timeStep,numberOfRobotsOnBlackSite,numberOfRobotsOnWhiteSite
872,17,16
timeStep,numberOfRobotsOnBlackSite,numberOfRobotsOnWhiteSite
873,17,16
timeStep,numberOfRobotsOnBlackSite,numberOfRobotsOnWhiteSite
874,17,16
timeStep,numberOfRobotsOnBlackSite,numberOfRobotsOnWhiteSite
875,17,16
timeStep,numberOfRobotsOnBlackSite,numberOfRobotsOnWhiteSite
876,17,16
timeStep,numberOfRobotsOnBlackSite,numberOfRobotsOnWhiteSite
877,17,16
timeStep,numberOfRobotsOnBlackSite,numberOfRobotsOnWhiteSite
878,17,16
timeStep,numberOfRobotsOnBlackSite,numberOfRobotsOnWhiteSite
879,17,16
timeStep,numberOfRobotsOnBlackSite,numberOfRobotsOnWhiteSite
880,16,16
timeStep,numberOfRobotsOnBlackSite,numberOfRobotsOnWhiteSite
881,16,16
timeStep,numberOfRobotsOnBlackSite,numberOfRobotsOnWhiteSite
882,16,16
timeStep,numberOfRobotsOnBlackSite,numberOfRobotsOnWhiteSite
883,16,16
timeStep,numberOfRobotsOnBlackSite,numberOfRobotsOnWhiteSite
884,16,16
timeStep,numberOfRobotsOnBlackSite,numberOfRobotsOnWhiteSite
885,16,16
timeStep,numberOfRobotsOnBlackSite,numberOfRobotsOnWhiteSite
886,16,16
timeStep,numberOfRobotsOnBlackSite,numberOfRobotsOnWhiteSite
887,16,16
timeStep,numberOfRobotsOnBlackSite,numberOfRobotsOnWhiteSite
888,16,16
timeStep,numberOfRobotsOnBlackSite,numberOfRobotsOnWhiteSite
889,16,16
timeStep,numberOfRobotsOnBlackSite,numberOfRobotsOnWhiteSite
890,15,16
timeStep,numberOfRobotsOnBlackSite,numberOfRobotsOnWhiteSite
891,15,16
timeStep,numberOfRobotsOnBlackSite,numberOfRobotsOnWhiteSite
892,15,16
timeStep,numberOfRobotsOnBlackSite,numberOfRobotsOnWhiteSite
893,15,16
timeStep,numberOfRobotsOnBlackSite,numberOfRobotsOnWhiteSite
894,15,16
timeStep,numberOfRobotsOnBlackSite,numberOfRobotsOnWhiteSite
895,15,17
timeStep,numberOfRobotsOnBlackSite,numberOfRobotsOnWhiteSite
896,15,17
timeStep,numberOfRobotsOnBlackSite,numberOfRobotsOnWhiteSite
897,15,17
timeStep,numberOfRobotsOnBlackSite,numberOfRobotsOnWhiteSite
898,15,17
timeStep,numberOfRobotsOnBlackSite,numberOfRobotsOnWhiteSite
899,15,17
timeStep,numberOfRobotsOnBlackSite,numberOfRobotsOnWhiteSite
900,15,16
timeStep,numberOfRobotsOnBlackSite,numberOfRobotsOnWhiteSite
901,15,16
timeStep,numberOfRobotsOnBlackSite,numberOfRobotsOnWhiteSite
902,15,16
timeStep,numberOfRobotsOnBlackSite,numberOfRobotsOnWhiteSite
903,15,16
timeStep,numberOfRobotsOnBlackSite,numberOfRobotsOnWhiteSite
904,15,16
timeStep,numberOfRobotsOnBlackSite,numberOfRobotsOnWhiteSite
905,15,15
timeStep,numberOfRobotsOnBlackSite,numberOfRobotsOnWhiteSite
906,15,15
timeStep,numberOfRobotsOnBlackSite,numberOfRobotsOnWhiteSite
907,15,15
timeStep,numberOfRobotsOnBlackSite,numberOfRobotsOnWhiteSite
908,15,15
timeStep,numberOfRobotsOnBlackSite,numberOfRobotsOnWhiteSite
909,15,15
timeStep,numberOfRobotsOnBlackSite,numberOfRobotsOnWhiteSite
910,15,15
timeStep,numberOfRobotsOnBlackSite,numberOfRobotsOnWhiteSite
911,15,15
timeStep,numberOfRobotsOnBlackSite,numberOfRobotsOnWhiteSite
912,15,15
timeStep,numberOfRobotsOnBlackSite,numberOfRobotsOnWhiteSite
913,15,15
timeStep,numberOfRobotsOnBlackSite,numberOfRobotsOnWhiteSite
914,15,15
timeStep,numberOfRobotsOnBlackSite,numberOfRobotsOnWhiteSite
915,15,15
timeStep,numberOfRobotsOnBlackSite,numberOfRobotsOnWhiteSite
916,15,15
timeStep,numberOfRobotsOnBlackSite,numberOfRobotsOnWhiteSite
917,15,15
timeStep,numberOfRobotsOnBlackSite,numberOfRobotsOnWhiteSite
918,15,15
timeStep,numberOfRobotsOnBlackSite,numberOfRobotsOnWhiteSite
919,15,15
timeStep,numberOfRobotsOnBlackSite,numberOfRobotsOnWhiteSite
920,16,15
timeStep,numberOfRobotsOnBlackSite,numberOfRobotsOnWhiteSite
921,16,15
timeStep,numberOfRobotsOnBlackSite,numberOfRobotsOnWhiteSite
922,16,15
timeStep,numberOfRobotsOnBlackSite,numberOfRobotsOnWhiteSite
923,16,15
timeStep,numberOfRobotsOnBlackSite,numberOfRobotsOnWhiteSite
924,16,15
timeStep,numberOfRobotsOnBlackSite,numberOfRobotsOnWhiteSite
925,16,15
timeStep,numberOfRobotsOnBlackSite,numberOfRobotsOnWhiteSite
926,16,15
timeStep,numberOfRobotsOnBlackSite,numberOfRobotsOnWhiteSite
927,16,15
timeStep,numberOfRobotsOnBlackSite,numberOfRobotsOnWhiteSite
928,16,15
timeStep,numberOfRobotsOnBlackSite,numberOfRobotsOnWhiteSite
929,16,15
timeStep,numberOfRobotsOnBlackSite,numberOfRobotsOnWhiteSite
930,16,15
timeStep,numberOfRobotsOnBlackSite,numberOfRobotsOnWhiteSite
931,16,15
timeStep,numberOfRobotsOnBlackSite,numberOfRobotsOnWhiteSite
932,16,15
timeStep,numberOfRobotsOnBlackSite,numberOfRobotsOnWhiteSite
933,16,15
timeStep,numberOfRobotsOnBlackSite,numberOfRobotsOnWhiteSite
934,16,15
timeStep,numberOfRobotsOnBlackSite,numberOfRobotsOnWhiteSite
935,16,15
timeStep,numberOfRobotsOnBlackSite,numberOfRobotsOnWhiteSite
936,16,15
timeStep,numberOfRobotsOnBlackSite,numberOfRobotsOnWhiteSite
937,16,15
timeStep,numberOfRobotsOnBlackSite,numberOfRobotsOnWhiteSite
938,16,15
timeStep,numberOfRobotsOnBlackSite,numberOfRobotsOnWhiteSite
939,16,15
timeStep,numberOfRobotsOnBlackSite,numberOfRobotsOnWhiteSite
940,16,16
timeStep,numberOfRobotsOnBlackSite,numberOfRobotsOnWhiteSite
941,16,16
timeStep,numberOfRobotsOnBlackSite,numberOfRobotsOnWhiteSite
942,16,16
timeStep,numberOfRobotsOnBlackSite,numberOfRobotsOnWhiteSite
943,16,16
timeStep,numberOfRobotsOnBlackSite,numberOfRobotsOnWhiteSite
944,16,16
timeStep,numberOfRobotsOnBlackSite,numberOfRobotsOnWhiteSite
945,16,16
timeStep,numberOfRobotsOnBlackSite,numberOfRobotsOnWhiteSite
946,16,16
timeStep,numberOfRobotsOnBlackSite,numberOfRobotsOnWhiteSite
947,16,16
timeStep,numberOfRobotsOnBlackSite,numberOfRobotsOnWhiteSite
948,16,16
timeStep,numberOfRobotsOnBlackSite,numberOfRobotsOnWhiteSite
949,16,16
timeStep,numberOfRobotsOnBlackSite,numberOfRobotsOnWhiteSite
950,16,16
timeStep,numberOfRobotsOnBlackSite,numberOfRobotsOnWhiteSite
951,16,16
timeStep,numberOfRobotsOnBlackSite,numberOfRobotsOnWhiteSite
952,16,16
timeStep,numberOfRobotsOnBlackSite,numberOfRobotsOnWhiteSite
953,16,16
timeStep,numberOfRobotsOnBlackSite,numberOfRobotsOnWhiteSite
954,16,16
timeStep,numberOfRobotsOnBlackSite,numberOfRobotsOnWhiteSite
955,16,16
timeStep,numberOfRobotsOnBlackSite,numberOfRobotsOnWhiteSite
956,16,16
timeStep,numberOfRobotsOnBlackSite,numberOfRobotsOnWhiteSite
957,16,16
timeStep,numberOfRobotsOnBlackSite,numberOfRobotsOnWhiteSite
958,16,16
timeStep,numberOfRobotsOnBlackSite,numberOfRobotsOnWhiteSite
959,16,16
timeStep,numberOfRobotsOnBlackSite,numberOfRobotsOnWhiteSite
960,16,16
timeStep,numberOfRobotsOnBlackSite,numberOfRobotsOnWhiteSite
961,16,16
timeStep,numberOfRobotsOnBlackSite,numberOfRobotsOnWhiteSite
962,16,16
timeStep,numberOfRobotsOnBlackSite,numberOfRobotsOnWhiteSite
963,16,16
timeStep,numberOfRobotsOnBlackSite,numberOfRobotsOnWhiteSite
964,16,16
timeStep,numberOfRobotsOnBlackSite,numberOfRobotsOnWhiteSite
965,16,16
timeStep,numberOfRobotsOnBlackSite,numberOfRobotsOnWhiteSite
966,16,16
timeStep,numberOfRobotsOnBlackSite,numberOfRobotsOnWhiteSite
967,16,16
timeStep,numberOfRobotsOnBlackSite,numberOfRobotsOnWhiteSite
968,16,16
timeStep,numberOfRobotsOnBlackSite,numberOfRobotsOnWhiteSite
969,16,16
timeStep,numberOfRobotsOnBlackSite,numberOfRobotsOnWhiteSite
970,16,16
timeStep,numberOfRobotsOnBlackSite,numberOfRobotsOnWhiteSite
971,16,16
timeStep,numberOfRobotsOnBlackSite,numberOfRobotsOnWhiteSite
972,16,16
timeStep,numberOfRobotsOnBlackSite,numberOfRobotsOnWhiteSite
973,16,16
timeStep,numberOfRobotsOnBlackSite,numberOfRobotsOnWhiteSite
974,16,16
timeStep,numberOfRobotsOnBlackSite,numberOfRobotsOnWhiteSite
975,16,17
timeStep,numberOfRobotsOnBlackSite,numberOfRobotsOnWhiteSite
976,16,17
timeStep,numberOfRobotsOnBlackSite,numberOfRobotsOnWhiteSite
977,16,17
timeStep,numberOfRobotsOnBlackSite,numberOfRobotsOnWhiteSite
978,16,17
timeStep,numberOfRobotsOnBlackSite,numberOfRobotsOnWhiteSite
979,16,17
timeStep,numberOfRobotsOnBlackSite,numberOfRobotsOnWhiteSite
980,16,17
timeStep,numberOfRobotsOnBlackSite,numberOfRobotsOnWhiteSite
981,16,17
timeStep,numberOfRobotsOnBlackSite,numberOfRobotsOnWhiteSite
982,16,17
timeStep,numberOfRobotsOnBlackSite,numberOfRobotsOnWhiteSite
983,16,17
timeStep,numberOfRobotsOnBlackSite,numberOfRobotsOnWhiteSite
984,16,17
timeStep,numberOfRobotsOnBlackSite,numberOfRobotsOnWhiteSite
985,16,17
timeStep,numberOfRobotsOnBlackSite,numberOfRobotsOnWhiteSite
986,16,17
timeStep,numberOfRobotsOnBlackSite,numberOfRobotsOnWhiteSite
987,16,17
timeStep,numberOfRobotsOnBlackSite,numberOfRobotsOnWhiteSite
988,16,17
timeStep,numberOfRobotsOnBlackSite,numberOfRobotsOnWhiteSite
989,16,17
timeStep,numberOfRobotsOnBlackSite,numberOfRobotsOnWhiteSite
990,16,17
timeStep,numberOfRobotsOnBlackSite,numberOfRobotsOnWhiteSite
991,16,17
timeStep,numberOfRobotsOnBlackSite,numberOfRobotsOnWhiteSite
992,16,17
timeStep,numberOfRobotsOnBlackSite,numberOfRobotsOnWhiteSite
993,16,17
timeStep,numberOfRobotsOnBlackSite,numberOfRobotsOnWhiteSite
994,16,17
timeStep,numberOfRobotsOnBlackSite,numberOfRobotsOnWhiteSite
995,16,17
timeStep,numberOfRobotsOnBlackSite,numberOfRobotsOnWhiteSite
996,16,17
timeStep,numberOfRobotsOnBlackSite,numberOfRobotsOnWhiteSite
997,16,17
timeStep,numberOfRobotsOnBlackSite,numberOfRobotsOnWhiteSite
998,16,17
timeStep,numberOfRobotsOnBlackSite,numberOfRobotsOnWhiteSite
999,16,17
timeStep,numberOfRobotsOnBlackSite,numberOfRobotsOnWhiteSite
1000,16,17
timeStep,numberOfRobotsOnBlackSite,numberOfRobotsOnWhiteSite
1001,16,17
timeStep,numberOfRobotsOnBlackSite,numberOfRobotsOnWhiteSite
1002,16,17
timeStep,numberOfRobotsOnBlackSite,numberOfRobotsOnWhiteSite
1003,16,17
timeStep,numberOfRobotsOnBlackSite,numberOfRobotsOnWhiteSite
1004,16,17
timeStep,numberOfRobotsOnBlackSite,numberOfRobotsOnWhiteSite
1005,16,17
timeStep,numberOfRobotsOnBlackSite,numberOfRobotsOnWhiteSite
1006,16,17
timeStep,numberOfRobotsOnBlackSite,numberOfRobotsOnWhiteSite
1007,16,17
timeStep,numberOfRobotsOnBlackSite,numberOfRobotsOnWhiteSite
1008,16,17
timeStep,numberOfRobotsOnBlackSite,numberOfRobotsOnWhiteSite
1009,16,17
timeStep,numberOfRobotsOnBlackSite,numberOfRobotsOnWhiteSite
1010,16,17
timeStep,numberOfRobotsOnBlackSite,numberOfRobotsOnWhiteSite
1011,16,17
timeStep,numberOfRobotsOnBlackSite,numberOfRobotsOnWhiteSite
1012,16,17
timeStep,numberOfRobotsOnBlackSite,numberOfRobotsOnWhiteSite
1013,16,17
timeStep,numberOfRobotsOnBlackSite,numberOfRobotsOnWhiteSite
1014,16,17
timeStep,numberOfRobotsOnBlackSite,numberOfRobotsOnWhiteSite
1015,16,17
timeStep,numberOfRobotsOnBlackSite,numberOfRobotsOnWhiteSite
1016,16,17
timeStep,numberOfRobotsOnBlackSite,numberOfRobotsOnWhiteSite
1017,16,17
timeStep,numberOfRobotsOnBlackSite,numberOfRobotsOnWhiteSite
1018,16,17
timeStep,numberOfRobotsOnBlackSite,numberOfRobotsOnWhiteSite
1019,16,17
timeStep,numberOfRobotsOnBlackSite,numberOfRobotsOnWhiteSite
1020,16,17
timeStep,numberOfRobotsOnBlackSite,numberOfRobotsOnWhiteSite
1021,16,17
timeStep,numberOfRobotsOnBlackSite,numberOfRobotsOnWhiteSite
1022,16,17
timeStep,numberOfRobotsOnBlackSite,numberOfRobotsOnWhiteSite
1023,16,17
timeStep,numberOfRobotsOnBlackSite,numberOfRobotsOnWhiteSite
1024,16,17
timeStep,numberOfRobotsOnBlackSite,numberOfRobotsOnWhiteSite
1025,16,17
timeStep,numberOfRobotsOnBlackSite,numberOfRobotsOnWhiteSite
1026,16,17
timeStep,numberOfRobotsOnBlackSite,numberOfRobotsOnWhiteSite
1027,16,17
timeStep,numberOfRobotsOnBlackSite,numberOfRobotsOnWhiteSite
1028,16,17
timeStep,numberOfRobotsOnBlackSite,numberOfRobotsOnWhiteSite
1029,16,17
timeStep,numberOfRobotsOnBlackSite,numberOfRobotsOnWhiteSite
1030,16,17
timeStep,numberOfRobotsOnBlackSite,numberOfRobotsOnWhiteSite
1031,16,17
timeStep,numberOfRobotsOnBlackSite,numberOfRobotsOnWhiteSite
1032,16,17
timeStep,numberOfRobotsOnBlackSite,numberOfRobotsOnWhiteSite
1033,16,17
timeStep,numberOfRobotsOnBlackSite,numberOfRobotsOnWhiteSite
1034,16,17
timeStep,numberOfRobotsOnBlackSite,numberOfRobotsOnWhiteSite
1035,16,17
timeStep,numberOfRobotsOnBlackSite,numberOfRobotsOnWhiteSite
1036,16,17
timeStep,numberOfRobotsOnBlackSite,numberOfRobotsOnWhiteSite
1037,16,17
timeStep,numberOfRobotsOnBlackSite,numberOfRobotsOnWhiteSite
1038,16,17
timeStep,numberOfRobotsOnBlackSite,numberOfRobotsOnWhiteSite
1039,16,17
timeStep,numberOfRobotsOnBlackSite,numberOfRobotsOnWhiteSite
1040,16,17
timeStep,numberOfRobotsOnBlackSite,numberOfRobotsOnWhiteSite
1041,16,17
timeStep,numberOfRobotsOnBlackSite,numberOfRobotsOnWhiteSite
1042,16,17
timeStep,numberOfRobotsOnBlackSite,numberOfRobotsOnWhiteSite
1043,16,17
timeStep,numberOfRobotsOnBlackSite,numberOfRobotsOnWhiteSite
1044,16,17
timeStep,numberOfRobotsOnBlackSite,numberOfRobotsOnWhiteSite
1045,16,17
timeStep,numberOfRobotsOnBlackSite,numberOfRobotsOnWhiteSite
1046,16,17
timeStep,numberOfRobotsOnBlackSite,numberOfRobotsOnWhiteSite
1047,16,17
timeStep,numberOfRobotsOnBlackSite,numberOfRobotsOnWhiteSite
1048,16,17
timeStep,numberOfRobotsOnBlackSite,numberOfRobotsOnWhiteSite
1049,16,17
timeStep,numberOfRobotsOnBlackSite,numberOfRobotsOnWhiteSite
1050,16,17
timeStep,numberOfRobotsOnBlackSite,numberOfRobotsOnWhiteSite
1051,16,17
timeStep,numberOfRobotsOnBlackSite,numberOfRobotsOnWhiteSite
1052,16,17
timeStep,numberOfRobotsOnBlackSite,numberOfRobotsOnWhiteSite
1053,16,17
timeStep,numberOfRobotsOnBlackSite,numberOfRobotsOnWhiteSite
1054,16,17
timeStep,numberOfRobotsOnBlackSite,numberOfRobotsOnWhiteSite
1055,16,17
timeStep,numberOfRobotsOnBlackSite,numberOfRobotsOnWhiteSite
1056,16,17
timeStep,numberOfRobotsOnBlackSite,numberOfRobotsOnWhiteSite
1057,16,17
timeStep,numberOfRobotsOnBlackSite,numberOfRobotsOnWhiteSite
1058,16,17
timeStep,numberOfRobotsOnBlackSite,numberOfRobotsOnWhiteSite
1059,16,17
timeStep,numberOfRobotsOnBlackSite,numberOfRobotsOnWhiteSite
1060,16,17
timeStep,numberOfRobotsOnBlackSite,numberOfRobotsOnWhiteSite
1061,16,17
timeStep,numberOfRobotsOnBlackSite,numberOfRobotsOnWhiteSite
1062,16,17
timeStep,numberOfRobotsOnBlackSite,numberOfRobotsOnWhiteSite
1063,16,17
timeStep,numberOfRobotsOnBlackSite,numberOfRobotsOnWhiteSite
1064,16,17
timeStep,numberOfRobotsOnBlackSite,numberOfRobotsOnWhiteSite
1065,16,17
timeStep,numberOfRobotsOnBlackSite,numberOfRobotsOnWhiteSite
1066,16,17
timeStep,numberOfRobotsOnBlackSite,numberOfRobotsOnWhiteSite
1067,16,17
timeStep,numberOfRobotsOnBlackSite,numberOfRobotsOnWhiteSite
1068,16,17
timeStep,numberOfRobotsOnBlackSite,numberOfRobotsOnWhiteSite
1069,16,17
timeStep,numberOfRobotsOnBlackSite,numberOfRobotsOnWhiteSite
1070,16,16
timeStep,numberOfRobotsOnBlackSite,numberOfRobotsOnWhiteSite
1071,16,16
timeStep,numberOfRobotsOnBlackSite,numberOfRobotsOnWhiteSite
1072,16,16
timeStep,numberOfRobotsOnBlackSite,numberOfRobotsOnWhiteSite
1073,16,16
timeStep,numberOfRobotsOnBlackSite,numberOfRobotsOnWhiteSite
1074,16,16
timeStep,numberOfRobotsOnBlackSite,numberOfRobotsOnWhiteSite
1075,16,16
timeStep,numberOfRobotsOnBlackSite,numberOfRobotsOnWhiteSite
1076,16,16
timeStep,numberOfRobotsOnBlackSite,numberOfRobotsOnWhiteSite
1077,16,16
timeStep,numberOfRobotsOnBlackSite,numberOfRobotsOnWhiteSite
1078,16,16
timeStep,numberOfRobotsOnBlackSite,numberOfRobotsOnWhiteSite
1079,16,16
timeStep,numberOfRobotsOnBlackSite,numberOfRobotsOnWhiteSite
1080,16,16
timeStep,numberOfRobotsOnBlackSite,numberOfRobotsOnWhiteSite
1081,16,16
timeStep,numberOfRobotsOnBlackSite,numberOfRobotsOnWhiteSite
1082,16,16
timeStep,numberOfRobotsOnBlackSite,numberOfRobotsOnWhiteSite
1083,16,16
timeStep,numberOfRobotsOnBlackSite,numberOfRobotsOnWhiteSite
1084,16,16
timeStep,numberOfRobotsOnBlackSite,numberOfRobotsOnWhiteSite
1085,16,16
timeStep,numberOfRobotsOnBlackSite,numberOfRobotsOnWhiteSite
1086,16,16
timeStep,numberOfRobotsOnBlackSite,numberOfRobotsOnWhiteSite
1087,16,16
timeStep,numberOfRobotsOnBlackSite,numberOfRobotsOnWhiteSite
1088,16,16
timeStep,numberOfRobotsOnBlackSite,numberOfRobotsOnWhiteSite
1089,16,16
timeStep,numberOfRobotsOnBlackSite,numberOfRobotsOnWhiteSite
1090,16,15
timeStep,numberOfRobotsOnBlackSite,numberOfRobotsOnWhiteSite
1091,16,15
timeStep,numberOfRobotsOnBlackSite,numberOfRobotsOnWhiteSite
1092,16,15
timeStep,numberOfRobotsOnBlackSite,numberOfRobotsOnWhiteSite
1093,16,15
timeStep,numberOfRobotsOnBlackSite,numberOfRobotsOnWhiteSite
1094,16,15
timeStep,numberOfRobotsOnBlackSite,numberOfRobotsOnWhiteSite
1095,16,15
timeStep,numberOfRobotsOnBlackSite,numberOfRobotsOnWhiteSite
1096,16,15
timeStep,numberOfRobotsOnBlackSite,numberOfRobotsOnWhiteSite
1097,16,15
timeStep,numberOfRobotsOnBlackSite,numberOfRobotsOnWhiteSite
1098,16,15
timeStep,numberOfRobotsOnBlackSite,numberOfRobotsOnWhiteSite
1099,16,15
timeStep,numberOfRobotsOnBlackSite,numberOfRobotsOnWhiteSite
1100,16,15
timeStep,numberOfRobotsOnBlackSite,numberOfRobotsOnWhiteSite
1101,16,15
timeStep,numberOfRobotsOnBlackSite,numberOfRobotsOnWhiteSite
1102,16,15
timeStep,numberOfRobotsOnBlackSite,numberOfRobotsOnWhiteSite
1103,16,15
timeStep,numberOfRobotsOnBlackSite,numberOfRobotsOnWhiteSite
1104,16,15
timeStep,numberOfRobotsOnBlackSite,numberOfRobotsOnWhiteSite
1105,16,15
timeStep,numberOfRobotsOnBlackSite,numberOfRobotsOnWhiteSite
1106,16,15
timeStep,numberOfRobotsOnBlackSite,numberOfRobotsOnWhiteSite
1107,16,15
timeStep,numberOfRobotsOnBlackSite,numberOfRobotsOnWhiteSite
1108,16,15
timeStep,numberOfRobotsOnBlackSite,numberOfRobotsOnWhiteSite
1109,16,15
timeStep,numberOfRobotsOnBlackSite,numberOfRobotsOnWhiteSite
1110,16,15
timeStep,numberOfRobotsOnBlackSite,numberOfRobotsOnWhiteSite
1111,16,15
timeStep,numberOfRobotsOnBlackSite,numberOfRobotsOnWhiteSite
1112,16,15
timeStep,numberOfRobotsOnBlackSite,numberOfRobotsOnWhiteSite
1113,16,15
timeStep,numberOfRobotsOnBlackSite,numberOfRobotsOnWhiteSite
1114,16,15
timeStep,numberOfRobotsOnBlackSite,numberOfRobotsOnWhiteSite
1115,16,15
timeStep,numberOfRobotsOnBlackSite,numberOfRobotsOnWhiteSite
1116,16,15
timeStep,numberOfRobotsOnBlackSite,numberOfRobotsOnWhiteSite
1117,16,15
timeStep,numberOfRobotsOnBlackSite,numberOfRobotsOnWhiteSite
1118,16,15
timeStep,numberOfRobotsOnBlackSite,numberOfRobotsOnWhiteSite
1119,16,15
timeStep,numberOfRobotsOnBlackSite,numberOfRobotsOnWhiteSite
1120,15,15
timeStep,numberOfRobotsOnBlackSite,numberOfRobotsOnWhiteSite
1121,15,15
timeStep,numberOfRobotsOnBlackSite,numberOfRobotsOnWhiteSite
1122,15,15
timeStep,numberOfRobotsOnBlackSite,numberOfRobotsOnWhiteSite
1123,15,15
timeStep,numberOfRobotsOnBlackSite,numberOfRobotsOnWhiteSite
1124,15,15
timeStep,numberOfRobotsOnBlackSite,numberOfRobotsOnWhiteSite
1125,15,15
timeStep,numberOfRobotsOnBlackSite,numberOfRobotsOnWhiteSite
1126,15,15
timeStep,numberOfRobotsOnBlackSite,numberOfRobotsOnWhiteSite
1127,15,15
timeStep,numberOfRobotsOnBlackSite,numberOfRobotsOnWhiteSite
1128,15,15
timeStep,numberOfRobotsOnBlackSite,numberOfRobotsOnWhiteSite
1129,15,15
timeStep,numberOfRobotsOnBlackSite,numberOfRobotsOnWhiteSite
1130,15,15
timeStep,numberOfRobotsOnBlackSite,numberOfRobotsOnWhiteSite
1131,15,15
timeStep,numberOfRobotsOnBlackSite,numberOfRobotsOnWhiteSite
1132,15,15
timeStep,numberOfRobotsOnBlackSite,numberOfRobotsOnWhiteSite
1133,15,15
timeStep,numberOfRobotsOnBlackSite,numberOfRobotsOnWhiteSite
1134,15,15
timeStep,numberOfRobotsOnBlackSite,numberOfRobotsOnWhiteSite
1135,15,15
timeStep,numberOfRobotsOnBlackSite,numberOfRobotsOnWhiteSite
1136,15,15
timeStep,numberOfRobotsOnBlackSite,numberOfRobotsOnWhiteSite
1137,15,15
timeStep,numberOfRobotsOnBlackSite,numberOfRobotsOnWhiteSite
1138,15,15
timeStep,numberOfRobotsOnBlackSite,numberOfRobotsOnWhiteSite
1139,15,15
timeStep,numberOfRobotsOnBlackSite,numberOfRobotsOnWhiteSite
1140,15,15
timeStep,numberOfRobotsOnBlackSite,numberOfRobotsOnWhiteSite
1141,15,15
timeStep,numberOfRobotsOnBlackSite,numberOfRobotsOnWhiteSite
1142,15,15
timeStep,numberOfRobotsOnBlackSite,numberOfRobotsOnWhiteSite
1143,15,15
timeStep,numberOfRobotsOnBlackSite,numberOfRobotsOnWhiteSite
1144,15,15
timeStep,numberOfRobotsOnBlackSite,numberOfRobotsOnWhiteSite
1145,16,15
timeStep,numberOfRobotsOnBlackSite,numberOfRobotsOnWhiteSite
1146,16,15
timeStep,numberOfRobotsOnBlackSite,numberOfRobotsOnWhiteSite
1147,16,15
timeStep,numberOfRobotsOnBlackSite,numberOfRobotsOnWhiteSite
1148,16,15
timeStep,numberOfRobotsOnBlackSite,numberOfRobotsOnWhiteSite
1149,16,15
timeStep,numberOfRobotsOnBlackSite,numberOfRobotsOnWhiteSite
1150,16,15
timeStep,numberOfRobotsOnBlackSite,numberOfRobotsOnWhiteSite
1151,16,15
timeStep,numberOfRobotsOnBlackSite,numberOfRobotsOnWhiteSite
1152,16,15
timeStep,numberOfRobotsOnBlackSite,numberOfRobotsOnWhiteSite
1153,16,15
timeStep,numberOfRobotsOnBlackSite,numberOfRobotsOnWhiteSite
1154,16,15
timeStep,numberOfRobotsOnBlackSite,numberOfRobotsOnWhiteSite
1155,16,15
timeStep,numberOfRobotsOnBlackSite,numberOfRobotsOnWhiteSite
1156,16,15
timeStep,numberOfRobotsOnBlackSite,numberOfRobotsOnWhiteSite
1157,16,15
timeStep,numberOfRobotsOnBlackSite,numberOfRobotsOnWhiteSite
1158,16,15
timeStep,numberOfRobotsOnBlackSite,numberOfRobotsOnWhiteSite
1159,16,15
timeStep,numberOfRobotsOnBlackSite,numberOfRobotsOnWhiteSite
1160,16,15
timeStep,numberOfRobotsOnBlackSite,numberOfRobotsOnWhiteSite
1161,16,15
timeStep,numberOfRobotsOnBlackSite,numberOfRobotsOnWhiteSite
1162,16,15
timeStep,numberOfRobotsOnBlackSite,numberOfRobotsOnWhiteSite
1163,16,15
timeStep,numberOfRobotsOnBlackSite,numberOfRobotsOnWhiteSite
1164,16,15
timeStep,numberOfRobotsOnBlackSite,numberOfRobotsOnWhiteSite
1165,16,15
timeStep,numberOfRobotsOnBlackSite,numberOfRobotsOnWhiteSite
1166,16,15
timeStep,numberOfRobotsOnBlackSite,numberOfRobotsOnWhiteSite
1167,16,15
timeStep,numberOfRobotsOnBlackSite,numberOfRobotsOnWhiteSite
1168,16,15
timeStep,numberOfRobotsOnBlackSite,numberOfRobotsOnWhiteSite
1169,16,15
timeStep,numberOfRobotsOnBlackSite,numberOfRobotsOnWhiteSite
1170,16,15
timeStep,numberOfRobotsOnBlackSite,numberOfRobotsOnWhiteSite
1171,16,15
timeStep,numberOfRobotsOnBlackSite,numberOfRobotsOnWhiteSite
1172,16,15
timeStep,numberOfRobotsOnBlackSite,numberOfRobotsOnWhiteSite
1173,16,15
timeStep,numberOfRobotsOnBlackSite,numberOfRobotsOnWhiteSite
1174,16,15
timeStep,numberOfRobotsOnBlackSite,numberOfRobotsOnWhiteSite
1175,16,15
timeStep,numberOfRobotsOnBlackSite,numberOfRobotsOnWhiteSite
1176,16,15
timeStep,numberOfRobotsOnBlackSite,numberOfRobotsOnWhiteSite
1177,16,15
timeStep,numberOfRobotsOnBlackSite,numberOfRobotsOnWhiteSite
1178,16,15
timeStep,numberOfRobotsOnBlackSite,numberOfRobotsOnWhiteSite
1179,16,15
timeStep,numberOfRobotsOnBlackSite,numberOfRobotsOnWhiteSite
1180,16,15
timeStep,numberOfRobotsOnBlackSite,numberOfRobotsOnWhiteSite
1181,16,15
timeStep,numberOfRobotsOnBlackSite,numberOfRobotsOnWhiteSite
1182,16,15
timeStep,numberOfRobotsOnBlackSite,numberOfRobotsOnWhiteSite
1183,16,15
timeStep,numberOfRobotsOnBlackSite,numberOfRobotsOnWhiteSite
1184,16,15
timeStep,numberOfRobotsOnBlackSite,numberOfRobotsOnWhiteSite
1185,16,15
timeStep,numberOfRobotsOnBlackSite,numberOfRobotsOnWhiteSite
1186,16,15
timeStep,numberOfRobotsOnBlackSite,numberOfRobotsOnWhiteSite
1187,16,15
timeStep,numberOfRobotsOnBlackSite,numberOfRobotsOnWhiteSite
1188,16,15
timeStep,numberOfRobotsOnBlackSite,numberOfRobotsOnWhiteSite
1189,16,15
timeStep,numberOfRobotsOnBlackSite,numberOfRobotsOnWhiteSite
1190,16,15
timeStep,numberOfRobotsOnBlackSite,numberOfRobotsOnWhiteSite
1191,16,15
timeStep,numberOfRobotsOnBlackSite,numberOfRobotsOnWhiteSite
1192,16,15
timeStep,numberOfRobotsOnBlackSite,numberOfRobotsOnWhiteSite
1193,16,15
timeStep,numberOfRobotsOnBlackSite,numberOfRobotsOnWhiteSite
1194,16,15
timeStep,numberOfRobotsOnBlackSite,numberOfRobotsOnWhiteSite
1195,16,15
timeStep,numberOfRobotsOnBlackSite,numberOfRobotsOnWhiteSite
1196,16,15
timeStep,numberOfRobotsOnBlackSite,numberOfRobotsOnWhiteSite
1197,16,15
timeStep,numberOfRobotsOnBlackSite,numberOfRobotsOnWhiteSite
1198,16,15
timeStep,numberOfRobotsOnBlackSite,numberOfRobotsOnWhiteSite
1199,16,15
timeStep,numberOfRobotsOnBlackSite,numberOfRobotsOnWhiteSite
1200,16,16
timeStep,numberOfRobotsOnBlackSite,numberOfRobotsOnWhiteSite
1201,16,16
timeStep,numberOfRobotsOnBlackSite,numberOfRobotsOnWhiteSite
1202,16,16
timeStep,numberOfRobotsOnBlackSite,numberOfRobotsOnWhiteSite
1203,16,16
timeStep,numberOfRobotsOnBlackSite,numberOfRobotsOnWhiteSite
1204,16,16
timeStep,numberOfRobotsOnBlackSite,numberOfRobotsOnWhiteSite
1205,17,16
timeStep,numberOfRobotsOnBlackSite,numberOfRobotsOnWhiteSite
1206,17,16
timeStep,numberOfRobotsOnBlackSite,numberOfRobotsOnWhiteSite
1207,17,16
timeStep,numberOfRobotsOnBlackSite,numberOfRobotsOnWhiteSite
1208,17,16
timeStep,numberOfRobotsOnBlackSite,numberOfRobotsOnWhiteSite
1209,17,16
timeStep,numberOfRobotsOnBlackSite,numberOfRobotsOnWhiteSite
1210,16,16
timeStep,numberOfRobotsOnBlackSite,numberOfRobotsOnWhiteSite
1211,16,16
timeStep,numberOfRobotsOnBlackSite,numberOfRobotsOnWhiteSite
1212,16,16
timeStep,numberOfRobotsOnBlackSite,numberOfRobotsOnWhiteSite
1213,16,16
timeStep,numberOfRobotsOnBlackSite,numberOfRobotsOnWhiteSite
1214,16,16
timeStep,numberOfRobotsOnBlackSite,numberOfRobotsOnWhiteSite
1215,16,16
timeStep,numberOfRobotsOnBlackSite,numberOfRobotsOnWhiteSite
1216,16,16
timeStep,numberOfRobotsOnBlackSite,numberOfRobotsOnWhiteSite
1217,16,16
timeStep,numberOfRobotsOnBlackSite,numberOfRobotsOnWhiteSite
1218,16,16
timeStep,numberOfRobotsOnBlackSite,numberOfRobotsOnWhiteSite
1219,16,16
timeStep,numberOfRobotsOnBlackSite,numberOfRobotsOnWhiteSite
1220,16,17
timeStep,numberOfRobotsOnBlackSite,numberOfRobotsOnWhiteSite
1221,16,17
timeStep,numberOfRobotsOnBlackSite,numberOfRobotsOnWhiteSite
1222,16,17
timeStep,numberOfRobotsOnBlackSite,numberOfRobotsOnWhiteSite
1223,16,17
timeStep,numberOfRobotsOnBlackSite,numberOfRobotsOnWhiteSite
1224,16,17
timeStep,numberOfRobotsOnBlackSite,numberOfRobotsOnWhiteSite
1225,16,17
timeStep,numberOfRobotsOnBlackSite,numberOfRobotsOnWhiteSite
1226,16,17
timeStep,numberOfRobotsOnBlackSite,numberOfRobotsOnWhiteSite
1227,16,17
timeStep,numberOfRobotsOnBlackSite,numberOfRobotsOnWhiteSite
1228,16,17
timeStep,numberOfRobotsOnBlackSite,numberOfRobotsOnWhiteSite
1229,16,17
timeStep,numberOfRobotsOnBlackSite,numberOfRobotsOnWhiteSite
1230,15,17
timeStep,numberOfRobotsOnBlackSite,numberOfRobotsOnWhiteSite
1231,15,17
timeStep,numberOfRobotsOnBlackSite,numberOfRobotsOnWhiteSite
1232,15,17
timeStep,numberOfRobotsOnBlackSite,numberOfRobotsOnWhiteSite
1233,15,17
timeStep,numberOfRobotsOnBlackSite,numberOfRobotsOnWhiteSite
1234,15,17
timeStep,numberOfRobotsOnBlackSite,numberOfRobotsOnWhiteSite
1235,15,17
timeStep,numberOfRobotsOnBlackSite,numberOfRobotsOnWhiteSite
1236,15,17
timeStep,numberOfRobotsOnBlackSite,numberOfRobotsOnWhiteSite
1237,15,17
timeStep,numberOfRobotsOnBlackSite,numberOfRobotsOnWhiteSite
1238,15,17
timeStep,numberOfRobotsOnBlackSite,numberOfRobotsOnWhiteSite
1239,15,17
timeStep,numberOfRobotsOnBlackSite,numberOfRobotsOnWhiteSite
1240,15,17
timeStep,numberOfRobotsOnBlackSite,numberOfRobotsOnWhiteSite
1241,15,17
timeStep,numberOfRobotsOnBlackSite,numberOfRobotsOnWhiteSite
1242,15,17
timeStep,numberOfRobotsOnBlackSite,numberOfRobotsOnWhiteSite
1243,15,17
timeStep,numberOfRobotsOnBlackSite,numberOfRobotsOnWhiteSite
1244,15,17
timeStep,numberOfRobotsOnBlackSite,numberOfRobotsOnWhiteSite
1245,15,17
timeStep,numberOfRobotsOnBlackSite,numberOfRobotsOnWhiteSite
1246,15,17
timeStep,numberOfRobotsOnBlackSite,numberOfRobotsOnWhiteSite
1247,15,17
timeStep,numberOfRobotsOnBlackSite,numberOfRobotsOnWhiteSite
1248,15,17
timeStep,numberOfRobotsOnBlackSite,numberOfRobotsOnWhiteSite
1249,15,17
timeStep,numberOfRobotsOnBlackSite,numberOfRobotsOnWhiteSite
1250,15,17
timeStep,numberOfRobotsOnBlackSite,numberOfRobotsOnWhiteSite
1251,15,17
timeStep,numberOfRobotsOnBlackSite,numberOfRobotsOnWhiteSite
1252,15,17
timeStep,numberOfRobotsOnBlackSite,numberOfRobotsOnWhiteSite
1253,15,17
timeStep,numberOfRobotsOnBlackSite,numberOfRobotsOnWhiteSite
1254,15,17
timeStep,numberOfRobotsOnBlackSite,numberOfRobotsOnWhiteSite
1255,15,17
timeStep,numberOfRobotsOnBlackSite,numberOfRobotsOnWhiteSite
1256,15,17
timeStep,numberOfRobotsOnBlackSite,numberOfRobotsOnWhiteSite
1257,15,17
timeStep,numberOfRobotsOnBlackSite,numberOfRobotsOnWhiteSite
1258,15,17
timeStep,numberOfRobotsOnBlackSite,numberOfRobotsOnWhiteSite
1259,15,17
timeStep,numberOfRobotsOnBlackSite,numberOfRobotsOnWhiteSite
1260,15,16
timeStep,numberOfRobotsOnBlackSite,numberOfRobotsOnWhiteSite
1261,15,16
timeStep,numberOfRobotsOnBlackSite,numberOfRobotsOnWhiteSite
1262,15,16
timeStep,numberOfRobotsOnBlackSite,numberOfRobotsOnWhiteSite
1263,15,16
timeStep,numberOfRobotsOnBlackSite,numberOfRobotsOnWhiteSite
1264,15,16
timeStep,numberOfRobotsOnBlackSite,numberOfRobotsOnWhiteSite
1265,15,16
timeStep,numberOfRobotsOnBlackSite,numberOfRobotsOnWhiteSite
1266,15,16
timeStep,numberOfRobotsOnBlackSite,numberOfRobotsOnWhiteSite
1267,15,16
timeStep,numberOfRobotsOnBlackSite,numberOfRobotsOnWhiteSite
1268,15,16
timeStep,numberOfRobotsOnBlackSite,numberOfRobotsOnWhiteSite
1269,15,16
timeStep,numberOfRobotsOnBlackSite,numberOfRobotsOnWhiteSite
1270,15,16
timeStep,numberOfRobotsOnBlackSite,numberOfRobotsOnWhiteSite
1271,15,16
timeStep,numberOfRobotsOnBlackSite,numberOfRobotsOnWhiteSite
1272,15,16
timeStep,numberOfRobotsOnBlackSite,numberOfRobotsOnWhiteSite
1273,15,16
timeStep,numberOfRobotsOnBlackSite,numberOfRobotsOnWhiteSite
1274,15,16
timeStep,numberOfRobotsOnBlackSite,numberOfRobotsOnWhiteSite
1275,14,16
timeStep,numberOfRobotsOnBlackSite,numberOfRobotsOnWhiteSite
1276,14,16
timeStep,numberOfRobotsOnBlackSite,numberOfRobotsOnWhiteSite
1277,14,16
timeStep,numberOfRobotsOnBlackSite,numberOfRobotsOnWhiteSite
1278,14,16
timeStep,numberOfRobotsOnBlackSite,numberOfRobotsOnWhiteSite
1279,14,16
timeStep,numberOfRobotsOnBlackSite,numberOfRobotsOnWhiteSite
1280,14,16
timeStep,numberOfRobotsOnBlackSite,numberOfRobotsOnWhiteSite
1281,14,16
timeStep,numberOfRobotsOnBlackSite,numberOfRobotsOnWhiteSite
1282,14,16
timeStep,numberOfRobotsOnBlackSite,numberOfRobotsOnWhiteSite
1283,14,16
timeStep,numberOfRobotsOnBlackSite,numberOfRobotsOnWhiteSite
1284,14,16
timeStep,numberOfRobotsOnBlackSite,numberOfRobotsOnWhiteSite
1285,14,16
timeStep,numberOfRobotsOnBlackSite,numberOfRobotsOnWhiteSite
1286,14,16
timeStep,numberOfRobotsOnBlackSite,numberOfRobotsOnWhiteSite
1287,14,16
timeStep,numberOfRobotsOnBlackSite,numberOfRobotsOnWhiteSite
1288,14,16
timeStep,numberOfRobotsOnBlackSite,numberOfRobotsOnWhiteSite
1289,14,16
timeStep,numberOfRobotsOnBlackSite,numberOfRobotsOnWhiteSite
1290,14,16
timeStep,numberOfRobotsOnBlackSite,numberOfRobotsOnWhiteSite
1291,14,16
timeStep,numberOfRobotsOnBlackSite,numberOfRobotsOnWhiteSite
1292,14,16
timeStep,numberOfRobotsOnBlackSite,numberOfRobotsOnWhiteSite
1293,14,16
timeStep,numberOfRobotsOnBlackSite,numberOfRobotsOnWhiteSite
1294,14,16
timeStep,numberOfRobotsOnBlackSite,numberOfRobotsOnWhiteSite
1295,14,16
timeStep,numberOfRobotsOnBlackSite,numberOfRobotsOnWhiteSite
1296,14,16
timeStep,numberOfRobotsOnBlackSite,numberOfRobotsOnWhiteSite
1297,14,16
timeStep,numberOfRobotsOnBlackSite,numberOfRobotsOnWhiteSite
1298,14,16
timeStep,numberOfRobotsOnBlackSite,numberOfRobotsOnWhiteSite
1299,14,16
timeStep,numberOfRobotsOnBlackSite,numberOfRobotsOnWhiteSite
1300,14,16
timeStep,numberOfRobotsOnBlackSite,numberOfRobotsOnWhiteSite
1301,14,16
timeStep,numberOfRobotsOnBlackSite,numberOfRobotsOnWhiteSite
1302,14,16
timeStep,numberOfRobotsOnBlackSite,numberOfRobotsOnWhiteSite
1303,14,16
timeStep,numberOfRobotsOnBlackSite,numberOfRobotsOnWhiteSite
1304,14,16
timeStep,numberOfRobotsOnBlackSite,numberOfRobotsOnWhiteSite
1305,14,16
timeStep,numberOfRobotsOnBlackSite,numberOfRobotsOnWhiteSite
1306,14,16
timeStep,numberOfRobotsOnBlackSite,numberOfRobotsOnWhiteSite
1307,14,16
timeStep,numberOfRobotsOnBlackSite,numberOfRobotsOnWhiteSite
1308,14,16
timeStep,numberOfRobotsOnBlackSite,numberOfRobotsOnWhiteSite
1309,14,16
timeStep,numberOfRobotsOnBlackSite,numberOfRobotsOnWhiteSite
1310,14,16
timeStep,numberOfRobotsOnBlackSite,numberOfRobotsOnWhiteSite
1311,14,16
timeStep,numberOfRobotsOnBlackSite,numberOfRobotsOnWhiteSite
1312,14,16
timeStep,numberOfRobotsOnBlackSite,numberOfRobotsOnWhiteSite
1313,14,16
timeStep,numberOfRobotsOnBlackSite,numberOfRobotsOnWhiteSite
1314,14,16
timeStep,numberOfRobotsOnBlackSite,numberOfRobotsOnWhiteSite
1315,14,16
timeStep,numberOfRobotsOnBlackSite,numberOfRobotsOnWhiteSite
1316,14,16
timeStep,numberOfRobotsOnBlackSite,numberOfRobotsOnWhiteSite
1317,14,16
timeStep,numberOfRobotsOnBlackSite,numberOfRobotsOnWhiteSite
1318,14,16
timeStep,numberOfRobotsOnBlackSite,numberOfRobotsOnWhiteSite
1319,14,16
timeStep,numberOfRobotsOnBlackSite,numberOfRobotsOnWhiteSite
1320,14,16
timeStep,numberOfRobotsOnBlackSite,numberOfRobotsOnWhiteSite
1321,14,16
timeStep,numberOfRobotsOnBlackSite,numberOfRobotsOnWhiteSite
1322,14,16
timeStep,numberOfRobotsOnBlackSite,numberOfRobotsOnWhiteSite
1323,14,16
timeStep,numberOfRobotsOnBlackSite,numberOfRobotsOnWhiteSite
1324,14,16
timeStep,numberOfRobotsOnBlackSite,numberOfRobotsOnWhiteSite
1325,14,16
timeStep,numberOfRobotsOnBlackSite,numberOfRobotsOnWhiteSite
1326,14,16
timeStep,numberOfRobotsOnBlackSite,numberOfRobotsOnWhiteSite
1327,14,16
timeStep,numberOfRobotsOnBlackSite,numberOfRobotsOnWhiteSite
1328,14,16
timeStep,numberOfRobotsOnBlackSite,numberOfRobotsOnWhiteSite
1329,14,16
timeStep,numberOfRobotsOnBlackSite,numberOfRobotsOnWhiteSite
1330,14,16
timeStep,numberOfRobotsOnBlackSite,numberOfRobotsOnWhiteSite
1331,14,16
timeStep,numberOfRobotsOnBlackSite,numberOfRobotsOnWhiteSite
1332,14,16
timeStep,numberOfRobotsOnBlackSite,numberOfRobotsOnWhiteSite
1333,14,16
timeStep,numberOfRobotsOnBlackSite,numberOfRobotsOnWhiteSite
1334,14,16
timeStep,numberOfRobotsOnBlackSite,numberOfRobotsOnWhiteSite
1335,14,16
timeStep,numberOfRobotsOnBlackSite,numberOfRobotsOnWhiteSite
1336,14,16
timeStep,numberOfRobotsOnBlackSite,numberOfRobotsOnWhiteSite
1337,14,16
timeStep,numberOfRobotsOnBlackSite,numberOfRobotsOnWhiteSite
1338,14,16
timeStep,numberOfRobotsOnBlackSite,numberOfRobotsOnWhiteSite
1339,14,16
timeStep,numberOfRobotsOnBlackSite,numberOfRobotsOnWhiteSite
1340,15,16
timeStep,numberOfRobotsOnBlackSite,numberOfRobotsOnWhiteSite
1341,15,16
timeStep,numberOfRobotsOnBlackSite,numberOfRobotsOnWhiteSite
1342,15,16
timeStep,numberOfRobotsOnBlackSite,numberOfRobotsOnWhiteSite
1343,15,16
timeStep,numberOfRobotsOnBlackSite,numberOfRobotsOnWhiteSite
1344,15,16
timeStep,numberOfRobotsOnBlackSite,numberOfRobotsOnWhiteSite
1345,15,16
timeStep,numberOfRobotsOnBlackSite,numberOfRobotsOnWhiteSite
1346,15,16
timeStep,numberOfRobotsOnBlackSite,numberOfRobotsOnWhiteSite
1347,15,16
timeStep,numberOfRobotsOnBlackSite,numberOfRobotsOnWhiteSite
1348,15,16
timeStep,numberOfRobotsOnBlackSite,numberOfRobotsOnWhiteSite
1349,15,16
timeStep,numberOfRobotsOnBlackSite,numberOfRobotsOnWhiteSite
1350,15,16
timeStep,numberOfRobotsOnBlackSite,numberOfRobotsOnWhiteSite
1351,15,16
timeStep,numberOfRobotsOnBlackSite,numberOfRobotsOnWhiteSite
1352,15,16
timeStep,numberOfRobotsOnBlackSite,numberOfRobotsOnWhiteSite
1353,15,16
timeStep,numberOfRobotsOnBlackSite,numberOfRobotsOnWhiteSite
1354,15,16
timeStep,numberOfRobotsOnBlackSite,numberOfRobotsOnWhiteSite
1355,15,16
timeStep,numberOfRobotsOnBlackSite,numberOfRobotsOnWhiteSite
1356,15,16
timeStep,numberOfRobotsOnBlackSite,numberOfRobotsOnWhiteSite
1357,15,16
timeStep,numberOfRobotsOnBlackSite,numberOfRobotsOnWhiteSite
1358,15,16
timeStep,numberOfRobotsOnBlackSite,numberOfRobotsOnWhiteSite
1359,15,16
timeStep,numberOfRobotsOnBlackSite,numberOfRobotsOnWhiteSite
1360,15,16
timeStep,numberOfRobotsOnBlackSite,numberOfRobotsOnWhiteSite
1361,15,16
timeStep,numberOfRobotsOnBlackSite,numberOfRobotsOnWhiteSite
1362,15,16
timeStep,numberOfRobotsOnBlackSite,numberOfRobotsOnWhiteSite
1363,15,16
timeStep,numberOfRobotsOnBlackSite,numberOfRobotsOnWhiteSite
1364,15,16
timeStep,numberOfRobotsOnBlackSite,numberOfRobotsOnWhiteSite
1365,15,16
timeStep,numberOfRobotsOnBlackSite,numberOfRobotsOnWhiteSite
1366,15,16
timeStep,numberOfRobotsOnBlackSite,numberOfRobotsOnWhiteSite
1367,15,16
timeStep,numberOfRobotsOnBlackSite,numberOfRobotsOnWhiteSite
1368,15,16
timeStep,numberOfRobotsOnBlackSite,numberOfRobotsOnWhiteSite
1369,15,16
timeStep,numberOfRobotsOnBlackSite,numberOfRobotsOnWhiteSite
1370,15,16
timeStep,numberOfRobotsOnBlackSite,numberOfRobotsOnWhiteSite
1371,15,16
timeStep,numberOfRobotsOnBlackSite,numberOfRobotsOnWhiteSite
1372,15,16
timeStep,numberOfRobotsOnBlackSite,numberOfRobotsOnWhiteSite
1373,15,16
timeStep,numberOfRobotsOnBlackSite,numberOfRobotsOnWhiteSite
1374,15,16
timeStep,numberOfRobotsOnBlackSite,numberOfRobotsOnWhiteSite
1375,15,16
timeStep,numberOfRobotsOnBlackSite,numberOfRobotsOnWhiteSite
1376,15,16
timeStep,numberOfRobotsOnBlackSite,numberOfRobotsOnWhiteSite
1377,15,16
timeStep,numberOfRobotsOnBlackSite,numberOfRobotsOnWhiteSite
1378,15,16
timeStep,numberOfRobotsOnBlackSite,numberOfRobotsOnWhiteSite
1379,15,16
timeStep,numberOfRobotsOnBlackSite,numberOfRobotsOnWhiteSite
1380,15,16
timeStep,numberOfRobotsOnBlackSite,numberOfRobotsOnWhiteSite
1381,15,16
timeStep,numberOfRobotsOnBlackSite,numberOfRobotsOnWhiteSite
1382,15,16
timeStep,numberOfRobotsOnBlackSite,numberOfRobotsOnWhiteSite
1383,15,16
timeStep,numberOfRobotsOnBlackSite,numberOfRobotsOnWhiteSite
1384,15,16
timeStep,numberOfRobotsOnBlackSite,numberOfRobotsOnWhiteSite
1385,15,16
timeStep,numberOfRobotsOnBlackSite,numberOfRobotsOnWhiteSite
1386,15,16
timeStep,numberOfRobotsOnBlackSite,numberOfRobotsOnWhiteSite
1387,15,16
timeStep,numberOfRobotsOnBlackSite,numberOfRobotsOnWhiteSite
1388,15,16
timeStep,numberOfRobotsOnBlackSite,numberOfRobotsOnWhiteSite
1389,15,16
timeStep,numberOfRobotsOnBlackSite,numberOfRobotsOnWhiteSite
1390,15,16
timeStep,numberOfRobotsOnBlackSite,numberOfRobotsOnWhiteSite
1391,15,16
timeStep,numberOfRobotsOnBlackSite,numberOfRobotsOnWhiteSite
1392,15,16
timeStep,numberOfRobotsOnBlackSite,numberOfRobotsOnWhiteSite
1393,15,16
timeStep,numberOfRobotsOnBlackSite,numberOfRobotsOnWhiteSite
1394,15,16
timeStep,numberOfRobotsOnBlackSite,numberOfRobotsOnWhiteSite
1395,15,16
timeStep,numberOfRobotsOnBlackSite,numberOfRobotsOnWhiteSite
1396,15,16
timeStep,numberOfRobotsOnBlackSite,numberOfRobotsOnWhiteSite
1397,15,16
timeStep,numberOfRobotsOnBlackSite,numberOfRobotsOnWhiteSite
1398,15,16
timeStep,numberOfRobotsOnBlackSite,numberOfRobotsOnWhiteSite
1399,15,16
timeStep,numberOfRobotsOnBlackSite,numberOfRobotsOnWhiteSite
1400,15,16
timeStep,numberOfRobotsOnBlackSite,numberOfRobotsOnWhiteSite
1401,15,16
timeStep,numberOfRobotsOnBlackSite,numberOfRobotsOnWhiteSite
1402,15,16
timeStep,numberOfRobotsOnBlackSite,numberOfRobotsOnWhiteSite
1403,15,16
timeStep,numberOfRobotsOnBlackSite,numberOfRobotsOnWhiteSite
1404,15,16
timeStep,numberOfRobotsOnBlackSite,numberOfRobotsOnWhiteSite
1405,15,16
timeStep,numberOfRobotsOnBlackSite,numberOfRobotsOnWhiteSite
1406,15,16
timeStep,numberOfRobotsOnBlackSite,numberOfRobotsOnWhiteSite
1407,15,16
timeStep,numberOfRobotsOnBlackSite,numberOfRobotsOnWhiteSite
1408,15,16
timeStep,numberOfRobotsOnBlackSite,numberOfRobotsOnWhiteSite
1409,15,16
timeStep,numberOfRobotsOnBlackSite,numberOfRobotsOnWhiteSite
1410,15,17
timeStep,numberOfRobotsOnBlackSite,numberOfRobotsOnWhiteSite
1411,15,17
timeStep,numberOfRobotsOnBlackSite,numberOfRobotsOnWhiteSite
1412,15,17
timeStep,numberOfRobotsOnBlackSite,numberOfRobotsOnWhiteSite
1413,15,17
timeStep,numberOfRobotsOnBlackSite,numberOfRobotsOnWhiteSite
1414,15,17
timeStep,numberOfRobotsOnBlackSite,numberOfRobotsOnWhiteSite
1415,15,17
timeStep,numberOfRobotsOnBlackSite,numberOfRobotsOnWhiteSite
1416,15,17
timeStep,numberOfRobotsOnBlackSite,numberOfRobotsOnWhiteSite
1417,15,17
timeStep,numberOfRobotsOnBlackSite,numberOfRobotsOnWhiteSite
1418,15,17
timeStep,numberOfRobotsOnBlackSite,numberOfRobotsOnWhiteSite
1419,15,17
timeStep,numberOfRobotsOnBlackSite,numberOfRobotsOnWhiteSite
1420,15,17
timeStep,numberOfRobotsOnBlackSite,numberOfRobotsOnWhiteSite
1421,15,17
timeStep,numberOfRobotsOnBlackSite,numberOfRobotsOnWhiteSite
1422,15,17
timeStep,numberOfRobotsOnBlackSite,numberOfRobotsOnWhiteSite
1423,15,17
timeStep,numberOfRobotsOnBlackSite,numberOfRobotsOnWhiteSite
1424,15,17
timeStep,numberOfRobotsOnBlackSite,numberOfRobotsOnWhiteSite
1425,15,17
timeStep,numberOfRobotsOnBlackSite,numberOfRobotsOnWhiteSite
1426,15,17
timeStep,numberOfRobotsOnBlackSite,numberOfRobotsOnWhiteSite
1427,15,17
timeStep,numberOfRobotsOnBlackSite,numberOfRobotsOnWhiteSite
1428,15,17
timeStep,numberOfRobotsOnBlackSite,numberOfRobotsOnWhiteSite
1429,15,17
timeStep,numberOfRobotsOnBlackSite,numberOfRobotsOnWhiteSite
1430,16,17
timeStep,numberOfRobotsOnBlackSite,numberOfRobotsOnWhiteSite
1431,16,17
timeStep,numberOfRobotsOnBlackSite,numberOfRobotsOnWhiteSite
1432,16,17
timeStep,numberOfRobotsOnBlackSite,numberOfRobotsOnWhiteSite
1433,16,17
timeStep,numberOfRobotsOnBlackSite,numberOfRobotsOnWhiteSite
1434,16,17
timeStep,numberOfRobotsOnBlackSite,numberOfRobotsOnWhiteSite
1435,16,17
timeStep,numberOfRobotsOnBlackSite,numberOfRobotsOnWhiteSite
1436,16,17
timeStep,numberOfRobotsOnBlackSite,numberOfRobotsOnWhiteSite
1437,16,17
timeStep,numberOfRobotsOnBlackSite,numberOfRobotsOnWhiteSite
1438,16,17
timeStep,numberOfRobotsOnBlackSite,numberOfRobotsOnWhiteSite
1439,16,17
timeStep,numberOfRobotsOnBlackSite,numberOfRobotsOnWhiteSite
1440,15,17
timeStep,numberOfRobotsOnBlackSite,numberOfRobotsOnWhiteSite
1441,15,17
timeStep,numberOfRobotsOnBlackSite,numberOfRobotsOnWhiteSite
1442,15,17
timeStep,numberOfRobotsOnBlackSite,numberOfRobotsOnWhiteSite
1443,15,17
timeStep,numberOfRobotsOnBlackSite,numberOfRobotsOnWhiteSite
1444,15,17
timeStep,numberOfRobotsOnBlackSite,numberOfRobotsOnWhiteSite
1445,15,17
timeStep,numberOfRobotsOnBlackSite,numberOfRobotsOnWhiteSite
1446,15,17
timeStep,numberOfRobotsOnBlackSite,numberOfRobotsOnWhiteSite
1447,15,17
timeStep,numberOfRobotsOnBlackSite,numberOfRobotsOnWhiteSite
1448,15,17
timeStep,numberOfRobotsOnBlackSite,numberOfRobotsOnWhiteSite
1449,15,17
timeStep,numberOfRobotsOnBlackSite,numberOfRobotsOnWhiteSite
1450,15,17
timeStep,numberOfRobotsOnBlackSite,numberOfRobotsOnWhiteSite
1451,15,17
timeStep,numberOfRobotsOnBlackSite,numberOfRobotsOnWhiteSite
1452,15,17
timeStep,numberOfRobotsOnBlackSite,numberOfRobotsOnWhiteSite
1453,15,17
timeStep,numberOfRobotsOnBlackSite,numberOfRobotsOnWhiteSite
1454,15,17
timeStep,numberOfRobotsOnBlackSite,numberOfRobotsOnWhiteSite
1455,15,17
timeStep,numberOfRobotsOnBlackSite,numberOfRobotsOnWhiteSite
1456,15,17
timeStep,numberOfRobotsOnBlackSite,numberOfRobotsOnWhiteSite
1457,15,17
timeStep,numberOfRobotsOnBlackSite,numberOfRobotsOnWhiteSite
1458,15,17
timeStep,numberOfRobotsOnBlackSite,numberOfRobotsOnWhiteSite
1459,15,17
timeStep,numberOfRobotsOnBlackSite,numberOfRobotsOnWhiteSite
1460,15,17
timeStep,numberOfRobotsOnBlackSite,numberOfRobotsOnWhiteSite
1461,15,17
timeStep,numberOfRobotsOnBlackSite,numberOfRobotsOnWhiteSite
1462,15,17
timeStep,numberOfRobotsOnBlackSite,numberOfRobotsOnWhiteSite
1463,15,17
timeStep,numberOfRobotsOnBlackSite,numberOfRobotsOnWhiteSite
1464,15,17
timeStep,numberOfRobotsOnBlackSite,numberOfRobotsOnWhiteSite
1465,15,17
timeStep,numberOfRobotsOnBlackSite,numberOfRobotsOnWhiteSite
1466,15,17
timeStep,numberOfRobotsOnBlackSite,numberOfRobotsOnWhiteSite
1467,15,17
timeStep,numberOfRobotsOnBlackSite,numberOfRobotsOnWhiteSite
1468,15,17
timeStep,numberOfRobotsOnBlackSite,numberOfRobotsOnWhiteSite
1469,15,17
timeStep,numberOfRobotsOnBlackSite,numberOfRobotsOnWhiteSite
1470,15,17
timeStep,numberOfRobotsOnBlackSite,numberOfRobotsOnWhiteSite
1471,15,17
timeStep,numberOfRobotsOnBlackSite,numberOfRobotsOnWhiteSite
1472,15,17
timeStep,numberOfRobotsOnBlackSite,numberOfRobotsOnWhiteSite
1473,15,17
timeStep,numberOfRobotsOnBlackSite,numberOfRobotsOnWhiteSite
1474,15,17
timeStep,numberOfRobotsOnBlackSite,numberOfRobotsOnWhiteSite
1475,15,17
timeStep,numberOfRobotsOnBlackSite,numberOfRobotsOnWhiteSite
1476,15,17
timeStep,numberOfRobotsOnBlackSite,numberOfRobotsOnWhiteSite
1477,15,17
timeStep,numberOfRobotsOnBlackSite,numberOfRobotsOnWhiteSite
1478,15,17
timeStep,numberOfRobotsOnBlackSite,numberOfRobotsOnWhiteSite
1479,15,17
timeStep,numberOfRobotsOnBlackSite,numberOfRobotsOnWhiteSite
1480,15,17
timeStep,numberOfRobotsOnBlackSite,numberOfRobotsOnWhiteSite
1481,15,17
timeStep,numberOfRobotsOnBlackSite,numberOfRobotsOnWhiteSite
1482,15,17
timeStep,numberOfRobotsOnBlackSite,numberOfRobotsOnWhiteSite
1483,15,17
timeStep,numberOfRobotsOnBlackSite,numberOfRobotsOnWhiteSite
1484,15,17
timeStep,numberOfRobotsOnBlackSite,numberOfRobotsOnWhiteSite
1485,15,17
timeStep,numberOfRobotsOnBlackSite,numberOfRobotsOnWhiteSite
1486,15,17
timeStep,numberOfRobotsOnBlackSite,numberOfRobotsOnWhiteSite
1487,15,17
timeStep,numberOfRobotsOnBlackSite,numberOfRobotsOnWhiteSite
1488,15,17
timeStep,numberOfRobotsOnBlackSite,numberOfRobotsOnWhiteSite
1489,15,17
timeStep,numberOfRobotsOnBlackSite,numberOfRobotsOnWhiteSite
1490,15,17
timeStep,numberOfRobotsOnBlackSite,numberOfRobotsOnWhiteSite
1491,15,17
timeStep,numberOfRobotsOnBlackSite,numberOfRobotsOnWhiteSite
1492,15,17
timeStep,numberOfRobotsOnBlackSite,numberOfRobotsOnWhiteSite
1493,15,17
timeStep,numberOfRobotsOnBlackSite,numberOfRobotsOnWhiteSite
1494,15,17
timeStep,numberOfRobotsOnBlackSite,numberOfRobotsOnWhiteSite
1495,15,17
timeStep,numberOfRobotsOnBlackSite,numberOfRobotsOnWhiteSite
1496,15,17
timeStep,numberOfRobotsOnBlackSite,numberOfRobotsOnWhiteSite
1497,15,17
timeStep,numberOfRobotsOnBlackSite,numberOfRobotsOnWhiteSite
1498,15,17
timeStep,numberOfRobotsOnBlackSite,numberOfRobotsOnWhiteSite
1499,15,17
timeStep,numberOfRobotsOnBlackSite,numberOfRobotsOnWhiteSite
1500,15,15
timeStep,numberOfRobotsOnBlackSite,numberOfRobotsOnWhiteSite
1501,15,15
timeStep,numberOfRobotsOnBlackSite,numberOfRobotsOnWhiteSite
1502,15,15
timeStep,numberOfRobotsOnBlackSite,numberOfRobotsOnWhiteSite
1503,15,15
timeStep,numberOfRobotsOnBlackSite,numberOfRobotsOnWhiteSite
1504,15,15
timeStep,numberOfRobotsOnBlackSite,numberOfRobotsOnWhiteSite
1505,15,15
timeStep,numberOfRobotsOnBlackSite,numberOfRobotsOnWhiteSite
1506,15,15
timeStep,numberOfRobotsOnBlackSite,numberOfRobotsOnWhiteSite
1507,15,15
timeStep,numberOfRobotsOnBlackSite,numberOfRobotsOnWhiteSite
1508,15,15
timeStep,numberOfRobotsOnBlackSite,numberOfRobotsOnWhiteSite
1509,15,15
timeStep,numberOfRobotsOnBlackSite,numberOfRobotsOnWhiteSite
1510,15,15
timeStep,numberOfRobotsOnBlackSite,numberOfRobotsOnWhiteSite
1511,15,15
timeStep,numberOfRobotsOnBlackSite,numberOfRobotsOnWhiteSite
1512,15,15
timeStep,numberOfRobotsOnBlackSite,numberOfRobotsOnWhiteSite
1513,15,15
timeStep,numberOfRobotsOnBlackSite,numberOfRobotsOnWhiteSite
1514,15,15
timeStep,numberOfRobotsOnBlackSite,numberOfRobotsOnWhiteSite
1515,15,15
timeStep,numberOfRobotsOnBlackSite,numberOfRobotsOnWhiteSite
1516,15,15
timeStep,numberOfRobotsOnBlackSite,numberOfRobotsOnWhiteSite
1517,15,15
timeStep,numberOfRobotsOnBlackSite,numberOfRobotsOnWhiteSite
1518,15,15
timeStep,numberOfRobotsOnBlackSite,numberOfRobotsOnWhiteSite
1519,15,15
timeStep,numberOfRobotsOnBlackSite,numberOfRobotsOnWhiteSite
1520,15,15
timeStep,numberOfRobotsOnBlackSite,numberOfRobotsOnWhiteSite
1521,15,15
timeStep,numberOfRobotsOnBlackSite,numberOfRobotsOnWhiteSite
1522,15,15
timeStep,numberOfRobotsOnBlackSite,numberOfRobotsOnWhiteSite
1523,15,15
timeStep,numberOfRobotsOnBlackSite,numberOfRobotsOnWhiteSite
1524,15,15
timeStep,numberOfRobotsOnBlackSite,numberOfRobotsOnWhiteSite
1525,15,15
timeStep,numberOfRobotsOnBlackSite,numberOfRobotsOnWhiteSite
1526,15,15
timeStep,numberOfRobotsOnBlackSite,numberOfRobotsOnWhiteSite
1527,15,15
timeStep,numberOfRobotsOnBlackSite,numberOfRobotsOnWhiteSite
1528,15,15
timeStep,numberOfRobotsOnBlackSite,numberOfRobotsOnWhiteSite
1529,15,15
timeStep,numberOfRobotsOnBlackSite,numberOfRobotsOnWhiteSite
1530,15,14
timeStep,numberOfRobotsOnBlackSite,numberOfRobotsOnWhiteSite
1531,15,14
timeStep,numberOfRobotsOnBlackSite,numberOfRobotsOnWhiteSite
1532,15,14
timeStep,numberOfRobotsOnBlackSite,numberOfRobotsOnWhiteSite
1533,15,14
timeStep,numberOfRobotsOnBlackSite,numberOfRobotsOnWhiteSite
1534,15,14
timeStep,numberOfRobotsOnBlackSite,numberOfRobotsOnWhiteSite
1535,16,14
timeStep,numberOfRobotsOnBlackSite,numberOfRobotsOnWhiteSite
1536,16,14
timeStep,numberOfRobotsOnBlackSite,numberOfRobotsOnWhiteSite
1537,16,14
timeStep,numberOfRobotsOnBlackSite,numberOfRobotsOnWhiteSite
1538,16,14
timeStep,numberOfRobotsOnBlackSite,numberOfRobotsOnWhiteSite
1539,16,14
timeStep,numberOfRobotsOnBlackSite,numberOfRobotsOnWhiteSite
1540,17,14
timeStep,numberOfRobotsOnBlackSite,numberOfRobotsOnWhiteSite
1541,17,14
timeStep,numberOfRobotsOnBlackSite,numberOfRobotsOnWhiteSite
1542,17,14
timeStep,numberOfRobotsOnBlackSite,numberOfRobotsOnWhiteSite
1543,17,14
timeStep,numberOfRobotsOnBlackSite,numberOfRobotsOnWhiteSite
1544,17,14
timeStep,numberOfRobotsOnBlackSite,numberOfRobotsOnWhiteSite
1545,17,14
timeStep,numberOfRobotsOnBlackSite,numberOfRobotsOnWhiteSite
1546,17,14
timeStep,numberOfRobotsOnBlackSite,numberOfRobotsOnWhiteSite
1547,17,14
timeStep,numberOfRobotsOnBlackSite,numberOfRobotsOnWhiteSite
1548,17,14
timeStep,numberOfRobotsOnBlackSite,numberOfRobotsOnWhiteSite
1549,17,14
timeStep,numberOfRobotsOnBlackSite,numberOfRobotsOnWhiteSite
1550,17,14
timeStep,numberOfRobotsOnBlackSite,numberOfRobotsOnWhiteSite
1551,17,14
timeStep,numberOfRobotsOnBlackSite,numberOfRobotsOnWhiteSite
1552,17,14
timeStep,numberOfRobotsOnBlackSite,numberOfRobotsOnWhiteSite
1553,17,14
timeStep,numberOfRobotsOnBlackSite,numberOfRobotsOnWhiteSite
1554,17,14
timeStep,numberOfRobotsOnBlackSite,numberOfRobotsOnWhiteSite
1555,17,14
timeStep,numberOfRobotsOnBlackSite,numberOfRobotsOnWhiteSite
1556,17,14
timeStep,numberOfRobotsOnBlackSite,numberOfRobotsOnWhiteSite
1557,17,14
timeStep,numberOfRobotsOnBlackSite,numberOfRobotsOnWhiteSite
1558,17,14
timeStep,numberOfRobotsOnBlackSite,numberOfRobotsOnWhiteSite
1559,17,14
timeStep,numberOfRobotsOnBlackSite,numberOfRobotsOnWhiteSite
1560,17,14
timeStep,numberOfRobotsOnBlackSite,numberOfRobotsOnWhiteSite
1561,17,14
timeStep,numberOfRobotsOnBlackSite,numberOfRobotsOnWhiteSite
1562,17,14
timeStep,numberOfRobotsOnBlackSite,numberOfRobotsOnWhiteSite
1563,17,14
timeStep,numberOfRobotsOnBlackSite,numberOfRobotsOnWhiteSite
1564,17,14
timeStep,numberOfRobotsOnBlackSite,numberOfRobotsOnWhiteSite
1565,17,15
timeStep,numberOfRobotsOnBlackSite,numberOfRobotsOnWhiteSite
1566,17,15
timeStep,numberOfRobotsOnBlackSite,numberOfRobotsOnWhiteSite
1567,17,15
timeStep,numberOfRobotsOnBlackSite,numberOfRobotsOnWhiteSite
1568,17,15
timeStep,numberOfRobotsOnBlackSite,numberOfRobotsOnWhiteSite
1569,17,15
timeStep,numberOfRobotsOnBlackSite,numberOfRobotsOnWhiteSite
1570,16,16
timeStep,numberOfRobotsOnBlackSite,numberOfRobotsOnWhiteSite
1571,16,16
timeStep,numberOfRobotsOnBlackSite,numberOfRobotsOnWhiteSite
1572,16,16
timeStep,numberOfRobotsOnBlackSite,numberOfRobotsOnWhiteSite
1573,16,16
timeStep,numberOfRobotsOnBlackSite,numberOfRobotsOnWhiteSite
1574,16,16
timeStep,numberOfRobotsOnBlackSite,numberOfRobotsOnWhiteSite
1575,16,16
timeStep,numberOfRobotsOnBlackSite,numberOfRobotsOnWhiteSite
1576,16,16
timeStep,numberOfRobotsOnBlackSite,numberOfRobotsOnWhiteSite
1577,16,16
timeStep,numberOfRobotsOnBlackSite,numberOfRobotsOnWhiteSite
1578,16,16
timeStep,numberOfRobotsOnBlackSite,numberOfRobotsOnWhiteSite
1579,16,16
timeStep,numberOfRobotsOnBlackSite,numberOfRobotsOnWhiteSite
1580,16,16
timeStep,numberOfRobotsOnBlackSite,numberOfRobotsOnWhiteSite
1581,16,16
timeStep,numberOfRobotsOnBlackSite,numberOfRobotsOnWhiteSite
1582,16,16
timeStep,numberOfRobotsOnBlackSite,numberOfRobotsOnWhiteSite
1583,16,16
timeStep,numberOfRobotsOnBlackSite,numberOfRobotsOnWhiteSite
1584,16,16
timeStep,numberOfRobotsOnBlackSite,numberOfRobotsOnWhiteSite
1585,16,16
timeStep,numberOfRobotsOnBlackSite,numberOfRobotsOnWhiteSite
1586,16,16
timeStep,numberOfRobotsOnBlackSite,numberOfRobotsOnWhiteSite
1587,16,16
timeStep,numberOfRobotsOnBlackSite,numberOfRobotsOnWhiteSite
1588,16,16
timeStep,numberOfRobotsOnBlackSite,numberOfRobotsOnWhiteSite
1589,16,16
timeStep,numberOfRobotsOnBlackSite,numberOfRobotsOnWhiteSite
1590,16,16
timeStep,numberOfRobotsOnBlackSite,numberOfRobotsOnWhiteSite
1591,16,16
timeStep,numberOfRobotsOnBlackSite,numberOfRobotsOnWhiteSite
1592,16,16
timeStep,numberOfRobotsOnBlackSite,numberOfRobotsOnWhiteSite
1593,16,16
timeStep,numberOfRobotsOnBlackSite,numberOfRobotsOnWhiteSite
1594,16,16
timeStep,numberOfRobotsOnBlackSite,numberOfRobotsOnWhiteSite
1595,16,16
timeStep,numberOfRobotsOnBlackSite,numberOfRobotsOnWhiteSite
1596,16,16
timeStep,numberOfRobotsOnBlackSite,numberOfRobotsOnWhiteSite
1597,16,16
timeStep,numberOfRobotsOnBlackSite,numberOfRobotsOnWhiteSite
1598,16,16
timeStep,numberOfRobotsOnBlackSite,numberOfRobotsOnWhiteSite
1599,16,16
timeStep,numberOfRobotsOnBlackSite,numberOfRobotsOnWhiteSite
1600,15,16
timeStep,numberOfRobotsOnBlackSite,numberOfRobotsOnWhiteSite
1601,15,16
timeStep,numberOfRobotsOnBlackSite,numberOfRobotsOnWhiteSite
1602,15,16
timeStep,numberOfRobotsOnBlackSite,numberOfRobotsOnWhiteSite
1603,15,16
timeStep,numberOfRobotsOnBlackSite,numberOfRobotsOnWhiteSite
1604,15,16
timeStep,numberOfRobotsOnBlackSite,numberOfRobotsOnWhiteSite
1605,14,16
timeStep,numberOfRobotsOnBlackSite,numberOfRobotsOnWhiteSite
1606,14,16
timeStep,numberOfRobotsOnBlackSite,numberOfRobotsOnWhiteSite
1607,14,16
timeStep,numberOfRobotsOnBlackSite,numberOfRobotsOnWhiteSite
1608,14,16
timeStep,numberOfRobotsOnBlackSite,numberOfRobotsOnWhiteSite
1609,14,16
timeStep,numberOfRobotsOnBlackSite,numberOfRobotsOnWhiteSite
1610,14,16
timeStep,numberOfRobotsOnBlackSite,numberOfRobotsOnWhiteSite
1611,14,16
timeStep,numberOfRobotsOnBlackSite,numberOfRobotsOnWhiteSite
1612,14,16
timeStep,numberOfRobotsOnBlackSite,numberOfRobotsOnWhiteSite
1613,14,16
timeStep,numberOfRobotsOnBlackSite,numberOfRobotsOnWhiteSite
1614,14,16
timeStep,numberOfRobotsOnBlackSite,numberOfRobotsOnWhiteSite
1615,14,15
timeStep,numberOfRobotsOnBlackSite,numberOfRobotsOnWhiteSite
1616,14,15
timeStep,numberOfRobotsOnBlackSite,numberOfRobotsOnWhiteSite
1617,14,15
timeStep,numberOfRobotsOnBlackSite,numberOfRobotsOnWhiteSite
1618,14,15
timeStep,numberOfRobotsOnBlackSite,numberOfRobotsOnWhiteSite
1619,14,15
timeStep,numberOfRobotsOnBlackSite,numberOfRobotsOnWhiteSite
1620,14,15
timeStep,numberOfRobotsOnBlackSite,numberOfRobotsOnWhiteSite
1621,14,15
timeStep,numberOfRobotsOnBlackSite,numberOfRobotsOnWhiteSite
1622,14,15
timeStep,numberOfRobotsOnBlackSite,numberOfRobotsOnWhiteSite
1623,14,15
timeStep,numberOfRobotsOnBlackSite,numberOfRobotsOnWhiteSite
1624,14,15
timeStep,numberOfRobotsOnBlackSite,numberOfRobotsOnWhiteSite
1625,14,15
timeStep,numberOfRobotsOnBlackSite,numberOfRobotsOnWhiteSite
1626,14,15
timeStep,numberOfRobotsOnBlackSite,numberOfRobotsOnWhiteSite
1627,14,15
timeStep,numberOfRobotsOnBlackSite,numberOfRobotsOnWhiteSite
1628,14,15
timeStep,numberOfRobotsOnBlackSite,numberOfRobotsOnWhiteSite
1629,14,15
timeStep,numberOfRobotsOnBlackSite,numberOfRobotsOnWhiteSite
1630,14,15
timeStep,numberOfRobotsOnBlackSite,numberOfRobotsOnWhiteSite
1631,14,15
timeStep,numberOfRobotsOnBlackSite,numberOfRobotsOnWhiteSite
1632,14,15
timeStep,numberOfRobotsOnBlackSite,numberOfRobotsOnWhiteSite
1633,14,15
timeStep,numberOfRobotsOnBlackSite,numberOfRobotsOnWhiteSite
1634,14,15
timeStep,numberOfRobotsOnBlackSite,numberOfRobotsOnWhiteSite
1635,14,15
timeStep,numberOfRobotsOnBlackSite,numberOfRobotsOnWhiteSite
1636,14,15
timeStep,numberOfRobotsOnBlackSite,numberOfRobotsOnWhiteSite
1637,14,15
timeStep,numberOfRobotsOnBlackSite,numberOfRobotsOnWhiteSite
1638,14,15
timeStep,numberOfRobotsOnBlackSite,numberOfRobotsOnWhiteSite
1639,14,15
timeStep,numberOfRobotsOnBlackSite,numberOfRobotsOnWhiteSite
1640,14,15
timeStep,numberOfRobotsOnBlackSite,numberOfRobotsOnWhiteSite
1641,14,15
timeStep,numberOfRobotsOnBlackSite,numberOfRobotsOnWhiteSite
1642,14,15
timeStep,numberOfRobotsOnBlackSite,numberOfRobotsOnWhiteSite
1643,14,15
timeStep,numberOfRobotsOnBlackSite,numberOfRobotsOnWhiteSite
1644,14,15
timeStep,numberOfRobotsOnBlackSite,numberOfRobotsOnWhiteSite
1645,14,15
timeStep,numberOfRobotsOnBlackSite,numberOfRobotsOnWhiteSite
1646,14,15
timeStep,numberOfRobotsOnBlackSite,numberOfRobotsOnWhiteSite
1647,14,15
timeStep,numberOfRobotsOnBlackSite,numberOfRobotsOnWhiteSite
1648,14,15
timeStep,numberOfRobotsOnBlackSite,numberOfRobotsOnWhiteSite
1649,14,15
timeStep,numberOfRobotsOnBlackSite,numberOfRobotsOnWhiteSite
1650,14,15
timeStep,numberOfRobotsOnBlackSite,numberOfRobotsOnWhiteSite
1651,14,15
timeStep,numberOfRobotsOnBlackSite,numberOfRobotsOnWhiteSite
1652,14,15
timeStep,numberOfRobotsOnBlackSite,numberOfRobotsOnWhiteSite
1653,14,15
timeStep,numberOfRobotsOnBlackSite,numberOfRobotsOnWhiteSite
1654,14,15
timeStep,numberOfRobotsOnBlackSite,numberOfRobotsOnWhiteSite
1655,15,15
timeStep,numberOfRobotsOnBlackSite,numberOfRobotsOnWhiteSite
1656,15,15
timeStep,numberOfRobotsOnBlackSite,numberOfRobotsOnWhiteSite
1657,15,15
timeStep,numberOfRobotsOnBlackSite,numberOfRobotsOnWhiteSite
1658,15,15
timeStep,numberOfRobotsOnBlackSite,numberOfRobotsOnWhiteSite
1659,15,15
timeStep,numberOfRobotsOnBlackSite,numberOfRobotsOnWhiteSite
1660,14,15
timeStep,numberOfRobotsOnBlackSite,numberOfRobotsOnWhiteSite
1661,14,15
timeStep,numberOfRobotsOnBlackSite,numberOfRobotsOnWhiteSite
1662,14,15
timeStep,numberOfRobotsOnBlackSite,numberOfRobotsOnWhiteSite
1663,14,15
timeStep,numberOfRobotsOnBlackSite,numberOfRobotsOnWhiteSite
1664,14,15
timeStep,numberOfRobotsOnBlackSite,numberOfRobotsOnWhiteSite
1665,14,15
timeStep,numberOfRobotsOnBlackSite,numberOfRobotsOnWhiteSite
1666,14,15
timeStep,numberOfRobotsOnBlackSite,numberOfRobotsOnWhiteSite
1667,14,15
timeStep,numberOfRobotsOnBlackSite,numberOfRobotsOnWhiteSite
1668,14,15
timeStep,numberOfRobotsOnBlackSite,numberOfRobotsOnWhiteSite
1669,14,15
timeStep,numberOfRobotsOnBlackSite,numberOfRobotsOnWhiteSite
1670,14,15
timeStep,numberOfRobotsOnBlackSite,numberOfRobotsOnWhiteSite
1671,14,15
timeStep,numberOfRobotsOnBlackSite,numberOfRobotsOnWhiteSite
1672,14,15
timeStep,numberOfRobotsOnBlackSite,numberOfRobotsOnWhiteSite
1673,14,15
timeStep,numberOfRobotsOnBlackSite,numberOfRobotsOnWhiteSite
1674,14,15
timeStep,numberOfRobotsOnBlackSite,numberOfRobotsOnWhiteSite
1675,14,15
timeStep,numberOfRobotsOnBlackSite,numberOfRobotsOnWhiteSite
1676,14,15
timeStep,numberOfRobotsOnBlackSite,numberOfRobotsOnWhiteSite
1677,14,15
timeStep,numberOfRobotsOnBlackSite,numberOfRobotsOnWhiteSite
1678,14,15
timeStep,numberOfRobotsOnBlackSite,numberOfRobotsOnWhiteSite
1679,14,15
timeStep,numberOfRobotsOnBlackSite,numberOfRobotsOnWhiteSite
1680,14,15
timeStep,numberOfRobotsOnBlackSite,numberOfRobotsOnWhiteSite
1681,14,15
timeStep,numberOfRobotsOnBlackSite,numberOfRobotsOnWhiteSite
1682,14,15
timeStep,numberOfRobotsOnBlackSite,numberOfRobotsOnWhiteSite
1683,14,15
timeStep,numberOfRobotsOnBlackSite,numberOfRobotsOnWhiteSite
1684,14,15
timeStep,numberOfRobotsOnBlackSite,numberOfRobotsOnWhiteSite
1685,13,15
timeStep,numberOfRobotsOnBlackSite,numberOfRobotsOnWhiteSite
1686,13,15
timeStep,numberOfRobotsOnBlackSite,numberOfRobotsOnWhiteSite
1687,13,15
timeStep,numberOfRobotsOnBlackSite,numberOfRobotsOnWhiteSite
1688,13,15
timeStep,numberOfRobotsOnBlackSite,numberOfRobotsOnWhiteSite
1689,13,15
timeStep,numberOfRobotsOnBlackSite,numberOfRobotsOnWhiteSite
1690,13,15
timeStep,numberOfRobotsOnBlackSite,numberOfRobotsOnWhiteSite
1691,13,15
timeStep,numberOfRobotsOnBlackSite,numberOfRobotsOnWhiteSite
1692,13,15
timeStep,numberOfRobotsOnBlackSite,numberOfRobotsOnWhiteSite
1693,13,15
timeStep,numberOfRobotsOnBlackSite,numberOfRobotsOnWhiteSite
1694,13,15
timeStep,numberOfRobotsOnBlackSite,numberOfRobotsOnWhiteSite
1695,13,15
timeStep,numberOfRobotsOnBlackSite,numberOfRobotsOnWhiteSite
1696,13,15
timeStep,numberOfRobotsOnBlackSite,numberOfRobotsOnWhiteSite
1697,13,15
timeStep,numberOfRobotsOnBlackSite,numberOfRobotsOnWhiteSite
1698,13,15
timeStep,numberOfRobotsOnBlackSite,numberOfRobotsOnWhiteSite
1699,13,15
timeStep,numberOfRobotsOnBlackSite,numberOfRobotsOnWhiteSite
1700,13,15
timeStep,numberOfRobotsOnBlackSite,numberOfRobotsOnWhiteSite
1701,13,15
timeStep,numberOfRobotsOnBlackSite,numberOfRobotsOnWhiteSite
1702,13,15
timeStep,numberOfRobotsOnBlackSite,numberOfRobotsOnWhiteSite
1703,13,15
timeStep,numberOfRobotsOnBlackSite,numberOfRobotsOnWhiteSite
1704,13,15
timeStep,numberOfRobotsOnBlackSite,numberOfRobotsOnWhiteSite
1705,13,15
timeStep,numberOfRobotsOnBlackSite,numberOfRobotsOnWhiteSite
1706,13,15
timeStep,numberOfRobotsOnBlackSite,numberOfRobotsOnWhiteSite
1707,13,15
timeStep,numberOfRobotsOnBlackSite,numberOfRobotsOnWhiteSite
1708,13,15
timeStep,numberOfRobotsOnBlackSite,numberOfRobotsOnWhiteSite
1709,13,15
timeStep,numberOfRobotsOnBlackSite,numberOfRobotsOnWhiteSite
1710,13,15
timeStep,numberOfRobotsOnBlackSite,numberOfRobotsOnWhiteSite
1711,13,15
timeStep,numberOfRobotsOnBlackSite,numberOfRobotsOnWhiteSite
1712,13,15
timeStep,numberOfRobotsOnBlackSite,numberOfRobotsOnWhiteSite
1713,13,15
timeStep,numberOfRobotsOnBlackSite,numberOfRobotsOnWhiteSite
1714,13,15
timeStep,numberOfRobotsOnBlackSite,numberOfRobotsOnWhiteSite
1715,13,15
timeStep,numberOfRobotsOnBlackSite,numberOfRobotsOnWhiteSite
1716,13,15
timeStep,numberOfRobotsOnBlackSite,numberOfRobotsOnWhiteSite
1717,13,15
timeStep,numberOfRobotsOnBlackSite,numberOfRobotsOnWhiteSite
1718,13,15
timeStep,numberOfRobotsOnBlackSite,numberOfRobotsOnWhiteSite
1719,13,15
timeStep,numberOfRobotsOnBlackSite,numberOfRobotsOnWhiteSite
1720,13,15
timeStep,numberOfRobotsOnBlackSite,numberOfRobotsOnWhiteSite
1721,13,15
timeStep,numberOfRobotsOnBlackSite,numberOfRobotsOnWhiteSite
1722,13,15
timeStep,numberOfRobotsOnBlackSite,numberOfRobotsOnWhiteSite
1723,13,15
timeStep,numberOfRobotsOnBlackSite,numberOfRobotsOnWhiteSite
1724,13,15
timeStep,numberOfRobotsOnBlackSite,numberOfRobotsOnWhiteSite
1725,13,15
timeStep,numberOfRobotsOnBlackSite,numberOfRobotsOnWhiteSite
1726,13,15
timeStep,numberOfRobotsOnBlackSite,numberOfRobotsOnWhiteSite
1727,13,15
timeStep,numberOfRobotsOnBlackSite,numberOfRobotsOnWhiteSite
1728,13,15
timeStep,numberOfRobotsOnBlackSite,numberOfRobotsOnWhiteSite
1729,13,15
timeStep,numberOfRobotsOnBlackSite,numberOfRobotsOnWhiteSite
1730,13,15
timeStep,numberOfRobotsOnBlackSite,numberOfRobotsOnWhiteSite
1731,13,15
timeStep,numberOfRobotsOnBlackSite,numberOfRobotsOnWhiteSite
1732,13,15
timeStep,numberOfRobotsOnBlackSite,numberOfRobotsOnWhiteSite
1733,13,15
timeStep,numberOfRobotsOnBlackSite,numberOfRobotsOnWhiteSite
1734,13,15
timeStep,numberOfRobotsOnBlackSite,numberOfRobotsOnWhiteSite
1735,13,16
timeStep,numberOfRobotsOnBlackSite,numberOfRobotsOnWhiteSite
1736,13,16
timeStep,numberOfRobotsOnBlackSite,numberOfRobotsOnWhiteSite
1737,13,16
timeStep,numberOfRobotsOnBlackSite,numberOfRobotsOnWhiteSite
1738,13,16
timeStep,numberOfRobotsOnBlackSite,numberOfRobotsOnWhiteSite
1739,13,16
timeStep,numberOfRobotsOnBlackSite,numberOfRobotsOnWhiteSite
1740,14,16
timeStep,numberOfRobotsOnBlackSite,numberOfRobotsOnWhiteSite
1741,14,16
timeStep,numberOfRobotsOnBlackSite,numberOfRobotsOnWhiteSite
1742,14,16
timeStep,numberOfRobotsOnBlackSite,numberOfRobotsOnWhiteSite
1743,14,16
timeStep,numberOfRobotsOnBlackSite,numberOfRobotsOnWhiteSite
1744,14,16
timeStep,numberOfRobotsOnBlackSite,numberOfRobotsOnWhiteSite
1745,14,17
timeStep,numberOfRobotsOnBlackSite,numberOfRobotsOnWhiteSite
1746,14,17
timeStep,numberOfRobotsOnBlackSite,numberOfRobotsOnWhiteSite
1747,14,17
timeStep,numberOfRobotsOnBlackSite,numberOfRobotsOnWhiteSite
1748,14,17
timeStep,numberOfRobotsOnBlackSite,numberOfRobotsOnWhiteSite
1749,14,17
timeStep,numberOfRobotsOnBlackSite,numberOfRobotsOnWhiteSite
1750,14,17
timeStep,numberOfRobotsOnBlackSite,numberOfRobotsOnWhiteSite
1751,14,17
timeStep,numberOfRobotsOnBlackSite,numberOfRobotsOnWhiteSite
1752,14,17
timeStep,numberOfRobotsOnBlackSite,numberOfRobotsOnWhiteSite
1753,14,17
timeStep,numberOfRobotsOnBlackSite,numberOfRobotsOnWhiteSite
1754,14,17
timeStep,numberOfRobotsOnBlackSite,numberOfRobotsOnWhiteSite
1755,14,17
timeStep,numberOfRobotsOnBlackSite,numberOfRobotsOnWhiteSite
1756,14,17
timeStep,numberOfRobotsOnBlackSite,numberOfRobotsOnWhiteSite
1757,14,17
timeStep,numberOfRobotsOnBlackSite,numberOfRobotsOnWhiteSite
1758,14,17
timeStep,numberOfRobotsOnBlackSite,numberOfRobotsOnWhiteSite
1759,14,17
timeStep,numberOfRobotsOnBlackSite,numberOfRobotsOnWhiteSite
1760,14,17
timeStep,numberOfRobotsOnBlackSite,numberOfRobotsOnWhiteSite
1761,14,17
timeStep,numberOfRobotsOnBlackSite,numberOfRobotsOnWhiteSite
1762,14,17
timeStep,numberOfRobotsOnBlackSite,numberOfRobotsOnWhiteSite
1763,14,17
timeStep,numberOfRobotsOnBlackSite,numberOfRobotsOnWhiteSite
1764,14,17
timeStep,numberOfRobotsOnBlackSite,numberOfRobotsOnWhiteSite
1765,13,17
timeStep,numberOfRobotsOnBlackSite,numberOfRobotsOnWhiteSite
1766,13,17
timeStep,numberOfRobotsOnBlackSite,numberOfRobotsOnWhiteSite
1767,13,17
timeStep,numberOfRobotsOnBlackSite,numberOfRobotsOnWhiteSite
1768,13,17
timeStep,numberOfRobotsOnBlackSite,numberOfRobotsOnWhiteSite
1769,13,17
timeStep,numberOfRobotsOnBlackSite,numberOfRobotsOnWhiteSite
1770,13,17
timeStep,numberOfRobotsOnBlackSite,numberOfRobotsOnWhiteSite
1771,13,17
timeStep,numberOfRobotsOnBlackSite,numberOfRobotsOnWhiteSite
1772,13,17
timeStep,numberOfRobotsOnBlackSite,numberOfRobotsOnWhiteSite
1773,13,17
timeStep,numberOfRobotsOnBlackSite,numberOfRobotsOnWhiteSite
1774,13,17
timeStep,numberOfRobotsOnBlackSite,numberOfRobotsOnWhiteSite
1775,14,17
timeStep,numberOfRobotsOnBlackSite,numberOfRobotsOnWhiteSite
1776,14,17
timeStep,numberOfRobotsOnBlackSite,numberOfRobotsOnWhiteSite
1777,14,17
timeStep,numberOfRobotsOnBlackSite,numberOfRobotsOnWhiteSite
1778,14,17
timeStep,numberOfRobotsOnBlackSite,numberOfRobotsOnWhiteSite
1779,14,17
timeStep,numberOfRobotsOnBlackSite,numberOfRobotsOnWhiteSite
1780,14,17
timeStep,numberOfRobotsOnBlackSite,numberOfRobotsOnWhiteSite
1781,14,17
timeStep,numberOfRobotsOnBlackSite,numberOfRobotsOnWhiteSite
1782,14,17
timeStep,numberOfRobotsOnBlackSite,numberOfRobotsOnWhiteSite
1783,14,17
timeStep,numberOfRobotsOnBlackSite,numberOfRobotsOnWhiteSite
1784,14,17
timeStep,numberOfRobotsOnBlackSite,numberOfRobotsOnWhiteSite
1785,14,17
timeStep,numberOfRobotsOnBlackSite,numberOfRobotsOnWhiteSite
1786,14,17
timeStep,numberOfRobotsOnBlackSite,numberOfRobotsOnWhiteSite
1787,14,17
timeStep,numberOfRobotsOnBlackSite,numberOfRobotsOnWhiteSite
1788,14,17
timeStep,numberOfRobotsOnBlackSite,numberOfRobotsOnWhiteSite
1789,14,17
timeStep,numberOfRobotsOnBlackSite,numberOfRobotsOnWhiteSite
1790,15,17
timeStep,numberOfRobotsOnBlackSite,numberOfRobotsOnWhiteSite
1791,15,17
timeStep,numberOfRobotsOnBlackSite,numberOfRobotsOnWhiteSite
1792,15,17
timeStep,numberOfRobotsOnBlackSite,numberOfRobotsOnWhiteSite
1793,15,17
timeStep,numberOfRobotsOnBlackSite,numberOfRobotsOnWhiteSite
1794,15,17
timeStep,numberOfRobotsOnBlackSite,numberOfRobotsOnWhiteSite
1795,14,17
timeStep,numberOfRobotsOnBlackSite,numberOfRobotsOnWhiteSite
1796,14,17
timeStep,numberOfRobotsOnBlackSite,numberOfRobotsOnWhiteSite
1797,14,17
timeStep,numberOfRobotsOnBlackSite,numberOfRobotsOnWhiteSite
1798,14,17
timeStep,numberOfRobotsOnBlackSite,numberOfRobotsOnWhiteSite
1799,14,17
timeStep,numberOfRobotsOnBlackSite,numberOfRobotsOnWhiteSite
1800,14,17
timeStep,numberOfRobotsOnBlackSite,numberOfRobotsOnWhiteSite
1801,14,17
timeStep,numberOfRobotsOnBlackSite,numberOfRobotsOnWhiteSite
1802,14,17
timeStep,numberOfRobotsOnBlackSite,numberOfRobotsOnWhiteSite
1803,14,17
timeStep,numberOfRobotsOnBlackSite,numberOfRobotsOnWhiteSite
1804,14,17
timeStep,numberOfRobotsOnBlackSite,numberOfRobotsOnWhiteSite
1805,14,17
timeStep,numberOfRobotsOnBlackSite,numberOfRobotsOnWhiteSite
1806,14,17
timeStep,numberOfRobotsOnBlackSite,numberOfRobotsOnWhiteSite
1807,14,17
timeStep,numberOfRobotsOnBlackSite,numberOfRobotsOnWhiteSite
1808,14,17
timeStep,numberOfRobotsOnBlackSite,numberOfRobotsOnWhiteSite
1809,14,17
timeStep,numberOfRobotsOnBlackSite,numberOfRobotsOnWhiteSite
1810,14,17
timeStep,numberOfRobotsOnBlackSite,numberOfRobotsOnWhiteSite
1811,14,17
timeStep,numberOfRobotsOnBlackSite,numberOfRobotsOnWhiteSite
1812,14,17
timeStep,numberOfRobotsOnBlackSite,numberOfRobotsOnWhiteSite
1813,14,17
timeStep,numberOfRobotsOnBlackSite,numberOfRobotsOnWhiteSite
1814,14,17
timeStep,numberOfRobotsOnBlackSite,numberOfRobotsOnWhiteSite
1815,14,17
timeStep,numberOfRobotsOnBlackSite,numberOfRobotsOnWhiteSite
1816,14,17
timeStep,numberOfRobotsOnBlackSite,numberOfRobotsOnWhiteSite
1817,14,17
timeStep,numberOfRobotsOnBlackSite,numberOfRobotsOnWhiteSite
1818,14,17
timeStep,numberOfRobotsOnBlackSite,numberOfRobotsOnWhiteSite
1819,14,17
timeStep,numberOfRobotsOnBlackSite,numberOfRobotsOnWhiteSite
1820,15,17
timeStep,numberOfRobotsOnBlackSite,numberOfRobotsOnWhiteSite
1821,15,17
timeStep,numberOfRobotsOnBlackSite,numberOfRobotsOnWhiteSite
1822,15,17
timeStep,numberOfRobotsOnBlackSite,numberOfRobotsOnWhiteSite
1823,15,17
timeStep,numberOfRobotsOnBlackSite,numberOfRobotsOnWhiteSite
1824,15,17
timeStep,numberOfRobotsOnBlackSite,numberOfRobotsOnWhiteSite
1825,15,17
timeStep,numberOfRobotsOnBlackSite,numberOfRobotsOnWhiteSite
1826,15,17
timeStep,numberOfRobotsOnBlackSite,numberOfRobotsOnWhiteSite
1827,15,17
timeStep,numberOfRobotsOnBlackSite,numberOfRobotsOnWhiteSite
1828,15,17
timeStep,numberOfRobotsOnBlackSite,numberOfRobotsOnWhiteSite
1829,15,17
timeStep,numberOfRobotsOnBlackSite,numberOfRobotsOnWhiteSite
1830,15,17
timeStep,numberOfRobotsOnBlackSite,numberOfRobotsOnWhiteSite
1831,15,17
timeStep,numberOfRobotsOnBlackSite,numberOfRobotsOnWhiteSite
1832,15,17
timeStep,numberOfRobotsOnBlackSite,numberOfRobotsOnWhiteSite
1833,15,17
timeStep,numberOfRobotsOnBlackSite,numberOfRobotsOnWhiteSite
1834,15,17
timeStep,numberOfRobotsOnBlackSite,numberOfRobotsOnWhiteSite
1835,15,17
timeStep,numberOfRobotsOnBlackSite,numberOfRobotsOnWhiteSite
1836,15,17
timeStep,numberOfRobotsOnBlackSite,numberOfRobotsOnWhiteSite
1837,15,17
timeStep,numberOfRobotsOnBlackSite,numberOfRobotsOnWhiteSite
1838,15,17
timeStep,numberOfRobotsOnBlackSite,numberOfRobotsOnWhiteSite
1839,15,17
timeStep,numberOfRobotsOnBlackSite,numberOfRobotsOnWhiteSite
1840,15,17
timeStep,numberOfRobotsOnBlackSite,numberOfRobotsOnWhiteSite
1841,15,17
timeStep,numberOfRobotsOnBlackSite,numberOfRobotsOnWhiteSite
1842,15,17
timeStep,numberOfRobotsOnBlackSite,numberOfRobotsOnWhiteSite
1843,15,17
timeStep,numberOfRobotsOnBlackSite,numberOfRobotsOnWhiteSite
1844,15,17
timeStep,numberOfRobotsOnBlackSite,numberOfRobotsOnWhiteSite
1845,15,17
timeStep,numberOfRobotsOnBlackSite,numberOfRobotsOnWhiteSite
1846,15,17
timeStep,numberOfRobotsOnBlackSite,numberOfRobotsOnWhiteSite
1847,15,17
timeStep,numberOfRobotsOnBlackSite,numberOfRobotsOnWhiteSite
1848,15,17
timeStep,numberOfRobotsOnBlackSite,numberOfRobotsOnWhiteSite
1849,15,17
timeStep,numberOfRobotsOnBlackSite,numberOfRobotsOnWhiteSite
1850,14,17
timeStep,numberOfRobotsOnBlackSite,numberOfRobotsOnWhiteSite
1851,14,17
timeStep,numberOfRobotsOnBlackSite,numberOfRobotsOnWhiteSite
1852,14,17
timeStep,numberOfRobotsOnBlackSite,numberOfRobotsOnWhiteSite
1853,14,17
timeStep,numberOfRobotsOnBlackSite,numberOfRobotsOnWhiteSite
1854,14,17
timeStep,numberOfRobotsOnBlackSite,numberOfRobotsOnWhiteSite
1855,14,17
timeStep,numberOfRobotsOnBlackSite,numberOfRobotsOnWhiteSite
1856,14,17
timeStep,numberOfRobotsOnBlackSite,numberOfRobotsOnWhiteSite
1857,14,17
timeStep,numberOfRobotsOnBlackSite,numberOfRobotsOnWhiteSite
1858,14,17
timeStep,numberOfRobotsOnBlackSite,numberOfRobotsOnWhiteSite
1859,14,17
timeStep,numberOfRobotsOnBlackSite,numberOfRobotsOnWhiteSite
1860,14,17
timeStep,numberOfRobotsOnBlackSite,numberOfRobotsOnWhiteSite
1861,14,17
timeStep,numberOfRobotsOnBlackSite,numberOfRobotsOnWhiteSite
1862,14,17
timeStep,numberOfRobotsOnBlackSite,numberOfRobotsOnWhiteSite
1863,14,17
timeStep,numberOfRobotsOnBlackSite,numberOfRobotsOnWhiteSite
1864,14,17
timeStep,numberOfRobotsOnBlackSite,numberOfRobotsOnWhiteSite
1865,14,17
timeStep,numberOfRobotsOnBlackSite,numberOfRobotsOnWhiteSite
1866,14,17
timeStep,numberOfRobotsOnBlackSite,numberOfRobotsOnWhiteSite
1867,14,17
timeStep,numberOfRobotsOnBlackSite,numberOfRobotsOnWhiteSite
1868,14,17
timeStep,numberOfRobotsOnBlackSite,numberOfRobotsOnWhiteSite
1869,14,17
timeStep,numberOfRobotsOnBlackSite,numberOfRobotsOnWhiteSite
1870,14,17
timeStep,numberOfRobotsOnBlackSite,numberOfRobotsOnWhiteSite
1871,14,17
timeStep,numberOfRobotsOnBlackSite,numberOfRobotsOnWhiteSite
1872,14,17
timeStep,numberOfRobotsOnBlackSite,numberOfRobotsOnWhiteSite
1873,14,17
timeStep,numberOfRobotsOnBlackSite,numberOfRobotsOnWhiteSite
1874,14,17
timeStep,numberOfRobotsOnBlackSite,numberOfRobotsOnWhiteSite
1875,14,16
timeStep,numberOfRobotsOnBlackSite,numberOfRobotsOnWhiteSite
1876,14,16
timeStep,numberOfRobotsOnBlackSite,numberOfRobotsOnWhiteSite
1877,14,16
timeStep,numberOfRobotsOnBlackSite,numberOfRobotsOnWhiteSite
1878,14,16
timeStep,numberOfRobotsOnBlackSite,numberOfRobotsOnWhiteSite
1879,14,16
timeStep,numberOfRobotsOnBlackSite,numberOfRobotsOnWhiteSite
1880,14,16
timeStep,numberOfRobotsOnBlackSite,numberOfRobotsOnWhiteSite
1881,14,16
timeStep,numberOfRobotsOnBlackSite,numberOfRobotsOnWhiteSite
1882,14,16
timeStep,numberOfRobotsOnBlackSite,numberOfRobotsOnWhiteSite
1883,14,16
timeStep,numberOfRobotsOnBlackSite,numberOfRobotsOnWhiteSite
1884,14,16
timeStep,numberOfRobotsOnBlackSite,numberOfRobotsOnWhiteSite
1885,14,16
timeStep,numberOfRobotsOnBlackSite,numberOfRobotsOnWhiteSite
1886,14,16
timeStep,numberOfRobotsOnBlackSite,numberOfRobotsOnWhiteSite
1887,14,16
timeStep,numberOfRobotsOnBlackSite,numberOfRobotsOnWhiteSite
1888,14,16
timeStep,numberOfRobotsOnBlackSite,numberOfRobotsOnWhiteSite
1889,14,16
timeStep,numberOfRobotsOnBlackSite,numberOfRobotsOnWhiteSite
1890,14,16
timeStep,numberOfRobotsOnBlackSite,numberOfRobotsOnWhiteSite
1891,14,16
timeStep,numberOfRobotsOnBlackSite,numberOfRobotsOnWhiteSite
1892,14,16
timeStep,numberOfRobotsOnBlackSite,numberOfRobotsOnWhiteSite
1893,14,16
timeStep,numberOfRobotsOnBlackSite,numberOfRobotsOnWhiteSite
1894,14,16
timeStep,numberOfRobotsOnBlackSite,numberOfRobotsOnWhiteSite
1895,14,16
timeStep,numberOfRobotsOnBlackSite,numberOfRobotsOnWhiteSite
1896,14,16
timeStep,numberOfRobotsOnBlackSite,numberOfRobotsOnWhiteSite
1897,14,16
timeStep,numberOfRobotsOnBlackSite,numberOfRobotsOnWhiteSite
1898,14,16
timeStep,numberOfRobotsOnBlackSite,numberOfRobotsOnWhiteSite
1899,14,16
timeStep,numberOfRobotsOnBlackSite,numberOfRobotsOnWhiteSite
1900,14,16
timeStep,numberOfRobotsOnBlackSite,numberOfRobotsOnWhiteSite
1901,14,16
timeStep,numberOfRobotsOnBlackSite,numberOfRobotsOnWhiteSite
1902,14,16
timeStep,numberOfRobotsOnBlackSite,numberOfRobotsOnWhiteSite
1903,14,16
timeStep,numberOfRobotsOnBlackSite,numberOfRobotsOnWhiteSite
1904,14,16
timeStep,numberOfRobotsOnBlackSite,numberOfRobotsOnWhiteSite
1905,14,16
timeStep,numberOfRobotsOnBlackSite,numberOfRobotsOnWhiteSite
1906,14,16
timeStep,numberOfRobotsOnBlackSite,numberOfRobotsOnWhiteSite
1907,14,16
timeStep,numberOfRobotsOnBlackSite,numberOfRobotsOnWhiteSite
1908,14,16
timeStep,numberOfRobotsOnBlackSite,numberOfRobotsOnWhiteSite
1909,14,16
timeStep,numberOfRobotsOnBlackSite,numberOfRobotsOnWhiteSite
1910,15,16
timeStep,numberOfRobotsOnBlackSite,numberOfRobotsOnWhiteSite
1911,15,16
timeStep,numberOfRobotsOnBlackSite,numberOfRobotsOnWhiteSite
1912,15,16
timeStep,numberOfRobotsOnBlackSite,numberOfRobotsOnWhiteSite
1913,15,16
timeStep,numberOfRobotsOnBlackSite,numberOfRobotsOnWhiteSite
1914,15,16
timeStep,numberOfRobotsOnBlackSite,numberOfRobotsOnWhiteSite
1915,15,16
timeStep,numberOfRobotsOnBlackSite,numberOfRobotsOnWhiteSite
1916,15,16
timeStep,numberOfRobotsOnBlackSite,numberOfRobotsOnWhiteSite
1917,15,16
timeStep,numberOfRobotsOnBlackSite,numberOfRobotsOnWhiteSite
1918,15,16
timeStep,numberOfRobotsOnBlackSite,numberOfRobotsOnWhiteSite
1919,15,16
timeStep,numberOfRobotsOnBlackSite,numberOfRobotsOnWhiteSite
1920,15,16
timeStep,numberOfRobotsOnBlackSite,numberOfRobotsOnWhiteSite
1921,15,16
timeStep,numberOfRobotsOnBlackSite,numberOfRobotsOnWhiteSite
1922,15,16
timeStep,numberOfRobotsOnBlackSite,numberOfRobotsOnWhiteSite
1923,15,16
timeStep,numberOfRobotsOnBlackSite,numberOfRobotsOnWhiteSite
1924,15,16
timeStep,numberOfRobotsOnBlackSite,numberOfRobotsOnWhiteSite
1925,14,17
timeStep,numberOfRobotsOnBlackSite,numberOfRobotsOnWhiteSite
1926,14,17
timeStep,numberOfRobotsOnBlackSite,numberOfRobotsOnWhiteSite
1927,14,17
timeStep,numberOfRobotsOnBlackSite,numberOfRobotsOnWhiteSite
1928,14,17
timeStep,numberOfRobotsOnBlackSite,numberOfRobotsOnWhiteSite
1929,14,17
timeStep,numberOfRobotsOnBlackSite,numberOfRobotsOnWhiteSite
1930,14,17
timeStep,numberOfRobotsOnBlackSite,numberOfRobotsOnWhiteSite
1931,14,17
timeStep,numberOfRobotsOnBlackSite,numberOfRobotsOnWhiteSite
1932,14,17
timeStep,numberOfRobotsOnBlackSite,numberOfRobotsOnWhiteSite
1933,14,17
timeStep,numberOfRobotsOnBlackSite,numberOfRobotsOnWhiteSite
1934,14,17
timeStep,numberOfRobotsOnBlackSite,numberOfRobotsOnWhiteSite
1935,16,17
timeStep,numberOfRobotsOnBlackSite,numberOfRobotsOnWhiteSite
1936,16,17
timeStep,numberOfRobotsOnBlackSite,numberOfRobotsOnWhiteSite
1937,16,17
timeStep,numberOfRobotsOnBlackSite,numberOfRobotsOnWhiteSite
1938,16,17
timeStep,numberOfRobotsOnBlackSite,numberOfRobotsOnWhiteSite
1939,16,17
timeStep,numberOfRobotsOnBlackSite,numberOfRobotsOnWhiteSite
1940,16,17
timeStep,numberOfRobotsOnBlackSite,numberOfRobotsOnWhiteSite
1941,16,17
timeStep,numberOfRobotsOnBlackSite,numberOfRobotsOnWhiteSite
1942,16,17
timeStep,numberOfRobotsOnBlackSite,numberOfRobotsOnWhiteSite
1943,16,17
timeStep,numberOfRobotsOnBlackSite,numberOfRobotsOnWhiteSite
1944,16,17
timeStep,numberOfRobotsOnBlackSite,numberOfRobotsOnWhiteSite
1945,15,17
timeStep,numberOfRobotsOnBlackSite,numberOfRobotsOnWhiteSite
1946,15,17
timeStep,numberOfRobotsOnBlackSite,numberOfRobotsOnWhiteSite
1947,15,17
timeStep,numberOfRobotsOnBlackSite,numberOfRobotsOnWhiteSite
1948,15,17
timeStep,numberOfRobotsOnBlackSite,numberOfRobotsOnWhiteSite
1949,15,17
timeStep,numberOfRobotsOnBlackSite,numberOfRobotsOnWhiteSite
1950,15,18
timeStep,numberOfRobotsOnBlackSite,numberOfRobotsOnWhiteSite
1951,15,18
timeStep,numberOfRobotsOnBlackSite,numberOfRobotsOnWhiteSite
1952,15,18
timeStep,numberOfRobotsOnBlackSite,numberOfRobotsOnWhiteSite
1953,15,18
timeStep,numberOfRobotsOnBlackSite,numberOfRobotsOnWhiteSite
1954,15,18
timeStep,numberOfRobotsOnBlackSite,numberOfRobotsOnWhiteSite
1955,15,18
timeStep,numberOfRobotsOnBlackSite,numberOfRobotsOnWhiteSite
1956,15,18
timeStep,numberOfRobotsOnBlackSite,numberOfRobotsOnWhiteSite
1957,15,18
timeStep,numberOfRobotsOnBlackSite,numberOfRobotsOnWhiteSite
1958,15,18
timeStep,numberOfRobotsOnBlackSite,numberOfRobotsOnWhiteSite
1959,15,18
timeStep,numberOfRobotsOnBlackSite,numberOfRobotsOnWhiteSite
1960,16,18
timeStep,numberOfRobotsOnBlackSite,numberOfRobotsOnWhiteSite
1961,16,18
timeStep,numberOfRobotsOnBlackSite,numberOfRobotsOnWhiteSite
1962,16,18
timeStep,numberOfRobotsOnBlackSite,numberOfRobotsOnWhiteSite
1963,16,18
timeStep,numberOfRobotsOnBlackSite,numberOfRobotsOnWhiteSite
1964,16,18
timeStep,numberOfRobotsOnBlackSite,numberOfRobotsOnWhiteSite
1965,16,18
timeStep,numberOfRobotsOnBlackSite,numberOfRobotsOnWhiteSite
1966,16,18
timeStep,numberOfRobotsOnBlackSite,numberOfRobotsOnWhiteSite
1967,16,18
timeStep,numberOfRobotsOnBlackSite,numberOfRobotsOnWhiteSite
1968,16,18
timeStep,numberOfRobotsOnBlackSite,numberOfRobotsOnWhiteSite
1969,16,18
timeStep,numberOfRobotsOnBlackSite,numberOfRobotsOnWhiteSite
1970,16,18
timeStep,numberOfRobotsOnBlackSite,numberOfRobotsOnWhiteSite
1971,16,18
timeStep,numberOfRobotsOnBlackSite,numberOfRobotsOnWhiteSite
1972,16,18
timeStep,numberOfRobotsOnBlackSite,numberOfRobotsOnWhiteSite
1973,16,18
timeStep,numberOfRobotsOnBlackSite,numberOfRobotsOnWhiteSite
1974,16,18
timeStep,numberOfRobotsOnBlackSite,numberOfRobotsOnWhiteSite
1975,16,18
timeStep,numberOfRobotsOnBlackSite,numberOfRobotsOnWhiteSite
1976,16,18
timeStep,numberOfRobotsOnBlackSite,numberOfRobotsOnWhiteSite
1977,16,18
timeStep,numberOfRobotsOnBlackSite,numberOfRobotsOnWhiteSite
1978,16,18
timeStep,numberOfRobotsOnBlackSite,numberOfRobotsOnWhiteSite
1979,16,18
timeStep,numberOfRobotsOnBlackSite,numberOfRobotsOnWhiteSite
1980,16,18
timeStep,numberOfRobotsOnBlackSite,numberOfRobotsOnWhiteSite
1981,16,18
timeStep,numberOfRobotsOnBlackSite,numberOfRobotsOnWhiteSite
1982,16,18
timeStep,numberOfRobotsOnBlackSite,numberOfRobotsOnWhiteSite
1983,16,18
timeStep,numberOfRobotsOnBlackSite,numberOfRobotsOnWhiteSite
1984,16,18
timeStep,numberOfRobotsOnBlackSite,numberOfRobotsOnWhiteSite
1985,16,18
timeStep,numberOfRobotsOnBlackSite,numberOfRobotsOnWhiteSite
1986,16,18
timeStep,numberOfRobotsOnBlackSite,numberOfRobotsOnWhiteSite
1987,16,18
timeStep,numberOfRobotsOnBlackSite,numberOfRobotsOnWhiteSite
1988,16,18
timeStep,numberOfRobotsOnBlackSite,numberOfRobotsOnWhiteSite
1989,16,18
timeStep,numberOfRobotsOnBlackSite,numberOfRobotsOnWhiteSite
1990,16,17
timeStep,numberOfRobotsOnBlackSite,numberOfRobotsOnWhiteSite
1991,16,17
timeStep,numberOfRobotsOnBlackSite,numberOfRobotsOnWhiteSite
1992,16,17
timeStep,numberOfRobotsOnBlackSite,numberOfRobotsOnWhiteSite
1993,16,17
timeStep,numberOfRobotsOnBlackSite,numberOfRobotsOnWhiteSite
1994,16,17
timeStep,numberOfRobotsOnBlackSite,numberOfRobotsOnWhiteSite
1995,16,17
timeStep,numberOfRobotsOnBlackSite,numberOfRobotsOnWhiteSite
1996,16,17
timeStep,numberOfRobotsOnBlackSite,numberOfRobotsOnWhiteSite
1997,16,17
timeStep,numberOfRobotsOnBlackSite,numberOfRobotsOnWhiteSite
1998,16,17
timeStep,numberOfRobotsOnBlackSite,numberOfRobotsOnWhiteSite
1999,16,17
timeStep,numberOfRobotsOnBlackSite,numberOfRobotsOnWhiteSite
2000,16,17
timeStep,numberOfRobotsOnBlackSite,numberOfRobotsOnWhiteSite
2001,16,17
timeStep,numberOfRobotsOnBlackSite,numberOfRobotsOnWhiteSite
2002,16,17
timeStep,numberOfRobotsOnBlackSite,numberOfRobotsOnWhiteSite
2003,16,17
timeStep,numberOfRobotsOnBlackSite,numberOfRobotsOnWhiteSite
2004,16,17
timeStep,numberOfRobotsOnBlackSite,numberOfRobotsOnWhiteSite
2005,16,18
timeStep,numberOfRobotsOnBlackSite,numberOfRobotsOnWhiteSite
2006,16,18
timeStep,numberOfRobotsOnBlackSite,numberOfRobotsOnWhiteSite
2007,16,18
timeStep,numberOfRobotsOnBlackSite,numberOfRobotsOnWhiteSite
2008,16,18
timeStep,numberOfRobotsOnBlackSite,numberOfRobotsOnWhiteSite
2009,16,18
timeStep,numberOfRobotsOnBlackSite,numberOfRobotsOnWhiteSite
2010,16,18
timeStep,numberOfRobotsOnBlackSite,numberOfRobotsOnWhiteSite
2011,16,18
timeStep,numberOfRobotsOnBlackSite,numberOfRobotsOnWhiteSite
2012,16,18
timeStep,numberOfRobotsOnBlackSite,numberOfRobotsOnWhiteSite
2013,16,18
timeStep,numberOfRobotsOnBlackSite,numberOfRobotsOnWhiteSite
2014,16,18
timeStep,numberOfRobotsOnBlackSite,numberOfRobotsOnWhiteSite
2015,16,17
timeStep,numberOfRobotsOnBlackSite,numberOfRobotsOnWhiteSite
2016,16,17
timeStep,numberOfRobotsOnBlackSite,numberOfRobotsOnWhiteSite
2017,16,17
timeStep,numberOfRobotsOnBlackSite,numberOfRobotsOnWhiteSite
2018,16,17
timeStep,numberOfRobotsOnBlackSite,numberOfRobotsOnWhiteSite
2019,16,17
timeStep,numberOfRobotsOnBlackSite,numberOfRobotsOnWhiteSite
2020,16,17
timeStep,numberOfRobotsOnBlackSite,numberOfRobotsOnWhiteSite
2021,16,17
timeStep,numberOfRobotsOnBlackSite,numberOfRobotsOnWhiteSite
2022,16,17
timeStep,numberOfRobotsOnBlackSite,numberOfRobotsOnWhiteSite
2023,16,17
timeStep,numberOfRobotsOnBlackSite,numberOfRobotsOnWhiteSite
2024,16,17
timeStep,numberOfRobotsOnBlackSite,numberOfRobotsOnWhiteSite
2025,16,18
timeStep,numberOfRobotsOnBlackSite,numberOfRobotsOnWhiteSite
2026,16,18
timeStep,numberOfRobotsOnBlackSite,numberOfRobotsOnWhiteSite
2027,16,18
timeStep,numberOfRobotsOnBlackSite,numberOfRobotsOnWhiteSite
2028,16,18
timeStep,numberOfRobotsOnBlackSite,numberOfRobotsOnWhiteSite
2029,16,18
timeStep,numberOfRobotsOnBlackSite,numberOfRobotsOnWhiteSite
2030,16,18
timeStep,numberOfRobotsOnBlackSite,numberOfRobotsOnWhiteSite
2031,16,18
timeStep,numberOfRobotsOnBlackSite,numberOfRobotsOnWhiteSite
2032,16,18
timeStep,numberOfRobotsOnBlackSite,numberOfRobotsOnWhiteSite
2033,16,18
timeStep,numberOfRobotsOnBlackSite,numberOfRobotsOnWhiteSite
2034,16,18
timeStep,numberOfRobotsOnBlackSite,numberOfRobotsOnWhiteSite
2035,16,18
timeStep,numberOfRobotsOnBlackSite,numberOfRobotsOnWhiteSite
2036,16,18
timeStep,numberOfRobotsOnBlackSite,numberOfRobotsOnWhiteSite
2037,16,18
timeStep,numberOfRobotsOnBlackSite,numberOfRobotsOnWhiteSite
2038,16,18
timeStep,numberOfRobotsOnBlackSite,numberOfRobotsOnWhiteSite
2039,16,18
timeStep,numberOfRobotsOnBlackSite,numberOfRobotsOnWhiteSite
2040,16,18
timeStep,numberOfRobotsOnBlackSite,numberOfRobotsOnWhiteSite
2041,16,18
timeStep,numberOfRobotsOnBlackSite,numberOfRobotsOnWhiteSite
2042,16,18
timeStep,numberOfRobotsOnBlackSite,numberOfRobotsOnWhiteSite
2043,16,18
timeStep,numberOfRobotsOnBlackSite,numberOfRobotsOnWhiteSite
2044,16,18
timeStep,numberOfRobotsOnBlackSite,numberOfRobotsOnWhiteSite
2045,16,18
timeStep,numberOfRobotsOnBlackSite,numberOfRobotsOnWhiteSite
2046,16,18
timeStep,numberOfRobotsOnBlackSite,numberOfRobotsOnWhiteSite
2047,16,18
timeStep,numberOfRobotsOnBlackSite,numberOfRobotsOnWhiteSite
2048,16,18
timeStep,numberOfRobotsOnBlackSite,numberOfRobotsOnWhiteSite
2049,16,18
timeStep,numberOfRobotsOnBlackSite,numberOfRobotsOnWhiteSite
2050,16,18
timeStep,numberOfRobotsOnBlackSite,numberOfRobotsOnWhiteSite
2051,16,18
timeStep,numberOfRobotsOnBlackSite,numberOfRobotsOnWhiteSite
2052,16,18
timeStep,numberOfRobotsOnBlackSite,numberOfRobotsOnWhiteSite
2053,16,18
timeStep,numberOfRobotsOnBlackSite,numberOfRobotsOnWhiteSite
2054,16,18
timeStep,numberOfRobotsOnBlackSite,numberOfRobotsOnWhiteSite
2055,16,18
timeStep,numberOfRobotsOnBlackSite,numberOfRobotsOnWhiteSite
2056,16,18
timeStep,numberOfRobotsOnBlackSite,numberOfRobotsOnWhiteSite
2057,16,18
timeStep,numberOfRobotsOnBlackSite,numberOfRobotsOnWhiteSite
2058,16,18
timeStep,numberOfRobotsOnBlackSite,numberOfRobotsOnWhiteSite
2059,16,18
timeStep,numberOfRobotsOnBlackSite,numberOfRobotsOnWhiteSite
2060,16,18
timeStep,numberOfRobotsOnBlackSite,numberOfRobotsOnWhiteSite
2061,16,18
timeStep,numberOfRobotsOnBlackSite,numberOfRobotsOnWhiteSite
2062,16,18
timeStep,numberOfRobotsOnBlackSite,numberOfRobotsOnWhiteSite
2063,16,18
timeStep,numberOfRobotsOnBlackSite,numberOfRobotsOnWhiteSite
2064,16,18
timeStep,numberOfRobotsOnBlackSite,numberOfRobotsOnWhiteSite
2065,16,19
timeStep,numberOfRobotsOnBlackSite,numberOfRobotsOnWhiteSite
2066,16,19
timeStep,numberOfRobotsOnBlackSite,numberOfRobotsOnWhiteSite
2067,16,19
timeStep,numberOfRobotsOnBlackSite,numberOfRobotsOnWhiteSite
2068,16,19
timeStep,numberOfRobotsOnBlackSite,numberOfRobotsOnWhiteSite
2069,16,19
timeStep,numberOfRobotsOnBlackSite,numberOfRobotsOnWhiteSite
2070,16,19
timeStep,numberOfRobotsOnBlackSite,numberOfRobotsOnWhiteSite
2071,16,19
timeStep,numberOfRobotsOnBlackSite,numberOfRobotsOnWhiteSite
2072,16,19
timeStep,numberOfRobotsOnBlackSite,numberOfRobotsOnWhiteSite
2073,16,19
timeStep,numberOfRobotsOnBlackSite,numberOfRobotsOnWhiteSite
2074,16,19
timeStep,numberOfRobotsOnBlackSite,numberOfRobotsOnWhiteSite
2075,16,18
timeStep,numberOfRobotsOnBlackSite,numberOfRobotsOnWhiteSite
2076,16,18
timeStep,numberOfRobotsOnBlackSite,numberOfRobotsOnWhiteSite
2077,16,18
timeStep,numberOfRobotsOnBlackSite,numberOfRobotsOnWhiteSite
2078,16,18
timeStep,numberOfRobotsOnBlackSite,numberOfRobotsOnWhiteSite
2079,16,18
timeStep,numberOfRobotsOnBlackSite,numberOfRobotsOnWhiteSite
2080,16,18
timeStep,numberOfRobotsOnBlackSite,numberOfRobotsOnWhiteSite
2081,16,18
timeStep,numberOfRobotsOnBlackSite,numberOfRobotsOnWhiteSite
2082,16,18
timeStep,numberOfRobotsOnBlackSite,numberOfRobotsOnWhiteSite
2083,16,18
timeStep,numberOfRobotsOnBlackSite,numberOfRobotsOnWhiteSite
2084,16,18
timeStep,numberOfRobotsOnBlackSite,numberOfRobotsOnWhiteSite
2085,16,18
timeStep,numberOfRobotsOnBlackSite,numberOfRobotsOnWhiteSite
2086,16,18
timeStep,numberOfRobotsOnBlackSite,numberOfRobotsOnWhiteSite
2087,16,18
timeStep,numberOfRobotsOnBlackSite,numberOfRobotsOnWhiteSite
2088,16,18
timeStep,numberOfRobotsOnBlackSite,numberOfRobotsOnWhiteSite
2089,16,18
timeStep,numberOfRobotsOnBlackSite,numberOfRobotsOnWhiteSite
2090,16,18
timeStep,numberOfRobotsOnBlackSite,numberOfRobotsOnWhiteSite
2091,16,18
timeStep,numberOfRobotsOnBlackSite,numberOfRobotsOnWhiteSite
2092,16,18
timeStep,numberOfRobotsOnBlackSite,numberOfRobotsOnWhiteSite
2093,16,18
timeStep,numberOfRobotsOnBlackSite,numberOfRobotsOnWhiteSite
2094,16,18
timeStep,numberOfRobotsOnBlackSite,numberOfRobotsOnWhiteSite
2095,16,18
timeStep,numberOfRobotsOnBlackSite,numberOfRobotsOnWhiteSite
2096,16,18
timeStep,numberOfRobotsOnBlackSite,numberOfRobotsOnWhiteSite
2097,16,18
timeStep,numberOfRobotsOnBlackSite,numberOfRobotsOnWhiteSite
2098,16,18
timeStep,numberOfRobotsOnBlackSite,numberOfRobotsOnWhiteSite
2099,16,18
timeStep,numberOfRobotsOnBlackSite,numberOfRobotsOnWhiteSite
2100,16,18
timeStep,numberOfRobotsOnBlackSite,numberOfRobotsOnWhiteSite
2101,16,18
timeStep,numberOfRobotsOnBlackSite,numberOfRobotsOnWhiteSite
2102,16,18
timeStep,numberOfRobotsOnBlackSite,numberOfRobotsOnWhiteSite
2103,16,18
timeStep,numberOfRobotsOnBlackSite,numberOfRobotsOnWhiteSite
2104,16,18
timeStep,numberOfRobotsOnBlackSite,numberOfRobotsOnWhiteSite
2105,16,18
timeStep,numberOfRobotsOnBlackSite,numberOfRobotsOnWhiteSite
2106,16,18
timeStep,numberOfRobotsOnBlackSite,numberOfRobotsOnWhiteSite
2107,16,18
timeStep,numberOfRobotsOnBlackSite,numberOfRobotsOnWhiteSite
2108,16,18
timeStep,numberOfRobotsOnBlackSite,numberOfRobotsOnWhiteSite
2109,16,18
timeStep,numberOfRobotsOnBlackSite,numberOfRobotsOnWhiteSite
2110,16,18
timeStep,numberOfRobotsOnBlackSite,numberOfRobotsOnWhiteSite
2111,16,18
timeStep,numberOfRobotsOnBlackSite,numberOfRobotsOnWhiteSite
2112,16,18
timeStep,numberOfRobotsOnBlackSite,numberOfRobotsOnWhiteSite
2113,16,18
timeStep,numberOfRobotsOnBlackSite,numberOfRobotsOnWhiteSite
2114,16,18
timeStep,numberOfRobotsOnBlackSite,numberOfRobotsOnWhiteSite
2115,16,18
timeStep,numberOfRobotsOnBlackSite,numberOfRobotsOnWhiteSite
2116,16,18
timeStep,numberOfRobotsOnBlackSite,numberOfRobotsOnWhiteSite
2117,16,18
timeStep,numberOfRobotsOnBlackSite,numberOfRobotsOnWhiteSite
2118,16,18
timeStep,numberOfRobotsOnBlackSite,numberOfRobotsOnWhiteSite
2119,16,18
timeStep,numberOfRobotsOnBlackSite,numberOfRobotsOnWhiteSite
2120,16,18
timeStep,numberOfRobotsOnBlackSite,numberOfRobotsOnWhiteSite
2121,16,18
timeStep,numberOfRobotsOnBlackSite,numberOfRobotsOnWhiteSite
2122,16,18
timeStep,numberOfRobotsOnBlackSite,numberOfRobotsOnWhiteSite
2123,16,18
timeStep,numberOfRobotsOnBlackSite,numberOfRobotsOnWhiteSite
2124,16,18
timeStep,numberOfRobotsOnBlackSite,numberOfRobotsOnWhiteSite
2125,16,18
timeStep,numberOfRobotsOnBlackSite,numberOfRobotsOnWhiteSite
2126,16,18
timeStep,numberOfRobotsOnBlackSite,numberOfRobotsOnWhiteSite
2127,16,18
timeStep,numberOfRobotsOnBlackSite,numberOfRobotsOnWhiteSite
2128,16,18
timeStep,numberOfRobotsOnBlackSite,numberOfRobotsOnWhiteSite
2129,16,18
timeStep,numberOfRobotsOnBlackSite,numberOfRobotsOnWhiteSite
2130,16,18
timeStep,numberOfRobotsOnBlackSite,numberOfRobotsOnWhiteSite
2131,16,18
timeStep,numberOfRobotsOnBlackSite,numberOfRobotsOnWhiteSite
2132,16,18
timeStep,numberOfRobotsOnBlackSite,numberOfRobotsOnWhiteSite
2133,16,18
timeStep,numberOfRobotsOnBlackSite,numberOfRobotsOnWhiteSite
2134,16,18
timeStep,numberOfRobotsOnBlackSite,numberOfRobotsOnWhiteSite
2135,16,18
timeStep,numberOfRobotsOnBlackSite,numberOfRobotsOnWhiteSite
2136,16,18
timeStep,numberOfRobotsOnBlackSite,numberOfRobotsOnWhiteSite
2137,16,18
timeStep,numberOfRobotsOnBlackSite,numberOfRobotsOnWhiteSite
2138,16,18
timeStep,numberOfRobotsOnBlackSite,numberOfRobotsOnWhiteSite
2139,16,18
timeStep,numberOfRobotsOnBlackSite,numberOfRobotsOnWhiteSite
2140,16,18
timeStep,numberOfRobotsOnBlackSite,numberOfRobotsOnWhiteSite
2141,16,18
timeStep,numberOfRobotsOnBlackSite,numberOfRobotsOnWhiteSite
2142,16,18
timeStep,numberOfRobotsOnBlackSite,numberOfRobotsOnWhiteSite
2143,16,18
timeStep,numberOfRobotsOnBlackSite,numberOfRobotsOnWhiteSite
2144,16,18
timeStep,numberOfRobotsOnBlackSite,numberOfRobotsOnWhiteSite
2145,15,18
timeStep,numberOfRobotsOnBlackSite,numberOfRobotsOnWhiteSite
2146,15,18
timeStep,numberOfRobotsOnBlackSite,numberOfRobotsOnWhiteSite
2147,15,18
timeStep,numberOfRobotsOnBlackSite,numberOfRobotsOnWhiteSite
2148,15,18
timeStep,numberOfRobotsOnBlackSite,numberOfRobotsOnWhiteSite
2149,15,18
timeStep,numberOfRobotsOnBlackSite,numberOfRobotsOnWhiteSite
2150,15,18
timeStep,numberOfRobotsOnBlackSite,numberOfRobotsOnWhiteSite
2151,15,18
timeStep,numberOfRobotsOnBlackSite,numberOfRobotsOnWhiteSite
2152,15,18
timeStep,numberOfRobotsOnBlackSite,numberOfRobotsOnWhiteSite
2153,15,18
timeStep,numberOfRobotsOnBlackSite,numberOfRobotsOnWhiteSite
2154,15,18
timeStep,numberOfRobotsOnBlackSite,numberOfRobotsOnWhiteSite
2155,15,18
timeStep,numberOfRobotsOnBlackSite,numberOfRobotsOnWhiteSite
2156,15,18
timeStep,numberOfRobotsOnBlackSite,numberOfRobotsOnWhiteSite
2157,15,18
timeStep,numberOfRobotsOnBlackSite,numberOfRobotsOnWhiteSite
2158,15,18
timeStep,numberOfRobotsOnBlackSite,numberOfRobotsOnWhiteSite
2159,15,18
timeStep,numberOfRobotsOnBlackSite,numberOfRobotsOnWhiteSite
2160,15,18
timeStep,numberOfRobotsOnBlackSite,numberOfRobotsOnWhiteSite
2161,15,18
timeStep,numberOfRobotsOnBlackSite,numberOfRobotsOnWhiteSite
2162,15,18
timeStep,numberOfRobotsOnBlackSite,numberOfRobotsOnWhiteSite
2163,15,18
timeStep,numberOfRobotsOnBlackSite,numberOfRobotsOnWhiteSite
2164,15,18
timeStep,numberOfRobotsOnBlackSite,numberOfRobotsOnWhiteSite
2165,15,18
timeStep,numberOfRobotsOnBlackSite,numberOfRobotsOnWhiteSite
2166,15,18
timeStep,numberOfRobotsOnBlackSite,numberOfRobotsOnWhiteSite
2167,15,18
timeStep,numberOfRobotsOnBlackSite,numberOfRobotsOnWhiteSite
2168,15,18
timeStep,numberOfRobotsOnBlackSite,numberOfRobotsOnWhiteSite
2169,15,18
timeStep,numberOfRobotsOnBlackSite,numberOfRobotsOnWhiteSite
2170,15,18
timeStep,numberOfRobotsOnBlackSite,numberOfRobotsOnWhiteSite
2171,15,18
timeStep,numberOfRobotsOnBlackSite,numberOfRobotsOnWhiteSite
2172,15,18
timeStep,numberOfRobotsOnBlackSite,numberOfRobotsOnWhiteSite
2173,15,18
timeStep,numberOfRobotsOnBlackSite,numberOfRobotsOnWhiteSite
2174,15,18
timeStep,numberOfRobotsOnBlackSite,numberOfRobotsOnWhiteSite
2175,16,18
timeStep,numberOfRobotsOnBlackSite,numberOfRobotsOnWhiteSite
2176,16,18
timeStep,numberOfRobotsOnBlackSite,numberOfRobotsOnWhiteSite
2177,16,18
timeStep,numberOfRobotsOnBlackSite,numberOfRobotsOnWhiteSite
2178,16,18
timeStep,numberOfRobotsOnBlackSite,numberOfRobotsOnWhiteSite
2179,16,18
timeStep,numberOfRobotsOnBlackSite,numberOfRobotsOnWhiteSite
2180,16,18
timeStep,numberOfRobotsOnBlackSite,numberOfRobotsOnWhiteSite
2181,16,18
timeStep,numberOfRobotsOnBlackSite,numberOfRobotsOnWhiteSite
2182,16,18
timeStep,numberOfRobotsOnBlackSite,numberOfRobotsOnWhiteSite
2183,16,18
timeStep,numberOfRobotsOnBlackSite,numberOfRobotsOnWhiteSite
2184,16,18
timeStep,numberOfRobotsOnBlackSite,numberOfRobotsOnWhiteSite
2185,16,18
timeStep,numberOfRobotsOnBlackSite,numberOfRobotsOnWhiteSite
2186,16,18
timeStep,numberOfRobotsOnBlackSite,numberOfRobotsOnWhiteSite
2187,16,18
timeStep,numberOfRobotsOnBlackSite,numberOfRobotsOnWhiteSite
2188,16,18
timeStep,numberOfRobotsOnBlackSite,numberOfRobotsOnWhiteSite
2189,16,18
timeStep,numberOfRobotsOnBlackSite,numberOfRobotsOnWhiteSite
2190,16,18
timeStep,numberOfRobotsOnBlackSite,numberOfRobotsOnWhiteSite
2191,16,18
timeStep,numberOfRobotsOnBlackSite,numberOfRobotsOnWhiteSite
2192,16,18
timeStep,numberOfRobotsOnBlackSite,numberOfRobotsOnWhiteSite
2193,16,18
timeStep,numberOfRobotsOnBlackSite,numberOfRobotsOnWhiteSite
2194,16,18
timeStep,numberOfRobotsOnBlackSite,numberOfRobotsOnWhiteSite
2195,16,18
timeStep,numberOfRobotsOnBlackSite,numberOfRobotsOnWhiteSite
2196,16,18
timeStep,numberOfRobotsOnBlackSite,numberOfRobotsOnWhiteSite
2197,16,18
timeStep,numberOfRobotsOnBlackSite,numberOfRobotsOnWhiteSite
2198,16,18
timeStep,numberOfRobotsOnBlackSite,numberOfRobotsOnWhiteSite
2199,16,18
timeStep,numberOfRobotsOnBlackSite,numberOfRobotsOnWhiteSite
2200,17,18
timeStep,numberOfRobotsOnBlackSite,numberOfRobotsOnWhiteSite
2201,17,18
timeStep,numberOfRobotsOnBlackSite,numberOfRobotsOnWhiteSite
2202,17,18
timeStep,numberOfRobotsOnBlackSite,numberOfRobotsOnWhiteSite
2203,17,18
timeStep,numberOfRobotsOnBlackSite,numberOfRobotsOnWhiteSite
2204,17,18
timeStep,numberOfRobotsOnBlackSite,numberOfRobotsOnWhiteSite
2205,17,18
timeStep,numberOfRobotsOnBlackSite,numberOfRobotsOnWhiteSite
2206,17,18
timeStep,numberOfRobotsOnBlackSite,numberOfRobotsOnWhiteSite
2207,17,18
timeStep,numberOfRobotsOnBlackSite,numberOfRobotsOnWhiteSite
2208,17,18
timeStep,numberOfRobotsOnBlackSite,numberOfRobotsOnWhiteSite
2209,17,18
timeStep,numberOfRobotsOnBlackSite,numberOfRobotsOnWhiteSite
2210,17,18
timeStep,numberOfRobotsOnBlackSite,numberOfRobotsOnWhiteSite
2211,17,18
timeStep,numberOfRobotsOnBlackSite,numberOfRobotsOnWhiteSite
2212,17,18
timeStep,numberOfRobotsOnBlackSite,numberOfRobotsOnWhiteSite
2213,17,18
timeStep,numberOfRobotsOnBlackSite,numberOfRobotsOnWhiteSite
2214,17,18
timeStep,numberOfRobotsOnBlackSite,numberOfRobotsOnWhiteSite
2215,17,18
timeStep,numberOfRobotsOnBlackSite,numberOfRobotsOnWhiteSite
2216,17,18
timeStep,numberOfRobotsOnBlackSite,numberOfRobotsOnWhiteSite
2217,17,18
timeStep,numberOfRobotsOnBlackSite,numberOfRobotsOnWhiteSite
2218,17,18
timeStep,numberOfRobotsOnBlackSite,numberOfRobotsOnWhiteSite
2219,17,18
timeStep,numberOfRobotsOnBlackSite,numberOfRobotsOnWhiteSite
2220,17,18
timeStep,numberOfRobotsOnBlackSite,numberOfRobotsOnWhiteSite
2221,17,18
timeStep,numberOfRobotsOnBlackSite,numberOfRobotsOnWhiteSite
2222,17,18
timeStep,numberOfRobotsOnBlackSite,numberOfRobotsOnWhiteSite
2223,17,18
timeStep,numberOfRobotsOnBlackSite,numberOfRobotsOnWhiteSite
2224,17,18
timeStep,numberOfRobotsOnBlackSite,numberOfRobotsOnWhiteSite
2225,17,18
timeStep,numberOfRobotsOnBlackSite,numberOfRobotsOnWhiteSite
2226,17,18
timeStep,numberOfRobotsOnBlackSite,numberOfRobotsOnWhiteSite
2227,17,18
timeStep,numberOfRobotsOnBlackSite,numberOfRobotsOnWhiteSite
2228,17,18
timeStep,numberOfRobotsOnBlackSite,numberOfRobotsOnWhiteSite
2229,17,18
timeStep,numberOfRobotsOnBlackSite,numberOfRobotsOnWhiteSite
2230,17,18
timeStep,numberOfRobotsOnBlackSite,numberOfRobotsOnWhiteSite
2231,17,18
timeStep,numberOfRobotsOnBlackSite,numberOfRobotsOnWhiteSite
2232,17,18
timeStep,numberOfRobotsOnBlackSite,numberOfRobotsOnWhiteSite
2233,17,18
timeStep,numberOfRobotsOnBlackSite,numberOfRobotsOnWhiteSite
2234,17,18
timeStep,numberOfRobotsOnBlackSite,numberOfRobotsOnWhiteSite
2235,17,18
timeStep,numberOfRobotsOnBlackSite,numberOfRobotsOnWhiteSite
2236,17,18
timeStep,numberOfRobotsOnBlackSite,numberOfRobotsOnWhiteSite
2237,17,18
timeStep,numberOfRobotsOnBlackSite,numberOfRobotsOnWhiteSite
2238,17,18
timeStep,numberOfRobotsOnBlackSite,numberOfRobotsOnWhiteSite
2239,17,18
timeStep,numberOfRobotsOnBlackSite,numberOfRobotsOnWhiteSite
2240,17,18
timeStep,numberOfRobotsOnBlackSite,numberOfRobotsOnWhiteSite
2241,17,18
timeStep,numberOfRobotsOnBlackSite,numberOfRobotsOnWhiteSite
2242,17,18
timeStep,numberOfRobotsOnBlackSite,numberOfRobotsOnWhiteSite
2243,17,18
timeStep,numberOfRobotsOnBlackSite,numberOfRobotsOnWhiteSite
2244,17,18
timeStep,numberOfRobotsOnBlackSite,numberOfRobotsOnWhiteSite
2245,17,18
timeStep,numberOfRobotsOnBlackSite,numberOfRobotsOnWhiteSite
2246,17,18
timeStep,numberOfRobotsOnBlackSite,numberOfRobotsOnWhiteSite
2247,17,18
timeStep,numberOfRobotsOnBlackSite,numberOfRobotsOnWhiteSite
2248,17,18
timeStep,numberOfRobotsOnBlackSite,numberOfRobotsOnWhiteSite
2249,17,18
timeStep,numberOfRobotsOnBlackSite,numberOfRobotsOnWhiteSite
2250,17,19
timeStep,numberOfRobotsOnBlackSite,numberOfRobotsOnWhiteSite
2251,17,19
timeStep,numberOfRobotsOnBlackSite,numberOfRobotsOnWhiteSite
2252,17,19
timeStep,numberOfRobotsOnBlackSite,numberOfRobotsOnWhiteSite
2253,17,19
timeStep,numberOfRobotsOnBlackSite,numberOfRobotsOnWhiteSite
2254,17,19
timeStep,numberOfRobotsOnBlackSite,numberOfRobotsOnWhiteSite
2255,17,19
timeStep,numberOfRobotsOnBlackSite,numberOfRobotsOnWhiteSite
2256,17,19
timeStep,numberOfRobotsOnBlackSite,numberOfRobotsOnWhiteSite
2257,17,19
timeStep,numberOfRobotsOnBlackSite,numberOfRobotsOnWhiteSite
2258,17,19
timeStep,numberOfRobotsOnBlackSite,numberOfRobotsOnWhiteSite
2259,17,19
timeStep,numberOfRobotsOnBlackSite,numberOfRobotsOnWhiteSite
2260,17,19
timeStep,numberOfRobotsOnBlackSite,numberOfRobotsOnWhiteSite
2261,17,19
timeStep,numberOfRobotsOnBlackSite,numberOfRobotsOnWhiteSite
2262,17,19
timeStep,numberOfRobotsOnBlackSite,numberOfRobotsOnWhiteSite
2263,17,19
timeStep,numberOfRobotsOnBlackSite,numberOfRobotsOnWhiteSite
2264,17,19
timeStep,numberOfRobotsOnBlackSite,numberOfRobotsOnWhiteSite
2265,17,18
timeStep,numberOfRobotsOnBlackSite,numberOfRobotsOnWhiteSite
2266,17,18
timeStep,numberOfRobotsOnBlackSite,numberOfRobotsOnWhiteSite
2267,17,18
timeStep,numberOfRobotsOnBlackSite,numberOfRobotsOnWhiteSite
2268,17,18
timeStep,numberOfRobotsOnBlackSite,numberOfRobotsOnWhiteSite
2269,17,18
timeStep,numberOfRobotsOnBlackSite,numberOfRobotsOnWhiteSite
2270,17,18
timeStep,numberOfRobotsOnBlackSite,numberOfRobotsOnWhiteSite
2271,17,18
timeStep,numberOfRobotsOnBlackSite,numberOfRobotsOnWhiteSite
2272,17,18
timeStep,numberOfRobotsOnBlackSite,numberOfRobotsOnWhiteSite
2273,17,18
timeStep,numberOfRobotsOnBlackSite,numberOfRobotsOnWhiteSite
2274,17,18
timeStep,numberOfRobotsOnBlackSite,numberOfRobotsOnWhiteSite
2275,17,18
timeStep,numberOfRobotsOnBlackSite,numberOfRobotsOnWhiteSite
2276,17,18
timeStep,numberOfRobotsOnBlackSite,numberOfRobotsOnWhiteSite
2277,17,18
timeStep,numberOfRobotsOnBlackSite,numberOfRobotsOnWhiteSite
2278,17,18
timeStep,numberOfRobotsOnBlackSite,numberOfRobotsOnWhiteSite
2279,17,18
timeStep,numberOfRobotsOnBlackSite,numberOfRobotsOnWhiteSite
2280,17,18
timeStep,numberOfRobotsOnBlackSite,numberOfRobotsOnWhiteSite
2281,17,18
timeStep,numberOfRobotsOnBlackSite,numberOfRobotsOnWhiteSite
2282,17,18
timeStep,numberOfRobotsOnBlackSite,numberOfRobotsOnWhiteSite
2283,17,18
timeStep,numberOfRobotsOnBlackSite,numberOfRobotsOnWhiteSite
2284,17,18
timeStep,numberOfRobotsOnBlackSite,numberOfRobotsOnWhiteSite
2285,17,18
timeStep,numberOfRobotsOnBlackSite,numberOfRobotsOnWhiteSite
2286,17,18
timeStep,numberOfRobotsOnBlackSite,numberOfRobotsOnWhiteSite
2287,17,18
timeStep,numberOfRobotsOnBlackSite,numberOfRobotsOnWhiteSite
2288,17,18
timeStep,numberOfRobotsOnBlackSite,numberOfRobotsOnWhiteSite
2289,17,18
timeStep,numberOfRobotsOnBlackSite,numberOfRobotsOnWhiteSite
2290,17,18
timeStep,numberOfRobotsOnBlackSite,numberOfRobotsOnWhiteSite
2291,17,18
timeStep,numberOfRobotsOnBlackSite,numberOfRobotsOnWhiteSite
2292,17,18
timeStep,numberOfRobotsOnBlackSite,numberOfRobotsOnWhiteSite
2293,17,18
timeStep,numberOfRobotsOnBlackSite,numberOfRobotsOnWhiteSite
2294,17,18
timeStep,numberOfRobotsOnBlackSite,numberOfRobotsOnWhiteSite
2295,17,18
timeStep,numberOfRobotsOnBlackSite,numberOfRobotsOnWhiteSite
2296,17,18
timeStep,numberOfRobotsOnBlackSite,numberOfRobotsOnWhiteSite
2297,17,18
timeStep,numberOfRobotsOnBlackSite,numberOfRobotsOnWhiteSite
2298,17,18
timeStep,numberOfRobotsOnBlackSite,numberOfRobotsOnWhiteSite
2299,17,18
timeStep,numberOfRobotsOnBlackSite,numberOfRobotsOnWhiteSite
2300,17,18
timeStep,numberOfRobotsOnBlackSite,numberOfRobotsOnWhiteSite
2301,17,18
timeStep,numberOfRobotsOnBlackSite,numberOfRobotsOnWhiteSite
2302,17,18
timeStep,numberOfRobotsOnBlackSite,numberOfRobotsOnWhiteSite
2303,17,18
timeStep,numberOfRobotsOnBlackSite,numberOfRobotsOnWhiteSite
2304,17,18
timeStep,numberOfRobotsOnBlackSite,numberOfRobotsOnWhiteSite
2305,17,18
timeStep,numberOfRobotsOnBlackSite,numberOfRobotsOnWhiteSite
2306,17,18
timeStep,numberOfRobotsOnBlackSite,numberOfRobotsOnWhiteSite
2307,17,18
timeStep,numberOfRobotsOnBlackSite,numberOfRobotsOnWhiteSite
2308,17,18
timeStep,numberOfRobotsOnBlackSite,numberOfRobotsOnWhiteSite
2309,17,18
timeStep,numberOfRobotsOnBlackSite,numberOfRobotsOnWhiteSite
2310,17,18
timeStep,numberOfRobotsOnBlackSite,numberOfRobotsOnWhiteSite
2311,17,18
timeStep,numberOfRobotsOnBlackSite,numberOfRobotsOnWhiteSite
2312,17,18
timeStep,numberOfRobotsOnBlackSite,numberOfRobotsOnWhiteSite
2313,17,18
timeStep,numberOfRobotsOnBlackSite,numberOfRobotsOnWhiteSite
2314,17,18
timeStep,numberOfRobotsOnBlackSite,numberOfRobotsOnWhiteSite
2315,17,18
timeStep,numberOfRobotsOnBlackSite,numberOfRobotsOnWhiteSite
2316,17,18
timeStep,numberOfRobotsOnBlackSite,numberOfRobotsOnWhiteSite
2317,17,18
timeStep,numberOfRobotsOnBlackSite,numberOfRobotsOnWhiteSite
2318,17,18
timeStep,numberOfRobotsOnBlackSite,numberOfRobotsOnWhiteSite
2319,17,18
timeStep,numberOfRobotsOnBlackSite,numberOfRobotsOnWhiteSite
2320,17,18
timeStep,numberOfRobotsOnBlackSite,numberOfRobotsOnWhiteSite
2321,17,18
timeStep,numberOfRobotsOnBlackSite,numberOfRobotsOnWhiteSite
2322,17,18
timeStep,numberOfRobotsOnBlackSite,numberOfRobotsOnWhiteSite
2323,17,18
timeStep,numberOfRobotsOnBlackSite,numberOfRobotsOnWhiteSite
2324,17,18
timeStep,numberOfRobotsOnBlackSite,numberOfRobotsOnWhiteSite
2325,17,18
timeStep,numberOfRobotsOnBlackSite,numberOfRobotsOnWhiteSite
2326,17,18
timeStep,numberOfRobotsOnBlackSite,numberOfRobotsOnWhiteSite
2327,17,18
timeStep,numberOfRobotsOnBlackSite,numberOfRobotsOnWhiteSite
2328,17,18
timeStep,numberOfRobotsOnBlackSite,numberOfRobotsOnWhiteSite
2329,17,18
timeStep,numberOfRobotsOnBlackSite,numberOfRobotsOnWhiteSite
2330,18,18
timeStep,numberOfRobotsOnBlackSite,numberOfRobotsOnWhiteSite
2331,18,18
timeStep,numberOfRobotsOnBlackSite,numberOfRobotsOnWhiteSite
2332,18,18
timeStep,numberOfRobotsOnBlackSite,numberOfRobotsOnWhiteSite
2333,18,18
timeStep,numberOfRobotsOnBlackSite,numberOfRobotsOnWhiteSite
2334,18,18
timeStep,numberOfRobotsOnBlackSite,numberOfRobotsOnWhiteSite
2335,18,18
timeStep,numberOfRobotsOnBlackSite,numberOfRobotsOnWhiteSite
2336,18,18
timeStep,numberOfRobotsOnBlackSite,numberOfRobotsOnWhiteSite
2337,18,18
timeStep,numberOfRobotsOnBlackSite,numberOfRobotsOnWhiteSite
2338,18,18
timeStep,numberOfRobotsOnBlackSite,numberOfRobotsOnWhiteSite
2339,18,18
timeStep,numberOfRobotsOnBlackSite,numberOfRobotsOnWhiteSite
2340,18,18
timeStep,numberOfRobotsOnBlackSite,numberOfRobotsOnWhiteSite
2341,18,18
timeStep,numberOfRobotsOnBlackSite,numberOfRobotsOnWhiteSite
2342,18,18
timeStep,numberOfRobotsOnBlackSite,numberOfRobotsOnWhiteSite
2343,18,18
timeStep,numberOfRobotsOnBlackSite,numberOfRobotsOnWhiteSite
2344,18,18
timeStep,numberOfRobotsOnBlackSite,numberOfRobotsOnWhiteSite
2345,18,18
timeStep,numberOfRobotsOnBlackSite,numberOfRobotsOnWhiteSite
2346,18,18
timeStep,numberOfRobotsOnBlackSite,numberOfRobotsOnWhiteSite
2347,18,18
timeStep,numberOfRobotsOnBlackSite,numberOfRobotsOnWhiteSite
2348,18,18
timeStep,numberOfRobotsOnBlackSite,numberOfRobotsOnWhiteSite
2349,18,18
timeStep,numberOfRobotsOnBlackSite,numberOfRobotsOnWhiteSite
2350,18,18
timeStep,numberOfRobotsOnBlackSite,numberOfRobotsOnWhiteSite
2351,18,18
timeStep,numberOfRobotsOnBlackSite,numberOfRobotsOnWhiteSite
2352,18,18
timeStep,numberOfRobotsOnBlackSite,numberOfRobotsOnWhiteSite
2353,18,18
timeStep,numberOfRobotsOnBlackSite,numberOfRobotsOnWhiteSite
2354,18,18
timeStep,numberOfRobotsOnBlackSite,numberOfRobotsOnWhiteSite
2355,18,18
timeStep,numberOfRobotsOnBlackSite,numberOfRobotsOnWhiteSite
2356,18,18
timeStep,numberOfRobotsOnBlackSite,numberOfRobotsOnWhiteSite
2357,18,18
timeStep,numberOfRobotsOnBlackSite,numberOfRobotsOnWhiteSite
2358,18,18
timeStep,numberOfRobotsOnBlackSite,numberOfRobotsOnWhiteSite
2359,18,18
timeStep,numberOfRobotsOnBlackSite,numberOfRobotsOnWhiteSite
2360,18,19
timeStep,numberOfRobotsOnBlackSite,numberOfRobotsOnWhiteSite
2361,18,19
timeStep,numberOfRobotsOnBlackSite,numberOfRobotsOnWhiteSite
2362,18,19
timeStep,numberOfRobotsOnBlackSite,numberOfRobotsOnWhiteSite
2363,18,19
timeStep,numberOfRobotsOnBlackSite,numberOfRobotsOnWhiteSite
2364,18,19
timeStep,numberOfRobotsOnBlackSite,numberOfRobotsOnWhiteSite
2365,18,19
timeStep,numberOfRobotsOnBlackSite,numberOfRobotsOnWhiteSite
2366,18,19
timeStep,numberOfRobotsOnBlackSite,numberOfRobotsOnWhiteSite
2367,18,19
timeStep,numberOfRobotsOnBlackSite,numberOfRobotsOnWhiteSite
2368,18,19
timeStep,numberOfRobotsOnBlackSite,numberOfRobotsOnWhiteSite
2369,18,19
timeStep,numberOfRobotsOnBlackSite,numberOfRobotsOnWhiteSite
2370,18,18
timeStep,numberOfRobotsOnBlackSite,numberOfRobotsOnWhiteSite
2371,18,18
timeStep,numberOfRobotsOnBlackSite,numberOfRobotsOnWhiteSite
2372,18,18
timeStep,numberOfRobotsOnBlackSite,numberOfRobotsOnWhiteSite
2373,18,18
timeStep,numberOfRobotsOnBlackSite,numberOfRobotsOnWhiteSite
2374,18,18
timeStep,numberOfRobotsOnBlackSite,numberOfRobotsOnWhiteSite
2375,18,18
timeStep,numberOfRobotsOnBlackSite,numberOfRobotsOnWhiteSite
2376,18,18
timeStep,numberOfRobotsOnBlackSite,numberOfRobotsOnWhiteSite
2377,18,18
timeStep,numberOfRobotsOnBlackSite,numberOfRobotsOnWhiteSite
2378,18,18
timeStep,numberOfRobotsOnBlackSite,numberOfRobotsOnWhiteSite
2379,18,18
timeStep,numberOfRobotsOnBlackSite,numberOfRobotsOnWhiteSite
2380,18,18
timeStep,numberOfRobotsOnBlackSite,numberOfRobotsOnWhiteSite
2381,18,18
timeStep,numberOfRobotsOnBlackSite,numberOfRobotsOnWhiteSite
2382,18,18
timeStep,numberOfRobotsOnBlackSite,numberOfRobotsOnWhiteSite
2383,18,18
timeStep,numberOfRobotsOnBlackSite,numberOfRobotsOnWhiteSite
2384,18,18
timeStep,numberOfRobotsOnBlackSite,numberOfRobotsOnWhiteSite
2385,18,18
timeStep,numberOfRobotsOnBlackSite,numberOfRobotsOnWhiteSite
2386,18,18
timeStep,numberOfRobotsOnBlackSite,numberOfRobotsOnWhiteSite
2387,18,18
timeStep,numberOfRobotsOnBlackSite,numberOfRobotsOnWhiteSite
2388,18,18
timeStep,numberOfRobotsOnBlackSite,numberOfRobotsOnWhiteSite
2389,18,18
timeStep,numberOfRobotsOnBlackSite,numberOfRobotsOnWhiteSite
2390,18,18
timeStep,numberOfRobotsOnBlackSite,numberOfRobotsOnWhiteSite
2391,18,18
timeStep,numberOfRobotsOnBlackSite,numberOfRobotsOnWhiteSite
2392,18,18
timeStep,numberOfRobotsOnBlackSite,numberOfRobotsOnWhiteSite
2393,18,18
timeStep,numberOfRobotsOnBlackSite,numberOfRobotsOnWhiteSite
2394,18,18
timeStep,numberOfRobotsOnBlackSite,numberOfRobotsOnWhiteSite
2395,18,18
timeStep,numberOfRobotsOnBlackSite,numberOfRobotsOnWhiteSite
2396,18,18
timeStep,numberOfRobotsOnBlackSite,numberOfRobotsOnWhiteSite
2397,18,18
timeStep,numberOfRobotsOnBlackSite,numberOfRobotsOnWhiteSite
2398,18,18
timeStep,numberOfRobotsOnBlackSite,numberOfRobotsOnWhiteSite
2399,18,18
timeStep,numberOfRobotsOnBlackSite,numberOfRobotsOnWhiteSite
2400,18,18
timeStep,numberOfRobotsOnBlackSite,numberOfRobotsOnWhiteSite
2401,18,18
timeStep,numberOfRobotsOnBlackSite,numberOfRobotsOnWhiteSite
2402,18,18
timeStep,numberOfRobotsOnBlackSite,numberOfRobotsOnWhiteSite
2403,18,18
timeStep,numberOfRobotsOnBlackSite,numberOfRobotsOnWhiteSite
2404,18,18
timeStep,numberOfRobotsOnBlackSite,numberOfRobotsOnWhiteSite
2405,18,18
timeStep,numberOfRobotsOnBlackSite,numberOfRobotsOnWhiteSite
2406,18,18
timeStep,numberOfRobotsOnBlackSite,numberOfRobotsOnWhiteSite
2407,18,18
timeStep,numberOfRobotsOnBlackSite,numberOfRobotsOnWhiteSite
2408,18,18
timeStep,numberOfRobotsOnBlackSite,numberOfRobotsOnWhiteSite
2409,18,18
timeStep,numberOfRobotsOnBlackSite,numberOfRobotsOnWhiteSite
2410,17,18
timeStep,numberOfRobotsOnBlackSite,numberOfRobotsOnWhiteSite
2411,17,18
timeStep,numberOfRobotsOnBlackSite,numberOfRobotsOnWhiteSite
2412,17,18
timeStep,numberOfRobotsOnBlackSite,numberOfRobotsOnWhiteSite
2413,17,18
timeStep,numberOfRobotsOnBlackSite,numberOfRobotsOnWhiteSite
2414,17,18
timeStep,numberOfRobotsOnBlackSite,numberOfRobotsOnWhiteSite
2415,17,18
timeStep,numberOfRobotsOnBlackSite,numberOfRobotsOnWhiteSite
2416,17,18
timeStep,numberOfRobotsOnBlackSite,numberOfRobotsOnWhiteSite
2417,17,18
timeStep,numberOfRobotsOnBlackSite,numberOfRobotsOnWhiteSite
2418,17,18
timeStep,numberOfRobotsOnBlackSite,numberOfRobotsOnWhiteSite
2419,17,18
timeStep,numberOfRobotsOnBlackSite,numberOfRobotsOnWhiteSite
2420,17,18
timeStep,numberOfRobotsOnBlackSite,numberOfRobotsOnWhiteSite
2421,17,18
timeStep,numberOfRobotsOnBlackSite,numberOfRobotsOnWhiteSite
2422,17,18
timeStep,numberOfRobotsOnBlackSite,numberOfRobotsOnWhiteSite
2423,17,18
timeStep,numberOfRobotsOnBlackSite,numberOfRobotsOnWhiteSite
2424,17,18
timeStep,numberOfRobotsOnBlackSite,numberOfRobotsOnWhiteSite
2425,17,18
timeStep,numberOfRobotsOnBlackSite,numberOfRobotsOnWhiteSite
2426,17,18
timeStep,numberOfRobotsOnBlackSite,numberOfRobotsOnWhiteSite
2427,17,18
timeStep,numberOfRobotsOnBlackSite,numberOfRobotsOnWhiteSite
2428,17,18
timeStep,numberOfRobotsOnBlackSite,numberOfRobotsOnWhiteSite
2429,17,18
timeStep,numberOfRobotsOnBlackSite,numberOfRobotsOnWhiteSite
2430,17,18
timeStep,numberOfRobotsOnBlackSite,numberOfRobotsOnWhiteSite
2431,17,18
timeStep,numberOfRobotsOnBlackSite,numberOfRobotsOnWhiteSite
2432,17,18
timeStep,numberOfRobotsOnBlackSite,numberOfRobotsOnWhiteSite
2433,17,18
timeStep,numberOfRobotsOnBlackSite,numberOfRobotsOnWhiteSite
2434,17,18
timeStep,numberOfRobotsOnBlackSite,numberOfRobotsOnWhiteSite
2435,17,18
timeStep,numberOfRobotsOnBlackSite,numberOfRobotsOnWhiteSite
2436,17,18
timeStep,numberOfRobotsOnBlackSite,numberOfRobotsOnWhiteSite
2437,17,18
timeStep,numberOfRobotsOnBlackSite,numberOfRobotsOnWhiteSite
2438,17,18
timeStep,numberOfRobotsOnBlackSite,numberOfRobotsOnWhiteSite
2439,17,18
timeStep,numberOfRobotsOnBlackSite,numberOfRobotsOnWhiteSite
2440,17,18
timeStep,numberOfRobotsOnBlackSite,numberOfRobotsOnWhiteSite
2441,17,18
timeStep,numberOfRobotsOnBlackSite,numberOfRobotsOnWhiteSite
2442,17,18
timeStep,numberOfRobotsOnBlackSite,numberOfRobotsOnWhiteSite
2443,17,18
timeStep,numberOfRobotsOnBlackSite,numberOfRobotsOnWhiteSite
2444,17,18
timeStep,numberOfRobotsOnBlackSite,numberOfRobotsOnWhiteSite
2445,17,18
timeStep,numberOfRobotsOnBlackSite,numberOfRobotsOnWhiteSite
2446,17,18
timeStep,numberOfRobotsOnBlackSite,numberOfRobotsOnWhiteSite
2447,17,18
timeStep,numberOfRobotsOnBlackSite,numberOfRobotsOnWhiteSite
2448,17,18
timeStep,numberOfRobotsOnBlackSite,numberOfRobotsOnWhiteSite
2449,17,18
timeStep,numberOfRobotsOnBlackSite,numberOfRobotsOnWhiteSite
2450,17,18
timeStep,numberOfRobotsOnBlackSite,numberOfRobotsOnWhiteSite
2451,17,18
timeStep,numberOfRobotsOnBlackSite,numberOfRobotsOnWhiteSite
2452,17,18
timeStep,numberOfRobotsOnBlackSite,numberOfRobotsOnWhiteSite
2453,17,18
timeStep,numberOfRobotsOnBlackSite,numberOfRobotsOnWhiteSite
2454,17,18
timeStep,numberOfRobotsOnBlackSite,numberOfRobotsOnWhiteSite
2455,17,18
timeStep,numberOfRobotsOnBlackSite,numberOfRobotsOnWhiteSite
2456,17,18
timeStep,numberOfRobotsOnBlackSite,numberOfRobotsOnWhiteSite
2457,17,18
timeStep,numberOfRobotsOnBlackSite,numberOfRobotsOnWhiteSite
2458,17,18
timeStep,numberOfRobotsOnBlackSite,numberOfRobotsOnWhiteSite
2459,17,18
timeStep,numberOfRobotsOnBlackSite,numberOfRobotsOnWhiteSite
2460,17,18
timeStep,numberOfRobotsOnBlackSite,numberOfRobotsOnWhiteSite
2461,17,18
timeStep,numberOfRobotsOnBlackSite,numberOfRobotsOnWhiteSite
2462,17,18
timeStep,numberOfRobotsOnBlackSite,numberOfRobotsOnWhiteSite
2463,17,18
timeStep,numberOfRobotsOnBlackSite,numberOfRobotsOnWhiteSite
2464,17,18
timeStep,numberOfRobotsOnBlackSite,numberOfRobotsOnWhiteSite
2465,17,18
timeStep,numberOfRobotsOnBlackSite,numberOfRobotsOnWhiteSite
2466,17,18
timeStep,numberOfRobotsOnBlackSite,numberOfRobotsOnWhiteSite
2467,17,18
timeStep,numberOfRobotsOnBlackSite,numberOfRobotsOnWhiteSite
2468,17,18
timeStep,numberOfRobotsOnBlackSite,numberOfRobotsOnWhiteSite
2469,17,18
timeStep,numberOfRobotsOnBlackSite,numberOfRobotsOnWhiteSite
2470,17,18
timeStep,numberOfRobotsOnBlackSite,numberOfRobotsOnWhiteSite
2471,17,18
timeStep,numberOfRobotsOnBlackSite,numberOfRobotsOnWhiteSite
2472,17,18
timeStep,numberOfRobotsOnBlackSite,numberOfRobotsOnWhiteSite
2473,17,18
timeStep,numberOfRobotsOnBlackSite,numberOfRobotsOnWhiteSite
2474,17,18
timeStep,numberOfRobotsOnBlackSite,numberOfRobotsOnWhiteSite
2475,17,19
timeStep,numberOfRobotsOnBlackSite,numberOfRobotsOnWhiteSite
2476,17,19
timeStep,numberOfRobotsOnBlackSite,numberOfRobotsOnWhiteSite
2477,17,19
timeStep,numberOfRobotsOnBlackSite,numberOfRobotsOnWhiteSite
2478,17,19
timeStep,numberOfRobotsOnBlackSite,numberOfRobotsOnWhiteSite
2479,17,19
timeStep,numberOfRobotsOnBlackSite,numberOfRobotsOnWhiteSite
2480,17,19
timeStep,numberOfRobotsOnBlackSite,numberOfRobotsOnWhiteSite
2481,17,19
timeStep,numberOfRobotsOnBlackSite,numberOfRobotsOnWhiteSite
2482,17,19
timeStep,numberOfRobotsOnBlackSite,numberOfRobotsOnWhiteSite
2483,17,19
timeStep,numberOfRobotsOnBlackSite,numberOfRobotsOnWhiteSite
2484,17,19
timeStep,numberOfRobotsOnBlackSite,numberOfRobotsOnWhiteSite
2485,17,19
timeStep,numberOfRobotsOnBlackSite,numberOfRobotsOnWhiteSite
2486,17,19
timeStep,numberOfRobotsOnBlackSite,numberOfRobotsOnWhiteSite
2487,17,19
timeStep,numberOfRobotsOnBlackSite,numberOfRobotsOnWhiteSite
2488,17,19
timeStep,numberOfRobotsOnBlackSite,numberOfRobotsOnWhiteSite
2489,17,19
timeStep,numberOfRobotsOnBlackSite,numberOfRobotsOnWhiteSite
2490,17,19
timeStep,numberOfRobotsOnBlackSite,numberOfRobotsOnWhiteSite
2491,17,19
timeStep,numberOfRobotsOnBlackSite,numberOfRobotsOnWhiteSite
2492,17,19
timeStep,numberOfRobotsOnBlackSite,numberOfRobotsOnWhiteSite
2493,17,19
timeStep,numberOfRobotsOnBlackSite,numberOfRobotsOnWhiteSite
2494,17,19
timeStep,numberOfRobotsOnBlackSite,numberOfRobotsOnWhiteSite
2495,17,19
timeStep,numberOfRobotsOnBlackSite,numberOfRobotsOnWhiteSite
2496,17,19
timeStep,numberOfRobotsOnBlackSite,numberOfRobotsOnWhiteSite
2497,17,19
timeStep,numberOfRobotsOnBlackSite,numberOfRobotsOnWhiteSite
2498,17,19
timeStep,numberOfRobotsOnBlackSite,numberOfRobotsOnWhiteSite
2499,17,19
timeStep,numberOfRobotsOnBlackSite,numberOfRobotsOnWhiteSite
2500,17,19
timeStep,numberOfRobotsOnBlackSite,numberOfRobotsOnWhiteSite
2501,17,19
timeStep,numberOfRobotsOnBlackSite,numberOfRobotsOnWhiteSite
2502,17,19
timeStep,numberOfRobotsOnBlackSite,numberOfRobotsOnWhiteSite
2503,17,19
timeStep,numberOfRobotsOnBlackSite,numberOfRobotsOnWhiteSite
2504,17,19
timeStep,numberOfRobotsOnBlackSite,numberOfRobotsOnWhiteSite
2505,17,19
timeStep,numberOfRobotsOnBlackSite,numberOfRobotsOnWhiteSite
2506,17,19
timeStep,numberOfRobotsOnBlackSite,numberOfRobotsOnWhiteSite
2507,17,19
timeStep,numberOfRobotsOnBlackSite,numberOfRobotsOnWhiteSite
2508,17,19
timeStep,numberOfRobotsOnBlackSite,numberOfRobotsOnWhiteSite
2509,17,19
timeStep,numberOfRobotsOnBlackSite,numberOfRobotsOnWhiteSite
2510,17,19
timeStep,numberOfRobotsOnBlackSite,numberOfRobotsOnWhiteSite
2511,17,19
timeStep,numberOfRobotsOnBlackSite,numberOfRobotsOnWhiteSite
2512,17,19
timeStep,numberOfRobotsOnBlackSite,numberOfRobotsOnWhiteSite
2513,17,19
timeStep,numberOfRobotsOnBlackSite,numberOfRobotsOnWhiteSite
2514,17,19
timeStep,numberOfRobotsOnBlackSite,numberOfRobotsOnWhiteSite
2515,17,19
timeStep,numberOfRobotsOnBlackSite,numberOfRobotsOnWhiteSite
2516,17,19
timeStep,numberOfRobotsOnBlackSite,numberOfRobotsOnWhiteSite
2517,17,19
timeStep,numberOfRobotsOnBlackSite,numberOfRobotsOnWhiteSite
2518,17,19
timeStep,numberOfRobotsOnBlackSite,numberOfRobotsOnWhiteSite
2519,17,19
timeStep,numberOfRobotsOnBlackSite,numberOfRobotsOnWhiteSite
2520,17,19
timeStep,numberOfRobotsOnBlackSite,numberOfRobotsOnWhiteSite
2521,17,19
timeStep,numberOfRobotsOnBlackSite,numberOfRobotsOnWhiteSite
2522,17,19
timeStep,numberOfRobotsOnBlackSite,numberOfRobotsOnWhiteSite
2523,17,19
timeStep,numberOfRobotsOnBlackSite,numberOfRobotsOnWhiteSite
2524,17,19
timeStep,numberOfRobotsOnBlackSite,numberOfRobotsOnWhiteSite
2525,17,19
timeStep,numberOfRobotsOnBlackSite,numberOfRobotsOnWhiteSite
2526,17,19
timeStep,numberOfRobotsOnBlackSite,numberOfRobotsOnWhiteSite
2527,17,19
timeStep,numberOfRobotsOnBlackSite,numberOfRobotsOnWhiteSite
2528,17,19
timeStep,numberOfRobotsOnBlackSite,numberOfRobotsOnWhiteSite
2529,17,19
timeStep,numberOfRobotsOnBlackSite,numberOfRobotsOnWhiteSite
2530,17,19
timeStep,numberOfRobotsOnBlackSite,numberOfRobotsOnWhiteSite
2531,17,19
timeStep,numberOfRobotsOnBlackSite,numberOfRobotsOnWhiteSite
2532,17,19
timeStep,numberOfRobotsOnBlackSite,numberOfRobotsOnWhiteSite
2533,17,19
timeStep,numberOfRobotsOnBlackSite,numberOfRobotsOnWhiteSite
2534,17,19
timeStep,numberOfRobotsOnBlackSite,numberOfRobotsOnWhiteSite
2535,17,19
timeStep,numberOfRobotsOnBlackSite,numberOfRobotsOnWhiteSite
2536,17,19
timeStep,numberOfRobotsOnBlackSite,numberOfRobotsOnWhiteSite
2537,17,19
timeStep,numberOfRobotsOnBlackSite,numberOfRobotsOnWhiteSite
2538,17,19
timeStep,numberOfRobotsOnBlackSite,numberOfRobotsOnWhiteSite
2539,17,19
timeStep,numberOfRobotsOnBlackSite,numberOfRobotsOnWhiteSite
2540,17,19
timeStep,numberOfRobotsOnBlackSite,numberOfRobotsOnWhiteSite
2541,17,19
timeStep,numberOfRobotsOnBlackSite,numberOfRobotsOnWhiteSite
2542,17,19
timeStep,numberOfRobotsOnBlackSite,numberOfRobotsOnWhiteSite
2543,17,19
timeStep,numberOfRobotsOnBlackSite,numberOfRobotsOnWhiteSite
2544,17,19
timeStep,numberOfRobotsOnBlackSite,numberOfRobotsOnWhiteSite
2545,17,19
timeStep,numberOfRobotsOnBlackSite,numberOfRobotsOnWhiteSite
2546,17,19
timeStep,numberOfRobotsOnBlackSite,numberOfRobotsOnWhiteSite
2547,17,19
timeStep,numberOfRobotsOnBlackSite,numberOfRobotsOnWhiteSite
2548,17,19
timeStep,numberOfRobotsOnBlackSite,numberOfRobotsOnWhiteSite
2549,17,19
timeStep,numberOfRobotsOnBlackSite,numberOfRobotsOnWhiteSite
2550,17,19
timeStep,numberOfRobotsOnBlackSite,numberOfRobotsOnWhiteSite
2551,17,19
timeStep,numberOfRobotsOnBlackSite,numberOfRobotsOnWhiteSite
2552,17,19
timeStep,numberOfRobotsOnBlackSite,numberOfRobotsOnWhiteSite
2553,17,19
timeStep,numberOfRobotsOnBlackSite,numberOfRobotsOnWhiteSite
2554,17,19
timeStep,numberOfRobotsOnBlackSite,numberOfRobotsOnWhiteSite
2555,17,19
timeStep,numberOfRobotsOnBlackSite,numberOfRobotsOnWhiteSite
2556,17,19
timeStep,numberOfRobotsOnBlackSite,numberOfRobotsOnWhiteSite
2557,17,19
timeStep,numberOfRobotsOnBlackSite,numberOfRobotsOnWhiteSite
2558,17,19
timeStep,numberOfRobotsOnBlackSite,numberOfRobotsOnWhiteSite
2559,17,19
timeStep,numberOfRobotsOnBlackSite,numberOfRobotsOnWhiteSite
2560,17,20
timeStep,numberOfRobotsOnBlackSite,numberOfRobotsOnWhiteSite
2561,17,20
timeStep,numberOfRobotsOnBlackSite,numberOfRobotsOnWhiteSite
2562,17,20
timeStep,numberOfRobotsOnBlackSite,numberOfRobotsOnWhiteSite
2563,17,20
timeStep,numberOfRobotsOnBlackSite,numberOfRobotsOnWhiteSite
2564,17,20
timeStep,numberOfRobotsOnBlackSite,numberOfRobotsOnWhiteSite
2565,17,19
timeStep,numberOfRobotsOnBlackSite,numberOfRobotsOnWhiteSite
2566,17,19
timeStep,numberOfRobotsOnBlackSite,numberOfRobotsOnWhiteSite
2567,17,19
timeStep,numberOfRobotsOnBlackSite,numberOfRobotsOnWhiteSite
2568,17,19
timeStep,numberOfRobotsOnBlackSite,numberOfRobotsOnWhiteSite
2569,17,19
timeStep,numberOfRobotsOnBlackSite,numberOfRobotsOnWhiteSite
2570,17,19
timeStep,numberOfRobotsOnBlackSite,numberOfRobotsOnWhiteSite
2571,17,19
timeStep,numberOfRobotsOnBlackSite,numberOfRobotsOnWhiteSite
2572,17,19
timeStep,numberOfRobotsOnBlackSite,numberOfRobotsOnWhiteSite
2573,17,19
timeStep,numberOfRobotsOnBlackSite,numberOfRobotsOnWhiteSite
2574,17,19
timeStep,numberOfRobotsOnBlackSite,numberOfRobotsOnWhiteSite
2575,17,19
timeStep,numberOfRobotsOnBlackSite,numberOfRobotsOnWhiteSite
2576,17,19
timeStep,numberOfRobotsOnBlackSite,numberOfRobotsOnWhiteSite
2577,17,19
timeStep,numberOfRobotsOnBlackSite,numberOfRobotsOnWhiteSite
2578,17,19
timeStep,numberOfRobotsOnBlackSite,numberOfRobotsOnWhiteSite
2579,17,19
timeStep,numberOfRobotsOnBlackSite,numberOfRobotsOnWhiteSite
2580,17,19
timeStep,numberOfRobotsOnBlackSite,numberOfRobotsOnWhiteSite
2581,17,19
timeStep,numberOfRobotsOnBlackSite,numberOfRobotsOnWhiteSite
2582,17,19
timeStep,numberOfRobotsOnBlackSite,numberOfRobotsOnWhiteSite
2583,17,19
timeStep,numberOfRobotsOnBlackSite,numberOfRobotsOnWhiteSite
2584,17,19
timeStep,numberOfRobotsOnBlackSite,numberOfRobotsOnWhiteSite
2585,17,19
timeStep,numberOfRobotsOnBlackSite,numberOfRobotsOnWhiteSite
2586,17,19
timeStep,numberOfRobotsOnBlackSite,numberOfRobotsOnWhiteSite
2587,17,19
timeStep,numberOfRobotsOnBlackSite,numberOfRobotsOnWhiteSite
2588,17,19
timeStep,numberOfRobotsOnBlackSite,numberOfRobotsOnWhiteSite
2589,17,19
timeStep,numberOfRobotsOnBlackSite,numberOfRobotsOnWhiteSite
2590,17,19
timeStep,numberOfRobotsOnBlackSite,numberOfRobotsOnWhiteSite
2591,17,19
timeStep,numberOfRobotsOnBlackSite,numberOfRobotsOnWhiteSite
2592,17,19
timeStep,numberOfRobotsOnBlackSite,numberOfRobotsOnWhiteSite
2593,17,19
timeStep,numberOfRobotsOnBlackSite,numberOfRobotsOnWhiteSite
2594,17,19
timeStep,numberOfRobotsOnBlackSite,numberOfRobotsOnWhiteSite
2595,17,19
timeStep,numberOfRobotsOnBlackSite,numberOfRobotsOnWhiteSite
2596,17,19
timeStep,numberOfRobotsOnBlackSite,numberOfRobotsOnWhiteSite
2597,17,19
timeStep,numberOfRobotsOnBlackSite,numberOfRobotsOnWhiteSite
2598,17,19
timeStep,numberOfRobotsOnBlackSite,numberOfRobotsOnWhiteSite
2599,17,19
timeStep,numberOfRobotsOnBlackSite,numberOfRobotsOnWhiteSite
2600,17,19
timeStep,numberOfRobotsOnBlackSite,numberOfRobotsOnWhiteSite
2601,17,19
timeStep,numberOfRobotsOnBlackSite,numberOfRobotsOnWhiteSite
2602,17,19
timeStep,numberOfRobotsOnBlackSite,numberOfRobotsOnWhiteSite
2603,17,19
timeStep,numberOfRobotsOnBlackSite,numberOfRobotsOnWhiteSite
2604,17,19
timeStep,numberOfRobotsOnBlackSite,numberOfRobotsOnWhiteSite
2605,17,19
timeStep,numberOfRobotsOnBlackSite,numberOfRobotsOnWhiteSite
2606,17,19
timeStep,numberOfRobotsOnBlackSite,numberOfRobotsOnWhiteSite
2607,17,19
timeStep,numberOfRobotsOnBlackSite,numberOfRobotsOnWhiteSite
2608,17,19
timeStep,numberOfRobotsOnBlackSite,numberOfRobotsOnWhiteSite
2609,17,19
timeStep,numberOfRobotsOnBlackSite,numberOfRobotsOnWhiteSite
2610,17,19
timeStep,numberOfRobotsOnBlackSite,numberOfRobotsOnWhiteSite
2611,17,19
timeStep,numberOfRobotsOnBlackSite,numberOfRobotsOnWhiteSite
2612,17,19
timeStep,numberOfRobotsOnBlackSite,numberOfRobotsOnWhiteSite
2613,17,19
timeStep,numberOfRobotsOnBlackSite,numberOfRobotsOnWhiteSite
2614,17,19
timeStep,numberOfRobotsOnBlackSite,numberOfRobotsOnWhiteSite
2615,17,19
timeStep,numberOfRobotsOnBlackSite,numberOfRobotsOnWhiteSite
2616,17,19
timeStep,numberOfRobotsOnBlackSite,numberOfRobotsOnWhiteSite
2617,17,19
timeStep,numberOfRobotsOnBlackSite,numberOfRobotsOnWhiteSite
2618,17,19
timeStep,numberOfRobotsOnBlackSite,numberOfRobotsOnWhiteSite
2619,17,19
timeStep,numberOfRobotsOnBlackSite,numberOfRobotsOnWhiteSite
2620,17,19
timeStep,numberOfRobotsOnBlackSite,numberOfRobotsOnWhiteSite
2621,17,19
timeStep,numberOfRobotsOnBlackSite,numberOfRobotsOnWhiteSite
2622,17,19
timeStep,numberOfRobotsOnBlackSite,numberOfRobotsOnWhiteSite
2623,17,19
timeStep,numberOfRobotsOnBlackSite,numberOfRobotsOnWhiteSite
2624,17,19
timeStep,numberOfRobotsOnBlackSite,numberOfRobotsOnWhiteSite
2625,17,19
timeStep,numberOfRobotsOnBlackSite,numberOfRobotsOnWhiteSite
2626,17,19
timeStep,numberOfRobotsOnBlackSite,numberOfRobotsOnWhiteSite
2627,17,19
timeStep,numberOfRobotsOnBlackSite,numberOfRobotsOnWhiteSite
2628,17,19
timeStep,numberOfRobotsOnBlackSite,numberOfRobotsOnWhiteSite
2629,17,19
timeStep,numberOfRobotsOnBlackSite,numberOfRobotsOnWhiteSite
2630,17,19
timeStep,numberOfRobotsOnBlackSite,numberOfRobotsOnWhiteSite
2631,17,19
timeStep,numberOfRobotsOnBlackSite,numberOfRobotsOnWhiteSite
2632,17,19
timeStep,numberOfRobotsOnBlackSite,numberOfRobotsOnWhiteSite
2633,17,19
timeStep,numberOfRobotsOnBlackSite,numberOfRobotsOnWhiteSite
2634,17,19
timeStep,numberOfRobotsOnBlackSite,numberOfRobotsOnWhiteSite
2635,17,19
timeStep,numberOfRobotsOnBlackSite,numberOfRobotsOnWhiteSite
2636,17,19
timeStep,numberOfRobotsOnBlackSite,numberOfRobotsOnWhiteSite
2637,17,19
timeStep,numberOfRobotsOnBlackSite,numberOfRobotsOnWhiteSite
2638,17,19
timeStep,numberOfRobotsOnBlackSite,numberOfRobotsOnWhiteSite
2639,17,19
timeStep,numberOfRobotsOnBlackSite,numberOfRobotsOnWhiteSite
2640,17,19
timeStep,numberOfRobotsOnBlackSite,numberOfRobotsOnWhiteSite
2641,17,19
timeStep,numberOfRobotsOnBlackSite,numberOfRobotsOnWhiteSite
2642,17,19
timeStep,numberOfRobotsOnBlackSite,numberOfRobotsOnWhiteSite
2643,17,19
timeStep,numberOfRobotsOnBlackSite,numberOfRobotsOnWhiteSite
2644,17,19
timeStep,numberOfRobotsOnBlackSite,numberOfRobotsOnWhiteSite
2645,17,19
timeStep,numberOfRobotsOnBlackSite,numberOfRobotsOnWhiteSite
2646,17,19
timeStep,numberOfRobotsOnBlackSite,numberOfRobotsOnWhiteSite
2647,17,19
timeStep,numberOfRobotsOnBlackSite,numberOfRobotsOnWhiteSite
2648,17,19
timeStep,numberOfRobotsOnBlackSite,numberOfRobotsOnWhiteSite
2649,17,19
timeStep,numberOfRobotsOnBlackSite,numberOfRobotsOnWhiteSite
2650,17,20
timeStep,numberOfRobotsOnBlackSite,numberOfRobotsOnWhiteSite
2651,17,20
timeStep,numberOfRobotsOnBlackSite,numberOfRobotsOnWhiteSite
2652,17,20
timeStep,numberOfRobotsOnBlackSite,numberOfRobotsOnWhiteSite
2653,17,20
timeStep,numberOfRobotsOnBlackSite,numberOfRobotsOnWhiteSite
2654,17,20
timeStep,numberOfRobotsOnBlackSite,numberOfRobotsOnWhiteSite
2655,17,20
timeStep,numberOfRobotsOnBlackSite,numberOfRobotsOnWhiteSite
2656,17,20
timeStep,numberOfRobotsOnBlackSite,numberOfRobotsOnWhiteSite
2657,17,20
timeStep,numberOfRobotsOnBlackSite,numberOfRobotsOnWhiteSite
2658,17,20
timeStep,numberOfRobotsOnBlackSite,numberOfRobotsOnWhiteSite
2659,17,20
timeStep,numberOfRobotsOnBlackSite,numberOfRobotsOnWhiteSite
2660,17,20
timeStep,numberOfRobotsOnBlackSite,numberOfRobotsOnWhiteSite
2661,17,20
timeStep,numberOfRobotsOnBlackSite,numberOfRobotsOnWhiteSite
2662,17,20
timeStep,numberOfRobotsOnBlackSite,numberOfRobotsOnWhiteSite
2663,17,20
timeStep,numberOfRobotsOnBlackSite,numberOfRobotsOnWhiteSite
2664,17,20
timeStep,numberOfRobotsOnBlackSite,numberOfRobotsOnWhiteSite
2665,17,20
timeStep,numberOfRobotsOnBlackSite,numberOfRobotsOnWhiteSite
2666,17,20
timeStep,numberOfRobotsOnBlackSite,numberOfRobotsOnWhiteSite
2667,17,20
timeStep,numberOfRobotsOnBlackSite,numberOfRobotsOnWhiteSite
2668,17,20
timeStep,numberOfRobotsOnBlackSite,numberOfRobotsOnWhiteSite
2669,17,20
timeStep,numberOfRobotsOnBlackSite,numberOfRobotsOnWhiteSite
2670,17,20
timeStep,numberOfRobotsOnBlackSite,numberOfRobotsOnWhiteSite
2671,17,20
timeStep,numberOfRobotsOnBlackSite,numberOfRobotsOnWhiteSite
2672,17,20
timeStep,numberOfRobotsOnBlackSite,numberOfRobotsOnWhiteSite
2673,17,20
timeStep,numberOfRobotsOnBlackSite,numberOfRobotsOnWhiteSite
2674,17,20
timeStep,numberOfRobotsOnBlackSite,numberOfRobotsOnWhiteSite
2675,17,21
timeStep,numberOfRobotsOnBlackSite,numberOfRobotsOnWhiteSite
2676,17,21
timeStep,numberOfRobotsOnBlackSite,numberOfRobotsOnWhiteSite
2677,17,21
timeStep,numberOfRobotsOnBlackSite,numberOfRobotsOnWhiteSite
2678,17,21
timeStep,numberOfRobotsOnBlackSite,numberOfRobotsOnWhiteSite
2679,17,21
timeStep,numberOfRobotsOnBlackSite,numberOfRobotsOnWhiteSite
2680,17,20
timeStep,numberOfRobotsOnBlackSite,numberOfRobotsOnWhiteSite
2681,17,20
timeStep,numberOfRobotsOnBlackSite,numberOfRobotsOnWhiteSite
2682,17,20
timeStep,numberOfRobotsOnBlackSite,numberOfRobotsOnWhiteSite
2683,17,20
timeStep,numberOfRobotsOnBlackSite,numberOfRobotsOnWhiteSite
2684,17,20
timeStep,numberOfRobotsOnBlackSite,numberOfRobotsOnWhiteSite
2685,17,20
timeStep,numberOfRobotsOnBlackSite,numberOfRobotsOnWhiteSite
2686,17,20
timeStep,numberOfRobotsOnBlackSite,numberOfRobotsOnWhiteSite
2687,17,20
timeStep,numberOfRobotsOnBlackSite,numberOfRobotsOnWhiteSite
2688,17,20
timeStep,numberOfRobotsOnBlackSite,numberOfRobotsOnWhiteSite
2689,17,20
timeStep,numberOfRobotsOnBlackSite,numberOfRobotsOnWhiteSite
2690,17,20
timeStep,numberOfRobotsOnBlackSite,numberOfRobotsOnWhiteSite
2691,17,20
timeStep,numberOfRobotsOnBlackSite,numberOfRobotsOnWhiteSite
2692,17,20
timeStep,numberOfRobotsOnBlackSite,numberOfRobotsOnWhiteSite
2693,17,20
timeStep,numberOfRobotsOnBlackSite,numberOfRobotsOnWhiteSite
2694,17,20
timeStep,numberOfRobotsOnBlackSite,numberOfRobotsOnWhiteSite
2695,17,21
timeStep,numberOfRobotsOnBlackSite,numberOfRobotsOnWhiteSite
2696,17,21
timeStep,numberOfRobotsOnBlackSite,numberOfRobotsOnWhiteSite
2697,17,21
timeStep,numberOfRobotsOnBlackSite,numberOfRobotsOnWhiteSite
2698,17,21
timeStep,numberOfRobotsOnBlackSite,numberOfRobotsOnWhiteSite
2699,17,21
timeStep,numberOfRobotsOnBlackSite,numberOfRobotsOnWhiteSite
2700,17,21
timeStep,numberOfRobotsOnBlackSite,numberOfRobotsOnWhiteSite
2701,17,21
timeStep,numberOfRobotsOnBlackSite,numberOfRobotsOnWhiteSite
2702,17,21
timeStep,numberOfRobotsOnBlackSite,numberOfRobotsOnWhiteSite
2703,17,21
timeStep,numberOfRobotsOnBlackSite,numberOfRobotsOnWhiteSite
2704,17,21
timeStep,numberOfRobotsOnBlackSite,numberOfRobotsOnWhiteSite
2705,17,21
timeStep,numberOfRobotsOnBlackSite,numberOfRobotsOnWhiteSite
2706,17,21
timeStep,numberOfRobotsOnBlackSite,numberOfRobotsOnWhiteSite
2707,17,21
timeStep,numberOfRobotsOnBlackSite,numberOfRobotsOnWhiteSite
2708,17,21
timeStep,numberOfRobotsOnBlackSite,numberOfRobotsOnWhiteSite
2709,17,21
timeStep,numberOfRobotsOnBlackSite,numberOfRobotsOnWhiteSite
2710,17,21
timeStep,numberOfRobotsOnBlackSite,numberOfRobotsOnWhiteSite
2711,17,21
timeStep,numberOfRobotsOnBlackSite,numberOfRobotsOnWhiteSite
2712,17,21
timeStep,numberOfRobotsOnBlackSite,numberOfRobotsOnWhiteSite
2713,17,21
timeStep,numberOfRobotsOnBlackSite,numberOfRobotsOnWhiteSite
2714,17,21
timeStep,numberOfRobotsOnBlackSite,numberOfRobotsOnWhiteSite
2715,17,21
timeStep,numberOfRobotsOnBlackSite,numberOfRobotsOnWhiteSite
2716,17,21
timeStep,numberOfRobotsOnBlackSite,numberOfRobotsOnWhiteSite
2717,17,21
timeStep,numberOfRobotsOnBlackSite,numberOfRobotsOnWhiteSite
2718,17,21
timeStep,numberOfRobotsOnBlackSite,numberOfRobotsOnWhiteSite
2719,17,21
timeStep,numberOfRobotsOnBlackSite,numberOfRobotsOnWhiteSite
2720,17,21
timeStep,numberOfRobotsOnBlackSite,numberOfRobotsOnWhiteSite
2721,17,21
timeStep,numberOfRobotsOnBlackSite,numberOfRobotsOnWhiteSite
2722,17,21
timeStep,numberOfRobotsOnBlackSite,numberOfRobotsOnWhiteSite
2723,17,21
timeStep,numberOfRobotsOnBlackSite,numberOfRobotsOnWhiteSite
2724,17,21
timeStep,numberOfRobotsOnBlackSite,numberOfRobotsOnWhiteSite
2725,16,21
timeStep,numberOfRobotsOnBlackSite,numberOfRobotsOnWhiteSite
2726,16,21
timeStep,numberOfRobotsOnBlackSite,numberOfRobotsOnWhiteSite
2727,16,21
timeStep,numberOfRobotsOnBlackSite,numberOfRobotsOnWhiteSite
2728,16,21
timeStep,numberOfRobotsOnBlackSite,numberOfRobotsOnWhiteSite
2729,16,21
timeStep,numberOfRobotsOnBlackSite,numberOfRobotsOnWhiteSite
2730,16,21
timeStep,numberOfRobotsOnBlackSite,numberOfRobotsOnWhiteSite
2731,16,21
timeStep,numberOfRobotsOnBlackSite,numberOfRobotsOnWhiteSite
2732,16,21
timeStep,numberOfRobotsOnBlackSite,numberOfRobotsOnWhiteSite
2733,16,21
timeStep,numberOfRobotsOnBlackSite,numberOfRobotsOnWhiteSite
2734,16,21
timeStep,numberOfRobotsOnBlackSite,numberOfRobotsOnWhiteSite
2735,16,21
timeStep,numberOfRobotsOnBlackSite,numberOfRobotsOnWhiteSite
2736,16,21
timeStep,numberOfRobotsOnBlackSite,numberOfRobotsOnWhiteSite
2737,16,21
timeStep,numberOfRobotsOnBlackSite,numberOfRobotsOnWhiteSite
2738,16,21
timeStep,numberOfRobotsOnBlackSite,numberOfRobotsOnWhiteSite
2739,16,21
timeStep,numberOfRobotsOnBlackSite,numberOfRobotsOnWhiteSite
2740,16,21
timeStep,numberOfRobotsOnBlackSite,numberOfRobotsOnWhiteSite
2741,16,21
timeStep,numberOfRobotsOnBlackSite,numberOfRobotsOnWhiteSite
2742,16,21
timeStep,numberOfRobotsOnBlackSite,numberOfRobotsOnWhiteSite
2743,16,21
timeStep,numberOfRobotsOnBlackSite,numberOfRobotsOnWhiteSite
2744,16,21
timeStep,numberOfRobotsOnBlackSite,numberOfRobotsOnWhiteSite
2745,15,21
timeStep,numberOfRobotsOnBlackSite,numberOfRobotsOnWhiteSite
2746,15,21
timeStep,numberOfRobotsOnBlackSite,numberOfRobotsOnWhiteSite
2747,15,21
timeStep,numberOfRobotsOnBlackSite,numberOfRobotsOnWhiteSite
2748,15,21
timeStep,numberOfRobotsOnBlackSite,numberOfRobotsOnWhiteSite
2749,15,21
timeStep,numberOfRobotsOnBlackSite,numberOfRobotsOnWhiteSite
2750,15,21
timeStep,numberOfRobotsOnBlackSite,numberOfRobotsOnWhiteSite
2751,15,21
timeStep,numberOfRobotsOnBlackSite,numberOfRobotsOnWhiteSite
2752,15,21
timeStep,numberOfRobotsOnBlackSite,numberOfRobotsOnWhiteSite
2753,15,21
timeStep,numberOfRobotsOnBlackSite,numberOfRobotsOnWhiteSite
2754,15,21
timeStep,numberOfRobotsOnBlackSite,numberOfRobotsOnWhiteSite
2755,15,21
timeStep,numberOfRobotsOnBlackSite,numberOfRobotsOnWhiteSite
2756,15,21
timeStep,numberOfRobotsOnBlackSite,numberOfRobotsOnWhiteSite
2757,15,21
timeStep,numberOfRobotsOnBlackSite,numberOfRobotsOnWhiteSite
2758,15,21
timeStep,numberOfRobotsOnBlackSite,numberOfRobotsOnWhiteSite
2759,15,21
timeStep,numberOfRobotsOnBlackSite,numberOfRobotsOnWhiteSite
2760,14,21
timeStep,numberOfRobotsOnBlackSite,numberOfRobotsOnWhiteSite
2761,14,21
timeStep,numberOfRobotsOnBlackSite,numberOfRobotsOnWhiteSite
2762,14,21
timeStep,numberOfRobotsOnBlackSite,numberOfRobotsOnWhiteSite
2763,14,21
timeStep,numberOfRobotsOnBlackSite,numberOfRobotsOnWhiteSite
2764,14,21
timeStep,numberOfRobotsOnBlackSite,numberOfRobotsOnWhiteSite
2765,14,21
timeStep,numberOfRobotsOnBlackSite,numberOfRobotsOnWhiteSite
2766,14,21
timeStep,numberOfRobotsOnBlackSite,numberOfRobotsOnWhiteSite
2767,14,21
timeStep,numberOfRobotsOnBlackSite,numberOfRobotsOnWhiteSite
2768,14,21
timeStep,numberOfRobotsOnBlackSite,numberOfRobotsOnWhiteSite
2769,14,21
timeStep,numberOfRobotsOnBlackSite,numberOfRobotsOnWhiteSite
2770,13,21
timeStep,numberOfRobotsOnBlackSite,numberOfRobotsOnWhiteSite
2771,13,21
timeStep,numberOfRobotsOnBlackSite,numberOfRobotsOnWhiteSite
2772,13,21
timeStep,numberOfRobotsOnBlackSite,numberOfRobotsOnWhiteSite
2773,13,21
timeStep,numberOfRobotsOnBlackSite,numberOfRobotsOnWhiteSite
2774,13,21
timeStep,numberOfRobotsOnBlackSite,numberOfRobotsOnWhiteSite
2775,13,21
timeStep,numberOfRobotsOnBlackSite,numberOfRobotsOnWhiteSite
2776,13,21
timeStep,numberOfRobotsOnBlackSite,numberOfRobotsOnWhiteSite
2777,13,21
timeStep,numberOfRobotsOnBlackSite,numberOfRobotsOnWhiteSite
2778,13,21
timeStep,numberOfRobotsOnBlackSite,numberOfRobotsOnWhiteSite
2779,13,21
timeStep,numberOfRobotsOnBlackSite,numberOfRobotsOnWhiteSite
2780,13,21
timeStep,numberOfRobotsOnBlackSite,numberOfRobotsOnWhiteSite
2781,13,21
timeStep,numberOfRobotsOnBlackSite,numberOfRobotsOnWhiteSite
2782,13,21
timeStep,numberOfRobotsOnBlackSite,numberOfRobotsOnWhiteSite
2783,13,21
timeStep,numberOfRobotsOnBlackSite,numberOfRobotsOnWhiteSite
2784,13,21
timeStep,numberOfRobotsOnBlackSite,numberOfRobotsOnWhiteSite
2785,13,21
timeStep,numberOfRobotsOnBlackSite,numberOfRobotsOnWhiteSite
2786,13,21
timeStep,numberOfRobotsOnBlackSite,numberOfRobotsOnWhiteSite
2787,13,21
timeStep,numberOfRobotsOnBlackSite,numberOfRobotsOnWhiteSite
2788,13,21
timeStep,numberOfRobotsOnBlackSite,numberOfRobotsOnWhiteSite
2789,13,21
timeStep,numberOfRobotsOnBlackSite,numberOfRobotsOnWhiteSite
2790,14,21
timeStep,numberOfRobotsOnBlackSite,numberOfRobotsOnWhiteSite
2791,14,21
timeStep,numberOfRobotsOnBlackSite,numberOfRobotsOnWhiteSite
2792,14,21
timeStep,numberOfRobotsOnBlackSite,numberOfRobotsOnWhiteSite
2793,14,21
timeStep,numberOfRobotsOnBlackSite,numberOfRobotsOnWhiteSite
2794,14,21
timeStep,numberOfRobotsOnBlackSite,numberOfRobotsOnWhiteSite
2795,14,22
timeStep,numberOfRobotsOnBlackSite,numberOfRobotsOnWhiteSite
2796,14,22
timeStep,numberOfRobotsOnBlackSite,numberOfRobotsOnWhiteSite
2797,14,22
timeStep,numberOfRobotsOnBlackSite,numberOfRobotsOnWhiteSite
2798,14,22
timeStep,numberOfRobotsOnBlackSite,numberOfRobotsOnWhiteSite
2799,14,22
timeStep,numberOfRobotsOnBlackSite,numberOfRobotsOnWhiteSite
2800,14,22
timeStep,numberOfRobotsOnBlackSite,numberOfRobotsOnWhiteSite
2801,14,22
timeStep,numberOfRobotsOnBlackSite,numberOfRobotsOnWhiteSite
2802,14,22
timeStep,numberOfRobotsOnBlackSite,numberOfRobotsOnWhiteSite
2803,14,22
timeStep,numberOfRobotsOnBlackSite,numberOfRobotsOnWhiteSite
2804,14,22
timeStep,numberOfRobotsOnBlackSite,numberOfRobotsOnWhiteSite
2805,14,22
timeStep,numberOfRobotsOnBlackSite,numberOfRobotsOnWhiteSite
2806,14,22
timeStep,numberOfRobotsOnBlackSite,numberOfRobotsOnWhiteSite
2807,14,22
timeStep,numberOfRobotsOnBlackSite,numberOfRobotsOnWhiteSite
2808,14,22
timeStep,numberOfRobotsOnBlackSite,numberOfRobotsOnWhiteSite
2809,14,22
timeStep,numberOfRobotsOnBlackSite,numberOfRobotsOnWhiteSite
2810,14,22
timeStep,numberOfRobotsOnBlackSite,numberOfRobotsOnWhiteSite
2811,14,22
timeStep,numberOfRobotsOnBlackSite,numberOfRobotsOnWhiteSite
2812,14,22
timeStep,numberOfRobotsOnBlackSite,numberOfRobotsOnWhiteSite
2813,14,22
timeStep,numberOfRobotsOnBlackSite,numberOfRobotsOnWhiteSite
2814,14,22
timeStep,numberOfRobotsOnBlackSite,numberOfRobotsOnWhiteSite
2815,14,22
timeStep,numberOfRobotsOnBlackSite,numberOfRobotsOnWhiteSite
2816,14,22
timeStep,numberOfRobotsOnBlackSite,numberOfRobotsOnWhiteSite
2817,14,22
timeStep,numberOfRobotsOnBlackSite,numberOfRobotsOnWhiteSite
2818,14,22
timeStep,numberOfRobotsOnBlackSite,numberOfRobotsOnWhiteSite
2819,14,22
timeStep,numberOfRobotsOnBlackSite,numberOfRobotsOnWhiteSite
2820,14,22
timeStep,numberOfRobotsOnBlackSite,numberOfRobotsOnWhiteSite
2821,14,22
timeStep,numberOfRobotsOnBlackSite,numberOfRobotsOnWhiteSite
2822,14,22
timeStep,numberOfRobotsOnBlackSite,numberOfRobotsOnWhiteSite
2823,14,22
timeStep,numberOfRobotsOnBlackSite,numberOfRobotsOnWhiteSite
2824,14,22
timeStep,numberOfRobotsOnBlackSite,numberOfRobotsOnWhiteSite
2825,14,22
timeStep,numberOfRobotsOnBlackSite,numberOfRobotsOnWhiteSite
2826,14,22
timeStep,numberOfRobotsOnBlackSite,numberOfRobotsOnWhiteSite
2827,14,22
timeStep,numberOfRobotsOnBlackSite,numberOfRobotsOnWhiteSite
2828,14,22
timeStep,numberOfRobotsOnBlackSite,numberOfRobotsOnWhiteSite
2829,14,22
timeStep,numberOfRobotsOnBlackSite,numberOfRobotsOnWhiteSite
2830,15,22
timeStep,numberOfRobotsOnBlackSite,numberOfRobotsOnWhiteSite
2831,15,22
timeStep,numberOfRobotsOnBlackSite,numberOfRobotsOnWhiteSite
2832,15,22
timeStep,numberOfRobotsOnBlackSite,numberOfRobotsOnWhiteSite
2833,15,22
timeStep,numberOfRobotsOnBlackSite,numberOfRobotsOnWhiteSite
2834,15,22
timeStep,numberOfRobotsOnBlackSite,numberOfRobotsOnWhiteSite
2835,15,22
timeStep,numberOfRobotsOnBlackSite,numberOfRobotsOnWhiteSite
2836,15,22
timeStep,numberOfRobotsOnBlackSite,numberOfRobotsOnWhiteSite
2837,15,22
timeStep,numberOfRobotsOnBlackSite,numberOfRobotsOnWhiteSite
2838,15,22
timeStep,numberOfRobotsOnBlackSite,numberOfRobotsOnWhiteSite
2839,15,22
timeStep,numberOfRobotsOnBlackSite,numberOfRobotsOnWhiteSite
2840,15,22
timeStep,numberOfRobotsOnBlackSite,numberOfRobotsOnWhiteSite
2841,15,22
timeStep,numberOfRobotsOnBlackSite,numberOfRobotsOnWhiteSite
2842,15,22
timeStep,numberOfRobotsOnBlackSite,numberOfRobotsOnWhiteSite
2843,15,22
timeStep,numberOfRobotsOnBlackSite,numberOfRobotsOnWhiteSite
2844,15,22
timeStep,numberOfRobotsOnBlackSite,numberOfRobotsOnWhiteSite
2845,15,22
timeStep,numberOfRobotsOnBlackSite,numberOfRobotsOnWhiteSite
2846,15,22
timeStep,numberOfRobotsOnBlackSite,numberOfRobotsOnWhiteSite
2847,15,22
timeStep,numberOfRobotsOnBlackSite,numberOfRobotsOnWhiteSite
2848,15,22
timeStep,numberOfRobotsOnBlackSite,numberOfRobotsOnWhiteSite
2849,15,22
timeStep,numberOfRobotsOnBlackSite,numberOfRobotsOnWhiteSite
2850,15,22
timeStep,numberOfRobotsOnBlackSite,numberOfRobotsOnWhiteSite
2851,15,22
timeStep,numberOfRobotsOnBlackSite,numberOfRobotsOnWhiteSite
2852,15,22
timeStep,numberOfRobotsOnBlackSite,numberOfRobotsOnWhiteSite
2853,15,22
timeStep,numberOfRobotsOnBlackSite,numberOfRobotsOnWhiteSite
2854,15,22
timeStep,numberOfRobotsOnBlackSite,numberOfRobotsOnWhiteSite
2855,15,22
timeStep,numberOfRobotsOnBlackSite,numberOfRobotsOnWhiteSite
2856,15,22
timeStep,numberOfRobotsOnBlackSite,numberOfRobotsOnWhiteSite
2857,15,22
timeStep,numberOfRobotsOnBlackSite,numberOfRobotsOnWhiteSite
2858,15,22
timeStep,numberOfRobotsOnBlackSite,numberOfRobotsOnWhiteSite
2859,15,22
timeStep,numberOfRobotsOnBlackSite,numberOfRobotsOnWhiteSite
2860,15,22
timeStep,numberOfRobotsOnBlackSite,numberOfRobotsOnWhiteSite
2861,15,22
timeStep,numberOfRobotsOnBlackSite,numberOfRobotsOnWhiteSite
2862,15,22
timeStep,numberOfRobotsOnBlackSite,numberOfRobotsOnWhiteSite
2863,15,22
timeStep,numberOfRobotsOnBlackSite,numberOfRobotsOnWhiteSite
2864,15,22
timeStep,numberOfRobotsOnBlackSite,numberOfRobotsOnWhiteSite
2865,15,22
timeStep,numberOfRobotsOnBlackSite,numberOfRobotsOnWhiteSite
2866,15,22
timeStep,numberOfRobotsOnBlackSite,numberOfRobotsOnWhiteSite
2867,15,22
timeStep,numberOfRobotsOnBlackSite,numberOfRobotsOnWhiteSite
2868,15,22
timeStep,numberOfRobotsOnBlackSite,numberOfRobotsOnWhiteSite
2869,15,22
timeStep,numberOfRobotsOnBlackSite,numberOfRobotsOnWhiteSite
2870,15,23
timeStep,numberOfRobotsOnBlackSite,numberOfRobotsOnWhiteSite
2871,15,23
timeStep,numberOfRobotsOnBlackSite,numberOfRobotsOnWhiteSite
2872,15,23
timeStep,numberOfRobotsOnBlackSite,numberOfRobotsOnWhiteSite
2873,15,23
timeStep,numberOfRobotsOnBlackSite,numberOfRobotsOnWhiteSite
2874,15,23
timeStep,numberOfRobotsOnBlackSite,numberOfRobotsOnWhiteSite
2875,15,23
timeStep,numberOfRobotsOnBlackSite,numberOfRobotsOnWhiteSite
2876,15,23
timeStep,numberOfRobotsOnBlackSite,numberOfRobotsOnWhiteSite
2877,15,23
timeStep,numberOfRobotsOnBlackSite,numberOfRobotsOnWhiteSite
2878,15,23
timeStep,numberOfRobotsOnBlackSite,numberOfRobotsOnWhiteSite
2879,15,23
timeStep,numberOfRobotsOnBlackSite,numberOfRobotsOnWhiteSite
2880,15,23
timeStep,numberOfRobotsOnBlackSite,numberOfRobotsOnWhiteSite
2881,15,23
timeStep,numberOfRobotsOnBlackSite,numberOfRobotsOnWhiteSite
2882,15,23
timeStep,numberOfRobotsOnBlackSite,numberOfRobotsOnWhiteSite
2883,15,23
timeStep,numberOfRobotsOnBlackSite,numberOfRobotsOnWhiteSite
2884,15,23
timeStep,numberOfRobotsOnBlackSite,numberOfRobotsOnWhiteSite
2885,15,23
timeStep,numberOfRobotsOnBlackSite,numberOfRobotsOnWhiteSite
2886,15,23
timeStep,numberOfRobotsOnBlackSite,numberOfRobotsOnWhiteSite
2887,15,23
timeStep,numberOfRobotsOnBlackSite,numberOfRobotsOnWhiteSite
2888,15,23
timeStep,numberOfRobotsOnBlackSite,numberOfRobotsOnWhiteSite
2889,15,23
timeStep,numberOfRobotsOnBlackSite,numberOfRobotsOnWhiteSite
2890,15,23
timeStep,numberOfRobotsOnBlackSite,numberOfRobotsOnWhiteSite
2891,15,23
timeStep,numberOfRobotsOnBlackSite,numberOfRobotsOnWhiteSite
2892,15,23
timeStep,numberOfRobotsOnBlackSite,numberOfRobotsOnWhiteSite
2893,15,23
timeStep,numberOfRobotsOnBlackSite,numberOfRobotsOnWhiteSite
2894,15,23
timeStep,numberOfRobotsOnBlackSite,numberOfRobotsOnWhiteSite
2895,15,23
timeStep,numberOfRobotsOnBlackSite,numberOfRobotsOnWhiteSite
2896,15,23
timeStep,numberOfRobotsOnBlackSite,numberOfRobotsOnWhiteSite
2897,15,23
timeStep,numberOfRobotsOnBlackSite,numberOfRobotsOnWhiteSite
2898,15,23
timeStep,numberOfRobotsOnBlackSite,numberOfRobotsOnWhiteSite
2899,15,23
timeStep,numberOfRobotsOnBlackSite,numberOfRobotsOnWhiteSite
2900,15,23
timeStep,numberOfRobotsOnBlackSite,numberOfRobotsOnWhiteSite
2901,15,23
timeStep,numberOfRobotsOnBlackSite,numberOfRobotsOnWhiteSite
2902,15,23
timeStep,numberOfRobotsOnBlackSite,numberOfRobotsOnWhiteSite
2903,15,23
timeStep,numberOfRobotsOnBlackSite,numberOfRobotsOnWhiteSite
2904,15,23
timeStep,numberOfRobotsOnBlackSite,numberOfRobotsOnWhiteSite
2905,16,23
timeStep,numberOfRobotsOnBlackSite,numberOfRobotsOnWhiteSite
2906,16,23
timeStep,numberOfRobotsOnBlackSite,numberOfRobotsOnWhiteSite
2907,16,23
timeStep,numberOfRobotsOnBlackSite,numberOfRobotsOnWhiteSite
2908,16,23
timeStep,numberOfRobotsOnBlackSite,numberOfRobotsOnWhiteSite
2909,16,23
timeStep,numberOfRobotsOnBlackSite,numberOfRobotsOnWhiteSite
2910,16,23
timeStep,numberOfRobotsOnBlackSite,numberOfRobotsOnWhiteSite
2911,16,23
timeStep,numberOfRobotsOnBlackSite,numberOfRobotsOnWhiteSite
2912,16,23
timeStep,numberOfRobotsOnBlackSite,numberOfRobotsOnWhiteSite
2913,16,23
timeStep,numberOfRobotsOnBlackSite,numberOfRobotsOnWhiteSite
2914,16,23
timeStep,numberOfRobotsOnBlackSite,numberOfRobotsOnWhiteSite
2915,15,23
timeStep,numberOfRobotsOnBlackSite,numberOfRobotsOnWhiteSite
2916,15,23
timeStep,numberOfRobotsOnBlackSite,numberOfRobotsOnWhiteSite
2917,15,23
timeStep,numberOfRobotsOnBlackSite,numberOfRobotsOnWhiteSite
2918,15,23
timeStep,numberOfRobotsOnBlackSite,numberOfRobotsOnWhiteSite
2919,15,23
timeStep,numberOfRobotsOnBlackSite,numberOfRobotsOnWhiteSite
2920,15,23
timeStep,numberOfRobotsOnBlackSite,numberOfRobotsOnWhiteSite
2921,15,23
timeStep,numberOfRobotsOnBlackSite,numberOfRobotsOnWhiteSite
2922,15,23
timeStep,numberOfRobotsOnBlackSite,numberOfRobotsOnWhiteSite
2923,15,23
timeStep,numberOfRobotsOnBlackSite,numberOfRobotsOnWhiteSite
2924,15,23
timeStep,numberOfRobotsOnBlackSite,numberOfRobotsOnWhiteSite
2925,15,23
timeStep,numberOfRobotsOnBlackSite,numberOfRobotsOnWhiteSite
2926,15,23
timeStep,numberOfRobotsOnBlackSite,numberOfRobotsOnWhiteSite
2927,15,23
timeStep,numberOfRobotsOnBlackSite,numberOfRobotsOnWhiteSite
2928,15,23
timeStep,numberOfRobotsOnBlackSite,numberOfRobotsOnWhiteSite
2929,15,23
timeStep,numberOfRobotsOnBlackSite,numberOfRobotsOnWhiteSite
2930,15,23
timeStep,numberOfRobotsOnBlackSite,numberOfRobotsOnWhiteSite
2931,15,23
timeStep,numberOfRobotsOnBlackSite,numberOfRobotsOnWhiteSite
2932,15,23
timeStep,numberOfRobotsOnBlackSite,numberOfRobotsOnWhiteSite
2933,15,23
timeStep,numberOfRobotsOnBlackSite,numberOfRobotsOnWhiteSite
2934,15,23
timeStep,numberOfRobotsOnBlackSite,numberOfRobotsOnWhiteSite
2935,15,23
timeStep,numberOfRobotsOnBlackSite,numberOfRobotsOnWhiteSite
2936,15,23
timeStep,numberOfRobotsOnBlackSite,numberOfRobotsOnWhiteSite
2937,15,23
timeStep,numberOfRobotsOnBlackSite,numberOfRobotsOnWhiteSite
2938,15,23
timeStep,numberOfRobotsOnBlackSite,numberOfRobotsOnWhiteSite
2939,15,23
timeStep,numberOfRobotsOnBlackSite,numberOfRobotsOnWhiteSite
2940,15,24
timeStep,numberOfRobotsOnBlackSite,numberOfRobotsOnWhiteSite
2941,15,24
timeStep,numberOfRobotsOnBlackSite,numberOfRobotsOnWhiteSite
2942,15,24
timeStep,numberOfRobotsOnBlackSite,numberOfRobotsOnWhiteSite
2943,15,24
timeStep,numberOfRobotsOnBlackSite,numberOfRobotsOnWhiteSite
2944,15,24
timeStep,numberOfRobotsOnBlackSite,numberOfRobotsOnWhiteSite
2945,15,23
timeStep,numberOfRobotsOnBlackSite,numberOfRobotsOnWhiteSite
2946,15,23
timeStep,numberOfRobotsOnBlackSite,numberOfRobotsOnWhiteSite
2947,15,23
timeStep,numberOfRobotsOnBlackSite,numberOfRobotsOnWhiteSite
2948,15,23
timeStep,numberOfRobotsOnBlackSite,numberOfRobotsOnWhiteSite
2949,15,23
timeStep,numberOfRobotsOnBlackSite,numberOfRobotsOnWhiteSite
2950,15,23
timeStep,numberOfRobotsOnBlackSite,numberOfRobotsOnWhiteSite
2951,15,23
timeStep,numberOfRobotsOnBlackSite,numberOfRobotsOnWhiteSite
2952,15,23
timeStep,numberOfRobotsOnBlackSite,numberOfRobotsOnWhiteSite
2953,15,23
timeStep,numberOfRobotsOnBlackSite,numberOfRobotsOnWhiteSite
2954,15,23
timeStep,numberOfRobotsOnBlackSite,numberOfRobotsOnWhiteSite
2955,16,23
timeStep,numberOfRobotsOnBlackSite,numberOfRobotsOnWhiteSite
2956,16,23
timeStep,numberOfRobotsOnBlackSite,numberOfRobotsOnWhiteSite
2957,16,23
timeStep,numberOfRobotsOnBlackSite,numberOfRobotsOnWhiteSite
2958,16,23
timeStep,numberOfRobotsOnBlackSite,numberOfRobotsOnWhiteSite
2959,16,23
timeStep,numberOfRobotsOnBlackSite,numberOfRobotsOnWhiteSite
2960,16,23
timeStep,numberOfRobotsOnBlackSite,numberOfRobotsOnWhiteSite
2961,16,23
timeStep,numberOfRobotsOnBlackSite,numberOfRobotsOnWhiteSite
2962,16,23
timeStep,numberOfRobotsOnBlackSite,numberOfRobotsOnWhiteSite
2963,16,23
timeStep,numberOfRobotsOnBlackSite,numberOfRobotsOnWhiteSite
2964,16,23
timeStep,numberOfRobotsOnBlackSite,numberOfRobotsOnWhiteSite
2965,16,23
timeStep,numberOfRobotsOnBlackSite,numberOfRobotsOnWhiteSite
2966,16,23
timeStep,numberOfRobotsOnBlackSite,numberOfRobotsOnWhiteSite
2967,16,23
timeStep,numberOfRobotsOnBlackSite,numberOfRobotsOnWhiteSite
2968,16,23
timeStep,numberOfRobotsOnBlackSite,numberOfRobotsOnWhiteSite
2969,16,23
timeStep,numberOfRobotsOnBlackSite,numberOfRobotsOnWhiteSite
2970,16,22
timeStep,numberOfRobotsOnBlackSite,numberOfRobotsOnWhiteSite
2971,16,22
timeStep,numberOfRobotsOnBlackSite,numberOfRobotsOnWhiteSite
2972,16,22
timeStep,numberOfRobotsOnBlackSite,numberOfRobotsOnWhiteSite
2973,16,22
timeStep,numberOfRobotsOnBlackSite,numberOfRobotsOnWhiteSite
2974,16,22
timeStep,numberOfRobotsOnBlackSite,numberOfRobotsOnWhiteSite
2975,15,22
timeStep,numberOfRobotsOnBlackSite,numberOfRobotsOnWhiteSite
2976,15,22
timeStep,numberOfRobotsOnBlackSite,numberOfRobotsOnWhiteSite
2977,15,22
timeStep,numberOfRobotsOnBlackSite,numberOfRobotsOnWhiteSite
2978,15,22
timeStep,numberOfRobotsOnBlackSite,numberOfRobotsOnWhiteSite
2979,15,22
timeStep,numberOfRobotsOnBlackSite,numberOfRobotsOnWhiteSite
2980,15,22
timeStep,numberOfRobotsOnBlackSite,numberOfRobotsOnWhiteSite
2981,15,22
timeStep,numberOfRobotsOnBlackSite,numberOfRobotsOnWhiteSite
2982,15,22
timeStep,numberOfRobotsOnBlackSite,numberOfRobotsOnWhiteSite
2983,15,22
timeStep,numberOfRobotsOnBlackSite,numberOfRobotsOnWhiteSite
2984,15,22
timeStep,numberOfRobotsOnBlackSite,numberOfRobotsOnWhiteSite
2985,15,22
timeStep,numberOfRobotsOnBlackSite,numberOfRobotsOnWhiteSite
2986,15,22
timeStep,numberOfRobotsOnBlackSite,numberOfRobotsOnWhiteSite
2987,15,22
timeStep,numberOfRobotsOnBlackSite,numberOfRobotsOnWhiteSite
2988,15,22
timeStep,numberOfRobotsOnBlackSite,numberOfRobotsOnWhiteSite
2989,15,22
timeStep,numberOfRobotsOnBlackSite,numberOfRobotsOnWhiteSite
2990,15,22
timeStep,numberOfRobotsOnBlackSite,numberOfRobotsOnWhiteSite
2991,15,22
timeStep,numberOfRobotsOnBlackSite,numberOfRobotsOnWhiteSite
2992,15,22
timeStep,numberOfRobotsOnBlackSite,numberOfRobotsOnWhiteSite
2993,15,22
timeStep,numberOfRobotsOnBlackSite,numberOfRobotsOnWhiteSite
2994,15,22
timeStep,numberOfRobotsOnBlackSite,numberOfRobotsOnWhiteSite
2995,15,22
timeStep,numberOfRobotsOnBlackSite,numberOfRobotsOnWhiteSite
2996,15,22
timeStep,numberOfRobotsOnBlackSite,numberOfRobotsOnWhiteSite
2997,15,22
timeStep,numberOfRobotsOnBlackSite,numberOfRobotsOnWhiteSite
2998,15,22
timeStep,numberOfRobotsOnBlackSite,numberOfRobotsOnWhiteSite
2999,15,22
timeStep,numberOfRobotsOnBlackSite,numberOfRobotsOnWhiteSite
3000,15,22
timeStep,numberOfRobotsOnBlackSite,numberOfRobotsOnWhiteSite
3001,15,22
timeStep,numberOfRobotsOnBlackSite,numberOfRobotsOnWhiteSite
3002,15,22
timeStep,numberOfRobotsOnBlackSite,numberOfRobotsOnWhiteSite
3003,15,22
timeStep,numberOfRobotsOnBlackSite,numberOfRobotsOnWhiteSite
3004,15,22
timeStep,numberOfRobotsOnBlackSite,numberOfRobotsOnWhiteSite
3005,16,22
timeStep,numberOfRobotsOnBlackSite,numberOfRobotsOnWhiteSite
3006,16,22
timeStep,numberOfRobotsOnBlackSite,numberOfRobotsOnWhiteSite
3007,16,22
timeStep,numberOfRobotsOnBlackSite,numberOfRobotsOnWhiteSite
3008,16,22
timeStep,numberOfRobotsOnBlackSite,numberOfRobotsOnWhiteSite
3009,16,22
timeStep,numberOfRobotsOnBlackSite,numberOfRobotsOnWhiteSite
3010,16,23
timeStep,numberOfRobotsOnBlackSite,numberOfRobotsOnWhiteSite
3011,16,23
timeStep,numberOfRobotsOnBlackSite,numberOfRobotsOnWhiteSite
3012,16,23
timeStep,numberOfRobotsOnBlackSite,numberOfRobotsOnWhiteSite
3013,16,23
timeStep,numberOfRobotsOnBlackSite,numberOfRobotsOnWhiteSite
3014,16,23
timeStep,numberOfRobotsOnBlackSite,numberOfRobotsOnWhiteSite
3015,16,23
timeStep,numberOfRobotsOnBlackSite,numberOfRobotsOnWhiteSite
3016,16,23
timeStep,numberOfRobotsOnBlackSite,numberOfRobotsOnWhiteSite
3017,16,23
timeStep,numberOfRobotsOnBlackSite,numberOfRobotsOnWhiteSite
3018,16,23
timeStep,numberOfRobotsOnBlackSite,numberOfRobotsOnWhiteSite
3019,16,23
timeStep,numberOfRobotsOnBlackSite,numberOfRobotsOnWhiteSite
3020,16,23
timeStep,numberOfRobotsOnBlackSite,numberOfRobotsOnWhiteSite
3021,16,23
timeStep,numberOfRobotsOnBlackSite,numberOfRobotsOnWhiteSite
3022,16,23
timeStep,numberOfRobotsOnBlackSite,numberOfRobotsOnWhiteSite
3023,16,23
timeStep,numberOfRobotsOnBlackSite,numberOfRobotsOnWhiteSite
3024,16,23
timeStep,numberOfRobotsOnBlackSite,numberOfRobotsOnWhiteSite
3025,16,24
timeStep,numberOfRobotsOnBlackSite,numberOfRobotsOnWhiteSite
3026,16,24
timeStep,numberOfRobotsOnBlackSite,numberOfRobotsOnWhiteSite
3027,16,24
timeStep,numberOfRobotsOnBlackSite,numberOfRobotsOnWhiteSite
3028,16,24
timeStep,numberOfRobotsOnBlackSite,numberOfRobotsOnWhiteSite
3029,16,24
timeStep,numberOfRobotsOnBlackSite,numberOfRobotsOnWhiteSite
3030,16,24
timeStep,numberOfRobotsOnBlackSite,numberOfRobotsOnWhiteSite
3031,16,24
timeStep,numberOfRobotsOnBlackSite,numberOfRobotsOnWhiteSite
3032,16,24
timeStep,numberOfRobotsOnBlackSite,numberOfRobotsOnWhiteSite
3033,16,24
timeStep,numberOfRobotsOnBlackSite,numberOfRobotsOnWhiteSite
3034,16,24
timeStep,numberOfRobotsOnBlackSite,numberOfRobotsOnWhiteSite
3035,16,24
timeStep,numberOfRobotsOnBlackSite,numberOfRobotsOnWhiteSite
3036,16,24
timeStep,numberOfRobotsOnBlackSite,numberOfRobotsOnWhiteSite
3037,16,24
timeStep,numberOfRobotsOnBlackSite,numberOfRobotsOnWhiteSite
3038,16,24
timeStep,numberOfRobotsOnBlackSite,numberOfRobotsOnWhiteSite
3039,16,24
timeStep,numberOfRobotsOnBlackSite,numberOfRobotsOnWhiteSite
3040,16,24
timeStep,numberOfRobotsOnBlackSite,numberOfRobotsOnWhiteSite
3041,16,24
timeStep,numberOfRobotsOnBlackSite,numberOfRobotsOnWhiteSite
3042,16,24
timeStep,numberOfRobotsOnBlackSite,numberOfRobotsOnWhiteSite
3043,16,24
timeStep,numberOfRobotsOnBlackSite,numberOfRobotsOnWhiteSite
3044,16,24
timeStep,numberOfRobotsOnBlackSite,numberOfRobotsOnWhiteSite
3045,16,24
timeStep,numberOfRobotsOnBlackSite,numberOfRobotsOnWhiteSite
3046,16,24
timeStep,numberOfRobotsOnBlackSite,numberOfRobotsOnWhiteSite
3047,16,24
timeStep,numberOfRobotsOnBlackSite,numberOfRobotsOnWhiteSite
3048,16,24
timeStep,numberOfRobotsOnBlackSite,numberOfRobotsOnWhiteSite
3049,16,24
timeStep,numberOfRobotsOnBlackSite,numberOfRobotsOnWhiteSite
3050,16,24
timeStep,numberOfRobotsOnBlackSite,numberOfRobotsOnWhiteSite
3051,16,24
timeStep,numberOfRobotsOnBlackSite,numberOfRobotsOnWhiteSite
3052,16,24
timeStep,numberOfRobotsOnBlackSite,numberOfRobotsOnWhiteSite
3053,16,24
timeStep,numberOfRobotsOnBlackSite,numberOfRobotsOnWhiteSite
3054,16,24
timeStep,numberOfRobotsOnBlackSite,numberOfRobotsOnWhiteSite
3055,16,24
timeStep,numberOfRobotsOnBlackSite,numberOfRobotsOnWhiteSite
3056,16,24
timeStep,numberOfRobotsOnBlackSite,numberOfRobotsOnWhiteSite
3057,16,24
timeStep,numberOfRobotsOnBlackSite,numberOfRobotsOnWhiteSite
3058,16,24
timeStep,numberOfRobotsOnBlackSite,numberOfRobotsOnWhiteSite
3059,16,24
timeStep,numberOfRobotsOnBlackSite,numberOfRobotsOnWhiteSite
3060,16,24
timeStep,numberOfRobotsOnBlackSite,numberOfRobotsOnWhiteSite
3061,16,24
timeStep,numberOfRobotsOnBlackSite,numberOfRobotsOnWhiteSite
3062,16,24
timeStep,numberOfRobotsOnBlackSite,numberOfRobotsOnWhiteSite
3063,16,24
timeStep,numberOfRobotsOnBlackSite,numberOfRobotsOnWhiteSite
3064,16,24
timeStep,numberOfRobotsOnBlackSite,numberOfRobotsOnWhiteSite
3065,16,24
timeStep,numberOfRobotsOnBlackSite,numberOfRobotsOnWhiteSite
3066,16,24
timeStep,numberOfRobotsOnBlackSite,numberOfRobotsOnWhiteSite
3067,16,24
timeStep,numberOfRobotsOnBlackSite,numberOfRobotsOnWhiteSite
3068,16,24
timeStep,numberOfRobotsOnBlackSite,numberOfRobotsOnWhiteSite
3069,16,24
timeStep,numberOfRobotsOnBlackSite,numberOfRobotsOnWhiteSite
3070,16,24
timeStep,numberOfRobotsOnBlackSite,numberOfRobotsOnWhiteSite
3071,16,24
timeStep,numberOfRobotsOnBlackSite,numberOfRobotsOnWhiteSite
3072,16,24
timeStep,numberOfRobotsOnBlackSite,numberOfRobotsOnWhiteSite
3073,16,24
timeStep,numberOfRobotsOnBlackSite,numberOfRobotsOnWhiteSite
3074,16,24
timeStep,numberOfRobotsOnBlackSite,numberOfRobotsOnWhiteSite
3075,16,24
timeStep,numberOfRobotsOnBlackSite,numberOfRobotsOnWhiteSite
3076,16,24
timeStep,numberOfRobotsOnBlackSite,numberOfRobotsOnWhiteSite
3077,16,24
timeStep,numberOfRobotsOnBlackSite,numberOfRobotsOnWhiteSite
3078,16,24
timeStep,numberOfRobotsOnBlackSite,numberOfRobotsOnWhiteSite
3079,16,24
timeStep,numberOfRobotsOnBlackSite,numberOfRobotsOnWhiteSite
3080,16,24
timeStep,numberOfRobotsOnBlackSite,numberOfRobotsOnWhiteSite
3081,16,24
timeStep,numberOfRobotsOnBlackSite,numberOfRobotsOnWhiteSite
3082,16,24
timeStep,numberOfRobotsOnBlackSite,numberOfRobotsOnWhiteSite
3083,16,24
timeStep,numberOfRobotsOnBlackSite,numberOfRobotsOnWhiteSite
3084,16,24
timeStep,numberOfRobotsOnBlackSite,numberOfRobotsOnWhiteSite
3085,16,25
timeStep,numberOfRobotsOnBlackSite,numberOfRobotsOnWhiteSite
3086,16,25
timeStep,numberOfRobotsOnBlackSite,numberOfRobotsOnWhiteSite
3087,16,25
timeStep,numberOfRobotsOnBlackSite,numberOfRobotsOnWhiteSite
3088,16,25
timeStep,numberOfRobotsOnBlackSite,numberOfRobotsOnWhiteSite
3089,16,25
timeStep,numberOfRobotsOnBlackSite,numberOfRobotsOnWhiteSite
3090,16,25
timeStep,numberOfRobotsOnBlackSite,numberOfRobotsOnWhiteSite
3091,16,25
timeStep,numberOfRobotsOnBlackSite,numberOfRobotsOnWhiteSite
3092,16,25
timeStep,numberOfRobotsOnBlackSite,numberOfRobotsOnWhiteSite
3093,16,25
timeStep,numberOfRobotsOnBlackSite,numberOfRobotsOnWhiteSite
3094,16,25
timeStep,numberOfRobotsOnBlackSite,numberOfRobotsOnWhiteSite
3095,16,25
timeStep,numberOfRobotsOnBlackSite,numberOfRobotsOnWhiteSite
3096,16,25
timeStep,numberOfRobotsOnBlackSite,numberOfRobotsOnWhiteSite
3097,16,25
timeStep,numberOfRobotsOnBlackSite,numberOfRobotsOnWhiteSite
3098,16,25
timeStep,numberOfRobotsOnBlackSite,numberOfRobotsOnWhiteSite
3099,16,25
timeStep,numberOfRobotsOnBlackSite,numberOfRobotsOnWhiteSite
3100,16,25
timeStep,numberOfRobotsOnBlackSite,numberOfRobotsOnWhiteSite
3101,16,25
timeStep,numberOfRobotsOnBlackSite,numberOfRobotsOnWhiteSite
3102,16,25
timeStep,numberOfRobotsOnBlackSite,numberOfRobotsOnWhiteSite
3103,16,25
timeStep,numberOfRobotsOnBlackSite,numberOfRobotsOnWhiteSite
3104,16,25
timeStep,numberOfRobotsOnBlackSite,numberOfRobotsOnWhiteSite
3105,16,25
timeStep,numberOfRobotsOnBlackSite,numberOfRobotsOnWhiteSite
3106,16,25
timeStep,numberOfRobotsOnBlackSite,numberOfRobotsOnWhiteSite
3107,16,25
timeStep,numberOfRobotsOnBlackSite,numberOfRobotsOnWhiteSite
3108,16,25
timeStep,numberOfRobotsOnBlackSite,numberOfRobotsOnWhiteSite
3109,16,25
timeStep,numberOfRobotsOnBlackSite,numberOfRobotsOnWhiteSite
3110,16,25
timeStep,numberOfRobotsOnBlackSite,numberOfRobotsOnWhiteSite
3111,16,25
timeStep,numberOfRobotsOnBlackSite,numberOfRobotsOnWhiteSite
3112,16,25
timeStep,numberOfRobotsOnBlackSite,numberOfRobotsOnWhiteSite
3113,16,25
timeStep,numberOfRobotsOnBlackSite,numberOfRobotsOnWhiteSite
3114,16,25
timeStep,numberOfRobotsOnBlackSite,numberOfRobotsOnWhiteSite
3115,16,25
timeStep,numberOfRobotsOnBlackSite,numberOfRobotsOnWhiteSite
3116,16,25
timeStep,numberOfRobotsOnBlackSite,numberOfRobotsOnWhiteSite
3117,16,25
timeStep,numberOfRobotsOnBlackSite,numberOfRobotsOnWhiteSite
3118,16,25
timeStep,numberOfRobotsOnBlackSite,numberOfRobotsOnWhiteSite
3119,16,25
timeStep,numberOfRobotsOnBlackSite,numberOfRobotsOnWhiteSite
3120,16,24
timeStep,numberOfRobotsOnBlackSite,numberOfRobotsOnWhiteSite
3121,16,24
timeStep,numberOfRobotsOnBlackSite,numberOfRobotsOnWhiteSite
3122,16,24
timeStep,numberOfRobotsOnBlackSite,numberOfRobotsOnWhiteSite
3123,16,24
timeStep,numberOfRobotsOnBlackSite,numberOfRobotsOnWhiteSite
3124,16,24
timeStep,numberOfRobotsOnBlackSite,numberOfRobotsOnWhiteSite
3125,16,24
timeStep,numberOfRobotsOnBlackSite,numberOfRobotsOnWhiteSite
3126,16,24
timeStep,numberOfRobotsOnBlackSite,numberOfRobotsOnWhiteSite
3127,16,24
timeStep,numberOfRobotsOnBlackSite,numberOfRobotsOnWhiteSite
3128,16,24
timeStep,numberOfRobotsOnBlackSite,numberOfRobotsOnWhiteSite
3129,16,24
timeStep,numberOfRobotsOnBlackSite,numberOfRobotsOnWhiteSite
3130,16,23
timeStep,numberOfRobotsOnBlackSite,numberOfRobotsOnWhiteSite
3131,16,23
timeStep,numberOfRobotsOnBlackSite,numberOfRobotsOnWhiteSite
3132,16,23
timeStep,numberOfRobotsOnBlackSite,numberOfRobotsOnWhiteSite
3133,16,23
timeStep,numberOfRobotsOnBlackSite,numberOfRobotsOnWhiteSite
3134,16,23
timeStep,numberOfRobotsOnBlackSite,numberOfRobotsOnWhiteSite
3135,16,22
timeStep,numberOfRobotsOnBlackSite,numberOfRobotsOnWhiteSite
3136,16,22
timeStep,numberOfRobotsOnBlackSite,numberOfRobotsOnWhiteSite
3137,16,22
timeStep,numberOfRobotsOnBlackSite,numberOfRobotsOnWhiteSite
3138,16,22
timeStep,numberOfRobotsOnBlackSite,numberOfRobotsOnWhiteSite
3139,16,22
timeStep,numberOfRobotsOnBlackSite,numberOfRobotsOnWhiteSite
3140,16,22
timeStep,numberOfRobotsOnBlackSite,numberOfRobotsOnWhiteSite
3141,16,22
timeStep,numberOfRobotsOnBlackSite,numberOfRobotsOnWhiteSite
3142,16,22
timeStep,numberOfRobotsOnBlackSite,numberOfRobotsOnWhiteSite
3143,16,22
timeStep,numberOfRobotsOnBlackSite,numberOfRobotsOnWhiteSite
3144,16,22
timeStep,numberOfRobotsOnBlackSite,numberOfRobotsOnWhiteSite
3145,16,22
timeStep,numberOfRobotsOnBlackSite,numberOfRobotsOnWhiteSite
3146,16,22
timeStep,numberOfRobotsOnBlackSite,numberOfRobotsOnWhiteSite
3147,16,22
timeStep,numberOfRobotsOnBlackSite,numberOfRobotsOnWhiteSite
3148,16,22
timeStep,numberOfRobotsOnBlackSite,numberOfRobotsOnWhiteSite
3149,16,22
timeStep,numberOfRobotsOnBlackSite,numberOfRobotsOnWhiteSite
3150,16,22
timeStep,numberOfRobotsOnBlackSite,numberOfRobotsOnWhiteSite
3151,16,22
timeStep,numberOfRobotsOnBlackSite,numberOfRobotsOnWhiteSite
3152,16,22
timeStep,numberOfRobotsOnBlackSite,numberOfRobotsOnWhiteSite
3153,16,22
timeStep,numberOfRobotsOnBlackSite,numberOfRobotsOnWhiteSite
3154,16,22
timeStep,numberOfRobotsOnBlackSite,numberOfRobotsOnWhiteSite
3155,16,22
timeStep,numberOfRobotsOnBlackSite,numberOfRobotsOnWhiteSite
3156,16,22
timeStep,numberOfRobotsOnBlackSite,numberOfRobotsOnWhiteSite
3157,16,22
timeStep,numberOfRobotsOnBlackSite,numberOfRobotsOnWhiteSite
3158,16,22
timeStep,numberOfRobotsOnBlackSite,numberOfRobotsOnWhiteSite
3159,16,22
timeStep,numberOfRobotsOnBlackSite,numberOfRobotsOnWhiteSite
3160,16,22
timeStep,numberOfRobotsOnBlackSite,numberOfRobotsOnWhiteSite
3161,16,22
timeStep,numberOfRobotsOnBlackSite,numberOfRobotsOnWhiteSite
3162,16,22
timeStep,numberOfRobotsOnBlackSite,numberOfRobotsOnWhiteSite
3163,16,22
timeStep,numberOfRobotsOnBlackSite,numberOfRobotsOnWhiteSite
3164,16,22
timeStep,numberOfRobotsOnBlackSite,numberOfRobotsOnWhiteSite
3165,16,22
timeStep,numberOfRobotsOnBlackSite,numberOfRobotsOnWhiteSite
3166,16,22
timeStep,numberOfRobotsOnBlackSite,numberOfRobotsOnWhiteSite
3167,16,22
timeStep,numberOfRobotsOnBlackSite,numberOfRobotsOnWhiteSite
3168,16,22
timeStep,numberOfRobotsOnBlackSite,numberOfRobotsOnWhiteSite
3169,16,22
timeStep,numberOfRobotsOnBlackSite,numberOfRobotsOnWhiteSite
3170,16,22
timeStep,numberOfRobotsOnBlackSite,numberOfRobotsOnWhiteSite
3171,16,22
timeStep,numberOfRobotsOnBlackSite,numberOfRobotsOnWhiteSite
3172,16,22
timeStep,numberOfRobotsOnBlackSite,numberOfRobotsOnWhiteSite
3173,16,22
timeStep,numberOfRobotsOnBlackSite,numberOfRobotsOnWhiteSite
3174,16,22
timeStep,numberOfRobotsOnBlackSite,numberOfRobotsOnWhiteSite
3175,16,22
timeStep,numberOfRobotsOnBlackSite,numberOfRobotsOnWhiteSite
3176,16,22
timeStep,numberOfRobotsOnBlackSite,numberOfRobotsOnWhiteSite
3177,16,22
timeStep,numberOfRobotsOnBlackSite,numberOfRobotsOnWhiteSite
3178,16,22
timeStep,numberOfRobotsOnBlackSite,numberOfRobotsOnWhiteSite
3179,16,22
timeStep,numberOfRobotsOnBlackSite,numberOfRobotsOnWhiteSite
3180,16,23
timeStep,numberOfRobotsOnBlackSite,numberOfRobotsOnWhiteSite
3181,16,23
timeStep,numberOfRobotsOnBlackSite,numberOfRobotsOnWhiteSite
3182,16,23
timeStep,numberOfRobotsOnBlackSite,numberOfRobotsOnWhiteSite
3183,16,23
timeStep,numberOfRobotsOnBlackSite,numberOfRobotsOnWhiteSite
3184,16,23
timeStep,numberOfRobotsOnBlackSite,numberOfRobotsOnWhiteSite
3185,16,24
timeStep,numberOfRobotsOnBlackSite,numberOfRobotsOnWhiteSite
3186,16,24
timeStep,numberOfRobotsOnBlackSite,numberOfRobotsOnWhiteSite
3187,16,24
timeStep,numberOfRobotsOnBlackSite,numberOfRobotsOnWhiteSite
3188,16,24
timeStep,numberOfRobotsOnBlackSite,numberOfRobotsOnWhiteSite
3189,16,24
timeStep,numberOfRobotsOnBlackSite,numberOfRobotsOnWhiteSite
3190,16,25
timeStep,numberOfRobotsOnBlackSite,numberOfRobotsOnWhiteSite
3191,16,25
timeStep,numberOfRobotsOnBlackSite,numberOfRobotsOnWhiteSite
3192,16,25
timeStep,numberOfRobotsOnBlackSite,numberOfRobotsOnWhiteSite
3193,16,25
timeStep,numberOfRobotsOnBlackSite,numberOfRobotsOnWhiteSite
3194,16,25
timeStep,numberOfRobotsOnBlackSite,numberOfRobotsOnWhiteSite
3195,16,25
timeStep,numberOfRobotsOnBlackSite,numberOfRobotsOnWhiteSite
3196,16,25
timeStep,numberOfRobotsOnBlackSite,numberOfRobotsOnWhiteSite
3197,16,25
timeStep,numberOfRobotsOnBlackSite,numberOfRobotsOnWhiteSite
3198,16,25
timeStep,numberOfRobotsOnBlackSite,numberOfRobotsOnWhiteSite
3199,16,25
timeStep,numberOfRobotsOnBlackSite,numberOfRobotsOnWhiteSite
3200,16,25
timeStep,numberOfRobotsOnBlackSite,numberOfRobotsOnWhiteSite
3201,16,25
timeStep,numberOfRobotsOnBlackSite,numberOfRobotsOnWhiteSite
3202,16,25
timeStep,numberOfRobotsOnBlackSite,numberOfRobotsOnWhiteSite
3203,16,25
timeStep,numberOfRobotsOnBlackSite,numberOfRobotsOnWhiteSite
3204,16,25
timeStep,numberOfRobotsOnBlackSite,numberOfRobotsOnWhiteSite
3205,16,25
timeStep,numberOfRobotsOnBlackSite,numberOfRobotsOnWhiteSite
3206,16,25
timeStep,numberOfRobotsOnBlackSite,numberOfRobotsOnWhiteSite
3207,16,25
timeStep,numberOfRobotsOnBlackSite,numberOfRobotsOnWhiteSite
3208,16,25
timeStep,numberOfRobotsOnBlackSite,numberOfRobotsOnWhiteSite
3209,16,25
timeStep,numberOfRobotsOnBlackSite,numberOfRobotsOnWhiteSite
3210,16,25
timeStep,numberOfRobotsOnBlackSite,numberOfRobotsOnWhiteSite
3211,16,25
timeStep,numberOfRobotsOnBlackSite,numberOfRobotsOnWhiteSite
3212,16,25
timeStep,numberOfRobotsOnBlackSite,numberOfRobotsOnWhiteSite
3213,16,25
timeStep,numberOfRobotsOnBlackSite,numberOfRobotsOnWhiteSite
3214,16,25
timeStep,numberOfRobotsOnBlackSite,numberOfRobotsOnWhiteSite
3215,16,25
timeStep,numberOfRobotsOnBlackSite,numberOfRobotsOnWhiteSite
3216,16,25
timeStep,numberOfRobotsOnBlackSite,numberOfRobotsOnWhiteSite
3217,16,25
timeStep,numberOfRobotsOnBlackSite,numberOfRobotsOnWhiteSite
3218,16,25
timeStep,numberOfRobotsOnBlackSite,numberOfRobotsOnWhiteSite
3219,16,25
timeStep,numberOfRobotsOnBlackSite,numberOfRobotsOnWhiteSite
3220,17,25
timeStep,numberOfRobotsOnBlackSite,numberOfRobotsOnWhiteSite
3221,17,25
timeStep,numberOfRobotsOnBlackSite,numberOfRobotsOnWhiteSite
3222,17,25
timeStep,numberOfRobotsOnBlackSite,numberOfRobotsOnWhiteSite
3223,17,25
timeStep,numberOfRobotsOnBlackSite,numberOfRobotsOnWhiteSite
3224,17,25
timeStep,numberOfRobotsOnBlackSite,numberOfRobotsOnWhiteSite
3225,17,25
timeStep,numberOfRobotsOnBlackSite,numberOfRobotsOnWhiteSite
3226,17,25
timeStep,numberOfRobotsOnBlackSite,numberOfRobotsOnWhiteSite
3227,17,25
timeStep,numberOfRobotsOnBlackSite,numberOfRobotsOnWhiteSite
3228,17,25
timeStep,numberOfRobotsOnBlackSite,numberOfRobotsOnWhiteSite
3229,17,25
timeStep,numberOfRobotsOnBlackSite,numberOfRobotsOnWhiteSite
3230,17,23
timeStep,numberOfRobotsOnBlackSite,numberOfRobotsOnWhiteSite
3231,17,23
timeStep,numberOfRobotsOnBlackSite,numberOfRobotsOnWhiteSite
3232,17,23
timeStep,numberOfRobotsOnBlackSite,numberOfRobotsOnWhiteSite
3233,17,23
timeStep,numberOfRobotsOnBlackSite,numberOfRobotsOnWhiteSite
3234,17,23
timeStep,numberOfRobotsOnBlackSite,numberOfRobotsOnWhiteSite
3235,17,23
timeStep,numberOfRobotsOnBlackSite,numberOfRobotsOnWhiteSite
3236,17,23
timeStep,numberOfRobotsOnBlackSite,numberOfRobotsOnWhiteSite
3237,17,23
timeStep,numberOfRobotsOnBlackSite,numberOfRobotsOnWhiteSite
3238,17,23
timeStep,numberOfRobotsOnBlackSite,numberOfRobotsOnWhiteSite
3239,17,23
timeStep,numberOfRobotsOnBlackSite,numberOfRobotsOnWhiteSite
3240,17,23
timeStep,numberOfRobotsOnBlackSite,numberOfRobotsOnWhiteSite
3241,17,23
timeStep,numberOfRobotsOnBlackSite,numberOfRobotsOnWhiteSite
3242,17,23
timeStep,numberOfRobotsOnBlackSite,numberOfRobotsOnWhiteSite
3243,17,23
timeStep,numberOfRobotsOnBlackSite,numberOfRobotsOnWhiteSite
3244,17,23
timeStep,numberOfRobotsOnBlackSite,numberOfRobotsOnWhiteSite
3245,17,23
timeStep,numberOfRobotsOnBlackSite,numberOfRobotsOnWhiteSite
3246,17,23
timeStep,numberOfRobotsOnBlackSite,numberOfRobotsOnWhiteSite
3247,17,23
timeStep,numberOfRobotsOnBlackSite,numberOfRobotsOnWhiteSite
3248,17,23
timeStep,numberOfRobotsOnBlackSite,numberOfRobotsOnWhiteSite
3249,17,23
timeStep,numberOfRobotsOnBlackSite,numberOfRobotsOnWhiteSite
3250,17,23
timeStep,numberOfRobotsOnBlackSite,numberOfRobotsOnWhiteSite
3251,17,23
timeStep,numberOfRobotsOnBlackSite,numberOfRobotsOnWhiteSite
3252,17,23
timeStep,numberOfRobotsOnBlackSite,numberOfRobotsOnWhiteSite
3253,17,23
timeStep,numberOfRobotsOnBlackSite,numberOfRobotsOnWhiteSite
3254,17,23
timeStep,numberOfRobotsOnBlackSite,numberOfRobotsOnWhiteSite
3255,17,23
timeStep,numberOfRobotsOnBlackSite,numberOfRobotsOnWhiteSite
3256,17,23
timeStep,numberOfRobotsOnBlackSite,numberOfRobotsOnWhiteSite
3257,17,23
timeStep,numberOfRobotsOnBlackSite,numberOfRobotsOnWhiteSite
3258,17,23
timeStep,numberOfRobotsOnBlackSite,numberOfRobotsOnWhiteSite
3259,17,23
timeStep,numberOfRobotsOnBlackSite,numberOfRobotsOnWhiteSite
3260,17,23
timeStep,numberOfRobotsOnBlackSite,numberOfRobotsOnWhiteSite
3261,17,23
timeStep,numberOfRobotsOnBlackSite,numberOfRobotsOnWhiteSite
3262,17,23
timeStep,numberOfRobotsOnBlackSite,numberOfRobotsOnWhiteSite
3263,17,23
timeStep,numberOfRobotsOnBlackSite,numberOfRobotsOnWhiteSite
3264,17,23
timeStep,numberOfRobotsOnBlackSite,numberOfRobotsOnWhiteSite
3265,17,23
timeStep,numberOfRobotsOnBlackSite,numberOfRobotsOnWhiteSite
3266,17,23
timeStep,numberOfRobotsOnBlackSite,numberOfRobotsOnWhiteSite
3267,17,23
timeStep,numberOfRobotsOnBlackSite,numberOfRobotsOnWhiteSite
3268,17,23
timeStep,numberOfRobotsOnBlackSite,numberOfRobotsOnWhiteSite
3269,17,23
timeStep,numberOfRobotsOnBlackSite,numberOfRobotsOnWhiteSite
3270,17,23
timeStep,numberOfRobotsOnBlackSite,numberOfRobotsOnWhiteSite
3271,17,23
timeStep,numberOfRobotsOnBlackSite,numberOfRobotsOnWhiteSite
3272,17,23
timeStep,numberOfRobotsOnBlackSite,numberOfRobotsOnWhiteSite
3273,17,23
timeStep,numberOfRobotsOnBlackSite,numberOfRobotsOnWhiteSite
3274,17,23
timeStep,numberOfRobotsOnBlackSite,numberOfRobotsOnWhiteSite
3275,17,23
timeStep,numberOfRobotsOnBlackSite,numberOfRobotsOnWhiteSite
3276,17,23
timeStep,numberOfRobotsOnBlackSite,numberOfRobotsOnWhiteSite
3277,17,23
timeStep,numberOfRobotsOnBlackSite,numberOfRobotsOnWhiteSite
3278,17,23
timeStep,numberOfRobotsOnBlackSite,numberOfRobotsOnWhiteSite
3279,17,23
timeStep,numberOfRobotsOnBlackSite,numberOfRobotsOnWhiteSite
3280,17,23
timeStep,numberOfRobotsOnBlackSite,numberOfRobotsOnWhiteSite
3281,17,23
timeStep,numberOfRobotsOnBlackSite,numberOfRobotsOnWhiteSite
3282,17,23
timeStep,numberOfRobotsOnBlackSite,numberOfRobotsOnWhiteSite
3283,17,23
timeStep,numberOfRobotsOnBlackSite,numberOfRobotsOnWhiteSite
3284,17,23
timeStep,numberOfRobotsOnBlackSite,numberOfRobotsOnWhiteSite
3285,17,23
timeStep,numberOfRobotsOnBlackSite,numberOfRobotsOnWhiteSite
3286,17,23
timeStep,numberOfRobotsOnBlackSite,numberOfRobotsOnWhiteSite
3287,17,23
timeStep,numberOfRobotsOnBlackSite,numberOfRobotsOnWhiteSite
3288,17,23
timeStep,numberOfRobotsOnBlackSite,numberOfRobotsOnWhiteSite
3289,17,23
timeStep,numberOfRobotsOnBlackSite,numberOfRobotsOnWhiteSite
3290,17,23
timeStep,numberOfRobotsOnBlackSite,numberOfRobotsOnWhiteSite
3291,17,23
timeStep,numberOfRobotsOnBlackSite,numberOfRobotsOnWhiteSite
3292,17,23
timeStep,numberOfRobotsOnBlackSite,numberOfRobotsOnWhiteSite
3293,17,23
timeStep,numberOfRobotsOnBlackSite,numberOfRobotsOnWhiteSite
3294,17,23
timeStep,numberOfRobotsOnBlackSite,numberOfRobotsOnWhiteSite
3295,17,23
timeStep,numberOfRobotsOnBlackSite,numberOfRobotsOnWhiteSite
3296,17,23
timeStep,numberOfRobotsOnBlackSite,numberOfRobotsOnWhiteSite
3297,17,23
timeStep,numberOfRobotsOnBlackSite,numberOfRobotsOnWhiteSite
3298,17,23
timeStep,numberOfRobotsOnBlackSite,numberOfRobotsOnWhiteSite
3299,17,23
timeStep,numberOfRobotsOnBlackSite,numberOfRobotsOnWhiteSite
3300,17,23
timeStep,numberOfRobotsOnBlackSite,numberOfRobotsOnWhiteSite
3301,17,23
timeStep,numberOfRobotsOnBlackSite,numberOfRobotsOnWhiteSite
3302,17,23
timeStep,numberOfRobotsOnBlackSite,numberOfRobotsOnWhiteSite
3303,17,23
timeStep,numberOfRobotsOnBlackSite,numberOfRobotsOnWhiteSite
3304,17,23
timeStep,numberOfRobotsOnBlackSite,numberOfRobotsOnWhiteSite
3305,17,23
timeStep,numberOfRobotsOnBlackSite,numberOfRobotsOnWhiteSite
3306,17,23
timeStep,numberOfRobotsOnBlackSite,numberOfRobotsOnWhiteSite
3307,17,23
timeStep,numberOfRobotsOnBlackSite,numberOfRobotsOnWhiteSite
3308,17,23
timeStep,numberOfRobotsOnBlackSite,numberOfRobotsOnWhiteSite
3309,17,23
timeStep,numberOfRobotsOnBlackSite,numberOfRobotsOnWhiteSite
3310,17,22
timeStep,numberOfRobotsOnBlackSite,numberOfRobotsOnWhiteSite
3311,17,22
timeStep,numberOfRobotsOnBlackSite,numberOfRobotsOnWhiteSite
3312,17,22
timeStep,numberOfRobotsOnBlackSite,numberOfRobotsOnWhiteSite
3313,17,22
timeStep,numberOfRobotsOnBlackSite,numberOfRobotsOnWhiteSite
3314,17,22
timeStep,numberOfRobotsOnBlackSite,numberOfRobotsOnWhiteSite
3315,17,22
timeStep,numberOfRobotsOnBlackSite,numberOfRobotsOnWhiteSite
3316,17,22
timeStep,numberOfRobotsOnBlackSite,numberOfRobotsOnWhiteSite
3317,17,22
timeStep,numberOfRobotsOnBlackSite,numberOfRobotsOnWhiteSite
3318,17,22
timeStep,numberOfRobotsOnBlackSite,numberOfRobotsOnWhiteSite
3319,17,22
timeStep,numberOfRobotsOnBlackSite,numberOfRobotsOnWhiteSite
3320,17,22
timeStep,numberOfRobotsOnBlackSite,numberOfRobotsOnWhiteSite
3321,17,22
timeStep,numberOfRobotsOnBlackSite,numberOfRobotsOnWhiteSite
3322,17,22
timeStep,numberOfRobotsOnBlackSite,numberOfRobotsOnWhiteSite
3323,17,22
timeStep,numberOfRobotsOnBlackSite,numberOfRobotsOnWhiteSite
3324,17,22
timeStep,numberOfRobotsOnBlackSite,numberOfRobotsOnWhiteSite
3325,17,22
timeStep,numberOfRobotsOnBlackSite,numberOfRobotsOnWhiteSite
3326,17,22
timeStep,numberOfRobotsOnBlackSite,numberOfRobotsOnWhiteSite
3327,17,22
timeStep,numberOfRobotsOnBlackSite,numberOfRobotsOnWhiteSite
3328,17,22
timeStep,numberOfRobotsOnBlackSite,numberOfRobotsOnWhiteSite
3329,17,22
timeStep,numberOfRobotsOnBlackSite,numberOfRobotsOnWhiteSite
3330,17,22
timeStep,numberOfRobotsOnBlackSite,numberOfRobotsOnWhiteSite
3331,17,22
timeStep,numberOfRobotsOnBlackSite,numberOfRobotsOnWhiteSite
3332,17,22
timeStep,numberOfRobotsOnBlackSite,numberOfRobotsOnWhiteSite
3333,17,22
timeStep,numberOfRobotsOnBlackSite,numberOfRobotsOnWhiteSite
3334,17,22
timeStep,numberOfRobotsOnBlackSite,numberOfRobotsOnWhiteSite
3335,17,22
timeStep,numberOfRobotsOnBlackSite,numberOfRobotsOnWhiteSite
3336,17,22
timeStep,numberOfRobotsOnBlackSite,numberOfRobotsOnWhiteSite
3337,17,22
timeStep,numberOfRobotsOnBlackSite,numberOfRobotsOnWhiteSite
3338,17,22
timeStep,numberOfRobotsOnBlackSite,numberOfRobotsOnWhiteSite
3339,17,22
timeStep,numberOfRobotsOnBlackSite,numberOfRobotsOnWhiteSite
3340,17,22
timeStep,numberOfRobotsOnBlackSite,numberOfRobotsOnWhiteSite
3341,17,22
timeStep,numberOfRobotsOnBlackSite,numberOfRobotsOnWhiteSite
3342,17,22
timeStep,numberOfRobotsOnBlackSite,numberOfRobotsOnWhiteSite
3343,17,22
timeStep,numberOfRobotsOnBlackSite,numberOfRobotsOnWhiteSite
3344,17,22
timeStep,numberOfRobotsOnBlackSite,numberOfRobotsOnWhiteSite
3345,17,22
timeStep,numberOfRobotsOnBlackSite,numberOfRobotsOnWhiteSite
3346,17,22
timeStep,numberOfRobotsOnBlackSite,numberOfRobotsOnWhiteSite
3347,17,22
timeStep,numberOfRobotsOnBlackSite,numberOfRobotsOnWhiteSite
3348,17,22
timeStep,numberOfRobotsOnBlackSite,numberOfRobotsOnWhiteSite
3349,17,22
timeStep,numberOfRobotsOnBlackSite,numberOfRobotsOnWhiteSite
3350,17,22
timeStep,numberOfRobotsOnBlackSite,numberOfRobotsOnWhiteSite
3351,17,22
timeStep,numberOfRobotsOnBlackSite,numberOfRobotsOnWhiteSite
3352,17,22
timeStep,numberOfRobotsOnBlackSite,numberOfRobotsOnWhiteSite
3353,17,22
timeStep,numberOfRobotsOnBlackSite,numberOfRobotsOnWhiteSite
3354,17,22
timeStep,numberOfRobotsOnBlackSite,numberOfRobotsOnWhiteSite
3355,17,23
timeStep,numberOfRobotsOnBlackSite,numberOfRobotsOnWhiteSite
3356,17,23
timeStep,numberOfRobotsOnBlackSite,numberOfRobotsOnWhiteSite
3357,17,23
timeStep,numberOfRobotsOnBlackSite,numberOfRobotsOnWhiteSite
3358,17,23
timeStep,numberOfRobotsOnBlackSite,numberOfRobotsOnWhiteSite
3359,17,23
timeStep,numberOfRobotsOnBlackSite,numberOfRobotsOnWhiteSite
3360,17,24
timeStep,numberOfRobotsOnBlackSite,numberOfRobotsOnWhiteSite
3361,17,24
timeStep,numberOfRobotsOnBlackSite,numberOfRobotsOnWhiteSite
3362,17,24
timeStep,numberOfRobotsOnBlackSite,numberOfRobotsOnWhiteSite
3363,17,24
timeStep,numberOfRobotsOnBlackSite,numberOfRobotsOnWhiteSite
3364,17,24
timeStep,numberOfRobotsOnBlackSite,numberOfRobotsOnWhiteSite
3365,17,23
timeStep,numberOfRobotsOnBlackSite,numberOfRobotsOnWhiteSite
3366,17,23
timeStep,numberOfRobotsOnBlackSite,numberOfRobotsOnWhiteSite
3367,17,23
timeStep,numberOfRobotsOnBlackSite,numberOfRobotsOnWhiteSite
3368,17,23
timeStep,numberOfRobotsOnBlackSite,numberOfRobotsOnWhiteSite
3369,17,23
timeStep,numberOfRobotsOnBlackSite,numberOfRobotsOnWhiteSite
3370,17,23
timeStep,numberOfRobotsOnBlackSite,numberOfRobotsOnWhiteSite
3371,17,23
timeStep,numberOfRobotsOnBlackSite,numberOfRobotsOnWhiteSite
3372,17,23
timeStep,numberOfRobotsOnBlackSite,numberOfRobotsOnWhiteSite
3373,17,23
timeStep,numberOfRobotsOnBlackSite,numberOfRobotsOnWhiteSite
3374,17,23
timeStep,numberOfRobotsOnBlackSite,numberOfRobotsOnWhiteSite
3375,17,24
timeStep,numberOfRobotsOnBlackSite,numberOfRobotsOnWhiteSite
3376,17,24
timeStep,numberOfRobotsOnBlackSite,numberOfRobotsOnWhiteSite
3377,17,24
timeStep,numberOfRobotsOnBlackSite,numberOfRobotsOnWhiteSite
3378,17,24
timeStep,numberOfRobotsOnBlackSite,numberOfRobotsOnWhiteSite
3379,17,24
timeStep,numberOfRobotsOnBlackSite,numberOfRobotsOnWhiteSite
3380,17,24
timeStep,numberOfRobotsOnBlackSite,numberOfRobotsOnWhiteSite
3381,17,24
timeStep,numberOfRobotsOnBlackSite,numberOfRobotsOnWhiteSite
3382,17,24
timeStep,numberOfRobotsOnBlackSite,numberOfRobotsOnWhiteSite
3383,17,24
timeStep,numberOfRobotsOnBlackSite,numberOfRobotsOnWhiteSite
3384,17,24
timeStep,numberOfRobotsOnBlackSite,numberOfRobotsOnWhiteSite
3385,17,24
timeStep,numberOfRobotsOnBlackSite,numberOfRobotsOnWhiteSite
3386,17,24
timeStep,numberOfRobotsOnBlackSite,numberOfRobotsOnWhiteSite
3387,17,24
timeStep,numberOfRobotsOnBlackSite,numberOfRobotsOnWhiteSite
3388,17,24
timeStep,numberOfRobotsOnBlackSite,numberOfRobotsOnWhiteSite
3389,17,24
timeStep,numberOfRobotsOnBlackSite,numberOfRobotsOnWhiteSite
3390,17,24
timeStep,numberOfRobotsOnBlackSite,numberOfRobotsOnWhiteSite
3391,17,24
timeStep,numberOfRobotsOnBlackSite,numberOfRobotsOnWhiteSite
3392,17,24
timeStep,numberOfRobotsOnBlackSite,numberOfRobotsOnWhiteSite
3393,17,24
timeStep,numberOfRobotsOnBlackSite,numberOfRobotsOnWhiteSite
3394,17,24
timeStep,numberOfRobotsOnBlackSite,numberOfRobotsOnWhiteSite
3395,17,24
timeStep,numberOfRobotsOnBlackSite,numberOfRobotsOnWhiteSite
3396,17,24
timeStep,numberOfRobotsOnBlackSite,numberOfRobotsOnWhiteSite
3397,17,24
timeStep,numberOfRobotsOnBlackSite,numberOfRobotsOnWhiteSite
3398,17,24
timeStep,numberOfRobotsOnBlackSite,numberOfRobotsOnWhiteSite
3399,17,24
timeStep,numberOfRobotsOnBlackSite,numberOfRobotsOnWhiteSite
3400,17,24
timeStep,numberOfRobotsOnBlackSite,numberOfRobotsOnWhiteSite
3401,17,24
timeStep,numberOfRobotsOnBlackSite,numberOfRobotsOnWhiteSite
3402,17,24
timeStep,numberOfRobotsOnBlackSite,numberOfRobotsOnWhiteSite
3403,17,24
timeStep,numberOfRobotsOnBlackSite,numberOfRobotsOnWhiteSite
3404,17,24
timeStep,numberOfRobotsOnBlackSite,numberOfRobotsOnWhiteSite
3405,17,24
timeStep,numberOfRobotsOnBlackSite,numberOfRobotsOnWhiteSite
3406,17,24
timeStep,numberOfRobotsOnBlackSite,numberOfRobotsOnWhiteSite
3407,17,24
timeStep,numberOfRobotsOnBlackSite,numberOfRobotsOnWhiteSite
3408,17,24
timeStep,numberOfRobotsOnBlackSite,numberOfRobotsOnWhiteSite
3409,17,24
timeStep,numberOfRobotsOnBlackSite,numberOfRobotsOnWhiteSite
3410,17,24
timeStep,numberOfRobotsOnBlackSite,numberOfRobotsOnWhiteSite
3411,17,24
timeStep,numberOfRobotsOnBlackSite,numberOfRobotsOnWhiteSite
3412,17,24
timeStep,numberOfRobotsOnBlackSite,numberOfRobotsOnWhiteSite
3413,17,24
timeStep,numberOfRobotsOnBlackSite,numberOfRobotsOnWhiteSite
3414,17,24
timeStep,numberOfRobotsOnBlackSite,numberOfRobotsOnWhiteSite
3415,17,24
timeStep,numberOfRobotsOnBlackSite,numberOfRobotsOnWhiteSite
3416,17,24
timeStep,numberOfRobotsOnBlackSite,numberOfRobotsOnWhiteSite
3417,17,24
timeStep,numberOfRobotsOnBlackSite,numberOfRobotsOnWhiteSite
3418,17,24
timeStep,numberOfRobotsOnBlackSite,numberOfRobotsOnWhiteSite
3419,17,24
timeStep,numberOfRobotsOnBlackSite,numberOfRobotsOnWhiteSite
3420,17,24
timeStep,numberOfRobotsOnBlackSite,numberOfRobotsOnWhiteSite
3421,17,24
timeStep,numberOfRobotsOnBlackSite,numberOfRobotsOnWhiteSite
3422,17,24
timeStep,numberOfRobotsOnBlackSite,numberOfRobotsOnWhiteSite
3423,17,24
timeStep,numberOfRobotsOnBlackSite,numberOfRobotsOnWhiteSite
3424,17,24
timeStep,numberOfRobotsOnBlackSite,numberOfRobotsOnWhiteSite
3425,17,24
timeStep,numberOfRobotsOnBlackSite,numberOfRobotsOnWhiteSite
3426,17,24
timeStep,numberOfRobotsOnBlackSite,numberOfRobotsOnWhiteSite
3427,17,24
timeStep,numberOfRobotsOnBlackSite,numberOfRobotsOnWhiteSite
3428,17,24
timeStep,numberOfRobotsOnBlackSite,numberOfRobotsOnWhiteSite
3429,17,24
timeStep,numberOfRobotsOnBlackSite,numberOfRobotsOnWhiteSite
3430,17,24
timeStep,numberOfRobotsOnBlackSite,numberOfRobotsOnWhiteSite
3431,17,24
timeStep,numberOfRobotsOnBlackSite,numberOfRobotsOnWhiteSite
3432,17,24
timeStep,numberOfRobotsOnBlackSite,numberOfRobotsOnWhiteSite
3433,17,24
timeStep,numberOfRobotsOnBlackSite,numberOfRobotsOnWhiteSite
3434,17,24
timeStep,numberOfRobotsOnBlackSite,numberOfRobotsOnWhiteSite
3435,17,24
timeStep,numberOfRobotsOnBlackSite,numberOfRobotsOnWhiteSite
3436,17,24
timeStep,numberOfRobotsOnBlackSite,numberOfRobotsOnWhiteSite
3437,17,24
timeStep,numberOfRobotsOnBlackSite,numberOfRobotsOnWhiteSite
3438,17,24
timeStep,numberOfRobotsOnBlackSite,numberOfRobotsOnWhiteSite
3439,17,24
timeStep,numberOfRobotsOnBlackSite,numberOfRobotsOnWhiteSite
3440,17,24
timeStep,numberOfRobotsOnBlackSite,numberOfRobotsOnWhiteSite
3441,17,24
timeStep,numberOfRobotsOnBlackSite,numberOfRobotsOnWhiteSite
3442,17,24
timeStep,numberOfRobotsOnBlackSite,numberOfRobotsOnWhiteSite
3443,17,24
timeStep,numberOfRobotsOnBlackSite,numberOfRobotsOnWhiteSite
3444,17,24
timeStep,numberOfRobotsOnBlackSite,numberOfRobotsOnWhiteSite
3445,17,24
timeStep,numberOfRobotsOnBlackSite,numberOfRobotsOnWhiteSite
3446,17,24
timeStep,numberOfRobotsOnBlackSite,numberOfRobotsOnWhiteSite
3447,17,24
timeStep,numberOfRobotsOnBlackSite,numberOfRobotsOnWhiteSite
3448,17,24
timeStep,numberOfRobotsOnBlackSite,numberOfRobotsOnWhiteSite
3449,17,24
timeStep,numberOfRobotsOnBlackSite,numberOfRobotsOnWhiteSite
3450,17,24
timeStep,numberOfRobotsOnBlackSite,numberOfRobotsOnWhiteSite
3451,17,24
timeStep,numberOfRobotsOnBlackSite,numberOfRobotsOnWhiteSite
3452,17,24
timeStep,numberOfRobotsOnBlackSite,numberOfRobotsOnWhiteSite
3453,17,24
timeStep,numberOfRobotsOnBlackSite,numberOfRobotsOnWhiteSite
3454,17,24
timeStep,numberOfRobotsOnBlackSite,numberOfRobotsOnWhiteSite
3455,17,24
timeStep,numberOfRobotsOnBlackSite,numberOfRobotsOnWhiteSite
3456,17,24
timeStep,numberOfRobotsOnBlackSite,numberOfRobotsOnWhiteSite
3457,17,24
timeStep,numberOfRobotsOnBlackSite,numberOfRobotsOnWhiteSite
3458,17,24
timeStep,numberOfRobotsOnBlackSite,numberOfRobotsOnWhiteSite
3459,17,24
timeStep,numberOfRobotsOnBlackSite,numberOfRobotsOnWhiteSite
3460,17,24
timeStep,numberOfRobotsOnBlackSite,numberOfRobotsOnWhiteSite
3461,17,24
timeStep,numberOfRobotsOnBlackSite,numberOfRobotsOnWhiteSite
3462,17,24
timeStep,numberOfRobotsOnBlackSite,numberOfRobotsOnWhiteSite
3463,17,24
timeStep,numberOfRobotsOnBlackSite,numberOfRobotsOnWhiteSite
3464,17,24
timeStep,numberOfRobotsOnBlackSite,numberOfRobotsOnWhiteSite
3465,17,24
timeStep,numberOfRobotsOnBlackSite,numberOfRobotsOnWhiteSite
3466,17,24
timeStep,numberOfRobotsOnBlackSite,numberOfRobotsOnWhiteSite
3467,17,24
timeStep,numberOfRobotsOnBlackSite,numberOfRobotsOnWhiteSite
3468,17,24
timeStep,numberOfRobotsOnBlackSite,numberOfRobotsOnWhiteSite
3469,17,24
timeStep,numberOfRobotsOnBlackSite,numberOfRobotsOnWhiteSite
3470,17,24
timeStep,numberOfRobotsOnBlackSite,numberOfRobotsOnWhiteSite
3471,17,24
timeStep,numberOfRobotsOnBlackSite,numberOfRobotsOnWhiteSite
3472,17,24
timeStep,numberOfRobotsOnBlackSite,numberOfRobotsOnWhiteSite
3473,17,24
timeStep,numberOfRobotsOnBlackSite,numberOfRobotsOnWhiteSite
3474,17,24
timeStep,numberOfRobotsOnBlackSite,numberOfRobotsOnWhiteSite
3475,17,24
timeStep,numberOfRobotsOnBlackSite,numberOfRobotsOnWhiteSite
3476,17,24
timeStep,numberOfRobotsOnBlackSite,numberOfRobotsOnWhiteSite
3477,17,24
timeStep,numberOfRobotsOnBlackSite,numberOfRobotsOnWhiteSite
3478,17,24
timeStep,numberOfRobotsOnBlackSite,numberOfRobotsOnWhiteSite
3479,17,24
timeStep,numberOfRobotsOnBlackSite,numberOfRobotsOnWhiteSite
3480,17,24
timeStep,numberOfRobotsOnBlackSite,numberOfRobotsOnWhiteSite
3481,17,24
timeStep,numberOfRobotsOnBlackSite,numberOfRobotsOnWhiteSite
3482,17,24
timeStep,numberOfRobotsOnBlackSite,numberOfRobotsOnWhiteSite
3483,17,24
timeStep,numberOfRobotsOnBlackSite,numberOfRobotsOnWhiteSite
3484,17,24
timeStep,numberOfRobotsOnBlackSite,numberOfRobotsOnWhiteSite
3485,17,24
timeStep,numberOfRobotsOnBlackSite,numberOfRobotsOnWhiteSite
3486,17,24
timeStep,numberOfRobotsOnBlackSite,numberOfRobotsOnWhiteSite
3487,17,24
timeStep,numberOfRobotsOnBlackSite,numberOfRobotsOnWhiteSite
3488,17,24
timeStep,numberOfRobotsOnBlackSite,numberOfRobotsOnWhiteSite
3489,17,24
timeStep,numberOfRobotsOnBlackSite,numberOfRobotsOnWhiteSite
3490,17,24
timeStep,numberOfRobotsOnBlackSite,numberOfRobotsOnWhiteSite
3491,17,24
timeStep,numberOfRobotsOnBlackSite,numberOfRobotsOnWhiteSite
3492,17,24
timeStep,numberOfRobotsOnBlackSite,numberOfRobotsOnWhiteSite
3493,17,24
timeStep,numberOfRobotsOnBlackSite,numberOfRobotsOnWhiteSite
3494,17,24
timeStep,numberOfRobotsOnBlackSite,numberOfRobotsOnWhiteSite
3495,17,23
timeStep,numberOfRobotsOnBlackSite,numberOfRobotsOnWhiteSite
3496,17,23
timeStep,numberOfRobotsOnBlackSite,numberOfRobotsOnWhiteSite
3497,17,23
timeStep,numberOfRobotsOnBlackSite,numberOfRobotsOnWhiteSite
3498,17,23
timeStep,numberOfRobotsOnBlackSite,numberOfRobotsOnWhiteSite
3499,17,23
timeStep,numberOfRobotsOnBlackSite,numberOfRobotsOnWhiteSite
3500,17,23
timeStep,numberOfRobotsOnBlackSite,numberOfRobotsOnWhiteSite
3501,17,23
timeStep,numberOfRobotsOnBlackSite,numberOfRobotsOnWhiteSite
3502,17,23
timeStep,numberOfRobotsOnBlackSite,numberOfRobotsOnWhiteSite
3503,17,23
timeStep,numberOfRobotsOnBlackSite,numberOfRobotsOnWhiteSite
3504,17,23
timeStep,numberOfRobotsOnBlackSite,numberOfRobotsOnWhiteSite
3505,17,23
timeStep,numberOfRobotsOnBlackSite,numberOfRobotsOnWhiteSite
3506,17,23
timeStep,numberOfRobotsOnBlackSite,numberOfRobotsOnWhiteSite
3507,17,23
timeStep,numberOfRobotsOnBlackSite,numberOfRobotsOnWhiteSite
3508,17,23
timeStep,numberOfRobotsOnBlackSite,numberOfRobotsOnWhiteSite
3509,17,23
timeStep,numberOfRobotsOnBlackSite,numberOfRobotsOnWhiteSite
3510,17,23
timeStep,numberOfRobotsOnBlackSite,numberOfRobotsOnWhiteSite
3511,17,23
timeStep,numberOfRobotsOnBlackSite,numberOfRobotsOnWhiteSite
3512,17,23
timeStep,numberOfRobotsOnBlackSite,numberOfRobotsOnWhiteSite
3513,17,23
timeStep,numberOfRobotsOnBlackSite,numberOfRobotsOnWhiteSite
3514,17,23
timeStep,numberOfRobotsOnBlackSite,numberOfRobotsOnWhiteSite
3515,17,23
timeStep,numberOfRobotsOnBlackSite,numberOfRobotsOnWhiteSite
3516,17,23
timeStep,numberOfRobotsOnBlackSite,numberOfRobotsOnWhiteSite
3517,17,23
timeStep,numberOfRobotsOnBlackSite,numberOfRobotsOnWhiteSite
3518,17,23
timeStep,numberOfRobotsOnBlackSite,numberOfRobotsOnWhiteSite
3519,17,23
timeStep,numberOfRobotsOnBlackSite,numberOfRobotsOnWhiteSite
3520,17,24
timeStep,numberOfRobotsOnBlackSite,numberOfRobotsOnWhiteSite
3521,17,24
timeStep,numberOfRobotsOnBlackSite,numberOfRobotsOnWhiteSite
3522,17,24
timeStep,numberOfRobotsOnBlackSite,numberOfRobotsOnWhiteSite
3523,17,24
timeStep,numberOfRobotsOnBlackSite,numberOfRobotsOnWhiteSite
3524,17,24
timeStep,numberOfRobotsOnBlackSite,numberOfRobotsOnWhiteSite
3525,17,24
timeStep,numberOfRobotsOnBlackSite,numberOfRobotsOnWhiteSite
3526,17,24
timeStep,numberOfRobotsOnBlackSite,numberOfRobotsOnWhiteSite
3527,17,24
timeStep,numberOfRobotsOnBlackSite,numberOfRobotsOnWhiteSite
3528,17,24
timeStep,numberOfRobotsOnBlackSite,numberOfRobotsOnWhiteSite
3529,17,24
timeStep,numberOfRobotsOnBlackSite,numberOfRobotsOnWhiteSite
3530,17,24
timeStep,numberOfRobotsOnBlackSite,numberOfRobotsOnWhiteSite
3531,17,24
timeStep,numberOfRobotsOnBlackSite,numberOfRobotsOnWhiteSite
3532,17,24
timeStep,numberOfRobotsOnBlackSite,numberOfRobotsOnWhiteSite
3533,17,24
timeStep,numberOfRobotsOnBlackSite,numberOfRobotsOnWhiteSite
3534,17,24
timeStep,numberOfRobotsOnBlackSite,numberOfRobotsOnWhiteSite
3535,17,24
timeStep,numberOfRobotsOnBlackSite,numberOfRobotsOnWhiteSite
3536,17,24
timeStep,numberOfRobotsOnBlackSite,numberOfRobotsOnWhiteSite
3537,17,24
timeStep,numberOfRobotsOnBlackSite,numberOfRobotsOnWhiteSite
3538,17,24
timeStep,numberOfRobotsOnBlackSite,numberOfRobotsOnWhiteSite
3539,17,24
timeStep,numberOfRobotsOnBlackSite,numberOfRobotsOnWhiteSite
3540,17,24
timeStep,numberOfRobotsOnBlackSite,numberOfRobotsOnWhiteSite
3541,17,24
timeStep,numberOfRobotsOnBlackSite,numberOfRobotsOnWhiteSite
3542,17,24
timeStep,numberOfRobotsOnBlackSite,numberOfRobotsOnWhiteSite
3543,17,24
timeStep,numberOfRobotsOnBlackSite,numberOfRobotsOnWhiteSite
3544,17,24
timeStep,numberOfRobotsOnBlackSite,numberOfRobotsOnWhiteSite
3545,17,24
timeStep,numberOfRobotsOnBlackSite,numberOfRobotsOnWhiteSite
3546,17,24
timeStep,numberOfRobotsOnBlackSite,numberOfRobotsOnWhiteSite
3547,17,24
timeStep,numberOfRobotsOnBlackSite,numberOfRobotsOnWhiteSite
3548,17,24
timeStep,numberOfRobotsOnBlackSite,numberOfRobotsOnWhiteSite
3549,17,24
timeStep,numberOfRobotsOnBlackSite,numberOfRobotsOnWhiteSite
3550,17,24
timeStep,numberOfRobotsOnBlackSite,numberOfRobotsOnWhiteSite
3551,17,24
timeStep,numberOfRobotsOnBlackSite,numberOfRobotsOnWhiteSite
3552,17,24
timeStep,numberOfRobotsOnBlackSite,numberOfRobotsOnWhiteSite
3553,17,24
timeStep,numberOfRobotsOnBlackSite,numberOfRobotsOnWhiteSite
3554,17,24
timeStep,numberOfRobotsOnBlackSite,numberOfRobotsOnWhiteSite
3555,17,24
timeStep,numberOfRobotsOnBlackSite,numberOfRobotsOnWhiteSite
3556,17,24
timeStep,numberOfRobotsOnBlackSite,numberOfRobotsOnWhiteSite
3557,17,24
timeStep,numberOfRobotsOnBlackSite,numberOfRobotsOnWhiteSite
3558,17,24
timeStep,numberOfRobotsOnBlackSite,numberOfRobotsOnWhiteSite
3559,17,24
timeStep,numberOfRobotsOnBlackSite,numberOfRobotsOnWhiteSite
3560,17,24
timeStep,numberOfRobotsOnBlackSite,numberOfRobotsOnWhiteSite
3561,17,24
timeStep,numberOfRobotsOnBlackSite,numberOfRobotsOnWhiteSite
3562,17,24
timeStep,numberOfRobotsOnBlackSite,numberOfRobotsOnWhiteSite
3563,17,24
timeStep,numberOfRobotsOnBlackSite,numberOfRobotsOnWhiteSite
3564,17,24
timeStep,numberOfRobotsOnBlackSite,numberOfRobotsOnWhiteSite
3565,17,25
timeStep,numberOfRobotsOnBlackSite,numberOfRobotsOnWhiteSite
3566,17,25
timeStep,numberOfRobotsOnBlackSite,numberOfRobotsOnWhiteSite
3567,17,25
timeStep,numberOfRobotsOnBlackSite,numberOfRobotsOnWhiteSite
3568,17,25
timeStep,numberOfRobotsOnBlackSite,numberOfRobotsOnWhiteSite
3569,17,25
timeStep,numberOfRobotsOnBlackSite,numberOfRobotsOnWhiteSite
3570,17,25
timeStep,numberOfRobotsOnBlackSite,numberOfRobotsOnWhiteSite
3571,17,25
timeStep,numberOfRobotsOnBlackSite,numberOfRobotsOnWhiteSite
3572,17,25
timeStep,numberOfRobotsOnBlackSite,numberOfRobotsOnWhiteSite
3573,17,25
timeStep,numberOfRobotsOnBlackSite,numberOfRobotsOnWhiteSite
3574,17,25
timeStep,numberOfRobotsOnBlackSite,numberOfRobotsOnWhiteSite
3575,17,25
timeStep,numberOfRobotsOnBlackSite,numberOfRobotsOnWhiteSite
3576,17,25
timeStep,numberOfRobotsOnBlackSite,numberOfRobotsOnWhiteSite
3577,17,25
timeStep,numberOfRobotsOnBlackSite,numberOfRobotsOnWhiteSite
3578,17,25
timeStep,numberOfRobotsOnBlackSite,numberOfRobotsOnWhiteSite
3579,17,25
timeStep,numberOfRobotsOnBlackSite,numberOfRobotsOnWhiteSite
3580,17,25
timeStep,numberOfRobotsOnBlackSite,numberOfRobotsOnWhiteSite
3581,17,25
timeStep,numberOfRobotsOnBlackSite,numberOfRobotsOnWhiteSite
3582,17,25
timeStep,numberOfRobotsOnBlackSite,numberOfRobotsOnWhiteSite
3583,17,25
timeStep,numberOfRobotsOnBlackSite,numberOfRobotsOnWhiteSite
3584,17,25
timeStep,numberOfRobotsOnBlackSite,numberOfRobotsOnWhiteSite
3585,17,25
timeStep,numberOfRobotsOnBlackSite,numberOfRobotsOnWhiteSite
3586,17,25
timeStep,numberOfRobotsOnBlackSite,numberOfRobotsOnWhiteSite
3587,17,25
timeStep,numberOfRobotsOnBlackSite,numberOfRobotsOnWhiteSite
3588,17,25
timeStep,numberOfRobotsOnBlackSite,numberOfRobotsOnWhiteSite
3589,17,25
timeStep,numberOfRobotsOnBlackSite,numberOfRobotsOnWhiteSite
3590,17,25
timeStep,numberOfRobotsOnBlackSite,numberOfRobotsOnWhiteSite
3591,17,25
timeStep,numberOfRobotsOnBlackSite,numberOfRobotsOnWhiteSite
3592,17,25
timeStep,numberOfRobotsOnBlackSite,numberOfRobotsOnWhiteSite
3593,17,25
timeStep,numberOfRobotsOnBlackSite,numberOfRobotsOnWhiteSite
3594,17,25
timeStep,numberOfRobotsOnBlackSite,numberOfRobotsOnWhiteSite
3595,17,25
timeStep,numberOfRobotsOnBlackSite,numberOfRobotsOnWhiteSite
3596,17,25
timeStep,numberOfRobotsOnBlackSite,numberOfRobotsOnWhiteSite
3597,17,25
timeStep,numberOfRobotsOnBlackSite,numberOfRobotsOnWhiteSite
3598,17,25
timeStep,numberOfRobotsOnBlackSite,numberOfRobotsOnWhiteSite
3599,17,25
timeStep,numberOfRobotsOnBlackSite,numberOfRobotsOnWhiteSite
3600,17,25
timeStep,numberOfRobotsOnBlackSite,numberOfRobotsOnWhiteSite
3601,17,25
timeStep,numberOfRobotsOnBlackSite,numberOfRobotsOnWhiteSite
3602,17,25
timeStep,numberOfRobotsOnBlackSite,numberOfRobotsOnWhiteSite
3603,17,25
timeStep,numberOfRobotsOnBlackSite,numberOfRobotsOnWhiteSite
3604,17,25
timeStep,numberOfRobotsOnBlackSite,numberOfRobotsOnWhiteSite
3605,16,25
timeStep,numberOfRobotsOnBlackSite,numberOfRobotsOnWhiteSite
3606,16,25
timeStep,numberOfRobotsOnBlackSite,numberOfRobotsOnWhiteSite
3607,16,25
timeStep,numberOfRobotsOnBlackSite,numberOfRobotsOnWhiteSite
3608,16,25
timeStep,numberOfRobotsOnBlackSite,numberOfRobotsOnWhiteSite
3609,16,25
timeStep,numberOfRobotsOnBlackSite,numberOfRobotsOnWhiteSite
3610,16,25
timeStep,numberOfRobotsOnBlackSite,numberOfRobotsOnWhiteSite
3611,16,25
timeStep,numberOfRobotsOnBlackSite,numberOfRobotsOnWhiteSite
3612,16,25
timeStep,numberOfRobotsOnBlackSite,numberOfRobotsOnWhiteSite
3613,16,25
timeStep,numberOfRobotsOnBlackSite,numberOfRobotsOnWhiteSite
3614,16,25
timeStep,numberOfRobotsOnBlackSite,numberOfRobotsOnWhiteSite
3615,16,25
timeStep,numberOfRobotsOnBlackSite,numberOfRobotsOnWhiteSite
3616,16,25
timeStep,numberOfRobotsOnBlackSite,numberOfRobotsOnWhiteSite
3617,16,25
timeStep,numberOfRobotsOnBlackSite,numberOfRobotsOnWhiteSite
3618,16,25
timeStep,numberOfRobotsOnBlackSite,numberOfRobotsOnWhiteSite
3619,16,25
timeStep,numberOfRobotsOnBlackSite,numberOfRobotsOnWhiteSite
3620,17,25
timeStep,numberOfRobotsOnBlackSite,numberOfRobotsOnWhiteSite
3621,17,25
timeStep,numberOfRobotsOnBlackSite,numberOfRobotsOnWhiteSite
3622,17,25
timeStep,numberOfRobotsOnBlackSite,numberOfRobotsOnWhiteSite
3623,17,25
timeStep,numberOfRobotsOnBlackSite,numberOfRobotsOnWhiteSite
3624,17,25
timeStep,numberOfRobotsOnBlackSite,numberOfRobotsOnWhiteSite
3625,17,25
timeStep,numberOfRobotsOnBlackSite,numberOfRobotsOnWhiteSite
3626,17,25
timeStep,numberOfRobotsOnBlackSite,numberOfRobotsOnWhiteSite
3627,17,25
timeStep,numberOfRobotsOnBlackSite,numberOfRobotsOnWhiteSite
3628,17,25
timeStep,numberOfRobotsOnBlackSite,numberOfRobotsOnWhiteSite
3629,17,25
timeStep,numberOfRobotsOnBlackSite,numberOfRobotsOnWhiteSite
3630,17,25
timeStep,numberOfRobotsOnBlackSite,numberOfRobotsOnWhiteSite
3631,17,25
timeStep,numberOfRobotsOnBlackSite,numberOfRobotsOnWhiteSite
3632,17,25
timeStep,numberOfRobotsOnBlackSite,numberOfRobotsOnWhiteSite
3633,17,25
timeStep,numberOfRobotsOnBlackSite,numberOfRobotsOnWhiteSite
3634,17,25
timeStep,numberOfRobotsOnBlackSite,numberOfRobotsOnWhiteSite
3635,17,26
timeStep,numberOfRobotsOnBlackSite,numberOfRobotsOnWhiteSite
3636,17,26
timeStep,numberOfRobotsOnBlackSite,numberOfRobotsOnWhiteSite
3637,17,26
timeStep,numberOfRobotsOnBlackSite,numberOfRobotsOnWhiteSite
3638,17,26
timeStep,numberOfRobotsOnBlackSite,numberOfRobotsOnWhiteSite
3639,17,26
timeStep,numberOfRobotsOnBlackSite,numberOfRobotsOnWhiteSite
3640,17,26
timeStep,numberOfRobotsOnBlackSite,numberOfRobotsOnWhiteSite
3641,17,26
timeStep,numberOfRobotsOnBlackSite,numberOfRobotsOnWhiteSite
3642,17,26
timeStep,numberOfRobotsOnBlackSite,numberOfRobotsOnWhiteSite
3643,17,26
timeStep,numberOfRobotsOnBlackSite,numberOfRobotsOnWhiteSite
3644,17,26
timeStep,numberOfRobotsOnBlackSite,numberOfRobotsOnWhiteSite
3645,16,26
timeStep,numberOfRobotsOnBlackSite,numberOfRobotsOnWhiteSite
3646,16,26
timeStep,numberOfRobotsOnBlackSite,numberOfRobotsOnWhiteSite
3647,16,26
timeStep,numberOfRobotsOnBlackSite,numberOfRobotsOnWhiteSite
3648,16,26
timeStep,numberOfRobotsOnBlackSite,numberOfRobotsOnWhiteSite
3649,16,26
timeStep,numberOfRobotsOnBlackSite,numberOfRobotsOnWhiteSite
3650,16,26
timeStep,numberOfRobotsOnBlackSite,numberOfRobotsOnWhiteSite
3651,16,26
timeStep,numberOfRobotsOnBlackSite,numberOfRobotsOnWhiteSite
3652,16,26
timeStep,numberOfRobotsOnBlackSite,numberOfRobotsOnWhiteSite
3653,16,26
timeStep,numberOfRobotsOnBlackSite,numberOfRobotsOnWhiteSite
3654,16,26
timeStep,numberOfRobotsOnBlackSite,numberOfRobotsOnWhiteSite
3655,16,26
timeStep,numberOfRobotsOnBlackSite,numberOfRobotsOnWhiteSite
3656,16,26
timeStep,numberOfRobotsOnBlackSite,numberOfRobotsOnWhiteSite
3657,16,26
timeStep,numberOfRobotsOnBlackSite,numberOfRobotsOnWhiteSite
3658,16,26
timeStep,numberOfRobotsOnBlackSite,numberOfRobotsOnWhiteSite
3659,16,26
timeStep,numberOfRobotsOnBlackSite,numberOfRobotsOnWhiteSite
3660,16,26
timeStep,numberOfRobotsOnBlackSite,numberOfRobotsOnWhiteSite
3661,16,26
timeStep,numberOfRobotsOnBlackSite,numberOfRobotsOnWhiteSite
3662,16,26
timeStep,numberOfRobotsOnBlackSite,numberOfRobotsOnWhiteSite
3663,16,26
timeStep,numberOfRobotsOnBlackSite,numberOfRobotsOnWhiteSite
3664,16,26
timeStep,numberOfRobotsOnBlackSite,numberOfRobotsOnWhiteSite
3665,16,26
timeStep,numberOfRobotsOnBlackSite,numberOfRobotsOnWhiteSite
3666,16,26
timeStep,numberOfRobotsOnBlackSite,numberOfRobotsOnWhiteSite
3667,16,26
timeStep,numberOfRobotsOnBlackSite,numberOfRobotsOnWhiteSite
3668,16,26
timeStep,numberOfRobotsOnBlackSite,numberOfRobotsOnWhiteSite
3669,16,26
timeStep,numberOfRobotsOnBlackSite,numberOfRobotsOnWhiteSite
3670,16,25
timeStep,numberOfRobotsOnBlackSite,numberOfRobotsOnWhiteSite
3671,16,25
timeStep,numberOfRobotsOnBlackSite,numberOfRobotsOnWhiteSite
3672,16,25
timeStep,numberOfRobotsOnBlackSite,numberOfRobotsOnWhiteSite
3673,16,25
timeStep,numberOfRobotsOnBlackSite,numberOfRobotsOnWhiteSite
3674,16,25
timeStep,numberOfRobotsOnBlackSite,numberOfRobotsOnWhiteSite
3675,16,25
timeStep,numberOfRobotsOnBlackSite,numberOfRobotsOnWhiteSite
3676,16,25
timeStep,numberOfRobotsOnBlackSite,numberOfRobotsOnWhiteSite
3677,16,25
timeStep,numberOfRobotsOnBlackSite,numberOfRobotsOnWhiteSite
3678,16,25
timeStep,numberOfRobotsOnBlackSite,numberOfRobotsOnWhiteSite
3679,16,25
timeStep,numberOfRobotsOnBlackSite,numberOfRobotsOnWhiteSite
3680,16,25
timeStep,numberOfRobotsOnBlackSite,numberOfRobotsOnWhiteSite
3681,16,25
timeStep,numberOfRobotsOnBlackSite,numberOfRobotsOnWhiteSite
3682,16,25
timeStep,numberOfRobotsOnBlackSite,numberOfRobotsOnWhiteSite
3683,16,25
timeStep,numberOfRobotsOnBlackSite,numberOfRobotsOnWhiteSite
3684,16,25
timeStep,numberOfRobotsOnBlackSite,numberOfRobotsOnWhiteSite
3685,16,24
timeStep,numberOfRobotsOnBlackSite,numberOfRobotsOnWhiteSite
3686,16,24
timeStep,numberOfRobotsOnBlackSite,numberOfRobotsOnWhiteSite
3687,16,24
timeStep,numberOfRobotsOnBlackSite,numberOfRobotsOnWhiteSite
3688,16,24
timeStep,numberOfRobotsOnBlackSite,numberOfRobotsOnWhiteSite
3689,16,24
timeStep,numberOfRobotsOnBlackSite,numberOfRobotsOnWhiteSite
3690,16,24
timeStep,numberOfRobotsOnBlackSite,numberOfRobotsOnWhiteSite
3691,16,24
timeStep,numberOfRobotsOnBlackSite,numberOfRobotsOnWhiteSite
3692,16,24
timeStep,numberOfRobotsOnBlackSite,numberOfRobotsOnWhiteSite
3693,16,24
timeStep,numberOfRobotsOnBlackSite,numberOfRobotsOnWhiteSite
3694,16,24
timeStep,numberOfRobotsOnBlackSite,numberOfRobotsOnWhiteSite
3695,16,24
timeStep,numberOfRobotsOnBlackSite,numberOfRobotsOnWhiteSite
3696,16,24
timeStep,numberOfRobotsOnBlackSite,numberOfRobotsOnWhiteSite
3697,16,24
timeStep,numberOfRobotsOnBlackSite,numberOfRobotsOnWhiteSite
3698,16,24
timeStep,numberOfRobotsOnBlackSite,numberOfRobotsOnWhiteSite
3699,16,24
timeStep,numberOfRobotsOnBlackSite,numberOfRobotsOnWhiteSite
3700,16,24
timeStep,numberOfRobotsOnBlackSite,numberOfRobotsOnWhiteSite
3701,16,24
timeStep,numberOfRobotsOnBlackSite,numberOfRobotsOnWhiteSite
3702,16,24
timeStep,numberOfRobotsOnBlackSite,numberOfRobotsOnWhiteSite
3703,16,24
timeStep,numberOfRobotsOnBlackSite,numberOfRobotsOnWhiteSite
3704,16,24
timeStep,numberOfRobotsOnBlackSite,numberOfRobotsOnWhiteSite
3705,16,24
timeStep,numberOfRobotsOnBlackSite,numberOfRobotsOnWhiteSite
3706,16,24
timeStep,numberOfRobotsOnBlackSite,numberOfRobotsOnWhiteSite
3707,16,24
timeStep,numberOfRobotsOnBlackSite,numberOfRobotsOnWhiteSite
3708,16,24
timeStep,numberOfRobotsOnBlackSite,numberOfRobotsOnWhiteSite
3709,16,24
timeStep,numberOfRobotsOnBlackSite,numberOfRobotsOnWhiteSite
3710,16,24
timeStep,numberOfRobotsOnBlackSite,numberOfRobotsOnWhiteSite
3711,16,24
timeStep,numberOfRobotsOnBlackSite,numberOfRobotsOnWhiteSite
3712,16,24
timeStep,numberOfRobotsOnBlackSite,numberOfRobotsOnWhiteSite
3713,16,24
timeStep,numberOfRobotsOnBlackSite,numberOfRobotsOnWhiteSite
3714,16,24
timeStep,numberOfRobotsOnBlackSite,numberOfRobotsOnWhiteSite
3715,16,24
timeStep,numberOfRobotsOnBlackSite,numberOfRobotsOnWhiteSite
3716,16,24
timeStep,numberOfRobotsOnBlackSite,numberOfRobotsOnWhiteSite
3717,16,24
timeStep,numberOfRobotsOnBlackSite,numberOfRobotsOnWhiteSite
3718,16,24
timeStep,numberOfRobotsOnBlackSite,numberOfRobotsOnWhiteSite
3719,16,24
timeStep,numberOfRobotsOnBlackSite,numberOfRobotsOnWhiteSite
3720,16,24
timeStep,numberOfRobotsOnBlackSite,numberOfRobotsOnWhiteSite
3721,16,24
timeStep,numberOfRobotsOnBlackSite,numberOfRobotsOnWhiteSite
3722,16,24
timeStep,numberOfRobotsOnBlackSite,numberOfRobotsOnWhiteSite
3723,16,24
timeStep,numberOfRobotsOnBlackSite,numberOfRobotsOnWhiteSite
3724,16,24
timeStep,numberOfRobotsOnBlackSite,numberOfRobotsOnWhiteSite
3725,16,24
timeStep,numberOfRobotsOnBlackSite,numberOfRobotsOnWhiteSite
3726,16,24
timeStep,numberOfRobotsOnBlackSite,numberOfRobotsOnWhiteSite
3727,16,24
timeStep,numberOfRobotsOnBlackSite,numberOfRobotsOnWhiteSite
3728,16,24
timeStep,numberOfRobotsOnBlackSite,numberOfRobotsOnWhiteSite
3729,16,24
timeStep,numberOfRobotsOnBlackSite,numberOfRobotsOnWhiteSite
3730,16,24
timeStep,numberOfRobotsOnBlackSite,numberOfRobotsOnWhiteSite
3731,16,24
timeStep,numberOfRobotsOnBlackSite,numberOfRobotsOnWhiteSite
3732,16,24
timeStep,numberOfRobotsOnBlackSite,numberOfRobotsOnWhiteSite
3733,16,24
timeStep,numberOfRobotsOnBlackSite,numberOfRobotsOnWhiteSite
3734,16,24
timeStep,numberOfRobotsOnBlackSite,numberOfRobotsOnWhiteSite
3735,16,24
timeStep,numberOfRobotsOnBlackSite,numberOfRobotsOnWhiteSite
3736,16,24
timeStep,numberOfRobotsOnBlackSite,numberOfRobotsOnWhiteSite
3737,16,24
timeStep,numberOfRobotsOnBlackSite,numberOfRobotsOnWhiteSite
3738,16,24
timeStep,numberOfRobotsOnBlackSite,numberOfRobotsOnWhiteSite
3739,16,24
timeStep,numberOfRobotsOnBlackSite,numberOfRobotsOnWhiteSite
3740,16,24
timeStep,numberOfRobotsOnBlackSite,numberOfRobotsOnWhiteSite
3741,16,24
timeStep,numberOfRobotsOnBlackSite,numberOfRobotsOnWhiteSite
3742,16,24
timeStep,numberOfRobotsOnBlackSite,numberOfRobotsOnWhiteSite
3743,16,24
timeStep,numberOfRobotsOnBlackSite,numberOfRobotsOnWhiteSite
3744,16,24
timeStep,numberOfRobotsOnBlackSite,numberOfRobotsOnWhiteSite
3745,16,24
timeStep,numberOfRobotsOnBlackSite,numberOfRobotsOnWhiteSite
3746,16,24
timeStep,numberOfRobotsOnBlackSite,numberOfRobotsOnWhiteSite
3747,16,24
timeStep,numberOfRobotsOnBlackSite,numberOfRobotsOnWhiteSite
3748,16,24
timeStep,numberOfRobotsOnBlackSite,numberOfRobotsOnWhiteSite
3749,16,24
timeStep,numberOfRobotsOnBlackSite,numberOfRobotsOnWhiteSite
3750,16,24
timeStep,numberOfRobotsOnBlackSite,numberOfRobotsOnWhiteSite
3751,16,24
timeStep,numberOfRobotsOnBlackSite,numberOfRobotsOnWhiteSite
3752,16,24
timeStep,numberOfRobotsOnBlackSite,numberOfRobotsOnWhiteSite
3753,16,24
timeStep,numberOfRobotsOnBlackSite,numberOfRobotsOnWhiteSite
3754,16,24
timeStep,numberOfRobotsOnBlackSite,numberOfRobotsOnWhiteSite
3755,16,24
timeStep,numberOfRobotsOnBlackSite,numberOfRobotsOnWhiteSite
3756,16,24
timeStep,numberOfRobotsOnBlackSite,numberOfRobotsOnWhiteSite
3757,16,24
timeStep,numberOfRobotsOnBlackSite,numberOfRobotsOnWhiteSite
3758,16,24
timeStep,numberOfRobotsOnBlackSite,numberOfRobotsOnWhiteSite
3759,16,24
timeStep,numberOfRobotsOnBlackSite,numberOfRobotsOnWhiteSite
3760,16,24
timeStep,numberOfRobotsOnBlackSite,numberOfRobotsOnWhiteSite
3761,16,24
timeStep,numberOfRobotsOnBlackSite,numberOfRobotsOnWhiteSite
3762,16,24
timeStep,numberOfRobotsOnBlackSite,numberOfRobotsOnWhiteSite
3763,16,24
timeStep,numberOfRobotsOnBlackSite,numberOfRobotsOnWhiteSite
3764,16,24
timeStep,numberOfRobotsOnBlackSite,numberOfRobotsOnWhiteSite
3765,16,24
timeStep,numberOfRobotsOnBlackSite,numberOfRobotsOnWhiteSite
3766,16,24
timeStep,numberOfRobotsOnBlackSite,numberOfRobotsOnWhiteSite
3767,16,24
timeStep,numberOfRobotsOnBlackSite,numberOfRobotsOnWhiteSite
3768,16,24
timeStep,numberOfRobotsOnBlackSite,numberOfRobotsOnWhiteSite
3769,16,24
timeStep,numberOfRobotsOnBlackSite,numberOfRobotsOnWhiteSite
3770,16,23
timeStep,numberOfRobotsOnBlackSite,numberOfRobotsOnWhiteSite
3771,16,23
timeStep,numberOfRobotsOnBlackSite,numberOfRobotsOnWhiteSite
3772,16,23
timeStep,numberOfRobotsOnBlackSite,numberOfRobotsOnWhiteSite
3773,16,23
timeStep,numberOfRobotsOnBlackSite,numberOfRobotsOnWhiteSite
3774,16,23
timeStep,numberOfRobotsOnBlackSite,numberOfRobotsOnWhiteSite
3775,15,23
timeStep,numberOfRobotsOnBlackSite,numberOfRobotsOnWhiteSite
3776,15,23
timeStep,numberOfRobotsOnBlackSite,numberOfRobotsOnWhiteSite
3777,15,23
timeStep,numberOfRobotsOnBlackSite,numberOfRobotsOnWhiteSite
3778,15,23
timeStep,numberOfRobotsOnBlackSite,numberOfRobotsOnWhiteSite
3779,15,23
timeStep,numberOfRobotsOnBlackSite,numberOfRobotsOnWhiteSite
3780,15,23
timeStep,numberOfRobotsOnBlackSite,numberOfRobotsOnWhiteSite
3781,15,23
timeStep,numberOfRobotsOnBlackSite,numberOfRobotsOnWhiteSite
3782,15,23
timeStep,numberOfRobotsOnBlackSite,numberOfRobotsOnWhiteSite
3783,15,23
timeStep,numberOfRobotsOnBlackSite,numberOfRobotsOnWhiteSite
3784,15,23
timeStep,numberOfRobotsOnBlackSite,numberOfRobotsOnWhiteSite
3785,15,23
timeStep,numberOfRobotsOnBlackSite,numberOfRobotsOnWhiteSite
3786,15,23
timeStep,numberOfRobotsOnBlackSite,numberOfRobotsOnWhiteSite
3787,15,23
timeStep,numberOfRobotsOnBlackSite,numberOfRobotsOnWhiteSite
3788,15,23
timeStep,numberOfRobotsOnBlackSite,numberOfRobotsOnWhiteSite
3789,15,23
timeStep,numberOfRobotsOnBlackSite,numberOfRobotsOnWhiteSite
3790,15,23
timeStep,numberOfRobotsOnBlackSite,numberOfRobotsOnWhiteSite
3791,15,23
timeStep,numberOfRobotsOnBlackSite,numberOfRobotsOnWhiteSite
3792,15,23
timeStep,numberOfRobotsOnBlackSite,numberOfRobotsOnWhiteSite
3793,15,23
timeStep,numberOfRobotsOnBlackSite,numberOfRobotsOnWhiteSite
3794,15,23
timeStep,numberOfRobotsOnBlackSite,numberOfRobotsOnWhiteSite
3795,15,23
timeStep,numberOfRobotsOnBlackSite,numberOfRobotsOnWhiteSite
3796,15,23
timeStep,numberOfRobotsOnBlackSite,numberOfRobotsOnWhiteSite
3797,15,23
timeStep,numberOfRobotsOnBlackSite,numberOfRobotsOnWhiteSite
3798,15,23
timeStep,numberOfRobotsOnBlackSite,numberOfRobotsOnWhiteSite
3799,15,23
timeStep,numberOfRobotsOnBlackSite,numberOfRobotsOnWhiteSite
3800,15,23
timeStep,numberOfRobotsOnBlackSite,numberOfRobotsOnWhiteSite
3801,15,23
timeStep,numberOfRobotsOnBlackSite,numberOfRobotsOnWhiteSite
3802,15,23
timeStep,numberOfRobotsOnBlackSite,numberOfRobotsOnWhiteSite
3803,15,23
timeStep,numberOfRobotsOnBlackSite,numberOfRobotsOnWhiteSite
3804,15,23
timeStep,numberOfRobotsOnBlackSite,numberOfRobotsOnWhiteSite
3805,15,23
timeStep,numberOfRobotsOnBlackSite,numberOfRobotsOnWhiteSite
3806,15,23
timeStep,numberOfRobotsOnBlackSite,numberOfRobotsOnWhiteSite
3807,15,23
timeStep,numberOfRobotsOnBlackSite,numberOfRobotsOnWhiteSite
3808,15,23
timeStep,numberOfRobotsOnBlackSite,numberOfRobotsOnWhiteSite
3809,15,23
timeStep,numberOfRobotsOnBlackSite,numberOfRobotsOnWhiteSite
3810,15,24
timeStep,numberOfRobotsOnBlackSite,numberOfRobotsOnWhiteSite
3811,15,24
timeStep,numberOfRobotsOnBlackSite,numberOfRobotsOnWhiteSite
3812,15,24
timeStep,numberOfRobotsOnBlackSite,numberOfRobotsOnWhiteSite
3813,15,24
timeStep,numberOfRobotsOnBlackSite,numberOfRobotsOnWhiteSite
3814,15,24
timeStep,numberOfRobotsOnBlackSite,numberOfRobotsOnWhiteSite
3815,15,24
timeStep,numberOfRobotsOnBlackSite,numberOfRobotsOnWhiteSite
3816,15,24
timeStep,numberOfRobotsOnBlackSite,numberOfRobotsOnWhiteSite
3817,15,24
timeStep,numberOfRobotsOnBlackSite,numberOfRobotsOnWhiteSite
3818,15,24
timeStep,numberOfRobotsOnBlackSite,numberOfRobotsOnWhiteSite
3819,15,24
timeStep,numberOfRobotsOnBlackSite,numberOfRobotsOnWhiteSite
3820,15,24
timeStep,numberOfRobotsOnBlackSite,numberOfRobotsOnWhiteSite
3821,15,24
timeStep,numberOfRobotsOnBlackSite,numberOfRobotsOnWhiteSite
3822,15,24
timeStep,numberOfRobotsOnBlackSite,numberOfRobotsOnWhiteSite
3823,15,24
timeStep,numberOfRobotsOnBlackSite,numberOfRobotsOnWhiteSite
3824,15,24
timeStep,numberOfRobotsOnBlackSite,numberOfRobotsOnWhiteSite
3825,15,25
timeStep,numberOfRobotsOnBlackSite,numberOfRobotsOnWhiteSite
3826,15,25
timeStep,numberOfRobotsOnBlackSite,numberOfRobotsOnWhiteSite
3827,15,25
timeStep,numberOfRobotsOnBlackSite,numberOfRobotsOnWhiteSite
3828,15,25
timeStep,numberOfRobotsOnBlackSite,numberOfRobotsOnWhiteSite
3829,15,25
timeStep,numberOfRobotsOnBlackSite,numberOfRobotsOnWhiteSite
3830,15,25
timeStep,numberOfRobotsOnBlackSite,numberOfRobotsOnWhiteSite
3831,15,25
timeStep,numberOfRobotsOnBlackSite,numberOfRobotsOnWhiteSite
3832,15,25
timeStep,numberOfRobotsOnBlackSite,numberOfRobotsOnWhiteSite
3833,15,25
timeStep,numberOfRobotsOnBlackSite,numberOfRobotsOnWhiteSite
3834,15,25
timeStep,numberOfRobotsOnBlackSite,numberOfRobotsOnWhiteSite
3835,16,25
timeStep,numberOfRobotsOnBlackSite,numberOfRobotsOnWhiteSite
3836,16,25
timeStep,numberOfRobotsOnBlackSite,numberOfRobotsOnWhiteSite
3837,16,25
timeStep,numberOfRobotsOnBlackSite,numberOfRobotsOnWhiteSite
3838,16,25
timeStep,numberOfRobotsOnBlackSite,numberOfRobotsOnWhiteSite
3839,16,25
timeStep,numberOfRobotsOnBlackSite,numberOfRobotsOnWhiteSite
3840,16,25
timeStep,numberOfRobotsOnBlackSite,numberOfRobotsOnWhiteSite
3841,16,25
timeStep,numberOfRobotsOnBlackSite,numberOfRobotsOnWhiteSite
3842,16,25
timeStep,numberOfRobotsOnBlackSite,numberOfRobotsOnWhiteSite
3843,16,25
timeStep,numberOfRobotsOnBlackSite,numberOfRobotsOnWhiteSite
3844,16,25
timeStep,numberOfRobotsOnBlackSite,numberOfRobotsOnWhiteSite
3845,16,25
timeStep,numberOfRobotsOnBlackSite,numberOfRobotsOnWhiteSite
3846,16,25
timeStep,numberOfRobotsOnBlackSite,numberOfRobotsOnWhiteSite
3847,16,25
timeStep,numberOfRobotsOnBlackSite,numberOfRobotsOnWhiteSite
3848,16,25
timeStep,numberOfRobotsOnBlackSite,numberOfRobotsOnWhiteSite
3849,16,25
timeStep,numberOfRobotsOnBlackSite,numberOfRobotsOnWhiteSite
3850,16,25
timeStep,numberOfRobotsOnBlackSite,numberOfRobotsOnWhiteSite
3851,16,25
timeStep,numberOfRobotsOnBlackSite,numberOfRobotsOnWhiteSite
3852,16,25
timeStep,numberOfRobotsOnBlackSite,numberOfRobotsOnWhiteSite
3853,16,25
timeStep,numberOfRobotsOnBlackSite,numberOfRobotsOnWhiteSite
3854,16,25
timeStep,numberOfRobotsOnBlackSite,numberOfRobotsOnWhiteSite
3855,16,25
timeStep,numberOfRobotsOnBlackSite,numberOfRobotsOnWhiteSite
3856,16,25
timeStep,numberOfRobotsOnBlackSite,numberOfRobotsOnWhiteSite
3857,16,25
timeStep,numberOfRobotsOnBlackSite,numberOfRobotsOnWhiteSite
3858,16,25
timeStep,numberOfRobotsOnBlackSite,numberOfRobotsOnWhiteSite
3859,16,25
timeStep,numberOfRobotsOnBlackSite,numberOfRobotsOnWhiteSite
3860,16,25
timeStep,numberOfRobotsOnBlackSite,numberOfRobotsOnWhiteSite
3861,16,25
timeStep,numberOfRobotsOnBlackSite,numberOfRobotsOnWhiteSite
3862,16,25
timeStep,numberOfRobotsOnBlackSite,numberOfRobotsOnWhiteSite
3863,16,25
timeStep,numberOfRobotsOnBlackSite,numberOfRobotsOnWhiteSite
3864,16,25
timeStep,numberOfRobotsOnBlackSite,numberOfRobotsOnWhiteSite
3865,16,25
timeStep,numberOfRobotsOnBlackSite,numberOfRobotsOnWhiteSite
3866,16,25
timeStep,numberOfRobotsOnBlackSite,numberOfRobotsOnWhiteSite
3867,16,25
timeStep,numberOfRobotsOnBlackSite,numberOfRobotsOnWhiteSite
3868,16,25
timeStep,numberOfRobotsOnBlackSite,numberOfRobotsOnWhiteSite
3869,16,25
timeStep,numberOfRobotsOnBlackSite,numberOfRobotsOnWhiteSite
3870,16,25
timeStep,numberOfRobotsOnBlackSite,numberOfRobotsOnWhiteSite
3871,16,25
timeStep,numberOfRobotsOnBlackSite,numberOfRobotsOnWhiteSite
3872,16,25
timeStep,numberOfRobotsOnBlackSite,numberOfRobotsOnWhiteSite
3873,16,25
timeStep,numberOfRobotsOnBlackSite,numberOfRobotsOnWhiteSite
3874,16,25
timeStep,numberOfRobotsOnBlackSite,numberOfRobotsOnWhiteSite
3875,16,25
timeStep,numberOfRobotsOnBlackSite,numberOfRobotsOnWhiteSite
3876,16,25
timeStep,numberOfRobotsOnBlackSite,numberOfRobotsOnWhiteSite
3877,16,25
timeStep,numberOfRobotsOnBlackSite,numberOfRobotsOnWhiteSite
3878,16,25
timeStep,numberOfRobotsOnBlackSite,numberOfRobotsOnWhiteSite
3879,16,25
timeStep,numberOfRobotsOnBlackSite,numberOfRobotsOnWhiteSite
3880,16,25
timeStep,numberOfRobotsOnBlackSite,numberOfRobotsOnWhiteSite
3881,16,25
timeStep,numberOfRobotsOnBlackSite,numberOfRobotsOnWhiteSite
3882,16,25
timeStep,numberOfRobotsOnBlackSite,numberOfRobotsOnWhiteSite
3883,16,25
timeStep,numberOfRobotsOnBlackSite,numberOfRobotsOnWhiteSite
3884,16,25
timeStep,numberOfRobotsOnBlackSite,numberOfRobotsOnWhiteSite
3885,16,25
timeStep,numberOfRobotsOnBlackSite,numberOfRobotsOnWhiteSite
3886,16,25
timeStep,numberOfRobotsOnBlackSite,numberOfRobotsOnWhiteSite
3887,16,25
timeStep,numberOfRobotsOnBlackSite,numberOfRobotsOnWhiteSite
3888,16,25
timeStep,numberOfRobotsOnBlackSite,numberOfRobotsOnWhiteSite
3889,16,25
timeStep,numberOfRobotsOnBlackSite,numberOfRobotsOnWhiteSite
3890,16,25
timeStep,numberOfRobotsOnBlackSite,numberOfRobotsOnWhiteSite
3891,16,25
timeStep,numberOfRobotsOnBlackSite,numberOfRobotsOnWhiteSite
3892,16,25
timeStep,numberOfRobotsOnBlackSite,numberOfRobotsOnWhiteSite
3893,16,25
timeStep,numberOfRobotsOnBlackSite,numberOfRobotsOnWhiteSite
3894,16,25
timeStep,numberOfRobotsOnBlackSite,numberOfRobotsOnWhiteSite
3895,16,27
timeStep,numberOfRobotsOnBlackSite,numberOfRobotsOnWhiteSite
3896,16,27
timeStep,numberOfRobotsOnBlackSite,numberOfRobotsOnWhiteSite
3897,16,27
timeStep,numberOfRobotsOnBlackSite,numberOfRobotsOnWhiteSite
3898,16,27
timeStep,numberOfRobotsOnBlackSite,numberOfRobotsOnWhiteSite
3899,16,27
timeStep,numberOfRobotsOnBlackSite,numberOfRobotsOnWhiteSite
3900,16,27
timeStep,numberOfRobotsOnBlackSite,numberOfRobotsOnWhiteSite
3901,16,27
timeStep,numberOfRobotsOnBlackSite,numberOfRobotsOnWhiteSite
3902,16,27
timeStep,numberOfRobotsOnBlackSite,numberOfRobotsOnWhiteSite
3903,16,27
timeStep,numberOfRobotsOnBlackSite,numberOfRobotsOnWhiteSite
3904,16,27
timeStep,numberOfRobotsOnBlackSite,numberOfRobotsOnWhiteSite
3905,16,27
timeStep,numberOfRobotsOnBlackSite,numberOfRobotsOnWhiteSite
3906,16,27
timeStep,numberOfRobotsOnBlackSite,numberOfRobotsOnWhiteSite
3907,16,27
timeStep,numberOfRobotsOnBlackSite,numberOfRobotsOnWhiteSite
3908,16,27
timeStep,numberOfRobotsOnBlackSite,numberOfRobotsOnWhiteSite
3909,16,27
timeStep,numberOfRobotsOnBlackSite,numberOfRobotsOnWhiteSite
3910,16,27
timeStep,numberOfRobotsOnBlackSite,numberOfRobotsOnWhiteSite
3911,16,27
timeStep,numberOfRobotsOnBlackSite,numberOfRobotsOnWhiteSite
3912,16,27
timeStep,numberOfRobotsOnBlackSite,numberOfRobotsOnWhiteSite
3913,16,27
timeStep,numberOfRobotsOnBlackSite,numberOfRobotsOnWhiteSite
3914,16,27
timeStep,numberOfRobotsOnBlackSite,numberOfRobotsOnWhiteSite
3915,16,27
timeStep,numberOfRobotsOnBlackSite,numberOfRobotsOnWhiteSite
3916,16,27
timeStep,numberOfRobotsOnBlackSite,numberOfRobotsOnWhiteSite
3917,16,27
timeStep,numberOfRobotsOnBlackSite,numberOfRobotsOnWhiteSite
3918,16,27
timeStep,numberOfRobotsOnBlackSite,numberOfRobotsOnWhiteSite
3919,16,27
timeStep,numberOfRobotsOnBlackSite,numberOfRobotsOnWhiteSite
3920,16,26
timeStep,numberOfRobotsOnBlackSite,numberOfRobotsOnWhiteSite
3921,16,26
timeStep,numberOfRobotsOnBlackSite,numberOfRobotsOnWhiteSite
3922,16,26
timeStep,numberOfRobotsOnBlackSite,numberOfRobotsOnWhiteSite
3923,16,26
timeStep,numberOfRobotsOnBlackSite,numberOfRobotsOnWhiteSite
3924,16,26
timeStep,numberOfRobotsOnBlackSite,numberOfRobotsOnWhiteSite
3925,16,26
timeStep,numberOfRobotsOnBlackSite,numberOfRobotsOnWhiteSite
3926,16,26
timeStep,numberOfRobotsOnBlackSite,numberOfRobotsOnWhiteSite
3927,16,26
timeStep,numberOfRobotsOnBlackSite,numberOfRobotsOnWhiteSite
3928,16,26
timeStep,numberOfRobotsOnBlackSite,numberOfRobotsOnWhiteSite
3929,16,26
timeStep,numberOfRobotsOnBlackSite,numberOfRobotsOnWhiteSite
3930,16,26
timeStep,numberOfRobotsOnBlackSite,numberOfRobotsOnWhiteSite
3931,16,26
timeStep,numberOfRobotsOnBlackSite,numberOfRobotsOnWhiteSite
3932,16,26
timeStep,numberOfRobotsOnBlackSite,numberOfRobotsOnWhiteSite
3933,16,26
timeStep,numberOfRobotsOnBlackSite,numberOfRobotsOnWhiteSite
3934,16,26
timeStep,numberOfRobotsOnBlackSite,numberOfRobotsOnWhiteSite
3935,16,26
timeStep,numberOfRobotsOnBlackSite,numberOfRobotsOnWhiteSite
3936,16,26
timeStep,numberOfRobotsOnBlackSite,numberOfRobotsOnWhiteSite
3937,16,26
timeStep,numberOfRobotsOnBlackSite,numberOfRobotsOnWhiteSite
3938,16,26
timeStep,numberOfRobotsOnBlackSite,numberOfRobotsOnWhiteSite
3939,16,26
timeStep,numberOfRobotsOnBlackSite,numberOfRobotsOnWhiteSite
3940,16,26
timeStep,numberOfRobotsOnBlackSite,numberOfRobotsOnWhiteSite
3941,16,26
timeStep,numberOfRobotsOnBlackSite,numberOfRobotsOnWhiteSite
3942,16,26
timeStep,numberOfRobotsOnBlackSite,numberOfRobotsOnWhiteSite
3943,16,26
timeStep,numberOfRobotsOnBlackSite,numberOfRobotsOnWhiteSite
3944,16,26
timeStep,numberOfRobotsOnBlackSite,numberOfRobotsOnWhiteSite
3945,16,26
timeStep,numberOfRobotsOnBlackSite,numberOfRobotsOnWhiteSite
3946,16,26
timeStep,numberOfRobotsOnBlackSite,numberOfRobotsOnWhiteSite
3947,16,26
timeStep,numberOfRobotsOnBlackSite,numberOfRobotsOnWhiteSite
3948,16,26
timeStep,numberOfRobotsOnBlackSite,numberOfRobotsOnWhiteSite
3949,16,26
timeStep,numberOfRobotsOnBlackSite,numberOfRobotsOnWhiteSite
3950,16,26
timeStep,numberOfRobotsOnBlackSite,numberOfRobotsOnWhiteSite
3951,16,26
timeStep,numberOfRobotsOnBlackSite,numberOfRobotsOnWhiteSite
3952,16,26
timeStep,numberOfRobotsOnBlackSite,numberOfRobotsOnWhiteSite
3953,16,26
timeStep,numberOfRobotsOnBlackSite,numberOfRobotsOnWhiteSite
3954,16,26
timeStep,numberOfRobotsOnBlackSite,numberOfRobotsOnWhiteSite
3955,16,27
timeStep,numberOfRobotsOnBlackSite,numberOfRobotsOnWhiteSite
3956,16,27
timeStep,numberOfRobotsOnBlackSite,numberOfRobotsOnWhiteSite
3957,16,27
timeStep,numberOfRobotsOnBlackSite,numberOfRobotsOnWhiteSite
3958,16,27
timeStep,numberOfRobotsOnBlackSite,numberOfRobotsOnWhiteSite
3959,16,27
timeStep,numberOfRobotsOnBlackSite,numberOfRobotsOnWhiteSite
3960,16,27
timeStep,numberOfRobotsOnBlackSite,numberOfRobotsOnWhiteSite
3961,16,27
timeStep,numberOfRobotsOnBlackSite,numberOfRobotsOnWhiteSite
3962,16,27
timeStep,numberOfRobotsOnBlackSite,numberOfRobotsOnWhiteSite
3963,16,27
timeStep,numberOfRobotsOnBlackSite,numberOfRobotsOnWhiteSite
3964,16,27
timeStep,numberOfRobotsOnBlackSite,numberOfRobotsOnWhiteSite
3965,16,27
timeStep,numberOfRobotsOnBlackSite,numberOfRobotsOnWhiteSite
3966,16,27
timeStep,numberOfRobotsOnBlackSite,numberOfRobotsOnWhiteSite
3967,16,27
timeStep,numberOfRobotsOnBlackSite,numberOfRobotsOnWhiteSite
3968,16,27
timeStep,numberOfRobotsOnBlackSite,numberOfRobotsOnWhiteSite
3969,16,27
timeStep,numberOfRobotsOnBlackSite,numberOfRobotsOnWhiteSite
3970,17,27
timeStep,numberOfRobotsOnBlackSite,numberOfRobotsOnWhiteSite
3971,17,27
timeStep,numberOfRobotsOnBlackSite,numberOfRobotsOnWhiteSite
3972,17,27
timeStep,numberOfRobotsOnBlackSite,numberOfRobotsOnWhiteSite
3973,17,27
timeStep,numberOfRobotsOnBlackSite,numberOfRobotsOnWhiteSite
3974,17,27
timeStep,numberOfRobotsOnBlackSite,numberOfRobotsOnWhiteSite
3975,17,27
timeStep,numberOfRobotsOnBlackSite,numberOfRobotsOnWhiteSite
3976,17,27
timeStep,numberOfRobotsOnBlackSite,numberOfRobotsOnWhiteSite
3977,17,27
timeStep,numberOfRobotsOnBlackSite,numberOfRobotsOnWhiteSite
3978,17,27
timeStep,numberOfRobotsOnBlackSite,numberOfRobotsOnWhiteSite
3979,17,27
timeStep,numberOfRobotsOnBlackSite,numberOfRobotsOnWhiteSite
3980,17,27
timeStep,numberOfRobotsOnBlackSite,numberOfRobotsOnWhiteSite
3981,17,27
timeStep,numberOfRobotsOnBlackSite,numberOfRobotsOnWhiteSite
3982,17,27
timeStep,numberOfRobotsOnBlackSite,numberOfRobotsOnWhiteSite
3983,17,27
timeStep,numberOfRobotsOnBlackSite,numberOfRobotsOnWhiteSite
3984,17,27
timeStep,numberOfRobotsOnBlackSite,numberOfRobotsOnWhiteSite
3985,17,26
timeStep,numberOfRobotsOnBlackSite,numberOfRobotsOnWhiteSite
3986,17,26
timeStep,numberOfRobotsOnBlackSite,numberOfRobotsOnWhiteSite
3987,17,26
timeStep,numberOfRobotsOnBlackSite,numberOfRobotsOnWhiteSite
3988,17,26
timeStep,numberOfRobotsOnBlackSite,numberOfRobotsOnWhiteSite
3989,17,26
timeStep,numberOfRobotsOnBlackSite,numberOfRobotsOnWhiteSite
3990,17,26
timeStep,numberOfRobotsOnBlackSite,numberOfRobotsOnWhiteSite
3991,17,26
timeStep,numberOfRobotsOnBlackSite,numberOfRobotsOnWhiteSite
3992,17,26
timeStep,numberOfRobotsOnBlackSite,numberOfRobotsOnWhiteSite
3993,17,26
timeStep,numberOfRobotsOnBlackSite,numberOfRobotsOnWhiteSite
3994,17,26
timeStep,numberOfRobotsOnBlackSite,numberOfRobotsOnWhiteSite
3995,17,26
timeStep,numberOfRobotsOnBlackSite,numberOfRobotsOnWhiteSite
3996,17,26
timeStep,numberOfRobotsOnBlackSite,numberOfRobotsOnWhiteSite
3997,17,26
timeStep,numberOfRobotsOnBlackSite,numberOfRobotsOnWhiteSite
3998,17,26
timeStep,numberOfRobotsOnBlackSite,numberOfRobotsOnWhiteSite
3999,17,26
timeStep,numberOfRobotsOnBlackSite,numberOfRobotsOnWhiteSite
4000,17,26
timeStep,numberOfRobotsOnBlackSite,numberOfRobotsOnWhiteSite
4001,17,26
timeStep,numberOfRobotsOnBlackSite,numberOfRobotsOnWhiteSite
4002,17,26
timeStep,numberOfRobotsOnBlackSite,numberOfRobotsOnWhiteSite
4003,17,26
timeStep,numberOfRobotsOnBlackSite,numberOfRobotsOnWhiteSite
4004,17,26
timeStep,numberOfRobotsOnBlackSite,numberOfRobotsOnWhiteSite
4005,17,26
timeStep,numberOfRobotsOnBlackSite,numberOfRobotsOnWhiteSite
4006,17,26
timeStep,numberOfRobotsOnBlackSite,numberOfRobotsOnWhiteSite
4007,17,26
timeStep,numberOfRobotsOnBlackSite,numberOfRobotsOnWhiteSite
4008,17,26
timeStep,numberOfRobotsOnBlackSite,numberOfRobotsOnWhiteSite
4009,17,26
timeStep,numberOfRobotsOnBlackSite,numberOfRobotsOnWhiteSite
4010,17,26
timeStep,numberOfRobotsOnBlackSite,numberOfRobotsOnWhiteSite
4011,17,26
timeStep,numberOfRobotsOnBlackSite,numberOfRobotsOnWhiteSite
4012,17,26
timeStep,numberOfRobotsOnBlackSite,numberOfRobotsOnWhiteSite
4013,17,26
timeStep,numberOfRobotsOnBlackSite,numberOfRobotsOnWhiteSite
4014,17,26
timeStep,numberOfRobotsOnBlackSite,numberOfRobotsOnWhiteSite
4015,17,26
timeStep,numberOfRobotsOnBlackSite,numberOfRobotsOnWhiteSite
4016,17,26
timeStep,numberOfRobotsOnBlackSite,numberOfRobotsOnWhiteSite
4017,17,26
timeStep,numberOfRobotsOnBlackSite,numberOfRobotsOnWhiteSite
4018,17,26
timeStep,numberOfRobotsOnBlackSite,numberOfRobotsOnWhiteSite
4019,17,26
timeStep,numberOfRobotsOnBlackSite,numberOfRobotsOnWhiteSite
4020,17,26
timeStep,numberOfRobotsOnBlackSite,numberOfRobotsOnWhiteSite
4021,17,26
timeStep,numberOfRobotsOnBlackSite,numberOfRobotsOnWhiteSite
4022,17,26
timeStep,numberOfRobotsOnBlackSite,numberOfRobotsOnWhiteSite
4023,17,26
timeStep,numberOfRobotsOnBlackSite,numberOfRobotsOnWhiteSite
4024,17,26
timeStep,numberOfRobotsOnBlackSite,numberOfRobotsOnWhiteSite
4025,17,26
timeStep,numberOfRobotsOnBlackSite,numberOfRobotsOnWhiteSite
4026,17,26
timeStep,numberOfRobotsOnBlackSite,numberOfRobotsOnWhiteSite
4027,17,26
timeStep,numberOfRobotsOnBlackSite,numberOfRobotsOnWhiteSite
4028,17,26
timeStep,numberOfRobotsOnBlackSite,numberOfRobotsOnWhiteSite
4029,17,26
timeStep,numberOfRobotsOnBlackSite,numberOfRobotsOnWhiteSite
4030,17,26
timeStep,numberOfRobotsOnBlackSite,numberOfRobotsOnWhiteSite
4031,17,26
timeStep,numberOfRobotsOnBlackSite,numberOfRobotsOnWhiteSite
4032,17,26
timeStep,numberOfRobotsOnBlackSite,numberOfRobotsOnWhiteSite
4033,17,26
timeStep,numberOfRobotsOnBlackSite,numberOfRobotsOnWhiteSite
4034,17,26
timeStep,numberOfRobotsOnBlackSite,numberOfRobotsOnWhiteSite
4035,17,26
timeStep,numberOfRobotsOnBlackSite,numberOfRobotsOnWhiteSite
4036,17,26
timeStep,numberOfRobotsOnBlackSite,numberOfRobotsOnWhiteSite
4037,17,26
timeStep,numberOfRobotsOnBlackSite,numberOfRobotsOnWhiteSite
4038,17,26
timeStep,numberOfRobotsOnBlackSite,numberOfRobotsOnWhiteSite
4039,17,26
timeStep,numberOfRobotsOnBlackSite,numberOfRobotsOnWhiteSite
4040,17,27
timeStep,numberOfRobotsOnBlackSite,numberOfRobotsOnWhiteSite
4041,17,27
timeStep,numberOfRobotsOnBlackSite,numberOfRobotsOnWhiteSite
4042,17,27
timeStep,numberOfRobotsOnBlackSite,numberOfRobotsOnWhiteSite
4043,17,27
timeStep,numberOfRobotsOnBlackSite,numberOfRobotsOnWhiteSite
4044,17,27
timeStep,numberOfRobotsOnBlackSite,numberOfRobotsOnWhiteSite
4045,17,27
timeStep,numberOfRobotsOnBlackSite,numberOfRobotsOnWhiteSite
4046,17,27
timeStep,numberOfRobotsOnBlackSite,numberOfRobotsOnWhiteSite
4047,17,27
timeStep,numberOfRobotsOnBlackSite,numberOfRobotsOnWhiteSite
4048,17,27
timeStep,numberOfRobotsOnBlackSite,numberOfRobotsOnWhiteSite
4049,17,27
timeStep,numberOfRobotsOnBlackSite,numberOfRobotsOnWhiteSite
4050,17,27
timeStep,numberOfRobotsOnBlackSite,numberOfRobotsOnWhiteSite
4051,17,27
timeStep,numberOfRobotsOnBlackSite,numberOfRobotsOnWhiteSite
4052,17,27
timeStep,numberOfRobotsOnBlackSite,numberOfRobotsOnWhiteSite
4053,17,27
timeStep,numberOfRobotsOnBlackSite,numberOfRobotsOnWhiteSite
4054,17,27
timeStep,numberOfRobotsOnBlackSite,numberOfRobotsOnWhiteSite
4055,17,27
timeStep,numberOfRobotsOnBlackSite,numberOfRobotsOnWhiteSite
4056,17,27
timeStep,numberOfRobotsOnBlackSite,numberOfRobotsOnWhiteSite
4057,17,27
timeStep,numberOfRobotsOnBlackSite,numberOfRobotsOnWhiteSite
4058,17,27
timeStep,numberOfRobotsOnBlackSite,numberOfRobotsOnWhiteSite
4059,17,27
timeStep,numberOfRobotsOnBlackSite,numberOfRobotsOnWhiteSite
4060,17,27
timeStep,numberOfRobotsOnBlackSite,numberOfRobotsOnWhiteSite
4061,17,27
timeStep,numberOfRobotsOnBlackSite,numberOfRobotsOnWhiteSite
4062,17,27
timeStep,numberOfRobotsOnBlackSite,numberOfRobotsOnWhiteSite
4063,17,27
timeStep,numberOfRobotsOnBlackSite,numberOfRobotsOnWhiteSite
4064,17,27
timeStep,numberOfRobotsOnBlackSite,numberOfRobotsOnWhiteSite
4065,17,27
timeStep,numberOfRobotsOnBlackSite,numberOfRobotsOnWhiteSite
4066,17,27
timeStep,numberOfRobotsOnBlackSite,numberOfRobotsOnWhiteSite
4067,17,27
timeStep,numberOfRobotsOnBlackSite,numberOfRobotsOnWhiteSite
4068,17,27
timeStep,numberOfRobotsOnBlackSite,numberOfRobotsOnWhiteSite
4069,17,27
timeStep,numberOfRobotsOnBlackSite,numberOfRobotsOnWhiteSite
4070,17,27
timeStep,numberOfRobotsOnBlackSite,numberOfRobotsOnWhiteSite
4071,17,27
timeStep,numberOfRobotsOnBlackSite,numberOfRobotsOnWhiteSite
4072,17,27
timeStep,numberOfRobotsOnBlackSite,numberOfRobotsOnWhiteSite
4073,17,27
timeStep,numberOfRobotsOnBlackSite,numberOfRobotsOnWhiteSite
4074,17,27
timeStep,numberOfRobotsOnBlackSite,numberOfRobotsOnWhiteSite
4075,17,27
timeStep,numberOfRobotsOnBlackSite,numberOfRobotsOnWhiteSite
4076,17,27
timeStep,numberOfRobotsOnBlackSite,numberOfRobotsOnWhiteSite
4077,17,27
timeStep,numberOfRobotsOnBlackSite,numberOfRobotsOnWhiteSite
4078,17,27
timeStep,numberOfRobotsOnBlackSite,numberOfRobotsOnWhiteSite
4079,17,27
timeStep,numberOfRobotsOnBlackSite,numberOfRobotsOnWhiteSite
4080,17,27
timeStep,numberOfRobotsOnBlackSite,numberOfRobotsOnWhiteSite
4081,17,27
timeStep,numberOfRobotsOnBlackSite,numberOfRobotsOnWhiteSite
4082,17,27
timeStep,numberOfRobotsOnBlackSite,numberOfRobotsOnWhiteSite
4083,17,27
timeStep,numberOfRobotsOnBlackSite,numberOfRobotsOnWhiteSite
4084,17,27
timeStep,numberOfRobotsOnBlackSite,numberOfRobotsOnWhiteSite
4085,17,27
timeStep,numberOfRobotsOnBlackSite,numberOfRobotsOnWhiteSite
4086,17,27
timeStep,numberOfRobotsOnBlackSite,numberOfRobotsOnWhiteSite
4087,17,27
timeStep,numberOfRobotsOnBlackSite,numberOfRobotsOnWhiteSite
4088,17,27
timeStep,numberOfRobotsOnBlackSite,numberOfRobotsOnWhiteSite
4089,17,27
timeStep,numberOfRobotsOnBlackSite,numberOfRobotsOnWhiteSite
4090,17,27
timeStep,numberOfRobotsOnBlackSite,numberOfRobotsOnWhiteSite
4091,17,27
timeStep,numberOfRobotsOnBlackSite,numberOfRobotsOnWhiteSite
4092,17,27
timeStep,numberOfRobotsOnBlackSite,numberOfRobotsOnWhiteSite
4093,17,27
timeStep,numberOfRobotsOnBlackSite,numberOfRobotsOnWhiteSite
4094,17,27
timeStep,numberOfRobotsOnBlackSite,numberOfRobotsOnWhiteSite
4095,17,27
timeStep,numberOfRobotsOnBlackSite,numberOfRobotsOnWhiteSite
4096,17,27
timeStep,numberOfRobotsOnBlackSite,numberOfRobotsOnWhiteSite
4097,17,27
timeStep,numberOfRobotsOnBlackSite,numberOfRobotsOnWhiteSite
4098,17,27
timeStep,numberOfRobotsOnBlackSite,numberOfRobotsOnWhiteSite
4099,17,27
timeStep,numberOfRobotsOnBlackSite,numberOfRobotsOnWhiteSite
4100,17,27
timeStep,numberOfRobotsOnBlackSite,numberOfRobotsOnWhiteSite
4101,17,27
timeStep,numberOfRobotsOnBlackSite,numberOfRobotsOnWhiteSite
4102,17,27
timeStep,numberOfRobotsOnBlackSite,numberOfRobotsOnWhiteSite
4103,17,27
timeStep,numberOfRobotsOnBlackSite,numberOfRobotsOnWhiteSite
4104,17,27
timeStep,numberOfRobotsOnBlackSite,numberOfRobotsOnWhiteSite
4105,17,27
timeStep,numberOfRobotsOnBlackSite,numberOfRobotsOnWhiteSite
4106,17,27
timeStep,numberOfRobotsOnBlackSite,numberOfRobotsOnWhiteSite
4107,17,27
timeStep,numberOfRobotsOnBlackSite,numberOfRobotsOnWhiteSite
4108,17,27
timeStep,numberOfRobotsOnBlackSite,numberOfRobotsOnWhiteSite
4109,17,27
timeStep,numberOfRobotsOnBlackSite,numberOfRobotsOnWhiteSite
4110,17,27
timeStep,numberOfRobotsOnBlackSite,numberOfRobotsOnWhiteSite
4111,17,27
timeStep,numberOfRobotsOnBlackSite,numberOfRobotsOnWhiteSite
4112,17,27
timeStep,numberOfRobotsOnBlackSite,numberOfRobotsOnWhiteSite
4113,17,27
timeStep,numberOfRobotsOnBlackSite,numberOfRobotsOnWhiteSite
4114,17,27
timeStep,numberOfRobotsOnBlackSite,numberOfRobotsOnWhiteSite
4115,17,27
timeStep,numberOfRobotsOnBlackSite,numberOfRobotsOnWhiteSite
4116,17,27
timeStep,numberOfRobotsOnBlackSite,numberOfRobotsOnWhiteSite
4117,17,27
timeStep,numberOfRobotsOnBlackSite,numberOfRobotsOnWhiteSite
4118,17,27
timeStep,numberOfRobotsOnBlackSite,numberOfRobotsOnWhiteSite
4119,17,27
timeStep,numberOfRobotsOnBlackSite,numberOfRobotsOnWhiteSite
4120,17,27
timeStep,numberOfRobotsOnBlackSite,numberOfRobotsOnWhiteSite
4121,17,27
timeStep,numberOfRobotsOnBlackSite,numberOfRobotsOnWhiteSite
4122,17,27
timeStep,numberOfRobotsOnBlackSite,numberOfRobotsOnWhiteSite
4123,17,27
timeStep,numberOfRobotsOnBlackSite,numberOfRobotsOnWhiteSite
4124,17,27
timeStep,numberOfRobotsOnBlackSite,numberOfRobotsOnWhiteSite
4125,17,27
timeStep,numberOfRobotsOnBlackSite,numberOfRobotsOnWhiteSite
4126,17,27
timeStep,numberOfRobotsOnBlackSite,numberOfRobotsOnWhiteSite
4127,17,27
timeStep,numberOfRobotsOnBlackSite,numberOfRobotsOnWhiteSite
4128,17,27
timeStep,numberOfRobotsOnBlackSite,numberOfRobotsOnWhiteSite
4129,17,27
timeStep,numberOfRobotsOnBlackSite,numberOfRobotsOnWhiteSite
4130,17,27
timeStep,numberOfRobotsOnBlackSite,numberOfRobotsOnWhiteSite
4131,17,27
timeStep,numberOfRobotsOnBlackSite,numberOfRobotsOnWhiteSite
4132,17,27
timeStep,numberOfRobotsOnBlackSite,numberOfRobotsOnWhiteSite
4133,17,27
timeStep,numberOfRobotsOnBlackSite,numberOfRobotsOnWhiteSite
4134,17,27
timeStep,numberOfRobotsOnBlackSite,numberOfRobotsOnWhiteSite
4135,17,27
timeStep,numberOfRobotsOnBlackSite,numberOfRobotsOnWhiteSite
4136,17,27
timeStep,numberOfRobotsOnBlackSite,numberOfRobotsOnWhiteSite
4137,17,27
timeStep,numberOfRobotsOnBlackSite,numberOfRobotsOnWhiteSite
4138,17,27
timeStep,numberOfRobotsOnBlackSite,numberOfRobotsOnWhiteSite
4139,17,27
timeStep,numberOfRobotsOnBlackSite,numberOfRobotsOnWhiteSite
4140,17,27
timeStep,numberOfRobotsOnBlackSite,numberOfRobotsOnWhiteSite
4141,17,27
timeStep,numberOfRobotsOnBlackSite,numberOfRobotsOnWhiteSite
4142,17,27
timeStep,numberOfRobotsOnBlackSite,numberOfRobotsOnWhiteSite
4143,17,27
timeStep,numberOfRobotsOnBlackSite,numberOfRobotsOnWhiteSite
4144,17,27
timeStep,numberOfRobotsOnBlackSite,numberOfRobotsOnWhiteSite
4145,17,27
timeStep,numberOfRobotsOnBlackSite,numberOfRobotsOnWhiteSite
4146,17,27
timeStep,numberOfRobotsOnBlackSite,numberOfRobotsOnWhiteSite
4147,17,27
timeStep,numberOfRobotsOnBlackSite,numberOfRobotsOnWhiteSite
4148,17,27
timeStep,numberOfRobotsOnBlackSite,numberOfRobotsOnWhiteSite
4149,17,27
timeStep,numberOfRobotsOnBlackSite,numberOfRobotsOnWhiteSite
4150,17,27
timeStep,numberOfRobotsOnBlackSite,numberOfRobotsOnWhiteSite
4151,17,27
timeStep,numberOfRobotsOnBlackSite,numberOfRobotsOnWhiteSite
4152,17,27
timeStep,numberOfRobotsOnBlackSite,numberOfRobotsOnWhiteSite
4153,17,27
timeStep,numberOfRobotsOnBlackSite,numberOfRobotsOnWhiteSite
4154,17,27
timeStep,numberOfRobotsOnBlackSite,numberOfRobotsOnWhiteSite
4155,17,27
timeStep,numberOfRobotsOnBlackSite,numberOfRobotsOnWhiteSite
4156,17,27
timeStep,numberOfRobotsOnBlackSite,numberOfRobotsOnWhiteSite
4157,17,27
timeStep,numberOfRobotsOnBlackSite,numberOfRobotsOnWhiteSite
4158,17,27
timeStep,numberOfRobotsOnBlackSite,numberOfRobotsOnWhiteSite
4159,17,27
timeStep,numberOfRobotsOnBlackSite,numberOfRobotsOnWhiteSite
4160,17,27
timeStep,numberOfRobotsOnBlackSite,numberOfRobotsOnWhiteSite
4161,17,27
timeStep,numberOfRobotsOnBlackSite,numberOfRobotsOnWhiteSite
4162,17,27
timeStep,numberOfRobotsOnBlackSite,numberOfRobotsOnWhiteSite
4163,17,27
timeStep,numberOfRobotsOnBlackSite,numberOfRobotsOnWhiteSite
4164,17,27
timeStep,numberOfRobotsOnBlackSite,numberOfRobotsOnWhiteSite
4165,17,27
timeStep,numberOfRobotsOnBlackSite,numberOfRobotsOnWhiteSite
4166,17,27
timeStep,numberOfRobotsOnBlackSite,numberOfRobotsOnWhiteSite
4167,17,27
timeStep,numberOfRobotsOnBlackSite,numberOfRobotsOnWhiteSite
4168,17,27
timeStep,numberOfRobotsOnBlackSite,numberOfRobotsOnWhiteSite
4169,17,27
timeStep,numberOfRobotsOnBlackSite,numberOfRobotsOnWhiteSite
4170,17,27
timeStep,numberOfRobotsOnBlackSite,numberOfRobotsOnWhiteSite
4171,17,27
timeStep,numberOfRobotsOnBlackSite,numberOfRobotsOnWhiteSite
4172,17,27
timeStep,numberOfRobotsOnBlackSite,numberOfRobotsOnWhiteSite
4173,17,27
timeStep,numberOfRobotsOnBlackSite,numberOfRobotsOnWhiteSite
4174,17,27
timeStep,numberOfRobotsOnBlackSite,numberOfRobotsOnWhiteSite
4175,17,27
timeStep,numberOfRobotsOnBlackSite,numberOfRobotsOnWhiteSite
4176,17,27
timeStep,numberOfRobotsOnBlackSite,numberOfRobotsOnWhiteSite
4177,17,27
timeStep,numberOfRobotsOnBlackSite,numberOfRobotsOnWhiteSite
4178,17,27
timeStep,numberOfRobotsOnBlackSite,numberOfRobotsOnWhiteSite
4179,17,27
timeStep,numberOfRobotsOnBlackSite,numberOfRobotsOnWhiteSite
4180,17,27
timeStep,numberOfRobotsOnBlackSite,numberOfRobotsOnWhiteSite
4181,17,27
timeStep,numberOfRobotsOnBlackSite,numberOfRobotsOnWhiteSite
4182,17,27
timeStep,numberOfRobotsOnBlackSite,numberOfRobotsOnWhiteSite
4183,17,27
timeStep,numberOfRobotsOnBlackSite,numberOfRobotsOnWhiteSite
4184,17,27
timeStep,numberOfRobotsOnBlackSite,numberOfRobotsOnWhiteSite
4185,17,27
timeStep,numberOfRobotsOnBlackSite,numberOfRobotsOnWhiteSite
4186,17,27
timeStep,numberOfRobotsOnBlackSite,numberOfRobotsOnWhiteSite
4187,17,27
timeStep,numberOfRobotsOnBlackSite,numberOfRobotsOnWhiteSite
4188,17,27
timeStep,numberOfRobotsOnBlackSite,numberOfRobotsOnWhiteSite
4189,17,27
timeStep,numberOfRobotsOnBlackSite,numberOfRobotsOnWhiteSite
4190,17,27
timeStep,numberOfRobotsOnBlackSite,numberOfRobotsOnWhiteSite
4191,17,27
timeStep,numberOfRobotsOnBlackSite,numberOfRobotsOnWhiteSite
4192,17,27
timeStep,numberOfRobotsOnBlackSite,numberOfRobotsOnWhiteSite
4193,17,27
timeStep,numberOfRobotsOnBlackSite,numberOfRobotsOnWhiteSite
4194,17,27
timeStep,numberOfRobotsOnBlackSite,numberOfRobotsOnWhiteSite
4195,17,27
timeStep,numberOfRobotsOnBlackSite,numberOfRobotsOnWhiteSite
4196,17,27
timeStep,numberOfRobotsOnBlackSite,numberOfRobotsOnWhiteSite
4197,17,27
timeStep,numberOfRobotsOnBlackSite,numberOfRobotsOnWhiteSite
4198,17,27
timeStep,numberOfRobotsOnBlackSite,numberOfRobotsOnWhiteSite
4199,17,27
timeStep,numberOfRobotsOnBlackSite,numberOfRobotsOnWhiteSite
4200,17,27
timeStep,numberOfRobotsOnBlackSite,numberOfRobotsOnWhiteSite
4201,17,27
timeStep,numberOfRobotsOnBlackSite,numberOfRobotsOnWhiteSite
4202,17,27
timeStep,numberOfRobotsOnBlackSite,numberOfRobotsOnWhiteSite
4203,17,27
timeStep,numberOfRobotsOnBlackSite,numberOfRobotsOnWhiteSite
4204,17,27
timeStep,numberOfRobotsOnBlackSite,numberOfRobotsOnWhiteSite
4205,17,27
timeStep,numberOfRobotsOnBlackSite,numberOfRobotsOnWhiteSite
4206,17,27
timeStep,numberOfRobotsOnBlackSite,numberOfRobotsOnWhiteSite
4207,17,27
timeStep,numberOfRobotsOnBlackSite,numberOfRobotsOnWhiteSite
4208,17,27
timeStep,numberOfRobotsOnBlackSite,numberOfRobotsOnWhiteSite
4209,17,27
timeStep,numberOfRobotsOnBlackSite,numberOfRobotsOnWhiteSite
4210,17,27
timeStep,numberOfRobotsOnBlackSite,numberOfRobotsOnWhiteSite
4211,17,27
timeStep,numberOfRobotsOnBlackSite,numberOfRobotsOnWhiteSite
4212,17,27
timeStep,numberOfRobotsOnBlackSite,numberOfRobotsOnWhiteSite
4213,17,27
timeStep,numberOfRobotsOnBlackSite,numberOfRobotsOnWhiteSite
4214,17,27
timeStep,numberOfRobotsOnBlackSite,numberOfRobotsOnWhiteSite
4215,17,26
timeStep,numberOfRobotsOnBlackSite,numberOfRobotsOnWhiteSite
4216,17,26
timeStep,numberOfRobotsOnBlackSite,numberOfRobotsOnWhiteSite
4217,17,26
timeStep,numberOfRobotsOnBlackSite,numberOfRobotsOnWhiteSite
4218,17,26
timeStep,numberOfRobotsOnBlackSite,numberOfRobotsOnWhiteSite
4219,17,26
timeStep,numberOfRobotsOnBlackSite,numberOfRobotsOnWhiteSite
4220,17,26
timeStep,numberOfRobotsOnBlackSite,numberOfRobotsOnWhiteSite
4221,17,26
timeStep,numberOfRobotsOnBlackSite,numberOfRobotsOnWhiteSite
4222,17,26
timeStep,numberOfRobotsOnBlackSite,numberOfRobotsOnWhiteSite
4223,17,26
timeStep,numberOfRobotsOnBlackSite,numberOfRobotsOnWhiteSite
4224,17,26
timeStep,numberOfRobotsOnBlackSite,numberOfRobotsOnWhiteSite
4225,17,26
timeStep,numberOfRobotsOnBlackSite,numberOfRobotsOnWhiteSite
4226,17,26
timeStep,numberOfRobotsOnBlackSite,numberOfRobotsOnWhiteSite
4227,17,26
timeStep,numberOfRobotsOnBlackSite,numberOfRobotsOnWhiteSite
4228,17,26
timeStep,numberOfRobotsOnBlackSite,numberOfRobotsOnWhiteSite
4229,17,26
timeStep,numberOfRobotsOnBlackSite,numberOfRobotsOnWhiteSite
4230,17,26
timeStep,numberOfRobotsOnBlackSite,numberOfRobotsOnWhiteSite
4231,17,26
timeStep,numberOfRobotsOnBlackSite,numberOfRobotsOnWhiteSite
4232,17,26
timeStep,numberOfRobotsOnBlackSite,numberOfRobotsOnWhiteSite
4233,17,26
timeStep,numberOfRobotsOnBlackSite,numberOfRobotsOnWhiteSite
4234,17,26
timeStep,numberOfRobotsOnBlackSite,numberOfRobotsOnWhiteSite
4235,17,26
timeStep,numberOfRobotsOnBlackSite,numberOfRobotsOnWhiteSite
4236,17,26
timeStep,numberOfRobotsOnBlackSite,numberOfRobotsOnWhiteSite
4237,17,26
timeStep,numberOfRobotsOnBlackSite,numberOfRobotsOnWhiteSite
4238,17,26
timeStep,numberOfRobotsOnBlackSite,numberOfRobotsOnWhiteSite
4239,17,26
timeStep,numberOfRobotsOnBlackSite,numberOfRobotsOnWhiteSite
4240,17,26
timeStep,numberOfRobotsOnBlackSite,numberOfRobotsOnWhiteSite
4241,17,26
timeStep,numberOfRobotsOnBlackSite,numberOfRobotsOnWhiteSite
4242,17,26
timeStep,numberOfRobotsOnBlackSite,numberOfRobotsOnWhiteSite
4243,17,26
timeStep,numberOfRobotsOnBlackSite,numberOfRobotsOnWhiteSite
4244,17,26
timeStep,numberOfRobotsOnBlackSite,numberOfRobotsOnWhiteSite
4245,17,25
timeStep,numberOfRobotsOnBlackSite,numberOfRobotsOnWhiteSite
4246,17,25
timeStep,numberOfRobotsOnBlackSite,numberOfRobotsOnWhiteSite
4247,17,25
timeStep,numberOfRobotsOnBlackSite,numberOfRobotsOnWhiteSite
4248,17,25
timeStep,numberOfRobotsOnBlackSite,numberOfRobotsOnWhiteSite
4249,17,25
timeStep,numberOfRobotsOnBlackSite,numberOfRobotsOnWhiteSite
4250,17,25
timeStep,numberOfRobotsOnBlackSite,numberOfRobotsOnWhiteSite
4251,17,25
timeStep,numberOfRobotsOnBlackSite,numberOfRobotsOnWhiteSite
4252,17,25
timeStep,numberOfRobotsOnBlackSite,numberOfRobotsOnWhiteSite
4253,17,25
timeStep,numberOfRobotsOnBlackSite,numberOfRobotsOnWhiteSite
4254,17,25
timeStep,numberOfRobotsOnBlackSite,numberOfRobotsOnWhiteSite
4255,17,25
timeStep,numberOfRobotsOnBlackSite,numberOfRobotsOnWhiteSite
4256,17,25
timeStep,numberOfRobotsOnBlackSite,numberOfRobotsOnWhiteSite
4257,17,25
timeStep,numberOfRobotsOnBlackSite,numberOfRobotsOnWhiteSite
4258,17,25
timeStep,numberOfRobotsOnBlackSite,numberOfRobotsOnWhiteSite
4259,17,25
timeStep,numberOfRobotsOnBlackSite,numberOfRobotsOnWhiteSite
4260,17,25
timeStep,numberOfRobotsOnBlackSite,numberOfRobotsOnWhiteSite
4261,17,25
timeStep,numberOfRobotsOnBlackSite,numberOfRobotsOnWhiteSite
4262,17,25
timeStep,numberOfRobotsOnBlackSite,numberOfRobotsOnWhiteSite
4263,17,25
timeStep,numberOfRobotsOnBlackSite,numberOfRobotsOnWhiteSite
4264,17,25
timeStep,numberOfRobotsOnBlackSite,numberOfRobotsOnWhiteSite
4265,17,25
timeStep,numberOfRobotsOnBlackSite,numberOfRobotsOnWhiteSite
4266,17,25
timeStep,numberOfRobotsOnBlackSite,numberOfRobotsOnWhiteSite
4267,17,25
timeStep,numberOfRobotsOnBlackSite,numberOfRobotsOnWhiteSite
4268,17,25
timeStep,numberOfRobotsOnBlackSite,numberOfRobotsOnWhiteSite
4269,17,25
timeStep,numberOfRobotsOnBlackSite,numberOfRobotsOnWhiteSite
4270,17,25
timeStep,numberOfRobotsOnBlackSite,numberOfRobotsOnWhiteSite
4271,17,25
timeStep,numberOfRobotsOnBlackSite,numberOfRobotsOnWhiteSite
4272,17,25
timeStep,numberOfRobotsOnBlackSite,numberOfRobotsOnWhiteSite
4273,17,25
timeStep,numberOfRobotsOnBlackSite,numberOfRobotsOnWhiteSite
4274,17,25
timeStep,numberOfRobotsOnBlackSite,numberOfRobotsOnWhiteSite
4275,17,25
timeStep,numberOfRobotsOnBlackSite,numberOfRobotsOnWhiteSite
4276,17,25
timeStep,numberOfRobotsOnBlackSite,numberOfRobotsOnWhiteSite
4277,17,25
timeStep,numberOfRobotsOnBlackSite,numberOfRobotsOnWhiteSite
4278,17,25
timeStep,numberOfRobotsOnBlackSite,numberOfRobotsOnWhiteSite
4279,17,25
timeStep,numberOfRobotsOnBlackSite,numberOfRobotsOnWhiteSite
4280,17,25
timeStep,numberOfRobotsOnBlackSite,numberOfRobotsOnWhiteSite
4281,17,25
timeStep,numberOfRobotsOnBlackSite,numberOfRobotsOnWhiteSite
4282,17,25
timeStep,numberOfRobotsOnBlackSite,numberOfRobotsOnWhiteSite
4283,17,25
timeStep,numberOfRobotsOnBlackSite,numberOfRobotsOnWhiteSite
4284,17,25
timeStep,numberOfRobotsOnBlackSite,numberOfRobotsOnWhiteSite
4285,17,25
timeStep,numberOfRobotsOnBlackSite,numberOfRobotsOnWhiteSite
4286,17,25
timeStep,numberOfRobotsOnBlackSite,numberOfRobotsOnWhiteSite
4287,17,25
timeStep,numberOfRobotsOnBlackSite,numberOfRobotsOnWhiteSite
4288,17,25
timeStep,numberOfRobotsOnBlackSite,numberOfRobotsOnWhiteSite
4289,17,25
timeStep,numberOfRobotsOnBlackSite,numberOfRobotsOnWhiteSite
4290,17,25
timeStep,numberOfRobotsOnBlackSite,numberOfRobotsOnWhiteSite
4291,17,25
timeStep,numberOfRobotsOnBlackSite,numberOfRobotsOnWhiteSite
4292,17,25
timeStep,numberOfRobotsOnBlackSite,numberOfRobotsOnWhiteSite
4293,17,25
timeStep,numberOfRobotsOnBlackSite,numberOfRobotsOnWhiteSite
4294,17,25
timeStep,numberOfRobotsOnBlackSite,numberOfRobotsOnWhiteSite
4295,17,25
timeStep,numberOfRobotsOnBlackSite,numberOfRobotsOnWhiteSite
4296,17,25
timeStep,numberOfRobotsOnBlackSite,numberOfRobotsOnWhiteSite
4297,17,25
timeStep,numberOfRobotsOnBlackSite,numberOfRobotsOnWhiteSite
4298,17,25
timeStep,numberOfRobotsOnBlackSite,numberOfRobotsOnWhiteSite
4299,17,25
timeStep,numberOfRobotsOnBlackSite,numberOfRobotsOnWhiteSite
4300,17,25
timeStep,numberOfRobotsOnBlackSite,numberOfRobotsOnWhiteSite
4301,17,25
timeStep,numberOfRobotsOnBlackSite,numberOfRobotsOnWhiteSite
4302,17,25
timeStep,numberOfRobotsOnBlackSite,numberOfRobotsOnWhiteSite
4303,17,25
timeStep,numberOfRobotsOnBlackSite,numberOfRobotsOnWhiteSite
4304,17,25
timeStep,numberOfRobotsOnBlackSite,numberOfRobotsOnWhiteSite
4305,17,25
timeStep,numberOfRobotsOnBlackSite,numberOfRobotsOnWhiteSite
4306,17,25
timeStep,numberOfRobotsOnBlackSite,numberOfRobotsOnWhiteSite
4307,17,25
timeStep,numberOfRobotsOnBlackSite,numberOfRobotsOnWhiteSite
4308,17,25
timeStep,numberOfRobotsOnBlackSite,numberOfRobotsOnWhiteSite
4309,17,25
timeStep,numberOfRobotsOnBlackSite,numberOfRobotsOnWhiteSite
4310,17,25
timeStep,numberOfRobotsOnBlackSite,numberOfRobotsOnWhiteSite
4311,17,25
timeStep,numberOfRobotsOnBlackSite,numberOfRobotsOnWhiteSite
4312,17,25
timeStep,numberOfRobotsOnBlackSite,numberOfRobotsOnWhiteSite
4313,17,25
timeStep,numberOfRobotsOnBlackSite,numberOfRobotsOnWhiteSite
4314,17,25
timeStep,numberOfRobotsOnBlackSite,numberOfRobotsOnWhiteSite
4315,17,25
timeStep,numberOfRobotsOnBlackSite,numberOfRobotsOnWhiteSite
4316,17,25
timeStep,numberOfRobotsOnBlackSite,numberOfRobotsOnWhiteSite
4317,17,25
timeStep,numberOfRobotsOnBlackSite,numberOfRobotsOnWhiteSite
4318,17,25
timeStep,numberOfRobotsOnBlackSite,numberOfRobotsOnWhiteSite
4319,17,25
timeStep,numberOfRobotsOnBlackSite,numberOfRobotsOnWhiteSite
4320,17,25
timeStep,numberOfRobotsOnBlackSite,numberOfRobotsOnWhiteSite
4321,17,25
timeStep,numberOfRobotsOnBlackSite,numberOfRobotsOnWhiteSite
4322,17,25
timeStep,numberOfRobotsOnBlackSite,numberOfRobotsOnWhiteSite
4323,17,25
timeStep,numberOfRobotsOnBlackSite,numberOfRobotsOnWhiteSite
4324,17,25
timeStep,numberOfRobotsOnBlackSite,numberOfRobotsOnWhiteSite
4325,17,25
timeStep,numberOfRobotsOnBlackSite,numberOfRobotsOnWhiteSite
4326,17,25
timeStep,numberOfRobotsOnBlackSite,numberOfRobotsOnWhiteSite
4327,17,25
timeStep,numberOfRobotsOnBlackSite,numberOfRobotsOnWhiteSite
4328,17,25
timeStep,numberOfRobotsOnBlackSite,numberOfRobotsOnWhiteSite
4329,17,25
timeStep,numberOfRobotsOnBlackSite,numberOfRobotsOnWhiteSite
4330,17,25
timeStep,numberOfRobotsOnBlackSite,numberOfRobotsOnWhiteSite
4331,17,25
timeStep,numberOfRobotsOnBlackSite,numberOfRobotsOnWhiteSite
4332,17,25
timeStep,numberOfRobotsOnBlackSite,numberOfRobotsOnWhiteSite
4333,17,25
timeStep,numberOfRobotsOnBlackSite,numberOfRobotsOnWhiteSite
4334,17,25
timeStep,numberOfRobotsOnBlackSite,numberOfRobotsOnWhiteSite
4335,17,25
timeStep,numberOfRobotsOnBlackSite,numberOfRobotsOnWhiteSite
4336,17,25
timeStep,numberOfRobotsOnBlackSite,numberOfRobotsOnWhiteSite
4337,17,25
timeStep,numberOfRobotsOnBlackSite,numberOfRobotsOnWhiteSite
4338,17,25
timeStep,numberOfRobotsOnBlackSite,numberOfRobotsOnWhiteSite
4339,17,25
timeStep,numberOfRobotsOnBlackSite,numberOfRobotsOnWhiteSite
4340,17,25
timeStep,numberOfRobotsOnBlackSite,numberOfRobotsOnWhiteSite
4341,17,25
timeStep,numberOfRobotsOnBlackSite,numberOfRobotsOnWhiteSite
4342,17,25
timeStep,numberOfRobotsOnBlackSite,numberOfRobotsOnWhiteSite
4343,17,25
timeStep,numberOfRobotsOnBlackSite,numberOfRobotsOnWhiteSite
4344,17,25
timeStep,numberOfRobotsOnBlackSite,numberOfRobotsOnWhiteSite
4345,17,25
timeStep,numberOfRobotsOnBlackSite,numberOfRobotsOnWhiteSite
4346,17,25
timeStep,numberOfRobotsOnBlackSite,numberOfRobotsOnWhiteSite
4347,17,25
timeStep,numberOfRobotsOnBlackSite,numberOfRobotsOnWhiteSite
4348,17,25
timeStep,numberOfRobotsOnBlackSite,numberOfRobotsOnWhiteSite
4349,17,25
timeStep,numberOfRobotsOnBlackSite,numberOfRobotsOnWhiteSite
4350,18,25
timeStep,numberOfRobotsOnBlackSite,numberOfRobotsOnWhiteSite
4351,18,25
timeStep,numberOfRobotsOnBlackSite,numberOfRobotsOnWhiteSite
4352,18,25
timeStep,numberOfRobotsOnBlackSite,numberOfRobotsOnWhiteSite
4353,18,25
timeStep,numberOfRobotsOnBlackSite,numberOfRobotsOnWhiteSite
4354,18,25
timeStep,numberOfRobotsOnBlackSite,numberOfRobotsOnWhiteSite
4355,19,25
timeStep,numberOfRobotsOnBlackSite,numberOfRobotsOnWhiteSite
4356,19,25
timeStep,numberOfRobotsOnBlackSite,numberOfRobotsOnWhiteSite
4357,19,25
timeStep,numberOfRobotsOnBlackSite,numberOfRobotsOnWhiteSite
4358,19,25
timeStep,numberOfRobotsOnBlackSite,numberOfRobotsOnWhiteSite
4359,19,25
timeStep,numberOfRobotsOnBlackSite,numberOfRobotsOnWhiteSite
4360,19,25
timeStep,numberOfRobotsOnBlackSite,numberOfRobotsOnWhiteSite
4361,19,25
timeStep,numberOfRobotsOnBlackSite,numberOfRobotsOnWhiteSite
4362,19,25
timeStep,numberOfRobotsOnBlackSite,numberOfRobotsOnWhiteSite
4363,19,25
timeStep,numberOfRobotsOnBlackSite,numberOfRobotsOnWhiteSite
4364,19,25
timeStep,numberOfRobotsOnBlackSite,numberOfRobotsOnWhiteSite
4365,19,25
timeStep,numberOfRobotsOnBlackSite,numberOfRobotsOnWhiteSite
4366,19,25
timeStep,numberOfRobotsOnBlackSite,numberOfRobotsOnWhiteSite
4367,19,25
timeStep,numberOfRobotsOnBlackSite,numberOfRobotsOnWhiteSite
4368,19,25
timeStep,numberOfRobotsOnBlackSite,numberOfRobotsOnWhiteSite
4369,19,25
timeStep,numberOfRobotsOnBlackSite,numberOfRobotsOnWhiteSite
4370,19,25
timeStep,numberOfRobotsOnBlackSite,numberOfRobotsOnWhiteSite
4371,19,25
timeStep,numberOfRobotsOnBlackSite,numberOfRobotsOnWhiteSite
4372,19,25
timeStep,numberOfRobotsOnBlackSite,numberOfRobotsOnWhiteSite
4373,19,25
timeStep,numberOfRobotsOnBlackSite,numberOfRobotsOnWhiteSite
4374,19,25
timeStep,numberOfRobotsOnBlackSite,numberOfRobotsOnWhiteSite
4375,19,25
timeStep,numberOfRobotsOnBlackSite,numberOfRobotsOnWhiteSite
4376,19,25
timeStep,numberOfRobotsOnBlackSite,numberOfRobotsOnWhiteSite
4377,19,25
timeStep,numberOfRobotsOnBlackSite,numberOfRobotsOnWhiteSite
4378,19,25
timeStep,numberOfRobotsOnBlackSite,numberOfRobotsOnWhiteSite
4379,19,25
timeStep,numberOfRobotsOnBlackSite,numberOfRobotsOnWhiteSite
4380,19,25
timeStep,numberOfRobotsOnBlackSite,numberOfRobotsOnWhiteSite
4381,19,25
timeStep,numberOfRobotsOnBlackSite,numberOfRobotsOnWhiteSite
4382,19,25
timeStep,numberOfRobotsOnBlackSite,numberOfRobotsOnWhiteSite
4383,19,25
timeStep,numberOfRobotsOnBlackSite,numberOfRobotsOnWhiteSite
4384,19,25
timeStep,numberOfRobotsOnBlackSite,numberOfRobotsOnWhiteSite
4385,19,25
timeStep,numberOfRobotsOnBlackSite,numberOfRobotsOnWhiteSite
4386,19,25
timeStep,numberOfRobotsOnBlackSite,numberOfRobotsOnWhiteSite
4387,19,25
timeStep,numberOfRobotsOnBlackSite,numberOfRobotsOnWhiteSite
4388,19,25
timeStep,numberOfRobotsOnBlackSite,numberOfRobotsOnWhiteSite
4389,19,25
timeStep,numberOfRobotsOnBlackSite,numberOfRobotsOnWhiteSite
4390,19,25
timeStep,numberOfRobotsOnBlackSite,numberOfRobotsOnWhiteSite
4391,19,25
timeStep,numberOfRobotsOnBlackSite,numberOfRobotsOnWhiteSite
4392,19,25
timeStep,numberOfRobotsOnBlackSite,numberOfRobotsOnWhiteSite
4393,19,25
timeStep,numberOfRobotsOnBlackSite,numberOfRobotsOnWhiteSite
4394,19,25
timeStep,numberOfRobotsOnBlackSite,numberOfRobotsOnWhiteSite
4395,19,25
timeStep,numberOfRobotsOnBlackSite,numberOfRobotsOnWhiteSite
4396,19,25
timeStep,numberOfRobotsOnBlackSite,numberOfRobotsOnWhiteSite
4397,19,25
timeStep,numberOfRobotsOnBlackSite,numberOfRobotsOnWhiteSite
4398,19,25
timeStep,numberOfRobotsOnBlackSite,numberOfRobotsOnWhiteSite
4399,19,25
timeStep,numberOfRobotsOnBlackSite,numberOfRobotsOnWhiteSite
4400,19,25
timeStep,numberOfRobotsOnBlackSite,numberOfRobotsOnWhiteSite
4401,19,25
timeStep,numberOfRobotsOnBlackSite,numberOfRobotsOnWhiteSite
4402,19,25
timeStep,numberOfRobotsOnBlackSite,numberOfRobotsOnWhiteSite
4403,19,25
timeStep,numberOfRobotsOnBlackSite,numberOfRobotsOnWhiteSite
4404,19,25
timeStep,numberOfRobotsOnBlackSite,numberOfRobotsOnWhiteSite
4405,19,25
timeStep,numberOfRobotsOnBlackSite,numberOfRobotsOnWhiteSite
4406,19,25
timeStep,numberOfRobotsOnBlackSite,numberOfRobotsOnWhiteSite
4407,19,25
timeStep,numberOfRobotsOnBlackSite,numberOfRobotsOnWhiteSite
4408,19,25
timeStep,numberOfRobotsOnBlackSite,numberOfRobotsOnWhiteSite
4409,19,25
timeStep,numberOfRobotsOnBlackSite,numberOfRobotsOnWhiteSite
4410,19,25
timeStep,numberOfRobotsOnBlackSite,numberOfRobotsOnWhiteSite
4411,19,25
timeStep,numberOfRobotsOnBlackSite,numberOfRobotsOnWhiteSite
4412,19,25
timeStep,numberOfRobotsOnBlackSite,numberOfRobotsOnWhiteSite
4413,19,25
timeStep,numberOfRobotsOnBlackSite,numberOfRobotsOnWhiteSite
4414,19,25
timeStep,numberOfRobotsOnBlackSite,numberOfRobotsOnWhiteSite
4415,19,24
timeStep,numberOfRobotsOnBlackSite,numberOfRobotsOnWhiteSite
4416,19,24
timeStep,numberOfRobotsOnBlackSite,numberOfRobotsOnWhiteSite
4417,19,24
timeStep,numberOfRobotsOnBlackSite,numberOfRobotsOnWhiteSite
4418,19,24
timeStep,numberOfRobotsOnBlackSite,numberOfRobotsOnWhiteSite
4419,19,24
timeStep,numberOfRobotsOnBlackSite,numberOfRobotsOnWhiteSite
4420,19,24
timeStep,numberOfRobotsOnBlackSite,numberOfRobotsOnWhiteSite
4421,19,24
timeStep,numberOfRobotsOnBlackSite,numberOfRobotsOnWhiteSite
4422,19,24
timeStep,numberOfRobotsOnBlackSite,numberOfRobotsOnWhiteSite
4423,19,24
timeStep,numberOfRobotsOnBlackSite,numberOfRobotsOnWhiteSite
4424,19,24
timeStep,numberOfRobotsOnBlackSite,numberOfRobotsOnWhiteSite
4425,19,24
timeStep,numberOfRobotsOnBlackSite,numberOfRobotsOnWhiteSite
4426,19,24
timeStep,numberOfRobotsOnBlackSite,numberOfRobotsOnWhiteSite
4427,19,24
timeStep,numberOfRobotsOnBlackSite,numberOfRobotsOnWhiteSite
4428,19,24
timeStep,numberOfRobotsOnBlackSite,numberOfRobotsOnWhiteSite
4429,19,24
timeStep,numberOfRobotsOnBlackSite,numberOfRobotsOnWhiteSite
4430,19,24
timeStep,numberOfRobotsOnBlackSite,numberOfRobotsOnWhiteSite
4431,19,24
timeStep,numberOfRobotsOnBlackSite,numberOfRobotsOnWhiteSite
4432,19,24
timeStep,numberOfRobotsOnBlackSite,numberOfRobotsOnWhiteSite
4433,19,24
timeStep,numberOfRobotsOnBlackSite,numberOfRobotsOnWhiteSite
4434,19,24
timeStep,numberOfRobotsOnBlackSite,numberOfRobotsOnWhiteSite
4435,19,24
timeStep,numberOfRobotsOnBlackSite,numberOfRobotsOnWhiteSite
4436,19,24
timeStep,numberOfRobotsOnBlackSite,numberOfRobotsOnWhiteSite
4437,19,24
timeStep,numberOfRobotsOnBlackSite,numberOfRobotsOnWhiteSite
4438,19,24
timeStep,numberOfRobotsOnBlackSite,numberOfRobotsOnWhiteSite
4439,19,24
timeStep,numberOfRobotsOnBlackSite,numberOfRobotsOnWhiteSite
4440,19,24
timeStep,numberOfRobotsOnBlackSite,numberOfRobotsOnWhiteSite
4441,19,24
timeStep,numberOfRobotsOnBlackSite,numberOfRobotsOnWhiteSite
4442,19,24
timeStep,numberOfRobotsOnBlackSite,numberOfRobotsOnWhiteSite
4443,19,24
timeStep,numberOfRobotsOnBlackSite,numberOfRobotsOnWhiteSite
4444,19,24
timeStep,numberOfRobotsOnBlackSite,numberOfRobotsOnWhiteSite
4445,19,24
timeStep,numberOfRobotsOnBlackSite,numberOfRobotsOnWhiteSite
4446,19,24
timeStep,numberOfRobotsOnBlackSite,numberOfRobotsOnWhiteSite
4447,19,24
timeStep,numberOfRobotsOnBlackSite,numberOfRobotsOnWhiteSite
4448,19,24
timeStep,numberOfRobotsOnBlackSite,numberOfRobotsOnWhiteSite
4449,19,24
timeStep,numberOfRobotsOnBlackSite,numberOfRobotsOnWhiteSite
4450,19,24
timeStep,numberOfRobotsOnBlackSite,numberOfRobotsOnWhiteSite
4451,19,24
timeStep,numberOfRobotsOnBlackSite,numberOfRobotsOnWhiteSite
4452,19,24
timeStep,numberOfRobotsOnBlackSite,numberOfRobotsOnWhiteSite
4453,19,24
timeStep,numberOfRobotsOnBlackSite,numberOfRobotsOnWhiteSite
4454,19,24
timeStep,numberOfRobotsOnBlackSite,numberOfRobotsOnWhiteSite
4455,19,24
timeStep,numberOfRobotsOnBlackSite,numberOfRobotsOnWhiteSite
4456,19,24
timeStep,numberOfRobotsOnBlackSite,numberOfRobotsOnWhiteSite
4457,19,24
timeStep,numberOfRobotsOnBlackSite,numberOfRobotsOnWhiteSite
4458,19,24
timeStep,numberOfRobotsOnBlackSite,numberOfRobotsOnWhiteSite
4459,19,24
timeStep,numberOfRobotsOnBlackSite,numberOfRobotsOnWhiteSite
4460,19,24
timeStep,numberOfRobotsOnBlackSite,numberOfRobotsOnWhiteSite
4461,19,24
timeStep,numberOfRobotsOnBlackSite,numberOfRobotsOnWhiteSite
4462,19,24
timeStep,numberOfRobotsOnBlackSite,numberOfRobotsOnWhiteSite
4463,19,24
timeStep,numberOfRobotsOnBlackSite,numberOfRobotsOnWhiteSite
4464,19,24
timeStep,numberOfRobotsOnBlackSite,numberOfRobotsOnWhiteSite
4465,19,24
timeStep,numberOfRobotsOnBlackSite,numberOfRobotsOnWhiteSite
4466,19,24
timeStep,numberOfRobotsOnBlackSite,numberOfRobotsOnWhiteSite
4467,19,24
timeStep,numberOfRobotsOnBlackSite,numberOfRobotsOnWhiteSite
4468,19,24
timeStep,numberOfRobotsOnBlackSite,numberOfRobotsOnWhiteSite
4469,19,24
timeStep,numberOfRobotsOnBlackSite,numberOfRobotsOnWhiteSite
4470,18,24
timeStep,numberOfRobotsOnBlackSite,numberOfRobotsOnWhiteSite
4471,18,24
timeStep,numberOfRobotsOnBlackSite,numberOfRobotsOnWhiteSite
4472,18,24
timeStep,numberOfRobotsOnBlackSite,numberOfRobotsOnWhiteSite
4473,18,24
timeStep,numberOfRobotsOnBlackSite,numberOfRobotsOnWhiteSite
4474,18,24
timeStep,numberOfRobotsOnBlackSite,numberOfRobotsOnWhiteSite
4475,18,24
timeStep,numberOfRobotsOnBlackSite,numberOfRobotsOnWhiteSite
4476,18,24
timeStep,numberOfRobotsOnBlackSite,numberOfRobotsOnWhiteSite
4477,18,24
timeStep,numberOfRobotsOnBlackSite,numberOfRobotsOnWhiteSite
4478,18,24
timeStep,numberOfRobotsOnBlackSite,numberOfRobotsOnWhiteSite
4479,18,24
timeStep,numberOfRobotsOnBlackSite,numberOfRobotsOnWhiteSite
4480,18,24
timeStep,numberOfRobotsOnBlackSite,numberOfRobotsOnWhiteSite
4481,18,24
timeStep,numberOfRobotsOnBlackSite,numberOfRobotsOnWhiteSite
4482,18,24
timeStep,numberOfRobotsOnBlackSite,numberOfRobotsOnWhiteSite
4483,18,24
timeStep,numberOfRobotsOnBlackSite,numberOfRobotsOnWhiteSite
4484,18,24
timeStep,numberOfRobotsOnBlackSite,numberOfRobotsOnWhiteSite
4485,18,24
timeStep,numberOfRobotsOnBlackSite,numberOfRobotsOnWhiteSite
4486,18,24
timeStep,numberOfRobotsOnBlackSite,numberOfRobotsOnWhiteSite
4487,18,24
timeStep,numberOfRobotsOnBlackSite,numberOfRobotsOnWhiteSite
4488,18,24
timeStep,numberOfRobotsOnBlackSite,numberOfRobotsOnWhiteSite
4489,18,24
timeStep,numberOfRobotsOnBlackSite,numberOfRobotsOnWhiteSite
4490,18,24
timeStep,numberOfRobotsOnBlackSite,numberOfRobotsOnWhiteSite
4491,18,24
timeStep,numberOfRobotsOnBlackSite,numberOfRobotsOnWhiteSite
4492,18,24
timeStep,numberOfRobotsOnBlackSite,numberOfRobotsOnWhiteSite
4493,18,24
timeStep,numberOfRobotsOnBlackSite,numberOfRobotsOnWhiteSite
4494,18,24
timeStep,numberOfRobotsOnBlackSite,numberOfRobotsOnWhiteSite
4495,18,24
timeStep,numberOfRobotsOnBlackSite,numberOfRobotsOnWhiteSite
4496,18,24
timeStep,numberOfRobotsOnBlackSite,numberOfRobotsOnWhiteSite
4497,18,24
timeStep,numberOfRobotsOnBlackSite,numberOfRobotsOnWhiteSite
4498,18,24
timeStep,numberOfRobotsOnBlackSite,numberOfRobotsOnWhiteSite
4499,18,24
timeStep,numberOfRobotsOnBlackSite,numberOfRobotsOnWhiteSite
4500,18,24
timeStep,numberOfRobotsOnBlackSite,numberOfRobotsOnWhiteSite
4501,18,24
timeStep,numberOfRobotsOnBlackSite,numberOfRobotsOnWhiteSite
4502,18,24
timeStep,numberOfRobotsOnBlackSite,numberOfRobotsOnWhiteSite
4503,18,24
timeStep,numberOfRobotsOnBlackSite,numberOfRobotsOnWhiteSite
4504,18,24
timeStep,numberOfRobotsOnBlackSite,numberOfRobotsOnWhiteSite
4505,18,24
timeStep,numberOfRobotsOnBlackSite,numberOfRobotsOnWhiteSite
4506,18,24
timeStep,numberOfRobotsOnBlackSite,numberOfRobotsOnWhiteSite
4507,18,24
timeStep,numberOfRobotsOnBlackSite,numberOfRobotsOnWhiteSite
4508,18,24
timeStep,numberOfRobotsOnBlackSite,numberOfRobotsOnWhiteSite
4509,18,24
timeStep,numberOfRobotsOnBlackSite,numberOfRobotsOnWhiteSite
4510,18,24
timeStep,numberOfRobotsOnBlackSite,numberOfRobotsOnWhiteSite
4511,18,24
timeStep,numberOfRobotsOnBlackSite,numberOfRobotsOnWhiteSite
4512,18,24
timeStep,numberOfRobotsOnBlackSite,numberOfRobotsOnWhiteSite
4513,18,24
timeStep,numberOfRobotsOnBlackSite,numberOfRobotsOnWhiteSite
4514,18,24
timeStep,numberOfRobotsOnBlackSite,numberOfRobotsOnWhiteSite
4515,18,24
timeStep,numberOfRobotsOnBlackSite,numberOfRobotsOnWhiteSite
4516,18,24
timeStep,numberOfRobotsOnBlackSite,numberOfRobotsOnWhiteSite
4517,18,24
timeStep,numberOfRobotsOnBlackSite,numberOfRobotsOnWhiteSite
4518,18,24
timeStep,numberOfRobotsOnBlackSite,numberOfRobotsOnWhiteSite
4519,18,24
timeStep,numberOfRobotsOnBlackSite,numberOfRobotsOnWhiteSite
4520,18,24
timeStep,numberOfRobotsOnBlackSite,numberOfRobotsOnWhiteSite
4521,18,24
timeStep,numberOfRobotsOnBlackSite,numberOfRobotsOnWhiteSite
4522,18,24
timeStep,numberOfRobotsOnBlackSite,numberOfRobotsOnWhiteSite
4523,18,24
timeStep,numberOfRobotsOnBlackSite,numberOfRobotsOnWhiteSite
4524,18,24
timeStep,numberOfRobotsOnBlackSite,numberOfRobotsOnWhiteSite
4525,18,24
timeStep,numberOfRobotsOnBlackSite,numberOfRobotsOnWhiteSite
4526,18,24
timeStep,numberOfRobotsOnBlackSite,numberOfRobotsOnWhiteSite
4527,18,24
timeStep,numberOfRobotsOnBlackSite,numberOfRobotsOnWhiteSite
4528,18,24
timeStep,numberOfRobotsOnBlackSite,numberOfRobotsOnWhiteSite
4529,18,24
timeStep,numberOfRobotsOnBlackSite,numberOfRobotsOnWhiteSite
4530,18,24
timeStep,numberOfRobotsOnBlackSite,numberOfRobotsOnWhiteSite
4531,18,24
timeStep,numberOfRobotsOnBlackSite,numberOfRobotsOnWhiteSite
4532,18,24
timeStep,numberOfRobotsOnBlackSite,numberOfRobotsOnWhiteSite
4533,18,24
timeStep,numberOfRobotsOnBlackSite,numberOfRobotsOnWhiteSite
4534,18,24
timeStep,numberOfRobotsOnBlackSite,numberOfRobotsOnWhiteSite
4535,18,24
timeStep,numberOfRobotsOnBlackSite,numberOfRobotsOnWhiteSite
4536,18,24
timeStep,numberOfRobotsOnBlackSite,numberOfRobotsOnWhiteSite
4537,18,24
timeStep,numberOfRobotsOnBlackSite,numberOfRobotsOnWhiteSite
4538,18,24
timeStep,numberOfRobotsOnBlackSite,numberOfRobotsOnWhiteSite
4539,18,24
timeStep,numberOfRobotsOnBlackSite,numberOfRobotsOnWhiteSite
4540,18,24
timeStep,numberOfRobotsOnBlackSite,numberOfRobotsOnWhiteSite
4541,18,24
timeStep,numberOfRobotsOnBlackSite,numberOfRobotsOnWhiteSite
4542,18,24
timeStep,numberOfRobotsOnBlackSite,numberOfRobotsOnWhiteSite
4543,18,24
timeStep,numberOfRobotsOnBlackSite,numberOfRobotsOnWhiteSite
4544,18,24
timeStep,numberOfRobotsOnBlackSite,numberOfRobotsOnWhiteSite
4545,18,24
timeStep,numberOfRobotsOnBlackSite,numberOfRobotsOnWhiteSite
4546,18,24
timeStep,numberOfRobotsOnBlackSite,numberOfRobotsOnWhiteSite
4547,18,24
timeStep,numberOfRobotsOnBlackSite,numberOfRobotsOnWhiteSite
4548,18,24
timeStep,numberOfRobotsOnBlackSite,numberOfRobotsOnWhiteSite
4549,18,24
timeStep,numberOfRobotsOnBlackSite,numberOfRobotsOnWhiteSite
4550,18,24
timeStep,numberOfRobotsOnBlackSite,numberOfRobotsOnWhiteSite
4551,18,24
timeStep,numberOfRobotsOnBlackSite,numberOfRobotsOnWhiteSite
4552,18,24
timeStep,numberOfRobotsOnBlackSite,numberOfRobotsOnWhiteSite
4553,18,24
timeStep,numberOfRobotsOnBlackSite,numberOfRobotsOnWhiteSite
4554,18,24
timeStep,numberOfRobotsOnBlackSite,numberOfRobotsOnWhiteSite
4555,18,24
timeStep,numberOfRobotsOnBlackSite,numberOfRobotsOnWhiteSite
4556,18,24
timeStep,numberOfRobotsOnBlackSite,numberOfRobotsOnWhiteSite
4557,18,24
timeStep,numberOfRobotsOnBlackSite,numberOfRobotsOnWhiteSite
4558,18,24
timeStep,numberOfRobotsOnBlackSite,numberOfRobotsOnWhiteSite
4559,18,24
timeStep,numberOfRobotsOnBlackSite,numberOfRobotsOnWhiteSite
4560,18,24
timeStep,numberOfRobotsOnBlackSite,numberOfRobotsOnWhiteSite
4561,18,24
timeStep,numberOfRobotsOnBlackSite,numberOfRobotsOnWhiteSite
4562,18,24
timeStep,numberOfRobotsOnBlackSite,numberOfRobotsOnWhiteSite
4563,18,24
timeStep,numberOfRobotsOnBlackSite,numberOfRobotsOnWhiteSite
4564,18,24
timeStep,numberOfRobotsOnBlackSite,numberOfRobotsOnWhiteSite
4565,18,24
timeStep,numberOfRobotsOnBlackSite,numberOfRobotsOnWhiteSite
4566,18,24
timeStep,numberOfRobotsOnBlackSite,numberOfRobotsOnWhiteSite
4567,18,24
timeStep,numberOfRobotsOnBlackSite,numberOfRobotsOnWhiteSite
4568,18,24
timeStep,numberOfRobotsOnBlackSite,numberOfRobotsOnWhiteSite
4569,18,24
timeStep,numberOfRobotsOnBlackSite,numberOfRobotsOnWhiteSite
4570,18,24
timeStep,numberOfRobotsOnBlackSite,numberOfRobotsOnWhiteSite
4571,18,24
timeStep,numberOfRobotsOnBlackSite,numberOfRobotsOnWhiteSite
4572,18,24
timeStep,numberOfRobotsOnBlackSite,numberOfRobotsOnWhiteSite
4573,18,24
timeStep,numberOfRobotsOnBlackSite,numberOfRobotsOnWhiteSite
4574,18,24
timeStep,numberOfRobotsOnBlackSite,numberOfRobotsOnWhiteSite
4575,18,24
timeStep,numberOfRobotsOnBlackSite,numberOfRobotsOnWhiteSite
4576,18,24
timeStep,numberOfRobotsOnBlackSite,numberOfRobotsOnWhiteSite
4577,18,24
timeStep,numberOfRobotsOnBlackSite,numberOfRobotsOnWhiteSite
4578,18,24
timeStep,numberOfRobotsOnBlackSite,numberOfRobotsOnWhiteSite
4579,18,24
timeStep,numberOfRobotsOnBlackSite,numberOfRobotsOnWhiteSite
4580,18,24
timeStep,numberOfRobotsOnBlackSite,numberOfRobotsOnWhiteSite
4581,18,24
timeStep,numberOfRobotsOnBlackSite,numberOfRobotsOnWhiteSite
4582,18,24
timeStep,numberOfRobotsOnBlackSite,numberOfRobotsOnWhiteSite
4583,18,24
timeStep,numberOfRobotsOnBlackSite,numberOfRobotsOnWhiteSite
4584,18,24
timeStep,numberOfRobotsOnBlackSite,numberOfRobotsOnWhiteSite
4585,18,24
timeStep,numberOfRobotsOnBlackSite,numberOfRobotsOnWhiteSite
4586,18,24
timeStep,numberOfRobotsOnBlackSite,numberOfRobotsOnWhiteSite
4587,18,24
timeStep,numberOfRobotsOnBlackSite,numberOfRobotsOnWhiteSite
4588,18,24
timeStep,numberOfRobotsOnBlackSite,numberOfRobotsOnWhiteSite
4589,18,24
timeStep,numberOfRobotsOnBlackSite,numberOfRobotsOnWhiteSite
4590,18,24
timeStep,numberOfRobotsOnBlackSite,numberOfRobotsOnWhiteSite
4591,18,24
timeStep,numberOfRobotsOnBlackSite,numberOfRobotsOnWhiteSite
4592,18,24
timeStep,numberOfRobotsOnBlackSite,numberOfRobotsOnWhiteSite
4593,18,24
timeStep,numberOfRobotsOnBlackSite,numberOfRobotsOnWhiteSite
4594,18,24
timeStep,numberOfRobotsOnBlackSite,numberOfRobotsOnWhiteSite
4595,18,24
timeStep,numberOfRobotsOnBlackSite,numberOfRobotsOnWhiteSite
4596,18,24
timeStep,numberOfRobotsOnBlackSite,numberOfRobotsOnWhiteSite
4597,18,24
timeStep,numberOfRobotsOnBlackSite,numberOfRobotsOnWhiteSite
4598,18,24
timeStep,numberOfRobotsOnBlackSite,numberOfRobotsOnWhiteSite
4599,18,24
timeStep,numberOfRobotsOnBlackSite,numberOfRobotsOnWhiteSite
4600,18,24
timeStep,numberOfRobotsOnBlackSite,numberOfRobotsOnWhiteSite
4601,18,24
timeStep,numberOfRobotsOnBlackSite,numberOfRobotsOnWhiteSite
4602,18,24
timeStep,numberOfRobotsOnBlackSite,numberOfRobotsOnWhiteSite
4603,18,24
timeStep,numberOfRobotsOnBlackSite,numberOfRobotsOnWhiteSite
4604,18,24
timeStep,numberOfRobotsOnBlackSite,numberOfRobotsOnWhiteSite
4605,18,24
timeStep,numberOfRobotsOnBlackSite,numberOfRobotsOnWhiteSite
4606,18,24
timeStep,numberOfRobotsOnBlackSite,numberOfRobotsOnWhiteSite
4607,18,24
timeStep,numberOfRobotsOnBlackSite,numberOfRobotsOnWhiteSite
4608,18,24
timeStep,numberOfRobotsOnBlackSite,numberOfRobotsOnWhiteSite
4609,18,24
timeStep,numberOfRobotsOnBlackSite,numberOfRobotsOnWhiteSite
4610,18,24
timeStep,numberOfRobotsOnBlackSite,numberOfRobotsOnWhiteSite
4611,18,24
timeStep,numberOfRobotsOnBlackSite,numberOfRobotsOnWhiteSite
4612,18,24
timeStep,numberOfRobotsOnBlackSite,numberOfRobotsOnWhiteSite
4613,18,24
timeStep,numberOfRobotsOnBlackSite,numberOfRobotsOnWhiteSite
4614,18,24
timeStep,numberOfRobotsOnBlackSite,numberOfRobotsOnWhiteSite
4615,18,23
timeStep,numberOfRobotsOnBlackSite,numberOfRobotsOnWhiteSite
4616,18,23
timeStep,numberOfRobotsOnBlackSite,numberOfRobotsOnWhiteSite
4617,18,23
timeStep,numberOfRobotsOnBlackSite,numberOfRobotsOnWhiteSite
4618,18,23
timeStep,numberOfRobotsOnBlackSite,numberOfRobotsOnWhiteSite
4619,18,23
timeStep,numberOfRobotsOnBlackSite,numberOfRobotsOnWhiteSite
4620,18,23
timeStep,numberOfRobotsOnBlackSite,numberOfRobotsOnWhiteSite
4621,18,23
timeStep,numberOfRobotsOnBlackSite,numberOfRobotsOnWhiteSite
4622,18,23
timeStep,numberOfRobotsOnBlackSite,numberOfRobotsOnWhiteSite
4623,18,23
timeStep,numberOfRobotsOnBlackSite,numberOfRobotsOnWhiteSite
4624,18,23
timeStep,numberOfRobotsOnBlackSite,numberOfRobotsOnWhiteSite
4625,18,23
timeStep,numberOfRobotsOnBlackSite,numberOfRobotsOnWhiteSite
4626,18,23
timeStep,numberOfRobotsOnBlackSite,numberOfRobotsOnWhiteSite
4627,18,23
timeStep,numberOfRobotsOnBlackSite,numberOfRobotsOnWhiteSite
4628,18,23
timeStep,numberOfRobotsOnBlackSite,numberOfRobotsOnWhiteSite
4629,18,23
timeStep,numberOfRobotsOnBlackSite,numberOfRobotsOnWhiteSite
4630,18,23
timeStep,numberOfRobotsOnBlackSite,numberOfRobotsOnWhiteSite
4631,18,23
timeStep,numberOfRobotsOnBlackSite,numberOfRobotsOnWhiteSite
4632,18,23
timeStep,numberOfRobotsOnBlackSite,numberOfRobotsOnWhiteSite
4633,18,23
timeStep,numberOfRobotsOnBlackSite,numberOfRobotsOnWhiteSite
4634,18,23
timeStep,numberOfRobotsOnBlackSite,numberOfRobotsOnWhiteSite
4635,18,23
timeStep,numberOfRobotsOnBlackSite,numberOfRobotsOnWhiteSite
4636,18,23
timeStep,numberOfRobotsOnBlackSite,numberOfRobotsOnWhiteSite
4637,18,23
timeStep,numberOfRobotsOnBlackSite,numberOfRobotsOnWhiteSite
4638,18,23
timeStep,numberOfRobotsOnBlackSite,numberOfRobotsOnWhiteSite
4639,18,23
timeStep,numberOfRobotsOnBlackSite,numberOfRobotsOnWhiteSite
4640,19,23
timeStep,numberOfRobotsOnBlackSite,numberOfRobotsOnWhiteSite
4641,19,23
timeStep,numberOfRobotsOnBlackSite,numberOfRobotsOnWhiteSite
4642,19,23
timeStep,numberOfRobotsOnBlackSite,numberOfRobotsOnWhiteSite
4643,19,23
timeStep,numberOfRobotsOnBlackSite,numberOfRobotsOnWhiteSite
4644,19,23
timeStep,numberOfRobotsOnBlackSite,numberOfRobotsOnWhiteSite
4645,19,23
timeStep,numberOfRobotsOnBlackSite,numberOfRobotsOnWhiteSite
4646,19,23
timeStep,numberOfRobotsOnBlackSite,numberOfRobotsOnWhiteSite
4647,19,23
timeStep,numberOfRobotsOnBlackSite,numberOfRobotsOnWhiteSite
4648,19,23
timeStep,numberOfRobotsOnBlackSite,numberOfRobotsOnWhiteSite
4649,19,23
timeStep,numberOfRobotsOnBlackSite,numberOfRobotsOnWhiteSite
4650,19,23
timeStep,numberOfRobotsOnBlackSite,numberOfRobotsOnWhiteSite
4651,19,23
timeStep,numberOfRobotsOnBlackSite,numberOfRobotsOnWhiteSite
4652,19,23
timeStep,numberOfRobotsOnBlackSite,numberOfRobotsOnWhiteSite
4653,19,23
timeStep,numberOfRobotsOnBlackSite,numberOfRobotsOnWhiteSite
4654,19,23
timeStep,numberOfRobotsOnBlackSite,numberOfRobotsOnWhiteSite
4655,19,23
timeStep,numberOfRobotsOnBlackSite,numberOfRobotsOnWhiteSite
4656,19,23
timeStep,numberOfRobotsOnBlackSite,numberOfRobotsOnWhiteSite
4657,19,23
timeStep,numberOfRobotsOnBlackSite,numberOfRobotsOnWhiteSite
4658,19,23
timeStep,numberOfRobotsOnBlackSite,numberOfRobotsOnWhiteSite
4659,19,23
timeStep,numberOfRobotsOnBlackSite,numberOfRobotsOnWhiteSite
4660,19,23
timeStep,numberOfRobotsOnBlackSite,numberOfRobotsOnWhiteSite
4661,19,23
timeStep,numberOfRobotsOnBlackSite,numberOfRobotsOnWhiteSite
4662,19,23
timeStep,numberOfRobotsOnBlackSite,numberOfRobotsOnWhiteSite
4663,19,23
timeStep,numberOfRobotsOnBlackSite,numberOfRobotsOnWhiteSite
4664,19,23
timeStep,numberOfRobotsOnBlackSite,numberOfRobotsOnWhiteSite
4665,18,23
timeStep,numberOfRobotsOnBlackSite,numberOfRobotsOnWhiteSite
4666,18,23
timeStep,numberOfRobotsOnBlackSite,numberOfRobotsOnWhiteSite
4667,18,23
timeStep,numberOfRobotsOnBlackSite,numberOfRobotsOnWhiteSite
4668,18,23
timeStep,numberOfRobotsOnBlackSite,numberOfRobotsOnWhiteSite
4669,18,23
timeStep,numberOfRobotsOnBlackSite,numberOfRobotsOnWhiteSite
4670,18,23
timeStep,numberOfRobotsOnBlackSite,numberOfRobotsOnWhiteSite
4671,18,23
timeStep,numberOfRobotsOnBlackSite,numberOfRobotsOnWhiteSite
4672,18,23
timeStep,numberOfRobotsOnBlackSite,numberOfRobotsOnWhiteSite
4673,18,23
timeStep,numberOfRobotsOnBlackSite,numberOfRobotsOnWhiteSite
4674,18,23
timeStep,numberOfRobotsOnBlackSite,numberOfRobotsOnWhiteSite
4675,18,23
timeStep,numberOfRobotsOnBlackSite,numberOfRobotsOnWhiteSite
4676,18,23
timeStep,numberOfRobotsOnBlackSite,numberOfRobotsOnWhiteSite
4677,18,23
timeStep,numberOfRobotsOnBlackSite,numberOfRobotsOnWhiteSite
4678,18,23
timeStep,numberOfRobotsOnBlackSite,numberOfRobotsOnWhiteSite
4679,18,23
timeStep,numberOfRobotsOnBlackSite,numberOfRobotsOnWhiteSite
4680,18,23
timeStep,numberOfRobotsOnBlackSite,numberOfRobotsOnWhiteSite
4681,18,23
timeStep,numberOfRobotsOnBlackSite,numberOfRobotsOnWhiteSite
4682,18,23
timeStep,numberOfRobotsOnBlackSite,numberOfRobotsOnWhiteSite
4683,18,23
timeStep,numberOfRobotsOnBlackSite,numberOfRobotsOnWhiteSite
4684,18,23
timeStep,numberOfRobotsOnBlackSite,numberOfRobotsOnWhiteSite
4685,18,23
timeStep,numberOfRobotsOnBlackSite,numberOfRobotsOnWhiteSite
4686,18,23
timeStep,numberOfRobotsOnBlackSite,numberOfRobotsOnWhiteSite
4687,18,23
timeStep,numberOfRobotsOnBlackSite,numberOfRobotsOnWhiteSite
4688,18,23
timeStep,numberOfRobotsOnBlackSite,numberOfRobotsOnWhiteSite
4689,18,23
timeStep,numberOfRobotsOnBlackSite,numberOfRobotsOnWhiteSite
4690,18,23
timeStep,numberOfRobotsOnBlackSite,numberOfRobotsOnWhiteSite
4691,18,23
timeStep,numberOfRobotsOnBlackSite,numberOfRobotsOnWhiteSite
4692,18,23
timeStep,numberOfRobotsOnBlackSite,numberOfRobotsOnWhiteSite
4693,18,23
timeStep,numberOfRobotsOnBlackSite,numberOfRobotsOnWhiteSite
4694,18,23
timeStep,numberOfRobotsOnBlackSite,numberOfRobotsOnWhiteSite
4695,18,22
timeStep,numberOfRobotsOnBlackSite,numberOfRobotsOnWhiteSite
4696,18,22
timeStep,numberOfRobotsOnBlackSite,numberOfRobotsOnWhiteSite
4697,18,22
timeStep,numberOfRobotsOnBlackSite,numberOfRobotsOnWhiteSite
4698,18,22
timeStep,numberOfRobotsOnBlackSite,numberOfRobotsOnWhiteSite
4699,18,22
timeStep,numberOfRobotsOnBlackSite,numberOfRobotsOnWhiteSite
4700,18,22
timeStep,numberOfRobotsOnBlackSite,numberOfRobotsOnWhiteSite
4701,18,22
timeStep,numberOfRobotsOnBlackSite,numberOfRobotsOnWhiteSite
4702,18,22
timeStep,numberOfRobotsOnBlackSite,numberOfRobotsOnWhiteSite
4703,18,22
timeStep,numberOfRobotsOnBlackSite,numberOfRobotsOnWhiteSite
4704,18,22
timeStep,numberOfRobotsOnBlackSite,numberOfRobotsOnWhiteSite
4705,18,22
timeStep,numberOfRobotsOnBlackSite,numberOfRobotsOnWhiteSite
4706,18,22
timeStep,numberOfRobotsOnBlackSite,numberOfRobotsOnWhiteSite
4707,18,22
timeStep,numberOfRobotsOnBlackSite,numberOfRobotsOnWhiteSite
4708,18,22
timeStep,numberOfRobotsOnBlackSite,numberOfRobotsOnWhiteSite
4709,18,22
timeStep,numberOfRobotsOnBlackSite,numberOfRobotsOnWhiteSite
4710,18,22
timeStep,numberOfRobotsOnBlackSite,numberOfRobotsOnWhiteSite
4711,18,22
timeStep,numberOfRobotsOnBlackSite,numberOfRobotsOnWhiteSite
4712,18,22
timeStep,numberOfRobotsOnBlackSite,numberOfRobotsOnWhiteSite
4713,18,22
timeStep,numberOfRobotsOnBlackSite,numberOfRobotsOnWhiteSite
4714,18,22
timeStep,numberOfRobotsOnBlackSite,numberOfRobotsOnWhiteSite
4715,18,22
timeStep,numberOfRobotsOnBlackSite,numberOfRobotsOnWhiteSite
4716,18,22
timeStep,numberOfRobotsOnBlackSite,numberOfRobotsOnWhiteSite
4717,18,22
timeStep,numberOfRobotsOnBlackSite,numberOfRobotsOnWhiteSite
4718,18,22
timeStep,numberOfRobotsOnBlackSite,numberOfRobotsOnWhiteSite
4719,18,22
timeStep,numberOfRobotsOnBlackSite,numberOfRobotsOnWhiteSite
4720,18,22
timeStep,numberOfRobotsOnBlackSite,numberOfRobotsOnWhiteSite
4721,18,22
timeStep,numberOfRobotsOnBlackSite,numberOfRobotsOnWhiteSite
4722,18,22
timeStep,numberOfRobotsOnBlackSite,numberOfRobotsOnWhiteSite
4723,18,22
timeStep,numberOfRobotsOnBlackSite,numberOfRobotsOnWhiteSite
4724,18,22
timeStep,numberOfRobotsOnBlackSite,numberOfRobotsOnWhiteSite
4725,18,22
timeStep,numberOfRobotsOnBlackSite,numberOfRobotsOnWhiteSite
4726,18,22
timeStep,numberOfRobotsOnBlackSite,numberOfRobotsOnWhiteSite
4727,18,22
timeStep,numberOfRobotsOnBlackSite,numberOfRobotsOnWhiteSite
4728,18,22
timeStep,numberOfRobotsOnBlackSite,numberOfRobotsOnWhiteSite
4729,18,22
timeStep,numberOfRobotsOnBlackSite,numberOfRobotsOnWhiteSite
4730,18,23
timeStep,numberOfRobotsOnBlackSite,numberOfRobotsOnWhiteSite
4731,18,23
timeStep,numberOfRobotsOnBlackSite,numberOfRobotsOnWhiteSite
4732,18,23
timeStep,numberOfRobotsOnBlackSite,numberOfRobotsOnWhiteSite
4733,18,23
timeStep,numberOfRobotsOnBlackSite,numberOfRobotsOnWhiteSite
4734,18,23
timeStep,numberOfRobotsOnBlackSite,numberOfRobotsOnWhiteSite
4735,18,23
timeStep,numberOfRobotsOnBlackSite,numberOfRobotsOnWhiteSite
4736,18,23
timeStep,numberOfRobotsOnBlackSite,numberOfRobotsOnWhiteSite
4737,18,23
timeStep,numberOfRobotsOnBlackSite,numberOfRobotsOnWhiteSite
4738,18,23
timeStep,numberOfRobotsOnBlackSite,numberOfRobotsOnWhiteSite
4739,18,23
timeStep,numberOfRobotsOnBlackSite,numberOfRobotsOnWhiteSite
4740,18,23
timeStep,numberOfRobotsOnBlackSite,numberOfRobotsOnWhiteSite
4741,18,23
timeStep,numberOfRobotsOnBlackSite,numberOfRobotsOnWhiteSite
4742,18,23
timeStep,numberOfRobotsOnBlackSite,numberOfRobotsOnWhiteSite
4743,18,23
timeStep,numberOfRobotsOnBlackSite,numberOfRobotsOnWhiteSite
4744,18,23
timeStep,numberOfRobotsOnBlackSite,numberOfRobotsOnWhiteSite
4745,18,23
timeStep,numberOfRobotsOnBlackSite,numberOfRobotsOnWhiteSite
4746,18,23
timeStep,numberOfRobotsOnBlackSite,numberOfRobotsOnWhiteSite
4747,18,23
timeStep,numberOfRobotsOnBlackSite,numberOfRobotsOnWhiteSite
4748,18,23
timeStep,numberOfRobotsOnBlackSite,numberOfRobotsOnWhiteSite
4749,18,23
timeStep,numberOfRobotsOnBlackSite,numberOfRobotsOnWhiteSite
4750,18,23
timeStep,numberOfRobotsOnBlackSite,numberOfRobotsOnWhiteSite
4751,18,23
timeStep,numberOfRobotsOnBlackSite,numberOfRobotsOnWhiteSite
4752,18,23
timeStep,numberOfRobotsOnBlackSite,numberOfRobotsOnWhiteSite
4753,18,23
timeStep,numberOfRobotsOnBlackSite,numberOfRobotsOnWhiteSite
4754,18,23
timeStep,numberOfRobotsOnBlackSite,numberOfRobotsOnWhiteSite
4755,18,23
timeStep,numberOfRobotsOnBlackSite,numberOfRobotsOnWhiteSite
4756,18,23
timeStep,numberOfRobotsOnBlackSite,numberOfRobotsOnWhiteSite
4757,18,23
timeStep,numberOfRobotsOnBlackSite,numberOfRobotsOnWhiteSite
4758,18,23
timeStep,numberOfRobotsOnBlackSite,numberOfRobotsOnWhiteSite
4759,18,23
timeStep,numberOfRobotsOnBlackSite,numberOfRobotsOnWhiteSite
4760,18,22
timeStep,numberOfRobotsOnBlackSite,numberOfRobotsOnWhiteSite
4761,18,22
timeStep,numberOfRobotsOnBlackSite,numberOfRobotsOnWhiteSite
4762,18,22
timeStep,numberOfRobotsOnBlackSite,numberOfRobotsOnWhiteSite
4763,18,22
timeStep,numberOfRobotsOnBlackSite,numberOfRobotsOnWhiteSite
4764,18,22
timeStep,numberOfRobotsOnBlackSite,numberOfRobotsOnWhiteSite
4765,18,22
timeStep,numberOfRobotsOnBlackSite,numberOfRobotsOnWhiteSite
4766,18,22
timeStep,numberOfRobotsOnBlackSite,numberOfRobotsOnWhiteSite
4767,18,22
timeStep,numberOfRobotsOnBlackSite,numberOfRobotsOnWhiteSite
4768,18,22
timeStep,numberOfRobotsOnBlackSite,numberOfRobotsOnWhiteSite
4769,18,22
timeStep,numberOfRobotsOnBlackSite,numberOfRobotsOnWhiteSite
4770,18,22
timeStep,numberOfRobotsOnBlackSite,numberOfRobotsOnWhiteSite
4771,18,22
timeStep,numberOfRobotsOnBlackSite,numberOfRobotsOnWhiteSite
4772,18,22
timeStep,numberOfRobotsOnBlackSite,numberOfRobotsOnWhiteSite
4773,18,22
timeStep,numberOfRobotsOnBlackSite,numberOfRobotsOnWhiteSite
4774,18,22
timeStep,numberOfRobotsOnBlackSite,numberOfRobotsOnWhiteSite
4775,18,22
timeStep,numberOfRobotsOnBlackSite,numberOfRobotsOnWhiteSite
4776,18,22
timeStep,numberOfRobotsOnBlackSite,numberOfRobotsOnWhiteSite
4777,18,22
timeStep,numberOfRobotsOnBlackSite,numberOfRobotsOnWhiteSite
4778,18,22
timeStep,numberOfRobotsOnBlackSite,numberOfRobotsOnWhiteSite
4779,18,22
timeStep,numberOfRobotsOnBlackSite,numberOfRobotsOnWhiteSite
4780,18,22
timeStep,numberOfRobotsOnBlackSite,numberOfRobotsOnWhiteSite
4781,18,22
timeStep,numberOfRobotsOnBlackSite,numberOfRobotsOnWhiteSite
4782,18,22
timeStep,numberOfRobotsOnBlackSite,numberOfRobotsOnWhiteSite
4783,18,22
timeStep,numberOfRobotsOnBlackSite,numberOfRobotsOnWhiteSite
4784,18,22
timeStep,numberOfRobotsOnBlackSite,numberOfRobotsOnWhiteSite
4785,18,22
timeStep,numberOfRobotsOnBlackSite,numberOfRobotsOnWhiteSite
4786,18,22
timeStep,numberOfRobotsOnBlackSite,numberOfRobotsOnWhiteSite
4787,18,22
timeStep,numberOfRobotsOnBlackSite,numberOfRobotsOnWhiteSite
4788,18,22
timeStep,numberOfRobotsOnBlackSite,numberOfRobotsOnWhiteSite
4789,18,22
timeStep,numberOfRobotsOnBlackSite,numberOfRobotsOnWhiteSite
4790,18,22
timeStep,numberOfRobotsOnBlackSite,numberOfRobotsOnWhiteSite
4791,18,22
timeStep,numberOfRobotsOnBlackSite,numberOfRobotsOnWhiteSite
4792,18,22
timeStep,numberOfRobotsOnBlackSite,numberOfRobotsOnWhiteSite
4793,18,22
timeStep,numberOfRobotsOnBlackSite,numberOfRobotsOnWhiteSite
4794,18,22
timeStep,numberOfRobotsOnBlackSite,numberOfRobotsOnWhiteSite
4795,18,22
timeStep,numberOfRobotsOnBlackSite,numberOfRobotsOnWhiteSite
4796,18,22
timeStep,numberOfRobotsOnBlackSite,numberOfRobotsOnWhiteSite
4797,18,22
timeStep,numberOfRobotsOnBlackSite,numberOfRobotsOnWhiteSite
4798,18,22
timeStep,numberOfRobotsOnBlackSite,numberOfRobotsOnWhiteSite
4799,18,22
timeStep,numberOfRobotsOnBlackSite,numberOfRobotsOnWhiteSite
4800,18,21
timeStep,numberOfRobotsOnBlackSite,numberOfRobotsOnWhiteSite
4801,18,21
timeStep,numberOfRobotsOnBlackSite,numberOfRobotsOnWhiteSite
4802,18,21
timeStep,numberOfRobotsOnBlackSite,numberOfRobotsOnWhiteSite
4803,18,21
timeStep,numberOfRobotsOnBlackSite,numberOfRobotsOnWhiteSite
4804,18,21
timeStep,numberOfRobotsOnBlackSite,numberOfRobotsOnWhiteSite
4805,18,21
timeStep,numberOfRobotsOnBlackSite,numberOfRobotsOnWhiteSite
4806,18,21
timeStep,numberOfRobotsOnBlackSite,numberOfRobotsOnWhiteSite
4807,18,21
timeStep,numberOfRobotsOnBlackSite,numberOfRobotsOnWhiteSite
4808,18,21
timeStep,numberOfRobotsOnBlackSite,numberOfRobotsOnWhiteSite
4809,18,21
timeStep,numberOfRobotsOnBlackSite,numberOfRobotsOnWhiteSite
4810,18,21
timeStep,numberOfRobotsOnBlackSite,numberOfRobotsOnWhiteSite
4811,18,21
timeStep,numberOfRobotsOnBlackSite,numberOfRobotsOnWhiteSite
4812,18,21
timeStep,numberOfRobotsOnBlackSite,numberOfRobotsOnWhiteSite
4813,18,21
timeStep,numberOfRobotsOnBlackSite,numberOfRobotsOnWhiteSite
4814,18,21
timeStep,numberOfRobotsOnBlackSite,numberOfRobotsOnWhiteSite
4815,18,21
timeStep,numberOfRobotsOnBlackSite,numberOfRobotsOnWhiteSite
4816,18,21
timeStep,numberOfRobotsOnBlackSite,numberOfRobotsOnWhiteSite
4817,18,21
timeStep,numberOfRobotsOnBlackSite,numberOfRobotsOnWhiteSite
4818,18,21
timeStep,numberOfRobotsOnBlackSite,numberOfRobotsOnWhiteSite
4819,18,21
timeStep,numberOfRobotsOnBlackSite,numberOfRobotsOnWhiteSite
4820,18,21
timeStep,numberOfRobotsOnBlackSite,numberOfRobotsOnWhiteSite
4821,18,21
timeStep,numberOfRobotsOnBlackSite,numberOfRobotsOnWhiteSite
4822,18,21
timeStep,numberOfRobotsOnBlackSite,numberOfRobotsOnWhiteSite
4823,18,21
timeStep,numberOfRobotsOnBlackSite,numberOfRobotsOnWhiteSite
4824,18,21
timeStep,numberOfRobotsOnBlackSite,numberOfRobotsOnWhiteSite
4825,18,21
timeStep,numberOfRobotsOnBlackSite,numberOfRobotsOnWhiteSite
4826,18,21
timeStep,numberOfRobotsOnBlackSite,numberOfRobotsOnWhiteSite
4827,18,21
timeStep,numberOfRobotsOnBlackSite,numberOfRobotsOnWhiteSite
4828,18,21
timeStep,numberOfRobotsOnBlackSite,numberOfRobotsOnWhiteSite
4829,18,21
timeStep,numberOfRobotsOnBlackSite,numberOfRobotsOnWhiteSite
4830,18,21
timeStep,numberOfRobotsOnBlackSite,numberOfRobotsOnWhiteSite
4831,18,21
timeStep,numberOfRobotsOnBlackSite,numberOfRobotsOnWhiteSite
4832,18,21
timeStep,numberOfRobotsOnBlackSite,numberOfRobotsOnWhiteSite
4833,18,21
timeStep,numberOfRobotsOnBlackSite,numberOfRobotsOnWhiteSite
4834,18,21
timeStep,numberOfRobotsOnBlackSite,numberOfRobotsOnWhiteSite
4835,18,21
timeStep,numberOfRobotsOnBlackSite,numberOfRobotsOnWhiteSite
4836,18,21
timeStep,numberOfRobotsOnBlackSite,numberOfRobotsOnWhiteSite
4837,18,21
timeStep,numberOfRobotsOnBlackSite,numberOfRobotsOnWhiteSite
4838,18,21
timeStep,numberOfRobotsOnBlackSite,numberOfRobotsOnWhiteSite
4839,18,21
timeStep,numberOfRobotsOnBlackSite,numberOfRobotsOnWhiteSite
4840,18,21
timeStep,numberOfRobotsOnBlackSite,numberOfRobotsOnWhiteSite
4841,18,21
timeStep,numberOfRobotsOnBlackSite,numberOfRobotsOnWhiteSite
4842,18,21
timeStep,numberOfRobotsOnBlackSite,numberOfRobotsOnWhiteSite
4843,18,21
timeStep,numberOfRobotsOnBlackSite,numberOfRobotsOnWhiteSite
4844,18,21
timeStep,numberOfRobotsOnBlackSite,numberOfRobotsOnWhiteSite
4845,17,21
timeStep,numberOfRobotsOnBlackSite,numberOfRobotsOnWhiteSite
4846,17,21
timeStep,numberOfRobotsOnBlackSite,numberOfRobotsOnWhiteSite
4847,17,21
timeStep,numberOfRobotsOnBlackSite,numberOfRobotsOnWhiteSite
4848,17,21
timeStep,numberOfRobotsOnBlackSite,numberOfRobotsOnWhiteSite
4849,17,21
timeStep,numberOfRobotsOnBlackSite,numberOfRobotsOnWhiteSite
4850,17,22
timeStep,numberOfRobotsOnBlackSite,numberOfRobotsOnWhiteSite
4851,17,22
timeStep,numberOfRobotsOnBlackSite,numberOfRobotsOnWhiteSite
4852,17,22
timeStep,numberOfRobotsOnBlackSite,numberOfRobotsOnWhiteSite
4853,17,22
timeStep,numberOfRobotsOnBlackSite,numberOfRobotsOnWhiteSite
4854,17,22
timeStep,numberOfRobotsOnBlackSite,numberOfRobotsOnWhiteSite
4855,17,22
timeStep,numberOfRobotsOnBlackSite,numberOfRobotsOnWhiteSite
4856,17,22
timeStep,numberOfRobotsOnBlackSite,numberOfRobotsOnWhiteSite
4857,17,22
timeStep,numberOfRobotsOnBlackSite,numberOfRobotsOnWhiteSite
4858,17,22
timeStep,numberOfRobotsOnBlackSite,numberOfRobotsOnWhiteSite
4859,17,22
timeStep,numberOfRobotsOnBlackSite,numberOfRobotsOnWhiteSite
4860,17,22
timeStep,numberOfRobotsOnBlackSite,numberOfRobotsOnWhiteSite
4861,17,22
timeStep,numberOfRobotsOnBlackSite,numberOfRobotsOnWhiteSite
4862,17,22
timeStep,numberOfRobotsOnBlackSite,numberOfRobotsOnWhiteSite
4863,17,22
timeStep,numberOfRobotsOnBlackSite,numberOfRobotsOnWhiteSite
4864,17,22
timeStep,numberOfRobotsOnBlackSite,numberOfRobotsOnWhiteSite
4865,18,22
timeStep,numberOfRobotsOnBlackSite,numberOfRobotsOnWhiteSite
4866,18,22
timeStep,numberOfRobotsOnBlackSite,numberOfRobotsOnWhiteSite
4867,18,22
timeStep,numberOfRobotsOnBlackSite,numberOfRobotsOnWhiteSite
4868,18,22
timeStep,numberOfRobotsOnBlackSite,numberOfRobotsOnWhiteSite
4869,18,22
timeStep,numberOfRobotsOnBlackSite,numberOfRobotsOnWhiteSite
4870,18,22
timeStep,numberOfRobotsOnBlackSite,numberOfRobotsOnWhiteSite
4871,18,22
timeStep,numberOfRobotsOnBlackSite,numberOfRobotsOnWhiteSite
4872,18,22
timeStep,numberOfRobotsOnBlackSite,numberOfRobotsOnWhiteSite
4873,18,22
timeStep,numberOfRobotsOnBlackSite,numberOfRobotsOnWhiteSite
4874,18,22
timeStep,numberOfRobotsOnBlackSite,numberOfRobotsOnWhiteSite
4875,18,22
timeStep,numberOfRobotsOnBlackSite,numberOfRobotsOnWhiteSite
4876,18,22
timeStep,numberOfRobotsOnBlackSite,numberOfRobotsOnWhiteSite
4877,18,22
timeStep,numberOfRobotsOnBlackSite,numberOfRobotsOnWhiteSite
4878,18,22
timeStep,numberOfRobotsOnBlackSite,numberOfRobotsOnWhiteSite
4879,18,22
timeStep,numberOfRobotsOnBlackSite,numberOfRobotsOnWhiteSite
4880,18,22
timeStep,numberOfRobotsOnBlackSite,numberOfRobotsOnWhiteSite
4881,18,22
timeStep,numberOfRobotsOnBlackSite,numberOfRobotsOnWhiteSite
4882,18,22
timeStep,numberOfRobotsOnBlackSite,numberOfRobotsOnWhiteSite
4883,18,22
timeStep,numberOfRobotsOnBlackSite,numberOfRobotsOnWhiteSite
4884,18,22
timeStep,numberOfRobotsOnBlackSite,numberOfRobotsOnWhiteSite
4885,18,22
timeStep,numberOfRobotsOnBlackSite,numberOfRobotsOnWhiteSite
4886,18,22
timeStep,numberOfRobotsOnBlackSite,numberOfRobotsOnWhiteSite
4887,18,22
timeStep,numberOfRobotsOnBlackSite,numberOfRobotsOnWhiteSite
4888,18,22
timeStep,numberOfRobotsOnBlackSite,numberOfRobotsOnWhiteSite
4889,18,22
timeStep,numberOfRobotsOnBlackSite,numberOfRobotsOnWhiteSite
4890,18,22
timeStep,numberOfRobotsOnBlackSite,numberOfRobotsOnWhiteSite
4891,18,22
timeStep,numberOfRobotsOnBlackSite,numberOfRobotsOnWhiteSite
4892,18,22
timeStep,numberOfRobotsOnBlackSite,numberOfRobotsOnWhiteSite
4893,18,22
timeStep,numberOfRobotsOnBlackSite,numberOfRobotsOnWhiteSite
4894,18,22
timeStep,numberOfRobotsOnBlackSite,numberOfRobotsOnWhiteSite
4895,18,22
timeStep,numberOfRobotsOnBlackSite,numberOfRobotsOnWhiteSite
4896,18,22
timeStep,numberOfRobotsOnBlackSite,numberOfRobotsOnWhiteSite
4897,18,22
timeStep,numberOfRobotsOnBlackSite,numberOfRobotsOnWhiteSite
4898,18,22
timeStep,numberOfRobotsOnBlackSite,numberOfRobotsOnWhiteSite
4899,18,22
timeStep,numberOfRobotsOnBlackSite,numberOfRobotsOnWhiteSite
4900,18,22
timeStep,numberOfRobotsOnBlackSite,numberOfRobotsOnWhiteSite
4901,18,22
timeStep,numberOfRobotsOnBlackSite,numberOfRobotsOnWhiteSite
4902,18,22
timeStep,numberOfRobotsOnBlackSite,numberOfRobotsOnWhiteSite
4903,18,22
timeStep,numberOfRobotsOnBlackSite,numberOfRobotsOnWhiteSite
4904,18,22
timeStep,numberOfRobotsOnBlackSite,numberOfRobotsOnWhiteSite
4905,19,22
timeStep,numberOfRobotsOnBlackSite,numberOfRobotsOnWhiteSite
4906,19,22
timeStep,numberOfRobotsOnBlackSite,numberOfRobotsOnWhiteSite
4907,19,22
timeStep,numberOfRobotsOnBlackSite,numberOfRobotsOnWhiteSite
4908,19,22
timeStep,numberOfRobotsOnBlackSite,numberOfRobotsOnWhiteSite
4909,19,22
timeStep,numberOfRobotsOnBlackSite,numberOfRobotsOnWhiteSite
4910,19,22
timeStep,numberOfRobotsOnBlackSite,numberOfRobotsOnWhiteSite
4911,19,22
timeStep,numberOfRobotsOnBlackSite,numberOfRobotsOnWhiteSite
4912,19,22
timeStep,numberOfRobotsOnBlackSite,numberOfRobotsOnWhiteSite
4913,19,22
timeStep,numberOfRobotsOnBlackSite,numberOfRobotsOnWhiteSite
4914,19,22
timeStep,numberOfRobotsOnBlackSite,numberOfRobotsOnWhiteSite
4915,19,22
timeStep,numberOfRobotsOnBlackSite,numberOfRobotsOnWhiteSite
4916,19,22
timeStep,numberOfRobotsOnBlackSite,numberOfRobotsOnWhiteSite
4917,19,22
timeStep,numberOfRobotsOnBlackSite,numberOfRobotsOnWhiteSite
4918,19,22
timeStep,numberOfRobotsOnBlackSite,numberOfRobotsOnWhiteSite
4919,19,22
timeStep,numberOfRobotsOnBlackSite,numberOfRobotsOnWhiteSite
4920,19,22
timeStep,numberOfRobotsOnBlackSite,numberOfRobotsOnWhiteSite
4921,19,22
timeStep,numberOfRobotsOnBlackSite,numberOfRobotsOnWhiteSite
4922,19,22
timeStep,numberOfRobotsOnBlackSite,numberOfRobotsOnWhiteSite
4923,19,22
timeStep,numberOfRobotsOnBlackSite,numberOfRobotsOnWhiteSite
4924,19,22
timeStep,numberOfRobotsOnBlackSite,numberOfRobotsOnWhiteSite
4925,18,22
timeStep,numberOfRobotsOnBlackSite,numberOfRobotsOnWhiteSite
4926,18,22
timeStep,numberOfRobotsOnBlackSite,numberOfRobotsOnWhiteSite
4927,18,22
timeStep,numberOfRobotsOnBlackSite,numberOfRobotsOnWhiteSite
4928,18,22
timeStep,numberOfRobotsOnBlackSite,numberOfRobotsOnWhiteSite
4929,18,22
timeStep,numberOfRobotsOnBlackSite,numberOfRobotsOnWhiteSite
4930,18,23
timeStep,numberOfRobotsOnBlackSite,numberOfRobotsOnWhiteSite
4931,18,23
timeStep,numberOfRobotsOnBlackSite,numberOfRobotsOnWhiteSite
4932,18,23
timeStep,numberOfRobotsOnBlackSite,numberOfRobotsOnWhiteSite
4933,18,23
timeStep,numberOfRobotsOnBlackSite,numberOfRobotsOnWhiteSite
4934,18,23
timeStep,numberOfRobotsOnBlackSite,numberOfRobotsOnWhiteSite
4935,18,24
timeStep,numberOfRobotsOnBlackSite,numberOfRobotsOnWhiteSite
4936,18,24
timeStep,numberOfRobotsOnBlackSite,numberOfRobotsOnWhiteSite
4937,18,24
timeStep,numberOfRobotsOnBlackSite,numberOfRobotsOnWhiteSite
4938,18,24
timeStep,numberOfRobotsOnBlackSite,numberOfRobotsOnWhiteSite
4939,18,24
timeStep,numberOfRobotsOnBlackSite,numberOfRobotsOnWhiteSite
4940,18,24
timeStep,numberOfRobotsOnBlackSite,numberOfRobotsOnWhiteSite
4941,18,24
timeStep,numberOfRobotsOnBlackSite,numberOfRobotsOnWhiteSite
4942,18,24
timeStep,numberOfRobotsOnBlackSite,numberOfRobotsOnWhiteSite
4943,18,24
timeStep,numberOfRobotsOnBlackSite,numberOfRobotsOnWhiteSite
4944,18,24
timeStep,numberOfRobotsOnBlackSite,numberOfRobotsOnWhiteSite
4945,17,24
timeStep,numberOfRobotsOnBlackSite,numberOfRobotsOnWhiteSite
4946,17,24
timeStep,numberOfRobotsOnBlackSite,numberOfRobotsOnWhiteSite
4947,17,24
timeStep,numberOfRobotsOnBlackSite,numberOfRobotsOnWhiteSite
4948,17,24
timeStep,numberOfRobotsOnBlackSite,numberOfRobotsOnWhiteSite
4949,17,24
timeStep,numberOfRobotsOnBlackSite,numberOfRobotsOnWhiteSite
4950,17,24
timeStep,numberOfRobotsOnBlackSite,numberOfRobotsOnWhiteSite
4951,17,24
timeStep,numberOfRobotsOnBlackSite,numberOfRobotsOnWhiteSite
4952,17,24
timeStep,numberOfRobotsOnBlackSite,numberOfRobotsOnWhiteSite
4953,17,24
timeStep,numberOfRobotsOnBlackSite,numberOfRobotsOnWhiteSite
4954,17,24
timeStep,numberOfRobotsOnBlackSite,numberOfRobotsOnWhiteSite
4955,17,24
timeStep,numberOfRobotsOnBlackSite,numberOfRobotsOnWhiteSite
4956,17,24
timeStep,numberOfRobotsOnBlackSite,numberOfRobotsOnWhiteSite
4957,17,24
timeStep,numberOfRobotsOnBlackSite,numberOfRobotsOnWhiteSite
4958,17,24
timeStep,numberOfRobotsOnBlackSite,numberOfRobotsOnWhiteSite
4959,17,24
timeStep,numberOfRobotsOnBlackSite,numberOfRobotsOnWhiteSite
4960,17,22
timeStep,numberOfRobotsOnBlackSite,numberOfRobotsOnWhiteSite
4961,17,22
timeStep,numberOfRobotsOnBlackSite,numberOfRobotsOnWhiteSite
4962,17,22
timeStep,numberOfRobotsOnBlackSite,numberOfRobotsOnWhiteSite
4963,17,22
timeStep,numberOfRobotsOnBlackSite,numberOfRobotsOnWhiteSite
4964,17,22
timeStep,numberOfRobotsOnBlackSite,numberOfRobotsOnWhiteSite
4965,17,22
timeStep,numberOfRobotsOnBlackSite,numberOfRobotsOnWhiteSite
4966,17,22
timeStep,numberOfRobotsOnBlackSite,numberOfRobotsOnWhiteSite
4967,17,22
timeStep,numberOfRobotsOnBlackSite,numberOfRobotsOnWhiteSite
4968,17,22
timeStep,numberOfRobotsOnBlackSite,numberOfRobotsOnWhiteSite
4969,17,22
timeStep,numberOfRobotsOnBlackSite,numberOfRobotsOnWhiteSite
4970,17,21
timeStep,numberOfRobotsOnBlackSite,numberOfRobotsOnWhiteSite
4971,17,21
timeStep,numberOfRobotsOnBlackSite,numberOfRobotsOnWhiteSite
4972,17,21
timeStep,numberOfRobotsOnBlackSite,numberOfRobotsOnWhiteSite
4973,17,21
timeStep,numberOfRobotsOnBlackSite,numberOfRobotsOnWhiteSite
4974,17,21
timeStep,numberOfRobotsOnBlackSite,numberOfRobotsOnWhiteSite
4975,17,21
timeStep,numberOfRobotsOnBlackSite,numberOfRobotsOnWhiteSite
4976,17,21
timeStep,numberOfRobotsOnBlackSite,numberOfRobotsOnWhiteSite
4977,17,21
timeStep,numberOfRobotsOnBlackSite,numberOfRobotsOnWhiteSite
4978,17,21
timeStep,numberOfRobotsOnBlackSite,numberOfRobotsOnWhiteSite
4979,17,21
timeStep,numberOfRobotsOnBlackSite,numberOfRobotsOnWhiteSite
4980,17,21
timeStep,numberOfRobotsOnBlackSite,numberOfRobotsOnWhiteSite
4981,17,21
timeStep,numberOfRobotsOnBlackSite,numberOfRobotsOnWhiteSite
4982,17,21
timeStep,numberOfRobotsOnBlackSite,numberOfRobotsOnWhiteSite
4983,17,21
timeStep,numberOfRobotsOnBlackSite,numberOfRobotsOnWhiteSite
4984,17,21
timeStep,numberOfRobotsOnBlackSite,numberOfRobotsOnWhiteSite
4985,18,21
timeStep,numberOfRobotsOnBlackSite,numberOfRobotsOnWhiteSite
4986,18,21
timeStep,numberOfRobotsOnBlackSite,numberOfRobotsOnWhiteSite
4987,18,21
timeStep,numberOfRobotsOnBlackSite,numberOfRobotsOnWhiteSite
4988,18,21
timeStep,numberOfRobotsOnBlackSite,numberOfRobotsOnWhiteSite
4989,18,21
timeStep,numberOfRobotsOnBlackSite,numberOfRobotsOnWhiteSite
4990,18,21
timeStep,numberOfRobotsOnBlackSite,numberOfRobotsOnWhiteSite
4991,18,21
timeStep,numberOfRobotsOnBlackSite,numberOfRobotsOnWhiteSite
4992,18,21
timeStep,numberOfRobotsOnBlackSite,numberOfRobotsOnWhiteSite
4993,18,21
timeStep,numberOfRobotsOnBlackSite,numberOfRobotsOnWhiteSite
4994,18,21
timeStep,numberOfRobotsOnBlackSite,numberOfRobotsOnWhiteSite
4995,18,21
timeStep,numberOfRobotsOnBlackSite,numberOfRobotsOnWhiteSite
4996,18,21
timeStep,numberOfRobotsOnBlackSite,numberOfRobotsOnWhiteSite
4997,18,21
timeStep,numberOfRobotsOnBlackSite,numberOfRobotsOnWhiteSite
4998,18,21
timeStep,numberOfRobotsOnBlackSite,numberOfRobotsOnWhiteSite
4999,18,21
timeStep,numberOfRobotsOnBlackSite,numberOfRobotsOnWhiteSite
5000,18,22
timeStep,numberOfRobotsOnBlackSite,numberOfRobotsOnWhiteSite
5001,18,22
timeStep,numberOfRobotsOnBlackSite,numberOfRobotsOnWhiteSite
5002,18,22
timeStep,numberOfRobotsOnBlackSite,numberOfRobotsOnWhiteSite
5003,18,22
timeStep,numberOfRobotsOnBlackSite,numberOfRobotsOnWhiteSite
5004,18,22
timeStep,numberOfRobotsOnBlackSite,numberOfRobotsOnWhiteSite
5005,19,22
timeStep,numberOfRobotsOnBlackSite,numberOfRobotsOnWhiteSite
5006,19,22
timeStep,numberOfRobotsOnBlackSite,numberOfRobotsOnWhiteSite
5007,19,22
timeStep,numberOfRobotsOnBlackSite,numberOfRobotsOnWhiteSite
5008,19,22
timeStep,numberOfRobotsOnBlackSite,numberOfRobotsOnWhiteSite
5009,19,22
timeStep,numberOfRobotsOnBlackSite,numberOfRobotsOnWhiteSite
5010,19,21
timeStep,numberOfRobotsOnBlackSite,numberOfRobotsOnWhiteSite
5011,19,21
timeStep,numberOfRobotsOnBlackSite,numberOfRobotsOnWhiteSite
5012,19,21
timeStep,numberOfRobotsOnBlackSite,numberOfRobotsOnWhiteSite
5013,19,21
timeStep,numberOfRobotsOnBlackSite,numberOfRobotsOnWhiteSite
5014,19,21
timeStep,numberOfRobotsOnBlackSite,numberOfRobotsOnWhiteSite
5015,19,21
timeStep,numberOfRobotsOnBlackSite,numberOfRobotsOnWhiteSite
5016,19,21
timeStep,numberOfRobotsOnBlackSite,numberOfRobotsOnWhiteSite
5017,19,21
timeStep,numberOfRobotsOnBlackSite,numberOfRobotsOnWhiteSite
5018,19,21
timeStep,numberOfRobotsOnBlackSite,numberOfRobotsOnWhiteSite
5019,19,21
timeStep,numberOfRobotsOnBlackSite,numberOfRobotsOnWhiteSite
5020,19,20
timeStep,numberOfRobotsOnBlackSite,numberOfRobotsOnWhiteSite
5021,19,20
timeStep,numberOfRobotsOnBlackSite,numberOfRobotsOnWhiteSite
5022,19,20
timeStep,numberOfRobotsOnBlackSite,numberOfRobotsOnWhiteSite
5023,19,20
timeStep,numberOfRobotsOnBlackSite,numberOfRobotsOnWhiteSite
5024,19,20
timeStep,numberOfRobotsOnBlackSite,numberOfRobotsOnWhiteSite
5025,19,20
timeStep,numberOfRobotsOnBlackSite,numberOfRobotsOnWhiteSite
5026,19,20
timeStep,numberOfRobotsOnBlackSite,numberOfRobotsOnWhiteSite
5027,19,20
timeStep,numberOfRobotsOnBlackSite,numberOfRobotsOnWhiteSite
5028,19,20
timeStep,numberOfRobotsOnBlackSite,numberOfRobotsOnWhiteSite
5029,19,20
timeStep,numberOfRobotsOnBlackSite,numberOfRobotsOnWhiteSite
5030,19,20
timeStep,numberOfRobotsOnBlackSite,numberOfRobotsOnWhiteSite
5031,19,20
timeStep,numberOfRobotsOnBlackSite,numberOfRobotsOnWhiteSite
5032,19,20
timeStep,numberOfRobotsOnBlackSite,numberOfRobotsOnWhiteSite
5033,19,20
timeStep,numberOfRobotsOnBlackSite,numberOfRobotsOnWhiteSite
5034,19,20
timeStep,numberOfRobotsOnBlackSite,numberOfRobotsOnWhiteSite
5035,19,20
timeStep,numberOfRobotsOnBlackSite,numberOfRobotsOnWhiteSite
5036,19,20
timeStep,numberOfRobotsOnBlackSite,numberOfRobotsOnWhiteSite
5037,19,20
timeStep,numberOfRobotsOnBlackSite,numberOfRobotsOnWhiteSite
5038,19,20
timeStep,numberOfRobotsOnBlackSite,numberOfRobotsOnWhiteSite
5039,19,20
timeStep,numberOfRobotsOnBlackSite,numberOfRobotsOnWhiteSite
5040,19,20
timeStep,numberOfRobotsOnBlackSite,numberOfRobotsOnWhiteSite
5041,19,20
timeStep,numberOfRobotsOnBlackSite,numberOfRobotsOnWhiteSite
5042,19,20
timeStep,numberOfRobotsOnBlackSite,numberOfRobotsOnWhiteSite
5043,19,20
timeStep,numberOfRobotsOnBlackSite,numberOfRobotsOnWhiteSite
5044,19,20
timeStep,numberOfRobotsOnBlackSite,numberOfRobotsOnWhiteSite
5045,19,20
timeStep,numberOfRobotsOnBlackSite,numberOfRobotsOnWhiteSite
5046,19,20
timeStep,numberOfRobotsOnBlackSite,numberOfRobotsOnWhiteSite
5047,19,20
timeStep,numberOfRobotsOnBlackSite,numberOfRobotsOnWhiteSite
5048,19,20
timeStep,numberOfRobotsOnBlackSite,numberOfRobotsOnWhiteSite
5049,19,20
timeStep,numberOfRobotsOnBlackSite,numberOfRobotsOnWhiteSite
5050,19,19
timeStep,numberOfRobotsOnBlackSite,numberOfRobotsOnWhiteSite
5051,19,19
timeStep,numberOfRobotsOnBlackSite,numberOfRobotsOnWhiteSite
5052,19,19
timeStep,numberOfRobotsOnBlackSite,numberOfRobotsOnWhiteSite
5053,19,19
timeStep,numberOfRobotsOnBlackSite,numberOfRobotsOnWhiteSite
5054,19,19
timeStep,numberOfRobotsOnBlackSite,numberOfRobotsOnWhiteSite
5055,19,19
timeStep,numberOfRobotsOnBlackSite,numberOfRobotsOnWhiteSite
5056,19,19
timeStep,numberOfRobotsOnBlackSite,numberOfRobotsOnWhiteSite
5057,19,19
timeStep,numberOfRobotsOnBlackSite,numberOfRobotsOnWhiteSite
5058,19,19
timeStep,numberOfRobotsOnBlackSite,numberOfRobotsOnWhiteSite
5059,19,19
timeStep,numberOfRobotsOnBlackSite,numberOfRobotsOnWhiteSite
5060,19,19
timeStep,numberOfRobotsOnBlackSite,numberOfRobotsOnWhiteSite
5061,19,19
timeStep,numberOfRobotsOnBlackSite,numberOfRobotsOnWhiteSite
5062,19,19
timeStep,numberOfRobotsOnBlackSite,numberOfRobotsOnWhiteSite
5063,19,19
timeStep,numberOfRobotsOnBlackSite,numberOfRobotsOnWhiteSite
5064,19,19
timeStep,numberOfRobotsOnBlackSite,numberOfRobotsOnWhiteSite
5065,19,19
timeStep,numberOfRobotsOnBlackSite,numberOfRobotsOnWhiteSite
5066,19,19
timeStep,numberOfRobotsOnBlackSite,numberOfRobotsOnWhiteSite
5067,19,19
timeStep,numberOfRobotsOnBlackSite,numberOfRobotsOnWhiteSite
5068,19,19
timeStep,numberOfRobotsOnBlackSite,numberOfRobotsOnWhiteSite
5069,19,19
timeStep,numberOfRobotsOnBlackSite,numberOfRobotsOnWhiteSite
5070,19,20
timeStep,numberOfRobotsOnBlackSite,numberOfRobotsOnWhiteSite
5071,19,20
timeStep,numberOfRobotsOnBlackSite,numberOfRobotsOnWhiteSite
5072,19,20
timeStep,numberOfRobotsOnBlackSite,numberOfRobotsOnWhiteSite
5073,19,20
timeStep,numberOfRobotsOnBlackSite,numberOfRobotsOnWhiteSite
5074,19,20
timeStep,numberOfRobotsOnBlackSite,numberOfRobotsOnWhiteSite
5075,19,20
timeStep,numberOfRobotsOnBlackSite,numberOfRobotsOnWhiteSite
5076,19,20
timeStep,numberOfRobotsOnBlackSite,numberOfRobotsOnWhiteSite
5077,19,20
timeStep,numberOfRobotsOnBlackSite,numberOfRobotsOnWhiteSite
5078,19,20
timeStep,numberOfRobotsOnBlackSite,numberOfRobotsOnWhiteSite
5079,19,20
timeStep,numberOfRobotsOnBlackSite,numberOfRobotsOnWhiteSite
5080,19,20
timeStep,numberOfRobotsOnBlackSite,numberOfRobotsOnWhiteSite
5081,19,20
timeStep,numberOfRobotsOnBlackSite,numberOfRobotsOnWhiteSite
5082,19,20
timeStep,numberOfRobotsOnBlackSite,numberOfRobotsOnWhiteSite
5083,19,20
timeStep,numberOfRobotsOnBlackSite,numberOfRobotsOnWhiteSite
5084,19,20
timeStep,numberOfRobotsOnBlackSite,numberOfRobotsOnWhiteSite
5085,19,19
timeStep,numberOfRobotsOnBlackSite,numberOfRobotsOnWhiteSite
5086,19,19
timeStep,numberOfRobotsOnBlackSite,numberOfRobotsOnWhiteSite
5087,19,19
timeStep,numberOfRobotsOnBlackSite,numberOfRobotsOnWhiteSite
5088,19,19
timeStep,numberOfRobotsOnBlackSite,numberOfRobotsOnWhiteSite
5089,19,19
timeStep,numberOfRobotsOnBlackSite,numberOfRobotsOnWhiteSite
5090,20,19
timeStep,numberOfRobotsOnBlackSite,numberOfRobotsOnWhiteSite
5091,20,19
timeStep,numberOfRobotsOnBlackSite,numberOfRobotsOnWhiteSite
5092,20,19
timeStep,numberOfRobotsOnBlackSite,numberOfRobotsOnWhiteSite
5093,20,19
timeStep,numberOfRobotsOnBlackSite,numberOfRobotsOnWhiteSite
5094,20,19
timeStep,numberOfRobotsOnBlackSite,numberOfRobotsOnWhiteSite
5095,20,19
timeStep,numberOfRobotsOnBlackSite,numberOfRobotsOnWhiteSite
5096,20,19
timeStep,numberOfRobotsOnBlackSite,numberOfRobotsOnWhiteSite
5097,20,19
timeStep,numberOfRobotsOnBlackSite,numberOfRobotsOnWhiteSite
5098,20,19
timeStep,numberOfRobotsOnBlackSite,numberOfRobotsOnWhiteSite
5099,20,19
timeStep,numberOfRobotsOnBlackSite,numberOfRobotsOnWhiteSite
5100,20,19
timeStep,numberOfRobotsOnBlackSite,numberOfRobotsOnWhiteSite
5101,20,19
timeStep,numberOfRobotsOnBlackSite,numberOfRobotsOnWhiteSite
5102,20,19
timeStep,numberOfRobotsOnBlackSite,numberOfRobotsOnWhiteSite
5103,20,19
timeStep,numberOfRobotsOnBlackSite,numberOfRobotsOnWhiteSite
5104,20,19
timeStep,numberOfRobotsOnBlackSite,numberOfRobotsOnWhiteSite
5105,20,19
timeStep,numberOfRobotsOnBlackSite,numberOfRobotsOnWhiteSite
5106,20,19
timeStep,numberOfRobotsOnBlackSite,numberOfRobotsOnWhiteSite
5107,20,19
timeStep,numberOfRobotsOnBlackSite,numberOfRobotsOnWhiteSite
5108,20,19
timeStep,numberOfRobotsOnBlackSite,numberOfRobotsOnWhiteSite
5109,20,19
timeStep,numberOfRobotsOnBlackSite,numberOfRobotsOnWhiteSite
5110,20,19
timeStep,numberOfRobotsOnBlackSite,numberOfRobotsOnWhiteSite
5111,20,19
timeStep,numberOfRobotsOnBlackSite,numberOfRobotsOnWhiteSite
5112,20,19
timeStep,numberOfRobotsOnBlackSite,numberOfRobotsOnWhiteSite
5113,20,19
timeStep,numberOfRobotsOnBlackSite,numberOfRobotsOnWhiteSite
5114,20,19
timeStep,numberOfRobotsOnBlackSite,numberOfRobotsOnWhiteSite
5115,20,19
timeStep,numberOfRobotsOnBlackSite,numberOfRobotsOnWhiteSite
5116,20,19
timeStep,numberOfRobotsOnBlackSite,numberOfRobotsOnWhiteSite
5117,20,19
timeStep,numberOfRobotsOnBlackSite,numberOfRobotsOnWhiteSite
5118,20,19
timeStep,numberOfRobotsOnBlackSite,numberOfRobotsOnWhiteSite
5119,20,19
timeStep,numberOfRobotsOnBlackSite,numberOfRobotsOnWhiteSite
5120,20,19
timeStep,numberOfRobotsOnBlackSite,numberOfRobotsOnWhiteSite
5121,20,19
timeStep,numberOfRobotsOnBlackSite,numberOfRobotsOnWhiteSite
5122,20,19
timeStep,numberOfRobotsOnBlackSite,numberOfRobotsOnWhiteSite
5123,20,19
timeStep,numberOfRobotsOnBlackSite,numberOfRobotsOnWhiteSite
5124,20,19
timeStep,numberOfRobotsOnBlackSite,numberOfRobotsOnWhiteSite
5125,20,19
timeStep,numberOfRobotsOnBlackSite,numberOfRobotsOnWhiteSite
5126,20,19
timeStep,numberOfRobotsOnBlackSite,numberOfRobotsOnWhiteSite
5127,20,19
timeStep,numberOfRobotsOnBlackSite,numberOfRobotsOnWhiteSite
5128,20,19
timeStep,numberOfRobotsOnBlackSite,numberOfRobotsOnWhiteSite
5129,20,19
timeStep,numberOfRobotsOnBlackSite,numberOfRobotsOnWhiteSite
5130,20,19
timeStep,numberOfRobotsOnBlackSite,numberOfRobotsOnWhiteSite
5131,20,19
timeStep,numberOfRobotsOnBlackSite,numberOfRobotsOnWhiteSite
5132,20,19
timeStep,numberOfRobotsOnBlackSite,numberOfRobotsOnWhiteSite
5133,20,19
timeStep,numberOfRobotsOnBlackSite,numberOfRobotsOnWhiteSite
5134,20,19
timeStep,numberOfRobotsOnBlackSite,numberOfRobotsOnWhiteSite
5135,20,19
timeStep,numberOfRobotsOnBlackSite,numberOfRobotsOnWhiteSite
5136,20,19
timeStep,numberOfRobotsOnBlackSite,numberOfRobotsOnWhiteSite
5137,20,19
timeStep,numberOfRobotsOnBlackSite,numberOfRobotsOnWhiteSite
5138,20,19
timeStep,numberOfRobotsOnBlackSite,numberOfRobotsOnWhiteSite
5139,20,19
timeStep,numberOfRobotsOnBlackSite,numberOfRobotsOnWhiteSite
5140,20,19
timeStep,numberOfRobotsOnBlackSite,numberOfRobotsOnWhiteSite
5141,20,19
timeStep,numberOfRobotsOnBlackSite,numberOfRobotsOnWhiteSite
5142,20,19
timeStep,numberOfRobotsOnBlackSite,numberOfRobotsOnWhiteSite
5143,20,19
timeStep,numberOfRobotsOnBlackSite,numberOfRobotsOnWhiteSite
5144,20,19
timeStep,numberOfRobotsOnBlackSite,numberOfRobotsOnWhiteSite
5145,20,19
timeStep,numberOfRobotsOnBlackSite,numberOfRobotsOnWhiteSite
5146,20,19
timeStep,numberOfRobotsOnBlackSite,numberOfRobotsOnWhiteSite
5147,20,19
timeStep,numberOfRobotsOnBlackSite,numberOfRobotsOnWhiteSite
5148,20,19
timeStep,numberOfRobotsOnBlackSite,numberOfRobotsOnWhiteSite
5149,20,19
timeStep,numberOfRobotsOnBlackSite,numberOfRobotsOnWhiteSite
5150,20,19
timeStep,numberOfRobotsOnBlackSite,numberOfRobotsOnWhiteSite
5151,20,19
timeStep,numberOfRobotsOnBlackSite,numberOfRobotsOnWhiteSite
5152,20,19
timeStep,numberOfRobotsOnBlackSite,numberOfRobotsOnWhiteSite
5153,20,19
timeStep,numberOfRobotsOnBlackSite,numberOfRobotsOnWhiteSite
5154,20,19
timeStep,numberOfRobotsOnBlackSite,numberOfRobotsOnWhiteSite
5155,20,19
timeStep,numberOfRobotsOnBlackSite,numberOfRobotsOnWhiteSite
5156,20,19
timeStep,numberOfRobotsOnBlackSite,numberOfRobotsOnWhiteSite
5157,20,19
timeStep,numberOfRobotsOnBlackSite,numberOfRobotsOnWhiteSite
5158,20,19
timeStep,numberOfRobotsOnBlackSite,numberOfRobotsOnWhiteSite
5159,20,19
timeStep,numberOfRobotsOnBlackSite,numberOfRobotsOnWhiteSite
5160,20,19
timeStep,numberOfRobotsOnBlackSite,numberOfRobotsOnWhiteSite
5161,20,19
timeStep,numberOfRobotsOnBlackSite,numberOfRobotsOnWhiteSite
5162,20,19
timeStep,numberOfRobotsOnBlackSite,numberOfRobotsOnWhiteSite
5163,20,19
timeStep,numberOfRobotsOnBlackSite,numberOfRobotsOnWhiteSite
5164,20,19
timeStep,numberOfRobotsOnBlackSite,numberOfRobotsOnWhiteSite
5165,20,19
timeStep,numberOfRobotsOnBlackSite,numberOfRobotsOnWhiteSite
5166,20,19
timeStep,numberOfRobotsOnBlackSite,numberOfRobotsOnWhiteSite
5167,20,19
timeStep,numberOfRobotsOnBlackSite,numberOfRobotsOnWhiteSite
5168,20,19
timeStep,numberOfRobotsOnBlackSite,numberOfRobotsOnWhiteSite
5169,20,19
timeStep,numberOfRobotsOnBlackSite,numberOfRobotsOnWhiteSite
5170,20,19
timeStep,numberOfRobotsOnBlackSite,numberOfRobotsOnWhiteSite
5171,20,19
timeStep,numberOfRobotsOnBlackSite,numberOfRobotsOnWhiteSite
5172,20,19
timeStep,numberOfRobotsOnBlackSite,numberOfRobotsOnWhiteSite
5173,20,19
timeStep,numberOfRobotsOnBlackSite,numberOfRobotsOnWhiteSite
5174,20,19
timeStep,numberOfRobotsOnBlackSite,numberOfRobotsOnWhiteSite
5175,20,19
timeStep,numberOfRobotsOnBlackSite,numberOfRobotsOnWhiteSite
5176,20,19
timeStep,numberOfRobotsOnBlackSite,numberOfRobotsOnWhiteSite
5177,20,19
timeStep,numberOfRobotsOnBlackSite,numberOfRobotsOnWhiteSite
5178,20,19
timeStep,numberOfRobotsOnBlackSite,numberOfRobotsOnWhiteSite
5179,20,19
timeStep,numberOfRobotsOnBlackSite,numberOfRobotsOnWhiteSite
5180,20,19
timeStep,numberOfRobotsOnBlackSite,numberOfRobotsOnWhiteSite
5181,20,19
timeStep,numberOfRobotsOnBlackSite,numberOfRobotsOnWhiteSite
5182,20,19
timeStep,numberOfRobotsOnBlackSite,numberOfRobotsOnWhiteSite
5183,20,19
timeStep,numberOfRobotsOnBlackSite,numberOfRobotsOnWhiteSite
5184,20,19
timeStep,numberOfRobotsOnBlackSite,numberOfRobotsOnWhiteSite
5185,20,19
timeStep,numberOfRobotsOnBlackSite,numberOfRobotsOnWhiteSite
5186,20,19
timeStep,numberOfRobotsOnBlackSite,numberOfRobotsOnWhiteSite
5187,20,19
timeStep,numberOfRobotsOnBlackSite,numberOfRobotsOnWhiteSite
5188,20,19
timeStep,numberOfRobotsOnBlackSite,numberOfRobotsOnWhiteSite
5189,20,19
timeStep,numberOfRobotsOnBlackSite,numberOfRobotsOnWhiteSite
5190,20,19
timeStep,numberOfRobotsOnBlackSite,numberOfRobotsOnWhiteSite
5191,20,19
timeStep,numberOfRobotsOnBlackSite,numberOfRobotsOnWhiteSite
5192,20,19
timeStep,numberOfRobotsOnBlackSite,numberOfRobotsOnWhiteSite
5193,20,19
timeStep,numberOfRobotsOnBlackSite,numberOfRobotsOnWhiteSite
5194,20,19
timeStep,numberOfRobotsOnBlackSite,numberOfRobotsOnWhiteSite
5195,20,19
timeStep,numberOfRobotsOnBlackSite,numberOfRobotsOnWhiteSite
5196,20,19
timeStep,numberOfRobotsOnBlackSite,numberOfRobotsOnWhiteSite
5197,20,19
timeStep,numberOfRobotsOnBlackSite,numberOfRobotsOnWhiteSite
5198,20,19
timeStep,numberOfRobotsOnBlackSite,numberOfRobotsOnWhiteSite
5199,20,19
timeStep,numberOfRobotsOnBlackSite,numberOfRobotsOnWhiteSite
5200,20,19
timeStep,numberOfRobotsOnBlackSite,numberOfRobotsOnWhiteSite
5201,20,19
timeStep,numberOfRobotsOnBlackSite,numberOfRobotsOnWhiteSite
5202,20,19
timeStep,numberOfRobotsOnBlackSite,numberOfRobotsOnWhiteSite
5203,20,19
timeStep,numberOfRobotsOnBlackSite,numberOfRobotsOnWhiteSite
5204,20,19
timeStep,numberOfRobotsOnBlackSite,numberOfRobotsOnWhiteSite
5205,20,19
timeStep,numberOfRobotsOnBlackSite,numberOfRobotsOnWhiteSite
5206,20,19
timeStep,numberOfRobotsOnBlackSite,numberOfRobotsOnWhiteSite
5207,20,19
timeStep,numberOfRobotsOnBlackSite,numberOfRobotsOnWhiteSite
5208,20,19
timeStep,numberOfRobotsOnBlackSite,numberOfRobotsOnWhiteSite
5209,20,19
timeStep,numberOfRobotsOnBlackSite,numberOfRobotsOnWhiteSite
5210,20,19
timeStep,numberOfRobotsOnBlackSite,numberOfRobotsOnWhiteSite
5211,20,19
timeStep,numberOfRobotsOnBlackSite,numberOfRobotsOnWhiteSite
5212,20,19
timeStep,numberOfRobotsOnBlackSite,numberOfRobotsOnWhiteSite
5213,20,19
timeStep,numberOfRobotsOnBlackSite,numberOfRobotsOnWhiteSite
5214,20,19
timeStep,numberOfRobotsOnBlackSite,numberOfRobotsOnWhiteSite
5215,20,19
timeStep,numberOfRobotsOnBlackSite,numberOfRobotsOnWhiteSite
5216,20,19
timeStep,numberOfRobotsOnBlackSite,numberOfRobotsOnWhiteSite
5217,20,19
timeStep,numberOfRobotsOnBlackSite,numberOfRobotsOnWhiteSite
5218,20,19
timeStep,numberOfRobotsOnBlackSite,numberOfRobotsOnWhiteSite
5219,20,19
timeStep,numberOfRobotsOnBlackSite,numberOfRobotsOnWhiteSite
5220,20,19
timeStep,numberOfRobotsOnBlackSite,numberOfRobotsOnWhiteSite
5221,20,19
timeStep,numberOfRobotsOnBlackSite,numberOfRobotsOnWhiteSite
5222,20,19
timeStep,numberOfRobotsOnBlackSite,numberOfRobotsOnWhiteSite
5223,20,19
timeStep,numberOfRobotsOnBlackSite,numberOfRobotsOnWhiteSite
5224,20,19
timeStep,numberOfRobotsOnBlackSite,numberOfRobotsOnWhiteSite
5225,20,19
timeStep,numberOfRobotsOnBlackSite,numberOfRobotsOnWhiteSite
5226,20,19
timeStep,numberOfRobotsOnBlackSite,numberOfRobotsOnWhiteSite
5227,20,19
timeStep,numberOfRobotsOnBlackSite,numberOfRobotsOnWhiteSite
5228,20,19
timeStep,numberOfRobotsOnBlackSite,numberOfRobotsOnWhiteSite
5229,20,19
timeStep,numberOfRobotsOnBlackSite,numberOfRobotsOnWhiteSite
5230,20,19
timeStep,numberOfRobotsOnBlackSite,numberOfRobotsOnWhiteSite
5231,20,19
timeStep,numberOfRobotsOnBlackSite,numberOfRobotsOnWhiteSite
5232,20,19
timeStep,numberOfRobotsOnBlackSite,numberOfRobotsOnWhiteSite
5233,20,19
timeStep,numberOfRobotsOnBlackSite,numberOfRobotsOnWhiteSite
5234,20,19
timeStep,numberOfRobotsOnBlackSite,numberOfRobotsOnWhiteSite
5235,20,19
timeStep,numberOfRobotsOnBlackSite,numberOfRobotsOnWhiteSite
5236,20,19
timeStep,numberOfRobotsOnBlackSite,numberOfRobotsOnWhiteSite
5237,20,19
timeStep,numberOfRobotsOnBlackSite,numberOfRobotsOnWhiteSite
5238,20,19
timeStep,numberOfRobotsOnBlackSite,numberOfRobotsOnWhiteSite
5239,20,19
timeStep,numberOfRobotsOnBlackSite,numberOfRobotsOnWhiteSite
5240,20,19
timeStep,numberOfRobotsOnBlackSite,numberOfRobotsOnWhiteSite
5241,20,19
timeStep,numberOfRobotsOnBlackSite,numberOfRobotsOnWhiteSite
5242,20,19
timeStep,numberOfRobotsOnBlackSite,numberOfRobotsOnWhiteSite
5243,20,19
timeStep,numberOfRobotsOnBlackSite,numberOfRobotsOnWhiteSite
5244,20,19
timeStep,numberOfRobotsOnBlackSite,numberOfRobotsOnWhiteSite
5245,20,18
timeStep,numberOfRobotsOnBlackSite,numberOfRobotsOnWhiteSite
5246,20,18
timeStep,numberOfRobotsOnBlackSite,numberOfRobotsOnWhiteSite
5247,20,18
timeStep,numberOfRobotsOnBlackSite,numberOfRobotsOnWhiteSite
5248,20,18
timeStep,numberOfRobotsOnBlackSite,numberOfRobotsOnWhiteSite
5249,20,18
timeStep,numberOfRobotsOnBlackSite,numberOfRobotsOnWhiteSite
5250,20,18
timeStep,numberOfRobotsOnBlackSite,numberOfRobotsOnWhiteSite
5251,20,18
timeStep,numberOfRobotsOnBlackSite,numberOfRobotsOnWhiteSite
5252,20,18
timeStep,numberOfRobotsOnBlackSite,numberOfRobotsOnWhiteSite
5253,20,18
timeStep,numberOfRobotsOnBlackSite,numberOfRobotsOnWhiteSite
5254,20,18
timeStep,numberOfRobotsOnBlackSite,numberOfRobotsOnWhiteSite
5255,20,18
timeStep,numberOfRobotsOnBlackSite,numberOfRobotsOnWhiteSite
5256,20,18
timeStep,numberOfRobotsOnBlackSite,numberOfRobotsOnWhiteSite
5257,20,18
timeStep,numberOfRobotsOnBlackSite,numberOfRobotsOnWhiteSite
5258,20,18
timeStep,numberOfRobotsOnBlackSite,numberOfRobotsOnWhiteSite
5259,20,18
timeStep,numberOfRobotsOnBlackSite,numberOfRobotsOnWhiteSite
5260,20,18
timeStep,numberOfRobotsOnBlackSite,numberOfRobotsOnWhiteSite
5261,20,18
timeStep,numberOfRobotsOnBlackSite,numberOfRobotsOnWhiteSite
5262,20,18
timeStep,numberOfRobotsOnBlackSite,numberOfRobotsOnWhiteSite
5263,20,18
timeStep,numberOfRobotsOnBlackSite,numberOfRobotsOnWhiteSite
5264,20,18
timeStep,numberOfRobotsOnBlackSite,numberOfRobotsOnWhiteSite
5265,20,18
timeStep,numberOfRobotsOnBlackSite,numberOfRobotsOnWhiteSite
5266,20,18
timeStep,numberOfRobotsOnBlackSite,numberOfRobotsOnWhiteSite
5267,20,18
timeStep,numberOfRobotsOnBlackSite,numberOfRobotsOnWhiteSite
5268,20,18
timeStep,numberOfRobotsOnBlackSite,numberOfRobotsOnWhiteSite
5269,20,18
timeStep,numberOfRobotsOnBlackSite,numberOfRobotsOnWhiteSite
5270,20,18
timeStep,numberOfRobotsOnBlackSite,numberOfRobotsOnWhiteSite
5271,20,18
timeStep,numberOfRobotsOnBlackSite,numberOfRobotsOnWhiteSite
5272,20,18
timeStep,numberOfRobotsOnBlackSite,numberOfRobotsOnWhiteSite
5273,20,18
timeStep,numberOfRobotsOnBlackSite,numberOfRobotsOnWhiteSite
5274,20,18
timeStep,numberOfRobotsOnBlackSite,numberOfRobotsOnWhiteSite
5275,20,18
timeStep,numberOfRobotsOnBlackSite,numberOfRobotsOnWhiteSite
5276,20,18
timeStep,numberOfRobotsOnBlackSite,numberOfRobotsOnWhiteSite
5277,20,18
timeStep,numberOfRobotsOnBlackSite,numberOfRobotsOnWhiteSite
5278,20,18
timeStep,numberOfRobotsOnBlackSite,numberOfRobotsOnWhiteSite
5279,20,18
timeStep,numberOfRobotsOnBlackSite,numberOfRobotsOnWhiteSite
5280,20,18
timeStep,numberOfRobotsOnBlackSite,numberOfRobotsOnWhiteSite
5281,20,18
timeStep,numberOfRobotsOnBlackSite,numberOfRobotsOnWhiteSite
5282,20,18
timeStep,numberOfRobotsOnBlackSite,numberOfRobotsOnWhiteSite
5283,20,18
timeStep,numberOfRobotsOnBlackSite,numberOfRobotsOnWhiteSite
5284,20,18
timeStep,numberOfRobotsOnBlackSite,numberOfRobotsOnWhiteSite
5285,20,18
timeStep,numberOfRobotsOnBlackSite,numberOfRobotsOnWhiteSite
5286,20,18
timeStep,numberOfRobotsOnBlackSite,numberOfRobotsOnWhiteSite
5287,20,18
timeStep,numberOfRobotsOnBlackSite,numberOfRobotsOnWhiteSite
5288,20,18
timeStep,numberOfRobotsOnBlackSite,numberOfRobotsOnWhiteSite
5289,20,18
timeStep,numberOfRobotsOnBlackSite,numberOfRobotsOnWhiteSite
5290,20,17
timeStep,numberOfRobotsOnBlackSite,numberOfRobotsOnWhiteSite
5291,20,17
timeStep,numberOfRobotsOnBlackSite,numberOfRobotsOnWhiteSite
5292,20,17
timeStep,numberOfRobotsOnBlackSite,numberOfRobotsOnWhiteSite
5293,20,17
timeStep,numberOfRobotsOnBlackSite,numberOfRobotsOnWhiteSite
5294,20,17
timeStep,numberOfRobotsOnBlackSite,numberOfRobotsOnWhiteSite
5295,20,17
timeStep,numberOfRobotsOnBlackSite,numberOfRobotsOnWhiteSite
5296,20,17
timeStep,numberOfRobotsOnBlackSite,numberOfRobotsOnWhiteSite
5297,20,17
timeStep,numberOfRobotsOnBlackSite,numberOfRobotsOnWhiteSite
5298,20,17
timeStep,numberOfRobotsOnBlackSite,numberOfRobotsOnWhiteSite
5299,20,17
timeStep,numberOfRobotsOnBlackSite,numberOfRobotsOnWhiteSite
5300,20,17
timeStep,numberOfRobotsOnBlackSite,numberOfRobotsOnWhiteSite
5301,20,17
timeStep,numberOfRobotsOnBlackSite,numberOfRobotsOnWhiteSite
5302,20,17
timeStep,numberOfRobotsOnBlackSite,numberOfRobotsOnWhiteSite
5303,20,17
timeStep,numberOfRobotsOnBlackSite,numberOfRobotsOnWhiteSite
5304,20,17
timeStep,numberOfRobotsOnBlackSite,numberOfRobotsOnWhiteSite
5305,20,17
timeStep,numberOfRobotsOnBlackSite,numberOfRobotsOnWhiteSite
5306,20,17
timeStep,numberOfRobotsOnBlackSite,numberOfRobotsOnWhiteSite
5307,20,17
timeStep,numberOfRobotsOnBlackSite,numberOfRobotsOnWhiteSite
5308,20,17
timeStep,numberOfRobotsOnBlackSite,numberOfRobotsOnWhiteSite
5309,20,17
timeStep,numberOfRobotsOnBlackSite,numberOfRobotsOnWhiteSite
5310,20,17
timeStep,numberOfRobotsOnBlackSite,numberOfRobotsOnWhiteSite
5311,20,17
timeStep,numberOfRobotsOnBlackSite,numberOfRobotsOnWhiteSite
5312,20,17
timeStep,numberOfRobotsOnBlackSite,numberOfRobotsOnWhiteSite
5313,20,17
timeStep,numberOfRobotsOnBlackSite,numberOfRobotsOnWhiteSite
5314,20,17
timeStep,numberOfRobotsOnBlackSite,numberOfRobotsOnWhiteSite
5315,20,17
timeStep,numberOfRobotsOnBlackSite,numberOfRobotsOnWhiteSite
5316,20,17
timeStep,numberOfRobotsOnBlackSite,numberOfRobotsOnWhiteSite
5317,20,17
timeStep,numberOfRobotsOnBlackSite,numberOfRobotsOnWhiteSite
5318,20,17
timeStep,numberOfRobotsOnBlackSite,numberOfRobotsOnWhiteSite
5319,20,17
timeStep,numberOfRobotsOnBlackSite,numberOfRobotsOnWhiteSite
5320,20,17
timeStep,numberOfRobotsOnBlackSite,numberOfRobotsOnWhiteSite
5321,20,17
timeStep,numberOfRobotsOnBlackSite,numberOfRobotsOnWhiteSite
5322,20,17
timeStep,numberOfRobotsOnBlackSite,numberOfRobotsOnWhiteSite
5323,20,17
timeStep,numberOfRobotsOnBlackSite,numberOfRobotsOnWhiteSite
5324,20,17
timeStep,numberOfRobotsOnBlackSite,numberOfRobotsOnWhiteSite
5325,20,17
timeStep,numberOfRobotsOnBlackSite,numberOfRobotsOnWhiteSite
5326,20,17
timeStep,numberOfRobotsOnBlackSite,numberOfRobotsOnWhiteSite
5327,20,17
timeStep,numberOfRobotsOnBlackSite,numberOfRobotsOnWhiteSite
5328,20,17
timeStep,numberOfRobotsOnBlackSite,numberOfRobotsOnWhiteSite
5329,20,17
timeStep,numberOfRobotsOnBlackSite,numberOfRobotsOnWhiteSite
5330,20,17
timeStep,numberOfRobotsOnBlackSite,numberOfRobotsOnWhiteSite
5331,20,17
timeStep,numberOfRobotsOnBlackSite,numberOfRobotsOnWhiteSite
5332,20,17
timeStep,numberOfRobotsOnBlackSite,numberOfRobotsOnWhiteSite
5333,20,17
timeStep,numberOfRobotsOnBlackSite,numberOfRobotsOnWhiteSite
5334,20,17
timeStep,numberOfRobotsOnBlackSite,numberOfRobotsOnWhiteSite
5335,20,17
timeStep,numberOfRobotsOnBlackSite,numberOfRobotsOnWhiteSite
5336,20,17
timeStep,numberOfRobotsOnBlackSite,numberOfRobotsOnWhiteSite
5337,20,17
timeStep,numberOfRobotsOnBlackSite,numberOfRobotsOnWhiteSite
5338,20,17
timeStep,numberOfRobotsOnBlackSite,numberOfRobotsOnWhiteSite
5339,20,17
timeStep,numberOfRobotsOnBlackSite,numberOfRobotsOnWhiteSite
5340,20,17
timeStep,numberOfRobotsOnBlackSite,numberOfRobotsOnWhiteSite
5341,20,17
timeStep,numberOfRobotsOnBlackSite,numberOfRobotsOnWhiteSite
5342,20,17
timeStep,numberOfRobotsOnBlackSite,numberOfRobotsOnWhiteSite
5343,20,17
timeStep,numberOfRobotsOnBlackSite,numberOfRobotsOnWhiteSite
5344,20,17
timeStep,numberOfRobotsOnBlackSite,numberOfRobotsOnWhiteSite
5345,21,17
timeStep,numberOfRobotsOnBlackSite,numberOfRobotsOnWhiteSite
5346,21,17
timeStep,numberOfRobotsOnBlackSite,numberOfRobotsOnWhiteSite
5347,21,17
timeStep,numberOfRobotsOnBlackSite,numberOfRobotsOnWhiteSite
5348,21,17
timeStep,numberOfRobotsOnBlackSite,numberOfRobotsOnWhiteSite
5349,21,17
timeStep,numberOfRobotsOnBlackSite,numberOfRobotsOnWhiteSite
5350,21,18
timeStep,numberOfRobotsOnBlackSite,numberOfRobotsOnWhiteSite
5351,21,18
timeStep,numberOfRobotsOnBlackSite,numberOfRobotsOnWhiteSite
5352,21,18
timeStep,numberOfRobotsOnBlackSite,numberOfRobotsOnWhiteSite
5353,21,18
timeStep,numberOfRobotsOnBlackSite,numberOfRobotsOnWhiteSite
5354,21,18
timeStep,numberOfRobotsOnBlackSite,numberOfRobotsOnWhiteSite
5355,21,18
timeStep,numberOfRobotsOnBlackSite,numberOfRobotsOnWhiteSite
5356,21,18
timeStep,numberOfRobotsOnBlackSite,numberOfRobotsOnWhiteSite
5357,21,18
timeStep,numberOfRobotsOnBlackSite,numberOfRobotsOnWhiteSite
5358,21,18
timeStep,numberOfRobotsOnBlackSite,numberOfRobotsOnWhiteSite
5359,21,18
timeStep,numberOfRobotsOnBlackSite,numberOfRobotsOnWhiteSite
5360,21,18
timeStep,numberOfRobotsOnBlackSite,numberOfRobotsOnWhiteSite
5361,21,18
timeStep,numberOfRobotsOnBlackSite,numberOfRobotsOnWhiteSite
5362,21,18
timeStep,numberOfRobotsOnBlackSite,numberOfRobotsOnWhiteSite
5363,21,18
timeStep,numberOfRobotsOnBlackSite,numberOfRobotsOnWhiteSite
5364,21,18
timeStep,numberOfRobotsOnBlackSite,numberOfRobotsOnWhiteSite
5365,21,18
timeStep,numberOfRobotsOnBlackSite,numberOfRobotsOnWhiteSite
5366,21,18
timeStep,numberOfRobotsOnBlackSite,numberOfRobotsOnWhiteSite
5367,21,18
timeStep,numberOfRobotsOnBlackSite,numberOfRobotsOnWhiteSite
5368,21,18
timeStep,numberOfRobotsOnBlackSite,numberOfRobotsOnWhiteSite
5369,21,18
timeStep,numberOfRobotsOnBlackSite,numberOfRobotsOnWhiteSite
5370,21,18
timeStep,numberOfRobotsOnBlackSite,numberOfRobotsOnWhiteSite
5371,21,18
timeStep,numberOfRobotsOnBlackSite,numberOfRobotsOnWhiteSite
5372,21,18
timeStep,numberOfRobotsOnBlackSite,numberOfRobotsOnWhiteSite
5373,21,18
timeStep,numberOfRobotsOnBlackSite,numberOfRobotsOnWhiteSite
5374,21,18
timeStep,numberOfRobotsOnBlackSite,numberOfRobotsOnWhiteSite
5375,21,18
timeStep,numberOfRobotsOnBlackSite,numberOfRobotsOnWhiteSite
5376,21,18
timeStep,numberOfRobotsOnBlackSite,numberOfRobotsOnWhiteSite
5377,21,18
timeStep,numberOfRobotsOnBlackSite,numberOfRobotsOnWhiteSite
5378,21,18
timeStep,numberOfRobotsOnBlackSite,numberOfRobotsOnWhiteSite
5379,21,18
timeStep,numberOfRobotsOnBlackSite,numberOfRobotsOnWhiteSite
5380,21,18
timeStep,numberOfRobotsOnBlackSite,numberOfRobotsOnWhiteSite
5381,21,18
timeStep,numberOfRobotsOnBlackSite,numberOfRobotsOnWhiteSite
5382,21,18
timeStep,numberOfRobotsOnBlackSite,numberOfRobotsOnWhiteSite
5383,21,18
timeStep,numberOfRobotsOnBlackSite,numberOfRobotsOnWhiteSite
5384,21,18
timeStep,numberOfRobotsOnBlackSite,numberOfRobotsOnWhiteSite
5385,21,18
timeStep,numberOfRobotsOnBlackSite,numberOfRobotsOnWhiteSite
5386,21,18
timeStep,numberOfRobotsOnBlackSite,numberOfRobotsOnWhiteSite
5387,21,18
timeStep,numberOfRobotsOnBlackSite,numberOfRobotsOnWhiteSite
5388,21,18
timeStep,numberOfRobotsOnBlackSite,numberOfRobotsOnWhiteSite
5389,21,18
timeStep,numberOfRobotsOnBlackSite,numberOfRobotsOnWhiteSite
5390,21,18
timeStep,numberOfRobotsOnBlackSite,numberOfRobotsOnWhiteSite
5391,21,18
timeStep,numberOfRobotsOnBlackSite,numberOfRobotsOnWhiteSite
5392,21,18
timeStep,numberOfRobotsOnBlackSite,numberOfRobotsOnWhiteSite
5393,21,18
timeStep,numberOfRobotsOnBlackSite,numberOfRobotsOnWhiteSite
5394,21,18
timeStep,numberOfRobotsOnBlackSite,numberOfRobotsOnWhiteSite
5395,21,18
timeStep,numberOfRobotsOnBlackSite,numberOfRobotsOnWhiteSite
5396,21,18
timeStep,numberOfRobotsOnBlackSite,numberOfRobotsOnWhiteSite
5397,21,18
timeStep,numberOfRobotsOnBlackSite,numberOfRobotsOnWhiteSite
5398,21,18
timeStep,numberOfRobotsOnBlackSite,numberOfRobotsOnWhiteSite
5399,21,18
timeStep,numberOfRobotsOnBlackSite,numberOfRobotsOnWhiteSite
5400,21,18
timeStep,numberOfRobotsOnBlackSite,numberOfRobotsOnWhiteSite
5401,21,18
timeStep,numberOfRobotsOnBlackSite,numberOfRobotsOnWhiteSite
5402,21,18
timeStep,numberOfRobotsOnBlackSite,numberOfRobotsOnWhiteSite
5403,21,18
timeStep,numberOfRobotsOnBlackSite,numberOfRobotsOnWhiteSite
5404,21,18
timeStep,numberOfRobotsOnBlackSite,numberOfRobotsOnWhiteSite
5405,21,18
timeStep,numberOfRobotsOnBlackSite,numberOfRobotsOnWhiteSite
5406,21,18
timeStep,numberOfRobotsOnBlackSite,numberOfRobotsOnWhiteSite
5407,21,18
timeStep,numberOfRobotsOnBlackSite,numberOfRobotsOnWhiteSite
5408,21,18
timeStep,numberOfRobotsOnBlackSite,numberOfRobotsOnWhiteSite
5409,21,18
timeStep,numberOfRobotsOnBlackSite,numberOfRobotsOnWhiteSite
5410,21,18
timeStep,numberOfRobotsOnBlackSite,numberOfRobotsOnWhiteSite
5411,21,18
timeStep,numberOfRobotsOnBlackSite,numberOfRobotsOnWhiteSite
5412,21,18
timeStep,numberOfRobotsOnBlackSite,numberOfRobotsOnWhiteSite
5413,21,18
timeStep,numberOfRobotsOnBlackSite,numberOfRobotsOnWhiteSite
5414,21,18
timeStep,numberOfRobotsOnBlackSite,numberOfRobotsOnWhiteSite
5415,21,18
timeStep,numberOfRobotsOnBlackSite,numberOfRobotsOnWhiteSite
5416,21,18
timeStep,numberOfRobotsOnBlackSite,numberOfRobotsOnWhiteSite
5417,21,18
timeStep,numberOfRobotsOnBlackSite,numberOfRobotsOnWhiteSite
5418,21,18
timeStep,numberOfRobotsOnBlackSite,numberOfRobotsOnWhiteSite
5419,21,18
timeStep,numberOfRobotsOnBlackSite,numberOfRobotsOnWhiteSite
5420,21,18
timeStep,numberOfRobotsOnBlackSite,numberOfRobotsOnWhiteSite
5421,21,18
timeStep,numberOfRobotsOnBlackSite,numberOfRobotsOnWhiteSite
5422,21,18
timeStep,numberOfRobotsOnBlackSite,numberOfRobotsOnWhiteSite
5423,21,18
timeStep,numberOfRobotsOnBlackSite,numberOfRobotsOnWhiteSite
5424,21,18
timeStep,numberOfRobotsOnBlackSite,numberOfRobotsOnWhiteSite
5425,21,18
timeStep,numberOfRobotsOnBlackSite,numberOfRobotsOnWhiteSite
5426,21,18
timeStep,numberOfRobotsOnBlackSite,numberOfRobotsOnWhiteSite
5427,21,18
timeStep,numberOfRobotsOnBlackSite,numberOfRobotsOnWhiteSite
5428,21,18
timeStep,numberOfRobotsOnBlackSite,numberOfRobotsOnWhiteSite
5429,21,18
timeStep,numberOfRobotsOnBlackSite,numberOfRobotsOnWhiteSite
5430,21,18
timeStep,numberOfRobotsOnBlackSite,numberOfRobotsOnWhiteSite
5431,21,18
timeStep,numberOfRobotsOnBlackSite,numberOfRobotsOnWhiteSite
5432,21,18
timeStep,numberOfRobotsOnBlackSite,numberOfRobotsOnWhiteSite
5433,21,18
timeStep,numberOfRobotsOnBlackSite,numberOfRobotsOnWhiteSite
5434,21,18
timeStep,numberOfRobotsOnBlackSite,numberOfRobotsOnWhiteSite
5435,21,18
timeStep,numberOfRobotsOnBlackSite,numberOfRobotsOnWhiteSite
5436,21,18
timeStep,numberOfRobotsOnBlackSite,numberOfRobotsOnWhiteSite
5437,21,18
timeStep,numberOfRobotsOnBlackSite,numberOfRobotsOnWhiteSite
5438,21,18
timeStep,numberOfRobotsOnBlackSite,numberOfRobotsOnWhiteSite
5439,21,18
timeStep,numberOfRobotsOnBlackSite,numberOfRobotsOnWhiteSite
5440,21,18
timeStep,numberOfRobotsOnBlackSite,numberOfRobotsOnWhiteSite
5441,21,18
timeStep,numberOfRobotsOnBlackSite,numberOfRobotsOnWhiteSite
5442,21,18
timeStep,numberOfRobotsOnBlackSite,numberOfRobotsOnWhiteSite
5443,21,18
timeStep,numberOfRobotsOnBlackSite,numberOfRobotsOnWhiteSite
5444,21,18
timeStep,numberOfRobotsOnBlackSite,numberOfRobotsOnWhiteSite
5445,21,18
timeStep,numberOfRobotsOnBlackSite,numberOfRobotsOnWhiteSite
5446,21,18
timeStep,numberOfRobotsOnBlackSite,numberOfRobotsOnWhiteSite
5447,21,18
timeStep,numberOfRobotsOnBlackSite,numberOfRobotsOnWhiteSite
5448,21,18
timeStep,numberOfRobotsOnBlackSite,numberOfRobotsOnWhiteSite
5449,21,18
timeStep,numberOfRobotsOnBlackSite,numberOfRobotsOnWhiteSite
5450,21,19
timeStep,numberOfRobotsOnBlackSite,numberOfRobotsOnWhiteSite
5451,21,19
timeStep,numberOfRobotsOnBlackSite,numberOfRobotsOnWhiteSite
5452,21,19
timeStep,numberOfRobotsOnBlackSite,numberOfRobotsOnWhiteSite
5453,21,19
timeStep,numberOfRobotsOnBlackSite,numberOfRobotsOnWhiteSite
5454,21,19
timeStep,numberOfRobotsOnBlackSite,numberOfRobotsOnWhiteSite
5455,21,19
timeStep,numberOfRobotsOnBlackSite,numberOfRobotsOnWhiteSite
5456,21,19
timeStep,numberOfRobotsOnBlackSite,numberOfRobotsOnWhiteSite
5457,21,19
timeStep,numberOfRobotsOnBlackSite,numberOfRobotsOnWhiteSite
5458,21,19
timeStep,numberOfRobotsOnBlackSite,numberOfRobotsOnWhiteSite
5459,21,19
timeStep,numberOfRobotsOnBlackSite,numberOfRobotsOnWhiteSite
5460,21,19
timeStep,numberOfRobotsOnBlackSite,numberOfRobotsOnWhiteSite
5461,21,19
timeStep,numberOfRobotsOnBlackSite,numberOfRobotsOnWhiteSite
5462,21,19
timeStep,numberOfRobotsOnBlackSite,numberOfRobotsOnWhiteSite
5463,21,19
timeStep,numberOfRobotsOnBlackSite,numberOfRobotsOnWhiteSite
5464,21,19
timeStep,numberOfRobotsOnBlackSite,numberOfRobotsOnWhiteSite
5465,21,19
timeStep,numberOfRobotsOnBlackSite,numberOfRobotsOnWhiteSite
5466,21,19
timeStep,numberOfRobotsOnBlackSite,numberOfRobotsOnWhiteSite
5467,21,19
timeStep,numberOfRobotsOnBlackSite,numberOfRobotsOnWhiteSite
5468,21,19
timeStep,numberOfRobotsOnBlackSite,numberOfRobotsOnWhiteSite
5469,21,19
timeStep,numberOfRobotsOnBlackSite,numberOfRobotsOnWhiteSite
5470,21,19
timeStep,numberOfRobotsOnBlackSite,numberOfRobotsOnWhiteSite
5471,21,19
timeStep,numberOfRobotsOnBlackSite,numberOfRobotsOnWhiteSite
5472,21,19
timeStep,numberOfRobotsOnBlackSite,numberOfRobotsOnWhiteSite
5473,21,19
timeStep,numberOfRobotsOnBlackSite,numberOfRobotsOnWhiteSite
5474,21,19
timeStep,numberOfRobotsOnBlackSite,numberOfRobotsOnWhiteSite
5475,21,19
timeStep,numberOfRobotsOnBlackSite,numberOfRobotsOnWhiteSite
5476,21,19
timeStep,numberOfRobotsOnBlackSite,numberOfRobotsOnWhiteSite
5477,21,19
timeStep,numberOfRobotsOnBlackSite,numberOfRobotsOnWhiteSite
5478,21,19
timeStep,numberOfRobotsOnBlackSite,numberOfRobotsOnWhiteSite
5479,21,19
timeStep,numberOfRobotsOnBlackSite,numberOfRobotsOnWhiteSite
5480,21,19
timeStep,numberOfRobotsOnBlackSite,numberOfRobotsOnWhiteSite
5481,21,19
timeStep,numberOfRobotsOnBlackSite,numberOfRobotsOnWhiteSite
5482,21,19
timeStep,numberOfRobotsOnBlackSite,numberOfRobotsOnWhiteSite
5483,21,19
timeStep,numberOfRobotsOnBlackSite,numberOfRobotsOnWhiteSite
5484,21,19
timeStep,numberOfRobotsOnBlackSite,numberOfRobotsOnWhiteSite
5485,21,19
timeStep,numberOfRobotsOnBlackSite,numberOfRobotsOnWhiteSite
5486,21,19
timeStep,numberOfRobotsOnBlackSite,numberOfRobotsOnWhiteSite
5487,21,19
timeStep,numberOfRobotsOnBlackSite,numberOfRobotsOnWhiteSite
5488,21,19
timeStep,numberOfRobotsOnBlackSite,numberOfRobotsOnWhiteSite
5489,21,19
timeStep,numberOfRobotsOnBlackSite,numberOfRobotsOnWhiteSite
5490,21,19
timeStep,numberOfRobotsOnBlackSite,numberOfRobotsOnWhiteSite
5491,21,19
timeStep,numberOfRobotsOnBlackSite,numberOfRobotsOnWhiteSite
5492,21,19
timeStep,numberOfRobotsOnBlackSite,numberOfRobotsOnWhiteSite
5493,21,19
timeStep,numberOfRobotsOnBlackSite,numberOfRobotsOnWhiteSite
5494,21,19
timeStep,numberOfRobotsOnBlackSite,numberOfRobotsOnWhiteSite
5495,21,19
timeStep,numberOfRobotsOnBlackSite,numberOfRobotsOnWhiteSite
5496,21,19
timeStep,numberOfRobotsOnBlackSite,numberOfRobotsOnWhiteSite
5497,21,19
timeStep,numberOfRobotsOnBlackSite,numberOfRobotsOnWhiteSite
5498,21,19
timeStep,numberOfRobotsOnBlackSite,numberOfRobotsOnWhiteSite
5499,21,19
timeStep,numberOfRobotsOnBlackSite,numberOfRobotsOnWhiteSite
5500,21,19
timeStep,numberOfRobotsOnBlackSite,numberOfRobotsOnWhiteSite
5501,21,19
timeStep,numberOfRobotsOnBlackSite,numberOfRobotsOnWhiteSite
5502,21,19
timeStep,numberOfRobotsOnBlackSite,numberOfRobotsOnWhiteSite
5503,21,19
timeStep,numberOfRobotsOnBlackSite,numberOfRobotsOnWhiteSite
5504,21,19
timeStep,numberOfRobotsOnBlackSite,numberOfRobotsOnWhiteSite
5505,21,19
timeStep,numberOfRobotsOnBlackSite,numberOfRobotsOnWhiteSite
5506,21,19
timeStep,numberOfRobotsOnBlackSite,numberOfRobotsOnWhiteSite
5507,21,19
timeStep,numberOfRobotsOnBlackSite,numberOfRobotsOnWhiteSite
5508,21,19
timeStep,numberOfRobotsOnBlackSite,numberOfRobotsOnWhiteSite
5509,21,19
timeStep,numberOfRobotsOnBlackSite,numberOfRobotsOnWhiteSite
5510,21,19
timeStep,numberOfRobotsOnBlackSite,numberOfRobotsOnWhiteSite
5511,21,19
timeStep,numberOfRobotsOnBlackSite,numberOfRobotsOnWhiteSite
5512,21,19
timeStep,numberOfRobotsOnBlackSite,numberOfRobotsOnWhiteSite
5513,21,19
timeStep,numberOfRobotsOnBlackSite,numberOfRobotsOnWhiteSite
5514,21,19
timeStep,numberOfRobotsOnBlackSite,numberOfRobotsOnWhiteSite
5515,21,19
timeStep,numberOfRobotsOnBlackSite,numberOfRobotsOnWhiteSite
5516,21,19
timeStep,numberOfRobotsOnBlackSite,numberOfRobotsOnWhiteSite
5517,21,19
timeStep,numberOfRobotsOnBlackSite,numberOfRobotsOnWhiteSite
5518,21,19
timeStep,numberOfRobotsOnBlackSite,numberOfRobotsOnWhiteSite
5519,21,19
timeStep,numberOfRobotsOnBlackSite,numberOfRobotsOnWhiteSite
5520,21,19
timeStep,numberOfRobotsOnBlackSite,numberOfRobotsOnWhiteSite
5521,21,19
timeStep,numberOfRobotsOnBlackSite,numberOfRobotsOnWhiteSite
5522,21,19
timeStep,numberOfRobotsOnBlackSite,numberOfRobotsOnWhiteSite
5523,21,19
timeStep,numberOfRobotsOnBlackSite,numberOfRobotsOnWhiteSite
5524,21,19
timeStep,numberOfRobotsOnBlackSite,numberOfRobotsOnWhiteSite
5525,21,19
timeStep,numberOfRobotsOnBlackSite,numberOfRobotsOnWhiteSite
5526,21,19
timeStep,numberOfRobotsOnBlackSite,numberOfRobotsOnWhiteSite
5527,21,19
timeStep,numberOfRobotsOnBlackSite,numberOfRobotsOnWhiteSite
5528,21,19
timeStep,numberOfRobotsOnBlackSite,numberOfRobotsOnWhiteSite
5529,21,19
timeStep,numberOfRobotsOnBlackSite,numberOfRobotsOnWhiteSite
5530,21,19
timeStep,numberOfRobotsOnBlackSite,numberOfRobotsOnWhiteSite
5531,21,19
timeStep,numberOfRobotsOnBlackSite,numberOfRobotsOnWhiteSite
5532,21,19
timeStep,numberOfRobotsOnBlackSite,numberOfRobotsOnWhiteSite
5533,21,19
timeStep,numberOfRobotsOnBlackSite,numberOfRobotsOnWhiteSite
5534,21,19
timeStep,numberOfRobotsOnBlackSite,numberOfRobotsOnWhiteSite
5535,21,20
timeStep,numberOfRobotsOnBlackSite,numberOfRobotsOnWhiteSite
5536,21,20
timeStep,numberOfRobotsOnBlackSite,numberOfRobotsOnWhiteSite
5537,21,20
timeStep,numberOfRobotsOnBlackSite,numberOfRobotsOnWhiteSite
5538,21,20
timeStep,numberOfRobotsOnBlackSite,numberOfRobotsOnWhiteSite
5539,21,20
timeStep,numberOfRobotsOnBlackSite,numberOfRobotsOnWhiteSite
5540,21,20
timeStep,numberOfRobotsOnBlackSite,numberOfRobotsOnWhiteSite
5541,21,20
timeStep,numberOfRobotsOnBlackSite,numberOfRobotsOnWhiteSite
5542,21,20
timeStep,numberOfRobotsOnBlackSite,numberOfRobotsOnWhiteSite
5543,21,20
timeStep,numberOfRobotsOnBlackSite,numberOfRobotsOnWhiteSite
5544,21,20
timeStep,numberOfRobotsOnBlackSite,numberOfRobotsOnWhiteSite
5545,21,19
timeStep,numberOfRobotsOnBlackSite,numberOfRobotsOnWhiteSite
5546,21,19
timeStep,numberOfRobotsOnBlackSite,numberOfRobotsOnWhiteSite
5547,21,19
timeStep,numberOfRobotsOnBlackSite,numberOfRobotsOnWhiteSite
5548,21,19
timeStep,numberOfRobotsOnBlackSite,numberOfRobotsOnWhiteSite
5549,21,19
timeStep,numberOfRobotsOnBlackSite,numberOfRobotsOnWhiteSite
5550,21,19
timeStep,numberOfRobotsOnBlackSite,numberOfRobotsOnWhiteSite
5551,21,19
timeStep,numberOfRobotsOnBlackSite,numberOfRobotsOnWhiteSite
5552,21,19
timeStep,numberOfRobotsOnBlackSite,numberOfRobotsOnWhiteSite
5553,21,19
timeStep,numberOfRobotsOnBlackSite,numberOfRobotsOnWhiteSite
5554,21,19
timeStep,numberOfRobotsOnBlackSite,numberOfRobotsOnWhiteSite
5555,21,19
timeStep,numberOfRobotsOnBlackSite,numberOfRobotsOnWhiteSite
5556,21,19
timeStep,numberOfRobotsOnBlackSite,numberOfRobotsOnWhiteSite
5557,21,19
timeStep,numberOfRobotsOnBlackSite,numberOfRobotsOnWhiteSite
5558,21,19
timeStep,numberOfRobotsOnBlackSite,numberOfRobotsOnWhiteSite
5559,21,19
timeStep,numberOfRobotsOnBlackSite,numberOfRobotsOnWhiteSite
5560,21,19
timeStep,numberOfRobotsOnBlackSite,numberOfRobotsOnWhiteSite
5561,21,19
timeStep,numberOfRobotsOnBlackSite,numberOfRobotsOnWhiteSite
5562,21,19
timeStep,numberOfRobotsOnBlackSite,numberOfRobotsOnWhiteSite
5563,21,19
timeStep,numberOfRobotsOnBlackSite,numberOfRobotsOnWhiteSite
5564,21,19
timeStep,numberOfRobotsOnBlackSite,numberOfRobotsOnWhiteSite
5565,21,19
timeStep,numberOfRobotsOnBlackSite,numberOfRobotsOnWhiteSite
5566,21,19
timeStep,numberOfRobotsOnBlackSite,numberOfRobotsOnWhiteSite
5567,21,19
timeStep,numberOfRobotsOnBlackSite,numberOfRobotsOnWhiteSite
5568,21,19
timeStep,numberOfRobotsOnBlackSite,numberOfRobotsOnWhiteSite
5569,21,19
timeStep,numberOfRobotsOnBlackSite,numberOfRobotsOnWhiteSite
5570,21,19
timeStep,numberOfRobotsOnBlackSite,numberOfRobotsOnWhiteSite
5571,21,19
timeStep,numberOfRobotsOnBlackSite,numberOfRobotsOnWhiteSite
5572,21,19
timeStep,numberOfRobotsOnBlackSite,numberOfRobotsOnWhiteSite
5573,21,19
timeStep,numberOfRobotsOnBlackSite,numberOfRobotsOnWhiteSite
5574,21,19
timeStep,numberOfRobotsOnBlackSite,numberOfRobotsOnWhiteSite
5575,21,19
timeStep,numberOfRobotsOnBlackSite,numberOfRobotsOnWhiteSite
5576,21,19
timeStep,numberOfRobotsOnBlackSite,numberOfRobotsOnWhiteSite
5577,21,19
timeStep,numberOfRobotsOnBlackSite,numberOfRobotsOnWhiteSite
5578,21,19
timeStep,numberOfRobotsOnBlackSite,numberOfRobotsOnWhiteSite
5579,21,19
timeStep,numberOfRobotsOnBlackSite,numberOfRobotsOnWhiteSite
5580,21,19
timeStep,numberOfRobotsOnBlackSite,numberOfRobotsOnWhiteSite
5581,21,19
timeStep,numberOfRobotsOnBlackSite,numberOfRobotsOnWhiteSite
5582,21,19
timeStep,numberOfRobotsOnBlackSite,numberOfRobotsOnWhiteSite
5583,21,19
timeStep,numberOfRobotsOnBlackSite,numberOfRobotsOnWhiteSite
5584,21,19
timeStep,numberOfRobotsOnBlackSite,numberOfRobotsOnWhiteSite
5585,21,19
timeStep,numberOfRobotsOnBlackSite,numberOfRobotsOnWhiteSite
5586,21,19
timeStep,numberOfRobotsOnBlackSite,numberOfRobotsOnWhiteSite
5587,21,19
timeStep,numberOfRobotsOnBlackSite,numberOfRobotsOnWhiteSite
5588,21,19
timeStep,numberOfRobotsOnBlackSite,numberOfRobotsOnWhiteSite
5589,21,19
timeStep,numberOfRobotsOnBlackSite,numberOfRobotsOnWhiteSite
5590,21,19
timeStep,numberOfRobotsOnBlackSite,numberOfRobotsOnWhiteSite
5591,21,19
timeStep,numberOfRobotsOnBlackSite,numberOfRobotsOnWhiteSite
5592,21,19
timeStep,numberOfRobotsOnBlackSite,numberOfRobotsOnWhiteSite
5593,21,19
timeStep,numberOfRobotsOnBlackSite,numberOfRobotsOnWhiteSite
5594,21,19
timeStep,numberOfRobotsOnBlackSite,numberOfRobotsOnWhiteSite
5595,21,19
timeStep,numberOfRobotsOnBlackSite,numberOfRobotsOnWhiteSite
5596,21,19
timeStep,numberOfRobotsOnBlackSite,numberOfRobotsOnWhiteSite
5597,21,19
timeStep,numberOfRobotsOnBlackSite,numberOfRobotsOnWhiteSite
5598,21,19
timeStep,numberOfRobotsOnBlackSite,numberOfRobotsOnWhiteSite
5599,21,19
timeStep,numberOfRobotsOnBlackSite,numberOfRobotsOnWhiteSite
5600,21,19
timeStep,numberOfRobotsOnBlackSite,numberOfRobotsOnWhiteSite
5601,21,19
timeStep,numberOfRobotsOnBlackSite,numberOfRobotsOnWhiteSite
5602,21,19
timeStep,numberOfRobotsOnBlackSite,numberOfRobotsOnWhiteSite
5603,21,19
timeStep,numberOfRobotsOnBlackSite,numberOfRobotsOnWhiteSite
5604,21,19
timeStep,numberOfRobotsOnBlackSite,numberOfRobotsOnWhiteSite
5605,21,19
timeStep,numberOfRobotsOnBlackSite,numberOfRobotsOnWhiteSite
5606,21,19
timeStep,numberOfRobotsOnBlackSite,numberOfRobotsOnWhiteSite
5607,21,19
timeStep,numberOfRobotsOnBlackSite,numberOfRobotsOnWhiteSite
5608,21,19
timeStep,numberOfRobotsOnBlackSite,numberOfRobotsOnWhiteSite
5609,21,19
timeStep,numberOfRobotsOnBlackSite,numberOfRobotsOnWhiteSite
5610,21,19
timeStep,numberOfRobotsOnBlackSite,numberOfRobotsOnWhiteSite
5611,21,19
timeStep,numberOfRobotsOnBlackSite,numberOfRobotsOnWhiteSite
5612,21,19
timeStep,numberOfRobotsOnBlackSite,numberOfRobotsOnWhiteSite
5613,21,19
timeStep,numberOfRobotsOnBlackSite,numberOfRobotsOnWhiteSite
5614,21,19
timeStep,numberOfRobotsOnBlackSite,numberOfRobotsOnWhiteSite
5615,21,19
timeStep,numberOfRobotsOnBlackSite,numberOfRobotsOnWhiteSite
5616,21,19
timeStep,numberOfRobotsOnBlackSite,numberOfRobotsOnWhiteSite
5617,21,19
timeStep,numberOfRobotsOnBlackSite,numberOfRobotsOnWhiteSite
5618,21,19
timeStep,numberOfRobotsOnBlackSite,numberOfRobotsOnWhiteSite
5619,21,19
timeStep,numberOfRobotsOnBlackSite,numberOfRobotsOnWhiteSite
5620,21,19
timeStep,numberOfRobotsOnBlackSite,numberOfRobotsOnWhiteSite
5621,21,19
timeStep,numberOfRobotsOnBlackSite,numberOfRobotsOnWhiteSite
5622,21,19
timeStep,numberOfRobotsOnBlackSite,numberOfRobotsOnWhiteSite
5623,21,19
timeStep,numberOfRobotsOnBlackSite,numberOfRobotsOnWhiteSite
5624,21,19
timeStep,numberOfRobotsOnBlackSite,numberOfRobotsOnWhiteSite
5625,21,19
timeStep,numberOfRobotsOnBlackSite,numberOfRobotsOnWhiteSite
5626,21,19
timeStep,numberOfRobotsOnBlackSite,numberOfRobotsOnWhiteSite
5627,21,19
timeStep,numberOfRobotsOnBlackSite,numberOfRobotsOnWhiteSite
5628,21,19
timeStep,numberOfRobotsOnBlackSite,numberOfRobotsOnWhiteSite
5629,21,19
timeStep,numberOfRobotsOnBlackSite,numberOfRobotsOnWhiteSite
5630,21,19
timeStep,numberOfRobotsOnBlackSite,numberOfRobotsOnWhiteSite
5631,21,19
timeStep,numberOfRobotsOnBlackSite,numberOfRobotsOnWhiteSite
5632,21,19
timeStep,numberOfRobotsOnBlackSite,numberOfRobotsOnWhiteSite
5633,21,19
timeStep,numberOfRobotsOnBlackSite,numberOfRobotsOnWhiteSite
5634,21,19
timeStep,numberOfRobotsOnBlackSite,numberOfRobotsOnWhiteSite
5635,21,18
timeStep,numberOfRobotsOnBlackSite,numberOfRobotsOnWhiteSite
5636,21,18
timeStep,numberOfRobotsOnBlackSite,numberOfRobotsOnWhiteSite
5637,21,18
timeStep,numberOfRobotsOnBlackSite,numberOfRobotsOnWhiteSite
5638,21,18
timeStep,numberOfRobotsOnBlackSite,numberOfRobotsOnWhiteSite
5639,21,18
timeStep,numberOfRobotsOnBlackSite,numberOfRobotsOnWhiteSite
5640,21,18
timeStep,numberOfRobotsOnBlackSite,numberOfRobotsOnWhiteSite
5641,21,18
timeStep,numberOfRobotsOnBlackSite,numberOfRobotsOnWhiteSite
5642,21,18
timeStep,numberOfRobotsOnBlackSite,numberOfRobotsOnWhiteSite
5643,21,18
timeStep,numberOfRobotsOnBlackSite,numberOfRobotsOnWhiteSite
5644,21,18
timeStep,numberOfRobotsOnBlackSite,numberOfRobotsOnWhiteSite
5645,21,18
timeStep,numberOfRobotsOnBlackSite,numberOfRobotsOnWhiteSite
5646,21,18
timeStep,numberOfRobotsOnBlackSite,numberOfRobotsOnWhiteSite
5647,21,18
timeStep,numberOfRobotsOnBlackSite,numberOfRobotsOnWhiteSite
5648,21,18
timeStep,numberOfRobotsOnBlackSite,numberOfRobotsOnWhiteSite
5649,21,18
timeStep,numberOfRobotsOnBlackSite,numberOfRobotsOnWhiteSite
5650,20,18
timeStep,numberOfRobotsOnBlackSite,numberOfRobotsOnWhiteSite
5651,20,18
timeStep,numberOfRobotsOnBlackSite,numberOfRobotsOnWhiteSite
5652,20,18
timeStep,numberOfRobotsOnBlackSite,numberOfRobotsOnWhiteSite
5653,20,18
timeStep,numberOfRobotsOnBlackSite,numberOfRobotsOnWhiteSite
5654,20,18
timeStep,numberOfRobotsOnBlackSite,numberOfRobotsOnWhiteSite
5655,20,18
timeStep,numberOfRobotsOnBlackSite,numberOfRobotsOnWhiteSite
5656,20,18
timeStep,numberOfRobotsOnBlackSite,numberOfRobotsOnWhiteSite
5657,20,18
timeStep,numberOfRobotsOnBlackSite,numberOfRobotsOnWhiteSite
5658,20,18
timeStep,numberOfRobotsOnBlackSite,numberOfRobotsOnWhiteSite
5659,20,18
timeStep,numberOfRobotsOnBlackSite,numberOfRobotsOnWhiteSite
5660,20,18
timeStep,numberOfRobotsOnBlackSite,numberOfRobotsOnWhiteSite
5661,20,18
timeStep,numberOfRobotsOnBlackSite,numberOfRobotsOnWhiteSite
5662,20,18
timeStep,numberOfRobotsOnBlackSite,numberOfRobotsOnWhiteSite
5663,20,18
timeStep,numberOfRobotsOnBlackSite,numberOfRobotsOnWhiteSite
5664,20,18
timeStep,numberOfRobotsOnBlackSite,numberOfRobotsOnWhiteSite
5665,20,18
timeStep,numberOfRobotsOnBlackSite,numberOfRobotsOnWhiteSite
5666,20,18
timeStep,numberOfRobotsOnBlackSite,numberOfRobotsOnWhiteSite
5667,20,18
timeStep,numberOfRobotsOnBlackSite,numberOfRobotsOnWhiteSite
5668,20,18
timeStep,numberOfRobotsOnBlackSite,numberOfRobotsOnWhiteSite
5669,20,18
timeStep,numberOfRobotsOnBlackSite,numberOfRobotsOnWhiteSite
5670,20,18
timeStep,numberOfRobotsOnBlackSite,numberOfRobotsOnWhiteSite
5671,20,18
timeStep,numberOfRobotsOnBlackSite,numberOfRobotsOnWhiteSite
5672,20,18
timeStep,numberOfRobotsOnBlackSite,numberOfRobotsOnWhiteSite
5673,20,18
timeStep,numberOfRobotsOnBlackSite,numberOfRobotsOnWhiteSite
5674,20,18
timeStep,numberOfRobotsOnBlackSite,numberOfRobotsOnWhiteSite
5675,20,18
timeStep,numberOfRobotsOnBlackSite,numberOfRobotsOnWhiteSite
5676,20,18
timeStep,numberOfRobotsOnBlackSite,numberOfRobotsOnWhiteSite
5677,20,18
timeStep,numberOfRobotsOnBlackSite,numberOfRobotsOnWhiteSite
5678,20,18
timeStep,numberOfRobotsOnBlackSite,numberOfRobotsOnWhiteSite
5679,20,18
timeStep,numberOfRobotsOnBlackSite,numberOfRobotsOnWhiteSite
5680,20,18
timeStep,numberOfRobotsOnBlackSite,numberOfRobotsOnWhiteSite
5681,20,18
timeStep,numberOfRobotsOnBlackSite,numberOfRobotsOnWhiteSite
5682,20,18
timeStep,numberOfRobotsOnBlackSite,numberOfRobotsOnWhiteSite
5683,20,18
timeStep,numberOfRobotsOnBlackSite,numberOfRobotsOnWhiteSite
5684,20,18
timeStep,numberOfRobotsOnBlackSite,numberOfRobotsOnWhiteSite
5685,20,18
timeStep,numberOfRobotsOnBlackSite,numberOfRobotsOnWhiteSite
5686,20,18
timeStep,numberOfRobotsOnBlackSite,numberOfRobotsOnWhiteSite
5687,20,18
timeStep,numberOfRobotsOnBlackSite,numberOfRobotsOnWhiteSite
5688,20,18
timeStep,numberOfRobotsOnBlackSite,numberOfRobotsOnWhiteSite
5689,20,18
timeStep,numberOfRobotsOnBlackSite,numberOfRobotsOnWhiteSite
5690,20,18
timeStep,numberOfRobotsOnBlackSite,numberOfRobotsOnWhiteSite
5691,20,18
timeStep,numberOfRobotsOnBlackSite,numberOfRobotsOnWhiteSite
5692,20,18
timeStep,numberOfRobotsOnBlackSite,numberOfRobotsOnWhiteSite
5693,20,18
timeStep,numberOfRobotsOnBlackSite,numberOfRobotsOnWhiteSite
5694,20,18
timeStep,numberOfRobotsOnBlackSite,numberOfRobotsOnWhiteSite
5695,20,18
timeStep,numberOfRobotsOnBlackSite,numberOfRobotsOnWhiteSite
5696,20,18
timeStep,numberOfRobotsOnBlackSite,numberOfRobotsOnWhiteSite
5697,20,18
timeStep,numberOfRobotsOnBlackSite,numberOfRobotsOnWhiteSite
5698,20,18
timeStep,numberOfRobotsOnBlackSite,numberOfRobotsOnWhiteSite
5699,20,18
timeStep,numberOfRobotsOnBlackSite,numberOfRobotsOnWhiteSite
5700,20,17
timeStep,numberOfRobotsOnBlackSite,numberOfRobotsOnWhiteSite
5701,20,17
timeStep,numberOfRobotsOnBlackSite,numberOfRobotsOnWhiteSite
5702,20,17
timeStep,numberOfRobotsOnBlackSite,numberOfRobotsOnWhiteSite
5703,20,17
timeStep,numberOfRobotsOnBlackSite,numberOfRobotsOnWhiteSite
5704,20,17
timeStep,numberOfRobotsOnBlackSite,numberOfRobotsOnWhiteSite
5705,20,17
timeStep,numberOfRobotsOnBlackSite,numberOfRobotsOnWhiteSite
5706,20,17
timeStep,numberOfRobotsOnBlackSite,numberOfRobotsOnWhiteSite
5707,20,17
timeStep,numberOfRobotsOnBlackSite,numberOfRobotsOnWhiteSite
5708,20,17
timeStep,numberOfRobotsOnBlackSite,numberOfRobotsOnWhiteSite
5709,20,17
timeStep,numberOfRobotsOnBlackSite,numberOfRobotsOnWhiteSite
5710,20,17
timeStep,numberOfRobotsOnBlackSite,numberOfRobotsOnWhiteSite
5711,20,17
timeStep,numberOfRobotsOnBlackSite,numberOfRobotsOnWhiteSite
5712,20,17
timeStep,numberOfRobotsOnBlackSite,numberOfRobotsOnWhiteSite
5713,20,17
timeStep,numberOfRobotsOnBlackSite,numberOfRobotsOnWhiteSite
5714,20,17
timeStep,numberOfRobotsOnBlackSite,numberOfRobotsOnWhiteSite
5715,20,17
timeStep,numberOfRobotsOnBlackSite,numberOfRobotsOnWhiteSite
5716,20,17
timeStep,numberOfRobotsOnBlackSite,numberOfRobotsOnWhiteSite
5717,20,17
timeStep,numberOfRobotsOnBlackSite,numberOfRobotsOnWhiteSite
5718,20,17
timeStep,numberOfRobotsOnBlackSite,numberOfRobotsOnWhiteSite
5719,20,17
timeStep,numberOfRobotsOnBlackSite,numberOfRobotsOnWhiteSite
5720,20,17
timeStep,numberOfRobotsOnBlackSite,numberOfRobotsOnWhiteSite
5721,20,17
timeStep,numberOfRobotsOnBlackSite,numberOfRobotsOnWhiteSite
5722,20,17
timeStep,numberOfRobotsOnBlackSite,numberOfRobotsOnWhiteSite
5723,20,17
timeStep,numberOfRobotsOnBlackSite,numberOfRobotsOnWhiteSite
5724,20,17
timeStep,numberOfRobotsOnBlackSite,numberOfRobotsOnWhiteSite
5725,20,17
timeStep,numberOfRobotsOnBlackSite,numberOfRobotsOnWhiteSite
5726,20,17
timeStep,numberOfRobotsOnBlackSite,numberOfRobotsOnWhiteSite
5727,20,17
timeStep,numberOfRobotsOnBlackSite,numberOfRobotsOnWhiteSite
5728,20,17
timeStep,numberOfRobotsOnBlackSite,numberOfRobotsOnWhiteSite
5729,20,17
timeStep,numberOfRobotsOnBlackSite,numberOfRobotsOnWhiteSite
5730,20,17
timeStep,numberOfRobotsOnBlackSite,numberOfRobotsOnWhiteSite
5731,20,17
timeStep,numberOfRobotsOnBlackSite,numberOfRobotsOnWhiteSite
5732,20,17
timeStep,numberOfRobotsOnBlackSite,numberOfRobotsOnWhiteSite
5733,20,17
timeStep,numberOfRobotsOnBlackSite,numberOfRobotsOnWhiteSite
5734,20,17
timeStep,numberOfRobotsOnBlackSite,numberOfRobotsOnWhiteSite
5735,20,17
timeStep,numberOfRobotsOnBlackSite,numberOfRobotsOnWhiteSite
5736,20,17
timeStep,numberOfRobotsOnBlackSite,numberOfRobotsOnWhiteSite
5737,20,17
timeStep,numberOfRobotsOnBlackSite,numberOfRobotsOnWhiteSite
5738,20,17
timeStep,numberOfRobotsOnBlackSite,numberOfRobotsOnWhiteSite
5739,20,17
timeStep,numberOfRobotsOnBlackSite,numberOfRobotsOnWhiteSite
5740,20,17
timeStep,numberOfRobotsOnBlackSite,numberOfRobotsOnWhiteSite
5741,20,17
timeStep,numberOfRobotsOnBlackSite,numberOfRobotsOnWhiteSite
5742,20,17
timeStep,numberOfRobotsOnBlackSite,numberOfRobotsOnWhiteSite
5743,20,17
timeStep,numberOfRobotsOnBlackSite,numberOfRobotsOnWhiteSite
5744,20,17
timeStep,numberOfRobotsOnBlackSite,numberOfRobotsOnWhiteSite
5745,20,17
timeStep,numberOfRobotsOnBlackSite,numberOfRobotsOnWhiteSite
5746,20,17
timeStep,numberOfRobotsOnBlackSite,numberOfRobotsOnWhiteSite
5747,20,17
timeStep,numberOfRobotsOnBlackSite,numberOfRobotsOnWhiteSite
5748,20,17
timeStep,numberOfRobotsOnBlackSite,numberOfRobotsOnWhiteSite
5749,20,17
timeStep,numberOfRobotsOnBlackSite,numberOfRobotsOnWhiteSite
5750,20,17
timeStep,numberOfRobotsOnBlackSite,numberOfRobotsOnWhiteSite
5751,20,17
timeStep,numberOfRobotsOnBlackSite,numberOfRobotsOnWhiteSite
5752,20,17
timeStep,numberOfRobotsOnBlackSite,numberOfRobotsOnWhiteSite
5753,20,17
timeStep,numberOfRobotsOnBlackSite,numberOfRobotsOnWhiteSite
5754,20,17
timeStep,numberOfRobotsOnBlackSite,numberOfRobotsOnWhiteSite
5755,20,17
timeStep,numberOfRobotsOnBlackSite,numberOfRobotsOnWhiteSite
5756,20,17
timeStep,numberOfRobotsOnBlackSite,numberOfRobotsOnWhiteSite
5757,20,17
timeStep,numberOfRobotsOnBlackSite,numberOfRobotsOnWhiteSite
5758,20,17
timeStep,numberOfRobotsOnBlackSite,numberOfRobotsOnWhiteSite
5759,20,17
timeStep,numberOfRobotsOnBlackSite,numberOfRobotsOnWhiteSite
5760,20,17
timeStep,numberOfRobotsOnBlackSite,numberOfRobotsOnWhiteSite
5761,20,17
timeStep,numberOfRobotsOnBlackSite,numberOfRobotsOnWhiteSite
5762,20,17
timeStep,numberOfRobotsOnBlackSite,numberOfRobotsOnWhiteSite
5763,20,17
timeStep,numberOfRobotsOnBlackSite,numberOfRobotsOnWhiteSite
5764,20,17
timeStep,numberOfRobotsOnBlackSite,numberOfRobotsOnWhiteSite
5765,20,17
timeStep,numberOfRobotsOnBlackSite,numberOfRobotsOnWhiteSite
5766,20,17
timeStep,numberOfRobotsOnBlackSite,numberOfRobotsOnWhiteSite
5767,20,17
timeStep,numberOfRobotsOnBlackSite,numberOfRobotsOnWhiteSite
5768,20,17
timeStep,numberOfRobotsOnBlackSite,numberOfRobotsOnWhiteSite
5769,20,17
timeStep,numberOfRobotsOnBlackSite,numberOfRobotsOnWhiteSite
5770,20,17
timeStep,numberOfRobotsOnBlackSite,numberOfRobotsOnWhiteSite
5771,20,17
timeStep,numberOfRobotsOnBlackSite,numberOfRobotsOnWhiteSite
5772,20,17
timeStep,numberOfRobotsOnBlackSite,numberOfRobotsOnWhiteSite
5773,20,17
timeStep,numberOfRobotsOnBlackSite,numberOfRobotsOnWhiteSite
5774,20,17
timeStep,numberOfRobotsOnBlackSite,numberOfRobotsOnWhiteSite
5775,20,17
timeStep,numberOfRobotsOnBlackSite,numberOfRobotsOnWhiteSite
5776,20,17
timeStep,numberOfRobotsOnBlackSite,numberOfRobotsOnWhiteSite
5777,20,17
timeStep,numberOfRobotsOnBlackSite,numberOfRobotsOnWhiteSite
5778,20,17
timeStep,numberOfRobotsOnBlackSite,numberOfRobotsOnWhiteSite
5779,20,17
timeStep,numberOfRobotsOnBlackSite,numberOfRobotsOnWhiteSite
5780,20,16
timeStep,numberOfRobotsOnBlackSite,numberOfRobotsOnWhiteSite
5781,20,16
timeStep,numberOfRobotsOnBlackSite,numberOfRobotsOnWhiteSite
5782,20,16
timeStep,numberOfRobotsOnBlackSite,numberOfRobotsOnWhiteSite
5783,20,16
timeStep,numberOfRobotsOnBlackSite,numberOfRobotsOnWhiteSite
5784,20,16
timeStep,numberOfRobotsOnBlackSite,numberOfRobotsOnWhiteSite
5785,20,16
timeStep,numberOfRobotsOnBlackSite,numberOfRobotsOnWhiteSite
5786,20,16
timeStep,numberOfRobotsOnBlackSite,numberOfRobotsOnWhiteSite
5787,20,16
timeStep,numberOfRobotsOnBlackSite,numberOfRobotsOnWhiteSite
5788,20,16
timeStep,numberOfRobotsOnBlackSite,numberOfRobotsOnWhiteSite
5789,20,16
timeStep,numberOfRobotsOnBlackSite,numberOfRobotsOnWhiteSite
5790,20,16
timeStep,numberOfRobotsOnBlackSite,numberOfRobotsOnWhiteSite
5791,20,16
timeStep,numberOfRobotsOnBlackSite,numberOfRobotsOnWhiteSite
5792,20,16
timeStep,numberOfRobotsOnBlackSite,numberOfRobotsOnWhiteSite
5793,20,16
timeStep,numberOfRobotsOnBlackSite,numberOfRobotsOnWhiteSite
5794,20,16
timeStep,numberOfRobotsOnBlackSite,numberOfRobotsOnWhiteSite
5795,20,16
timeStep,numberOfRobotsOnBlackSite,numberOfRobotsOnWhiteSite
5796,20,16
timeStep,numberOfRobotsOnBlackSite,numberOfRobotsOnWhiteSite
5797,20,16
timeStep,numberOfRobotsOnBlackSite,numberOfRobotsOnWhiteSite
5798,20,16
timeStep,numberOfRobotsOnBlackSite,numberOfRobotsOnWhiteSite
5799,20,16
timeStep,numberOfRobotsOnBlackSite,numberOfRobotsOnWhiteSite
5800,20,16
timeStep,numberOfRobotsOnBlackSite,numberOfRobotsOnWhiteSite
5801,20,16
timeStep,numberOfRobotsOnBlackSite,numberOfRobotsOnWhiteSite
5802,20,16
timeStep,numberOfRobotsOnBlackSite,numberOfRobotsOnWhiteSite
5803,20,16
timeStep,numberOfRobotsOnBlackSite,numberOfRobotsOnWhiteSite
5804,20,16
timeStep,numberOfRobotsOnBlackSite,numberOfRobotsOnWhiteSite
5805,20,16
timeStep,numberOfRobotsOnBlackSite,numberOfRobotsOnWhiteSite
5806,20,16
timeStep,numberOfRobotsOnBlackSite,numberOfRobotsOnWhiteSite
5807,20,16
timeStep,numberOfRobotsOnBlackSite,numberOfRobotsOnWhiteSite
5808,20,16
timeStep,numberOfRobotsOnBlackSite,numberOfRobotsOnWhiteSite
5809,20,16
timeStep,numberOfRobotsOnBlackSite,numberOfRobotsOnWhiteSite
5810,20,18
timeStep,numberOfRobotsOnBlackSite,numberOfRobotsOnWhiteSite
5811,20,18
timeStep,numberOfRobotsOnBlackSite,numberOfRobotsOnWhiteSite
5812,20,18
timeStep,numberOfRobotsOnBlackSite,numberOfRobotsOnWhiteSite
5813,20,18
timeStep,numberOfRobotsOnBlackSite,numberOfRobotsOnWhiteSite
5814,20,18
timeStep,numberOfRobotsOnBlackSite,numberOfRobotsOnWhiteSite
5815,20,18
timeStep,numberOfRobotsOnBlackSite,numberOfRobotsOnWhiteSite
5816,20,18
timeStep,numberOfRobotsOnBlackSite,numberOfRobotsOnWhiteSite
5817,20,18
timeStep,numberOfRobotsOnBlackSite,numberOfRobotsOnWhiteSite
5818,20,18
timeStep,numberOfRobotsOnBlackSite,numberOfRobotsOnWhiteSite
5819,20,18
timeStep,numberOfRobotsOnBlackSite,numberOfRobotsOnWhiteSite
5820,20,18
timeStep,numberOfRobotsOnBlackSite,numberOfRobotsOnWhiteSite
5821,20,18
timeStep,numberOfRobotsOnBlackSite,numberOfRobotsOnWhiteSite
5822,20,18
timeStep,numberOfRobotsOnBlackSite,numberOfRobotsOnWhiteSite
5823,20,18
timeStep,numberOfRobotsOnBlackSite,numberOfRobotsOnWhiteSite
5824,20,18
timeStep,numberOfRobotsOnBlackSite,numberOfRobotsOnWhiteSite
5825,20,19
timeStep,numberOfRobotsOnBlackSite,numberOfRobotsOnWhiteSite
5826,20,19
timeStep,numberOfRobotsOnBlackSite,numberOfRobotsOnWhiteSite
5827,20,19
timeStep,numberOfRobotsOnBlackSite,numberOfRobotsOnWhiteSite
5828,20,19
timeStep,numberOfRobotsOnBlackSite,numberOfRobotsOnWhiteSite
5829,20,19
timeStep,numberOfRobotsOnBlackSite,numberOfRobotsOnWhiteSite
5830,20,19
timeStep,numberOfRobotsOnBlackSite,numberOfRobotsOnWhiteSite
5831,20,19
timeStep,numberOfRobotsOnBlackSite,numberOfRobotsOnWhiteSite
5832,20,19
timeStep,numberOfRobotsOnBlackSite,numberOfRobotsOnWhiteSite
5833,20,19
timeStep,numberOfRobotsOnBlackSite,numberOfRobotsOnWhiteSite
5834,20,19
timeStep,numberOfRobotsOnBlackSite,numberOfRobotsOnWhiteSite
5835,19,19
timeStep,numberOfRobotsOnBlackSite,numberOfRobotsOnWhiteSite
5836,19,19
timeStep,numberOfRobotsOnBlackSite,numberOfRobotsOnWhiteSite
5837,19,19
timeStep,numberOfRobotsOnBlackSite,numberOfRobotsOnWhiteSite
5838,19,19
timeStep,numberOfRobotsOnBlackSite,numberOfRobotsOnWhiteSite
5839,19,19
timeStep,numberOfRobotsOnBlackSite,numberOfRobotsOnWhiteSite
5840,19,19
timeStep,numberOfRobotsOnBlackSite,numberOfRobotsOnWhiteSite
5841,19,19
timeStep,numberOfRobotsOnBlackSite,numberOfRobotsOnWhiteSite
5842,19,19
timeStep,numberOfRobotsOnBlackSite,numberOfRobotsOnWhiteSite
5843,19,19
timeStep,numberOfRobotsOnBlackSite,numberOfRobotsOnWhiteSite
5844,19,19
timeStep,numberOfRobotsOnBlackSite,numberOfRobotsOnWhiteSite
5845,19,19
timeStep,numberOfRobotsOnBlackSite,numberOfRobotsOnWhiteSite
5846,19,19
timeStep,numberOfRobotsOnBlackSite,numberOfRobotsOnWhiteSite
5847,19,19
timeStep,numberOfRobotsOnBlackSite,numberOfRobotsOnWhiteSite
5848,19,19
timeStep,numberOfRobotsOnBlackSite,numberOfRobotsOnWhiteSite
5849,19,19
timeStep,numberOfRobotsOnBlackSite,numberOfRobotsOnWhiteSite
5850,19,19
timeStep,numberOfRobotsOnBlackSite,numberOfRobotsOnWhiteSite
5851,19,19
timeStep,numberOfRobotsOnBlackSite,numberOfRobotsOnWhiteSite
5852,19,19
timeStep,numberOfRobotsOnBlackSite,numberOfRobotsOnWhiteSite
5853,19,19
timeStep,numberOfRobotsOnBlackSite,numberOfRobotsOnWhiteSite
5854,19,19
timeStep,numberOfRobotsOnBlackSite,numberOfRobotsOnWhiteSite
5855,19,19
timeStep,numberOfRobotsOnBlackSite,numberOfRobotsOnWhiteSite
5856,19,19
timeStep,numberOfRobotsOnBlackSite,numberOfRobotsOnWhiteSite
5857,19,19
timeStep,numberOfRobotsOnBlackSite,numberOfRobotsOnWhiteSite
5858,19,19
timeStep,numberOfRobotsOnBlackSite,numberOfRobotsOnWhiteSite
5859,19,19
timeStep,numberOfRobotsOnBlackSite,numberOfRobotsOnWhiteSite
5860,19,19
timeStep,numberOfRobotsOnBlackSite,numberOfRobotsOnWhiteSite
5861,19,19
timeStep,numberOfRobotsOnBlackSite,numberOfRobotsOnWhiteSite
5862,19,19
timeStep,numberOfRobotsOnBlackSite,numberOfRobotsOnWhiteSite
5863,19,19
timeStep,numberOfRobotsOnBlackSite,numberOfRobotsOnWhiteSite
5864,19,19
timeStep,numberOfRobotsOnBlackSite,numberOfRobotsOnWhiteSite
5865,19,19
timeStep,numberOfRobotsOnBlackSite,numberOfRobotsOnWhiteSite
5866,19,19
timeStep,numberOfRobotsOnBlackSite,numberOfRobotsOnWhiteSite
5867,19,19
timeStep,numberOfRobotsOnBlackSite,numberOfRobotsOnWhiteSite
5868,19,19
timeStep,numberOfRobotsOnBlackSite,numberOfRobotsOnWhiteSite
5869,19,19
timeStep,numberOfRobotsOnBlackSite,numberOfRobotsOnWhiteSite
5870,19,19
timeStep,numberOfRobotsOnBlackSite,numberOfRobotsOnWhiteSite
5871,19,19
timeStep,numberOfRobotsOnBlackSite,numberOfRobotsOnWhiteSite
5872,19,19
timeStep,numberOfRobotsOnBlackSite,numberOfRobotsOnWhiteSite
5873,19,19
timeStep,numberOfRobotsOnBlackSite,numberOfRobotsOnWhiteSite
5874,19,19
timeStep,numberOfRobotsOnBlackSite,numberOfRobotsOnWhiteSite
5875,19,19
timeStep,numberOfRobotsOnBlackSite,numberOfRobotsOnWhiteSite
5876,19,19
timeStep,numberOfRobotsOnBlackSite,numberOfRobotsOnWhiteSite
5877,19,19
timeStep,numberOfRobotsOnBlackSite,numberOfRobotsOnWhiteSite
5878,19,19
timeStep,numberOfRobotsOnBlackSite,numberOfRobotsOnWhiteSite
5879,19,19
timeStep,numberOfRobotsOnBlackSite,numberOfRobotsOnWhiteSite
5880,19,19
timeStep,numberOfRobotsOnBlackSite,numberOfRobotsOnWhiteSite
5881,19,19
timeStep,numberOfRobotsOnBlackSite,numberOfRobotsOnWhiteSite
5882,19,19
timeStep,numberOfRobotsOnBlackSite,numberOfRobotsOnWhiteSite
5883,19,19
timeStep,numberOfRobotsOnBlackSite,numberOfRobotsOnWhiteSite
5884,19,19
timeStep,numberOfRobotsOnBlackSite,numberOfRobotsOnWhiteSite
5885,19,19
timeStep,numberOfRobotsOnBlackSite,numberOfRobotsOnWhiteSite
5886,19,19
timeStep,numberOfRobotsOnBlackSite,numberOfRobotsOnWhiteSite
5887,19,19
timeStep,numberOfRobotsOnBlackSite,numberOfRobotsOnWhiteSite
5888,19,19
timeStep,numberOfRobotsOnBlackSite,numberOfRobotsOnWhiteSite
5889,19,19
timeStep,numberOfRobotsOnBlackSite,numberOfRobotsOnWhiteSite
5890,20,19
timeStep,numberOfRobotsOnBlackSite,numberOfRobotsOnWhiteSite
5891,20,19
timeStep,numberOfRobotsOnBlackSite,numberOfRobotsOnWhiteSite
5892,20,19
timeStep,numberOfRobotsOnBlackSite,numberOfRobotsOnWhiteSite
5893,20,19
timeStep,numberOfRobotsOnBlackSite,numberOfRobotsOnWhiteSite
5894,20,19
timeStep,numberOfRobotsOnBlackSite,numberOfRobotsOnWhiteSite
5895,20,18
timeStep,numberOfRobotsOnBlackSite,numberOfRobotsOnWhiteSite
5896,20,18
timeStep,numberOfRobotsOnBlackSite,numberOfRobotsOnWhiteSite
5897,20,18
timeStep,numberOfRobotsOnBlackSite,numberOfRobotsOnWhiteSite
5898,20,18
timeStep,numberOfRobotsOnBlackSite,numberOfRobotsOnWhiteSite
5899,20,18
timeStep,numberOfRobotsOnBlackSite,numberOfRobotsOnWhiteSite
5900,20,18
timeStep,numberOfRobotsOnBlackSite,numberOfRobotsOnWhiteSite
5901,20,18
timeStep,numberOfRobotsOnBlackSite,numberOfRobotsOnWhiteSite
5902,20,18
timeStep,numberOfRobotsOnBlackSite,numberOfRobotsOnWhiteSite
5903,20,18
timeStep,numberOfRobotsOnBlackSite,numberOfRobotsOnWhiteSite
5904,20,18
timeStep,numberOfRobotsOnBlackSite,numberOfRobotsOnWhiteSite
5905,20,18
timeStep,numberOfRobotsOnBlackSite,numberOfRobotsOnWhiteSite
5906,20,18
timeStep,numberOfRobotsOnBlackSite,numberOfRobotsOnWhiteSite
5907,20,18
timeStep,numberOfRobotsOnBlackSite,numberOfRobotsOnWhiteSite
5908,20,18
timeStep,numberOfRobotsOnBlackSite,numberOfRobotsOnWhiteSite
5909,20,18
timeStep,numberOfRobotsOnBlackSite,numberOfRobotsOnWhiteSite
5910,20,19
timeStep,numberOfRobotsOnBlackSite,numberOfRobotsOnWhiteSite
5911,20,19
timeStep,numberOfRobotsOnBlackSite,numberOfRobotsOnWhiteSite
5912,20,19
timeStep,numberOfRobotsOnBlackSite,numberOfRobotsOnWhiteSite
5913,20,19
timeStep,numberOfRobotsOnBlackSite,numberOfRobotsOnWhiteSite
5914,20,19
timeStep,numberOfRobotsOnBlackSite,numberOfRobotsOnWhiteSite
5915,20,19
timeStep,numberOfRobotsOnBlackSite,numberOfRobotsOnWhiteSite
5916,20,19
timeStep,numberOfRobotsOnBlackSite,numberOfRobotsOnWhiteSite
5917,20,19
timeStep,numberOfRobotsOnBlackSite,numberOfRobotsOnWhiteSite
5918,20,19
timeStep,numberOfRobotsOnBlackSite,numberOfRobotsOnWhiteSite
5919,20,19
timeStep,numberOfRobotsOnBlackSite,numberOfRobotsOnWhiteSite
5920,20,19
timeStep,numberOfRobotsOnBlackSite,numberOfRobotsOnWhiteSite
5921,20,19
timeStep,numberOfRobotsOnBlackSite,numberOfRobotsOnWhiteSite
5922,20,19
timeStep,numberOfRobotsOnBlackSite,numberOfRobotsOnWhiteSite
5923,20,19
timeStep,numberOfRobotsOnBlackSite,numberOfRobotsOnWhiteSite
5924,20,19
timeStep,numberOfRobotsOnBlackSite,numberOfRobotsOnWhiteSite
5925,20,19
timeStep,numberOfRobotsOnBlackSite,numberOfRobotsOnWhiteSite
5926,20,19
timeStep,numberOfRobotsOnBlackSite,numberOfRobotsOnWhiteSite
5927,20,19
timeStep,numberOfRobotsOnBlackSite,numberOfRobotsOnWhiteSite
5928,20,19
timeStep,numberOfRobotsOnBlackSite,numberOfRobotsOnWhiteSite
5929,20,19
timeStep,numberOfRobotsOnBlackSite,numberOfRobotsOnWhiteSite
5930,20,19
timeStep,numberOfRobotsOnBlackSite,numberOfRobotsOnWhiteSite
5931,20,19
timeStep,numberOfRobotsOnBlackSite,numberOfRobotsOnWhiteSite
5932,20,19
timeStep,numberOfRobotsOnBlackSite,numberOfRobotsOnWhiteSite
5933,20,19
timeStep,numberOfRobotsOnBlackSite,numberOfRobotsOnWhiteSite
5934,20,19
timeStep,numberOfRobotsOnBlackSite,numberOfRobotsOnWhiteSite
5935,20,19
timeStep,numberOfRobotsOnBlackSite,numberOfRobotsOnWhiteSite
5936,20,19
timeStep,numberOfRobotsOnBlackSite,numberOfRobotsOnWhiteSite
5937,20,19
timeStep,numberOfRobotsOnBlackSite,numberOfRobotsOnWhiteSite
5938,20,19
timeStep,numberOfRobotsOnBlackSite,numberOfRobotsOnWhiteSite
5939,20,19
timeStep,numberOfRobotsOnBlackSite,numberOfRobotsOnWhiteSite
5940,20,19
timeStep,numberOfRobotsOnBlackSite,numberOfRobotsOnWhiteSite
5941,20,19
timeStep,numberOfRobotsOnBlackSite,numberOfRobotsOnWhiteSite
5942,20,19
timeStep,numberOfRobotsOnBlackSite,numberOfRobotsOnWhiteSite
5943,20,19
timeStep,numberOfRobotsOnBlackSite,numberOfRobotsOnWhiteSite
5944,20,19
timeStep,numberOfRobotsOnBlackSite,numberOfRobotsOnWhiteSite
5945,20,19
timeStep,numberOfRobotsOnBlackSite,numberOfRobotsOnWhiteSite
5946,20,19
timeStep,numberOfRobotsOnBlackSite,numberOfRobotsOnWhiteSite
5947,20,19
timeStep,numberOfRobotsOnBlackSite,numberOfRobotsOnWhiteSite
5948,20,19
timeStep,numberOfRobotsOnBlackSite,numberOfRobotsOnWhiteSite
5949,20,19
timeStep,numberOfRobotsOnBlackSite,numberOfRobotsOnWhiteSite
5950,20,19
timeStep,numberOfRobotsOnBlackSite,numberOfRobotsOnWhiteSite
5951,20,19
timeStep,numberOfRobotsOnBlackSite,numberOfRobotsOnWhiteSite
5952,20,19
timeStep,numberOfRobotsOnBlackSite,numberOfRobotsOnWhiteSite
5953,20,19
timeStep,numberOfRobotsOnBlackSite,numberOfRobotsOnWhiteSite
5954,20,19
timeStep,numberOfRobotsOnBlackSite,numberOfRobotsOnWhiteSite
5955,20,19
timeStep,numberOfRobotsOnBlackSite,numberOfRobotsOnWhiteSite
5956,20,19
timeStep,numberOfRobotsOnBlackSite,numberOfRobotsOnWhiteSite
5957,20,19
timeStep,numberOfRobotsOnBlackSite,numberOfRobotsOnWhiteSite
5958,20,19
timeStep,numberOfRobotsOnBlackSite,numberOfRobotsOnWhiteSite
5959,20,19
timeStep,numberOfRobotsOnBlackSite,numberOfRobotsOnWhiteSite
5960,20,18
timeStep,numberOfRobotsOnBlackSite,numberOfRobotsOnWhiteSite
5961,20,18
timeStep,numberOfRobotsOnBlackSite,numberOfRobotsOnWhiteSite
5962,20,18
timeStep,numberOfRobotsOnBlackSite,numberOfRobotsOnWhiteSite
5963,20,18
timeStep,numberOfRobotsOnBlackSite,numberOfRobotsOnWhiteSite
5964,20,18
timeStep,numberOfRobotsOnBlackSite,numberOfRobotsOnWhiteSite
5965,20,18
timeStep,numberOfRobotsOnBlackSite,numberOfRobotsOnWhiteSite
5966,20,18
timeStep,numberOfRobotsOnBlackSite,numberOfRobotsOnWhiteSite
5967,20,18
timeStep,numberOfRobotsOnBlackSite,numberOfRobotsOnWhiteSite
5968,20,18
timeStep,numberOfRobotsOnBlackSite,numberOfRobotsOnWhiteSite
5969,20,18
timeStep,numberOfRobotsOnBlackSite,numberOfRobotsOnWhiteSite
5970,20,18
timeStep,numberOfRobotsOnBlackSite,numberOfRobotsOnWhiteSite
5971,20,18
timeStep,numberOfRobotsOnBlackSite,numberOfRobotsOnWhiteSite
5972,20,18
timeStep,numberOfRobotsOnBlackSite,numberOfRobotsOnWhiteSite
5973,20,18
timeStep,numberOfRobotsOnBlackSite,numberOfRobotsOnWhiteSite
5974,20,18
timeStep,numberOfRobotsOnBlackSite,numberOfRobotsOnWhiteSite
5975,20,18
timeStep,numberOfRobotsOnBlackSite,numberOfRobotsOnWhiteSite
5976,20,18
timeStep,numberOfRobotsOnBlackSite,numberOfRobotsOnWhiteSite
5977,20,18
timeStep,numberOfRobotsOnBlackSite,numberOfRobotsOnWhiteSite
5978,20,18
timeStep,numberOfRobotsOnBlackSite,numberOfRobotsOnWhiteSite
5979,20,18
timeStep,numberOfRobotsOnBlackSite,numberOfRobotsOnWhiteSite
5980,20,18
timeStep,numberOfRobotsOnBlackSite,numberOfRobotsOnWhiteSite
5981,20,18
timeStep,numberOfRobotsOnBlackSite,numberOfRobotsOnWhiteSite
5982,20,18
timeStep,numberOfRobotsOnBlackSite,numberOfRobotsOnWhiteSite
5983,20,18
timeStep,numberOfRobotsOnBlackSite,numberOfRobotsOnWhiteSite
5984,20,18
timeStep,numberOfRobotsOnBlackSite,numberOfRobotsOnWhiteSite
5985,20,18
timeStep,numberOfRobotsOnBlackSite,numberOfRobotsOnWhiteSite
5986,20,18
timeStep,numberOfRobotsOnBlackSite,numberOfRobotsOnWhiteSite
5987,20,18
timeStep,numberOfRobotsOnBlackSite,numberOfRobotsOnWhiteSite
5988,20,18
timeStep,numberOfRobotsOnBlackSite,numberOfRobotsOnWhiteSite
5989,20,18
timeStep,numberOfRobotsOnBlackSite,numberOfRobotsOnWhiteSite
5990,20,18
timeStep,numberOfRobotsOnBlackSite,numberOfRobotsOnWhiteSite
5991,20,18
timeStep,numberOfRobotsOnBlackSite,numberOfRobotsOnWhiteSite
5992,20,18
timeStep,numberOfRobotsOnBlackSite,numberOfRobotsOnWhiteSite
5993,20,18
timeStep,numberOfRobotsOnBlackSite,numberOfRobotsOnWhiteSite
5994,20,18
timeStep,numberOfRobotsOnBlackSite,numberOfRobotsOnWhiteSite
5995,20,18
timeStep,numberOfRobotsOnBlackSite,numberOfRobotsOnWhiteSite
5996,20,18
timeStep,numberOfRobotsOnBlackSite,numberOfRobotsOnWhiteSite
5997,20,18
timeStep,numberOfRobotsOnBlackSite,numberOfRobotsOnWhiteSite
5998,20,18
timeStep,numberOfRobotsOnBlackSite,numberOfRobotsOnWhiteSite
5999,20,18
timeStep,numberOfRobotsOnBlackSite,numberOfRobotsOnWhiteSite
6000,20,18
timeStep,numberOfRobotsOnBlackSite,numberOfRobotsOnWhiteSite
6001,20,18
timeStep,numberOfRobotsOnBlackSite,numberOfRobotsOnWhiteSite
6002,20,18
timeStep,numberOfRobotsOnBlackSite,numberOfRobotsOnWhiteSite
6003,20,18
timeStep,numberOfRobotsOnBlackSite,numberOfRobotsOnWhiteSite
6004,20,18
timeStep,numberOfRobotsOnBlackSite,numberOfRobotsOnWhiteSite
6005,20,18
timeStep,numberOfRobotsOnBlackSite,numberOfRobotsOnWhiteSite
6006,20,18
timeStep,numberOfRobotsOnBlackSite,numberOfRobotsOnWhiteSite
6007,20,18
timeStep,numberOfRobotsOnBlackSite,numberOfRobotsOnWhiteSite
6008,20,18
timeStep,numberOfRobotsOnBlackSite,numberOfRobotsOnWhiteSite
6009,20,18
timeStep,numberOfRobotsOnBlackSite,numberOfRobotsOnWhiteSite
6010,20,19
timeStep,numberOfRobotsOnBlackSite,numberOfRobotsOnWhiteSite
6011,20,19
timeStep,numberOfRobotsOnBlackSite,numberOfRobotsOnWhiteSite
6012,20,19
timeStep,numberOfRobotsOnBlackSite,numberOfRobotsOnWhiteSite
6013,20,19
timeStep,numberOfRobotsOnBlackSite,numberOfRobotsOnWhiteSite
6014,20,19
timeStep,numberOfRobotsOnBlackSite,numberOfRobotsOnWhiteSite
6015,20,19
timeStep,numberOfRobotsOnBlackSite,numberOfRobotsOnWhiteSite
6016,20,19
timeStep,numberOfRobotsOnBlackSite,numberOfRobotsOnWhiteSite
6017,20,19
timeStep,numberOfRobotsOnBlackSite,numberOfRobotsOnWhiteSite
6018,20,19
timeStep,numberOfRobotsOnBlackSite,numberOfRobotsOnWhiteSite
6019,20,19
timeStep,numberOfRobotsOnBlackSite,numberOfRobotsOnWhiteSite
6020,20,19
timeStep,numberOfRobotsOnBlackSite,numberOfRobotsOnWhiteSite
6021,20,19
timeStep,numberOfRobotsOnBlackSite,numberOfRobotsOnWhiteSite
6022,20,19
timeStep,numberOfRobotsOnBlackSite,numberOfRobotsOnWhiteSite
6023,20,19
timeStep,numberOfRobotsOnBlackSite,numberOfRobotsOnWhiteSite
6024,20,19
timeStep,numberOfRobotsOnBlackSite,numberOfRobotsOnWhiteSite
6025,20,20
timeStep,numberOfRobotsOnBlackSite,numberOfRobotsOnWhiteSite
6026,20,20
timeStep,numberOfRobotsOnBlackSite,numberOfRobotsOnWhiteSite
6027,20,20
timeStep,numberOfRobotsOnBlackSite,numberOfRobotsOnWhiteSite
6028,20,20
timeStep,numberOfRobotsOnBlackSite,numberOfRobotsOnWhiteSite
6029,20,20
timeStep,numberOfRobotsOnBlackSite,numberOfRobotsOnWhiteSite
6030,20,20
timeStep,numberOfRobotsOnBlackSite,numberOfRobotsOnWhiteSite
6031,20,20
timeStep,numberOfRobotsOnBlackSite,numberOfRobotsOnWhiteSite
6032,20,20
timeStep,numberOfRobotsOnBlackSite,numberOfRobotsOnWhiteSite
6033,20,20
timeStep,numberOfRobotsOnBlackSite,numberOfRobotsOnWhiteSite
6034,20,20
timeStep,numberOfRobotsOnBlackSite,numberOfRobotsOnWhiteSite
6035,20,20
timeStep,numberOfRobotsOnBlackSite,numberOfRobotsOnWhiteSite
6036,20,20
timeStep,numberOfRobotsOnBlackSite,numberOfRobotsOnWhiteSite
6037,20,20
timeStep,numberOfRobotsOnBlackSite,numberOfRobotsOnWhiteSite
6038,20,20
timeStep,numberOfRobotsOnBlackSite,numberOfRobotsOnWhiteSite
6039,20,20
timeStep,numberOfRobotsOnBlackSite,numberOfRobotsOnWhiteSite
6040,20,20
timeStep,numberOfRobotsOnBlackSite,numberOfRobotsOnWhiteSite
6041,20,20
timeStep,numberOfRobotsOnBlackSite,numberOfRobotsOnWhiteSite
6042,20,20
timeStep,numberOfRobotsOnBlackSite,numberOfRobotsOnWhiteSite
6043,20,20
timeStep,numberOfRobotsOnBlackSite,numberOfRobotsOnWhiteSite
6044,20,20
timeStep,numberOfRobotsOnBlackSite,numberOfRobotsOnWhiteSite
6045,20,20
timeStep,numberOfRobotsOnBlackSite,numberOfRobotsOnWhiteSite
6046,20,20
timeStep,numberOfRobotsOnBlackSite,numberOfRobotsOnWhiteSite
6047,20,20
timeStep,numberOfRobotsOnBlackSite,numberOfRobotsOnWhiteSite
6048,20,20
timeStep,numberOfRobotsOnBlackSite,numberOfRobotsOnWhiteSite
6049,20,20
timeStep,numberOfRobotsOnBlackSite,numberOfRobotsOnWhiteSite
6050,20,20
timeStep,numberOfRobotsOnBlackSite,numberOfRobotsOnWhiteSite
6051,20,20
timeStep,numberOfRobotsOnBlackSite,numberOfRobotsOnWhiteSite
6052,20,20
timeStep,numberOfRobotsOnBlackSite,numberOfRobotsOnWhiteSite
6053,20,20
timeStep,numberOfRobotsOnBlackSite,numberOfRobotsOnWhiteSite
6054,20,20
timeStep,numberOfRobotsOnBlackSite,numberOfRobotsOnWhiteSite
6055,20,20
timeStep,numberOfRobotsOnBlackSite,numberOfRobotsOnWhiteSite
6056,20,20
timeStep,numberOfRobotsOnBlackSite,numberOfRobotsOnWhiteSite
6057,20,20
timeStep,numberOfRobotsOnBlackSite,numberOfRobotsOnWhiteSite
6058,20,20
timeStep,numberOfRobotsOnBlackSite,numberOfRobotsOnWhiteSite
6059,20,20
timeStep,numberOfRobotsOnBlackSite,numberOfRobotsOnWhiteSite
6060,20,20
timeStep,numberOfRobotsOnBlackSite,numberOfRobotsOnWhiteSite
6061,20,20
timeStep,numberOfRobotsOnBlackSite,numberOfRobotsOnWhiteSite
6062,20,20
timeStep,numberOfRobotsOnBlackSite,numberOfRobotsOnWhiteSite
6063,20,20
timeStep,numberOfRobotsOnBlackSite,numberOfRobotsOnWhiteSite
6064,20,20
timeStep,numberOfRobotsOnBlackSite,numberOfRobotsOnWhiteSite
6065,20,20
timeStep,numberOfRobotsOnBlackSite,numberOfRobotsOnWhiteSite
6066,20,20
timeStep,numberOfRobotsOnBlackSite,numberOfRobotsOnWhiteSite
6067,20,20
timeStep,numberOfRobotsOnBlackSite,numberOfRobotsOnWhiteSite
6068,20,20
timeStep,numberOfRobotsOnBlackSite,numberOfRobotsOnWhiteSite
6069,20,20
timeStep,numberOfRobotsOnBlackSite,numberOfRobotsOnWhiteSite
6070,20,20
timeStep,numberOfRobotsOnBlackSite,numberOfRobotsOnWhiteSite
6071,20,20
timeStep,numberOfRobotsOnBlackSite,numberOfRobotsOnWhiteSite
6072,20,20
timeStep,numberOfRobotsOnBlackSite,numberOfRobotsOnWhiteSite
6073,20,20
timeStep,numberOfRobotsOnBlackSite,numberOfRobotsOnWhiteSite
6074,20,20
timeStep,numberOfRobotsOnBlackSite,numberOfRobotsOnWhiteSite
6075,20,20
timeStep,numberOfRobotsOnBlackSite,numberOfRobotsOnWhiteSite
6076,20,20
timeStep,numberOfRobotsOnBlackSite,numberOfRobotsOnWhiteSite
6077,20,20
timeStep,numberOfRobotsOnBlackSite,numberOfRobotsOnWhiteSite
6078,20,20
timeStep,numberOfRobotsOnBlackSite,numberOfRobotsOnWhiteSite
6079,20,20
timeStep,numberOfRobotsOnBlackSite,numberOfRobotsOnWhiteSite
6080,20,20
timeStep,numberOfRobotsOnBlackSite,numberOfRobotsOnWhiteSite
6081,20,20
timeStep,numberOfRobotsOnBlackSite,numberOfRobotsOnWhiteSite
6082,20,20
timeStep,numberOfRobotsOnBlackSite,numberOfRobotsOnWhiteSite
6083,20,20
timeStep,numberOfRobotsOnBlackSite,numberOfRobotsOnWhiteSite
6084,20,20
timeStep,numberOfRobotsOnBlackSite,numberOfRobotsOnWhiteSite
6085,20,20
timeStep,numberOfRobotsOnBlackSite,numberOfRobotsOnWhiteSite
6086,20,20
timeStep,numberOfRobotsOnBlackSite,numberOfRobotsOnWhiteSite
6087,20,20
timeStep,numberOfRobotsOnBlackSite,numberOfRobotsOnWhiteSite
6088,20,20
timeStep,numberOfRobotsOnBlackSite,numberOfRobotsOnWhiteSite
6089,20,20
timeStep,numberOfRobotsOnBlackSite,numberOfRobotsOnWhiteSite
6090,20,20
timeStep,numberOfRobotsOnBlackSite,numberOfRobotsOnWhiteSite
6091,20,20
timeStep,numberOfRobotsOnBlackSite,numberOfRobotsOnWhiteSite
6092,20,20
timeStep,numberOfRobotsOnBlackSite,numberOfRobotsOnWhiteSite
6093,20,20
timeStep,numberOfRobotsOnBlackSite,numberOfRobotsOnWhiteSite
6094,20,20
timeStep,numberOfRobotsOnBlackSite,numberOfRobotsOnWhiteSite
6095,20,20
timeStep,numberOfRobotsOnBlackSite,numberOfRobotsOnWhiteSite
6096,20,20
timeStep,numberOfRobotsOnBlackSite,numberOfRobotsOnWhiteSite
6097,20,20
timeStep,numberOfRobotsOnBlackSite,numberOfRobotsOnWhiteSite
6098,20,20
timeStep,numberOfRobotsOnBlackSite,numberOfRobotsOnWhiteSite
6099,20,20
timeStep,numberOfRobotsOnBlackSite,numberOfRobotsOnWhiteSite
6100,20,20
timeStep,numberOfRobotsOnBlackSite,numberOfRobotsOnWhiteSite
6101,20,20
timeStep,numberOfRobotsOnBlackSite,numberOfRobotsOnWhiteSite
6102,20,20
timeStep,numberOfRobotsOnBlackSite,numberOfRobotsOnWhiteSite
6103,20,20
timeStep,numberOfRobotsOnBlackSite,numberOfRobotsOnWhiteSite
6104,20,20
timeStep,numberOfRobotsOnBlackSite,numberOfRobotsOnWhiteSite
6105,20,20
timeStep,numberOfRobotsOnBlackSite,numberOfRobotsOnWhiteSite
6106,20,20
timeStep,numberOfRobotsOnBlackSite,numberOfRobotsOnWhiteSite
6107,20,20
timeStep,numberOfRobotsOnBlackSite,numberOfRobotsOnWhiteSite
6108,20,20
timeStep,numberOfRobotsOnBlackSite,numberOfRobotsOnWhiteSite
6109,20,20
timeStep,numberOfRobotsOnBlackSite,numberOfRobotsOnWhiteSite
6110,20,20
timeStep,numberOfRobotsOnBlackSite,numberOfRobotsOnWhiteSite
6111,20,20
timeStep,numberOfRobotsOnBlackSite,numberOfRobotsOnWhiteSite
6112,20,20
timeStep,numberOfRobotsOnBlackSite,numberOfRobotsOnWhiteSite
6113,20,20
timeStep,numberOfRobotsOnBlackSite,numberOfRobotsOnWhiteSite
6114,20,20
timeStep,numberOfRobotsOnBlackSite,numberOfRobotsOnWhiteSite
6115,20,20
timeStep,numberOfRobotsOnBlackSite,numberOfRobotsOnWhiteSite
6116,20,20
timeStep,numberOfRobotsOnBlackSite,numberOfRobotsOnWhiteSite
6117,20,20
timeStep,numberOfRobotsOnBlackSite,numberOfRobotsOnWhiteSite
6118,20,20
timeStep,numberOfRobotsOnBlackSite,numberOfRobotsOnWhiteSite
6119,20,20
timeStep,numberOfRobotsOnBlackSite,numberOfRobotsOnWhiteSite
6120,20,20
timeStep,numberOfRobotsOnBlackSite,numberOfRobotsOnWhiteSite
6121,20,20
timeStep,numberOfRobotsOnBlackSite,numberOfRobotsOnWhiteSite
6122,20,20
timeStep,numberOfRobotsOnBlackSite,numberOfRobotsOnWhiteSite
6123,20,20
timeStep,numberOfRobotsOnBlackSite,numberOfRobotsOnWhiteSite
6124,20,20
timeStep,numberOfRobotsOnBlackSite,numberOfRobotsOnWhiteSite
6125,20,20
timeStep,numberOfRobotsOnBlackSite,numberOfRobotsOnWhiteSite
6126,20,20
timeStep,numberOfRobotsOnBlackSite,numberOfRobotsOnWhiteSite
6127,20,20
timeStep,numberOfRobotsOnBlackSite,numberOfRobotsOnWhiteSite
6128,20,20
timeStep,numberOfRobotsOnBlackSite,numberOfRobotsOnWhiteSite
6129,20,20
timeStep,numberOfRobotsOnBlackSite,numberOfRobotsOnWhiteSite
6130,20,20
timeStep,numberOfRobotsOnBlackSite,numberOfRobotsOnWhiteSite
6131,20,20
timeStep,numberOfRobotsOnBlackSite,numberOfRobotsOnWhiteSite
6132,20,20
timeStep,numberOfRobotsOnBlackSite,numberOfRobotsOnWhiteSite
6133,20,20
timeStep,numberOfRobotsOnBlackSite,numberOfRobotsOnWhiteSite
6134,20,20
timeStep,numberOfRobotsOnBlackSite,numberOfRobotsOnWhiteSite
6135,20,20
timeStep,numberOfRobotsOnBlackSite,numberOfRobotsOnWhiteSite
6136,20,20
timeStep,numberOfRobotsOnBlackSite,numberOfRobotsOnWhiteSite
6137,20,20
timeStep,numberOfRobotsOnBlackSite,numberOfRobotsOnWhiteSite
6138,20,20
timeStep,numberOfRobotsOnBlackSite,numberOfRobotsOnWhiteSite
6139,20,20
timeStep,numberOfRobotsOnBlackSite,numberOfRobotsOnWhiteSite
6140,21,20
timeStep,numberOfRobotsOnBlackSite,numberOfRobotsOnWhiteSite
6141,21,20
timeStep,numberOfRobotsOnBlackSite,numberOfRobotsOnWhiteSite
6142,21,20
timeStep,numberOfRobotsOnBlackSite,numberOfRobotsOnWhiteSite
6143,21,20
timeStep,numberOfRobotsOnBlackSite,numberOfRobotsOnWhiteSite
6144,21,20
timeStep,numberOfRobotsOnBlackSite,numberOfRobotsOnWhiteSite
6145,21,20
timeStep,numberOfRobotsOnBlackSite,numberOfRobotsOnWhiteSite
6146,21,20
timeStep,numberOfRobotsOnBlackSite,numberOfRobotsOnWhiteSite
6147,21,20
timeStep,numberOfRobotsOnBlackSite,numberOfRobotsOnWhiteSite
6148,21,20
timeStep,numberOfRobotsOnBlackSite,numberOfRobotsOnWhiteSite
6149,21,20
timeStep,numberOfRobotsOnBlackSite,numberOfRobotsOnWhiteSite
6150,21,20
timeStep,numberOfRobotsOnBlackSite,numberOfRobotsOnWhiteSite
6151,21,20
timeStep,numberOfRobotsOnBlackSite,numberOfRobotsOnWhiteSite
6152,21,20
timeStep,numberOfRobotsOnBlackSite,numberOfRobotsOnWhiteSite
6153,21,20
timeStep,numberOfRobotsOnBlackSite,numberOfRobotsOnWhiteSite
6154,21,20
timeStep,numberOfRobotsOnBlackSite,numberOfRobotsOnWhiteSite
6155,21,20
timeStep,numberOfRobotsOnBlackSite,numberOfRobotsOnWhiteSite
6156,21,20
timeStep,numberOfRobotsOnBlackSite,numberOfRobotsOnWhiteSite
6157,21,20
timeStep,numberOfRobotsOnBlackSite,numberOfRobotsOnWhiteSite
6158,21,20
timeStep,numberOfRobotsOnBlackSite,numberOfRobotsOnWhiteSite
6159,21,20
timeStep,numberOfRobotsOnBlackSite,numberOfRobotsOnWhiteSite
6160,21,20
timeStep,numberOfRobotsOnBlackSite,numberOfRobotsOnWhiteSite
6161,21,20
timeStep,numberOfRobotsOnBlackSite,numberOfRobotsOnWhiteSite
6162,21,20
timeStep,numberOfRobotsOnBlackSite,numberOfRobotsOnWhiteSite
6163,21,20
timeStep,numberOfRobotsOnBlackSite,numberOfRobotsOnWhiteSite
6164,21,20
timeStep,numberOfRobotsOnBlackSite,numberOfRobotsOnWhiteSite
6165,21,20
timeStep,numberOfRobotsOnBlackSite,numberOfRobotsOnWhiteSite
6166,21,20
timeStep,numberOfRobotsOnBlackSite,numberOfRobotsOnWhiteSite
6167,21,20
timeStep,numberOfRobotsOnBlackSite,numberOfRobotsOnWhiteSite
6168,21,20
timeStep,numberOfRobotsOnBlackSite,numberOfRobotsOnWhiteSite
6169,21,20
timeStep,numberOfRobotsOnBlackSite,numberOfRobotsOnWhiteSite
6170,21,20
timeStep,numberOfRobotsOnBlackSite,numberOfRobotsOnWhiteSite
6171,21,20
timeStep,numberOfRobotsOnBlackSite,numberOfRobotsOnWhiteSite
6172,21,20
timeStep,numberOfRobotsOnBlackSite,numberOfRobotsOnWhiteSite
6173,21,20
timeStep,numberOfRobotsOnBlackSite,numberOfRobotsOnWhiteSite
6174,21,20
timeStep,numberOfRobotsOnBlackSite,numberOfRobotsOnWhiteSite
6175,21,20
timeStep,numberOfRobotsOnBlackSite,numberOfRobotsOnWhiteSite
6176,21,20
timeStep,numberOfRobotsOnBlackSite,numberOfRobotsOnWhiteSite
6177,21,20
timeStep,numberOfRobotsOnBlackSite,numberOfRobotsOnWhiteSite
6178,21,20
timeStep,numberOfRobotsOnBlackSite,numberOfRobotsOnWhiteSite
6179,21,20
timeStep,numberOfRobotsOnBlackSite,numberOfRobotsOnWhiteSite
6180,21,20
timeStep,numberOfRobotsOnBlackSite,numberOfRobotsOnWhiteSite
6181,21,20
timeStep,numberOfRobotsOnBlackSite,numberOfRobotsOnWhiteSite
6182,21,20
timeStep,numberOfRobotsOnBlackSite,numberOfRobotsOnWhiteSite
6183,21,20
timeStep,numberOfRobotsOnBlackSite,numberOfRobotsOnWhiteSite
6184,21,20
timeStep,numberOfRobotsOnBlackSite,numberOfRobotsOnWhiteSite
6185,21,20
timeStep,numberOfRobotsOnBlackSite,numberOfRobotsOnWhiteSite
6186,21,20
timeStep,numberOfRobotsOnBlackSite,numberOfRobotsOnWhiteSite
6187,21,20
timeStep,numberOfRobotsOnBlackSite,numberOfRobotsOnWhiteSite
6188,21,20
timeStep,numberOfRobotsOnBlackSite,numberOfRobotsOnWhiteSite
6189,21,20
timeStep,numberOfRobotsOnBlackSite,numberOfRobotsOnWhiteSite
6190,21,20
timeStep,numberOfRobotsOnBlackSite,numberOfRobotsOnWhiteSite
6191,21,20
timeStep,numberOfRobotsOnBlackSite,numberOfRobotsOnWhiteSite
6192,21,20
timeStep,numberOfRobotsOnBlackSite,numberOfRobotsOnWhiteSite
6193,21,20
timeStep,numberOfRobotsOnBlackSite,numberOfRobotsOnWhiteSite
6194,21,20
timeStep,numberOfRobotsOnBlackSite,numberOfRobotsOnWhiteSite
6195,21,20
timeStep,numberOfRobotsOnBlackSite,numberOfRobotsOnWhiteSite
6196,21,20
timeStep,numberOfRobotsOnBlackSite,numberOfRobotsOnWhiteSite
6197,21,20
timeStep,numberOfRobotsOnBlackSite,numberOfRobotsOnWhiteSite
6198,21,20
timeStep,numberOfRobotsOnBlackSite,numberOfRobotsOnWhiteSite
6199,21,20
timeStep,numberOfRobotsOnBlackSite,numberOfRobotsOnWhiteSite
6200,21,20
timeStep,numberOfRobotsOnBlackSite,numberOfRobotsOnWhiteSite
6201,21,20
timeStep,numberOfRobotsOnBlackSite,numberOfRobotsOnWhiteSite
6202,21,20
timeStep,numberOfRobotsOnBlackSite,numberOfRobotsOnWhiteSite
6203,21,20
timeStep,numberOfRobotsOnBlackSite,numberOfRobotsOnWhiteSite
6204,21,20
timeStep,numberOfRobotsOnBlackSite,numberOfRobotsOnWhiteSite
6205,21,20
timeStep,numberOfRobotsOnBlackSite,numberOfRobotsOnWhiteSite
6206,21,20
timeStep,numberOfRobotsOnBlackSite,numberOfRobotsOnWhiteSite
6207,21,20
timeStep,numberOfRobotsOnBlackSite,numberOfRobotsOnWhiteSite
6208,21,20
timeStep,numberOfRobotsOnBlackSite,numberOfRobotsOnWhiteSite
6209,21,20
timeStep,numberOfRobotsOnBlackSite,numberOfRobotsOnWhiteSite
6210,21,20
timeStep,numberOfRobotsOnBlackSite,numberOfRobotsOnWhiteSite
6211,21,20
timeStep,numberOfRobotsOnBlackSite,numberOfRobotsOnWhiteSite
6212,21,20
timeStep,numberOfRobotsOnBlackSite,numberOfRobotsOnWhiteSite
6213,21,20
timeStep,numberOfRobotsOnBlackSite,numberOfRobotsOnWhiteSite
6214,21,20
timeStep,numberOfRobotsOnBlackSite,numberOfRobotsOnWhiteSite
6215,21,20
timeStep,numberOfRobotsOnBlackSite,numberOfRobotsOnWhiteSite
6216,21,20
timeStep,numberOfRobotsOnBlackSite,numberOfRobotsOnWhiteSite
6217,21,20
timeStep,numberOfRobotsOnBlackSite,numberOfRobotsOnWhiteSite
6218,21,20
timeStep,numberOfRobotsOnBlackSite,numberOfRobotsOnWhiteSite
6219,21,20
timeStep,numberOfRobotsOnBlackSite,numberOfRobotsOnWhiteSite
6220,21,20
timeStep,numberOfRobotsOnBlackSite,numberOfRobotsOnWhiteSite
6221,21,20
timeStep,numberOfRobotsOnBlackSite,numberOfRobotsOnWhiteSite
6222,21,20
timeStep,numberOfRobotsOnBlackSite,numberOfRobotsOnWhiteSite
6223,21,20
timeStep,numberOfRobotsOnBlackSite,numberOfRobotsOnWhiteSite
6224,21,20
timeStep,numberOfRobotsOnBlackSite,numberOfRobotsOnWhiteSite
6225,21,20
timeStep,numberOfRobotsOnBlackSite,numberOfRobotsOnWhiteSite
6226,21,20
timeStep,numberOfRobotsOnBlackSite,numberOfRobotsOnWhiteSite
6227,21,20
timeStep,numberOfRobotsOnBlackSite,numberOfRobotsOnWhiteSite
6228,21,20
timeStep,numberOfRobotsOnBlackSite,numberOfRobotsOnWhiteSite
6229,21,20
timeStep,numberOfRobotsOnBlackSite,numberOfRobotsOnWhiteSite
6230,21,20
timeStep,numberOfRobotsOnBlackSite,numberOfRobotsOnWhiteSite
6231,21,20
timeStep,numberOfRobotsOnBlackSite,numberOfRobotsOnWhiteSite
6232,21,20
timeStep,numberOfRobotsOnBlackSite,numberOfRobotsOnWhiteSite
6233,21,20
timeStep,numberOfRobotsOnBlackSite,numberOfRobotsOnWhiteSite
6234,21,20
timeStep,numberOfRobotsOnBlackSite,numberOfRobotsOnWhiteSite
6235,21,20
timeStep,numberOfRobotsOnBlackSite,numberOfRobotsOnWhiteSite
6236,21,20
timeStep,numberOfRobotsOnBlackSite,numberOfRobotsOnWhiteSite
6237,21,20
timeStep,numberOfRobotsOnBlackSite,numberOfRobotsOnWhiteSite
6238,21,20
timeStep,numberOfRobotsOnBlackSite,numberOfRobotsOnWhiteSite
6239,21,20
timeStep,numberOfRobotsOnBlackSite,numberOfRobotsOnWhiteSite
6240,21,20
timeStep,numberOfRobotsOnBlackSite,numberOfRobotsOnWhiteSite
6241,21,20
timeStep,numberOfRobotsOnBlackSite,numberOfRobotsOnWhiteSite
6242,21,20
timeStep,numberOfRobotsOnBlackSite,numberOfRobotsOnWhiteSite
6243,21,20
timeStep,numberOfRobotsOnBlackSite,numberOfRobotsOnWhiteSite
6244,21,20
timeStep,numberOfRobotsOnBlackSite,numberOfRobotsOnWhiteSite
6245,21,20
timeStep,numberOfRobotsOnBlackSite,numberOfRobotsOnWhiteSite
6246,21,20
timeStep,numberOfRobotsOnBlackSite,numberOfRobotsOnWhiteSite
6247,21,20
timeStep,numberOfRobotsOnBlackSite,numberOfRobotsOnWhiteSite
6248,21,20
timeStep,numberOfRobotsOnBlackSite,numberOfRobotsOnWhiteSite
6249,21,20
timeStep,numberOfRobotsOnBlackSite,numberOfRobotsOnWhiteSite
6250,21,20
timeStep,numberOfRobotsOnBlackSite,numberOfRobotsOnWhiteSite
6251,21,20
timeStep,numberOfRobotsOnBlackSite,numberOfRobotsOnWhiteSite
6252,21,20
timeStep,numberOfRobotsOnBlackSite,numberOfRobotsOnWhiteSite
6253,21,20
timeStep,numberOfRobotsOnBlackSite,numberOfRobotsOnWhiteSite
6254,21,20
timeStep,numberOfRobotsOnBlackSite,numberOfRobotsOnWhiteSite
6255,21,20
timeStep,numberOfRobotsOnBlackSite,numberOfRobotsOnWhiteSite
6256,21,20
timeStep,numberOfRobotsOnBlackSite,numberOfRobotsOnWhiteSite
6257,21,20
timeStep,numberOfRobotsOnBlackSite,numberOfRobotsOnWhiteSite
6258,21,20
timeStep,numberOfRobotsOnBlackSite,numberOfRobotsOnWhiteSite
6259,21,20
timeStep,numberOfRobotsOnBlackSite,numberOfRobotsOnWhiteSite
6260,21,20
timeStep,numberOfRobotsOnBlackSite,numberOfRobotsOnWhiteSite
6261,21,20
timeStep,numberOfRobotsOnBlackSite,numberOfRobotsOnWhiteSite
6262,21,20
timeStep,numberOfRobotsOnBlackSite,numberOfRobotsOnWhiteSite
6263,21,20
timeStep,numberOfRobotsOnBlackSite,numberOfRobotsOnWhiteSite
6264,21,20
timeStep,numberOfRobotsOnBlackSite,numberOfRobotsOnWhiteSite
6265,21,20
timeStep,numberOfRobotsOnBlackSite,numberOfRobotsOnWhiteSite
6266,21,20
timeStep,numberOfRobotsOnBlackSite,numberOfRobotsOnWhiteSite
6267,21,20
timeStep,numberOfRobotsOnBlackSite,numberOfRobotsOnWhiteSite
6268,21,20
timeStep,numberOfRobotsOnBlackSite,numberOfRobotsOnWhiteSite
6269,21,20
timeStep,numberOfRobotsOnBlackSite,numberOfRobotsOnWhiteSite
6270,21,20
timeStep,numberOfRobotsOnBlackSite,numberOfRobotsOnWhiteSite
6271,21,20
timeStep,numberOfRobotsOnBlackSite,numberOfRobotsOnWhiteSite
6272,21,20
timeStep,numberOfRobotsOnBlackSite,numberOfRobotsOnWhiteSite
6273,21,20
timeStep,numberOfRobotsOnBlackSite,numberOfRobotsOnWhiteSite
6274,21,20
timeStep,numberOfRobotsOnBlackSite,numberOfRobotsOnWhiteSite
6275,21,20
timeStep,numberOfRobotsOnBlackSite,numberOfRobotsOnWhiteSite
6276,21,20
timeStep,numberOfRobotsOnBlackSite,numberOfRobotsOnWhiteSite
6277,21,20
timeStep,numberOfRobotsOnBlackSite,numberOfRobotsOnWhiteSite
6278,21,20
timeStep,numberOfRobotsOnBlackSite,numberOfRobotsOnWhiteSite
6279,21,20
timeStep,numberOfRobotsOnBlackSite,numberOfRobotsOnWhiteSite
6280,21,20
timeStep,numberOfRobotsOnBlackSite,numberOfRobotsOnWhiteSite
6281,21,20
timeStep,numberOfRobotsOnBlackSite,numberOfRobotsOnWhiteSite
6282,21,20
timeStep,numberOfRobotsOnBlackSite,numberOfRobotsOnWhiteSite
6283,21,20
timeStep,numberOfRobotsOnBlackSite,numberOfRobotsOnWhiteSite
6284,21,20
timeStep,numberOfRobotsOnBlackSite,numberOfRobotsOnWhiteSite
6285,21,20
timeStep,numberOfRobotsOnBlackSite,numberOfRobotsOnWhiteSite
6286,21,20
timeStep,numberOfRobotsOnBlackSite,numberOfRobotsOnWhiteSite
6287,21,20
timeStep,numberOfRobotsOnBlackSite,numberOfRobotsOnWhiteSite
6288,21,20
timeStep,numberOfRobotsOnBlackSite,numberOfRobotsOnWhiteSite
6289,21,20
timeStep,numberOfRobotsOnBlackSite,numberOfRobotsOnWhiteSite
6290,21,20
timeStep,numberOfRobotsOnBlackSite,numberOfRobotsOnWhiteSite
6291,21,20
timeStep,numberOfRobotsOnBlackSite,numberOfRobotsOnWhiteSite
6292,21,20
timeStep,numberOfRobotsOnBlackSite,numberOfRobotsOnWhiteSite
6293,21,20
timeStep,numberOfRobotsOnBlackSite,numberOfRobotsOnWhiteSite
6294,21,20
timeStep,numberOfRobotsOnBlackSite,numberOfRobotsOnWhiteSite
6295,21,20
timeStep,numberOfRobotsOnBlackSite,numberOfRobotsOnWhiteSite
6296,21,20
timeStep,numberOfRobotsOnBlackSite,numberOfRobotsOnWhiteSite
6297,21,20
timeStep,numberOfRobotsOnBlackSite,numberOfRobotsOnWhiteSite
6298,21,20
timeStep,numberOfRobotsOnBlackSite,numberOfRobotsOnWhiteSite
6299,21,20
timeStep,numberOfRobotsOnBlackSite,numberOfRobotsOnWhiteSite
6300,21,20
timeStep,numberOfRobotsOnBlackSite,numberOfRobotsOnWhiteSite
6301,21,20
timeStep,numberOfRobotsOnBlackSite,numberOfRobotsOnWhiteSite
6302,21,20
timeStep,numberOfRobotsOnBlackSite,numberOfRobotsOnWhiteSite
6303,21,20
timeStep,numberOfRobotsOnBlackSite,numberOfRobotsOnWhiteSite
6304,21,20
timeStep,numberOfRobotsOnBlackSite,numberOfRobotsOnWhiteSite
6305,21,20
timeStep,numberOfRobotsOnBlackSite,numberOfRobotsOnWhiteSite
6306,21,20
timeStep,numberOfRobotsOnBlackSite,numberOfRobotsOnWhiteSite
6307,21,20
timeStep,numberOfRobotsOnBlackSite,numberOfRobotsOnWhiteSite
6308,21,20
timeStep,numberOfRobotsOnBlackSite,numberOfRobotsOnWhiteSite
6309,21,20
timeStep,numberOfRobotsOnBlackSite,numberOfRobotsOnWhiteSite
6310,21,20
timeStep,numberOfRobotsOnBlackSite,numberOfRobotsOnWhiteSite
6311,21,20
timeStep,numberOfRobotsOnBlackSite,numberOfRobotsOnWhiteSite
6312,21,20
timeStep,numberOfRobotsOnBlackSite,numberOfRobotsOnWhiteSite
6313,21,20
timeStep,numberOfRobotsOnBlackSite,numberOfRobotsOnWhiteSite
6314,21,20
timeStep,numberOfRobotsOnBlackSite,numberOfRobotsOnWhiteSite
6315,21,20
timeStep,numberOfRobotsOnBlackSite,numberOfRobotsOnWhiteSite
6316,21,20
timeStep,numberOfRobotsOnBlackSite,numberOfRobotsOnWhiteSite
6317,21,20
timeStep,numberOfRobotsOnBlackSite,numberOfRobotsOnWhiteSite
6318,21,20
timeStep,numberOfRobotsOnBlackSite,numberOfRobotsOnWhiteSite
6319,21,20
timeStep,numberOfRobotsOnBlackSite,numberOfRobotsOnWhiteSite
6320,21,20
timeStep,numberOfRobotsOnBlackSite,numberOfRobotsOnWhiteSite
6321,21,20
timeStep,numberOfRobotsOnBlackSite,numberOfRobotsOnWhiteSite
6322,21,20
timeStep,numberOfRobotsOnBlackSite,numberOfRobotsOnWhiteSite
6323,21,20
timeStep,numberOfRobotsOnBlackSite,numberOfRobotsOnWhiteSite
6324,21,20
timeStep,numberOfRobotsOnBlackSite,numberOfRobotsOnWhiteSite
6325,21,20
timeStep,numberOfRobotsOnBlackSite,numberOfRobotsOnWhiteSite
6326,21,20
timeStep,numberOfRobotsOnBlackSite,numberOfRobotsOnWhiteSite
6327,21,20
timeStep,numberOfRobotsOnBlackSite,numberOfRobotsOnWhiteSite
6328,21,20
timeStep,numberOfRobotsOnBlackSite,numberOfRobotsOnWhiteSite
6329,21,20
timeStep,numberOfRobotsOnBlackSite,numberOfRobotsOnWhiteSite
6330,21,20
timeStep,numberOfRobotsOnBlackSite,numberOfRobotsOnWhiteSite
6331,21,20
timeStep,numberOfRobotsOnBlackSite,numberOfRobotsOnWhiteSite
6332,21,20
timeStep,numberOfRobotsOnBlackSite,numberOfRobotsOnWhiteSite
6333,21,20
timeStep,numberOfRobotsOnBlackSite,numberOfRobotsOnWhiteSite
6334,21,20
timeStep,numberOfRobotsOnBlackSite,numberOfRobotsOnWhiteSite
6335,21,20
timeStep,numberOfRobotsOnBlackSite,numberOfRobotsOnWhiteSite
6336,21,20
timeStep,numberOfRobotsOnBlackSite,numberOfRobotsOnWhiteSite
6337,21,20
timeStep,numberOfRobotsOnBlackSite,numberOfRobotsOnWhiteSite
6338,21,20
timeStep,numberOfRobotsOnBlackSite,numberOfRobotsOnWhiteSite
6339,21,20
timeStep,numberOfRobotsOnBlackSite,numberOfRobotsOnWhiteSite
6340,22,20
timeStep,numberOfRobotsOnBlackSite,numberOfRobotsOnWhiteSite
6341,22,20
timeStep,numberOfRobotsOnBlackSite,numberOfRobotsOnWhiteSite
6342,22,20
timeStep,numberOfRobotsOnBlackSite,numberOfRobotsOnWhiteSite
6343,22,20
timeStep,numberOfRobotsOnBlackSite,numberOfRobotsOnWhiteSite
6344,22,20
timeStep,numberOfRobotsOnBlackSite,numberOfRobotsOnWhiteSite
6345,22,20
timeStep,numberOfRobotsOnBlackSite,numberOfRobotsOnWhiteSite
6346,22,20
timeStep,numberOfRobotsOnBlackSite,numberOfRobotsOnWhiteSite
6347,22,20
timeStep,numberOfRobotsOnBlackSite,numberOfRobotsOnWhiteSite
6348,22,20
timeStep,numberOfRobotsOnBlackSite,numberOfRobotsOnWhiteSite
6349,22,20
timeStep,numberOfRobotsOnBlackSite,numberOfRobotsOnWhiteSite
6350,22,20
timeStep,numberOfRobotsOnBlackSite,numberOfRobotsOnWhiteSite
6351,22,20
timeStep,numberOfRobotsOnBlackSite,numberOfRobotsOnWhiteSite
6352,22,20
timeStep,numberOfRobotsOnBlackSite,numberOfRobotsOnWhiteSite
6353,22,20
timeStep,numberOfRobotsOnBlackSite,numberOfRobotsOnWhiteSite
6354,22,20
timeStep,numberOfRobotsOnBlackSite,numberOfRobotsOnWhiteSite
6355,22,20
timeStep,numberOfRobotsOnBlackSite,numberOfRobotsOnWhiteSite
6356,22,20
timeStep,numberOfRobotsOnBlackSite,numberOfRobotsOnWhiteSite
6357,22,20
timeStep,numberOfRobotsOnBlackSite,numberOfRobotsOnWhiteSite
6358,22,20
timeStep,numberOfRobotsOnBlackSite,numberOfRobotsOnWhiteSite
6359,22,20
timeStep,numberOfRobotsOnBlackSite,numberOfRobotsOnWhiteSite
6360,22,20
timeStep,numberOfRobotsOnBlackSite,numberOfRobotsOnWhiteSite
6361,22,20
timeStep,numberOfRobotsOnBlackSite,numberOfRobotsOnWhiteSite
6362,22,20
timeStep,numberOfRobotsOnBlackSite,numberOfRobotsOnWhiteSite
6363,22,20
timeStep,numberOfRobotsOnBlackSite,numberOfRobotsOnWhiteSite
6364,22,20
timeStep,numberOfRobotsOnBlackSite,numberOfRobotsOnWhiteSite
6365,22,20
timeStep,numberOfRobotsOnBlackSite,numberOfRobotsOnWhiteSite
6366,22,20
timeStep,numberOfRobotsOnBlackSite,numberOfRobotsOnWhiteSite
6367,22,20
timeStep,numberOfRobotsOnBlackSite,numberOfRobotsOnWhiteSite
6368,22,20
timeStep,numberOfRobotsOnBlackSite,numberOfRobotsOnWhiteSite
6369,22,20
timeStep,numberOfRobotsOnBlackSite,numberOfRobotsOnWhiteSite
6370,22,20
timeStep,numberOfRobotsOnBlackSite,numberOfRobotsOnWhiteSite
6371,22,20
timeStep,numberOfRobotsOnBlackSite,numberOfRobotsOnWhiteSite
6372,22,20
timeStep,numberOfRobotsOnBlackSite,numberOfRobotsOnWhiteSite
6373,22,20
timeStep,numberOfRobotsOnBlackSite,numberOfRobotsOnWhiteSite
6374,22,20
timeStep,numberOfRobotsOnBlackSite,numberOfRobotsOnWhiteSite
6375,22,20
timeStep,numberOfRobotsOnBlackSite,numberOfRobotsOnWhiteSite
6376,22,20
timeStep,numberOfRobotsOnBlackSite,numberOfRobotsOnWhiteSite
6377,22,20
timeStep,numberOfRobotsOnBlackSite,numberOfRobotsOnWhiteSite
6378,22,20
timeStep,numberOfRobotsOnBlackSite,numberOfRobotsOnWhiteSite
6379,22,20
timeStep,numberOfRobotsOnBlackSite,numberOfRobotsOnWhiteSite
6380,22,20
timeStep,numberOfRobotsOnBlackSite,numberOfRobotsOnWhiteSite
6381,22,20
timeStep,numberOfRobotsOnBlackSite,numberOfRobotsOnWhiteSite
6382,22,20
timeStep,numberOfRobotsOnBlackSite,numberOfRobotsOnWhiteSite
6383,22,20
timeStep,numberOfRobotsOnBlackSite,numberOfRobotsOnWhiteSite
6384,22,20
timeStep,numberOfRobotsOnBlackSite,numberOfRobotsOnWhiteSite
6385,22,20
timeStep,numberOfRobotsOnBlackSite,numberOfRobotsOnWhiteSite
6386,22,20
timeStep,numberOfRobotsOnBlackSite,numberOfRobotsOnWhiteSite
6387,22,20
timeStep,numberOfRobotsOnBlackSite,numberOfRobotsOnWhiteSite
6388,22,20
timeStep,numberOfRobotsOnBlackSite,numberOfRobotsOnWhiteSite
6389,22,20
timeStep,numberOfRobotsOnBlackSite,numberOfRobotsOnWhiteSite
6390,22,20
timeStep,numberOfRobotsOnBlackSite,numberOfRobotsOnWhiteSite
6391,22,20
timeStep,numberOfRobotsOnBlackSite,numberOfRobotsOnWhiteSite
6392,22,20
timeStep,numberOfRobotsOnBlackSite,numberOfRobotsOnWhiteSite
6393,22,20
timeStep,numberOfRobotsOnBlackSite,numberOfRobotsOnWhiteSite
6394,22,20
timeStep,numberOfRobotsOnBlackSite,numberOfRobotsOnWhiteSite
6395,22,20
timeStep,numberOfRobotsOnBlackSite,numberOfRobotsOnWhiteSite
6396,22,20
timeStep,numberOfRobotsOnBlackSite,numberOfRobotsOnWhiteSite
6397,22,20
timeStep,numberOfRobotsOnBlackSite,numberOfRobotsOnWhiteSite
6398,22,20
timeStep,numberOfRobotsOnBlackSite,numberOfRobotsOnWhiteSite
6399,22,20
timeStep,numberOfRobotsOnBlackSite,numberOfRobotsOnWhiteSite
6400,22,20
timeStep,numberOfRobotsOnBlackSite,numberOfRobotsOnWhiteSite
6401,22,20
timeStep,numberOfRobotsOnBlackSite,numberOfRobotsOnWhiteSite
6402,22,20
timeStep,numberOfRobotsOnBlackSite,numberOfRobotsOnWhiteSite
6403,22,20
timeStep,numberOfRobotsOnBlackSite,numberOfRobotsOnWhiteSite
6404,22,20
timeStep,numberOfRobotsOnBlackSite,numberOfRobotsOnWhiteSite
6405,22,20
timeStep,numberOfRobotsOnBlackSite,numberOfRobotsOnWhiteSite
6406,22,20
timeStep,numberOfRobotsOnBlackSite,numberOfRobotsOnWhiteSite
6407,22,20
timeStep,numberOfRobotsOnBlackSite,numberOfRobotsOnWhiteSite
6408,22,20
timeStep,numberOfRobotsOnBlackSite,numberOfRobotsOnWhiteSite
6409,22,20
timeStep,numberOfRobotsOnBlackSite,numberOfRobotsOnWhiteSite
6410,22,20
timeStep,numberOfRobotsOnBlackSite,numberOfRobotsOnWhiteSite
6411,22,20
timeStep,numberOfRobotsOnBlackSite,numberOfRobotsOnWhiteSite
6412,22,20
timeStep,numberOfRobotsOnBlackSite,numberOfRobotsOnWhiteSite
6413,22,20
timeStep,numberOfRobotsOnBlackSite,numberOfRobotsOnWhiteSite
6414,22,20
timeStep,numberOfRobotsOnBlackSite,numberOfRobotsOnWhiteSite
6415,22,20
timeStep,numberOfRobotsOnBlackSite,numberOfRobotsOnWhiteSite
6416,22,20
timeStep,numberOfRobotsOnBlackSite,numberOfRobotsOnWhiteSite
6417,22,20
timeStep,numberOfRobotsOnBlackSite,numberOfRobotsOnWhiteSite
6418,22,20
timeStep,numberOfRobotsOnBlackSite,numberOfRobotsOnWhiteSite
6419,22,20
timeStep,numberOfRobotsOnBlackSite,numberOfRobotsOnWhiteSite
6420,22,20
timeStep,numberOfRobotsOnBlackSite,numberOfRobotsOnWhiteSite
6421,22,20
timeStep,numberOfRobotsOnBlackSite,numberOfRobotsOnWhiteSite
6422,22,20
timeStep,numberOfRobotsOnBlackSite,numberOfRobotsOnWhiteSite
6423,22,20
timeStep,numberOfRobotsOnBlackSite,numberOfRobotsOnWhiteSite
6424,22,20
timeStep,numberOfRobotsOnBlackSite,numberOfRobotsOnWhiteSite
6425,22,20
timeStep,numberOfRobotsOnBlackSite,numberOfRobotsOnWhiteSite
6426,22,20
timeStep,numberOfRobotsOnBlackSite,numberOfRobotsOnWhiteSite
6427,22,20
timeStep,numberOfRobotsOnBlackSite,numberOfRobotsOnWhiteSite
6428,22,20
timeStep,numberOfRobotsOnBlackSite,numberOfRobotsOnWhiteSite
6429,22,20
timeStep,numberOfRobotsOnBlackSite,numberOfRobotsOnWhiteSite
6430,22,20
timeStep,numberOfRobotsOnBlackSite,numberOfRobotsOnWhiteSite
6431,22,20
timeStep,numberOfRobotsOnBlackSite,numberOfRobotsOnWhiteSite
6432,22,20
timeStep,numberOfRobotsOnBlackSite,numberOfRobotsOnWhiteSite
6433,22,20
timeStep,numberOfRobotsOnBlackSite,numberOfRobotsOnWhiteSite
6434,22,20
timeStep,numberOfRobotsOnBlackSite,numberOfRobotsOnWhiteSite
6435,22,20
timeStep,numberOfRobotsOnBlackSite,numberOfRobotsOnWhiteSite
6436,22,20
timeStep,numberOfRobotsOnBlackSite,numberOfRobotsOnWhiteSite
6437,22,20
timeStep,numberOfRobotsOnBlackSite,numberOfRobotsOnWhiteSite
6438,22,20
timeStep,numberOfRobotsOnBlackSite,numberOfRobotsOnWhiteSite
6439,22,20
timeStep,numberOfRobotsOnBlackSite,numberOfRobotsOnWhiteSite
6440,21,20
timeStep,numberOfRobotsOnBlackSite,numberOfRobotsOnWhiteSite
6441,21,20
timeStep,numberOfRobotsOnBlackSite,numberOfRobotsOnWhiteSite
6442,21,20
timeStep,numberOfRobotsOnBlackSite,numberOfRobotsOnWhiteSite
6443,21,20
timeStep,numberOfRobotsOnBlackSite,numberOfRobotsOnWhiteSite
6444,21,20
timeStep,numberOfRobotsOnBlackSite,numberOfRobotsOnWhiteSite
6445,20,20
timeStep,numberOfRobotsOnBlackSite,numberOfRobotsOnWhiteSite
6446,20,20
timeStep,numberOfRobotsOnBlackSite,numberOfRobotsOnWhiteSite
6447,20,20
timeStep,numberOfRobotsOnBlackSite,numberOfRobotsOnWhiteSite
6448,20,20
timeStep,numberOfRobotsOnBlackSite,numberOfRobotsOnWhiteSite
6449,20,20
timeStep,numberOfRobotsOnBlackSite,numberOfRobotsOnWhiteSite
6450,20,20
timeStep,numberOfRobotsOnBlackSite,numberOfRobotsOnWhiteSite
6451,20,20
timeStep,numberOfRobotsOnBlackSite,numberOfRobotsOnWhiteSite
6452,20,20
timeStep,numberOfRobotsOnBlackSite,numberOfRobotsOnWhiteSite
6453,20,20
timeStep,numberOfRobotsOnBlackSite,numberOfRobotsOnWhiteSite
6454,20,20
timeStep,numberOfRobotsOnBlackSite,numberOfRobotsOnWhiteSite
6455,20,20
timeStep,numberOfRobotsOnBlackSite,numberOfRobotsOnWhiteSite
6456,20,20
timeStep,numberOfRobotsOnBlackSite,numberOfRobotsOnWhiteSite
6457,20,20
timeStep,numberOfRobotsOnBlackSite,numberOfRobotsOnWhiteSite
6458,20,20
timeStep,numberOfRobotsOnBlackSite,numberOfRobotsOnWhiteSite
6459,20,20
timeStep,numberOfRobotsOnBlackSite,numberOfRobotsOnWhiteSite
6460,20,20
timeStep,numberOfRobotsOnBlackSite,numberOfRobotsOnWhiteSite
6461,20,20
timeStep,numberOfRobotsOnBlackSite,numberOfRobotsOnWhiteSite
6462,20,20
timeStep,numberOfRobotsOnBlackSite,numberOfRobotsOnWhiteSite
6463,20,20
timeStep,numberOfRobotsOnBlackSite,numberOfRobotsOnWhiteSite
6464,20,20
timeStep,numberOfRobotsOnBlackSite,numberOfRobotsOnWhiteSite
6465,21,20
timeStep,numberOfRobotsOnBlackSite,numberOfRobotsOnWhiteSite
6466,21,20
timeStep,numberOfRobotsOnBlackSite,numberOfRobotsOnWhiteSite
6467,21,20
timeStep,numberOfRobotsOnBlackSite,numberOfRobotsOnWhiteSite
6468,21,20
timeStep,numberOfRobotsOnBlackSite,numberOfRobotsOnWhiteSite
6469,21,20
timeStep,numberOfRobotsOnBlackSite,numberOfRobotsOnWhiteSite
6470,21,20
timeStep,numberOfRobotsOnBlackSite,numberOfRobotsOnWhiteSite
6471,21,20
timeStep,numberOfRobotsOnBlackSite,numberOfRobotsOnWhiteSite
6472,21,20
timeStep,numberOfRobotsOnBlackSite,numberOfRobotsOnWhiteSite
6473,21,20
timeStep,numberOfRobotsOnBlackSite,numberOfRobotsOnWhiteSite
6474,21,20
timeStep,numberOfRobotsOnBlackSite,numberOfRobotsOnWhiteSite
6475,21,20
timeStep,numberOfRobotsOnBlackSite,numberOfRobotsOnWhiteSite
6476,21,20
timeStep,numberOfRobotsOnBlackSite,numberOfRobotsOnWhiteSite
6477,21,20
timeStep,numberOfRobotsOnBlackSite,numberOfRobotsOnWhiteSite
6478,21,20
timeStep,numberOfRobotsOnBlackSite,numberOfRobotsOnWhiteSite
6479,21,20
timeStep,numberOfRobotsOnBlackSite,numberOfRobotsOnWhiteSite
6480,21,20
timeStep,numberOfRobotsOnBlackSite,numberOfRobotsOnWhiteSite
6481,21,20
timeStep,numberOfRobotsOnBlackSite,numberOfRobotsOnWhiteSite
6482,21,20
timeStep,numberOfRobotsOnBlackSite,numberOfRobotsOnWhiteSite
6483,21,20
timeStep,numberOfRobotsOnBlackSite,numberOfRobotsOnWhiteSite
6484,21,20
timeStep,numberOfRobotsOnBlackSite,numberOfRobotsOnWhiteSite
6485,21,20
timeStep,numberOfRobotsOnBlackSite,numberOfRobotsOnWhiteSite
6486,21,20
timeStep,numberOfRobotsOnBlackSite,numberOfRobotsOnWhiteSite
6487,21,20
timeStep,numberOfRobotsOnBlackSite,numberOfRobotsOnWhiteSite
6488,21,20
timeStep,numberOfRobotsOnBlackSite,numberOfRobotsOnWhiteSite
6489,21,20
timeStep,numberOfRobotsOnBlackSite,numberOfRobotsOnWhiteSite
6490,22,20
timeStep,numberOfRobotsOnBlackSite,numberOfRobotsOnWhiteSite
6491,22,20
timeStep,numberOfRobotsOnBlackSite,numberOfRobotsOnWhiteSite
6492,22,20
timeStep,numberOfRobotsOnBlackSite,numberOfRobotsOnWhiteSite
6493,22,20
timeStep,numberOfRobotsOnBlackSite,numberOfRobotsOnWhiteSite
6494,22,20
timeStep,numberOfRobotsOnBlackSite,numberOfRobotsOnWhiteSite
6495,22,20
timeStep,numberOfRobotsOnBlackSite,numberOfRobotsOnWhiteSite
6496,22,20
timeStep,numberOfRobotsOnBlackSite,numberOfRobotsOnWhiteSite
6497,22,20
timeStep,numberOfRobotsOnBlackSite,numberOfRobotsOnWhiteSite
6498,22,20
timeStep,numberOfRobotsOnBlackSite,numberOfRobotsOnWhiteSite
6499,22,20
timeStep,numberOfRobotsOnBlackSite,numberOfRobotsOnWhiteSite
6500,21,20
timeStep,numberOfRobotsOnBlackSite,numberOfRobotsOnWhiteSite
6501,21,20
timeStep,numberOfRobotsOnBlackSite,numberOfRobotsOnWhiteSite
6502,21,20
timeStep,numberOfRobotsOnBlackSite,numberOfRobotsOnWhiteSite
6503,21,20
timeStep,numberOfRobotsOnBlackSite,numberOfRobotsOnWhiteSite
6504,21,20
timeStep,numberOfRobotsOnBlackSite,numberOfRobotsOnWhiteSite
6505,21,20
timeStep,numberOfRobotsOnBlackSite,numberOfRobotsOnWhiteSite
6506,21,20
timeStep,numberOfRobotsOnBlackSite,numberOfRobotsOnWhiteSite
6507,21,20
timeStep,numberOfRobotsOnBlackSite,numberOfRobotsOnWhiteSite
6508,21,20
timeStep,numberOfRobotsOnBlackSite,numberOfRobotsOnWhiteSite
6509,21,20
timeStep,numberOfRobotsOnBlackSite,numberOfRobotsOnWhiteSite
6510,21,20
timeStep,numberOfRobotsOnBlackSite,numberOfRobotsOnWhiteSite
6511,21,20
timeStep,numberOfRobotsOnBlackSite,numberOfRobotsOnWhiteSite
6512,21,20
timeStep,numberOfRobotsOnBlackSite,numberOfRobotsOnWhiteSite
6513,21,20
timeStep,numberOfRobotsOnBlackSite,numberOfRobotsOnWhiteSite
6514,21,20
timeStep,numberOfRobotsOnBlackSite,numberOfRobotsOnWhiteSite
6515,21,20
timeStep,numberOfRobotsOnBlackSite,numberOfRobotsOnWhiteSite
6516,21,20
timeStep,numberOfRobotsOnBlackSite,numberOfRobotsOnWhiteSite
6517,21,20
timeStep,numberOfRobotsOnBlackSite,numberOfRobotsOnWhiteSite
6518,21,20
timeStep,numberOfRobotsOnBlackSite,numberOfRobotsOnWhiteSite
6519,21,20
timeStep,numberOfRobotsOnBlackSite,numberOfRobotsOnWhiteSite
6520,21,20
timeStep,numberOfRobotsOnBlackSite,numberOfRobotsOnWhiteSite
6521,21,20
timeStep,numberOfRobotsOnBlackSite,numberOfRobotsOnWhiteSite
6522,21,20
timeStep,numberOfRobotsOnBlackSite,numberOfRobotsOnWhiteSite
6523,21,20
timeStep,numberOfRobotsOnBlackSite,numberOfRobotsOnWhiteSite
6524,21,20
timeStep,numberOfRobotsOnBlackSite,numberOfRobotsOnWhiteSite
6525,21,20
timeStep,numberOfRobotsOnBlackSite,numberOfRobotsOnWhiteSite
6526,21,20
timeStep,numberOfRobotsOnBlackSite,numberOfRobotsOnWhiteSite
6527,21,20
timeStep,numberOfRobotsOnBlackSite,numberOfRobotsOnWhiteSite
6528,21,20
timeStep,numberOfRobotsOnBlackSite,numberOfRobotsOnWhiteSite
6529,21,20
timeStep,numberOfRobotsOnBlackSite,numberOfRobotsOnWhiteSite
6530,21,20
timeStep,numberOfRobotsOnBlackSite,numberOfRobotsOnWhiteSite
6531,21,20
timeStep,numberOfRobotsOnBlackSite,numberOfRobotsOnWhiteSite
6532,21,20
timeStep,numberOfRobotsOnBlackSite,numberOfRobotsOnWhiteSite
6533,21,20
timeStep,numberOfRobotsOnBlackSite,numberOfRobotsOnWhiteSite
6534,21,20
timeStep,numberOfRobotsOnBlackSite,numberOfRobotsOnWhiteSite
6535,21,20
timeStep,numberOfRobotsOnBlackSite,numberOfRobotsOnWhiteSite
6536,21,20
timeStep,numberOfRobotsOnBlackSite,numberOfRobotsOnWhiteSite
6537,21,20
timeStep,numberOfRobotsOnBlackSite,numberOfRobotsOnWhiteSite
6538,21,20
timeStep,numberOfRobotsOnBlackSite,numberOfRobotsOnWhiteSite
6539,21,20
timeStep,numberOfRobotsOnBlackSite,numberOfRobotsOnWhiteSite
6540,21,20
timeStep,numberOfRobotsOnBlackSite,numberOfRobotsOnWhiteSite
6541,21,20
timeStep,numberOfRobotsOnBlackSite,numberOfRobotsOnWhiteSite
6542,21,20
timeStep,numberOfRobotsOnBlackSite,numberOfRobotsOnWhiteSite
6543,21,20
timeStep,numberOfRobotsOnBlackSite,numberOfRobotsOnWhiteSite
6544,21,20
timeStep,numberOfRobotsOnBlackSite,numberOfRobotsOnWhiteSite
6545,21,20
timeStep,numberOfRobotsOnBlackSite,numberOfRobotsOnWhiteSite
6546,21,20
timeStep,numberOfRobotsOnBlackSite,numberOfRobotsOnWhiteSite
6547,21,20
timeStep,numberOfRobotsOnBlackSite,numberOfRobotsOnWhiteSite
6548,21,20
timeStep,numberOfRobotsOnBlackSite,numberOfRobotsOnWhiteSite
6549,21,20
timeStep,numberOfRobotsOnBlackSite,numberOfRobotsOnWhiteSite
6550,21,20
timeStep,numberOfRobotsOnBlackSite,numberOfRobotsOnWhiteSite
6551,21,20
timeStep,numberOfRobotsOnBlackSite,numberOfRobotsOnWhiteSite
6552,21,20
timeStep,numberOfRobotsOnBlackSite,numberOfRobotsOnWhiteSite
6553,21,20
timeStep,numberOfRobotsOnBlackSite,numberOfRobotsOnWhiteSite
6554,21,20
timeStep,numberOfRobotsOnBlackSite,numberOfRobotsOnWhiteSite
6555,21,20
timeStep,numberOfRobotsOnBlackSite,numberOfRobotsOnWhiteSite
6556,21,20
timeStep,numberOfRobotsOnBlackSite,numberOfRobotsOnWhiteSite
6557,21,20
timeStep,numberOfRobotsOnBlackSite,numberOfRobotsOnWhiteSite
6558,21,20
timeStep,numberOfRobotsOnBlackSite,numberOfRobotsOnWhiteSite
6559,21,20
timeStep,numberOfRobotsOnBlackSite,numberOfRobotsOnWhiteSite
6560,21,20
timeStep,numberOfRobotsOnBlackSite,numberOfRobotsOnWhiteSite
6561,21,20
timeStep,numberOfRobotsOnBlackSite,numberOfRobotsOnWhiteSite
6562,21,20
timeStep,numberOfRobotsOnBlackSite,numberOfRobotsOnWhiteSite
6563,21,20
timeStep,numberOfRobotsOnBlackSite,numberOfRobotsOnWhiteSite
6564,21,20
timeStep,numberOfRobotsOnBlackSite,numberOfRobotsOnWhiteSite
6565,21,20
timeStep,numberOfRobotsOnBlackSite,numberOfRobotsOnWhiteSite
6566,21,20
timeStep,numberOfRobotsOnBlackSite,numberOfRobotsOnWhiteSite
6567,21,20
timeStep,numberOfRobotsOnBlackSite,numberOfRobotsOnWhiteSite
6568,21,20
timeStep,numberOfRobotsOnBlackSite,numberOfRobotsOnWhiteSite
6569,21,20
timeStep,numberOfRobotsOnBlackSite,numberOfRobotsOnWhiteSite
6570,21,20
timeStep,numberOfRobotsOnBlackSite,numberOfRobotsOnWhiteSite
6571,21,20
timeStep,numberOfRobotsOnBlackSite,numberOfRobotsOnWhiteSite
6572,21,20
timeStep,numberOfRobotsOnBlackSite,numberOfRobotsOnWhiteSite
6573,21,20
timeStep,numberOfRobotsOnBlackSite,numberOfRobotsOnWhiteSite
6574,21,20
timeStep,numberOfRobotsOnBlackSite,numberOfRobotsOnWhiteSite
6575,21,20
timeStep,numberOfRobotsOnBlackSite,numberOfRobotsOnWhiteSite
6576,21,20
timeStep,numberOfRobotsOnBlackSite,numberOfRobotsOnWhiteSite
6577,21,20
timeStep,numberOfRobotsOnBlackSite,numberOfRobotsOnWhiteSite
6578,21,20
timeStep,numberOfRobotsOnBlackSite,numberOfRobotsOnWhiteSite
6579,21,20
timeStep,numberOfRobotsOnBlackSite,numberOfRobotsOnWhiteSite
6580,21,20
timeStep,numberOfRobotsOnBlackSite,numberOfRobotsOnWhiteSite
6581,21,20
timeStep,numberOfRobotsOnBlackSite,numberOfRobotsOnWhiteSite
6582,21,20
timeStep,numberOfRobotsOnBlackSite,numberOfRobotsOnWhiteSite
6583,21,20
timeStep,numberOfRobotsOnBlackSite,numberOfRobotsOnWhiteSite
6584,21,20
timeStep,numberOfRobotsOnBlackSite,numberOfRobotsOnWhiteSite
6585,21,20
timeStep,numberOfRobotsOnBlackSite,numberOfRobotsOnWhiteSite
6586,21,20
timeStep,numberOfRobotsOnBlackSite,numberOfRobotsOnWhiteSite
6587,21,20
timeStep,numberOfRobotsOnBlackSite,numberOfRobotsOnWhiteSite
6588,21,20
timeStep,numberOfRobotsOnBlackSite,numberOfRobotsOnWhiteSite
6589,21,20
timeStep,numberOfRobotsOnBlackSite,numberOfRobotsOnWhiteSite
6590,21,20
timeStep,numberOfRobotsOnBlackSite,numberOfRobotsOnWhiteSite
6591,21,20
timeStep,numberOfRobotsOnBlackSite,numberOfRobotsOnWhiteSite
6592,21,20
timeStep,numberOfRobotsOnBlackSite,numberOfRobotsOnWhiteSite
6593,21,20
timeStep,numberOfRobotsOnBlackSite,numberOfRobotsOnWhiteSite
6594,21,20
timeStep,numberOfRobotsOnBlackSite,numberOfRobotsOnWhiteSite
6595,21,20
timeStep,numberOfRobotsOnBlackSite,numberOfRobotsOnWhiteSite
6596,21,20
timeStep,numberOfRobotsOnBlackSite,numberOfRobotsOnWhiteSite
6597,21,20
timeStep,numberOfRobotsOnBlackSite,numberOfRobotsOnWhiteSite
6598,21,20
timeStep,numberOfRobotsOnBlackSite,numberOfRobotsOnWhiteSite
6599,21,20
timeStep,numberOfRobotsOnBlackSite,numberOfRobotsOnWhiteSite
6600,21,20
timeStep,numberOfRobotsOnBlackSite,numberOfRobotsOnWhiteSite
6601,21,20
timeStep,numberOfRobotsOnBlackSite,numberOfRobotsOnWhiteSite
6602,21,20
timeStep,numberOfRobotsOnBlackSite,numberOfRobotsOnWhiteSite
6603,21,20
timeStep,numberOfRobotsOnBlackSite,numberOfRobotsOnWhiteSite
6604,21,20
timeStep,numberOfRobotsOnBlackSite,numberOfRobotsOnWhiteSite
6605,21,20
timeStep,numberOfRobotsOnBlackSite,numberOfRobotsOnWhiteSite
6606,21,20
timeStep,numberOfRobotsOnBlackSite,numberOfRobotsOnWhiteSite
6607,21,20
timeStep,numberOfRobotsOnBlackSite,numberOfRobotsOnWhiteSite
6608,21,20
timeStep,numberOfRobotsOnBlackSite,numberOfRobotsOnWhiteSite
6609,21,20
timeStep,numberOfRobotsOnBlackSite,numberOfRobotsOnWhiteSite
6610,21,20
timeStep,numberOfRobotsOnBlackSite,numberOfRobotsOnWhiteSite
6611,21,20
timeStep,numberOfRobotsOnBlackSite,numberOfRobotsOnWhiteSite
6612,21,20
timeStep,numberOfRobotsOnBlackSite,numberOfRobotsOnWhiteSite
6613,21,20
timeStep,numberOfRobotsOnBlackSite,numberOfRobotsOnWhiteSite
6614,21,20
timeStep,numberOfRobotsOnBlackSite,numberOfRobotsOnWhiteSite
6615,21,20
timeStep,numberOfRobotsOnBlackSite,numberOfRobotsOnWhiteSite
6616,21,20
timeStep,numberOfRobotsOnBlackSite,numberOfRobotsOnWhiteSite
6617,21,20
timeStep,numberOfRobotsOnBlackSite,numberOfRobotsOnWhiteSite
6618,21,20
timeStep,numberOfRobotsOnBlackSite,numberOfRobotsOnWhiteSite
6619,21,20
timeStep,numberOfRobotsOnBlackSite,numberOfRobotsOnWhiteSite
6620,21,20
timeStep,numberOfRobotsOnBlackSite,numberOfRobotsOnWhiteSite
6621,21,20
timeStep,numberOfRobotsOnBlackSite,numberOfRobotsOnWhiteSite
6622,21,20
timeStep,numberOfRobotsOnBlackSite,numberOfRobotsOnWhiteSite
6623,21,20
timeStep,numberOfRobotsOnBlackSite,numberOfRobotsOnWhiteSite
6624,21,20
timeStep,numberOfRobotsOnBlackSite,numberOfRobotsOnWhiteSite
6625,21,20
timeStep,numberOfRobotsOnBlackSite,numberOfRobotsOnWhiteSite
6626,21,20
timeStep,numberOfRobotsOnBlackSite,numberOfRobotsOnWhiteSite
6627,21,20
timeStep,numberOfRobotsOnBlackSite,numberOfRobotsOnWhiteSite
6628,21,20
timeStep,numberOfRobotsOnBlackSite,numberOfRobotsOnWhiteSite
6629,21,20
timeStep,numberOfRobotsOnBlackSite,numberOfRobotsOnWhiteSite
6630,21,20
timeStep,numberOfRobotsOnBlackSite,numberOfRobotsOnWhiteSite
6631,21,20
timeStep,numberOfRobotsOnBlackSite,numberOfRobotsOnWhiteSite
6632,21,20
timeStep,numberOfRobotsOnBlackSite,numberOfRobotsOnWhiteSite
6633,21,20
timeStep,numberOfRobotsOnBlackSite,numberOfRobotsOnWhiteSite
6634,21,20
timeStep,numberOfRobotsOnBlackSite,numberOfRobotsOnWhiteSite
6635,21,20
timeStep,numberOfRobotsOnBlackSite,numberOfRobotsOnWhiteSite
6636,21,20
timeStep,numberOfRobotsOnBlackSite,numberOfRobotsOnWhiteSite
6637,21,20
timeStep,numberOfRobotsOnBlackSite,numberOfRobotsOnWhiteSite
6638,21,20
timeStep,numberOfRobotsOnBlackSite,numberOfRobotsOnWhiteSite
6639,21,20
timeStep,numberOfRobotsOnBlackSite,numberOfRobotsOnWhiteSite
6640,21,20
timeStep,numberOfRobotsOnBlackSite,numberOfRobotsOnWhiteSite
6641,21,20
timeStep,numberOfRobotsOnBlackSite,numberOfRobotsOnWhiteSite
6642,21,20
timeStep,numberOfRobotsOnBlackSite,numberOfRobotsOnWhiteSite
6643,21,20
timeStep,numberOfRobotsOnBlackSite,numberOfRobotsOnWhiteSite
6644,21,20
timeStep,numberOfRobotsOnBlackSite,numberOfRobotsOnWhiteSite
6645,21,20
timeStep,numberOfRobotsOnBlackSite,numberOfRobotsOnWhiteSite
6646,21,20
timeStep,numberOfRobotsOnBlackSite,numberOfRobotsOnWhiteSite
6647,21,20
timeStep,numberOfRobotsOnBlackSite,numberOfRobotsOnWhiteSite
6648,21,20
timeStep,numberOfRobotsOnBlackSite,numberOfRobotsOnWhiteSite
6649,21,20
timeStep,numberOfRobotsOnBlackSite,numberOfRobotsOnWhiteSite
6650,21,20
timeStep,numberOfRobotsOnBlackSite,numberOfRobotsOnWhiteSite
6651,21,20
timeStep,numberOfRobotsOnBlackSite,numberOfRobotsOnWhiteSite
6652,21,20
timeStep,numberOfRobotsOnBlackSite,numberOfRobotsOnWhiteSite
6653,21,20
timeStep,numberOfRobotsOnBlackSite,numberOfRobotsOnWhiteSite
6654,21,20
timeStep,numberOfRobotsOnBlackSite,numberOfRobotsOnWhiteSite
6655,21,20
timeStep,numberOfRobotsOnBlackSite,numberOfRobotsOnWhiteSite
6656,21,20
timeStep,numberOfRobotsOnBlackSite,numberOfRobotsOnWhiteSite
6657,21,20
timeStep,numberOfRobotsOnBlackSite,numberOfRobotsOnWhiteSite
6658,21,20
timeStep,numberOfRobotsOnBlackSite,numberOfRobotsOnWhiteSite
6659,21,20
timeStep,numberOfRobotsOnBlackSite,numberOfRobotsOnWhiteSite
6660,21,20
timeStep,numberOfRobotsOnBlackSite,numberOfRobotsOnWhiteSite
6661,21,20
timeStep,numberOfRobotsOnBlackSite,numberOfRobotsOnWhiteSite
6662,21,20
timeStep,numberOfRobotsOnBlackSite,numberOfRobotsOnWhiteSite
6663,21,20
timeStep,numberOfRobotsOnBlackSite,numberOfRobotsOnWhiteSite
6664,21,20
timeStep,numberOfRobotsOnBlackSite,numberOfRobotsOnWhiteSite
6665,21,20
timeStep,numberOfRobotsOnBlackSite,numberOfRobotsOnWhiteSite
6666,21,20
timeStep,numberOfRobotsOnBlackSite,numberOfRobotsOnWhiteSite
6667,21,20
timeStep,numberOfRobotsOnBlackSite,numberOfRobotsOnWhiteSite
6668,21,20
timeStep,numberOfRobotsOnBlackSite,numberOfRobotsOnWhiteSite
6669,21,20
timeStep,numberOfRobotsOnBlackSite,numberOfRobotsOnWhiteSite
6670,22,20
timeStep,numberOfRobotsOnBlackSite,numberOfRobotsOnWhiteSite
6671,22,20
timeStep,numberOfRobotsOnBlackSite,numberOfRobotsOnWhiteSite
6672,22,20
timeStep,numberOfRobotsOnBlackSite,numberOfRobotsOnWhiteSite
6673,22,20
timeStep,numberOfRobotsOnBlackSite,numberOfRobotsOnWhiteSite
6674,22,20
timeStep,numberOfRobotsOnBlackSite,numberOfRobotsOnWhiteSite
6675,22,20
timeStep,numberOfRobotsOnBlackSite,numberOfRobotsOnWhiteSite
6676,22,20
timeStep,numberOfRobotsOnBlackSite,numberOfRobotsOnWhiteSite
6677,22,20
timeStep,numberOfRobotsOnBlackSite,numberOfRobotsOnWhiteSite
6678,22,20
timeStep,numberOfRobotsOnBlackSite,numberOfRobotsOnWhiteSite
6679,22,20
timeStep,numberOfRobotsOnBlackSite,numberOfRobotsOnWhiteSite
6680,22,20
timeStep,numberOfRobotsOnBlackSite,numberOfRobotsOnWhiteSite
6681,22,20
timeStep,numberOfRobotsOnBlackSite,numberOfRobotsOnWhiteSite
6682,22,20
timeStep,numberOfRobotsOnBlackSite,numberOfRobotsOnWhiteSite
6683,22,20
timeStep,numberOfRobotsOnBlackSite,numberOfRobotsOnWhiteSite
6684,22,20
timeStep,numberOfRobotsOnBlackSite,numberOfRobotsOnWhiteSite
6685,22,20
timeStep,numberOfRobotsOnBlackSite,numberOfRobotsOnWhiteSite
6686,22,20
timeStep,numberOfRobotsOnBlackSite,numberOfRobotsOnWhiteSite
6687,22,20
timeStep,numberOfRobotsOnBlackSite,numberOfRobotsOnWhiteSite
6688,22,20
timeStep,numberOfRobotsOnBlackSite,numberOfRobotsOnWhiteSite
6689,22,20
timeStep,numberOfRobotsOnBlackSite,numberOfRobotsOnWhiteSite
6690,22,20
timeStep,numberOfRobotsOnBlackSite,numberOfRobotsOnWhiteSite
6691,22,20
timeStep,numberOfRobotsOnBlackSite,numberOfRobotsOnWhiteSite
6692,22,20
timeStep,numberOfRobotsOnBlackSite,numberOfRobotsOnWhiteSite
6693,22,20
timeStep,numberOfRobotsOnBlackSite,numberOfRobotsOnWhiteSite
6694,22,20
timeStep,numberOfRobotsOnBlackSite,numberOfRobotsOnWhiteSite
6695,22,20
timeStep,numberOfRobotsOnBlackSite,numberOfRobotsOnWhiteSite
6696,22,20
timeStep,numberOfRobotsOnBlackSite,numberOfRobotsOnWhiteSite
6697,22,20
timeStep,numberOfRobotsOnBlackSite,numberOfRobotsOnWhiteSite
6698,22,20
timeStep,numberOfRobotsOnBlackSite,numberOfRobotsOnWhiteSite
6699,22,20
timeStep,numberOfRobotsOnBlackSite,numberOfRobotsOnWhiteSite
6700,22,20
timeStep,numberOfRobotsOnBlackSite,numberOfRobotsOnWhiteSite
6701,22,20
timeStep,numberOfRobotsOnBlackSite,numberOfRobotsOnWhiteSite
6702,22,20
timeStep,numberOfRobotsOnBlackSite,numberOfRobotsOnWhiteSite
6703,22,20
timeStep,numberOfRobotsOnBlackSite,numberOfRobotsOnWhiteSite
6704,22,20
timeStep,numberOfRobotsOnBlackSite,numberOfRobotsOnWhiteSite
6705,22,20
timeStep,numberOfRobotsOnBlackSite,numberOfRobotsOnWhiteSite
6706,22,20
timeStep,numberOfRobotsOnBlackSite,numberOfRobotsOnWhiteSite
6707,22,20
timeStep,numberOfRobotsOnBlackSite,numberOfRobotsOnWhiteSite
6708,22,20
timeStep,numberOfRobotsOnBlackSite,numberOfRobotsOnWhiteSite
6709,22,20
timeStep,numberOfRobotsOnBlackSite,numberOfRobotsOnWhiteSite
6710,22,20
timeStep,numberOfRobotsOnBlackSite,numberOfRobotsOnWhiteSite
6711,22,20
timeStep,numberOfRobotsOnBlackSite,numberOfRobotsOnWhiteSite
6712,22,20
timeStep,numberOfRobotsOnBlackSite,numberOfRobotsOnWhiteSite
6713,22,20
timeStep,numberOfRobotsOnBlackSite,numberOfRobotsOnWhiteSite
6714,22,20
timeStep,numberOfRobotsOnBlackSite,numberOfRobotsOnWhiteSite
6715,22,20
timeStep,numberOfRobotsOnBlackSite,numberOfRobotsOnWhiteSite
6716,22,20
timeStep,numberOfRobotsOnBlackSite,numberOfRobotsOnWhiteSite
6717,22,20
timeStep,numberOfRobotsOnBlackSite,numberOfRobotsOnWhiteSite
6718,22,20
timeStep,numberOfRobotsOnBlackSite,numberOfRobotsOnWhiteSite
6719,22,20
timeStep,numberOfRobotsOnBlackSite,numberOfRobotsOnWhiteSite
6720,22,20
timeStep,numberOfRobotsOnBlackSite,numberOfRobotsOnWhiteSite
6721,22,20
timeStep,numberOfRobotsOnBlackSite,numberOfRobotsOnWhiteSite
6722,22,20
timeStep,numberOfRobotsOnBlackSite,numberOfRobotsOnWhiteSite
6723,22,20
timeStep,numberOfRobotsOnBlackSite,numberOfRobotsOnWhiteSite
6724,22,20
timeStep,numberOfRobotsOnBlackSite,numberOfRobotsOnWhiteSite
6725,22,21
timeStep,numberOfRobotsOnBlackSite,numberOfRobotsOnWhiteSite
6726,22,21
timeStep,numberOfRobotsOnBlackSite,numberOfRobotsOnWhiteSite
6727,22,21
timeStep,numberOfRobotsOnBlackSite,numberOfRobotsOnWhiteSite
6728,22,21
timeStep,numberOfRobotsOnBlackSite,numberOfRobotsOnWhiteSite
6729,22,21
timeStep,numberOfRobotsOnBlackSite,numberOfRobotsOnWhiteSite
6730,22,21
timeStep,numberOfRobotsOnBlackSite,numberOfRobotsOnWhiteSite
6731,22,21
timeStep,numberOfRobotsOnBlackSite,numberOfRobotsOnWhiteSite
6732,22,21
timeStep,numberOfRobotsOnBlackSite,numberOfRobotsOnWhiteSite
6733,22,21
timeStep,numberOfRobotsOnBlackSite,numberOfRobotsOnWhiteSite
6734,22,21
timeStep,numberOfRobotsOnBlackSite,numberOfRobotsOnWhiteSite
6735,22,21
timeStep,numberOfRobotsOnBlackSite,numberOfRobotsOnWhiteSite
6736,22,21
timeStep,numberOfRobotsOnBlackSite,numberOfRobotsOnWhiteSite
6737,22,21
timeStep,numberOfRobotsOnBlackSite,numberOfRobotsOnWhiteSite
6738,22,21
timeStep,numberOfRobotsOnBlackSite,numberOfRobotsOnWhiteSite
6739,22,21
timeStep,numberOfRobotsOnBlackSite,numberOfRobotsOnWhiteSite
6740,22,21
timeStep,numberOfRobotsOnBlackSite,numberOfRobotsOnWhiteSite
6741,22,21
timeStep,numberOfRobotsOnBlackSite,numberOfRobotsOnWhiteSite
6742,22,21
timeStep,numberOfRobotsOnBlackSite,numberOfRobotsOnWhiteSite
6743,22,21
timeStep,numberOfRobotsOnBlackSite,numberOfRobotsOnWhiteSite
6744,22,21
timeStep,numberOfRobotsOnBlackSite,numberOfRobotsOnWhiteSite
6745,22,21
timeStep,numberOfRobotsOnBlackSite,numberOfRobotsOnWhiteSite
6746,22,21
timeStep,numberOfRobotsOnBlackSite,numberOfRobotsOnWhiteSite
6747,22,21
timeStep,numberOfRobotsOnBlackSite,numberOfRobotsOnWhiteSite
6748,22,21
timeStep,numberOfRobotsOnBlackSite,numberOfRobotsOnWhiteSite
6749,22,21
timeStep,numberOfRobotsOnBlackSite,numberOfRobotsOnWhiteSite
6750,23,21
timeStep,numberOfRobotsOnBlackSite,numberOfRobotsOnWhiteSite
6751,23,21
timeStep,numberOfRobotsOnBlackSite,numberOfRobotsOnWhiteSite
6752,23,21
timeStep,numberOfRobotsOnBlackSite,numberOfRobotsOnWhiteSite
6753,23,21
timeStep,numberOfRobotsOnBlackSite,numberOfRobotsOnWhiteSite
6754,23,21
timeStep,numberOfRobotsOnBlackSite,numberOfRobotsOnWhiteSite
6755,23,21
timeStep,numberOfRobotsOnBlackSite,numberOfRobotsOnWhiteSite
6756,23,21
timeStep,numberOfRobotsOnBlackSite,numberOfRobotsOnWhiteSite
6757,23,21
timeStep,numberOfRobotsOnBlackSite,numberOfRobotsOnWhiteSite
6758,23,21
timeStep,numberOfRobotsOnBlackSite,numberOfRobotsOnWhiteSite
6759,23,21
timeStep,numberOfRobotsOnBlackSite,numberOfRobotsOnWhiteSite
6760,23,21
timeStep,numberOfRobotsOnBlackSite,numberOfRobotsOnWhiteSite
6761,23,21
timeStep,numberOfRobotsOnBlackSite,numberOfRobotsOnWhiteSite
6762,23,21
timeStep,numberOfRobotsOnBlackSite,numberOfRobotsOnWhiteSite
6763,23,21
timeStep,numberOfRobotsOnBlackSite,numberOfRobotsOnWhiteSite
6764,23,21
timeStep,numberOfRobotsOnBlackSite,numberOfRobotsOnWhiteSite
6765,23,21
timeStep,numberOfRobotsOnBlackSite,numberOfRobotsOnWhiteSite
6766,23,21
timeStep,numberOfRobotsOnBlackSite,numberOfRobotsOnWhiteSite
6767,23,21
timeStep,numberOfRobotsOnBlackSite,numberOfRobotsOnWhiteSite
6768,23,21
timeStep,numberOfRobotsOnBlackSite,numberOfRobotsOnWhiteSite
6769,23,21
timeStep,numberOfRobotsOnBlackSite,numberOfRobotsOnWhiteSite
6770,23,21
timeStep,numberOfRobotsOnBlackSite,numberOfRobotsOnWhiteSite
6771,23,21
timeStep,numberOfRobotsOnBlackSite,numberOfRobotsOnWhiteSite
6772,23,21
timeStep,numberOfRobotsOnBlackSite,numberOfRobotsOnWhiteSite
6773,23,21
timeStep,numberOfRobotsOnBlackSite,numberOfRobotsOnWhiteSite
6774,23,21
timeStep,numberOfRobotsOnBlackSite,numberOfRobotsOnWhiteSite
6775,23,21
timeStep,numberOfRobotsOnBlackSite,numberOfRobotsOnWhiteSite
6776,23,21
timeStep,numberOfRobotsOnBlackSite,numberOfRobotsOnWhiteSite
6777,23,21
timeStep,numberOfRobotsOnBlackSite,numberOfRobotsOnWhiteSite
6778,23,21
timeStep,numberOfRobotsOnBlackSite,numberOfRobotsOnWhiteSite
6779,23,21
timeStep,numberOfRobotsOnBlackSite,numberOfRobotsOnWhiteSite
6780,23,21
timeStep,numberOfRobotsOnBlackSite,numberOfRobotsOnWhiteSite
6781,23,21
timeStep,numberOfRobotsOnBlackSite,numberOfRobotsOnWhiteSite
6782,23,21
timeStep,numberOfRobotsOnBlackSite,numberOfRobotsOnWhiteSite
6783,23,21
timeStep,numberOfRobotsOnBlackSite,numberOfRobotsOnWhiteSite
6784,23,21
timeStep,numberOfRobotsOnBlackSite,numberOfRobotsOnWhiteSite
6785,22,21
timeStep,numberOfRobotsOnBlackSite,numberOfRobotsOnWhiteSite
6786,22,21
timeStep,numberOfRobotsOnBlackSite,numberOfRobotsOnWhiteSite
6787,22,21
timeStep,numberOfRobotsOnBlackSite,numberOfRobotsOnWhiteSite
6788,22,21
timeStep,numberOfRobotsOnBlackSite,numberOfRobotsOnWhiteSite
6789,22,21
timeStep,numberOfRobotsOnBlackSite,numberOfRobotsOnWhiteSite
6790,22,21
timeStep,numberOfRobotsOnBlackSite,numberOfRobotsOnWhiteSite
6791,22,21
timeStep,numberOfRobotsOnBlackSite,numberOfRobotsOnWhiteSite
6792,22,21
timeStep,numberOfRobotsOnBlackSite,numberOfRobotsOnWhiteSite
6793,22,21
timeStep,numberOfRobotsOnBlackSite,numberOfRobotsOnWhiteSite
6794,22,21
timeStep,numberOfRobotsOnBlackSite,numberOfRobotsOnWhiteSite
6795,22,21
timeStep,numberOfRobotsOnBlackSite,numberOfRobotsOnWhiteSite
6796,22,21
timeStep,numberOfRobotsOnBlackSite,numberOfRobotsOnWhiteSite
6797,22,21
timeStep,numberOfRobotsOnBlackSite,numberOfRobotsOnWhiteSite
6798,22,21
timeStep,numberOfRobotsOnBlackSite,numberOfRobotsOnWhiteSite
6799,22,21
timeStep,numberOfRobotsOnBlackSite,numberOfRobotsOnWhiteSite
6800,22,21
timeStep,numberOfRobotsOnBlackSite,numberOfRobotsOnWhiteSite
6801,22,21
timeStep,numberOfRobotsOnBlackSite,numberOfRobotsOnWhiteSite
6802,22,21
timeStep,numberOfRobotsOnBlackSite,numberOfRobotsOnWhiteSite
6803,22,21
timeStep,numberOfRobotsOnBlackSite,numberOfRobotsOnWhiteSite
6804,22,21
timeStep,numberOfRobotsOnBlackSite,numberOfRobotsOnWhiteSite
6805,22,20
timeStep,numberOfRobotsOnBlackSite,numberOfRobotsOnWhiteSite
6806,22,20
timeStep,numberOfRobotsOnBlackSite,numberOfRobotsOnWhiteSite
6807,22,20
timeStep,numberOfRobotsOnBlackSite,numberOfRobotsOnWhiteSite
6808,22,20
timeStep,numberOfRobotsOnBlackSite,numberOfRobotsOnWhiteSite
6809,22,20
timeStep,numberOfRobotsOnBlackSite,numberOfRobotsOnWhiteSite
6810,22,20
timeStep,numberOfRobotsOnBlackSite,numberOfRobotsOnWhiteSite
6811,22,20
timeStep,numberOfRobotsOnBlackSite,numberOfRobotsOnWhiteSite
6812,22,20
timeStep,numberOfRobotsOnBlackSite,numberOfRobotsOnWhiteSite
6813,22,20
timeStep,numberOfRobotsOnBlackSite,numberOfRobotsOnWhiteSite
6814,22,20
timeStep,numberOfRobotsOnBlackSite,numberOfRobotsOnWhiteSite
6815,22,20
timeStep,numberOfRobotsOnBlackSite,numberOfRobotsOnWhiteSite
6816,22,20
timeStep,numberOfRobotsOnBlackSite,numberOfRobotsOnWhiteSite
6817,22,20
timeStep,numberOfRobotsOnBlackSite,numberOfRobotsOnWhiteSite
6818,22,20
timeStep,numberOfRobotsOnBlackSite,numberOfRobotsOnWhiteSite
6819,22,20
timeStep,numberOfRobotsOnBlackSite,numberOfRobotsOnWhiteSite
6820,22,20
timeStep,numberOfRobotsOnBlackSite,numberOfRobotsOnWhiteSite
6821,22,20
timeStep,numberOfRobotsOnBlackSite,numberOfRobotsOnWhiteSite
6822,22,20
timeStep,numberOfRobotsOnBlackSite,numberOfRobotsOnWhiteSite
6823,22,20
timeStep,numberOfRobotsOnBlackSite,numberOfRobotsOnWhiteSite
6824,22,20
timeStep,numberOfRobotsOnBlackSite,numberOfRobotsOnWhiteSite
6825,22,20
timeStep,numberOfRobotsOnBlackSite,numberOfRobotsOnWhiteSite
6826,22,20
timeStep,numberOfRobotsOnBlackSite,numberOfRobotsOnWhiteSite
6827,22,20
timeStep,numberOfRobotsOnBlackSite,numberOfRobotsOnWhiteSite
6828,22,20
timeStep,numberOfRobotsOnBlackSite,numberOfRobotsOnWhiteSite
6829,22,20
timeStep,numberOfRobotsOnBlackSite,numberOfRobotsOnWhiteSite
6830,22,20
timeStep,numberOfRobotsOnBlackSite,numberOfRobotsOnWhiteSite
6831,22,20
timeStep,numberOfRobotsOnBlackSite,numberOfRobotsOnWhiteSite
6832,22,20
timeStep,numberOfRobotsOnBlackSite,numberOfRobotsOnWhiteSite
6833,22,20
timeStep,numberOfRobotsOnBlackSite,numberOfRobotsOnWhiteSite
6834,22,20
timeStep,numberOfRobotsOnBlackSite,numberOfRobotsOnWhiteSite
6835,22,20
timeStep,numberOfRobotsOnBlackSite,numberOfRobotsOnWhiteSite
6836,22,20
timeStep,numberOfRobotsOnBlackSite,numberOfRobotsOnWhiteSite
6837,22,20
timeStep,numberOfRobotsOnBlackSite,numberOfRobotsOnWhiteSite
6838,22,20
timeStep,numberOfRobotsOnBlackSite,numberOfRobotsOnWhiteSite
6839,22,20
timeStep,numberOfRobotsOnBlackSite,numberOfRobotsOnWhiteSite
6840,22,20
timeStep,numberOfRobotsOnBlackSite,numberOfRobotsOnWhiteSite
6841,22,20
timeStep,numberOfRobotsOnBlackSite,numberOfRobotsOnWhiteSite
6842,22,20
timeStep,numberOfRobotsOnBlackSite,numberOfRobotsOnWhiteSite
6843,22,20
timeStep,numberOfRobotsOnBlackSite,numberOfRobotsOnWhiteSite
6844,22,20
timeStep,numberOfRobotsOnBlackSite,numberOfRobotsOnWhiteSite
6845,22,20
timeStep,numberOfRobotsOnBlackSite,numberOfRobotsOnWhiteSite
6846,22,20
timeStep,numberOfRobotsOnBlackSite,numberOfRobotsOnWhiteSite
6847,22,20
timeStep,numberOfRobotsOnBlackSite,numberOfRobotsOnWhiteSite
6848,22,20
timeStep,numberOfRobotsOnBlackSite,numberOfRobotsOnWhiteSite
6849,22,20
timeStep,numberOfRobotsOnBlackSite,numberOfRobotsOnWhiteSite
6850,22,20
timeStep,numberOfRobotsOnBlackSite,numberOfRobotsOnWhiteSite
6851,22,20
timeStep,numberOfRobotsOnBlackSite,numberOfRobotsOnWhiteSite
6852,22,20
timeStep,numberOfRobotsOnBlackSite,numberOfRobotsOnWhiteSite
6853,22,20
timeStep,numberOfRobotsOnBlackSite,numberOfRobotsOnWhiteSite
6854,22,20
timeStep,numberOfRobotsOnBlackSite,numberOfRobotsOnWhiteSite
6855,22,20
timeStep,numberOfRobotsOnBlackSite,numberOfRobotsOnWhiteSite
6856,22,20
timeStep,numberOfRobotsOnBlackSite,numberOfRobotsOnWhiteSite
6857,22,20
timeStep,numberOfRobotsOnBlackSite,numberOfRobotsOnWhiteSite
6858,22,20
timeStep,numberOfRobotsOnBlackSite,numberOfRobotsOnWhiteSite
6859,22,20
timeStep,numberOfRobotsOnBlackSite,numberOfRobotsOnWhiteSite
6860,22,21
timeStep,numberOfRobotsOnBlackSite,numberOfRobotsOnWhiteSite
6861,22,21
timeStep,numberOfRobotsOnBlackSite,numberOfRobotsOnWhiteSite
6862,22,21
timeStep,numberOfRobotsOnBlackSite,numberOfRobotsOnWhiteSite
6863,22,21
timeStep,numberOfRobotsOnBlackSite,numberOfRobotsOnWhiteSite
6864,22,21
timeStep,numberOfRobotsOnBlackSite,numberOfRobotsOnWhiteSite
6865,22,21
timeStep,numberOfRobotsOnBlackSite,numberOfRobotsOnWhiteSite
6866,22,21
timeStep,numberOfRobotsOnBlackSite,numberOfRobotsOnWhiteSite
6867,22,21
timeStep,numberOfRobotsOnBlackSite,numberOfRobotsOnWhiteSite
6868,22,21
timeStep,numberOfRobotsOnBlackSite,numberOfRobotsOnWhiteSite
6869,22,21
timeStep,numberOfRobotsOnBlackSite,numberOfRobotsOnWhiteSite
6870,22,20
timeStep,numberOfRobotsOnBlackSite,numberOfRobotsOnWhiteSite
6871,22,20
timeStep,numberOfRobotsOnBlackSite,numberOfRobotsOnWhiteSite
6872,22,20
timeStep,numberOfRobotsOnBlackSite,numberOfRobotsOnWhiteSite
6873,22,20
timeStep,numberOfRobotsOnBlackSite,numberOfRobotsOnWhiteSite
6874,22,20
timeStep,numberOfRobotsOnBlackSite,numberOfRobotsOnWhiteSite
6875,22,20
timeStep,numberOfRobotsOnBlackSite,numberOfRobotsOnWhiteSite
6876,22,20
timeStep,numberOfRobotsOnBlackSite,numberOfRobotsOnWhiteSite
6877,22,20
timeStep,numberOfRobotsOnBlackSite,numberOfRobotsOnWhiteSite
6878,22,20
timeStep,numberOfRobotsOnBlackSite,numberOfRobotsOnWhiteSite
6879,22,20
timeStep,numberOfRobotsOnBlackSite,numberOfRobotsOnWhiteSite
6880,21,20
timeStep,numberOfRobotsOnBlackSite,numberOfRobotsOnWhiteSite
6881,21,20
timeStep,numberOfRobotsOnBlackSite,numberOfRobotsOnWhiteSite
6882,21,20
timeStep,numberOfRobotsOnBlackSite,numberOfRobotsOnWhiteSite
6883,21,20
timeStep,numberOfRobotsOnBlackSite,numberOfRobotsOnWhiteSite
6884,21,20
timeStep,numberOfRobotsOnBlackSite,numberOfRobotsOnWhiteSite
6885,21,20
timeStep,numberOfRobotsOnBlackSite,numberOfRobotsOnWhiteSite
6886,21,20
timeStep,numberOfRobotsOnBlackSite,numberOfRobotsOnWhiteSite
6887,21,20
timeStep,numberOfRobotsOnBlackSite,numberOfRobotsOnWhiteSite
6888,21,20
timeStep,numberOfRobotsOnBlackSite,numberOfRobotsOnWhiteSite
6889,21,20
timeStep,numberOfRobotsOnBlackSite,numberOfRobotsOnWhiteSite
6890,21,20
timeStep,numberOfRobotsOnBlackSite,numberOfRobotsOnWhiteSite
6891,21,20
timeStep,numberOfRobotsOnBlackSite,numberOfRobotsOnWhiteSite
6892,21,20
timeStep,numberOfRobotsOnBlackSite,numberOfRobotsOnWhiteSite
6893,21,20
timeStep,numberOfRobotsOnBlackSite,numberOfRobotsOnWhiteSite
6894,21,20
timeStep,numberOfRobotsOnBlackSite,numberOfRobotsOnWhiteSite
6895,21,20
timeStep,numberOfRobotsOnBlackSite,numberOfRobotsOnWhiteSite
6896,21,20
timeStep,numberOfRobotsOnBlackSite,numberOfRobotsOnWhiteSite
6897,21,20
timeStep,numberOfRobotsOnBlackSite,numberOfRobotsOnWhiteSite
6898,21,20
timeStep,numberOfRobotsOnBlackSite,numberOfRobotsOnWhiteSite
6899,21,20
timeStep,numberOfRobotsOnBlackSite,numberOfRobotsOnWhiteSite
6900,21,20
timeStep,numberOfRobotsOnBlackSite,numberOfRobotsOnWhiteSite
6901,21,20
timeStep,numberOfRobotsOnBlackSite,numberOfRobotsOnWhiteSite
6902,21,20
timeStep,numberOfRobotsOnBlackSite,numberOfRobotsOnWhiteSite
6903,21,20
timeStep,numberOfRobotsOnBlackSite,numberOfRobotsOnWhiteSite
6904,21,20
timeStep,numberOfRobotsOnBlackSite,numberOfRobotsOnWhiteSite
6905,21,20
timeStep,numberOfRobotsOnBlackSite,numberOfRobotsOnWhiteSite
6906,21,20
timeStep,numberOfRobotsOnBlackSite,numberOfRobotsOnWhiteSite
6907,21,20
timeStep,numberOfRobotsOnBlackSite,numberOfRobotsOnWhiteSite
6908,21,20
timeStep,numberOfRobotsOnBlackSite,numberOfRobotsOnWhiteSite
6909,21,20
timeStep,numberOfRobotsOnBlackSite,numberOfRobotsOnWhiteSite
6910,21,20
timeStep,numberOfRobotsOnBlackSite,numberOfRobotsOnWhiteSite
6911,21,20
timeStep,numberOfRobotsOnBlackSite,numberOfRobotsOnWhiteSite
6912,21,20
timeStep,numberOfRobotsOnBlackSite,numberOfRobotsOnWhiteSite
6913,21,20
timeStep,numberOfRobotsOnBlackSite,numberOfRobotsOnWhiteSite
6914,21,20
timeStep,numberOfRobotsOnBlackSite,numberOfRobotsOnWhiteSite
6915,21,20
timeStep,numberOfRobotsOnBlackSite,numberOfRobotsOnWhiteSite
6916,21,20
timeStep,numberOfRobotsOnBlackSite,numberOfRobotsOnWhiteSite
6917,21,20
timeStep,numberOfRobotsOnBlackSite,numberOfRobotsOnWhiteSite
6918,21,20
timeStep,numberOfRobotsOnBlackSite,numberOfRobotsOnWhiteSite
6919,21,20
timeStep,numberOfRobotsOnBlackSite,numberOfRobotsOnWhiteSite
6920,21,20
timeStep,numberOfRobotsOnBlackSite,numberOfRobotsOnWhiteSite
6921,21,20
timeStep,numberOfRobotsOnBlackSite,numberOfRobotsOnWhiteSite
6922,21,20
timeStep,numberOfRobotsOnBlackSite,numberOfRobotsOnWhiteSite
6923,21,20
timeStep,numberOfRobotsOnBlackSite,numberOfRobotsOnWhiteSite
6924,21,20
timeStep,numberOfRobotsOnBlackSite,numberOfRobotsOnWhiteSite
6925,21,20
timeStep,numberOfRobotsOnBlackSite,numberOfRobotsOnWhiteSite
6926,21,20
timeStep,numberOfRobotsOnBlackSite,numberOfRobotsOnWhiteSite
6927,21,20
timeStep,numberOfRobotsOnBlackSite,numberOfRobotsOnWhiteSite
6928,21,20
timeStep,numberOfRobotsOnBlackSite,numberOfRobotsOnWhiteSite
6929,21,20
timeStep,numberOfRobotsOnBlackSite,numberOfRobotsOnWhiteSite
6930,22,20
timeStep,numberOfRobotsOnBlackSite,numberOfRobotsOnWhiteSite
6931,22,20
timeStep,numberOfRobotsOnBlackSite,numberOfRobotsOnWhiteSite
6932,22,20
timeStep,numberOfRobotsOnBlackSite,numberOfRobotsOnWhiteSite
6933,22,20
timeStep,numberOfRobotsOnBlackSite,numberOfRobotsOnWhiteSite
6934,22,20
timeStep,numberOfRobotsOnBlackSite,numberOfRobotsOnWhiteSite
6935,22,20
timeStep,numberOfRobotsOnBlackSite,numberOfRobotsOnWhiteSite
6936,22,20
timeStep,numberOfRobotsOnBlackSite,numberOfRobotsOnWhiteSite
6937,22,20
timeStep,numberOfRobotsOnBlackSite,numberOfRobotsOnWhiteSite
6938,22,20
timeStep,numberOfRobotsOnBlackSite,numberOfRobotsOnWhiteSite
6939,22,20
timeStep,numberOfRobotsOnBlackSite,numberOfRobotsOnWhiteSite
6940,22,20
timeStep,numberOfRobotsOnBlackSite,numberOfRobotsOnWhiteSite
6941,22,20
timeStep,numberOfRobotsOnBlackSite,numberOfRobotsOnWhiteSite
6942,22,20
timeStep,numberOfRobotsOnBlackSite,numberOfRobotsOnWhiteSite
6943,22,20
timeStep,numberOfRobotsOnBlackSite,numberOfRobotsOnWhiteSite
6944,22,20
timeStep,numberOfRobotsOnBlackSite,numberOfRobotsOnWhiteSite
6945,22,20
timeStep,numberOfRobotsOnBlackSite,numberOfRobotsOnWhiteSite
6946,22,20
timeStep,numberOfRobotsOnBlackSite,numberOfRobotsOnWhiteSite
6947,22,20
timeStep,numberOfRobotsOnBlackSite,numberOfRobotsOnWhiteSite
6948,22,20
timeStep,numberOfRobotsOnBlackSite,numberOfRobotsOnWhiteSite
6949,22,20
timeStep,numberOfRobotsOnBlackSite,numberOfRobotsOnWhiteSite
6950,21,20
timeStep,numberOfRobotsOnBlackSite,numberOfRobotsOnWhiteSite
6951,21,20
timeStep,numberOfRobotsOnBlackSite,numberOfRobotsOnWhiteSite
6952,21,20
timeStep,numberOfRobotsOnBlackSite,numberOfRobotsOnWhiteSite
6953,21,20
timeStep,numberOfRobotsOnBlackSite,numberOfRobotsOnWhiteSite
6954,21,20
timeStep,numberOfRobotsOnBlackSite,numberOfRobotsOnWhiteSite
6955,21,20
timeStep,numberOfRobotsOnBlackSite,numberOfRobotsOnWhiteSite
6956,21,20
timeStep,numberOfRobotsOnBlackSite,numberOfRobotsOnWhiteSite
6957,21,20
timeStep,numberOfRobotsOnBlackSite,numberOfRobotsOnWhiteSite
6958,21,20
timeStep,numberOfRobotsOnBlackSite,numberOfRobotsOnWhiteSite
6959,21,20
timeStep,numberOfRobotsOnBlackSite,numberOfRobotsOnWhiteSite
6960,21,20
timeStep,numberOfRobotsOnBlackSite,numberOfRobotsOnWhiteSite
6961,21,20
timeStep,numberOfRobotsOnBlackSite,numberOfRobotsOnWhiteSite
6962,21,20
timeStep,numberOfRobotsOnBlackSite,numberOfRobotsOnWhiteSite
6963,21,20
timeStep,numberOfRobotsOnBlackSite,numberOfRobotsOnWhiteSite
6964,21,20
timeStep,numberOfRobotsOnBlackSite,numberOfRobotsOnWhiteSite
6965,20,20
timeStep,numberOfRobotsOnBlackSite,numberOfRobotsOnWhiteSite
6966,20,20
timeStep,numberOfRobotsOnBlackSite,numberOfRobotsOnWhiteSite
6967,20,20
timeStep,numberOfRobotsOnBlackSite,numberOfRobotsOnWhiteSite
6968,20,20
timeStep,numberOfRobotsOnBlackSite,numberOfRobotsOnWhiteSite
6969,20,20
timeStep,numberOfRobotsOnBlackSite,numberOfRobotsOnWhiteSite
6970,20,20
timeStep,numberOfRobotsOnBlackSite,numberOfRobotsOnWhiteSite
6971,20,20
timeStep,numberOfRobotsOnBlackSite,numberOfRobotsOnWhiteSite
6972,20,20
timeStep,numberOfRobotsOnBlackSite,numberOfRobotsOnWhiteSite
6973,20,20
timeStep,numberOfRobotsOnBlackSite,numberOfRobotsOnWhiteSite
6974,20,20
timeStep,numberOfRobotsOnBlackSite,numberOfRobotsOnWhiteSite
6975,20,20
timeStep,numberOfRobotsOnBlackSite,numberOfRobotsOnWhiteSite
6976,20,20
timeStep,numberOfRobotsOnBlackSite,numberOfRobotsOnWhiteSite
6977,20,20
timeStep,numberOfRobotsOnBlackSite,numberOfRobotsOnWhiteSite
6978,20,20
timeStep,numberOfRobotsOnBlackSite,numberOfRobotsOnWhiteSite
6979,20,20
timeStep,numberOfRobotsOnBlackSite,numberOfRobotsOnWhiteSite
6980,20,20
timeStep,numberOfRobotsOnBlackSite,numberOfRobotsOnWhiteSite
6981,20,20
timeStep,numberOfRobotsOnBlackSite,numberOfRobotsOnWhiteSite
6982,20,20
timeStep,numberOfRobotsOnBlackSite,numberOfRobotsOnWhiteSite
6983,20,20
timeStep,numberOfRobotsOnBlackSite,numberOfRobotsOnWhiteSite
6984,20,20
timeStep,numberOfRobotsOnBlackSite,numberOfRobotsOnWhiteSite
6985,19,20
timeStep,numberOfRobotsOnBlackSite,numberOfRobotsOnWhiteSite
6986,19,20
timeStep,numberOfRobotsOnBlackSite,numberOfRobotsOnWhiteSite
6987,19,20
timeStep,numberOfRobotsOnBlackSite,numberOfRobotsOnWhiteSite
6988,19,20
timeStep,numberOfRobotsOnBlackSite,numberOfRobotsOnWhiteSite
6989,19,20
timeStep,numberOfRobotsOnBlackSite,numberOfRobotsOnWhiteSite
6990,19,20
timeStep,numberOfRobotsOnBlackSite,numberOfRobotsOnWhiteSite
6991,19,20
timeStep,numberOfRobotsOnBlackSite,numberOfRobotsOnWhiteSite
6992,19,20
timeStep,numberOfRobotsOnBlackSite,numberOfRobotsOnWhiteSite
6993,19,20
timeStep,numberOfRobotsOnBlackSite,numberOfRobotsOnWhiteSite
6994,19,20
timeStep,numberOfRobotsOnBlackSite,numberOfRobotsOnWhiteSite
6995,19,20
timeStep,numberOfRobotsOnBlackSite,numberOfRobotsOnWhiteSite
6996,19,20
timeStep,numberOfRobotsOnBlackSite,numberOfRobotsOnWhiteSite
6997,19,20
timeStep,numberOfRobotsOnBlackSite,numberOfRobotsOnWhiteSite
6998,19,20
timeStep,numberOfRobotsOnBlackSite,numberOfRobotsOnWhiteSite
6999,19,20
timeStep,numberOfRobotsOnBlackSite,numberOfRobotsOnWhiteSite
7000,19,20
timeStep,numberOfRobotsOnBlackSite,numberOfRobotsOnWhiteSite
7001,19,20
timeStep,numberOfRobotsOnBlackSite,numberOfRobotsOnWhiteSite
7002,19,20
timeStep,numberOfRobotsOnBlackSite,numberOfRobotsOnWhiteSite
7003,19,20
timeStep,numberOfRobotsOnBlackSite,numberOfRobotsOnWhiteSite
7004,19,20
timeStep,numberOfRobotsOnBlackSite,numberOfRobotsOnWhiteSite
7005,19,20
timeStep,numberOfRobotsOnBlackSite,numberOfRobotsOnWhiteSite
7006,19,20
timeStep,numberOfRobotsOnBlackSite,numberOfRobotsOnWhiteSite
7007,19,20
timeStep,numberOfRobotsOnBlackSite,numberOfRobotsOnWhiteSite
7008,19,20
timeStep,numberOfRobotsOnBlackSite,numberOfRobotsOnWhiteSite
7009,19,20
timeStep,numberOfRobotsOnBlackSite,numberOfRobotsOnWhiteSite
7010,18,20
timeStep,numberOfRobotsOnBlackSite,numberOfRobotsOnWhiteSite
7011,18,20
timeStep,numberOfRobotsOnBlackSite,numberOfRobotsOnWhiteSite
7012,18,20
timeStep,numberOfRobotsOnBlackSite,numberOfRobotsOnWhiteSite
7013,18,20
timeStep,numberOfRobotsOnBlackSite,numberOfRobotsOnWhiteSite
7014,18,20
timeStep,numberOfRobotsOnBlackSite,numberOfRobotsOnWhiteSite
7015,18,20
timeStep,numberOfRobotsOnBlackSite,numberOfRobotsOnWhiteSite
7016,18,20
timeStep,numberOfRobotsOnBlackSite,numberOfRobotsOnWhiteSite
7017,18,20
timeStep,numberOfRobotsOnBlackSite,numberOfRobotsOnWhiteSite
7018,18,20
timeStep,numberOfRobotsOnBlackSite,numberOfRobotsOnWhiteSite
7019,18,20
timeStep,numberOfRobotsOnBlackSite,numberOfRobotsOnWhiteSite
7020,18,19
timeStep,numberOfRobotsOnBlackSite,numberOfRobotsOnWhiteSite
7021,18,19
timeStep,numberOfRobotsOnBlackSite,numberOfRobotsOnWhiteSite
7022,18,19
timeStep,numberOfRobotsOnBlackSite,numberOfRobotsOnWhiteSite
7023,18,19
timeStep,numberOfRobotsOnBlackSite,numberOfRobotsOnWhiteSite
7024,18,19
timeStep,numberOfRobotsOnBlackSite,numberOfRobotsOnWhiteSite
7025,18,19
timeStep,numberOfRobotsOnBlackSite,numberOfRobotsOnWhiteSite
7026,18,19
timeStep,numberOfRobotsOnBlackSite,numberOfRobotsOnWhiteSite
7027,18,19
timeStep,numberOfRobotsOnBlackSite,numberOfRobotsOnWhiteSite
7028,18,19
timeStep,numberOfRobotsOnBlackSite,numberOfRobotsOnWhiteSite
7029,18,19
timeStep,numberOfRobotsOnBlackSite,numberOfRobotsOnWhiteSite
7030,18,19
timeStep,numberOfRobotsOnBlackSite,numberOfRobotsOnWhiteSite
7031,18,19
timeStep,numberOfRobotsOnBlackSite,numberOfRobotsOnWhiteSite
7032,18,19
timeStep,numberOfRobotsOnBlackSite,numberOfRobotsOnWhiteSite
7033,18,19
timeStep,numberOfRobotsOnBlackSite,numberOfRobotsOnWhiteSite
7034,18,19
timeStep,numberOfRobotsOnBlackSite,numberOfRobotsOnWhiteSite
7035,18,19
timeStep,numberOfRobotsOnBlackSite,numberOfRobotsOnWhiteSite
7036,18,19
timeStep,numberOfRobotsOnBlackSite,numberOfRobotsOnWhiteSite
7037,18,19
timeStep,numberOfRobotsOnBlackSite,numberOfRobotsOnWhiteSite
7038,18,19
timeStep,numberOfRobotsOnBlackSite,numberOfRobotsOnWhiteSite
7039,18,19
timeStep,numberOfRobotsOnBlackSite,numberOfRobotsOnWhiteSite
7040,19,19
timeStep,numberOfRobotsOnBlackSite,numberOfRobotsOnWhiteSite
7041,19,19
timeStep,numberOfRobotsOnBlackSite,numberOfRobotsOnWhiteSite
7042,19,19
timeStep,numberOfRobotsOnBlackSite,numberOfRobotsOnWhiteSite
7043,19,19
timeStep,numberOfRobotsOnBlackSite,numberOfRobotsOnWhiteSite
7044,19,19
timeStep,numberOfRobotsOnBlackSite,numberOfRobotsOnWhiteSite
7045,19,18
timeStep,numberOfRobotsOnBlackSite,numberOfRobotsOnWhiteSite
7046,19,18
timeStep,numberOfRobotsOnBlackSite,numberOfRobotsOnWhiteSite
7047,19,18
timeStep,numberOfRobotsOnBlackSite,numberOfRobotsOnWhiteSite
7048,19,18
timeStep,numberOfRobotsOnBlackSite,numberOfRobotsOnWhiteSite
7049,19,18
timeStep,numberOfRobotsOnBlackSite,numberOfRobotsOnWhiteSite
7050,19,18
timeStep,numberOfRobotsOnBlackSite,numberOfRobotsOnWhiteSite
7051,19,18
timeStep,numberOfRobotsOnBlackSite,numberOfRobotsOnWhiteSite
7052,19,18
timeStep,numberOfRobotsOnBlackSite,numberOfRobotsOnWhiteSite
7053,19,18
timeStep,numberOfRobotsOnBlackSite,numberOfRobotsOnWhiteSite
7054,19,18
timeStep,numberOfRobotsOnBlackSite,numberOfRobotsOnWhiteSite
7055,19,18
timeStep,numberOfRobotsOnBlackSite,numberOfRobotsOnWhiteSite
7056,19,18
timeStep,numberOfRobotsOnBlackSite,numberOfRobotsOnWhiteSite
7057,19,18
timeStep,numberOfRobotsOnBlackSite,numberOfRobotsOnWhiteSite
7058,19,18
timeStep,numberOfRobotsOnBlackSite,numberOfRobotsOnWhiteSite
7059,19,18
timeStep,numberOfRobotsOnBlackSite,numberOfRobotsOnWhiteSite
7060,19,18
timeStep,numberOfRobotsOnBlackSite,numberOfRobotsOnWhiteSite
7061,19,18
timeStep,numberOfRobotsOnBlackSite,numberOfRobotsOnWhiteSite
7062,19,18
timeStep,numberOfRobotsOnBlackSite,numberOfRobotsOnWhiteSite
7063,19,18
timeStep,numberOfRobotsOnBlackSite,numberOfRobotsOnWhiteSite
7064,19,18
timeStep,numberOfRobotsOnBlackSite,numberOfRobotsOnWhiteSite
7065,19,18
timeStep,numberOfRobotsOnBlackSite,numberOfRobotsOnWhiteSite
7066,19,18
timeStep,numberOfRobotsOnBlackSite,numberOfRobotsOnWhiteSite
7067,19,18
timeStep,numberOfRobotsOnBlackSite,numberOfRobotsOnWhiteSite
7068,19,18
timeStep,numberOfRobotsOnBlackSite,numberOfRobotsOnWhiteSite
7069,19,18
timeStep,numberOfRobotsOnBlackSite,numberOfRobotsOnWhiteSite
7070,19,18
timeStep,numberOfRobotsOnBlackSite,numberOfRobotsOnWhiteSite
7071,19,18
timeStep,numberOfRobotsOnBlackSite,numberOfRobotsOnWhiteSite
7072,19,18
timeStep,numberOfRobotsOnBlackSite,numberOfRobotsOnWhiteSite
7073,19,18
timeStep,numberOfRobotsOnBlackSite,numberOfRobotsOnWhiteSite
7074,19,18
timeStep,numberOfRobotsOnBlackSite,numberOfRobotsOnWhiteSite
7075,20,18
timeStep,numberOfRobotsOnBlackSite,numberOfRobotsOnWhiteSite
7076,20,18
timeStep,numberOfRobotsOnBlackSite,numberOfRobotsOnWhiteSite
7077,20,18
timeStep,numberOfRobotsOnBlackSite,numberOfRobotsOnWhiteSite
7078,20,18
timeStep,numberOfRobotsOnBlackSite,numberOfRobotsOnWhiteSite
7079,20,18
timeStep,numberOfRobotsOnBlackSite,numberOfRobotsOnWhiteSite
7080,20,18
timeStep,numberOfRobotsOnBlackSite,numberOfRobotsOnWhiteSite
7081,20,18
timeStep,numberOfRobotsOnBlackSite,numberOfRobotsOnWhiteSite
7082,20,18
timeStep,numberOfRobotsOnBlackSite,numberOfRobotsOnWhiteSite
7083,20,18
timeStep,numberOfRobotsOnBlackSite,numberOfRobotsOnWhiteSite
7084,20,18
timeStep,numberOfRobotsOnBlackSite,numberOfRobotsOnWhiteSite
7085,20,18
timeStep,numberOfRobotsOnBlackSite,numberOfRobotsOnWhiteSite
7086,20,18
timeStep,numberOfRobotsOnBlackSite,numberOfRobotsOnWhiteSite
7087,20,18
timeStep,numberOfRobotsOnBlackSite,numberOfRobotsOnWhiteSite
7088,20,18
timeStep,numberOfRobotsOnBlackSite,numberOfRobotsOnWhiteSite
7089,20,18
timeStep,numberOfRobotsOnBlackSite,numberOfRobotsOnWhiteSite
7090,20,18
timeStep,numberOfRobotsOnBlackSite,numberOfRobotsOnWhiteSite
7091,20,18
timeStep,numberOfRobotsOnBlackSite,numberOfRobotsOnWhiteSite
7092,20,18
timeStep,numberOfRobotsOnBlackSite,numberOfRobotsOnWhiteSite
7093,20,18
timeStep,numberOfRobotsOnBlackSite,numberOfRobotsOnWhiteSite
7094,20,18
timeStep,numberOfRobotsOnBlackSite,numberOfRobotsOnWhiteSite
7095,21,18
timeStep,numberOfRobotsOnBlackSite,numberOfRobotsOnWhiteSite
7096,21,18
timeStep,numberOfRobotsOnBlackSite,numberOfRobotsOnWhiteSite
7097,21,18
timeStep,numberOfRobotsOnBlackSite,numberOfRobotsOnWhiteSite
7098,21,18
timeStep,numberOfRobotsOnBlackSite,numberOfRobotsOnWhiteSite
7099,21,18
timeStep,numberOfRobotsOnBlackSite,numberOfRobotsOnWhiteSite
7100,21,18
timeStep,numberOfRobotsOnBlackSite,numberOfRobotsOnWhiteSite
7101,21,18
timeStep,numberOfRobotsOnBlackSite,numberOfRobotsOnWhiteSite
7102,21,18
timeStep,numberOfRobotsOnBlackSite,numberOfRobotsOnWhiteSite
7103,21,18
timeStep,numberOfRobotsOnBlackSite,numberOfRobotsOnWhiteSite
7104,21,18
timeStep,numberOfRobotsOnBlackSite,numberOfRobotsOnWhiteSite
7105,21,18
timeStep,numberOfRobotsOnBlackSite,numberOfRobotsOnWhiteSite
7106,21,18
timeStep,numberOfRobotsOnBlackSite,numberOfRobotsOnWhiteSite
7107,21,18
timeStep,numberOfRobotsOnBlackSite,numberOfRobotsOnWhiteSite
7108,21,18
timeStep,numberOfRobotsOnBlackSite,numberOfRobotsOnWhiteSite
7109,21,18
timeStep,numberOfRobotsOnBlackSite,numberOfRobotsOnWhiteSite
7110,21,18
timeStep,numberOfRobotsOnBlackSite,numberOfRobotsOnWhiteSite
7111,21,18
timeStep,numberOfRobotsOnBlackSite,numberOfRobotsOnWhiteSite
7112,21,18
timeStep,numberOfRobotsOnBlackSite,numberOfRobotsOnWhiteSite
7113,21,18
timeStep,numberOfRobotsOnBlackSite,numberOfRobotsOnWhiteSite
7114,21,18
timeStep,numberOfRobotsOnBlackSite,numberOfRobotsOnWhiteSite
7115,21,18
timeStep,numberOfRobotsOnBlackSite,numberOfRobotsOnWhiteSite
7116,21,18
timeStep,numberOfRobotsOnBlackSite,numberOfRobotsOnWhiteSite
7117,21,18
timeStep,numberOfRobotsOnBlackSite,numberOfRobotsOnWhiteSite
7118,21,18
timeStep,numberOfRobotsOnBlackSite,numberOfRobotsOnWhiteSite
7119,21,18
timeStep,numberOfRobotsOnBlackSite,numberOfRobotsOnWhiteSite
7120,21,18
timeStep,numberOfRobotsOnBlackSite,numberOfRobotsOnWhiteSite
7121,21,18
timeStep,numberOfRobotsOnBlackSite,numberOfRobotsOnWhiteSite
7122,21,18
timeStep,numberOfRobotsOnBlackSite,numberOfRobotsOnWhiteSite
7123,21,18
timeStep,numberOfRobotsOnBlackSite,numberOfRobotsOnWhiteSite
7124,21,18
timeStep,numberOfRobotsOnBlackSite,numberOfRobotsOnWhiteSite
7125,21,18
timeStep,numberOfRobotsOnBlackSite,numberOfRobotsOnWhiteSite
7126,21,18
timeStep,numberOfRobotsOnBlackSite,numberOfRobotsOnWhiteSite
7127,21,18
timeStep,numberOfRobotsOnBlackSite,numberOfRobotsOnWhiteSite
7128,21,18
timeStep,numberOfRobotsOnBlackSite,numberOfRobotsOnWhiteSite
7129,21,18
timeStep,numberOfRobotsOnBlackSite,numberOfRobotsOnWhiteSite
7130,21,17
timeStep,numberOfRobotsOnBlackSite,numberOfRobotsOnWhiteSite
7131,21,17
timeStep,numberOfRobotsOnBlackSite,numberOfRobotsOnWhiteSite
7132,21,17
timeStep,numberOfRobotsOnBlackSite,numberOfRobotsOnWhiteSite
7133,21,17
timeStep,numberOfRobotsOnBlackSite,numberOfRobotsOnWhiteSite
7134,21,17
timeStep,numberOfRobotsOnBlackSite,numberOfRobotsOnWhiteSite
7135,21,17
timeStep,numberOfRobotsOnBlackSite,numberOfRobotsOnWhiteSite
7136,21,17
timeStep,numberOfRobotsOnBlackSite,numberOfRobotsOnWhiteSite
7137,21,17
timeStep,numberOfRobotsOnBlackSite,numberOfRobotsOnWhiteSite
7138,21,17
timeStep,numberOfRobotsOnBlackSite,numberOfRobotsOnWhiteSite
7139,21,17
timeStep,numberOfRobotsOnBlackSite,numberOfRobotsOnWhiteSite
7140,21,17
timeStep,numberOfRobotsOnBlackSite,numberOfRobotsOnWhiteSite
7141,21,17
timeStep,numberOfRobotsOnBlackSite,numberOfRobotsOnWhiteSite
7142,21,17
timeStep,numberOfRobotsOnBlackSite,numberOfRobotsOnWhiteSite
7143,21,17
timeStep,numberOfRobotsOnBlackSite,numberOfRobotsOnWhiteSite
7144,21,17
timeStep,numberOfRobotsOnBlackSite,numberOfRobotsOnWhiteSite
7145,21,17
timeStep,numberOfRobotsOnBlackSite,numberOfRobotsOnWhiteSite
7146,21,17
timeStep,numberOfRobotsOnBlackSite,numberOfRobotsOnWhiteSite
7147,21,17
timeStep,numberOfRobotsOnBlackSite,numberOfRobotsOnWhiteSite
7148,21,17
timeStep,numberOfRobotsOnBlackSite,numberOfRobotsOnWhiteSite
7149,21,17
timeStep,numberOfRobotsOnBlackSite,numberOfRobotsOnWhiteSite
7150,21,16
timeStep,numberOfRobotsOnBlackSite,numberOfRobotsOnWhiteSite
7151,21,16
timeStep,numberOfRobotsOnBlackSite,numberOfRobotsOnWhiteSite
7152,21,16
timeStep,numberOfRobotsOnBlackSite,numberOfRobotsOnWhiteSite
7153,21,16
timeStep,numberOfRobotsOnBlackSite,numberOfRobotsOnWhiteSite
7154,21,16
timeStep,numberOfRobotsOnBlackSite,numberOfRobotsOnWhiteSite
7155,21,17
timeStep,numberOfRobotsOnBlackSite,numberOfRobotsOnWhiteSite
7156,21,17
timeStep,numberOfRobotsOnBlackSite,numberOfRobotsOnWhiteSite
7157,21,17
timeStep,numberOfRobotsOnBlackSite,numberOfRobotsOnWhiteSite
7158,21,17
timeStep,numberOfRobotsOnBlackSite,numberOfRobotsOnWhiteSite
7159,21,17
timeStep,numberOfRobotsOnBlackSite,numberOfRobotsOnWhiteSite
7160,20,16
timeStep,numberOfRobotsOnBlackSite,numberOfRobotsOnWhiteSite
7161,20,16
timeStep,numberOfRobotsOnBlackSite,numberOfRobotsOnWhiteSite
7162,20,16
timeStep,numberOfRobotsOnBlackSite,numberOfRobotsOnWhiteSite
7163,20,16
timeStep,numberOfRobotsOnBlackSite,numberOfRobotsOnWhiteSite
7164,20,16
timeStep,numberOfRobotsOnBlackSite,numberOfRobotsOnWhiteSite
7165,20,16
timeStep,numberOfRobotsOnBlackSite,numberOfRobotsOnWhiteSite
7166,20,16
timeStep,numberOfRobotsOnBlackSite,numberOfRobotsOnWhiteSite
7167,20,16
timeStep,numberOfRobotsOnBlackSite,numberOfRobotsOnWhiteSite
7168,20,16
timeStep,numberOfRobotsOnBlackSite,numberOfRobotsOnWhiteSite
7169,20,16
timeStep,numberOfRobotsOnBlackSite,numberOfRobotsOnWhiteSite
7170,20,16
timeStep,numberOfRobotsOnBlackSite,numberOfRobotsOnWhiteSite
7171,20,16
timeStep,numberOfRobotsOnBlackSite,numberOfRobotsOnWhiteSite
7172,20,16
timeStep,numberOfRobotsOnBlackSite,numberOfRobotsOnWhiteSite
7173,20,16
timeStep,numberOfRobotsOnBlackSite,numberOfRobotsOnWhiteSite
7174,20,16
timeStep,numberOfRobotsOnBlackSite,numberOfRobotsOnWhiteSite
7175,20,16
timeStep,numberOfRobotsOnBlackSite,numberOfRobotsOnWhiteSite
7176,20,16
timeStep,numberOfRobotsOnBlackSite,numberOfRobotsOnWhiteSite
7177,20,16
timeStep,numberOfRobotsOnBlackSite,numberOfRobotsOnWhiteSite
7178,20,16
timeStep,numberOfRobotsOnBlackSite,numberOfRobotsOnWhiteSite
7179,20,16
timeStep,numberOfRobotsOnBlackSite,numberOfRobotsOnWhiteSite
7180,20,16
timeStep,numberOfRobotsOnBlackSite,numberOfRobotsOnWhiteSite
7181,20,16
timeStep,numberOfRobotsOnBlackSite,numberOfRobotsOnWhiteSite
7182,20,16
timeStep,numberOfRobotsOnBlackSite,numberOfRobotsOnWhiteSite
7183,20,16
timeStep,numberOfRobotsOnBlackSite,numberOfRobotsOnWhiteSite
7184,20,16
timeStep,numberOfRobotsOnBlackSite,numberOfRobotsOnWhiteSite
7185,20,16
timeStep,numberOfRobotsOnBlackSite,numberOfRobotsOnWhiteSite
7186,20,16
timeStep,numberOfRobotsOnBlackSite,numberOfRobotsOnWhiteSite
7187,20,16
timeStep,numberOfRobotsOnBlackSite,numberOfRobotsOnWhiteSite
7188,20,16
timeStep,numberOfRobotsOnBlackSite,numberOfRobotsOnWhiteSite
7189,20,16
timeStep,numberOfRobotsOnBlackSite,numberOfRobotsOnWhiteSite
7190,20,16
timeStep,numberOfRobotsOnBlackSite,numberOfRobotsOnWhiteSite
7191,20,16
timeStep,numberOfRobotsOnBlackSite,numberOfRobotsOnWhiteSite
7192,20,16
timeStep,numberOfRobotsOnBlackSite,numberOfRobotsOnWhiteSite
7193,20,16
timeStep,numberOfRobotsOnBlackSite,numberOfRobotsOnWhiteSite
7194,20,16
timeStep,numberOfRobotsOnBlackSite,numberOfRobotsOnWhiteSite
7195,20,16
timeStep,numberOfRobotsOnBlackSite,numberOfRobotsOnWhiteSite
7196,20,16
timeStep,numberOfRobotsOnBlackSite,numberOfRobotsOnWhiteSite
7197,20,16
timeStep,numberOfRobotsOnBlackSite,numberOfRobotsOnWhiteSite
7198,20,16
timeStep,numberOfRobotsOnBlackSite,numberOfRobotsOnWhiteSite
7199,20,16
timeStep,numberOfRobotsOnBlackSite,numberOfRobotsOnWhiteSite
7200,20,16
timeStep,numberOfRobotsOnBlackSite,numberOfRobotsOnWhiteSite
7201,20,16
timeStep,numberOfRobotsOnBlackSite,numberOfRobotsOnWhiteSite
7202,20,16
timeStep,numberOfRobotsOnBlackSite,numberOfRobotsOnWhiteSite
7203,20,16
timeStep,numberOfRobotsOnBlackSite,numberOfRobotsOnWhiteSite
7204,20,16
timeStep,numberOfRobotsOnBlackSite,numberOfRobotsOnWhiteSite
7205,20,16
timeStep,numberOfRobotsOnBlackSite,numberOfRobotsOnWhiteSite
7206,20,16
timeStep,numberOfRobotsOnBlackSite,numberOfRobotsOnWhiteSite
7207,20,16
timeStep,numberOfRobotsOnBlackSite,numberOfRobotsOnWhiteSite
7208,20,16
timeStep,numberOfRobotsOnBlackSite,numberOfRobotsOnWhiteSite
7209,20,16
timeStep,numberOfRobotsOnBlackSite,numberOfRobotsOnWhiteSite
7210,20,16
timeStep,numberOfRobotsOnBlackSite,numberOfRobotsOnWhiteSite
7211,20,16
timeStep,numberOfRobotsOnBlackSite,numberOfRobotsOnWhiteSite
7212,20,16
timeStep,numberOfRobotsOnBlackSite,numberOfRobotsOnWhiteSite
7213,20,16
timeStep,numberOfRobotsOnBlackSite,numberOfRobotsOnWhiteSite
7214,20,16
timeStep,numberOfRobotsOnBlackSite,numberOfRobotsOnWhiteSite
7215,20,16
timeStep,numberOfRobotsOnBlackSite,numberOfRobotsOnWhiteSite
7216,20,16
timeStep,numberOfRobotsOnBlackSite,numberOfRobotsOnWhiteSite
7217,20,16
timeStep,numberOfRobotsOnBlackSite,numberOfRobotsOnWhiteSite
7218,20,16
timeStep,numberOfRobotsOnBlackSite,numberOfRobotsOnWhiteSite
7219,20,16
timeStep,numberOfRobotsOnBlackSite,numberOfRobotsOnWhiteSite
7220,20,16
timeStep,numberOfRobotsOnBlackSite,numberOfRobotsOnWhiteSite
7221,20,16
timeStep,numberOfRobotsOnBlackSite,numberOfRobotsOnWhiteSite
7222,20,16
timeStep,numberOfRobotsOnBlackSite,numberOfRobotsOnWhiteSite
7223,20,16
timeStep,numberOfRobotsOnBlackSite,numberOfRobotsOnWhiteSite
7224,20,16
timeStep,numberOfRobotsOnBlackSite,numberOfRobotsOnWhiteSite
7225,21,16
timeStep,numberOfRobotsOnBlackSite,numberOfRobotsOnWhiteSite
7226,21,16
timeStep,numberOfRobotsOnBlackSite,numberOfRobotsOnWhiteSite
7227,21,16
timeStep,numberOfRobotsOnBlackSite,numberOfRobotsOnWhiteSite
7228,21,16
timeStep,numberOfRobotsOnBlackSite,numberOfRobotsOnWhiteSite
7229,21,16
timeStep,numberOfRobotsOnBlackSite,numberOfRobotsOnWhiteSite
7230,21,16
timeStep,numberOfRobotsOnBlackSite,numberOfRobotsOnWhiteSite
7231,21,16
timeStep,numberOfRobotsOnBlackSite,numberOfRobotsOnWhiteSite
7232,21,16
timeStep,numberOfRobotsOnBlackSite,numberOfRobotsOnWhiteSite
7233,21,16
timeStep,numberOfRobotsOnBlackSite,numberOfRobotsOnWhiteSite
7234,21,16
timeStep,numberOfRobotsOnBlackSite,numberOfRobotsOnWhiteSite
7235,21,16
timeStep,numberOfRobotsOnBlackSite,numberOfRobotsOnWhiteSite
7236,21,16
timeStep,numberOfRobotsOnBlackSite,numberOfRobotsOnWhiteSite
7237,21,16
timeStep,numberOfRobotsOnBlackSite,numberOfRobotsOnWhiteSite
7238,21,16
timeStep,numberOfRobotsOnBlackSite,numberOfRobotsOnWhiteSite
7239,21,16
timeStep,numberOfRobotsOnBlackSite,numberOfRobotsOnWhiteSite
7240,21,16
timeStep,numberOfRobotsOnBlackSite,numberOfRobotsOnWhiteSite
7241,21,16
timeStep,numberOfRobotsOnBlackSite,numberOfRobotsOnWhiteSite
7242,21,16
timeStep,numberOfRobotsOnBlackSite,numberOfRobotsOnWhiteSite
7243,21,16
timeStep,numberOfRobotsOnBlackSite,numberOfRobotsOnWhiteSite
7244,21,16
timeStep,numberOfRobotsOnBlackSite,numberOfRobotsOnWhiteSite
7245,21,16
timeStep,numberOfRobotsOnBlackSite,numberOfRobotsOnWhiteSite
7246,21,16
timeStep,numberOfRobotsOnBlackSite,numberOfRobotsOnWhiteSite
7247,21,16
timeStep,numberOfRobotsOnBlackSite,numberOfRobotsOnWhiteSite
7248,21,16
timeStep,numberOfRobotsOnBlackSite,numberOfRobotsOnWhiteSite
7249,21,16
timeStep,numberOfRobotsOnBlackSite,numberOfRobotsOnWhiteSite
7250,21,16
timeStep,numberOfRobotsOnBlackSite,numberOfRobotsOnWhiteSite
7251,21,16
timeStep,numberOfRobotsOnBlackSite,numberOfRobotsOnWhiteSite
7252,21,16
timeStep,numberOfRobotsOnBlackSite,numberOfRobotsOnWhiteSite
7253,21,16
timeStep,numberOfRobotsOnBlackSite,numberOfRobotsOnWhiteSite
7254,21,16
timeStep,numberOfRobotsOnBlackSite,numberOfRobotsOnWhiteSite
7255,21,16
timeStep,numberOfRobotsOnBlackSite,numberOfRobotsOnWhiteSite
7256,21,16
timeStep,numberOfRobotsOnBlackSite,numberOfRobotsOnWhiteSite
7257,21,16
timeStep,numberOfRobotsOnBlackSite,numberOfRobotsOnWhiteSite
7258,21,16
timeStep,numberOfRobotsOnBlackSite,numberOfRobotsOnWhiteSite
7259,21,16
timeStep,numberOfRobotsOnBlackSite,numberOfRobotsOnWhiteSite
7260,21,16
timeStep,numberOfRobotsOnBlackSite,numberOfRobotsOnWhiteSite
7261,21,16
timeStep,numberOfRobotsOnBlackSite,numberOfRobotsOnWhiteSite
7262,21,16
timeStep,numberOfRobotsOnBlackSite,numberOfRobotsOnWhiteSite
7263,21,16
timeStep,numberOfRobotsOnBlackSite,numberOfRobotsOnWhiteSite
7264,21,16
timeStep,numberOfRobotsOnBlackSite,numberOfRobotsOnWhiteSite
7265,20,16
timeStep,numberOfRobotsOnBlackSite,numberOfRobotsOnWhiteSite
7266,20,16
timeStep,numberOfRobotsOnBlackSite,numberOfRobotsOnWhiteSite
7267,20,16
timeStep,numberOfRobotsOnBlackSite,numberOfRobotsOnWhiteSite
7268,20,16
timeStep,numberOfRobotsOnBlackSite,numberOfRobotsOnWhiteSite
7269,20,16
timeStep,numberOfRobotsOnBlackSite,numberOfRobotsOnWhiteSite
7270,20,16
timeStep,numberOfRobotsOnBlackSite,numberOfRobotsOnWhiteSite
7271,20,16
timeStep,numberOfRobotsOnBlackSite,numberOfRobotsOnWhiteSite
7272,20,16
timeStep,numberOfRobotsOnBlackSite,numberOfRobotsOnWhiteSite
7273,20,16
timeStep,numberOfRobotsOnBlackSite,numberOfRobotsOnWhiteSite
7274,20,16
timeStep,numberOfRobotsOnBlackSite,numberOfRobotsOnWhiteSite
7275,20,16
timeStep,numberOfRobotsOnBlackSite,numberOfRobotsOnWhiteSite
7276,20,16
timeStep,numberOfRobotsOnBlackSite,numberOfRobotsOnWhiteSite
7277,20,16
timeStep,numberOfRobotsOnBlackSite,numberOfRobotsOnWhiteSite
7278,20,16
timeStep,numberOfRobotsOnBlackSite,numberOfRobotsOnWhiteSite
7279,20,16
timeStep,numberOfRobotsOnBlackSite,numberOfRobotsOnWhiteSite
7280,20,16
timeStep,numberOfRobotsOnBlackSite,numberOfRobotsOnWhiteSite
7281,20,16
timeStep,numberOfRobotsOnBlackSite,numberOfRobotsOnWhiteSite
7282,20,16
timeStep,numberOfRobotsOnBlackSite,numberOfRobotsOnWhiteSite
7283,20,16
timeStep,numberOfRobotsOnBlackSite,numberOfRobotsOnWhiteSite
7284,20,16
timeStep,numberOfRobotsOnBlackSite,numberOfRobotsOnWhiteSite
7285,20,16
timeStep,numberOfRobotsOnBlackSite,numberOfRobotsOnWhiteSite
7286,20,16
timeStep,numberOfRobotsOnBlackSite,numberOfRobotsOnWhiteSite
7287,20,16
timeStep,numberOfRobotsOnBlackSite,numberOfRobotsOnWhiteSite
7288,20,16
timeStep,numberOfRobotsOnBlackSite,numberOfRobotsOnWhiteSite
7289,20,16
timeStep,numberOfRobotsOnBlackSite,numberOfRobotsOnWhiteSite
7290,20,16
timeStep,numberOfRobotsOnBlackSite,numberOfRobotsOnWhiteSite
7291,20,16
timeStep,numberOfRobotsOnBlackSite,numberOfRobotsOnWhiteSite
7292,20,16
timeStep,numberOfRobotsOnBlackSite,numberOfRobotsOnWhiteSite
7293,20,16
timeStep,numberOfRobotsOnBlackSite,numberOfRobotsOnWhiteSite
7294,20,16
timeStep,numberOfRobotsOnBlackSite,numberOfRobotsOnWhiteSite
7295,20,16
timeStep,numberOfRobotsOnBlackSite,numberOfRobotsOnWhiteSite
7296,20,16
timeStep,numberOfRobotsOnBlackSite,numberOfRobotsOnWhiteSite
7297,20,16
timeStep,numberOfRobotsOnBlackSite,numberOfRobotsOnWhiteSite
7298,20,16
timeStep,numberOfRobotsOnBlackSite,numberOfRobotsOnWhiteSite
7299,20,16
timeStep,numberOfRobotsOnBlackSite,numberOfRobotsOnWhiteSite
7300,20,16
timeStep,numberOfRobotsOnBlackSite,numberOfRobotsOnWhiteSite
7301,20,16
timeStep,numberOfRobotsOnBlackSite,numberOfRobotsOnWhiteSite
7302,20,16
timeStep,numberOfRobotsOnBlackSite,numberOfRobotsOnWhiteSite
7303,20,16
timeStep,numberOfRobotsOnBlackSite,numberOfRobotsOnWhiteSite
7304,20,16
timeStep,numberOfRobotsOnBlackSite,numberOfRobotsOnWhiteSite
7305,20,16
timeStep,numberOfRobotsOnBlackSite,numberOfRobotsOnWhiteSite
7306,20,16
timeStep,numberOfRobotsOnBlackSite,numberOfRobotsOnWhiteSite
7307,20,16
timeStep,numberOfRobotsOnBlackSite,numberOfRobotsOnWhiteSite
7308,20,16
timeStep,numberOfRobotsOnBlackSite,numberOfRobotsOnWhiteSite
7309,20,16
timeStep,numberOfRobotsOnBlackSite,numberOfRobotsOnWhiteSite
7310,20,16
timeStep,numberOfRobotsOnBlackSite,numberOfRobotsOnWhiteSite
7311,20,16
timeStep,numberOfRobotsOnBlackSite,numberOfRobotsOnWhiteSite
7312,20,16
timeStep,numberOfRobotsOnBlackSite,numberOfRobotsOnWhiteSite
7313,20,16
timeStep,numberOfRobotsOnBlackSite,numberOfRobotsOnWhiteSite
7314,20,16
timeStep,numberOfRobotsOnBlackSite,numberOfRobotsOnWhiteSite
7315,20,16
timeStep,numberOfRobotsOnBlackSite,numberOfRobotsOnWhiteSite
7316,20,16
timeStep,numberOfRobotsOnBlackSite,numberOfRobotsOnWhiteSite
7317,20,16
timeStep,numberOfRobotsOnBlackSite,numberOfRobotsOnWhiteSite
7318,20,16
timeStep,numberOfRobotsOnBlackSite,numberOfRobotsOnWhiteSite
7319,20,16
timeStep,numberOfRobotsOnBlackSite,numberOfRobotsOnWhiteSite
7320,20,16
timeStep,numberOfRobotsOnBlackSite,numberOfRobotsOnWhiteSite
7321,20,16
timeStep,numberOfRobotsOnBlackSite,numberOfRobotsOnWhiteSite
7322,20,16
timeStep,numberOfRobotsOnBlackSite,numberOfRobotsOnWhiteSite
7323,20,16
timeStep,numberOfRobotsOnBlackSite,numberOfRobotsOnWhiteSite
7324,20,16
timeStep,numberOfRobotsOnBlackSite,numberOfRobotsOnWhiteSite
7325,20,16
timeStep,numberOfRobotsOnBlackSite,numberOfRobotsOnWhiteSite
7326,20,16
timeStep,numberOfRobotsOnBlackSite,numberOfRobotsOnWhiteSite
7327,20,16
timeStep,numberOfRobotsOnBlackSite,numberOfRobotsOnWhiteSite
7328,20,16
timeStep,numberOfRobotsOnBlackSite,numberOfRobotsOnWhiteSite
7329,20,16
timeStep,numberOfRobotsOnBlackSite,numberOfRobotsOnWhiteSite
7330,20,16
timeStep,numberOfRobotsOnBlackSite,numberOfRobotsOnWhiteSite
7331,20,16
timeStep,numberOfRobotsOnBlackSite,numberOfRobotsOnWhiteSite
7332,20,16
timeStep,numberOfRobotsOnBlackSite,numberOfRobotsOnWhiteSite
7333,20,16
timeStep,numberOfRobotsOnBlackSite,numberOfRobotsOnWhiteSite
7334,20,16
timeStep,numberOfRobotsOnBlackSite,numberOfRobotsOnWhiteSite
7335,20,16
timeStep,numberOfRobotsOnBlackSite,numberOfRobotsOnWhiteSite
7336,20,16
timeStep,numberOfRobotsOnBlackSite,numberOfRobotsOnWhiteSite
7337,20,16
timeStep,numberOfRobotsOnBlackSite,numberOfRobotsOnWhiteSite
7338,20,16
timeStep,numberOfRobotsOnBlackSite,numberOfRobotsOnWhiteSite
7339,20,16
timeStep,numberOfRobotsOnBlackSite,numberOfRobotsOnWhiteSite
7340,20,16
timeStep,numberOfRobotsOnBlackSite,numberOfRobotsOnWhiteSite
7341,20,16
timeStep,numberOfRobotsOnBlackSite,numberOfRobotsOnWhiteSite
7342,20,16
timeStep,numberOfRobotsOnBlackSite,numberOfRobotsOnWhiteSite
7343,20,16
timeStep,numberOfRobotsOnBlackSite,numberOfRobotsOnWhiteSite
7344,20,16
timeStep,numberOfRobotsOnBlackSite,numberOfRobotsOnWhiteSite
7345,20,16
timeStep,numberOfRobotsOnBlackSite,numberOfRobotsOnWhiteSite
7346,20,16
timeStep,numberOfRobotsOnBlackSite,numberOfRobotsOnWhiteSite
7347,20,16
timeStep,numberOfRobotsOnBlackSite,numberOfRobotsOnWhiteSite
7348,20,16
timeStep,numberOfRobotsOnBlackSite,numberOfRobotsOnWhiteSite
7349,20,16
timeStep,numberOfRobotsOnBlackSite,numberOfRobotsOnWhiteSite
7350,20,16
timeStep,numberOfRobotsOnBlackSite,numberOfRobotsOnWhiteSite
7351,20,16
timeStep,numberOfRobotsOnBlackSite,numberOfRobotsOnWhiteSite
7352,20,16
timeStep,numberOfRobotsOnBlackSite,numberOfRobotsOnWhiteSite
7353,20,16
timeStep,numberOfRobotsOnBlackSite,numberOfRobotsOnWhiteSite
7354,20,16
timeStep,numberOfRobotsOnBlackSite,numberOfRobotsOnWhiteSite
7355,20,16
timeStep,numberOfRobotsOnBlackSite,numberOfRobotsOnWhiteSite
7356,20,16
timeStep,numberOfRobotsOnBlackSite,numberOfRobotsOnWhiteSite
7357,20,16
timeStep,numberOfRobotsOnBlackSite,numberOfRobotsOnWhiteSite
7358,20,16
timeStep,numberOfRobotsOnBlackSite,numberOfRobotsOnWhiteSite
7359,20,16
timeStep,numberOfRobotsOnBlackSite,numberOfRobotsOnWhiteSite
7360,20,16
timeStep,numberOfRobotsOnBlackSite,numberOfRobotsOnWhiteSite
7361,20,16
timeStep,numberOfRobotsOnBlackSite,numberOfRobotsOnWhiteSite
7362,20,16
timeStep,numberOfRobotsOnBlackSite,numberOfRobotsOnWhiteSite
7363,20,16
timeStep,numberOfRobotsOnBlackSite,numberOfRobotsOnWhiteSite
7364,20,16
timeStep,numberOfRobotsOnBlackSite,numberOfRobotsOnWhiteSite
7365,20,16
timeStep,numberOfRobotsOnBlackSite,numberOfRobotsOnWhiteSite
7366,20,16
timeStep,numberOfRobotsOnBlackSite,numberOfRobotsOnWhiteSite
7367,20,16
timeStep,numberOfRobotsOnBlackSite,numberOfRobotsOnWhiteSite
7368,20,16
timeStep,numberOfRobotsOnBlackSite,numberOfRobotsOnWhiteSite
7369,20,16
timeStep,numberOfRobotsOnBlackSite,numberOfRobotsOnWhiteSite
7370,19,16
timeStep,numberOfRobotsOnBlackSite,numberOfRobotsOnWhiteSite
7371,19,16
timeStep,numberOfRobotsOnBlackSite,numberOfRobotsOnWhiteSite
7372,19,16
timeStep,numberOfRobotsOnBlackSite,numberOfRobotsOnWhiteSite
7373,19,16
timeStep,numberOfRobotsOnBlackSite,numberOfRobotsOnWhiteSite
7374,19,16
timeStep,numberOfRobotsOnBlackSite,numberOfRobotsOnWhiteSite
7375,19,16
timeStep,numberOfRobotsOnBlackSite,numberOfRobotsOnWhiteSite
7376,19,16
timeStep,numberOfRobotsOnBlackSite,numberOfRobotsOnWhiteSite
7377,19,16
timeStep,numberOfRobotsOnBlackSite,numberOfRobotsOnWhiteSite
7378,19,16
timeStep,numberOfRobotsOnBlackSite,numberOfRobotsOnWhiteSite
7379,19,16
timeStep,numberOfRobotsOnBlackSite,numberOfRobotsOnWhiteSite
7380,20,16
timeStep,numberOfRobotsOnBlackSite,numberOfRobotsOnWhiteSite
7381,20,16
timeStep,numberOfRobotsOnBlackSite,numberOfRobotsOnWhiteSite
7382,20,16
timeStep,numberOfRobotsOnBlackSite,numberOfRobotsOnWhiteSite
7383,20,16
timeStep,numberOfRobotsOnBlackSite,numberOfRobotsOnWhiteSite
7384,20,16
timeStep,numberOfRobotsOnBlackSite,numberOfRobotsOnWhiteSite
7385,19,16
timeStep,numberOfRobotsOnBlackSite,numberOfRobotsOnWhiteSite
7386,19,16
timeStep,numberOfRobotsOnBlackSite,numberOfRobotsOnWhiteSite
7387,19,16
timeStep,numberOfRobotsOnBlackSite,numberOfRobotsOnWhiteSite
7388,19,16
timeStep,numberOfRobotsOnBlackSite,numberOfRobotsOnWhiteSite
7389,19,16
timeStep,numberOfRobotsOnBlackSite,numberOfRobotsOnWhiteSite
7390,19,16
timeStep,numberOfRobotsOnBlackSite,numberOfRobotsOnWhiteSite
7391,19,16
timeStep,numberOfRobotsOnBlackSite,numberOfRobotsOnWhiteSite
7392,19,16
timeStep,numberOfRobotsOnBlackSite,numberOfRobotsOnWhiteSite
7393,19,16
timeStep,numberOfRobotsOnBlackSite,numberOfRobotsOnWhiteSite
7394,19,16
timeStep,numberOfRobotsOnBlackSite,numberOfRobotsOnWhiteSite
7395,19,16
timeStep,numberOfRobotsOnBlackSite,numberOfRobotsOnWhiteSite
7396,19,16
timeStep,numberOfRobotsOnBlackSite,numberOfRobotsOnWhiteSite
7397,19,16
timeStep,numberOfRobotsOnBlackSite,numberOfRobotsOnWhiteSite
7398,19,16
timeStep,numberOfRobotsOnBlackSite,numberOfRobotsOnWhiteSite
7399,19,16
timeStep,numberOfRobotsOnBlackSite,numberOfRobotsOnWhiteSite
7400,19,16
timeStep,numberOfRobotsOnBlackSite,numberOfRobotsOnWhiteSite
7401,19,16
timeStep,numberOfRobotsOnBlackSite,numberOfRobotsOnWhiteSite
7402,19,16
timeStep,numberOfRobotsOnBlackSite,numberOfRobotsOnWhiteSite
7403,19,16
timeStep,numberOfRobotsOnBlackSite,numberOfRobotsOnWhiteSite
7404,19,16
timeStep,numberOfRobotsOnBlackSite,numberOfRobotsOnWhiteSite
7405,19,16
timeStep,numberOfRobotsOnBlackSite,numberOfRobotsOnWhiteSite
7406,19,16
timeStep,numberOfRobotsOnBlackSite,numberOfRobotsOnWhiteSite
7407,19,16
timeStep,numberOfRobotsOnBlackSite,numberOfRobotsOnWhiteSite
7408,19,16
timeStep,numberOfRobotsOnBlackSite,numberOfRobotsOnWhiteSite
7409,19,16
timeStep,numberOfRobotsOnBlackSite,numberOfRobotsOnWhiteSite
7410,19,16
timeStep,numberOfRobotsOnBlackSite,numberOfRobotsOnWhiteSite
7411,19,16
timeStep,numberOfRobotsOnBlackSite,numberOfRobotsOnWhiteSite
7412,19,16
timeStep,numberOfRobotsOnBlackSite,numberOfRobotsOnWhiteSite
7413,19,16
timeStep,numberOfRobotsOnBlackSite,numberOfRobotsOnWhiteSite
7414,19,16
timeStep,numberOfRobotsOnBlackSite,numberOfRobotsOnWhiteSite
7415,19,16
timeStep,numberOfRobotsOnBlackSite,numberOfRobotsOnWhiteSite
7416,19,16
timeStep,numberOfRobotsOnBlackSite,numberOfRobotsOnWhiteSite
7417,19,16
timeStep,numberOfRobotsOnBlackSite,numberOfRobotsOnWhiteSite
7418,19,16
timeStep,numberOfRobotsOnBlackSite,numberOfRobotsOnWhiteSite
7419,19,16
timeStep,numberOfRobotsOnBlackSite,numberOfRobotsOnWhiteSite
7420,19,16
timeStep,numberOfRobotsOnBlackSite,numberOfRobotsOnWhiteSite
7421,19,16
timeStep,numberOfRobotsOnBlackSite,numberOfRobotsOnWhiteSite
7422,19,16
timeStep,numberOfRobotsOnBlackSite,numberOfRobotsOnWhiteSite
7423,19,16
timeStep,numberOfRobotsOnBlackSite,numberOfRobotsOnWhiteSite
7424,19,16
timeStep,numberOfRobotsOnBlackSite,numberOfRobotsOnWhiteSite
7425,19,16
timeStep,numberOfRobotsOnBlackSite,numberOfRobotsOnWhiteSite
7426,19,16
timeStep,numberOfRobotsOnBlackSite,numberOfRobotsOnWhiteSite
7427,19,16
timeStep,numberOfRobotsOnBlackSite,numberOfRobotsOnWhiteSite
7428,19,16
timeStep,numberOfRobotsOnBlackSite,numberOfRobotsOnWhiteSite
7429,19,16
timeStep,numberOfRobotsOnBlackSite,numberOfRobotsOnWhiteSite
7430,19,16
timeStep,numberOfRobotsOnBlackSite,numberOfRobotsOnWhiteSite
7431,19,16
timeStep,numberOfRobotsOnBlackSite,numberOfRobotsOnWhiteSite
7432,19,16
timeStep,numberOfRobotsOnBlackSite,numberOfRobotsOnWhiteSite
7433,19,16
timeStep,numberOfRobotsOnBlackSite,numberOfRobotsOnWhiteSite
7434,19,16
timeStep,numberOfRobotsOnBlackSite,numberOfRobotsOnWhiteSite
7435,19,16
timeStep,numberOfRobotsOnBlackSite,numberOfRobotsOnWhiteSite
7436,19,16
timeStep,numberOfRobotsOnBlackSite,numberOfRobotsOnWhiteSite
7437,19,16
timeStep,numberOfRobotsOnBlackSite,numberOfRobotsOnWhiteSite
7438,19,16
timeStep,numberOfRobotsOnBlackSite,numberOfRobotsOnWhiteSite
7439,19,16
timeStep,numberOfRobotsOnBlackSite,numberOfRobotsOnWhiteSite
7440,19,16
timeStep,numberOfRobotsOnBlackSite,numberOfRobotsOnWhiteSite
7441,19,16
timeStep,numberOfRobotsOnBlackSite,numberOfRobotsOnWhiteSite
7442,19,16
timeStep,numberOfRobotsOnBlackSite,numberOfRobotsOnWhiteSite
7443,19,16
timeStep,numberOfRobotsOnBlackSite,numberOfRobotsOnWhiteSite
7444,19,16
timeStep,numberOfRobotsOnBlackSite,numberOfRobotsOnWhiteSite
7445,19,16
timeStep,numberOfRobotsOnBlackSite,numberOfRobotsOnWhiteSite
7446,19,16
timeStep,numberOfRobotsOnBlackSite,numberOfRobotsOnWhiteSite
7447,19,16
timeStep,numberOfRobotsOnBlackSite,numberOfRobotsOnWhiteSite
7448,19,16
timeStep,numberOfRobotsOnBlackSite,numberOfRobotsOnWhiteSite
7449,19,16
timeStep,numberOfRobotsOnBlackSite,numberOfRobotsOnWhiteSite
7450,19,16
timeStep,numberOfRobotsOnBlackSite,numberOfRobotsOnWhiteSite
7451,19,16
timeStep,numberOfRobotsOnBlackSite,numberOfRobotsOnWhiteSite
7452,19,16
timeStep,numberOfRobotsOnBlackSite,numberOfRobotsOnWhiteSite
7453,19,16
timeStep,numberOfRobotsOnBlackSite,numberOfRobotsOnWhiteSite
7454,19,16
timeStep,numberOfRobotsOnBlackSite,numberOfRobotsOnWhiteSite
7455,19,16
timeStep,numberOfRobotsOnBlackSite,numberOfRobotsOnWhiteSite
7456,19,16
timeStep,numberOfRobotsOnBlackSite,numberOfRobotsOnWhiteSite
7457,19,16
timeStep,numberOfRobotsOnBlackSite,numberOfRobotsOnWhiteSite
7458,19,16
timeStep,numberOfRobotsOnBlackSite,numberOfRobotsOnWhiteSite
7459,19,16
timeStep,numberOfRobotsOnBlackSite,numberOfRobotsOnWhiteSite
7460,20,16
timeStep,numberOfRobotsOnBlackSite,numberOfRobotsOnWhiteSite
7461,20,16
timeStep,numberOfRobotsOnBlackSite,numberOfRobotsOnWhiteSite
7462,20,16
timeStep,numberOfRobotsOnBlackSite,numberOfRobotsOnWhiteSite
7463,20,16
timeStep,numberOfRobotsOnBlackSite,numberOfRobotsOnWhiteSite
7464,20,16
timeStep,numberOfRobotsOnBlackSite,numberOfRobotsOnWhiteSite
7465,20,16
timeStep,numberOfRobotsOnBlackSite,numberOfRobotsOnWhiteSite
7466,20,16
timeStep,numberOfRobotsOnBlackSite,numberOfRobotsOnWhiteSite
7467,20,16
timeStep,numberOfRobotsOnBlackSite,numberOfRobotsOnWhiteSite
7468,20,16
timeStep,numberOfRobotsOnBlackSite,numberOfRobotsOnWhiteSite
7469,20,16
timeStep,numberOfRobotsOnBlackSite,numberOfRobotsOnWhiteSite
7470,20,15
timeStep,numberOfRobotsOnBlackSite,numberOfRobotsOnWhiteSite
7471,20,15
timeStep,numberOfRobotsOnBlackSite,numberOfRobotsOnWhiteSite
7472,20,15
timeStep,numberOfRobotsOnBlackSite,numberOfRobotsOnWhiteSite
7473,20,15
timeStep,numberOfRobotsOnBlackSite,numberOfRobotsOnWhiteSite
7474,20,15
timeStep,numberOfRobotsOnBlackSite,numberOfRobotsOnWhiteSite
7475,20,15
timeStep,numberOfRobotsOnBlackSite,numberOfRobotsOnWhiteSite
7476,20,15
timeStep,numberOfRobotsOnBlackSite,numberOfRobotsOnWhiteSite
7477,20,15
timeStep,numberOfRobotsOnBlackSite,numberOfRobotsOnWhiteSite
7478,20,15
timeStep,numberOfRobotsOnBlackSite,numberOfRobotsOnWhiteSite
7479,20,15
timeStep,numberOfRobotsOnBlackSite,numberOfRobotsOnWhiteSite
7480,20,15
timeStep,numberOfRobotsOnBlackSite,numberOfRobotsOnWhiteSite
7481,20,15
timeStep,numberOfRobotsOnBlackSite,numberOfRobotsOnWhiteSite
7482,20,15
timeStep,numberOfRobotsOnBlackSite,numberOfRobotsOnWhiteSite
7483,20,15
timeStep,numberOfRobotsOnBlackSite,numberOfRobotsOnWhiteSite
7484,20,15
timeStep,numberOfRobotsOnBlackSite,numberOfRobotsOnWhiteSite
7485,20,15
timeStep,numberOfRobotsOnBlackSite,numberOfRobotsOnWhiteSite
7486,20,15
timeStep,numberOfRobotsOnBlackSite,numberOfRobotsOnWhiteSite
7487,20,15
timeStep,numberOfRobotsOnBlackSite,numberOfRobotsOnWhiteSite
7488,20,15
timeStep,numberOfRobotsOnBlackSite,numberOfRobotsOnWhiteSite
7489,20,15
timeStep,numberOfRobotsOnBlackSite,numberOfRobotsOnWhiteSite
7490,20,15
timeStep,numberOfRobotsOnBlackSite,numberOfRobotsOnWhiteSite
7491,20,15
timeStep,numberOfRobotsOnBlackSite,numberOfRobotsOnWhiteSite
7492,20,15
timeStep,numberOfRobotsOnBlackSite,numberOfRobotsOnWhiteSite
7493,20,15
timeStep,numberOfRobotsOnBlackSite,numberOfRobotsOnWhiteSite
7494,20,15
timeStep,numberOfRobotsOnBlackSite,numberOfRobotsOnWhiteSite
7495,20,15
timeStep,numberOfRobotsOnBlackSite,numberOfRobotsOnWhiteSite
7496,20,15
timeStep,numberOfRobotsOnBlackSite,numberOfRobotsOnWhiteSite
7497,20,15
timeStep,numberOfRobotsOnBlackSite,numberOfRobotsOnWhiteSite
7498,20,15
timeStep,numberOfRobotsOnBlackSite,numberOfRobotsOnWhiteSite
7499,20,15
timeStep,numberOfRobotsOnBlackSite,numberOfRobotsOnWhiteSite
7500,20,15
timeStep,numberOfRobotsOnBlackSite,numberOfRobotsOnWhiteSite
7501,20,15
timeStep,numberOfRobotsOnBlackSite,numberOfRobotsOnWhiteSite
7502,20,15
timeStep,numberOfRobotsOnBlackSite,numberOfRobotsOnWhiteSite
7503,20,15
timeStep,numberOfRobotsOnBlackSite,numberOfRobotsOnWhiteSite
7504,20,15
timeStep,numberOfRobotsOnBlackSite,numberOfRobotsOnWhiteSite
7505,20,15
timeStep,numberOfRobotsOnBlackSite,numberOfRobotsOnWhiteSite
7506,20,15
timeStep,numberOfRobotsOnBlackSite,numberOfRobotsOnWhiteSite
7507,20,15
timeStep,numberOfRobotsOnBlackSite,numberOfRobotsOnWhiteSite
7508,20,15
timeStep,numberOfRobotsOnBlackSite,numberOfRobotsOnWhiteSite
7509,20,15
timeStep,numberOfRobotsOnBlackSite,numberOfRobotsOnWhiteSite
7510,19,15
timeStep,numberOfRobotsOnBlackSite,numberOfRobotsOnWhiteSite
7511,19,15
timeStep,numberOfRobotsOnBlackSite,numberOfRobotsOnWhiteSite
7512,19,15
timeStep,numberOfRobotsOnBlackSite,numberOfRobotsOnWhiteSite
7513,19,15
timeStep,numberOfRobotsOnBlackSite,numberOfRobotsOnWhiteSite
7514,19,15
timeStep,numberOfRobotsOnBlackSite,numberOfRobotsOnWhiteSite
7515,19,15
timeStep,numberOfRobotsOnBlackSite,numberOfRobotsOnWhiteSite
7516,19,15
timeStep,numberOfRobotsOnBlackSite,numberOfRobotsOnWhiteSite
7517,19,15
timeStep,numberOfRobotsOnBlackSite,numberOfRobotsOnWhiteSite
7518,19,15
timeStep,numberOfRobotsOnBlackSite,numberOfRobotsOnWhiteSite
7519,19,15
timeStep,numberOfRobotsOnBlackSite,numberOfRobotsOnWhiteSite
7520,19,15
timeStep,numberOfRobotsOnBlackSite,numberOfRobotsOnWhiteSite
7521,19,15
timeStep,numberOfRobotsOnBlackSite,numberOfRobotsOnWhiteSite
7522,19,15
timeStep,numberOfRobotsOnBlackSite,numberOfRobotsOnWhiteSite
7523,19,15
timeStep,numberOfRobotsOnBlackSite,numberOfRobotsOnWhiteSite
7524,19,15
timeStep,numberOfRobotsOnBlackSite,numberOfRobotsOnWhiteSite
7525,19,15
timeStep,numberOfRobotsOnBlackSite,numberOfRobotsOnWhiteSite
7526,19,15
timeStep,numberOfRobotsOnBlackSite,numberOfRobotsOnWhiteSite
7527,19,15
timeStep,numberOfRobotsOnBlackSite,numberOfRobotsOnWhiteSite
7528,19,15
timeStep,numberOfRobotsOnBlackSite,numberOfRobotsOnWhiteSite
7529,19,15
timeStep,numberOfRobotsOnBlackSite,numberOfRobotsOnWhiteSite
7530,19,15
timeStep,numberOfRobotsOnBlackSite,numberOfRobotsOnWhiteSite
7531,19,15
timeStep,numberOfRobotsOnBlackSite,numberOfRobotsOnWhiteSite
7532,19,15
timeStep,numberOfRobotsOnBlackSite,numberOfRobotsOnWhiteSite
7533,19,15
timeStep,numberOfRobotsOnBlackSite,numberOfRobotsOnWhiteSite
7534,19,15
timeStep,numberOfRobotsOnBlackSite,numberOfRobotsOnWhiteSite
7535,19,15
timeStep,numberOfRobotsOnBlackSite,numberOfRobotsOnWhiteSite
7536,19,15
timeStep,numberOfRobotsOnBlackSite,numberOfRobotsOnWhiteSite
7537,19,15
timeStep,numberOfRobotsOnBlackSite,numberOfRobotsOnWhiteSite
7538,19,15
timeStep,numberOfRobotsOnBlackSite,numberOfRobotsOnWhiteSite
7539,19,15
timeStep,numberOfRobotsOnBlackSite,numberOfRobotsOnWhiteSite
7540,19,15
timeStep,numberOfRobotsOnBlackSite,numberOfRobotsOnWhiteSite
7541,19,15
timeStep,numberOfRobotsOnBlackSite,numberOfRobotsOnWhiteSite
7542,19,15
timeStep,numberOfRobotsOnBlackSite,numberOfRobotsOnWhiteSite
7543,19,15
timeStep,numberOfRobotsOnBlackSite,numberOfRobotsOnWhiteSite
7544,19,15
timeStep,numberOfRobotsOnBlackSite,numberOfRobotsOnWhiteSite
7545,19,15
timeStep,numberOfRobotsOnBlackSite,numberOfRobotsOnWhiteSite
7546,19,15
timeStep,numberOfRobotsOnBlackSite,numberOfRobotsOnWhiteSite
7547,19,15
timeStep,numberOfRobotsOnBlackSite,numberOfRobotsOnWhiteSite
7548,19,15
timeStep,numberOfRobotsOnBlackSite,numberOfRobotsOnWhiteSite
7549,19,15
timeStep,numberOfRobotsOnBlackSite,numberOfRobotsOnWhiteSite
7550,19,15
timeStep,numberOfRobotsOnBlackSite,numberOfRobotsOnWhiteSite
7551,19,15
timeStep,numberOfRobotsOnBlackSite,numberOfRobotsOnWhiteSite
7552,19,15
timeStep,numberOfRobotsOnBlackSite,numberOfRobotsOnWhiteSite
7553,19,15
timeStep,numberOfRobotsOnBlackSite,numberOfRobotsOnWhiteSite
7554,19,15
timeStep,numberOfRobotsOnBlackSite,numberOfRobotsOnWhiteSite
7555,19,16
timeStep,numberOfRobotsOnBlackSite,numberOfRobotsOnWhiteSite
7556,19,16
timeStep,numberOfRobotsOnBlackSite,numberOfRobotsOnWhiteSite
7557,19,16
timeStep,numberOfRobotsOnBlackSite,numberOfRobotsOnWhiteSite
7558,19,16
timeStep,numberOfRobotsOnBlackSite,numberOfRobotsOnWhiteSite
7559,19,16
timeStep,numberOfRobotsOnBlackSite,numberOfRobotsOnWhiteSite
7560,19,16
timeStep,numberOfRobotsOnBlackSite,numberOfRobotsOnWhiteSite
7561,19,16
timeStep,numberOfRobotsOnBlackSite,numberOfRobotsOnWhiteSite
7562,19,16
timeStep,numberOfRobotsOnBlackSite,numberOfRobotsOnWhiteSite
7563,19,16
timeStep,numberOfRobotsOnBlackSite,numberOfRobotsOnWhiteSite
7564,19,16
timeStep,numberOfRobotsOnBlackSite,numberOfRobotsOnWhiteSite
7565,20,16
timeStep,numberOfRobotsOnBlackSite,numberOfRobotsOnWhiteSite
7566,20,16
timeStep,numberOfRobotsOnBlackSite,numberOfRobotsOnWhiteSite
7567,20,16
timeStep,numberOfRobotsOnBlackSite,numberOfRobotsOnWhiteSite
7568,20,16
timeStep,numberOfRobotsOnBlackSite,numberOfRobotsOnWhiteSite
7569,20,16
timeStep,numberOfRobotsOnBlackSite,numberOfRobotsOnWhiteSite
7570,20,16
timeStep,numberOfRobotsOnBlackSite,numberOfRobotsOnWhiteSite
7571,20,16
timeStep,numberOfRobotsOnBlackSite,numberOfRobotsOnWhiteSite
7572,20,16
timeStep,numberOfRobotsOnBlackSite,numberOfRobotsOnWhiteSite
7573,20,16
timeStep,numberOfRobotsOnBlackSite,numberOfRobotsOnWhiteSite
7574,20,16
timeStep,numberOfRobotsOnBlackSite,numberOfRobotsOnWhiteSite
7575,20,16
timeStep,numberOfRobotsOnBlackSite,numberOfRobotsOnWhiteSite
7576,20,16
timeStep,numberOfRobotsOnBlackSite,numberOfRobotsOnWhiteSite
7577,20,16
timeStep,numberOfRobotsOnBlackSite,numberOfRobotsOnWhiteSite
7578,20,16
timeStep,numberOfRobotsOnBlackSite,numberOfRobotsOnWhiteSite
7579,20,16
timeStep,numberOfRobotsOnBlackSite,numberOfRobotsOnWhiteSite
7580,20,16
timeStep,numberOfRobotsOnBlackSite,numberOfRobotsOnWhiteSite
7581,20,16
timeStep,numberOfRobotsOnBlackSite,numberOfRobotsOnWhiteSite
7582,20,16
timeStep,numberOfRobotsOnBlackSite,numberOfRobotsOnWhiteSite
7583,20,16
timeStep,numberOfRobotsOnBlackSite,numberOfRobotsOnWhiteSite
7584,20,16
timeStep,numberOfRobotsOnBlackSite,numberOfRobotsOnWhiteSite
7585,20,16
timeStep,numberOfRobotsOnBlackSite,numberOfRobotsOnWhiteSite
7586,20,16
timeStep,numberOfRobotsOnBlackSite,numberOfRobotsOnWhiteSite
7587,20,16
timeStep,numberOfRobotsOnBlackSite,numberOfRobotsOnWhiteSite
7588,20,16
timeStep,numberOfRobotsOnBlackSite,numberOfRobotsOnWhiteSite
7589,20,16
timeStep,numberOfRobotsOnBlackSite,numberOfRobotsOnWhiteSite
7590,20,16
timeStep,numberOfRobotsOnBlackSite,numberOfRobotsOnWhiteSite
7591,20,16
timeStep,numberOfRobotsOnBlackSite,numberOfRobotsOnWhiteSite
7592,20,16
timeStep,numberOfRobotsOnBlackSite,numberOfRobotsOnWhiteSite
7593,20,16
timeStep,numberOfRobotsOnBlackSite,numberOfRobotsOnWhiteSite
7594,20,16
timeStep,numberOfRobotsOnBlackSite,numberOfRobotsOnWhiteSite
7595,20,16
timeStep,numberOfRobotsOnBlackSite,numberOfRobotsOnWhiteSite
7596,20,16
timeStep,numberOfRobotsOnBlackSite,numberOfRobotsOnWhiteSite
7597,20,16
timeStep,numberOfRobotsOnBlackSite,numberOfRobotsOnWhiteSite
7598,20,16
timeStep,numberOfRobotsOnBlackSite,numberOfRobotsOnWhiteSite
7599,20,16
timeStep,numberOfRobotsOnBlackSite,numberOfRobotsOnWhiteSite
7600,20,16
timeStep,numberOfRobotsOnBlackSite,numberOfRobotsOnWhiteSite
7601,20,16
timeStep,numberOfRobotsOnBlackSite,numberOfRobotsOnWhiteSite
7602,20,16
timeStep,numberOfRobotsOnBlackSite,numberOfRobotsOnWhiteSite
7603,20,16
timeStep,numberOfRobotsOnBlackSite,numberOfRobotsOnWhiteSite
7604,20,16
timeStep,numberOfRobotsOnBlackSite,numberOfRobotsOnWhiteSite
7605,20,16
timeStep,numberOfRobotsOnBlackSite,numberOfRobotsOnWhiteSite
7606,20,16
timeStep,numberOfRobotsOnBlackSite,numberOfRobotsOnWhiteSite
7607,20,16
timeStep,numberOfRobotsOnBlackSite,numberOfRobotsOnWhiteSite
7608,20,16
timeStep,numberOfRobotsOnBlackSite,numberOfRobotsOnWhiteSite
7609,20,16
timeStep,numberOfRobotsOnBlackSite,numberOfRobotsOnWhiteSite
7610,20,16
timeStep,numberOfRobotsOnBlackSite,numberOfRobotsOnWhiteSite
7611,20,16
timeStep,numberOfRobotsOnBlackSite,numberOfRobotsOnWhiteSite
7612,20,16
timeStep,numberOfRobotsOnBlackSite,numberOfRobotsOnWhiteSite
7613,20,16
timeStep,numberOfRobotsOnBlackSite,numberOfRobotsOnWhiteSite
7614,20,16
timeStep,numberOfRobotsOnBlackSite,numberOfRobotsOnWhiteSite
7615,20,16
timeStep,numberOfRobotsOnBlackSite,numberOfRobotsOnWhiteSite
7616,20,16
timeStep,numberOfRobotsOnBlackSite,numberOfRobotsOnWhiteSite
7617,20,16
timeStep,numberOfRobotsOnBlackSite,numberOfRobotsOnWhiteSite
7618,20,16
timeStep,numberOfRobotsOnBlackSite,numberOfRobotsOnWhiteSite
7619,20,16
timeStep,numberOfRobotsOnBlackSite,numberOfRobotsOnWhiteSite
7620,18,16
timeStep,numberOfRobotsOnBlackSite,numberOfRobotsOnWhiteSite
7621,18,16
timeStep,numberOfRobotsOnBlackSite,numberOfRobotsOnWhiteSite
7622,18,16
timeStep,numberOfRobotsOnBlackSite,numberOfRobotsOnWhiteSite
7623,18,16
timeStep,numberOfRobotsOnBlackSite,numberOfRobotsOnWhiteSite
7624,18,16
timeStep,numberOfRobotsOnBlackSite,numberOfRobotsOnWhiteSite
7625,18,16
timeStep,numberOfRobotsOnBlackSite,numberOfRobotsOnWhiteSite
7626,18,16
timeStep,numberOfRobotsOnBlackSite,numberOfRobotsOnWhiteSite
7627,18,16
timeStep,numberOfRobotsOnBlackSite,numberOfRobotsOnWhiteSite
7628,18,16
timeStep,numberOfRobotsOnBlackSite,numberOfRobotsOnWhiteSite
7629,18,16
timeStep,numberOfRobotsOnBlackSite,numberOfRobotsOnWhiteSite
7630,18,16
timeStep,numberOfRobotsOnBlackSite,numberOfRobotsOnWhiteSite
7631,18,16
timeStep,numberOfRobotsOnBlackSite,numberOfRobotsOnWhiteSite
7632,18,16
timeStep,numberOfRobotsOnBlackSite,numberOfRobotsOnWhiteSite
7633,18,16
timeStep,numberOfRobotsOnBlackSite,numberOfRobotsOnWhiteSite
7634,18,16
timeStep,numberOfRobotsOnBlackSite,numberOfRobotsOnWhiteSite
7635,18,16
timeStep,numberOfRobotsOnBlackSite,numberOfRobotsOnWhiteSite
7636,18,16
timeStep,numberOfRobotsOnBlackSite,numberOfRobotsOnWhiteSite
7637,18,16
timeStep,numberOfRobotsOnBlackSite,numberOfRobotsOnWhiteSite
7638,18,16
timeStep,numberOfRobotsOnBlackSite,numberOfRobotsOnWhiteSite
7639,18,16
timeStep,numberOfRobotsOnBlackSite,numberOfRobotsOnWhiteSite
7640,18,16
timeStep,numberOfRobotsOnBlackSite,numberOfRobotsOnWhiteSite
7641,18,16
timeStep,numberOfRobotsOnBlackSite,numberOfRobotsOnWhiteSite
7642,18,16
timeStep,numberOfRobotsOnBlackSite,numberOfRobotsOnWhiteSite
7643,18,16
timeStep,numberOfRobotsOnBlackSite,numberOfRobotsOnWhiteSite
7644,18,16
timeStep,numberOfRobotsOnBlackSite,numberOfRobotsOnWhiteSite
7645,18,16
timeStep,numberOfRobotsOnBlackSite,numberOfRobotsOnWhiteSite
7646,18,16
timeStep,numberOfRobotsOnBlackSite,numberOfRobotsOnWhiteSite
7647,18,16
timeStep,numberOfRobotsOnBlackSite,numberOfRobotsOnWhiteSite
7648,18,16
timeStep,numberOfRobotsOnBlackSite,numberOfRobotsOnWhiteSite
7649,18,16
timeStep,numberOfRobotsOnBlackSite,numberOfRobotsOnWhiteSite
7650,18,16
timeStep,numberOfRobotsOnBlackSite,numberOfRobotsOnWhiteSite
7651,18,16
timeStep,numberOfRobotsOnBlackSite,numberOfRobotsOnWhiteSite
7652,18,16
timeStep,numberOfRobotsOnBlackSite,numberOfRobotsOnWhiteSite
7653,18,16
timeStep,numberOfRobotsOnBlackSite,numberOfRobotsOnWhiteSite
7654,18,16
timeStep,numberOfRobotsOnBlackSite,numberOfRobotsOnWhiteSite
7655,18,16
timeStep,numberOfRobotsOnBlackSite,numberOfRobotsOnWhiteSite
7656,18,16
timeStep,numberOfRobotsOnBlackSite,numberOfRobotsOnWhiteSite
7657,18,16
timeStep,numberOfRobotsOnBlackSite,numberOfRobotsOnWhiteSite
7658,18,16
timeStep,numberOfRobotsOnBlackSite,numberOfRobotsOnWhiteSite
7659,18,16
timeStep,numberOfRobotsOnBlackSite,numberOfRobotsOnWhiteSite
7660,18,16
timeStep,numberOfRobotsOnBlackSite,numberOfRobotsOnWhiteSite
7661,18,16
timeStep,numberOfRobotsOnBlackSite,numberOfRobotsOnWhiteSite
7662,18,16
timeStep,numberOfRobotsOnBlackSite,numberOfRobotsOnWhiteSite
7663,18,16
timeStep,numberOfRobotsOnBlackSite,numberOfRobotsOnWhiteSite
7664,18,16
timeStep,numberOfRobotsOnBlackSite,numberOfRobotsOnWhiteSite
7665,18,16
timeStep,numberOfRobotsOnBlackSite,numberOfRobotsOnWhiteSite
7666,18,16
timeStep,numberOfRobotsOnBlackSite,numberOfRobotsOnWhiteSite
7667,18,16
timeStep,numberOfRobotsOnBlackSite,numberOfRobotsOnWhiteSite
7668,18,16
timeStep,numberOfRobotsOnBlackSite,numberOfRobotsOnWhiteSite
7669,18,16
timeStep,numberOfRobotsOnBlackSite,numberOfRobotsOnWhiteSite
7670,19,16
timeStep,numberOfRobotsOnBlackSite,numberOfRobotsOnWhiteSite
7671,19,16
timeStep,numberOfRobotsOnBlackSite,numberOfRobotsOnWhiteSite
7672,19,16
timeStep,numberOfRobotsOnBlackSite,numberOfRobotsOnWhiteSite
7673,19,16
timeStep,numberOfRobotsOnBlackSite,numberOfRobotsOnWhiteSite
7674,19,16
timeStep,numberOfRobotsOnBlackSite,numberOfRobotsOnWhiteSite
7675,19,16
timeStep,numberOfRobotsOnBlackSite,numberOfRobotsOnWhiteSite
7676,19,16
timeStep,numberOfRobotsOnBlackSite,numberOfRobotsOnWhiteSite
7677,19,16
timeStep,numberOfRobotsOnBlackSite,numberOfRobotsOnWhiteSite
7678,19,16
timeStep,numberOfRobotsOnBlackSite,numberOfRobotsOnWhiteSite
7679,19,16
timeStep,numberOfRobotsOnBlackSite,numberOfRobotsOnWhiteSite
7680,19,16
timeStep,numberOfRobotsOnBlackSite,numberOfRobotsOnWhiteSite
7681,19,16
timeStep,numberOfRobotsOnBlackSite,numberOfRobotsOnWhiteSite
7682,19,16
timeStep,numberOfRobotsOnBlackSite,numberOfRobotsOnWhiteSite
7683,19,16
timeStep,numberOfRobotsOnBlackSite,numberOfRobotsOnWhiteSite
7684,19,16
timeStep,numberOfRobotsOnBlackSite,numberOfRobotsOnWhiteSite
7685,20,16
timeStep,numberOfRobotsOnBlackSite,numberOfRobotsOnWhiteSite
7686,20,16
timeStep,numberOfRobotsOnBlackSite,numberOfRobotsOnWhiteSite
7687,20,16
timeStep,numberOfRobotsOnBlackSite,numberOfRobotsOnWhiteSite
7688,20,16
timeStep,numberOfRobotsOnBlackSite,numberOfRobotsOnWhiteSite
7689,20,16
timeStep,numberOfRobotsOnBlackSite,numberOfRobotsOnWhiteSite
7690,21,16
timeStep,numberOfRobotsOnBlackSite,numberOfRobotsOnWhiteSite
7691,21,16
timeStep,numberOfRobotsOnBlackSite,numberOfRobotsOnWhiteSite
7692,21,16
timeStep,numberOfRobotsOnBlackSite,numberOfRobotsOnWhiteSite
7693,21,16
timeStep,numberOfRobotsOnBlackSite,numberOfRobotsOnWhiteSite
7694,21,16
timeStep,numberOfRobotsOnBlackSite,numberOfRobotsOnWhiteSite
7695,21,16
timeStep,numberOfRobotsOnBlackSite,numberOfRobotsOnWhiteSite
7696,21,16
timeStep,numberOfRobotsOnBlackSite,numberOfRobotsOnWhiteSite
7697,21,16
timeStep,numberOfRobotsOnBlackSite,numberOfRobotsOnWhiteSite
7698,21,16
timeStep,numberOfRobotsOnBlackSite,numberOfRobotsOnWhiteSite
7699,21,16
timeStep,numberOfRobotsOnBlackSite,numberOfRobotsOnWhiteSite
7700,21,16
timeStep,numberOfRobotsOnBlackSite,numberOfRobotsOnWhiteSite
7701,21,16
timeStep,numberOfRobotsOnBlackSite,numberOfRobotsOnWhiteSite
7702,21,16
timeStep,numberOfRobotsOnBlackSite,numberOfRobotsOnWhiteSite
7703,21,16
timeStep,numberOfRobotsOnBlackSite,numberOfRobotsOnWhiteSite
7704,21,16
timeStep,numberOfRobotsOnBlackSite,numberOfRobotsOnWhiteSite
7705,21,16
timeStep,numberOfRobotsOnBlackSite,numberOfRobotsOnWhiteSite
7706,21,16
timeStep,numberOfRobotsOnBlackSite,numberOfRobotsOnWhiteSite
7707,21,16
timeStep,numberOfRobotsOnBlackSite,numberOfRobotsOnWhiteSite
7708,21,16
timeStep,numberOfRobotsOnBlackSite,numberOfRobotsOnWhiteSite
7709,21,16
timeStep,numberOfRobotsOnBlackSite,numberOfRobotsOnWhiteSite
7710,21,16
timeStep,numberOfRobotsOnBlackSite,numberOfRobotsOnWhiteSite
7711,21,16
timeStep,numberOfRobotsOnBlackSite,numberOfRobotsOnWhiteSite
7712,21,16
timeStep,numberOfRobotsOnBlackSite,numberOfRobotsOnWhiteSite
7713,21,16
timeStep,numberOfRobotsOnBlackSite,numberOfRobotsOnWhiteSite
7714,21,16
timeStep,numberOfRobotsOnBlackSite,numberOfRobotsOnWhiteSite
7715,20,16
timeStep,numberOfRobotsOnBlackSite,numberOfRobotsOnWhiteSite
7716,20,16
timeStep,numberOfRobotsOnBlackSite,numberOfRobotsOnWhiteSite
7717,20,16
timeStep,numberOfRobotsOnBlackSite,numberOfRobotsOnWhiteSite
7718,20,16
timeStep,numberOfRobotsOnBlackSite,numberOfRobotsOnWhiteSite
7719,20,16
timeStep,numberOfRobotsOnBlackSite,numberOfRobotsOnWhiteSite
7720,20,16
timeStep,numberOfRobotsOnBlackSite,numberOfRobotsOnWhiteSite
7721,20,16
timeStep,numberOfRobotsOnBlackSite,numberOfRobotsOnWhiteSite
7722,20,16
timeStep,numberOfRobotsOnBlackSite,numberOfRobotsOnWhiteSite
7723,20,16
timeStep,numberOfRobotsOnBlackSite,numberOfRobotsOnWhiteSite
7724,20,16
timeStep,numberOfRobotsOnBlackSite,numberOfRobotsOnWhiteSite
7725,20,16
timeStep,numberOfRobotsOnBlackSite,numberOfRobotsOnWhiteSite
7726,20,16
timeStep,numberOfRobotsOnBlackSite,numberOfRobotsOnWhiteSite
7727,20,16
timeStep,numberOfRobotsOnBlackSite,numberOfRobotsOnWhiteSite
7728,20,16
timeStep,numberOfRobotsOnBlackSite,numberOfRobotsOnWhiteSite
7729,20,16
timeStep,numberOfRobotsOnBlackSite,numberOfRobotsOnWhiteSite
7730,20,16
timeStep,numberOfRobotsOnBlackSite,numberOfRobotsOnWhiteSite
7731,20,16
timeStep,numberOfRobotsOnBlackSite,numberOfRobotsOnWhiteSite
7732,20,16
timeStep,numberOfRobotsOnBlackSite,numberOfRobotsOnWhiteSite
7733,20,16
timeStep,numberOfRobotsOnBlackSite,numberOfRobotsOnWhiteSite
7734,20,16
timeStep,numberOfRobotsOnBlackSite,numberOfRobotsOnWhiteSite
7735,20,16
timeStep,numberOfRobotsOnBlackSite,numberOfRobotsOnWhiteSite
7736,20,16
timeStep,numberOfRobotsOnBlackSite,numberOfRobotsOnWhiteSite
7737,20,16
timeStep,numberOfRobotsOnBlackSite,numberOfRobotsOnWhiteSite
7738,20,16
timeStep,numberOfRobotsOnBlackSite,numberOfRobotsOnWhiteSite
7739,20,16
timeStep,numberOfRobotsOnBlackSite,numberOfRobotsOnWhiteSite
7740,20,16
timeStep,numberOfRobotsOnBlackSite,numberOfRobotsOnWhiteSite
7741,20,16
timeStep,numberOfRobotsOnBlackSite,numberOfRobotsOnWhiteSite
7742,20,16
timeStep,numberOfRobotsOnBlackSite,numberOfRobotsOnWhiteSite
7743,20,16
timeStep,numberOfRobotsOnBlackSite,numberOfRobotsOnWhiteSite
7744,20,16
timeStep,numberOfRobotsOnBlackSite,numberOfRobotsOnWhiteSite
7745,20,16
timeStep,numberOfRobotsOnBlackSite,numberOfRobotsOnWhiteSite
7746,20,16
timeStep,numberOfRobotsOnBlackSite,numberOfRobotsOnWhiteSite
7747,20,16
timeStep,numberOfRobotsOnBlackSite,numberOfRobotsOnWhiteSite
7748,20,16
timeStep,numberOfRobotsOnBlackSite,numberOfRobotsOnWhiteSite
7749,20,16
timeStep,numberOfRobotsOnBlackSite,numberOfRobotsOnWhiteSite
7750,20,16
timeStep,numberOfRobotsOnBlackSite,numberOfRobotsOnWhiteSite
7751,20,16
timeStep,numberOfRobotsOnBlackSite,numberOfRobotsOnWhiteSite
7752,20,16
timeStep,numberOfRobotsOnBlackSite,numberOfRobotsOnWhiteSite
7753,20,16
timeStep,numberOfRobotsOnBlackSite,numberOfRobotsOnWhiteSite
7754,20,16
timeStep,numberOfRobotsOnBlackSite,numberOfRobotsOnWhiteSite
7755,20,16
timeStep,numberOfRobotsOnBlackSite,numberOfRobotsOnWhiteSite
7756,20,16
timeStep,numberOfRobotsOnBlackSite,numberOfRobotsOnWhiteSite
7757,20,16
timeStep,numberOfRobotsOnBlackSite,numberOfRobotsOnWhiteSite
7758,20,16
timeStep,numberOfRobotsOnBlackSite,numberOfRobotsOnWhiteSite
7759,20,16
timeStep,numberOfRobotsOnBlackSite,numberOfRobotsOnWhiteSite
7760,20,16
timeStep,numberOfRobotsOnBlackSite,numberOfRobotsOnWhiteSite
7761,20,16
timeStep,numberOfRobotsOnBlackSite,numberOfRobotsOnWhiteSite
7762,20,16
timeStep,numberOfRobotsOnBlackSite,numberOfRobotsOnWhiteSite
7763,20,16
timeStep,numberOfRobotsOnBlackSite,numberOfRobotsOnWhiteSite
7764,20,16
timeStep,numberOfRobotsOnBlackSite,numberOfRobotsOnWhiteSite
7765,20,16
timeStep,numberOfRobotsOnBlackSite,numberOfRobotsOnWhiteSite
7766,20,16
timeStep,numberOfRobotsOnBlackSite,numberOfRobotsOnWhiteSite
7767,20,16
timeStep,numberOfRobotsOnBlackSite,numberOfRobotsOnWhiteSite
7768,20,16
timeStep,numberOfRobotsOnBlackSite,numberOfRobotsOnWhiteSite
7769,20,16
timeStep,numberOfRobotsOnBlackSite,numberOfRobotsOnWhiteSite
7770,20,16
timeStep,numberOfRobotsOnBlackSite,numberOfRobotsOnWhiteSite
7771,20,16
timeStep,numberOfRobotsOnBlackSite,numberOfRobotsOnWhiteSite
7772,20,16
timeStep,numberOfRobotsOnBlackSite,numberOfRobotsOnWhiteSite
7773,20,16
timeStep,numberOfRobotsOnBlackSite,numberOfRobotsOnWhiteSite
7774,20,16
timeStep,numberOfRobotsOnBlackSite,numberOfRobotsOnWhiteSite
7775,20,16
timeStep,numberOfRobotsOnBlackSite,numberOfRobotsOnWhiteSite
7776,20,16
timeStep,numberOfRobotsOnBlackSite,numberOfRobotsOnWhiteSite
7777,20,16
timeStep,numberOfRobotsOnBlackSite,numberOfRobotsOnWhiteSite
7778,20,16
timeStep,numberOfRobotsOnBlackSite,numberOfRobotsOnWhiteSite
7779,20,16
timeStep,numberOfRobotsOnBlackSite,numberOfRobotsOnWhiteSite
7780,20,16
timeStep,numberOfRobotsOnBlackSite,numberOfRobotsOnWhiteSite
7781,20,16
timeStep,numberOfRobotsOnBlackSite,numberOfRobotsOnWhiteSite
7782,20,16
timeStep,numberOfRobotsOnBlackSite,numberOfRobotsOnWhiteSite
7783,20,16
timeStep,numberOfRobotsOnBlackSite,numberOfRobotsOnWhiteSite
7784,20,16
timeStep,numberOfRobotsOnBlackSite,numberOfRobotsOnWhiteSite
7785,20,16
timeStep,numberOfRobotsOnBlackSite,numberOfRobotsOnWhiteSite
7786,20,16
timeStep,numberOfRobotsOnBlackSite,numberOfRobotsOnWhiteSite
7787,20,16
timeStep,numberOfRobotsOnBlackSite,numberOfRobotsOnWhiteSite
7788,20,16
timeStep,numberOfRobotsOnBlackSite,numberOfRobotsOnWhiteSite
7789,20,16
timeStep,numberOfRobotsOnBlackSite,numberOfRobotsOnWhiteSite
7790,20,16
timeStep,numberOfRobotsOnBlackSite,numberOfRobotsOnWhiteSite
7791,20,16
timeStep,numberOfRobotsOnBlackSite,numberOfRobotsOnWhiteSite
7792,20,16
timeStep,numberOfRobotsOnBlackSite,numberOfRobotsOnWhiteSite
7793,20,16
timeStep,numberOfRobotsOnBlackSite,numberOfRobotsOnWhiteSite
7794,20,16
timeStep,numberOfRobotsOnBlackSite,numberOfRobotsOnWhiteSite
7795,20,16
timeStep,numberOfRobotsOnBlackSite,numberOfRobotsOnWhiteSite
7796,20,16
timeStep,numberOfRobotsOnBlackSite,numberOfRobotsOnWhiteSite
7797,20,16
timeStep,numberOfRobotsOnBlackSite,numberOfRobotsOnWhiteSite
7798,20,16
timeStep,numberOfRobotsOnBlackSite,numberOfRobotsOnWhiteSite
7799,20,16
timeStep,numberOfRobotsOnBlackSite,numberOfRobotsOnWhiteSite
7800,20,16
timeStep,numberOfRobotsOnBlackSite,numberOfRobotsOnWhiteSite
7801,20,16
timeStep,numberOfRobotsOnBlackSite,numberOfRobotsOnWhiteSite
7802,20,16
timeStep,numberOfRobotsOnBlackSite,numberOfRobotsOnWhiteSite
7803,20,16
timeStep,numberOfRobotsOnBlackSite,numberOfRobotsOnWhiteSite
7804,20,16
timeStep,numberOfRobotsOnBlackSite,numberOfRobotsOnWhiteSite
7805,20,16
timeStep,numberOfRobotsOnBlackSite,numberOfRobotsOnWhiteSite
7806,20,16
timeStep,numberOfRobotsOnBlackSite,numberOfRobotsOnWhiteSite
7807,20,16
timeStep,numberOfRobotsOnBlackSite,numberOfRobotsOnWhiteSite
7808,20,16
timeStep,numberOfRobotsOnBlackSite,numberOfRobotsOnWhiteSite
7809,20,16
timeStep,numberOfRobotsOnBlackSite,numberOfRobotsOnWhiteSite
7810,20,15
timeStep,numberOfRobotsOnBlackSite,numberOfRobotsOnWhiteSite
7811,20,15
timeStep,numberOfRobotsOnBlackSite,numberOfRobotsOnWhiteSite
7812,20,15
timeStep,numberOfRobotsOnBlackSite,numberOfRobotsOnWhiteSite
7813,20,15
timeStep,numberOfRobotsOnBlackSite,numberOfRobotsOnWhiteSite
7814,20,15
timeStep,numberOfRobotsOnBlackSite,numberOfRobotsOnWhiteSite
7815,21,15
timeStep,numberOfRobotsOnBlackSite,numberOfRobotsOnWhiteSite
7816,21,15
timeStep,numberOfRobotsOnBlackSite,numberOfRobotsOnWhiteSite
7817,21,15
timeStep,numberOfRobotsOnBlackSite,numberOfRobotsOnWhiteSite
7818,21,15
timeStep,numberOfRobotsOnBlackSite,numberOfRobotsOnWhiteSite
7819,21,15
timeStep,numberOfRobotsOnBlackSite,numberOfRobotsOnWhiteSite
7820,21,15
timeStep,numberOfRobotsOnBlackSite,numberOfRobotsOnWhiteSite
7821,21,15
timeStep,numberOfRobotsOnBlackSite,numberOfRobotsOnWhiteSite
7822,21,15
timeStep,numberOfRobotsOnBlackSite,numberOfRobotsOnWhiteSite
7823,21,15
timeStep,numberOfRobotsOnBlackSite,numberOfRobotsOnWhiteSite
7824,21,15
timeStep,numberOfRobotsOnBlackSite,numberOfRobotsOnWhiteSite
7825,21,15
timeStep,numberOfRobotsOnBlackSite,numberOfRobotsOnWhiteSite
7826,21,15
timeStep,numberOfRobotsOnBlackSite,numberOfRobotsOnWhiteSite
7827,21,15
timeStep,numberOfRobotsOnBlackSite,numberOfRobotsOnWhiteSite
7828,21,15
timeStep,numberOfRobotsOnBlackSite,numberOfRobotsOnWhiteSite
7829,21,15
timeStep,numberOfRobotsOnBlackSite,numberOfRobotsOnWhiteSite
7830,21,15
timeStep,numberOfRobotsOnBlackSite,numberOfRobotsOnWhiteSite
7831,21,15
timeStep,numberOfRobotsOnBlackSite,numberOfRobotsOnWhiteSite
7832,21,15
timeStep,numberOfRobotsOnBlackSite,numberOfRobotsOnWhiteSite
7833,21,15
timeStep,numberOfRobotsOnBlackSite,numberOfRobotsOnWhiteSite
7834,21,15
timeStep,numberOfRobotsOnBlackSite,numberOfRobotsOnWhiteSite
7835,21,15
timeStep,numberOfRobotsOnBlackSite,numberOfRobotsOnWhiteSite
7836,21,15
timeStep,numberOfRobotsOnBlackSite,numberOfRobotsOnWhiteSite
7837,21,15
timeStep,numberOfRobotsOnBlackSite,numberOfRobotsOnWhiteSite
7838,21,15
timeStep,numberOfRobotsOnBlackSite,numberOfRobotsOnWhiteSite
7839,21,15
timeStep,numberOfRobotsOnBlackSite,numberOfRobotsOnWhiteSite
7840,21,15
timeStep,numberOfRobotsOnBlackSite,numberOfRobotsOnWhiteSite
7841,21,15
timeStep,numberOfRobotsOnBlackSite,numberOfRobotsOnWhiteSite
7842,21,15
timeStep,numberOfRobotsOnBlackSite,numberOfRobotsOnWhiteSite
7843,21,15
timeStep,numberOfRobotsOnBlackSite,numberOfRobotsOnWhiteSite
7844,21,15
timeStep,numberOfRobotsOnBlackSite,numberOfRobotsOnWhiteSite
7845,21,15
timeStep,numberOfRobotsOnBlackSite,numberOfRobotsOnWhiteSite
7846,21,15
timeStep,numberOfRobotsOnBlackSite,numberOfRobotsOnWhiteSite
7847,21,15
timeStep,numberOfRobotsOnBlackSite,numberOfRobotsOnWhiteSite
7848,21,15
timeStep,numberOfRobotsOnBlackSite,numberOfRobotsOnWhiteSite
7849,21,15
timeStep,numberOfRobotsOnBlackSite,numberOfRobotsOnWhiteSite
7850,21,15
timeStep,numberOfRobotsOnBlackSite,numberOfRobotsOnWhiteSite
7851,21,15
timeStep,numberOfRobotsOnBlackSite,numberOfRobotsOnWhiteSite
7852,21,15
timeStep,numberOfRobotsOnBlackSite,numberOfRobotsOnWhiteSite
7853,21,15
timeStep,numberOfRobotsOnBlackSite,numberOfRobotsOnWhiteSite
7854,21,15
timeStep,numberOfRobotsOnBlackSite,numberOfRobotsOnWhiteSite
7855,21,15
timeStep,numberOfRobotsOnBlackSite,numberOfRobotsOnWhiteSite
7856,21,15
timeStep,numberOfRobotsOnBlackSite,numberOfRobotsOnWhiteSite
7857,21,15
timeStep,numberOfRobotsOnBlackSite,numberOfRobotsOnWhiteSite
7858,21,15
timeStep,numberOfRobotsOnBlackSite,numberOfRobotsOnWhiteSite
7859,21,15
timeStep,numberOfRobotsOnBlackSite,numberOfRobotsOnWhiteSite
7860,21,15
timeStep,numberOfRobotsOnBlackSite,numberOfRobotsOnWhiteSite
7861,21,15
timeStep,numberOfRobotsOnBlackSite,numberOfRobotsOnWhiteSite
7862,21,15
timeStep,numberOfRobotsOnBlackSite,numberOfRobotsOnWhiteSite
7863,21,15
timeStep,numberOfRobotsOnBlackSite,numberOfRobotsOnWhiteSite
7864,21,15
timeStep,numberOfRobotsOnBlackSite,numberOfRobotsOnWhiteSite
7865,21,15
timeStep,numberOfRobotsOnBlackSite,numberOfRobotsOnWhiteSite
7866,21,15
timeStep,numberOfRobotsOnBlackSite,numberOfRobotsOnWhiteSite
7867,21,15
timeStep,numberOfRobotsOnBlackSite,numberOfRobotsOnWhiteSite
7868,21,15
timeStep,numberOfRobotsOnBlackSite,numberOfRobotsOnWhiteSite
7869,21,15
timeStep,numberOfRobotsOnBlackSite,numberOfRobotsOnWhiteSite
7870,21,15
timeStep,numberOfRobotsOnBlackSite,numberOfRobotsOnWhiteSite
7871,21,15
timeStep,numberOfRobotsOnBlackSite,numberOfRobotsOnWhiteSite
7872,21,15
timeStep,numberOfRobotsOnBlackSite,numberOfRobotsOnWhiteSite
7873,21,15
timeStep,numberOfRobotsOnBlackSite,numberOfRobotsOnWhiteSite
7874,21,15
timeStep,numberOfRobotsOnBlackSite,numberOfRobotsOnWhiteSite
7875,21,15
timeStep,numberOfRobotsOnBlackSite,numberOfRobotsOnWhiteSite
7876,21,15
timeStep,numberOfRobotsOnBlackSite,numberOfRobotsOnWhiteSite
7877,21,15
timeStep,numberOfRobotsOnBlackSite,numberOfRobotsOnWhiteSite
7878,21,15
timeStep,numberOfRobotsOnBlackSite,numberOfRobotsOnWhiteSite
7879,21,15
timeStep,numberOfRobotsOnBlackSite,numberOfRobotsOnWhiteSite
7880,21,15
timeStep,numberOfRobotsOnBlackSite,numberOfRobotsOnWhiteSite
7881,21,15
timeStep,numberOfRobotsOnBlackSite,numberOfRobotsOnWhiteSite
7882,21,15
timeStep,numberOfRobotsOnBlackSite,numberOfRobotsOnWhiteSite
7883,21,15
timeStep,numberOfRobotsOnBlackSite,numberOfRobotsOnWhiteSite
7884,21,15
timeStep,numberOfRobotsOnBlackSite,numberOfRobotsOnWhiteSite
7885,21,15
timeStep,numberOfRobotsOnBlackSite,numberOfRobotsOnWhiteSite
7886,21,15
timeStep,numberOfRobotsOnBlackSite,numberOfRobotsOnWhiteSite
7887,21,15
timeStep,numberOfRobotsOnBlackSite,numberOfRobotsOnWhiteSite
7888,21,15
timeStep,numberOfRobotsOnBlackSite,numberOfRobotsOnWhiteSite
7889,21,15
timeStep,numberOfRobotsOnBlackSite,numberOfRobotsOnWhiteSite
7890,21,15
timeStep,numberOfRobotsOnBlackSite,numberOfRobotsOnWhiteSite
7891,21,15
timeStep,numberOfRobotsOnBlackSite,numberOfRobotsOnWhiteSite
7892,21,15
timeStep,numberOfRobotsOnBlackSite,numberOfRobotsOnWhiteSite
7893,21,15
timeStep,numberOfRobotsOnBlackSite,numberOfRobotsOnWhiteSite
7894,21,15
timeStep,numberOfRobotsOnBlackSite,numberOfRobotsOnWhiteSite
7895,21,15
timeStep,numberOfRobotsOnBlackSite,numberOfRobotsOnWhiteSite
7896,21,15
timeStep,numberOfRobotsOnBlackSite,numberOfRobotsOnWhiteSite
7897,21,15
timeStep,numberOfRobotsOnBlackSite,numberOfRobotsOnWhiteSite
7898,21,15
timeStep,numberOfRobotsOnBlackSite,numberOfRobotsOnWhiteSite
7899,21,15
timeStep,numberOfRobotsOnBlackSite,numberOfRobotsOnWhiteSite
7900,21,15
timeStep,numberOfRobotsOnBlackSite,numberOfRobotsOnWhiteSite
7901,21,15
timeStep,numberOfRobotsOnBlackSite,numberOfRobotsOnWhiteSite
7902,21,15
timeStep,numberOfRobotsOnBlackSite,numberOfRobotsOnWhiteSite
7903,21,15
timeStep,numberOfRobotsOnBlackSite,numberOfRobotsOnWhiteSite
7904,21,15
timeStep,numberOfRobotsOnBlackSite,numberOfRobotsOnWhiteSite
7905,21,15
timeStep,numberOfRobotsOnBlackSite,numberOfRobotsOnWhiteSite
7906,21,15
timeStep,numberOfRobotsOnBlackSite,numberOfRobotsOnWhiteSite
7907,21,15
timeStep,numberOfRobotsOnBlackSite,numberOfRobotsOnWhiteSite
7908,21,15
timeStep,numberOfRobotsOnBlackSite,numberOfRobotsOnWhiteSite
7909,21,15
timeStep,numberOfRobotsOnBlackSite,numberOfRobotsOnWhiteSite
7910,21,15
timeStep,numberOfRobotsOnBlackSite,numberOfRobotsOnWhiteSite
7911,21,15
timeStep,numberOfRobotsOnBlackSite,numberOfRobotsOnWhiteSite
7912,21,15
timeStep,numberOfRobotsOnBlackSite,numberOfRobotsOnWhiteSite
7913,21,15
timeStep,numberOfRobotsOnBlackSite,numberOfRobotsOnWhiteSite
7914,21,15
timeStep,numberOfRobotsOnBlackSite,numberOfRobotsOnWhiteSite
7915,21,15
timeStep,numberOfRobotsOnBlackSite,numberOfRobotsOnWhiteSite
7916,21,15
timeStep,numberOfRobotsOnBlackSite,numberOfRobotsOnWhiteSite
7917,21,15
timeStep,numberOfRobotsOnBlackSite,numberOfRobotsOnWhiteSite
7918,21,15
timeStep,numberOfRobotsOnBlackSite,numberOfRobotsOnWhiteSite
7919,21,15
timeStep,numberOfRobotsOnBlackSite,numberOfRobotsOnWhiteSite
7920,21,15
timeStep,numberOfRobotsOnBlackSite,numberOfRobotsOnWhiteSite
7921,21,15
timeStep,numberOfRobotsOnBlackSite,numberOfRobotsOnWhiteSite
7922,21,15
timeStep,numberOfRobotsOnBlackSite,numberOfRobotsOnWhiteSite
7923,21,15
timeStep,numberOfRobotsOnBlackSite,numberOfRobotsOnWhiteSite
7924,21,15
timeStep,numberOfRobotsOnBlackSite,numberOfRobotsOnWhiteSite
7925,21,15
timeStep,numberOfRobotsOnBlackSite,numberOfRobotsOnWhiteSite
7926,21,15
timeStep,numberOfRobotsOnBlackSite,numberOfRobotsOnWhiteSite
7927,21,15
timeStep,numberOfRobotsOnBlackSite,numberOfRobotsOnWhiteSite
7928,21,15
timeStep,numberOfRobotsOnBlackSite,numberOfRobotsOnWhiteSite
7929,21,15
timeStep,numberOfRobotsOnBlackSite,numberOfRobotsOnWhiteSite
7930,21,15
timeStep,numberOfRobotsOnBlackSite,numberOfRobotsOnWhiteSite
7931,21,15
timeStep,numberOfRobotsOnBlackSite,numberOfRobotsOnWhiteSite
7932,21,15
timeStep,numberOfRobotsOnBlackSite,numberOfRobotsOnWhiteSite
7933,21,15
timeStep,numberOfRobotsOnBlackSite,numberOfRobotsOnWhiteSite
7934,21,15
timeStep,numberOfRobotsOnBlackSite,numberOfRobotsOnWhiteSite
7935,21,15
timeStep,numberOfRobotsOnBlackSite,numberOfRobotsOnWhiteSite
7936,21,15
timeStep,numberOfRobotsOnBlackSite,numberOfRobotsOnWhiteSite
7937,21,15
timeStep,numberOfRobotsOnBlackSite,numberOfRobotsOnWhiteSite
7938,21,15
timeStep,numberOfRobotsOnBlackSite,numberOfRobotsOnWhiteSite
7939,21,15
timeStep,numberOfRobotsOnBlackSite,numberOfRobotsOnWhiteSite
7940,22,15
timeStep,numberOfRobotsOnBlackSite,numberOfRobotsOnWhiteSite
7941,22,15
timeStep,numberOfRobotsOnBlackSite,numberOfRobotsOnWhiteSite
7942,22,15
timeStep,numberOfRobotsOnBlackSite,numberOfRobotsOnWhiteSite
7943,22,15
timeStep,numberOfRobotsOnBlackSite,numberOfRobotsOnWhiteSite
7944,22,15
timeStep,numberOfRobotsOnBlackSite,numberOfRobotsOnWhiteSite
7945,22,15
timeStep,numberOfRobotsOnBlackSite,numberOfRobotsOnWhiteSite
7946,22,15
timeStep,numberOfRobotsOnBlackSite,numberOfRobotsOnWhiteSite
7947,22,15
timeStep,numberOfRobotsOnBlackSite,numberOfRobotsOnWhiteSite
7948,22,15
timeStep,numberOfRobotsOnBlackSite,numberOfRobotsOnWhiteSite
7949,22,15
timeStep,numberOfRobotsOnBlackSite,numberOfRobotsOnWhiteSite
7950,22,15
timeStep,numberOfRobotsOnBlackSite,numberOfRobotsOnWhiteSite
7951,22,15
timeStep,numberOfRobotsOnBlackSite,numberOfRobotsOnWhiteSite
7952,22,15
timeStep,numberOfRobotsOnBlackSite,numberOfRobotsOnWhiteSite
7953,22,15
timeStep,numberOfRobotsOnBlackSite,numberOfRobotsOnWhiteSite
7954,22,15
timeStep,numberOfRobotsOnBlackSite,numberOfRobotsOnWhiteSite
7955,22,15
timeStep,numberOfRobotsOnBlackSite,numberOfRobotsOnWhiteSite
7956,22,15
timeStep,numberOfRobotsOnBlackSite,numberOfRobotsOnWhiteSite
7957,22,15
timeStep,numberOfRobotsOnBlackSite,numberOfRobotsOnWhiteSite
7958,22,15
timeStep,numberOfRobotsOnBlackSite,numberOfRobotsOnWhiteSite
7959,22,15
timeStep,numberOfRobotsOnBlackSite,numberOfRobotsOnWhiteSite
7960,22,15
timeStep,numberOfRobotsOnBlackSite,numberOfRobotsOnWhiteSite
7961,22,15
timeStep,numberOfRobotsOnBlackSite,numberOfRobotsOnWhiteSite
7962,22,15
timeStep,numberOfRobotsOnBlackSite,numberOfRobotsOnWhiteSite
7963,22,15
timeStep,numberOfRobotsOnBlackSite,numberOfRobotsOnWhiteSite
7964,22,15
timeStep,numberOfRobotsOnBlackSite,numberOfRobotsOnWhiteSite
7965,22,15
timeStep,numberOfRobotsOnBlackSite,numberOfRobotsOnWhiteSite
7966,22,15
timeStep,numberOfRobotsOnBlackSite,numberOfRobotsOnWhiteSite
7967,22,15
timeStep,numberOfRobotsOnBlackSite,numberOfRobotsOnWhiteSite
7968,22,15
timeStep,numberOfRobotsOnBlackSite,numberOfRobotsOnWhiteSite
7969,22,15
timeStep,numberOfRobotsOnBlackSite,numberOfRobotsOnWhiteSite
7970,22,15
timeStep,numberOfRobotsOnBlackSite,numberOfRobotsOnWhiteSite
7971,22,15
timeStep,numberOfRobotsOnBlackSite,numberOfRobotsOnWhiteSite
7972,22,15
timeStep,numberOfRobotsOnBlackSite,numberOfRobotsOnWhiteSite
7973,22,15
timeStep,numberOfRobotsOnBlackSite,numberOfRobotsOnWhiteSite
7974,22,15
timeStep,numberOfRobotsOnBlackSite,numberOfRobotsOnWhiteSite
7975,21,15
timeStep,numberOfRobotsOnBlackSite,numberOfRobotsOnWhiteSite
7976,21,15
timeStep,numberOfRobotsOnBlackSite,numberOfRobotsOnWhiteSite
7977,21,15
timeStep,numberOfRobotsOnBlackSite,numberOfRobotsOnWhiteSite
7978,21,15
timeStep,numberOfRobotsOnBlackSite,numberOfRobotsOnWhiteSite
7979,21,15
timeStep,numberOfRobotsOnBlackSite,numberOfRobotsOnWhiteSite
7980,21,15
timeStep,numberOfRobotsOnBlackSite,numberOfRobotsOnWhiteSite
7981,21,15
timeStep,numberOfRobotsOnBlackSite,numberOfRobotsOnWhiteSite
7982,21,15
timeStep,numberOfRobotsOnBlackSite,numberOfRobotsOnWhiteSite
7983,21,15
timeStep,numberOfRobotsOnBlackSite,numberOfRobotsOnWhiteSite
7984,21,15
timeStep,numberOfRobotsOnBlackSite,numberOfRobotsOnWhiteSite
7985,21,15
timeStep,numberOfRobotsOnBlackSite,numberOfRobotsOnWhiteSite
7986,21,15
timeStep,numberOfRobotsOnBlackSite,numberOfRobotsOnWhiteSite
7987,21,15
timeStep,numberOfRobotsOnBlackSite,numberOfRobotsOnWhiteSite
7988,21,15
timeStep,numberOfRobotsOnBlackSite,numberOfRobotsOnWhiteSite
7989,21,15
timeStep,numberOfRobotsOnBlackSite,numberOfRobotsOnWhiteSite
7990,22,15
timeStep,numberOfRobotsOnBlackSite,numberOfRobotsOnWhiteSite
7991,22,15
timeStep,numberOfRobotsOnBlackSite,numberOfRobotsOnWhiteSite
7992,22,15
timeStep,numberOfRobotsOnBlackSite,numberOfRobotsOnWhiteSite
7993,22,15
timeStep,numberOfRobotsOnBlackSite,numberOfRobotsOnWhiteSite
7994,22,15
timeStep,numberOfRobotsOnBlackSite,numberOfRobotsOnWhiteSite
7995,22,15
timeStep,numberOfRobotsOnBlackSite,numberOfRobotsOnWhiteSite
7996,22,15
timeStep,numberOfRobotsOnBlackSite,numberOfRobotsOnWhiteSite
7997,22,15
timeStep,numberOfRobotsOnBlackSite,numberOfRobotsOnWhiteSite
7998,22,15
timeStep,numberOfRobotsOnBlackSite,numberOfRobotsOnWhiteSite
7999,22,15
timeStep,numberOfRobotsOnBlackSite,numberOfRobotsOnWhiteSite
8000,22,15
timeStep,numberOfRobotsOnBlackSite,numberOfRobotsOnWhiteSite
8001,22,15
timeStep,numberOfRobotsOnBlackSite,numberOfRobotsOnWhiteSite
8002,22,15
timeStep,numberOfRobotsOnBlackSite,numberOfRobotsOnWhiteSite
8003,22,15
timeStep,numberOfRobotsOnBlackSite,numberOfRobotsOnWhiteSite
8004,22,15
timeStep,numberOfRobotsOnBlackSite,numberOfRobotsOnWhiteSite
8005,22,15
timeStep,numberOfRobotsOnBlackSite,numberOfRobotsOnWhiteSite
8006,22,15
timeStep,numberOfRobotsOnBlackSite,numberOfRobotsOnWhiteSite
8007,22,15
timeStep,numberOfRobotsOnBlackSite,numberOfRobotsOnWhiteSite
8008,22,15
timeStep,numberOfRobotsOnBlackSite,numberOfRobotsOnWhiteSite
8009,22,15
timeStep,numberOfRobotsOnBlackSite,numberOfRobotsOnWhiteSite
8010,21,15
timeStep,numberOfRobotsOnBlackSite,numberOfRobotsOnWhiteSite
8011,21,15
timeStep,numberOfRobotsOnBlackSite,numberOfRobotsOnWhiteSite
8012,21,15
timeStep,numberOfRobotsOnBlackSite,numberOfRobotsOnWhiteSite
8013,21,15
timeStep,numberOfRobotsOnBlackSite,numberOfRobotsOnWhiteSite
8014,21,15
timeStep,numberOfRobotsOnBlackSite,numberOfRobotsOnWhiteSite
8015,21,15
timeStep,numberOfRobotsOnBlackSite,numberOfRobotsOnWhiteSite
8016,21,15
timeStep,numberOfRobotsOnBlackSite,numberOfRobotsOnWhiteSite
8017,21,15
timeStep,numberOfRobotsOnBlackSite,numberOfRobotsOnWhiteSite
8018,21,15
timeStep,numberOfRobotsOnBlackSite,numberOfRobotsOnWhiteSite
8019,21,15
timeStep,numberOfRobotsOnBlackSite,numberOfRobotsOnWhiteSite
8020,21,15
timeStep,numberOfRobotsOnBlackSite,numberOfRobotsOnWhiteSite
8021,21,15
timeStep,numberOfRobotsOnBlackSite,numberOfRobotsOnWhiteSite
8022,21,15
timeStep,numberOfRobotsOnBlackSite,numberOfRobotsOnWhiteSite
8023,21,15
timeStep,numberOfRobotsOnBlackSite,numberOfRobotsOnWhiteSite
8024,21,15
timeStep,numberOfRobotsOnBlackSite,numberOfRobotsOnWhiteSite
8025,21,15
timeStep,numberOfRobotsOnBlackSite,numberOfRobotsOnWhiteSite
8026,21,15
timeStep,numberOfRobotsOnBlackSite,numberOfRobotsOnWhiteSite
8027,21,15
timeStep,numberOfRobotsOnBlackSite,numberOfRobotsOnWhiteSite
8028,21,15
timeStep,numberOfRobotsOnBlackSite,numberOfRobotsOnWhiteSite
8029,21,15
timeStep,numberOfRobotsOnBlackSite,numberOfRobotsOnWhiteSite
8030,21,15
timeStep,numberOfRobotsOnBlackSite,numberOfRobotsOnWhiteSite
8031,21,15
timeStep,numberOfRobotsOnBlackSite,numberOfRobotsOnWhiteSite
8032,21,15
timeStep,numberOfRobotsOnBlackSite,numberOfRobotsOnWhiteSite
8033,21,15
timeStep,numberOfRobotsOnBlackSite,numberOfRobotsOnWhiteSite
8034,21,15
timeStep,numberOfRobotsOnBlackSite,numberOfRobotsOnWhiteSite
8035,21,15
timeStep,numberOfRobotsOnBlackSite,numberOfRobotsOnWhiteSite
8036,21,15
timeStep,numberOfRobotsOnBlackSite,numberOfRobotsOnWhiteSite
8037,21,15
timeStep,numberOfRobotsOnBlackSite,numberOfRobotsOnWhiteSite
8038,21,15
timeStep,numberOfRobotsOnBlackSite,numberOfRobotsOnWhiteSite
8039,21,15
timeStep,numberOfRobotsOnBlackSite,numberOfRobotsOnWhiteSite
8040,21,15
timeStep,numberOfRobotsOnBlackSite,numberOfRobotsOnWhiteSite
8041,21,15
timeStep,numberOfRobotsOnBlackSite,numberOfRobotsOnWhiteSite
8042,21,15
timeStep,numberOfRobotsOnBlackSite,numberOfRobotsOnWhiteSite
8043,21,15
timeStep,numberOfRobotsOnBlackSite,numberOfRobotsOnWhiteSite
8044,21,15
timeStep,numberOfRobotsOnBlackSite,numberOfRobotsOnWhiteSite
8045,21,15
timeStep,numberOfRobotsOnBlackSite,numberOfRobotsOnWhiteSite
8046,21,15
timeStep,numberOfRobotsOnBlackSite,numberOfRobotsOnWhiteSite
8047,21,15
timeStep,numberOfRobotsOnBlackSite,numberOfRobotsOnWhiteSite
8048,21,15
timeStep,numberOfRobotsOnBlackSite,numberOfRobotsOnWhiteSite
8049,21,15
timeStep,numberOfRobotsOnBlackSite,numberOfRobotsOnWhiteSite
8050,21,15
timeStep,numberOfRobotsOnBlackSite,numberOfRobotsOnWhiteSite
8051,21,15
timeStep,numberOfRobotsOnBlackSite,numberOfRobotsOnWhiteSite
8052,21,15
timeStep,numberOfRobotsOnBlackSite,numberOfRobotsOnWhiteSite
8053,21,15
timeStep,numberOfRobotsOnBlackSite,numberOfRobotsOnWhiteSite
8054,21,15
timeStep,numberOfRobotsOnBlackSite,numberOfRobotsOnWhiteSite
8055,21,15
timeStep,numberOfRobotsOnBlackSite,numberOfRobotsOnWhiteSite
8056,21,15
timeStep,numberOfRobotsOnBlackSite,numberOfRobotsOnWhiteSite
8057,21,15
timeStep,numberOfRobotsOnBlackSite,numberOfRobotsOnWhiteSite
8058,21,15
timeStep,numberOfRobotsOnBlackSite,numberOfRobotsOnWhiteSite
8059,21,15
timeStep,numberOfRobotsOnBlackSite,numberOfRobotsOnWhiteSite
8060,21,15
timeStep,numberOfRobotsOnBlackSite,numberOfRobotsOnWhiteSite
8061,21,15
timeStep,numberOfRobotsOnBlackSite,numberOfRobotsOnWhiteSite
8062,21,15
timeStep,numberOfRobotsOnBlackSite,numberOfRobotsOnWhiteSite
8063,21,15
timeStep,numberOfRobotsOnBlackSite,numberOfRobotsOnWhiteSite
8064,21,15
timeStep,numberOfRobotsOnBlackSite,numberOfRobotsOnWhiteSite
8065,21,15
timeStep,numberOfRobotsOnBlackSite,numberOfRobotsOnWhiteSite
8066,21,15
timeStep,numberOfRobotsOnBlackSite,numberOfRobotsOnWhiteSite
8067,21,15
timeStep,numberOfRobotsOnBlackSite,numberOfRobotsOnWhiteSite
8068,21,15
timeStep,numberOfRobotsOnBlackSite,numberOfRobotsOnWhiteSite
8069,21,15
timeStep,numberOfRobotsOnBlackSite,numberOfRobotsOnWhiteSite
8070,21,15
timeStep,numberOfRobotsOnBlackSite,numberOfRobotsOnWhiteSite
8071,21,15
timeStep,numberOfRobotsOnBlackSite,numberOfRobotsOnWhiteSite
8072,21,15
timeStep,numberOfRobotsOnBlackSite,numberOfRobotsOnWhiteSite
8073,21,15
timeStep,numberOfRobotsOnBlackSite,numberOfRobotsOnWhiteSite
8074,21,15
timeStep,numberOfRobotsOnBlackSite,numberOfRobotsOnWhiteSite
8075,21,15
timeStep,numberOfRobotsOnBlackSite,numberOfRobotsOnWhiteSite
8076,21,15
timeStep,numberOfRobotsOnBlackSite,numberOfRobotsOnWhiteSite
8077,21,15
timeStep,numberOfRobotsOnBlackSite,numberOfRobotsOnWhiteSite
8078,21,15
timeStep,numberOfRobotsOnBlackSite,numberOfRobotsOnWhiteSite
8079,21,15
timeStep,numberOfRobotsOnBlackSite,numberOfRobotsOnWhiteSite
8080,21,15
timeStep,numberOfRobotsOnBlackSite,numberOfRobotsOnWhiteSite
8081,21,15
timeStep,numberOfRobotsOnBlackSite,numberOfRobotsOnWhiteSite
8082,21,15
timeStep,numberOfRobotsOnBlackSite,numberOfRobotsOnWhiteSite
8083,21,15
timeStep,numberOfRobotsOnBlackSite,numberOfRobotsOnWhiteSite
8084,21,15
timeStep,numberOfRobotsOnBlackSite,numberOfRobotsOnWhiteSite
8085,21,15
timeStep,numberOfRobotsOnBlackSite,numberOfRobotsOnWhiteSite
8086,21,15
timeStep,numberOfRobotsOnBlackSite,numberOfRobotsOnWhiteSite
8087,21,15
timeStep,numberOfRobotsOnBlackSite,numberOfRobotsOnWhiteSite
8088,21,15
timeStep,numberOfRobotsOnBlackSite,numberOfRobotsOnWhiteSite
8089,21,15
timeStep,numberOfRobotsOnBlackSite,numberOfRobotsOnWhiteSite
8090,21,15
timeStep,numberOfRobotsOnBlackSite,numberOfRobotsOnWhiteSite
8091,21,15
timeStep,numberOfRobotsOnBlackSite,numberOfRobotsOnWhiteSite
8092,21,15
timeStep,numberOfRobotsOnBlackSite,numberOfRobotsOnWhiteSite
8093,21,15
timeStep,numberOfRobotsOnBlackSite,numberOfRobotsOnWhiteSite
8094,21,15
timeStep,numberOfRobotsOnBlackSite,numberOfRobotsOnWhiteSite
8095,21,15
timeStep,numberOfRobotsOnBlackSite,numberOfRobotsOnWhiteSite
8096,21,15
timeStep,numberOfRobotsOnBlackSite,numberOfRobotsOnWhiteSite
8097,21,15
timeStep,numberOfRobotsOnBlackSite,numberOfRobotsOnWhiteSite
8098,21,15
timeStep,numberOfRobotsOnBlackSite,numberOfRobotsOnWhiteSite
8099,21,15
timeStep,numberOfRobotsOnBlackSite,numberOfRobotsOnWhiteSite
8100,21,15
timeStep,numberOfRobotsOnBlackSite,numberOfRobotsOnWhiteSite
8101,21,15
timeStep,numberOfRobotsOnBlackSite,numberOfRobotsOnWhiteSite
8102,21,15
timeStep,numberOfRobotsOnBlackSite,numberOfRobotsOnWhiteSite
8103,21,15
timeStep,numberOfRobotsOnBlackSite,numberOfRobotsOnWhiteSite
8104,21,15
timeStep,numberOfRobotsOnBlackSite,numberOfRobotsOnWhiteSite
8105,21,15
timeStep,numberOfRobotsOnBlackSite,numberOfRobotsOnWhiteSite
8106,21,15
timeStep,numberOfRobotsOnBlackSite,numberOfRobotsOnWhiteSite
8107,21,15
timeStep,numberOfRobotsOnBlackSite,numberOfRobotsOnWhiteSite
8108,21,15
timeStep,numberOfRobotsOnBlackSite,numberOfRobotsOnWhiteSite
8109,21,15
timeStep,numberOfRobotsOnBlackSite,numberOfRobotsOnWhiteSite
8110,21,15
timeStep,numberOfRobotsOnBlackSite,numberOfRobotsOnWhiteSite
8111,21,15
timeStep,numberOfRobotsOnBlackSite,numberOfRobotsOnWhiteSite
8112,21,15
timeStep,numberOfRobotsOnBlackSite,numberOfRobotsOnWhiteSite
8113,21,15
timeStep,numberOfRobotsOnBlackSite,numberOfRobotsOnWhiteSite
8114,21,15
timeStep,numberOfRobotsOnBlackSite,numberOfRobotsOnWhiteSite
8115,21,15
timeStep,numberOfRobotsOnBlackSite,numberOfRobotsOnWhiteSite
8116,21,15
timeStep,numberOfRobotsOnBlackSite,numberOfRobotsOnWhiteSite
8117,21,15
timeStep,numberOfRobotsOnBlackSite,numberOfRobotsOnWhiteSite
8118,21,15
timeStep,numberOfRobotsOnBlackSite,numberOfRobotsOnWhiteSite
8119,21,15
timeStep,numberOfRobotsOnBlackSite,numberOfRobotsOnWhiteSite
8120,21,15
timeStep,numberOfRobotsOnBlackSite,numberOfRobotsOnWhiteSite
8121,21,15
timeStep,numberOfRobotsOnBlackSite,numberOfRobotsOnWhiteSite
8122,21,15
timeStep,numberOfRobotsOnBlackSite,numberOfRobotsOnWhiteSite
8123,21,15
timeStep,numberOfRobotsOnBlackSite,numberOfRobotsOnWhiteSite
8124,21,15
timeStep,numberOfRobotsOnBlackSite,numberOfRobotsOnWhiteSite
8125,21,15
timeStep,numberOfRobotsOnBlackSite,numberOfRobotsOnWhiteSite
8126,21,15
timeStep,numberOfRobotsOnBlackSite,numberOfRobotsOnWhiteSite
8127,21,15
timeStep,numberOfRobotsOnBlackSite,numberOfRobotsOnWhiteSite
8128,21,15
timeStep,numberOfRobotsOnBlackSite,numberOfRobotsOnWhiteSite
8129,21,15
timeStep,numberOfRobotsOnBlackSite,numberOfRobotsOnWhiteSite
8130,21,15
timeStep,numberOfRobotsOnBlackSite,numberOfRobotsOnWhiteSite
8131,21,15
timeStep,numberOfRobotsOnBlackSite,numberOfRobotsOnWhiteSite
8132,21,15
timeStep,numberOfRobotsOnBlackSite,numberOfRobotsOnWhiteSite
8133,21,15
timeStep,numberOfRobotsOnBlackSite,numberOfRobotsOnWhiteSite
8134,21,15
timeStep,numberOfRobotsOnBlackSite,numberOfRobotsOnWhiteSite
8135,21,15
timeStep,numberOfRobotsOnBlackSite,numberOfRobotsOnWhiteSite
8136,21,15
timeStep,numberOfRobotsOnBlackSite,numberOfRobotsOnWhiteSite
8137,21,15
timeStep,numberOfRobotsOnBlackSite,numberOfRobotsOnWhiteSite
8138,21,15
timeStep,numberOfRobotsOnBlackSite,numberOfRobotsOnWhiteSite
8139,21,15
timeStep,numberOfRobotsOnBlackSite,numberOfRobotsOnWhiteSite
8140,21,15
timeStep,numberOfRobotsOnBlackSite,numberOfRobotsOnWhiteSite
8141,21,15
timeStep,numberOfRobotsOnBlackSite,numberOfRobotsOnWhiteSite
8142,21,15
timeStep,numberOfRobotsOnBlackSite,numberOfRobotsOnWhiteSite
8143,21,15
timeStep,numberOfRobotsOnBlackSite,numberOfRobotsOnWhiteSite
8144,21,15
timeStep,numberOfRobotsOnBlackSite,numberOfRobotsOnWhiteSite
8145,21,15
timeStep,numberOfRobotsOnBlackSite,numberOfRobotsOnWhiteSite
8146,21,15
timeStep,numberOfRobotsOnBlackSite,numberOfRobotsOnWhiteSite
8147,21,15
timeStep,numberOfRobotsOnBlackSite,numberOfRobotsOnWhiteSite
8148,21,15
timeStep,numberOfRobotsOnBlackSite,numberOfRobotsOnWhiteSite
8149,21,15
timeStep,numberOfRobotsOnBlackSite,numberOfRobotsOnWhiteSite
8150,21,15
timeStep,numberOfRobotsOnBlackSite,numberOfRobotsOnWhiteSite
8151,21,15
timeStep,numberOfRobotsOnBlackSite,numberOfRobotsOnWhiteSite
8152,21,15
timeStep,numberOfRobotsOnBlackSite,numberOfRobotsOnWhiteSite
8153,21,15
timeStep,numberOfRobotsOnBlackSite,numberOfRobotsOnWhiteSite
8154,21,15
timeStep,numberOfRobotsOnBlackSite,numberOfRobotsOnWhiteSite
8155,21,15
timeStep,numberOfRobotsOnBlackSite,numberOfRobotsOnWhiteSite
8156,21,15
timeStep,numberOfRobotsOnBlackSite,numberOfRobotsOnWhiteSite
8157,21,15
timeStep,numberOfRobotsOnBlackSite,numberOfRobotsOnWhiteSite
8158,21,15
timeStep,numberOfRobotsOnBlackSite,numberOfRobotsOnWhiteSite
8159,21,15
timeStep,numberOfRobotsOnBlackSite,numberOfRobotsOnWhiteSite
8160,21,15
timeStep,numberOfRobotsOnBlackSite,numberOfRobotsOnWhiteSite
8161,21,15
timeStep,numberOfRobotsOnBlackSite,numberOfRobotsOnWhiteSite
8162,21,15
timeStep,numberOfRobotsOnBlackSite,numberOfRobotsOnWhiteSite
8163,21,15
timeStep,numberOfRobotsOnBlackSite,numberOfRobotsOnWhiteSite
8164,21,15
timeStep,numberOfRobotsOnBlackSite,numberOfRobotsOnWhiteSite
8165,21,15
timeStep,numberOfRobotsOnBlackSite,numberOfRobotsOnWhiteSite
8166,21,15
timeStep,numberOfRobotsOnBlackSite,numberOfRobotsOnWhiteSite
8167,21,15
timeStep,numberOfRobotsOnBlackSite,numberOfRobotsOnWhiteSite
8168,21,15
timeStep,numberOfRobotsOnBlackSite,numberOfRobotsOnWhiteSite
8169,21,15
timeStep,numberOfRobotsOnBlackSite,numberOfRobotsOnWhiteSite
8170,21,15
timeStep,numberOfRobotsOnBlackSite,numberOfRobotsOnWhiteSite
8171,21,15
timeStep,numberOfRobotsOnBlackSite,numberOfRobotsOnWhiteSite
8172,21,15
timeStep,numberOfRobotsOnBlackSite,numberOfRobotsOnWhiteSite
8173,21,15
timeStep,numberOfRobotsOnBlackSite,numberOfRobotsOnWhiteSite
8174,21,15
timeStep,numberOfRobotsOnBlackSite,numberOfRobotsOnWhiteSite
8175,21,16
timeStep,numberOfRobotsOnBlackSite,numberOfRobotsOnWhiteSite
8176,21,16
timeStep,numberOfRobotsOnBlackSite,numberOfRobotsOnWhiteSite
8177,21,16
timeStep,numberOfRobotsOnBlackSite,numberOfRobotsOnWhiteSite
8178,21,16
timeStep,numberOfRobotsOnBlackSite,numberOfRobotsOnWhiteSite
8179,21,16
timeStep,numberOfRobotsOnBlackSite,numberOfRobotsOnWhiteSite
8180,21,16
timeStep,numberOfRobotsOnBlackSite,numberOfRobotsOnWhiteSite
8181,21,16
timeStep,numberOfRobotsOnBlackSite,numberOfRobotsOnWhiteSite
8182,21,16
timeStep,numberOfRobotsOnBlackSite,numberOfRobotsOnWhiteSite
8183,21,16
timeStep,numberOfRobotsOnBlackSite,numberOfRobotsOnWhiteSite
8184,21,16
timeStep,numberOfRobotsOnBlackSite,numberOfRobotsOnWhiteSite
8185,21,16
timeStep,numberOfRobotsOnBlackSite,numberOfRobotsOnWhiteSite
8186,21,16
timeStep,numberOfRobotsOnBlackSite,numberOfRobotsOnWhiteSite
8187,21,16
timeStep,numberOfRobotsOnBlackSite,numberOfRobotsOnWhiteSite
8188,21,16
timeStep,numberOfRobotsOnBlackSite,numberOfRobotsOnWhiteSite
8189,21,16
timeStep,numberOfRobotsOnBlackSite,numberOfRobotsOnWhiteSite
8190,21,16
timeStep,numberOfRobotsOnBlackSite,numberOfRobotsOnWhiteSite
8191,21,16
timeStep,numberOfRobotsOnBlackSite,numberOfRobotsOnWhiteSite
8192,21,16
timeStep,numberOfRobotsOnBlackSite,numberOfRobotsOnWhiteSite
8193,21,16
timeStep,numberOfRobotsOnBlackSite,numberOfRobotsOnWhiteSite
8194,21,16
timeStep,numberOfRobotsOnBlackSite,numberOfRobotsOnWhiteSite
8195,21,16
timeStep,numberOfRobotsOnBlackSite,numberOfRobotsOnWhiteSite
8196,21,16
timeStep,numberOfRobotsOnBlackSite,numberOfRobotsOnWhiteSite
8197,21,16
timeStep,numberOfRobotsOnBlackSite,numberOfRobotsOnWhiteSite
8198,21,16
timeStep,numberOfRobotsOnBlackSite,numberOfRobotsOnWhiteSite
8199,21,16
timeStep,numberOfRobotsOnBlackSite,numberOfRobotsOnWhiteSite
8200,21,16
timeStep,numberOfRobotsOnBlackSite,numberOfRobotsOnWhiteSite
8201,21,16
timeStep,numberOfRobotsOnBlackSite,numberOfRobotsOnWhiteSite
8202,21,16
timeStep,numberOfRobotsOnBlackSite,numberOfRobotsOnWhiteSite
8203,21,16
timeStep,numberOfRobotsOnBlackSite,numberOfRobotsOnWhiteSite
8204,21,16
timeStep,numberOfRobotsOnBlackSite,numberOfRobotsOnWhiteSite
8205,21,16
timeStep,numberOfRobotsOnBlackSite,numberOfRobotsOnWhiteSite
8206,21,16
timeStep,numberOfRobotsOnBlackSite,numberOfRobotsOnWhiteSite
8207,21,16
timeStep,numberOfRobotsOnBlackSite,numberOfRobotsOnWhiteSite
8208,21,16
timeStep,numberOfRobotsOnBlackSite,numberOfRobotsOnWhiteSite
8209,21,16
timeStep,numberOfRobotsOnBlackSite,numberOfRobotsOnWhiteSite
8210,21,16
timeStep,numberOfRobotsOnBlackSite,numberOfRobotsOnWhiteSite
8211,21,16
timeStep,numberOfRobotsOnBlackSite,numberOfRobotsOnWhiteSite
8212,21,16
timeStep,numberOfRobotsOnBlackSite,numberOfRobotsOnWhiteSite
8213,21,16
timeStep,numberOfRobotsOnBlackSite,numberOfRobotsOnWhiteSite
8214,21,16
timeStep,numberOfRobotsOnBlackSite,numberOfRobotsOnWhiteSite
8215,21,15
timeStep,numberOfRobotsOnBlackSite,numberOfRobotsOnWhiteSite
8216,21,15
timeStep,numberOfRobotsOnBlackSite,numberOfRobotsOnWhiteSite
8217,21,15
timeStep,numberOfRobotsOnBlackSite,numberOfRobotsOnWhiteSite
8218,21,15
timeStep,numberOfRobotsOnBlackSite,numberOfRobotsOnWhiteSite
8219,21,15
timeStep,numberOfRobotsOnBlackSite,numberOfRobotsOnWhiteSite
8220,22,15
timeStep,numberOfRobotsOnBlackSite,numberOfRobotsOnWhiteSite
8221,22,15
timeStep,numberOfRobotsOnBlackSite,numberOfRobotsOnWhiteSite
8222,22,15
timeStep,numberOfRobotsOnBlackSite,numberOfRobotsOnWhiteSite
8223,22,15
timeStep,numberOfRobotsOnBlackSite,numberOfRobotsOnWhiteSite
8224,22,15
timeStep,numberOfRobotsOnBlackSite,numberOfRobotsOnWhiteSite
8225,22,15
timeStep,numberOfRobotsOnBlackSite,numberOfRobotsOnWhiteSite
8226,22,15
timeStep,numberOfRobotsOnBlackSite,numberOfRobotsOnWhiteSite
8227,22,15
timeStep,numberOfRobotsOnBlackSite,numberOfRobotsOnWhiteSite
8228,22,15
timeStep,numberOfRobotsOnBlackSite,numberOfRobotsOnWhiteSite
8229,22,15
timeStep,numberOfRobotsOnBlackSite,numberOfRobotsOnWhiteSite
8230,22,15
timeStep,numberOfRobotsOnBlackSite,numberOfRobotsOnWhiteSite
8231,22,15
timeStep,numberOfRobotsOnBlackSite,numberOfRobotsOnWhiteSite
8232,22,15
timeStep,numberOfRobotsOnBlackSite,numberOfRobotsOnWhiteSite
8233,22,15
timeStep,numberOfRobotsOnBlackSite,numberOfRobotsOnWhiteSite
8234,22,15
timeStep,numberOfRobotsOnBlackSite,numberOfRobotsOnWhiteSite
8235,22,15
timeStep,numberOfRobotsOnBlackSite,numberOfRobotsOnWhiteSite
8236,22,15
timeStep,numberOfRobotsOnBlackSite,numberOfRobotsOnWhiteSite
8237,22,15
timeStep,numberOfRobotsOnBlackSite,numberOfRobotsOnWhiteSite
8238,22,15
timeStep,numberOfRobotsOnBlackSite,numberOfRobotsOnWhiteSite
8239,22,15
timeStep,numberOfRobotsOnBlackSite,numberOfRobotsOnWhiteSite
8240,22,15
timeStep,numberOfRobotsOnBlackSite,numberOfRobotsOnWhiteSite
8241,22,15
timeStep,numberOfRobotsOnBlackSite,numberOfRobotsOnWhiteSite
8242,22,15
timeStep,numberOfRobotsOnBlackSite,numberOfRobotsOnWhiteSite
8243,22,15
timeStep,numberOfRobotsOnBlackSite,numberOfRobotsOnWhiteSite
8244,22,15
timeStep,numberOfRobotsOnBlackSite,numberOfRobotsOnWhiteSite
8245,22,15
timeStep,numberOfRobotsOnBlackSite,numberOfRobotsOnWhiteSite
8246,22,15
timeStep,numberOfRobotsOnBlackSite,numberOfRobotsOnWhiteSite
8247,22,15
timeStep,numberOfRobotsOnBlackSite,numberOfRobotsOnWhiteSite
8248,22,15
timeStep,numberOfRobotsOnBlackSite,numberOfRobotsOnWhiteSite
8249,22,15
timeStep,numberOfRobotsOnBlackSite,numberOfRobotsOnWhiteSite
8250,22,15
timeStep,numberOfRobotsOnBlackSite,numberOfRobotsOnWhiteSite
8251,22,15
timeStep,numberOfRobotsOnBlackSite,numberOfRobotsOnWhiteSite
8252,22,15
timeStep,numberOfRobotsOnBlackSite,numberOfRobotsOnWhiteSite
8253,22,15
timeStep,numberOfRobotsOnBlackSite,numberOfRobotsOnWhiteSite
8254,22,15
timeStep,numberOfRobotsOnBlackSite,numberOfRobotsOnWhiteSite
8255,22,15
timeStep,numberOfRobotsOnBlackSite,numberOfRobotsOnWhiteSite
8256,22,15
timeStep,numberOfRobotsOnBlackSite,numberOfRobotsOnWhiteSite
8257,22,15
timeStep,numberOfRobotsOnBlackSite,numberOfRobotsOnWhiteSite
8258,22,15
timeStep,numberOfRobotsOnBlackSite,numberOfRobotsOnWhiteSite
8259,22,15
timeStep,numberOfRobotsOnBlackSite,numberOfRobotsOnWhiteSite
8260,22,15
timeStep,numberOfRobotsOnBlackSite,numberOfRobotsOnWhiteSite
8261,22,15
timeStep,numberOfRobotsOnBlackSite,numberOfRobotsOnWhiteSite
8262,22,15
timeStep,numberOfRobotsOnBlackSite,numberOfRobotsOnWhiteSite
8263,22,15
timeStep,numberOfRobotsOnBlackSite,numberOfRobotsOnWhiteSite
8264,22,15
timeStep,numberOfRobotsOnBlackSite,numberOfRobotsOnWhiteSite
8265,22,15
timeStep,numberOfRobotsOnBlackSite,numberOfRobotsOnWhiteSite
8266,22,15
timeStep,numberOfRobotsOnBlackSite,numberOfRobotsOnWhiteSite
8267,22,15
timeStep,numberOfRobotsOnBlackSite,numberOfRobotsOnWhiteSite
8268,22,15
timeStep,numberOfRobotsOnBlackSite,numberOfRobotsOnWhiteSite
8269,22,15
timeStep,numberOfRobotsOnBlackSite,numberOfRobotsOnWhiteSite
8270,22,15
timeStep,numberOfRobotsOnBlackSite,numberOfRobotsOnWhiteSite
8271,22,15
timeStep,numberOfRobotsOnBlackSite,numberOfRobotsOnWhiteSite
8272,22,15
timeStep,numberOfRobotsOnBlackSite,numberOfRobotsOnWhiteSite
8273,22,15
timeStep,numberOfRobotsOnBlackSite,numberOfRobotsOnWhiteSite
8274,22,15
timeStep,numberOfRobotsOnBlackSite,numberOfRobotsOnWhiteSite
8275,22,16
timeStep,numberOfRobotsOnBlackSite,numberOfRobotsOnWhiteSite
8276,22,16
timeStep,numberOfRobotsOnBlackSite,numberOfRobotsOnWhiteSite
8277,22,16
timeStep,numberOfRobotsOnBlackSite,numberOfRobotsOnWhiteSite
8278,22,16
timeStep,numberOfRobotsOnBlackSite,numberOfRobotsOnWhiteSite
8279,22,16
timeStep,numberOfRobotsOnBlackSite,numberOfRobotsOnWhiteSite
8280,22,16
timeStep,numberOfRobotsOnBlackSite,numberOfRobotsOnWhiteSite
8281,22,16
timeStep,numberOfRobotsOnBlackSite,numberOfRobotsOnWhiteSite
8282,22,16
timeStep,numberOfRobotsOnBlackSite,numberOfRobotsOnWhiteSite
8283,22,16
timeStep,numberOfRobotsOnBlackSite,numberOfRobotsOnWhiteSite
8284,22,16
timeStep,numberOfRobotsOnBlackSite,numberOfRobotsOnWhiteSite
8285,22,16
timeStep,numberOfRobotsOnBlackSite,numberOfRobotsOnWhiteSite
8286,22,16
timeStep,numberOfRobotsOnBlackSite,numberOfRobotsOnWhiteSite
8287,22,16
timeStep,numberOfRobotsOnBlackSite,numberOfRobotsOnWhiteSite
8288,22,16
timeStep,numberOfRobotsOnBlackSite,numberOfRobotsOnWhiteSite
8289,22,16
timeStep,numberOfRobotsOnBlackSite,numberOfRobotsOnWhiteSite
8290,22,16
timeStep,numberOfRobotsOnBlackSite,numberOfRobotsOnWhiteSite
8291,22,16
timeStep,numberOfRobotsOnBlackSite,numberOfRobotsOnWhiteSite
8292,22,16
timeStep,numberOfRobotsOnBlackSite,numberOfRobotsOnWhiteSite
8293,22,16
timeStep,numberOfRobotsOnBlackSite,numberOfRobotsOnWhiteSite
8294,22,16
timeStep,numberOfRobotsOnBlackSite,numberOfRobotsOnWhiteSite
8295,22,16
timeStep,numberOfRobotsOnBlackSite,numberOfRobotsOnWhiteSite
8296,22,16
timeStep,numberOfRobotsOnBlackSite,numberOfRobotsOnWhiteSite
8297,22,16
timeStep,numberOfRobotsOnBlackSite,numberOfRobotsOnWhiteSite
8298,22,16
timeStep,numberOfRobotsOnBlackSite,numberOfRobotsOnWhiteSite
8299,22,16
timeStep,numberOfRobotsOnBlackSite,numberOfRobotsOnWhiteSite
8300,21,16
timeStep,numberOfRobotsOnBlackSite,numberOfRobotsOnWhiteSite
8301,21,16
timeStep,numberOfRobotsOnBlackSite,numberOfRobotsOnWhiteSite
8302,21,16
timeStep,numberOfRobotsOnBlackSite,numberOfRobotsOnWhiteSite
8303,21,16
timeStep,numberOfRobotsOnBlackSite,numberOfRobotsOnWhiteSite
8304,21,16
timeStep,numberOfRobotsOnBlackSite,numberOfRobotsOnWhiteSite
8305,21,16
timeStep,numberOfRobotsOnBlackSite,numberOfRobotsOnWhiteSite
8306,21,16
timeStep,numberOfRobotsOnBlackSite,numberOfRobotsOnWhiteSite
8307,21,16
timeStep,numberOfRobotsOnBlackSite,numberOfRobotsOnWhiteSite
8308,21,16
timeStep,numberOfRobotsOnBlackSite,numberOfRobotsOnWhiteSite
8309,21,16
timeStep,numberOfRobotsOnBlackSite,numberOfRobotsOnWhiteSite
8310,21,16
timeStep,numberOfRobotsOnBlackSite,numberOfRobotsOnWhiteSite
8311,21,16
timeStep,numberOfRobotsOnBlackSite,numberOfRobotsOnWhiteSite
8312,21,16
timeStep,numberOfRobotsOnBlackSite,numberOfRobotsOnWhiteSite
8313,21,16
timeStep,numberOfRobotsOnBlackSite,numberOfRobotsOnWhiteSite
8314,21,16
timeStep,numberOfRobotsOnBlackSite,numberOfRobotsOnWhiteSite
8315,21,16
timeStep,numberOfRobotsOnBlackSite,numberOfRobotsOnWhiteSite
8316,21,16
timeStep,numberOfRobotsOnBlackSite,numberOfRobotsOnWhiteSite
8317,21,16
timeStep,numberOfRobotsOnBlackSite,numberOfRobotsOnWhiteSite
8318,21,16
timeStep,numberOfRobotsOnBlackSite,numberOfRobotsOnWhiteSite
8319,21,16
timeStep,numberOfRobotsOnBlackSite,numberOfRobotsOnWhiteSite
8320,21,16
timeStep,numberOfRobotsOnBlackSite,numberOfRobotsOnWhiteSite
8321,21,16
timeStep,numberOfRobotsOnBlackSite,numberOfRobotsOnWhiteSite
8322,21,16
timeStep,numberOfRobotsOnBlackSite,numberOfRobotsOnWhiteSite
8323,21,16
timeStep,numberOfRobotsOnBlackSite,numberOfRobotsOnWhiteSite
8324,21,16
timeStep,numberOfRobotsOnBlackSite,numberOfRobotsOnWhiteSite
8325,21,16
timeStep,numberOfRobotsOnBlackSite,numberOfRobotsOnWhiteSite
8326,21,16
timeStep,numberOfRobotsOnBlackSite,numberOfRobotsOnWhiteSite
8327,21,16
timeStep,numberOfRobotsOnBlackSite,numberOfRobotsOnWhiteSite
8328,21,16
timeStep,numberOfRobotsOnBlackSite,numberOfRobotsOnWhiteSite
8329,21,16
timeStep,numberOfRobotsOnBlackSite,numberOfRobotsOnWhiteSite
8330,21,16
timeStep,numberOfRobotsOnBlackSite,numberOfRobotsOnWhiteSite
8331,21,16
timeStep,numberOfRobotsOnBlackSite,numberOfRobotsOnWhiteSite
8332,21,16
timeStep,numberOfRobotsOnBlackSite,numberOfRobotsOnWhiteSite
8333,21,16
timeStep,numberOfRobotsOnBlackSite,numberOfRobotsOnWhiteSite
8334,21,16
timeStep,numberOfRobotsOnBlackSite,numberOfRobotsOnWhiteSite
8335,21,16
timeStep,numberOfRobotsOnBlackSite,numberOfRobotsOnWhiteSite
8336,21,16
timeStep,numberOfRobotsOnBlackSite,numberOfRobotsOnWhiteSite
8337,21,16
timeStep,numberOfRobotsOnBlackSite,numberOfRobotsOnWhiteSite
8338,21,16
timeStep,numberOfRobotsOnBlackSite,numberOfRobotsOnWhiteSite
8339,21,16
timeStep,numberOfRobotsOnBlackSite,numberOfRobotsOnWhiteSite
8340,21,16
timeStep,numberOfRobotsOnBlackSite,numberOfRobotsOnWhiteSite
8341,21,16
timeStep,numberOfRobotsOnBlackSite,numberOfRobotsOnWhiteSite
8342,21,16
timeStep,numberOfRobotsOnBlackSite,numberOfRobotsOnWhiteSite
8343,21,16
timeStep,numberOfRobotsOnBlackSite,numberOfRobotsOnWhiteSite
8344,21,16
timeStep,numberOfRobotsOnBlackSite,numberOfRobotsOnWhiteSite
8345,21,16
timeStep,numberOfRobotsOnBlackSite,numberOfRobotsOnWhiteSite
8346,21,16
timeStep,numberOfRobotsOnBlackSite,numberOfRobotsOnWhiteSite
8347,21,16
timeStep,numberOfRobotsOnBlackSite,numberOfRobotsOnWhiteSite
8348,21,16
timeStep,numberOfRobotsOnBlackSite,numberOfRobotsOnWhiteSite
8349,21,16
timeStep,numberOfRobotsOnBlackSite,numberOfRobotsOnWhiteSite
8350,21,16
timeStep,numberOfRobotsOnBlackSite,numberOfRobotsOnWhiteSite
8351,21,16
timeStep,numberOfRobotsOnBlackSite,numberOfRobotsOnWhiteSite
8352,21,16
timeStep,numberOfRobotsOnBlackSite,numberOfRobotsOnWhiteSite
8353,21,16
timeStep,numberOfRobotsOnBlackSite,numberOfRobotsOnWhiteSite
8354,21,16
timeStep,numberOfRobotsOnBlackSite,numberOfRobotsOnWhiteSite
8355,21,16
timeStep,numberOfRobotsOnBlackSite,numberOfRobotsOnWhiteSite
8356,21,16
timeStep,numberOfRobotsOnBlackSite,numberOfRobotsOnWhiteSite
8357,21,16
timeStep,numberOfRobotsOnBlackSite,numberOfRobotsOnWhiteSite
8358,21,16
timeStep,numberOfRobotsOnBlackSite,numberOfRobotsOnWhiteSite
8359,21,16
timeStep,numberOfRobotsOnBlackSite,numberOfRobotsOnWhiteSite
8360,22,16
timeStep,numberOfRobotsOnBlackSite,numberOfRobotsOnWhiteSite
8361,22,16
timeStep,numberOfRobotsOnBlackSite,numberOfRobotsOnWhiteSite
8362,22,16
timeStep,numberOfRobotsOnBlackSite,numberOfRobotsOnWhiteSite
8363,22,16
timeStep,numberOfRobotsOnBlackSite,numberOfRobotsOnWhiteSite
8364,22,16
timeStep,numberOfRobotsOnBlackSite,numberOfRobotsOnWhiteSite
8365,22,16
timeStep,numberOfRobotsOnBlackSite,numberOfRobotsOnWhiteSite
8366,22,16
timeStep,numberOfRobotsOnBlackSite,numberOfRobotsOnWhiteSite
8367,22,16
timeStep,numberOfRobotsOnBlackSite,numberOfRobotsOnWhiteSite
8368,22,16
timeStep,numberOfRobotsOnBlackSite,numberOfRobotsOnWhiteSite
8369,22,16
timeStep,numberOfRobotsOnBlackSite,numberOfRobotsOnWhiteSite
8370,22,15
timeStep,numberOfRobotsOnBlackSite,numberOfRobotsOnWhiteSite
8371,22,15
timeStep,numberOfRobotsOnBlackSite,numberOfRobotsOnWhiteSite
8372,22,15
timeStep,numberOfRobotsOnBlackSite,numberOfRobotsOnWhiteSite
8373,22,15
timeStep,numberOfRobotsOnBlackSite,numberOfRobotsOnWhiteSite
8374,22,15
timeStep,numberOfRobotsOnBlackSite,numberOfRobotsOnWhiteSite
8375,22,15
timeStep,numberOfRobotsOnBlackSite,numberOfRobotsOnWhiteSite
8376,22,15
timeStep,numberOfRobotsOnBlackSite,numberOfRobotsOnWhiteSite
8377,22,15
timeStep,numberOfRobotsOnBlackSite,numberOfRobotsOnWhiteSite
8378,22,15
timeStep,numberOfRobotsOnBlackSite,numberOfRobotsOnWhiteSite
8379,22,15
timeStep,numberOfRobotsOnBlackSite,numberOfRobotsOnWhiteSite
8380,22,15
timeStep,numberOfRobotsOnBlackSite,numberOfRobotsOnWhiteSite
8381,22,15
timeStep,numberOfRobotsOnBlackSite,numberOfRobotsOnWhiteSite
8382,22,15
timeStep,numberOfRobotsOnBlackSite,numberOfRobotsOnWhiteSite
8383,22,15
timeStep,numberOfRobotsOnBlackSite,numberOfRobotsOnWhiteSite
8384,22,15
timeStep,numberOfRobotsOnBlackSite,numberOfRobotsOnWhiteSite
8385,22,15
timeStep,numberOfRobotsOnBlackSite,numberOfRobotsOnWhiteSite
8386,22,15
timeStep,numberOfRobotsOnBlackSite,numberOfRobotsOnWhiteSite
8387,22,15
timeStep,numberOfRobotsOnBlackSite,numberOfRobotsOnWhiteSite
8388,22,15
timeStep,numberOfRobotsOnBlackSite,numberOfRobotsOnWhiteSite
8389,22,15
timeStep,numberOfRobotsOnBlackSite,numberOfRobotsOnWhiteSite
8390,22,15
timeStep,numberOfRobotsOnBlackSite,numberOfRobotsOnWhiteSite
8391,22,15
timeStep,numberOfRobotsOnBlackSite,numberOfRobotsOnWhiteSite
8392,22,15
timeStep,numberOfRobotsOnBlackSite,numberOfRobotsOnWhiteSite
8393,22,15
timeStep,numberOfRobotsOnBlackSite,numberOfRobotsOnWhiteSite
8394,22,15
timeStep,numberOfRobotsOnBlackSite,numberOfRobotsOnWhiteSite
8395,22,15
timeStep,numberOfRobotsOnBlackSite,numberOfRobotsOnWhiteSite
8396,22,15
timeStep,numberOfRobotsOnBlackSite,numberOfRobotsOnWhiteSite
8397,22,15
timeStep,numberOfRobotsOnBlackSite,numberOfRobotsOnWhiteSite
8398,22,15
timeStep,numberOfRobotsOnBlackSite,numberOfRobotsOnWhiteSite
8399,22,15
timeStep,numberOfRobotsOnBlackSite,numberOfRobotsOnWhiteSite
8400,22,15
timeStep,numberOfRobotsOnBlackSite,numberOfRobotsOnWhiteSite
8401,22,15
timeStep,numberOfRobotsOnBlackSite,numberOfRobotsOnWhiteSite
8402,22,15
timeStep,numberOfRobotsOnBlackSite,numberOfRobotsOnWhiteSite
8403,22,15
timeStep,numberOfRobotsOnBlackSite,numberOfRobotsOnWhiteSite
8404,22,15
timeStep,numberOfRobotsOnBlackSite,numberOfRobotsOnWhiteSite
8405,22,15
timeStep,numberOfRobotsOnBlackSite,numberOfRobotsOnWhiteSite
8406,22,15
timeStep,numberOfRobotsOnBlackSite,numberOfRobotsOnWhiteSite
8407,22,15
timeStep,numberOfRobotsOnBlackSite,numberOfRobotsOnWhiteSite
8408,22,15
timeStep,numberOfRobotsOnBlackSite,numberOfRobotsOnWhiteSite
8409,22,15
timeStep,numberOfRobotsOnBlackSite,numberOfRobotsOnWhiteSite
8410,22,15
timeStep,numberOfRobotsOnBlackSite,numberOfRobotsOnWhiteSite
8411,22,15
timeStep,numberOfRobotsOnBlackSite,numberOfRobotsOnWhiteSite
8412,22,15
timeStep,numberOfRobotsOnBlackSite,numberOfRobotsOnWhiteSite
8413,22,15
timeStep,numberOfRobotsOnBlackSite,numberOfRobotsOnWhiteSite
8414,22,15
timeStep,numberOfRobotsOnBlackSite,numberOfRobotsOnWhiteSite
8415,22,15
timeStep,numberOfRobotsOnBlackSite,numberOfRobotsOnWhiteSite
8416,22,15
timeStep,numberOfRobotsOnBlackSite,numberOfRobotsOnWhiteSite
8417,22,15
timeStep,numberOfRobotsOnBlackSite,numberOfRobotsOnWhiteSite
8418,22,15
timeStep,numberOfRobotsOnBlackSite,numberOfRobotsOnWhiteSite
8419,22,15
timeStep,numberOfRobotsOnBlackSite,numberOfRobotsOnWhiteSite
8420,22,15
timeStep,numberOfRobotsOnBlackSite,numberOfRobotsOnWhiteSite
8421,22,15
timeStep,numberOfRobotsOnBlackSite,numberOfRobotsOnWhiteSite
8422,22,15
timeStep,numberOfRobotsOnBlackSite,numberOfRobotsOnWhiteSite
8423,22,15
timeStep,numberOfRobotsOnBlackSite,numberOfRobotsOnWhiteSite
8424,22,15
timeStep,numberOfRobotsOnBlackSite,numberOfRobotsOnWhiteSite
8425,22,15
timeStep,numberOfRobotsOnBlackSite,numberOfRobotsOnWhiteSite
8426,22,15
timeStep,numberOfRobotsOnBlackSite,numberOfRobotsOnWhiteSite
8427,22,15
timeStep,numberOfRobotsOnBlackSite,numberOfRobotsOnWhiteSite
8428,22,15
timeStep,numberOfRobotsOnBlackSite,numberOfRobotsOnWhiteSite
8429,22,15
timeStep,numberOfRobotsOnBlackSite,numberOfRobotsOnWhiteSite
8430,22,15
timeStep,numberOfRobotsOnBlackSite,numberOfRobotsOnWhiteSite
8431,22,15
timeStep,numberOfRobotsOnBlackSite,numberOfRobotsOnWhiteSite
8432,22,15
timeStep,numberOfRobotsOnBlackSite,numberOfRobotsOnWhiteSite
8433,22,15
timeStep,numberOfRobotsOnBlackSite,numberOfRobotsOnWhiteSite
8434,22,15
timeStep,numberOfRobotsOnBlackSite,numberOfRobotsOnWhiteSite
8435,22,15
timeStep,numberOfRobotsOnBlackSite,numberOfRobotsOnWhiteSite
8436,22,15
timeStep,numberOfRobotsOnBlackSite,numberOfRobotsOnWhiteSite
8437,22,15
timeStep,numberOfRobotsOnBlackSite,numberOfRobotsOnWhiteSite
8438,22,15
timeStep,numberOfRobotsOnBlackSite,numberOfRobotsOnWhiteSite
8439,22,15
timeStep,numberOfRobotsOnBlackSite,numberOfRobotsOnWhiteSite
8440,22,16
timeStep,numberOfRobotsOnBlackSite,numberOfRobotsOnWhiteSite
8441,22,16
timeStep,numberOfRobotsOnBlackSite,numberOfRobotsOnWhiteSite
8442,22,16
timeStep,numberOfRobotsOnBlackSite,numberOfRobotsOnWhiteSite
8443,22,16
timeStep,numberOfRobotsOnBlackSite,numberOfRobotsOnWhiteSite
8444,22,16
timeStep,numberOfRobotsOnBlackSite,numberOfRobotsOnWhiteSite
8445,22,16
timeStep,numberOfRobotsOnBlackSite,numberOfRobotsOnWhiteSite
8446,22,16
timeStep,numberOfRobotsOnBlackSite,numberOfRobotsOnWhiteSite
8447,22,16
timeStep,numberOfRobotsOnBlackSite,numberOfRobotsOnWhiteSite
8448,22,16
timeStep,numberOfRobotsOnBlackSite,numberOfRobotsOnWhiteSite
8449,22,16
timeStep,numberOfRobotsOnBlackSite,numberOfRobotsOnWhiteSite
8450,22,16
timeStep,numberOfRobotsOnBlackSite,numberOfRobotsOnWhiteSite
8451,22,16
timeStep,numberOfRobotsOnBlackSite,numberOfRobotsOnWhiteSite
8452,22,16
timeStep,numberOfRobotsOnBlackSite,numberOfRobotsOnWhiteSite
8453,22,16
timeStep,numberOfRobotsOnBlackSite,numberOfRobotsOnWhiteSite
8454,22,16
timeStep,numberOfRobotsOnBlackSite,numberOfRobotsOnWhiteSite
8455,22,16
timeStep,numberOfRobotsOnBlackSite,numberOfRobotsOnWhiteSite
8456,22,16
timeStep,numberOfRobotsOnBlackSite,numberOfRobotsOnWhiteSite
8457,22,16
timeStep,numberOfRobotsOnBlackSite,numberOfRobotsOnWhiteSite
8458,22,16
timeStep,numberOfRobotsOnBlackSite,numberOfRobotsOnWhiteSite
8459,22,16
timeStep,numberOfRobotsOnBlackSite,numberOfRobotsOnWhiteSite
8460,22,16
timeStep,numberOfRobotsOnBlackSite,numberOfRobotsOnWhiteSite
8461,22,16
timeStep,numberOfRobotsOnBlackSite,numberOfRobotsOnWhiteSite
8462,22,16
timeStep,numberOfRobotsOnBlackSite,numberOfRobotsOnWhiteSite
8463,22,16
timeStep,numberOfRobotsOnBlackSite,numberOfRobotsOnWhiteSite
8464,22,16
timeStep,numberOfRobotsOnBlackSite,numberOfRobotsOnWhiteSite
8465,22,17
timeStep,numberOfRobotsOnBlackSite,numberOfRobotsOnWhiteSite
8466,22,17
timeStep,numberOfRobotsOnBlackSite,numberOfRobotsOnWhiteSite
8467,22,17
timeStep,numberOfRobotsOnBlackSite,numberOfRobotsOnWhiteSite
8468,22,17
timeStep,numberOfRobotsOnBlackSite,numberOfRobotsOnWhiteSite
8469,22,17
timeStep,numberOfRobotsOnBlackSite,numberOfRobotsOnWhiteSite
8470,22,17
timeStep,numberOfRobotsOnBlackSite,numberOfRobotsOnWhiteSite
8471,22,17
timeStep,numberOfRobotsOnBlackSite,numberOfRobotsOnWhiteSite
8472,22,17
timeStep,numberOfRobotsOnBlackSite,numberOfRobotsOnWhiteSite
8473,22,17
timeStep,numberOfRobotsOnBlackSite,numberOfRobotsOnWhiteSite
8474,22,17
timeStep,numberOfRobotsOnBlackSite,numberOfRobotsOnWhiteSite
8475,22,17
timeStep,numberOfRobotsOnBlackSite,numberOfRobotsOnWhiteSite
8476,22,17
timeStep,numberOfRobotsOnBlackSite,numberOfRobotsOnWhiteSite
8477,22,17
timeStep,numberOfRobotsOnBlackSite,numberOfRobotsOnWhiteSite
8478,22,17
timeStep,numberOfRobotsOnBlackSite,numberOfRobotsOnWhiteSite
8479,22,17
timeStep,numberOfRobotsOnBlackSite,numberOfRobotsOnWhiteSite
8480,22,17
timeStep,numberOfRobotsOnBlackSite,numberOfRobotsOnWhiteSite
8481,22,17
timeStep,numberOfRobotsOnBlackSite,numberOfRobotsOnWhiteSite
8482,22,17
timeStep,numberOfRobotsOnBlackSite,numberOfRobotsOnWhiteSite
8483,22,17
timeStep,numberOfRobotsOnBlackSite,numberOfRobotsOnWhiteSite
8484,22,17
timeStep,numberOfRobotsOnBlackSite,numberOfRobotsOnWhiteSite
8485,22,17
timeStep,numberOfRobotsOnBlackSite,numberOfRobotsOnWhiteSite
8486,22,17
timeStep,numberOfRobotsOnBlackSite,numberOfRobotsOnWhiteSite
8487,22,17
timeStep,numberOfRobotsOnBlackSite,numberOfRobotsOnWhiteSite
8488,22,17
timeStep,numberOfRobotsOnBlackSite,numberOfRobotsOnWhiteSite
8489,22,17
timeStep,numberOfRobotsOnBlackSite,numberOfRobotsOnWhiteSite
8490,22,17
timeStep,numberOfRobotsOnBlackSite,numberOfRobotsOnWhiteSite
8491,22,17
timeStep,numberOfRobotsOnBlackSite,numberOfRobotsOnWhiteSite
8492,22,17
timeStep,numberOfRobotsOnBlackSite,numberOfRobotsOnWhiteSite
8493,22,17
timeStep,numberOfRobotsOnBlackSite,numberOfRobotsOnWhiteSite
8494,22,17
timeStep,numberOfRobotsOnBlackSite,numberOfRobotsOnWhiteSite
8495,22,17
timeStep,numberOfRobotsOnBlackSite,numberOfRobotsOnWhiteSite
8496,22,17
timeStep,numberOfRobotsOnBlackSite,numberOfRobotsOnWhiteSite
8497,22,17
timeStep,numberOfRobotsOnBlackSite,numberOfRobotsOnWhiteSite
8498,22,17
timeStep,numberOfRobotsOnBlackSite,numberOfRobotsOnWhiteSite
8499,22,17
timeStep,numberOfRobotsOnBlackSite,numberOfRobotsOnWhiteSite
8500,23,17
timeStep,numberOfRobotsOnBlackSite,numberOfRobotsOnWhiteSite
8501,23,17
timeStep,numberOfRobotsOnBlackSite,numberOfRobotsOnWhiteSite
8502,23,17
timeStep,numberOfRobotsOnBlackSite,numberOfRobotsOnWhiteSite
8503,23,17
timeStep,numberOfRobotsOnBlackSite,numberOfRobotsOnWhiteSite
8504,23,17
timeStep,numberOfRobotsOnBlackSite,numberOfRobotsOnWhiteSite
8505,23,17
timeStep,numberOfRobotsOnBlackSite,numberOfRobotsOnWhiteSite
8506,23,17
timeStep,numberOfRobotsOnBlackSite,numberOfRobotsOnWhiteSite
8507,23,17
timeStep,numberOfRobotsOnBlackSite,numberOfRobotsOnWhiteSite
8508,23,17
timeStep,numberOfRobotsOnBlackSite,numberOfRobotsOnWhiteSite
8509,23,17
timeStep,numberOfRobotsOnBlackSite,numberOfRobotsOnWhiteSite
8510,23,17
timeStep,numberOfRobotsOnBlackSite,numberOfRobotsOnWhiteSite
8511,23,17
timeStep,numberOfRobotsOnBlackSite,numberOfRobotsOnWhiteSite
8512,23,17
timeStep,numberOfRobotsOnBlackSite,numberOfRobotsOnWhiteSite
8513,23,17
timeStep,numberOfRobotsOnBlackSite,numberOfRobotsOnWhiteSite
8514,23,17
timeStep,numberOfRobotsOnBlackSite,numberOfRobotsOnWhiteSite
8515,23,17
timeStep,numberOfRobotsOnBlackSite,numberOfRobotsOnWhiteSite
8516,23,17
timeStep,numberOfRobotsOnBlackSite,numberOfRobotsOnWhiteSite
8517,23,17
timeStep,numberOfRobotsOnBlackSite,numberOfRobotsOnWhiteSite
8518,23,17
timeStep,numberOfRobotsOnBlackSite,numberOfRobotsOnWhiteSite
8519,23,17
timeStep,numberOfRobotsOnBlackSite,numberOfRobotsOnWhiteSite
8520,23,17
timeStep,numberOfRobotsOnBlackSite,numberOfRobotsOnWhiteSite
8521,23,17
timeStep,numberOfRobotsOnBlackSite,numberOfRobotsOnWhiteSite
8522,23,17
timeStep,numberOfRobotsOnBlackSite,numberOfRobotsOnWhiteSite
8523,23,17
timeStep,numberOfRobotsOnBlackSite,numberOfRobotsOnWhiteSite
8524,23,17
timeStep,numberOfRobotsOnBlackSite,numberOfRobotsOnWhiteSite
8525,23,17
timeStep,numberOfRobotsOnBlackSite,numberOfRobotsOnWhiteSite
8526,23,17
timeStep,numberOfRobotsOnBlackSite,numberOfRobotsOnWhiteSite
8527,23,17
timeStep,numberOfRobotsOnBlackSite,numberOfRobotsOnWhiteSite
8528,23,17
timeStep,numberOfRobotsOnBlackSite,numberOfRobotsOnWhiteSite
8529,23,17
timeStep,numberOfRobotsOnBlackSite,numberOfRobotsOnWhiteSite
8530,23,17
timeStep,numberOfRobotsOnBlackSite,numberOfRobotsOnWhiteSite
8531,23,17
timeStep,numberOfRobotsOnBlackSite,numberOfRobotsOnWhiteSite
8532,23,17
timeStep,numberOfRobotsOnBlackSite,numberOfRobotsOnWhiteSite
8533,23,17
timeStep,numberOfRobotsOnBlackSite,numberOfRobotsOnWhiteSite
8534,23,17
timeStep,numberOfRobotsOnBlackSite,numberOfRobotsOnWhiteSite
8535,23,17
timeStep,numberOfRobotsOnBlackSite,numberOfRobotsOnWhiteSite
8536,23,17
timeStep,numberOfRobotsOnBlackSite,numberOfRobotsOnWhiteSite
8537,23,17
timeStep,numberOfRobotsOnBlackSite,numberOfRobotsOnWhiteSite
8538,23,17
timeStep,numberOfRobotsOnBlackSite,numberOfRobotsOnWhiteSite
8539,23,17
timeStep,numberOfRobotsOnBlackSite,numberOfRobotsOnWhiteSite
8540,23,17
timeStep,numberOfRobotsOnBlackSite,numberOfRobotsOnWhiteSite
8541,23,17
timeStep,numberOfRobotsOnBlackSite,numberOfRobotsOnWhiteSite
8542,23,17
timeStep,numberOfRobotsOnBlackSite,numberOfRobotsOnWhiteSite
8543,23,17
timeStep,numberOfRobotsOnBlackSite,numberOfRobotsOnWhiteSite
8544,23,17
timeStep,numberOfRobotsOnBlackSite,numberOfRobotsOnWhiteSite
8545,23,17
timeStep,numberOfRobotsOnBlackSite,numberOfRobotsOnWhiteSite
8546,23,17
timeStep,numberOfRobotsOnBlackSite,numberOfRobotsOnWhiteSite
8547,23,17
timeStep,numberOfRobotsOnBlackSite,numberOfRobotsOnWhiteSite
8548,23,17
timeStep,numberOfRobotsOnBlackSite,numberOfRobotsOnWhiteSite
8549,23,17
timeStep,numberOfRobotsOnBlackSite,numberOfRobotsOnWhiteSite
8550,23,18
timeStep,numberOfRobotsOnBlackSite,numberOfRobotsOnWhiteSite
8551,23,18
timeStep,numberOfRobotsOnBlackSite,numberOfRobotsOnWhiteSite
8552,23,18
timeStep,numberOfRobotsOnBlackSite,numberOfRobotsOnWhiteSite
8553,23,18
timeStep,numberOfRobotsOnBlackSite,numberOfRobotsOnWhiteSite
8554,23,18
timeStep,numberOfRobotsOnBlackSite,numberOfRobotsOnWhiteSite
8555,23,18
timeStep,numberOfRobotsOnBlackSite,numberOfRobotsOnWhiteSite
8556,23,18
timeStep,numberOfRobotsOnBlackSite,numberOfRobotsOnWhiteSite
8557,23,18
timeStep,numberOfRobotsOnBlackSite,numberOfRobotsOnWhiteSite
8558,23,18
timeStep,numberOfRobotsOnBlackSite,numberOfRobotsOnWhiteSite
8559,23,18
timeStep,numberOfRobotsOnBlackSite,numberOfRobotsOnWhiteSite
8560,23,18
timeStep,numberOfRobotsOnBlackSite,numberOfRobotsOnWhiteSite
8561,23,18
timeStep,numberOfRobotsOnBlackSite,numberOfRobotsOnWhiteSite
8562,23,18
timeStep,numberOfRobotsOnBlackSite,numberOfRobotsOnWhiteSite
8563,23,18
timeStep,numberOfRobotsOnBlackSite,numberOfRobotsOnWhiteSite
8564,23,18
timeStep,numberOfRobotsOnBlackSite,numberOfRobotsOnWhiteSite
8565,23,18
timeStep,numberOfRobotsOnBlackSite,numberOfRobotsOnWhiteSite
8566,23,18
timeStep,numberOfRobotsOnBlackSite,numberOfRobotsOnWhiteSite
8567,23,18
timeStep,numberOfRobotsOnBlackSite,numberOfRobotsOnWhiteSite
8568,23,18
timeStep,numberOfRobotsOnBlackSite,numberOfRobotsOnWhiteSite
8569,23,18
timeStep,numberOfRobotsOnBlackSite,numberOfRobotsOnWhiteSite
8570,23,18
timeStep,numberOfRobotsOnBlackSite,numberOfRobotsOnWhiteSite
8571,23,18
timeStep,numberOfRobotsOnBlackSite,numberOfRobotsOnWhiteSite
8572,23,18
timeStep,numberOfRobotsOnBlackSite,numberOfRobotsOnWhiteSite
8573,23,18
timeStep,numberOfRobotsOnBlackSite,numberOfRobotsOnWhiteSite
8574,23,18
timeStep,numberOfRobotsOnBlackSite,numberOfRobotsOnWhiteSite
8575,23,18
timeStep,numberOfRobotsOnBlackSite,numberOfRobotsOnWhiteSite
8576,23,18
timeStep,numberOfRobotsOnBlackSite,numberOfRobotsOnWhiteSite
8577,23,18
timeStep,numberOfRobotsOnBlackSite,numberOfRobotsOnWhiteSite
8578,23,18
timeStep,numberOfRobotsOnBlackSite,numberOfRobotsOnWhiteSite
8579,23,18
timeStep,numberOfRobotsOnBlackSite,numberOfRobotsOnWhiteSite
8580,23,18
timeStep,numberOfRobotsOnBlackSite,numberOfRobotsOnWhiteSite
8581,23,18
timeStep,numberOfRobotsOnBlackSite,numberOfRobotsOnWhiteSite
8582,23,18
timeStep,numberOfRobotsOnBlackSite,numberOfRobotsOnWhiteSite
8583,23,18
timeStep,numberOfRobotsOnBlackSite,numberOfRobotsOnWhiteSite
8584,23,18
timeStep,numberOfRobotsOnBlackSite,numberOfRobotsOnWhiteSite
8585,23,18
timeStep,numberOfRobotsOnBlackSite,numberOfRobotsOnWhiteSite
8586,23,18
timeStep,numberOfRobotsOnBlackSite,numberOfRobotsOnWhiteSite
8587,23,18
timeStep,numberOfRobotsOnBlackSite,numberOfRobotsOnWhiteSite
8588,23,18
timeStep,numberOfRobotsOnBlackSite,numberOfRobotsOnWhiteSite
8589,23,18
timeStep,numberOfRobotsOnBlackSite,numberOfRobotsOnWhiteSite
8590,22,18
timeStep,numberOfRobotsOnBlackSite,numberOfRobotsOnWhiteSite
8591,22,18
timeStep,numberOfRobotsOnBlackSite,numberOfRobotsOnWhiteSite
8592,22,18
timeStep,numberOfRobotsOnBlackSite,numberOfRobotsOnWhiteSite
8593,22,18
timeStep,numberOfRobotsOnBlackSite,numberOfRobotsOnWhiteSite
8594,22,18
timeStep,numberOfRobotsOnBlackSite,numberOfRobotsOnWhiteSite
8595,22,18
timeStep,numberOfRobotsOnBlackSite,numberOfRobotsOnWhiteSite
8596,22,18
timeStep,numberOfRobotsOnBlackSite,numberOfRobotsOnWhiteSite
8597,22,18
timeStep,numberOfRobotsOnBlackSite,numberOfRobotsOnWhiteSite
8598,22,18
timeStep,numberOfRobotsOnBlackSite,numberOfRobotsOnWhiteSite
8599,22,18
timeStep,numberOfRobotsOnBlackSite,numberOfRobotsOnWhiteSite
8600,21,18
timeStep,numberOfRobotsOnBlackSite,numberOfRobotsOnWhiteSite
8601,21,18
timeStep,numberOfRobotsOnBlackSite,numberOfRobotsOnWhiteSite
8602,21,18
timeStep,numberOfRobotsOnBlackSite,numberOfRobotsOnWhiteSite
8603,21,18
timeStep,numberOfRobotsOnBlackSite,numberOfRobotsOnWhiteSite
8604,21,18
timeStep,numberOfRobotsOnBlackSite,numberOfRobotsOnWhiteSite
8605,21,18
timeStep,numberOfRobotsOnBlackSite,numberOfRobotsOnWhiteSite
8606,21,18
timeStep,numberOfRobotsOnBlackSite,numberOfRobotsOnWhiteSite
8607,21,18
timeStep,numberOfRobotsOnBlackSite,numberOfRobotsOnWhiteSite
8608,21,18
timeStep,numberOfRobotsOnBlackSite,numberOfRobotsOnWhiteSite
8609,21,18
timeStep,numberOfRobotsOnBlackSite,numberOfRobotsOnWhiteSite
8610,21,18
timeStep,numberOfRobotsOnBlackSite,numberOfRobotsOnWhiteSite
8611,21,18
timeStep,numberOfRobotsOnBlackSite,numberOfRobotsOnWhiteSite
8612,21,18
timeStep,numberOfRobotsOnBlackSite,numberOfRobotsOnWhiteSite
8613,21,18
timeStep,numberOfRobotsOnBlackSite,numberOfRobotsOnWhiteSite
8614,21,18
timeStep,numberOfRobotsOnBlackSite,numberOfRobotsOnWhiteSite
8615,21,18
timeStep,numberOfRobotsOnBlackSite,numberOfRobotsOnWhiteSite
8616,21,18
timeStep,numberOfRobotsOnBlackSite,numberOfRobotsOnWhiteSite
8617,21,18
timeStep,numberOfRobotsOnBlackSite,numberOfRobotsOnWhiteSite
8618,21,18
timeStep,numberOfRobotsOnBlackSite,numberOfRobotsOnWhiteSite
8619,21,18
timeStep,numberOfRobotsOnBlackSite,numberOfRobotsOnWhiteSite
8620,21,18
timeStep,numberOfRobotsOnBlackSite,numberOfRobotsOnWhiteSite
8621,21,18
timeStep,numberOfRobotsOnBlackSite,numberOfRobotsOnWhiteSite
8622,21,18
timeStep,numberOfRobotsOnBlackSite,numberOfRobotsOnWhiteSite
8623,21,18
timeStep,numberOfRobotsOnBlackSite,numberOfRobotsOnWhiteSite
8624,21,18
timeStep,numberOfRobotsOnBlackSite,numberOfRobotsOnWhiteSite
8625,21,18
timeStep,numberOfRobotsOnBlackSite,numberOfRobotsOnWhiteSite
8626,21,18
timeStep,numberOfRobotsOnBlackSite,numberOfRobotsOnWhiteSite
8627,21,18
timeStep,numberOfRobotsOnBlackSite,numberOfRobotsOnWhiteSite
8628,21,18
timeStep,numberOfRobotsOnBlackSite,numberOfRobotsOnWhiteSite
8629,21,18
timeStep,numberOfRobotsOnBlackSite,numberOfRobotsOnWhiteSite
8630,21,17
timeStep,numberOfRobotsOnBlackSite,numberOfRobotsOnWhiteSite
8631,21,17
timeStep,numberOfRobotsOnBlackSite,numberOfRobotsOnWhiteSite
8632,21,17
timeStep,numberOfRobotsOnBlackSite,numberOfRobotsOnWhiteSite
8633,21,17
timeStep,numberOfRobotsOnBlackSite,numberOfRobotsOnWhiteSite
8634,21,17
timeStep,numberOfRobotsOnBlackSite,numberOfRobotsOnWhiteSite
8635,21,17
timeStep,numberOfRobotsOnBlackSite,numberOfRobotsOnWhiteSite
8636,21,17
timeStep,numberOfRobotsOnBlackSite,numberOfRobotsOnWhiteSite
8637,21,17
timeStep,numberOfRobotsOnBlackSite,numberOfRobotsOnWhiteSite
8638,21,17
timeStep,numberOfRobotsOnBlackSite,numberOfRobotsOnWhiteSite
8639,21,17
timeStep,numberOfRobotsOnBlackSite,numberOfRobotsOnWhiteSite
8640,21,17
timeStep,numberOfRobotsOnBlackSite,numberOfRobotsOnWhiteSite
8641,21,17
timeStep,numberOfRobotsOnBlackSite,numberOfRobotsOnWhiteSite
8642,21,17
timeStep,numberOfRobotsOnBlackSite,numberOfRobotsOnWhiteSite
8643,21,17
timeStep,numberOfRobotsOnBlackSite,numberOfRobotsOnWhiteSite
8644,21,17
timeStep,numberOfRobotsOnBlackSite,numberOfRobotsOnWhiteSite
8645,21,17
timeStep,numberOfRobotsOnBlackSite,numberOfRobotsOnWhiteSite
8646,21,17
timeStep,numberOfRobotsOnBlackSite,numberOfRobotsOnWhiteSite
8647,21,17
timeStep,numberOfRobotsOnBlackSite,numberOfRobotsOnWhiteSite
8648,21,17
timeStep,numberOfRobotsOnBlackSite,numberOfRobotsOnWhiteSite
8649,21,17
timeStep,numberOfRobotsOnBlackSite,numberOfRobotsOnWhiteSite
8650,21,17
timeStep,numberOfRobotsOnBlackSite,numberOfRobotsOnWhiteSite
8651,21,17
timeStep,numberOfRobotsOnBlackSite,numberOfRobotsOnWhiteSite
8652,21,17
timeStep,numberOfRobotsOnBlackSite,numberOfRobotsOnWhiteSite
8653,21,17
timeStep,numberOfRobotsOnBlackSite,numberOfRobotsOnWhiteSite
8654,21,17
timeStep,numberOfRobotsOnBlackSite,numberOfRobotsOnWhiteSite
8655,21,17
timeStep,numberOfRobotsOnBlackSite,numberOfRobotsOnWhiteSite
8656,21,17
timeStep,numberOfRobotsOnBlackSite,numberOfRobotsOnWhiteSite
8657,21,17
timeStep,numberOfRobotsOnBlackSite,numberOfRobotsOnWhiteSite
8658,21,17
timeStep,numberOfRobotsOnBlackSite,numberOfRobotsOnWhiteSite
8659,21,17
timeStep,numberOfRobotsOnBlackSite,numberOfRobotsOnWhiteSite
8660,21,17
timeStep,numberOfRobotsOnBlackSite,numberOfRobotsOnWhiteSite
8661,21,17
timeStep,numberOfRobotsOnBlackSite,numberOfRobotsOnWhiteSite
8662,21,17
timeStep,numberOfRobotsOnBlackSite,numberOfRobotsOnWhiteSite
8663,21,17
timeStep,numberOfRobotsOnBlackSite,numberOfRobotsOnWhiteSite
8664,21,17
timeStep,numberOfRobotsOnBlackSite,numberOfRobotsOnWhiteSite
8665,21,17
timeStep,numberOfRobotsOnBlackSite,numberOfRobotsOnWhiteSite
8666,21,17
timeStep,numberOfRobotsOnBlackSite,numberOfRobotsOnWhiteSite
8667,21,17
timeStep,numberOfRobotsOnBlackSite,numberOfRobotsOnWhiteSite
8668,21,17
timeStep,numberOfRobotsOnBlackSite,numberOfRobotsOnWhiteSite
8669,21,17
timeStep,numberOfRobotsOnBlackSite,numberOfRobotsOnWhiteSite
8670,21,18
timeStep,numberOfRobotsOnBlackSite,numberOfRobotsOnWhiteSite
8671,21,18
timeStep,numberOfRobotsOnBlackSite,numberOfRobotsOnWhiteSite
8672,21,18
timeStep,numberOfRobotsOnBlackSite,numberOfRobotsOnWhiteSite
8673,21,18
timeStep,numberOfRobotsOnBlackSite,numberOfRobotsOnWhiteSite
8674,21,18
timeStep,numberOfRobotsOnBlackSite,numberOfRobotsOnWhiteSite
8675,21,18
timeStep,numberOfRobotsOnBlackSite,numberOfRobotsOnWhiteSite
8676,21,18
timeStep,numberOfRobotsOnBlackSite,numberOfRobotsOnWhiteSite
8677,21,18
timeStep,numberOfRobotsOnBlackSite,numberOfRobotsOnWhiteSite
8678,21,18
timeStep,numberOfRobotsOnBlackSite,numberOfRobotsOnWhiteSite
8679,21,18
timeStep,numberOfRobotsOnBlackSite,numberOfRobotsOnWhiteSite
8680,21,18
timeStep,numberOfRobotsOnBlackSite,numberOfRobotsOnWhiteSite
8681,21,18
timeStep,numberOfRobotsOnBlackSite,numberOfRobotsOnWhiteSite
8682,21,18
timeStep,numberOfRobotsOnBlackSite,numberOfRobotsOnWhiteSite
8683,21,18
timeStep,numberOfRobotsOnBlackSite,numberOfRobotsOnWhiteSite
8684,21,18
timeStep,numberOfRobotsOnBlackSite,numberOfRobotsOnWhiteSite
8685,21,18
timeStep,numberOfRobotsOnBlackSite,numberOfRobotsOnWhiteSite
8686,21,18
timeStep,numberOfRobotsOnBlackSite,numberOfRobotsOnWhiteSite
8687,21,18
timeStep,numberOfRobotsOnBlackSite,numberOfRobotsOnWhiteSite
8688,21,18
timeStep,numberOfRobotsOnBlackSite,numberOfRobotsOnWhiteSite
8689,21,18
timeStep,numberOfRobotsOnBlackSite,numberOfRobotsOnWhiteSite
8690,21,18
timeStep,numberOfRobotsOnBlackSite,numberOfRobotsOnWhiteSite
8691,21,18
timeStep,numberOfRobotsOnBlackSite,numberOfRobotsOnWhiteSite
8692,21,18
timeStep,numberOfRobotsOnBlackSite,numberOfRobotsOnWhiteSite
8693,21,18
timeStep,numberOfRobotsOnBlackSite,numberOfRobotsOnWhiteSite
8694,21,18
timeStep,numberOfRobotsOnBlackSite,numberOfRobotsOnWhiteSite
8695,21,18
timeStep,numberOfRobotsOnBlackSite,numberOfRobotsOnWhiteSite
8696,21,18
timeStep,numberOfRobotsOnBlackSite,numberOfRobotsOnWhiteSite
8697,21,18
timeStep,numberOfRobotsOnBlackSite,numberOfRobotsOnWhiteSite
8698,21,18
timeStep,numberOfRobotsOnBlackSite,numberOfRobotsOnWhiteSite
8699,21,18
timeStep,numberOfRobotsOnBlackSite,numberOfRobotsOnWhiteSite
8700,21,18
timeStep,numberOfRobotsOnBlackSite,numberOfRobotsOnWhiteSite
8701,21,18
timeStep,numberOfRobotsOnBlackSite,numberOfRobotsOnWhiteSite
8702,21,18
timeStep,numberOfRobotsOnBlackSite,numberOfRobotsOnWhiteSite
8703,21,18
timeStep,numberOfRobotsOnBlackSite,numberOfRobotsOnWhiteSite
8704,21,18
timeStep,numberOfRobotsOnBlackSite,numberOfRobotsOnWhiteSite
8705,21,17
timeStep,numberOfRobotsOnBlackSite,numberOfRobotsOnWhiteSite
8706,21,17
timeStep,numberOfRobotsOnBlackSite,numberOfRobotsOnWhiteSite
8707,21,17
timeStep,numberOfRobotsOnBlackSite,numberOfRobotsOnWhiteSite
8708,21,17
timeStep,numberOfRobotsOnBlackSite,numberOfRobotsOnWhiteSite
8709,21,17
timeStep,numberOfRobotsOnBlackSite,numberOfRobotsOnWhiteSite
8710,21,17
timeStep,numberOfRobotsOnBlackSite,numberOfRobotsOnWhiteSite
8711,21,17
timeStep,numberOfRobotsOnBlackSite,numberOfRobotsOnWhiteSite
8712,21,17
timeStep,numberOfRobotsOnBlackSite,numberOfRobotsOnWhiteSite
8713,21,17
timeStep,numberOfRobotsOnBlackSite,numberOfRobotsOnWhiteSite
8714,21,17
timeStep,numberOfRobotsOnBlackSite,numberOfRobotsOnWhiteSite
8715,21,17
timeStep,numberOfRobotsOnBlackSite,numberOfRobotsOnWhiteSite
8716,21,17
timeStep,numberOfRobotsOnBlackSite,numberOfRobotsOnWhiteSite
8717,21,17
timeStep,numberOfRobotsOnBlackSite,numberOfRobotsOnWhiteSite
8718,21,17
timeStep,numberOfRobotsOnBlackSite,numberOfRobotsOnWhiteSite
8719,21,17
timeStep,numberOfRobotsOnBlackSite,numberOfRobotsOnWhiteSite
8720,21,17
timeStep,numberOfRobotsOnBlackSite,numberOfRobotsOnWhiteSite
8721,21,17
timeStep,numberOfRobotsOnBlackSite,numberOfRobotsOnWhiteSite
8722,21,17
timeStep,numberOfRobotsOnBlackSite,numberOfRobotsOnWhiteSite
8723,21,17
timeStep,numberOfRobotsOnBlackSite,numberOfRobotsOnWhiteSite
8724,21,17
timeStep,numberOfRobotsOnBlackSite,numberOfRobotsOnWhiteSite
8725,21,17
timeStep,numberOfRobotsOnBlackSite,numberOfRobotsOnWhiteSite
8726,21,17
timeStep,numberOfRobotsOnBlackSite,numberOfRobotsOnWhiteSite
8727,21,17
timeStep,numberOfRobotsOnBlackSite,numberOfRobotsOnWhiteSite
8728,21,17
timeStep,numberOfRobotsOnBlackSite,numberOfRobotsOnWhiteSite
8729,21,17
timeStep,numberOfRobotsOnBlackSite,numberOfRobotsOnWhiteSite
8730,21,17
timeStep,numberOfRobotsOnBlackSite,numberOfRobotsOnWhiteSite
8731,21,17
timeStep,numberOfRobotsOnBlackSite,numberOfRobotsOnWhiteSite
8732,21,17
timeStep,numberOfRobotsOnBlackSite,numberOfRobotsOnWhiteSite
8733,21,17
timeStep,numberOfRobotsOnBlackSite,numberOfRobotsOnWhiteSite
8734,21,17
timeStep,numberOfRobotsOnBlackSite,numberOfRobotsOnWhiteSite
8735,21,17
timeStep,numberOfRobotsOnBlackSite,numberOfRobotsOnWhiteSite
8736,21,17
timeStep,numberOfRobotsOnBlackSite,numberOfRobotsOnWhiteSite
8737,21,17
timeStep,numberOfRobotsOnBlackSite,numberOfRobotsOnWhiteSite
8738,21,17
timeStep,numberOfRobotsOnBlackSite,numberOfRobotsOnWhiteSite
8739,21,17
timeStep,numberOfRobotsOnBlackSite,numberOfRobotsOnWhiteSite
8740,21,17
timeStep,numberOfRobotsOnBlackSite,numberOfRobotsOnWhiteSite
8741,21,17
timeStep,numberOfRobotsOnBlackSite,numberOfRobotsOnWhiteSite
8742,21,17
timeStep,numberOfRobotsOnBlackSite,numberOfRobotsOnWhiteSite
8743,21,17
timeStep,numberOfRobotsOnBlackSite,numberOfRobotsOnWhiteSite
8744,21,17
timeStep,numberOfRobotsOnBlackSite,numberOfRobotsOnWhiteSite
8745,21,17
timeStep,numberOfRobotsOnBlackSite,numberOfRobotsOnWhiteSite
8746,21,17
timeStep,numberOfRobotsOnBlackSite,numberOfRobotsOnWhiteSite
8747,21,17
timeStep,numberOfRobotsOnBlackSite,numberOfRobotsOnWhiteSite
8748,21,17
timeStep,numberOfRobotsOnBlackSite,numberOfRobotsOnWhiteSite
8749,21,17
timeStep,numberOfRobotsOnBlackSite,numberOfRobotsOnWhiteSite
8750,22,17
timeStep,numberOfRobotsOnBlackSite,numberOfRobotsOnWhiteSite
8751,22,17
timeStep,numberOfRobotsOnBlackSite,numberOfRobotsOnWhiteSite
8752,22,17
timeStep,numberOfRobotsOnBlackSite,numberOfRobotsOnWhiteSite
8753,22,17
timeStep,numberOfRobotsOnBlackSite,numberOfRobotsOnWhiteSite
8754,22,17
timeStep,numberOfRobotsOnBlackSite,numberOfRobotsOnWhiteSite
8755,22,17
timeStep,numberOfRobotsOnBlackSite,numberOfRobotsOnWhiteSite
8756,22,17
timeStep,numberOfRobotsOnBlackSite,numberOfRobotsOnWhiteSite
8757,22,17
timeStep,numberOfRobotsOnBlackSite,numberOfRobotsOnWhiteSite
8758,22,17
timeStep,numberOfRobotsOnBlackSite,numberOfRobotsOnWhiteSite
8759,22,17
timeStep,numberOfRobotsOnBlackSite,numberOfRobotsOnWhiteSite
8760,22,17
timeStep,numberOfRobotsOnBlackSite,numberOfRobotsOnWhiteSite
8761,22,17
timeStep,numberOfRobotsOnBlackSite,numberOfRobotsOnWhiteSite
8762,22,17
timeStep,numberOfRobotsOnBlackSite,numberOfRobotsOnWhiteSite
8763,22,17
timeStep,numberOfRobotsOnBlackSite,numberOfRobotsOnWhiteSite
8764,22,17
timeStep,numberOfRobotsOnBlackSite,numberOfRobotsOnWhiteSite
8765,22,17
timeStep,numberOfRobotsOnBlackSite,numberOfRobotsOnWhiteSite
8766,22,17
timeStep,numberOfRobotsOnBlackSite,numberOfRobotsOnWhiteSite
8767,22,17
timeStep,numberOfRobotsOnBlackSite,numberOfRobotsOnWhiteSite
8768,22,17
timeStep,numberOfRobotsOnBlackSite,numberOfRobotsOnWhiteSite
8769,22,17
timeStep,numberOfRobotsOnBlackSite,numberOfRobotsOnWhiteSite
8770,22,17
timeStep,numberOfRobotsOnBlackSite,numberOfRobotsOnWhiteSite
8771,22,17
timeStep,numberOfRobotsOnBlackSite,numberOfRobotsOnWhiteSite
8772,22,17
timeStep,numberOfRobotsOnBlackSite,numberOfRobotsOnWhiteSite
8773,22,17
timeStep,numberOfRobotsOnBlackSite,numberOfRobotsOnWhiteSite
8774,22,17
timeStep,numberOfRobotsOnBlackSite,numberOfRobotsOnWhiteSite
8775,22,17
timeStep,numberOfRobotsOnBlackSite,numberOfRobotsOnWhiteSite
8776,22,17
timeStep,numberOfRobotsOnBlackSite,numberOfRobotsOnWhiteSite
8777,22,17
timeStep,numberOfRobotsOnBlackSite,numberOfRobotsOnWhiteSite
8778,22,17
timeStep,numberOfRobotsOnBlackSite,numberOfRobotsOnWhiteSite
8779,22,17
timeStep,numberOfRobotsOnBlackSite,numberOfRobotsOnWhiteSite
8780,22,17
timeStep,numberOfRobotsOnBlackSite,numberOfRobotsOnWhiteSite
8781,22,17
timeStep,numberOfRobotsOnBlackSite,numberOfRobotsOnWhiteSite
8782,22,17
timeStep,numberOfRobotsOnBlackSite,numberOfRobotsOnWhiteSite
8783,22,17
timeStep,numberOfRobotsOnBlackSite,numberOfRobotsOnWhiteSite
8784,22,17
timeStep,numberOfRobotsOnBlackSite,numberOfRobotsOnWhiteSite
8785,22,17
timeStep,numberOfRobotsOnBlackSite,numberOfRobotsOnWhiteSite
8786,22,17
timeStep,numberOfRobotsOnBlackSite,numberOfRobotsOnWhiteSite
8787,22,17
timeStep,numberOfRobotsOnBlackSite,numberOfRobotsOnWhiteSite
8788,22,17
timeStep,numberOfRobotsOnBlackSite,numberOfRobotsOnWhiteSite
8789,22,17
timeStep,numberOfRobotsOnBlackSite,numberOfRobotsOnWhiteSite
8790,22,17
timeStep,numberOfRobotsOnBlackSite,numberOfRobotsOnWhiteSite
8791,22,17
timeStep,numberOfRobotsOnBlackSite,numberOfRobotsOnWhiteSite
8792,22,17
timeStep,numberOfRobotsOnBlackSite,numberOfRobotsOnWhiteSite
8793,22,17
timeStep,numberOfRobotsOnBlackSite,numberOfRobotsOnWhiteSite
8794,22,17
timeStep,numberOfRobotsOnBlackSite,numberOfRobotsOnWhiteSite
8795,22,17
timeStep,numberOfRobotsOnBlackSite,numberOfRobotsOnWhiteSite
8796,22,17
timeStep,numberOfRobotsOnBlackSite,numberOfRobotsOnWhiteSite
8797,22,17
timeStep,numberOfRobotsOnBlackSite,numberOfRobotsOnWhiteSite
8798,22,17
timeStep,numberOfRobotsOnBlackSite,numberOfRobotsOnWhiteSite
8799,22,17
timeStep,numberOfRobotsOnBlackSite,numberOfRobotsOnWhiteSite
8800,22,17
timeStep,numberOfRobotsOnBlackSite,numberOfRobotsOnWhiteSite
8801,22,17
timeStep,numberOfRobotsOnBlackSite,numberOfRobotsOnWhiteSite
8802,22,17
timeStep,numberOfRobotsOnBlackSite,numberOfRobotsOnWhiteSite
8803,22,17
timeStep,numberOfRobotsOnBlackSite,numberOfRobotsOnWhiteSite
8804,22,17
timeStep,numberOfRobotsOnBlackSite,numberOfRobotsOnWhiteSite
8805,22,17
timeStep,numberOfRobotsOnBlackSite,numberOfRobotsOnWhiteSite
8806,22,17
timeStep,numberOfRobotsOnBlackSite,numberOfRobotsOnWhiteSite
8807,22,17
timeStep,numberOfRobotsOnBlackSite,numberOfRobotsOnWhiteSite
8808,22,17
timeStep,numberOfRobotsOnBlackSite,numberOfRobotsOnWhiteSite
8809,22,17
timeStep,numberOfRobotsOnBlackSite,numberOfRobotsOnWhiteSite
8810,22,17
timeStep,numberOfRobotsOnBlackSite,numberOfRobotsOnWhiteSite
8811,22,17
timeStep,numberOfRobotsOnBlackSite,numberOfRobotsOnWhiteSite
8812,22,17
timeStep,numberOfRobotsOnBlackSite,numberOfRobotsOnWhiteSite
8813,22,17
timeStep,numberOfRobotsOnBlackSite,numberOfRobotsOnWhiteSite
8814,22,17
timeStep,numberOfRobotsOnBlackSite,numberOfRobotsOnWhiteSite
8815,22,17
timeStep,numberOfRobotsOnBlackSite,numberOfRobotsOnWhiteSite
8816,22,17
timeStep,numberOfRobotsOnBlackSite,numberOfRobotsOnWhiteSite
8817,22,17
timeStep,numberOfRobotsOnBlackSite,numberOfRobotsOnWhiteSite
8818,22,17
timeStep,numberOfRobotsOnBlackSite,numberOfRobotsOnWhiteSite
8819,22,17
timeStep,numberOfRobotsOnBlackSite,numberOfRobotsOnWhiteSite
8820,22,17
timeStep,numberOfRobotsOnBlackSite,numberOfRobotsOnWhiteSite
8821,22,17
timeStep,numberOfRobotsOnBlackSite,numberOfRobotsOnWhiteSite
8822,22,17
timeStep,numberOfRobotsOnBlackSite,numberOfRobotsOnWhiteSite
8823,22,17
timeStep,numberOfRobotsOnBlackSite,numberOfRobotsOnWhiteSite
8824,22,17
timeStep,numberOfRobotsOnBlackSite,numberOfRobotsOnWhiteSite
8825,22,17
timeStep,numberOfRobotsOnBlackSite,numberOfRobotsOnWhiteSite
8826,22,17
timeStep,numberOfRobotsOnBlackSite,numberOfRobotsOnWhiteSite
8827,22,17
timeStep,numberOfRobotsOnBlackSite,numberOfRobotsOnWhiteSite
8828,22,17
timeStep,numberOfRobotsOnBlackSite,numberOfRobotsOnWhiteSite
8829,22,17
timeStep,numberOfRobotsOnBlackSite,numberOfRobotsOnWhiteSite
8830,22,17
timeStep,numberOfRobotsOnBlackSite,numberOfRobotsOnWhiteSite
8831,22,17
timeStep,numberOfRobotsOnBlackSite,numberOfRobotsOnWhiteSite
8832,22,17
timeStep,numberOfRobotsOnBlackSite,numberOfRobotsOnWhiteSite
8833,22,17
timeStep,numberOfRobotsOnBlackSite,numberOfRobotsOnWhiteSite
8834,22,17
timeStep,numberOfRobotsOnBlackSite,numberOfRobotsOnWhiteSite
8835,23,17
timeStep,numberOfRobotsOnBlackSite,numberOfRobotsOnWhiteSite
8836,23,17
timeStep,numberOfRobotsOnBlackSite,numberOfRobotsOnWhiteSite
8837,23,17
timeStep,numberOfRobotsOnBlackSite,numberOfRobotsOnWhiteSite
8838,23,17
timeStep,numberOfRobotsOnBlackSite,numberOfRobotsOnWhiteSite
8839,23,17
timeStep,numberOfRobotsOnBlackSite,numberOfRobotsOnWhiteSite
8840,23,16
timeStep,numberOfRobotsOnBlackSite,numberOfRobotsOnWhiteSite
8841,23,16
timeStep,numberOfRobotsOnBlackSite,numberOfRobotsOnWhiteSite
8842,23,16
timeStep,numberOfRobotsOnBlackSite,numberOfRobotsOnWhiteSite
8843,23,16
timeStep,numberOfRobotsOnBlackSite,numberOfRobotsOnWhiteSite
8844,23,16
timeStep,numberOfRobotsOnBlackSite,numberOfRobotsOnWhiteSite
8845,23,16
timeStep,numberOfRobotsOnBlackSite,numberOfRobotsOnWhiteSite
8846,23,16
timeStep,numberOfRobotsOnBlackSite,numberOfRobotsOnWhiteSite
8847,23,16
timeStep,numberOfRobotsOnBlackSite,numberOfRobotsOnWhiteSite
8848,23,16
timeStep,numberOfRobotsOnBlackSite,numberOfRobotsOnWhiteSite
8849,23,16
timeStep,numberOfRobotsOnBlackSite,numberOfRobotsOnWhiteSite
8850,23,16
timeStep,numberOfRobotsOnBlackSite,numberOfRobotsOnWhiteSite
8851,23,16
timeStep,numberOfRobotsOnBlackSite,numberOfRobotsOnWhiteSite
8852,23,16
timeStep,numberOfRobotsOnBlackSite,numberOfRobotsOnWhiteSite
8853,23,16
timeStep,numberOfRobotsOnBlackSite,numberOfRobotsOnWhiteSite
8854,23,16
timeStep,numberOfRobotsOnBlackSite,numberOfRobotsOnWhiteSite
8855,23,16
timeStep,numberOfRobotsOnBlackSite,numberOfRobotsOnWhiteSite
8856,23,16
timeStep,numberOfRobotsOnBlackSite,numberOfRobotsOnWhiteSite
8857,23,16
timeStep,numberOfRobotsOnBlackSite,numberOfRobotsOnWhiteSite
8858,23,16
timeStep,numberOfRobotsOnBlackSite,numberOfRobotsOnWhiteSite
8859,23,16
timeStep,numberOfRobotsOnBlackSite,numberOfRobotsOnWhiteSite
8860,23,16
timeStep,numberOfRobotsOnBlackSite,numberOfRobotsOnWhiteSite
8861,23,16
timeStep,numberOfRobotsOnBlackSite,numberOfRobotsOnWhiteSite
8862,23,16
timeStep,numberOfRobotsOnBlackSite,numberOfRobotsOnWhiteSite
8863,23,16
timeStep,numberOfRobotsOnBlackSite,numberOfRobotsOnWhiteSite
8864,23,16
timeStep,numberOfRobotsOnBlackSite,numberOfRobotsOnWhiteSite
8865,23,16
timeStep,numberOfRobotsOnBlackSite,numberOfRobotsOnWhiteSite
8866,23,16
timeStep,numberOfRobotsOnBlackSite,numberOfRobotsOnWhiteSite
8867,23,16
timeStep,numberOfRobotsOnBlackSite,numberOfRobotsOnWhiteSite
8868,23,16
timeStep,numberOfRobotsOnBlackSite,numberOfRobotsOnWhiteSite
8869,23,16
timeStep,numberOfRobotsOnBlackSite,numberOfRobotsOnWhiteSite
8870,23,16
timeStep,numberOfRobotsOnBlackSite,numberOfRobotsOnWhiteSite
8871,23,16
timeStep,numberOfRobotsOnBlackSite,numberOfRobotsOnWhiteSite
8872,23,16
timeStep,numberOfRobotsOnBlackSite,numberOfRobotsOnWhiteSite
8873,23,16
timeStep,numberOfRobotsOnBlackSite,numberOfRobotsOnWhiteSite
8874,23,16
timeStep,numberOfRobotsOnBlackSite,numberOfRobotsOnWhiteSite
8875,23,16
timeStep,numberOfRobotsOnBlackSite,numberOfRobotsOnWhiteSite
8876,23,16
timeStep,numberOfRobotsOnBlackSite,numberOfRobotsOnWhiteSite
8877,23,16
timeStep,numberOfRobotsOnBlackSite,numberOfRobotsOnWhiteSite
8878,23,16
timeStep,numberOfRobotsOnBlackSite,numberOfRobotsOnWhiteSite
8879,23,16
timeStep,numberOfRobotsOnBlackSite,numberOfRobotsOnWhiteSite
8880,23,16
timeStep,numberOfRobotsOnBlackSite,numberOfRobotsOnWhiteSite
8881,23,16
timeStep,numberOfRobotsOnBlackSite,numberOfRobotsOnWhiteSite
8882,23,16
timeStep,numberOfRobotsOnBlackSite,numberOfRobotsOnWhiteSite
8883,23,16
timeStep,numberOfRobotsOnBlackSite,numberOfRobotsOnWhiteSite
8884,23,16
timeStep,numberOfRobotsOnBlackSite,numberOfRobotsOnWhiteSite
8885,23,16
timeStep,numberOfRobotsOnBlackSite,numberOfRobotsOnWhiteSite
8886,23,16
timeStep,numberOfRobotsOnBlackSite,numberOfRobotsOnWhiteSite
8887,23,16
timeStep,numberOfRobotsOnBlackSite,numberOfRobotsOnWhiteSite
8888,23,16
timeStep,numberOfRobotsOnBlackSite,numberOfRobotsOnWhiteSite
8889,23,16
timeStep,numberOfRobotsOnBlackSite,numberOfRobotsOnWhiteSite
8890,23,16
timeStep,numberOfRobotsOnBlackSite,numberOfRobotsOnWhiteSite
8891,23,16
timeStep,numberOfRobotsOnBlackSite,numberOfRobotsOnWhiteSite
8892,23,16
timeStep,numberOfRobotsOnBlackSite,numberOfRobotsOnWhiteSite
8893,23,16
timeStep,numberOfRobotsOnBlackSite,numberOfRobotsOnWhiteSite
8894,23,16
timeStep,numberOfRobotsOnBlackSite,numberOfRobotsOnWhiteSite
8895,23,16
timeStep,numberOfRobotsOnBlackSite,numberOfRobotsOnWhiteSite
8896,23,16
timeStep,numberOfRobotsOnBlackSite,numberOfRobotsOnWhiteSite
8897,23,16
timeStep,numberOfRobotsOnBlackSite,numberOfRobotsOnWhiteSite
8898,23,16
timeStep,numberOfRobotsOnBlackSite,numberOfRobotsOnWhiteSite
8899,23,16
timeStep,numberOfRobotsOnBlackSite,numberOfRobotsOnWhiteSite
8900,23,16
timeStep,numberOfRobotsOnBlackSite,numberOfRobotsOnWhiteSite
8901,23,16
timeStep,numberOfRobotsOnBlackSite,numberOfRobotsOnWhiteSite
8902,23,16
timeStep,numberOfRobotsOnBlackSite,numberOfRobotsOnWhiteSite
8903,23,16
timeStep,numberOfRobotsOnBlackSite,numberOfRobotsOnWhiteSite
8904,23,16
timeStep,numberOfRobotsOnBlackSite,numberOfRobotsOnWhiteSite
8905,23,16
timeStep,numberOfRobotsOnBlackSite,numberOfRobotsOnWhiteSite
8906,23,16
timeStep,numberOfRobotsOnBlackSite,numberOfRobotsOnWhiteSite
8907,23,16
timeStep,numberOfRobotsOnBlackSite,numberOfRobotsOnWhiteSite
8908,23,16
timeStep,numberOfRobotsOnBlackSite,numberOfRobotsOnWhiteSite
8909,23,16
timeStep,numberOfRobotsOnBlackSite,numberOfRobotsOnWhiteSite
8910,23,16
timeStep,numberOfRobotsOnBlackSite,numberOfRobotsOnWhiteSite
8911,23,16
timeStep,numberOfRobotsOnBlackSite,numberOfRobotsOnWhiteSite
8912,23,16
timeStep,numberOfRobotsOnBlackSite,numberOfRobotsOnWhiteSite
8913,23,16
timeStep,numberOfRobotsOnBlackSite,numberOfRobotsOnWhiteSite
8914,23,16
timeStep,numberOfRobotsOnBlackSite,numberOfRobotsOnWhiteSite
8915,23,16
timeStep,numberOfRobotsOnBlackSite,numberOfRobotsOnWhiteSite
8916,23,16
timeStep,numberOfRobotsOnBlackSite,numberOfRobotsOnWhiteSite
8917,23,16
timeStep,numberOfRobotsOnBlackSite,numberOfRobotsOnWhiteSite
8918,23,16
timeStep,numberOfRobotsOnBlackSite,numberOfRobotsOnWhiteSite
8919,23,16
timeStep,numberOfRobotsOnBlackSite,numberOfRobotsOnWhiteSite
8920,23,16
timeStep,numberOfRobotsOnBlackSite,numberOfRobotsOnWhiteSite
8921,23,16
timeStep,numberOfRobotsOnBlackSite,numberOfRobotsOnWhiteSite
8922,23,16
timeStep,numberOfRobotsOnBlackSite,numberOfRobotsOnWhiteSite
8923,23,16
timeStep,numberOfRobotsOnBlackSite,numberOfRobotsOnWhiteSite
8924,23,16
timeStep,numberOfRobotsOnBlackSite,numberOfRobotsOnWhiteSite
8925,23,16
timeStep,numberOfRobotsOnBlackSite,numberOfRobotsOnWhiteSite
8926,23,16
timeStep,numberOfRobotsOnBlackSite,numberOfRobotsOnWhiteSite
8927,23,16
timeStep,numberOfRobotsOnBlackSite,numberOfRobotsOnWhiteSite
8928,23,16
timeStep,numberOfRobotsOnBlackSite,numberOfRobotsOnWhiteSite
8929,23,16
timeStep,numberOfRobotsOnBlackSite,numberOfRobotsOnWhiteSite
8930,23,16
timeStep,numberOfRobotsOnBlackSite,numberOfRobotsOnWhiteSite
8931,23,16
timeStep,numberOfRobotsOnBlackSite,numberOfRobotsOnWhiteSite
8932,23,16
timeStep,numberOfRobotsOnBlackSite,numberOfRobotsOnWhiteSite
8933,23,16
timeStep,numberOfRobotsOnBlackSite,numberOfRobotsOnWhiteSite
8934,23,16
timeStep,numberOfRobotsOnBlackSite,numberOfRobotsOnWhiteSite
8935,23,16
timeStep,numberOfRobotsOnBlackSite,numberOfRobotsOnWhiteSite
8936,23,16
timeStep,numberOfRobotsOnBlackSite,numberOfRobotsOnWhiteSite
8937,23,16
timeStep,numberOfRobotsOnBlackSite,numberOfRobotsOnWhiteSite
8938,23,16
timeStep,numberOfRobotsOnBlackSite,numberOfRobotsOnWhiteSite
8939,23,16
timeStep,numberOfRobotsOnBlackSite,numberOfRobotsOnWhiteSite
8940,23,16
timeStep,numberOfRobotsOnBlackSite,numberOfRobotsOnWhiteSite
8941,23,16
timeStep,numberOfRobotsOnBlackSite,numberOfRobotsOnWhiteSite
8942,23,16
timeStep,numberOfRobotsOnBlackSite,numberOfRobotsOnWhiteSite
8943,23,16
timeStep,numberOfRobotsOnBlackSite,numberOfRobotsOnWhiteSite
8944,23,16
timeStep,numberOfRobotsOnBlackSite,numberOfRobotsOnWhiteSite
8945,23,16
timeStep,numberOfRobotsOnBlackSite,numberOfRobotsOnWhiteSite
8946,23,16
timeStep,numberOfRobotsOnBlackSite,numberOfRobotsOnWhiteSite
8947,23,16
timeStep,numberOfRobotsOnBlackSite,numberOfRobotsOnWhiteSite
8948,23,16
timeStep,numberOfRobotsOnBlackSite,numberOfRobotsOnWhiteSite
8949,23,16
timeStep,numberOfRobotsOnBlackSite,numberOfRobotsOnWhiteSite
8950,23,16
timeStep,numberOfRobotsOnBlackSite,numberOfRobotsOnWhiteSite
8951,23,16
timeStep,numberOfRobotsOnBlackSite,numberOfRobotsOnWhiteSite
8952,23,16
timeStep,numberOfRobotsOnBlackSite,numberOfRobotsOnWhiteSite
8953,23,16
timeStep,numberOfRobotsOnBlackSite,numberOfRobotsOnWhiteSite
8954,23,16
timeStep,numberOfRobotsOnBlackSite,numberOfRobotsOnWhiteSite
8955,23,16
timeStep,numberOfRobotsOnBlackSite,numberOfRobotsOnWhiteSite
8956,23,16
timeStep,numberOfRobotsOnBlackSite,numberOfRobotsOnWhiteSite
8957,23,16
timeStep,numberOfRobotsOnBlackSite,numberOfRobotsOnWhiteSite
8958,23,16
timeStep,numberOfRobotsOnBlackSite,numberOfRobotsOnWhiteSite
8959,23,16
timeStep,numberOfRobotsOnBlackSite,numberOfRobotsOnWhiteSite
8960,23,16
timeStep,numberOfRobotsOnBlackSite,numberOfRobotsOnWhiteSite
8961,23,16
timeStep,numberOfRobotsOnBlackSite,numberOfRobotsOnWhiteSite
8962,23,16
timeStep,numberOfRobotsOnBlackSite,numberOfRobotsOnWhiteSite
8963,23,16
timeStep,numberOfRobotsOnBlackSite,numberOfRobotsOnWhiteSite
8964,23,16
timeStep,numberOfRobotsOnBlackSite,numberOfRobotsOnWhiteSite
8965,23,16
timeStep,numberOfRobotsOnBlackSite,numberOfRobotsOnWhiteSite
8966,23,16
timeStep,numberOfRobotsOnBlackSite,numberOfRobotsOnWhiteSite
8967,23,16
timeStep,numberOfRobotsOnBlackSite,numberOfRobotsOnWhiteSite
8968,23,16
timeStep,numberOfRobotsOnBlackSite,numberOfRobotsOnWhiteSite
8969,23,16
timeStep,numberOfRobotsOnBlackSite,numberOfRobotsOnWhiteSite
8970,23,16
timeStep,numberOfRobotsOnBlackSite,numberOfRobotsOnWhiteSite
8971,23,16
timeStep,numberOfRobotsOnBlackSite,numberOfRobotsOnWhiteSite
8972,23,16
timeStep,numberOfRobotsOnBlackSite,numberOfRobotsOnWhiteSite
8973,23,16
timeStep,numberOfRobotsOnBlackSite,numberOfRobotsOnWhiteSite
8974,23,16
timeStep,numberOfRobotsOnBlackSite,numberOfRobotsOnWhiteSite
8975,23,16
timeStep,numberOfRobotsOnBlackSite,numberOfRobotsOnWhiteSite
8976,23,16
timeStep,numberOfRobotsOnBlackSite,numberOfRobotsOnWhiteSite
8977,23,16
timeStep,numberOfRobotsOnBlackSite,numberOfRobotsOnWhiteSite
8978,23,16
timeStep,numberOfRobotsOnBlackSite,numberOfRobotsOnWhiteSite
8979,23,16
timeStep,numberOfRobotsOnBlackSite,numberOfRobotsOnWhiteSite
8980,23,16
timeStep,numberOfRobotsOnBlackSite,numberOfRobotsOnWhiteSite
8981,23,16
timeStep,numberOfRobotsOnBlackSite,numberOfRobotsOnWhiteSite
8982,23,16
timeStep,numberOfRobotsOnBlackSite,numberOfRobotsOnWhiteSite
8983,23,16
timeStep,numberOfRobotsOnBlackSite,numberOfRobotsOnWhiteSite
8984,23,16
timeStep,numberOfRobotsOnBlackSite,numberOfRobotsOnWhiteSite
8985,23,16
timeStep,numberOfRobotsOnBlackSite,numberOfRobotsOnWhiteSite
8986,23,16
timeStep,numberOfRobotsOnBlackSite,numberOfRobotsOnWhiteSite
8987,23,16
timeStep,numberOfRobotsOnBlackSite,numberOfRobotsOnWhiteSite
8988,23,16
timeStep,numberOfRobotsOnBlackSite,numberOfRobotsOnWhiteSite
8989,23,16
timeStep,numberOfRobotsOnBlackSite,numberOfRobotsOnWhiteSite
8990,23,16
timeStep,numberOfRobotsOnBlackSite,numberOfRobotsOnWhiteSite
8991,23,16
timeStep,numberOfRobotsOnBlackSite,numberOfRobotsOnWhiteSite
8992,23,16
timeStep,numberOfRobotsOnBlackSite,numberOfRobotsOnWhiteSite
8993,23,16
timeStep,numberOfRobotsOnBlackSite,numberOfRobotsOnWhiteSite
8994,23,16
timeStep,numberOfRobotsOnBlackSite,numberOfRobotsOnWhiteSite
8995,23,16
timeStep,numberOfRobotsOnBlackSite,numberOfRobotsOnWhiteSite
8996,23,16
timeStep,numberOfRobotsOnBlackSite,numberOfRobotsOnWhiteSite
8997,23,16
timeStep,numberOfRobotsOnBlackSite,numberOfRobotsOnWhiteSite
8998,23,16
timeStep,numberOfRobotsOnBlackSite,numberOfRobotsOnWhiteSite
8999,23,16
timeStep,numberOfRobotsOnBlackSite,numberOfRobotsOnWhiteSite
9000,23,16
timeStep,numberOfRobotsOnBlackSite,numberOfRobotsOnWhiteSite
9001,23,16
timeStep,numberOfRobotsOnBlackSite,numberOfRobotsOnWhiteSite
9002,23,16
timeStep,numberOfRobotsOnBlackSite,numberOfRobotsOnWhiteSite
9003,23,16
timeStep,numberOfRobotsOnBlackSite,numberOfRobotsOnWhiteSite
9004,23,16
timeStep,numberOfRobotsOnBlackSite,numberOfRobotsOnWhiteSite
9005,23,16
timeStep,numberOfRobotsOnBlackSite,numberOfRobotsOnWhiteSite
9006,23,16
timeStep,numberOfRobotsOnBlackSite,numberOfRobotsOnWhiteSite
9007,23,16
timeStep,numberOfRobotsOnBlackSite,numberOfRobotsOnWhiteSite
9008,23,16
timeStep,numberOfRobotsOnBlackSite,numberOfRobotsOnWhiteSite
9009,23,16
timeStep,numberOfRobotsOnBlackSite,numberOfRobotsOnWhiteSite
9010,23,16
timeStep,numberOfRobotsOnBlackSite,numberOfRobotsOnWhiteSite
9011,23,16
timeStep,numberOfRobotsOnBlackSite,numberOfRobotsOnWhiteSite
9012,23,16
timeStep,numberOfRobotsOnBlackSite,numberOfRobotsOnWhiteSite
9013,23,16
timeStep,numberOfRobotsOnBlackSite,numberOfRobotsOnWhiteSite
9014,23,16
timeStep,numberOfRobotsOnBlackSite,numberOfRobotsOnWhiteSite
9015,23,16
timeStep,numberOfRobotsOnBlackSite,numberOfRobotsOnWhiteSite
9016,23,16
timeStep,numberOfRobotsOnBlackSite,numberOfRobotsOnWhiteSite
9017,23,16
timeStep,numberOfRobotsOnBlackSite,numberOfRobotsOnWhiteSite
9018,23,16
timeStep,numberOfRobotsOnBlackSite,numberOfRobotsOnWhiteSite
9019,23,16
timeStep,numberOfRobotsOnBlackSite,numberOfRobotsOnWhiteSite
9020,23,16
timeStep,numberOfRobotsOnBlackSite,numberOfRobotsOnWhiteSite
9021,23,16
timeStep,numberOfRobotsOnBlackSite,numberOfRobotsOnWhiteSite
9022,23,16
timeStep,numberOfRobotsOnBlackSite,numberOfRobotsOnWhiteSite
9023,23,16
timeStep,numberOfRobotsOnBlackSite,numberOfRobotsOnWhiteSite
9024,23,16
timeStep,numberOfRobotsOnBlackSite,numberOfRobotsOnWhiteSite
9025,23,16
timeStep,numberOfRobotsOnBlackSite,numberOfRobotsOnWhiteSite
9026,23,16
timeStep,numberOfRobotsOnBlackSite,numberOfRobotsOnWhiteSite
9027,23,16
timeStep,numberOfRobotsOnBlackSite,numberOfRobotsOnWhiteSite
9028,23,16
timeStep,numberOfRobotsOnBlackSite,numberOfRobotsOnWhiteSite
9029,23,16
timeStep,numberOfRobotsOnBlackSite,numberOfRobotsOnWhiteSite
9030,23,16
timeStep,numberOfRobotsOnBlackSite,numberOfRobotsOnWhiteSite
9031,23,16
timeStep,numberOfRobotsOnBlackSite,numberOfRobotsOnWhiteSite
9032,23,16
timeStep,numberOfRobotsOnBlackSite,numberOfRobotsOnWhiteSite
9033,23,16
timeStep,numberOfRobotsOnBlackSite,numberOfRobotsOnWhiteSite
9034,23,16
timeStep,numberOfRobotsOnBlackSite,numberOfRobotsOnWhiteSite
9035,23,16
timeStep,numberOfRobotsOnBlackSite,numberOfRobotsOnWhiteSite
9036,23,16
timeStep,numberOfRobotsOnBlackSite,numberOfRobotsOnWhiteSite
9037,23,16
timeStep,numberOfRobotsOnBlackSite,numberOfRobotsOnWhiteSite
9038,23,16
timeStep,numberOfRobotsOnBlackSite,numberOfRobotsOnWhiteSite
9039,23,16
timeStep,numberOfRobotsOnBlackSite,numberOfRobotsOnWhiteSite
9040,23,16
timeStep,numberOfRobotsOnBlackSite,numberOfRobotsOnWhiteSite
9041,23,16
timeStep,numberOfRobotsOnBlackSite,numberOfRobotsOnWhiteSite
9042,23,16
timeStep,numberOfRobotsOnBlackSite,numberOfRobotsOnWhiteSite
9043,23,16
timeStep,numberOfRobotsOnBlackSite,numberOfRobotsOnWhiteSite
9044,23,16
timeStep,numberOfRobotsOnBlackSite,numberOfRobotsOnWhiteSite
9045,23,16
timeStep,numberOfRobotsOnBlackSite,numberOfRobotsOnWhiteSite
9046,23,16
timeStep,numberOfRobotsOnBlackSite,numberOfRobotsOnWhiteSite
9047,23,16
timeStep,numberOfRobotsOnBlackSite,numberOfRobotsOnWhiteSite
9048,23,16
timeStep,numberOfRobotsOnBlackSite,numberOfRobotsOnWhiteSite
9049,23,16
timeStep,numberOfRobotsOnBlackSite,numberOfRobotsOnWhiteSite
9050,23,15
timeStep,numberOfRobotsOnBlackSite,numberOfRobotsOnWhiteSite
9051,23,15
timeStep,numberOfRobotsOnBlackSite,numberOfRobotsOnWhiteSite
9052,23,15
timeStep,numberOfRobotsOnBlackSite,numberOfRobotsOnWhiteSite
9053,23,15
timeStep,numberOfRobotsOnBlackSite,numberOfRobotsOnWhiteSite
9054,23,15
timeStep,numberOfRobotsOnBlackSite,numberOfRobotsOnWhiteSite
9055,23,15
timeStep,numberOfRobotsOnBlackSite,numberOfRobotsOnWhiteSite
9056,23,15
timeStep,numberOfRobotsOnBlackSite,numberOfRobotsOnWhiteSite
9057,23,15
timeStep,numberOfRobotsOnBlackSite,numberOfRobotsOnWhiteSite
9058,23,15
timeStep,numberOfRobotsOnBlackSite,numberOfRobotsOnWhiteSite
9059,23,15
timeStep,numberOfRobotsOnBlackSite,numberOfRobotsOnWhiteSite
9060,23,15
timeStep,numberOfRobotsOnBlackSite,numberOfRobotsOnWhiteSite
9061,23,15
timeStep,numberOfRobotsOnBlackSite,numberOfRobotsOnWhiteSite
9062,23,15
timeStep,numberOfRobotsOnBlackSite,numberOfRobotsOnWhiteSite
9063,23,15
timeStep,numberOfRobotsOnBlackSite,numberOfRobotsOnWhiteSite
9064,23,15
timeStep,numberOfRobotsOnBlackSite,numberOfRobotsOnWhiteSite
9065,23,15
timeStep,numberOfRobotsOnBlackSite,numberOfRobotsOnWhiteSite
9066,23,15
timeStep,numberOfRobotsOnBlackSite,numberOfRobotsOnWhiteSite
9067,23,15
timeStep,numberOfRobotsOnBlackSite,numberOfRobotsOnWhiteSite
9068,23,15
timeStep,numberOfRobotsOnBlackSite,numberOfRobotsOnWhiteSite
9069,23,15
timeStep,numberOfRobotsOnBlackSite,numberOfRobotsOnWhiteSite
9070,23,15
timeStep,numberOfRobotsOnBlackSite,numberOfRobotsOnWhiteSite
9071,23,15
timeStep,numberOfRobotsOnBlackSite,numberOfRobotsOnWhiteSite
9072,23,15
timeStep,numberOfRobotsOnBlackSite,numberOfRobotsOnWhiteSite
9073,23,15
timeStep,numberOfRobotsOnBlackSite,numberOfRobotsOnWhiteSite
9074,23,15
timeStep,numberOfRobotsOnBlackSite,numberOfRobotsOnWhiteSite
9075,23,15
timeStep,numberOfRobotsOnBlackSite,numberOfRobotsOnWhiteSite
9076,23,15
timeStep,numberOfRobotsOnBlackSite,numberOfRobotsOnWhiteSite
9077,23,15
timeStep,numberOfRobotsOnBlackSite,numberOfRobotsOnWhiteSite
9078,23,15
timeStep,numberOfRobotsOnBlackSite,numberOfRobotsOnWhiteSite
9079,23,15
timeStep,numberOfRobotsOnBlackSite,numberOfRobotsOnWhiteSite
9080,23,15
timeStep,numberOfRobotsOnBlackSite,numberOfRobotsOnWhiteSite
9081,23,15
timeStep,numberOfRobotsOnBlackSite,numberOfRobotsOnWhiteSite
9082,23,15
timeStep,numberOfRobotsOnBlackSite,numberOfRobotsOnWhiteSite
9083,23,15
timeStep,numberOfRobotsOnBlackSite,numberOfRobotsOnWhiteSite
9084,23,15
timeStep,numberOfRobotsOnBlackSite,numberOfRobotsOnWhiteSite
9085,23,15
timeStep,numberOfRobotsOnBlackSite,numberOfRobotsOnWhiteSite
9086,23,15
timeStep,numberOfRobotsOnBlackSite,numberOfRobotsOnWhiteSite
9087,23,15
timeStep,numberOfRobotsOnBlackSite,numberOfRobotsOnWhiteSite
9088,23,15
timeStep,numberOfRobotsOnBlackSite,numberOfRobotsOnWhiteSite
9089,23,15
timeStep,numberOfRobotsOnBlackSite,numberOfRobotsOnWhiteSite
9090,23,15
timeStep,numberOfRobotsOnBlackSite,numberOfRobotsOnWhiteSite
9091,23,15
timeStep,numberOfRobotsOnBlackSite,numberOfRobotsOnWhiteSite
9092,23,15
timeStep,numberOfRobotsOnBlackSite,numberOfRobotsOnWhiteSite
9093,23,15
timeStep,numberOfRobotsOnBlackSite,numberOfRobotsOnWhiteSite
9094,23,15
timeStep,numberOfRobotsOnBlackSite,numberOfRobotsOnWhiteSite
9095,23,14
timeStep,numberOfRobotsOnBlackSite,numberOfRobotsOnWhiteSite
9096,23,14
timeStep,numberOfRobotsOnBlackSite,numberOfRobotsOnWhiteSite
9097,23,14
timeStep,numberOfRobotsOnBlackSite,numberOfRobotsOnWhiteSite
9098,23,14
timeStep,numberOfRobotsOnBlackSite,numberOfRobotsOnWhiteSite
9099,23,14
timeStep,numberOfRobotsOnBlackSite,numberOfRobotsOnWhiteSite
9100,23,14
timeStep,numberOfRobotsOnBlackSite,numberOfRobotsOnWhiteSite
9101,23,14
timeStep,numberOfRobotsOnBlackSite,numberOfRobotsOnWhiteSite
9102,23,14
timeStep,numberOfRobotsOnBlackSite,numberOfRobotsOnWhiteSite
9103,23,14
timeStep,numberOfRobotsOnBlackSite,numberOfRobotsOnWhiteSite
9104,23,14
timeStep,numberOfRobotsOnBlackSite,numberOfRobotsOnWhiteSite
9105,23,14
timeStep,numberOfRobotsOnBlackSite,numberOfRobotsOnWhiteSite
9106,23,14
timeStep,numberOfRobotsOnBlackSite,numberOfRobotsOnWhiteSite
9107,23,14
timeStep,numberOfRobotsOnBlackSite,numberOfRobotsOnWhiteSite
9108,23,14
timeStep,numberOfRobotsOnBlackSite,numberOfRobotsOnWhiteSite
9109,23,14
timeStep,numberOfRobotsOnBlackSite,numberOfRobotsOnWhiteSite
9110,23,14
timeStep,numberOfRobotsOnBlackSite,numberOfRobotsOnWhiteSite
9111,23,14
timeStep,numberOfRobotsOnBlackSite,numberOfRobotsOnWhiteSite
9112,23,14
timeStep,numberOfRobotsOnBlackSite,numberOfRobotsOnWhiteSite
9113,23,14
timeStep,numberOfRobotsOnBlackSite,numberOfRobotsOnWhiteSite
9114,23,14
timeStep,numberOfRobotsOnBlackSite,numberOfRobotsOnWhiteSite
9115,23,14
timeStep,numberOfRobotsOnBlackSite,numberOfRobotsOnWhiteSite
9116,23,14
timeStep,numberOfRobotsOnBlackSite,numberOfRobotsOnWhiteSite
9117,23,14
timeStep,numberOfRobotsOnBlackSite,numberOfRobotsOnWhiteSite
9118,23,14
timeStep,numberOfRobotsOnBlackSite,numberOfRobotsOnWhiteSite
9119,23,14
timeStep,numberOfRobotsOnBlackSite,numberOfRobotsOnWhiteSite
9120,23,14
timeStep,numberOfRobotsOnBlackSite,numberOfRobotsOnWhiteSite
9121,23,14
timeStep,numberOfRobotsOnBlackSite,numberOfRobotsOnWhiteSite
9122,23,14
timeStep,numberOfRobotsOnBlackSite,numberOfRobotsOnWhiteSite
9123,23,14
timeStep,numberOfRobotsOnBlackSite,numberOfRobotsOnWhiteSite
9124,23,14
timeStep,numberOfRobotsOnBlackSite,numberOfRobotsOnWhiteSite
9125,23,14
timeStep,numberOfRobotsOnBlackSite,numberOfRobotsOnWhiteSite
9126,23,14
timeStep,numberOfRobotsOnBlackSite,numberOfRobotsOnWhiteSite
9127,23,14
timeStep,numberOfRobotsOnBlackSite,numberOfRobotsOnWhiteSite
9128,23,14
timeStep,numberOfRobotsOnBlackSite,numberOfRobotsOnWhiteSite
9129,23,14
timeStep,numberOfRobotsOnBlackSite,numberOfRobotsOnWhiteSite
9130,23,14
timeStep,numberOfRobotsOnBlackSite,numberOfRobotsOnWhiteSite
9131,23,14
timeStep,numberOfRobotsOnBlackSite,numberOfRobotsOnWhiteSite
9132,23,14
timeStep,numberOfRobotsOnBlackSite,numberOfRobotsOnWhiteSite
9133,23,14
timeStep,numberOfRobotsOnBlackSite,numberOfRobotsOnWhiteSite
9134,23,14
timeStep,numberOfRobotsOnBlackSite,numberOfRobotsOnWhiteSite
9135,23,15
timeStep,numberOfRobotsOnBlackSite,numberOfRobotsOnWhiteSite
9136,23,15
timeStep,numberOfRobotsOnBlackSite,numberOfRobotsOnWhiteSite
9137,23,15
timeStep,numberOfRobotsOnBlackSite,numberOfRobotsOnWhiteSite
9138,23,15
timeStep,numberOfRobotsOnBlackSite,numberOfRobotsOnWhiteSite
9139,23,15
timeStep,numberOfRobotsOnBlackSite,numberOfRobotsOnWhiteSite
9140,23,15
timeStep,numberOfRobotsOnBlackSite,numberOfRobotsOnWhiteSite
9141,23,15
timeStep,numberOfRobotsOnBlackSite,numberOfRobotsOnWhiteSite
9142,23,15
timeStep,numberOfRobotsOnBlackSite,numberOfRobotsOnWhiteSite
9143,23,15
timeStep,numberOfRobotsOnBlackSite,numberOfRobotsOnWhiteSite
9144,23,15
timeStep,numberOfRobotsOnBlackSite,numberOfRobotsOnWhiteSite
9145,23,15
timeStep,numberOfRobotsOnBlackSite,numberOfRobotsOnWhiteSite
9146,23,15
timeStep,numberOfRobotsOnBlackSite,numberOfRobotsOnWhiteSite
9147,23,15
timeStep,numberOfRobotsOnBlackSite,numberOfRobotsOnWhiteSite
9148,23,15
timeStep,numberOfRobotsOnBlackSite,numberOfRobotsOnWhiteSite
9149,23,15
timeStep,numberOfRobotsOnBlackSite,numberOfRobotsOnWhiteSite
9150,23,15
timeStep,numberOfRobotsOnBlackSite,numberOfRobotsOnWhiteSite
9151,23,15
timeStep,numberOfRobotsOnBlackSite,numberOfRobotsOnWhiteSite
9152,23,15
timeStep,numberOfRobotsOnBlackSite,numberOfRobotsOnWhiteSite
9153,23,15
timeStep,numberOfRobotsOnBlackSite,numberOfRobotsOnWhiteSite
9154,23,15
timeStep,numberOfRobotsOnBlackSite,numberOfRobotsOnWhiteSite
9155,23,16
timeStep,numberOfRobotsOnBlackSite,numberOfRobotsOnWhiteSite
9156,23,16
timeStep,numberOfRobotsOnBlackSite,numberOfRobotsOnWhiteSite
9157,23,16
timeStep,numberOfRobotsOnBlackSite,numberOfRobotsOnWhiteSite
9158,23,16
timeStep,numberOfRobotsOnBlackSite,numberOfRobotsOnWhiteSite
9159,23,16
timeStep,numberOfRobotsOnBlackSite,numberOfRobotsOnWhiteSite
9160,23,16
timeStep,numberOfRobotsOnBlackSite,numberOfRobotsOnWhiteSite
9161,23,16
timeStep,numberOfRobotsOnBlackSite,numberOfRobotsOnWhiteSite
9162,23,16
timeStep,numberOfRobotsOnBlackSite,numberOfRobotsOnWhiteSite
9163,23,16
timeStep,numberOfRobotsOnBlackSite,numberOfRobotsOnWhiteSite
9164,23,16
timeStep,numberOfRobotsOnBlackSite,numberOfRobotsOnWhiteSite
9165,23,16
timeStep,numberOfRobotsOnBlackSite,numberOfRobotsOnWhiteSite
9166,23,16
timeStep,numberOfRobotsOnBlackSite,numberOfRobotsOnWhiteSite
9167,23,16
timeStep,numberOfRobotsOnBlackSite,numberOfRobotsOnWhiteSite
9168,23,16
timeStep,numberOfRobotsOnBlackSite,numberOfRobotsOnWhiteSite
9169,23,16
timeStep,numberOfRobotsOnBlackSite,numberOfRobotsOnWhiteSite
9170,23,16
timeStep,numberOfRobotsOnBlackSite,numberOfRobotsOnWhiteSite
9171,23,16
timeStep,numberOfRobotsOnBlackSite,numberOfRobotsOnWhiteSite
9172,23,16
timeStep,numberOfRobotsOnBlackSite,numberOfRobotsOnWhiteSite
9173,23,16
timeStep,numberOfRobotsOnBlackSite,numberOfRobotsOnWhiteSite
9174,23,16
timeStep,numberOfRobotsOnBlackSite,numberOfRobotsOnWhiteSite
9175,23,16
timeStep,numberOfRobotsOnBlackSite,numberOfRobotsOnWhiteSite
9176,23,16
timeStep,numberOfRobotsOnBlackSite,numberOfRobotsOnWhiteSite
9177,23,16
timeStep,numberOfRobotsOnBlackSite,numberOfRobotsOnWhiteSite
9178,23,16
timeStep,numberOfRobotsOnBlackSite,numberOfRobotsOnWhiteSite
9179,23,16
timeStep,numberOfRobotsOnBlackSite,numberOfRobotsOnWhiteSite
9180,23,16
timeStep,numberOfRobotsOnBlackSite,numberOfRobotsOnWhiteSite
9181,23,16
timeStep,numberOfRobotsOnBlackSite,numberOfRobotsOnWhiteSite
9182,23,16
timeStep,numberOfRobotsOnBlackSite,numberOfRobotsOnWhiteSite
9183,23,16
timeStep,numberOfRobotsOnBlackSite,numberOfRobotsOnWhiteSite
9184,23,16
timeStep,numberOfRobotsOnBlackSite,numberOfRobotsOnWhiteSite
9185,23,16
timeStep,numberOfRobotsOnBlackSite,numberOfRobotsOnWhiteSite
9186,23,16
timeStep,numberOfRobotsOnBlackSite,numberOfRobotsOnWhiteSite
9187,23,16
timeStep,numberOfRobotsOnBlackSite,numberOfRobotsOnWhiteSite
9188,23,16
timeStep,numberOfRobotsOnBlackSite,numberOfRobotsOnWhiteSite
9189,23,16
timeStep,numberOfRobotsOnBlackSite,numberOfRobotsOnWhiteSite
9190,23,16
timeStep,numberOfRobotsOnBlackSite,numberOfRobotsOnWhiteSite
9191,23,16
timeStep,numberOfRobotsOnBlackSite,numberOfRobotsOnWhiteSite
9192,23,16
timeStep,numberOfRobotsOnBlackSite,numberOfRobotsOnWhiteSite
9193,23,16
timeStep,numberOfRobotsOnBlackSite,numberOfRobotsOnWhiteSite
9194,23,16
timeStep,numberOfRobotsOnBlackSite,numberOfRobotsOnWhiteSite
9195,23,16
timeStep,numberOfRobotsOnBlackSite,numberOfRobotsOnWhiteSite
9196,23,16
timeStep,numberOfRobotsOnBlackSite,numberOfRobotsOnWhiteSite
9197,23,16
timeStep,numberOfRobotsOnBlackSite,numberOfRobotsOnWhiteSite
9198,23,16
timeStep,numberOfRobotsOnBlackSite,numberOfRobotsOnWhiteSite
9199,23,16
timeStep,numberOfRobotsOnBlackSite,numberOfRobotsOnWhiteSite
9200,23,16
timeStep,numberOfRobotsOnBlackSite,numberOfRobotsOnWhiteSite
9201,23,16
timeStep,numberOfRobotsOnBlackSite,numberOfRobotsOnWhiteSite
9202,23,16
timeStep,numberOfRobotsOnBlackSite,numberOfRobotsOnWhiteSite
9203,23,16
timeStep,numberOfRobotsOnBlackSite,numberOfRobotsOnWhiteSite
9204,23,16
timeStep,numberOfRobotsOnBlackSite,numberOfRobotsOnWhiteSite
9205,23,16
timeStep,numberOfRobotsOnBlackSite,numberOfRobotsOnWhiteSite
9206,23,16
timeStep,numberOfRobotsOnBlackSite,numberOfRobotsOnWhiteSite
9207,23,16
timeStep,numberOfRobotsOnBlackSite,numberOfRobotsOnWhiteSite
9208,23,16
timeStep,numberOfRobotsOnBlackSite,numberOfRobotsOnWhiteSite
9209,23,16
timeStep,numberOfRobotsOnBlackSite,numberOfRobotsOnWhiteSite
9210,23,16
timeStep,numberOfRobotsOnBlackSite,numberOfRobotsOnWhiteSite
9211,23,16
timeStep,numberOfRobotsOnBlackSite,numberOfRobotsOnWhiteSite
9212,23,16
timeStep,numberOfRobotsOnBlackSite,numberOfRobotsOnWhiteSite
9213,23,16
timeStep,numberOfRobotsOnBlackSite,numberOfRobotsOnWhiteSite
9214,23,16
timeStep,numberOfRobotsOnBlackSite,numberOfRobotsOnWhiteSite
9215,23,16
timeStep,numberOfRobotsOnBlackSite,numberOfRobotsOnWhiteSite
9216,23,16
timeStep,numberOfRobotsOnBlackSite,numberOfRobotsOnWhiteSite
9217,23,16
timeStep,numberOfRobotsOnBlackSite,numberOfRobotsOnWhiteSite
9218,23,16
timeStep,numberOfRobotsOnBlackSite,numberOfRobotsOnWhiteSite
9219,23,16
timeStep,numberOfRobotsOnBlackSite,numberOfRobotsOnWhiteSite
9220,23,16
timeStep,numberOfRobotsOnBlackSite,numberOfRobotsOnWhiteSite
9221,23,16
timeStep,numberOfRobotsOnBlackSite,numberOfRobotsOnWhiteSite
9222,23,16
timeStep,numberOfRobotsOnBlackSite,numberOfRobotsOnWhiteSite
9223,23,16
timeStep,numberOfRobotsOnBlackSite,numberOfRobotsOnWhiteSite
9224,23,16
timeStep,numberOfRobotsOnBlackSite,numberOfRobotsOnWhiteSite
9225,24,16
timeStep,numberOfRobotsOnBlackSite,numberOfRobotsOnWhiteSite
9226,24,16
timeStep,numberOfRobotsOnBlackSite,numberOfRobotsOnWhiteSite
9227,24,16
timeStep,numberOfRobotsOnBlackSite,numberOfRobotsOnWhiteSite
9228,24,16
timeStep,numberOfRobotsOnBlackSite,numberOfRobotsOnWhiteSite
9229,24,16
timeStep,numberOfRobotsOnBlackSite,numberOfRobotsOnWhiteSite
9230,24,16
timeStep,numberOfRobotsOnBlackSite,numberOfRobotsOnWhiteSite
9231,24,16
timeStep,numberOfRobotsOnBlackSite,numberOfRobotsOnWhiteSite
9232,24,16
timeStep,numberOfRobotsOnBlackSite,numberOfRobotsOnWhiteSite
9233,24,16
timeStep,numberOfRobotsOnBlackSite,numberOfRobotsOnWhiteSite
9234,24,16
timeStep,numberOfRobotsOnBlackSite,numberOfRobotsOnWhiteSite
9235,24,16
timeStep,numberOfRobotsOnBlackSite,numberOfRobotsOnWhiteSite
9236,24,16
timeStep,numberOfRobotsOnBlackSite,numberOfRobotsOnWhiteSite
9237,24,16
timeStep,numberOfRobotsOnBlackSite,numberOfRobotsOnWhiteSite
9238,24,16
timeStep,numberOfRobotsOnBlackSite,numberOfRobotsOnWhiteSite
9239,24,16
timeStep,numberOfRobotsOnBlackSite,numberOfRobotsOnWhiteSite
9240,24,16
timeStep,numberOfRobotsOnBlackSite,numberOfRobotsOnWhiteSite
9241,24,16
timeStep,numberOfRobotsOnBlackSite,numberOfRobotsOnWhiteSite
9242,24,16
timeStep,numberOfRobotsOnBlackSite,numberOfRobotsOnWhiteSite
9243,24,16
timeStep,numberOfRobotsOnBlackSite,numberOfRobotsOnWhiteSite
9244,24,16
timeStep,numberOfRobotsOnBlackSite,numberOfRobotsOnWhiteSite
9245,24,16
timeStep,numberOfRobotsOnBlackSite,numberOfRobotsOnWhiteSite
9246,24,16
timeStep,numberOfRobotsOnBlackSite,numberOfRobotsOnWhiteSite
9247,24,16
timeStep,numberOfRobotsOnBlackSite,numberOfRobotsOnWhiteSite
9248,24,16
timeStep,numberOfRobotsOnBlackSite,numberOfRobotsOnWhiteSite
9249,24,16
timeStep,numberOfRobotsOnBlackSite,numberOfRobotsOnWhiteSite
9250,24,16
timeStep,numberOfRobotsOnBlackSite,numberOfRobotsOnWhiteSite
9251,24,16
timeStep,numberOfRobotsOnBlackSite,numberOfRobotsOnWhiteSite
9252,24,16
timeStep,numberOfRobotsOnBlackSite,numberOfRobotsOnWhiteSite
9253,24,16
timeStep,numberOfRobotsOnBlackSite,numberOfRobotsOnWhiteSite
9254,24,16
timeStep,numberOfRobotsOnBlackSite,numberOfRobotsOnWhiteSite
9255,24,16
timeStep,numberOfRobotsOnBlackSite,numberOfRobotsOnWhiteSite
9256,24,16
timeStep,numberOfRobotsOnBlackSite,numberOfRobotsOnWhiteSite
9257,24,16
timeStep,numberOfRobotsOnBlackSite,numberOfRobotsOnWhiteSite
9258,24,16
timeStep,numberOfRobotsOnBlackSite,numberOfRobotsOnWhiteSite
9259,24,16
timeStep,numberOfRobotsOnBlackSite,numberOfRobotsOnWhiteSite
9260,24,16
timeStep,numberOfRobotsOnBlackSite,numberOfRobotsOnWhiteSite
9261,24,16
timeStep,numberOfRobotsOnBlackSite,numberOfRobotsOnWhiteSite
9262,24,16
timeStep,numberOfRobotsOnBlackSite,numberOfRobotsOnWhiteSite
9263,24,16
timeStep,numberOfRobotsOnBlackSite,numberOfRobotsOnWhiteSite
9264,24,16
timeStep,numberOfRobotsOnBlackSite,numberOfRobotsOnWhiteSite
9265,24,16
timeStep,numberOfRobotsOnBlackSite,numberOfRobotsOnWhiteSite
9266,24,16
timeStep,numberOfRobotsOnBlackSite,numberOfRobotsOnWhiteSite
9267,24,16
timeStep,numberOfRobotsOnBlackSite,numberOfRobotsOnWhiteSite
9268,24,16
timeStep,numberOfRobotsOnBlackSite,numberOfRobotsOnWhiteSite
9269,24,16
timeStep,numberOfRobotsOnBlackSite,numberOfRobotsOnWhiteSite
9270,24,16
timeStep,numberOfRobotsOnBlackSite,numberOfRobotsOnWhiteSite
9271,24,16
timeStep,numberOfRobotsOnBlackSite,numberOfRobotsOnWhiteSite
9272,24,16
timeStep,numberOfRobotsOnBlackSite,numberOfRobotsOnWhiteSite
9273,24,16
timeStep,numberOfRobotsOnBlackSite,numberOfRobotsOnWhiteSite
9274,24,16
timeStep,numberOfRobotsOnBlackSite,numberOfRobotsOnWhiteSite
9275,24,16
timeStep,numberOfRobotsOnBlackSite,numberOfRobotsOnWhiteSite
9276,24,16
timeStep,numberOfRobotsOnBlackSite,numberOfRobotsOnWhiteSite
9277,24,16
timeStep,numberOfRobotsOnBlackSite,numberOfRobotsOnWhiteSite
9278,24,16
timeStep,numberOfRobotsOnBlackSite,numberOfRobotsOnWhiteSite
9279,24,16
timeStep,numberOfRobotsOnBlackSite,numberOfRobotsOnWhiteSite
9280,24,16
timeStep,numberOfRobotsOnBlackSite,numberOfRobotsOnWhiteSite
9281,24,16
timeStep,numberOfRobotsOnBlackSite,numberOfRobotsOnWhiteSite
9282,24,16
timeStep,numberOfRobotsOnBlackSite,numberOfRobotsOnWhiteSite
9283,24,16
timeStep,numberOfRobotsOnBlackSite,numberOfRobotsOnWhiteSite
9284,24,16
timeStep,numberOfRobotsOnBlackSite,numberOfRobotsOnWhiteSite
9285,24,16
timeStep,numberOfRobotsOnBlackSite,numberOfRobotsOnWhiteSite
9286,24,16
timeStep,numberOfRobotsOnBlackSite,numberOfRobotsOnWhiteSite
9287,24,16
timeStep,numberOfRobotsOnBlackSite,numberOfRobotsOnWhiteSite
9288,24,16
timeStep,numberOfRobotsOnBlackSite,numberOfRobotsOnWhiteSite
9289,24,16
timeStep,numberOfRobotsOnBlackSite,numberOfRobotsOnWhiteSite
9290,24,16
timeStep,numberOfRobotsOnBlackSite,numberOfRobotsOnWhiteSite
9291,24,16
timeStep,numberOfRobotsOnBlackSite,numberOfRobotsOnWhiteSite
9292,24,16
timeStep,numberOfRobotsOnBlackSite,numberOfRobotsOnWhiteSite
9293,24,16
timeStep,numberOfRobotsOnBlackSite,numberOfRobotsOnWhiteSite
9294,24,16
timeStep,numberOfRobotsOnBlackSite,numberOfRobotsOnWhiteSite
9295,24,16
timeStep,numberOfRobotsOnBlackSite,numberOfRobotsOnWhiteSite
9296,24,16
timeStep,numberOfRobotsOnBlackSite,numberOfRobotsOnWhiteSite
9297,24,16
timeStep,numberOfRobotsOnBlackSite,numberOfRobotsOnWhiteSite
9298,24,16
timeStep,numberOfRobotsOnBlackSite,numberOfRobotsOnWhiteSite
9299,24,16
timeStep,numberOfRobotsOnBlackSite,numberOfRobotsOnWhiteSite
9300,24,16
timeStep,numberOfRobotsOnBlackSite,numberOfRobotsOnWhiteSite
9301,24,16
timeStep,numberOfRobotsOnBlackSite,numberOfRobotsOnWhiteSite
9302,24,16
timeStep,numberOfRobotsOnBlackSite,numberOfRobotsOnWhiteSite
9303,24,16
timeStep,numberOfRobotsOnBlackSite,numberOfRobotsOnWhiteSite
9304,24,16
timeStep,numberOfRobotsOnBlackSite,numberOfRobotsOnWhiteSite
9305,24,16
timeStep,numberOfRobotsOnBlackSite,numberOfRobotsOnWhiteSite
9306,24,16
timeStep,numberOfRobotsOnBlackSite,numberOfRobotsOnWhiteSite
9307,24,16
timeStep,numberOfRobotsOnBlackSite,numberOfRobotsOnWhiteSite
9308,24,16
timeStep,numberOfRobotsOnBlackSite,numberOfRobotsOnWhiteSite
9309,24,16
timeStep,numberOfRobotsOnBlackSite,numberOfRobotsOnWhiteSite
9310,24,16
timeStep,numberOfRobotsOnBlackSite,numberOfRobotsOnWhiteSite
9311,24,16
timeStep,numberOfRobotsOnBlackSite,numberOfRobotsOnWhiteSite
9312,24,16
timeStep,numberOfRobotsOnBlackSite,numberOfRobotsOnWhiteSite
9313,24,16
timeStep,numberOfRobotsOnBlackSite,numberOfRobotsOnWhiteSite
9314,24,16
timeStep,numberOfRobotsOnBlackSite,numberOfRobotsOnWhiteSite
9315,24,16
timeStep,numberOfRobotsOnBlackSite,numberOfRobotsOnWhiteSite
9316,24,16
timeStep,numberOfRobotsOnBlackSite,numberOfRobotsOnWhiteSite
9317,24,16
timeStep,numberOfRobotsOnBlackSite,numberOfRobotsOnWhiteSite
9318,24,16
timeStep,numberOfRobotsOnBlackSite,numberOfRobotsOnWhiteSite
9319,24,16
timeStep,numberOfRobotsOnBlackSite,numberOfRobotsOnWhiteSite
9320,24,16
timeStep,numberOfRobotsOnBlackSite,numberOfRobotsOnWhiteSite
9321,24,16
timeStep,numberOfRobotsOnBlackSite,numberOfRobotsOnWhiteSite
9322,24,16
timeStep,numberOfRobotsOnBlackSite,numberOfRobotsOnWhiteSite
9323,24,16
timeStep,numberOfRobotsOnBlackSite,numberOfRobotsOnWhiteSite
9324,24,16
timeStep,numberOfRobotsOnBlackSite,numberOfRobotsOnWhiteSite
9325,24,16
timeStep,numberOfRobotsOnBlackSite,numberOfRobotsOnWhiteSite
9326,24,16
timeStep,numberOfRobotsOnBlackSite,numberOfRobotsOnWhiteSite
9327,24,16
timeStep,numberOfRobotsOnBlackSite,numberOfRobotsOnWhiteSite
9328,24,16
timeStep,numberOfRobotsOnBlackSite,numberOfRobotsOnWhiteSite
9329,24,16
timeStep,numberOfRobotsOnBlackSite,numberOfRobotsOnWhiteSite
9330,24,16
timeStep,numberOfRobotsOnBlackSite,numberOfRobotsOnWhiteSite
9331,24,16
timeStep,numberOfRobotsOnBlackSite,numberOfRobotsOnWhiteSite
9332,24,16
timeStep,numberOfRobotsOnBlackSite,numberOfRobotsOnWhiteSite
9333,24,16
timeStep,numberOfRobotsOnBlackSite,numberOfRobotsOnWhiteSite
9334,24,16
timeStep,numberOfRobotsOnBlackSite,numberOfRobotsOnWhiteSite
9335,24,16
timeStep,numberOfRobotsOnBlackSite,numberOfRobotsOnWhiteSite
9336,24,16
timeStep,numberOfRobotsOnBlackSite,numberOfRobotsOnWhiteSite
9337,24,16
timeStep,numberOfRobotsOnBlackSite,numberOfRobotsOnWhiteSite
9338,24,16
timeStep,numberOfRobotsOnBlackSite,numberOfRobotsOnWhiteSite
9339,24,16
timeStep,numberOfRobotsOnBlackSite,numberOfRobotsOnWhiteSite
9340,24,16
timeStep,numberOfRobotsOnBlackSite,numberOfRobotsOnWhiteSite
9341,24,16
timeStep,numberOfRobotsOnBlackSite,numberOfRobotsOnWhiteSite
9342,24,16
timeStep,numberOfRobotsOnBlackSite,numberOfRobotsOnWhiteSite
9343,24,16
timeStep,numberOfRobotsOnBlackSite,numberOfRobotsOnWhiteSite
9344,24,16
timeStep,numberOfRobotsOnBlackSite,numberOfRobotsOnWhiteSite
9345,24,16
timeStep,numberOfRobotsOnBlackSite,numberOfRobotsOnWhiteSite
9346,24,16
timeStep,numberOfRobotsOnBlackSite,numberOfRobotsOnWhiteSite
9347,24,16
timeStep,numberOfRobotsOnBlackSite,numberOfRobotsOnWhiteSite
9348,24,16
timeStep,numberOfRobotsOnBlackSite,numberOfRobotsOnWhiteSite
9349,24,16
timeStep,numberOfRobotsOnBlackSite,numberOfRobotsOnWhiteSite
9350,24,17
timeStep,numberOfRobotsOnBlackSite,numberOfRobotsOnWhiteSite
9351,24,17
timeStep,numberOfRobotsOnBlackSite,numberOfRobotsOnWhiteSite
9352,24,17
timeStep,numberOfRobotsOnBlackSite,numberOfRobotsOnWhiteSite
9353,24,17
timeStep,numberOfRobotsOnBlackSite,numberOfRobotsOnWhiteSite
9354,24,17
timeStep,numberOfRobotsOnBlackSite,numberOfRobotsOnWhiteSite
9355,24,17
timeStep,numberOfRobotsOnBlackSite,numberOfRobotsOnWhiteSite
9356,24,17
timeStep,numberOfRobotsOnBlackSite,numberOfRobotsOnWhiteSite
9357,24,17
timeStep,numberOfRobotsOnBlackSite,numberOfRobotsOnWhiteSite
9358,24,17
timeStep,numberOfRobotsOnBlackSite,numberOfRobotsOnWhiteSite
9359,24,17
timeStep,numberOfRobotsOnBlackSite,numberOfRobotsOnWhiteSite
9360,24,17
timeStep,numberOfRobotsOnBlackSite,numberOfRobotsOnWhiteSite
9361,24,17
timeStep,numberOfRobotsOnBlackSite,numberOfRobotsOnWhiteSite
9362,24,17
timeStep,numberOfRobotsOnBlackSite,numberOfRobotsOnWhiteSite
9363,24,17
timeStep,numberOfRobotsOnBlackSite,numberOfRobotsOnWhiteSite
9364,24,17
timeStep,numberOfRobotsOnBlackSite,numberOfRobotsOnWhiteSite
9365,24,17
timeStep,numberOfRobotsOnBlackSite,numberOfRobotsOnWhiteSite
9366,24,17
timeStep,numberOfRobotsOnBlackSite,numberOfRobotsOnWhiteSite
9367,24,17
timeStep,numberOfRobotsOnBlackSite,numberOfRobotsOnWhiteSite
9368,24,17
timeStep,numberOfRobotsOnBlackSite,numberOfRobotsOnWhiteSite
9369,24,17
timeStep,numberOfRobotsOnBlackSite,numberOfRobotsOnWhiteSite
9370,24,17
timeStep,numberOfRobotsOnBlackSite,numberOfRobotsOnWhiteSite
9371,24,17
timeStep,numberOfRobotsOnBlackSite,numberOfRobotsOnWhiteSite
9372,24,17
timeStep,numberOfRobotsOnBlackSite,numberOfRobotsOnWhiteSite
9373,24,17
timeStep,numberOfRobotsOnBlackSite,numberOfRobotsOnWhiteSite
9374,24,17
timeStep,numberOfRobotsOnBlackSite,numberOfRobotsOnWhiteSite
9375,24,17
timeStep,numberOfRobotsOnBlackSite,numberOfRobotsOnWhiteSite
9376,24,17
timeStep,numberOfRobotsOnBlackSite,numberOfRobotsOnWhiteSite
9377,24,17
timeStep,numberOfRobotsOnBlackSite,numberOfRobotsOnWhiteSite
9378,24,17
timeStep,numberOfRobotsOnBlackSite,numberOfRobotsOnWhiteSite
9379,24,17
timeStep,numberOfRobotsOnBlackSite,numberOfRobotsOnWhiteSite
9380,24,17
timeStep,numberOfRobotsOnBlackSite,numberOfRobotsOnWhiteSite
9381,24,17
timeStep,numberOfRobotsOnBlackSite,numberOfRobotsOnWhiteSite
9382,24,17
timeStep,numberOfRobotsOnBlackSite,numberOfRobotsOnWhiteSite
9383,24,17
timeStep,numberOfRobotsOnBlackSite,numberOfRobotsOnWhiteSite
9384,24,17
timeStep,numberOfRobotsOnBlackSite,numberOfRobotsOnWhiteSite
9385,24,17
timeStep,numberOfRobotsOnBlackSite,numberOfRobotsOnWhiteSite
9386,24,17
timeStep,numberOfRobotsOnBlackSite,numberOfRobotsOnWhiteSite
9387,24,17
timeStep,numberOfRobotsOnBlackSite,numberOfRobotsOnWhiteSite
9388,24,17
timeStep,numberOfRobotsOnBlackSite,numberOfRobotsOnWhiteSite
9389,24,17
timeStep,numberOfRobotsOnBlackSite,numberOfRobotsOnWhiteSite
9390,24,17
timeStep,numberOfRobotsOnBlackSite,numberOfRobotsOnWhiteSite
9391,24,17
timeStep,numberOfRobotsOnBlackSite,numberOfRobotsOnWhiteSite
9392,24,17
timeStep,numberOfRobotsOnBlackSite,numberOfRobotsOnWhiteSite
9393,24,17
timeStep,numberOfRobotsOnBlackSite,numberOfRobotsOnWhiteSite
9394,24,17
timeStep,numberOfRobotsOnBlackSite,numberOfRobotsOnWhiteSite
9395,23,17
timeStep,numberOfRobotsOnBlackSite,numberOfRobotsOnWhiteSite
9396,23,17
timeStep,numberOfRobotsOnBlackSite,numberOfRobotsOnWhiteSite
9397,23,17
timeStep,numberOfRobotsOnBlackSite,numberOfRobotsOnWhiteSite
9398,23,17
timeStep,numberOfRobotsOnBlackSite,numberOfRobotsOnWhiteSite
9399,23,17
timeStep,numberOfRobotsOnBlackSite,numberOfRobotsOnWhiteSite
9400,23,17
timeStep,numberOfRobotsOnBlackSite,numberOfRobotsOnWhiteSite
9401,23,17
timeStep,numberOfRobotsOnBlackSite,numberOfRobotsOnWhiteSite
9402,23,17
timeStep,numberOfRobotsOnBlackSite,numberOfRobotsOnWhiteSite
9403,23,17
timeStep,numberOfRobotsOnBlackSite,numberOfRobotsOnWhiteSite
9404,23,17
timeStep,numberOfRobotsOnBlackSite,numberOfRobotsOnWhiteSite
9405,23,17
timeStep,numberOfRobotsOnBlackSite,numberOfRobotsOnWhiteSite
9406,23,17
timeStep,numberOfRobotsOnBlackSite,numberOfRobotsOnWhiteSite
9407,23,17
timeStep,numberOfRobotsOnBlackSite,numberOfRobotsOnWhiteSite
9408,23,17
timeStep,numberOfRobotsOnBlackSite,numberOfRobotsOnWhiteSite
9409,23,17
timeStep,numberOfRobotsOnBlackSite,numberOfRobotsOnWhiteSite
9410,23,17
timeStep,numberOfRobotsOnBlackSite,numberOfRobotsOnWhiteSite
9411,23,17
timeStep,numberOfRobotsOnBlackSite,numberOfRobotsOnWhiteSite
9412,23,17
timeStep,numberOfRobotsOnBlackSite,numberOfRobotsOnWhiteSite
9413,23,17
timeStep,numberOfRobotsOnBlackSite,numberOfRobotsOnWhiteSite
9414,23,17
timeStep,numberOfRobotsOnBlackSite,numberOfRobotsOnWhiteSite
9415,23,17
timeStep,numberOfRobotsOnBlackSite,numberOfRobotsOnWhiteSite
9416,23,17
timeStep,numberOfRobotsOnBlackSite,numberOfRobotsOnWhiteSite
9417,23,17
timeStep,numberOfRobotsOnBlackSite,numberOfRobotsOnWhiteSite
9418,23,17
timeStep,numberOfRobotsOnBlackSite,numberOfRobotsOnWhiteSite
9419,23,17
timeStep,numberOfRobotsOnBlackSite,numberOfRobotsOnWhiteSite
9420,23,17
timeStep,numberOfRobotsOnBlackSite,numberOfRobotsOnWhiteSite
9421,23,17
timeStep,numberOfRobotsOnBlackSite,numberOfRobotsOnWhiteSite
9422,23,17
timeStep,numberOfRobotsOnBlackSite,numberOfRobotsOnWhiteSite
9423,23,17
timeStep,numberOfRobotsOnBlackSite,numberOfRobotsOnWhiteSite
9424,23,17
timeStep,numberOfRobotsOnBlackSite,numberOfRobotsOnWhiteSite
9425,23,17
timeStep,numberOfRobotsOnBlackSite,numberOfRobotsOnWhiteSite
9426,23,17
timeStep,numberOfRobotsOnBlackSite,numberOfRobotsOnWhiteSite
9427,23,17
timeStep,numberOfRobotsOnBlackSite,numberOfRobotsOnWhiteSite
9428,23,17
timeStep,numberOfRobotsOnBlackSite,numberOfRobotsOnWhiteSite
9429,23,17
timeStep,numberOfRobotsOnBlackSite,numberOfRobotsOnWhiteSite
9430,23,17
timeStep,numberOfRobotsOnBlackSite,numberOfRobotsOnWhiteSite
9431,23,17
timeStep,numberOfRobotsOnBlackSite,numberOfRobotsOnWhiteSite
9432,23,17
timeStep,numberOfRobotsOnBlackSite,numberOfRobotsOnWhiteSite
9433,23,17
timeStep,numberOfRobotsOnBlackSite,numberOfRobotsOnWhiteSite
9434,23,17
timeStep,numberOfRobotsOnBlackSite,numberOfRobotsOnWhiteSite
9435,23,17
timeStep,numberOfRobotsOnBlackSite,numberOfRobotsOnWhiteSite
9436,23,17
timeStep,numberOfRobotsOnBlackSite,numberOfRobotsOnWhiteSite
9437,23,17
timeStep,numberOfRobotsOnBlackSite,numberOfRobotsOnWhiteSite
9438,23,17
timeStep,numberOfRobotsOnBlackSite,numberOfRobotsOnWhiteSite
9439,23,17
timeStep,numberOfRobotsOnBlackSite,numberOfRobotsOnWhiteSite
9440,23,17
timeStep,numberOfRobotsOnBlackSite,numberOfRobotsOnWhiteSite
9441,23,17
timeStep,numberOfRobotsOnBlackSite,numberOfRobotsOnWhiteSite
9442,23,17
timeStep,numberOfRobotsOnBlackSite,numberOfRobotsOnWhiteSite
9443,23,17
timeStep,numberOfRobotsOnBlackSite,numberOfRobotsOnWhiteSite
9444,23,17
timeStep,numberOfRobotsOnBlackSite,numberOfRobotsOnWhiteSite
9445,23,17
timeStep,numberOfRobotsOnBlackSite,numberOfRobotsOnWhiteSite
9446,23,17
timeStep,numberOfRobotsOnBlackSite,numberOfRobotsOnWhiteSite
9447,23,17
timeStep,numberOfRobotsOnBlackSite,numberOfRobotsOnWhiteSite
9448,23,17
timeStep,numberOfRobotsOnBlackSite,numberOfRobotsOnWhiteSite
9449,23,17
timeStep,numberOfRobotsOnBlackSite,numberOfRobotsOnWhiteSite
9450,23,17
timeStep,numberOfRobotsOnBlackSite,numberOfRobotsOnWhiteSite
9451,23,17
timeStep,numberOfRobotsOnBlackSite,numberOfRobotsOnWhiteSite
9452,23,17
timeStep,numberOfRobotsOnBlackSite,numberOfRobotsOnWhiteSite
9453,23,17
timeStep,numberOfRobotsOnBlackSite,numberOfRobotsOnWhiteSite
9454,23,17
timeStep,numberOfRobotsOnBlackSite,numberOfRobotsOnWhiteSite
9455,23,17
timeStep,numberOfRobotsOnBlackSite,numberOfRobotsOnWhiteSite
9456,23,17
timeStep,numberOfRobotsOnBlackSite,numberOfRobotsOnWhiteSite
9457,23,17
timeStep,numberOfRobotsOnBlackSite,numberOfRobotsOnWhiteSite
9458,23,17
timeStep,numberOfRobotsOnBlackSite,numberOfRobotsOnWhiteSite
9459,23,17
timeStep,numberOfRobotsOnBlackSite,numberOfRobotsOnWhiteSite
9460,24,17
timeStep,numberOfRobotsOnBlackSite,numberOfRobotsOnWhiteSite
9461,24,17
timeStep,numberOfRobotsOnBlackSite,numberOfRobotsOnWhiteSite
9462,24,17
timeStep,numberOfRobotsOnBlackSite,numberOfRobotsOnWhiteSite
9463,24,17
timeStep,numberOfRobotsOnBlackSite,numberOfRobotsOnWhiteSite
9464,24,17
timeStep,numberOfRobotsOnBlackSite,numberOfRobotsOnWhiteSite
9465,24,17
timeStep,numberOfRobotsOnBlackSite,numberOfRobotsOnWhiteSite
9466,24,17
timeStep,numberOfRobotsOnBlackSite,numberOfRobotsOnWhiteSite
9467,24,17
timeStep,numberOfRobotsOnBlackSite,numberOfRobotsOnWhiteSite
9468,24,17
timeStep,numberOfRobotsOnBlackSite,numberOfRobotsOnWhiteSite
9469,24,17
timeStep,numberOfRobotsOnBlackSite,numberOfRobotsOnWhiteSite
9470,24,17
timeStep,numberOfRobotsOnBlackSite,numberOfRobotsOnWhiteSite
9471,24,17
timeStep,numberOfRobotsOnBlackSite,numberOfRobotsOnWhiteSite
9472,24,17
timeStep,numberOfRobotsOnBlackSite,numberOfRobotsOnWhiteSite
9473,24,17
timeStep,numberOfRobotsOnBlackSite,numberOfRobotsOnWhiteSite
9474,24,17
timeStep,numberOfRobotsOnBlackSite,numberOfRobotsOnWhiteSite
9475,24,17
timeStep,numberOfRobotsOnBlackSite,numberOfRobotsOnWhiteSite
9476,24,17
timeStep,numberOfRobotsOnBlackSite,numberOfRobotsOnWhiteSite
9477,24,17
timeStep,numberOfRobotsOnBlackSite,numberOfRobotsOnWhiteSite
9478,24,17
timeStep,numberOfRobotsOnBlackSite,numberOfRobotsOnWhiteSite
9479,24,17
timeStep,numberOfRobotsOnBlackSite,numberOfRobotsOnWhiteSite
9480,24,17
timeStep,numberOfRobotsOnBlackSite,numberOfRobotsOnWhiteSite
9481,24,17
timeStep,numberOfRobotsOnBlackSite,numberOfRobotsOnWhiteSite
9482,24,17
timeStep,numberOfRobotsOnBlackSite,numberOfRobotsOnWhiteSite
9483,24,17
timeStep,numberOfRobotsOnBlackSite,numberOfRobotsOnWhiteSite
9484,24,17
timeStep,numberOfRobotsOnBlackSite,numberOfRobotsOnWhiteSite
9485,24,17
timeStep,numberOfRobotsOnBlackSite,numberOfRobotsOnWhiteSite
9486,24,17
timeStep,numberOfRobotsOnBlackSite,numberOfRobotsOnWhiteSite
9487,24,17
timeStep,numberOfRobotsOnBlackSite,numberOfRobotsOnWhiteSite
9488,24,17
timeStep,numberOfRobotsOnBlackSite,numberOfRobotsOnWhiteSite
9489,24,17
timeStep,numberOfRobotsOnBlackSite,numberOfRobotsOnWhiteSite
9490,24,17
timeStep,numberOfRobotsOnBlackSite,numberOfRobotsOnWhiteSite
9491,24,17
timeStep,numberOfRobotsOnBlackSite,numberOfRobotsOnWhiteSite
9492,24,17
timeStep,numberOfRobotsOnBlackSite,numberOfRobotsOnWhiteSite
9493,24,17
timeStep,numberOfRobotsOnBlackSite,numberOfRobotsOnWhiteSite
9494,24,17
timeStep,numberOfRobotsOnBlackSite,numberOfRobotsOnWhiteSite
9495,25,17
timeStep,numberOfRobotsOnBlackSite,numberOfRobotsOnWhiteSite
9496,25,17
timeStep,numberOfRobotsOnBlackSite,numberOfRobotsOnWhiteSite
9497,25,17
timeStep,numberOfRobotsOnBlackSite,numberOfRobotsOnWhiteSite
9498,25,17
timeStep,numberOfRobotsOnBlackSite,numberOfRobotsOnWhiteSite
9499,25,17
timeStep,numberOfRobotsOnBlackSite,numberOfRobotsOnWhiteSite
9500,25,17
timeStep,numberOfRobotsOnBlackSite,numberOfRobotsOnWhiteSite
9501,25,17
timeStep,numberOfRobotsOnBlackSite,numberOfRobotsOnWhiteSite
9502,25,17
timeStep,numberOfRobotsOnBlackSite,numberOfRobotsOnWhiteSite
9503,25,17
timeStep,numberOfRobotsOnBlackSite,numberOfRobotsOnWhiteSite
9504,25,17
timeStep,numberOfRobotsOnBlackSite,numberOfRobotsOnWhiteSite
9505,25,17
timeStep,numberOfRobotsOnBlackSite,numberOfRobotsOnWhiteSite
9506,25,17
timeStep,numberOfRobotsOnBlackSite,numberOfRobotsOnWhiteSite
9507,25,17
timeStep,numberOfRobotsOnBlackSite,numberOfRobotsOnWhiteSite
9508,25,17
timeStep,numberOfRobotsOnBlackSite,numberOfRobotsOnWhiteSite
9509,25,17
timeStep,numberOfRobotsOnBlackSite,numberOfRobotsOnWhiteSite
9510,25,17
timeStep,numberOfRobotsOnBlackSite,numberOfRobotsOnWhiteSite
9511,25,17
timeStep,numberOfRobotsOnBlackSite,numberOfRobotsOnWhiteSite
9512,25,17
timeStep,numberOfRobotsOnBlackSite,numberOfRobotsOnWhiteSite
9513,25,17
timeStep,numberOfRobotsOnBlackSite,numberOfRobotsOnWhiteSite
9514,25,17
timeStep,numberOfRobotsOnBlackSite,numberOfRobotsOnWhiteSite
9515,25,17
timeStep,numberOfRobotsOnBlackSite,numberOfRobotsOnWhiteSite
9516,25,17
timeStep,numberOfRobotsOnBlackSite,numberOfRobotsOnWhiteSite
9517,25,17
timeStep,numberOfRobotsOnBlackSite,numberOfRobotsOnWhiteSite
9518,25,17
timeStep,numberOfRobotsOnBlackSite,numberOfRobotsOnWhiteSite
9519,25,17
timeStep,numberOfRobotsOnBlackSite,numberOfRobotsOnWhiteSite
9520,25,17
timeStep,numberOfRobotsOnBlackSite,numberOfRobotsOnWhiteSite
9521,25,17
timeStep,numberOfRobotsOnBlackSite,numberOfRobotsOnWhiteSite
9522,25,17
timeStep,numberOfRobotsOnBlackSite,numberOfRobotsOnWhiteSite
9523,25,17
timeStep,numberOfRobotsOnBlackSite,numberOfRobotsOnWhiteSite
9524,25,17
timeStep,numberOfRobotsOnBlackSite,numberOfRobotsOnWhiteSite
9525,25,17
timeStep,numberOfRobotsOnBlackSite,numberOfRobotsOnWhiteSite
9526,25,17
timeStep,numberOfRobotsOnBlackSite,numberOfRobotsOnWhiteSite
9527,25,17
timeStep,numberOfRobotsOnBlackSite,numberOfRobotsOnWhiteSite
9528,25,17
timeStep,numberOfRobotsOnBlackSite,numberOfRobotsOnWhiteSite
9529,25,17
timeStep,numberOfRobotsOnBlackSite,numberOfRobotsOnWhiteSite
9530,25,17
timeStep,numberOfRobotsOnBlackSite,numberOfRobotsOnWhiteSite
9531,25,17
timeStep,numberOfRobotsOnBlackSite,numberOfRobotsOnWhiteSite
9532,25,17
timeStep,numberOfRobotsOnBlackSite,numberOfRobotsOnWhiteSite
9533,25,17
timeStep,numberOfRobotsOnBlackSite,numberOfRobotsOnWhiteSite
9534,25,17
timeStep,numberOfRobotsOnBlackSite,numberOfRobotsOnWhiteSite
9535,25,17
timeStep,numberOfRobotsOnBlackSite,numberOfRobotsOnWhiteSite
9536,25,17
timeStep,numberOfRobotsOnBlackSite,numberOfRobotsOnWhiteSite
9537,25,17
timeStep,numberOfRobotsOnBlackSite,numberOfRobotsOnWhiteSite
9538,25,17
timeStep,numberOfRobotsOnBlackSite,numberOfRobotsOnWhiteSite
9539,25,17
timeStep,numberOfRobotsOnBlackSite,numberOfRobotsOnWhiteSite
9540,25,17
timeStep,numberOfRobotsOnBlackSite,numberOfRobotsOnWhiteSite
9541,25,17
timeStep,numberOfRobotsOnBlackSite,numberOfRobotsOnWhiteSite
9542,25,17
timeStep,numberOfRobotsOnBlackSite,numberOfRobotsOnWhiteSite
9543,25,17
timeStep,numberOfRobotsOnBlackSite,numberOfRobotsOnWhiteSite
9544,25,17
timeStep,numberOfRobotsOnBlackSite,numberOfRobotsOnWhiteSite
9545,25,17
timeStep,numberOfRobotsOnBlackSite,numberOfRobotsOnWhiteSite
9546,25,17
timeStep,numberOfRobotsOnBlackSite,numberOfRobotsOnWhiteSite
9547,25,17
timeStep,numberOfRobotsOnBlackSite,numberOfRobotsOnWhiteSite
9548,25,17
timeStep,numberOfRobotsOnBlackSite,numberOfRobotsOnWhiteSite
9549,25,17
timeStep,numberOfRobotsOnBlackSite,numberOfRobotsOnWhiteSite
9550,25,17
timeStep,numberOfRobotsOnBlackSite,numberOfRobotsOnWhiteSite
9551,25,17
timeStep,numberOfRobotsOnBlackSite,numberOfRobotsOnWhiteSite
9552,25,17
timeStep,numberOfRobotsOnBlackSite,numberOfRobotsOnWhiteSite
9553,25,17
timeStep,numberOfRobotsOnBlackSite,numberOfRobotsOnWhiteSite
9554,25,17
timeStep,numberOfRobotsOnBlackSite,numberOfRobotsOnWhiteSite
9555,25,17
timeStep,numberOfRobotsOnBlackSite,numberOfRobotsOnWhiteSite
9556,25,17
timeStep,numberOfRobotsOnBlackSite,numberOfRobotsOnWhiteSite
9557,25,17
timeStep,numberOfRobotsOnBlackSite,numberOfRobotsOnWhiteSite
9558,25,17
timeStep,numberOfRobotsOnBlackSite,numberOfRobotsOnWhiteSite
9559,25,17
timeStep,numberOfRobotsOnBlackSite,numberOfRobotsOnWhiteSite
9560,25,17
timeStep,numberOfRobotsOnBlackSite,numberOfRobotsOnWhiteSite
9561,25,17
timeStep,numberOfRobotsOnBlackSite,numberOfRobotsOnWhiteSite
9562,25,17
timeStep,numberOfRobotsOnBlackSite,numberOfRobotsOnWhiteSite
9563,25,17
timeStep,numberOfRobotsOnBlackSite,numberOfRobotsOnWhiteSite
9564,25,17
timeStep,numberOfRobotsOnBlackSite,numberOfRobotsOnWhiteSite
9565,25,18
timeStep,numberOfRobotsOnBlackSite,numberOfRobotsOnWhiteSite
9566,25,18
timeStep,numberOfRobotsOnBlackSite,numberOfRobotsOnWhiteSite
9567,25,18
timeStep,numberOfRobotsOnBlackSite,numberOfRobotsOnWhiteSite
9568,25,18
timeStep,numberOfRobotsOnBlackSite,numberOfRobotsOnWhiteSite
9569,25,18
timeStep,numberOfRobotsOnBlackSite,numberOfRobotsOnWhiteSite
9570,25,18
timeStep,numberOfRobotsOnBlackSite,numberOfRobotsOnWhiteSite
9571,25,18
timeStep,numberOfRobotsOnBlackSite,numberOfRobotsOnWhiteSite
9572,25,18
timeStep,numberOfRobotsOnBlackSite,numberOfRobotsOnWhiteSite
9573,25,18
timeStep,numberOfRobotsOnBlackSite,numberOfRobotsOnWhiteSite
9574,25,18
timeStep,numberOfRobotsOnBlackSite,numberOfRobotsOnWhiteSite
9575,25,18
timeStep,numberOfRobotsOnBlackSite,numberOfRobotsOnWhiteSite
9576,25,18
timeStep,numberOfRobotsOnBlackSite,numberOfRobotsOnWhiteSite
9577,25,18
timeStep,numberOfRobotsOnBlackSite,numberOfRobotsOnWhiteSite
9578,25,18
timeStep,numberOfRobotsOnBlackSite,numberOfRobotsOnWhiteSite
9579,25,18
timeStep,numberOfRobotsOnBlackSite,numberOfRobotsOnWhiteSite
9580,25,18
timeStep,numberOfRobotsOnBlackSite,numberOfRobotsOnWhiteSite
9581,25,18
timeStep,numberOfRobotsOnBlackSite,numberOfRobotsOnWhiteSite
9582,25,18
timeStep,numberOfRobotsOnBlackSite,numberOfRobotsOnWhiteSite
9583,25,18
timeStep,numberOfRobotsOnBlackSite,numberOfRobotsOnWhiteSite
9584,25,18
timeStep,numberOfRobotsOnBlackSite,numberOfRobotsOnWhiteSite
9585,25,19
timeStep,numberOfRobotsOnBlackSite,numberOfRobotsOnWhiteSite
9586,25,19
timeStep,numberOfRobotsOnBlackSite,numberOfRobotsOnWhiteSite
9587,25,19
timeStep,numberOfRobotsOnBlackSite,numberOfRobotsOnWhiteSite
9588,25,19
timeStep,numberOfRobotsOnBlackSite,numberOfRobotsOnWhiteSite
9589,25,19
timeStep,numberOfRobotsOnBlackSite,numberOfRobotsOnWhiteSite
9590,25,19
timeStep,numberOfRobotsOnBlackSite,numberOfRobotsOnWhiteSite
9591,25,19
timeStep,numberOfRobotsOnBlackSite,numberOfRobotsOnWhiteSite
9592,25,19
timeStep,numberOfRobotsOnBlackSite,numberOfRobotsOnWhiteSite
9593,25,19
timeStep,numberOfRobotsOnBlackSite,numberOfRobotsOnWhiteSite
9594,25,19
timeStep,numberOfRobotsOnBlackSite,numberOfRobotsOnWhiteSite
9595,25,19
timeStep,numberOfRobotsOnBlackSite,numberOfRobotsOnWhiteSite
9596,25,19
timeStep,numberOfRobotsOnBlackSite,numberOfRobotsOnWhiteSite
9597,25,19
timeStep,numberOfRobotsOnBlackSite,numberOfRobotsOnWhiteSite
9598,25,19
timeStep,numberOfRobotsOnBlackSite,numberOfRobotsOnWhiteSite
9599,25,19
timeStep,numberOfRobotsOnBlackSite,numberOfRobotsOnWhiteSite
9600,25,19
timeStep,numberOfRobotsOnBlackSite,numberOfRobotsOnWhiteSite
9601,25,19
timeStep,numberOfRobotsOnBlackSite,numberOfRobotsOnWhiteSite
9602,25,19
timeStep,numberOfRobotsOnBlackSite,numberOfRobotsOnWhiteSite
9603,25,19
timeStep,numberOfRobotsOnBlackSite,numberOfRobotsOnWhiteSite
9604,25,19
timeStep,numberOfRobotsOnBlackSite,numberOfRobotsOnWhiteSite
9605,25,19
timeStep,numberOfRobotsOnBlackSite,numberOfRobotsOnWhiteSite
9606,25,19
timeStep,numberOfRobotsOnBlackSite,numberOfRobotsOnWhiteSite
9607,25,19
timeStep,numberOfRobotsOnBlackSite,numberOfRobotsOnWhiteSite
9608,25,19
timeStep,numberOfRobotsOnBlackSite,numberOfRobotsOnWhiteSite
9609,25,19
timeStep,numberOfRobotsOnBlackSite,numberOfRobotsOnWhiteSite
9610,25,19
timeStep,numberOfRobotsOnBlackSite,numberOfRobotsOnWhiteSite
9611,25,19
timeStep,numberOfRobotsOnBlackSite,numberOfRobotsOnWhiteSite
9612,25,19
timeStep,numberOfRobotsOnBlackSite,numberOfRobotsOnWhiteSite
9613,25,19
timeStep,numberOfRobotsOnBlackSite,numberOfRobotsOnWhiteSite
9614,25,19
timeStep,numberOfRobotsOnBlackSite,numberOfRobotsOnWhiteSite
9615,25,19
timeStep,numberOfRobotsOnBlackSite,numberOfRobotsOnWhiteSite
9616,25,19
timeStep,numberOfRobotsOnBlackSite,numberOfRobotsOnWhiteSite
9617,25,19
timeStep,numberOfRobotsOnBlackSite,numberOfRobotsOnWhiteSite
9618,25,19
timeStep,numberOfRobotsOnBlackSite,numberOfRobotsOnWhiteSite
9619,25,19
timeStep,numberOfRobotsOnBlackSite,numberOfRobotsOnWhiteSite
9620,25,19
timeStep,numberOfRobotsOnBlackSite,numberOfRobotsOnWhiteSite
9621,25,19
timeStep,numberOfRobotsOnBlackSite,numberOfRobotsOnWhiteSite
9622,25,19
timeStep,numberOfRobotsOnBlackSite,numberOfRobotsOnWhiteSite
9623,25,19
timeStep,numberOfRobotsOnBlackSite,numberOfRobotsOnWhiteSite
9624,25,19
timeStep,numberOfRobotsOnBlackSite,numberOfRobotsOnWhiteSite
9625,25,19
timeStep,numberOfRobotsOnBlackSite,numberOfRobotsOnWhiteSite
9626,25,19
timeStep,numberOfRobotsOnBlackSite,numberOfRobotsOnWhiteSite
9627,25,19
timeStep,numberOfRobotsOnBlackSite,numberOfRobotsOnWhiteSite
9628,25,19
timeStep,numberOfRobotsOnBlackSite,numberOfRobotsOnWhiteSite
9629,25,19
timeStep,numberOfRobotsOnBlackSite,numberOfRobotsOnWhiteSite
9630,25,19
timeStep,numberOfRobotsOnBlackSite,numberOfRobotsOnWhiteSite
9631,25,19
timeStep,numberOfRobotsOnBlackSite,numberOfRobotsOnWhiteSite
9632,25,19
timeStep,numberOfRobotsOnBlackSite,numberOfRobotsOnWhiteSite
9633,25,19
timeStep,numberOfRobotsOnBlackSite,numberOfRobotsOnWhiteSite
9634,25,19
timeStep,numberOfRobotsOnBlackSite,numberOfRobotsOnWhiteSite
9635,25,19
timeStep,numberOfRobotsOnBlackSite,numberOfRobotsOnWhiteSite
9636,25,19
timeStep,numberOfRobotsOnBlackSite,numberOfRobotsOnWhiteSite
9637,25,19
timeStep,numberOfRobotsOnBlackSite,numberOfRobotsOnWhiteSite
9638,25,19
timeStep,numberOfRobotsOnBlackSite,numberOfRobotsOnWhiteSite
9639,25,19
timeStep,numberOfRobotsOnBlackSite,numberOfRobotsOnWhiteSite
9640,25,19
timeStep,numberOfRobotsOnBlackSite,numberOfRobotsOnWhiteSite
9641,25,19
timeStep,numberOfRobotsOnBlackSite,numberOfRobotsOnWhiteSite
9642,25,19
timeStep,numberOfRobotsOnBlackSite,numberOfRobotsOnWhiteSite
9643,25,19
timeStep,numberOfRobotsOnBlackSite,numberOfRobotsOnWhiteSite
9644,25,19
timeStep,numberOfRobotsOnBlackSite,numberOfRobotsOnWhiteSite
9645,24,19
timeStep,numberOfRobotsOnBlackSite,numberOfRobotsOnWhiteSite
9646,24,19
timeStep,numberOfRobotsOnBlackSite,numberOfRobotsOnWhiteSite
9647,24,19
timeStep,numberOfRobotsOnBlackSite,numberOfRobotsOnWhiteSite
9648,24,19
timeStep,numberOfRobotsOnBlackSite,numberOfRobotsOnWhiteSite
9649,24,19
timeStep,numberOfRobotsOnBlackSite,numberOfRobotsOnWhiteSite
9650,24,19
timeStep,numberOfRobotsOnBlackSite,numberOfRobotsOnWhiteSite
9651,24,19
timeStep,numberOfRobotsOnBlackSite,numberOfRobotsOnWhiteSite
9652,24,19
timeStep,numberOfRobotsOnBlackSite,numberOfRobotsOnWhiteSite
9653,24,19
timeStep,numberOfRobotsOnBlackSite,numberOfRobotsOnWhiteSite
9654,24,19
timeStep,numberOfRobotsOnBlackSite,numberOfRobotsOnWhiteSite
9655,24,19
timeStep,numberOfRobotsOnBlackSite,numberOfRobotsOnWhiteSite
9656,24,19
timeStep,numberOfRobotsOnBlackSite,numberOfRobotsOnWhiteSite
9657,24,19
timeStep,numberOfRobotsOnBlackSite,numberOfRobotsOnWhiteSite
9658,24,19
timeStep,numberOfRobotsOnBlackSite,numberOfRobotsOnWhiteSite
9659,24,19
timeStep,numberOfRobotsOnBlackSite,numberOfRobotsOnWhiteSite
9660,24,19
timeStep,numberOfRobotsOnBlackSite,numberOfRobotsOnWhiteSite
9661,24,19
timeStep,numberOfRobotsOnBlackSite,numberOfRobotsOnWhiteSite
9662,24,19
timeStep,numberOfRobotsOnBlackSite,numberOfRobotsOnWhiteSite
9663,24,19
timeStep,numberOfRobotsOnBlackSite,numberOfRobotsOnWhiteSite
9664,24,19
timeStep,numberOfRobotsOnBlackSite,numberOfRobotsOnWhiteSite
9665,24,18
timeStep,numberOfRobotsOnBlackSite,numberOfRobotsOnWhiteSite
9666,24,18
timeStep,numberOfRobotsOnBlackSite,numberOfRobotsOnWhiteSite
9667,24,18
timeStep,numberOfRobotsOnBlackSite,numberOfRobotsOnWhiteSite
9668,24,18
timeStep,numberOfRobotsOnBlackSite,numberOfRobotsOnWhiteSite
9669,24,18
timeStep,numberOfRobotsOnBlackSite,numberOfRobotsOnWhiteSite
9670,24,18
timeStep,numberOfRobotsOnBlackSite,numberOfRobotsOnWhiteSite
9671,24,18
timeStep,numberOfRobotsOnBlackSite,numberOfRobotsOnWhiteSite
9672,24,18
timeStep,numberOfRobotsOnBlackSite,numberOfRobotsOnWhiteSite
9673,24,18
timeStep,numberOfRobotsOnBlackSite,numberOfRobotsOnWhiteSite
9674,24,18
timeStep,numberOfRobotsOnBlackSite,numberOfRobotsOnWhiteSite
9675,24,18
timeStep,numberOfRobotsOnBlackSite,numberOfRobotsOnWhiteSite
9676,24,18
timeStep,numberOfRobotsOnBlackSite,numberOfRobotsOnWhiteSite
9677,24,18
timeStep,numberOfRobotsOnBlackSite,numberOfRobotsOnWhiteSite
9678,24,18
timeStep,numberOfRobotsOnBlackSite,numberOfRobotsOnWhiteSite
9679,24,18
timeStep,numberOfRobotsOnBlackSite,numberOfRobotsOnWhiteSite
9680,24,18
timeStep,numberOfRobotsOnBlackSite,numberOfRobotsOnWhiteSite
9681,24,18
timeStep,numberOfRobotsOnBlackSite,numberOfRobotsOnWhiteSite
9682,24,18
timeStep,numberOfRobotsOnBlackSite,numberOfRobotsOnWhiteSite
9683,24,18
timeStep,numberOfRobotsOnBlackSite,numberOfRobotsOnWhiteSite
9684,24,18
timeStep,numberOfRobotsOnBlackSite,numberOfRobotsOnWhiteSite
9685,24,18
timeStep,numberOfRobotsOnBlackSite,numberOfRobotsOnWhiteSite
9686,24,18
timeStep,numberOfRobotsOnBlackSite,numberOfRobotsOnWhiteSite
9687,24,18
timeStep,numberOfRobotsOnBlackSite,numberOfRobotsOnWhiteSite
9688,24,18
timeStep,numberOfRobotsOnBlackSite,numberOfRobotsOnWhiteSite
9689,24,18
timeStep,numberOfRobotsOnBlackSite,numberOfRobotsOnWhiteSite
9690,25,18
timeStep,numberOfRobotsOnBlackSite,numberOfRobotsOnWhiteSite
9691,25,18
timeStep,numberOfRobotsOnBlackSite,numberOfRobotsOnWhiteSite
9692,25,18
timeStep,numberOfRobotsOnBlackSite,numberOfRobotsOnWhiteSite
9693,25,18
timeStep,numberOfRobotsOnBlackSite,numberOfRobotsOnWhiteSite
9694,25,18
timeStep,numberOfRobotsOnBlackSite,numberOfRobotsOnWhiteSite
9695,25,18
timeStep,numberOfRobotsOnBlackSite,numberOfRobotsOnWhiteSite
9696,25,18
timeStep,numberOfRobotsOnBlackSite,numberOfRobotsOnWhiteSite
9697,25,18
timeStep,numberOfRobotsOnBlackSite,numberOfRobotsOnWhiteSite
9698,25,18
timeStep,numberOfRobotsOnBlackSite,numberOfRobotsOnWhiteSite
9699,25,18
timeStep,numberOfRobotsOnBlackSite,numberOfRobotsOnWhiteSite
9700,25,18
timeStep,numberOfRobotsOnBlackSite,numberOfRobotsOnWhiteSite
9701,25,18
timeStep,numberOfRobotsOnBlackSite,numberOfRobotsOnWhiteSite
9702,25,18
timeStep,numberOfRobotsOnBlackSite,numberOfRobotsOnWhiteSite
9703,25,18
timeStep,numberOfRobotsOnBlackSite,numberOfRobotsOnWhiteSite
9704,25,18
timeStep,numberOfRobotsOnBlackSite,numberOfRobotsOnWhiteSite
9705,25,18
timeStep,numberOfRobotsOnBlackSite,numberOfRobotsOnWhiteSite
9706,25,18
timeStep,numberOfRobotsOnBlackSite,numberOfRobotsOnWhiteSite
9707,25,18
timeStep,numberOfRobotsOnBlackSite,numberOfRobotsOnWhiteSite
9708,25,18
timeStep,numberOfRobotsOnBlackSite,numberOfRobotsOnWhiteSite
9709,25,18
timeStep,numberOfRobotsOnBlackSite,numberOfRobotsOnWhiteSite
9710,25,18
timeStep,numberOfRobotsOnBlackSite,numberOfRobotsOnWhiteSite
9711,25,18
timeStep,numberOfRobotsOnBlackSite,numberOfRobotsOnWhiteSite
9712,25,18
timeStep,numberOfRobotsOnBlackSite,numberOfRobotsOnWhiteSite
9713,25,18
timeStep,numberOfRobotsOnBlackSite,numberOfRobotsOnWhiteSite
9714,25,18
timeStep,numberOfRobotsOnBlackSite,numberOfRobotsOnWhiteSite
9715,25,18
timeStep,numberOfRobotsOnBlackSite,numberOfRobotsOnWhiteSite
9716,25,18
timeStep,numberOfRobotsOnBlackSite,numberOfRobotsOnWhiteSite
9717,25,18
timeStep,numberOfRobotsOnBlackSite,numberOfRobotsOnWhiteSite
9718,25,18
timeStep,numberOfRobotsOnBlackSite,numberOfRobotsOnWhiteSite
9719,25,18
timeStep,numberOfRobotsOnBlackSite,numberOfRobotsOnWhiteSite
9720,25,18
timeStep,numberOfRobotsOnBlackSite,numberOfRobotsOnWhiteSite
9721,25,18
timeStep,numberOfRobotsOnBlackSite,numberOfRobotsOnWhiteSite
9722,25,18
timeStep,numberOfRobotsOnBlackSite,numberOfRobotsOnWhiteSite
9723,25,18
timeStep,numberOfRobotsOnBlackSite,numberOfRobotsOnWhiteSite
9724,25,18
timeStep,numberOfRobotsOnBlackSite,numberOfRobotsOnWhiteSite
9725,24,18
timeStep,numberOfRobotsOnBlackSite,numberOfRobotsOnWhiteSite
9726,24,18
timeStep,numberOfRobotsOnBlackSite,numberOfRobotsOnWhiteSite
9727,24,18
timeStep,numberOfRobotsOnBlackSite,numberOfRobotsOnWhiteSite
9728,24,18
timeStep,numberOfRobotsOnBlackSite,numberOfRobotsOnWhiteSite
9729,24,18
timeStep,numberOfRobotsOnBlackSite,numberOfRobotsOnWhiteSite
9730,23,18
timeStep,numberOfRobotsOnBlackSite,numberOfRobotsOnWhiteSite
9731,23,18
timeStep,numberOfRobotsOnBlackSite,numberOfRobotsOnWhiteSite
9732,23,18
timeStep,numberOfRobotsOnBlackSite,numberOfRobotsOnWhiteSite
9733,23,18
timeStep,numberOfRobotsOnBlackSite,numberOfRobotsOnWhiteSite
9734,23,18
timeStep,numberOfRobotsOnBlackSite,numberOfRobotsOnWhiteSite
9735,23,18
timeStep,numberOfRobotsOnBlackSite,numberOfRobotsOnWhiteSite
9736,23,18
timeStep,numberOfRobotsOnBlackSite,numberOfRobotsOnWhiteSite
9737,23,18
timeStep,numberOfRobotsOnBlackSite,numberOfRobotsOnWhiteSite
9738,23,18
timeStep,numberOfRobotsOnBlackSite,numberOfRobotsOnWhiteSite
9739,23,18
timeStep,numberOfRobotsOnBlackSite,numberOfRobotsOnWhiteSite
9740,23,18
timeStep,numberOfRobotsOnBlackSite,numberOfRobotsOnWhiteSite
9741,23,18
timeStep,numberOfRobotsOnBlackSite,numberOfRobotsOnWhiteSite
9742,23,18
timeStep,numberOfRobotsOnBlackSite,numberOfRobotsOnWhiteSite
9743,23,18
timeStep,numberOfRobotsOnBlackSite,numberOfRobotsOnWhiteSite
9744,23,18
timeStep,numberOfRobotsOnBlackSite,numberOfRobotsOnWhiteSite
9745,23,18
timeStep,numberOfRobotsOnBlackSite,numberOfRobotsOnWhiteSite
9746,23,18
timeStep,numberOfRobotsOnBlackSite,numberOfRobotsOnWhiteSite
9747,23,18
timeStep,numberOfRobotsOnBlackSite,numberOfRobotsOnWhiteSite
9748,23,18
timeStep,numberOfRobotsOnBlackSite,numberOfRobotsOnWhiteSite
9749,23,18
timeStep,numberOfRobotsOnBlackSite,numberOfRobotsOnWhiteSite
9750,23,18
timeStep,numberOfRobotsOnBlackSite,numberOfRobotsOnWhiteSite
9751,23,18
timeStep,numberOfRobotsOnBlackSite,numberOfRobotsOnWhiteSite
9752,23,18
timeStep,numberOfRobotsOnBlackSite,numberOfRobotsOnWhiteSite
9753,23,18
timeStep,numberOfRobotsOnBlackSite,numberOfRobotsOnWhiteSite
9754,23,18
timeStep,numberOfRobotsOnBlackSite,numberOfRobotsOnWhiteSite
9755,23,18
timeStep,numberOfRobotsOnBlackSite,numberOfRobotsOnWhiteSite
9756,23,18
timeStep,numberOfRobotsOnBlackSite,numberOfRobotsOnWhiteSite
9757,23,18
timeStep,numberOfRobotsOnBlackSite,numberOfRobotsOnWhiteSite
9758,23,18
timeStep,numberOfRobotsOnBlackSite,numberOfRobotsOnWhiteSite
9759,23,18
timeStep,numberOfRobotsOnBlackSite,numberOfRobotsOnWhiteSite
9760,23,18
timeStep,numberOfRobotsOnBlackSite,numberOfRobotsOnWhiteSite
9761,23,18
timeStep,numberOfRobotsOnBlackSite,numberOfRobotsOnWhiteSite
9762,23,18
timeStep,numberOfRobotsOnBlackSite,numberOfRobotsOnWhiteSite
9763,23,18
timeStep,numberOfRobotsOnBlackSite,numberOfRobotsOnWhiteSite
9764,23,18
timeStep,numberOfRobotsOnBlackSite,numberOfRobotsOnWhiteSite
9765,23,18
timeStep,numberOfRobotsOnBlackSite,numberOfRobotsOnWhiteSite
9766,23,18
timeStep,numberOfRobotsOnBlackSite,numberOfRobotsOnWhiteSite
9767,23,18
timeStep,numberOfRobotsOnBlackSite,numberOfRobotsOnWhiteSite
9768,23,18
timeStep,numberOfRobotsOnBlackSite,numberOfRobotsOnWhiteSite
9769,23,18
timeStep,numberOfRobotsOnBlackSite,numberOfRobotsOnWhiteSite
9770,23,18
timeStep,numberOfRobotsOnBlackSite,numberOfRobotsOnWhiteSite
9771,23,18
timeStep,numberOfRobotsOnBlackSite,numberOfRobotsOnWhiteSite
9772,23,18
timeStep,numberOfRobotsOnBlackSite,numberOfRobotsOnWhiteSite
9773,23,18
timeStep,numberOfRobotsOnBlackSite,numberOfRobotsOnWhiteSite
9774,23,18
timeStep,numberOfRobotsOnBlackSite,numberOfRobotsOnWhiteSite
9775,23,18
timeStep,numberOfRobotsOnBlackSite,numberOfRobotsOnWhiteSite
9776,23,18
timeStep,numberOfRobotsOnBlackSite,numberOfRobotsOnWhiteSite
9777,23,18
timeStep,numberOfRobotsOnBlackSite,numberOfRobotsOnWhiteSite
9778,23,18
timeStep,numberOfRobotsOnBlackSite,numberOfRobotsOnWhiteSite
9779,23,18
timeStep,numberOfRobotsOnBlackSite,numberOfRobotsOnWhiteSite
9780,23,19
timeStep,numberOfRobotsOnBlackSite,numberOfRobotsOnWhiteSite
9781,23,19
timeStep,numberOfRobotsOnBlackSite,numberOfRobotsOnWhiteSite
9782,23,19
timeStep,numberOfRobotsOnBlackSite,numberOfRobotsOnWhiteSite
9783,23,19
timeStep,numberOfRobotsOnBlackSite,numberOfRobotsOnWhiteSite
9784,23,19
timeStep,numberOfRobotsOnBlackSite,numberOfRobotsOnWhiteSite
9785,23,19
timeStep,numberOfRobotsOnBlackSite,numberOfRobotsOnWhiteSite
9786,23,19
timeStep,numberOfRobotsOnBlackSite,numberOfRobotsOnWhiteSite
9787,23,19
timeStep,numberOfRobotsOnBlackSite,numberOfRobotsOnWhiteSite
9788,23,19
timeStep,numberOfRobotsOnBlackSite,numberOfRobotsOnWhiteSite
9789,23,19
timeStep,numberOfRobotsOnBlackSite,numberOfRobotsOnWhiteSite
9790,23,19
timeStep,numberOfRobotsOnBlackSite,numberOfRobotsOnWhiteSite
9791,23,19
timeStep,numberOfRobotsOnBlackSite,numberOfRobotsOnWhiteSite
9792,23,19
timeStep,numberOfRobotsOnBlackSite,numberOfRobotsOnWhiteSite
9793,23,19
timeStep,numberOfRobotsOnBlackSite,numberOfRobotsOnWhiteSite
9794,23,19
timeStep,numberOfRobotsOnBlackSite,numberOfRobotsOnWhiteSite
9795,23,19
timeStep,numberOfRobotsOnBlackSite,numberOfRobotsOnWhiteSite
9796,23,19
timeStep,numberOfRobotsOnBlackSite,numberOfRobotsOnWhiteSite
9797,23,19
timeStep,numberOfRobotsOnBlackSite,numberOfRobotsOnWhiteSite
9798,23,19
timeStep,numberOfRobotsOnBlackSite,numberOfRobotsOnWhiteSite
9799,23,19
timeStep,numberOfRobotsOnBlackSite,numberOfRobotsOnWhiteSite
9800,23,19
timeStep,numberOfRobotsOnBlackSite,numberOfRobotsOnWhiteSite
9801,23,19
timeStep,numberOfRobotsOnBlackSite,numberOfRobotsOnWhiteSite
9802,23,19
timeStep,numberOfRobotsOnBlackSite,numberOfRobotsOnWhiteSite
9803,23,19
timeStep,numberOfRobotsOnBlackSite,numberOfRobotsOnWhiteSite
9804,23,19
timeStep,numberOfRobotsOnBlackSite,numberOfRobotsOnWhiteSite
9805,23,19
timeStep,numberOfRobotsOnBlackSite,numberOfRobotsOnWhiteSite
9806,23,19
timeStep,numberOfRobotsOnBlackSite,numberOfRobotsOnWhiteSite
9807,23,19
timeStep,numberOfRobotsOnBlackSite,numberOfRobotsOnWhiteSite
9808,23,19
timeStep,numberOfRobotsOnBlackSite,numberOfRobotsOnWhiteSite
9809,23,19
timeStep,numberOfRobotsOnBlackSite,numberOfRobotsOnWhiteSite
9810,23,19
timeStep,numberOfRobotsOnBlackSite,numberOfRobotsOnWhiteSite
9811,23,19
timeStep,numberOfRobotsOnBlackSite,numberOfRobotsOnWhiteSite
9812,23,19
timeStep,numberOfRobotsOnBlackSite,numberOfRobotsOnWhiteSite
9813,23,19
timeStep,numberOfRobotsOnBlackSite,numberOfRobotsOnWhiteSite
9814,23,19
timeStep,numberOfRobotsOnBlackSite,numberOfRobotsOnWhiteSite
9815,23,19
timeStep,numberOfRobotsOnBlackSite,numberOfRobotsOnWhiteSite
9816,23,19
timeStep,numberOfRobotsOnBlackSite,numberOfRobotsOnWhiteSite
9817,23,19
timeStep,numberOfRobotsOnBlackSite,numberOfRobotsOnWhiteSite
9818,23,19
timeStep,numberOfRobotsOnBlackSite,numberOfRobotsOnWhiteSite
9819,23,19
timeStep,numberOfRobotsOnBlackSite,numberOfRobotsOnWhiteSite
9820,23,19
timeStep,numberOfRobotsOnBlackSite,numberOfRobotsOnWhiteSite
9821,23,19
timeStep,numberOfRobotsOnBlackSite,numberOfRobotsOnWhiteSite
9822,23,19
timeStep,numberOfRobotsOnBlackSite,numberOfRobotsOnWhiteSite
9823,23,19
timeStep,numberOfRobotsOnBlackSite,numberOfRobotsOnWhiteSite
9824,23,19
timeStep,numberOfRobotsOnBlackSite,numberOfRobotsOnWhiteSite
9825,23,19
timeStep,numberOfRobotsOnBlackSite,numberOfRobotsOnWhiteSite
9826,23,19
timeStep,numberOfRobotsOnBlackSite,numberOfRobotsOnWhiteSite
9827,23,19
timeStep,numberOfRobotsOnBlackSite,numberOfRobotsOnWhiteSite
9828,23,19
timeStep,numberOfRobotsOnBlackSite,numberOfRobotsOnWhiteSite
9829,23,19
timeStep,numberOfRobotsOnBlackSite,numberOfRobotsOnWhiteSite
9830,23,19
timeStep,numberOfRobotsOnBlackSite,numberOfRobotsOnWhiteSite
9831,23,19
timeStep,numberOfRobotsOnBlackSite,numberOfRobotsOnWhiteSite
9832,23,19
timeStep,numberOfRobotsOnBlackSite,numberOfRobotsOnWhiteSite
9833,23,19
timeStep,numberOfRobotsOnBlackSite,numberOfRobotsOnWhiteSite
9834,23,19
timeStep,numberOfRobotsOnBlackSite,numberOfRobotsOnWhiteSite
9835,23,19
timeStep,numberOfRobotsOnBlackSite,numberOfRobotsOnWhiteSite
9836,23,19
timeStep,numberOfRobotsOnBlackSite,numberOfRobotsOnWhiteSite
9837,23,19
timeStep,numberOfRobotsOnBlackSite,numberOfRobotsOnWhiteSite
9838,23,19
timeStep,numberOfRobotsOnBlackSite,numberOfRobotsOnWhiteSite
9839,23,19
timeStep,numberOfRobotsOnBlackSite,numberOfRobotsOnWhiteSite
9840,23,19
timeStep,numberOfRobotsOnBlackSite,numberOfRobotsOnWhiteSite
9841,23,19
timeStep,numberOfRobotsOnBlackSite,numberOfRobotsOnWhiteSite
9842,23,19
timeStep,numberOfRobotsOnBlackSite,numberOfRobotsOnWhiteSite
9843,23,19
timeStep,numberOfRobotsOnBlackSite,numberOfRobotsOnWhiteSite
9844,23,19
timeStep,numberOfRobotsOnBlackSite,numberOfRobotsOnWhiteSite
9845,23,19
timeStep,numberOfRobotsOnBlackSite,numberOfRobotsOnWhiteSite
9846,23,19
timeStep,numberOfRobotsOnBlackSite,numberOfRobotsOnWhiteSite
9847,23,19
timeStep,numberOfRobotsOnBlackSite,numberOfRobotsOnWhiteSite
9848,23,19
timeStep,numberOfRobotsOnBlackSite,numberOfRobotsOnWhiteSite
9849,23,19
timeStep,numberOfRobotsOnBlackSite,numberOfRobotsOnWhiteSite
9850,23,19
timeStep,numberOfRobotsOnBlackSite,numberOfRobotsOnWhiteSite
9851,23,19
timeStep,numberOfRobotsOnBlackSite,numberOfRobotsOnWhiteSite
9852,23,19
timeStep,numberOfRobotsOnBlackSite,numberOfRobotsOnWhiteSite
9853,23,19
timeStep,numberOfRobotsOnBlackSite,numberOfRobotsOnWhiteSite
9854,23,19
timeStep,numberOfRobotsOnBlackSite,numberOfRobotsOnWhiteSite
9855,23,19
timeStep,numberOfRobotsOnBlackSite,numberOfRobotsOnWhiteSite
9856,23,19
timeStep,numberOfRobotsOnBlackSite,numberOfRobotsOnWhiteSite
9857,23,19
timeStep,numberOfRobotsOnBlackSite,numberOfRobotsOnWhiteSite
9858,23,19
timeStep,numberOfRobotsOnBlackSite,numberOfRobotsOnWhiteSite
9859,23,19
timeStep,numberOfRobotsOnBlackSite,numberOfRobotsOnWhiteSite
9860,23,19
timeStep,numberOfRobotsOnBlackSite,numberOfRobotsOnWhiteSite
9861,23,19
timeStep,numberOfRobotsOnBlackSite,numberOfRobotsOnWhiteSite
9862,23,19
timeStep,numberOfRobotsOnBlackSite,numberOfRobotsOnWhiteSite
9863,23,19
timeStep,numberOfRobotsOnBlackSite,numberOfRobotsOnWhiteSite
9864,23,19
timeStep,numberOfRobotsOnBlackSite,numberOfRobotsOnWhiteSite
9865,23,19
timeStep,numberOfRobotsOnBlackSite,numberOfRobotsOnWhiteSite
9866,23,19
timeStep,numberOfRobotsOnBlackSite,numberOfRobotsOnWhiteSite
9867,23,19
timeStep,numberOfRobotsOnBlackSite,numberOfRobotsOnWhiteSite
9868,23,19
timeStep,numberOfRobotsOnBlackSite,numberOfRobotsOnWhiteSite
9869,23,19
timeStep,numberOfRobotsOnBlackSite,numberOfRobotsOnWhiteSite
9870,23,19
timeStep,numberOfRobotsOnBlackSite,numberOfRobotsOnWhiteSite
9871,23,19
timeStep,numberOfRobotsOnBlackSite,numberOfRobotsOnWhiteSite
9872,23,19
timeStep,numberOfRobotsOnBlackSite,numberOfRobotsOnWhiteSite
9873,23,19
timeStep,numberOfRobotsOnBlackSite,numberOfRobotsOnWhiteSite
9874,23,19
timeStep,numberOfRobotsOnBlackSite,numberOfRobotsOnWhiteSite
9875,23,19
timeStep,numberOfRobotsOnBlackSite,numberOfRobotsOnWhiteSite
9876,23,19
timeStep,numberOfRobotsOnBlackSite,numberOfRobotsOnWhiteSite
9877,23,19
timeStep,numberOfRobotsOnBlackSite,numberOfRobotsOnWhiteSite
9878,23,19
timeStep,numberOfRobotsOnBlackSite,numberOfRobotsOnWhiteSite
9879,23,19
timeStep,numberOfRobotsOnBlackSite,numberOfRobotsOnWhiteSite
9880,23,19
timeStep,numberOfRobotsOnBlackSite,numberOfRobotsOnWhiteSite
9881,23,19
timeStep,numberOfRobotsOnBlackSite,numberOfRobotsOnWhiteSite
9882,23,19
timeStep,numberOfRobotsOnBlackSite,numberOfRobotsOnWhiteSite
9883,23,19
timeStep,numberOfRobotsOnBlackSite,numberOfRobotsOnWhiteSite
9884,23,19
timeStep,numberOfRobotsOnBlackSite,numberOfRobotsOnWhiteSite
9885,23,19
timeStep,numberOfRobotsOnBlackSite,numberOfRobotsOnWhiteSite
9886,23,19
timeStep,numberOfRobotsOnBlackSite,numberOfRobotsOnWhiteSite
9887,23,19
timeStep,numberOfRobotsOnBlackSite,numberOfRobotsOnWhiteSite
9888,23,19
timeStep,numberOfRobotsOnBlackSite,numberOfRobotsOnWhiteSite
9889,23,19
timeStep,numberOfRobotsOnBlackSite,numberOfRobotsOnWhiteSite
9890,23,19
timeStep,numberOfRobotsOnBlackSite,numberOfRobotsOnWhiteSite
9891,23,19
timeStep,numberOfRobotsOnBlackSite,numberOfRobotsOnWhiteSite
9892,23,19
timeStep,numberOfRobotsOnBlackSite,numberOfRobotsOnWhiteSite
9893,23,19
timeStep,numberOfRobotsOnBlackSite,numberOfRobotsOnWhiteSite
9894,23,19
timeStep,numberOfRobotsOnBlackSite,numberOfRobotsOnWhiteSite
9895,24,19
timeStep,numberOfRobotsOnBlackSite,numberOfRobotsOnWhiteSite
9896,24,19
timeStep,numberOfRobotsOnBlackSite,numberOfRobotsOnWhiteSite
9897,24,19
timeStep,numberOfRobotsOnBlackSite,numberOfRobotsOnWhiteSite
9898,24,19
timeStep,numberOfRobotsOnBlackSite,numberOfRobotsOnWhiteSite
9899,24,19
timeStep,numberOfRobotsOnBlackSite,numberOfRobotsOnWhiteSite
9900,24,19
timeStep,numberOfRobotsOnBlackSite,numberOfRobotsOnWhiteSite
9901,24,19
timeStep,numberOfRobotsOnBlackSite,numberOfRobotsOnWhiteSite
9902,24,19
timeStep,numberOfRobotsOnBlackSite,numberOfRobotsOnWhiteSite
9903,24,19
timeStep,numberOfRobotsOnBlackSite,numberOfRobotsOnWhiteSite
9904,24,19
timeStep,numberOfRobotsOnBlackSite,numberOfRobotsOnWhiteSite
9905,24,19
timeStep,numberOfRobotsOnBlackSite,numberOfRobotsOnWhiteSite
9906,24,19
timeStep,numberOfRobotsOnBlackSite,numberOfRobotsOnWhiteSite
9907,24,19
timeStep,numberOfRobotsOnBlackSite,numberOfRobotsOnWhiteSite
9908,24,19
timeStep,numberOfRobotsOnBlackSite,numberOfRobotsOnWhiteSite
9909,24,19
timeStep,numberOfRobotsOnBlackSite,numberOfRobotsOnWhiteSite
9910,24,19
timeStep,numberOfRobotsOnBlackSite,numberOfRobotsOnWhiteSite
9911,24,19
timeStep,numberOfRobotsOnBlackSite,numberOfRobotsOnWhiteSite
9912,24,19
timeStep,numberOfRobotsOnBlackSite,numberOfRobotsOnWhiteSite
9913,24,19
timeStep,numberOfRobotsOnBlackSite,numberOfRobotsOnWhiteSite
9914,24,19
timeStep,numberOfRobotsOnBlackSite,numberOfRobotsOnWhiteSite
9915,25,19
timeStep,numberOfRobotsOnBlackSite,numberOfRobotsOnWhiteSite
9916,25,19
timeStep,numberOfRobotsOnBlackSite,numberOfRobotsOnWhiteSite
9917,25,19
timeStep,numberOfRobotsOnBlackSite,numberOfRobotsOnWhiteSite
9918,25,19
timeStep,numberOfRobotsOnBlackSite,numberOfRobotsOnWhiteSite
9919,25,19
timeStep,numberOfRobotsOnBlackSite,numberOfRobotsOnWhiteSite
9920,25,19
timeStep,numberOfRobotsOnBlackSite,numberOfRobotsOnWhiteSite
9921,25,19
timeStep,numberOfRobotsOnBlackSite,numberOfRobotsOnWhiteSite
9922,25,19
timeStep,numberOfRobotsOnBlackSite,numberOfRobotsOnWhiteSite
9923,25,19
timeStep,numberOfRobotsOnBlackSite,numberOfRobotsOnWhiteSite
9924,25,19
timeStep,numberOfRobotsOnBlackSite,numberOfRobotsOnWhiteSite
9925,25,19
timeStep,numberOfRobotsOnBlackSite,numberOfRobotsOnWhiteSite
9926,25,19
timeStep,numberOfRobotsOnBlackSite,numberOfRobotsOnWhiteSite
9927,25,19
timeStep,numberOfRobotsOnBlackSite,numberOfRobotsOnWhiteSite
9928,25,19
timeStep,numberOfRobotsOnBlackSite,numberOfRobotsOnWhiteSite
9929,25,19
timeStep,numberOfRobotsOnBlackSite,numberOfRobotsOnWhiteSite
9930,25,19
timeStep,numberOfRobotsOnBlackSite,numberOfRobotsOnWhiteSite
9931,25,19
timeStep,numberOfRobotsOnBlackSite,numberOfRobotsOnWhiteSite
9932,25,19
timeStep,numberOfRobotsOnBlackSite,numberOfRobotsOnWhiteSite
9933,25,19
timeStep,numberOfRobotsOnBlackSite,numberOfRobotsOnWhiteSite
9934,25,19
timeStep,numberOfRobotsOnBlackSite,numberOfRobotsOnWhiteSite
9935,25,19
timeStep,numberOfRobotsOnBlackSite,numberOfRobotsOnWhiteSite
9936,25,19
timeStep,numberOfRobotsOnBlackSite,numberOfRobotsOnWhiteSite
9937,25,19
timeStep,numberOfRobotsOnBlackSite,numberOfRobotsOnWhiteSite
9938,25,19
timeStep,numberOfRobotsOnBlackSite,numberOfRobotsOnWhiteSite
9939,25,19
timeStep,numberOfRobotsOnBlackSite,numberOfRobotsOnWhiteSite
9940,25,19
timeStep,numberOfRobotsOnBlackSite,numberOfRobotsOnWhiteSite
9941,25,19
timeStep,numberOfRobotsOnBlackSite,numberOfRobotsOnWhiteSite
9942,25,19
timeStep,numberOfRobotsOnBlackSite,numberOfRobotsOnWhiteSite
9943,25,19
timeStep,numberOfRobotsOnBlackSite,numberOfRobotsOnWhiteSite
9944,25,19
timeStep,numberOfRobotsOnBlackSite,numberOfRobotsOnWhiteSite
9945,25,19
timeStep,numberOfRobotsOnBlackSite,numberOfRobotsOnWhiteSite
9946,25,19
timeStep,numberOfRobotsOnBlackSite,numberOfRobotsOnWhiteSite
9947,25,19
timeStep,numberOfRobotsOnBlackSite,numberOfRobotsOnWhiteSite
9948,25,19
timeStep,numberOfRobotsOnBlackSite,numberOfRobotsOnWhiteSite
9949,25,19
timeStep,numberOfRobotsOnBlackSite,numberOfRobotsOnWhiteSite
9950,25,19
timeStep,numberOfRobotsOnBlackSite,numberOfRobotsOnWhiteSite
9951,25,19
timeStep,numberOfRobotsOnBlackSite,numberOfRobotsOnWhiteSite
9952,25,19
timeStep,numberOfRobotsOnBlackSite,numberOfRobotsOnWhiteSite
9953,25,19
timeStep,numberOfRobotsOnBlackSite,numberOfRobotsOnWhiteSite
9954,25,19
timeStep,numberOfRobotsOnBlackSite,numberOfRobotsOnWhiteSite
9955,25,19
timeStep,numberOfRobotsOnBlackSite,numberOfRobotsOnWhiteSite
9956,25,19
timeStep,numberOfRobotsOnBlackSite,numberOfRobotsOnWhiteSite
9957,25,19
timeStep,numberOfRobotsOnBlackSite,numberOfRobotsOnWhiteSite
9958,25,19
timeStep,numberOfRobotsOnBlackSite,numberOfRobotsOnWhiteSite
9959,25,19
timeStep,numberOfRobotsOnBlackSite,numberOfRobotsOnWhiteSite
9960,24,19
timeStep,numberOfRobotsOnBlackSite,numberOfRobotsOnWhiteSite
9961,24,19
timeStep,numberOfRobotsOnBlackSite,numberOfRobotsOnWhiteSite
9962,24,19
timeStep,numberOfRobotsOnBlackSite,numberOfRobotsOnWhiteSite
9963,24,19
timeStep,numberOfRobotsOnBlackSite,numberOfRobotsOnWhiteSite
9964,24,19
timeStep,numberOfRobotsOnBlackSite,numberOfRobotsOnWhiteSite
9965,24,19
timeStep,numberOfRobotsOnBlackSite,numberOfRobotsOnWhiteSite
9966,24,19
timeStep,numberOfRobotsOnBlackSite,numberOfRobotsOnWhiteSite
9967,24,19
timeStep,numberOfRobotsOnBlackSite,numberOfRobotsOnWhiteSite
9968,24,19
timeStep,numberOfRobotsOnBlackSite,numberOfRobotsOnWhiteSite
9969,24,19
timeStep,numberOfRobotsOnBlackSite,numberOfRobotsOnWhiteSite
9970,24,19
timeStep,numberOfRobotsOnBlackSite,numberOfRobotsOnWhiteSite
9971,24,19
timeStep,numberOfRobotsOnBlackSite,numberOfRobotsOnWhiteSite
9972,24,19
timeStep,numberOfRobotsOnBlackSite,numberOfRobotsOnWhiteSite
9973,24,19
timeStep,numberOfRobotsOnBlackSite,numberOfRobotsOnWhiteSite
9974,24,19
timeStep,numberOfRobotsOnBlackSite,numberOfRobotsOnWhiteSite
9975,24,19
timeStep,numberOfRobotsOnBlackSite,numberOfRobotsOnWhiteSite
9976,24,19
timeStep,numberOfRobotsOnBlackSite,numberOfRobotsOnWhiteSite
9977,24,19
timeStep,numberOfRobotsOnBlackSite,numberOfRobotsOnWhiteSite
9978,24,19
timeStep,numberOfRobotsOnBlackSite,numberOfRobotsOnWhiteSite
9979,24,19
timeStep,numberOfRobotsOnBlackSite,numberOfRobotsOnWhiteSite
9980,24,19
timeStep,numberOfRobotsOnBlackSite,numberOfRobotsOnWhiteSite
9981,24,19
timeStep,numberOfRobotsOnBlackSite,numberOfRobotsOnWhiteSite
9982,24,19
timeStep,numberOfRobotsOnBlackSite,numberOfRobotsOnWhiteSite
9983,24,19
timeStep,numberOfRobotsOnBlackSite,numberOfRobotsOnWhiteSite
9984,24,19
timeStep,numberOfRobotsOnBlackSite,numberOfRobotsOnWhiteSite
9985,24,19
timeStep,numberOfRobotsOnBlackSite,numberOfRobotsOnWhiteSite
9986,24,19
timeStep,numberOfRobotsOnBlackSite,numberOfRobotsOnWhiteSite
9987,24,19
timeStep,numberOfRobotsOnBlackSite,numberOfRobotsOnWhiteSite
9988,24,19
timeStep,numberOfRobotsOnBlackSite,numberOfRobotsOnWhiteSite
9989,24,19
timeStep,numberOfRobotsOnBlackSite,numberOfRobotsOnWhiteSite
9990,24,19
timeStep,numberOfRobotsOnBlackSite,numberOfRobotsOnWhiteSite
9991,24,19
timeStep,numberOfRobotsOnBlackSite,numberOfRobotsOnWhiteSite
9992,24,19
timeStep,numberOfRobotsOnBlackSite,numberOfRobotsOnWhiteSite
9993,24,19
timeStep,numberOfRobotsOnBlackSite,numberOfRobotsOnWhiteSite
9994,24,19
timeStep,numberOfRobotsOnBlackSite,numberOfRobotsOnWhiteSite
9995,24,19
timeStep,numberOfRobotsOnBlackSite,numberOfRobotsOnWhiteSite
9996,24,19
timeStep,numberOfRobotsOnBlackSite,numberOfRobotsOnWhiteSite
9997,24,19
timeStep,numberOfRobotsOnBlackSite,numberOfRobotsOnWhiteSite
9998,24,19
timeStep,numberOfRobotsOnBlackSite,numberOfRobotsOnWhiteSite
9999,24,19
timeStep,numberOfRobotsOnBlackSite,numberOfRobotsOnWhiteSite
10000,24,19
timeStep,numberOfRobotsOnBlackSite,numberOfRobotsOnWhiteSite
10001,24,19
timeStep,numberOfRobotsOnBlackSite,numberOfRobotsOnWhiteSite
10002,24,19
timeStep,numberOfRobotsOnBlackSite,numberOfRobotsOnWhiteSite
10003,24,19
timeStep,numberOfRobotsOnBlackSite,numberOfRobotsOnWhiteSite
10004,24,19
timeStep,numberOfRobotsOnBlackSite,numberOfRobotsOnWhiteSite
10005,24,19
timeStep,numberOfRobotsOnBlackSite,numberOfRobotsOnWhiteSite
10006,24,19
timeStep,numberOfRobotsOnBlackSite,numberOfRobotsOnWhiteSite
10007,24,19
timeStep,numberOfRobotsOnBlackSite,numberOfRobotsOnWhiteSite
10008,24,19
timeStep,numberOfRobotsOnBlackSite,numberOfRobotsOnWhiteSite
10009,24,19
timeStep,numberOfRobotsOnBlackSite,numberOfRobotsOnWhiteSite
10010,24,19
timeStep,numberOfRobotsOnBlackSite,numberOfRobotsOnWhiteSite
10011,24,19
timeStep,numberOfRobotsOnBlackSite,numberOfRobotsOnWhiteSite
10012,24,19
timeStep,numberOfRobotsOnBlackSite,numberOfRobotsOnWhiteSite
10013,24,19
timeStep,numberOfRobotsOnBlackSite,numberOfRobotsOnWhiteSite
10014,24,19
timeStep,numberOfRobotsOnBlackSite,numberOfRobotsOnWhiteSite
10015,24,19
timeStep,numberOfRobotsOnBlackSite,numberOfRobotsOnWhiteSite
10016,24,19
timeStep,numberOfRobotsOnBlackSite,numberOfRobotsOnWhiteSite
10017,24,19
timeStep,numberOfRobotsOnBlackSite,numberOfRobotsOnWhiteSite
10018,24,19
timeStep,numberOfRobotsOnBlackSite,numberOfRobotsOnWhiteSite
10019,24,19
timeStep,numberOfRobotsOnBlackSite,numberOfRobotsOnWhiteSite
10020,24,19
timeStep,numberOfRobotsOnBlackSite,numberOfRobotsOnWhiteSite
10021,24,19
timeStep,numberOfRobotsOnBlackSite,numberOfRobotsOnWhiteSite
10022,24,19
timeStep,numberOfRobotsOnBlackSite,numberOfRobotsOnWhiteSite
10023,24,19
timeStep,numberOfRobotsOnBlackSite,numberOfRobotsOnWhiteSite
10024,24,19
timeStep,numberOfRobotsOnBlackSite,numberOfRobotsOnWhiteSite
10025,24,19
timeStep,numberOfRobotsOnBlackSite,numberOfRobotsOnWhiteSite
10026,24,19
timeStep,numberOfRobotsOnBlackSite,numberOfRobotsOnWhiteSite
10027,24,19
timeStep,numberOfRobotsOnBlackSite,numberOfRobotsOnWhiteSite
10028,24,19
timeStep,numberOfRobotsOnBlackSite,numberOfRobotsOnWhiteSite
10029,24,19
timeStep,numberOfRobotsOnBlackSite,numberOfRobotsOnWhiteSite
10030,24,19
timeStep,numberOfRobotsOnBlackSite,numberOfRobotsOnWhiteSite
10031,24,19
timeStep,numberOfRobotsOnBlackSite,numberOfRobotsOnWhiteSite
10032,24,19
timeStep,numberOfRobotsOnBlackSite,numberOfRobotsOnWhiteSite
10033,24,19
timeStep,numberOfRobotsOnBlackSite,numberOfRobotsOnWhiteSite
10034,24,19
timeStep,numberOfRobotsOnBlackSite,numberOfRobotsOnWhiteSite
10035,24,19
timeStep,numberOfRobotsOnBlackSite,numberOfRobotsOnWhiteSite
10036,24,19
timeStep,numberOfRobotsOnBlackSite,numberOfRobotsOnWhiteSite
10037,24,19
timeStep,numberOfRobotsOnBlackSite,numberOfRobotsOnWhiteSite
10038,24,19
timeStep,numberOfRobotsOnBlackSite,numberOfRobotsOnWhiteSite
10039,24,19
timeStep,numberOfRobotsOnBlackSite,numberOfRobotsOnWhiteSite
10040,24,19
timeStep,numberOfRobotsOnBlackSite,numberOfRobotsOnWhiteSite
10041,24,19
timeStep,numberOfRobotsOnBlackSite,numberOfRobotsOnWhiteSite
10042,24,19
timeStep,numberOfRobotsOnBlackSite,numberOfRobotsOnWhiteSite
10043,24,19
timeStep,numberOfRobotsOnBlackSite,numberOfRobotsOnWhiteSite
10044,24,19
timeStep,numberOfRobotsOnBlackSite,numberOfRobotsOnWhiteSite
10045,24,18
timeStep,numberOfRobotsOnBlackSite,numberOfRobotsOnWhiteSite
10046,24,18
timeStep,numberOfRobotsOnBlackSite,numberOfRobotsOnWhiteSite
10047,24,18
timeStep,numberOfRobotsOnBlackSite,numberOfRobotsOnWhiteSite
10048,24,18
timeStep,numberOfRobotsOnBlackSite,numberOfRobotsOnWhiteSite
10049,24,18
timeStep,numberOfRobotsOnBlackSite,numberOfRobotsOnWhiteSite
10050,24,18
timeStep,numberOfRobotsOnBlackSite,numberOfRobotsOnWhiteSite
10051,24,18
timeStep,numberOfRobotsOnBlackSite,numberOfRobotsOnWhiteSite
10052,24,18
timeStep,numberOfRobotsOnBlackSite,numberOfRobotsOnWhiteSite
10053,24,18
timeStep,numberOfRobotsOnBlackSite,numberOfRobotsOnWhiteSite
10054,24,18
timeStep,numberOfRobotsOnBlackSite,numberOfRobotsOnWhiteSite
10055,24,18
timeStep,numberOfRobotsOnBlackSite,numberOfRobotsOnWhiteSite
10056,24,18
timeStep,numberOfRobotsOnBlackSite,numberOfRobotsOnWhiteSite
10057,24,18
timeStep,numberOfRobotsOnBlackSite,numberOfRobotsOnWhiteSite
10058,24,18
timeStep,numberOfRobotsOnBlackSite,numberOfRobotsOnWhiteSite
10059,24,18
timeStep,numberOfRobotsOnBlackSite,numberOfRobotsOnWhiteSite
10060,24,18
timeStep,numberOfRobotsOnBlackSite,numberOfRobotsOnWhiteSite
10061,24,18
timeStep,numberOfRobotsOnBlackSite,numberOfRobotsOnWhiteSite
10062,24,18
timeStep,numberOfRobotsOnBlackSite,numberOfRobotsOnWhiteSite
10063,24,18
timeStep,numberOfRobotsOnBlackSite,numberOfRobotsOnWhiteSite
10064,24,18
timeStep,numberOfRobotsOnBlackSite,numberOfRobotsOnWhiteSite
10065,24,18
timeStep,numberOfRobotsOnBlackSite,numberOfRobotsOnWhiteSite
10066,24,18
timeStep,numberOfRobotsOnBlackSite,numberOfRobotsOnWhiteSite
10067,24,18
timeStep,numberOfRobotsOnBlackSite,numberOfRobotsOnWhiteSite
10068,24,18
timeStep,numberOfRobotsOnBlackSite,numberOfRobotsOnWhiteSite
10069,24,18
timeStep,numberOfRobotsOnBlackSite,numberOfRobotsOnWhiteSite
10070,24,18
timeStep,numberOfRobotsOnBlackSite,numberOfRobotsOnWhiteSite
10071,24,18
timeStep,numberOfRobotsOnBlackSite,numberOfRobotsOnWhiteSite
10072,24,18
timeStep,numberOfRobotsOnBlackSite,numberOfRobotsOnWhiteSite
10073,24,18
timeStep,numberOfRobotsOnBlackSite,numberOfRobotsOnWhiteSite
10074,24,18
timeStep,numberOfRobotsOnBlackSite,numberOfRobotsOnWhiteSite
10075,24,18
timeStep,numberOfRobotsOnBlackSite,numberOfRobotsOnWhiteSite
10076,24,18
timeStep,numberOfRobotsOnBlackSite,numberOfRobotsOnWhiteSite
10077,24,18
timeStep,numberOfRobotsOnBlackSite,numberOfRobotsOnWhiteSite
10078,24,18
timeStep,numberOfRobotsOnBlackSite,numberOfRobotsOnWhiteSite
10079,24,18
timeStep,numberOfRobotsOnBlackSite,numberOfRobotsOnWhiteSite
10080,24,18
timeStep,numberOfRobotsOnBlackSite,numberOfRobotsOnWhiteSite
10081,24,18
timeStep,numberOfRobotsOnBlackSite,numberOfRobotsOnWhiteSite
10082,24,18
timeStep,numberOfRobotsOnBlackSite,numberOfRobotsOnWhiteSite
10083,24,18
timeStep,numberOfRobotsOnBlackSite,numberOfRobotsOnWhiteSite
10084,24,18
timeStep,numberOfRobotsOnBlackSite,numberOfRobotsOnWhiteSite
10085,24,18
timeStep,numberOfRobotsOnBlackSite,numberOfRobotsOnWhiteSite
10086,24,18
timeStep,numberOfRobotsOnBlackSite,numberOfRobotsOnWhiteSite
10087,24,18
timeStep,numberOfRobotsOnBlackSite,numberOfRobotsOnWhiteSite
10088,24,18
timeStep,numberOfRobotsOnBlackSite,numberOfRobotsOnWhiteSite
10089,24,18
timeStep,numberOfRobotsOnBlackSite,numberOfRobotsOnWhiteSite
10090,24,18
timeStep,numberOfRobotsOnBlackSite,numberOfRobotsOnWhiteSite
10091,24,18
timeStep,numberOfRobotsOnBlackSite,numberOfRobotsOnWhiteSite
10092,24,18
timeStep,numberOfRobotsOnBlackSite,numberOfRobotsOnWhiteSite
10093,24,18
timeStep,numberOfRobotsOnBlackSite,numberOfRobotsOnWhiteSite
10094,24,18
timeStep,numberOfRobotsOnBlackSite,numberOfRobotsOnWhiteSite
10095,24,19
timeStep,numberOfRobotsOnBlackSite,numberOfRobotsOnWhiteSite
10096,24,19
timeStep,numberOfRobotsOnBlackSite,numberOfRobotsOnWhiteSite
10097,24,19
timeStep,numberOfRobotsOnBlackSite,numberOfRobotsOnWhiteSite
10098,24,19
timeStep,numberOfRobotsOnBlackSite,numberOfRobotsOnWhiteSite
10099,24,19
timeStep,numberOfRobotsOnBlackSite,numberOfRobotsOnWhiteSite
10100,24,19
timeStep,numberOfRobotsOnBlackSite,numberOfRobotsOnWhiteSite
10101,24,19
timeStep,numberOfRobotsOnBlackSite,numberOfRobotsOnWhiteSite
10102,24,19
timeStep,numberOfRobotsOnBlackSite,numberOfRobotsOnWhiteSite
10103,24,19
timeStep,numberOfRobotsOnBlackSite,numberOfRobotsOnWhiteSite
10104,24,19
timeStep,numberOfRobotsOnBlackSite,numberOfRobotsOnWhiteSite
10105,24,19
timeStep,numberOfRobotsOnBlackSite,numberOfRobotsOnWhiteSite
10106,24,19
timeStep,numberOfRobotsOnBlackSite,numberOfRobotsOnWhiteSite
10107,24,19
timeStep,numberOfRobotsOnBlackSite,numberOfRobotsOnWhiteSite
10108,24,19
timeStep,numberOfRobotsOnBlackSite,numberOfRobotsOnWhiteSite
10109,24,19
timeStep,numberOfRobotsOnBlackSite,numberOfRobotsOnWhiteSite
10110,24,19
timeStep,numberOfRobotsOnBlackSite,numberOfRobotsOnWhiteSite
10111,24,19
timeStep,numberOfRobotsOnBlackSite,numberOfRobotsOnWhiteSite
10112,24,19
timeStep,numberOfRobotsOnBlackSite,numberOfRobotsOnWhiteSite
10113,24,19
timeStep,numberOfRobotsOnBlackSite,numberOfRobotsOnWhiteSite
10114,24,19
timeStep,numberOfRobotsOnBlackSite,numberOfRobotsOnWhiteSite
10115,24,19
timeStep,numberOfRobotsOnBlackSite,numberOfRobotsOnWhiteSite
10116,24,19
timeStep,numberOfRobotsOnBlackSite,numberOfRobotsOnWhiteSite
10117,24,19
timeStep,numberOfRobotsOnBlackSite,numberOfRobotsOnWhiteSite
10118,24,19
timeStep,numberOfRobotsOnBlackSite,numberOfRobotsOnWhiteSite
10119,24,19
timeStep,numberOfRobotsOnBlackSite,numberOfRobotsOnWhiteSite
10120,24,19
timeStep,numberOfRobotsOnBlackSite,numberOfRobotsOnWhiteSite
10121,24,19
timeStep,numberOfRobotsOnBlackSite,numberOfRobotsOnWhiteSite
10122,24,19
timeStep,numberOfRobotsOnBlackSite,numberOfRobotsOnWhiteSite
10123,24,19
timeStep,numberOfRobotsOnBlackSite,numberOfRobotsOnWhiteSite
10124,24,19
timeStep,numberOfRobotsOnBlackSite,numberOfRobotsOnWhiteSite
10125,24,19
timeStep,numberOfRobotsOnBlackSite,numberOfRobotsOnWhiteSite
10126,24,19
timeStep,numberOfRobotsOnBlackSite,numberOfRobotsOnWhiteSite
10127,24,19
timeStep,numberOfRobotsOnBlackSite,numberOfRobotsOnWhiteSite
10128,24,19
timeStep,numberOfRobotsOnBlackSite,numberOfRobotsOnWhiteSite
10129,24,19
timeStep,numberOfRobotsOnBlackSite,numberOfRobotsOnWhiteSite
10130,24,19
timeStep,numberOfRobotsOnBlackSite,numberOfRobotsOnWhiteSite
10131,24,19
timeStep,numberOfRobotsOnBlackSite,numberOfRobotsOnWhiteSite
10132,24,19
timeStep,numberOfRobotsOnBlackSite,numberOfRobotsOnWhiteSite
10133,24,19
timeStep,numberOfRobotsOnBlackSite,numberOfRobotsOnWhiteSite
10134,24,19
timeStep,numberOfRobotsOnBlackSite,numberOfRobotsOnWhiteSite
10135,24,19
timeStep,numberOfRobotsOnBlackSite,numberOfRobotsOnWhiteSite
10136,24,19
timeStep,numberOfRobotsOnBlackSite,numberOfRobotsOnWhiteSite
10137,24,19
timeStep,numberOfRobotsOnBlackSite,numberOfRobotsOnWhiteSite
10138,24,19
timeStep,numberOfRobotsOnBlackSite,numberOfRobotsOnWhiteSite
10139,24,19
timeStep,numberOfRobotsOnBlackSite,numberOfRobotsOnWhiteSite
10140,24,19
timeStep,numberOfRobotsOnBlackSite,numberOfRobotsOnWhiteSite
10141,24,19
timeStep,numberOfRobotsOnBlackSite,numberOfRobotsOnWhiteSite
10142,24,19
timeStep,numberOfRobotsOnBlackSite,numberOfRobotsOnWhiteSite
10143,24,19
timeStep,numberOfRobotsOnBlackSite,numberOfRobotsOnWhiteSite
10144,24,19
timeStep,numberOfRobotsOnBlackSite,numberOfRobotsOnWhiteSite
10145,24,19
timeStep,numberOfRobotsOnBlackSite,numberOfRobotsOnWhiteSite
10146,24,19
timeStep,numberOfRobotsOnBlackSite,numberOfRobotsOnWhiteSite
10147,24,19
timeStep,numberOfRobotsOnBlackSite,numberOfRobotsOnWhiteSite
10148,24,19
timeStep,numberOfRobotsOnBlackSite,numberOfRobotsOnWhiteSite
10149,24,19
timeStep,numberOfRobotsOnBlackSite,numberOfRobotsOnWhiteSite
10150,24,19
timeStep,numberOfRobotsOnBlackSite,numberOfRobotsOnWhiteSite
10151,24,19
timeStep,numberOfRobotsOnBlackSite,numberOfRobotsOnWhiteSite
10152,24,19
timeStep,numberOfRobotsOnBlackSite,numberOfRobotsOnWhiteSite
10153,24,19
timeStep,numberOfRobotsOnBlackSite,numberOfRobotsOnWhiteSite
10154,24,19
timeStep,numberOfRobotsOnBlackSite,numberOfRobotsOnWhiteSite
10155,24,19
timeStep,numberOfRobotsOnBlackSite,numberOfRobotsOnWhiteSite
10156,24,19
timeStep,numberOfRobotsOnBlackSite,numberOfRobotsOnWhiteSite
10157,24,19
timeStep,numberOfRobotsOnBlackSite,numberOfRobotsOnWhiteSite
10158,24,19
timeStep,numberOfRobotsOnBlackSite,numberOfRobotsOnWhiteSite
10159,24,19
timeStep,numberOfRobotsOnBlackSite,numberOfRobotsOnWhiteSite
10160,24,19
timeStep,numberOfRobotsOnBlackSite,numberOfRobotsOnWhiteSite
10161,24,19
timeStep,numberOfRobotsOnBlackSite,numberOfRobotsOnWhiteSite
10162,24,19
timeStep,numberOfRobotsOnBlackSite,numberOfRobotsOnWhiteSite
10163,24,19
timeStep,numberOfRobotsOnBlackSite,numberOfRobotsOnWhiteSite
10164,24,19
timeStep,numberOfRobotsOnBlackSite,numberOfRobotsOnWhiteSite
10165,24,19
timeStep,numberOfRobotsOnBlackSite,numberOfRobotsOnWhiteSite
10166,24,19
timeStep,numberOfRobotsOnBlackSite,numberOfRobotsOnWhiteSite
10167,24,19
timeStep,numberOfRobotsOnBlackSite,numberOfRobotsOnWhiteSite
10168,24,19
timeStep,numberOfRobotsOnBlackSite,numberOfRobotsOnWhiteSite
10169,24,19
timeStep,numberOfRobotsOnBlackSite,numberOfRobotsOnWhiteSite
10170,24,19
timeStep,numberOfRobotsOnBlackSite,numberOfRobotsOnWhiteSite
10171,24,19
timeStep,numberOfRobotsOnBlackSite,numberOfRobotsOnWhiteSite
10172,24,19
timeStep,numberOfRobotsOnBlackSite,numberOfRobotsOnWhiteSite
10173,24,19
timeStep,numberOfRobotsOnBlackSite,numberOfRobotsOnWhiteSite
10174,24,19
timeStep,numberOfRobotsOnBlackSite,numberOfRobotsOnWhiteSite
10175,24,19
timeStep,numberOfRobotsOnBlackSite,numberOfRobotsOnWhiteSite
10176,24,19
timeStep,numberOfRobotsOnBlackSite,numberOfRobotsOnWhiteSite
10177,24,19
timeStep,numberOfRobotsOnBlackSite,numberOfRobotsOnWhiteSite
10178,24,19
timeStep,numberOfRobotsOnBlackSite,numberOfRobotsOnWhiteSite
10179,24,19
timeStep,numberOfRobotsOnBlackSite,numberOfRobotsOnWhiteSite
10180,24,19
timeStep,numberOfRobotsOnBlackSite,numberOfRobotsOnWhiteSite
10181,24,19
timeStep,numberOfRobotsOnBlackSite,numberOfRobotsOnWhiteSite
10182,24,19
timeStep,numberOfRobotsOnBlackSite,numberOfRobotsOnWhiteSite
10183,24,19
timeStep,numberOfRobotsOnBlackSite,numberOfRobotsOnWhiteSite
10184,24,19
timeStep,numberOfRobotsOnBlackSite,numberOfRobotsOnWhiteSite
10185,24,19
timeStep,numberOfRobotsOnBlackSite,numberOfRobotsOnWhiteSite
10186,24,19
timeStep,numberOfRobotsOnBlackSite,numberOfRobotsOnWhiteSite
10187,24,19
timeStep,numberOfRobotsOnBlackSite,numberOfRobotsOnWhiteSite
10188,24,19
timeStep,numberOfRobotsOnBlackSite,numberOfRobotsOnWhiteSite
10189,24,19
timeStep,numberOfRobotsOnBlackSite,numberOfRobotsOnWhiteSite
10190,24,19
timeStep,numberOfRobotsOnBlackSite,numberOfRobotsOnWhiteSite
10191,24,19
timeStep,numberOfRobotsOnBlackSite,numberOfRobotsOnWhiteSite
10192,24,19
timeStep,numberOfRobotsOnBlackSite,numberOfRobotsOnWhiteSite
10193,24,19
timeStep,numberOfRobotsOnBlackSite,numberOfRobotsOnWhiteSite
10194,24,19
timeStep,numberOfRobotsOnBlackSite,numberOfRobotsOnWhiteSite
10195,24,19
timeStep,numberOfRobotsOnBlackSite,numberOfRobotsOnWhiteSite
10196,24,19
timeStep,numberOfRobotsOnBlackSite,numberOfRobotsOnWhiteSite
10197,24,19
timeStep,numberOfRobotsOnBlackSite,numberOfRobotsOnWhiteSite
10198,24,19
timeStep,numberOfRobotsOnBlackSite,numberOfRobotsOnWhiteSite
10199,24,19
timeStep,numberOfRobotsOnBlackSite,numberOfRobotsOnWhiteSite
10200,24,19
timeStep,numberOfRobotsOnBlackSite,numberOfRobotsOnWhiteSite
10201,24,19
timeStep,numberOfRobotsOnBlackSite,numberOfRobotsOnWhiteSite
10202,24,19
timeStep,numberOfRobotsOnBlackSite,numberOfRobotsOnWhiteSite
10203,24,19
timeStep,numberOfRobotsOnBlackSite,numberOfRobotsOnWhiteSite
10204,24,19
timeStep,numberOfRobotsOnBlackSite,numberOfRobotsOnWhiteSite
10205,24,19
timeStep,numberOfRobotsOnBlackSite,numberOfRobotsOnWhiteSite
10206,24,19
timeStep,numberOfRobotsOnBlackSite,numberOfRobotsOnWhiteSite
10207,24,19
timeStep,numberOfRobotsOnBlackSite,numberOfRobotsOnWhiteSite
10208,24,19
timeStep,numberOfRobotsOnBlackSite,numberOfRobotsOnWhiteSite
10209,24,19
timeStep,numberOfRobotsOnBlackSite,numberOfRobotsOnWhiteSite
10210,24,19
timeStep,numberOfRobotsOnBlackSite,numberOfRobotsOnWhiteSite
10211,24,19
timeStep,numberOfRobotsOnBlackSite,numberOfRobotsOnWhiteSite
10212,24,19
timeStep,numberOfRobotsOnBlackSite,numberOfRobotsOnWhiteSite
10213,24,19
timeStep,numberOfRobotsOnBlackSite,numberOfRobotsOnWhiteSite
10214,24,19
timeStep,numberOfRobotsOnBlackSite,numberOfRobotsOnWhiteSite
10215,24,19
timeStep,numberOfRobotsOnBlackSite,numberOfRobotsOnWhiteSite
10216,24,19
timeStep,numberOfRobotsOnBlackSite,numberOfRobotsOnWhiteSite
10217,24,19
timeStep,numberOfRobotsOnBlackSite,numberOfRobotsOnWhiteSite
10218,24,19
timeStep,numberOfRobotsOnBlackSite,numberOfRobotsOnWhiteSite
10219,24,19
timeStep,numberOfRobotsOnBlackSite,numberOfRobotsOnWhiteSite
10220,24,19
timeStep,numberOfRobotsOnBlackSite,numberOfRobotsOnWhiteSite
10221,24,19
timeStep,numberOfRobotsOnBlackSite,numberOfRobotsOnWhiteSite
10222,24,19
timeStep,numberOfRobotsOnBlackSite,numberOfRobotsOnWhiteSite
10223,24,19
timeStep,numberOfRobotsOnBlackSite,numberOfRobotsOnWhiteSite
10224,24,19
timeStep,numberOfRobotsOnBlackSite,numberOfRobotsOnWhiteSite
10225,24,19
timeStep,numberOfRobotsOnBlackSite,numberOfRobotsOnWhiteSite
10226,24,19
timeStep,numberOfRobotsOnBlackSite,numberOfRobotsOnWhiteSite
10227,24,19
timeStep,numberOfRobotsOnBlackSite,numberOfRobotsOnWhiteSite
10228,24,19
timeStep,numberOfRobotsOnBlackSite,numberOfRobotsOnWhiteSite
10229,24,19
timeStep,numberOfRobotsOnBlackSite,numberOfRobotsOnWhiteSite
10230,24,19
timeStep,numberOfRobotsOnBlackSite,numberOfRobotsOnWhiteSite
10231,24,19
timeStep,numberOfRobotsOnBlackSite,numberOfRobotsOnWhiteSite
10232,24,19
timeStep,numberOfRobotsOnBlackSite,numberOfRobotsOnWhiteSite
10233,24,19
timeStep,numberOfRobotsOnBlackSite,numberOfRobotsOnWhiteSite
10234,24,19
timeStep,numberOfRobotsOnBlackSite,numberOfRobotsOnWhiteSite
10235,24,19
timeStep,numberOfRobotsOnBlackSite,numberOfRobotsOnWhiteSite
10236,24,19
timeStep,numberOfRobotsOnBlackSite,numberOfRobotsOnWhiteSite
10237,24,19
timeStep,numberOfRobotsOnBlackSite,numberOfRobotsOnWhiteSite
10238,24,19
timeStep,numberOfRobotsOnBlackSite,numberOfRobotsOnWhiteSite
10239,24,19
timeStep,numberOfRobotsOnBlackSite,numberOfRobotsOnWhiteSite
10240,24,19
timeStep,numberOfRobotsOnBlackSite,numberOfRobotsOnWhiteSite
10241,24,19
timeStep,numberOfRobotsOnBlackSite,numberOfRobotsOnWhiteSite
10242,24,19
timeStep,numberOfRobotsOnBlackSite,numberOfRobotsOnWhiteSite
10243,24,19
timeStep,numberOfRobotsOnBlackSite,numberOfRobotsOnWhiteSite
10244,24,19
timeStep,numberOfRobotsOnBlackSite,numberOfRobotsOnWhiteSite
10245,24,19
timeStep,numberOfRobotsOnBlackSite,numberOfRobotsOnWhiteSite
10246,24,19
timeStep,numberOfRobotsOnBlackSite,numberOfRobotsOnWhiteSite
10247,24,19
timeStep,numberOfRobotsOnBlackSite,numberOfRobotsOnWhiteSite
10248,24,19
timeStep,numberOfRobotsOnBlackSite,numberOfRobotsOnWhiteSite
10249,24,19
timeStep,numberOfRobotsOnBlackSite,numberOfRobotsOnWhiteSite
10250,24,19
timeStep,numberOfRobotsOnBlackSite,numberOfRobotsOnWhiteSite
10251,24,19
timeStep,numberOfRobotsOnBlackSite,numberOfRobotsOnWhiteSite
10252,24,19
timeStep,numberOfRobotsOnBlackSite,numberOfRobotsOnWhiteSite
10253,24,19
timeStep,numberOfRobotsOnBlackSite,numberOfRobotsOnWhiteSite
10254,24,19
timeStep,numberOfRobotsOnBlackSite,numberOfRobotsOnWhiteSite
10255,24,19
timeStep,numberOfRobotsOnBlackSite,numberOfRobotsOnWhiteSite
10256,24,19
timeStep,numberOfRobotsOnBlackSite,numberOfRobotsOnWhiteSite
10257,24,19
timeStep,numberOfRobotsOnBlackSite,numberOfRobotsOnWhiteSite
10258,24,19
timeStep,numberOfRobotsOnBlackSite,numberOfRobotsOnWhiteSite
10259,24,19
timeStep,numberOfRobotsOnBlackSite,numberOfRobotsOnWhiteSite
10260,24,19
timeStep,numberOfRobotsOnBlackSite,numberOfRobotsOnWhiteSite
10261,24,19
timeStep,numberOfRobotsOnBlackSite,numberOfRobotsOnWhiteSite
10262,24,19
timeStep,numberOfRobotsOnBlackSite,numberOfRobotsOnWhiteSite
10263,24,19
timeStep,numberOfRobotsOnBlackSite,numberOfRobotsOnWhiteSite
10264,24,19
timeStep,numberOfRobotsOnBlackSite,numberOfRobotsOnWhiteSite
10265,24,19
timeStep,numberOfRobotsOnBlackSite,numberOfRobotsOnWhiteSite
10266,24,19
timeStep,numberOfRobotsOnBlackSite,numberOfRobotsOnWhiteSite
10267,24,19
timeStep,numberOfRobotsOnBlackSite,numberOfRobotsOnWhiteSite
10268,24,19
timeStep,numberOfRobotsOnBlackSite,numberOfRobotsOnWhiteSite
10269,24,19
timeStep,numberOfRobotsOnBlackSite,numberOfRobotsOnWhiteSite
10270,24,19
timeStep,numberOfRobotsOnBlackSite,numberOfRobotsOnWhiteSite
10271,24,19
timeStep,numberOfRobotsOnBlackSite,numberOfRobotsOnWhiteSite
10272,24,19
timeStep,numberOfRobotsOnBlackSite,numberOfRobotsOnWhiteSite
10273,24,19
timeStep,numberOfRobotsOnBlackSite,numberOfRobotsOnWhiteSite
10274,24,19
timeStep,numberOfRobotsOnBlackSite,numberOfRobotsOnWhiteSite
10275,25,19
timeStep,numberOfRobotsOnBlackSite,numberOfRobotsOnWhiteSite
10276,25,19
timeStep,numberOfRobotsOnBlackSite,numberOfRobotsOnWhiteSite
10277,25,19
timeStep,numberOfRobotsOnBlackSite,numberOfRobotsOnWhiteSite
10278,25,19
timeStep,numberOfRobotsOnBlackSite,numberOfRobotsOnWhiteSite
10279,25,19
timeStep,numberOfRobotsOnBlackSite,numberOfRobotsOnWhiteSite
10280,25,19
timeStep,numberOfRobotsOnBlackSite,numberOfRobotsOnWhiteSite
10281,25,19
timeStep,numberOfRobotsOnBlackSite,numberOfRobotsOnWhiteSite
10282,25,19
timeStep,numberOfRobotsOnBlackSite,numberOfRobotsOnWhiteSite
10283,25,19
timeStep,numberOfRobotsOnBlackSite,numberOfRobotsOnWhiteSite
10284,25,19
timeStep,numberOfRobotsOnBlackSite,numberOfRobotsOnWhiteSite
10285,25,19
timeStep,numberOfRobotsOnBlackSite,numberOfRobotsOnWhiteSite
10286,25,19
timeStep,numberOfRobotsOnBlackSite,numberOfRobotsOnWhiteSite
10287,25,19
timeStep,numberOfRobotsOnBlackSite,numberOfRobotsOnWhiteSite
10288,25,19
timeStep,numberOfRobotsOnBlackSite,numberOfRobotsOnWhiteSite
10289,25,19
timeStep,numberOfRobotsOnBlackSite,numberOfRobotsOnWhiteSite
10290,25,19
timeStep,numberOfRobotsOnBlackSite,numberOfRobotsOnWhiteSite
10291,25,19
timeStep,numberOfRobotsOnBlackSite,numberOfRobotsOnWhiteSite
10292,25,19
timeStep,numberOfRobotsOnBlackSite,numberOfRobotsOnWhiteSite
10293,25,19
timeStep,numberOfRobotsOnBlackSite,numberOfRobotsOnWhiteSite
10294,25,19
timeStep,numberOfRobotsOnBlackSite,numberOfRobotsOnWhiteSite
10295,25,19
timeStep,numberOfRobotsOnBlackSite,numberOfRobotsOnWhiteSite
10296,25,19
timeStep,numberOfRobotsOnBlackSite,numberOfRobotsOnWhiteSite
10297,25,19
timeStep,numberOfRobotsOnBlackSite,numberOfRobotsOnWhiteSite
10298,25,19
timeStep,numberOfRobotsOnBlackSite,numberOfRobotsOnWhiteSite
10299,25,19
timeStep,numberOfRobotsOnBlackSite,numberOfRobotsOnWhiteSite
10300,25,19
timeStep,numberOfRobotsOnBlackSite,numberOfRobotsOnWhiteSite
10301,25,19
timeStep,numberOfRobotsOnBlackSite,numberOfRobotsOnWhiteSite
10302,25,19
timeStep,numberOfRobotsOnBlackSite,numberOfRobotsOnWhiteSite
10303,25,19
timeStep,numberOfRobotsOnBlackSite,numberOfRobotsOnWhiteSite
10304,25,19
timeStep,numberOfRobotsOnBlackSite,numberOfRobotsOnWhiteSite
10305,25,19
timeStep,numberOfRobotsOnBlackSite,numberOfRobotsOnWhiteSite
10306,25,19
timeStep,numberOfRobotsOnBlackSite,numberOfRobotsOnWhiteSite
10307,25,19
timeStep,numberOfRobotsOnBlackSite,numberOfRobotsOnWhiteSite
10308,25,19
timeStep,numberOfRobotsOnBlackSite,numberOfRobotsOnWhiteSite
10309,25,19
timeStep,numberOfRobotsOnBlackSite,numberOfRobotsOnWhiteSite
10310,25,19
timeStep,numberOfRobotsOnBlackSite,numberOfRobotsOnWhiteSite
10311,25,19
timeStep,numberOfRobotsOnBlackSite,numberOfRobotsOnWhiteSite
10312,25,19
timeStep,numberOfRobotsOnBlackSite,numberOfRobotsOnWhiteSite
10313,25,19
timeStep,numberOfRobotsOnBlackSite,numberOfRobotsOnWhiteSite
10314,25,19
timeStep,numberOfRobotsOnBlackSite,numberOfRobotsOnWhiteSite
10315,25,19
timeStep,numberOfRobotsOnBlackSite,numberOfRobotsOnWhiteSite
10316,25,19
timeStep,numberOfRobotsOnBlackSite,numberOfRobotsOnWhiteSite
10317,25,19
timeStep,numberOfRobotsOnBlackSite,numberOfRobotsOnWhiteSite
10318,25,19
timeStep,numberOfRobotsOnBlackSite,numberOfRobotsOnWhiteSite
10319,25,19
timeStep,numberOfRobotsOnBlackSite,numberOfRobotsOnWhiteSite
10320,25,19
timeStep,numberOfRobotsOnBlackSite,numberOfRobotsOnWhiteSite
10321,25,19
timeStep,numberOfRobotsOnBlackSite,numberOfRobotsOnWhiteSite
10322,25,19
timeStep,numberOfRobotsOnBlackSite,numberOfRobotsOnWhiteSite
10323,25,19
timeStep,numberOfRobotsOnBlackSite,numberOfRobotsOnWhiteSite
10324,25,19
timeStep,numberOfRobotsOnBlackSite,numberOfRobotsOnWhiteSite
10325,25,19
timeStep,numberOfRobotsOnBlackSite,numberOfRobotsOnWhiteSite
10326,25,19
timeStep,numberOfRobotsOnBlackSite,numberOfRobotsOnWhiteSite
10327,25,19
timeStep,numberOfRobotsOnBlackSite,numberOfRobotsOnWhiteSite
10328,25,19
timeStep,numberOfRobotsOnBlackSite,numberOfRobotsOnWhiteSite
10329,25,19
timeStep,numberOfRobotsOnBlackSite,numberOfRobotsOnWhiteSite
10330,25,19
timeStep,numberOfRobotsOnBlackSite,numberOfRobotsOnWhiteSite
10331,25,19
timeStep,numberOfRobotsOnBlackSite,numberOfRobotsOnWhiteSite
10332,25,19
timeStep,numberOfRobotsOnBlackSite,numberOfRobotsOnWhiteSite
10333,25,19
timeStep,numberOfRobotsOnBlackSite,numberOfRobotsOnWhiteSite
10334,25,19
timeStep,numberOfRobotsOnBlackSite,numberOfRobotsOnWhiteSite
10335,25,19
timeStep,numberOfRobotsOnBlackSite,numberOfRobotsOnWhiteSite
10336,25,19
timeStep,numberOfRobotsOnBlackSite,numberOfRobotsOnWhiteSite
10337,25,19
timeStep,numberOfRobotsOnBlackSite,numberOfRobotsOnWhiteSite
10338,25,19
timeStep,numberOfRobotsOnBlackSite,numberOfRobotsOnWhiteSite
10339,25,19
timeStep,numberOfRobotsOnBlackSite,numberOfRobotsOnWhiteSite
10340,26,19
timeStep,numberOfRobotsOnBlackSite,numberOfRobotsOnWhiteSite
10341,26,19
timeStep,numberOfRobotsOnBlackSite,numberOfRobotsOnWhiteSite
10342,26,19
timeStep,numberOfRobotsOnBlackSite,numberOfRobotsOnWhiteSite
10343,26,19
timeStep,numberOfRobotsOnBlackSite,numberOfRobotsOnWhiteSite
10344,26,19
timeStep,numberOfRobotsOnBlackSite,numberOfRobotsOnWhiteSite
10345,26,19
timeStep,numberOfRobotsOnBlackSite,numberOfRobotsOnWhiteSite
10346,26,19
timeStep,numberOfRobotsOnBlackSite,numberOfRobotsOnWhiteSite
10347,26,19
timeStep,numberOfRobotsOnBlackSite,numberOfRobotsOnWhiteSite
10348,26,19
timeStep,numberOfRobotsOnBlackSite,numberOfRobotsOnWhiteSite
10349,26,19
timeStep,numberOfRobotsOnBlackSite,numberOfRobotsOnWhiteSite
10350,26,19
timeStep,numberOfRobotsOnBlackSite,numberOfRobotsOnWhiteSite
10351,26,19
timeStep,numberOfRobotsOnBlackSite,numberOfRobotsOnWhiteSite
10352,26,19
timeStep,numberOfRobotsOnBlackSite,numberOfRobotsOnWhiteSite
10353,26,19
timeStep,numberOfRobotsOnBlackSite,numberOfRobotsOnWhiteSite
10354,26,19
timeStep,numberOfRobotsOnBlackSite,numberOfRobotsOnWhiteSite
10355,26,19
timeStep,numberOfRobotsOnBlackSite,numberOfRobotsOnWhiteSite
10356,26,19
timeStep,numberOfRobotsOnBlackSite,numberOfRobotsOnWhiteSite
10357,26,19
timeStep,numberOfRobotsOnBlackSite,numberOfRobotsOnWhiteSite
10358,26,19
timeStep,numberOfRobotsOnBlackSite,numberOfRobotsOnWhiteSite
10359,26,19
timeStep,numberOfRobotsOnBlackSite,numberOfRobotsOnWhiteSite
10360,26,19
timeStep,numberOfRobotsOnBlackSite,numberOfRobotsOnWhiteSite
10361,26,19
timeStep,numberOfRobotsOnBlackSite,numberOfRobotsOnWhiteSite
10362,26,19
timeStep,numberOfRobotsOnBlackSite,numberOfRobotsOnWhiteSite
10363,26,19
timeStep,numberOfRobotsOnBlackSite,numberOfRobotsOnWhiteSite
10364,26,19
timeStep,numberOfRobotsOnBlackSite,numberOfRobotsOnWhiteSite
10365,26,19
timeStep,numberOfRobotsOnBlackSite,numberOfRobotsOnWhiteSite
10366,26,19
timeStep,numberOfRobotsOnBlackSite,numberOfRobotsOnWhiteSite
10367,26,19
timeStep,numberOfRobotsOnBlackSite,numberOfRobotsOnWhiteSite
10368,26,19
timeStep,numberOfRobotsOnBlackSite,numberOfRobotsOnWhiteSite
10369,26,19
timeStep,numberOfRobotsOnBlackSite,numberOfRobotsOnWhiteSite
10370,26,19
timeStep,numberOfRobotsOnBlackSite,numberOfRobotsOnWhiteSite
10371,26,19
timeStep,numberOfRobotsOnBlackSite,numberOfRobotsOnWhiteSite
10372,26,19
timeStep,numberOfRobotsOnBlackSite,numberOfRobotsOnWhiteSite
10373,26,19
timeStep,numberOfRobotsOnBlackSite,numberOfRobotsOnWhiteSite
10374,26,19
timeStep,numberOfRobotsOnBlackSite,numberOfRobotsOnWhiteSite
10375,26,19
timeStep,numberOfRobotsOnBlackSite,numberOfRobotsOnWhiteSite
10376,26,19
timeStep,numberOfRobotsOnBlackSite,numberOfRobotsOnWhiteSite
10377,26,19
timeStep,numberOfRobotsOnBlackSite,numberOfRobotsOnWhiteSite
10378,26,19
timeStep,numberOfRobotsOnBlackSite,numberOfRobotsOnWhiteSite
10379,26,19
timeStep,numberOfRobotsOnBlackSite,numberOfRobotsOnWhiteSite
10380,26,19
timeStep,numberOfRobotsOnBlackSite,numberOfRobotsOnWhiteSite
10381,26,19
timeStep,numberOfRobotsOnBlackSite,numberOfRobotsOnWhiteSite
10382,26,19
timeStep,numberOfRobotsOnBlackSite,numberOfRobotsOnWhiteSite
10383,26,19
timeStep,numberOfRobotsOnBlackSite,numberOfRobotsOnWhiteSite
10384,26,19
timeStep,numberOfRobotsOnBlackSite,numberOfRobotsOnWhiteSite
10385,26,19
timeStep,numberOfRobotsOnBlackSite,numberOfRobotsOnWhiteSite
10386,26,19
timeStep,numberOfRobotsOnBlackSite,numberOfRobotsOnWhiteSite
10387,26,19
timeStep,numberOfRobotsOnBlackSite,numberOfRobotsOnWhiteSite
10388,26,19
timeStep,numberOfRobotsOnBlackSite,numberOfRobotsOnWhiteSite
10389,26,19
timeStep,numberOfRobotsOnBlackSite,numberOfRobotsOnWhiteSite
10390,26,19
timeStep,numberOfRobotsOnBlackSite,numberOfRobotsOnWhiteSite
10391,26,19
timeStep,numberOfRobotsOnBlackSite,numberOfRobotsOnWhiteSite
10392,26,19
timeStep,numberOfRobotsOnBlackSite,numberOfRobotsOnWhiteSite
10393,26,19
timeStep,numberOfRobotsOnBlackSite,numberOfRobotsOnWhiteSite
10394,26,19
timeStep,numberOfRobotsOnBlackSite,numberOfRobotsOnWhiteSite
10395,26,19
timeStep,numberOfRobotsOnBlackSite,numberOfRobotsOnWhiteSite
10396,26,19
timeStep,numberOfRobotsOnBlackSite,numberOfRobotsOnWhiteSite
10397,26,19
timeStep,numberOfRobotsOnBlackSite,numberOfRobotsOnWhiteSite
10398,26,19
timeStep,numberOfRobotsOnBlackSite,numberOfRobotsOnWhiteSite
10399,26,19
timeStep,numberOfRobotsOnBlackSite,numberOfRobotsOnWhiteSite
10400,26,19
timeStep,numberOfRobotsOnBlackSite,numberOfRobotsOnWhiteSite
10401,26,19
timeStep,numberOfRobotsOnBlackSite,numberOfRobotsOnWhiteSite
10402,26,19
timeStep,numberOfRobotsOnBlackSite,numberOfRobotsOnWhiteSite
10403,26,19
timeStep,numberOfRobotsOnBlackSite,numberOfRobotsOnWhiteSite
10404,26,19
timeStep,numberOfRobotsOnBlackSite,numberOfRobotsOnWhiteSite
10405,26,19
timeStep,numberOfRobotsOnBlackSite,numberOfRobotsOnWhiteSite
10406,26,19
timeStep,numberOfRobotsOnBlackSite,numberOfRobotsOnWhiteSite
10407,26,19
timeStep,numberOfRobotsOnBlackSite,numberOfRobotsOnWhiteSite
10408,26,19
timeStep,numberOfRobotsOnBlackSite,numberOfRobotsOnWhiteSite
10409,26,19
timeStep,numberOfRobotsOnBlackSite,numberOfRobotsOnWhiteSite
10410,26,19
timeStep,numberOfRobotsOnBlackSite,numberOfRobotsOnWhiteSite
10411,26,19
timeStep,numberOfRobotsOnBlackSite,numberOfRobotsOnWhiteSite
10412,26,19
timeStep,numberOfRobotsOnBlackSite,numberOfRobotsOnWhiteSite
10413,26,19
timeStep,numberOfRobotsOnBlackSite,numberOfRobotsOnWhiteSite
10414,26,19
timeStep,numberOfRobotsOnBlackSite,numberOfRobotsOnWhiteSite
10415,26,19
timeStep,numberOfRobotsOnBlackSite,numberOfRobotsOnWhiteSite
10416,26,19
timeStep,numberOfRobotsOnBlackSite,numberOfRobotsOnWhiteSite
10417,26,19
timeStep,numberOfRobotsOnBlackSite,numberOfRobotsOnWhiteSite
10418,26,19
timeStep,numberOfRobotsOnBlackSite,numberOfRobotsOnWhiteSite
10419,26,19
timeStep,numberOfRobotsOnBlackSite,numberOfRobotsOnWhiteSite
10420,26,19
timeStep,numberOfRobotsOnBlackSite,numberOfRobotsOnWhiteSite
10421,26,19
timeStep,numberOfRobotsOnBlackSite,numberOfRobotsOnWhiteSite
10422,26,19
timeStep,numberOfRobotsOnBlackSite,numberOfRobotsOnWhiteSite
10423,26,19
timeStep,numberOfRobotsOnBlackSite,numberOfRobotsOnWhiteSite
10424,26,19
timeStep,numberOfRobotsOnBlackSite,numberOfRobotsOnWhiteSite
10425,26,19
timeStep,numberOfRobotsOnBlackSite,numberOfRobotsOnWhiteSite
10426,26,19
timeStep,numberOfRobotsOnBlackSite,numberOfRobotsOnWhiteSite
10427,26,19
timeStep,numberOfRobotsOnBlackSite,numberOfRobotsOnWhiteSite
10428,26,19
timeStep,numberOfRobotsOnBlackSite,numberOfRobotsOnWhiteSite
10429,26,19
timeStep,numberOfRobotsOnBlackSite,numberOfRobotsOnWhiteSite
10430,25,19
timeStep,numberOfRobotsOnBlackSite,numberOfRobotsOnWhiteSite
10431,25,19
timeStep,numberOfRobotsOnBlackSite,numberOfRobotsOnWhiteSite
10432,25,19
timeStep,numberOfRobotsOnBlackSite,numberOfRobotsOnWhiteSite
10433,25,19
timeStep,numberOfRobotsOnBlackSite,numberOfRobotsOnWhiteSite
10434,25,19
timeStep,numberOfRobotsOnBlackSite,numberOfRobotsOnWhiteSite
10435,25,19
timeStep,numberOfRobotsOnBlackSite,numberOfRobotsOnWhiteSite
10436,25,19
timeStep,numberOfRobotsOnBlackSite,numberOfRobotsOnWhiteSite
10437,25,19
timeStep,numberOfRobotsOnBlackSite,numberOfRobotsOnWhiteSite
10438,25,19
timeStep,numberOfRobotsOnBlackSite,numberOfRobotsOnWhiteSite
10439,25,19
timeStep,numberOfRobotsOnBlackSite,numberOfRobotsOnWhiteSite
10440,25,19
timeStep,numberOfRobotsOnBlackSite,numberOfRobotsOnWhiteSite
10441,25,19
timeStep,numberOfRobotsOnBlackSite,numberOfRobotsOnWhiteSite
10442,25,19
timeStep,numberOfRobotsOnBlackSite,numberOfRobotsOnWhiteSite
10443,25,19
timeStep,numberOfRobotsOnBlackSite,numberOfRobotsOnWhiteSite
10444,25,19
timeStep,numberOfRobotsOnBlackSite,numberOfRobotsOnWhiteSite
10445,24,19
timeStep,numberOfRobotsOnBlackSite,numberOfRobotsOnWhiteSite
10446,24,19
timeStep,numberOfRobotsOnBlackSite,numberOfRobotsOnWhiteSite
10447,24,19
timeStep,numberOfRobotsOnBlackSite,numberOfRobotsOnWhiteSite
10448,24,19
timeStep,numberOfRobotsOnBlackSite,numberOfRobotsOnWhiteSite
10449,24,19
timeStep,numberOfRobotsOnBlackSite,numberOfRobotsOnWhiteSite
10450,24,19
timeStep,numberOfRobotsOnBlackSite,numberOfRobotsOnWhiteSite
10451,24,19
timeStep,numberOfRobotsOnBlackSite,numberOfRobotsOnWhiteSite
10452,24,19
timeStep,numberOfRobotsOnBlackSite,numberOfRobotsOnWhiteSite
10453,24,19
timeStep,numberOfRobotsOnBlackSite,numberOfRobotsOnWhiteSite
10454,24,19
timeStep,numberOfRobotsOnBlackSite,numberOfRobotsOnWhiteSite
10455,24,19
timeStep,numberOfRobotsOnBlackSite,numberOfRobotsOnWhiteSite
10456,24,19
timeStep,numberOfRobotsOnBlackSite,numberOfRobotsOnWhiteSite
10457,24,19
timeStep,numberOfRobotsOnBlackSite,numberOfRobotsOnWhiteSite
10458,24,19
timeStep,numberOfRobotsOnBlackSite,numberOfRobotsOnWhiteSite
10459,24,19
timeStep,numberOfRobotsOnBlackSite,numberOfRobotsOnWhiteSite
10460,24,19
timeStep,numberOfRobotsOnBlackSite,numberOfRobotsOnWhiteSite
10461,24,19
timeStep,numberOfRobotsOnBlackSite,numberOfRobotsOnWhiteSite
10462,24,19
timeStep,numberOfRobotsOnBlackSite,numberOfRobotsOnWhiteSite
10463,24,19
timeStep,numberOfRobotsOnBlackSite,numberOfRobotsOnWhiteSite
10464,24,19
timeStep,numberOfRobotsOnBlackSite,numberOfRobotsOnWhiteSite
10465,24,19
timeStep,numberOfRobotsOnBlackSite,numberOfRobotsOnWhiteSite
10466,24,19
timeStep,numberOfRobotsOnBlackSite,numberOfRobotsOnWhiteSite
10467,24,19
timeStep,numberOfRobotsOnBlackSite,numberOfRobotsOnWhiteSite
10468,24,19
timeStep,numberOfRobotsOnBlackSite,numberOfRobotsOnWhiteSite
10469,24,19
timeStep,numberOfRobotsOnBlackSite,numberOfRobotsOnWhiteSite
10470,25,19
timeStep,numberOfRobotsOnBlackSite,numberOfRobotsOnWhiteSite
10471,25,19
timeStep,numberOfRobotsOnBlackSite,numberOfRobotsOnWhiteSite
10472,25,19
timeStep,numberOfRobotsOnBlackSite,numberOfRobotsOnWhiteSite
10473,25,19
timeStep,numberOfRobotsOnBlackSite,numberOfRobotsOnWhiteSite
10474,25,19
timeStep,numberOfRobotsOnBlackSite,numberOfRobotsOnWhiteSite
10475,25,19
timeStep,numberOfRobotsOnBlackSite,numberOfRobotsOnWhiteSite
10476,25,19
timeStep,numberOfRobotsOnBlackSite,numberOfRobotsOnWhiteSite
10477,25,19
timeStep,numberOfRobotsOnBlackSite,numberOfRobotsOnWhiteSite
10478,25,19
timeStep,numberOfRobotsOnBlackSite,numberOfRobotsOnWhiteSite
10479,25,19
timeStep,numberOfRobotsOnBlackSite,numberOfRobotsOnWhiteSite
10480,25,19
timeStep,numberOfRobotsOnBlackSite,numberOfRobotsOnWhiteSite
10481,25,19
timeStep,numberOfRobotsOnBlackSite,numberOfRobotsOnWhiteSite
10482,25,19
timeStep,numberOfRobotsOnBlackSite,numberOfRobotsOnWhiteSite
10483,25,19
timeStep,numberOfRobotsOnBlackSite,numberOfRobotsOnWhiteSite
10484,25,19
timeStep,numberOfRobotsOnBlackSite,numberOfRobotsOnWhiteSite
10485,25,19
timeStep,numberOfRobotsOnBlackSite,numberOfRobotsOnWhiteSite
10486,25,19
timeStep,numberOfRobotsOnBlackSite,numberOfRobotsOnWhiteSite
10487,25,19
timeStep,numberOfRobotsOnBlackSite,numberOfRobotsOnWhiteSite
10488,25,19
timeStep,numberOfRobotsOnBlackSite,numberOfRobotsOnWhiteSite
10489,25,19
timeStep,numberOfRobotsOnBlackSite,numberOfRobotsOnWhiteSite
10490,25,19
timeStep,numberOfRobotsOnBlackSite,numberOfRobotsOnWhiteSite
10491,25,19
timeStep,numberOfRobotsOnBlackSite,numberOfRobotsOnWhiteSite
10492,25,19
timeStep,numberOfRobotsOnBlackSite,numberOfRobotsOnWhiteSite
10493,25,19
timeStep,numberOfRobotsOnBlackSite,numberOfRobotsOnWhiteSite
10494,25,19
timeStep,numberOfRobotsOnBlackSite,numberOfRobotsOnWhiteSite
10495,25,19
timeStep,numberOfRobotsOnBlackSite,numberOfRobotsOnWhiteSite
10496,25,19
timeStep,numberOfRobotsOnBlackSite,numberOfRobotsOnWhiteSite
10497,25,19
timeStep,numberOfRobotsOnBlackSite,numberOfRobotsOnWhiteSite
10498,25,19
timeStep,numberOfRobotsOnBlackSite,numberOfRobotsOnWhiteSite
10499,25,19
timeStep,numberOfRobotsOnBlackSite,numberOfRobotsOnWhiteSite
10500,25,19
timeStep,numberOfRobotsOnBlackSite,numberOfRobotsOnWhiteSite
10501,25,19
timeStep,numberOfRobotsOnBlackSite,numberOfRobotsOnWhiteSite
10502,25,19
timeStep,numberOfRobotsOnBlackSite,numberOfRobotsOnWhiteSite
10503,25,19
timeStep,numberOfRobotsOnBlackSite,numberOfRobotsOnWhiteSite
10504,25,19
timeStep,numberOfRobotsOnBlackSite,numberOfRobotsOnWhiteSite
10505,25,19
timeStep,numberOfRobotsOnBlackSite,numberOfRobotsOnWhiteSite
10506,25,19
timeStep,numberOfRobotsOnBlackSite,numberOfRobotsOnWhiteSite
10507,25,19
timeStep,numberOfRobotsOnBlackSite,numberOfRobotsOnWhiteSite
10508,25,19
timeStep,numberOfRobotsOnBlackSite,numberOfRobotsOnWhiteSite
10509,25,19
timeStep,numberOfRobotsOnBlackSite,numberOfRobotsOnWhiteSite
10510,25,19
timeStep,numberOfRobotsOnBlackSite,numberOfRobotsOnWhiteSite
10511,25,19
timeStep,numberOfRobotsOnBlackSite,numberOfRobotsOnWhiteSite
10512,25,19
timeStep,numberOfRobotsOnBlackSite,numberOfRobotsOnWhiteSite
10513,25,19
timeStep,numberOfRobotsOnBlackSite,numberOfRobotsOnWhiteSite
10514,25,19
timeStep,numberOfRobotsOnBlackSite,numberOfRobotsOnWhiteSite
10515,25,19
timeStep,numberOfRobotsOnBlackSite,numberOfRobotsOnWhiteSite
10516,25,19
timeStep,numberOfRobotsOnBlackSite,numberOfRobotsOnWhiteSite
10517,25,19
timeStep,numberOfRobotsOnBlackSite,numberOfRobotsOnWhiteSite
10518,25,19
timeStep,numberOfRobotsOnBlackSite,numberOfRobotsOnWhiteSite
10519,25,19
timeStep,numberOfRobotsOnBlackSite,numberOfRobotsOnWhiteSite
10520,25,19
timeStep,numberOfRobotsOnBlackSite,numberOfRobotsOnWhiteSite
10521,25,19
timeStep,numberOfRobotsOnBlackSite,numberOfRobotsOnWhiteSite
10522,25,19
timeStep,numberOfRobotsOnBlackSite,numberOfRobotsOnWhiteSite
10523,25,19
timeStep,numberOfRobotsOnBlackSite,numberOfRobotsOnWhiteSite
10524,25,19
timeStep,numberOfRobotsOnBlackSite,numberOfRobotsOnWhiteSite
10525,25,19
timeStep,numberOfRobotsOnBlackSite,numberOfRobotsOnWhiteSite
10526,25,19
timeStep,numberOfRobotsOnBlackSite,numberOfRobotsOnWhiteSite
10527,25,19
timeStep,numberOfRobotsOnBlackSite,numberOfRobotsOnWhiteSite
10528,25,19
timeStep,numberOfRobotsOnBlackSite,numberOfRobotsOnWhiteSite
10529,25,19
timeStep,numberOfRobotsOnBlackSite,numberOfRobotsOnWhiteSite
10530,25,19
timeStep,numberOfRobotsOnBlackSite,numberOfRobotsOnWhiteSite
10531,25,19
timeStep,numberOfRobotsOnBlackSite,numberOfRobotsOnWhiteSite
10532,25,19
timeStep,numberOfRobotsOnBlackSite,numberOfRobotsOnWhiteSite
10533,25,19
timeStep,numberOfRobotsOnBlackSite,numberOfRobotsOnWhiteSite
10534,25,19
timeStep,numberOfRobotsOnBlackSite,numberOfRobotsOnWhiteSite
10535,25,19
timeStep,numberOfRobotsOnBlackSite,numberOfRobotsOnWhiteSite
10536,25,19
timeStep,numberOfRobotsOnBlackSite,numberOfRobotsOnWhiteSite
10537,25,19
timeStep,numberOfRobotsOnBlackSite,numberOfRobotsOnWhiteSite
10538,25,19
timeStep,numberOfRobotsOnBlackSite,numberOfRobotsOnWhiteSite
10539,25,19
timeStep,numberOfRobotsOnBlackSite,numberOfRobotsOnWhiteSite
10540,25,19
timeStep,numberOfRobotsOnBlackSite,numberOfRobotsOnWhiteSite
10541,25,19
timeStep,numberOfRobotsOnBlackSite,numberOfRobotsOnWhiteSite
10542,25,19
timeStep,numberOfRobotsOnBlackSite,numberOfRobotsOnWhiteSite
10543,25,19
timeStep,numberOfRobotsOnBlackSite,numberOfRobotsOnWhiteSite
10544,25,19
timeStep,numberOfRobotsOnBlackSite,numberOfRobotsOnWhiteSite
10545,25,19
timeStep,numberOfRobotsOnBlackSite,numberOfRobotsOnWhiteSite
10546,25,19
timeStep,numberOfRobotsOnBlackSite,numberOfRobotsOnWhiteSite
10547,25,19
timeStep,numberOfRobotsOnBlackSite,numberOfRobotsOnWhiteSite
10548,25,19
timeStep,numberOfRobotsOnBlackSite,numberOfRobotsOnWhiteSite
10549,25,19
timeStep,numberOfRobotsOnBlackSite,numberOfRobotsOnWhiteSite
10550,25,19
timeStep,numberOfRobotsOnBlackSite,numberOfRobotsOnWhiteSite
10551,25,19
timeStep,numberOfRobotsOnBlackSite,numberOfRobotsOnWhiteSite
10552,25,19
timeStep,numberOfRobotsOnBlackSite,numberOfRobotsOnWhiteSite
10553,25,19
timeStep,numberOfRobotsOnBlackSite,numberOfRobotsOnWhiteSite
10554,25,19
timeStep,numberOfRobotsOnBlackSite,numberOfRobotsOnWhiteSite
10555,25,19
timeStep,numberOfRobotsOnBlackSite,numberOfRobotsOnWhiteSite
10556,25,19
timeStep,numberOfRobotsOnBlackSite,numberOfRobotsOnWhiteSite
10557,25,19
timeStep,numberOfRobotsOnBlackSite,numberOfRobotsOnWhiteSite
10558,25,19
timeStep,numberOfRobotsOnBlackSite,numberOfRobotsOnWhiteSite
10559,25,19
timeStep,numberOfRobotsOnBlackSite,numberOfRobotsOnWhiteSite
10560,25,19
timeStep,numberOfRobotsOnBlackSite,numberOfRobotsOnWhiteSite
10561,25,19
timeStep,numberOfRobotsOnBlackSite,numberOfRobotsOnWhiteSite
10562,25,19
timeStep,numberOfRobotsOnBlackSite,numberOfRobotsOnWhiteSite
10563,25,19
timeStep,numberOfRobotsOnBlackSite,numberOfRobotsOnWhiteSite
10564,25,19
timeStep,numberOfRobotsOnBlackSite,numberOfRobotsOnWhiteSite
10565,25,19
timeStep,numberOfRobotsOnBlackSite,numberOfRobotsOnWhiteSite
10566,25,19
timeStep,numberOfRobotsOnBlackSite,numberOfRobotsOnWhiteSite
10567,25,19
timeStep,numberOfRobotsOnBlackSite,numberOfRobotsOnWhiteSite
10568,25,19
timeStep,numberOfRobotsOnBlackSite,numberOfRobotsOnWhiteSite
10569,25,19
timeStep,numberOfRobotsOnBlackSite,numberOfRobotsOnWhiteSite
10570,25,19
timeStep,numberOfRobotsOnBlackSite,numberOfRobotsOnWhiteSite
10571,25,19
timeStep,numberOfRobotsOnBlackSite,numberOfRobotsOnWhiteSite
10572,25,19
timeStep,numberOfRobotsOnBlackSite,numberOfRobotsOnWhiteSite
10573,25,19
timeStep,numberOfRobotsOnBlackSite,numberOfRobotsOnWhiteSite
10574,25,19
timeStep,numberOfRobotsOnBlackSite,numberOfRobotsOnWhiteSite
10575,25,19
timeStep,numberOfRobotsOnBlackSite,numberOfRobotsOnWhiteSite
10576,25,19
timeStep,numberOfRobotsOnBlackSite,numberOfRobotsOnWhiteSite
10577,25,19
timeStep,numberOfRobotsOnBlackSite,numberOfRobotsOnWhiteSite
10578,25,19
timeStep,numberOfRobotsOnBlackSite,numberOfRobotsOnWhiteSite
10579,25,19
timeStep,numberOfRobotsOnBlackSite,numberOfRobotsOnWhiteSite
10580,26,19
timeStep,numberOfRobotsOnBlackSite,numberOfRobotsOnWhiteSite
10581,26,19
timeStep,numberOfRobotsOnBlackSite,numberOfRobotsOnWhiteSite
10582,26,19
timeStep,numberOfRobotsOnBlackSite,numberOfRobotsOnWhiteSite
10583,26,19
timeStep,numberOfRobotsOnBlackSite,numberOfRobotsOnWhiteSite
10584,26,19
timeStep,numberOfRobotsOnBlackSite,numberOfRobotsOnWhiteSite
10585,26,19
timeStep,numberOfRobotsOnBlackSite,numberOfRobotsOnWhiteSite
10586,26,19
timeStep,numberOfRobotsOnBlackSite,numberOfRobotsOnWhiteSite
10587,26,19
timeStep,numberOfRobotsOnBlackSite,numberOfRobotsOnWhiteSite
10588,26,19
timeStep,numberOfRobotsOnBlackSite,numberOfRobotsOnWhiteSite
10589,26,19
timeStep,numberOfRobotsOnBlackSite,numberOfRobotsOnWhiteSite
10590,25,19
timeStep,numberOfRobotsOnBlackSite,numberOfRobotsOnWhiteSite
10591,25,19
timeStep,numberOfRobotsOnBlackSite,numberOfRobotsOnWhiteSite
10592,25,19
timeStep,numberOfRobotsOnBlackSite,numberOfRobotsOnWhiteSite
10593,25,19
timeStep,numberOfRobotsOnBlackSite,numberOfRobotsOnWhiteSite
10594,25,19
timeStep,numberOfRobotsOnBlackSite,numberOfRobotsOnWhiteSite
10595,25,19
timeStep,numberOfRobotsOnBlackSite,numberOfRobotsOnWhiteSite
10596,25,19
timeStep,numberOfRobotsOnBlackSite,numberOfRobotsOnWhiteSite
10597,25,19
timeStep,numberOfRobotsOnBlackSite,numberOfRobotsOnWhiteSite
10598,25,19
timeStep,numberOfRobotsOnBlackSite,numberOfRobotsOnWhiteSite
10599,25,19
timeStep,numberOfRobotsOnBlackSite,numberOfRobotsOnWhiteSite
10600,25,19
timeStep,numberOfRobotsOnBlackSite,numberOfRobotsOnWhiteSite
10601,25,19
timeStep,numberOfRobotsOnBlackSite,numberOfRobotsOnWhiteSite
10602,25,19
timeStep,numberOfRobotsOnBlackSite,numberOfRobotsOnWhiteSite
10603,25,19
timeStep,numberOfRobotsOnBlackSite,numberOfRobotsOnWhiteSite
10604,25,19
timeStep,numberOfRobotsOnBlackSite,numberOfRobotsOnWhiteSite
10605,25,19
timeStep,numberOfRobotsOnBlackSite,numberOfRobotsOnWhiteSite
10606,25,19
timeStep,numberOfRobotsOnBlackSite,numberOfRobotsOnWhiteSite
10607,25,19
timeStep,numberOfRobotsOnBlackSite,numberOfRobotsOnWhiteSite
10608,25,19
timeStep,numberOfRobotsOnBlackSite,numberOfRobotsOnWhiteSite
10609,25,19
timeStep,numberOfRobotsOnBlackSite,numberOfRobotsOnWhiteSite
10610,25,19
timeStep,numberOfRobotsOnBlackSite,numberOfRobotsOnWhiteSite
10611,25,19
timeStep,numberOfRobotsOnBlackSite,numberOfRobotsOnWhiteSite
10612,25,19
timeStep,numberOfRobotsOnBlackSite,numberOfRobotsOnWhiteSite
10613,25,19
timeStep,numberOfRobotsOnBlackSite,numberOfRobotsOnWhiteSite
10614,25,19
timeStep,numberOfRobotsOnBlackSite,numberOfRobotsOnWhiteSite
10615,25,19
timeStep,numberOfRobotsOnBlackSite,numberOfRobotsOnWhiteSite
10616,25,19
timeStep,numberOfRobotsOnBlackSite,numberOfRobotsOnWhiteSite
10617,25,19
timeStep,numberOfRobotsOnBlackSite,numberOfRobotsOnWhiteSite
10618,25,19
timeStep,numberOfRobotsOnBlackSite,numberOfRobotsOnWhiteSite
10619,25,19
timeStep,numberOfRobotsOnBlackSite,numberOfRobotsOnWhiteSite
10620,25,19
timeStep,numberOfRobotsOnBlackSite,numberOfRobotsOnWhiteSite
10621,25,19
timeStep,numberOfRobotsOnBlackSite,numberOfRobotsOnWhiteSite
10622,25,19
timeStep,numberOfRobotsOnBlackSite,numberOfRobotsOnWhiteSite
10623,25,19
timeStep,numberOfRobotsOnBlackSite,numberOfRobotsOnWhiteSite
10624,25,19
timeStep,numberOfRobotsOnBlackSite,numberOfRobotsOnWhiteSite
10625,25,19
timeStep,numberOfRobotsOnBlackSite,numberOfRobotsOnWhiteSite
10626,25,19
timeStep,numberOfRobotsOnBlackSite,numberOfRobotsOnWhiteSite
10627,25,19
timeStep,numberOfRobotsOnBlackSite,numberOfRobotsOnWhiteSite
10628,25,19
timeStep,numberOfRobotsOnBlackSite,numberOfRobotsOnWhiteSite
10629,25,19
timeStep,numberOfRobotsOnBlackSite,numberOfRobotsOnWhiteSite
10630,25,19
timeStep,numberOfRobotsOnBlackSite,numberOfRobotsOnWhiteSite
10631,25,19
timeStep,numberOfRobotsOnBlackSite,numberOfRobotsOnWhiteSite
10632,25,19
timeStep,numberOfRobotsOnBlackSite,numberOfRobotsOnWhiteSite
10633,25,19
timeStep,numberOfRobotsOnBlackSite,numberOfRobotsOnWhiteSite
10634,25,19
timeStep,numberOfRobotsOnBlackSite,numberOfRobotsOnWhiteSite
10635,25,19
timeStep,numberOfRobotsOnBlackSite,numberOfRobotsOnWhiteSite
10636,25,19
timeStep,numberOfRobotsOnBlackSite,numberOfRobotsOnWhiteSite
10637,25,19
timeStep,numberOfRobotsOnBlackSite,numberOfRobotsOnWhiteSite
10638,25,19
timeStep,numberOfRobotsOnBlackSite,numberOfRobotsOnWhiteSite
10639,25,19
timeStep,numberOfRobotsOnBlackSite,numberOfRobotsOnWhiteSite
10640,25,19
timeStep,numberOfRobotsOnBlackSite,numberOfRobotsOnWhiteSite
10641,25,19
timeStep,numberOfRobotsOnBlackSite,numberOfRobotsOnWhiteSite
10642,25,19
timeStep,numberOfRobotsOnBlackSite,numberOfRobotsOnWhiteSite
10643,25,19
timeStep,numberOfRobotsOnBlackSite,numberOfRobotsOnWhiteSite
10644,25,19
timeStep,numberOfRobotsOnBlackSite,numberOfRobotsOnWhiteSite
10645,26,19
timeStep,numberOfRobotsOnBlackSite,numberOfRobotsOnWhiteSite
10646,26,19
timeStep,numberOfRobotsOnBlackSite,numberOfRobotsOnWhiteSite
10647,26,19
timeStep,numberOfRobotsOnBlackSite,numberOfRobotsOnWhiteSite
10648,26,19
timeStep,numberOfRobotsOnBlackSite,numberOfRobotsOnWhiteSite
10649,26,19
timeStep,numberOfRobotsOnBlackSite,numberOfRobotsOnWhiteSite
10650,26,19
timeStep,numberOfRobotsOnBlackSite,numberOfRobotsOnWhiteSite
10651,26,19
timeStep,numberOfRobotsOnBlackSite,numberOfRobotsOnWhiteSite
10652,26,19
timeStep,numberOfRobotsOnBlackSite,numberOfRobotsOnWhiteSite
10653,26,19
timeStep,numberOfRobotsOnBlackSite,numberOfRobotsOnWhiteSite
10654,26,19
timeStep,numberOfRobotsOnBlackSite,numberOfRobotsOnWhiteSite
10655,26,19
timeStep,numberOfRobotsOnBlackSite,numberOfRobotsOnWhiteSite
10656,26,19
timeStep,numberOfRobotsOnBlackSite,numberOfRobotsOnWhiteSite
10657,26,19
timeStep,numberOfRobotsOnBlackSite,numberOfRobotsOnWhiteSite
10658,26,19
timeStep,numberOfRobotsOnBlackSite,numberOfRobotsOnWhiteSite
10659,26,19
timeStep,numberOfRobotsOnBlackSite,numberOfRobotsOnWhiteSite
10660,26,19
timeStep,numberOfRobotsOnBlackSite,numberOfRobotsOnWhiteSite
10661,26,19
timeStep,numberOfRobotsOnBlackSite,numberOfRobotsOnWhiteSite
10662,26,19
timeStep,numberOfRobotsOnBlackSite,numberOfRobotsOnWhiteSite
10663,26,19
timeStep,numberOfRobotsOnBlackSite,numberOfRobotsOnWhiteSite
10664,26,19
timeStep,numberOfRobotsOnBlackSite,numberOfRobotsOnWhiteSite
10665,26,19
timeStep,numberOfRobotsOnBlackSite,numberOfRobotsOnWhiteSite
10666,26,19
timeStep,numberOfRobotsOnBlackSite,numberOfRobotsOnWhiteSite
10667,26,19
timeStep,numberOfRobotsOnBlackSite,numberOfRobotsOnWhiteSite
10668,26,19
timeStep,numberOfRobotsOnBlackSite,numberOfRobotsOnWhiteSite
10669,26,19
timeStep,numberOfRobotsOnBlackSite,numberOfRobotsOnWhiteSite
10670,26,19
timeStep,numberOfRobotsOnBlackSite,numberOfRobotsOnWhiteSite
10671,26,19
timeStep,numberOfRobotsOnBlackSite,numberOfRobotsOnWhiteSite
10672,26,19
timeStep,numberOfRobotsOnBlackSite,numberOfRobotsOnWhiteSite
10673,26,19
timeStep,numberOfRobotsOnBlackSite,numberOfRobotsOnWhiteSite
10674,26,19
timeStep,numberOfRobotsOnBlackSite,numberOfRobotsOnWhiteSite
10675,26,19
timeStep,numberOfRobotsOnBlackSite,numberOfRobotsOnWhiteSite
10676,26,19
timeStep,numberOfRobotsOnBlackSite,numberOfRobotsOnWhiteSite
10677,26,19
timeStep,numberOfRobotsOnBlackSite,numberOfRobotsOnWhiteSite
10678,26,19
timeStep,numberOfRobotsOnBlackSite,numberOfRobotsOnWhiteSite
10679,26,19
timeStep,numberOfRobotsOnBlackSite,numberOfRobotsOnWhiteSite
10680,25,19
timeStep,numberOfRobotsOnBlackSite,numberOfRobotsOnWhiteSite
10681,25,19
timeStep,numberOfRobotsOnBlackSite,numberOfRobotsOnWhiteSite
10682,25,19
timeStep,numberOfRobotsOnBlackSite,numberOfRobotsOnWhiteSite
10683,25,19
timeStep,numberOfRobotsOnBlackSite,numberOfRobotsOnWhiteSite
10684,25,19
timeStep,numberOfRobotsOnBlackSite,numberOfRobotsOnWhiteSite
10685,25,19
timeStep,numberOfRobotsOnBlackSite,numberOfRobotsOnWhiteSite
10686,25,19
timeStep,numberOfRobotsOnBlackSite,numberOfRobotsOnWhiteSite
10687,25,19
timeStep,numberOfRobotsOnBlackSite,numberOfRobotsOnWhiteSite
10688,25,19
timeStep,numberOfRobotsOnBlackSite,numberOfRobotsOnWhiteSite
10689,25,19
timeStep,numberOfRobotsOnBlackSite,numberOfRobotsOnWhiteSite
10690,25,19
timeStep,numberOfRobotsOnBlackSite,numberOfRobotsOnWhiteSite
10691,25,19
timeStep,numberOfRobotsOnBlackSite,numberOfRobotsOnWhiteSite
10692,25,19
timeStep,numberOfRobotsOnBlackSite,numberOfRobotsOnWhiteSite
10693,25,19
timeStep,numberOfRobotsOnBlackSite,numberOfRobotsOnWhiteSite
10694,25,19
timeStep,numberOfRobotsOnBlackSite,numberOfRobotsOnWhiteSite
10695,25,19
timeStep,numberOfRobotsOnBlackSite,numberOfRobotsOnWhiteSite
10696,25,19
timeStep,numberOfRobotsOnBlackSite,numberOfRobotsOnWhiteSite
10697,25,19
timeStep,numberOfRobotsOnBlackSite,numberOfRobotsOnWhiteSite
10698,25,19
timeStep,numberOfRobotsOnBlackSite,numberOfRobotsOnWhiteSite
10699,25,19
timeStep,numberOfRobotsOnBlackSite,numberOfRobotsOnWhiteSite
10700,25,19
timeStep,numberOfRobotsOnBlackSite,numberOfRobotsOnWhiteSite
10701,25,19
timeStep,numberOfRobotsOnBlackSite,numberOfRobotsOnWhiteSite
10702,25,19
timeStep,numberOfRobotsOnBlackSite,numberOfRobotsOnWhiteSite
10703,25,19
timeStep,numberOfRobotsOnBlackSite,numberOfRobotsOnWhiteSite
10704,25,19
timeStep,numberOfRobotsOnBlackSite,numberOfRobotsOnWhiteSite
10705,25,19
timeStep,numberOfRobotsOnBlackSite,numberOfRobotsOnWhiteSite
10706,25,19
timeStep,numberOfRobotsOnBlackSite,numberOfRobotsOnWhiteSite
10707,25,19
timeStep,numberOfRobotsOnBlackSite,numberOfRobotsOnWhiteSite
10708,25,19
timeStep,numberOfRobotsOnBlackSite,numberOfRobotsOnWhiteSite
10709,25,19
timeStep,numberOfRobotsOnBlackSite,numberOfRobotsOnWhiteSite
10710,25,19
timeStep,numberOfRobotsOnBlackSite,numberOfRobotsOnWhiteSite
10711,25,19
timeStep,numberOfRobotsOnBlackSite,numberOfRobotsOnWhiteSite
10712,25,19
timeStep,numberOfRobotsOnBlackSite,numberOfRobotsOnWhiteSite
10713,25,19
timeStep,numberOfRobotsOnBlackSite,numberOfRobotsOnWhiteSite
10714,25,19
timeStep,numberOfRobotsOnBlackSite,numberOfRobotsOnWhiteSite
10715,25,19
timeStep,numberOfRobotsOnBlackSite,numberOfRobotsOnWhiteSite
10716,25,19
timeStep,numberOfRobotsOnBlackSite,numberOfRobotsOnWhiteSite
10717,25,19
timeStep,numberOfRobotsOnBlackSite,numberOfRobotsOnWhiteSite
10718,25,19
timeStep,numberOfRobotsOnBlackSite,numberOfRobotsOnWhiteSite
10719,25,19
timeStep,numberOfRobotsOnBlackSite,numberOfRobotsOnWhiteSite
10720,25,19
timeStep,numberOfRobotsOnBlackSite,numberOfRobotsOnWhiteSite
10721,25,19
timeStep,numberOfRobotsOnBlackSite,numberOfRobotsOnWhiteSite
10722,25,19
timeStep,numberOfRobotsOnBlackSite,numberOfRobotsOnWhiteSite
10723,25,19
timeStep,numberOfRobotsOnBlackSite,numberOfRobotsOnWhiteSite
10724,25,19
timeStep,numberOfRobotsOnBlackSite,numberOfRobotsOnWhiteSite
10725,25,19
timeStep,numberOfRobotsOnBlackSite,numberOfRobotsOnWhiteSite
10726,25,19
timeStep,numberOfRobotsOnBlackSite,numberOfRobotsOnWhiteSite
10727,25,19
timeStep,numberOfRobotsOnBlackSite,numberOfRobotsOnWhiteSite
10728,25,19
timeStep,numberOfRobotsOnBlackSite,numberOfRobotsOnWhiteSite
10729,25,19
timeStep,numberOfRobotsOnBlackSite,numberOfRobotsOnWhiteSite
10730,25,19
timeStep,numberOfRobotsOnBlackSite,numberOfRobotsOnWhiteSite
10731,25,19
timeStep,numberOfRobotsOnBlackSite,numberOfRobotsOnWhiteSite
10732,25,19
timeStep,numberOfRobotsOnBlackSite,numberOfRobotsOnWhiteSite
10733,25,19
timeStep,numberOfRobotsOnBlackSite,numberOfRobotsOnWhiteSite
10734,25,19
timeStep,numberOfRobotsOnBlackSite,numberOfRobotsOnWhiteSite
10735,25,19
timeStep,numberOfRobotsOnBlackSite,numberOfRobotsOnWhiteSite
10736,25,19
timeStep,numberOfRobotsOnBlackSite,numberOfRobotsOnWhiteSite
10737,25,19
timeStep,numberOfRobotsOnBlackSite,numberOfRobotsOnWhiteSite
10738,25,19
timeStep,numberOfRobotsOnBlackSite,numberOfRobotsOnWhiteSite
10739,25,19
timeStep,numberOfRobotsOnBlackSite,numberOfRobotsOnWhiteSite
10740,25,19
timeStep,numberOfRobotsOnBlackSite,numberOfRobotsOnWhiteSite
10741,25,19
timeStep,numberOfRobotsOnBlackSite,numberOfRobotsOnWhiteSite
10742,25,19
timeStep,numberOfRobotsOnBlackSite,numberOfRobotsOnWhiteSite
10743,25,19
timeStep,numberOfRobotsOnBlackSite,numberOfRobotsOnWhiteSite
10744,25,19
timeStep,numberOfRobotsOnBlackSite,numberOfRobotsOnWhiteSite
10745,25,19
timeStep,numberOfRobotsOnBlackSite,numberOfRobotsOnWhiteSite
10746,25,19
timeStep,numberOfRobotsOnBlackSite,numberOfRobotsOnWhiteSite
10747,25,19
timeStep,numberOfRobotsOnBlackSite,numberOfRobotsOnWhiteSite
10748,25,19
timeStep,numberOfRobotsOnBlackSite,numberOfRobotsOnWhiteSite
10749,25,19
timeStep,numberOfRobotsOnBlackSite,numberOfRobotsOnWhiteSite
10750,25,19
timeStep,numberOfRobotsOnBlackSite,numberOfRobotsOnWhiteSite
10751,25,19
timeStep,numberOfRobotsOnBlackSite,numberOfRobotsOnWhiteSite
10752,25,19
timeStep,numberOfRobotsOnBlackSite,numberOfRobotsOnWhiteSite
10753,25,19
timeStep,numberOfRobotsOnBlackSite,numberOfRobotsOnWhiteSite
10754,25,19
timeStep,numberOfRobotsOnBlackSite,numberOfRobotsOnWhiteSite
10755,25,19
timeStep,numberOfRobotsOnBlackSite,numberOfRobotsOnWhiteSite
10756,25,19
timeStep,numberOfRobotsOnBlackSite,numberOfRobotsOnWhiteSite
10757,25,19
timeStep,numberOfRobotsOnBlackSite,numberOfRobotsOnWhiteSite
10758,25,19
timeStep,numberOfRobotsOnBlackSite,numberOfRobotsOnWhiteSite
10759,25,19
timeStep,numberOfRobotsOnBlackSite,numberOfRobotsOnWhiteSite
10760,25,19
timeStep,numberOfRobotsOnBlackSite,numberOfRobotsOnWhiteSite
10761,25,19
timeStep,numberOfRobotsOnBlackSite,numberOfRobotsOnWhiteSite
10762,25,19
timeStep,numberOfRobotsOnBlackSite,numberOfRobotsOnWhiteSite
10763,25,19
timeStep,numberOfRobotsOnBlackSite,numberOfRobotsOnWhiteSite
10764,25,19
timeStep,numberOfRobotsOnBlackSite,numberOfRobotsOnWhiteSite
10765,25,19
timeStep,numberOfRobotsOnBlackSite,numberOfRobotsOnWhiteSite
10766,25,19
timeStep,numberOfRobotsOnBlackSite,numberOfRobotsOnWhiteSite
10767,25,19
timeStep,numberOfRobotsOnBlackSite,numberOfRobotsOnWhiteSite
10768,25,19
timeStep,numberOfRobotsOnBlackSite,numberOfRobotsOnWhiteSite
10769,25,19
timeStep,numberOfRobotsOnBlackSite,numberOfRobotsOnWhiteSite
10770,25,19
timeStep,numberOfRobotsOnBlackSite,numberOfRobotsOnWhiteSite
10771,25,19
timeStep,numberOfRobotsOnBlackSite,numberOfRobotsOnWhiteSite
10772,25,19
timeStep,numberOfRobotsOnBlackSite,numberOfRobotsOnWhiteSite
10773,25,19
timeStep,numberOfRobotsOnBlackSite,numberOfRobotsOnWhiteSite
10774,25,19
timeStep,numberOfRobotsOnBlackSite,numberOfRobotsOnWhiteSite
10775,25,19
timeStep,numberOfRobotsOnBlackSite,numberOfRobotsOnWhiteSite
10776,25,19
timeStep,numberOfRobotsOnBlackSite,numberOfRobotsOnWhiteSite
10777,25,19
timeStep,numberOfRobotsOnBlackSite,numberOfRobotsOnWhiteSite
10778,25,19
timeStep,numberOfRobotsOnBlackSite,numberOfRobotsOnWhiteSite
10779,25,19
timeStep,numberOfRobotsOnBlackSite,numberOfRobotsOnWhiteSite
10780,25,19
timeStep,numberOfRobotsOnBlackSite,numberOfRobotsOnWhiteSite
10781,25,19
timeStep,numberOfRobotsOnBlackSite,numberOfRobotsOnWhiteSite
10782,25,19
timeStep,numberOfRobotsOnBlackSite,numberOfRobotsOnWhiteSite
10783,25,19
timeStep,numberOfRobotsOnBlackSite,numberOfRobotsOnWhiteSite
10784,25,19
timeStep,numberOfRobotsOnBlackSite,numberOfRobotsOnWhiteSite
10785,25,19
timeStep,numberOfRobotsOnBlackSite,numberOfRobotsOnWhiteSite
10786,25,19
timeStep,numberOfRobotsOnBlackSite,numberOfRobotsOnWhiteSite
10787,25,19
timeStep,numberOfRobotsOnBlackSite,numberOfRobotsOnWhiteSite
10788,25,19
timeStep,numberOfRobotsOnBlackSite,numberOfRobotsOnWhiteSite
10789,25,19
timeStep,numberOfRobotsOnBlackSite,numberOfRobotsOnWhiteSite
10790,25,19
timeStep,numberOfRobotsOnBlackSite,numberOfRobotsOnWhiteSite
10791,25,19
timeStep,numberOfRobotsOnBlackSite,numberOfRobotsOnWhiteSite
10792,25,19
timeStep,numberOfRobotsOnBlackSite,numberOfRobotsOnWhiteSite
10793,25,19
timeStep,numberOfRobotsOnBlackSite,numberOfRobotsOnWhiteSite
10794,25,19
timeStep,numberOfRobotsOnBlackSite,numberOfRobotsOnWhiteSite
10795,25,19
timeStep,numberOfRobotsOnBlackSite,numberOfRobotsOnWhiteSite
10796,25,19
timeStep,numberOfRobotsOnBlackSite,numberOfRobotsOnWhiteSite
10797,25,19
timeStep,numberOfRobotsOnBlackSite,numberOfRobotsOnWhiteSite
10798,25,19
timeStep,numberOfRobotsOnBlackSite,numberOfRobotsOnWhiteSite
10799,25,19
timeStep,numberOfRobotsOnBlackSite,numberOfRobotsOnWhiteSite
10800,25,19
timeStep,numberOfRobotsOnBlackSite,numberOfRobotsOnWhiteSite
10801,25,19
timeStep,numberOfRobotsOnBlackSite,numberOfRobotsOnWhiteSite
10802,25,19
timeStep,numberOfRobotsOnBlackSite,numberOfRobotsOnWhiteSite
10803,25,19
timeStep,numberOfRobotsOnBlackSite,numberOfRobotsOnWhiteSite
10804,25,19
timeStep,numberOfRobotsOnBlackSite,numberOfRobotsOnWhiteSite
10805,25,19
timeStep,numberOfRobotsOnBlackSite,numberOfRobotsOnWhiteSite
10806,25,19
timeStep,numberOfRobotsOnBlackSite,numberOfRobotsOnWhiteSite
10807,25,19
timeStep,numberOfRobotsOnBlackSite,numberOfRobotsOnWhiteSite
10808,25,19
timeStep,numberOfRobotsOnBlackSite,numberOfRobotsOnWhiteSite
10809,25,19
timeStep,numberOfRobotsOnBlackSite,numberOfRobotsOnWhiteSite
10810,25,19
timeStep,numberOfRobotsOnBlackSite,numberOfRobotsOnWhiteSite
10811,25,19
timeStep,numberOfRobotsOnBlackSite,numberOfRobotsOnWhiteSite
10812,25,19
timeStep,numberOfRobotsOnBlackSite,numberOfRobotsOnWhiteSite
10813,25,19
timeStep,numberOfRobotsOnBlackSite,numberOfRobotsOnWhiteSite
10814,25,19
timeStep,numberOfRobotsOnBlackSite,numberOfRobotsOnWhiteSite
10815,25,19
timeStep,numberOfRobotsOnBlackSite,numberOfRobotsOnWhiteSite
10816,25,19
timeStep,numberOfRobotsOnBlackSite,numberOfRobotsOnWhiteSite
10817,25,19
timeStep,numberOfRobotsOnBlackSite,numberOfRobotsOnWhiteSite
10818,25,19
timeStep,numberOfRobotsOnBlackSite,numberOfRobotsOnWhiteSite
10819,25,19
timeStep,numberOfRobotsOnBlackSite,numberOfRobotsOnWhiteSite
10820,25,19
timeStep,numberOfRobotsOnBlackSite,numberOfRobotsOnWhiteSite
10821,25,19
timeStep,numberOfRobotsOnBlackSite,numberOfRobotsOnWhiteSite
10822,25,19
timeStep,numberOfRobotsOnBlackSite,numberOfRobotsOnWhiteSite
10823,25,19
timeStep,numberOfRobotsOnBlackSite,numberOfRobotsOnWhiteSite
10824,25,19
timeStep,numberOfRobotsOnBlackSite,numberOfRobotsOnWhiteSite
10825,25,19
timeStep,numberOfRobotsOnBlackSite,numberOfRobotsOnWhiteSite
10826,25,19
timeStep,numberOfRobotsOnBlackSite,numberOfRobotsOnWhiteSite
10827,25,19
timeStep,numberOfRobotsOnBlackSite,numberOfRobotsOnWhiteSite
10828,25,19
timeStep,numberOfRobotsOnBlackSite,numberOfRobotsOnWhiteSite
10829,25,19
timeStep,numberOfRobotsOnBlackSite,numberOfRobotsOnWhiteSite
10830,25,19
timeStep,numberOfRobotsOnBlackSite,numberOfRobotsOnWhiteSite
10831,25,19
timeStep,numberOfRobotsOnBlackSite,numberOfRobotsOnWhiteSite
10832,25,19
timeStep,numberOfRobotsOnBlackSite,numberOfRobotsOnWhiteSite
10833,25,19
timeStep,numberOfRobotsOnBlackSite,numberOfRobotsOnWhiteSite
10834,25,19
timeStep,numberOfRobotsOnBlackSite,numberOfRobotsOnWhiteSite
10835,25,19
timeStep,numberOfRobotsOnBlackSite,numberOfRobotsOnWhiteSite
10836,25,19
timeStep,numberOfRobotsOnBlackSite,numberOfRobotsOnWhiteSite
10837,25,19
timeStep,numberOfRobotsOnBlackSite,numberOfRobotsOnWhiteSite
10838,25,19
timeStep,numberOfRobotsOnBlackSite,numberOfRobotsOnWhiteSite
10839,25,19
timeStep,numberOfRobotsOnBlackSite,numberOfRobotsOnWhiteSite
10840,25,19
timeStep,numberOfRobotsOnBlackSite,numberOfRobotsOnWhiteSite
10841,25,19
timeStep,numberOfRobotsOnBlackSite,numberOfRobotsOnWhiteSite
10842,25,19
timeStep,numberOfRobotsOnBlackSite,numberOfRobotsOnWhiteSite
10843,25,19
timeStep,numberOfRobotsOnBlackSite,numberOfRobotsOnWhiteSite
10844,25,19
timeStep,numberOfRobotsOnBlackSite,numberOfRobotsOnWhiteSite
10845,25,19
timeStep,numberOfRobotsOnBlackSite,numberOfRobotsOnWhiteSite
10846,25,19
timeStep,numberOfRobotsOnBlackSite,numberOfRobotsOnWhiteSite
10847,25,19
timeStep,numberOfRobotsOnBlackSite,numberOfRobotsOnWhiteSite
10848,25,19
timeStep,numberOfRobotsOnBlackSite,numberOfRobotsOnWhiteSite
10849,25,19
timeStep,numberOfRobotsOnBlackSite,numberOfRobotsOnWhiteSite
10850,25,19
timeStep,numberOfRobotsOnBlackSite,numberOfRobotsOnWhiteSite
10851,25,19
timeStep,numberOfRobotsOnBlackSite,numberOfRobotsOnWhiteSite
10852,25,19
timeStep,numberOfRobotsOnBlackSite,numberOfRobotsOnWhiteSite
10853,25,19
timeStep,numberOfRobotsOnBlackSite,numberOfRobotsOnWhiteSite
10854,25,19
timeStep,numberOfRobotsOnBlackSite,numberOfRobotsOnWhiteSite
10855,24,19
timeStep,numberOfRobotsOnBlackSite,numberOfRobotsOnWhiteSite
10856,24,19
timeStep,numberOfRobotsOnBlackSite,numberOfRobotsOnWhiteSite
10857,24,19
timeStep,numberOfRobotsOnBlackSite,numberOfRobotsOnWhiteSite
10858,24,19
timeStep,numberOfRobotsOnBlackSite,numberOfRobotsOnWhiteSite
10859,24,19
timeStep,numberOfRobotsOnBlackSite,numberOfRobotsOnWhiteSite
10860,24,19
timeStep,numberOfRobotsOnBlackSite,numberOfRobotsOnWhiteSite
10861,24,19
timeStep,numberOfRobotsOnBlackSite,numberOfRobotsOnWhiteSite
10862,24,19
timeStep,numberOfRobotsOnBlackSite,numberOfRobotsOnWhiteSite
10863,24,19
timeStep,numberOfRobotsOnBlackSite,numberOfRobotsOnWhiteSite
10864,24,19
timeStep,numberOfRobotsOnBlackSite,numberOfRobotsOnWhiteSite
10865,24,19
timeStep,numberOfRobotsOnBlackSite,numberOfRobotsOnWhiteSite
10866,24,19
timeStep,numberOfRobotsOnBlackSite,numberOfRobotsOnWhiteSite
10867,24,19
timeStep,numberOfRobotsOnBlackSite,numberOfRobotsOnWhiteSite
10868,24,19
timeStep,numberOfRobotsOnBlackSite,numberOfRobotsOnWhiteSite
10869,24,19
timeStep,numberOfRobotsOnBlackSite,numberOfRobotsOnWhiteSite
10870,24,19
timeStep,numberOfRobotsOnBlackSite,numberOfRobotsOnWhiteSite
10871,24,19
timeStep,numberOfRobotsOnBlackSite,numberOfRobotsOnWhiteSite
10872,24,19
timeStep,numberOfRobotsOnBlackSite,numberOfRobotsOnWhiteSite
10873,24,19
timeStep,numberOfRobotsOnBlackSite,numberOfRobotsOnWhiteSite
10874,24,19
timeStep,numberOfRobotsOnBlackSite,numberOfRobotsOnWhiteSite
10875,24,19
timeStep,numberOfRobotsOnBlackSite,numberOfRobotsOnWhiteSite
10876,24,19
timeStep,numberOfRobotsOnBlackSite,numberOfRobotsOnWhiteSite
10877,24,19
timeStep,numberOfRobotsOnBlackSite,numberOfRobotsOnWhiteSite
10878,24,19
timeStep,numberOfRobotsOnBlackSite,numberOfRobotsOnWhiteSite
10879,24,19
timeStep,numberOfRobotsOnBlackSite,numberOfRobotsOnWhiteSite
10880,24,19
timeStep,numberOfRobotsOnBlackSite,numberOfRobotsOnWhiteSite
10881,24,19
timeStep,numberOfRobotsOnBlackSite,numberOfRobotsOnWhiteSite
10882,24,19
timeStep,numberOfRobotsOnBlackSite,numberOfRobotsOnWhiteSite
10883,24,19
timeStep,numberOfRobotsOnBlackSite,numberOfRobotsOnWhiteSite
10884,24,19
timeStep,numberOfRobotsOnBlackSite,numberOfRobotsOnWhiteSite
10885,24,19
timeStep,numberOfRobotsOnBlackSite,numberOfRobotsOnWhiteSite
10886,24,19
timeStep,numberOfRobotsOnBlackSite,numberOfRobotsOnWhiteSite
10887,24,19
timeStep,numberOfRobotsOnBlackSite,numberOfRobotsOnWhiteSite
10888,24,19
timeStep,numberOfRobotsOnBlackSite,numberOfRobotsOnWhiteSite
10889,24,19
timeStep,numberOfRobotsOnBlackSite,numberOfRobotsOnWhiteSite
10890,24,19
timeStep,numberOfRobotsOnBlackSite,numberOfRobotsOnWhiteSite
10891,24,19
timeStep,numberOfRobotsOnBlackSite,numberOfRobotsOnWhiteSite
10892,24,19
timeStep,numberOfRobotsOnBlackSite,numberOfRobotsOnWhiteSite
10893,24,19
timeStep,numberOfRobotsOnBlackSite,numberOfRobotsOnWhiteSite
10894,24,19
timeStep,numberOfRobotsOnBlackSite,numberOfRobotsOnWhiteSite
10895,24,19
timeStep,numberOfRobotsOnBlackSite,numberOfRobotsOnWhiteSite
10896,24,19
timeStep,numberOfRobotsOnBlackSite,numberOfRobotsOnWhiteSite
10897,24,19
timeStep,numberOfRobotsOnBlackSite,numberOfRobotsOnWhiteSite
10898,24,19
timeStep,numberOfRobotsOnBlackSite,numberOfRobotsOnWhiteSite
10899,24,19
timeStep,numberOfRobotsOnBlackSite,numberOfRobotsOnWhiteSite
10900,24,19
timeStep,numberOfRobotsOnBlackSite,numberOfRobotsOnWhiteSite
10901,24,19
timeStep,numberOfRobotsOnBlackSite,numberOfRobotsOnWhiteSite
10902,24,19
timeStep,numberOfRobotsOnBlackSite,numberOfRobotsOnWhiteSite
10903,24,19
timeStep,numberOfRobotsOnBlackSite,numberOfRobotsOnWhiteSite
10904,24,19
timeStep,numberOfRobotsOnBlackSite,numberOfRobotsOnWhiteSite
10905,24,19
timeStep,numberOfRobotsOnBlackSite,numberOfRobotsOnWhiteSite
10906,24,19
timeStep,numberOfRobotsOnBlackSite,numberOfRobotsOnWhiteSite
10907,24,19
timeStep,numberOfRobotsOnBlackSite,numberOfRobotsOnWhiteSite
10908,24,19
timeStep,numberOfRobotsOnBlackSite,numberOfRobotsOnWhiteSite
10909,24,19
timeStep,numberOfRobotsOnBlackSite,numberOfRobotsOnWhiteSite
10910,24,19
timeStep,numberOfRobotsOnBlackSite,numberOfRobotsOnWhiteSite
10911,24,19
timeStep,numberOfRobotsOnBlackSite,numberOfRobotsOnWhiteSite
10912,24,19
timeStep,numberOfRobotsOnBlackSite,numberOfRobotsOnWhiteSite
10913,24,19
timeStep,numberOfRobotsOnBlackSite,numberOfRobotsOnWhiteSite
10914,24,19
timeStep,numberOfRobotsOnBlackSite,numberOfRobotsOnWhiteSite
10915,24,19
timeStep,numberOfRobotsOnBlackSite,numberOfRobotsOnWhiteSite
10916,24,19
timeStep,numberOfRobotsOnBlackSite,numberOfRobotsOnWhiteSite
10917,24,19
timeStep,numberOfRobotsOnBlackSite,numberOfRobotsOnWhiteSite
10918,24,19
timeStep,numberOfRobotsOnBlackSite,numberOfRobotsOnWhiteSite
10919,24,19
timeStep,numberOfRobotsOnBlackSite,numberOfRobotsOnWhiteSite
10920,24,19
timeStep,numberOfRobotsOnBlackSite,numberOfRobotsOnWhiteSite
10921,24,19
timeStep,numberOfRobotsOnBlackSite,numberOfRobotsOnWhiteSite
10922,24,19
timeStep,numberOfRobotsOnBlackSite,numberOfRobotsOnWhiteSite
10923,24,19
timeStep,numberOfRobotsOnBlackSite,numberOfRobotsOnWhiteSite
10924,24,19
timeStep,numberOfRobotsOnBlackSite,numberOfRobotsOnWhiteSite
10925,24,19
timeStep,numberOfRobotsOnBlackSite,numberOfRobotsOnWhiteSite
10926,24,19
timeStep,numberOfRobotsOnBlackSite,numberOfRobotsOnWhiteSite
10927,24,19
timeStep,numberOfRobotsOnBlackSite,numberOfRobotsOnWhiteSite
10928,24,19
timeStep,numberOfRobotsOnBlackSite,numberOfRobotsOnWhiteSite
10929,24,19
timeStep,numberOfRobotsOnBlackSite,numberOfRobotsOnWhiteSite
10930,24,19
timeStep,numberOfRobotsOnBlackSite,numberOfRobotsOnWhiteSite
10931,24,19
timeStep,numberOfRobotsOnBlackSite,numberOfRobotsOnWhiteSite
10932,24,19
timeStep,numberOfRobotsOnBlackSite,numberOfRobotsOnWhiteSite
10933,24,19
timeStep,numberOfRobotsOnBlackSite,numberOfRobotsOnWhiteSite
10934,24,19
timeStep,numberOfRobotsOnBlackSite,numberOfRobotsOnWhiteSite
10935,24,19
timeStep,numberOfRobotsOnBlackSite,numberOfRobotsOnWhiteSite
10936,24,19
timeStep,numberOfRobotsOnBlackSite,numberOfRobotsOnWhiteSite
10937,24,19
timeStep,numberOfRobotsOnBlackSite,numberOfRobotsOnWhiteSite
10938,24,19
timeStep,numberOfRobotsOnBlackSite,numberOfRobotsOnWhiteSite
10939,24,19
timeStep,numberOfRobotsOnBlackSite,numberOfRobotsOnWhiteSite
10940,24,19
timeStep,numberOfRobotsOnBlackSite,numberOfRobotsOnWhiteSite
10941,24,19
timeStep,numberOfRobotsOnBlackSite,numberOfRobotsOnWhiteSite
10942,24,19
timeStep,numberOfRobotsOnBlackSite,numberOfRobotsOnWhiteSite
10943,24,19
timeStep,numberOfRobotsOnBlackSite,numberOfRobotsOnWhiteSite
10944,24,19
timeStep,numberOfRobotsOnBlackSite,numberOfRobotsOnWhiteSite
10945,24,19
timeStep,numberOfRobotsOnBlackSite,numberOfRobotsOnWhiteSite
10946,24,19
timeStep,numberOfRobotsOnBlackSite,numberOfRobotsOnWhiteSite
10947,24,19
timeStep,numberOfRobotsOnBlackSite,numberOfRobotsOnWhiteSite
10948,24,19
timeStep,numberOfRobotsOnBlackSite,numberOfRobotsOnWhiteSite
10949,24,19
timeStep,numberOfRobotsOnBlackSite,numberOfRobotsOnWhiteSite
10950,24,19
timeStep,numberOfRobotsOnBlackSite,numberOfRobotsOnWhiteSite
10951,24,19
timeStep,numberOfRobotsOnBlackSite,numberOfRobotsOnWhiteSite
10952,24,19
timeStep,numberOfRobotsOnBlackSite,numberOfRobotsOnWhiteSite
10953,24,19
timeStep,numberOfRobotsOnBlackSite,numberOfRobotsOnWhiteSite
10954,24,19
timeStep,numberOfRobotsOnBlackSite,numberOfRobotsOnWhiteSite
10955,24,19
timeStep,numberOfRobotsOnBlackSite,numberOfRobotsOnWhiteSite
10956,24,19
timeStep,numberOfRobotsOnBlackSite,numberOfRobotsOnWhiteSite
10957,24,19
timeStep,numberOfRobotsOnBlackSite,numberOfRobotsOnWhiteSite
10958,24,19
timeStep,numberOfRobotsOnBlackSite,numberOfRobotsOnWhiteSite
10959,24,19
timeStep,numberOfRobotsOnBlackSite,numberOfRobotsOnWhiteSite
10960,24,19
timeStep,numberOfRobotsOnBlackSite,numberOfRobotsOnWhiteSite
10961,24,19
timeStep,numberOfRobotsOnBlackSite,numberOfRobotsOnWhiteSite
10962,24,19
timeStep,numberOfRobotsOnBlackSite,numberOfRobotsOnWhiteSite
10963,24,19
timeStep,numberOfRobotsOnBlackSite,numberOfRobotsOnWhiteSite
10964,24,19
timeStep,numberOfRobotsOnBlackSite,numberOfRobotsOnWhiteSite
10965,24,19
timeStep,numberOfRobotsOnBlackSite,numberOfRobotsOnWhiteSite
10966,24,19
timeStep,numberOfRobotsOnBlackSite,numberOfRobotsOnWhiteSite
10967,24,19
timeStep,numberOfRobotsOnBlackSite,numberOfRobotsOnWhiteSite
10968,24,19
timeStep,numberOfRobotsOnBlackSite,numberOfRobotsOnWhiteSite
10969,24,19
timeStep,numberOfRobotsOnBlackSite,numberOfRobotsOnWhiteSite
10970,25,19
timeStep,numberOfRobotsOnBlackSite,numberOfRobotsOnWhiteSite
10971,25,19
timeStep,numberOfRobotsOnBlackSite,numberOfRobotsOnWhiteSite
10972,25,19
timeStep,numberOfRobotsOnBlackSite,numberOfRobotsOnWhiteSite
10973,25,19
timeStep,numberOfRobotsOnBlackSite,numberOfRobotsOnWhiteSite
10974,25,19
timeStep,numberOfRobotsOnBlackSite,numberOfRobotsOnWhiteSite
10975,25,19
timeStep,numberOfRobotsOnBlackSite,numberOfRobotsOnWhiteSite
10976,25,19
timeStep,numberOfRobotsOnBlackSite,numberOfRobotsOnWhiteSite
10977,25,19
timeStep,numberOfRobotsOnBlackSite,numberOfRobotsOnWhiteSite
10978,25,19
timeStep,numberOfRobotsOnBlackSite,numberOfRobotsOnWhiteSite
10979,25,19
timeStep,numberOfRobotsOnBlackSite,numberOfRobotsOnWhiteSite
10980,25,19
timeStep,numberOfRobotsOnBlackSite,numberOfRobotsOnWhiteSite
10981,25,19
timeStep,numberOfRobotsOnBlackSite,numberOfRobotsOnWhiteSite
10982,25,19
timeStep,numberOfRobotsOnBlackSite,numberOfRobotsOnWhiteSite
10983,25,19
timeStep,numberOfRobotsOnBlackSite,numberOfRobotsOnWhiteSite
10984,25,19
timeStep,numberOfRobotsOnBlackSite,numberOfRobotsOnWhiteSite
10985,24,19
timeStep,numberOfRobotsOnBlackSite,numberOfRobotsOnWhiteSite
10986,24,19
timeStep,numberOfRobotsOnBlackSite,numberOfRobotsOnWhiteSite
10987,24,19
timeStep,numberOfRobotsOnBlackSite,numberOfRobotsOnWhiteSite
10988,24,19
timeStep,numberOfRobotsOnBlackSite,numberOfRobotsOnWhiteSite
10989,24,19
timeStep,numberOfRobotsOnBlackSite,numberOfRobotsOnWhiteSite
10990,24,19
timeStep,numberOfRobotsOnBlackSite,numberOfRobotsOnWhiteSite
10991,24,19
timeStep,numberOfRobotsOnBlackSite,numberOfRobotsOnWhiteSite
10992,24,19
timeStep,numberOfRobotsOnBlackSite,numberOfRobotsOnWhiteSite
10993,24,19
timeStep,numberOfRobotsOnBlackSite,numberOfRobotsOnWhiteSite
10994,24,19
timeStep,numberOfRobotsOnBlackSite,numberOfRobotsOnWhiteSite
10995,24,19
timeStep,numberOfRobotsOnBlackSite,numberOfRobotsOnWhiteSite
10996,24,19
timeStep,numberOfRobotsOnBlackSite,numberOfRobotsOnWhiteSite
10997,24,19
timeStep,numberOfRobotsOnBlackSite,numberOfRobotsOnWhiteSite
10998,24,19
timeStep,numberOfRobotsOnBlackSite,numberOfRobotsOnWhiteSite
10999,24,19
timeStep,numberOfRobotsOnBlackSite,numberOfRobotsOnWhiteSite
11000,25,19
timeStep,numberOfRobotsOnBlackSite,numberOfRobotsOnWhiteSite
11001,25,19
timeStep,numberOfRobotsOnBlackSite,numberOfRobotsOnWhiteSite
11002,25,19
timeStep,numberOfRobotsOnBlackSite,numberOfRobotsOnWhiteSite
11003,25,19
timeStep,numberOfRobotsOnBlackSite,numberOfRobotsOnWhiteSite
11004,25,19
timeStep,numberOfRobotsOnBlackSite,numberOfRobotsOnWhiteSite
11005,25,19
timeStep,numberOfRobotsOnBlackSite,numberOfRobotsOnWhiteSite
11006,25,19
timeStep,numberOfRobotsOnBlackSite,numberOfRobotsOnWhiteSite
11007,25,19
timeStep,numberOfRobotsOnBlackSite,numberOfRobotsOnWhiteSite
11008,25,19
timeStep,numberOfRobotsOnBlackSite,numberOfRobotsOnWhiteSite
11009,25,19
timeStep,numberOfRobotsOnBlackSite,numberOfRobotsOnWhiteSite
11010,25,19
timeStep,numberOfRobotsOnBlackSite,numberOfRobotsOnWhiteSite
11011,25,19
timeStep,numberOfRobotsOnBlackSite,numberOfRobotsOnWhiteSite
11012,25,19
timeStep,numberOfRobotsOnBlackSite,numberOfRobotsOnWhiteSite
11013,25,19
timeStep,numberOfRobotsOnBlackSite,numberOfRobotsOnWhiteSite
11014,25,19
timeStep,numberOfRobotsOnBlackSite,numberOfRobotsOnWhiteSite
11015,25,19
timeStep,numberOfRobotsOnBlackSite,numberOfRobotsOnWhiteSite
11016,25,19
timeStep,numberOfRobotsOnBlackSite,numberOfRobotsOnWhiteSite
11017,25,19
timeStep,numberOfRobotsOnBlackSite,numberOfRobotsOnWhiteSite
11018,25,19
timeStep,numberOfRobotsOnBlackSite,numberOfRobotsOnWhiteSite
11019,25,19
timeStep,numberOfRobotsOnBlackSite,numberOfRobotsOnWhiteSite
11020,25,19
timeStep,numberOfRobotsOnBlackSite,numberOfRobotsOnWhiteSite
11021,25,19
timeStep,numberOfRobotsOnBlackSite,numberOfRobotsOnWhiteSite
11022,25,19
timeStep,numberOfRobotsOnBlackSite,numberOfRobotsOnWhiteSite
11023,25,19
timeStep,numberOfRobotsOnBlackSite,numberOfRobotsOnWhiteSite
11024,25,19
timeStep,numberOfRobotsOnBlackSite,numberOfRobotsOnWhiteSite
11025,25,19
timeStep,numberOfRobotsOnBlackSite,numberOfRobotsOnWhiteSite
11026,25,19
timeStep,numberOfRobotsOnBlackSite,numberOfRobotsOnWhiteSite
11027,25,19
timeStep,numberOfRobotsOnBlackSite,numberOfRobotsOnWhiteSite
11028,25,19
timeStep,numberOfRobotsOnBlackSite,numberOfRobotsOnWhiteSite
11029,25,19
timeStep,numberOfRobotsOnBlackSite,numberOfRobotsOnWhiteSite
11030,25,19
timeStep,numberOfRobotsOnBlackSite,numberOfRobotsOnWhiteSite
11031,25,19
timeStep,numberOfRobotsOnBlackSite,numberOfRobotsOnWhiteSite
11032,25,19
timeStep,numberOfRobotsOnBlackSite,numberOfRobotsOnWhiteSite
11033,25,19
timeStep,numberOfRobotsOnBlackSite,numberOfRobotsOnWhiteSite
11034,25,19
timeStep,numberOfRobotsOnBlackSite,numberOfRobotsOnWhiteSite
11035,25,19
timeStep,numberOfRobotsOnBlackSite,numberOfRobotsOnWhiteSite
11036,25,19
timeStep,numberOfRobotsOnBlackSite,numberOfRobotsOnWhiteSite
11037,25,19
timeStep,numberOfRobotsOnBlackSite,numberOfRobotsOnWhiteSite
11038,25,19
timeStep,numberOfRobotsOnBlackSite,numberOfRobotsOnWhiteSite
11039,25,19
timeStep,numberOfRobotsOnBlackSite,numberOfRobotsOnWhiteSite
11040,25,19
timeStep,numberOfRobotsOnBlackSite,numberOfRobotsOnWhiteSite
11041,25,19
timeStep,numberOfRobotsOnBlackSite,numberOfRobotsOnWhiteSite
11042,25,19
timeStep,numberOfRobotsOnBlackSite,numberOfRobotsOnWhiteSite
11043,25,19
timeStep,numberOfRobotsOnBlackSite,numberOfRobotsOnWhiteSite
11044,25,19
timeStep,numberOfRobotsOnBlackSite,numberOfRobotsOnWhiteSite
11045,25,19
timeStep,numberOfRobotsOnBlackSite,numberOfRobotsOnWhiteSite
11046,25,19
timeStep,numberOfRobotsOnBlackSite,numberOfRobotsOnWhiteSite
11047,25,19
timeStep,numberOfRobotsOnBlackSite,numberOfRobotsOnWhiteSite
11048,25,19
timeStep,numberOfRobotsOnBlackSite,numberOfRobotsOnWhiteSite
11049,25,19
timeStep,numberOfRobotsOnBlackSite,numberOfRobotsOnWhiteSite
11050,25,19
timeStep,numberOfRobotsOnBlackSite,numberOfRobotsOnWhiteSite
11051,25,19
timeStep,numberOfRobotsOnBlackSite,numberOfRobotsOnWhiteSite
11052,25,19
timeStep,numberOfRobotsOnBlackSite,numberOfRobotsOnWhiteSite
11053,25,19
timeStep,numberOfRobotsOnBlackSite,numberOfRobotsOnWhiteSite
11054,25,19
timeStep,numberOfRobotsOnBlackSite,numberOfRobotsOnWhiteSite
11055,25,19
timeStep,numberOfRobotsOnBlackSite,numberOfRobotsOnWhiteSite
11056,25,19
timeStep,numberOfRobotsOnBlackSite,numberOfRobotsOnWhiteSite
11057,25,19
timeStep,numberOfRobotsOnBlackSite,numberOfRobotsOnWhiteSite
11058,25,19
timeStep,numberOfRobotsOnBlackSite,numberOfRobotsOnWhiteSite
11059,25,19
timeStep,numberOfRobotsOnBlackSite,numberOfRobotsOnWhiteSite
11060,25,19
timeStep,numberOfRobotsOnBlackSite,numberOfRobotsOnWhiteSite
11061,25,19
timeStep,numberOfRobotsOnBlackSite,numberOfRobotsOnWhiteSite
11062,25,19
timeStep,numberOfRobotsOnBlackSite,numberOfRobotsOnWhiteSite
11063,25,19
timeStep,numberOfRobotsOnBlackSite,numberOfRobotsOnWhiteSite
11064,25,19
timeStep,numberOfRobotsOnBlackSite,numberOfRobotsOnWhiteSite
11065,25,19
timeStep,numberOfRobotsOnBlackSite,numberOfRobotsOnWhiteSite
11066,25,19
timeStep,numberOfRobotsOnBlackSite,numberOfRobotsOnWhiteSite
11067,25,19
timeStep,numberOfRobotsOnBlackSite,numberOfRobotsOnWhiteSite
11068,25,19
timeStep,numberOfRobotsOnBlackSite,numberOfRobotsOnWhiteSite
11069,25,19
timeStep,numberOfRobotsOnBlackSite,numberOfRobotsOnWhiteSite
11070,25,19
timeStep,numberOfRobotsOnBlackSite,numberOfRobotsOnWhiteSite
11071,25,19
timeStep,numberOfRobotsOnBlackSite,numberOfRobotsOnWhiteSite
11072,25,19
timeStep,numberOfRobotsOnBlackSite,numberOfRobotsOnWhiteSite
11073,25,19
timeStep,numberOfRobotsOnBlackSite,numberOfRobotsOnWhiteSite
11074,25,19
timeStep,numberOfRobotsOnBlackSite,numberOfRobotsOnWhiteSite
11075,25,19
timeStep,numberOfRobotsOnBlackSite,numberOfRobotsOnWhiteSite
11076,25,19
timeStep,numberOfRobotsOnBlackSite,numberOfRobotsOnWhiteSite
11077,25,19
timeStep,numberOfRobotsOnBlackSite,numberOfRobotsOnWhiteSite
11078,25,19
timeStep,numberOfRobotsOnBlackSite,numberOfRobotsOnWhiteSite
11079,25,19
timeStep,numberOfRobotsOnBlackSite,numberOfRobotsOnWhiteSite
11080,25,19
timeStep,numberOfRobotsOnBlackSite,numberOfRobotsOnWhiteSite
11081,25,19
timeStep,numberOfRobotsOnBlackSite,numberOfRobotsOnWhiteSite
11082,25,19
timeStep,numberOfRobotsOnBlackSite,numberOfRobotsOnWhiteSite
11083,25,19
timeStep,numberOfRobotsOnBlackSite,numberOfRobotsOnWhiteSite
11084,25,19
timeStep,numberOfRobotsOnBlackSite,numberOfRobotsOnWhiteSite
11085,25,19
timeStep,numberOfRobotsOnBlackSite,numberOfRobotsOnWhiteSite
11086,25,19
timeStep,numberOfRobotsOnBlackSite,numberOfRobotsOnWhiteSite
11087,25,19
timeStep,numberOfRobotsOnBlackSite,numberOfRobotsOnWhiteSite
11088,25,19
timeStep,numberOfRobotsOnBlackSite,numberOfRobotsOnWhiteSite
11089,25,19
timeStep,numberOfRobotsOnBlackSite,numberOfRobotsOnWhiteSite
11090,25,19
timeStep,numberOfRobotsOnBlackSite,numberOfRobotsOnWhiteSite
11091,25,19
timeStep,numberOfRobotsOnBlackSite,numberOfRobotsOnWhiteSite
11092,25,19
timeStep,numberOfRobotsOnBlackSite,numberOfRobotsOnWhiteSite
11093,25,19
timeStep,numberOfRobotsOnBlackSite,numberOfRobotsOnWhiteSite
11094,25,19
timeStep,numberOfRobotsOnBlackSite,numberOfRobotsOnWhiteSite
11095,25,19
timeStep,numberOfRobotsOnBlackSite,numberOfRobotsOnWhiteSite
11096,25,19
timeStep,numberOfRobotsOnBlackSite,numberOfRobotsOnWhiteSite
11097,25,19
timeStep,numberOfRobotsOnBlackSite,numberOfRobotsOnWhiteSite
11098,25,19
timeStep,numberOfRobotsOnBlackSite,numberOfRobotsOnWhiteSite
11099,25,19
timeStep,numberOfRobotsOnBlackSite,numberOfRobotsOnWhiteSite
11100,25,19
timeStep,numberOfRobotsOnBlackSite,numberOfRobotsOnWhiteSite
11101,25,19
timeStep,numberOfRobotsOnBlackSite,numberOfRobotsOnWhiteSite
11102,25,19
timeStep,numberOfRobotsOnBlackSite,numberOfRobotsOnWhiteSite
11103,25,19
timeStep,numberOfRobotsOnBlackSite,numberOfRobotsOnWhiteSite
11104,25,19
timeStep,numberOfRobotsOnBlackSite,numberOfRobotsOnWhiteSite
11105,25,19
timeStep,numberOfRobotsOnBlackSite,numberOfRobotsOnWhiteSite
11106,25,19
timeStep,numberOfRobotsOnBlackSite,numberOfRobotsOnWhiteSite
11107,25,19
timeStep,numberOfRobotsOnBlackSite,numberOfRobotsOnWhiteSite
11108,25,19
timeStep,numberOfRobotsOnBlackSite,numberOfRobotsOnWhiteSite
11109,25,19
timeStep,numberOfRobotsOnBlackSite,numberOfRobotsOnWhiteSite
11110,25,19
timeStep,numberOfRobotsOnBlackSite,numberOfRobotsOnWhiteSite
11111,25,19
timeStep,numberOfRobotsOnBlackSite,numberOfRobotsOnWhiteSite
11112,25,19
timeStep,numberOfRobotsOnBlackSite,numberOfRobotsOnWhiteSite
11113,25,19
timeStep,numberOfRobotsOnBlackSite,numberOfRobotsOnWhiteSite
11114,25,19
timeStep,numberOfRobotsOnBlackSite,numberOfRobotsOnWhiteSite
11115,25,19
timeStep,numberOfRobotsOnBlackSite,numberOfRobotsOnWhiteSite
11116,25,19
timeStep,numberOfRobotsOnBlackSite,numberOfRobotsOnWhiteSite
11117,25,19
timeStep,numberOfRobotsOnBlackSite,numberOfRobotsOnWhiteSite
11118,25,19
timeStep,numberOfRobotsOnBlackSite,numberOfRobotsOnWhiteSite
11119,25,19
timeStep,numberOfRobotsOnBlackSite,numberOfRobotsOnWhiteSite
11120,25,19
timeStep,numberOfRobotsOnBlackSite,numberOfRobotsOnWhiteSite
11121,25,19
timeStep,numberOfRobotsOnBlackSite,numberOfRobotsOnWhiteSite
11122,25,19
timeStep,numberOfRobotsOnBlackSite,numberOfRobotsOnWhiteSite
11123,25,19
timeStep,numberOfRobotsOnBlackSite,numberOfRobotsOnWhiteSite
11124,25,19
timeStep,numberOfRobotsOnBlackSite,numberOfRobotsOnWhiteSite
11125,25,19
timeStep,numberOfRobotsOnBlackSite,numberOfRobotsOnWhiteSite
11126,25,19
timeStep,numberOfRobotsOnBlackSite,numberOfRobotsOnWhiteSite
11127,25,19
timeStep,numberOfRobotsOnBlackSite,numberOfRobotsOnWhiteSite
11128,25,19
timeStep,numberOfRobotsOnBlackSite,numberOfRobotsOnWhiteSite
11129,25,19
timeStep,numberOfRobotsOnBlackSite,numberOfRobotsOnWhiteSite
11130,25,19
timeStep,numberOfRobotsOnBlackSite,numberOfRobotsOnWhiteSite
11131,25,19
timeStep,numberOfRobotsOnBlackSite,numberOfRobotsOnWhiteSite
11132,25,19
timeStep,numberOfRobotsOnBlackSite,numberOfRobotsOnWhiteSite
11133,25,19
timeStep,numberOfRobotsOnBlackSite,numberOfRobotsOnWhiteSite
11134,25,19
timeStep,numberOfRobotsOnBlackSite,numberOfRobotsOnWhiteSite
11135,25,19
timeStep,numberOfRobotsOnBlackSite,numberOfRobotsOnWhiteSite
11136,25,19
timeStep,numberOfRobotsOnBlackSite,numberOfRobotsOnWhiteSite
11137,25,19
timeStep,numberOfRobotsOnBlackSite,numberOfRobotsOnWhiteSite
11138,25,19
timeStep,numberOfRobotsOnBlackSite,numberOfRobotsOnWhiteSite
11139,25,19
timeStep,numberOfRobotsOnBlackSite,numberOfRobotsOnWhiteSite
11140,25,19
timeStep,numberOfRobotsOnBlackSite,numberOfRobotsOnWhiteSite
11141,25,19
timeStep,numberOfRobotsOnBlackSite,numberOfRobotsOnWhiteSite
11142,25,19
timeStep,numberOfRobotsOnBlackSite,numberOfRobotsOnWhiteSite
11143,25,19
timeStep,numberOfRobotsOnBlackSite,numberOfRobotsOnWhiteSite
11144,25,19
timeStep,numberOfRobotsOnBlackSite,numberOfRobotsOnWhiteSite
11145,25,19
timeStep,numberOfRobotsOnBlackSite,numberOfRobotsOnWhiteSite
11146,25,19
timeStep,numberOfRobotsOnBlackSite,numberOfRobotsOnWhiteSite
11147,25,19
timeStep,numberOfRobotsOnBlackSite,numberOfRobotsOnWhiteSite
11148,25,19
timeStep,numberOfRobotsOnBlackSite,numberOfRobotsOnWhiteSite
11149,25,19
timeStep,numberOfRobotsOnBlackSite,numberOfRobotsOnWhiteSite
11150,25,19
timeStep,numberOfRobotsOnBlackSite,numberOfRobotsOnWhiteSite
11151,25,19
timeStep,numberOfRobotsOnBlackSite,numberOfRobotsOnWhiteSite
11152,25,19
timeStep,numberOfRobotsOnBlackSite,numberOfRobotsOnWhiteSite
11153,25,19
timeStep,numberOfRobotsOnBlackSite,numberOfRobotsOnWhiteSite
11154,25,19
timeStep,numberOfRobotsOnBlackSite,numberOfRobotsOnWhiteSite
11155,25,19
timeStep,numberOfRobotsOnBlackSite,numberOfRobotsOnWhiteSite
11156,25,19
timeStep,numberOfRobotsOnBlackSite,numberOfRobotsOnWhiteSite
11157,25,19
timeStep,numberOfRobotsOnBlackSite,numberOfRobotsOnWhiteSite
11158,25,19
timeStep,numberOfRobotsOnBlackSite,numberOfRobotsOnWhiteSite
11159,25,19
timeStep,numberOfRobotsOnBlackSite,numberOfRobotsOnWhiteSite
11160,25,19
timeStep,numberOfRobotsOnBlackSite,numberOfRobotsOnWhiteSite
11161,25,19
timeStep,numberOfRobotsOnBlackSite,numberOfRobotsOnWhiteSite
11162,25,19
timeStep,numberOfRobotsOnBlackSite,numberOfRobotsOnWhiteSite
11163,25,19
timeStep,numberOfRobotsOnBlackSite,numberOfRobotsOnWhiteSite
11164,25,19
timeStep,numberOfRobotsOnBlackSite,numberOfRobotsOnWhiteSite
11165,25,19
timeStep,numberOfRobotsOnBlackSite,numberOfRobotsOnWhiteSite
11166,25,19
timeStep,numberOfRobotsOnBlackSite,numberOfRobotsOnWhiteSite
11167,25,19
timeStep,numberOfRobotsOnBlackSite,numberOfRobotsOnWhiteSite
11168,25,19
timeStep,numberOfRobotsOnBlackSite,numberOfRobotsOnWhiteSite
11169,25,19
timeStep,numberOfRobotsOnBlackSite,numberOfRobotsOnWhiteSite
11170,25,19
timeStep,numberOfRobotsOnBlackSite,numberOfRobotsOnWhiteSite
11171,25,19
timeStep,numberOfRobotsOnBlackSite,numberOfRobotsOnWhiteSite
11172,25,19
timeStep,numberOfRobotsOnBlackSite,numberOfRobotsOnWhiteSite
11173,25,19
timeStep,numberOfRobotsOnBlackSite,numberOfRobotsOnWhiteSite
11174,25,19
timeStep,numberOfRobotsOnBlackSite,numberOfRobotsOnWhiteSite
11175,25,19
timeStep,numberOfRobotsOnBlackSite,numberOfRobotsOnWhiteSite
11176,25,19
timeStep,numberOfRobotsOnBlackSite,numberOfRobotsOnWhiteSite
11177,25,19
timeStep,numberOfRobotsOnBlackSite,numberOfRobotsOnWhiteSite
11178,25,19
timeStep,numberOfRobotsOnBlackSite,numberOfRobotsOnWhiteSite
11179,25,19
timeStep,numberOfRobotsOnBlackSite,numberOfRobotsOnWhiteSite
11180,25,19
timeStep,numberOfRobotsOnBlackSite,numberOfRobotsOnWhiteSite
11181,25,19
timeStep,numberOfRobotsOnBlackSite,numberOfRobotsOnWhiteSite
11182,25,19
timeStep,numberOfRobotsOnBlackSite,numberOfRobotsOnWhiteSite
11183,25,19
timeStep,numberOfRobotsOnBlackSite,numberOfRobotsOnWhiteSite
11184,25,19
timeStep,numberOfRobotsOnBlackSite,numberOfRobotsOnWhiteSite
11185,25,19
timeStep,numberOfRobotsOnBlackSite,numberOfRobotsOnWhiteSite
11186,25,19
timeStep,numberOfRobotsOnBlackSite,numberOfRobotsOnWhiteSite
11187,25,19
timeStep,numberOfRobotsOnBlackSite,numberOfRobotsOnWhiteSite
11188,25,19
timeStep,numberOfRobotsOnBlackSite,numberOfRobotsOnWhiteSite
11189,25,19
timeStep,numberOfRobotsOnBlackSite,numberOfRobotsOnWhiteSite
11190,25,19
timeStep,numberOfRobotsOnBlackSite,numberOfRobotsOnWhiteSite
11191,25,19
timeStep,numberOfRobotsOnBlackSite,numberOfRobotsOnWhiteSite
11192,25,19
timeStep,numberOfRobotsOnBlackSite,numberOfRobotsOnWhiteSite
11193,25,19
timeStep,numberOfRobotsOnBlackSite,numberOfRobotsOnWhiteSite
11194,25,19
timeStep,numberOfRobotsOnBlackSite,numberOfRobotsOnWhiteSite
11195,26,19
timeStep,numberOfRobotsOnBlackSite,numberOfRobotsOnWhiteSite
11196,26,19
timeStep,numberOfRobotsOnBlackSite,numberOfRobotsOnWhiteSite
11197,26,19
timeStep,numberOfRobotsOnBlackSite,numberOfRobotsOnWhiteSite
11198,26,19
timeStep,numberOfRobotsOnBlackSite,numberOfRobotsOnWhiteSite
11199,26,19
timeStep,numberOfRobotsOnBlackSite,numberOfRobotsOnWhiteSite
11200,26,19
timeStep,numberOfRobotsOnBlackSite,numberOfRobotsOnWhiteSite
11201,26,19
timeStep,numberOfRobotsOnBlackSite,numberOfRobotsOnWhiteSite
11202,26,19
timeStep,numberOfRobotsOnBlackSite,numberOfRobotsOnWhiteSite
11203,26,19
timeStep,numberOfRobotsOnBlackSite,numberOfRobotsOnWhiteSite
11204,26,19
timeStep,numberOfRobotsOnBlackSite,numberOfRobotsOnWhiteSite
11205,26,19
timeStep,numberOfRobotsOnBlackSite,numberOfRobotsOnWhiteSite
11206,26,19
timeStep,numberOfRobotsOnBlackSite,numberOfRobotsOnWhiteSite
11207,26,19
timeStep,numberOfRobotsOnBlackSite,numberOfRobotsOnWhiteSite
11208,26,19
timeStep,numberOfRobotsOnBlackSite,numberOfRobotsOnWhiteSite
11209,26,19
timeStep,numberOfRobotsOnBlackSite,numberOfRobotsOnWhiteSite
11210,26,19
timeStep,numberOfRobotsOnBlackSite,numberOfRobotsOnWhiteSite
11211,26,19
timeStep,numberOfRobotsOnBlackSite,numberOfRobotsOnWhiteSite
11212,26,19
timeStep,numberOfRobotsOnBlackSite,numberOfRobotsOnWhiteSite
11213,26,19
timeStep,numberOfRobotsOnBlackSite,numberOfRobotsOnWhiteSite
11214,26,19
timeStep,numberOfRobotsOnBlackSite,numberOfRobotsOnWhiteSite
11215,26,19
timeStep,numberOfRobotsOnBlackSite,numberOfRobotsOnWhiteSite
11216,26,19
timeStep,numberOfRobotsOnBlackSite,numberOfRobotsOnWhiteSite
11217,26,19
timeStep,numberOfRobotsOnBlackSite,numberOfRobotsOnWhiteSite
11218,26,19
timeStep,numberOfRobotsOnBlackSite,numberOfRobotsOnWhiteSite
11219,26,19
timeStep,numberOfRobotsOnBlackSite,numberOfRobotsOnWhiteSite
11220,26,19
timeStep,numberOfRobotsOnBlackSite,numberOfRobotsOnWhiteSite
11221,26,19
timeStep,numberOfRobotsOnBlackSite,numberOfRobotsOnWhiteSite
11222,26,19
timeStep,numberOfRobotsOnBlackSite,numberOfRobotsOnWhiteSite
11223,26,19
timeStep,numberOfRobotsOnBlackSite,numberOfRobotsOnWhiteSite
11224,26,19
timeStep,numberOfRobotsOnBlackSite,numberOfRobotsOnWhiteSite
11225,26,19
timeStep,numberOfRobotsOnBlackSite,numberOfRobotsOnWhiteSite
11226,26,19
timeStep,numberOfRobotsOnBlackSite,numberOfRobotsOnWhiteSite
11227,26,19
timeStep,numberOfRobotsOnBlackSite,numberOfRobotsOnWhiteSite
11228,26,19
timeStep,numberOfRobotsOnBlackSite,numberOfRobotsOnWhiteSite
11229,26,19
timeStep,numberOfRobotsOnBlackSite,numberOfRobotsOnWhiteSite
11230,26,19
timeStep,numberOfRobotsOnBlackSite,numberOfRobotsOnWhiteSite
11231,26,19
timeStep,numberOfRobotsOnBlackSite,numberOfRobotsOnWhiteSite
11232,26,19
timeStep,numberOfRobotsOnBlackSite,numberOfRobotsOnWhiteSite
11233,26,19
timeStep,numberOfRobotsOnBlackSite,numberOfRobotsOnWhiteSite
11234,26,19
timeStep,numberOfRobotsOnBlackSite,numberOfRobotsOnWhiteSite
11235,26,19
timeStep,numberOfRobotsOnBlackSite,numberOfRobotsOnWhiteSite
11236,26,19
timeStep,numberOfRobotsOnBlackSite,numberOfRobotsOnWhiteSite
11237,26,19
timeStep,numberOfRobotsOnBlackSite,numberOfRobotsOnWhiteSite
11238,26,19
timeStep,numberOfRobotsOnBlackSite,numberOfRobotsOnWhiteSite
11239,26,19
timeStep,numberOfRobotsOnBlackSite,numberOfRobotsOnWhiteSite
11240,26,19
timeStep,numberOfRobotsOnBlackSite,numberOfRobotsOnWhiteSite
11241,26,19
timeStep,numberOfRobotsOnBlackSite,numberOfRobotsOnWhiteSite
11242,26,19
timeStep,numberOfRobotsOnBlackSite,numberOfRobotsOnWhiteSite
11243,26,19
timeStep,numberOfRobotsOnBlackSite,numberOfRobotsOnWhiteSite
11244,26,19
timeStep,numberOfRobotsOnBlackSite,numberOfRobotsOnWhiteSite
11245,26,19
timeStep,numberOfRobotsOnBlackSite,numberOfRobotsOnWhiteSite
11246,26,19
timeStep,numberOfRobotsOnBlackSite,numberOfRobotsOnWhiteSite
11247,26,19
timeStep,numberOfRobotsOnBlackSite,numberOfRobotsOnWhiteSite
11248,26,19
timeStep,numberOfRobotsOnBlackSite,numberOfRobotsOnWhiteSite
11249,26,19
timeStep,numberOfRobotsOnBlackSite,numberOfRobotsOnWhiteSite
11250,26,19
timeStep,numberOfRobotsOnBlackSite,numberOfRobotsOnWhiteSite
11251,26,19
timeStep,numberOfRobotsOnBlackSite,numberOfRobotsOnWhiteSite
11252,26,19
timeStep,numberOfRobotsOnBlackSite,numberOfRobotsOnWhiteSite
11253,26,19
timeStep,numberOfRobotsOnBlackSite,numberOfRobotsOnWhiteSite
11254,26,19
timeStep,numberOfRobotsOnBlackSite,numberOfRobotsOnWhiteSite
11255,26,19
timeStep,numberOfRobotsOnBlackSite,numberOfRobotsOnWhiteSite
11256,26,19
timeStep,numberOfRobotsOnBlackSite,numberOfRobotsOnWhiteSite
11257,26,19
timeStep,numberOfRobotsOnBlackSite,numberOfRobotsOnWhiteSite
11258,26,19
timeStep,numberOfRobotsOnBlackSite,numberOfRobotsOnWhiteSite
11259,26,19
timeStep,numberOfRobotsOnBlackSite,numberOfRobotsOnWhiteSite
11260,26,19
timeStep,numberOfRobotsOnBlackSite,numberOfRobotsOnWhiteSite
11261,26,19
timeStep,numberOfRobotsOnBlackSite,numberOfRobotsOnWhiteSite
11262,26,19
timeStep,numberOfRobotsOnBlackSite,numberOfRobotsOnWhiteSite
11263,26,19
timeStep,numberOfRobotsOnBlackSite,numberOfRobotsOnWhiteSite
11264,26,19
timeStep,numberOfRobotsOnBlackSite,numberOfRobotsOnWhiteSite
11265,26,19
timeStep,numberOfRobotsOnBlackSite,numberOfRobotsOnWhiteSite
11266,26,19
timeStep,numberOfRobotsOnBlackSite,numberOfRobotsOnWhiteSite
11267,26,19
timeStep,numberOfRobotsOnBlackSite,numberOfRobotsOnWhiteSite
11268,26,19
timeStep,numberOfRobotsOnBlackSite,numberOfRobotsOnWhiteSite
11269,26,19
timeStep,numberOfRobotsOnBlackSite,numberOfRobotsOnWhiteSite
11270,26,19
timeStep,numberOfRobotsOnBlackSite,numberOfRobotsOnWhiteSite
11271,26,19
timeStep,numberOfRobotsOnBlackSite,numberOfRobotsOnWhiteSite
11272,26,19
timeStep,numberOfRobotsOnBlackSite,numberOfRobotsOnWhiteSite
11273,26,19
timeStep,numberOfRobotsOnBlackSite,numberOfRobotsOnWhiteSite
11274,26,19
timeStep,numberOfRobotsOnBlackSite,numberOfRobotsOnWhiteSite
11275,26,19
timeStep,numberOfRobotsOnBlackSite,numberOfRobotsOnWhiteSite
11276,26,19
timeStep,numberOfRobotsOnBlackSite,numberOfRobotsOnWhiteSite
11277,26,19
timeStep,numberOfRobotsOnBlackSite,numberOfRobotsOnWhiteSite
11278,26,19
timeStep,numberOfRobotsOnBlackSite,numberOfRobotsOnWhiteSite
11279,26,19
timeStep,numberOfRobotsOnBlackSite,numberOfRobotsOnWhiteSite
11280,26,19
timeStep,numberOfRobotsOnBlackSite,numberOfRobotsOnWhiteSite
11281,26,19
timeStep,numberOfRobotsOnBlackSite,numberOfRobotsOnWhiteSite
11282,26,19
timeStep,numberOfRobotsOnBlackSite,numberOfRobotsOnWhiteSite
11283,26,19
timeStep,numberOfRobotsOnBlackSite,numberOfRobotsOnWhiteSite
11284,26,19
timeStep,numberOfRobotsOnBlackSite,numberOfRobotsOnWhiteSite
11285,26,19
timeStep,numberOfRobotsOnBlackSite,numberOfRobotsOnWhiteSite
11286,26,19
timeStep,numberOfRobotsOnBlackSite,numberOfRobotsOnWhiteSite
11287,26,19
timeStep,numberOfRobotsOnBlackSite,numberOfRobotsOnWhiteSite
11288,26,19
timeStep,numberOfRobotsOnBlackSite,numberOfRobotsOnWhiteSite
11289,26,19
timeStep,numberOfRobotsOnBlackSite,numberOfRobotsOnWhiteSite
11290,26,19
timeStep,numberOfRobotsOnBlackSite,numberOfRobotsOnWhiteSite
11291,26,19
timeStep,numberOfRobotsOnBlackSite,numberOfRobotsOnWhiteSite
11292,26,19
timeStep,numberOfRobotsOnBlackSite,numberOfRobotsOnWhiteSite
11293,26,19
timeStep,numberOfRobotsOnBlackSite,numberOfRobotsOnWhiteSite
11294,26,19
timeStep,numberOfRobotsOnBlackSite,numberOfRobotsOnWhiteSite
11295,26,19
timeStep,numberOfRobotsOnBlackSite,numberOfRobotsOnWhiteSite
11296,26,19
timeStep,numberOfRobotsOnBlackSite,numberOfRobotsOnWhiteSite
11297,26,19
timeStep,numberOfRobotsOnBlackSite,numberOfRobotsOnWhiteSite
11298,26,19
timeStep,numberOfRobotsOnBlackSite,numberOfRobotsOnWhiteSite
11299,26,19
timeStep,numberOfRobotsOnBlackSite,numberOfRobotsOnWhiteSite
11300,26,19
timeStep,numberOfRobotsOnBlackSite,numberOfRobotsOnWhiteSite
11301,26,19
timeStep,numberOfRobotsOnBlackSite,numberOfRobotsOnWhiteSite
11302,26,19
timeStep,numberOfRobotsOnBlackSite,numberOfRobotsOnWhiteSite
11303,26,19
timeStep,numberOfRobotsOnBlackSite,numberOfRobotsOnWhiteSite
11304,26,19
timeStep,numberOfRobotsOnBlackSite,numberOfRobotsOnWhiteSite
11305,26,19
timeStep,numberOfRobotsOnBlackSite,numberOfRobotsOnWhiteSite
11306,26,19
timeStep,numberOfRobotsOnBlackSite,numberOfRobotsOnWhiteSite
11307,26,19
timeStep,numberOfRobotsOnBlackSite,numberOfRobotsOnWhiteSite
11308,26,19
timeStep,numberOfRobotsOnBlackSite,numberOfRobotsOnWhiteSite
11309,26,19
timeStep,numberOfRobotsOnBlackSite,numberOfRobotsOnWhiteSite
11310,26,19
timeStep,numberOfRobotsOnBlackSite,numberOfRobotsOnWhiteSite
11311,26,19
timeStep,numberOfRobotsOnBlackSite,numberOfRobotsOnWhiteSite
11312,26,19
timeStep,numberOfRobotsOnBlackSite,numberOfRobotsOnWhiteSite
11313,26,19
timeStep,numberOfRobotsOnBlackSite,numberOfRobotsOnWhiteSite
11314,26,19
timeStep,numberOfRobotsOnBlackSite,numberOfRobotsOnWhiteSite
11315,26,19
timeStep,numberOfRobotsOnBlackSite,numberOfRobotsOnWhiteSite
11316,26,19
timeStep,numberOfRobotsOnBlackSite,numberOfRobotsOnWhiteSite
11317,26,19
timeStep,numberOfRobotsOnBlackSite,numberOfRobotsOnWhiteSite
11318,26,19
timeStep,numberOfRobotsOnBlackSite,numberOfRobotsOnWhiteSite
11319,26,19
timeStep,numberOfRobotsOnBlackSite,numberOfRobotsOnWhiteSite
11320,26,19
timeStep,numberOfRobotsOnBlackSite,numberOfRobotsOnWhiteSite
11321,26,19
timeStep,numberOfRobotsOnBlackSite,numberOfRobotsOnWhiteSite
11322,26,19
timeStep,numberOfRobotsOnBlackSite,numberOfRobotsOnWhiteSite
11323,26,19
timeStep,numberOfRobotsOnBlackSite,numberOfRobotsOnWhiteSite
11324,26,19
timeStep,numberOfRobotsOnBlackSite,numberOfRobotsOnWhiteSite
11325,26,19
timeStep,numberOfRobotsOnBlackSite,numberOfRobotsOnWhiteSite
11326,26,19
timeStep,numberOfRobotsOnBlackSite,numberOfRobotsOnWhiteSite
11327,26,19
timeStep,numberOfRobotsOnBlackSite,numberOfRobotsOnWhiteSite
11328,26,19
timeStep,numberOfRobotsOnBlackSite,numberOfRobotsOnWhiteSite
11329,26,19
timeStep,numberOfRobotsOnBlackSite,numberOfRobotsOnWhiteSite
11330,26,19
timeStep,numberOfRobotsOnBlackSite,numberOfRobotsOnWhiteSite
11331,26,19
timeStep,numberOfRobotsOnBlackSite,numberOfRobotsOnWhiteSite
11332,26,19
timeStep,numberOfRobotsOnBlackSite,numberOfRobotsOnWhiteSite
11333,26,19
timeStep,numberOfRobotsOnBlackSite,numberOfRobotsOnWhiteSite
11334,26,19
timeStep,numberOfRobotsOnBlackSite,numberOfRobotsOnWhiteSite
11335,26,19
timeStep,numberOfRobotsOnBlackSite,numberOfRobotsOnWhiteSite
11336,26,19
timeStep,numberOfRobotsOnBlackSite,numberOfRobotsOnWhiteSite
11337,26,19
timeStep,numberOfRobotsOnBlackSite,numberOfRobotsOnWhiteSite
11338,26,19
timeStep,numberOfRobotsOnBlackSite,numberOfRobotsOnWhiteSite
11339,26,19
timeStep,numberOfRobotsOnBlackSite,numberOfRobotsOnWhiteSite
11340,26,19
timeStep,numberOfRobotsOnBlackSite,numberOfRobotsOnWhiteSite
11341,26,19
timeStep,numberOfRobotsOnBlackSite,numberOfRobotsOnWhiteSite
11342,26,19
timeStep,numberOfRobotsOnBlackSite,numberOfRobotsOnWhiteSite
11343,26,19
timeStep,numberOfRobotsOnBlackSite,numberOfRobotsOnWhiteSite
11344,26,19
timeStep,numberOfRobotsOnBlackSite,numberOfRobotsOnWhiteSite
11345,26,19
timeStep,numberOfRobotsOnBlackSite,numberOfRobotsOnWhiteSite
11346,26,19
timeStep,numberOfRobotsOnBlackSite,numberOfRobotsOnWhiteSite
11347,26,19
timeStep,numberOfRobotsOnBlackSite,numberOfRobotsOnWhiteSite
11348,26,19
timeStep,numberOfRobotsOnBlackSite,numberOfRobotsOnWhiteSite
11349,26,19
timeStep,numberOfRobotsOnBlackSite,numberOfRobotsOnWhiteSite
11350,26,19
timeStep,numberOfRobotsOnBlackSite,numberOfRobotsOnWhiteSite
11351,26,19
timeStep,numberOfRobotsOnBlackSite,numberOfRobotsOnWhiteSite
11352,26,19
timeStep,numberOfRobotsOnBlackSite,numberOfRobotsOnWhiteSite
11353,26,19
timeStep,numberOfRobotsOnBlackSite,numberOfRobotsOnWhiteSite
11354,26,19
timeStep,numberOfRobotsOnBlackSite,numberOfRobotsOnWhiteSite
11355,26,19
timeStep,numberOfRobotsOnBlackSite,numberOfRobotsOnWhiteSite
11356,26,19
timeStep,numberOfRobotsOnBlackSite,numberOfRobotsOnWhiteSite
11357,26,19
timeStep,numberOfRobotsOnBlackSite,numberOfRobotsOnWhiteSite
11358,26,19
timeStep,numberOfRobotsOnBlackSite,numberOfRobotsOnWhiteSite
11359,26,19
timeStep,numberOfRobotsOnBlackSite,numberOfRobotsOnWhiteSite
11360,26,19
timeStep,numberOfRobotsOnBlackSite,numberOfRobotsOnWhiteSite
11361,26,19
timeStep,numberOfRobotsOnBlackSite,numberOfRobotsOnWhiteSite
11362,26,19
timeStep,numberOfRobotsOnBlackSite,numberOfRobotsOnWhiteSite
11363,26,19
timeStep,numberOfRobotsOnBlackSite,numberOfRobotsOnWhiteSite
11364,26,19
timeStep,numberOfRobotsOnBlackSite,numberOfRobotsOnWhiteSite
11365,26,19
timeStep,numberOfRobotsOnBlackSite,numberOfRobotsOnWhiteSite
11366,26,19
timeStep,numberOfRobotsOnBlackSite,numberOfRobotsOnWhiteSite
11367,26,19
timeStep,numberOfRobotsOnBlackSite,numberOfRobotsOnWhiteSite
11368,26,19
timeStep,numberOfRobotsOnBlackSite,numberOfRobotsOnWhiteSite
11369,26,19
timeStep,numberOfRobotsOnBlackSite,numberOfRobotsOnWhiteSite
11370,26,19
timeStep,numberOfRobotsOnBlackSite,numberOfRobotsOnWhiteSite
11371,26,19
timeStep,numberOfRobotsOnBlackSite,numberOfRobotsOnWhiteSite
11372,26,19
timeStep,numberOfRobotsOnBlackSite,numberOfRobotsOnWhiteSite
11373,26,19
timeStep,numberOfRobotsOnBlackSite,numberOfRobotsOnWhiteSite
11374,26,19
timeStep,numberOfRobotsOnBlackSite,numberOfRobotsOnWhiteSite
11375,26,19
timeStep,numberOfRobotsOnBlackSite,numberOfRobotsOnWhiteSite
11376,26,19
timeStep,numberOfRobotsOnBlackSite,numberOfRobotsOnWhiteSite
11377,26,19
timeStep,numberOfRobotsOnBlackSite,numberOfRobotsOnWhiteSite
11378,26,19
timeStep,numberOfRobotsOnBlackSite,numberOfRobotsOnWhiteSite
11379,26,19
timeStep,numberOfRobotsOnBlackSite,numberOfRobotsOnWhiteSite
11380,26,19
timeStep,numberOfRobotsOnBlackSite,numberOfRobotsOnWhiteSite
11381,26,19
timeStep,numberOfRobotsOnBlackSite,numberOfRobotsOnWhiteSite
11382,26,19
timeStep,numberOfRobotsOnBlackSite,numberOfRobotsOnWhiteSite
11383,26,19
timeStep,numberOfRobotsOnBlackSite,numberOfRobotsOnWhiteSite
11384,26,19
timeStep,numberOfRobotsOnBlackSite,numberOfRobotsOnWhiteSite
11385,26,19
timeStep,numberOfRobotsOnBlackSite,numberOfRobotsOnWhiteSite
11386,26,19
timeStep,numberOfRobotsOnBlackSite,numberOfRobotsOnWhiteSite
11387,26,19
timeStep,numberOfRobotsOnBlackSite,numberOfRobotsOnWhiteSite
11388,26,19
timeStep,numberOfRobotsOnBlackSite,numberOfRobotsOnWhiteSite
11389,26,19
timeStep,numberOfRobotsOnBlackSite,numberOfRobotsOnWhiteSite
11390,26,19
timeStep,numberOfRobotsOnBlackSite,numberOfRobotsOnWhiteSite
11391,26,19
timeStep,numberOfRobotsOnBlackSite,numberOfRobotsOnWhiteSite
11392,26,19
timeStep,numberOfRobotsOnBlackSite,numberOfRobotsOnWhiteSite
11393,26,19
timeStep,numberOfRobotsOnBlackSite,numberOfRobotsOnWhiteSite
11394,26,19
timeStep,numberOfRobotsOnBlackSite,numberOfRobotsOnWhiteSite
11395,26,19
timeStep,numberOfRobotsOnBlackSite,numberOfRobotsOnWhiteSite
11396,26,19
timeStep,numberOfRobotsOnBlackSite,numberOfRobotsOnWhiteSite
11397,26,19
timeStep,numberOfRobotsOnBlackSite,numberOfRobotsOnWhiteSite
11398,26,19
timeStep,numberOfRobotsOnBlackSite,numberOfRobotsOnWhiteSite
11399,26,19
timeStep,numberOfRobotsOnBlackSite,numberOfRobotsOnWhiteSite
11400,26,19
timeStep,numberOfRobotsOnBlackSite,numberOfRobotsOnWhiteSite
11401,26,19
timeStep,numberOfRobotsOnBlackSite,numberOfRobotsOnWhiteSite
11402,26,19
timeStep,numberOfRobotsOnBlackSite,numberOfRobotsOnWhiteSite
11403,26,19
timeStep,numberOfRobotsOnBlackSite,numberOfRobotsOnWhiteSite
11404,26,19
timeStep,numberOfRobotsOnBlackSite,numberOfRobotsOnWhiteSite
11405,26,19
timeStep,numberOfRobotsOnBlackSite,numberOfRobotsOnWhiteSite
11406,26,19
timeStep,numberOfRobotsOnBlackSite,numberOfRobotsOnWhiteSite
11407,26,19
timeStep,numberOfRobotsOnBlackSite,numberOfRobotsOnWhiteSite
11408,26,19
timeStep,numberOfRobotsOnBlackSite,numberOfRobotsOnWhiteSite
11409,26,19
timeStep,numberOfRobotsOnBlackSite,numberOfRobotsOnWhiteSite
11410,26,19
timeStep,numberOfRobotsOnBlackSite,numberOfRobotsOnWhiteSite
11411,26,19
timeStep,numberOfRobotsOnBlackSite,numberOfRobotsOnWhiteSite
11412,26,19
timeStep,numberOfRobotsOnBlackSite,numberOfRobotsOnWhiteSite
11413,26,19
timeStep,numberOfRobotsOnBlackSite,numberOfRobotsOnWhiteSite
11414,26,19
timeStep,numberOfRobotsOnBlackSite,numberOfRobotsOnWhiteSite
11415,26,19
timeStep,numberOfRobotsOnBlackSite,numberOfRobotsOnWhiteSite
11416,26,19
timeStep,numberOfRobotsOnBlackSite,numberOfRobotsOnWhiteSite
11417,26,19
timeStep,numberOfRobotsOnBlackSite,numberOfRobotsOnWhiteSite
11418,26,19
timeStep,numberOfRobotsOnBlackSite,numberOfRobotsOnWhiteSite
11419,26,19
timeStep,numberOfRobotsOnBlackSite,numberOfRobotsOnWhiteSite
11420,26,19
timeStep,numberOfRobotsOnBlackSite,numberOfRobotsOnWhiteSite
11421,26,19
timeStep,numberOfRobotsOnBlackSite,numberOfRobotsOnWhiteSite
11422,26,19
timeStep,numberOfRobotsOnBlackSite,numberOfRobotsOnWhiteSite
11423,26,19
timeStep,numberOfRobotsOnBlackSite,numberOfRobotsOnWhiteSite
11424,26,19
timeStep,numberOfRobotsOnBlackSite,numberOfRobotsOnWhiteSite
11425,26,19
timeStep,numberOfRobotsOnBlackSite,numberOfRobotsOnWhiteSite
11426,26,19
timeStep,numberOfRobotsOnBlackSite,numberOfRobotsOnWhiteSite
11427,26,19
timeStep,numberOfRobotsOnBlackSite,numberOfRobotsOnWhiteSite
11428,26,19
timeStep,numberOfRobotsOnBlackSite,numberOfRobotsOnWhiteSite
11429,26,19
timeStep,numberOfRobotsOnBlackSite,numberOfRobotsOnWhiteSite
11430,26,19
timeStep,numberOfRobotsOnBlackSite,numberOfRobotsOnWhiteSite
11431,26,19
timeStep,numberOfRobotsOnBlackSite,numberOfRobotsOnWhiteSite
11432,26,19
timeStep,numberOfRobotsOnBlackSite,numberOfRobotsOnWhiteSite
11433,26,19
timeStep,numberOfRobotsOnBlackSite,numberOfRobotsOnWhiteSite
11434,26,19
timeStep,numberOfRobotsOnBlackSite,numberOfRobotsOnWhiteSite
11435,26,19
timeStep,numberOfRobotsOnBlackSite,numberOfRobotsOnWhiteSite
11436,26,19
timeStep,numberOfRobotsOnBlackSite,numberOfRobotsOnWhiteSite
11437,26,19
timeStep,numberOfRobotsOnBlackSite,numberOfRobotsOnWhiteSite
11438,26,19
timeStep,numberOfRobotsOnBlackSite,numberOfRobotsOnWhiteSite
11439,26,19
timeStep,numberOfRobotsOnBlackSite,numberOfRobotsOnWhiteSite
11440,26,19
timeStep,numberOfRobotsOnBlackSite,numberOfRobotsOnWhiteSite
11441,26,19
timeStep,numberOfRobotsOnBlackSite,numberOfRobotsOnWhiteSite
11442,26,19
timeStep,numberOfRobotsOnBlackSite,numberOfRobotsOnWhiteSite
11443,26,19
timeStep,numberOfRobotsOnBlackSite,numberOfRobotsOnWhiteSite
11444,26,19
timeStep,numberOfRobotsOnBlackSite,numberOfRobotsOnWhiteSite
11445,26,19
timeStep,numberOfRobotsOnBlackSite,numberOfRobotsOnWhiteSite
11446,26,19
timeStep,numberOfRobotsOnBlackSite,numberOfRobotsOnWhiteSite
11447,26,19
timeStep,numberOfRobotsOnBlackSite,numberOfRobotsOnWhiteSite
11448,26,19
timeStep,numberOfRobotsOnBlackSite,numberOfRobotsOnWhiteSite
11449,26,19
timeStep,numberOfRobotsOnBlackSite,numberOfRobotsOnWhiteSite
11450,26,19
timeStep,numberOfRobotsOnBlackSite,numberOfRobotsOnWhiteSite
11451,26,19
timeStep,numberOfRobotsOnBlackSite,numberOfRobotsOnWhiteSite
11452,26,19
timeStep,numberOfRobotsOnBlackSite,numberOfRobotsOnWhiteSite
11453,26,19
timeStep,numberOfRobotsOnBlackSite,numberOfRobotsOnWhiteSite
11454,26,19
timeStep,numberOfRobotsOnBlackSite,numberOfRobotsOnWhiteSite
11455,26,19
timeStep,numberOfRobotsOnBlackSite,numberOfRobotsOnWhiteSite
11456,26,19
timeStep,numberOfRobotsOnBlackSite,numberOfRobotsOnWhiteSite
11457,26,19
timeStep,numberOfRobotsOnBlackSite,numberOfRobotsOnWhiteSite
11458,26,19
timeStep,numberOfRobotsOnBlackSite,numberOfRobotsOnWhiteSite
11459,26,19
timeStep,numberOfRobotsOnBlackSite,numberOfRobotsOnWhiteSite
11460,26,19
timeStep,numberOfRobotsOnBlackSite,numberOfRobotsOnWhiteSite
11461,26,19
timeStep,numberOfRobotsOnBlackSite,numberOfRobotsOnWhiteSite
11462,26,19
timeStep,numberOfRobotsOnBlackSite,numberOfRobotsOnWhiteSite
11463,26,19
timeStep,numberOfRobotsOnBlackSite,numberOfRobotsOnWhiteSite
11464,26,19
timeStep,numberOfRobotsOnBlackSite,numberOfRobotsOnWhiteSite
11465,26,19
timeStep,numberOfRobotsOnBlackSite,numberOfRobotsOnWhiteSite
11466,26,19
timeStep,numberOfRobotsOnBlackSite,numberOfRobotsOnWhiteSite
11467,26,19
timeStep,numberOfRobotsOnBlackSite,numberOfRobotsOnWhiteSite
11468,26,19
timeStep,numberOfRobotsOnBlackSite,numberOfRobotsOnWhiteSite
11469,26,19
timeStep,numberOfRobotsOnBlackSite,numberOfRobotsOnWhiteSite
11470,26,18
timeStep,numberOfRobotsOnBlackSite,numberOfRobotsOnWhiteSite
11471,26,18
timeStep,numberOfRobotsOnBlackSite,numberOfRobotsOnWhiteSite
11472,26,18
timeStep,numberOfRobotsOnBlackSite,numberOfRobotsOnWhiteSite
11473,26,18
timeStep,numberOfRobotsOnBlackSite,numberOfRobotsOnWhiteSite
11474,26,18
timeStep,numberOfRobotsOnBlackSite,numberOfRobotsOnWhiteSite
11475,26,18
timeStep,numberOfRobotsOnBlackSite,numberOfRobotsOnWhiteSite
11476,26,18
timeStep,numberOfRobotsOnBlackSite,numberOfRobotsOnWhiteSite
11477,26,18
timeStep,numberOfRobotsOnBlackSite,numberOfRobotsOnWhiteSite
11478,26,18
timeStep,numberOfRobotsOnBlackSite,numberOfRobotsOnWhiteSite
11479,26,18
timeStep,numberOfRobotsOnBlackSite,numberOfRobotsOnWhiteSite
11480,26,18
timeStep,numberOfRobotsOnBlackSite,numberOfRobotsOnWhiteSite
11481,26,18
timeStep,numberOfRobotsOnBlackSite,numberOfRobotsOnWhiteSite
11482,26,18
timeStep,numberOfRobotsOnBlackSite,numberOfRobotsOnWhiteSite
11483,26,18
timeStep,numberOfRobotsOnBlackSite,numberOfRobotsOnWhiteSite
11484,26,18
timeStep,numberOfRobotsOnBlackSite,numberOfRobotsOnWhiteSite
11485,26,18
timeStep,numberOfRobotsOnBlackSite,numberOfRobotsOnWhiteSite
11486,26,18
timeStep,numberOfRobotsOnBlackSite,numberOfRobotsOnWhiteSite
11487,26,18
timeStep,numberOfRobotsOnBlackSite,numberOfRobotsOnWhiteSite
11488,26,18
timeStep,numberOfRobotsOnBlackSite,numberOfRobotsOnWhiteSite
11489,26,18
timeStep,numberOfRobotsOnBlackSite,numberOfRobotsOnWhiteSite
11490,26,18
timeStep,numberOfRobotsOnBlackSite,numberOfRobotsOnWhiteSite
11491,26,18
timeStep,numberOfRobotsOnBlackSite,numberOfRobotsOnWhiteSite
11492,26,18
timeStep,numberOfRobotsOnBlackSite,numberOfRobotsOnWhiteSite
11493,26,18
timeStep,numberOfRobotsOnBlackSite,numberOfRobotsOnWhiteSite
11494,26,18
timeStep,numberOfRobotsOnBlackSite,numberOfRobotsOnWhiteSite
11495,26,18
timeStep,numberOfRobotsOnBlackSite,numberOfRobotsOnWhiteSite
11496,26,18
timeStep,numberOfRobotsOnBlackSite,numberOfRobotsOnWhiteSite
11497,26,18
timeStep,numberOfRobotsOnBlackSite,numberOfRobotsOnWhiteSite
11498,26,18
timeStep,numberOfRobotsOnBlackSite,numberOfRobotsOnWhiteSite
11499,26,18
timeStep,numberOfRobotsOnBlackSite,numberOfRobotsOnWhiteSite
11500,26,19
timeStep,numberOfRobotsOnBlackSite,numberOfRobotsOnWhiteSite
11501,26,19
timeStep,numberOfRobotsOnBlackSite,numberOfRobotsOnWhiteSite
11502,26,19
timeStep,numberOfRobotsOnBlackSite,numberOfRobotsOnWhiteSite
11503,26,19
timeStep,numberOfRobotsOnBlackSite,numberOfRobotsOnWhiteSite
11504,26,19
timeStep,numberOfRobotsOnBlackSite,numberOfRobotsOnWhiteSite
11505,26,19
timeStep,numberOfRobotsOnBlackSite,numberOfRobotsOnWhiteSite
11506,26,19
timeStep,numberOfRobotsOnBlackSite,numberOfRobotsOnWhiteSite
11507,26,19
timeStep,numberOfRobotsOnBlackSite,numberOfRobotsOnWhiteSite
11508,26,19
timeStep,numberOfRobotsOnBlackSite,numberOfRobotsOnWhiteSite
11509,26,19
timeStep,numberOfRobotsOnBlackSite,numberOfRobotsOnWhiteSite
11510,26,19
timeStep,numberOfRobotsOnBlackSite,numberOfRobotsOnWhiteSite
11511,26,19
timeStep,numberOfRobotsOnBlackSite,numberOfRobotsOnWhiteSite
11512,26,19
timeStep,numberOfRobotsOnBlackSite,numberOfRobotsOnWhiteSite
11513,26,19
timeStep,numberOfRobotsOnBlackSite,numberOfRobotsOnWhiteSite
11514,26,19
timeStep,numberOfRobotsOnBlackSite,numberOfRobotsOnWhiteSite
11515,26,19
timeStep,numberOfRobotsOnBlackSite,numberOfRobotsOnWhiteSite
11516,26,19
timeStep,numberOfRobotsOnBlackSite,numberOfRobotsOnWhiteSite
11517,26,19
timeStep,numberOfRobotsOnBlackSite,numberOfRobotsOnWhiteSite
11518,26,19
timeStep,numberOfRobotsOnBlackSite,numberOfRobotsOnWhiteSite
11519,26,19
timeStep,numberOfRobotsOnBlackSite,numberOfRobotsOnWhiteSite
11520,26,19
timeStep,numberOfRobotsOnBlackSite,numberOfRobotsOnWhiteSite
11521,26,19
timeStep,numberOfRobotsOnBlackSite,numberOfRobotsOnWhiteSite
11522,26,19
timeStep,numberOfRobotsOnBlackSite,numberOfRobotsOnWhiteSite
11523,26,19
timeStep,numberOfRobotsOnBlackSite,numberOfRobotsOnWhiteSite
11524,26,19
timeStep,numberOfRobotsOnBlackSite,numberOfRobotsOnWhiteSite
11525,26,19
timeStep,numberOfRobotsOnBlackSite,numberOfRobotsOnWhiteSite
11526,26,19
timeStep,numberOfRobotsOnBlackSite,numberOfRobotsOnWhiteSite
11527,26,19
timeStep,numberOfRobotsOnBlackSite,numberOfRobotsOnWhiteSite
11528,26,19
timeStep,numberOfRobotsOnBlackSite,numberOfRobotsOnWhiteSite
11529,26,19
timeStep,numberOfRobotsOnBlackSite,numberOfRobotsOnWhiteSite
11530,26,19
timeStep,numberOfRobotsOnBlackSite,numberOfRobotsOnWhiteSite
11531,26,19
timeStep,numberOfRobotsOnBlackSite,numberOfRobotsOnWhiteSite
11532,26,19
timeStep,numberOfRobotsOnBlackSite,numberOfRobotsOnWhiteSite
11533,26,19
timeStep,numberOfRobotsOnBlackSite,numberOfRobotsOnWhiteSite
11534,26,19
timeStep,numberOfRobotsOnBlackSite,numberOfRobotsOnWhiteSite
11535,26,19
timeStep,numberOfRobotsOnBlackSite,numberOfRobotsOnWhiteSite
11536,26,19
timeStep,numberOfRobotsOnBlackSite,numberOfRobotsOnWhiteSite
11537,26,19
timeStep,numberOfRobotsOnBlackSite,numberOfRobotsOnWhiteSite
11538,26,19
timeStep,numberOfRobotsOnBlackSite,numberOfRobotsOnWhiteSite
11539,26,19
timeStep,numberOfRobotsOnBlackSite,numberOfRobotsOnWhiteSite
11540,26,19
timeStep,numberOfRobotsOnBlackSite,numberOfRobotsOnWhiteSite
11541,26,19
timeStep,numberOfRobotsOnBlackSite,numberOfRobotsOnWhiteSite
11542,26,19
timeStep,numberOfRobotsOnBlackSite,numberOfRobotsOnWhiteSite
11543,26,19
timeStep,numberOfRobotsOnBlackSite,numberOfRobotsOnWhiteSite
11544,26,19
timeStep,numberOfRobotsOnBlackSite,numberOfRobotsOnWhiteSite
11545,26,19
timeStep,numberOfRobotsOnBlackSite,numberOfRobotsOnWhiteSite
11546,26,19
timeStep,numberOfRobotsOnBlackSite,numberOfRobotsOnWhiteSite
11547,26,19
timeStep,numberOfRobotsOnBlackSite,numberOfRobotsOnWhiteSite
11548,26,19
timeStep,numberOfRobotsOnBlackSite,numberOfRobotsOnWhiteSite
11549,26,19
timeStep,numberOfRobotsOnBlackSite,numberOfRobotsOnWhiteSite
11550,26,19
timeStep,numberOfRobotsOnBlackSite,numberOfRobotsOnWhiteSite
11551,26,19
timeStep,numberOfRobotsOnBlackSite,numberOfRobotsOnWhiteSite
11552,26,19
timeStep,numberOfRobotsOnBlackSite,numberOfRobotsOnWhiteSite
11553,26,19
timeStep,numberOfRobotsOnBlackSite,numberOfRobotsOnWhiteSite
11554,26,19
timeStep,numberOfRobotsOnBlackSite,numberOfRobotsOnWhiteSite
11555,26,19
timeStep,numberOfRobotsOnBlackSite,numberOfRobotsOnWhiteSite
11556,26,19
timeStep,numberOfRobotsOnBlackSite,numberOfRobotsOnWhiteSite
11557,26,19
timeStep,numberOfRobotsOnBlackSite,numberOfRobotsOnWhiteSite
11558,26,19
timeStep,numberOfRobotsOnBlackSite,numberOfRobotsOnWhiteSite
11559,26,19
timeStep,numberOfRobotsOnBlackSite,numberOfRobotsOnWhiteSite
11560,26,19
timeStep,numberOfRobotsOnBlackSite,numberOfRobotsOnWhiteSite
11561,26,19
timeStep,numberOfRobotsOnBlackSite,numberOfRobotsOnWhiteSite
11562,26,19
timeStep,numberOfRobotsOnBlackSite,numberOfRobotsOnWhiteSite
11563,26,19
timeStep,numberOfRobotsOnBlackSite,numberOfRobotsOnWhiteSite
11564,26,19
timeStep,numberOfRobotsOnBlackSite,numberOfRobotsOnWhiteSite
11565,26,19
timeStep,numberOfRobotsOnBlackSite,numberOfRobotsOnWhiteSite
11566,26,19
timeStep,numberOfRobotsOnBlackSite,numberOfRobotsOnWhiteSite
11567,26,19
timeStep,numberOfRobotsOnBlackSite,numberOfRobotsOnWhiteSite
11568,26,19
timeStep,numberOfRobotsOnBlackSite,numberOfRobotsOnWhiteSite
11569,26,19
timeStep,numberOfRobotsOnBlackSite,numberOfRobotsOnWhiteSite
11570,26,19
timeStep,numberOfRobotsOnBlackSite,numberOfRobotsOnWhiteSite
11571,26,19
timeStep,numberOfRobotsOnBlackSite,numberOfRobotsOnWhiteSite
11572,26,19
timeStep,numberOfRobotsOnBlackSite,numberOfRobotsOnWhiteSite
11573,26,19
timeStep,numberOfRobotsOnBlackSite,numberOfRobotsOnWhiteSite
11574,26,19
timeStep,numberOfRobotsOnBlackSite,numberOfRobotsOnWhiteSite
11575,26,19
timeStep,numberOfRobotsOnBlackSite,numberOfRobotsOnWhiteSite
11576,26,19
timeStep,numberOfRobotsOnBlackSite,numberOfRobotsOnWhiteSite
11577,26,19
timeStep,numberOfRobotsOnBlackSite,numberOfRobotsOnWhiteSite
11578,26,19
timeStep,numberOfRobotsOnBlackSite,numberOfRobotsOnWhiteSite
11579,26,19
timeStep,numberOfRobotsOnBlackSite,numberOfRobotsOnWhiteSite
11580,26,19
timeStep,numberOfRobotsOnBlackSite,numberOfRobotsOnWhiteSite
11581,26,19
timeStep,numberOfRobotsOnBlackSite,numberOfRobotsOnWhiteSite
11582,26,19
timeStep,numberOfRobotsOnBlackSite,numberOfRobotsOnWhiteSite
11583,26,19
timeStep,numberOfRobotsOnBlackSite,numberOfRobotsOnWhiteSite
11584,26,19
timeStep,numberOfRobotsOnBlackSite,numberOfRobotsOnWhiteSite
11585,26,19
timeStep,numberOfRobotsOnBlackSite,numberOfRobotsOnWhiteSite
11586,26,19
timeStep,numberOfRobotsOnBlackSite,numberOfRobotsOnWhiteSite
11587,26,19
timeStep,numberOfRobotsOnBlackSite,numberOfRobotsOnWhiteSite
11588,26,19
timeStep,numberOfRobotsOnBlackSite,numberOfRobotsOnWhiteSite
11589,26,19
timeStep,numberOfRobotsOnBlackSite,numberOfRobotsOnWhiteSite
11590,26,19
timeStep,numberOfRobotsOnBlackSite,numberOfRobotsOnWhiteSite
11591,26,19
timeStep,numberOfRobotsOnBlackSite,numberOfRobotsOnWhiteSite
11592,26,19
timeStep,numberOfRobotsOnBlackSite,numberOfRobotsOnWhiteSite
11593,26,19
timeStep,numberOfRobotsOnBlackSite,numberOfRobotsOnWhiteSite
11594,26,19
timeStep,numberOfRobotsOnBlackSite,numberOfRobotsOnWhiteSite
11595,25,19
timeStep,numberOfRobotsOnBlackSite,numberOfRobotsOnWhiteSite
11596,25,19
timeStep,numberOfRobotsOnBlackSite,numberOfRobotsOnWhiteSite
11597,25,19
timeStep,numberOfRobotsOnBlackSite,numberOfRobotsOnWhiteSite
11598,25,19
timeStep,numberOfRobotsOnBlackSite,numberOfRobotsOnWhiteSite
11599,25,19
timeStep,numberOfRobotsOnBlackSite,numberOfRobotsOnWhiteSite
11600,25,19
timeStep,numberOfRobotsOnBlackSite,numberOfRobotsOnWhiteSite
11601,25,19
timeStep,numberOfRobotsOnBlackSite,numberOfRobotsOnWhiteSite
11602,25,19
timeStep,numberOfRobotsOnBlackSite,numberOfRobotsOnWhiteSite
11603,25,19
timeStep,numberOfRobotsOnBlackSite,numberOfRobotsOnWhiteSite
11604,25,19
timeStep,numberOfRobotsOnBlackSite,numberOfRobotsOnWhiteSite
11605,25,19
timeStep,numberOfRobotsOnBlackSite,numberOfRobotsOnWhiteSite
11606,25,19
timeStep,numberOfRobotsOnBlackSite,numberOfRobotsOnWhiteSite
11607,25,19
timeStep,numberOfRobotsOnBlackSite,numberOfRobotsOnWhiteSite
11608,25,19
timeStep,numberOfRobotsOnBlackSite,numberOfRobotsOnWhiteSite
11609,25,19
timeStep,numberOfRobotsOnBlackSite,numberOfRobotsOnWhiteSite
11610,25,19
timeStep,numberOfRobotsOnBlackSite,numberOfRobotsOnWhiteSite
11611,25,19
timeStep,numberOfRobotsOnBlackSite,numberOfRobotsOnWhiteSite
11612,25,19
timeStep,numberOfRobotsOnBlackSite,numberOfRobotsOnWhiteSite
11613,25,19
timeStep,numberOfRobotsOnBlackSite,numberOfRobotsOnWhiteSite
11614,25,19
timeStep,numberOfRobotsOnBlackSite,numberOfRobotsOnWhiteSite
11615,25,19
timeStep,numberOfRobotsOnBlackSite,numberOfRobotsOnWhiteSite
11616,25,19
timeStep,numberOfRobotsOnBlackSite,numberOfRobotsOnWhiteSite
11617,25,19
timeStep,numberOfRobotsOnBlackSite,numberOfRobotsOnWhiteSite
11618,25,19
timeStep,numberOfRobotsOnBlackSite,numberOfRobotsOnWhiteSite
11619,25,19
timeStep,numberOfRobotsOnBlackSite,numberOfRobotsOnWhiteSite
11620,25,19
timeStep,numberOfRobotsOnBlackSite,numberOfRobotsOnWhiteSite
11621,25,19
timeStep,numberOfRobotsOnBlackSite,numberOfRobotsOnWhiteSite
11622,25,19
timeStep,numberOfRobotsOnBlackSite,numberOfRobotsOnWhiteSite
11623,25,19
timeStep,numberOfRobotsOnBlackSite,numberOfRobotsOnWhiteSite
11624,25,19
timeStep,numberOfRobotsOnBlackSite,numberOfRobotsOnWhiteSite
11625,25,19
timeStep,numberOfRobotsOnBlackSite,numberOfRobotsOnWhiteSite
11626,25,19
timeStep,numberOfRobotsOnBlackSite,numberOfRobotsOnWhiteSite
11627,25,19
timeStep,numberOfRobotsOnBlackSite,numberOfRobotsOnWhiteSite
11628,25,19
timeStep,numberOfRobotsOnBlackSite,numberOfRobotsOnWhiteSite
11629,25,19
timeStep,numberOfRobotsOnBlackSite,numberOfRobotsOnWhiteSite
11630,25,19
timeStep,numberOfRobotsOnBlackSite,numberOfRobotsOnWhiteSite
11631,25,19
timeStep,numberOfRobotsOnBlackSite,numberOfRobotsOnWhiteSite
11632,25,19
timeStep,numberOfRobotsOnBlackSite,numberOfRobotsOnWhiteSite
11633,25,19
timeStep,numberOfRobotsOnBlackSite,numberOfRobotsOnWhiteSite
11634,25,19
timeStep,numberOfRobotsOnBlackSite,numberOfRobotsOnWhiteSite
11635,25,19
timeStep,numberOfRobotsOnBlackSite,numberOfRobotsOnWhiteSite
11636,25,19
timeStep,numberOfRobotsOnBlackSite,numberOfRobotsOnWhiteSite
11637,25,19
timeStep,numberOfRobotsOnBlackSite,numberOfRobotsOnWhiteSite
11638,25,19
timeStep,numberOfRobotsOnBlackSite,numberOfRobotsOnWhiteSite
11639,25,19
timeStep,numberOfRobotsOnBlackSite,numberOfRobotsOnWhiteSite
11640,25,19
timeStep,numberOfRobotsOnBlackSite,numberOfRobotsOnWhiteSite
11641,25,19
timeStep,numberOfRobotsOnBlackSite,numberOfRobotsOnWhiteSite
11642,25,19
timeStep,numberOfRobotsOnBlackSite,numberOfRobotsOnWhiteSite
11643,25,19
timeStep,numberOfRobotsOnBlackSite,numberOfRobotsOnWhiteSite
11644,25,19
timeStep,numberOfRobotsOnBlackSite,numberOfRobotsOnWhiteSite
11645,25,19
timeStep,numberOfRobotsOnBlackSite,numberOfRobotsOnWhiteSite
11646,25,19
timeStep,numberOfRobotsOnBlackSite,numberOfRobotsOnWhiteSite
11647,25,19
timeStep,numberOfRobotsOnBlackSite,numberOfRobotsOnWhiteSite
11648,25,19
timeStep,numberOfRobotsOnBlackSite,numberOfRobotsOnWhiteSite
11649,25,19
timeStep,numberOfRobotsOnBlackSite,numberOfRobotsOnWhiteSite
11650,26,19
timeStep,numberOfRobotsOnBlackSite,numberOfRobotsOnWhiteSite
11651,26,19
timeStep,numberOfRobotsOnBlackSite,numberOfRobotsOnWhiteSite
11652,26,19
timeStep,numberOfRobotsOnBlackSite,numberOfRobotsOnWhiteSite
11653,26,19
timeStep,numberOfRobotsOnBlackSite,numberOfRobotsOnWhiteSite
11654,26,19
timeStep,numberOfRobotsOnBlackSite,numberOfRobotsOnWhiteSite
11655,26,19
timeStep,numberOfRobotsOnBlackSite,numberOfRobotsOnWhiteSite
11656,26,19
timeStep,numberOfRobotsOnBlackSite,numberOfRobotsOnWhiteSite
11657,26,19
timeStep,numberOfRobotsOnBlackSite,numberOfRobotsOnWhiteSite
11658,26,19
timeStep,numberOfRobotsOnBlackSite,numberOfRobotsOnWhiteSite
11659,26,19
timeStep,numberOfRobotsOnBlackSite,numberOfRobotsOnWhiteSite
11660,26,19
timeStep,numberOfRobotsOnBlackSite,numberOfRobotsOnWhiteSite
11661,26,19
timeStep,numberOfRobotsOnBlackSite,numberOfRobotsOnWhiteSite
11662,26,19
timeStep,numberOfRobotsOnBlackSite,numberOfRobotsOnWhiteSite
11663,26,19
timeStep,numberOfRobotsOnBlackSite,numberOfRobotsOnWhiteSite
11664,26,19
timeStep,numberOfRobotsOnBlackSite,numberOfRobotsOnWhiteSite
11665,26,19
timeStep,numberOfRobotsOnBlackSite,numberOfRobotsOnWhiteSite
11666,26,19
timeStep,numberOfRobotsOnBlackSite,numberOfRobotsOnWhiteSite
11667,26,19
timeStep,numberOfRobotsOnBlackSite,numberOfRobotsOnWhiteSite
11668,26,19
timeStep,numberOfRobotsOnBlackSite,numberOfRobotsOnWhiteSite
11669,26,19
timeStep,numberOfRobotsOnBlackSite,numberOfRobotsOnWhiteSite
11670,26,19
timeStep,numberOfRobotsOnBlackSite,numberOfRobotsOnWhiteSite
11671,26,19
timeStep,numberOfRobotsOnBlackSite,numberOfRobotsOnWhiteSite
11672,26,19
timeStep,numberOfRobotsOnBlackSite,numberOfRobotsOnWhiteSite
11673,26,19
timeStep,numberOfRobotsOnBlackSite,numberOfRobotsOnWhiteSite
11674,26,19
timeStep,numberOfRobotsOnBlackSite,numberOfRobotsOnWhiteSite
11675,26,19
timeStep,numberOfRobotsOnBlackSite,numberOfRobotsOnWhiteSite
11676,26,19
timeStep,numberOfRobotsOnBlackSite,numberOfRobotsOnWhiteSite
11677,26,19
timeStep,numberOfRobotsOnBlackSite,numberOfRobotsOnWhiteSite
11678,26,19
timeStep,numberOfRobotsOnBlackSite,numberOfRobotsOnWhiteSite
11679,26,19
timeStep,numberOfRobotsOnBlackSite,numberOfRobotsOnWhiteSite
11680,26,19
timeStep,numberOfRobotsOnBlackSite,numberOfRobotsOnWhiteSite
11681,26,19
timeStep,numberOfRobotsOnBlackSite,numberOfRobotsOnWhiteSite
11682,26,19
timeStep,numberOfRobotsOnBlackSite,numberOfRobotsOnWhiteSite
11683,26,19
timeStep,numberOfRobotsOnBlackSite,numberOfRobotsOnWhiteSite
11684,26,19
timeStep,numberOfRobotsOnBlackSite,numberOfRobotsOnWhiteSite
11685,26,19
timeStep,numberOfRobotsOnBlackSite,numberOfRobotsOnWhiteSite
11686,26,19
timeStep,numberOfRobotsOnBlackSite,numberOfRobotsOnWhiteSite
11687,26,19
timeStep,numberOfRobotsOnBlackSite,numberOfRobotsOnWhiteSite
11688,26,19
timeStep,numberOfRobotsOnBlackSite,numberOfRobotsOnWhiteSite
11689,26,19
timeStep,numberOfRobotsOnBlackSite,numberOfRobotsOnWhiteSite
11690,26,19
timeStep,numberOfRobotsOnBlackSite,numberOfRobotsOnWhiteSite
11691,26,19
timeStep,numberOfRobotsOnBlackSite,numberOfRobotsOnWhiteSite
11692,26,19
timeStep,numberOfRobotsOnBlackSite,numberOfRobotsOnWhiteSite
11693,26,19
timeStep,numberOfRobotsOnBlackSite,numberOfRobotsOnWhiteSite
11694,26,19
timeStep,numberOfRobotsOnBlackSite,numberOfRobotsOnWhiteSite
11695,26,19
timeStep,numberOfRobotsOnBlackSite,numberOfRobotsOnWhiteSite
11696,26,19
timeStep,numberOfRobotsOnBlackSite,numberOfRobotsOnWhiteSite
11697,26,19
timeStep,numberOfRobotsOnBlackSite,numberOfRobotsOnWhiteSite
11698,26,19
timeStep,numberOfRobotsOnBlackSite,numberOfRobotsOnWhiteSite
11699,26,19
timeStep,numberOfRobotsOnBlackSite,numberOfRobotsOnWhiteSite
11700,26,19
timeStep,numberOfRobotsOnBlackSite,numberOfRobotsOnWhiteSite
11701,26,19
timeStep,numberOfRobotsOnBlackSite,numberOfRobotsOnWhiteSite
11702,26,19
timeStep,numberOfRobotsOnBlackSite,numberOfRobotsOnWhiteSite
11703,26,19
timeStep,numberOfRobotsOnBlackSite,numberOfRobotsOnWhiteSite
11704,26,19
timeStep,numberOfRobotsOnBlackSite,numberOfRobotsOnWhiteSite
11705,26,19
timeStep,numberOfRobotsOnBlackSite,numberOfRobotsOnWhiteSite
11706,26,19
timeStep,numberOfRobotsOnBlackSite,numberOfRobotsOnWhiteSite
11707,26,19
timeStep,numberOfRobotsOnBlackSite,numberOfRobotsOnWhiteSite
11708,26,19
timeStep,numberOfRobotsOnBlackSite,numberOfRobotsOnWhiteSite
11709,26,19
timeStep,numberOfRobotsOnBlackSite,numberOfRobotsOnWhiteSite
11710,26,19
timeStep,numberOfRobotsOnBlackSite,numberOfRobotsOnWhiteSite
11711,26,19
timeStep,numberOfRobotsOnBlackSite,numberOfRobotsOnWhiteSite
11712,26,19
timeStep,numberOfRobotsOnBlackSite,numberOfRobotsOnWhiteSite
11713,26,19
timeStep,numberOfRobotsOnBlackSite,numberOfRobotsOnWhiteSite
11714,26,19
timeStep,numberOfRobotsOnBlackSite,numberOfRobotsOnWhiteSite
11715,26,19
timeStep,numberOfRobotsOnBlackSite,numberOfRobotsOnWhiteSite
11716,26,19
timeStep,numberOfRobotsOnBlackSite,numberOfRobotsOnWhiteSite
11717,26,19
timeStep,numberOfRobotsOnBlackSite,numberOfRobotsOnWhiteSite
11718,26,19
timeStep,numberOfRobotsOnBlackSite,numberOfRobotsOnWhiteSite
11719,26,19
timeStep,numberOfRobotsOnBlackSite,numberOfRobotsOnWhiteSite
11720,26,19
timeStep,numberOfRobotsOnBlackSite,numberOfRobotsOnWhiteSite
11721,26,19
timeStep,numberOfRobotsOnBlackSite,numberOfRobotsOnWhiteSite
11722,26,19
timeStep,numberOfRobotsOnBlackSite,numberOfRobotsOnWhiteSite
11723,26,19
timeStep,numberOfRobotsOnBlackSite,numberOfRobotsOnWhiteSite
11724,26,19
timeStep,numberOfRobotsOnBlackSite,numberOfRobotsOnWhiteSite
11725,26,19
timeStep,numberOfRobotsOnBlackSite,numberOfRobotsOnWhiteSite
11726,26,19
timeStep,numberOfRobotsOnBlackSite,numberOfRobotsOnWhiteSite
11727,26,19
timeStep,numberOfRobotsOnBlackSite,numberOfRobotsOnWhiteSite
11728,26,19
timeStep,numberOfRobotsOnBlackSite,numberOfRobotsOnWhiteSite
11729,26,19
timeStep,numberOfRobotsOnBlackSite,numberOfRobotsOnWhiteSite
11730,26,19
timeStep,numberOfRobotsOnBlackSite,numberOfRobotsOnWhiteSite
11731,26,19
timeStep,numberOfRobotsOnBlackSite,numberOfRobotsOnWhiteSite
11732,26,19
timeStep,numberOfRobotsOnBlackSite,numberOfRobotsOnWhiteSite
11733,26,19
timeStep,numberOfRobotsOnBlackSite,numberOfRobotsOnWhiteSite
11734,26,19
timeStep,numberOfRobotsOnBlackSite,numberOfRobotsOnWhiteSite
11735,25,19
timeStep,numberOfRobotsOnBlackSite,numberOfRobotsOnWhiteSite
11736,25,19
timeStep,numberOfRobotsOnBlackSite,numberOfRobotsOnWhiteSite
11737,25,19
timeStep,numberOfRobotsOnBlackSite,numberOfRobotsOnWhiteSite
11738,25,19
timeStep,numberOfRobotsOnBlackSite,numberOfRobotsOnWhiteSite
11739,25,19
timeStep,numberOfRobotsOnBlackSite,numberOfRobotsOnWhiteSite
11740,25,19
timeStep,numberOfRobotsOnBlackSite,numberOfRobotsOnWhiteSite
11741,25,19
timeStep,numberOfRobotsOnBlackSite,numberOfRobotsOnWhiteSite
11742,25,19
timeStep,numberOfRobotsOnBlackSite,numberOfRobotsOnWhiteSite
11743,25,19
timeStep,numberOfRobotsOnBlackSite,numberOfRobotsOnWhiteSite
11744,25,19
timeStep,numberOfRobotsOnBlackSite,numberOfRobotsOnWhiteSite
11745,25,19
timeStep,numberOfRobotsOnBlackSite,numberOfRobotsOnWhiteSite
11746,25,19
timeStep,numberOfRobotsOnBlackSite,numberOfRobotsOnWhiteSite
11747,25,19
timeStep,numberOfRobotsOnBlackSite,numberOfRobotsOnWhiteSite
11748,25,19
timeStep,numberOfRobotsOnBlackSite,numberOfRobotsOnWhiteSite
11749,25,19
timeStep,numberOfRobotsOnBlackSite,numberOfRobotsOnWhiteSite
11750,25,19
timeStep,numberOfRobotsOnBlackSite,numberOfRobotsOnWhiteSite
11751,25,19
timeStep,numberOfRobotsOnBlackSite,numberOfRobotsOnWhiteSite
11752,25,19
timeStep,numberOfRobotsOnBlackSite,numberOfRobotsOnWhiteSite
11753,25,19
timeStep,numberOfRobotsOnBlackSite,numberOfRobotsOnWhiteSite
11754,25,19
timeStep,numberOfRobotsOnBlackSite,numberOfRobotsOnWhiteSite
11755,25,19
timeStep,numberOfRobotsOnBlackSite,numberOfRobotsOnWhiteSite
11756,25,19
timeStep,numberOfRobotsOnBlackSite,numberOfRobotsOnWhiteSite
11757,25,19
timeStep,numberOfRobotsOnBlackSite,numberOfRobotsOnWhiteSite
11758,25,19
timeStep,numberOfRobotsOnBlackSite,numberOfRobotsOnWhiteSite
11759,25,19
timeStep,numberOfRobotsOnBlackSite,numberOfRobotsOnWhiteSite
11760,25,19
timeStep,numberOfRobotsOnBlackSite,numberOfRobotsOnWhiteSite
11761,25,19
timeStep,numberOfRobotsOnBlackSite,numberOfRobotsOnWhiteSite
11762,25,19
timeStep,numberOfRobotsOnBlackSite,numberOfRobotsOnWhiteSite
11763,25,19
timeStep,numberOfRobotsOnBlackSite,numberOfRobotsOnWhiteSite
11764,25,19
timeStep,numberOfRobotsOnBlackSite,numberOfRobotsOnWhiteSite
11765,25,19
timeStep,numberOfRobotsOnBlackSite,numberOfRobotsOnWhiteSite
11766,25,19
timeStep,numberOfRobotsOnBlackSite,numberOfRobotsOnWhiteSite
11767,25,19
timeStep,numberOfRobotsOnBlackSite,numberOfRobotsOnWhiteSite
11768,25,19
timeStep,numberOfRobotsOnBlackSite,numberOfRobotsOnWhiteSite
11769,25,19
timeStep,numberOfRobotsOnBlackSite,numberOfRobotsOnWhiteSite
11770,25,19
timeStep,numberOfRobotsOnBlackSite,numberOfRobotsOnWhiteSite
11771,25,19
timeStep,numberOfRobotsOnBlackSite,numberOfRobotsOnWhiteSite
11772,25,19
timeStep,numberOfRobotsOnBlackSite,numberOfRobotsOnWhiteSite
11773,25,19
timeStep,numberOfRobotsOnBlackSite,numberOfRobotsOnWhiteSite
11774,25,19
timeStep,numberOfRobotsOnBlackSite,numberOfRobotsOnWhiteSite
11775,25,19
timeStep,numberOfRobotsOnBlackSite,numberOfRobotsOnWhiteSite
11776,25,19
timeStep,numberOfRobotsOnBlackSite,numberOfRobotsOnWhiteSite
11777,25,19
timeStep,numberOfRobotsOnBlackSite,numberOfRobotsOnWhiteSite
11778,25,19
timeStep,numberOfRobotsOnBlackSite,numberOfRobotsOnWhiteSite
11779,25,19
timeStep,numberOfRobotsOnBlackSite,numberOfRobotsOnWhiteSite
11780,25,19
timeStep,numberOfRobotsOnBlackSite,numberOfRobotsOnWhiteSite
11781,25,19
timeStep,numberOfRobotsOnBlackSite,numberOfRobotsOnWhiteSite
11782,25,19
timeStep,numberOfRobotsOnBlackSite,numberOfRobotsOnWhiteSite
11783,25,19
timeStep,numberOfRobotsOnBlackSite,numberOfRobotsOnWhiteSite
11784,25,19
timeStep,numberOfRobotsOnBlackSite,numberOfRobotsOnWhiteSite
11785,25,19
timeStep,numberOfRobotsOnBlackSite,numberOfRobotsOnWhiteSite
11786,25,19
timeStep,numberOfRobotsOnBlackSite,numberOfRobotsOnWhiteSite
11787,25,19
timeStep,numberOfRobotsOnBlackSite,numberOfRobotsOnWhiteSite
11788,25,19
timeStep,numberOfRobotsOnBlackSite,numberOfRobotsOnWhiteSite
11789,25,19
timeStep,numberOfRobotsOnBlackSite,numberOfRobotsOnWhiteSite
11790,25,19
timeStep,numberOfRobotsOnBlackSite,numberOfRobotsOnWhiteSite
11791,25,19
timeStep,numberOfRobotsOnBlackSite,numberOfRobotsOnWhiteSite
11792,25,19
timeStep,numberOfRobotsOnBlackSite,numberOfRobotsOnWhiteSite
11793,25,19
timeStep,numberOfRobotsOnBlackSite,numberOfRobotsOnWhiteSite
11794,25,19
timeStep,numberOfRobotsOnBlackSite,numberOfRobotsOnWhiteSite
11795,25,19
timeStep,numberOfRobotsOnBlackSite,numberOfRobotsOnWhiteSite
11796,25,19
timeStep,numberOfRobotsOnBlackSite,numberOfRobotsOnWhiteSite
11797,25,19
timeStep,numberOfRobotsOnBlackSite,numberOfRobotsOnWhiteSite
11798,25,19
timeStep,numberOfRobotsOnBlackSite,numberOfRobotsOnWhiteSite
11799,25,19
timeStep,numberOfRobotsOnBlackSite,numberOfRobotsOnWhiteSite
11800,24,19
timeStep,numberOfRobotsOnBlackSite,numberOfRobotsOnWhiteSite
11801,24,19
timeStep,numberOfRobotsOnBlackSite,numberOfRobotsOnWhiteSite
11802,24,19
timeStep,numberOfRobotsOnBlackSite,numberOfRobotsOnWhiteSite
11803,24,19
timeStep,numberOfRobotsOnBlackSite,numberOfRobotsOnWhiteSite
11804,24,19
timeStep,numberOfRobotsOnBlackSite,numberOfRobotsOnWhiteSite
11805,24,19
timeStep,numberOfRobotsOnBlackSite,numberOfRobotsOnWhiteSite
11806,24,19
timeStep,numberOfRobotsOnBlackSite,numberOfRobotsOnWhiteSite
11807,24,19
timeStep,numberOfRobotsOnBlackSite,numberOfRobotsOnWhiteSite
11808,24,19
timeStep,numberOfRobotsOnBlackSite,numberOfRobotsOnWhiteSite
11809,24,19
timeStep,numberOfRobotsOnBlackSite,numberOfRobotsOnWhiteSite
11810,24,19
timeStep,numberOfRobotsOnBlackSite,numberOfRobotsOnWhiteSite
11811,24,19
timeStep,numberOfRobotsOnBlackSite,numberOfRobotsOnWhiteSite
11812,24,19
timeStep,numberOfRobotsOnBlackSite,numberOfRobotsOnWhiteSite
11813,24,19
timeStep,numberOfRobotsOnBlackSite,numberOfRobotsOnWhiteSite
11814,24,19
timeStep,numberOfRobotsOnBlackSite,numberOfRobotsOnWhiteSite
11815,24,19
timeStep,numberOfRobotsOnBlackSite,numberOfRobotsOnWhiteSite
11816,24,19
timeStep,numberOfRobotsOnBlackSite,numberOfRobotsOnWhiteSite
11817,24,19
timeStep,numberOfRobotsOnBlackSite,numberOfRobotsOnWhiteSite
11818,24,19
timeStep,numberOfRobotsOnBlackSite,numberOfRobotsOnWhiteSite
11819,24,19
timeStep,numberOfRobotsOnBlackSite,numberOfRobotsOnWhiteSite
11820,24,19
timeStep,numberOfRobotsOnBlackSite,numberOfRobotsOnWhiteSite
11821,24,19
timeStep,numberOfRobotsOnBlackSite,numberOfRobotsOnWhiteSite
11822,24,19
timeStep,numberOfRobotsOnBlackSite,numberOfRobotsOnWhiteSite
11823,24,19
timeStep,numberOfRobotsOnBlackSite,numberOfRobotsOnWhiteSite
11824,24,19
timeStep,numberOfRobotsOnBlackSite,numberOfRobotsOnWhiteSite
11825,24,19
timeStep,numberOfRobotsOnBlackSite,numberOfRobotsOnWhiteSite
11826,24,19
timeStep,numberOfRobotsOnBlackSite,numberOfRobotsOnWhiteSite
11827,24,19
timeStep,numberOfRobotsOnBlackSite,numberOfRobotsOnWhiteSite
11828,24,19
timeStep,numberOfRobotsOnBlackSite,numberOfRobotsOnWhiteSite
11829,24,19
timeStep,numberOfRobotsOnBlackSite,numberOfRobotsOnWhiteSite
11830,24,19
timeStep,numberOfRobotsOnBlackSite,numberOfRobotsOnWhiteSite
11831,24,19
timeStep,numberOfRobotsOnBlackSite,numberOfRobotsOnWhiteSite
11832,24,19
timeStep,numberOfRobotsOnBlackSite,numberOfRobotsOnWhiteSite
11833,24,19
timeStep,numberOfRobotsOnBlackSite,numberOfRobotsOnWhiteSite
11834,24,19
timeStep,numberOfRobotsOnBlackSite,numberOfRobotsOnWhiteSite
11835,24,19
timeStep,numberOfRobotsOnBlackSite,numberOfRobotsOnWhiteSite
11836,24,19
timeStep,numberOfRobotsOnBlackSite,numberOfRobotsOnWhiteSite
11837,24,19
timeStep,numberOfRobotsOnBlackSite,numberOfRobotsOnWhiteSite
11838,24,19
timeStep,numberOfRobotsOnBlackSite,numberOfRobotsOnWhiteSite
11839,24,19
timeStep,numberOfRobotsOnBlackSite,numberOfRobotsOnWhiteSite
11840,24,19
timeStep,numberOfRobotsOnBlackSite,numberOfRobotsOnWhiteSite
11841,24,19
timeStep,numberOfRobotsOnBlackSite,numberOfRobotsOnWhiteSite
11842,24,19
timeStep,numberOfRobotsOnBlackSite,numberOfRobotsOnWhiteSite
11843,24,19
timeStep,numberOfRobotsOnBlackSite,numberOfRobotsOnWhiteSite
11844,24,19
timeStep,numberOfRobotsOnBlackSite,numberOfRobotsOnWhiteSite
11845,24,19
timeStep,numberOfRobotsOnBlackSite,numberOfRobotsOnWhiteSite
11846,24,19
timeStep,numberOfRobotsOnBlackSite,numberOfRobotsOnWhiteSite
11847,24,19
timeStep,numberOfRobotsOnBlackSite,numberOfRobotsOnWhiteSite
11848,24,19
timeStep,numberOfRobotsOnBlackSite,numberOfRobotsOnWhiteSite
11849,24,19
timeStep,numberOfRobotsOnBlackSite,numberOfRobotsOnWhiteSite
11850,24,19
timeStep,numberOfRobotsOnBlackSite,numberOfRobotsOnWhiteSite
11851,24,19
timeStep,numberOfRobotsOnBlackSite,numberOfRobotsOnWhiteSite
11852,24,19
timeStep,numberOfRobotsOnBlackSite,numberOfRobotsOnWhiteSite
11853,24,19
timeStep,numberOfRobotsOnBlackSite,numberOfRobotsOnWhiteSite
11854,24,19
timeStep,numberOfRobotsOnBlackSite,numberOfRobotsOnWhiteSite
11855,24,19
timeStep,numberOfRobotsOnBlackSite,numberOfRobotsOnWhiteSite
11856,24,19
timeStep,numberOfRobotsOnBlackSite,numberOfRobotsOnWhiteSite
11857,24,19
timeStep,numberOfRobotsOnBlackSite,numberOfRobotsOnWhiteSite
11858,24,19
timeStep,numberOfRobotsOnBlackSite,numberOfRobotsOnWhiteSite
11859,24,19
timeStep,numberOfRobotsOnBlackSite,numberOfRobotsOnWhiteSite
11860,24,19
timeStep,numberOfRobotsOnBlackSite,numberOfRobotsOnWhiteSite
11861,24,19
timeStep,numberOfRobotsOnBlackSite,numberOfRobotsOnWhiteSite
11862,24,19
timeStep,numberOfRobotsOnBlackSite,numberOfRobotsOnWhiteSite
11863,24,19
timeStep,numberOfRobotsOnBlackSite,numberOfRobotsOnWhiteSite
11864,24,19
timeStep,numberOfRobotsOnBlackSite,numberOfRobotsOnWhiteSite
11865,24,19
timeStep,numberOfRobotsOnBlackSite,numberOfRobotsOnWhiteSite
11866,24,19
timeStep,numberOfRobotsOnBlackSite,numberOfRobotsOnWhiteSite
11867,24,19
timeStep,numberOfRobotsOnBlackSite,numberOfRobotsOnWhiteSite
11868,24,19
timeStep,numberOfRobotsOnBlackSite,numberOfRobotsOnWhiteSite
11869,24,19
timeStep,numberOfRobotsOnBlackSite,numberOfRobotsOnWhiteSite
11870,24,19
timeStep,numberOfRobotsOnBlackSite,numberOfRobotsOnWhiteSite
11871,24,19
timeStep,numberOfRobotsOnBlackSite,numberOfRobotsOnWhiteSite
11872,24,19
timeStep,numberOfRobotsOnBlackSite,numberOfRobotsOnWhiteSite
11873,24,19
timeStep,numberOfRobotsOnBlackSite,numberOfRobotsOnWhiteSite
11874,24,19
timeStep,numberOfRobotsOnBlackSite,numberOfRobotsOnWhiteSite
11875,24,19
timeStep,numberOfRobotsOnBlackSite,numberOfRobotsOnWhiteSite
11876,24,19
timeStep,numberOfRobotsOnBlackSite,numberOfRobotsOnWhiteSite
11877,24,19
timeStep,numberOfRobotsOnBlackSite,numberOfRobotsOnWhiteSite
11878,24,19
timeStep,numberOfRobotsOnBlackSite,numberOfRobotsOnWhiteSite
11879,24,19
timeStep,numberOfRobotsOnBlackSite,numberOfRobotsOnWhiteSite
11880,24,19
timeStep,numberOfRobotsOnBlackSite,numberOfRobotsOnWhiteSite
11881,24,19
timeStep,numberOfRobotsOnBlackSite,numberOfRobotsOnWhiteSite
11882,24,19
timeStep,numberOfRobotsOnBlackSite,numberOfRobotsOnWhiteSite
11883,24,19
timeStep,numberOfRobotsOnBlackSite,numberOfRobotsOnWhiteSite
11884,24,19
timeStep,numberOfRobotsOnBlackSite,numberOfRobotsOnWhiteSite
11885,24,19
timeStep,numberOfRobotsOnBlackSite,numberOfRobotsOnWhiteSite
11886,24,19
timeStep,numberOfRobotsOnBlackSite,numberOfRobotsOnWhiteSite
11887,24,19
timeStep,numberOfRobotsOnBlackSite,numberOfRobotsOnWhiteSite
11888,24,19
timeStep,numberOfRobotsOnBlackSite,numberOfRobotsOnWhiteSite
11889,24,19
timeStep,numberOfRobotsOnBlackSite,numberOfRobotsOnWhiteSite
11890,24,19
timeStep,numberOfRobotsOnBlackSite,numberOfRobotsOnWhiteSite
11891,24,19
timeStep,numberOfRobotsOnBlackSite,numberOfRobotsOnWhiteSite
11892,24,19
timeStep,numberOfRobotsOnBlackSite,numberOfRobotsOnWhiteSite
11893,24,19
timeStep,numberOfRobotsOnBlackSite,numberOfRobotsOnWhiteSite
11894,24,19
timeStep,numberOfRobotsOnBlackSite,numberOfRobotsOnWhiteSite
11895,24,19
timeStep,numberOfRobotsOnBlackSite,numberOfRobotsOnWhiteSite
11896,24,19
timeStep,numberOfRobotsOnBlackSite,numberOfRobotsOnWhiteSite
11897,24,19
timeStep,numberOfRobotsOnBlackSite,numberOfRobotsOnWhiteSite
11898,24,19
timeStep,numberOfRobotsOnBlackSite,numberOfRobotsOnWhiteSite
11899,24,19
timeStep,numberOfRobotsOnBlackSite,numberOfRobotsOnWhiteSite
11900,24,19
timeStep,numberOfRobotsOnBlackSite,numberOfRobotsOnWhiteSite
11901,24,19
timeStep,numberOfRobotsOnBlackSite,numberOfRobotsOnWhiteSite
11902,24,19
timeStep,numberOfRobotsOnBlackSite,numberOfRobotsOnWhiteSite
11903,24,19
timeStep,numberOfRobotsOnBlackSite,numberOfRobotsOnWhiteSite
11904,24,19
timeStep,numberOfRobotsOnBlackSite,numberOfRobotsOnWhiteSite
11905,24,19
timeStep,numberOfRobotsOnBlackSite,numberOfRobotsOnWhiteSite
11906,24,19
timeStep,numberOfRobotsOnBlackSite,numberOfRobotsOnWhiteSite
11907,24,19
timeStep,numberOfRobotsOnBlackSite,numberOfRobotsOnWhiteSite
11908,24,19
timeStep,numberOfRobotsOnBlackSite,numberOfRobotsOnWhiteSite
11909,24,19
timeStep,numberOfRobotsOnBlackSite,numberOfRobotsOnWhiteSite
11910,24,19
timeStep,numberOfRobotsOnBlackSite,numberOfRobotsOnWhiteSite
11911,24,19
timeStep,numberOfRobotsOnBlackSite,numberOfRobotsOnWhiteSite
11912,24,19
timeStep,numberOfRobotsOnBlackSite,numberOfRobotsOnWhiteSite
11913,24,19
timeStep,numberOfRobotsOnBlackSite,numberOfRobotsOnWhiteSite
11914,24,19
timeStep,numberOfRobotsOnBlackSite,numberOfRobotsOnWhiteSite
11915,24,19
timeStep,numberOfRobotsOnBlackSite,numberOfRobotsOnWhiteSite
11916,24,19
timeStep,numberOfRobotsOnBlackSite,numberOfRobotsOnWhiteSite
11917,24,19
timeStep,numberOfRobotsOnBlackSite,numberOfRobotsOnWhiteSite
11918,24,19
timeStep,numberOfRobotsOnBlackSite,numberOfRobotsOnWhiteSite
11919,24,19
timeStep,numberOfRobotsOnBlackSite,numberOfRobotsOnWhiteSite
11920,24,19
timeStep,numberOfRobotsOnBlackSite,numberOfRobotsOnWhiteSite
11921,24,19
timeStep,numberOfRobotsOnBlackSite,numberOfRobotsOnWhiteSite
11922,24,19
timeStep,numberOfRobotsOnBlackSite,numberOfRobotsOnWhiteSite
11923,24,19
timeStep,numberOfRobotsOnBlackSite,numberOfRobotsOnWhiteSite
11924,24,19
timeStep,numberOfRobotsOnBlackSite,numberOfRobotsOnWhiteSite
11925,24,19
timeStep,numberOfRobotsOnBlackSite,numberOfRobotsOnWhiteSite
11926,24,19
timeStep,numberOfRobotsOnBlackSite,numberOfRobotsOnWhiteSite
11927,24,19
timeStep,numberOfRobotsOnBlackSite,numberOfRobotsOnWhiteSite
11928,24,19
timeStep,numberOfRobotsOnBlackSite,numberOfRobotsOnWhiteSite
11929,24,19
timeStep,numberOfRobotsOnBlackSite,numberOfRobotsOnWhiteSite
11930,24,19
timeStep,numberOfRobotsOnBlackSite,numberOfRobotsOnWhiteSite
11931,24,19
timeStep,numberOfRobotsOnBlackSite,numberOfRobotsOnWhiteSite
11932,24,19
timeStep,numberOfRobotsOnBlackSite,numberOfRobotsOnWhiteSite
11933,24,19
timeStep,numberOfRobotsOnBlackSite,numberOfRobotsOnWhiteSite
11934,24,19
timeStep,numberOfRobotsOnBlackSite,numberOfRobotsOnWhiteSite
11935,24,19
timeStep,numberOfRobotsOnBlackSite,numberOfRobotsOnWhiteSite
11936,24,19
timeStep,numberOfRobotsOnBlackSite,numberOfRobotsOnWhiteSite
11937,24,19
timeStep,numberOfRobotsOnBlackSite,numberOfRobotsOnWhiteSite
11938,24,19
timeStep,numberOfRobotsOnBlackSite,numberOfRobotsOnWhiteSite
11939,24,19
timeStep,numberOfRobotsOnBlackSite,numberOfRobotsOnWhiteSite
11940,24,19
timeStep,numberOfRobotsOnBlackSite,numberOfRobotsOnWhiteSite
11941,24,19
timeStep,numberOfRobotsOnBlackSite,numberOfRobotsOnWhiteSite
11942,24,19
timeStep,numberOfRobotsOnBlackSite,numberOfRobotsOnWhiteSite
11943,24,19
timeStep,numberOfRobotsOnBlackSite,numberOfRobotsOnWhiteSite
11944,24,19
timeStep,numberOfRobotsOnBlackSite,numberOfRobotsOnWhiteSite
11945,24,19
timeStep,numberOfRobotsOnBlackSite,numberOfRobotsOnWhiteSite
11946,24,19
timeStep,numberOfRobotsOnBlackSite,numberOfRobotsOnWhiteSite
11947,24,19
timeStep,numberOfRobotsOnBlackSite,numberOfRobotsOnWhiteSite
11948,24,19
timeStep,numberOfRobotsOnBlackSite,numberOfRobotsOnWhiteSite
11949,24,19
timeStep,numberOfRobotsOnBlackSite,numberOfRobotsOnWhiteSite
11950,24,19
timeStep,numberOfRobotsOnBlackSite,numberOfRobotsOnWhiteSite
11951,24,19
timeStep,numberOfRobotsOnBlackSite,numberOfRobotsOnWhiteSite
11952,24,19
timeStep,numberOfRobotsOnBlackSite,numberOfRobotsOnWhiteSite
11953,24,19
timeStep,numberOfRobotsOnBlackSite,numberOfRobotsOnWhiteSite
11954,24,19
timeStep,numberOfRobotsOnBlackSite,numberOfRobotsOnWhiteSite
11955,24,19
timeStep,numberOfRobotsOnBlackSite,numberOfRobotsOnWhiteSite
11956,24,19
timeStep,numberOfRobotsOnBlackSite,numberOfRobotsOnWhiteSite
11957,24,19
timeStep,numberOfRobotsOnBlackSite,numberOfRobotsOnWhiteSite
11958,24,19
timeStep,numberOfRobotsOnBlackSite,numberOfRobotsOnWhiteSite
11959,24,19
timeStep,numberOfRobotsOnBlackSite,numberOfRobotsOnWhiteSite
11960,24,19
timeStep,numberOfRobotsOnBlackSite,numberOfRobotsOnWhiteSite
11961,24,19
timeStep,numberOfRobotsOnBlackSite,numberOfRobotsOnWhiteSite
11962,24,19
timeStep,numberOfRobotsOnBlackSite,numberOfRobotsOnWhiteSite
11963,24,19
timeStep,numberOfRobotsOnBlackSite,numberOfRobotsOnWhiteSite
11964,24,19
timeStep,numberOfRobotsOnBlackSite,numberOfRobotsOnWhiteSite
11965,24,19
timeStep,numberOfRobotsOnBlackSite,numberOfRobotsOnWhiteSite
11966,24,19
timeStep,numberOfRobotsOnBlackSite,numberOfRobotsOnWhiteSite
11967,24,19
timeStep,numberOfRobotsOnBlackSite,numberOfRobotsOnWhiteSite
11968,24,19
timeStep,numberOfRobotsOnBlackSite,numberOfRobotsOnWhiteSite
11969,24,19
timeStep,numberOfRobotsOnBlackSite,numberOfRobotsOnWhiteSite
11970,24,19
timeStep,numberOfRobotsOnBlackSite,numberOfRobotsOnWhiteSite
11971,24,19
timeStep,numberOfRobotsOnBlackSite,numberOfRobotsOnWhiteSite
11972,24,19
timeStep,numberOfRobotsOnBlackSite,numberOfRobotsOnWhiteSite
11973,24,19
timeStep,numberOfRobotsOnBlackSite,numberOfRobotsOnWhiteSite
11974,24,19
timeStep,numberOfRobotsOnBlackSite,numberOfRobotsOnWhiteSite
11975,24,19
timeStep,numberOfRobotsOnBlackSite,numberOfRobotsOnWhiteSite
11976,24,19
timeStep,numberOfRobotsOnBlackSite,numberOfRobotsOnWhiteSite
11977,24,19
timeStep,numberOfRobotsOnBlackSite,numberOfRobotsOnWhiteSite
11978,24,19
timeStep,numberOfRobotsOnBlackSite,numberOfRobotsOnWhiteSite
11979,24,19
timeStep,numberOfRobotsOnBlackSite,numberOfRobotsOnWhiteSite
11980,24,19
timeStep,numberOfRobotsOnBlackSite,numberOfRobotsOnWhiteSite
11981,24,19
timeStep,numberOfRobotsOnBlackSite,numberOfRobotsOnWhiteSite
11982,24,19
timeStep,numberOfRobotsOnBlackSite,numberOfRobotsOnWhiteSite
11983,24,19
timeStep,numberOfRobotsOnBlackSite,numberOfRobotsOnWhiteSite
11984,24,19
timeStep,numberOfRobotsOnBlackSite,numberOfRobotsOnWhiteSite
11985,24,19
timeStep,numberOfRobotsOnBlackSite,numberOfRobotsOnWhiteSite
11986,24,19
timeStep,numberOfRobotsOnBlackSite,numberOfRobotsOnWhiteSite
11987,24,19
timeStep,numberOfRobotsOnBlackSite,numberOfRobotsOnWhiteSite
11988,24,19
timeStep,numberOfRobotsOnBlackSite,numberOfRobotsOnWhiteSite
11989,24,19
timeStep,numberOfRobotsOnBlackSite,numberOfRobotsOnWhiteSite
11990,24,19
timeStep,numberOfRobotsOnBlackSite,numberOfRobotsOnWhiteSite
11991,24,19
timeStep,numberOfRobotsOnBlackSite,numberOfRobotsOnWhiteSite
11992,24,19
timeStep,numberOfRobotsOnBlackSite,numberOfRobotsOnWhiteSite
11993,24,19
timeStep,numberOfRobotsOnBlackSite,numberOfRobotsOnWhiteSite
11994,24,19
timeStep,numberOfRobotsOnBlackSite,numberOfRobotsOnWhiteSite
11995,24,19
timeStep,numberOfRobotsOnBlackSite,numberOfRobotsOnWhiteSite
11996,24,19
timeStep,numberOfRobotsOnBlackSite,numberOfRobotsOnWhiteSite
11997,24,19
timeStep,numberOfRobotsOnBlackSite,numberOfRobotsOnWhiteSite
11998,24,19
timeStep,numberOfRobotsOnBlackSite,numberOfRobotsOnWhiteSite
11999,24,19
timeStep,numberOfRobotsOnBlackSite,numberOfRobotsOnWhiteSite
12000,24,19
timeStep,numberOfRobotsOnBlackSite,numberOfRobotsOnWhiteSite
12001,24,19
timeStep,numberOfRobotsOnBlackSite,numberOfRobotsOnWhiteSite
12002,24,19
timeStep,numberOfRobotsOnBlackSite,numberOfRobotsOnWhiteSite
12003,24,19
timeStep,numberOfRobotsOnBlackSite,numberOfRobotsOnWhiteSite
12004,24,19
timeStep,numberOfRobotsOnBlackSite,numberOfRobotsOnWhiteSite
12005,24,19
timeStep,numberOfRobotsOnBlackSite,numberOfRobotsOnWhiteSite
12006,24,19
timeStep,numberOfRobotsOnBlackSite,numberOfRobotsOnWhiteSite
12007,24,19
timeStep,numberOfRobotsOnBlackSite,numberOfRobotsOnWhiteSite
12008,24,19
timeStep,numberOfRobotsOnBlackSite,numberOfRobotsOnWhiteSite
12009,24,19
timeStep,numberOfRobotsOnBlackSite,numberOfRobotsOnWhiteSite
12010,24,19
timeStep,numberOfRobotsOnBlackSite,numberOfRobotsOnWhiteSite
12011,24,19
timeStep,numberOfRobotsOnBlackSite,numberOfRobotsOnWhiteSite
12012,24,19
timeStep,numberOfRobotsOnBlackSite,numberOfRobotsOnWhiteSite
12013,24,19
timeStep,numberOfRobotsOnBlackSite,numberOfRobotsOnWhiteSite
12014,24,19
timeStep,numberOfRobotsOnBlackSite,numberOfRobotsOnWhiteSite
12015,23,19
timeStep,numberOfRobotsOnBlackSite,numberOfRobotsOnWhiteSite
12016,23,19
timeStep,numberOfRobotsOnBlackSite,numberOfRobotsOnWhiteSite
12017,23,19
timeStep,numberOfRobotsOnBlackSite,numberOfRobotsOnWhiteSite
12018,23,19
timeStep,numberOfRobotsOnBlackSite,numberOfRobotsOnWhiteSite
12019,23,19
timeStep,numberOfRobotsOnBlackSite,numberOfRobotsOnWhiteSite
12020,23,19
timeStep,numberOfRobotsOnBlackSite,numberOfRobotsOnWhiteSite
12021,23,19
timeStep,numberOfRobotsOnBlackSite,numberOfRobotsOnWhiteSite
12022,23,19
timeStep,numberOfRobotsOnBlackSite,numberOfRobotsOnWhiteSite
12023,23,19
timeStep,numberOfRobotsOnBlackSite,numberOfRobotsOnWhiteSite
12024,23,19
timeStep,numberOfRobotsOnBlackSite,numberOfRobotsOnWhiteSite
12025,23,19
timeStep,numberOfRobotsOnBlackSite,numberOfRobotsOnWhiteSite
12026,23,19
timeStep,numberOfRobotsOnBlackSite,numberOfRobotsOnWhiteSite
12027,23,19
timeStep,numberOfRobotsOnBlackSite,numberOfRobotsOnWhiteSite
12028,23,19
timeStep,numberOfRobotsOnBlackSite,numberOfRobotsOnWhiteSite
12029,23,19
timeStep,numberOfRobotsOnBlackSite,numberOfRobotsOnWhiteSite
12030,23,18
timeStep,numberOfRobotsOnBlackSite,numberOfRobotsOnWhiteSite
12031,23,18
timeStep,numberOfRobotsOnBlackSite,numberOfRobotsOnWhiteSite
12032,23,18
timeStep,numberOfRobotsOnBlackSite,numberOfRobotsOnWhiteSite
12033,23,18
timeStep,numberOfRobotsOnBlackSite,numberOfRobotsOnWhiteSite
12034,23,18
timeStep,numberOfRobotsOnBlackSite,numberOfRobotsOnWhiteSite
12035,23,18
timeStep,numberOfRobotsOnBlackSite,numberOfRobotsOnWhiteSite
12036,23,18
timeStep,numberOfRobotsOnBlackSite,numberOfRobotsOnWhiteSite
12037,23,18
timeStep,numberOfRobotsOnBlackSite,numberOfRobotsOnWhiteSite
12038,23,18
timeStep,numberOfRobotsOnBlackSite,numberOfRobotsOnWhiteSite
12039,23,18
timeStep,numberOfRobotsOnBlackSite,numberOfRobotsOnWhiteSite
12040,23,18
timeStep,numberOfRobotsOnBlackSite,numberOfRobotsOnWhiteSite
12041,23,18
timeStep,numberOfRobotsOnBlackSite,numberOfRobotsOnWhiteSite
12042,23,18
timeStep,numberOfRobotsOnBlackSite,numberOfRobotsOnWhiteSite
12043,23,18
timeStep,numberOfRobotsOnBlackSite,numberOfRobotsOnWhiteSite
12044,23,18
timeStep,numberOfRobotsOnBlackSite,numberOfRobotsOnWhiteSite
12045,23,19
timeStep,numberOfRobotsOnBlackSite,numberOfRobotsOnWhiteSite
12046,23,19
timeStep,numberOfRobotsOnBlackSite,numberOfRobotsOnWhiteSite
12047,23,19
timeStep,numberOfRobotsOnBlackSite,numberOfRobotsOnWhiteSite
12048,23,19
timeStep,numberOfRobotsOnBlackSite,numberOfRobotsOnWhiteSite
12049,23,19
timeStep,numberOfRobotsOnBlackSite,numberOfRobotsOnWhiteSite
12050,23,19
timeStep,numberOfRobotsOnBlackSite,numberOfRobotsOnWhiteSite
12051,23,19
timeStep,numberOfRobotsOnBlackSite,numberOfRobotsOnWhiteSite
12052,23,19
timeStep,numberOfRobotsOnBlackSite,numberOfRobotsOnWhiteSite
12053,23,19
timeStep,numberOfRobotsOnBlackSite,numberOfRobotsOnWhiteSite
12054,23,19
timeStep,numberOfRobotsOnBlackSite,numberOfRobotsOnWhiteSite
12055,23,19
timeStep,numberOfRobotsOnBlackSite,numberOfRobotsOnWhiteSite
12056,23,19
timeStep,numberOfRobotsOnBlackSite,numberOfRobotsOnWhiteSite
12057,23,19
timeStep,numberOfRobotsOnBlackSite,numberOfRobotsOnWhiteSite
12058,23,19
timeStep,numberOfRobotsOnBlackSite,numberOfRobotsOnWhiteSite
12059,23,19
timeStep,numberOfRobotsOnBlackSite,numberOfRobotsOnWhiteSite
12060,23,19
timeStep,numberOfRobotsOnBlackSite,numberOfRobotsOnWhiteSite
12061,23,19
timeStep,numberOfRobotsOnBlackSite,numberOfRobotsOnWhiteSite
12062,23,19
timeStep,numberOfRobotsOnBlackSite,numberOfRobotsOnWhiteSite
12063,23,19
timeStep,numberOfRobotsOnBlackSite,numberOfRobotsOnWhiteSite
12064,23,19
timeStep,numberOfRobotsOnBlackSite,numberOfRobotsOnWhiteSite
12065,23,19
timeStep,numberOfRobotsOnBlackSite,numberOfRobotsOnWhiteSite
12066,23,19
timeStep,numberOfRobotsOnBlackSite,numberOfRobotsOnWhiteSite
12067,23,19
timeStep,numberOfRobotsOnBlackSite,numberOfRobotsOnWhiteSite
12068,23,19
timeStep,numberOfRobotsOnBlackSite,numberOfRobotsOnWhiteSite
12069,23,19
timeStep,numberOfRobotsOnBlackSite,numberOfRobotsOnWhiteSite
12070,23,19
timeStep,numberOfRobotsOnBlackSite,numberOfRobotsOnWhiteSite
12071,23,19
timeStep,numberOfRobotsOnBlackSite,numberOfRobotsOnWhiteSite
12072,23,19
timeStep,numberOfRobotsOnBlackSite,numberOfRobotsOnWhiteSite
12073,23,19
timeStep,numberOfRobotsOnBlackSite,numberOfRobotsOnWhiteSite
12074,23,19
timeStep,numberOfRobotsOnBlackSite,numberOfRobotsOnWhiteSite
12075,23,19
timeStep,numberOfRobotsOnBlackSite,numberOfRobotsOnWhiteSite
12076,23,19
timeStep,numberOfRobotsOnBlackSite,numberOfRobotsOnWhiteSite
12077,23,19
timeStep,numberOfRobotsOnBlackSite,numberOfRobotsOnWhiteSite
12078,23,19
timeStep,numberOfRobotsOnBlackSite,numberOfRobotsOnWhiteSite
12079,23,19
timeStep,numberOfRobotsOnBlackSite,numberOfRobotsOnWhiteSite
12080,23,19
timeStep,numberOfRobotsOnBlackSite,numberOfRobotsOnWhiteSite
12081,23,19
timeStep,numberOfRobotsOnBlackSite,numberOfRobotsOnWhiteSite
12082,23,19
timeStep,numberOfRobotsOnBlackSite,numberOfRobotsOnWhiteSite
12083,23,19
timeStep,numberOfRobotsOnBlackSite,numberOfRobotsOnWhiteSite
12084,23,19
timeStep,numberOfRobotsOnBlackSite,numberOfRobotsOnWhiteSite
12085,23,19
timeStep,numberOfRobotsOnBlackSite,numberOfRobotsOnWhiteSite
12086,23,19
timeStep,numberOfRobotsOnBlackSite,numberOfRobotsOnWhiteSite
12087,23,19
timeStep,numberOfRobotsOnBlackSite,numberOfRobotsOnWhiteSite
12088,23,19
timeStep,numberOfRobotsOnBlackSite,numberOfRobotsOnWhiteSite
12089,23,19
timeStep,numberOfRobotsOnBlackSite,numberOfRobotsOnWhiteSite
12090,23,19
timeStep,numberOfRobotsOnBlackSite,numberOfRobotsOnWhiteSite
12091,23,19
timeStep,numberOfRobotsOnBlackSite,numberOfRobotsOnWhiteSite
12092,23,19
timeStep,numberOfRobotsOnBlackSite,numberOfRobotsOnWhiteSite
12093,23,19
timeStep,numberOfRobotsOnBlackSite,numberOfRobotsOnWhiteSite
12094,23,19
timeStep,numberOfRobotsOnBlackSite,numberOfRobotsOnWhiteSite
12095,23,19
timeStep,numberOfRobotsOnBlackSite,numberOfRobotsOnWhiteSite
12096,23,19
timeStep,numberOfRobotsOnBlackSite,numberOfRobotsOnWhiteSite
12097,23,19
timeStep,numberOfRobotsOnBlackSite,numberOfRobotsOnWhiteSite
12098,23,19
timeStep,numberOfRobotsOnBlackSite,numberOfRobotsOnWhiteSite
12099,23,19
timeStep,numberOfRobotsOnBlackSite,numberOfRobotsOnWhiteSite
12100,23,19
timeStep,numberOfRobotsOnBlackSite,numberOfRobotsOnWhiteSite
12101,23,19
timeStep,numberOfRobotsOnBlackSite,numberOfRobotsOnWhiteSite
12102,23,19
timeStep,numberOfRobotsOnBlackSite,numberOfRobotsOnWhiteSite
12103,23,19
timeStep,numberOfRobotsOnBlackSite,numberOfRobotsOnWhiteSite
12104,23,19
timeStep,numberOfRobotsOnBlackSite,numberOfRobotsOnWhiteSite
12105,23,20
timeStep,numberOfRobotsOnBlackSite,numberOfRobotsOnWhiteSite
12106,23,20
timeStep,numberOfRobotsOnBlackSite,numberOfRobotsOnWhiteSite
12107,23,20
timeStep,numberOfRobotsOnBlackSite,numberOfRobotsOnWhiteSite
12108,23,20
timeStep,numberOfRobotsOnBlackSite,numberOfRobotsOnWhiteSite
12109,23,20
timeStep,numberOfRobotsOnBlackSite,numberOfRobotsOnWhiteSite
12110,23,20
timeStep,numberOfRobotsOnBlackSite,numberOfRobotsOnWhiteSite
12111,23,20
timeStep,numberOfRobotsOnBlackSite,numberOfRobotsOnWhiteSite
12112,23,20
timeStep,numberOfRobotsOnBlackSite,numberOfRobotsOnWhiteSite
12113,23,20
timeStep,numberOfRobotsOnBlackSite,numberOfRobotsOnWhiteSite
12114,23,20
timeStep,numberOfRobotsOnBlackSite,numberOfRobotsOnWhiteSite
12115,23,20
timeStep,numberOfRobotsOnBlackSite,numberOfRobotsOnWhiteSite
12116,23,20
timeStep,numberOfRobotsOnBlackSite,numberOfRobotsOnWhiteSite
12117,23,20
timeStep,numberOfRobotsOnBlackSite,numberOfRobotsOnWhiteSite
12118,23,20
timeStep,numberOfRobotsOnBlackSite,numberOfRobotsOnWhiteSite
12119,23,20
timeStep,numberOfRobotsOnBlackSite,numberOfRobotsOnWhiteSite
12120,23,20
timeStep,numberOfRobotsOnBlackSite,numberOfRobotsOnWhiteSite
12121,23,20
timeStep,numberOfRobotsOnBlackSite,numberOfRobotsOnWhiteSite
12122,23,20
timeStep,numberOfRobotsOnBlackSite,numberOfRobotsOnWhiteSite
12123,23,20
timeStep,numberOfRobotsOnBlackSite,numberOfRobotsOnWhiteSite
12124,23,20
timeStep,numberOfRobotsOnBlackSite,numberOfRobotsOnWhiteSite
12125,23,20
timeStep,numberOfRobotsOnBlackSite,numberOfRobotsOnWhiteSite
12126,23,20
timeStep,numberOfRobotsOnBlackSite,numberOfRobotsOnWhiteSite
12127,23,20
timeStep,numberOfRobotsOnBlackSite,numberOfRobotsOnWhiteSite
12128,23,20
timeStep,numberOfRobotsOnBlackSite,numberOfRobotsOnWhiteSite
12129,23,20
timeStep,numberOfRobotsOnBlackSite,numberOfRobotsOnWhiteSite
12130,23,20
timeStep,numberOfRobotsOnBlackSite,numberOfRobotsOnWhiteSite
12131,23,20
timeStep,numberOfRobotsOnBlackSite,numberOfRobotsOnWhiteSite
12132,23,20
timeStep,numberOfRobotsOnBlackSite,numberOfRobotsOnWhiteSite
12133,23,20
timeStep,numberOfRobotsOnBlackSite,numberOfRobotsOnWhiteSite
12134,23,20
timeStep,numberOfRobotsOnBlackSite,numberOfRobotsOnWhiteSite
12135,23,20
timeStep,numberOfRobotsOnBlackSite,numberOfRobotsOnWhiteSite
12136,23,20
timeStep,numberOfRobotsOnBlackSite,numberOfRobotsOnWhiteSite
12137,23,20
timeStep,numberOfRobotsOnBlackSite,numberOfRobotsOnWhiteSite
12138,23,20
timeStep,numberOfRobotsOnBlackSite,numberOfRobotsOnWhiteSite
12139,23,20
timeStep,numberOfRobotsOnBlackSite,numberOfRobotsOnWhiteSite
12140,23,20
timeStep,numberOfRobotsOnBlackSite,numberOfRobotsOnWhiteSite
12141,23,20
timeStep,numberOfRobotsOnBlackSite,numberOfRobotsOnWhiteSite
12142,23,20
timeStep,numberOfRobotsOnBlackSite,numberOfRobotsOnWhiteSite
12143,23,20
timeStep,numberOfRobotsOnBlackSite,numberOfRobotsOnWhiteSite
12144,23,20
timeStep,numberOfRobotsOnBlackSite,numberOfRobotsOnWhiteSite
12145,23,20
timeStep,numberOfRobotsOnBlackSite,numberOfRobotsOnWhiteSite
12146,23,20
timeStep,numberOfRobotsOnBlackSite,numberOfRobotsOnWhiteSite
12147,23,20
timeStep,numberOfRobotsOnBlackSite,numberOfRobotsOnWhiteSite
12148,23,20
timeStep,numberOfRobotsOnBlackSite,numberOfRobotsOnWhiteSite
12149,23,20
timeStep,numberOfRobotsOnBlackSite,numberOfRobotsOnWhiteSite
12150,23,20
timeStep,numberOfRobotsOnBlackSite,numberOfRobotsOnWhiteSite
12151,23,20
timeStep,numberOfRobotsOnBlackSite,numberOfRobotsOnWhiteSite
12152,23,20
timeStep,numberOfRobotsOnBlackSite,numberOfRobotsOnWhiteSite
12153,23,20
timeStep,numberOfRobotsOnBlackSite,numberOfRobotsOnWhiteSite
12154,23,20
timeStep,numberOfRobotsOnBlackSite,numberOfRobotsOnWhiteSite
12155,23,20
timeStep,numberOfRobotsOnBlackSite,numberOfRobotsOnWhiteSite
12156,23,20
timeStep,numberOfRobotsOnBlackSite,numberOfRobotsOnWhiteSite
12157,23,20
timeStep,numberOfRobotsOnBlackSite,numberOfRobotsOnWhiteSite
12158,23,20
timeStep,numberOfRobotsOnBlackSite,numberOfRobotsOnWhiteSite
12159,23,20
timeStep,numberOfRobotsOnBlackSite,numberOfRobotsOnWhiteSite
12160,23,20
timeStep,numberOfRobotsOnBlackSite,numberOfRobotsOnWhiteSite
12161,23,20
timeStep,numberOfRobotsOnBlackSite,numberOfRobotsOnWhiteSite
12162,23,20
timeStep,numberOfRobotsOnBlackSite,numberOfRobotsOnWhiteSite
12163,23,20
timeStep,numberOfRobotsOnBlackSite,numberOfRobotsOnWhiteSite
12164,23,20
timeStep,numberOfRobotsOnBlackSite,numberOfRobotsOnWhiteSite
12165,23,20
timeStep,numberOfRobotsOnBlackSite,numberOfRobotsOnWhiteSite
12166,23,20
timeStep,numberOfRobotsOnBlackSite,numberOfRobotsOnWhiteSite
12167,23,20
timeStep,numberOfRobotsOnBlackSite,numberOfRobotsOnWhiteSite
12168,23,20
timeStep,numberOfRobotsOnBlackSite,numberOfRobotsOnWhiteSite
12169,23,20
timeStep,numberOfRobotsOnBlackSite,numberOfRobotsOnWhiteSite
12170,23,20
timeStep,numberOfRobotsOnBlackSite,numberOfRobotsOnWhiteSite
12171,23,20
timeStep,numberOfRobotsOnBlackSite,numberOfRobotsOnWhiteSite
12172,23,20
timeStep,numberOfRobotsOnBlackSite,numberOfRobotsOnWhiteSite
12173,23,20
timeStep,numberOfRobotsOnBlackSite,numberOfRobotsOnWhiteSite
12174,23,20
timeStep,numberOfRobotsOnBlackSite,numberOfRobotsOnWhiteSite
12175,23,20
timeStep,numberOfRobotsOnBlackSite,numberOfRobotsOnWhiteSite
12176,23,20
timeStep,numberOfRobotsOnBlackSite,numberOfRobotsOnWhiteSite
12177,23,20
timeStep,numberOfRobotsOnBlackSite,numberOfRobotsOnWhiteSite
12178,23,20
timeStep,numberOfRobotsOnBlackSite,numberOfRobotsOnWhiteSite
12179,23,20
timeStep,numberOfRobotsOnBlackSite,numberOfRobotsOnWhiteSite
12180,24,20
timeStep,numberOfRobotsOnBlackSite,numberOfRobotsOnWhiteSite
12181,24,20
timeStep,numberOfRobotsOnBlackSite,numberOfRobotsOnWhiteSite
12182,24,20
timeStep,numberOfRobotsOnBlackSite,numberOfRobotsOnWhiteSite
12183,24,20
timeStep,numberOfRobotsOnBlackSite,numberOfRobotsOnWhiteSite
12184,24,20
timeStep,numberOfRobotsOnBlackSite,numberOfRobotsOnWhiteSite
12185,24,20
timeStep,numberOfRobotsOnBlackSite,numberOfRobotsOnWhiteSite
12186,24,20
timeStep,numberOfRobotsOnBlackSite,numberOfRobotsOnWhiteSite
12187,24,20
timeStep,numberOfRobotsOnBlackSite,numberOfRobotsOnWhiteSite
12188,24,20
timeStep,numberOfRobotsOnBlackSite,numberOfRobotsOnWhiteSite
12189,24,20
timeStep,numberOfRobotsOnBlackSite,numberOfRobotsOnWhiteSite
12190,24,20
timeStep,numberOfRobotsOnBlackSite,numberOfRobotsOnWhiteSite
12191,24,20
timeStep,numberOfRobotsOnBlackSite,numberOfRobotsOnWhiteSite
12192,24,20
timeStep,numberOfRobotsOnBlackSite,numberOfRobotsOnWhiteSite
12193,24,20
timeStep,numberOfRobotsOnBlackSite,numberOfRobotsOnWhiteSite
12194,24,20
timeStep,numberOfRobotsOnBlackSite,numberOfRobotsOnWhiteSite
12195,24,20
timeStep,numberOfRobotsOnBlackSite,numberOfRobotsOnWhiteSite
12196,24,20
timeStep,numberOfRobotsOnBlackSite,numberOfRobotsOnWhiteSite
12197,24,20
timeStep,numberOfRobotsOnBlackSite,numberOfRobotsOnWhiteSite
12198,24,20
timeStep,numberOfRobotsOnBlackSite,numberOfRobotsOnWhiteSite
12199,24,20
timeStep,numberOfRobotsOnBlackSite,numberOfRobotsOnWhiteSite
12200,24,20
timeStep,numberOfRobotsOnBlackSite,numberOfRobotsOnWhiteSite
12201,24,20
timeStep,numberOfRobotsOnBlackSite,numberOfRobotsOnWhiteSite
12202,24,20
timeStep,numberOfRobotsOnBlackSite,numberOfRobotsOnWhiteSite
12203,24,20
timeStep,numberOfRobotsOnBlackSite,numberOfRobotsOnWhiteSite
12204,24,20
timeStep,numberOfRobotsOnBlackSite,numberOfRobotsOnWhiteSite
12205,24,19
timeStep,numberOfRobotsOnBlackSite,numberOfRobotsOnWhiteSite
12206,24,19
timeStep,numberOfRobotsOnBlackSite,numberOfRobotsOnWhiteSite
12207,24,19
timeStep,numberOfRobotsOnBlackSite,numberOfRobotsOnWhiteSite
12208,24,19
timeStep,numberOfRobotsOnBlackSite,numberOfRobotsOnWhiteSite
12209,24,19
timeStep,numberOfRobotsOnBlackSite,numberOfRobotsOnWhiteSite
12210,24,19
timeStep,numberOfRobotsOnBlackSite,numberOfRobotsOnWhiteSite
12211,24,19
timeStep,numberOfRobotsOnBlackSite,numberOfRobotsOnWhiteSite
12212,24,19
timeStep,numberOfRobotsOnBlackSite,numberOfRobotsOnWhiteSite
12213,24,19
timeStep,numberOfRobotsOnBlackSite,numberOfRobotsOnWhiteSite
12214,24,19
timeStep,numberOfRobotsOnBlackSite,numberOfRobotsOnWhiteSite
12215,24,19
timeStep,numberOfRobotsOnBlackSite,numberOfRobotsOnWhiteSite
12216,24,19
timeStep,numberOfRobotsOnBlackSite,numberOfRobotsOnWhiteSite
12217,24,19
timeStep,numberOfRobotsOnBlackSite,numberOfRobotsOnWhiteSite
12218,24,19
timeStep,numberOfRobotsOnBlackSite,numberOfRobotsOnWhiteSite
12219,24,19
timeStep,numberOfRobotsOnBlackSite,numberOfRobotsOnWhiteSite
12220,24,19
timeStep,numberOfRobotsOnBlackSite,numberOfRobotsOnWhiteSite
12221,24,19
timeStep,numberOfRobotsOnBlackSite,numberOfRobotsOnWhiteSite
12222,24,19
timeStep,numberOfRobotsOnBlackSite,numberOfRobotsOnWhiteSite
12223,24,19
timeStep,numberOfRobotsOnBlackSite,numberOfRobotsOnWhiteSite
12224,24,19
timeStep,numberOfRobotsOnBlackSite,numberOfRobotsOnWhiteSite
12225,24,19
timeStep,numberOfRobotsOnBlackSite,numberOfRobotsOnWhiteSite
12226,24,19
timeStep,numberOfRobotsOnBlackSite,numberOfRobotsOnWhiteSite
12227,24,19
timeStep,numberOfRobotsOnBlackSite,numberOfRobotsOnWhiteSite
12228,24,19
timeStep,numberOfRobotsOnBlackSite,numberOfRobotsOnWhiteSite
12229,24,19
timeStep,numberOfRobotsOnBlackSite,numberOfRobotsOnWhiteSite
12230,24,19
timeStep,numberOfRobotsOnBlackSite,numberOfRobotsOnWhiteSite
12231,24,19
timeStep,numberOfRobotsOnBlackSite,numberOfRobotsOnWhiteSite
12232,24,19
timeStep,numberOfRobotsOnBlackSite,numberOfRobotsOnWhiteSite
12233,24,19
timeStep,numberOfRobotsOnBlackSite,numberOfRobotsOnWhiteSite
12234,24,19
timeStep,numberOfRobotsOnBlackSite,numberOfRobotsOnWhiteSite
12235,24,19
timeStep,numberOfRobotsOnBlackSite,numberOfRobotsOnWhiteSite
12236,24,19
timeStep,numberOfRobotsOnBlackSite,numberOfRobotsOnWhiteSite
12237,24,19
timeStep,numberOfRobotsOnBlackSite,numberOfRobotsOnWhiteSite
12238,24,19
timeStep,numberOfRobotsOnBlackSite,numberOfRobotsOnWhiteSite
12239,24,19
timeStep,numberOfRobotsOnBlackSite,numberOfRobotsOnWhiteSite
12240,24,19
timeStep,numberOfRobotsOnBlackSite,numberOfRobotsOnWhiteSite
12241,24,19
timeStep,numberOfRobotsOnBlackSite,numberOfRobotsOnWhiteSite
12242,24,19
timeStep,numberOfRobotsOnBlackSite,numberOfRobotsOnWhiteSite
12243,24,19
timeStep,numberOfRobotsOnBlackSite,numberOfRobotsOnWhiteSite
12244,24,19
timeStep,numberOfRobotsOnBlackSite,numberOfRobotsOnWhiteSite
12245,24,19
timeStep,numberOfRobotsOnBlackSite,numberOfRobotsOnWhiteSite
12246,24,19
timeStep,numberOfRobotsOnBlackSite,numberOfRobotsOnWhiteSite
12247,24,19
timeStep,numberOfRobotsOnBlackSite,numberOfRobotsOnWhiteSite
12248,24,19
timeStep,numberOfRobotsOnBlackSite,numberOfRobotsOnWhiteSite
12249,24,19
timeStep,numberOfRobotsOnBlackSite,numberOfRobotsOnWhiteSite
12250,24,19
timeStep,numberOfRobotsOnBlackSite,numberOfRobotsOnWhiteSite
12251,24,19
timeStep,numberOfRobotsOnBlackSite,numberOfRobotsOnWhiteSite
12252,24,19
timeStep,numberOfRobotsOnBlackSite,numberOfRobotsOnWhiteSite
12253,24,19
timeStep,numberOfRobotsOnBlackSite,numberOfRobotsOnWhiteSite
12254,24,19
timeStep,numberOfRobotsOnBlackSite,numberOfRobotsOnWhiteSite
12255,24,19
timeStep,numberOfRobotsOnBlackSite,numberOfRobotsOnWhiteSite
12256,24,19
timeStep,numberOfRobotsOnBlackSite,numberOfRobotsOnWhiteSite
12257,24,19
timeStep,numberOfRobotsOnBlackSite,numberOfRobotsOnWhiteSite
12258,24,19
timeStep,numberOfRobotsOnBlackSite,numberOfRobotsOnWhiteSite
12259,24,19
timeStep,numberOfRobotsOnBlackSite,numberOfRobotsOnWhiteSite
12260,24,19
timeStep,numberOfRobotsOnBlackSite,numberOfRobotsOnWhiteSite
12261,24,19
timeStep,numberOfRobotsOnBlackSite,numberOfRobotsOnWhiteSite
12262,24,19
timeStep,numberOfRobotsOnBlackSite,numberOfRobotsOnWhiteSite
12263,24,19
timeStep,numberOfRobotsOnBlackSite,numberOfRobotsOnWhiteSite
12264,24,19
timeStep,numberOfRobotsOnBlackSite,numberOfRobotsOnWhiteSite
12265,24,18
timeStep,numberOfRobotsOnBlackSite,numberOfRobotsOnWhiteSite
12266,24,18
timeStep,numberOfRobotsOnBlackSite,numberOfRobotsOnWhiteSite
12267,24,18
timeStep,numberOfRobotsOnBlackSite,numberOfRobotsOnWhiteSite
12268,24,18
timeStep,numberOfRobotsOnBlackSite,numberOfRobotsOnWhiteSite
12269,24,18
timeStep,numberOfRobotsOnBlackSite,numberOfRobotsOnWhiteSite
12270,24,18
timeStep,numberOfRobotsOnBlackSite,numberOfRobotsOnWhiteSite
12271,24,18
timeStep,numberOfRobotsOnBlackSite,numberOfRobotsOnWhiteSite
12272,24,18
timeStep,numberOfRobotsOnBlackSite,numberOfRobotsOnWhiteSite
12273,24,18
timeStep,numberOfRobotsOnBlackSite,numberOfRobotsOnWhiteSite
12274,24,18
timeStep,numberOfRobotsOnBlackSite,numberOfRobotsOnWhiteSite
12275,24,19
timeStep,numberOfRobotsOnBlackSite,numberOfRobotsOnWhiteSite
12276,24,19
timeStep,numberOfRobotsOnBlackSite,numberOfRobotsOnWhiteSite
12277,24,19
timeStep,numberOfRobotsOnBlackSite,numberOfRobotsOnWhiteSite
12278,24,19
timeStep,numberOfRobotsOnBlackSite,numberOfRobotsOnWhiteSite
12279,24,19
timeStep,numberOfRobotsOnBlackSite,numberOfRobotsOnWhiteSite
12280,24,19
timeStep,numberOfRobotsOnBlackSite,numberOfRobotsOnWhiteSite
12281,24,19
timeStep,numberOfRobotsOnBlackSite,numberOfRobotsOnWhiteSite
12282,24,19
timeStep,numberOfRobotsOnBlackSite,numberOfRobotsOnWhiteSite
12283,24,19
timeStep,numberOfRobotsOnBlackSite,numberOfRobotsOnWhiteSite
12284,24,19
timeStep,numberOfRobotsOnBlackSite,numberOfRobotsOnWhiteSite
12285,24,19
timeStep,numberOfRobotsOnBlackSite,numberOfRobotsOnWhiteSite
12286,24,19
timeStep,numberOfRobotsOnBlackSite,numberOfRobotsOnWhiteSite
12287,24,19
timeStep,numberOfRobotsOnBlackSite,numberOfRobotsOnWhiteSite
12288,24,19
timeStep,numberOfRobotsOnBlackSite,numberOfRobotsOnWhiteSite
12289,24,19
timeStep,numberOfRobotsOnBlackSite,numberOfRobotsOnWhiteSite
12290,24,19
timeStep,numberOfRobotsOnBlackSite,numberOfRobotsOnWhiteSite
12291,24,19
timeStep,numberOfRobotsOnBlackSite,numberOfRobotsOnWhiteSite
12292,24,19
timeStep,numberOfRobotsOnBlackSite,numberOfRobotsOnWhiteSite
12293,24,19
timeStep,numberOfRobotsOnBlackSite,numberOfRobotsOnWhiteSite
12294,24,19
timeStep,numberOfRobotsOnBlackSite,numberOfRobotsOnWhiteSite
12295,24,19
timeStep,numberOfRobotsOnBlackSite,numberOfRobotsOnWhiteSite
12296,24,19
timeStep,numberOfRobotsOnBlackSite,numberOfRobotsOnWhiteSite
12297,24,19
timeStep,numberOfRobotsOnBlackSite,numberOfRobotsOnWhiteSite
12298,24,19
timeStep,numberOfRobotsOnBlackSite,numberOfRobotsOnWhiteSite
12299,24,19
timeStep,numberOfRobotsOnBlackSite,numberOfRobotsOnWhiteSite
12300,24,19
timeStep,numberOfRobotsOnBlackSite,numberOfRobotsOnWhiteSite
12301,24,19
timeStep,numberOfRobotsOnBlackSite,numberOfRobotsOnWhiteSite
12302,24,19
timeStep,numberOfRobotsOnBlackSite,numberOfRobotsOnWhiteSite
12303,24,19
timeStep,numberOfRobotsOnBlackSite,numberOfRobotsOnWhiteSite
12304,24,19
timeStep,numberOfRobotsOnBlackSite,numberOfRobotsOnWhiteSite
12305,24,19
timeStep,numberOfRobotsOnBlackSite,numberOfRobotsOnWhiteSite
12306,24,19
timeStep,numberOfRobotsOnBlackSite,numberOfRobotsOnWhiteSite
12307,24,19
timeStep,numberOfRobotsOnBlackSite,numberOfRobotsOnWhiteSite
12308,24,19
timeStep,numberOfRobotsOnBlackSite,numberOfRobotsOnWhiteSite
12309,24,19
timeStep,numberOfRobotsOnBlackSite,numberOfRobotsOnWhiteSite
12310,24,19
timeStep,numberOfRobotsOnBlackSite,numberOfRobotsOnWhiteSite
12311,24,19
timeStep,numberOfRobotsOnBlackSite,numberOfRobotsOnWhiteSite
12312,24,19
timeStep,numberOfRobotsOnBlackSite,numberOfRobotsOnWhiteSite
12313,24,19
timeStep,numberOfRobotsOnBlackSite,numberOfRobotsOnWhiteSite
12314,24,19
timeStep,numberOfRobotsOnBlackSite,numberOfRobotsOnWhiteSite
12315,24,19
timeStep,numberOfRobotsOnBlackSite,numberOfRobotsOnWhiteSite
12316,24,19
timeStep,numberOfRobotsOnBlackSite,numberOfRobotsOnWhiteSite
12317,24,19
timeStep,numberOfRobotsOnBlackSite,numberOfRobotsOnWhiteSite
12318,24,19
timeStep,numberOfRobotsOnBlackSite,numberOfRobotsOnWhiteSite
12319,24,19
timeStep,numberOfRobotsOnBlackSite,numberOfRobotsOnWhiteSite
12320,24,19
timeStep,numberOfRobotsOnBlackSite,numberOfRobotsOnWhiteSite
12321,24,19
timeStep,numberOfRobotsOnBlackSite,numberOfRobotsOnWhiteSite
12322,24,19
timeStep,numberOfRobotsOnBlackSite,numberOfRobotsOnWhiteSite
12323,24,19
timeStep,numberOfRobotsOnBlackSite,numberOfRobotsOnWhiteSite
12324,24,19
timeStep,numberOfRobotsOnBlackSite,numberOfRobotsOnWhiteSite
12325,24,19
timeStep,numberOfRobotsOnBlackSite,numberOfRobotsOnWhiteSite
12326,24,19
timeStep,numberOfRobotsOnBlackSite,numberOfRobotsOnWhiteSite
12327,24,19
timeStep,numberOfRobotsOnBlackSite,numberOfRobotsOnWhiteSite
12328,24,19
timeStep,numberOfRobotsOnBlackSite,numberOfRobotsOnWhiteSite
12329,24,19
timeStep,numberOfRobotsOnBlackSite,numberOfRobotsOnWhiteSite
12330,24,19
timeStep,numberOfRobotsOnBlackSite,numberOfRobotsOnWhiteSite
12331,24,19
timeStep,numberOfRobotsOnBlackSite,numberOfRobotsOnWhiteSite
12332,24,19
timeStep,numberOfRobotsOnBlackSite,numberOfRobotsOnWhiteSite
12333,24,19
timeStep,numberOfRobotsOnBlackSite,numberOfRobotsOnWhiteSite
12334,24,19
timeStep,numberOfRobotsOnBlackSite,numberOfRobotsOnWhiteSite
12335,24,19
timeStep,numberOfRobotsOnBlackSite,numberOfRobotsOnWhiteSite
12336,24,19
timeStep,numberOfRobotsOnBlackSite,numberOfRobotsOnWhiteSite
12337,24,19
timeStep,numberOfRobotsOnBlackSite,numberOfRobotsOnWhiteSite
12338,24,19
timeStep,numberOfRobotsOnBlackSite,numberOfRobotsOnWhiteSite
12339,24,19
timeStep,numberOfRobotsOnBlackSite,numberOfRobotsOnWhiteSite
12340,24,19
timeStep,numberOfRobotsOnBlackSite,numberOfRobotsOnWhiteSite
12341,24,19
timeStep,numberOfRobotsOnBlackSite,numberOfRobotsOnWhiteSite
12342,24,19
timeStep,numberOfRobotsOnBlackSite,numberOfRobotsOnWhiteSite
12343,24,19
timeStep,numberOfRobotsOnBlackSite,numberOfRobotsOnWhiteSite
12344,24,19
timeStep,numberOfRobotsOnBlackSite,numberOfRobotsOnWhiteSite
12345,24,19
timeStep,numberOfRobotsOnBlackSite,numberOfRobotsOnWhiteSite
12346,24,19
timeStep,numberOfRobotsOnBlackSite,numberOfRobotsOnWhiteSite
12347,24,19
timeStep,numberOfRobotsOnBlackSite,numberOfRobotsOnWhiteSite
12348,24,19
timeStep,numberOfRobotsOnBlackSite,numberOfRobotsOnWhiteSite
12349,24,19
timeStep,numberOfRobotsOnBlackSite,numberOfRobotsOnWhiteSite
12350,24,19
timeStep,numberOfRobotsOnBlackSite,numberOfRobotsOnWhiteSite
12351,24,19
timeStep,numberOfRobotsOnBlackSite,numberOfRobotsOnWhiteSite
12352,24,19
timeStep,numberOfRobotsOnBlackSite,numberOfRobotsOnWhiteSite
12353,24,19
timeStep,numberOfRobotsOnBlackSite,numberOfRobotsOnWhiteSite
12354,24,19
timeStep,numberOfRobotsOnBlackSite,numberOfRobotsOnWhiteSite
12355,24,19
timeStep,numberOfRobotsOnBlackSite,numberOfRobotsOnWhiteSite
12356,24,19
timeStep,numberOfRobotsOnBlackSite,numberOfRobotsOnWhiteSite
12357,24,19
timeStep,numberOfRobotsOnBlackSite,numberOfRobotsOnWhiteSite
12358,24,19
timeStep,numberOfRobotsOnBlackSite,numberOfRobotsOnWhiteSite
12359,24,19
timeStep,numberOfRobotsOnBlackSite,numberOfRobotsOnWhiteSite
12360,24,19
timeStep,numberOfRobotsOnBlackSite,numberOfRobotsOnWhiteSite
12361,24,19
timeStep,numberOfRobotsOnBlackSite,numberOfRobotsOnWhiteSite
12362,24,19
timeStep,numberOfRobotsOnBlackSite,numberOfRobotsOnWhiteSite
12363,24,19
timeStep,numberOfRobotsOnBlackSite,numberOfRobotsOnWhiteSite
12364,24,19
timeStep,numberOfRobotsOnBlackSite,numberOfRobotsOnWhiteSite
12365,24,19
timeStep,numberOfRobotsOnBlackSite,numberOfRobotsOnWhiteSite
12366,24,19
timeStep,numberOfRobotsOnBlackSite,numberOfRobotsOnWhiteSite
12367,24,19
timeStep,numberOfRobotsOnBlackSite,numberOfRobotsOnWhiteSite
12368,24,19
timeStep,numberOfRobotsOnBlackSite,numberOfRobotsOnWhiteSite
12369,24,19
timeStep,numberOfRobotsOnBlackSite,numberOfRobotsOnWhiteSite
12370,24,19
timeStep,numberOfRobotsOnBlackSite,numberOfRobotsOnWhiteSite
12371,24,19
timeStep,numberOfRobotsOnBlackSite,numberOfRobotsOnWhiteSite
12372,24,19
timeStep,numberOfRobotsOnBlackSite,numberOfRobotsOnWhiteSite
12373,24,19
timeStep,numberOfRobotsOnBlackSite,numberOfRobotsOnWhiteSite
12374,24,19
timeStep,numberOfRobotsOnBlackSite,numberOfRobotsOnWhiteSite
12375,24,19
timeStep,numberOfRobotsOnBlackSite,numberOfRobotsOnWhiteSite
12376,24,19
timeStep,numberOfRobotsOnBlackSite,numberOfRobotsOnWhiteSite
12377,24,19
timeStep,numberOfRobotsOnBlackSite,numberOfRobotsOnWhiteSite
12378,24,19
timeStep,numberOfRobotsOnBlackSite,numberOfRobotsOnWhiteSite
12379,24,19
timeStep,numberOfRobotsOnBlackSite,numberOfRobotsOnWhiteSite
12380,24,19
timeStep,numberOfRobotsOnBlackSite,numberOfRobotsOnWhiteSite
12381,24,19
timeStep,numberOfRobotsOnBlackSite,numberOfRobotsOnWhiteSite
12382,24,19
timeStep,numberOfRobotsOnBlackSite,numberOfRobotsOnWhiteSite
12383,24,19
timeStep,numberOfRobotsOnBlackSite,numberOfRobotsOnWhiteSite
12384,24,19
timeStep,numberOfRobotsOnBlackSite,numberOfRobotsOnWhiteSite
12385,24,19
timeStep,numberOfRobotsOnBlackSite,numberOfRobotsOnWhiteSite
12386,24,19
timeStep,numberOfRobotsOnBlackSite,numberOfRobotsOnWhiteSite
12387,24,19
timeStep,numberOfRobotsOnBlackSite,numberOfRobotsOnWhiteSite
12388,24,19
timeStep,numberOfRobotsOnBlackSite,numberOfRobotsOnWhiteSite
12389,24,19
timeStep,numberOfRobotsOnBlackSite,numberOfRobotsOnWhiteSite
12390,24,19
timeStep,numberOfRobotsOnBlackSite,numberOfRobotsOnWhiteSite
12391,24,19
timeStep,numberOfRobotsOnBlackSite,numberOfRobotsOnWhiteSite
12392,24,19
timeStep,numberOfRobotsOnBlackSite,numberOfRobotsOnWhiteSite
12393,24,19
timeStep,numberOfRobotsOnBlackSite,numberOfRobotsOnWhiteSite
12394,24,19
timeStep,numberOfRobotsOnBlackSite,numberOfRobotsOnWhiteSite
12395,24,19
timeStep,numberOfRobotsOnBlackSite,numberOfRobotsOnWhiteSite
12396,24,19
timeStep,numberOfRobotsOnBlackSite,numberOfRobotsOnWhiteSite
12397,24,19
timeStep,numberOfRobotsOnBlackSite,numberOfRobotsOnWhiteSite
12398,24,19
timeStep,numberOfRobotsOnBlackSite,numberOfRobotsOnWhiteSite
12399,24,19
timeStep,numberOfRobotsOnBlackSite,numberOfRobotsOnWhiteSite
12400,24,19
timeStep,numberOfRobotsOnBlackSite,numberOfRobotsOnWhiteSite
12401,24,19
timeStep,numberOfRobotsOnBlackSite,numberOfRobotsOnWhiteSite
12402,24,19
timeStep,numberOfRobotsOnBlackSite,numberOfRobotsOnWhiteSite
12403,24,19
timeStep,numberOfRobotsOnBlackSite,numberOfRobotsOnWhiteSite
12404,24,19
timeStep,numberOfRobotsOnBlackSite,numberOfRobotsOnWhiteSite
12405,24,19
timeStep,numberOfRobotsOnBlackSite,numberOfRobotsOnWhiteSite
12406,24,19
timeStep,numberOfRobotsOnBlackSite,numberOfRobotsOnWhiteSite
12407,24,19
timeStep,numberOfRobotsOnBlackSite,numberOfRobotsOnWhiteSite
12408,24,19
timeStep,numberOfRobotsOnBlackSite,numberOfRobotsOnWhiteSite
12409,24,19
timeStep,numberOfRobotsOnBlackSite,numberOfRobotsOnWhiteSite
12410,24,19
timeStep,numberOfRobotsOnBlackSite,numberOfRobotsOnWhiteSite
12411,24,19
timeStep,numberOfRobotsOnBlackSite,numberOfRobotsOnWhiteSite
12412,24,19
timeStep,numberOfRobotsOnBlackSite,numberOfRobotsOnWhiteSite
12413,24,19
timeStep,numberOfRobotsOnBlackSite,numberOfRobotsOnWhiteSite
12414,24,19
timeStep,numberOfRobotsOnBlackSite,numberOfRobotsOnWhiteSite
12415,25,19
timeStep,numberOfRobotsOnBlackSite,numberOfRobotsOnWhiteSite
12416,25,19
timeStep,numberOfRobotsOnBlackSite,numberOfRobotsOnWhiteSite
12417,25,19
timeStep,numberOfRobotsOnBlackSite,numberOfRobotsOnWhiteSite
12418,25,19
timeStep,numberOfRobotsOnBlackSite,numberOfRobotsOnWhiteSite
12419,25,19
timeStep,numberOfRobotsOnBlackSite,numberOfRobotsOnWhiteSite
12420,24,19
timeStep,numberOfRobotsOnBlackSite,numberOfRobotsOnWhiteSite
12421,24,19
timeStep,numberOfRobotsOnBlackSite,numberOfRobotsOnWhiteSite
12422,24,19
timeStep,numberOfRobotsOnBlackSite,numberOfRobotsOnWhiteSite
12423,24,19
timeStep,numberOfRobotsOnBlackSite,numberOfRobotsOnWhiteSite
12424,24,19
timeStep,numberOfRobotsOnBlackSite,numberOfRobotsOnWhiteSite
12425,24,19
timeStep,numberOfRobotsOnBlackSite,numberOfRobotsOnWhiteSite
12426,24,19
timeStep,numberOfRobotsOnBlackSite,numberOfRobotsOnWhiteSite
12427,24,19
timeStep,numberOfRobotsOnBlackSite,numberOfRobotsOnWhiteSite
12428,24,19
timeStep,numberOfRobotsOnBlackSite,numberOfRobotsOnWhiteSite
12429,24,19
timeStep,numberOfRobotsOnBlackSite,numberOfRobotsOnWhiteSite
12430,24,19
timeStep,numberOfRobotsOnBlackSite,numberOfRobotsOnWhiteSite
12431,24,19
timeStep,numberOfRobotsOnBlackSite,numberOfRobotsOnWhiteSite
12432,24,19
timeStep,numberOfRobotsOnBlackSite,numberOfRobotsOnWhiteSite
12433,24,19
timeStep,numberOfRobotsOnBlackSite,numberOfRobotsOnWhiteSite
12434,24,19
timeStep,numberOfRobotsOnBlackSite,numberOfRobotsOnWhiteSite
12435,24,19
timeStep,numberOfRobotsOnBlackSite,numberOfRobotsOnWhiteSite
12436,24,19
timeStep,numberOfRobotsOnBlackSite,numberOfRobotsOnWhiteSite
12437,24,19
timeStep,numberOfRobotsOnBlackSite,numberOfRobotsOnWhiteSite
12438,24,19
timeStep,numberOfRobotsOnBlackSite,numberOfRobotsOnWhiteSite
12439,24,19
timeStep,numberOfRobotsOnBlackSite,numberOfRobotsOnWhiteSite
12440,24,19
timeStep,numberOfRobotsOnBlackSite,numberOfRobotsOnWhiteSite
12441,24,19
timeStep,numberOfRobotsOnBlackSite,numberOfRobotsOnWhiteSite
12442,24,19
timeStep,numberOfRobotsOnBlackSite,numberOfRobotsOnWhiteSite
12443,24,19
timeStep,numberOfRobotsOnBlackSite,numberOfRobotsOnWhiteSite
12444,24,19
timeStep,numberOfRobotsOnBlackSite,numberOfRobotsOnWhiteSite
12445,24,19
timeStep,numberOfRobotsOnBlackSite,numberOfRobotsOnWhiteSite
12446,24,19
timeStep,numberOfRobotsOnBlackSite,numberOfRobotsOnWhiteSite
12447,24,19
timeStep,numberOfRobotsOnBlackSite,numberOfRobotsOnWhiteSite
12448,24,19
timeStep,numberOfRobotsOnBlackSite,numberOfRobotsOnWhiteSite
12449,24,19
timeStep,numberOfRobotsOnBlackSite,numberOfRobotsOnWhiteSite
12450,24,19
timeStep,numberOfRobotsOnBlackSite,numberOfRobotsOnWhiteSite
12451,24,19
timeStep,numberOfRobotsOnBlackSite,numberOfRobotsOnWhiteSite
12452,24,19
timeStep,numberOfRobotsOnBlackSite,numberOfRobotsOnWhiteSite
12453,24,19
timeStep,numberOfRobotsOnBlackSite,numberOfRobotsOnWhiteSite
12454,24,19
timeStep,numberOfRobotsOnBlackSite,numberOfRobotsOnWhiteSite
12455,24,19
timeStep,numberOfRobotsOnBlackSite,numberOfRobotsOnWhiteSite
12456,24,19
timeStep,numberOfRobotsOnBlackSite,numberOfRobotsOnWhiteSite
12457,24,19
timeStep,numberOfRobotsOnBlackSite,numberOfRobotsOnWhiteSite
12458,24,19
timeStep,numberOfRobotsOnBlackSite,numberOfRobotsOnWhiteSite
12459,24,19
timeStep,numberOfRobotsOnBlackSite,numberOfRobotsOnWhiteSite
12460,24,19
timeStep,numberOfRobotsOnBlackSite,numberOfRobotsOnWhiteSite
12461,24,19
timeStep,numberOfRobotsOnBlackSite,numberOfRobotsOnWhiteSite
12462,24,19
timeStep,numberOfRobotsOnBlackSite,numberOfRobotsOnWhiteSite
12463,24,19
timeStep,numberOfRobotsOnBlackSite,numberOfRobotsOnWhiteSite
12464,24,19
timeStep,numberOfRobotsOnBlackSite,numberOfRobotsOnWhiteSite
12465,24,19
timeStep,numberOfRobotsOnBlackSite,numberOfRobotsOnWhiteSite
12466,24,19
timeStep,numberOfRobotsOnBlackSite,numberOfRobotsOnWhiteSite
12467,24,19
timeStep,numberOfRobotsOnBlackSite,numberOfRobotsOnWhiteSite
12468,24,19
timeStep,numberOfRobotsOnBlackSite,numberOfRobotsOnWhiteSite
12469,24,19
timeStep,numberOfRobotsOnBlackSite,numberOfRobotsOnWhiteSite
12470,24,19
timeStep,numberOfRobotsOnBlackSite,numberOfRobotsOnWhiteSite
12471,24,19
timeStep,numberOfRobotsOnBlackSite,numberOfRobotsOnWhiteSite
12472,24,19
timeStep,numberOfRobotsOnBlackSite,numberOfRobotsOnWhiteSite
12473,24,19
timeStep,numberOfRobotsOnBlackSite,numberOfRobotsOnWhiteSite
12474,24,19
timeStep,numberOfRobotsOnBlackSite,numberOfRobotsOnWhiteSite
12475,24,19
timeStep,numberOfRobotsOnBlackSite,numberOfRobotsOnWhiteSite
12476,24,19
timeStep,numberOfRobotsOnBlackSite,numberOfRobotsOnWhiteSite
12477,24,19
timeStep,numberOfRobotsOnBlackSite,numberOfRobotsOnWhiteSite
12478,24,19
timeStep,numberOfRobotsOnBlackSite,numberOfRobotsOnWhiteSite
12479,24,19
timeStep,numberOfRobotsOnBlackSite,numberOfRobotsOnWhiteSite
12480,24,19
timeStep,numberOfRobotsOnBlackSite,numberOfRobotsOnWhiteSite
12481,24,19
timeStep,numberOfRobotsOnBlackSite,numberOfRobotsOnWhiteSite
12482,24,19
timeStep,numberOfRobotsOnBlackSite,numberOfRobotsOnWhiteSite
12483,24,19
timeStep,numberOfRobotsOnBlackSite,numberOfRobotsOnWhiteSite
12484,24,19
timeStep,numberOfRobotsOnBlackSite,numberOfRobotsOnWhiteSite
12485,24,19
timeStep,numberOfRobotsOnBlackSite,numberOfRobotsOnWhiteSite
12486,24,19
timeStep,numberOfRobotsOnBlackSite,numberOfRobotsOnWhiteSite
12487,24,19
timeStep,numberOfRobotsOnBlackSite,numberOfRobotsOnWhiteSite
12488,24,19
timeStep,numberOfRobotsOnBlackSite,numberOfRobotsOnWhiteSite
12489,24,19
timeStep,numberOfRobotsOnBlackSite,numberOfRobotsOnWhiteSite
12490,24,19
timeStep,numberOfRobotsOnBlackSite,numberOfRobotsOnWhiteSite
12491,24,19
timeStep,numberOfRobotsOnBlackSite,numberOfRobotsOnWhiteSite
12492,24,19
timeStep,numberOfRobotsOnBlackSite,numberOfRobotsOnWhiteSite
12493,24,19
timeStep,numberOfRobotsOnBlackSite,numberOfRobotsOnWhiteSite
12494,24,19
timeStep,numberOfRobotsOnBlackSite,numberOfRobotsOnWhiteSite
12495,24,19
timeStep,numberOfRobotsOnBlackSite,numberOfRobotsOnWhiteSite
12496,24,19
timeStep,numberOfRobotsOnBlackSite,numberOfRobotsOnWhiteSite
12497,24,19
timeStep,numberOfRobotsOnBlackSite,numberOfRobotsOnWhiteSite
12498,24,19
timeStep,numberOfRobotsOnBlackSite,numberOfRobotsOnWhiteSite
12499,24,19
timeStep,numberOfRobotsOnBlackSite,numberOfRobotsOnWhiteSite
12500,24,19
timeStep,numberOfRobotsOnBlackSite,numberOfRobotsOnWhiteSite
12501,24,19
timeStep,numberOfRobotsOnBlackSite,numberOfRobotsOnWhiteSite
12502,24,19
timeStep,numberOfRobotsOnBlackSite,numberOfRobotsOnWhiteSite
12503,24,19
timeStep,numberOfRobotsOnBlackSite,numberOfRobotsOnWhiteSite
12504,24,19
timeStep,numberOfRobotsOnBlackSite,numberOfRobotsOnWhiteSite
12505,24,19
timeStep,numberOfRobotsOnBlackSite,numberOfRobotsOnWhiteSite
12506,24,19
timeStep,numberOfRobotsOnBlackSite,numberOfRobotsOnWhiteSite
12507,24,19
timeStep,numberOfRobotsOnBlackSite,numberOfRobotsOnWhiteSite
12508,24,19
timeStep,numberOfRobotsOnBlackSite,numberOfRobotsOnWhiteSite
12509,24,19
timeStep,numberOfRobotsOnBlackSite,numberOfRobotsOnWhiteSite
12510,24,19
timeStep,numberOfRobotsOnBlackSite,numberOfRobotsOnWhiteSite
12511,24,19
timeStep,numberOfRobotsOnBlackSite,numberOfRobotsOnWhiteSite
12512,24,19
timeStep,numberOfRobotsOnBlackSite,numberOfRobotsOnWhiteSite
12513,24,19
timeStep,numberOfRobotsOnBlackSite,numberOfRobotsOnWhiteSite
12514,24,19
timeStep,numberOfRobotsOnBlackSite,numberOfRobotsOnWhiteSite
12515,24,19
timeStep,numberOfRobotsOnBlackSite,numberOfRobotsOnWhiteSite
12516,24,19
timeStep,numberOfRobotsOnBlackSite,numberOfRobotsOnWhiteSite
12517,24,19
timeStep,numberOfRobotsOnBlackSite,numberOfRobotsOnWhiteSite
12518,24,19
timeStep,numberOfRobotsOnBlackSite,numberOfRobotsOnWhiteSite
12519,24,19
timeStep,numberOfRobotsOnBlackSite,numberOfRobotsOnWhiteSite
12520,24,19
timeStep,numberOfRobotsOnBlackSite,numberOfRobotsOnWhiteSite
12521,24,19
timeStep,numberOfRobotsOnBlackSite,numberOfRobotsOnWhiteSite
12522,24,19
timeStep,numberOfRobotsOnBlackSite,numberOfRobotsOnWhiteSite
12523,24,19
timeStep,numberOfRobotsOnBlackSite,numberOfRobotsOnWhiteSite
12524,24,19
timeStep,numberOfRobotsOnBlackSite,numberOfRobotsOnWhiteSite
12525,24,19
timeStep,numberOfRobotsOnBlackSite,numberOfRobotsOnWhiteSite
12526,24,19
timeStep,numberOfRobotsOnBlackSite,numberOfRobotsOnWhiteSite
12527,24,19
timeStep,numberOfRobotsOnBlackSite,numberOfRobotsOnWhiteSite
12528,24,19
timeStep,numberOfRobotsOnBlackSite,numberOfRobotsOnWhiteSite
12529,24,19
timeStep,numberOfRobotsOnBlackSite,numberOfRobotsOnWhiteSite
12530,24,19
timeStep,numberOfRobotsOnBlackSite,numberOfRobotsOnWhiteSite
12531,24,19
timeStep,numberOfRobotsOnBlackSite,numberOfRobotsOnWhiteSite
12532,24,19
timeStep,numberOfRobotsOnBlackSite,numberOfRobotsOnWhiteSite
12533,24,19
timeStep,numberOfRobotsOnBlackSite,numberOfRobotsOnWhiteSite
12534,24,19
timeStep,numberOfRobotsOnBlackSite,numberOfRobotsOnWhiteSite
12535,24,19
timeStep,numberOfRobotsOnBlackSite,numberOfRobotsOnWhiteSite
12536,24,19
timeStep,numberOfRobotsOnBlackSite,numberOfRobotsOnWhiteSite
12537,24,19
timeStep,numberOfRobotsOnBlackSite,numberOfRobotsOnWhiteSite
12538,24,19
timeStep,numberOfRobotsOnBlackSite,numberOfRobotsOnWhiteSite
12539,24,19
timeStep,numberOfRobotsOnBlackSite,numberOfRobotsOnWhiteSite
12540,24,19
timeStep,numberOfRobotsOnBlackSite,numberOfRobotsOnWhiteSite
12541,24,19
timeStep,numberOfRobotsOnBlackSite,numberOfRobotsOnWhiteSite
12542,24,19
timeStep,numberOfRobotsOnBlackSite,numberOfRobotsOnWhiteSite
12543,24,19
timeStep,numberOfRobotsOnBlackSite,numberOfRobotsOnWhiteSite
12544,24,19
timeStep,numberOfRobotsOnBlackSite,numberOfRobotsOnWhiteSite
12545,25,19
timeStep,numberOfRobotsOnBlackSite,numberOfRobotsOnWhiteSite
12546,25,19
timeStep,numberOfRobotsOnBlackSite,numberOfRobotsOnWhiteSite
12547,25,19
timeStep,numberOfRobotsOnBlackSite,numberOfRobotsOnWhiteSite
12548,25,19
timeStep,numberOfRobotsOnBlackSite,numberOfRobotsOnWhiteSite
12549,25,19
timeStep,numberOfRobotsOnBlackSite,numberOfRobotsOnWhiteSite
12550,25,18
timeStep,numberOfRobotsOnBlackSite,numberOfRobotsOnWhiteSite
12551,25,18
timeStep,numberOfRobotsOnBlackSite,numberOfRobotsOnWhiteSite
12552,25,18
timeStep,numberOfRobotsOnBlackSite,numberOfRobotsOnWhiteSite
12553,25,18
timeStep,numberOfRobotsOnBlackSite,numberOfRobotsOnWhiteSite
12554,25,18
timeStep,numberOfRobotsOnBlackSite,numberOfRobotsOnWhiteSite
12555,26,18
timeStep,numberOfRobotsOnBlackSite,numberOfRobotsOnWhiteSite
12556,26,18
timeStep,numberOfRobotsOnBlackSite,numberOfRobotsOnWhiteSite
12557,26,18
timeStep,numberOfRobotsOnBlackSite,numberOfRobotsOnWhiteSite
12558,26,18
timeStep,numberOfRobotsOnBlackSite,numberOfRobotsOnWhiteSite
12559,26,18
timeStep,numberOfRobotsOnBlackSite,numberOfRobotsOnWhiteSite
12560,26,18
timeStep,numberOfRobotsOnBlackSite,numberOfRobotsOnWhiteSite
12561,26,18
timeStep,numberOfRobotsOnBlackSite,numberOfRobotsOnWhiteSite
12562,26,18
timeStep,numberOfRobotsOnBlackSite,numberOfRobotsOnWhiteSite
12563,26,18
timeStep,numberOfRobotsOnBlackSite,numberOfRobotsOnWhiteSite
12564,26,18
timeStep,numberOfRobotsOnBlackSite,numberOfRobotsOnWhiteSite
12565,26,18
timeStep,numberOfRobotsOnBlackSite,numberOfRobotsOnWhiteSite
12566,26,18
timeStep,numberOfRobotsOnBlackSite,numberOfRobotsOnWhiteSite
12567,26,18
timeStep,numberOfRobotsOnBlackSite,numberOfRobotsOnWhiteSite
12568,26,18
timeStep,numberOfRobotsOnBlackSite,numberOfRobotsOnWhiteSite
12569,26,18
timeStep,numberOfRobotsOnBlackSite,numberOfRobotsOnWhiteSite
12570,26,18
timeStep,numberOfRobotsOnBlackSite,numberOfRobotsOnWhiteSite
12571,26,18
timeStep,numberOfRobotsOnBlackSite,numberOfRobotsOnWhiteSite
12572,26,18
timeStep,numberOfRobotsOnBlackSite,numberOfRobotsOnWhiteSite
12573,26,18
timeStep,numberOfRobotsOnBlackSite,numberOfRobotsOnWhiteSite
12574,26,18
timeStep,numberOfRobotsOnBlackSite,numberOfRobotsOnWhiteSite
12575,27,18
timeStep,numberOfRobotsOnBlackSite,numberOfRobotsOnWhiteSite
12576,27,18
timeStep,numberOfRobotsOnBlackSite,numberOfRobotsOnWhiteSite
12577,27,18
timeStep,numberOfRobotsOnBlackSite,numberOfRobotsOnWhiteSite
12578,27,18
timeStep,numberOfRobotsOnBlackSite,numberOfRobotsOnWhiteSite
12579,27,18
timeStep,numberOfRobotsOnBlackSite,numberOfRobotsOnWhiteSite
12580,27,18
timeStep,numberOfRobotsOnBlackSite,numberOfRobotsOnWhiteSite
12581,27,18
timeStep,numberOfRobotsOnBlackSite,numberOfRobotsOnWhiteSite
12582,27,18
timeStep,numberOfRobotsOnBlackSite,numberOfRobotsOnWhiteSite
12583,27,18
timeStep,numberOfRobotsOnBlackSite,numberOfRobotsOnWhiteSite
12584,27,18
timeStep,numberOfRobotsOnBlackSite,numberOfRobotsOnWhiteSite
12585,27,18
timeStep,numberOfRobotsOnBlackSite,numberOfRobotsOnWhiteSite
12586,27,18
timeStep,numberOfRobotsOnBlackSite,numberOfRobotsOnWhiteSite
12587,27,18
timeStep,numberOfRobotsOnBlackSite,numberOfRobotsOnWhiteSite
12588,27,18
timeStep,numberOfRobotsOnBlackSite,numberOfRobotsOnWhiteSite
12589,27,18
timeStep,numberOfRobotsOnBlackSite,numberOfRobotsOnWhiteSite
12590,26,17
timeStep,numberOfRobotsOnBlackSite,numberOfRobotsOnWhiteSite
12591,26,17
timeStep,numberOfRobotsOnBlackSite,numberOfRobotsOnWhiteSite
12592,26,17
timeStep,numberOfRobotsOnBlackSite,numberOfRobotsOnWhiteSite
12593,26,17
timeStep,numberOfRobotsOnBlackSite,numberOfRobotsOnWhiteSite
12594,26,17
timeStep,numberOfRobotsOnBlackSite,numberOfRobotsOnWhiteSite
12595,26,17
timeStep,numberOfRobotsOnBlackSite,numberOfRobotsOnWhiteSite
12596,26,17
timeStep,numberOfRobotsOnBlackSite,numberOfRobotsOnWhiteSite
12597,26,17
timeStep,numberOfRobotsOnBlackSite,numberOfRobotsOnWhiteSite
12598,26,17
timeStep,numberOfRobotsOnBlackSite,numberOfRobotsOnWhiteSite
12599,26,17
timeStep,numberOfRobotsOnBlackSite,numberOfRobotsOnWhiteSite
12600,26,17
timeStep,numberOfRobotsOnBlackSite,numberOfRobotsOnWhiteSite
12601,26,17
timeStep,numberOfRobotsOnBlackSite,numberOfRobotsOnWhiteSite
12602,26,17
timeStep,numberOfRobotsOnBlackSite,numberOfRobotsOnWhiteSite
12603,26,17
timeStep,numberOfRobotsOnBlackSite,numberOfRobotsOnWhiteSite
12604,26,17
timeStep,numberOfRobotsOnBlackSite,numberOfRobotsOnWhiteSite
12605,26,17
timeStep,numberOfRobotsOnBlackSite,numberOfRobotsOnWhiteSite
12606,26,17
timeStep,numberOfRobotsOnBlackSite,numberOfRobotsOnWhiteSite
12607,26,17
timeStep,numberOfRobotsOnBlackSite,numberOfRobotsOnWhiteSite
12608,26,17
timeStep,numberOfRobotsOnBlackSite,numberOfRobotsOnWhiteSite
12609,26,17
timeStep,numberOfRobotsOnBlackSite,numberOfRobotsOnWhiteSite
12610,26,17
timeStep,numberOfRobotsOnBlackSite,numberOfRobotsOnWhiteSite
12611,26,17
timeStep,numberOfRobotsOnBlackSite,numberOfRobotsOnWhiteSite
12612,26,17
timeStep,numberOfRobotsOnBlackSite,numberOfRobotsOnWhiteSite
12613,26,17
timeStep,numberOfRobotsOnBlackSite,numberOfRobotsOnWhiteSite
12614,26,17
timeStep,numberOfRobotsOnBlackSite,numberOfRobotsOnWhiteSite
12615,26,17
timeStep,numberOfRobotsOnBlackSite,numberOfRobotsOnWhiteSite
12616,26,17
timeStep,numberOfRobotsOnBlackSite,numberOfRobotsOnWhiteSite
12617,26,17
timeStep,numberOfRobotsOnBlackSite,numberOfRobotsOnWhiteSite
12618,26,17
timeStep,numberOfRobotsOnBlackSite,numberOfRobotsOnWhiteSite
12619,26,17
timeStep,numberOfRobotsOnBlackSite,numberOfRobotsOnWhiteSite
12620,26,17
timeStep,numberOfRobotsOnBlackSite,numberOfRobotsOnWhiteSite
12621,26,17
timeStep,numberOfRobotsOnBlackSite,numberOfRobotsOnWhiteSite
12622,26,17
timeStep,numberOfRobotsOnBlackSite,numberOfRobotsOnWhiteSite
12623,26,17
timeStep,numberOfRobotsOnBlackSite,numberOfRobotsOnWhiteSite
12624,26,17
timeStep,numberOfRobotsOnBlackSite,numberOfRobotsOnWhiteSite
12625,26,17
timeStep,numberOfRobotsOnBlackSite,numberOfRobotsOnWhiteSite
12626,26,17
timeStep,numberOfRobotsOnBlackSite,numberOfRobotsOnWhiteSite
12627,26,17
timeStep,numberOfRobotsOnBlackSite,numberOfRobotsOnWhiteSite
12628,26,17
timeStep,numberOfRobotsOnBlackSite,numberOfRobotsOnWhiteSite
12629,26,17
timeStep,numberOfRobotsOnBlackSite,numberOfRobotsOnWhiteSite
12630,26,17
timeStep,numberOfRobotsOnBlackSite,numberOfRobotsOnWhiteSite
12631,26,17
timeStep,numberOfRobotsOnBlackSite,numberOfRobotsOnWhiteSite
12632,26,17
timeStep,numberOfRobotsOnBlackSite,numberOfRobotsOnWhiteSite
12633,26,17
timeStep,numberOfRobotsOnBlackSite,numberOfRobotsOnWhiteSite
12634,26,17
timeStep,numberOfRobotsOnBlackSite,numberOfRobotsOnWhiteSite
12635,26,17
timeStep,numberOfRobotsOnBlackSite,numberOfRobotsOnWhiteSite
12636,26,17
timeStep,numberOfRobotsOnBlackSite,numberOfRobotsOnWhiteSite
12637,26,17
timeStep,numberOfRobotsOnBlackSite,numberOfRobotsOnWhiteSite
12638,26,17
timeStep,numberOfRobotsOnBlackSite,numberOfRobotsOnWhiteSite
12639,26,17
timeStep,numberOfRobotsOnBlackSite,numberOfRobotsOnWhiteSite
12640,26,17
timeStep,numberOfRobotsOnBlackSite,numberOfRobotsOnWhiteSite
12641,26,17
timeStep,numberOfRobotsOnBlackSite,numberOfRobotsOnWhiteSite
12642,26,17
timeStep,numberOfRobotsOnBlackSite,numberOfRobotsOnWhiteSite
12643,26,17
timeStep,numberOfRobotsOnBlackSite,numberOfRobotsOnWhiteSite
12644,26,17
timeStep,numberOfRobotsOnBlackSite,numberOfRobotsOnWhiteSite
12645,26,17
timeStep,numberOfRobotsOnBlackSite,numberOfRobotsOnWhiteSite
12646,26,17
timeStep,numberOfRobotsOnBlackSite,numberOfRobotsOnWhiteSite
12647,26,17
timeStep,numberOfRobotsOnBlackSite,numberOfRobotsOnWhiteSite
12648,26,17
timeStep,numberOfRobotsOnBlackSite,numberOfRobotsOnWhiteSite
12649,26,17
timeStep,numberOfRobotsOnBlackSite,numberOfRobotsOnWhiteSite
12650,26,17
timeStep,numberOfRobotsOnBlackSite,numberOfRobotsOnWhiteSite
12651,26,17
timeStep,numberOfRobotsOnBlackSite,numberOfRobotsOnWhiteSite
12652,26,17
timeStep,numberOfRobotsOnBlackSite,numberOfRobotsOnWhiteSite
12653,26,17
timeStep,numberOfRobotsOnBlackSite,numberOfRobotsOnWhiteSite
12654,26,17
timeStep,numberOfRobotsOnBlackSite,numberOfRobotsOnWhiteSite
12655,26,17
timeStep,numberOfRobotsOnBlackSite,numberOfRobotsOnWhiteSite
12656,26,17
timeStep,numberOfRobotsOnBlackSite,numberOfRobotsOnWhiteSite
12657,26,17
timeStep,numberOfRobotsOnBlackSite,numberOfRobotsOnWhiteSite
12658,26,17
timeStep,numberOfRobotsOnBlackSite,numberOfRobotsOnWhiteSite
12659,26,17
timeStep,numberOfRobotsOnBlackSite,numberOfRobotsOnWhiteSite
12660,26,17
timeStep,numberOfRobotsOnBlackSite,numberOfRobotsOnWhiteSite
12661,26,17
timeStep,numberOfRobotsOnBlackSite,numberOfRobotsOnWhiteSite
12662,26,17
timeStep,numberOfRobotsOnBlackSite,numberOfRobotsOnWhiteSite
12663,26,17
timeStep,numberOfRobotsOnBlackSite,numberOfRobotsOnWhiteSite
12664,26,17
timeStep,numberOfRobotsOnBlackSite,numberOfRobotsOnWhiteSite
12665,26,18
timeStep,numberOfRobotsOnBlackSite,numberOfRobotsOnWhiteSite
12666,26,18
timeStep,numberOfRobotsOnBlackSite,numberOfRobotsOnWhiteSite
12667,26,18
timeStep,numberOfRobotsOnBlackSite,numberOfRobotsOnWhiteSite
12668,26,18
timeStep,numberOfRobotsOnBlackSite,numberOfRobotsOnWhiteSite
12669,26,18
timeStep,numberOfRobotsOnBlackSite,numberOfRobotsOnWhiteSite
12670,26,18
timeStep,numberOfRobotsOnBlackSite,numberOfRobotsOnWhiteSite
12671,26,18
timeStep,numberOfRobotsOnBlackSite,numberOfRobotsOnWhiteSite
12672,26,18
timeStep,numberOfRobotsOnBlackSite,numberOfRobotsOnWhiteSite
12673,26,18
timeStep,numberOfRobotsOnBlackSite,numberOfRobotsOnWhiteSite
12674,26,18
timeStep,numberOfRobotsOnBlackSite,numberOfRobotsOnWhiteSite
12675,26,18
timeStep,numberOfRobotsOnBlackSite,numberOfRobotsOnWhiteSite
12676,26,18
timeStep,numberOfRobotsOnBlackSite,numberOfRobotsOnWhiteSite
12677,26,18
timeStep,numberOfRobotsOnBlackSite,numberOfRobotsOnWhiteSite
12678,26,18
timeStep,numberOfRobotsOnBlackSite,numberOfRobotsOnWhiteSite
12679,26,18
timeStep,numberOfRobotsOnBlackSite,numberOfRobotsOnWhiteSite
12680,26,18
timeStep,numberOfRobotsOnBlackSite,numberOfRobotsOnWhiteSite
12681,26,18
timeStep,numberOfRobotsOnBlackSite,numberOfRobotsOnWhiteSite
12682,26,18
timeStep,numberOfRobotsOnBlackSite,numberOfRobotsOnWhiteSite
12683,26,18
timeStep,numberOfRobotsOnBlackSite,numberOfRobotsOnWhiteSite
12684,26,18
timeStep,numberOfRobotsOnBlackSite,numberOfRobotsOnWhiteSite
12685,26,18
timeStep,numberOfRobotsOnBlackSite,numberOfRobotsOnWhiteSite
12686,26,18
timeStep,numberOfRobotsOnBlackSite,numberOfRobotsOnWhiteSite
12687,26,18
timeStep,numberOfRobotsOnBlackSite,numberOfRobotsOnWhiteSite
12688,26,18
timeStep,numberOfRobotsOnBlackSite,numberOfRobotsOnWhiteSite
12689,26,18
timeStep,numberOfRobotsOnBlackSite,numberOfRobotsOnWhiteSite
12690,26,18
timeStep,numberOfRobotsOnBlackSite,numberOfRobotsOnWhiteSite
12691,26,18
timeStep,numberOfRobotsOnBlackSite,numberOfRobotsOnWhiteSite
12692,26,18
timeStep,numberOfRobotsOnBlackSite,numberOfRobotsOnWhiteSite
12693,26,18
timeStep,numberOfRobotsOnBlackSite,numberOfRobotsOnWhiteSite
12694,26,18
timeStep,numberOfRobotsOnBlackSite,numberOfRobotsOnWhiteSite
12695,26,18
timeStep,numberOfRobotsOnBlackSite,numberOfRobotsOnWhiteSite
12696,26,18
timeStep,numberOfRobotsOnBlackSite,numberOfRobotsOnWhiteSite
12697,26,18
timeStep,numberOfRobotsOnBlackSite,numberOfRobotsOnWhiteSite
12698,26,18
timeStep,numberOfRobotsOnBlackSite,numberOfRobotsOnWhiteSite
12699,26,18
timeStep,numberOfRobotsOnBlackSite,numberOfRobotsOnWhiteSite
12700,26,18
timeStep,numberOfRobotsOnBlackSite,numberOfRobotsOnWhiteSite
12701,26,18
timeStep,numberOfRobotsOnBlackSite,numberOfRobotsOnWhiteSite
12702,26,18
timeStep,numberOfRobotsOnBlackSite,numberOfRobotsOnWhiteSite
12703,26,18
timeStep,numberOfRobotsOnBlackSite,numberOfRobotsOnWhiteSite
12704,26,18
timeStep,numberOfRobotsOnBlackSite,numberOfRobotsOnWhiteSite
12705,26,18
timeStep,numberOfRobotsOnBlackSite,numberOfRobotsOnWhiteSite
12706,26,18
timeStep,numberOfRobotsOnBlackSite,numberOfRobotsOnWhiteSite
12707,26,18
timeStep,numberOfRobotsOnBlackSite,numberOfRobotsOnWhiteSite
12708,26,18
timeStep,numberOfRobotsOnBlackSite,numberOfRobotsOnWhiteSite
12709,26,18
timeStep,numberOfRobotsOnBlackSite,numberOfRobotsOnWhiteSite
12710,26,18
timeStep,numberOfRobotsOnBlackSite,numberOfRobotsOnWhiteSite
12711,26,18
timeStep,numberOfRobotsOnBlackSite,numberOfRobotsOnWhiteSite
12712,26,18
timeStep,numberOfRobotsOnBlackSite,numberOfRobotsOnWhiteSite
12713,26,18
timeStep,numberOfRobotsOnBlackSite,numberOfRobotsOnWhiteSite
12714,26,18
timeStep,numberOfRobotsOnBlackSite,numberOfRobotsOnWhiteSite
12715,26,18
timeStep,numberOfRobotsOnBlackSite,numberOfRobotsOnWhiteSite
12716,26,18
timeStep,numberOfRobotsOnBlackSite,numberOfRobotsOnWhiteSite
12717,26,18
timeStep,numberOfRobotsOnBlackSite,numberOfRobotsOnWhiteSite
12718,26,18
timeStep,numberOfRobotsOnBlackSite,numberOfRobotsOnWhiteSite
12719,26,18
timeStep,numberOfRobotsOnBlackSite,numberOfRobotsOnWhiteSite
12720,26,18
timeStep,numberOfRobotsOnBlackSite,numberOfRobotsOnWhiteSite
12721,26,18
timeStep,numberOfRobotsOnBlackSite,numberOfRobotsOnWhiteSite
12722,26,18
timeStep,numberOfRobotsOnBlackSite,numberOfRobotsOnWhiteSite
12723,26,18
timeStep,numberOfRobotsOnBlackSite,numberOfRobotsOnWhiteSite
12724,26,18
timeStep,numberOfRobotsOnBlackSite,numberOfRobotsOnWhiteSite
12725,26,18
timeStep,numberOfRobotsOnBlackSite,numberOfRobotsOnWhiteSite
12726,26,18
timeStep,numberOfRobotsOnBlackSite,numberOfRobotsOnWhiteSite
12727,26,18
timeStep,numberOfRobotsOnBlackSite,numberOfRobotsOnWhiteSite
12728,26,18
timeStep,numberOfRobotsOnBlackSite,numberOfRobotsOnWhiteSite
12729,26,18
timeStep,numberOfRobotsOnBlackSite,numberOfRobotsOnWhiteSite
12730,26,18
timeStep,numberOfRobotsOnBlackSite,numberOfRobotsOnWhiteSite
12731,26,18
timeStep,numberOfRobotsOnBlackSite,numberOfRobotsOnWhiteSite
12732,26,18
timeStep,numberOfRobotsOnBlackSite,numberOfRobotsOnWhiteSite
12733,26,18
timeStep,numberOfRobotsOnBlackSite,numberOfRobotsOnWhiteSite
12734,26,18
timeStep,numberOfRobotsOnBlackSite,numberOfRobotsOnWhiteSite
12735,26,18
timeStep,numberOfRobotsOnBlackSite,numberOfRobotsOnWhiteSite
12736,26,18
timeStep,numberOfRobotsOnBlackSite,numberOfRobotsOnWhiteSite
12737,26,18
timeStep,numberOfRobotsOnBlackSite,numberOfRobotsOnWhiteSite
12738,26,18
timeStep,numberOfRobotsOnBlackSite,numberOfRobotsOnWhiteSite
12739,26,18
timeStep,numberOfRobotsOnBlackSite,numberOfRobotsOnWhiteSite
12740,26,18
timeStep,numberOfRobotsOnBlackSite,numberOfRobotsOnWhiteSite
12741,26,18
timeStep,numberOfRobotsOnBlackSite,numberOfRobotsOnWhiteSite
12742,26,18
timeStep,numberOfRobotsOnBlackSite,numberOfRobotsOnWhiteSite
12743,26,18
timeStep,numberOfRobotsOnBlackSite,numberOfRobotsOnWhiteSite
12744,26,18
timeStep,numberOfRobotsOnBlackSite,numberOfRobotsOnWhiteSite
12745,26,18
timeStep,numberOfRobotsOnBlackSite,numberOfRobotsOnWhiteSite
12746,26,18
timeStep,numberOfRobotsOnBlackSite,numberOfRobotsOnWhiteSite
12747,26,18
timeStep,numberOfRobotsOnBlackSite,numberOfRobotsOnWhiteSite
12748,26,18
timeStep,numberOfRobotsOnBlackSite,numberOfRobotsOnWhiteSite
12749,26,18
timeStep,numberOfRobotsOnBlackSite,numberOfRobotsOnWhiteSite
12750,26,18
timeStep,numberOfRobotsOnBlackSite,numberOfRobotsOnWhiteSite
12751,26,18
timeStep,numberOfRobotsOnBlackSite,numberOfRobotsOnWhiteSite
12752,26,18
timeStep,numberOfRobotsOnBlackSite,numberOfRobotsOnWhiteSite
12753,26,18
timeStep,numberOfRobotsOnBlackSite,numberOfRobotsOnWhiteSite
12754,26,18
timeStep,numberOfRobotsOnBlackSite,numberOfRobotsOnWhiteSite
12755,26,18
timeStep,numberOfRobotsOnBlackSite,numberOfRobotsOnWhiteSite
12756,26,18
timeStep,numberOfRobotsOnBlackSite,numberOfRobotsOnWhiteSite
12757,26,18
timeStep,numberOfRobotsOnBlackSite,numberOfRobotsOnWhiteSite
12758,26,18
timeStep,numberOfRobotsOnBlackSite,numberOfRobotsOnWhiteSite
12759,26,18
timeStep,numberOfRobotsOnBlackSite,numberOfRobotsOnWhiteSite
12760,26,18
timeStep,numberOfRobotsOnBlackSite,numberOfRobotsOnWhiteSite
12761,26,18
timeStep,numberOfRobotsOnBlackSite,numberOfRobotsOnWhiteSite
12762,26,18
timeStep,numberOfRobotsOnBlackSite,numberOfRobotsOnWhiteSite
12763,26,18
timeStep,numberOfRobotsOnBlackSite,numberOfRobotsOnWhiteSite
12764,26,18
timeStep,numberOfRobotsOnBlackSite,numberOfRobotsOnWhiteSite
12765,26,17
timeStep,numberOfRobotsOnBlackSite,numberOfRobotsOnWhiteSite
12766,26,17
timeStep,numberOfRobotsOnBlackSite,numberOfRobotsOnWhiteSite
12767,26,17
timeStep,numberOfRobotsOnBlackSite,numberOfRobotsOnWhiteSite
12768,26,17
timeStep,numberOfRobotsOnBlackSite,numberOfRobotsOnWhiteSite
12769,26,17
timeStep,numberOfRobotsOnBlackSite,numberOfRobotsOnWhiteSite
12770,26,17
timeStep,numberOfRobotsOnBlackSite,numberOfRobotsOnWhiteSite
12771,26,17
timeStep,numberOfRobotsOnBlackSite,numberOfRobotsOnWhiteSite
12772,26,17
timeStep,numberOfRobotsOnBlackSite,numberOfRobotsOnWhiteSite
12773,26,17
timeStep,numberOfRobotsOnBlackSite,numberOfRobotsOnWhiteSite
12774,26,17
timeStep,numberOfRobotsOnBlackSite,numberOfRobotsOnWhiteSite
12775,26,17
timeStep,numberOfRobotsOnBlackSite,numberOfRobotsOnWhiteSite
12776,26,17
timeStep,numberOfRobotsOnBlackSite,numberOfRobotsOnWhiteSite
12777,26,17
timeStep,numberOfRobotsOnBlackSite,numberOfRobotsOnWhiteSite
12778,26,17
timeStep,numberOfRobotsOnBlackSite,numberOfRobotsOnWhiteSite
12779,26,17
timeStep,numberOfRobotsOnBlackSite,numberOfRobotsOnWhiteSite
12780,26,17
timeStep,numberOfRobotsOnBlackSite,numberOfRobotsOnWhiteSite
12781,26,17
timeStep,numberOfRobotsOnBlackSite,numberOfRobotsOnWhiteSite
12782,26,17
timeStep,numberOfRobotsOnBlackSite,numberOfRobotsOnWhiteSite
12783,26,17
timeStep,numberOfRobotsOnBlackSite,numberOfRobotsOnWhiteSite
12784,26,17
timeStep,numberOfRobotsOnBlackSite,numberOfRobotsOnWhiteSite
12785,26,17
timeStep,numberOfRobotsOnBlackSite,numberOfRobotsOnWhiteSite
12786,26,17
timeStep,numberOfRobotsOnBlackSite,numberOfRobotsOnWhiteSite
12787,26,17
timeStep,numberOfRobotsOnBlackSite,numberOfRobotsOnWhiteSite
12788,26,17
timeStep,numberOfRobotsOnBlackSite,numberOfRobotsOnWhiteSite
12789,26,17
timeStep,numberOfRobotsOnBlackSite,numberOfRobotsOnWhiteSite
12790,26,17
timeStep,numberOfRobotsOnBlackSite,numberOfRobotsOnWhiteSite
12791,26,17
timeStep,numberOfRobotsOnBlackSite,numberOfRobotsOnWhiteSite
12792,26,17
timeStep,numberOfRobotsOnBlackSite,numberOfRobotsOnWhiteSite
12793,26,17
timeStep,numberOfRobotsOnBlackSite,numberOfRobotsOnWhiteSite
12794,26,17
timeStep,numberOfRobotsOnBlackSite,numberOfRobotsOnWhiteSite
12795,26,17
timeStep,numberOfRobotsOnBlackSite,numberOfRobotsOnWhiteSite
12796,26,17
timeStep,numberOfRobotsOnBlackSite,numberOfRobotsOnWhiteSite
12797,26,17
timeStep,numberOfRobotsOnBlackSite,numberOfRobotsOnWhiteSite
12798,26,17
timeStep,numberOfRobotsOnBlackSite,numberOfRobotsOnWhiteSite
12799,26,17
timeStep,numberOfRobotsOnBlackSite,numberOfRobotsOnWhiteSite
12800,26,17
timeStep,numberOfRobotsOnBlackSite,numberOfRobotsOnWhiteSite
12801,26,17
timeStep,numberOfRobotsOnBlackSite,numberOfRobotsOnWhiteSite
12802,26,17
timeStep,numberOfRobotsOnBlackSite,numberOfRobotsOnWhiteSite
12803,26,17
timeStep,numberOfRobotsOnBlackSite,numberOfRobotsOnWhiteSite
12804,26,17
timeStep,numberOfRobotsOnBlackSite,numberOfRobotsOnWhiteSite
12805,26,17
timeStep,numberOfRobotsOnBlackSite,numberOfRobotsOnWhiteSite
12806,26,17
timeStep,numberOfRobotsOnBlackSite,numberOfRobotsOnWhiteSite
12807,26,17
timeStep,numberOfRobotsOnBlackSite,numberOfRobotsOnWhiteSite
12808,26,17
timeStep,numberOfRobotsOnBlackSite,numberOfRobotsOnWhiteSite
12809,26,17
timeStep,numberOfRobotsOnBlackSite,numberOfRobotsOnWhiteSite
12810,26,17
timeStep,numberOfRobotsOnBlackSite,numberOfRobotsOnWhiteSite
12811,26,17
timeStep,numberOfRobotsOnBlackSite,numberOfRobotsOnWhiteSite
12812,26,17
timeStep,numberOfRobotsOnBlackSite,numberOfRobotsOnWhiteSite
12813,26,17
timeStep,numberOfRobotsOnBlackSite,numberOfRobotsOnWhiteSite
12814,26,17
timeStep,numberOfRobotsOnBlackSite,numberOfRobotsOnWhiteSite
12815,26,17
timeStep,numberOfRobotsOnBlackSite,numberOfRobotsOnWhiteSite
12816,26,17
timeStep,numberOfRobotsOnBlackSite,numberOfRobotsOnWhiteSite
12817,26,17
timeStep,numberOfRobotsOnBlackSite,numberOfRobotsOnWhiteSite
12818,26,17
timeStep,numberOfRobotsOnBlackSite,numberOfRobotsOnWhiteSite
12819,26,17
timeStep,numberOfRobotsOnBlackSite,numberOfRobotsOnWhiteSite
12820,26,17
timeStep,numberOfRobotsOnBlackSite,numberOfRobotsOnWhiteSite
12821,26,17
timeStep,numberOfRobotsOnBlackSite,numberOfRobotsOnWhiteSite
12822,26,17
timeStep,numberOfRobotsOnBlackSite,numberOfRobotsOnWhiteSite
12823,26,17
timeStep,numberOfRobotsOnBlackSite,numberOfRobotsOnWhiteSite
12824,26,17
timeStep,numberOfRobotsOnBlackSite,numberOfRobotsOnWhiteSite
12825,26,17
timeStep,numberOfRobotsOnBlackSite,numberOfRobotsOnWhiteSite
12826,26,17
timeStep,numberOfRobotsOnBlackSite,numberOfRobotsOnWhiteSite
12827,26,17
timeStep,numberOfRobotsOnBlackSite,numberOfRobotsOnWhiteSite
12828,26,17
timeStep,numberOfRobotsOnBlackSite,numberOfRobotsOnWhiteSite
12829,26,17
timeStep,numberOfRobotsOnBlackSite,numberOfRobotsOnWhiteSite
12830,26,17
timeStep,numberOfRobotsOnBlackSite,numberOfRobotsOnWhiteSite
12831,26,17
timeStep,numberOfRobotsOnBlackSite,numberOfRobotsOnWhiteSite
12832,26,17
timeStep,numberOfRobotsOnBlackSite,numberOfRobotsOnWhiteSite
12833,26,17
timeStep,numberOfRobotsOnBlackSite,numberOfRobotsOnWhiteSite
12834,26,17
timeStep,numberOfRobotsOnBlackSite,numberOfRobotsOnWhiteSite
12835,26,17
timeStep,numberOfRobotsOnBlackSite,numberOfRobotsOnWhiteSite
12836,26,17
timeStep,numberOfRobotsOnBlackSite,numberOfRobotsOnWhiteSite
12837,26,17
timeStep,numberOfRobotsOnBlackSite,numberOfRobotsOnWhiteSite
12838,26,17
timeStep,numberOfRobotsOnBlackSite,numberOfRobotsOnWhiteSite
12839,26,17
timeStep,numberOfRobotsOnBlackSite,numberOfRobotsOnWhiteSite
12840,26,17
timeStep,numberOfRobotsOnBlackSite,numberOfRobotsOnWhiteSite
12841,26,17
timeStep,numberOfRobotsOnBlackSite,numberOfRobotsOnWhiteSite
12842,26,17
timeStep,numberOfRobotsOnBlackSite,numberOfRobotsOnWhiteSite
12843,26,17
timeStep,numberOfRobotsOnBlackSite,numberOfRobotsOnWhiteSite
12844,26,17
timeStep,numberOfRobotsOnBlackSite,numberOfRobotsOnWhiteSite
12845,26,17
timeStep,numberOfRobotsOnBlackSite,numberOfRobotsOnWhiteSite
12846,26,17
timeStep,numberOfRobotsOnBlackSite,numberOfRobotsOnWhiteSite
12847,26,17
timeStep,numberOfRobotsOnBlackSite,numberOfRobotsOnWhiteSite
12848,26,17
timeStep,numberOfRobotsOnBlackSite,numberOfRobotsOnWhiteSite
12849,26,17
timeStep,numberOfRobotsOnBlackSite,numberOfRobotsOnWhiteSite
12850,26,17
timeStep,numberOfRobotsOnBlackSite,numberOfRobotsOnWhiteSite
12851,26,17
timeStep,numberOfRobotsOnBlackSite,numberOfRobotsOnWhiteSite
12852,26,17
timeStep,numberOfRobotsOnBlackSite,numberOfRobotsOnWhiteSite
12853,26,17
timeStep,numberOfRobotsOnBlackSite,numberOfRobotsOnWhiteSite
12854,26,17
timeStep,numberOfRobotsOnBlackSite,numberOfRobotsOnWhiteSite
12855,26,17
timeStep,numberOfRobotsOnBlackSite,numberOfRobotsOnWhiteSite
12856,26,17
timeStep,numberOfRobotsOnBlackSite,numberOfRobotsOnWhiteSite
12857,26,17
timeStep,numberOfRobotsOnBlackSite,numberOfRobotsOnWhiteSite
12858,26,17
timeStep,numberOfRobotsOnBlackSite,numberOfRobotsOnWhiteSite
12859,26,17
timeStep,numberOfRobotsOnBlackSite,numberOfRobotsOnWhiteSite
12860,26,17
timeStep,numberOfRobotsOnBlackSite,numberOfRobotsOnWhiteSite
12861,26,17
timeStep,numberOfRobotsOnBlackSite,numberOfRobotsOnWhiteSite
12862,26,17
timeStep,numberOfRobotsOnBlackSite,numberOfRobotsOnWhiteSite
12863,26,17
timeStep,numberOfRobotsOnBlackSite,numberOfRobotsOnWhiteSite
12864,26,17
timeStep,numberOfRobotsOnBlackSite,numberOfRobotsOnWhiteSite
12865,26,18
timeStep,numberOfRobotsOnBlackSite,numberOfRobotsOnWhiteSite
12866,26,18
timeStep,numberOfRobotsOnBlackSite,numberOfRobotsOnWhiteSite
12867,26,18
timeStep,numberOfRobotsOnBlackSite,numberOfRobotsOnWhiteSite
12868,26,18
timeStep,numberOfRobotsOnBlackSite,numberOfRobotsOnWhiteSite
12869,26,18
timeStep,numberOfRobotsOnBlackSite,numberOfRobotsOnWhiteSite
12870,26,18
timeStep,numberOfRobotsOnBlackSite,numberOfRobotsOnWhiteSite
12871,26,18
timeStep,numberOfRobotsOnBlackSite,numberOfRobotsOnWhiteSite
12872,26,18
timeStep,numberOfRobotsOnBlackSite,numberOfRobotsOnWhiteSite
12873,26,18
timeStep,numberOfRobotsOnBlackSite,numberOfRobotsOnWhiteSite
12874,26,18
timeStep,numberOfRobotsOnBlackSite,numberOfRobotsOnWhiteSite
12875,26,18
timeStep,numberOfRobotsOnBlackSite,numberOfRobotsOnWhiteSite
12876,26,18
timeStep,numberOfRobotsOnBlackSite,numberOfRobotsOnWhiteSite
12877,26,18
timeStep,numberOfRobotsOnBlackSite,numberOfRobotsOnWhiteSite
12878,26,18
timeStep,numberOfRobotsOnBlackSite,numberOfRobotsOnWhiteSite
12879,26,18
timeStep,numberOfRobotsOnBlackSite,numberOfRobotsOnWhiteSite
12880,26,18
timeStep,numberOfRobotsOnBlackSite,numberOfRobotsOnWhiteSite
12881,26,18
timeStep,numberOfRobotsOnBlackSite,numberOfRobotsOnWhiteSite
12882,26,18
timeStep,numberOfRobotsOnBlackSite,numberOfRobotsOnWhiteSite
12883,26,18
timeStep,numberOfRobotsOnBlackSite,numberOfRobotsOnWhiteSite
12884,26,18
timeStep,numberOfRobotsOnBlackSite,numberOfRobotsOnWhiteSite
12885,26,18
timeStep,numberOfRobotsOnBlackSite,numberOfRobotsOnWhiteSite
12886,26,18
timeStep,numberOfRobotsOnBlackSite,numberOfRobotsOnWhiteSite
12887,26,18
timeStep,numberOfRobotsOnBlackSite,numberOfRobotsOnWhiteSite
12888,26,18
timeStep,numberOfRobotsOnBlackSite,numberOfRobotsOnWhiteSite
12889,26,18
timeStep,numberOfRobotsOnBlackSite,numberOfRobotsOnWhiteSite
12890,26,18
timeStep,numberOfRobotsOnBlackSite,numberOfRobotsOnWhiteSite
12891,26,18
timeStep,numberOfRobotsOnBlackSite,numberOfRobotsOnWhiteSite
12892,26,18
timeStep,numberOfRobotsOnBlackSite,numberOfRobotsOnWhiteSite
12893,26,18
timeStep,numberOfRobotsOnBlackSite,numberOfRobotsOnWhiteSite
12894,26,18
timeStep,numberOfRobotsOnBlackSite,numberOfRobotsOnWhiteSite
12895,26,18
timeStep,numberOfRobotsOnBlackSite,numberOfRobotsOnWhiteSite
12896,26,18
timeStep,numberOfRobotsOnBlackSite,numberOfRobotsOnWhiteSite
12897,26,18
timeStep,numberOfRobotsOnBlackSite,numberOfRobotsOnWhiteSite
12898,26,18
timeStep,numberOfRobotsOnBlackSite,numberOfRobotsOnWhiteSite
12899,26,18
timeStep,numberOfRobotsOnBlackSite,numberOfRobotsOnWhiteSite
12900,26,18
timeStep,numberOfRobotsOnBlackSite,numberOfRobotsOnWhiteSite
12901,26,18
timeStep,numberOfRobotsOnBlackSite,numberOfRobotsOnWhiteSite
12902,26,18
timeStep,numberOfRobotsOnBlackSite,numberOfRobotsOnWhiteSite
12903,26,18
timeStep,numberOfRobotsOnBlackSite,numberOfRobotsOnWhiteSite
12904,26,18
timeStep,numberOfRobotsOnBlackSite,numberOfRobotsOnWhiteSite
12905,26,18
timeStep,numberOfRobotsOnBlackSite,numberOfRobotsOnWhiteSite
12906,26,18
timeStep,numberOfRobotsOnBlackSite,numberOfRobotsOnWhiteSite
12907,26,18
timeStep,numberOfRobotsOnBlackSite,numberOfRobotsOnWhiteSite
12908,26,18
timeStep,numberOfRobotsOnBlackSite,numberOfRobotsOnWhiteSite
12909,26,18
timeStep,numberOfRobotsOnBlackSite,numberOfRobotsOnWhiteSite
12910,26,18
timeStep,numberOfRobotsOnBlackSite,numberOfRobotsOnWhiteSite
12911,26,18
timeStep,numberOfRobotsOnBlackSite,numberOfRobotsOnWhiteSite
12912,26,18
timeStep,numberOfRobotsOnBlackSite,numberOfRobotsOnWhiteSite
12913,26,18
timeStep,numberOfRobotsOnBlackSite,numberOfRobotsOnWhiteSite
12914,26,18
timeStep,numberOfRobotsOnBlackSite,numberOfRobotsOnWhiteSite
12915,26,18
timeStep,numberOfRobotsOnBlackSite,numberOfRobotsOnWhiteSite
12916,26,18
timeStep,numberOfRobotsOnBlackSite,numberOfRobotsOnWhiteSite
12917,26,18
timeStep,numberOfRobotsOnBlackSite,numberOfRobotsOnWhiteSite
12918,26,18
timeStep,numberOfRobotsOnBlackSite,numberOfRobotsOnWhiteSite
12919,26,18
timeStep,numberOfRobotsOnBlackSite,numberOfRobotsOnWhiteSite
12920,26,18
timeStep,numberOfRobotsOnBlackSite,numberOfRobotsOnWhiteSite
12921,26,18
timeStep,numberOfRobotsOnBlackSite,numberOfRobotsOnWhiteSite
12922,26,18
timeStep,numberOfRobotsOnBlackSite,numberOfRobotsOnWhiteSite
12923,26,18
timeStep,numberOfRobotsOnBlackSite,numberOfRobotsOnWhiteSite
12924,26,18
timeStep,numberOfRobotsOnBlackSite,numberOfRobotsOnWhiteSite
12925,26,19
timeStep,numberOfRobotsOnBlackSite,numberOfRobotsOnWhiteSite
12926,26,19
timeStep,numberOfRobotsOnBlackSite,numberOfRobotsOnWhiteSite
12927,26,19
timeStep,numberOfRobotsOnBlackSite,numberOfRobotsOnWhiteSite
12928,26,19
timeStep,numberOfRobotsOnBlackSite,numberOfRobotsOnWhiteSite
12929,26,19
timeStep,numberOfRobotsOnBlackSite,numberOfRobotsOnWhiteSite
12930,26,19
timeStep,numberOfRobotsOnBlackSite,numberOfRobotsOnWhiteSite
12931,26,19
timeStep,numberOfRobotsOnBlackSite,numberOfRobotsOnWhiteSite
12932,26,19
timeStep,numberOfRobotsOnBlackSite,numberOfRobotsOnWhiteSite
12933,26,19
timeStep,numberOfRobotsOnBlackSite,numberOfRobotsOnWhiteSite
12934,26,19
timeStep,numberOfRobotsOnBlackSite,numberOfRobotsOnWhiteSite
12935,26,19
timeStep,numberOfRobotsOnBlackSite,numberOfRobotsOnWhiteSite
12936,26,19
timeStep,numberOfRobotsOnBlackSite,numberOfRobotsOnWhiteSite
12937,26,19
timeStep,numberOfRobotsOnBlackSite,numberOfRobotsOnWhiteSite
12938,26,19
timeStep,numberOfRobotsOnBlackSite,numberOfRobotsOnWhiteSite
12939,26,19
timeStep,numberOfRobotsOnBlackSite,numberOfRobotsOnWhiteSite
12940,26,19
timeStep,numberOfRobotsOnBlackSite,numberOfRobotsOnWhiteSite
12941,26,19
timeStep,numberOfRobotsOnBlackSite,numberOfRobotsOnWhiteSite
12942,26,19
timeStep,numberOfRobotsOnBlackSite,numberOfRobotsOnWhiteSite
12943,26,19
timeStep,numberOfRobotsOnBlackSite,numberOfRobotsOnWhiteSite
12944,26,19
timeStep,numberOfRobotsOnBlackSite,numberOfRobotsOnWhiteSite
12945,26,19
timeStep,numberOfRobotsOnBlackSite,numberOfRobotsOnWhiteSite
12946,26,19
timeStep,numberOfRobotsOnBlackSite,numberOfRobotsOnWhiteSite
12947,26,19
timeStep,numberOfRobotsOnBlackSite,numberOfRobotsOnWhiteSite
12948,26,19
timeStep,numberOfRobotsOnBlackSite,numberOfRobotsOnWhiteSite
12949,26,19
timeStep,numberOfRobotsOnBlackSite,numberOfRobotsOnWhiteSite
12950,26,19
timeStep,numberOfRobotsOnBlackSite,numberOfRobotsOnWhiteSite
12951,26,19
timeStep,numberOfRobotsOnBlackSite,numberOfRobotsOnWhiteSite
12952,26,19
timeStep,numberOfRobotsOnBlackSite,numberOfRobotsOnWhiteSite
12953,26,19
timeStep,numberOfRobotsOnBlackSite,numberOfRobotsOnWhiteSite
12954,26,19
timeStep,numberOfRobotsOnBlackSite,numberOfRobotsOnWhiteSite
12955,28,18
timeStep,numberOfRobotsOnBlackSite,numberOfRobotsOnWhiteSite
12956,28,18
timeStep,numberOfRobotsOnBlackSite,numberOfRobotsOnWhiteSite
12957,28,18
timeStep,numberOfRobotsOnBlackSite,numberOfRobotsOnWhiteSite
12958,28,18
timeStep,numberOfRobotsOnBlackSite,numberOfRobotsOnWhiteSite
12959,28,18
timeStep,numberOfRobotsOnBlackSite,numberOfRobotsOnWhiteSite
12960,28,18
timeStep,numberOfRobotsOnBlackSite,numberOfRobotsOnWhiteSite
12961,28,18
timeStep,numberOfRobotsOnBlackSite,numberOfRobotsOnWhiteSite
12962,28,18
timeStep,numberOfRobotsOnBlackSite,numberOfRobotsOnWhiteSite
12963,28,18
timeStep,numberOfRobotsOnBlackSite,numberOfRobotsOnWhiteSite
12964,28,18
timeStep,numberOfRobotsOnBlackSite,numberOfRobotsOnWhiteSite
12965,28,18
timeStep,numberOfRobotsOnBlackSite,numberOfRobotsOnWhiteSite
12966,28,18
timeStep,numberOfRobotsOnBlackSite,numberOfRobotsOnWhiteSite
12967,28,18
timeStep,numberOfRobotsOnBlackSite,numberOfRobotsOnWhiteSite
12968,28,18
timeStep,numberOfRobotsOnBlackSite,numberOfRobotsOnWhiteSite
12969,28,18
timeStep,numberOfRobotsOnBlackSite,numberOfRobotsOnWhiteSite
12970,28,18
timeStep,numberOfRobotsOnBlackSite,numberOfRobotsOnWhiteSite
12971,28,18
timeStep,numberOfRobotsOnBlackSite,numberOfRobotsOnWhiteSite
12972,28,18
timeStep,numberOfRobotsOnBlackSite,numberOfRobotsOnWhiteSite
12973,28,18
timeStep,numberOfRobotsOnBlackSite,numberOfRobotsOnWhiteSite
12974,28,18
timeStep,numberOfRobotsOnBlackSite,numberOfRobotsOnWhiteSite
12975,28,18
timeStep,numberOfRobotsOnBlackSite,numberOfRobotsOnWhiteSite
12976,28,18
timeStep,numberOfRobotsOnBlackSite,numberOfRobotsOnWhiteSite
12977,28,18
timeStep,numberOfRobotsOnBlackSite,numberOfRobotsOnWhiteSite
12978,28,18
timeStep,numberOfRobotsOnBlackSite,numberOfRobotsOnWhiteSite
12979,28,18
timeStep,numberOfRobotsOnBlackSite,numberOfRobotsOnWhiteSite
12980,28,18
timeStep,numberOfRobotsOnBlackSite,numberOfRobotsOnWhiteSite
12981,28,18
timeStep,numberOfRobotsOnBlackSite,numberOfRobotsOnWhiteSite
12982,28,18
timeStep,numberOfRobotsOnBlackSite,numberOfRobotsOnWhiteSite
12983,28,18
timeStep,numberOfRobotsOnBlackSite,numberOfRobotsOnWhiteSite
12984,28,18
timeStep,numberOfRobotsOnBlackSite,numberOfRobotsOnWhiteSite
12985,28,18
timeStep,numberOfRobotsOnBlackSite,numberOfRobotsOnWhiteSite
12986,28,18
timeStep,numberOfRobotsOnBlackSite,numberOfRobotsOnWhiteSite
12987,28,18
timeStep,numberOfRobotsOnBlackSite,numberOfRobotsOnWhiteSite
12988,28,18
timeStep,numberOfRobotsOnBlackSite,numberOfRobotsOnWhiteSite
12989,28,18
timeStep,numberOfRobotsOnBlackSite,numberOfRobotsOnWhiteSite
12990,28,18
timeStep,numberOfRobotsOnBlackSite,numberOfRobotsOnWhiteSite
12991,28,18
timeStep,numberOfRobotsOnBlackSite,numberOfRobotsOnWhiteSite
12992,28,18
timeStep,numberOfRobotsOnBlackSite,numberOfRobotsOnWhiteSite
12993,28,18
timeStep,numberOfRobotsOnBlackSite,numberOfRobotsOnWhiteSite
12994,28,18
timeStep,numberOfRobotsOnBlackSite,numberOfRobotsOnWhiteSite
12995,28,18
timeStep,numberOfRobotsOnBlackSite,numberOfRobotsOnWhiteSite
12996,28,18
timeStep,numberOfRobotsOnBlackSite,numberOfRobotsOnWhiteSite
12997,28,18
timeStep,numberOfRobotsOnBlackSite,numberOfRobotsOnWhiteSite
12998,28,18
timeStep,numberOfRobotsOnBlackSite,numberOfRobotsOnWhiteSite
12999,28,18
timeStep,numberOfRobotsOnBlackSite,numberOfRobotsOnWhiteSite
13000,28,18
timeStep,numberOfRobotsOnBlackSite,numberOfRobotsOnWhiteSite
13001,28,18
timeStep,numberOfRobotsOnBlackSite,numberOfRobotsOnWhiteSite
13002,28,18
timeStep,numberOfRobotsOnBlackSite,numberOfRobotsOnWhiteSite
13003,28,18
timeStep,numberOfRobotsOnBlackSite,numberOfRobotsOnWhiteSite
13004,28,18
timeStep,numberOfRobotsOnBlackSite,numberOfRobotsOnWhiteSite
13005,28,18
timeStep,numberOfRobotsOnBlackSite,numberOfRobotsOnWhiteSite
13006,28,18
timeStep,numberOfRobotsOnBlackSite,numberOfRobotsOnWhiteSite
13007,28,18
timeStep,numberOfRobotsOnBlackSite,numberOfRobotsOnWhiteSite
13008,28,18
timeStep,numberOfRobotsOnBlackSite,numberOfRobotsOnWhiteSite
13009,28,18
timeStep,numberOfRobotsOnBlackSite,numberOfRobotsOnWhiteSite
13010,28,18
timeStep,numberOfRobotsOnBlackSite,numberOfRobotsOnWhiteSite
13011,28,18
timeStep,numberOfRobotsOnBlackSite,numberOfRobotsOnWhiteSite
13012,28,18
timeStep,numberOfRobotsOnBlackSite,numberOfRobotsOnWhiteSite
13013,28,18
timeStep,numberOfRobotsOnBlackSite,numberOfRobotsOnWhiteSite
13014,28,18
timeStep,numberOfRobotsOnBlackSite,numberOfRobotsOnWhiteSite
13015,28,18
timeStep,numberOfRobotsOnBlackSite,numberOfRobotsOnWhiteSite
13016,28,18
timeStep,numberOfRobotsOnBlackSite,numberOfRobotsOnWhiteSite
13017,28,18
timeStep,numberOfRobotsOnBlackSite,numberOfRobotsOnWhiteSite
13018,28,18
timeStep,numberOfRobotsOnBlackSite,numberOfRobotsOnWhiteSite
13019,28,18
timeStep,numberOfRobotsOnBlackSite,numberOfRobotsOnWhiteSite
13020,28,19
timeStep,numberOfRobotsOnBlackSite,numberOfRobotsOnWhiteSite
13021,28,19
timeStep,numberOfRobotsOnBlackSite,numberOfRobotsOnWhiteSite
13022,28,19
timeStep,numberOfRobotsOnBlackSite,numberOfRobotsOnWhiteSite
13023,28,19
timeStep,numberOfRobotsOnBlackSite,numberOfRobotsOnWhiteSite
13024,28,19
timeStep,numberOfRobotsOnBlackSite,numberOfRobotsOnWhiteSite
13025,28,19
timeStep,numberOfRobotsOnBlackSite,numberOfRobotsOnWhiteSite
13026,28,19
timeStep,numberOfRobotsOnBlackSite,numberOfRobotsOnWhiteSite
13027,28,19
timeStep,numberOfRobotsOnBlackSite,numberOfRobotsOnWhiteSite
13028,28,19
timeStep,numberOfRobotsOnBlackSite,numberOfRobotsOnWhiteSite
13029,28,19
timeStep,numberOfRobotsOnBlackSite,numberOfRobotsOnWhiteSite
13030,28,19
timeStep,numberOfRobotsOnBlackSite,numberOfRobotsOnWhiteSite
13031,28,19
timeStep,numberOfRobotsOnBlackSite,numberOfRobotsOnWhiteSite
13032,28,19
timeStep,numberOfRobotsOnBlackSite,numberOfRobotsOnWhiteSite
13033,28,19
timeStep,numberOfRobotsOnBlackSite,numberOfRobotsOnWhiteSite
13034,28,19
timeStep,numberOfRobotsOnBlackSite,numberOfRobotsOnWhiteSite
13035,28,19
timeStep,numberOfRobotsOnBlackSite,numberOfRobotsOnWhiteSite
13036,28,19
timeStep,numberOfRobotsOnBlackSite,numberOfRobotsOnWhiteSite
13037,28,19
timeStep,numberOfRobotsOnBlackSite,numberOfRobotsOnWhiteSite
13038,28,19
timeStep,numberOfRobotsOnBlackSite,numberOfRobotsOnWhiteSite
13039,28,19
timeStep,numberOfRobotsOnBlackSite,numberOfRobotsOnWhiteSite
13040,28,19
timeStep,numberOfRobotsOnBlackSite,numberOfRobotsOnWhiteSite
13041,28,19
timeStep,numberOfRobotsOnBlackSite,numberOfRobotsOnWhiteSite
13042,28,19
timeStep,numberOfRobotsOnBlackSite,numberOfRobotsOnWhiteSite
13043,28,19
timeStep,numberOfRobotsOnBlackSite,numberOfRobotsOnWhiteSite
13044,28,19
timeStep,numberOfRobotsOnBlackSite,numberOfRobotsOnWhiteSite
13045,28,19
timeStep,numberOfRobotsOnBlackSite,numberOfRobotsOnWhiteSite
13046,28,19
timeStep,numberOfRobotsOnBlackSite,numberOfRobotsOnWhiteSite
13047,28,19
timeStep,numberOfRobotsOnBlackSite,numberOfRobotsOnWhiteSite
13048,28,19
timeStep,numberOfRobotsOnBlackSite,numberOfRobotsOnWhiteSite
13049,28,19
timeStep,numberOfRobotsOnBlackSite,numberOfRobotsOnWhiteSite
13050,27,19
timeStep,numberOfRobotsOnBlackSite,numberOfRobotsOnWhiteSite
13051,27,19
timeStep,numberOfRobotsOnBlackSite,numberOfRobotsOnWhiteSite
13052,27,19
timeStep,numberOfRobotsOnBlackSite,numberOfRobotsOnWhiteSite
13053,27,19
timeStep,numberOfRobotsOnBlackSite,numberOfRobotsOnWhiteSite
13054,27,19
timeStep,numberOfRobotsOnBlackSite,numberOfRobotsOnWhiteSite
13055,27,19
timeStep,numberOfRobotsOnBlackSite,numberOfRobotsOnWhiteSite
13056,27,19
timeStep,numberOfRobotsOnBlackSite,numberOfRobotsOnWhiteSite
13057,27,19
timeStep,numberOfRobotsOnBlackSite,numberOfRobotsOnWhiteSite
13058,27,19
timeStep,numberOfRobotsOnBlackSite,numberOfRobotsOnWhiteSite
13059,27,19
timeStep,numberOfRobotsOnBlackSite,numberOfRobotsOnWhiteSite
13060,27,19
timeStep,numberOfRobotsOnBlackSite,numberOfRobotsOnWhiteSite
13061,27,19
timeStep,numberOfRobotsOnBlackSite,numberOfRobotsOnWhiteSite
13062,27,19
timeStep,numberOfRobotsOnBlackSite,numberOfRobotsOnWhiteSite
13063,27,19
timeStep,numberOfRobotsOnBlackSite,numberOfRobotsOnWhiteSite
13064,27,19
timeStep,numberOfRobotsOnBlackSite,numberOfRobotsOnWhiteSite
13065,27,19
timeStep,numberOfRobotsOnBlackSite,numberOfRobotsOnWhiteSite
13066,27,19
timeStep,numberOfRobotsOnBlackSite,numberOfRobotsOnWhiteSite
13067,27,19
timeStep,numberOfRobotsOnBlackSite,numberOfRobotsOnWhiteSite
13068,27,19
timeStep,numberOfRobotsOnBlackSite,numberOfRobotsOnWhiteSite
13069,27,19
timeStep,numberOfRobotsOnBlackSite,numberOfRobotsOnWhiteSite
13070,27,19
timeStep,numberOfRobotsOnBlackSite,numberOfRobotsOnWhiteSite
13071,27,19
timeStep,numberOfRobotsOnBlackSite,numberOfRobotsOnWhiteSite
13072,27,19
timeStep,numberOfRobotsOnBlackSite,numberOfRobotsOnWhiteSite
13073,27,19
timeStep,numberOfRobotsOnBlackSite,numberOfRobotsOnWhiteSite
13074,27,19
timeStep,numberOfRobotsOnBlackSite,numberOfRobotsOnWhiteSite
13075,27,19
timeStep,numberOfRobotsOnBlackSite,numberOfRobotsOnWhiteSite
13076,27,19
timeStep,numberOfRobotsOnBlackSite,numberOfRobotsOnWhiteSite
13077,27,19
timeStep,numberOfRobotsOnBlackSite,numberOfRobotsOnWhiteSite
13078,27,19
timeStep,numberOfRobotsOnBlackSite,numberOfRobotsOnWhiteSite
13079,27,19
timeStep,numberOfRobotsOnBlackSite,numberOfRobotsOnWhiteSite
13080,27,19
timeStep,numberOfRobotsOnBlackSite,numberOfRobotsOnWhiteSite
13081,27,19
timeStep,numberOfRobotsOnBlackSite,numberOfRobotsOnWhiteSite
13082,27,19
timeStep,numberOfRobotsOnBlackSite,numberOfRobotsOnWhiteSite
13083,27,19
timeStep,numberOfRobotsOnBlackSite,numberOfRobotsOnWhiteSite
13084,27,19
timeStep,numberOfRobotsOnBlackSite,numberOfRobotsOnWhiteSite
13085,27,19
timeStep,numberOfRobotsOnBlackSite,numberOfRobotsOnWhiteSite
13086,27,19
timeStep,numberOfRobotsOnBlackSite,numberOfRobotsOnWhiteSite
13087,27,19
timeStep,numberOfRobotsOnBlackSite,numberOfRobotsOnWhiteSite
13088,27,19
timeStep,numberOfRobotsOnBlackSite,numberOfRobotsOnWhiteSite
13089,27,19
timeStep,numberOfRobotsOnBlackSite,numberOfRobotsOnWhiteSite
13090,28,19
timeStep,numberOfRobotsOnBlackSite,numberOfRobotsOnWhiteSite
13091,28,19
timeStep,numberOfRobotsOnBlackSite,numberOfRobotsOnWhiteSite
13092,28,19
timeStep,numberOfRobotsOnBlackSite,numberOfRobotsOnWhiteSite
13093,28,19
timeStep,numberOfRobotsOnBlackSite,numberOfRobotsOnWhiteSite
13094,28,19
timeStep,numberOfRobotsOnBlackSite,numberOfRobotsOnWhiteSite
13095,28,19
timeStep,numberOfRobotsOnBlackSite,numberOfRobotsOnWhiteSite
13096,28,19
timeStep,numberOfRobotsOnBlackSite,numberOfRobotsOnWhiteSite
13097,28,19
timeStep,numberOfRobotsOnBlackSite,numberOfRobotsOnWhiteSite
13098,28,19
timeStep,numberOfRobotsOnBlackSite,numberOfRobotsOnWhiteSite
13099,28,19
timeStep,numberOfRobotsOnBlackSite,numberOfRobotsOnWhiteSite
13100,28,19
timeStep,numberOfRobotsOnBlackSite,numberOfRobotsOnWhiteSite
13101,28,19
timeStep,numberOfRobotsOnBlackSite,numberOfRobotsOnWhiteSite
13102,28,19
timeStep,numberOfRobotsOnBlackSite,numberOfRobotsOnWhiteSite
13103,28,19
timeStep,numberOfRobotsOnBlackSite,numberOfRobotsOnWhiteSite
13104,28,19
timeStep,numberOfRobotsOnBlackSite,numberOfRobotsOnWhiteSite
13105,28,19
timeStep,numberOfRobotsOnBlackSite,numberOfRobotsOnWhiteSite
13106,28,19
timeStep,numberOfRobotsOnBlackSite,numberOfRobotsOnWhiteSite
13107,28,19
timeStep,numberOfRobotsOnBlackSite,numberOfRobotsOnWhiteSite
13108,28,19
timeStep,numberOfRobotsOnBlackSite,numberOfRobotsOnWhiteSite
13109,28,19
timeStep,numberOfRobotsOnBlackSite,numberOfRobotsOnWhiteSite
13110,28,19
timeStep,numberOfRobotsOnBlackSite,numberOfRobotsOnWhiteSite
13111,28,19
timeStep,numberOfRobotsOnBlackSite,numberOfRobotsOnWhiteSite
13112,28,19
timeStep,numberOfRobotsOnBlackSite,numberOfRobotsOnWhiteSite
13113,28,19
timeStep,numberOfRobotsOnBlackSite,numberOfRobotsOnWhiteSite
13114,28,19
timeStep,numberOfRobotsOnBlackSite,numberOfRobotsOnWhiteSite
13115,28,19
timeStep,numberOfRobotsOnBlackSite,numberOfRobotsOnWhiteSite
13116,28,19
timeStep,numberOfRobotsOnBlackSite,numberOfRobotsOnWhiteSite
13117,28,19
timeStep,numberOfRobotsOnBlackSite,numberOfRobotsOnWhiteSite
13118,28,19
timeStep,numberOfRobotsOnBlackSite,numberOfRobotsOnWhiteSite
13119,28,19
timeStep,numberOfRobotsOnBlackSite,numberOfRobotsOnWhiteSite
13120,28,19
timeStep,numberOfRobotsOnBlackSite,numberOfRobotsOnWhiteSite
13121,28,19
timeStep,numberOfRobotsOnBlackSite,numberOfRobotsOnWhiteSite
13122,28,19
timeStep,numberOfRobotsOnBlackSite,numberOfRobotsOnWhiteSite
13123,28,19
timeStep,numberOfRobotsOnBlackSite,numberOfRobotsOnWhiteSite
13124,28,19
timeStep,numberOfRobotsOnBlackSite,numberOfRobotsOnWhiteSite
13125,28,19
timeStep,numberOfRobotsOnBlackSite,numberOfRobotsOnWhiteSite
13126,28,19
timeStep,numberOfRobotsOnBlackSite,numberOfRobotsOnWhiteSite
13127,28,19
timeStep,numberOfRobotsOnBlackSite,numberOfRobotsOnWhiteSite
13128,28,19
timeStep,numberOfRobotsOnBlackSite,numberOfRobotsOnWhiteSite
13129,28,19
timeStep,numberOfRobotsOnBlackSite,numberOfRobotsOnWhiteSite
13130,28,19
timeStep,numberOfRobotsOnBlackSite,numberOfRobotsOnWhiteSite
13131,28,19
timeStep,numberOfRobotsOnBlackSite,numberOfRobotsOnWhiteSite
13132,28,19
timeStep,numberOfRobotsOnBlackSite,numberOfRobotsOnWhiteSite
13133,28,19
timeStep,numberOfRobotsOnBlackSite,numberOfRobotsOnWhiteSite
13134,28,19
timeStep,numberOfRobotsOnBlackSite,numberOfRobotsOnWhiteSite
13135,28,19
timeStep,numberOfRobotsOnBlackSite,numberOfRobotsOnWhiteSite
13136,28,19
timeStep,numberOfRobotsOnBlackSite,numberOfRobotsOnWhiteSite
13137,28,19
timeStep,numberOfRobotsOnBlackSite,numberOfRobotsOnWhiteSite
13138,28,19
timeStep,numberOfRobotsOnBlackSite,numberOfRobotsOnWhiteSite
13139,28,19
timeStep,numberOfRobotsOnBlackSite,numberOfRobotsOnWhiteSite
13140,28,19
timeStep,numberOfRobotsOnBlackSite,numberOfRobotsOnWhiteSite
13141,28,19
timeStep,numberOfRobotsOnBlackSite,numberOfRobotsOnWhiteSite
13142,28,19
timeStep,numberOfRobotsOnBlackSite,numberOfRobotsOnWhiteSite
13143,28,19
timeStep,numberOfRobotsOnBlackSite,numberOfRobotsOnWhiteSite
13144,28,19
timeStep,numberOfRobotsOnBlackSite,numberOfRobotsOnWhiteSite
13145,28,19
timeStep,numberOfRobotsOnBlackSite,numberOfRobotsOnWhiteSite
13146,28,19
timeStep,numberOfRobotsOnBlackSite,numberOfRobotsOnWhiteSite
13147,28,19
timeStep,numberOfRobotsOnBlackSite,numberOfRobotsOnWhiteSite
13148,28,19
timeStep,numberOfRobotsOnBlackSite,numberOfRobotsOnWhiteSite
13149,28,19
timeStep,numberOfRobotsOnBlackSite,numberOfRobotsOnWhiteSite
13150,28,19
timeStep,numberOfRobotsOnBlackSite,numberOfRobotsOnWhiteSite
13151,28,19
timeStep,numberOfRobotsOnBlackSite,numberOfRobotsOnWhiteSite
13152,28,19
timeStep,numberOfRobotsOnBlackSite,numberOfRobotsOnWhiteSite
13153,28,19
timeStep,numberOfRobotsOnBlackSite,numberOfRobotsOnWhiteSite
13154,28,19
timeStep,numberOfRobotsOnBlackSite,numberOfRobotsOnWhiteSite
13155,28,19
timeStep,numberOfRobotsOnBlackSite,numberOfRobotsOnWhiteSite
13156,28,19
timeStep,numberOfRobotsOnBlackSite,numberOfRobotsOnWhiteSite
13157,28,19
timeStep,numberOfRobotsOnBlackSite,numberOfRobotsOnWhiteSite
13158,28,19
timeStep,numberOfRobotsOnBlackSite,numberOfRobotsOnWhiteSite
13159,28,19
timeStep,numberOfRobotsOnBlackSite,numberOfRobotsOnWhiteSite
13160,28,19
timeStep,numberOfRobotsOnBlackSite,numberOfRobotsOnWhiteSite
13161,28,19
timeStep,numberOfRobotsOnBlackSite,numberOfRobotsOnWhiteSite
13162,28,19
timeStep,numberOfRobotsOnBlackSite,numberOfRobotsOnWhiteSite
13163,28,19
timeStep,numberOfRobotsOnBlackSite,numberOfRobotsOnWhiteSite
13164,28,19
timeStep,numberOfRobotsOnBlackSite,numberOfRobotsOnWhiteSite
13165,28,19
timeStep,numberOfRobotsOnBlackSite,numberOfRobotsOnWhiteSite
13166,28,19
timeStep,numberOfRobotsOnBlackSite,numberOfRobotsOnWhiteSite
13167,28,19
timeStep,numberOfRobotsOnBlackSite,numberOfRobotsOnWhiteSite
13168,28,19
timeStep,numberOfRobotsOnBlackSite,numberOfRobotsOnWhiteSite
13169,28,19
timeStep,numberOfRobotsOnBlackSite,numberOfRobotsOnWhiteSite
13170,28,19
timeStep,numberOfRobotsOnBlackSite,numberOfRobotsOnWhiteSite
13171,28,19
timeStep,numberOfRobotsOnBlackSite,numberOfRobotsOnWhiteSite
13172,28,19
timeStep,numberOfRobotsOnBlackSite,numberOfRobotsOnWhiteSite
13173,28,19
timeStep,numberOfRobotsOnBlackSite,numberOfRobotsOnWhiteSite
13174,28,19
timeStep,numberOfRobotsOnBlackSite,numberOfRobotsOnWhiteSite
13175,28,19
timeStep,numberOfRobotsOnBlackSite,numberOfRobotsOnWhiteSite
13176,28,19
timeStep,numberOfRobotsOnBlackSite,numberOfRobotsOnWhiteSite
13177,28,19
timeStep,numberOfRobotsOnBlackSite,numberOfRobotsOnWhiteSite
13178,28,19
timeStep,numberOfRobotsOnBlackSite,numberOfRobotsOnWhiteSite
13179,28,19
timeStep,numberOfRobotsOnBlackSite,numberOfRobotsOnWhiteSite
13180,28,19
timeStep,numberOfRobotsOnBlackSite,numberOfRobotsOnWhiteSite
13181,28,19
timeStep,numberOfRobotsOnBlackSite,numberOfRobotsOnWhiteSite
13182,28,19
timeStep,numberOfRobotsOnBlackSite,numberOfRobotsOnWhiteSite
13183,28,19
timeStep,numberOfRobotsOnBlackSite,numberOfRobotsOnWhiteSite
13184,28,19
timeStep,numberOfRobotsOnBlackSite,numberOfRobotsOnWhiteSite
13185,28,19
timeStep,numberOfRobotsOnBlackSite,numberOfRobotsOnWhiteSite
13186,28,19
timeStep,numberOfRobotsOnBlackSite,numberOfRobotsOnWhiteSite
13187,28,19
timeStep,numberOfRobotsOnBlackSite,numberOfRobotsOnWhiteSite
13188,28,19
timeStep,numberOfRobotsOnBlackSite,numberOfRobotsOnWhiteSite
13189,28,19
timeStep,numberOfRobotsOnBlackSite,numberOfRobotsOnWhiteSite
13190,28,19
timeStep,numberOfRobotsOnBlackSite,numberOfRobotsOnWhiteSite
13191,28,19
timeStep,numberOfRobotsOnBlackSite,numberOfRobotsOnWhiteSite
13192,28,19
timeStep,numberOfRobotsOnBlackSite,numberOfRobotsOnWhiteSite
13193,28,19
timeStep,numberOfRobotsOnBlackSite,numberOfRobotsOnWhiteSite
13194,28,19
timeStep,numberOfRobotsOnBlackSite,numberOfRobotsOnWhiteSite
13195,28,19
timeStep,numberOfRobotsOnBlackSite,numberOfRobotsOnWhiteSite
13196,28,19
timeStep,numberOfRobotsOnBlackSite,numberOfRobotsOnWhiteSite
13197,28,19
timeStep,numberOfRobotsOnBlackSite,numberOfRobotsOnWhiteSite
13198,28,19
timeStep,numberOfRobotsOnBlackSite,numberOfRobotsOnWhiteSite
13199,28,19
timeStep,numberOfRobotsOnBlackSite,numberOfRobotsOnWhiteSite
13200,28,19
timeStep,numberOfRobotsOnBlackSite,numberOfRobotsOnWhiteSite
13201,28,19
timeStep,numberOfRobotsOnBlackSite,numberOfRobotsOnWhiteSite
13202,28,19
timeStep,numberOfRobotsOnBlackSite,numberOfRobotsOnWhiteSite
13203,28,19
timeStep,numberOfRobotsOnBlackSite,numberOfRobotsOnWhiteSite
13204,28,19
timeStep,numberOfRobotsOnBlackSite,numberOfRobotsOnWhiteSite
13205,28,19
timeStep,numberOfRobotsOnBlackSite,numberOfRobotsOnWhiteSite
13206,28,19
timeStep,numberOfRobotsOnBlackSite,numberOfRobotsOnWhiteSite
13207,28,19
timeStep,numberOfRobotsOnBlackSite,numberOfRobotsOnWhiteSite
13208,28,19
timeStep,numberOfRobotsOnBlackSite,numberOfRobotsOnWhiteSite
13209,28,19
timeStep,numberOfRobotsOnBlackSite,numberOfRobotsOnWhiteSite
13210,28,19
timeStep,numberOfRobotsOnBlackSite,numberOfRobotsOnWhiteSite
13211,28,19
timeStep,numberOfRobotsOnBlackSite,numberOfRobotsOnWhiteSite
13212,28,19
timeStep,numberOfRobotsOnBlackSite,numberOfRobotsOnWhiteSite
13213,28,19
timeStep,numberOfRobotsOnBlackSite,numberOfRobotsOnWhiteSite
13214,28,19
timeStep,numberOfRobotsOnBlackSite,numberOfRobotsOnWhiteSite
13215,28,19
timeStep,numberOfRobotsOnBlackSite,numberOfRobotsOnWhiteSite
13216,28,19
timeStep,numberOfRobotsOnBlackSite,numberOfRobotsOnWhiteSite
13217,28,19
timeStep,numberOfRobotsOnBlackSite,numberOfRobotsOnWhiteSite
13218,28,19
timeStep,numberOfRobotsOnBlackSite,numberOfRobotsOnWhiteSite
13219,28,19
timeStep,numberOfRobotsOnBlackSite,numberOfRobotsOnWhiteSite
13220,28,19
timeStep,numberOfRobotsOnBlackSite,numberOfRobotsOnWhiteSite
13221,28,19
timeStep,numberOfRobotsOnBlackSite,numberOfRobotsOnWhiteSite
13222,28,19
timeStep,numberOfRobotsOnBlackSite,numberOfRobotsOnWhiteSite
13223,28,19
timeStep,numberOfRobotsOnBlackSite,numberOfRobotsOnWhiteSite
13224,28,19
timeStep,numberOfRobotsOnBlackSite,numberOfRobotsOnWhiteSite
13225,28,19
timeStep,numberOfRobotsOnBlackSite,numberOfRobotsOnWhiteSite
13226,28,19
timeStep,numberOfRobotsOnBlackSite,numberOfRobotsOnWhiteSite
13227,28,19
timeStep,numberOfRobotsOnBlackSite,numberOfRobotsOnWhiteSite
13228,28,19
timeStep,numberOfRobotsOnBlackSite,numberOfRobotsOnWhiteSite
13229,28,19
timeStep,numberOfRobotsOnBlackSite,numberOfRobotsOnWhiteSite
13230,28,19
timeStep,numberOfRobotsOnBlackSite,numberOfRobotsOnWhiteSite
13231,28,19
timeStep,numberOfRobotsOnBlackSite,numberOfRobotsOnWhiteSite
13232,28,19
timeStep,numberOfRobotsOnBlackSite,numberOfRobotsOnWhiteSite
13233,28,19
timeStep,numberOfRobotsOnBlackSite,numberOfRobotsOnWhiteSite
13234,28,19
timeStep,numberOfRobotsOnBlackSite,numberOfRobotsOnWhiteSite
13235,28,19
timeStep,numberOfRobotsOnBlackSite,numberOfRobotsOnWhiteSite
13236,28,19
timeStep,numberOfRobotsOnBlackSite,numberOfRobotsOnWhiteSite
13237,28,19
timeStep,numberOfRobotsOnBlackSite,numberOfRobotsOnWhiteSite
13238,28,19
timeStep,numberOfRobotsOnBlackSite,numberOfRobotsOnWhiteSite
13239,28,19
timeStep,numberOfRobotsOnBlackSite,numberOfRobotsOnWhiteSite
13240,28,19
timeStep,numberOfRobotsOnBlackSite,numberOfRobotsOnWhiteSite
13241,28,19
timeStep,numberOfRobotsOnBlackSite,numberOfRobotsOnWhiteSite
13242,28,19
timeStep,numberOfRobotsOnBlackSite,numberOfRobotsOnWhiteSite
13243,28,19
timeStep,numberOfRobotsOnBlackSite,numberOfRobotsOnWhiteSite
13244,28,19
timeStep,numberOfRobotsOnBlackSite,numberOfRobotsOnWhiteSite
13245,28,19
timeStep,numberOfRobotsOnBlackSite,numberOfRobotsOnWhiteSite
13246,28,19
timeStep,numberOfRobotsOnBlackSite,numberOfRobotsOnWhiteSite
13247,28,19
timeStep,numberOfRobotsOnBlackSite,numberOfRobotsOnWhiteSite
13248,28,19
timeStep,numberOfRobotsOnBlackSite,numberOfRobotsOnWhiteSite
13249,28,19
timeStep,numberOfRobotsOnBlackSite,numberOfRobotsOnWhiteSite
13250,28,19
timeStep,numberOfRobotsOnBlackSite,numberOfRobotsOnWhiteSite
13251,28,19
timeStep,numberOfRobotsOnBlackSite,numberOfRobotsOnWhiteSite
13252,28,19
timeStep,numberOfRobotsOnBlackSite,numberOfRobotsOnWhiteSite
13253,28,19
timeStep,numberOfRobotsOnBlackSite,numberOfRobotsOnWhiteSite
13254,28,19
timeStep,numberOfRobotsOnBlackSite,numberOfRobotsOnWhiteSite
13255,28,19
timeStep,numberOfRobotsOnBlackSite,numberOfRobotsOnWhiteSite
13256,28,19
timeStep,numberOfRobotsOnBlackSite,numberOfRobotsOnWhiteSite
13257,28,19
timeStep,numberOfRobotsOnBlackSite,numberOfRobotsOnWhiteSite
13258,28,19
timeStep,numberOfRobotsOnBlackSite,numberOfRobotsOnWhiteSite
13259,28,19
timeStep,numberOfRobotsOnBlackSite,numberOfRobotsOnWhiteSite
13260,28,19
timeStep,numberOfRobotsOnBlackSite,numberOfRobotsOnWhiteSite
13261,28,19
timeStep,numberOfRobotsOnBlackSite,numberOfRobotsOnWhiteSite
13262,28,19
timeStep,numberOfRobotsOnBlackSite,numberOfRobotsOnWhiteSite
13263,28,19
timeStep,numberOfRobotsOnBlackSite,numberOfRobotsOnWhiteSite
13264,28,19
timeStep,numberOfRobotsOnBlackSite,numberOfRobotsOnWhiteSite
13265,28,19
timeStep,numberOfRobotsOnBlackSite,numberOfRobotsOnWhiteSite
13266,28,19
timeStep,numberOfRobotsOnBlackSite,numberOfRobotsOnWhiteSite
13267,28,19
timeStep,numberOfRobotsOnBlackSite,numberOfRobotsOnWhiteSite
13268,28,19
timeStep,numberOfRobotsOnBlackSite,numberOfRobotsOnWhiteSite
13269,28,19
timeStep,numberOfRobotsOnBlackSite,numberOfRobotsOnWhiteSite
13270,28,19
timeStep,numberOfRobotsOnBlackSite,numberOfRobotsOnWhiteSite
13271,28,19
timeStep,numberOfRobotsOnBlackSite,numberOfRobotsOnWhiteSite
13272,28,19
timeStep,numberOfRobotsOnBlackSite,numberOfRobotsOnWhiteSite
13273,28,19
timeStep,numberOfRobotsOnBlackSite,numberOfRobotsOnWhiteSite
13274,28,19
timeStep,numberOfRobotsOnBlackSite,numberOfRobotsOnWhiteSite
13275,28,19
timeStep,numberOfRobotsOnBlackSite,numberOfRobotsOnWhiteSite
13276,28,19
timeStep,numberOfRobotsOnBlackSite,numberOfRobotsOnWhiteSite
13277,28,19
timeStep,numberOfRobotsOnBlackSite,numberOfRobotsOnWhiteSite
13278,28,19
timeStep,numberOfRobotsOnBlackSite,numberOfRobotsOnWhiteSite
13279,28,19
timeStep,numberOfRobotsOnBlackSite,numberOfRobotsOnWhiteSite
13280,28,19
timeStep,numberOfRobotsOnBlackSite,numberOfRobotsOnWhiteSite
13281,28,19
timeStep,numberOfRobotsOnBlackSite,numberOfRobotsOnWhiteSite
13282,28,19
timeStep,numberOfRobotsOnBlackSite,numberOfRobotsOnWhiteSite
13283,28,19
timeStep,numberOfRobotsOnBlackSite,numberOfRobotsOnWhiteSite
13284,28,19
timeStep,numberOfRobotsOnBlackSite,numberOfRobotsOnWhiteSite
13285,28,19
timeStep,numberOfRobotsOnBlackSite,numberOfRobotsOnWhiteSite
13286,28,19
timeStep,numberOfRobotsOnBlackSite,numberOfRobotsOnWhiteSite
13287,28,19
timeStep,numberOfRobotsOnBlackSite,numberOfRobotsOnWhiteSite
13288,28,19
timeStep,numberOfRobotsOnBlackSite,numberOfRobotsOnWhiteSite
13289,28,19
timeStep,numberOfRobotsOnBlackSite,numberOfRobotsOnWhiteSite
13290,28,19
timeStep,numberOfRobotsOnBlackSite,numberOfRobotsOnWhiteSite
13291,28,19
timeStep,numberOfRobotsOnBlackSite,numberOfRobotsOnWhiteSite
13292,28,19
timeStep,numberOfRobotsOnBlackSite,numberOfRobotsOnWhiteSite
13293,28,19
timeStep,numberOfRobotsOnBlackSite,numberOfRobotsOnWhiteSite
13294,28,19
timeStep,numberOfRobotsOnBlackSite,numberOfRobotsOnWhiteSite
13295,28,19
timeStep,numberOfRobotsOnBlackSite,numberOfRobotsOnWhiteSite
13296,28,19
timeStep,numberOfRobotsOnBlackSite,numberOfRobotsOnWhiteSite
13297,28,19
timeStep,numberOfRobotsOnBlackSite,numberOfRobotsOnWhiteSite
13298,28,19
timeStep,numberOfRobotsOnBlackSite,numberOfRobotsOnWhiteSite
13299,28,19
timeStep,numberOfRobotsOnBlackSite,numberOfRobotsOnWhiteSite
13300,28,19
timeStep,numberOfRobotsOnBlackSite,numberOfRobotsOnWhiteSite
13301,28,19
timeStep,numberOfRobotsOnBlackSite,numberOfRobotsOnWhiteSite
13302,28,19
timeStep,numberOfRobotsOnBlackSite,numberOfRobotsOnWhiteSite
13303,28,19
timeStep,numberOfRobotsOnBlackSite,numberOfRobotsOnWhiteSite
13304,28,19
timeStep,numberOfRobotsOnBlackSite,numberOfRobotsOnWhiteSite
13305,28,19
timeStep,numberOfRobotsOnBlackSite,numberOfRobotsOnWhiteSite
13306,28,19
timeStep,numberOfRobotsOnBlackSite,numberOfRobotsOnWhiteSite
13307,28,19
timeStep,numberOfRobotsOnBlackSite,numberOfRobotsOnWhiteSite
13308,28,19
timeStep,numberOfRobotsOnBlackSite,numberOfRobotsOnWhiteSite
13309,28,19
timeStep,numberOfRobotsOnBlackSite,numberOfRobotsOnWhiteSite
13310,28,19
timeStep,numberOfRobotsOnBlackSite,numberOfRobotsOnWhiteSite
13311,28,19
timeStep,numberOfRobotsOnBlackSite,numberOfRobotsOnWhiteSite
13312,28,19
timeStep,numberOfRobotsOnBlackSite,numberOfRobotsOnWhiteSite
13313,28,19
timeStep,numberOfRobotsOnBlackSite,numberOfRobotsOnWhiteSite
13314,28,19
timeStep,numberOfRobotsOnBlackSite,numberOfRobotsOnWhiteSite
13315,28,19
timeStep,numberOfRobotsOnBlackSite,numberOfRobotsOnWhiteSite
13316,28,19
timeStep,numberOfRobotsOnBlackSite,numberOfRobotsOnWhiteSite
13317,28,19
timeStep,numberOfRobotsOnBlackSite,numberOfRobotsOnWhiteSite
13318,28,19
timeStep,numberOfRobotsOnBlackSite,numberOfRobotsOnWhiteSite
13319,28,19
timeStep,numberOfRobotsOnBlackSite,numberOfRobotsOnWhiteSite
13320,28,19
timeStep,numberOfRobotsOnBlackSite,numberOfRobotsOnWhiteSite
13321,28,19
timeStep,numberOfRobotsOnBlackSite,numberOfRobotsOnWhiteSite
13322,28,19
timeStep,numberOfRobotsOnBlackSite,numberOfRobotsOnWhiteSite
13323,28,19
timeStep,numberOfRobotsOnBlackSite,numberOfRobotsOnWhiteSite
13324,28,19
timeStep,numberOfRobotsOnBlackSite,numberOfRobotsOnWhiteSite
13325,28,19
timeStep,numberOfRobotsOnBlackSite,numberOfRobotsOnWhiteSite
13326,28,19
timeStep,numberOfRobotsOnBlackSite,numberOfRobotsOnWhiteSite
13327,28,19
timeStep,numberOfRobotsOnBlackSite,numberOfRobotsOnWhiteSite
13328,28,19
timeStep,numberOfRobotsOnBlackSite,numberOfRobotsOnWhiteSite
13329,28,19
timeStep,numberOfRobotsOnBlackSite,numberOfRobotsOnWhiteSite
13330,28,19
timeStep,numberOfRobotsOnBlackSite,numberOfRobotsOnWhiteSite
13331,28,19
timeStep,numberOfRobotsOnBlackSite,numberOfRobotsOnWhiteSite
13332,28,19
timeStep,numberOfRobotsOnBlackSite,numberOfRobotsOnWhiteSite
13333,28,19
timeStep,numberOfRobotsOnBlackSite,numberOfRobotsOnWhiteSite
13334,28,19
timeStep,numberOfRobotsOnBlackSite,numberOfRobotsOnWhiteSite
13335,28,19
timeStep,numberOfRobotsOnBlackSite,numberOfRobotsOnWhiteSite
13336,28,19
timeStep,numberOfRobotsOnBlackSite,numberOfRobotsOnWhiteSite
13337,28,19
timeStep,numberOfRobotsOnBlackSite,numberOfRobotsOnWhiteSite
13338,28,19
timeStep,numberOfRobotsOnBlackSite,numberOfRobotsOnWhiteSite
13339,28,19
timeStep,numberOfRobotsOnBlackSite,numberOfRobotsOnWhiteSite
13340,28,18
timeStep,numberOfRobotsOnBlackSite,numberOfRobotsOnWhiteSite
13341,28,18
timeStep,numberOfRobotsOnBlackSite,numberOfRobotsOnWhiteSite
13342,28,18
timeStep,numberOfRobotsOnBlackSite,numberOfRobotsOnWhiteSite
13343,28,18
timeStep,numberOfRobotsOnBlackSite,numberOfRobotsOnWhiteSite
13344,28,18
timeStep,numberOfRobotsOnBlackSite,numberOfRobotsOnWhiteSite
13345,28,18
timeStep,numberOfRobotsOnBlackSite,numberOfRobotsOnWhiteSite
13346,28,18
timeStep,numberOfRobotsOnBlackSite,numberOfRobotsOnWhiteSite
13347,28,18
timeStep,numberOfRobotsOnBlackSite,numberOfRobotsOnWhiteSite
13348,28,18
timeStep,numberOfRobotsOnBlackSite,numberOfRobotsOnWhiteSite
13349,28,18
timeStep,numberOfRobotsOnBlackSite,numberOfRobotsOnWhiteSite
13350,28,18
timeStep,numberOfRobotsOnBlackSite,numberOfRobotsOnWhiteSite
13351,28,18
timeStep,numberOfRobotsOnBlackSite,numberOfRobotsOnWhiteSite
13352,28,18
timeStep,numberOfRobotsOnBlackSite,numberOfRobotsOnWhiteSite
13353,28,18
timeStep,numberOfRobotsOnBlackSite,numberOfRobotsOnWhiteSite
13354,28,18
timeStep,numberOfRobotsOnBlackSite,numberOfRobotsOnWhiteSite
13355,28,18
timeStep,numberOfRobotsOnBlackSite,numberOfRobotsOnWhiteSite
13356,28,18
timeStep,numberOfRobotsOnBlackSite,numberOfRobotsOnWhiteSite
13357,28,18
timeStep,numberOfRobotsOnBlackSite,numberOfRobotsOnWhiteSite
13358,28,18
timeStep,numberOfRobotsOnBlackSite,numberOfRobotsOnWhiteSite
13359,28,18
timeStep,numberOfRobotsOnBlackSite,numberOfRobotsOnWhiteSite
13360,28,18
timeStep,numberOfRobotsOnBlackSite,numberOfRobotsOnWhiteSite
13361,28,18
timeStep,numberOfRobotsOnBlackSite,numberOfRobotsOnWhiteSite
13362,28,18
timeStep,numberOfRobotsOnBlackSite,numberOfRobotsOnWhiteSite
13363,28,18
timeStep,numberOfRobotsOnBlackSite,numberOfRobotsOnWhiteSite
13364,28,18
timeStep,numberOfRobotsOnBlackSite,numberOfRobotsOnWhiteSite
13365,27,18
timeStep,numberOfRobotsOnBlackSite,numberOfRobotsOnWhiteSite
13366,27,18
timeStep,numberOfRobotsOnBlackSite,numberOfRobotsOnWhiteSite
13367,27,18
timeStep,numberOfRobotsOnBlackSite,numberOfRobotsOnWhiteSite
13368,27,18
timeStep,numberOfRobotsOnBlackSite,numberOfRobotsOnWhiteSite
13369,27,18
timeStep,numberOfRobotsOnBlackSite,numberOfRobotsOnWhiteSite
13370,27,18
timeStep,numberOfRobotsOnBlackSite,numberOfRobotsOnWhiteSite
13371,27,18
timeStep,numberOfRobotsOnBlackSite,numberOfRobotsOnWhiteSite
13372,27,18
timeStep,numberOfRobotsOnBlackSite,numberOfRobotsOnWhiteSite
13373,27,18
timeStep,numberOfRobotsOnBlackSite,numberOfRobotsOnWhiteSite
13374,27,18
timeStep,numberOfRobotsOnBlackSite,numberOfRobotsOnWhiteSite
13375,27,18
timeStep,numberOfRobotsOnBlackSite,numberOfRobotsOnWhiteSite
13376,27,18
timeStep,numberOfRobotsOnBlackSite,numberOfRobotsOnWhiteSite
13377,27,18
timeStep,numberOfRobotsOnBlackSite,numberOfRobotsOnWhiteSite
13378,27,18
timeStep,numberOfRobotsOnBlackSite,numberOfRobotsOnWhiteSite
13379,27,18
timeStep,numberOfRobotsOnBlackSite,numberOfRobotsOnWhiteSite
13380,27,18
timeStep,numberOfRobotsOnBlackSite,numberOfRobotsOnWhiteSite
13381,27,18
timeStep,numberOfRobotsOnBlackSite,numberOfRobotsOnWhiteSite
13382,27,18
timeStep,numberOfRobotsOnBlackSite,numberOfRobotsOnWhiteSite
13383,27,18
timeStep,numberOfRobotsOnBlackSite,numberOfRobotsOnWhiteSite
13384,27,18
timeStep,numberOfRobotsOnBlackSite,numberOfRobotsOnWhiteSite
13385,27,18
timeStep,numberOfRobotsOnBlackSite,numberOfRobotsOnWhiteSite
13386,27,18
timeStep,numberOfRobotsOnBlackSite,numberOfRobotsOnWhiteSite
13387,27,18
timeStep,numberOfRobotsOnBlackSite,numberOfRobotsOnWhiteSite
13388,27,18
timeStep,numberOfRobotsOnBlackSite,numberOfRobotsOnWhiteSite
13389,27,18
timeStep,numberOfRobotsOnBlackSite,numberOfRobotsOnWhiteSite
13390,27,18
timeStep,numberOfRobotsOnBlackSite,numberOfRobotsOnWhiteSite
13391,27,18
timeStep,numberOfRobotsOnBlackSite,numberOfRobotsOnWhiteSite
13392,27,18
timeStep,numberOfRobotsOnBlackSite,numberOfRobotsOnWhiteSite
13393,27,18
timeStep,numberOfRobotsOnBlackSite,numberOfRobotsOnWhiteSite
13394,27,18
timeStep,numberOfRobotsOnBlackSite,numberOfRobotsOnWhiteSite
13395,27,19
timeStep,numberOfRobotsOnBlackSite,numberOfRobotsOnWhiteSite
13396,27,19
timeStep,numberOfRobotsOnBlackSite,numberOfRobotsOnWhiteSite
13397,27,19
timeStep,numberOfRobotsOnBlackSite,numberOfRobotsOnWhiteSite
13398,27,19
timeStep,numberOfRobotsOnBlackSite,numberOfRobotsOnWhiteSite
13399,27,19
timeStep,numberOfRobotsOnBlackSite,numberOfRobotsOnWhiteSite
13400,27,19
timeStep,numberOfRobotsOnBlackSite,numberOfRobotsOnWhiteSite
13401,27,19
timeStep,numberOfRobotsOnBlackSite,numberOfRobotsOnWhiteSite
13402,27,19
timeStep,numberOfRobotsOnBlackSite,numberOfRobotsOnWhiteSite
13403,27,19
timeStep,numberOfRobotsOnBlackSite,numberOfRobotsOnWhiteSite
13404,27,19
timeStep,numberOfRobotsOnBlackSite,numberOfRobotsOnWhiteSite
13405,27,19
timeStep,numberOfRobotsOnBlackSite,numberOfRobotsOnWhiteSite
13406,27,19
timeStep,numberOfRobotsOnBlackSite,numberOfRobotsOnWhiteSite
13407,27,19
timeStep,numberOfRobotsOnBlackSite,numberOfRobotsOnWhiteSite
13408,27,19
timeStep,numberOfRobotsOnBlackSite,numberOfRobotsOnWhiteSite
13409,27,19
timeStep,numberOfRobotsOnBlackSite,numberOfRobotsOnWhiteSite
13410,27,19
timeStep,numberOfRobotsOnBlackSite,numberOfRobotsOnWhiteSite
13411,27,19
timeStep,numberOfRobotsOnBlackSite,numberOfRobotsOnWhiteSite
13412,27,19
timeStep,numberOfRobotsOnBlackSite,numberOfRobotsOnWhiteSite
13413,27,19
timeStep,numberOfRobotsOnBlackSite,numberOfRobotsOnWhiteSite
13414,27,19
timeStep,numberOfRobotsOnBlackSite,numberOfRobotsOnWhiteSite
13415,27,19
timeStep,numberOfRobotsOnBlackSite,numberOfRobotsOnWhiteSite
13416,27,19
timeStep,numberOfRobotsOnBlackSite,numberOfRobotsOnWhiteSite
13417,27,19
timeStep,numberOfRobotsOnBlackSite,numberOfRobotsOnWhiteSite
13418,27,19
timeStep,numberOfRobotsOnBlackSite,numberOfRobotsOnWhiteSite
13419,27,19
timeStep,numberOfRobotsOnBlackSite,numberOfRobotsOnWhiteSite
13420,27,19
timeStep,numberOfRobotsOnBlackSite,numberOfRobotsOnWhiteSite
13421,27,19
timeStep,numberOfRobotsOnBlackSite,numberOfRobotsOnWhiteSite
13422,27,19
timeStep,numberOfRobotsOnBlackSite,numberOfRobotsOnWhiteSite
13423,27,19
timeStep,numberOfRobotsOnBlackSite,numberOfRobotsOnWhiteSite
13424,27,19
timeStep,numberOfRobotsOnBlackSite,numberOfRobotsOnWhiteSite
13425,27,19
timeStep,numberOfRobotsOnBlackSite,numberOfRobotsOnWhiteSite
13426,27,19
timeStep,numberOfRobotsOnBlackSite,numberOfRobotsOnWhiteSite
13427,27,19
timeStep,numberOfRobotsOnBlackSite,numberOfRobotsOnWhiteSite
13428,27,19
timeStep,numberOfRobotsOnBlackSite,numberOfRobotsOnWhiteSite
13429,27,19
timeStep,numberOfRobotsOnBlackSite,numberOfRobotsOnWhiteSite
13430,27,19
timeStep,numberOfRobotsOnBlackSite,numberOfRobotsOnWhiteSite
13431,27,19
timeStep,numberOfRobotsOnBlackSite,numberOfRobotsOnWhiteSite
13432,27,19
timeStep,numberOfRobotsOnBlackSite,numberOfRobotsOnWhiteSite
13433,27,19
timeStep,numberOfRobotsOnBlackSite,numberOfRobotsOnWhiteSite
13434,27,19
timeStep,numberOfRobotsOnBlackSite,numberOfRobotsOnWhiteSite
13435,27,19
timeStep,numberOfRobotsOnBlackSite,numberOfRobotsOnWhiteSite
13436,27,19
timeStep,numberOfRobotsOnBlackSite,numberOfRobotsOnWhiteSite
13437,27,19
timeStep,numberOfRobotsOnBlackSite,numberOfRobotsOnWhiteSite
13438,27,19
timeStep,numberOfRobotsOnBlackSite,numberOfRobotsOnWhiteSite
13439,27,19
timeStep,numberOfRobotsOnBlackSite,numberOfRobotsOnWhiteSite
13440,27,19
timeStep,numberOfRobotsOnBlackSite,numberOfRobotsOnWhiteSite
13441,27,19
timeStep,numberOfRobotsOnBlackSite,numberOfRobotsOnWhiteSite
13442,27,19
timeStep,numberOfRobotsOnBlackSite,numberOfRobotsOnWhiteSite
13443,27,19
timeStep,numberOfRobotsOnBlackSite,numberOfRobotsOnWhiteSite
13444,27,19
timeStep,numberOfRobotsOnBlackSite,numberOfRobotsOnWhiteSite
13445,27,19
timeStep,numberOfRobotsOnBlackSite,numberOfRobotsOnWhiteSite
13446,27,19
timeStep,numberOfRobotsOnBlackSite,numberOfRobotsOnWhiteSite
13447,27,19
timeStep,numberOfRobotsOnBlackSite,numberOfRobotsOnWhiteSite
13448,27,19
timeStep,numberOfRobotsOnBlackSite,numberOfRobotsOnWhiteSite
13449,27,19
timeStep,numberOfRobotsOnBlackSite,numberOfRobotsOnWhiteSite
13450,27,19
timeStep,numberOfRobotsOnBlackSite,numberOfRobotsOnWhiteSite
13451,27,19
timeStep,numberOfRobotsOnBlackSite,numberOfRobotsOnWhiteSite
13452,27,19
timeStep,numberOfRobotsOnBlackSite,numberOfRobotsOnWhiteSite
13453,27,19
timeStep,numberOfRobotsOnBlackSite,numberOfRobotsOnWhiteSite
13454,27,19
timeStep,numberOfRobotsOnBlackSite,numberOfRobotsOnWhiteSite
13455,27,19
timeStep,numberOfRobotsOnBlackSite,numberOfRobotsOnWhiteSite
13456,27,19
timeStep,numberOfRobotsOnBlackSite,numberOfRobotsOnWhiteSite
13457,27,19
timeStep,numberOfRobotsOnBlackSite,numberOfRobotsOnWhiteSite
13458,27,19
timeStep,numberOfRobotsOnBlackSite,numberOfRobotsOnWhiteSite
13459,27,19
timeStep,numberOfRobotsOnBlackSite,numberOfRobotsOnWhiteSite
13460,27,19
timeStep,numberOfRobotsOnBlackSite,numberOfRobotsOnWhiteSite
13461,27,19
timeStep,numberOfRobotsOnBlackSite,numberOfRobotsOnWhiteSite
13462,27,19
timeStep,numberOfRobotsOnBlackSite,numberOfRobotsOnWhiteSite
13463,27,19
timeStep,numberOfRobotsOnBlackSite,numberOfRobotsOnWhiteSite
13464,27,19
timeStep,numberOfRobotsOnBlackSite,numberOfRobotsOnWhiteSite
13465,27,19
timeStep,numberOfRobotsOnBlackSite,numberOfRobotsOnWhiteSite
13466,27,19
timeStep,numberOfRobotsOnBlackSite,numberOfRobotsOnWhiteSite
13467,27,19
timeStep,numberOfRobotsOnBlackSite,numberOfRobotsOnWhiteSite
13468,27,19
timeStep,numberOfRobotsOnBlackSite,numberOfRobotsOnWhiteSite
13469,27,19
timeStep,numberOfRobotsOnBlackSite,numberOfRobotsOnWhiteSite
13470,27,19
timeStep,numberOfRobotsOnBlackSite,numberOfRobotsOnWhiteSite
13471,27,19
timeStep,numberOfRobotsOnBlackSite,numberOfRobotsOnWhiteSite
13472,27,19
timeStep,numberOfRobotsOnBlackSite,numberOfRobotsOnWhiteSite
13473,27,19
timeStep,numberOfRobotsOnBlackSite,numberOfRobotsOnWhiteSite
13474,27,19
timeStep,numberOfRobotsOnBlackSite,numberOfRobotsOnWhiteSite
13475,27,19
timeStep,numberOfRobotsOnBlackSite,numberOfRobotsOnWhiteSite
13476,27,19
timeStep,numberOfRobotsOnBlackSite,numberOfRobotsOnWhiteSite
13477,27,19
timeStep,numberOfRobotsOnBlackSite,numberOfRobotsOnWhiteSite
13478,27,19
timeStep,numberOfRobotsOnBlackSite,numberOfRobotsOnWhiteSite
13479,27,19
timeStep,numberOfRobotsOnBlackSite,numberOfRobotsOnWhiteSite
13480,27,19
timeStep,numberOfRobotsOnBlackSite,numberOfRobotsOnWhiteSite
13481,27,19
timeStep,numberOfRobotsOnBlackSite,numberOfRobotsOnWhiteSite
13482,27,19
timeStep,numberOfRobotsOnBlackSite,numberOfRobotsOnWhiteSite
13483,27,19
timeStep,numberOfRobotsOnBlackSite,numberOfRobotsOnWhiteSite
13484,27,19
timeStep,numberOfRobotsOnBlackSite,numberOfRobotsOnWhiteSite
13485,27,19
timeStep,numberOfRobotsOnBlackSite,numberOfRobotsOnWhiteSite
13486,27,19
timeStep,numberOfRobotsOnBlackSite,numberOfRobotsOnWhiteSite
13487,27,19
timeStep,numberOfRobotsOnBlackSite,numberOfRobotsOnWhiteSite
13488,27,19
timeStep,numberOfRobotsOnBlackSite,numberOfRobotsOnWhiteSite
13489,27,19
timeStep,numberOfRobotsOnBlackSite,numberOfRobotsOnWhiteSite
13490,27,19
timeStep,numberOfRobotsOnBlackSite,numberOfRobotsOnWhiteSite
13491,27,19
timeStep,numberOfRobotsOnBlackSite,numberOfRobotsOnWhiteSite
13492,27,19
timeStep,numberOfRobotsOnBlackSite,numberOfRobotsOnWhiteSite
13493,27,19
timeStep,numberOfRobotsOnBlackSite,numberOfRobotsOnWhiteSite
13494,27,19
timeStep,numberOfRobotsOnBlackSite,numberOfRobotsOnWhiteSite
13495,27,19
timeStep,numberOfRobotsOnBlackSite,numberOfRobotsOnWhiteSite
13496,27,19
timeStep,numberOfRobotsOnBlackSite,numberOfRobotsOnWhiteSite
13497,27,19
timeStep,numberOfRobotsOnBlackSite,numberOfRobotsOnWhiteSite
13498,27,19
timeStep,numberOfRobotsOnBlackSite,numberOfRobotsOnWhiteSite
13499,27,19
timeStep,numberOfRobotsOnBlackSite,numberOfRobotsOnWhiteSite
13500,27,19
timeStep,numberOfRobotsOnBlackSite,numberOfRobotsOnWhiteSite
13501,27,19
timeStep,numberOfRobotsOnBlackSite,numberOfRobotsOnWhiteSite
13502,27,19
timeStep,numberOfRobotsOnBlackSite,numberOfRobotsOnWhiteSite
13503,27,19
timeStep,numberOfRobotsOnBlackSite,numberOfRobotsOnWhiteSite
13504,27,19
timeStep,numberOfRobotsOnBlackSite,numberOfRobotsOnWhiteSite
13505,27,19
timeStep,numberOfRobotsOnBlackSite,numberOfRobotsOnWhiteSite
13506,27,19
timeStep,numberOfRobotsOnBlackSite,numberOfRobotsOnWhiteSite
13507,27,19
timeStep,numberOfRobotsOnBlackSite,numberOfRobotsOnWhiteSite
13508,27,19
timeStep,numberOfRobotsOnBlackSite,numberOfRobotsOnWhiteSite
13509,27,19
timeStep,numberOfRobotsOnBlackSite,numberOfRobotsOnWhiteSite
13510,27,19
timeStep,numberOfRobotsOnBlackSite,numberOfRobotsOnWhiteSite
13511,27,19
timeStep,numberOfRobotsOnBlackSite,numberOfRobotsOnWhiteSite
13512,27,19
timeStep,numberOfRobotsOnBlackSite,numberOfRobotsOnWhiteSite
13513,27,19
timeStep,numberOfRobotsOnBlackSite,numberOfRobotsOnWhiteSite
13514,27,19
timeStep,numberOfRobotsOnBlackSite,numberOfRobotsOnWhiteSite
13515,27,19
timeStep,numberOfRobotsOnBlackSite,numberOfRobotsOnWhiteSite
13516,27,19
timeStep,numberOfRobotsOnBlackSite,numberOfRobotsOnWhiteSite
13517,27,19
timeStep,numberOfRobotsOnBlackSite,numberOfRobotsOnWhiteSite
13518,27,19
timeStep,numberOfRobotsOnBlackSite,numberOfRobotsOnWhiteSite
13519,27,19
timeStep,numberOfRobotsOnBlackSite,numberOfRobotsOnWhiteSite
13520,27,19
timeStep,numberOfRobotsOnBlackSite,numberOfRobotsOnWhiteSite
13521,27,19
timeStep,numberOfRobotsOnBlackSite,numberOfRobotsOnWhiteSite
13522,27,19
timeStep,numberOfRobotsOnBlackSite,numberOfRobotsOnWhiteSite
13523,27,19
timeStep,numberOfRobotsOnBlackSite,numberOfRobotsOnWhiteSite
13524,27,19
timeStep,numberOfRobotsOnBlackSite,numberOfRobotsOnWhiteSite
13525,27,19
timeStep,numberOfRobotsOnBlackSite,numberOfRobotsOnWhiteSite
13526,27,19
timeStep,numberOfRobotsOnBlackSite,numberOfRobotsOnWhiteSite
13527,27,19
timeStep,numberOfRobotsOnBlackSite,numberOfRobotsOnWhiteSite
13528,27,19
timeStep,numberOfRobotsOnBlackSite,numberOfRobotsOnWhiteSite
13529,27,19
timeStep,numberOfRobotsOnBlackSite,numberOfRobotsOnWhiteSite
13530,27,19
timeStep,numberOfRobotsOnBlackSite,numberOfRobotsOnWhiteSite
13531,27,19
timeStep,numberOfRobotsOnBlackSite,numberOfRobotsOnWhiteSite
13532,27,19
timeStep,numberOfRobotsOnBlackSite,numberOfRobotsOnWhiteSite
13533,27,19
timeStep,numberOfRobotsOnBlackSite,numberOfRobotsOnWhiteSite
13534,27,19
timeStep,numberOfRobotsOnBlackSite,numberOfRobotsOnWhiteSite
13535,27,19
timeStep,numberOfRobotsOnBlackSite,numberOfRobotsOnWhiteSite
13536,27,19
timeStep,numberOfRobotsOnBlackSite,numberOfRobotsOnWhiteSite
13537,27,19
timeStep,numberOfRobotsOnBlackSite,numberOfRobotsOnWhiteSite
13538,27,19
timeStep,numberOfRobotsOnBlackSite,numberOfRobotsOnWhiteSite
13539,27,19
timeStep,numberOfRobotsOnBlackSite,numberOfRobotsOnWhiteSite
13540,27,19
timeStep,numberOfRobotsOnBlackSite,numberOfRobotsOnWhiteSite
13541,27,19
timeStep,numberOfRobotsOnBlackSite,numberOfRobotsOnWhiteSite
13542,27,19
timeStep,numberOfRobotsOnBlackSite,numberOfRobotsOnWhiteSite
13543,27,19
timeStep,numberOfRobotsOnBlackSite,numberOfRobotsOnWhiteSite
13544,27,19
timeStep,numberOfRobotsOnBlackSite,numberOfRobotsOnWhiteSite
13545,27,19
timeStep,numberOfRobotsOnBlackSite,numberOfRobotsOnWhiteSite
13546,27,19
timeStep,numberOfRobotsOnBlackSite,numberOfRobotsOnWhiteSite
13547,27,19
timeStep,numberOfRobotsOnBlackSite,numberOfRobotsOnWhiteSite
13548,27,19
timeStep,numberOfRobotsOnBlackSite,numberOfRobotsOnWhiteSite
13549,27,19
timeStep,numberOfRobotsOnBlackSite,numberOfRobotsOnWhiteSite
13550,27,19
timeStep,numberOfRobotsOnBlackSite,numberOfRobotsOnWhiteSite
13551,27,19
timeStep,numberOfRobotsOnBlackSite,numberOfRobotsOnWhiteSite
13552,27,19
timeStep,numberOfRobotsOnBlackSite,numberOfRobotsOnWhiteSite
13553,27,19
timeStep,numberOfRobotsOnBlackSite,numberOfRobotsOnWhiteSite
13554,27,19
timeStep,numberOfRobotsOnBlackSite,numberOfRobotsOnWhiteSite
13555,26,19
timeStep,numberOfRobotsOnBlackSite,numberOfRobotsOnWhiteSite
13556,26,19
timeStep,numberOfRobotsOnBlackSite,numberOfRobotsOnWhiteSite
13557,26,19
timeStep,numberOfRobotsOnBlackSite,numberOfRobotsOnWhiteSite
13558,26,19
timeStep,numberOfRobotsOnBlackSite,numberOfRobotsOnWhiteSite
13559,26,19
timeStep,numberOfRobotsOnBlackSite,numberOfRobotsOnWhiteSite
13560,26,19
timeStep,numberOfRobotsOnBlackSite,numberOfRobotsOnWhiteSite
13561,26,19
timeStep,numberOfRobotsOnBlackSite,numberOfRobotsOnWhiteSite
13562,26,19
timeStep,numberOfRobotsOnBlackSite,numberOfRobotsOnWhiteSite
13563,26,19
timeStep,numberOfRobotsOnBlackSite,numberOfRobotsOnWhiteSite
13564,26,19
timeStep,numberOfRobotsOnBlackSite,numberOfRobotsOnWhiteSite
13565,26,19
timeStep,numberOfRobotsOnBlackSite,numberOfRobotsOnWhiteSite
13566,26,19
timeStep,numberOfRobotsOnBlackSite,numberOfRobotsOnWhiteSite
13567,26,19
timeStep,numberOfRobotsOnBlackSite,numberOfRobotsOnWhiteSite
13568,26,19
timeStep,numberOfRobotsOnBlackSite,numberOfRobotsOnWhiteSite
13569,26,19
timeStep,numberOfRobotsOnBlackSite,numberOfRobotsOnWhiteSite
13570,26,19
timeStep,numberOfRobotsOnBlackSite,numberOfRobotsOnWhiteSite
13571,26,19
timeStep,numberOfRobotsOnBlackSite,numberOfRobotsOnWhiteSite
13572,26,19
timeStep,numberOfRobotsOnBlackSite,numberOfRobotsOnWhiteSite
13573,26,19
timeStep,numberOfRobotsOnBlackSite,numberOfRobotsOnWhiteSite
13574,26,19
timeStep,numberOfRobotsOnBlackSite,numberOfRobotsOnWhiteSite
13575,26,19
timeStep,numberOfRobotsOnBlackSite,numberOfRobotsOnWhiteSite
13576,26,19
timeStep,numberOfRobotsOnBlackSite,numberOfRobotsOnWhiteSite
13577,26,19
timeStep,numberOfRobotsOnBlackSite,numberOfRobotsOnWhiteSite
13578,26,19
timeStep,numberOfRobotsOnBlackSite,numberOfRobotsOnWhiteSite
13579,26,19
timeStep,numberOfRobotsOnBlackSite,numberOfRobotsOnWhiteSite
13580,26,19
timeStep,numberOfRobotsOnBlackSite,numberOfRobotsOnWhiteSite
13581,26,19
timeStep,numberOfRobotsOnBlackSite,numberOfRobotsOnWhiteSite
13582,26,19
timeStep,numberOfRobotsOnBlackSite,numberOfRobotsOnWhiteSite
13583,26,19
timeStep,numberOfRobotsOnBlackSite,numberOfRobotsOnWhiteSite
13584,26,19
timeStep,numberOfRobotsOnBlackSite,numberOfRobotsOnWhiteSite
13585,26,19
timeStep,numberOfRobotsOnBlackSite,numberOfRobotsOnWhiteSite
13586,26,19
timeStep,numberOfRobotsOnBlackSite,numberOfRobotsOnWhiteSite
13587,26,19
timeStep,numberOfRobotsOnBlackSite,numberOfRobotsOnWhiteSite
13588,26,19
timeStep,numberOfRobotsOnBlackSite,numberOfRobotsOnWhiteSite
13589,26,19
timeStep,numberOfRobotsOnBlackSite,numberOfRobotsOnWhiteSite
13590,26,19
timeStep,numberOfRobotsOnBlackSite,numberOfRobotsOnWhiteSite
13591,26,19
timeStep,numberOfRobotsOnBlackSite,numberOfRobotsOnWhiteSite
13592,26,19
timeStep,numberOfRobotsOnBlackSite,numberOfRobotsOnWhiteSite
13593,26,19
timeStep,numberOfRobotsOnBlackSite,numberOfRobotsOnWhiteSite
13594,26,19
timeStep,numberOfRobotsOnBlackSite,numberOfRobotsOnWhiteSite
13595,27,19
timeStep,numberOfRobotsOnBlackSite,numberOfRobotsOnWhiteSite
13596,27,19
timeStep,numberOfRobotsOnBlackSite,numberOfRobotsOnWhiteSite
13597,27,19
timeStep,numberOfRobotsOnBlackSite,numberOfRobotsOnWhiteSite
13598,27,19
timeStep,numberOfRobotsOnBlackSite,numberOfRobotsOnWhiteSite
13599,27,19
timeStep,numberOfRobotsOnBlackSite,numberOfRobotsOnWhiteSite
13600,27,19
timeStep,numberOfRobotsOnBlackSite,numberOfRobotsOnWhiteSite
13601,27,19
timeStep,numberOfRobotsOnBlackSite,numberOfRobotsOnWhiteSite
13602,27,19
timeStep,numberOfRobotsOnBlackSite,numberOfRobotsOnWhiteSite
13603,27,19
timeStep,numberOfRobotsOnBlackSite,numberOfRobotsOnWhiteSite
13604,27,19
timeStep,numberOfRobotsOnBlackSite,numberOfRobotsOnWhiteSite
13605,27,19
timeStep,numberOfRobotsOnBlackSite,numberOfRobotsOnWhiteSite
13606,27,19
timeStep,numberOfRobotsOnBlackSite,numberOfRobotsOnWhiteSite
13607,27,19
timeStep,numberOfRobotsOnBlackSite,numberOfRobotsOnWhiteSite
13608,27,19
timeStep,numberOfRobotsOnBlackSite,numberOfRobotsOnWhiteSite
13609,27,19
timeStep,numberOfRobotsOnBlackSite,numberOfRobotsOnWhiteSite
13610,27,19
timeStep,numberOfRobotsOnBlackSite,numberOfRobotsOnWhiteSite
13611,27,19
timeStep,numberOfRobotsOnBlackSite,numberOfRobotsOnWhiteSite
13612,27,19
timeStep,numberOfRobotsOnBlackSite,numberOfRobotsOnWhiteSite
13613,27,19
timeStep,numberOfRobotsOnBlackSite,numberOfRobotsOnWhiteSite
13614,27,19
timeStep,numberOfRobotsOnBlackSite,numberOfRobotsOnWhiteSite
13615,28,19
timeStep,numberOfRobotsOnBlackSite,numberOfRobotsOnWhiteSite
13616,28,19
timeStep,numberOfRobotsOnBlackSite,numberOfRobotsOnWhiteSite
13617,28,19
timeStep,numberOfRobotsOnBlackSite,numberOfRobotsOnWhiteSite
13618,28,19
timeStep,numberOfRobotsOnBlackSite,numberOfRobotsOnWhiteSite
13619,28,19
timeStep,numberOfRobotsOnBlackSite,numberOfRobotsOnWhiteSite
13620,28,19
timeStep,numberOfRobotsOnBlackSite,numberOfRobotsOnWhiteSite
13621,28,19
timeStep,numberOfRobotsOnBlackSite,numberOfRobotsOnWhiteSite
13622,28,19
timeStep,numberOfRobotsOnBlackSite,numberOfRobotsOnWhiteSite
13623,28,19
timeStep,numberOfRobotsOnBlackSite,numberOfRobotsOnWhiteSite
13624,28,19
timeStep,numberOfRobotsOnBlackSite,numberOfRobotsOnWhiteSite
13625,28,19
timeStep,numberOfRobotsOnBlackSite,numberOfRobotsOnWhiteSite
13626,28,19
timeStep,numberOfRobotsOnBlackSite,numberOfRobotsOnWhiteSite
13627,28,19
timeStep,numberOfRobotsOnBlackSite,numberOfRobotsOnWhiteSite
13628,28,19
timeStep,numberOfRobotsOnBlackSite,numberOfRobotsOnWhiteSite
13629,28,19
timeStep,numberOfRobotsOnBlackSite,numberOfRobotsOnWhiteSite
13630,28,19
timeStep,numberOfRobotsOnBlackSite,numberOfRobotsOnWhiteSite
13631,28,19
timeStep,numberOfRobotsOnBlackSite,numberOfRobotsOnWhiteSite
13632,28,19
timeStep,numberOfRobotsOnBlackSite,numberOfRobotsOnWhiteSite
13633,28,19
timeStep,numberOfRobotsOnBlackSite,numberOfRobotsOnWhiteSite
13634,28,19
timeStep,numberOfRobotsOnBlackSite,numberOfRobotsOnWhiteSite
13635,28,19
timeStep,numberOfRobotsOnBlackSite,numberOfRobotsOnWhiteSite
13636,28,19
timeStep,numberOfRobotsOnBlackSite,numberOfRobotsOnWhiteSite
13637,28,19
timeStep,numberOfRobotsOnBlackSite,numberOfRobotsOnWhiteSite
13638,28,19
timeStep,numberOfRobotsOnBlackSite,numberOfRobotsOnWhiteSite
13639,28,19
timeStep,numberOfRobotsOnBlackSite,numberOfRobotsOnWhiteSite
13640,28,19
timeStep,numberOfRobotsOnBlackSite,numberOfRobotsOnWhiteSite
13641,28,19
timeStep,numberOfRobotsOnBlackSite,numberOfRobotsOnWhiteSite
13642,28,19
timeStep,numberOfRobotsOnBlackSite,numberOfRobotsOnWhiteSite
13643,28,19
timeStep,numberOfRobotsOnBlackSite,numberOfRobotsOnWhiteSite
13644,28,19
timeStep,numberOfRobotsOnBlackSite,numberOfRobotsOnWhiteSite
13645,28,19
timeStep,numberOfRobotsOnBlackSite,numberOfRobotsOnWhiteSite
13646,28,19
timeStep,numberOfRobotsOnBlackSite,numberOfRobotsOnWhiteSite
13647,28,19
timeStep,numberOfRobotsOnBlackSite,numberOfRobotsOnWhiteSite
13648,28,19
timeStep,numberOfRobotsOnBlackSite,numberOfRobotsOnWhiteSite
13649,28,19
timeStep,numberOfRobotsOnBlackSite,numberOfRobotsOnWhiteSite
13650,28,19
timeStep,numberOfRobotsOnBlackSite,numberOfRobotsOnWhiteSite
13651,28,19
timeStep,numberOfRobotsOnBlackSite,numberOfRobotsOnWhiteSite
13652,28,19
timeStep,numberOfRobotsOnBlackSite,numberOfRobotsOnWhiteSite
13653,28,19
timeStep,numberOfRobotsOnBlackSite,numberOfRobotsOnWhiteSite
13654,28,19
timeStep,numberOfRobotsOnBlackSite,numberOfRobotsOnWhiteSite
13655,27,19
timeStep,numberOfRobotsOnBlackSite,numberOfRobotsOnWhiteSite
13656,27,19
timeStep,numberOfRobotsOnBlackSite,numberOfRobotsOnWhiteSite
13657,27,19
timeStep,numberOfRobotsOnBlackSite,numberOfRobotsOnWhiteSite
13658,27,19
timeStep,numberOfRobotsOnBlackSite,numberOfRobotsOnWhiteSite
13659,27,19
timeStep,numberOfRobotsOnBlackSite,numberOfRobotsOnWhiteSite
13660,27,19
timeStep,numberOfRobotsOnBlackSite,numberOfRobotsOnWhiteSite
13661,27,19
timeStep,numberOfRobotsOnBlackSite,numberOfRobotsOnWhiteSite
13662,27,19
timeStep,numberOfRobotsOnBlackSite,numberOfRobotsOnWhiteSite
13663,27,19
timeStep,numberOfRobotsOnBlackSite,numberOfRobotsOnWhiteSite
13664,27,19
timeStep,numberOfRobotsOnBlackSite,numberOfRobotsOnWhiteSite
13665,27,19
timeStep,numberOfRobotsOnBlackSite,numberOfRobotsOnWhiteSite
13666,27,19
timeStep,numberOfRobotsOnBlackSite,numberOfRobotsOnWhiteSite
13667,27,19
timeStep,numberOfRobotsOnBlackSite,numberOfRobotsOnWhiteSite
13668,27,19
timeStep,numberOfRobotsOnBlackSite,numberOfRobotsOnWhiteSite
13669,27,19
timeStep,numberOfRobotsOnBlackSite,numberOfRobotsOnWhiteSite
13670,27,19
timeStep,numberOfRobotsOnBlackSite,numberOfRobotsOnWhiteSite
13671,27,19
timeStep,numberOfRobotsOnBlackSite,numberOfRobotsOnWhiteSite
13672,27,19
timeStep,numberOfRobotsOnBlackSite,numberOfRobotsOnWhiteSite
13673,27,19
timeStep,numberOfRobotsOnBlackSite,numberOfRobotsOnWhiteSite
13674,27,19
timeStep,numberOfRobotsOnBlackSite,numberOfRobotsOnWhiteSite
13675,27,19
timeStep,numberOfRobotsOnBlackSite,numberOfRobotsOnWhiteSite
13676,27,19
timeStep,numberOfRobotsOnBlackSite,numberOfRobotsOnWhiteSite
13677,27,19
timeStep,numberOfRobotsOnBlackSite,numberOfRobotsOnWhiteSite
13678,27,19
timeStep,numberOfRobotsOnBlackSite,numberOfRobotsOnWhiteSite
13679,27,19
timeStep,numberOfRobotsOnBlackSite,numberOfRobotsOnWhiteSite
13680,27,19
timeStep,numberOfRobotsOnBlackSite,numberOfRobotsOnWhiteSite
13681,27,19
timeStep,numberOfRobotsOnBlackSite,numberOfRobotsOnWhiteSite
13682,27,19
timeStep,numberOfRobotsOnBlackSite,numberOfRobotsOnWhiteSite
13683,27,19
timeStep,numberOfRobotsOnBlackSite,numberOfRobotsOnWhiteSite
13684,27,19
timeStep,numberOfRobotsOnBlackSite,numberOfRobotsOnWhiteSite
13685,27,19
timeStep,numberOfRobotsOnBlackSite,numberOfRobotsOnWhiteSite
13686,27,19
timeStep,numberOfRobotsOnBlackSite,numberOfRobotsOnWhiteSite
13687,27,19
timeStep,numberOfRobotsOnBlackSite,numberOfRobotsOnWhiteSite
13688,27,19
timeStep,numberOfRobotsOnBlackSite,numberOfRobotsOnWhiteSite
13689,27,19
timeStep,numberOfRobotsOnBlackSite,numberOfRobotsOnWhiteSite
13690,27,19
timeStep,numberOfRobotsOnBlackSite,numberOfRobotsOnWhiteSite
13691,27,19
timeStep,numberOfRobotsOnBlackSite,numberOfRobotsOnWhiteSite
13692,27,19
timeStep,numberOfRobotsOnBlackSite,numberOfRobotsOnWhiteSite
13693,27,19
timeStep,numberOfRobotsOnBlackSite,numberOfRobotsOnWhiteSite
13694,27,19
timeStep,numberOfRobotsOnBlackSite,numberOfRobotsOnWhiteSite
13695,27,19
timeStep,numberOfRobotsOnBlackSite,numberOfRobotsOnWhiteSite
13696,27,19
timeStep,numberOfRobotsOnBlackSite,numberOfRobotsOnWhiteSite
13697,27,19
timeStep,numberOfRobotsOnBlackSite,numberOfRobotsOnWhiteSite
13698,27,19
timeStep,numberOfRobotsOnBlackSite,numberOfRobotsOnWhiteSite
13699,27,19
timeStep,numberOfRobotsOnBlackSite,numberOfRobotsOnWhiteSite
13700,27,19
timeStep,numberOfRobotsOnBlackSite,numberOfRobotsOnWhiteSite
13701,27,19
timeStep,numberOfRobotsOnBlackSite,numberOfRobotsOnWhiteSite
13702,27,19
timeStep,numberOfRobotsOnBlackSite,numberOfRobotsOnWhiteSite
13703,27,19
timeStep,numberOfRobotsOnBlackSite,numberOfRobotsOnWhiteSite
13704,27,19
timeStep,numberOfRobotsOnBlackSite,numberOfRobotsOnWhiteSite
13705,26,19
timeStep,numberOfRobotsOnBlackSite,numberOfRobotsOnWhiteSite
13706,26,19
timeStep,numberOfRobotsOnBlackSite,numberOfRobotsOnWhiteSite
13707,26,19
timeStep,numberOfRobotsOnBlackSite,numberOfRobotsOnWhiteSite
13708,26,19
timeStep,numberOfRobotsOnBlackSite,numberOfRobotsOnWhiteSite
13709,26,19
timeStep,numberOfRobotsOnBlackSite,numberOfRobotsOnWhiteSite
13710,26,19
timeStep,numberOfRobotsOnBlackSite,numberOfRobotsOnWhiteSite
13711,26,19
timeStep,numberOfRobotsOnBlackSite,numberOfRobotsOnWhiteSite
13712,26,19
timeStep,numberOfRobotsOnBlackSite,numberOfRobotsOnWhiteSite
13713,26,19
timeStep,numberOfRobotsOnBlackSite,numberOfRobotsOnWhiteSite
13714,26,19
timeStep,numberOfRobotsOnBlackSite,numberOfRobotsOnWhiteSite
13715,27,19
timeStep,numberOfRobotsOnBlackSite,numberOfRobotsOnWhiteSite
13716,27,19
timeStep,numberOfRobotsOnBlackSite,numberOfRobotsOnWhiteSite
13717,27,19
timeStep,numberOfRobotsOnBlackSite,numberOfRobotsOnWhiteSite
13718,27,19
timeStep,numberOfRobotsOnBlackSite,numberOfRobotsOnWhiteSite
13719,27,19
timeStep,numberOfRobotsOnBlackSite,numberOfRobotsOnWhiteSite
13720,27,19
timeStep,numberOfRobotsOnBlackSite,numberOfRobotsOnWhiteSite
13721,27,19
timeStep,numberOfRobotsOnBlackSite,numberOfRobotsOnWhiteSite
13722,27,19
timeStep,numberOfRobotsOnBlackSite,numberOfRobotsOnWhiteSite
13723,27,19
timeStep,numberOfRobotsOnBlackSite,numberOfRobotsOnWhiteSite
13724,27,19
timeStep,numberOfRobotsOnBlackSite,numberOfRobotsOnWhiteSite
13725,27,19
timeStep,numberOfRobotsOnBlackSite,numberOfRobotsOnWhiteSite
13726,27,19
timeStep,numberOfRobotsOnBlackSite,numberOfRobotsOnWhiteSite
13727,27,19
timeStep,numberOfRobotsOnBlackSite,numberOfRobotsOnWhiteSite
13728,27,19
timeStep,numberOfRobotsOnBlackSite,numberOfRobotsOnWhiteSite
13729,27,19
timeStep,numberOfRobotsOnBlackSite,numberOfRobotsOnWhiteSite
13730,27,18
timeStep,numberOfRobotsOnBlackSite,numberOfRobotsOnWhiteSite
13731,27,18
timeStep,numberOfRobotsOnBlackSite,numberOfRobotsOnWhiteSite
13732,27,18
timeStep,numberOfRobotsOnBlackSite,numberOfRobotsOnWhiteSite
13733,27,18
timeStep,numberOfRobotsOnBlackSite,numberOfRobotsOnWhiteSite
13734,27,18
timeStep,numberOfRobotsOnBlackSite,numberOfRobotsOnWhiteSite
13735,27,18
timeStep,numberOfRobotsOnBlackSite,numberOfRobotsOnWhiteSite
13736,27,18
timeStep,numberOfRobotsOnBlackSite,numberOfRobotsOnWhiteSite
13737,27,18
timeStep,numberOfRobotsOnBlackSite,numberOfRobotsOnWhiteSite
13738,27,18
timeStep,numberOfRobotsOnBlackSite,numberOfRobotsOnWhiteSite
13739,27,18
timeStep,numberOfRobotsOnBlackSite,numberOfRobotsOnWhiteSite
13740,27,18
timeStep,numberOfRobotsOnBlackSite,numberOfRobotsOnWhiteSite
13741,27,18
timeStep,numberOfRobotsOnBlackSite,numberOfRobotsOnWhiteSite
13742,27,18
timeStep,numberOfRobotsOnBlackSite,numberOfRobotsOnWhiteSite
13743,27,18
timeStep,numberOfRobotsOnBlackSite,numberOfRobotsOnWhiteSite
13744,27,18
timeStep,numberOfRobotsOnBlackSite,numberOfRobotsOnWhiteSite
13745,27,18
timeStep,numberOfRobotsOnBlackSite,numberOfRobotsOnWhiteSite
13746,27,18
timeStep,numberOfRobotsOnBlackSite,numberOfRobotsOnWhiteSite
13747,27,18
timeStep,numberOfRobotsOnBlackSite,numberOfRobotsOnWhiteSite
13748,27,18
timeStep,numberOfRobotsOnBlackSite,numberOfRobotsOnWhiteSite
13749,27,18
timeStep,numberOfRobotsOnBlackSite,numberOfRobotsOnWhiteSite
13750,26,18
timeStep,numberOfRobotsOnBlackSite,numberOfRobotsOnWhiteSite
13751,26,18
timeStep,numberOfRobotsOnBlackSite,numberOfRobotsOnWhiteSite
13752,26,18
timeStep,numberOfRobotsOnBlackSite,numberOfRobotsOnWhiteSite
13753,26,18
timeStep,numberOfRobotsOnBlackSite,numberOfRobotsOnWhiteSite
13754,26,18
timeStep,numberOfRobotsOnBlackSite,numberOfRobotsOnWhiteSite
13755,26,18
timeStep,numberOfRobotsOnBlackSite,numberOfRobotsOnWhiteSite
13756,26,18
timeStep,numberOfRobotsOnBlackSite,numberOfRobotsOnWhiteSite
13757,26,18
timeStep,numberOfRobotsOnBlackSite,numberOfRobotsOnWhiteSite
13758,26,18
timeStep,numberOfRobotsOnBlackSite,numberOfRobotsOnWhiteSite
13759,26,18
timeStep,numberOfRobotsOnBlackSite,numberOfRobotsOnWhiteSite
13760,26,18
timeStep,numberOfRobotsOnBlackSite,numberOfRobotsOnWhiteSite
13761,26,18
timeStep,numberOfRobotsOnBlackSite,numberOfRobotsOnWhiteSite
13762,26,18
timeStep,numberOfRobotsOnBlackSite,numberOfRobotsOnWhiteSite
13763,26,18
timeStep,numberOfRobotsOnBlackSite,numberOfRobotsOnWhiteSite
13764,26,18
timeStep,numberOfRobotsOnBlackSite,numberOfRobotsOnWhiteSite
13765,26,18
timeStep,numberOfRobotsOnBlackSite,numberOfRobotsOnWhiteSite
13766,26,18
timeStep,numberOfRobotsOnBlackSite,numberOfRobotsOnWhiteSite
13767,26,18
timeStep,numberOfRobotsOnBlackSite,numberOfRobotsOnWhiteSite
13768,26,18
timeStep,numberOfRobotsOnBlackSite,numberOfRobotsOnWhiteSite
13769,26,18
timeStep,numberOfRobotsOnBlackSite,numberOfRobotsOnWhiteSite
13770,26,18
timeStep,numberOfRobotsOnBlackSite,numberOfRobotsOnWhiteSite
13771,26,18
timeStep,numberOfRobotsOnBlackSite,numberOfRobotsOnWhiteSite
13772,26,18
timeStep,numberOfRobotsOnBlackSite,numberOfRobotsOnWhiteSite
13773,26,18
timeStep,numberOfRobotsOnBlackSite,numberOfRobotsOnWhiteSite
13774,26,18
timeStep,numberOfRobotsOnBlackSite,numberOfRobotsOnWhiteSite
13775,26,18
timeStep,numberOfRobotsOnBlackSite,numberOfRobotsOnWhiteSite
13776,26,18
timeStep,numberOfRobotsOnBlackSite,numberOfRobotsOnWhiteSite
13777,26,18
timeStep,numberOfRobotsOnBlackSite,numberOfRobotsOnWhiteSite
13778,26,18
timeStep,numberOfRobotsOnBlackSite,numberOfRobotsOnWhiteSite
13779,26,18
timeStep,numberOfRobotsOnBlackSite,numberOfRobotsOnWhiteSite
13780,26,18
timeStep,numberOfRobotsOnBlackSite,numberOfRobotsOnWhiteSite
13781,26,18
timeStep,numberOfRobotsOnBlackSite,numberOfRobotsOnWhiteSite
13782,26,18
timeStep,numberOfRobotsOnBlackSite,numberOfRobotsOnWhiteSite
13783,26,18
timeStep,numberOfRobotsOnBlackSite,numberOfRobotsOnWhiteSite
13784,26,18
timeStep,numberOfRobotsOnBlackSite,numberOfRobotsOnWhiteSite
13785,26,18
timeStep,numberOfRobotsOnBlackSite,numberOfRobotsOnWhiteSite
13786,26,18
timeStep,numberOfRobotsOnBlackSite,numberOfRobotsOnWhiteSite
13787,26,18
timeStep,numberOfRobotsOnBlackSite,numberOfRobotsOnWhiteSite
13788,26,18
timeStep,numberOfRobotsOnBlackSite,numberOfRobotsOnWhiteSite
13789,26,18
timeStep,numberOfRobotsOnBlackSite,numberOfRobotsOnWhiteSite
13790,26,18
timeStep,numberOfRobotsOnBlackSite,numberOfRobotsOnWhiteSite
13791,26,18
timeStep,numberOfRobotsOnBlackSite,numberOfRobotsOnWhiteSite
13792,26,18
timeStep,numberOfRobotsOnBlackSite,numberOfRobotsOnWhiteSite
13793,26,18
timeStep,numberOfRobotsOnBlackSite,numberOfRobotsOnWhiteSite
13794,26,18
timeStep,numberOfRobotsOnBlackSite,numberOfRobotsOnWhiteSite
13795,26,18
timeStep,numberOfRobotsOnBlackSite,numberOfRobotsOnWhiteSite
13796,26,18
timeStep,numberOfRobotsOnBlackSite,numberOfRobotsOnWhiteSite
13797,26,18
timeStep,numberOfRobotsOnBlackSite,numberOfRobotsOnWhiteSite
13798,26,18
timeStep,numberOfRobotsOnBlackSite,numberOfRobotsOnWhiteSite
13799,26,18
timeStep,numberOfRobotsOnBlackSite,numberOfRobotsOnWhiteSite
13800,26,18
timeStep,numberOfRobotsOnBlackSite,numberOfRobotsOnWhiteSite
13801,26,18
timeStep,numberOfRobotsOnBlackSite,numberOfRobotsOnWhiteSite
13802,26,18
timeStep,numberOfRobotsOnBlackSite,numberOfRobotsOnWhiteSite
13803,26,18
timeStep,numberOfRobotsOnBlackSite,numberOfRobotsOnWhiteSite
13804,26,18
timeStep,numberOfRobotsOnBlackSite,numberOfRobotsOnWhiteSite
13805,26,18
timeStep,numberOfRobotsOnBlackSite,numberOfRobotsOnWhiteSite
13806,26,18
timeStep,numberOfRobotsOnBlackSite,numberOfRobotsOnWhiteSite
13807,26,18
timeStep,numberOfRobotsOnBlackSite,numberOfRobotsOnWhiteSite
13808,26,18
timeStep,numberOfRobotsOnBlackSite,numberOfRobotsOnWhiteSite
13809,26,18
timeStep,numberOfRobotsOnBlackSite,numberOfRobotsOnWhiteSite
13810,25,18
timeStep,numberOfRobotsOnBlackSite,numberOfRobotsOnWhiteSite
13811,25,18
timeStep,numberOfRobotsOnBlackSite,numberOfRobotsOnWhiteSite
13812,25,18
timeStep,numberOfRobotsOnBlackSite,numberOfRobotsOnWhiteSite
13813,25,18
timeStep,numberOfRobotsOnBlackSite,numberOfRobotsOnWhiteSite
13814,25,18
timeStep,numberOfRobotsOnBlackSite,numberOfRobotsOnWhiteSite
13815,25,18
timeStep,numberOfRobotsOnBlackSite,numberOfRobotsOnWhiteSite
13816,25,18
timeStep,numberOfRobotsOnBlackSite,numberOfRobotsOnWhiteSite
13817,25,18
timeStep,numberOfRobotsOnBlackSite,numberOfRobotsOnWhiteSite
13818,25,18
timeStep,numberOfRobotsOnBlackSite,numberOfRobotsOnWhiteSite
13819,25,18
timeStep,numberOfRobotsOnBlackSite,numberOfRobotsOnWhiteSite
13820,26,18
timeStep,numberOfRobotsOnBlackSite,numberOfRobotsOnWhiteSite
13821,26,18
timeStep,numberOfRobotsOnBlackSite,numberOfRobotsOnWhiteSite
13822,26,18
timeStep,numberOfRobotsOnBlackSite,numberOfRobotsOnWhiteSite
13823,26,18
timeStep,numberOfRobotsOnBlackSite,numberOfRobotsOnWhiteSite
13824,26,18
timeStep,numberOfRobotsOnBlackSite,numberOfRobotsOnWhiteSite
13825,26,18
timeStep,numberOfRobotsOnBlackSite,numberOfRobotsOnWhiteSite
13826,26,18
timeStep,numberOfRobotsOnBlackSite,numberOfRobotsOnWhiteSite
13827,26,18
timeStep,numberOfRobotsOnBlackSite,numberOfRobotsOnWhiteSite
13828,26,18
timeStep,numberOfRobotsOnBlackSite,numberOfRobotsOnWhiteSite
13829,26,18
timeStep,numberOfRobotsOnBlackSite,numberOfRobotsOnWhiteSite
13830,26,18
timeStep,numberOfRobotsOnBlackSite,numberOfRobotsOnWhiteSite
13831,26,18
timeStep,numberOfRobotsOnBlackSite,numberOfRobotsOnWhiteSite
13832,26,18
timeStep,numberOfRobotsOnBlackSite,numberOfRobotsOnWhiteSite
13833,26,18
timeStep,numberOfRobotsOnBlackSite,numberOfRobotsOnWhiteSite
13834,26,18
timeStep,numberOfRobotsOnBlackSite,numberOfRobotsOnWhiteSite
13835,26,18
timeStep,numberOfRobotsOnBlackSite,numberOfRobotsOnWhiteSite
13836,26,18
timeStep,numberOfRobotsOnBlackSite,numberOfRobotsOnWhiteSite
13837,26,18
timeStep,numberOfRobotsOnBlackSite,numberOfRobotsOnWhiteSite
13838,26,18
timeStep,numberOfRobotsOnBlackSite,numberOfRobotsOnWhiteSite
13839,26,18
timeStep,numberOfRobotsOnBlackSite,numberOfRobotsOnWhiteSite
13840,26,18
timeStep,numberOfRobotsOnBlackSite,numberOfRobotsOnWhiteSite
13841,26,18
timeStep,numberOfRobotsOnBlackSite,numberOfRobotsOnWhiteSite
13842,26,18
timeStep,numberOfRobotsOnBlackSite,numberOfRobotsOnWhiteSite
13843,26,18
timeStep,numberOfRobotsOnBlackSite,numberOfRobotsOnWhiteSite
13844,26,18
timeStep,numberOfRobotsOnBlackSite,numberOfRobotsOnWhiteSite
13845,27,18
timeStep,numberOfRobotsOnBlackSite,numberOfRobotsOnWhiteSite
13846,27,18
timeStep,numberOfRobotsOnBlackSite,numberOfRobotsOnWhiteSite
13847,27,18
timeStep,numberOfRobotsOnBlackSite,numberOfRobotsOnWhiteSite
13848,27,18
timeStep,numberOfRobotsOnBlackSite,numberOfRobotsOnWhiteSite
13849,27,18
timeStep,numberOfRobotsOnBlackSite,numberOfRobotsOnWhiteSite
13850,27,18
timeStep,numberOfRobotsOnBlackSite,numberOfRobotsOnWhiteSite
13851,27,18
timeStep,numberOfRobotsOnBlackSite,numberOfRobotsOnWhiteSite
13852,27,18
timeStep,numberOfRobotsOnBlackSite,numberOfRobotsOnWhiteSite
13853,27,18
timeStep,numberOfRobotsOnBlackSite,numberOfRobotsOnWhiteSite
13854,27,18
timeStep,numberOfRobotsOnBlackSite,numberOfRobotsOnWhiteSite
13855,27,18
timeStep,numberOfRobotsOnBlackSite,numberOfRobotsOnWhiteSite
13856,27,18
timeStep,numberOfRobotsOnBlackSite,numberOfRobotsOnWhiteSite
13857,27,18
timeStep,numberOfRobotsOnBlackSite,numberOfRobotsOnWhiteSite
13858,27,18
timeStep,numberOfRobotsOnBlackSite,numberOfRobotsOnWhiteSite
13859,27,18
timeStep,numberOfRobotsOnBlackSite,numberOfRobotsOnWhiteSite
13860,27,18
timeStep,numberOfRobotsOnBlackSite,numberOfRobotsOnWhiteSite
13861,27,18
timeStep,numberOfRobotsOnBlackSite,numberOfRobotsOnWhiteSite
13862,27,18
timeStep,numberOfRobotsOnBlackSite,numberOfRobotsOnWhiteSite
13863,27,18
timeStep,numberOfRobotsOnBlackSite,numberOfRobotsOnWhiteSite
13864,27,18
timeStep,numberOfRobotsOnBlackSite,numberOfRobotsOnWhiteSite
13865,27,18
timeStep,numberOfRobotsOnBlackSite,numberOfRobotsOnWhiteSite
13866,27,18
timeStep,numberOfRobotsOnBlackSite,numberOfRobotsOnWhiteSite
13867,27,18
timeStep,numberOfRobotsOnBlackSite,numberOfRobotsOnWhiteSite
13868,27,18
timeStep,numberOfRobotsOnBlackSite,numberOfRobotsOnWhiteSite
13869,27,18
timeStep,numberOfRobotsOnBlackSite,numberOfRobotsOnWhiteSite
13870,26,18
timeStep,numberOfRobotsOnBlackSite,numberOfRobotsOnWhiteSite
13871,26,18
timeStep,numberOfRobotsOnBlackSite,numberOfRobotsOnWhiteSite
13872,26,18
timeStep,numberOfRobotsOnBlackSite,numberOfRobotsOnWhiteSite
13873,26,18
timeStep,numberOfRobotsOnBlackSite,numberOfRobotsOnWhiteSite
13874,26,18
timeStep,numberOfRobotsOnBlackSite,numberOfRobotsOnWhiteSite
13875,26,18
timeStep,numberOfRobotsOnBlackSite,numberOfRobotsOnWhiteSite
13876,26,18
timeStep,numberOfRobotsOnBlackSite,numberOfRobotsOnWhiteSite
13877,26,18
timeStep,numberOfRobotsOnBlackSite,numberOfRobotsOnWhiteSite
13878,26,18
timeStep,numberOfRobotsOnBlackSite,numberOfRobotsOnWhiteSite
13879,26,18
timeStep,numberOfRobotsOnBlackSite,numberOfRobotsOnWhiteSite
13880,26,18
timeStep,numberOfRobotsOnBlackSite,numberOfRobotsOnWhiteSite
13881,26,18
timeStep,numberOfRobotsOnBlackSite,numberOfRobotsOnWhiteSite
13882,26,18
timeStep,numberOfRobotsOnBlackSite,numberOfRobotsOnWhiteSite
13883,26,18
timeStep,numberOfRobotsOnBlackSite,numberOfRobotsOnWhiteSite
13884,26,18
timeStep,numberOfRobotsOnBlackSite,numberOfRobotsOnWhiteSite
13885,26,18
timeStep,numberOfRobotsOnBlackSite,numberOfRobotsOnWhiteSite
13886,26,18
timeStep,numberOfRobotsOnBlackSite,numberOfRobotsOnWhiteSite
13887,26,18
timeStep,numberOfRobotsOnBlackSite,numberOfRobotsOnWhiteSite
13888,26,18
timeStep,numberOfRobotsOnBlackSite,numberOfRobotsOnWhiteSite
13889,26,18
timeStep,numberOfRobotsOnBlackSite,numberOfRobotsOnWhiteSite
13890,26,18
timeStep,numberOfRobotsOnBlackSite,numberOfRobotsOnWhiteSite
13891,26,18
timeStep,numberOfRobotsOnBlackSite,numberOfRobotsOnWhiteSite
13892,26,18
timeStep,numberOfRobotsOnBlackSite,numberOfRobotsOnWhiteSite
13893,26,18
timeStep,numberOfRobotsOnBlackSite,numberOfRobotsOnWhiteSite
13894,26,18
timeStep,numberOfRobotsOnBlackSite,numberOfRobotsOnWhiteSite
13895,26,18
timeStep,numberOfRobotsOnBlackSite,numberOfRobotsOnWhiteSite
13896,26,18
timeStep,numberOfRobotsOnBlackSite,numberOfRobotsOnWhiteSite
13897,26,18
timeStep,numberOfRobotsOnBlackSite,numberOfRobotsOnWhiteSite
13898,26,18
timeStep,numberOfRobotsOnBlackSite,numberOfRobotsOnWhiteSite
13899,26,18
timeStep,numberOfRobotsOnBlackSite,numberOfRobotsOnWhiteSite
13900,26,18
timeStep,numberOfRobotsOnBlackSite,numberOfRobotsOnWhiteSite
13901,26,18
timeStep,numberOfRobotsOnBlackSite,numberOfRobotsOnWhiteSite
13902,26,18
timeStep,numberOfRobotsOnBlackSite,numberOfRobotsOnWhiteSite
13903,26,18
timeStep,numberOfRobotsOnBlackSite,numberOfRobotsOnWhiteSite
13904,26,18
timeStep,numberOfRobotsOnBlackSite,numberOfRobotsOnWhiteSite
13905,26,18
timeStep,numberOfRobotsOnBlackSite,numberOfRobotsOnWhiteSite
13906,26,18
timeStep,numberOfRobotsOnBlackSite,numberOfRobotsOnWhiteSite
13907,26,18
timeStep,numberOfRobotsOnBlackSite,numberOfRobotsOnWhiteSite
13908,26,18
timeStep,numberOfRobotsOnBlackSite,numberOfRobotsOnWhiteSite
13909,26,18
timeStep,numberOfRobotsOnBlackSite,numberOfRobotsOnWhiteSite
13910,26,18
timeStep,numberOfRobotsOnBlackSite,numberOfRobotsOnWhiteSite
13911,26,18
timeStep,numberOfRobotsOnBlackSite,numberOfRobotsOnWhiteSite
13912,26,18
timeStep,numberOfRobotsOnBlackSite,numberOfRobotsOnWhiteSite
13913,26,18
timeStep,numberOfRobotsOnBlackSite,numberOfRobotsOnWhiteSite
13914,26,18
timeStep,numberOfRobotsOnBlackSite,numberOfRobotsOnWhiteSite
13915,26,18
timeStep,numberOfRobotsOnBlackSite,numberOfRobotsOnWhiteSite
13916,26,18
timeStep,numberOfRobotsOnBlackSite,numberOfRobotsOnWhiteSite
13917,26,18
timeStep,numberOfRobotsOnBlackSite,numberOfRobotsOnWhiteSite
13918,26,18
timeStep,numberOfRobotsOnBlackSite,numberOfRobotsOnWhiteSite
13919,26,18
timeStep,numberOfRobotsOnBlackSite,numberOfRobotsOnWhiteSite
13920,26,18
timeStep,numberOfRobotsOnBlackSite,numberOfRobotsOnWhiteSite
13921,26,18
timeStep,numberOfRobotsOnBlackSite,numberOfRobotsOnWhiteSite
13922,26,18
timeStep,numberOfRobotsOnBlackSite,numberOfRobotsOnWhiteSite
13923,26,18
timeStep,numberOfRobotsOnBlackSite,numberOfRobotsOnWhiteSite
13924,26,18
timeStep,numberOfRobotsOnBlackSite,numberOfRobotsOnWhiteSite
13925,26,18
timeStep,numberOfRobotsOnBlackSite,numberOfRobotsOnWhiteSite
13926,26,18
timeStep,numberOfRobotsOnBlackSite,numberOfRobotsOnWhiteSite
13927,26,18
timeStep,numberOfRobotsOnBlackSite,numberOfRobotsOnWhiteSite
13928,26,18
timeStep,numberOfRobotsOnBlackSite,numberOfRobotsOnWhiteSite
13929,26,18
timeStep,numberOfRobotsOnBlackSite,numberOfRobotsOnWhiteSite
13930,26,18
timeStep,numberOfRobotsOnBlackSite,numberOfRobotsOnWhiteSite
13931,26,18
timeStep,numberOfRobotsOnBlackSite,numberOfRobotsOnWhiteSite
13932,26,18
timeStep,numberOfRobotsOnBlackSite,numberOfRobotsOnWhiteSite
13933,26,18
timeStep,numberOfRobotsOnBlackSite,numberOfRobotsOnWhiteSite
13934,26,18
timeStep,numberOfRobotsOnBlackSite,numberOfRobotsOnWhiteSite
13935,26,18
timeStep,numberOfRobotsOnBlackSite,numberOfRobotsOnWhiteSite
13936,26,18
timeStep,numberOfRobotsOnBlackSite,numberOfRobotsOnWhiteSite
13937,26,18
timeStep,numberOfRobotsOnBlackSite,numberOfRobotsOnWhiteSite
13938,26,18
timeStep,numberOfRobotsOnBlackSite,numberOfRobotsOnWhiteSite
13939,26,18
timeStep,numberOfRobotsOnBlackSite,numberOfRobotsOnWhiteSite
13940,26,18
timeStep,numberOfRobotsOnBlackSite,numberOfRobotsOnWhiteSite
13941,26,18
timeStep,numberOfRobotsOnBlackSite,numberOfRobotsOnWhiteSite
13942,26,18
timeStep,numberOfRobotsOnBlackSite,numberOfRobotsOnWhiteSite
13943,26,18
timeStep,numberOfRobotsOnBlackSite,numberOfRobotsOnWhiteSite
13944,26,18
timeStep,numberOfRobotsOnBlackSite,numberOfRobotsOnWhiteSite
13945,26,18
timeStep,numberOfRobotsOnBlackSite,numberOfRobotsOnWhiteSite
13946,26,18
timeStep,numberOfRobotsOnBlackSite,numberOfRobotsOnWhiteSite
13947,26,18
timeStep,numberOfRobotsOnBlackSite,numberOfRobotsOnWhiteSite
13948,26,18
timeStep,numberOfRobotsOnBlackSite,numberOfRobotsOnWhiteSite
13949,26,18
timeStep,numberOfRobotsOnBlackSite,numberOfRobotsOnWhiteSite
13950,26,18
timeStep,numberOfRobotsOnBlackSite,numberOfRobotsOnWhiteSite
13951,26,18
timeStep,numberOfRobotsOnBlackSite,numberOfRobotsOnWhiteSite
13952,26,18
timeStep,numberOfRobotsOnBlackSite,numberOfRobotsOnWhiteSite
13953,26,18
timeStep,numberOfRobotsOnBlackSite,numberOfRobotsOnWhiteSite
13954,26,18
timeStep,numberOfRobotsOnBlackSite,numberOfRobotsOnWhiteSite
13955,26,18
timeStep,numberOfRobotsOnBlackSite,numberOfRobotsOnWhiteSite
13956,26,18
timeStep,numberOfRobotsOnBlackSite,numberOfRobotsOnWhiteSite
13957,26,18
timeStep,numberOfRobotsOnBlackSite,numberOfRobotsOnWhiteSite
13958,26,18
timeStep,numberOfRobotsOnBlackSite,numberOfRobotsOnWhiteSite
13959,26,18
timeStep,numberOfRobotsOnBlackSite,numberOfRobotsOnWhiteSite
13960,25,18
timeStep,numberOfRobotsOnBlackSite,numberOfRobotsOnWhiteSite
13961,25,18
timeStep,numberOfRobotsOnBlackSite,numberOfRobotsOnWhiteSite
13962,25,18
timeStep,numberOfRobotsOnBlackSite,numberOfRobotsOnWhiteSite
13963,25,18
timeStep,numberOfRobotsOnBlackSite,numberOfRobotsOnWhiteSite
13964,25,18
timeStep,numberOfRobotsOnBlackSite,numberOfRobotsOnWhiteSite
13965,25,18
timeStep,numberOfRobotsOnBlackSite,numberOfRobotsOnWhiteSite
13966,25,18
timeStep,numberOfRobotsOnBlackSite,numberOfRobotsOnWhiteSite
13967,25,18
timeStep,numberOfRobotsOnBlackSite,numberOfRobotsOnWhiteSite
13968,25,18
timeStep,numberOfRobotsOnBlackSite,numberOfRobotsOnWhiteSite
13969,25,18
timeStep,numberOfRobotsOnBlackSite,numberOfRobotsOnWhiteSite
13970,25,18
timeStep,numberOfRobotsOnBlackSite,numberOfRobotsOnWhiteSite
13971,25,18
timeStep,numberOfRobotsOnBlackSite,numberOfRobotsOnWhiteSite
13972,25,18
timeStep,numberOfRobotsOnBlackSite,numberOfRobotsOnWhiteSite
13973,25,18
timeStep,numberOfRobotsOnBlackSite,numberOfRobotsOnWhiteSite
13974,25,18
timeStep,numberOfRobotsOnBlackSite,numberOfRobotsOnWhiteSite
13975,25,18
timeStep,numberOfRobotsOnBlackSite,numberOfRobotsOnWhiteSite
13976,25,18
timeStep,numberOfRobotsOnBlackSite,numberOfRobotsOnWhiteSite
13977,25,18
timeStep,numberOfRobotsOnBlackSite,numberOfRobotsOnWhiteSite
13978,25,18
timeStep,numberOfRobotsOnBlackSite,numberOfRobotsOnWhiteSite
13979,25,18
timeStep,numberOfRobotsOnBlackSite,numberOfRobotsOnWhiteSite
13980,25,18
timeStep,numberOfRobotsOnBlackSite,numberOfRobotsOnWhiteSite
13981,25,18
timeStep,numberOfRobotsOnBlackSite,numberOfRobotsOnWhiteSite
13982,25,18
timeStep,numberOfRobotsOnBlackSite,numberOfRobotsOnWhiteSite
13983,25,18
timeStep,numberOfRobotsOnBlackSite,numberOfRobotsOnWhiteSite
13984,25,18
timeStep,numberOfRobotsOnBlackSite,numberOfRobotsOnWhiteSite
13985,25,18
timeStep,numberOfRobotsOnBlackSite,numberOfRobotsOnWhiteSite
13986,25,18
timeStep,numberOfRobotsOnBlackSite,numberOfRobotsOnWhiteSite
13987,25,18
timeStep,numberOfRobotsOnBlackSite,numberOfRobotsOnWhiteSite
13988,25,18
timeStep,numberOfRobotsOnBlackSite,numberOfRobotsOnWhiteSite
13989,25,18
timeStep,numberOfRobotsOnBlackSite,numberOfRobotsOnWhiteSite
13990,25,18
timeStep,numberOfRobotsOnBlackSite,numberOfRobotsOnWhiteSite
13991,25,18
timeStep,numberOfRobotsOnBlackSite,numberOfRobotsOnWhiteSite
13992,25,18
timeStep,numberOfRobotsOnBlackSite,numberOfRobotsOnWhiteSite
13993,25,18
timeStep,numberOfRobotsOnBlackSite,numberOfRobotsOnWhiteSite
13994,25,18
timeStep,numberOfRobotsOnBlackSite,numberOfRobotsOnWhiteSite
13995,25,18
timeStep,numberOfRobotsOnBlackSite,numberOfRobotsOnWhiteSite
13996,25,18
timeStep,numberOfRobotsOnBlackSite,numberOfRobotsOnWhiteSite
13997,25,18
timeStep,numberOfRobotsOnBlackSite,numberOfRobotsOnWhiteSite
13998,25,18
timeStep,numberOfRobotsOnBlackSite,numberOfRobotsOnWhiteSite
13999,25,18
timeStep,numberOfRobotsOnBlackSite,numberOfRobotsOnWhiteSite
14000,25,18
timeStep,numberOfRobotsOnBlackSite,numberOfRobotsOnWhiteSite
14001,25,18
timeStep,numberOfRobotsOnBlackSite,numberOfRobotsOnWhiteSite
14002,25,18
timeStep,numberOfRobotsOnBlackSite,numberOfRobotsOnWhiteSite
14003,25,18
timeStep,numberOfRobotsOnBlackSite,numberOfRobotsOnWhiteSite
14004,25,18
timeStep,numberOfRobotsOnBlackSite,numberOfRobotsOnWhiteSite
14005,25,18
timeStep,numberOfRobotsOnBlackSite,numberOfRobotsOnWhiteSite
14006,25,18
timeStep,numberOfRobotsOnBlackSite,numberOfRobotsOnWhiteSite
14007,25,18
timeStep,numberOfRobotsOnBlackSite,numberOfRobotsOnWhiteSite
14008,25,18
timeStep,numberOfRobotsOnBlackSite,numberOfRobotsOnWhiteSite
14009,25,18
timeStep,numberOfRobotsOnBlackSite,numberOfRobotsOnWhiteSite
14010,25,18
timeStep,numberOfRobotsOnBlackSite,numberOfRobotsOnWhiteSite
14011,25,18
timeStep,numberOfRobotsOnBlackSite,numberOfRobotsOnWhiteSite
14012,25,18
timeStep,numberOfRobotsOnBlackSite,numberOfRobotsOnWhiteSite
14013,25,18
timeStep,numberOfRobotsOnBlackSite,numberOfRobotsOnWhiteSite
14014,25,18
timeStep,numberOfRobotsOnBlackSite,numberOfRobotsOnWhiteSite
14015,26,18
timeStep,numberOfRobotsOnBlackSite,numberOfRobotsOnWhiteSite
14016,26,18
timeStep,numberOfRobotsOnBlackSite,numberOfRobotsOnWhiteSite
14017,26,18
timeStep,numberOfRobotsOnBlackSite,numberOfRobotsOnWhiteSite
14018,26,18
timeStep,numberOfRobotsOnBlackSite,numberOfRobotsOnWhiteSite
14019,26,18
timeStep,numberOfRobotsOnBlackSite,numberOfRobotsOnWhiteSite
14020,26,18
timeStep,numberOfRobotsOnBlackSite,numberOfRobotsOnWhiteSite
14021,26,18
timeStep,numberOfRobotsOnBlackSite,numberOfRobotsOnWhiteSite
14022,26,18
timeStep,numberOfRobotsOnBlackSite,numberOfRobotsOnWhiteSite
14023,26,18
timeStep,numberOfRobotsOnBlackSite,numberOfRobotsOnWhiteSite
14024,26,18
timeStep,numberOfRobotsOnBlackSite,numberOfRobotsOnWhiteSite
14025,26,18
timeStep,numberOfRobotsOnBlackSite,numberOfRobotsOnWhiteSite
14026,26,18
timeStep,numberOfRobotsOnBlackSite,numberOfRobotsOnWhiteSite
14027,26,18
timeStep,numberOfRobotsOnBlackSite,numberOfRobotsOnWhiteSite
14028,26,18
timeStep,numberOfRobotsOnBlackSite,numberOfRobotsOnWhiteSite
14029,26,18
timeStep,numberOfRobotsOnBlackSite,numberOfRobotsOnWhiteSite
14030,26,18
timeStep,numberOfRobotsOnBlackSite,numberOfRobotsOnWhiteSite
14031,26,18
timeStep,numberOfRobotsOnBlackSite,numberOfRobotsOnWhiteSite
14032,26,18
timeStep,numberOfRobotsOnBlackSite,numberOfRobotsOnWhiteSite
14033,26,18
timeStep,numberOfRobotsOnBlackSite,numberOfRobotsOnWhiteSite
14034,26,18
timeStep,numberOfRobotsOnBlackSite,numberOfRobotsOnWhiteSite
14035,26,18
timeStep,numberOfRobotsOnBlackSite,numberOfRobotsOnWhiteSite
14036,26,18
timeStep,numberOfRobotsOnBlackSite,numberOfRobotsOnWhiteSite
14037,26,18
timeStep,numberOfRobotsOnBlackSite,numberOfRobotsOnWhiteSite
14038,26,18
timeStep,numberOfRobotsOnBlackSite,numberOfRobotsOnWhiteSite
14039,26,18
timeStep,numberOfRobotsOnBlackSite,numberOfRobotsOnWhiteSite
14040,26,18
timeStep,numberOfRobotsOnBlackSite,numberOfRobotsOnWhiteSite
14041,26,18
timeStep,numberOfRobotsOnBlackSite,numberOfRobotsOnWhiteSite
14042,26,18
timeStep,numberOfRobotsOnBlackSite,numberOfRobotsOnWhiteSite
14043,26,18
timeStep,numberOfRobotsOnBlackSite,numberOfRobotsOnWhiteSite
14044,26,18
timeStep,numberOfRobotsOnBlackSite,numberOfRobotsOnWhiteSite
14045,26,18
timeStep,numberOfRobotsOnBlackSite,numberOfRobotsOnWhiteSite
14046,26,18
timeStep,numberOfRobotsOnBlackSite,numberOfRobotsOnWhiteSite
14047,26,18
timeStep,numberOfRobotsOnBlackSite,numberOfRobotsOnWhiteSite
14048,26,18
timeStep,numberOfRobotsOnBlackSite,numberOfRobotsOnWhiteSite
14049,26,18
timeStep,numberOfRobotsOnBlackSite,numberOfRobotsOnWhiteSite
14050,26,18
timeStep,numberOfRobotsOnBlackSite,numberOfRobotsOnWhiteSite
14051,26,18
timeStep,numberOfRobotsOnBlackSite,numberOfRobotsOnWhiteSite
14052,26,18
timeStep,numberOfRobotsOnBlackSite,numberOfRobotsOnWhiteSite
14053,26,18
timeStep,numberOfRobotsOnBlackSite,numberOfRobotsOnWhiteSite
14054,26,18
timeStep,numberOfRobotsOnBlackSite,numberOfRobotsOnWhiteSite
14055,26,18
timeStep,numberOfRobotsOnBlackSite,numberOfRobotsOnWhiteSite
14056,26,18
timeStep,numberOfRobotsOnBlackSite,numberOfRobotsOnWhiteSite
14057,26,18
timeStep,numberOfRobotsOnBlackSite,numberOfRobotsOnWhiteSite
14058,26,18
timeStep,numberOfRobotsOnBlackSite,numberOfRobotsOnWhiteSite
14059,26,18
timeStep,numberOfRobotsOnBlackSite,numberOfRobotsOnWhiteSite
14060,26,18
timeStep,numberOfRobotsOnBlackSite,numberOfRobotsOnWhiteSite
14061,26,18
timeStep,numberOfRobotsOnBlackSite,numberOfRobotsOnWhiteSite
14062,26,18
timeStep,numberOfRobotsOnBlackSite,numberOfRobotsOnWhiteSite
14063,26,18
timeStep,numberOfRobotsOnBlackSite,numberOfRobotsOnWhiteSite
14064,26,18
timeStep,numberOfRobotsOnBlackSite,numberOfRobotsOnWhiteSite
14065,26,18
timeStep,numberOfRobotsOnBlackSite,numberOfRobotsOnWhiteSite
14066,26,18
timeStep,numberOfRobotsOnBlackSite,numberOfRobotsOnWhiteSite
14067,26,18
timeStep,numberOfRobotsOnBlackSite,numberOfRobotsOnWhiteSite
14068,26,18
timeStep,numberOfRobotsOnBlackSite,numberOfRobotsOnWhiteSite
14069,26,18
timeStep,numberOfRobotsOnBlackSite,numberOfRobotsOnWhiteSite
14070,26,18
timeStep,numberOfRobotsOnBlackSite,numberOfRobotsOnWhiteSite
14071,26,18
timeStep,numberOfRobotsOnBlackSite,numberOfRobotsOnWhiteSite
14072,26,18
timeStep,numberOfRobotsOnBlackSite,numberOfRobotsOnWhiteSite
14073,26,18
timeStep,numberOfRobotsOnBlackSite,numberOfRobotsOnWhiteSite
14074,26,18
timeStep,numberOfRobotsOnBlackSite,numberOfRobotsOnWhiteSite
14075,26,18
timeStep,numberOfRobotsOnBlackSite,numberOfRobotsOnWhiteSite
14076,26,18
timeStep,numberOfRobotsOnBlackSite,numberOfRobotsOnWhiteSite
14077,26,18
timeStep,numberOfRobotsOnBlackSite,numberOfRobotsOnWhiteSite
14078,26,18
timeStep,numberOfRobotsOnBlackSite,numberOfRobotsOnWhiteSite
14079,26,18
timeStep,numberOfRobotsOnBlackSite,numberOfRobotsOnWhiteSite
14080,26,18
timeStep,numberOfRobotsOnBlackSite,numberOfRobotsOnWhiteSite
14081,26,18
timeStep,numberOfRobotsOnBlackSite,numberOfRobotsOnWhiteSite
14082,26,18
timeStep,numberOfRobotsOnBlackSite,numberOfRobotsOnWhiteSite
14083,26,18
timeStep,numberOfRobotsOnBlackSite,numberOfRobotsOnWhiteSite
14084,26,18
timeStep,numberOfRobotsOnBlackSite,numberOfRobotsOnWhiteSite
14085,26,18
timeStep,numberOfRobotsOnBlackSite,numberOfRobotsOnWhiteSite
14086,26,18
timeStep,numberOfRobotsOnBlackSite,numberOfRobotsOnWhiteSite
14087,26,18
timeStep,numberOfRobotsOnBlackSite,numberOfRobotsOnWhiteSite
14088,26,18
timeStep,numberOfRobotsOnBlackSite,numberOfRobotsOnWhiteSite
14089,26,18
timeStep,numberOfRobotsOnBlackSite,numberOfRobotsOnWhiteSite
14090,26,18
timeStep,numberOfRobotsOnBlackSite,numberOfRobotsOnWhiteSite
14091,26,18
timeStep,numberOfRobotsOnBlackSite,numberOfRobotsOnWhiteSite
14092,26,18
timeStep,numberOfRobotsOnBlackSite,numberOfRobotsOnWhiteSite
14093,26,18
timeStep,numberOfRobotsOnBlackSite,numberOfRobotsOnWhiteSite
14094,26,18
timeStep,numberOfRobotsOnBlackSite,numberOfRobotsOnWhiteSite
14095,26,18
timeStep,numberOfRobotsOnBlackSite,numberOfRobotsOnWhiteSite
14096,26,18
timeStep,numberOfRobotsOnBlackSite,numberOfRobotsOnWhiteSite
14097,26,18
timeStep,numberOfRobotsOnBlackSite,numberOfRobotsOnWhiteSite
14098,26,18
timeStep,numberOfRobotsOnBlackSite,numberOfRobotsOnWhiteSite
14099,26,18
timeStep,numberOfRobotsOnBlackSite,numberOfRobotsOnWhiteSite
14100,26,18
timeStep,numberOfRobotsOnBlackSite,numberOfRobotsOnWhiteSite
14101,26,18
timeStep,numberOfRobotsOnBlackSite,numberOfRobotsOnWhiteSite
14102,26,18
timeStep,numberOfRobotsOnBlackSite,numberOfRobotsOnWhiteSite
14103,26,18
timeStep,numberOfRobotsOnBlackSite,numberOfRobotsOnWhiteSite
14104,26,18
timeStep,numberOfRobotsOnBlackSite,numberOfRobotsOnWhiteSite
14105,26,18
timeStep,numberOfRobotsOnBlackSite,numberOfRobotsOnWhiteSite
14106,26,18
timeStep,numberOfRobotsOnBlackSite,numberOfRobotsOnWhiteSite
14107,26,18
timeStep,numberOfRobotsOnBlackSite,numberOfRobotsOnWhiteSite
14108,26,18
timeStep,numberOfRobotsOnBlackSite,numberOfRobotsOnWhiteSite
14109,26,18
timeStep,numberOfRobotsOnBlackSite,numberOfRobotsOnWhiteSite
14110,26,18
timeStep,numberOfRobotsOnBlackSite,numberOfRobotsOnWhiteSite
14111,26,18
timeStep,numberOfRobotsOnBlackSite,numberOfRobotsOnWhiteSite
14112,26,18
timeStep,numberOfRobotsOnBlackSite,numberOfRobotsOnWhiteSite
14113,26,18
timeStep,numberOfRobotsOnBlackSite,numberOfRobotsOnWhiteSite
14114,26,18
timeStep,numberOfRobotsOnBlackSite,numberOfRobotsOnWhiteSite
14115,26,18
timeStep,numberOfRobotsOnBlackSite,numberOfRobotsOnWhiteSite
14116,26,18
timeStep,numberOfRobotsOnBlackSite,numberOfRobotsOnWhiteSite
14117,26,18
timeStep,numberOfRobotsOnBlackSite,numberOfRobotsOnWhiteSite
14118,26,18
timeStep,numberOfRobotsOnBlackSite,numberOfRobotsOnWhiteSite
14119,26,18
timeStep,numberOfRobotsOnBlackSite,numberOfRobotsOnWhiteSite
14120,26,18
timeStep,numberOfRobotsOnBlackSite,numberOfRobotsOnWhiteSite
14121,26,18
timeStep,numberOfRobotsOnBlackSite,numberOfRobotsOnWhiteSite
14122,26,18
timeStep,numberOfRobotsOnBlackSite,numberOfRobotsOnWhiteSite
14123,26,18
timeStep,numberOfRobotsOnBlackSite,numberOfRobotsOnWhiteSite
14124,26,18
timeStep,numberOfRobotsOnBlackSite,numberOfRobotsOnWhiteSite
14125,26,18
timeStep,numberOfRobotsOnBlackSite,numberOfRobotsOnWhiteSite
14126,26,18
timeStep,numberOfRobotsOnBlackSite,numberOfRobotsOnWhiteSite
14127,26,18
timeStep,numberOfRobotsOnBlackSite,numberOfRobotsOnWhiteSite
14128,26,18
timeStep,numberOfRobotsOnBlackSite,numberOfRobotsOnWhiteSite
14129,26,18
timeStep,numberOfRobotsOnBlackSite,numberOfRobotsOnWhiteSite
14130,26,18
timeStep,numberOfRobotsOnBlackSite,numberOfRobotsOnWhiteSite
14131,26,18
timeStep,numberOfRobotsOnBlackSite,numberOfRobotsOnWhiteSite
14132,26,18
timeStep,numberOfRobotsOnBlackSite,numberOfRobotsOnWhiteSite
14133,26,18
timeStep,numberOfRobotsOnBlackSite,numberOfRobotsOnWhiteSite
14134,26,18
timeStep,numberOfRobotsOnBlackSite,numberOfRobotsOnWhiteSite
14135,26,18
timeStep,numberOfRobotsOnBlackSite,numberOfRobotsOnWhiteSite
14136,26,18
timeStep,numberOfRobotsOnBlackSite,numberOfRobotsOnWhiteSite
14137,26,18
timeStep,numberOfRobotsOnBlackSite,numberOfRobotsOnWhiteSite
14138,26,18
timeStep,numberOfRobotsOnBlackSite,numberOfRobotsOnWhiteSite
14139,26,18
timeStep,numberOfRobotsOnBlackSite,numberOfRobotsOnWhiteSite
14140,26,18
timeStep,numberOfRobotsOnBlackSite,numberOfRobotsOnWhiteSite
14141,26,18
timeStep,numberOfRobotsOnBlackSite,numberOfRobotsOnWhiteSite
14142,26,18
timeStep,numberOfRobotsOnBlackSite,numberOfRobotsOnWhiteSite
14143,26,18
timeStep,numberOfRobotsOnBlackSite,numberOfRobotsOnWhiteSite
14144,26,18
timeStep,numberOfRobotsOnBlackSite,numberOfRobotsOnWhiteSite
14145,26,18
timeStep,numberOfRobotsOnBlackSite,numberOfRobotsOnWhiteSite
14146,26,18
timeStep,numberOfRobotsOnBlackSite,numberOfRobotsOnWhiteSite
14147,26,18
timeStep,numberOfRobotsOnBlackSite,numberOfRobotsOnWhiteSite
14148,26,18
timeStep,numberOfRobotsOnBlackSite,numberOfRobotsOnWhiteSite
14149,26,18
timeStep,numberOfRobotsOnBlackSite,numberOfRobotsOnWhiteSite
14150,26,18
timeStep,numberOfRobotsOnBlackSite,numberOfRobotsOnWhiteSite
14151,26,18
timeStep,numberOfRobotsOnBlackSite,numberOfRobotsOnWhiteSite
14152,26,18
timeStep,numberOfRobotsOnBlackSite,numberOfRobotsOnWhiteSite
14153,26,18
timeStep,numberOfRobotsOnBlackSite,numberOfRobotsOnWhiteSite
14154,26,18
timeStep,numberOfRobotsOnBlackSite,numberOfRobotsOnWhiteSite
14155,26,18
timeStep,numberOfRobotsOnBlackSite,numberOfRobotsOnWhiteSite
14156,26,18
timeStep,numberOfRobotsOnBlackSite,numberOfRobotsOnWhiteSite
14157,26,18
timeStep,numberOfRobotsOnBlackSite,numberOfRobotsOnWhiteSite
14158,26,18
timeStep,numberOfRobotsOnBlackSite,numberOfRobotsOnWhiteSite
14159,26,18
timeStep,numberOfRobotsOnBlackSite,numberOfRobotsOnWhiteSite
14160,26,18
timeStep,numberOfRobotsOnBlackSite,numberOfRobotsOnWhiteSite
14161,26,18
timeStep,numberOfRobotsOnBlackSite,numberOfRobotsOnWhiteSite
14162,26,18
timeStep,numberOfRobotsOnBlackSite,numberOfRobotsOnWhiteSite
14163,26,18
timeStep,numberOfRobotsOnBlackSite,numberOfRobotsOnWhiteSite
14164,26,18
timeStep,numberOfRobotsOnBlackSite,numberOfRobotsOnWhiteSite
14165,26,18
timeStep,numberOfRobotsOnBlackSite,numberOfRobotsOnWhiteSite
14166,26,18
timeStep,numberOfRobotsOnBlackSite,numberOfRobotsOnWhiteSite
14167,26,18
timeStep,numberOfRobotsOnBlackSite,numberOfRobotsOnWhiteSite
14168,26,18
timeStep,numberOfRobotsOnBlackSite,numberOfRobotsOnWhiteSite
14169,26,18
timeStep,numberOfRobotsOnBlackSite,numberOfRobotsOnWhiteSite
14170,26,18
timeStep,numberOfRobotsOnBlackSite,numberOfRobotsOnWhiteSite
14171,26,18
timeStep,numberOfRobotsOnBlackSite,numberOfRobotsOnWhiteSite
14172,26,18
timeStep,numberOfRobotsOnBlackSite,numberOfRobotsOnWhiteSite
14173,26,18
timeStep,numberOfRobotsOnBlackSite,numberOfRobotsOnWhiteSite
14174,26,18
timeStep,numberOfRobotsOnBlackSite,numberOfRobotsOnWhiteSite
14175,26,18
timeStep,numberOfRobotsOnBlackSite,numberOfRobotsOnWhiteSite
14176,26,18
timeStep,numberOfRobotsOnBlackSite,numberOfRobotsOnWhiteSite
14177,26,18
timeStep,numberOfRobotsOnBlackSite,numberOfRobotsOnWhiteSite
14178,26,18
timeStep,numberOfRobotsOnBlackSite,numberOfRobotsOnWhiteSite
14179,26,18
timeStep,numberOfRobotsOnBlackSite,numberOfRobotsOnWhiteSite
14180,26,18
timeStep,numberOfRobotsOnBlackSite,numberOfRobotsOnWhiteSite
14181,26,18
timeStep,numberOfRobotsOnBlackSite,numberOfRobotsOnWhiteSite
14182,26,18
timeStep,numberOfRobotsOnBlackSite,numberOfRobotsOnWhiteSite
14183,26,18
timeStep,numberOfRobotsOnBlackSite,numberOfRobotsOnWhiteSite
14184,26,18
timeStep,numberOfRobotsOnBlackSite,numberOfRobotsOnWhiteSite
14185,26,18
timeStep,numberOfRobotsOnBlackSite,numberOfRobotsOnWhiteSite
14186,26,18
timeStep,numberOfRobotsOnBlackSite,numberOfRobotsOnWhiteSite
14187,26,18
timeStep,numberOfRobotsOnBlackSite,numberOfRobotsOnWhiteSite
14188,26,18
timeStep,numberOfRobotsOnBlackSite,numberOfRobotsOnWhiteSite
14189,26,18
timeStep,numberOfRobotsOnBlackSite,numberOfRobotsOnWhiteSite
14190,26,18
timeStep,numberOfRobotsOnBlackSite,numberOfRobotsOnWhiteSite
14191,26,18
timeStep,numberOfRobotsOnBlackSite,numberOfRobotsOnWhiteSite
14192,26,18
timeStep,numberOfRobotsOnBlackSite,numberOfRobotsOnWhiteSite
14193,26,18
timeStep,numberOfRobotsOnBlackSite,numberOfRobotsOnWhiteSite
14194,26,18
timeStep,numberOfRobotsOnBlackSite,numberOfRobotsOnWhiteSite
14195,26,18
timeStep,numberOfRobotsOnBlackSite,numberOfRobotsOnWhiteSite
14196,26,18
timeStep,numberOfRobotsOnBlackSite,numberOfRobotsOnWhiteSite
14197,26,18
timeStep,numberOfRobotsOnBlackSite,numberOfRobotsOnWhiteSite
14198,26,18
timeStep,numberOfRobotsOnBlackSite,numberOfRobotsOnWhiteSite
14199,26,18
timeStep,numberOfRobotsOnBlackSite,numberOfRobotsOnWhiteSite
14200,26,18
timeStep,numberOfRobotsOnBlackSite,numberOfRobotsOnWhiteSite
14201,26,18
timeStep,numberOfRobotsOnBlackSite,numberOfRobotsOnWhiteSite
14202,26,18
timeStep,numberOfRobotsOnBlackSite,numberOfRobotsOnWhiteSite
14203,26,18
timeStep,numberOfRobotsOnBlackSite,numberOfRobotsOnWhiteSite
14204,26,18
timeStep,numberOfRobotsOnBlackSite,numberOfRobotsOnWhiteSite
14205,26,18
timeStep,numberOfRobotsOnBlackSite,numberOfRobotsOnWhiteSite
14206,26,18
timeStep,numberOfRobotsOnBlackSite,numberOfRobotsOnWhiteSite
14207,26,18
timeStep,numberOfRobotsOnBlackSite,numberOfRobotsOnWhiteSite
14208,26,18
timeStep,numberOfRobotsOnBlackSite,numberOfRobotsOnWhiteSite
14209,26,18
timeStep,numberOfRobotsOnBlackSite,numberOfRobotsOnWhiteSite
14210,26,18
timeStep,numberOfRobotsOnBlackSite,numberOfRobotsOnWhiteSite
14211,26,18
timeStep,numberOfRobotsOnBlackSite,numberOfRobotsOnWhiteSite
14212,26,18
timeStep,numberOfRobotsOnBlackSite,numberOfRobotsOnWhiteSite
14213,26,18
timeStep,numberOfRobotsOnBlackSite,numberOfRobotsOnWhiteSite
14214,26,18
timeStep,numberOfRobotsOnBlackSite,numberOfRobotsOnWhiteSite
14215,26,18
timeStep,numberOfRobotsOnBlackSite,numberOfRobotsOnWhiteSite
14216,26,18
timeStep,numberOfRobotsOnBlackSite,numberOfRobotsOnWhiteSite
14217,26,18
timeStep,numberOfRobotsOnBlackSite,numberOfRobotsOnWhiteSite
14218,26,18
timeStep,numberOfRobotsOnBlackSite,numberOfRobotsOnWhiteSite
14219,26,18
timeStep,numberOfRobotsOnBlackSite,numberOfRobotsOnWhiteSite
14220,26,18
timeStep,numberOfRobotsOnBlackSite,numberOfRobotsOnWhiteSite
14221,26,18
timeStep,numberOfRobotsOnBlackSite,numberOfRobotsOnWhiteSite
14222,26,18
timeStep,numberOfRobotsOnBlackSite,numberOfRobotsOnWhiteSite
14223,26,18
timeStep,numberOfRobotsOnBlackSite,numberOfRobotsOnWhiteSite
14224,26,18
timeStep,numberOfRobotsOnBlackSite,numberOfRobotsOnWhiteSite
14225,26,18
timeStep,numberOfRobotsOnBlackSite,numberOfRobotsOnWhiteSite
14226,26,18
timeStep,numberOfRobotsOnBlackSite,numberOfRobotsOnWhiteSite
14227,26,18
timeStep,numberOfRobotsOnBlackSite,numberOfRobotsOnWhiteSite
14228,26,18
timeStep,numberOfRobotsOnBlackSite,numberOfRobotsOnWhiteSite
14229,26,18
timeStep,numberOfRobotsOnBlackSite,numberOfRobotsOnWhiteSite
14230,26,18
timeStep,numberOfRobotsOnBlackSite,numberOfRobotsOnWhiteSite
14231,26,18
timeStep,numberOfRobotsOnBlackSite,numberOfRobotsOnWhiteSite
14232,26,18
timeStep,numberOfRobotsOnBlackSite,numberOfRobotsOnWhiteSite
14233,26,18
timeStep,numberOfRobotsOnBlackSite,numberOfRobotsOnWhiteSite
14234,26,18
timeStep,numberOfRobotsOnBlackSite,numberOfRobotsOnWhiteSite
14235,26,18
timeStep,numberOfRobotsOnBlackSite,numberOfRobotsOnWhiteSite
14236,26,18
timeStep,numberOfRobotsOnBlackSite,numberOfRobotsOnWhiteSite
14237,26,18
timeStep,numberOfRobotsOnBlackSite,numberOfRobotsOnWhiteSite
14238,26,18
timeStep,numberOfRobotsOnBlackSite,numberOfRobotsOnWhiteSite
14239,26,18
timeStep,numberOfRobotsOnBlackSite,numberOfRobotsOnWhiteSite
14240,26,18
timeStep,numberOfRobotsOnBlackSite,numberOfRobotsOnWhiteSite
14241,26,18
timeStep,numberOfRobotsOnBlackSite,numberOfRobotsOnWhiteSite
14242,26,18
timeStep,numberOfRobotsOnBlackSite,numberOfRobotsOnWhiteSite
14243,26,18
timeStep,numberOfRobotsOnBlackSite,numberOfRobotsOnWhiteSite
14244,26,18
timeStep,numberOfRobotsOnBlackSite,numberOfRobotsOnWhiteSite
14245,26,18
timeStep,numberOfRobotsOnBlackSite,numberOfRobotsOnWhiteSite
14246,26,18
timeStep,numberOfRobotsOnBlackSite,numberOfRobotsOnWhiteSite
14247,26,18
timeStep,numberOfRobotsOnBlackSite,numberOfRobotsOnWhiteSite
14248,26,18
timeStep,numberOfRobotsOnBlackSite,numberOfRobotsOnWhiteSite
14249,26,18
timeStep,numberOfRobotsOnBlackSite,numberOfRobotsOnWhiteSite
14250,26,18
timeStep,numberOfRobotsOnBlackSite,numberOfRobotsOnWhiteSite
14251,26,18
timeStep,numberOfRobotsOnBlackSite,numberOfRobotsOnWhiteSite
14252,26,18
timeStep,numberOfRobotsOnBlackSite,numberOfRobotsOnWhiteSite
14253,26,18
timeStep,numberOfRobotsOnBlackSite,numberOfRobotsOnWhiteSite
14254,26,18
timeStep,numberOfRobotsOnBlackSite,numberOfRobotsOnWhiteSite
14255,26,18
timeStep,numberOfRobotsOnBlackSite,numberOfRobotsOnWhiteSite
14256,26,18
timeStep,numberOfRobotsOnBlackSite,numberOfRobotsOnWhiteSite
14257,26,18
timeStep,numberOfRobotsOnBlackSite,numberOfRobotsOnWhiteSite
14258,26,18
timeStep,numberOfRobotsOnBlackSite,numberOfRobotsOnWhiteSite
14259,26,18
timeStep,numberOfRobotsOnBlackSite,numberOfRobotsOnWhiteSite
14260,26,18
timeStep,numberOfRobotsOnBlackSite,numberOfRobotsOnWhiteSite
14261,26,18
timeStep,numberOfRobotsOnBlackSite,numberOfRobotsOnWhiteSite
14262,26,18
timeStep,numberOfRobotsOnBlackSite,numberOfRobotsOnWhiteSite
14263,26,18
timeStep,numberOfRobotsOnBlackSite,numberOfRobotsOnWhiteSite
14264,26,18
timeStep,numberOfRobotsOnBlackSite,numberOfRobotsOnWhiteSite
14265,26,18
timeStep,numberOfRobotsOnBlackSite,numberOfRobotsOnWhiteSite
14266,26,18
timeStep,numberOfRobotsOnBlackSite,numberOfRobotsOnWhiteSite
14267,26,18
timeStep,numberOfRobotsOnBlackSite,numberOfRobotsOnWhiteSite
14268,26,18
timeStep,numberOfRobotsOnBlackSite,numberOfRobotsOnWhiteSite
14269,26,18
timeStep,numberOfRobotsOnBlackSite,numberOfRobotsOnWhiteSite
14270,26,18
timeStep,numberOfRobotsOnBlackSite,numberOfRobotsOnWhiteSite
14271,26,18
timeStep,numberOfRobotsOnBlackSite,numberOfRobotsOnWhiteSite
14272,26,18
timeStep,numberOfRobotsOnBlackSite,numberOfRobotsOnWhiteSite
14273,26,18
timeStep,numberOfRobotsOnBlackSite,numberOfRobotsOnWhiteSite
14274,26,18
timeStep,numberOfRobotsOnBlackSite,numberOfRobotsOnWhiteSite
14275,26,18
timeStep,numberOfRobotsOnBlackSite,numberOfRobotsOnWhiteSite
14276,26,18
timeStep,numberOfRobotsOnBlackSite,numberOfRobotsOnWhiteSite
14277,26,18
timeStep,numberOfRobotsOnBlackSite,numberOfRobotsOnWhiteSite
14278,26,18
timeStep,numberOfRobotsOnBlackSite,numberOfRobotsOnWhiteSite
14279,26,18
timeStep,numberOfRobotsOnBlackSite,numberOfRobotsOnWhiteSite
14280,26,18
timeStep,numberOfRobotsOnBlackSite,numberOfRobotsOnWhiteSite
14281,26,18
timeStep,numberOfRobotsOnBlackSite,numberOfRobotsOnWhiteSite
14282,26,18
timeStep,numberOfRobotsOnBlackSite,numberOfRobotsOnWhiteSite
14283,26,18
timeStep,numberOfRobotsOnBlackSite,numberOfRobotsOnWhiteSite
14284,26,18
timeStep,numberOfRobotsOnBlackSite,numberOfRobotsOnWhiteSite
14285,26,18
timeStep,numberOfRobotsOnBlackSite,numberOfRobotsOnWhiteSite
14286,26,18
timeStep,numberOfRobotsOnBlackSite,numberOfRobotsOnWhiteSite
14287,26,18
timeStep,numberOfRobotsOnBlackSite,numberOfRobotsOnWhiteSite
14288,26,18
timeStep,numberOfRobotsOnBlackSite,numberOfRobotsOnWhiteSite
14289,26,18
timeStep,numberOfRobotsOnBlackSite,numberOfRobotsOnWhiteSite
14290,26,18
timeStep,numberOfRobotsOnBlackSite,numberOfRobotsOnWhiteSite
14291,26,18
timeStep,numberOfRobotsOnBlackSite,numberOfRobotsOnWhiteSite
14292,26,18
timeStep,numberOfRobotsOnBlackSite,numberOfRobotsOnWhiteSite
14293,26,18
timeStep,numberOfRobotsOnBlackSite,numberOfRobotsOnWhiteSite
14294,26,18
timeStep,numberOfRobotsOnBlackSite,numberOfRobotsOnWhiteSite
14295,26,18
timeStep,numberOfRobotsOnBlackSite,numberOfRobotsOnWhiteSite
14296,26,18
timeStep,numberOfRobotsOnBlackSite,numberOfRobotsOnWhiteSite
14297,26,18
timeStep,numberOfRobotsOnBlackSite,numberOfRobotsOnWhiteSite
14298,26,18
timeStep,numberOfRobotsOnBlackSite,numberOfRobotsOnWhiteSite
14299,26,18
timeStep,numberOfRobotsOnBlackSite,numberOfRobotsOnWhiteSite
14300,26,18
timeStep,numberOfRobotsOnBlackSite,numberOfRobotsOnWhiteSite
14301,26,18
timeStep,numberOfRobotsOnBlackSite,numberOfRobotsOnWhiteSite
14302,26,18
timeStep,numberOfRobotsOnBlackSite,numberOfRobotsOnWhiteSite
14303,26,18
timeStep,numberOfRobotsOnBlackSite,numberOfRobotsOnWhiteSite
14304,26,18
timeStep,numberOfRobotsOnBlackSite,numberOfRobotsOnWhiteSite
14305,27,18
timeStep,numberOfRobotsOnBlackSite,numberOfRobotsOnWhiteSite
14306,27,18
timeStep,numberOfRobotsOnBlackSite,numberOfRobotsOnWhiteSite
14307,27,18
timeStep,numberOfRobotsOnBlackSite,numberOfRobotsOnWhiteSite
14308,27,18
timeStep,numberOfRobotsOnBlackSite,numberOfRobotsOnWhiteSite
14309,27,18
timeStep,numberOfRobotsOnBlackSite,numberOfRobotsOnWhiteSite
14310,27,18
timeStep,numberOfRobotsOnBlackSite,numberOfRobotsOnWhiteSite
14311,27,18
timeStep,numberOfRobotsOnBlackSite,numberOfRobotsOnWhiteSite
14312,27,18
timeStep,numberOfRobotsOnBlackSite,numberOfRobotsOnWhiteSite
14313,27,18
timeStep,numberOfRobotsOnBlackSite,numberOfRobotsOnWhiteSite
14314,27,18
timeStep,numberOfRobotsOnBlackSite,numberOfRobotsOnWhiteSite
14315,27,18
timeStep,numberOfRobotsOnBlackSite,numberOfRobotsOnWhiteSite
14316,27,18
timeStep,numberOfRobotsOnBlackSite,numberOfRobotsOnWhiteSite
14317,27,18
timeStep,numberOfRobotsOnBlackSite,numberOfRobotsOnWhiteSite
14318,27,18
timeStep,numberOfRobotsOnBlackSite,numberOfRobotsOnWhiteSite
14319,27,18
timeStep,numberOfRobotsOnBlackSite,numberOfRobotsOnWhiteSite
14320,27,18
timeStep,numberOfRobotsOnBlackSite,numberOfRobotsOnWhiteSite
14321,27,18
timeStep,numberOfRobotsOnBlackSite,numberOfRobotsOnWhiteSite
14322,27,18
timeStep,numberOfRobotsOnBlackSite,numberOfRobotsOnWhiteSite
14323,27,18
timeStep,numberOfRobotsOnBlackSite,numberOfRobotsOnWhiteSite
14324,27,18
timeStep,numberOfRobotsOnBlackSite,numberOfRobotsOnWhiteSite
14325,27,18
timeStep,numberOfRobotsOnBlackSite,numberOfRobotsOnWhiteSite
14326,27,18
timeStep,numberOfRobotsOnBlackSite,numberOfRobotsOnWhiteSite
14327,27,18
timeStep,numberOfRobotsOnBlackSite,numberOfRobotsOnWhiteSite
14328,27,18
timeStep,numberOfRobotsOnBlackSite,numberOfRobotsOnWhiteSite
14329,27,18
timeStep,numberOfRobotsOnBlackSite,numberOfRobotsOnWhiteSite
14330,27,18
timeStep,numberOfRobotsOnBlackSite,numberOfRobotsOnWhiteSite
14331,27,18
timeStep,numberOfRobotsOnBlackSite,numberOfRobotsOnWhiteSite
14332,27,18
timeStep,numberOfRobotsOnBlackSite,numberOfRobotsOnWhiteSite
14333,27,18
timeStep,numberOfRobotsOnBlackSite,numberOfRobotsOnWhiteSite
14334,27,18
timeStep,numberOfRobotsOnBlackSite,numberOfRobotsOnWhiteSite
14335,27,18
timeStep,numberOfRobotsOnBlackSite,numberOfRobotsOnWhiteSite
14336,27,18
timeStep,numberOfRobotsOnBlackSite,numberOfRobotsOnWhiteSite
14337,27,18
timeStep,numberOfRobotsOnBlackSite,numberOfRobotsOnWhiteSite
14338,27,18
timeStep,numberOfRobotsOnBlackSite,numberOfRobotsOnWhiteSite
14339,27,18
timeStep,numberOfRobotsOnBlackSite,numberOfRobotsOnWhiteSite
14340,27,18
timeStep,numberOfRobotsOnBlackSite,numberOfRobotsOnWhiteSite
14341,27,18
timeStep,numberOfRobotsOnBlackSite,numberOfRobotsOnWhiteSite
14342,27,18
timeStep,numberOfRobotsOnBlackSite,numberOfRobotsOnWhiteSite
14343,27,18
timeStep,numberOfRobotsOnBlackSite,numberOfRobotsOnWhiteSite
14344,27,18
timeStep,numberOfRobotsOnBlackSite,numberOfRobotsOnWhiteSite
14345,27,18
timeStep,numberOfRobotsOnBlackSite,numberOfRobotsOnWhiteSite
14346,27,18
timeStep,numberOfRobotsOnBlackSite,numberOfRobotsOnWhiteSite
14347,27,18
timeStep,numberOfRobotsOnBlackSite,numberOfRobotsOnWhiteSite
14348,27,18
timeStep,numberOfRobotsOnBlackSite,numberOfRobotsOnWhiteSite
14349,27,18
timeStep,numberOfRobotsOnBlackSite,numberOfRobotsOnWhiteSite
14350,26,18
timeStep,numberOfRobotsOnBlackSite,numberOfRobotsOnWhiteSite
14351,26,18
timeStep,numberOfRobotsOnBlackSite,numberOfRobotsOnWhiteSite
14352,26,18
timeStep,numberOfRobotsOnBlackSite,numberOfRobotsOnWhiteSite
14353,26,18
timeStep,numberOfRobotsOnBlackSite,numberOfRobotsOnWhiteSite
14354,26,18
timeStep,numberOfRobotsOnBlackSite,numberOfRobotsOnWhiteSite
14355,26,18
timeStep,numberOfRobotsOnBlackSite,numberOfRobotsOnWhiteSite
14356,26,18
timeStep,numberOfRobotsOnBlackSite,numberOfRobotsOnWhiteSite
14357,26,18
timeStep,numberOfRobotsOnBlackSite,numberOfRobotsOnWhiteSite
14358,26,18
timeStep,numberOfRobotsOnBlackSite,numberOfRobotsOnWhiteSite
14359,26,18
timeStep,numberOfRobotsOnBlackSite,numberOfRobotsOnWhiteSite
14360,26,18
timeStep,numberOfRobotsOnBlackSite,numberOfRobotsOnWhiteSite
14361,26,18
timeStep,numberOfRobotsOnBlackSite,numberOfRobotsOnWhiteSite
14362,26,18
timeStep,numberOfRobotsOnBlackSite,numberOfRobotsOnWhiteSite
14363,26,18
timeStep,numberOfRobotsOnBlackSite,numberOfRobotsOnWhiteSite
14364,26,18
timeStep,numberOfRobotsOnBlackSite,numberOfRobotsOnWhiteSite
14365,26,18
timeStep,numberOfRobotsOnBlackSite,numberOfRobotsOnWhiteSite
14366,26,18
timeStep,numberOfRobotsOnBlackSite,numberOfRobotsOnWhiteSite
14367,26,18
timeStep,numberOfRobotsOnBlackSite,numberOfRobotsOnWhiteSite
14368,26,18
timeStep,numberOfRobotsOnBlackSite,numberOfRobotsOnWhiteSite
14369,26,18
timeStep,numberOfRobotsOnBlackSite,numberOfRobotsOnWhiteSite
14370,26,18
timeStep,numberOfRobotsOnBlackSite,numberOfRobotsOnWhiteSite
14371,26,18
timeStep,numberOfRobotsOnBlackSite,numberOfRobotsOnWhiteSite
14372,26,18
timeStep,numberOfRobotsOnBlackSite,numberOfRobotsOnWhiteSite
14373,26,18
timeStep,numberOfRobotsOnBlackSite,numberOfRobotsOnWhiteSite
14374,26,18
timeStep,numberOfRobotsOnBlackSite,numberOfRobotsOnWhiteSite
14375,26,18
timeStep,numberOfRobotsOnBlackSite,numberOfRobotsOnWhiteSite
14376,26,18
timeStep,numberOfRobotsOnBlackSite,numberOfRobotsOnWhiteSite
14377,26,18
timeStep,numberOfRobotsOnBlackSite,numberOfRobotsOnWhiteSite
14378,26,18
timeStep,numberOfRobotsOnBlackSite,numberOfRobotsOnWhiteSite
14379,26,18
timeStep,numberOfRobotsOnBlackSite,numberOfRobotsOnWhiteSite
14380,26,18
timeStep,numberOfRobotsOnBlackSite,numberOfRobotsOnWhiteSite
14381,26,18
timeStep,numberOfRobotsOnBlackSite,numberOfRobotsOnWhiteSite
14382,26,18
timeStep,numberOfRobotsOnBlackSite,numberOfRobotsOnWhiteSite
14383,26,18
timeStep,numberOfRobotsOnBlackSite,numberOfRobotsOnWhiteSite
14384,26,18
timeStep,numberOfRobotsOnBlackSite,numberOfRobotsOnWhiteSite
14385,26,18
timeStep,numberOfRobotsOnBlackSite,numberOfRobotsOnWhiteSite
14386,26,18
timeStep,numberOfRobotsOnBlackSite,numberOfRobotsOnWhiteSite
14387,26,18
timeStep,numberOfRobotsOnBlackSite,numberOfRobotsOnWhiteSite
14388,26,18
timeStep,numberOfRobotsOnBlackSite,numberOfRobotsOnWhiteSite
14389,26,18
timeStep,numberOfRobotsOnBlackSite,numberOfRobotsOnWhiteSite
14390,27,18
timeStep,numberOfRobotsOnBlackSite,numberOfRobotsOnWhiteSite
14391,27,18
timeStep,numberOfRobotsOnBlackSite,numberOfRobotsOnWhiteSite
14392,27,18
timeStep,numberOfRobotsOnBlackSite,numberOfRobotsOnWhiteSite
14393,27,18
timeStep,numberOfRobotsOnBlackSite,numberOfRobotsOnWhiteSite
14394,27,18
timeStep,numberOfRobotsOnBlackSite,numberOfRobotsOnWhiteSite
14395,27,18
timeStep,numberOfRobotsOnBlackSite,numberOfRobotsOnWhiteSite
14396,27,18
timeStep,numberOfRobotsOnBlackSite,numberOfRobotsOnWhiteSite
14397,27,18
timeStep,numberOfRobotsOnBlackSite,numberOfRobotsOnWhiteSite
14398,27,18
timeStep,numberOfRobotsOnBlackSite,numberOfRobotsOnWhiteSite
14399,27,18
timeStep,numberOfRobotsOnBlackSite,numberOfRobotsOnWhiteSite
14400,27,18
timeStep,numberOfRobotsOnBlackSite,numberOfRobotsOnWhiteSite
14401,27,18
timeStep,numberOfRobotsOnBlackSite,numberOfRobotsOnWhiteSite
14402,27,18
timeStep,numberOfRobotsOnBlackSite,numberOfRobotsOnWhiteSite
14403,27,18
timeStep,numberOfRobotsOnBlackSite,numberOfRobotsOnWhiteSite
14404,27,18
timeStep,numberOfRobotsOnBlackSite,numberOfRobotsOnWhiteSite
14405,27,18
timeStep,numberOfRobotsOnBlackSite,numberOfRobotsOnWhiteSite
14406,27,18
timeStep,numberOfRobotsOnBlackSite,numberOfRobotsOnWhiteSite
14407,27,18
timeStep,numberOfRobotsOnBlackSite,numberOfRobotsOnWhiteSite
14408,27,18
timeStep,numberOfRobotsOnBlackSite,numberOfRobotsOnWhiteSite
14409,27,18
timeStep,numberOfRobotsOnBlackSite,numberOfRobotsOnWhiteSite
14410,27,18
timeStep,numberOfRobotsOnBlackSite,numberOfRobotsOnWhiteSite
14411,27,18
timeStep,numberOfRobotsOnBlackSite,numberOfRobotsOnWhiteSite
14412,27,18
timeStep,numberOfRobotsOnBlackSite,numberOfRobotsOnWhiteSite
14413,27,18
timeStep,numberOfRobotsOnBlackSite,numberOfRobotsOnWhiteSite
14414,27,18
timeStep,numberOfRobotsOnBlackSite,numberOfRobotsOnWhiteSite
14415,27,18
timeStep,numberOfRobotsOnBlackSite,numberOfRobotsOnWhiteSite
14416,27,18
timeStep,numberOfRobotsOnBlackSite,numberOfRobotsOnWhiteSite
14417,27,18
timeStep,numberOfRobotsOnBlackSite,numberOfRobotsOnWhiteSite
14418,27,18
timeStep,numberOfRobotsOnBlackSite,numberOfRobotsOnWhiteSite
14419,27,18
timeStep,numberOfRobotsOnBlackSite,numberOfRobotsOnWhiteSite
14420,26,18
timeStep,numberOfRobotsOnBlackSite,numberOfRobotsOnWhiteSite
14421,26,18
timeStep,numberOfRobotsOnBlackSite,numberOfRobotsOnWhiteSite
14422,26,18
timeStep,numberOfRobotsOnBlackSite,numberOfRobotsOnWhiteSite
14423,26,18
timeStep,numberOfRobotsOnBlackSite,numberOfRobotsOnWhiteSite
14424,26,18
timeStep,numberOfRobotsOnBlackSite,numberOfRobotsOnWhiteSite
14425,26,18
timeStep,numberOfRobotsOnBlackSite,numberOfRobotsOnWhiteSite
14426,26,18
timeStep,numberOfRobotsOnBlackSite,numberOfRobotsOnWhiteSite
14427,26,18
timeStep,numberOfRobotsOnBlackSite,numberOfRobotsOnWhiteSite
14428,26,18
timeStep,numberOfRobotsOnBlackSite,numberOfRobotsOnWhiteSite
14429,26,18
timeStep,numberOfRobotsOnBlackSite,numberOfRobotsOnWhiteSite
14430,26,18
timeStep,numberOfRobotsOnBlackSite,numberOfRobotsOnWhiteSite
14431,26,18
timeStep,numberOfRobotsOnBlackSite,numberOfRobotsOnWhiteSite
14432,26,18
timeStep,numberOfRobotsOnBlackSite,numberOfRobotsOnWhiteSite
14433,26,18
timeStep,numberOfRobotsOnBlackSite,numberOfRobotsOnWhiteSite
14434,26,18
timeStep,numberOfRobotsOnBlackSite,numberOfRobotsOnWhiteSite
14435,26,18
timeStep,numberOfRobotsOnBlackSite,numberOfRobotsOnWhiteSite
14436,26,18
timeStep,numberOfRobotsOnBlackSite,numberOfRobotsOnWhiteSite
14437,26,18
timeStep,numberOfRobotsOnBlackSite,numberOfRobotsOnWhiteSite
14438,26,18
timeStep,numberOfRobotsOnBlackSite,numberOfRobotsOnWhiteSite
14439,26,18
timeStep,numberOfRobotsOnBlackSite,numberOfRobotsOnWhiteSite
14440,26,18
timeStep,numberOfRobotsOnBlackSite,numberOfRobotsOnWhiteSite
14441,26,18
timeStep,numberOfRobotsOnBlackSite,numberOfRobotsOnWhiteSite
14442,26,18
timeStep,numberOfRobotsOnBlackSite,numberOfRobotsOnWhiteSite
14443,26,18
timeStep,numberOfRobotsOnBlackSite,numberOfRobotsOnWhiteSite
14444,26,18
timeStep,numberOfRobotsOnBlackSite,numberOfRobotsOnWhiteSite
14445,26,18
timeStep,numberOfRobotsOnBlackSite,numberOfRobotsOnWhiteSite
14446,26,18
timeStep,numberOfRobotsOnBlackSite,numberOfRobotsOnWhiteSite
14447,26,18
timeStep,numberOfRobotsOnBlackSite,numberOfRobotsOnWhiteSite
14448,26,18
timeStep,numberOfRobotsOnBlackSite,numberOfRobotsOnWhiteSite
14449,26,18
timeStep,numberOfRobotsOnBlackSite,numberOfRobotsOnWhiteSite
14450,26,18
timeStep,numberOfRobotsOnBlackSite,numberOfRobotsOnWhiteSite
14451,26,18
timeStep,numberOfRobotsOnBlackSite,numberOfRobotsOnWhiteSite
14452,26,18
timeStep,numberOfRobotsOnBlackSite,numberOfRobotsOnWhiteSite
14453,26,18
timeStep,numberOfRobotsOnBlackSite,numberOfRobotsOnWhiteSite
14454,26,18
timeStep,numberOfRobotsOnBlackSite,numberOfRobotsOnWhiteSite
14455,26,18
timeStep,numberOfRobotsOnBlackSite,numberOfRobotsOnWhiteSite
14456,26,18
timeStep,numberOfRobotsOnBlackSite,numberOfRobotsOnWhiteSite
14457,26,18
timeStep,numberOfRobotsOnBlackSite,numberOfRobotsOnWhiteSite
14458,26,18
timeStep,numberOfRobotsOnBlackSite,numberOfRobotsOnWhiteSite
14459,26,18
timeStep,numberOfRobotsOnBlackSite,numberOfRobotsOnWhiteSite
14460,26,18
timeStep,numberOfRobotsOnBlackSite,numberOfRobotsOnWhiteSite
14461,26,18
timeStep,numberOfRobotsOnBlackSite,numberOfRobotsOnWhiteSite
14462,26,18
timeStep,numberOfRobotsOnBlackSite,numberOfRobotsOnWhiteSite
14463,26,18
timeStep,numberOfRobotsOnBlackSite,numberOfRobotsOnWhiteSite
14464,26,18
timeStep,numberOfRobotsOnBlackSite,numberOfRobotsOnWhiteSite
14465,26,18
timeStep,numberOfRobotsOnBlackSite,numberOfRobotsOnWhiteSite
14466,26,18
timeStep,numberOfRobotsOnBlackSite,numberOfRobotsOnWhiteSite
14467,26,18
timeStep,numberOfRobotsOnBlackSite,numberOfRobotsOnWhiteSite
14468,26,18
timeStep,numberOfRobotsOnBlackSite,numberOfRobotsOnWhiteSite
14469,26,18
timeStep,numberOfRobotsOnBlackSite,numberOfRobotsOnWhiteSite
14470,26,18
timeStep,numberOfRobotsOnBlackSite,numberOfRobotsOnWhiteSite
14471,26,18
timeStep,numberOfRobotsOnBlackSite,numberOfRobotsOnWhiteSite
14472,26,18
timeStep,numberOfRobotsOnBlackSite,numberOfRobotsOnWhiteSite
14473,26,18
timeStep,numberOfRobotsOnBlackSite,numberOfRobotsOnWhiteSite
14474,26,18
timeStep,numberOfRobotsOnBlackSite,numberOfRobotsOnWhiteSite
14475,26,18
timeStep,numberOfRobotsOnBlackSite,numberOfRobotsOnWhiteSite
14476,26,18
timeStep,numberOfRobotsOnBlackSite,numberOfRobotsOnWhiteSite
14477,26,18
timeStep,numberOfRobotsOnBlackSite,numberOfRobotsOnWhiteSite
14478,26,18
timeStep,numberOfRobotsOnBlackSite,numberOfRobotsOnWhiteSite
14479,26,18
timeStep,numberOfRobotsOnBlackSite,numberOfRobotsOnWhiteSite
14480,25,18
timeStep,numberOfRobotsOnBlackSite,numberOfRobotsOnWhiteSite
14481,25,18
timeStep,numberOfRobotsOnBlackSite,numberOfRobotsOnWhiteSite
14482,25,18
timeStep,numberOfRobotsOnBlackSite,numberOfRobotsOnWhiteSite
14483,25,18
timeStep,numberOfRobotsOnBlackSite,numberOfRobotsOnWhiteSite
14484,25,18
timeStep,numberOfRobotsOnBlackSite,numberOfRobotsOnWhiteSite
14485,25,18
timeStep,numberOfRobotsOnBlackSite,numberOfRobotsOnWhiteSite
14486,25,18
timeStep,numberOfRobotsOnBlackSite,numberOfRobotsOnWhiteSite
14487,25,18
timeStep,numberOfRobotsOnBlackSite,numberOfRobotsOnWhiteSite
14488,25,18
timeStep,numberOfRobotsOnBlackSite,numberOfRobotsOnWhiteSite
14489,25,18
timeStep,numberOfRobotsOnBlackSite,numberOfRobotsOnWhiteSite
14490,25,18
timeStep,numberOfRobotsOnBlackSite,numberOfRobotsOnWhiteSite
14491,25,18
timeStep,numberOfRobotsOnBlackSite,numberOfRobotsOnWhiteSite
14492,25,18
timeStep,numberOfRobotsOnBlackSite,numberOfRobotsOnWhiteSite
14493,25,18
timeStep,numberOfRobotsOnBlackSite,numberOfRobotsOnWhiteSite
14494,25,18
timeStep,numberOfRobotsOnBlackSite,numberOfRobotsOnWhiteSite
14495,25,18
timeStep,numberOfRobotsOnBlackSite,numberOfRobotsOnWhiteSite
14496,25,18
timeStep,numberOfRobotsOnBlackSite,numberOfRobotsOnWhiteSite
14497,25,18
timeStep,numberOfRobotsOnBlackSite,numberOfRobotsOnWhiteSite
14498,25,18
timeStep,numberOfRobotsOnBlackSite,numberOfRobotsOnWhiteSite
14499,25,18
timeStep,numberOfRobotsOnBlackSite,numberOfRobotsOnWhiteSite
14500,25,18
timeStep,numberOfRobotsOnBlackSite,numberOfRobotsOnWhiteSite
14501,25,18
timeStep,numberOfRobotsOnBlackSite,numberOfRobotsOnWhiteSite
14502,25,18
timeStep,numberOfRobotsOnBlackSite,numberOfRobotsOnWhiteSite
14503,25,18
timeStep,numberOfRobotsOnBlackSite,numberOfRobotsOnWhiteSite
14504,25,18
timeStep,numberOfRobotsOnBlackSite,numberOfRobotsOnWhiteSite
14505,25,18
timeStep,numberOfRobotsOnBlackSite,numberOfRobotsOnWhiteSite
14506,25,18
timeStep,numberOfRobotsOnBlackSite,numberOfRobotsOnWhiteSite
14507,25,18
timeStep,numberOfRobotsOnBlackSite,numberOfRobotsOnWhiteSite
14508,25,18
timeStep,numberOfRobotsOnBlackSite,numberOfRobotsOnWhiteSite
14509,25,18
timeStep,numberOfRobotsOnBlackSite,numberOfRobotsOnWhiteSite
14510,25,18
timeStep,numberOfRobotsOnBlackSite,numberOfRobotsOnWhiteSite
14511,25,18
timeStep,numberOfRobotsOnBlackSite,numberOfRobotsOnWhiteSite
14512,25,18
timeStep,numberOfRobotsOnBlackSite,numberOfRobotsOnWhiteSite
14513,25,18
timeStep,numberOfRobotsOnBlackSite,numberOfRobotsOnWhiteSite
14514,25,18
timeStep,numberOfRobotsOnBlackSite,numberOfRobotsOnWhiteSite
14515,25,18
timeStep,numberOfRobotsOnBlackSite,numberOfRobotsOnWhiteSite
14516,25,18
timeStep,numberOfRobotsOnBlackSite,numberOfRobotsOnWhiteSite
14517,25,18
timeStep,numberOfRobotsOnBlackSite,numberOfRobotsOnWhiteSite
14518,25,18
timeStep,numberOfRobotsOnBlackSite,numberOfRobotsOnWhiteSite
14519,25,18
timeStep,numberOfRobotsOnBlackSite,numberOfRobotsOnWhiteSite
14520,25,18
timeStep,numberOfRobotsOnBlackSite,numberOfRobotsOnWhiteSite
14521,25,18
timeStep,numberOfRobotsOnBlackSite,numberOfRobotsOnWhiteSite
14522,25,18
timeStep,numberOfRobotsOnBlackSite,numberOfRobotsOnWhiteSite
14523,25,18
timeStep,numberOfRobotsOnBlackSite,numberOfRobotsOnWhiteSite
14524,25,18
timeStep,numberOfRobotsOnBlackSite,numberOfRobotsOnWhiteSite
14525,25,18
timeStep,numberOfRobotsOnBlackSite,numberOfRobotsOnWhiteSite
14526,25,18
timeStep,numberOfRobotsOnBlackSite,numberOfRobotsOnWhiteSite
14527,25,18
timeStep,numberOfRobotsOnBlackSite,numberOfRobotsOnWhiteSite
14528,25,18
timeStep,numberOfRobotsOnBlackSite,numberOfRobotsOnWhiteSite
14529,25,18
timeStep,numberOfRobotsOnBlackSite,numberOfRobotsOnWhiteSite
14530,25,18
timeStep,numberOfRobotsOnBlackSite,numberOfRobotsOnWhiteSite
14531,25,18
timeStep,numberOfRobotsOnBlackSite,numberOfRobotsOnWhiteSite
14532,25,18
timeStep,numberOfRobotsOnBlackSite,numberOfRobotsOnWhiteSite
14533,25,18
timeStep,numberOfRobotsOnBlackSite,numberOfRobotsOnWhiteSite
14534,25,18
timeStep,numberOfRobotsOnBlackSite,numberOfRobotsOnWhiteSite
14535,26,18
timeStep,numberOfRobotsOnBlackSite,numberOfRobotsOnWhiteSite
14536,26,18
timeStep,numberOfRobotsOnBlackSite,numberOfRobotsOnWhiteSite
14537,26,18
timeStep,numberOfRobotsOnBlackSite,numberOfRobotsOnWhiteSite
14538,26,18
timeStep,numberOfRobotsOnBlackSite,numberOfRobotsOnWhiteSite
14539,26,18
timeStep,numberOfRobotsOnBlackSite,numberOfRobotsOnWhiteSite
14540,26,18
timeStep,numberOfRobotsOnBlackSite,numberOfRobotsOnWhiteSite
14541,26,18
timeStep,numberOfRobotsOnBlackSite,numberOfRobotsOnWhiteSite
14542,26,18
timeStep,numberOfRobotsOnBlackSite,numberOfRobotsOnWhiteSite
14543,26,18
timeStep,numberOfRobotsOnBlackSite,numberOfRobotsOnWhiteSite
14544,26,18
timeStep,numberOfRobotsOnBlackSite,numberOfRobotsOnWhiteSite
14545,26,18
timeStep,numberOfRobotsOnBlackSite,numberOfRobotsOnWhiteSite
14546,26,18
timeStep,numberOfRobotsOnBlackSite,numberOfRobotsOnWhiteSite
14547,26,18
timeStep,numberOfRobotsOnBlackSite,numberOfRobotsOnWhiteSite
14548,26,18
timeStep,numberOfRobotsOnBlackSite,numberOfRobotsOnWhiteSite
14549,26,18
timeStep,numberOfRobotsOnBlackSite,numberOfRobotsOnWhiteSite
14550,26,18
timeStep,numberOfRobotsOnBlackSite,numberOfRobotsOnWhiteSite
14551,26,18
timeStep,numberOfRobotsOnBlackSite,numberOfRobotsOnWhiteSite
14552,26,18
timeStep,numberOfRobotsOnBlackSite,numberOfRobotsOnWhiteSite
14553,26,18
timeStep,numberOfRobotsOnBlackSite,numberOfRobotsOnWhiteSite
14554,26,18
timeStep,numberOfRobotsOnBlackSite,numberOfRobotsOnWhiteSite
14555,26,18
timeStep,numberOfRobotsOnBlackSite,numberOfRobotsOnWhiteSite
14556,26,18
timeStep,numberOfRobotsOnBlackSite,numberOfRobotsOnWhiteSite
14557,26,18
timeStep,numberOfRobotsOnBlackSite,numberOfRobotsOnWhiteSite
14558,26,18
timeStep,numberOfRobotsOnBlackSite,numberOfRobotsOnWhiteSite
14559,26,18
timeStep,numberOfRobotsOnBlackSite,numberOfRobotsOnWhiteSite
14560,26,18
timeStep,numberOfRobotsOnBlackSite,numberOfRobotsOnWhiteSite
14561,26,18
timeStep,numberOfRobotsOnBlackSite,numberOfRobotsOnWhiteSite
14562,26,18
timeStep,numberOfRobotsOnBlackSite,numberOfRobotsOnWhiteSite
14563,26,18
timeStep,numberOfRobotsOnBlackSite,numberOfRobotsOnWhiteSite
14564,26,18
timeStep,numberOfRobotsOnBlackSite,numberOfRobotsOnWhiteSite
14565,26,18
timeStep,numberOfRobotsOnBlackSite,numberOfRobotsOnWhiteSite
14566,26,18
timeStep,numberOfRobotsOnBlackSite,numberOfRobotsOnWhiteSite
14567,26,18
timeStep,numberOfRobotsOnBlackSite,numberOfRobotsOnWhiteSite
14568,26,18
timeStep,numberOfRobotsOnBlackSite,numberOfRobotsOnWhiteSite
14569,26,18
timeStep,numberOfRobotsOnBlackSite,numberOfRobotsOnWhiteSite
14570,26,18
timeStep,numberOfRobotsOnBlackSite,numberOfRobotsOnWhiteSite
14571,26,18
timeStep,numberOfRobotsOnBlackSite,numberOfRobotsOnWhiteSite
14572,26,18
timeStep,numberOfRobotsOnBlackSite,numberOfRobotsOnWhiteSite
14573,26,18
timeStep,numberOfRobotsOnBlackSite,numberOfRobotsOnWhiteSite
14574,26,18
timeStep,numberOfRobotsOnBlackSite,numberOfRobotsOnWhiteSite
14575,26,18
timeStep,numberOfRobotsOnBlackSite,numberOfRobotsOnWhiteSite
14576,26,18
timeStep,numberOfRobotsOnBlackSite,numberOfRobotsOnWhiteSite
14577,26,18
timeStep,numberOfRobotsOnBlackSite,numberOfRobotsOnWhiteSite
14578,26,18
timeStep,numberOfRobotsOnBlackSite,numberOfRobotsOnWhiteSite
14579,26,18
timeStep,numberOfRobotsOnBlackSite,numberOfRobotsOnWhiteSite
14580,26,17
timeStep,numberOfRobotsOnBlackSite,numberOfRobotsOnWhiteSite
14581,26,17
timeStep,numberOfRobotsOnBlackSite,numberOfRobotsOnWhiteSite
14582,26,17
timeStep,numberOfRobotsOnBlackSite,numberOfRobotsOnWhiteSite
14583,26,17
timeStep,numberOfRobotsOnBlackSite,numberOfRobotsOnWhiteSite
14584,26,17
timeStep,numberOfRobotsOnBlackSite,numberOfRobotsOnWhiteSite
14585,27,17
timeStep,numberOfRobotsOnBlackSite,numberOfRobotsOnWhiteSite
14586,27,17
timeStep,numberOfRobotsOnBlackSite,numberOfRobotsOnWhiteSite
14587,27,17
timeStep,numberOfRobotsOnBlackSite,numberOfRobotsOnWhiteSite
14588,27,17
timeStep,numberOfRobotsOnBlackSite,numberOfRobotsOnWhiteSite
14589,27,17
timeStep,numberOfRobotsOnBlackSite,numberOfRobotsOnWhiteSite
14590,27,17
timeStep,numberOfRobotsOnBlackSite,numberOfRobotsOnWhiteSite
14591,27,17
timeStep,numberOfRobotsOnBlackSite,numberOfRobotsOnWhiteSite
14592,27,17
timeStep,numberOfRobotsOnBlackSite,numberOfRobotsOnWhiteSite
14593,27,17
timeStep,numberOfRobotsOnBlackSite,numberOfRobotsOnWhiteSite
14594,27,17
timeStep,numberOfRobotsOnBlackSite,numberOfRobotsOnWhiteSite
14595,27,17
timeStep,numberOfRobotsOnBlackSite,numberOfRobotsOnWhiteSite
14596,27,17
timeStep,numberOfRobotsOnBlackSite,numberOfRobotsOnWhiteSite
14597,27,17
timeStep,numberOfRobotsOnBlackSite,numberOfRobotsOnWhiteSite
14598,27,17
timeStep,numberOfRobotsOnBlackSite,numberOfRobotsOnWhiteSite
14599,27,17
timeStep,numberOfRobotsOnBlackSite,numberOfRobotsOnWhiteSite
14600,27,17
timeStep,numberOfRobotsOnBlackSite,numberOfRobotsOnWhiteSite
14601,27,17
timeStep,numberOfRobotsOnBlackSite,numberOfRobotsOnWhiteSite
14602,27,17
timeStep,numberOfRobotsOnBlackSite,numberOfRobotsOnWhiteSite
14603,27,17
timeStep,numberOfRobotsOnBlackSite,numberOfRobotsOnWhiteSite
14604,27,17
timeStep,numberOfRobotsOnBlackSite,numberOfRobotsOnWhiteSite
14605,27,17
timeStep,numberOfRobotsOnBlackSite,numberOfRobotsOnWhiteSite
14606,27,17
timeStep,numberOfRobotsOnBlackSite,numberOfRobotsOnWhiteSite
14607,27,17
timeStep,numberOfRobotsOnBlackSite,numberOfRobotsOnWhiteSite
14608,27,17
timeStep,numberOfRobotsOnBlackSite,numberOfRobotsOnWhiteSite
14609,27,17
timeStep,numberOfRobotsOnBlackSite,numberOfRobotsOnWhiteSite
14610,27,17
timeStep,numberOfRobotsOnBlackSite,numberOfRobotsOnWhiteSite
14611,27,17
timeStep,numberOfRobotsOnBlackSite,numberOfRobotsOnWhiteSite
14612,27,17
timeStep,numberOfRobotsOnBlackSite,numberOfRobotsOnWhiteSite
14613,27,17
timeStep,numberOfRobotsOnBlackSite,numberOfRobotsOnWhiteSite
14614,27,17
timeStep,numberOfRobotsOnBlackSite,numberOfRobotsOnWhiteSite
14615,27,17
timeStep,numberOfRobotsOnBlackSite,numberOfRobotsOnWhiteSite
14616,27,17
timeStep,numberOfRobotsOnBlackSite,numberOfRobotsOnWhiteSite
14617,27,17
timeStep,numberOfRobotsOnBlackSite,numberOfRobotsOnWhiteSite
14618,27,17
timeStep,numberOfRobotsOnBlackSite,numberOfRobotsOnWhiteSite
14619,27,17
timeStep,numberOfRobotsOnBlackSite,numberOfRobotsOnWhiteSite
14620,27,17
timeStep,numberOfRobotsOnBlackSite,numberOfRobotsOnWhiteSite
14621,27,17
timeStep,numberOfRobotsOnBlackSite,numberOfRobotsOnWhiteSite
14622,27,17
timeStep,numberOfRobotsOnBlackSite,numberOfRobotsOnWhiteSite
14623,27,17
timeStep,numberOfRobotsOnBlackSite,numberOfRobotsOnWhiteSite
14624,27,17
timeStep,numberOfRobotsOnBlackSite,numberOfRobotsOnWhiteSite
14625,27,17
timeStep,numberOfRobotsOnBlackSite,numberOfRobotsOnWhiteSite
14626,27,17
timeStep,numberOfRobotsOnBlackSite,numberOfRobotsOnWhiteSite
14627,27,17
timeStep,numberOfRobotsOnBlackSite,numberOfRobotsOnWhiteSite
14628,27,17
timeStep,numberOfRobotsOnBlackSite,numberOfRobotsOnWhiteSite
14629,27,17
timeStep,numberOfRobotsOnBlackSite,numberOfRobotsOnWhiteSite
14630,27,17
timeStep,numberOfRobotsOnBlackSite,numberOfRobotsOnWhiteSite
14631,27,17
timeStep,numberOfRobotsOnBlackSite,numberOfRobotsOnWhiteSite
14632,27,17
timeStep,numberOfRobotsOnBlackSite,numberOfRobotsOnWhiteSite
14633,27,17
timeStep,numberOfRobotsOnBlackSite,numberOfRobotsOnWhiteSite
14634,27,17
timeStep,numberOfRobotsOnBlackSite,numberOfRobotsOnWhiteSite
14635,27,17
timeStep,numberOfRobotsOnBlackSite,numberOfRobotsOnWhiteSite
14636,27,17
timeStep,numberOfRobotsOnBlackSite,numberOfRobotsOnWhiteSite
14637,27,17
timeStep,numberOfRobotsOnBlackSite,numberOfRobotsOnWhiteSite
14638,27,17
timeStep,numberOfRobotsOnBlackSite,numberOfRobotsOnWhiteSite
14639,27,17
timeStep,numberOfRobotsOnBlackSite,numberOfRobotsOnWhiteSite
14640,27,17
timeStep,numberOfRobotsOnBlackSite,numberOfRobotsOnWhiteSite
14641,27,17
timeStep,numberOfRobotsOnBlackSite,numberOfRobotsOnWhiteSite
14642,27,17
timeStep,numberOfRobotsOnBlackSite,numberOfRobotsOnWhiteSite
14643,27,17
timeStep,numberOfRobotsOnBlackSite,numberOfRobotsOnWhiteSite
14644,27,17
timeStep,numberOfRobotsOnBlackSite,numberOfRobotsOnWhiteSite
14645,27,17
timeStep,numberOfRobotsOnBlackSite,numberOfRobotsOnWhiteSite
14646,27,17
timeStep,numberOfRobotsOnBlackSite,numberOfRobotsOnWhiteSite
14647,27,17
timeStep,numberOfRobotsOnBlackSite,numberOfRobotsOnWhiteSite
14648,27,17
timeStep,numberOfRobotsOnBlackSite,numberOfRobotsOnWhiteSite
14649,27,17
timeStep,numberOfRobotsOnBlackSite,numberOfRobotsOnWhiteSite
14650,27,17
timeStep,numberOfRobotsOnBlackSite,numberOfRobotsOnWhiteSite
14651,27,17
timeStep,numberOfRobotsOnBlackSite,numberOfRobotsOnWhiteSite
14652,27,17
timeStep,numberOfRobotsOnBlackSite,numberOfRobotsOnWhiteSite
14653,27,17
timeStep,numberOfRobotsOnBlackSite,numberOfRobotsOnWhiteSite
14654,27,17
timeStep,numberOfRobotsOnBlackSite,numberOfRobotsOnWhiteSite
14655,27,17
timeStep,numberOfRobotsOnBlackSite,numberOfRobotsOnWhiteSite
14656,27,17
timeStep,numberOfRobotsOnBlackSite,numberOfRobotsOnWhiteSite
14657,27,17
timeStep,numberOfRobotsOnBlackSite,numberOfRobotsOnWhiteSite
14658,27,17
timeStep,numberOfRobotsOnBlackSite,numberOfRobotsOnWhiteSite
14659,27,17
timeStep,numberOfRobotsOnBlackSite,numberOfRobotsOnWhiteSite
14660,27,17
timeStep,numberOfRobotsOnBlackSite,numberOfRobotsOnWhiteSite
14661,27,17
timeStep,numberOfRobotsOnBlackSite,numberOfRobotsOnWhiteSite
14662,27,17
timeStep,numberOfRobotsOnBlackSite,numberOfRobotsOnWhiteSite
14663,27,17
timeStep,numberOfRobotsOnBlackSite,numberOfRobotsOnWhiteSite
14664,27,17
timeStep,numberOfRobotsOnBlackSite,numberOfRobotsOnWhiteSite
14665,27,17
timeStep,numberOfRobotsOnBlackSite,numberOfRobotsOnWhiteSite
14666,27,17
timeStep,numberOfRobotsOnBlackSite,numberOfRobotsOnWhiteSite
14667,27,17
timeStep,numberOfRobotsOnBlackSite,numberOfRobotsOnWhiteSite
14668,27,17
timeStep,numberOfRobotsOnBlackSite,numberOfRobotsOnWhiteSite
14669,27,17
timeStep,numberOfRobotsOnBlackSite,numberOfRobotsOnWhiteSite
14670,27,17
timeStep,numberOfRobotsOnBlackSite,numberOfRobotsOnWhiteSite
14671,27,17
timeStep,numberOfRobotsOnBlackSite,numberOfRobotsOnWhiteSite
14672,27,17
timeStep,numberOfRobotsOnBlackSite,numberOfRobotsOnWhiteSite
14673,27,17
timeStep,numberOfRobotsOnBlackSite,numberOfRobotsOnWhiteSite
14674,27,17
timeStep,numberOfRobotsOnBlackSite,numberOfRobotsOnWhiteSite
14675,27,17
timeStep,numberOfRobotsOnBlackSite,numberOfRobotsOnWhiteSite
14676,27,17
timeStep,numberOfRobotsOnBlackSite,numberOfRobotsOnWhiteSite
14677,27,17
timeStep,numberOfRobotsOnBlackSite,numberOfRobotsOnWhiteSite
14678,27,17
timeStep,numberOfRobotsOnBlackSite,numberOfRobotsOnWhiteSite
14679,27,17
timeStep,numberOfRobotsOnBlackSite,numberOfRobotsOnWhiteSite
14680,27,17
timeStep,numberOfRobotsOnBlackSite,numberOfRobotsOnWhiteSite
14681,27,17
timeStep,numberOfRobotsOnBlackSite,numberOfRobotsOnWhiteSite
14682,27,17
timeStep,numberOfRobotsOnBlackSite,numberOfRobotsOnWhiteSite
14683,27,17
timeStep,numberOfRobotsOnBlackSite,numberOfRobotsOnWhiteSite
14684,27,17
timeStep,numberOfRobotsOnBlackSite,numberOfRobotsOnWhiteSite
14685,27,17
timeStep,numberOfRobotsOnBlackSite,numberOfRobotsOnWhiteSite
14686,27,17
timeStep,numberOfRobotsOnBlackSite,numberOfRobotsOnWhiteSite
14687,27,17
timeStep,numberOfRobotsOnBlackSite,numberOfRobotsOnWhiteSite
14688,27,17
timeStep,numberOfRobotsOnBlackSite,numberOfRobotsOnWhiteSite
14689,27,17
timeStep,numberOfRobotsOnBlackSite,numberOfRobotsOnWhiteSite
14690,27,17
timeStep,numberOfRobotsOnBlackSite,numberOfRobotsOnWhiteSite
14691,27,17
timeStep,numberOfRobotsOnBlackSite,numberOfRobotsOnWhiteSite
14692,27,17
timeStep,numberOfRobotsOnBlackSite,numberOfRobotsOnWhiteSite
14693,27,17
timeStep,numberOfRobotsOnBlackSite,numberOfRobotsOnWhiteSite
14694,27,17
timeStep,numberOfRobotsOnBlackSite,numberOfRobotsOnWhiteSite
14695,27,17
timeStep,numberOfRobotsOnBlackSite,numberOfRobotsOnWhiteSite
14696,27,17
timeStep,numberOfRobotsOnBlackSite,numberOfRobotsOnWhiteSite
14697,27,17
timeStep,numberOfRobotsOnBlackSite,numberOfRobotsOnWhiteSite
14698,27,17
timeStep,numberOfRobotsOnBlackSite,numberOfRobotsOnWhiteSite
14699,27,17
timeStep,numberOfRobotsOnBlackSite,numberOfRobotsOnWhiteSite
14700,27,17
timeStep,numberOfRobotsOnBlackSite,numberOfRobotsOnWhiteSite
14701,27,17
timeStep,numberOfRobotsOnBlackSite,numberOfRobotsOnWhiteSite
14702,27,17
timeStep,numberOfRobotsOnBlackSite,numberOfRobotsOnWhiteSite
14703,27,17
timeStep,numberOfRobotsOnBlackSite,numberOfRobotsOnWhiteSite
14704,27,17
timeStep,numberOfRobotsOnBlackSite,numberOfRobotsOnWhiteSite
14705,27,17
timeStep,numberOfRobotsOnBlackSite,numberOfRobotsOnWhiteSite
14706,27,17
timeStep,numberOfRobotsOnBlackSite,numberOfRobotsOnWhiteSite
14707,27,17
timeStep,numberOfRobotsOnBlackSite,numberOfRobotsOnWhiteSite
14708,27,17
timeStep,numberOfRobotsOnBlackSite,numberOfRobotsOnWhiteSite
14709,27,17
timeStep,numberOfRobotsOnBlackSite,numberOfRobotsOnWhiteSite
14710,27,17
timeStep,numberOfRobotsOnBlackSite,numberOfRobotsOnWhiteSite
14711,27,17
timeStep,numberOfRobotsOnBlackSite,numberOfRobotsOnWhiteSite
14712,27,17
timeStep,numberOfRobotsOnBlackSite,numberOfRobotsOnWhiteSite
14713,27,17
timeStep,numberOfRobotsOnBlackSite,numberOfRobotsOnWhiteSite
14714,27,17
timeStep,numberOfRobotsOnBlackSite,numberOfRobotsOnWhiteSite
14715,27,17
timeStep,numberOfRobotsOnBlackSite,numberOfRobotsOnWhiteSite
14716,27,17
timeStep,numberOfRobotsOnBlackSite,numberOfRobotsOnWhiteSite
14717,27,17
timeStep,numberOfRobotsOnBlackSite,numberOfRobotsOnWhiteSite
14718,27,17
timeStep,numberOfRobotsOnBlackSite,numberOfRobotsOnWhiteSite
14719,27,17
timeStep,numberOfRobotsOnBlackSite,numberOfRobotsOnWhiteSite
14720,27,17
timeStep,numberOfRobotsOnBlackSite,numberOfRobotsOnWhiteSite
14721,27,17
timeStep,numberOfRobotsOnBlackSite,numberOfRobotsOnWhiteSite
14722,27,17
timeStep,numberOfRobotsOnBlackSite,numberOfRobotsOnWhiteSite
14723,27,17
timeStep,numberOfRobotsOnBlackSite,numberOfRobotsOnWhiteSite
14724,27,17
timeStep,numberOfRobotsOnBlackSite,numberOfRobotsOnWhiteSite
14725,27,17
timeStep,numberOfRobotsOnBlackSite,numberOfRobotsOnWhiteSite
14726,27,17
timeStep,numberOfRobotsOnBlackSite,numberOfRobotsOnWhiteSite
14727,27,17
timeStep,numberOfRobotsOnBlackSite,numberOfRobotsOnWhiteSite
14728,27,17
timeStep,numberOfRobotsOnBlackSite,numberOfRobotsOnWhiteSite
14729,27,17
timeStep,numberOfRobotsOnBlackSite,numberOfRobotsOnWhiteSite
14730,27,17
timeStep,numberOfRobotsOnBlackSite,numberOfRobotsOnWhiteSite
14731,27,17
timeStep,numberOfRobotsOnBlackSite,numberOfRobotsOnWhiteSite
14732,27,17
timeStep,numberOfRobotsOnBlackSite,numberOfRobotsOnWhiteSite
14733,27,17
timeStep,numberOfRobotsOnBlackSite,numberOfRobotsOnWhiteSite
14734,27,17
timeStep,numberOfRobotsOnBlackSite,numberOfRobotsOnWhiteSite
14735,27,17
timeStep,numberOfRobotsOnBlackSite,numberOfRobotsOnWhiteSite
14736,27,17
timeStep,numberOfRobotsOnBlackSite,numberOfRobotsOnWhiteSite
14737,27,17
timeStep,numberOfRobotsOnBlackSite,numberOfRobotsOnWhiteSite
14738,27,17
timeStep,numberOfRobotsOnBlackSite,numberOfRobotsOnWhiteSite
14739,27,17
timeStep,numberOfRobotsOnBlackSite,numberOfRobotsOnWhiteSite
14740,27,17
timeStep,numberOfRobotsOnBlackSite,numberOfRobotsOnWhiteSite
14741,27,17
timeStep,numberOfRobotsOnBlackSite,numberOfRobotsOnWhiteSite
14742,27,17
timeStep,numberOfRobotsOnBlackSite,numberOfRobotsOnWhiteSite
14743,27,17
timeStep,numberOfRobotsOnBlackSite,numberOfRobotsOnWhiteSite
14744,27,17
timeStep,numberOfRobotsOnBlackSite,numberOfRobotsOnWhiteSite
14745,28,17
timeStep,numberOfRobotsOnBlackSite,numberOfRobotsOnWhiteSite
14746,28,17
timeStep,numberOfRobotsOnBlackSite,numberOfRobotsOnWhiteSite
14747,28,17
timeStep,numberOfRobotsOnBlackSite,numberOfRobotsOnWhiteSite
14748,28,17
timeStep,numberOfRobotsOnBlackSite,numberOfRobotsOnWhiteSite
14749,28,17
timeStep,numberOfRobotsOnBlackSite,numberOfRobotsOnWhiteSite
14750,28,17
timeStep,numberOfRobotsOnBlackSite,numberOfRobotsOnWhiteSite
14751,28,17
timeStep,numberOfRobotsOnBlackSite,numberOfRobotsOnWhiteSite
14752,28,17
timeStep,numberOfRobotsOnBlackSite,numberOfRobotsOnWhiteSite
14753,28,17
timeStep,numberOfRobotsOnBlackSite,numberOfRobotsOnWhiteSite
14754,28,17
timeStep,numberOfRobotsOnBlackSite,numberOfRobotsOnWhiteSite
14755,28,17
timeStep,numberOfRobotsOnBlackSite,numberOfRobotsOnWhiteSite
14756,28,17
timeStep,numberOfRobotsOnBlackSite,numberOfRobotsOnWhiteSite
14757,28,17
timeStep,numberOfRobotsOnBlackSite,numberOfRobotsOnWhiteSite
14758,28,17
timeStep,numberOfRobotsOnBlackSite,numberOfRobotsOnWhiteSite
14759,28,17
timeStep,numberOfRobotsOnBlackSite,numberOfRobotsOnWhiteSite
14760,28,17
timeStep,numberOfRobotsOnBlackSite,numberOfRobotsOnWhiteSite
14761,28,17
timeStep,numberOfRobotsOnBlackSite,numberOfRobotsOnWhiteSite
14762,28,17
timeStep,numberOfRobotsOnBlackSite,numberOfRobotsOnWhiteSite
14763,28,17
timeStep,numberOfRobotsOnBlackSite,numberOfRobotsOnWhiteSite
14764,28,17
timeStep,numberOfRobotsOnBlackSite,numberOfRobotsOnWhiteSite
14765,28,17
timeStep,numberOfRobotsOnBlackSite,numberOfRobotsOnWhiteSite
14766,28,17
timeStep,numberOfRobotsOnBlackSite,numberOfRobotsOnWhiteSite
14767,28,17
timeStep,numberOfRobotsOnBlackSite,numberOfRobotsOnWhiteSite
14768,28,17
timeStep,numberOfRobotsOnBlackSite,numberOfRobotsOnWhiteSite
14769,28,17
timeStep,numberOfRobotsOnBlackSite,numberOfRobotsOnWhiteSite
14770,28,17
timeStep,numberOfRobotsOnBlackSite,numberOfRobotsOnWhiteSite
14771,28,17
timeStep,numberOfRobotsOnBlackSite,numberOfRobotsOnWhiteSite
14772,28,17
timeStep,numberOfRobotsOnBlackSite,numberOfRobotsOnWhiteSite
14773,28,17
timeStep,numberOfRobotsOnBlackSite,numberOfRobotsOnWhiteSite
14774,28,17
timeStep,numberOfRobotsOnBlackSite,numberOfRobotsOnWhiteSite
14775,27,17
timeStep,numberOfRobotsOnBlackSite,numberOfRobotsOnWhiteSite
14776,27,17
timeStep,numberOfRobotsOnBlackSite,numberOfRobotsOnWhiteSite
14777,27,17
timeStep,numberOfRobotsOnBlackSite,numberOfRobotsOnWhiteSite
14778,27,17
timeStep,numberOfRobotsOnBlackSite,numberOfRobotsOnWhiteSite
14779,27,17
timeStep,numberOfRobotsOnBlackSite,numberOfRobotsOnWhiteSite
14780,27,17
timeStep,numberOfRobotsOnBlackSite,numberOfRobotsOnWhiteSite
14781,27,17
timeStep,numberOfRobotsOnBlackSite,numberOfRobotsOnWhiteSite
14782,27,17
timeStep,numberOfRobotsOnBlackSite,numberOfRobotsOnWhiteSite
14783,27,17
timeStep,numberOfRobotsOnBlackSite,numberOfRobotsOnWhiteSite
14784,27,17
timeStep,numberOfRobotsOnBlackSite,numberOfRobotsOnWhiteSite
14785,27,17
timeStep,numberOfRobotsOnBlackSite,numberOfRobotsOnWhiteSite
14786,27,17
timeStep,numberOfRobotsOnBlackSite,numberOfRobotsOnWhiteSite
14787,27,17
timeStep,numberOfRobotsOnBlackSite,numberOfRobotsOnWhiteSite
14788,27,17
timeStep,numberOfRobotsOnBlackSite,numberOfRobotsOnWhiteSite
14789,27,17
timeStep,numberOfRobotsOnBlackSite,numberOfRobotsOnWhiteSite
14790,27,17
timeStep,numberOfRobotsOnBlackSite,numberOfRobotsOnWhiteSite
14791,27,17
timeStep,numberOfRobotsOnBlackSite,numberOfRobotsOnWhiteSite
14792,27,17
timeStep,numberOfRobotsOnBlackSite,numberOfRobotsOnWhiteSite
14793,27,17
timeStep,numberOfRobotsOnBlackSite,numberOfRobotsOnWhiteSite
14794,27,17
timeStep,numberOfRobotsOnBlackSite,numberOfRobotsOnWhiteSite
14795,27,17
timeStep,numberOfRobotsOnBlackSite,numberOfRobotsOnWhiteSite
14796,27,17
timeStep,numberOfRobotsOnBlackSite,numberOfRobotsOnWhiteSite
14797,27,17
timeStep,numberOfRobotsOnBlackSite,numberOfRobotsOnWhiteSite
14798,27,17
timeStep,numberOfRobotsOnBlackSite,numberOfRobotsOnWhiteSite
14799,27,17
timeStep,numberOfRobotsOnBlackSite,numberOfRobotsOnWhiteSite
14800,27,17
timeStep,numberOfRobotsOnBlackSite,numberOfRobotsOnWhiteSite
14801,27,17
timeStep,numberOfRobotsOnBlackSite,numberOfRobotsOnWhiteSite
14802,27,17
timeStep,numberOfRobotsOnBlackSite,numberOfRobotsOnWhiteSite
14803,27,17
timeStep,numberOfRobotsOnBlackSite,numberOfRobotsOnWhiteSite
14804,27,17
timeStep,numberOfRobotsOnBlackSite,numberOfRobotsOnWhiteSite
14805,27,17
timeStep,numberOfRobotsOnBlackSite,numberOfRobotsOnWhiteSite
14806,27,17
timeStep,numberOfRobotsOnBlackSite,numberOfRobotsOnWhiteSite
14807,27,17
timeStep,numberOfRobotsOnBlackSite,numberOfRobotsOnWhiteSite
14808,27,17
timeStep,numberOfRobotsOnBlackSite,numberOfRobotsOnWhiteSite
14809,27,17
timeStep,numberOfRobotsOnBlackSite,numberOfRobotsOnWhiteSite
14810,27,17
timeStep,numberOfRobotsOnBlackSite,numberOfRobotsOnWhiteSite
14811,27,17
timeStep,numberOfRobotsOnBlackSite,numberOfRobotsOnWhiteSite
14812,27,17
timeStep,numberOfRobotsOnBlackSite,numberOfRobotsOnWhiteSite
14813,27,17
timeStep,numberOfRobotsOnBlackSite,numberOfRobotsOnWhiteSite
14814,27,17
timeStep,numberOfRobotsOnBlackSite,numberOfRobotsOnWhiteSite
14815,27,17
timeStep,numberOfRobotsOnBlackSite,numberOfRobotsOnWhiteSite
14816,27,17
timeStep,numberOfRobotsOnBlackSite,numberOfRobotsOnWhiteSite
14817,27,17
timeStep,numberOfRobotsOnBlackSite,numberOfRobotsOnWhiteSite
14818,27,17
timeStep,numberOfRobotsOnBlackSite,numberOfRobotsOnWhiteSite
14819,27,17
timeStep,numberOfRobotsOnBlackSite,numberOfRobotsOnWhiteSite
14820,27,17
timeStep,numberOfRobotsOnBlackSite,numberOfRobotsOnWhiteSite
14821,27,17
timeStep,numberOfRobotsOnBlackSite,numberOfRobotsOnWhiteSite
14822,27,17
timeStep,numberOfRobotsOnBlackSite,numberOfRobotsOnWhiteSite
14823,27,17
timeStep,numberOfRobotsOnBlackSite,numberOfRobotsOnWhiteSite
14824,27,17
timeStep,numberOfRobotsOnBlackSite,numberOfRobotsOnWhiteSite
14825,27,17
timeStep,numberOfRobotsOnBlackSite,numberOfRobotsOnWhiteSite
14826,27,17
timeStep,numberOfRobotsOnBlackSite,numberOfRobotsOnWhiteSite
14827,27,17
timeStep,numberOfRobotsOnBlackSite,numberOfRobotsOnWhiteSite
14828,27,17
timeStep,numberOfRobotsOnBlackSite,numberOfRobotsOnWhiteSite
14829,27,17
timeStep,numberOfRobotsOnBlackSite,numberOfRobotsOnWhiteSite
14830,27,17
timeStep,numberOfRobotsOnBlackSite,numberOfRobotsOnWhiteSite
14831,27,17
timeStep,numberOfRobotsOnBlackSite,numberOfRobotsOnWhiteSite
14832,27,17
timeStep,numberOfRobotsOnBlackSite,numberOfRobotsOnWhiteSite
14833,27,17
timeStep,numberOfRobotsOnBlackSite,numberOfRobotsOnWhiteSite
14834,27,17
timeStep,numberOfRobotsOnBlackSite,numberOfRobotsOnWhiteSite
14835,26,17
timeStep,numberOfRobotsOnBlackSite,numberOfRobotsOnWhiteSite
14836,26,17
timeStep,numberOfRobotsOnBlackSite,numberOfRobotsOnWhiteSite
14837,26,17
timeStep,numberOfRobotsOnBlackSite,numberOfRobotsOnWhiteSite
14838,26,17
timeStep,numberOfRobotsOnBlackSite,numberOfRobotsOnWhiteSite
14839,26,17
timeStep,numberOfRobotsOnBlackSite,numberOfRobotsOnWhiteSite
14840,26,17
timeStep,numberOfRobotsOnBlackSite,numberOfRobotsOnWhiteSite
14841,26,17
timeStep,numberOfRobotsOnBlackSite,numberOfRobotsOnWhiteSite
14842,26,17
timeStep,numberOfRobotsOnBlackSite,numberOfRobotsOnWhiteSite
14843,26,17
timeStep,numberOfRobotsOnBlackSite,numberOfRobotsOnWhiteSite
14844,26,17
timeStep,numberOfRobotsOnBlackSite,numberOfRobotsOnWhiteSite
14845,26,17
timeStep,numberOfRobotsOnBlackSite,numberOfRobotsOnWhiteSite
14846,26,17
timeStep,numberOfRobotsOnBlackSite,numberOfRobotsOnWhiteSite
14847,26,17
timeStep,numberOfRobotsOnBlackSite,numberOfRobotsOnWhiteSite
14848,26,17
timeStep,numberOfRobotsOnBlackSite,numberOfRobotsOnWhiteSite
14849,26,17
timeStep,numberOfRobotsOnBlackSite,numberOfRobotsOnWhiteSite
14850,27,17
timeStep,numberOfRobotsOnBlackSite,numberOfRobotsOnWhiteSite
14851,27,17
timeStep,numberOfRobotsOnBlackSite,numberOfRobotsOnWhiteSite
14852,27,17
timeStep,numberOfRobotsOnBlackSite,numberOfRobotsOnWhiteSite
14853,27,17
timeStep,numberOfRobotsOnBlackSite,numberOfRobotsOnWhiteSite
14854,27,17
timeStep,numberOfRobotsOnBlackSite,numberOfRobotsOnWhiteSite
14855,27,17
timeStep,numberOfRobotsOnBlackSite,numberOfRobotsOnWhiteSite
14856,27,17
timeStep,numberOfRobotsOnBlackSite,numberOfRobotsOnWhiteSite
14857,27,17
timeStep,numberOfRobotsOnBlackSite,numberOfRobotsOnWhiteSite
14858,27,17
timeStep,numberOfRobotsOnBlackSite,numberOfRobotsOnWhiteSite
14859,27,17
timeStep,numberOfRobotsOnBlackSite,numberOfRobotsOnWhiteSite
14860,27,17
timeStep,numberOfRobotsOnBlackSite,numberOfRobotsOnWhiteSite
14861,27,17
timeStep,numberOfRobotsOnBlackSite,numberOfRobotsOnWhiteSite
14862,27,17
timeStep,numberOfRobotsOnBlackSite,numberOfRobotsOnWhiteSite
14863,27,17
timeStep,numberOfRobotsOnBlackSite,numberOfRobotsOnWhiteSite
14864,27,17
timeStep,numberOfRobotsOnBlackSite,numberOfRobotsOnWhiteSite
14865,27,17
timeStep,numberOfRobotsOnBlackSite,numberOfRobotsOnWhiteSite
14866,27,17
timeStep,numberOfRobotsOnBlackSite,numberOfRobotsOnWhiteSite
14867,27,17
timeStep,numberOfRobotsOnBlackSite,numberOfRobotsOnWhiteSite
14868,27,17
timeStep,numberOfRobotsOnBlackSite,numberOfRobotsOnWhiteSite
14869,27,17
timeStep,numberOfRobotsOnBlackSite,numberOfRobotsOnWhiteSite
14870,27,17
timeStep,numberOfRobotsOnBlackSite,numberOfRobotsOnWhiteSite
14871,27,17
timeStep,numberOfRobotsOnBlackSite,numberOfRobotsOnWhiteSite
14872,27,17
timeStep,numberOfRobotsOnBlackSite,numberOfRobotsOnWhiteSite
14873,27,17
timeStep,numberOfRobotsOnBlackSite,numberOfRobotsOnWhiteSite
14874,27,17
timeStep,numberOfRobotsOnBlackSite,numberOfRobotsOnWhiteSite
14875,27,17
timeStep,numberOfRobotsOnBlackSite,numberOfRobotsOnWhiteSite
14876,27,17
timeStep,numberOfRobotsOnBlackSite,numberOfRobotsOnWhiteSite
14877,27,17
timeStep,numberOfRobotsOnBlackSite,numberOfRobotsOnWhiteSite
14878,27,17
timeStep,numberOfRobotsOnBlackSite,numberOfRobotsOnWhiteSite
14879,27,17
timeStep,numberOfRobotsOnBlackSite,numberOfRobotsOnWhiteSite
14880,27,17
timeStep,numberOfRobotsOnBlackSite,numberOfRobotsOnWhiteSite
14881,27,17
timeStep,numberOfRobotsOnBlackSite,numberOfRobotsOnWhiteSite
14882,27,17
timeStep,numberOfRobotsOnBlackSite,numberOfRobotsOnWhiteSite
14883,27,17
timeStep,numberOfRobotsOnBlackSite,numberOfRobotsOnWhiteSite
14884,27,17
timeStep,numberOfRobotsOnBlackSite,numberOfRobotsOnWhiteSite
14885,27,17
timeStep,numberOfRobotsOnBlackSite,numberOfRobotsOnWhiteSite
14886,27,17
timeStep,numberOfRobotsOnBlackSite,numberOfRobotsOnWhiteSite
14887,27,17
timeStep,numberOfRobotsOnBlackSite,numberOfRobotsOnWhiteSite
14888,27,17
timeStep,numberOfRobotsOnBlackSite,numberOfRobotsOnWhiteSite
14889,27,17
timeStep,numberOfRobotsOnBlackSite,numberOfRobotsOnWhiteSite
14890,27,17
timeStep,numberOfRobotsOnBlackSite,numberOfRobotsOnWhiteSite
14891,27,17
timeStep,numberOfRobotsOnBlackSite,numberOfRobotsOnWhiteSite
14892,27,17
timeStep,numberOfRobotsOnBlackSite,numberOfRobotsOnWhiteSite
14893,27,17
timeStep,numberOfRobotsOnBlackSite,numberOfRobotsOnWhiteSite
14894,27,17
timeStep,numberOfRobotsOnBlackSite,numberOfRobotsOnWhiteSite
14895,27,17
timeStep,numberOfRobotsOnBlackSite,numberOfRobotsOnWhiteSite
14896,27,17
timeStep,numberOfRobotsOnBlackSite,numberOfRobotsOnWhiteSite
14897,27,17
timeStep,numberOfRobotsOnBlackSite,numberOfRobotsOnWhiteSite
14898,27,17
timeStep,numberOfRobotsOnBlackSite,numberOfRobotsOnWhiteSite
14899,27,17
timeStep,numberOfRobotsOnBlackSite,numberOfRobotsOnWhiteSite
14900,27,17
timeStep,numberOfRobotsOnBlackSite,numberOfRobotsOnWhiteSite
14901,27,17
timeStep,numberOfRobotsOnBlackSite,numberOfRobotsOnWhiteSite
14902,27,17
timeStep,numberOfRobotsOnBlackSite,numberOfRobotsOnWhiteSite
14903,27,17
timeStep,numberOfRobotsOnBlackSite,numberOfRobotsOnWhiteSite
14904,27,17
timeStep,numberOfRobotsOnBlackSite,numberOfRobotsOnWhiteSite
14905,27,17
timeStep,numberOfRobotsOnBlackSite,numberOfRobotsOnWhiteSite
14906,27,17
timeStep,numberOfRobotsOnBlackSite,numberOfRobotsOnWhiteSite
14907,27,17
timeStep,numberOfRobotsOnBlackSite,numberOfRobotsOnWhiteSite
14908,27,17
timeStep,numberOfRobotsOnBlackSite,numberOfRobotsOnWhiteSite
14909,27,17
timeStep,numberOfRobotsOnBlackSite,numberOfRobotsOnWhiteSite
14910,27,17
timeStep,numberOfRobotsOnBlackSite,numberOfRobotsOnWhiteSite
14911,27,17
timeStep,numberOfRobotsOnBlackSite,numberOfRobotsOnWhiteSite
14912,27,17
timeStep,numberOfRobotsOnBlackSite,numberOfRobotsOnWhiteSite
14913,27,17
timeStep,numberOfRobotsOnBlackSite,numberOfRobotsOnWhiteSite
14914,27,17
timeStep,numberOfRobotsOnBlackSite,numberOfRobotsOnWhiteSite
14915,27,17
timeStep,numberOfRobotsOnBlackSite,numberOfRobotsOnWhiteSite
14916,27,17
timeStep,numberOfRobotsOnBlackSite,numberOfRobotsOnWhiteSite
14917,27,17
timeStep,numberOfRobotsOnBlackSite,numberOfRobotsOnWhiteSite
14918,27,17
timeStep,numberOfRobotsOnBlackSite,numberOfRobotsOnWhiteSite
14919,27,17
timeStep,numberOfRobotsOnBlackSite,numberOfRobotsOnWhiteSite
14920,27,18
timeStep,numberOfRobotsOnBlackSite,numberOfRobotsOnWhiteSite
14921,27,18
timeStep,numberOfRobotsOnBlackSite,numberOfRobotsOnWhiteSite
14922,27,18
timeStep,numberOfRobotsOnBlackSite,numberOfRobotsOnWhiteSite
14923,27,18
timeStep,numberOfRobotsOnBlackSite,numberOfRobotsOnWhiteSite
14924,27,18
timeStep,numberOfRobotsOnBlackSite,numberOfRobotsOnWhiteSite
14925,27,18
timeStep,numberOfRobotsOnBlackSite,numberOfRobotsOnWhiteSite
14926,27,18
timeStep,numberOfRobotsOnBlackSite,numberOfRobotsOnWhiteSite
14927,27,18
timeStep,numberOfRobotsOnBlackSite,numberOfRobotsOnWhiteSite
14928,27,18
timeStep,numberOfRobotsOnBlackSite,numberOfRobotsOnWhiteSite
14929,27,18
timeStep,numberOfRobotsOnBlackSite,numberOfRobotsOnWhiteSite
14930,27,18
timeStep,numberOfRobotsOnBlackSite,numberOfRobotsOnWhiteSite
14931,27,18
timeStep,numberOfRobotsOnBlackSite,numberOfRobotsOnWhiteSite
14932,27,18
timeStep,numberOfRobotsOnBlackSite,numberOfRobotsOnWhiteSite
14933,27,18
timeStep,numberOfRobotsOnBlackSite,numberOfRobotsOnWhiteSite
14934,27,18
timeStep,numberOfRobotsOnBlackSite,numberOfRobotsOnWhiteSite
14935,27,18
timeStep,numberOfRobotsOnBlackSite,numberOfRobotsOnWhiteSite
14936,27,18
timeStep,numberOfRobotsOnBlackSite,numberOfRobotsOnWhiteSite
14937,27,18
timeStep,numberOfRobotsOnBlackSite,numberOfRobotsOnWhiteSite
14938,27,18
timeStep,numberOfRobotsOnBlackSite,numberOfRobotsOnWhiteSite
14939,27,18
timeStep,numberOfRobotsOnBlackSite,numberOfRobotsOnWhiteSite
14940,27,18
timeStep,numberOfRobotsOnBlackSite,numberOfRobotsOnWhiteSite
14941,27,18
timeStep,numberOfRobotsOnBlackSite,numberOfRobotsOnWhiteSite
14942,27,18
timeStep,numberOfRobotsOnBlackSite,numberOfRobotsOnWhiteSite
14943,27,18
timeStep,numberOfRobotsOnBlackSite,numberOfRobotsOnWhiteSite
14944,27,18
timeStep,numberOfRobotsOnBlackSite,numberOfRobotsOnWhiteSite
14945,26,18
timeStep,numberOfRobotsOnBlackSite,numberOfRobotsOnWhiteSite
14946,26,18
timeStep,numberOfRobotsOnBlackSite,numberOfRobotsOnWhiteSite
14947,26,18
timeStep,numberOfRobotsOnBlackSite,numberOfRobotsOnWhiteSite
14948,26,18
timeStep,numberOfRobotsOnBlackSite,numberOfRobotsOnWhiteSite
14949,26,18
timeStep,numberOfRobotsOnBlackSite,numberOfRobotsOnWhiteSite
14950,26,18
timeStep,numberOfRobotsOnBlackSite,numberOfRobotsOnWhiteSite
14951,26,18
timeStep,numberOfRobotsOnBlackSite,numberOfRobotsOnWhiteSite
14952,26,18
timeStep,numberOfRobotsOnBlackSite,numberOfRobotsOnWhiteSite
14953,26,18
timeStep,numberOfRobotsOnBlackSite,numberOfRobotsOnWhiteSite
14954,26,18
timeStep,numberOfRobotsOnBlackSite,numberOfRobotsOnWhiteSite
14955,26,18
timeStep,numberOfRobotsOnBlackSite,numberOfRobotsOnWhiteSite
14956,26,18
timeStep,numberOfRobotsOnBlackSite,numberOfRobotsOnWhiteSite
14957,26,18
timeStep,numberOfRobotsOnBlackSite,numberOfRobotsOnWhiteSite
14958,26,18
timeStep,numberOfRobotsOnBlackSite,numberOfRobotsOnWhiteSite
14959,26,18
timeStep,numberOfRobotsOnBlackSite,numberOfRobotsOnWhiteSite
14960,25,18
timeStep,numberOfRobotsOnBlackSite,numberOfRobotsOnWhiteSite
14961,25,18
timeStep,numberOfRobotsOnBlackSite,numberOfRobotsOnWhiteSite
14962,25,18
timeStep,numberOfRobotsOnBlackSite,numberOfRobotsOnWhiteSite
14963,25,18
timeStep,numberOfRobotsOnBlackSite,numberOfRobotsOnWhiteSite
14964,25,18
timeStep,numberOfRobotsOnBlackSite,numberOfRobotsOnWhiteSite
14965,25,18
timeStep,numberOfRobotsOnBlackSite,numberOfRobotsOnWhiteSite
14966,25,18
timeStep,numberOfRobotsOnBlackSite,numberOfRobotsOnWhiteSite
14967,25,18
timeStep,numberOfRobotsOnBlackSite,numberOfRobotsOnWhiteSite
14968,25,18
timeStep,numberOfRobotsOnBlackSite,numberOfRobotsOnWhiteSite
14969,25,18
timeStep,numberOfRobotsOnBlackSite,numberOfRobotsOnWhiteSite
14970,25,18
timeStep,numberOfRobotsOnBlackSite,numberOfRobotsOnWhiteSite
14971,25,18
timeStep,numberOfRobotsOnBlackSite,numberOfRobotsOnWhiteSite
14972,25,18
timeStep,numberOfRobotsOnBlackSite,numberOfRobotsOnWhiteSite
14973,25,18
timeStep,numberOfRobotsOnBlackSite,numberOfRobotsOnWhiteSite
14974,25,18
timeStep,numberOfRobotsOnBlackSite,numberOfRobotsOnWhiteSite
14975,25,18
timeStep,numberOfRobotsOnBlackSite,numberOfRobotsOnWhiteSite
14976,25,18
timeStep,numberOfRobotsOnBlackSite,numberOfRobotsOnWhiteSite
14977,25,18
timeStep,numberOfRobotsOnBlackSite,numberOfRobotsOnWhiteSite
14978,25,18
timeStep,numberOfRobotsOnBlackSite,numberOfRobotsOnWhiteSite
14979,25,18
timeStep,numberOfRobotsOnBlackSite,numberOfRobotsOnWhiteSite
14980,26,18
timeStep,numberOfRobotsOnBlackSite,numberOfRobotsOnWhiteSite
14981,26,18
timeStep,numberOfRobotsOnBlackSite,numberOfRobotsOnWhiteSite
14982,26,18
timeStep,numberOfRobotsOnBlackSite,numberOfRobotsOnWhiteSite
14983,26,18
timeStep,numberOfRobotsOnBlackSite,numberOfRobotsOnWhiteSite
14984,26,18
timeStep,numberOfRobotsOnBlackSite,numberOfRobotsOnWhiteSite
14985,26,18
timeStep,numberOfRobotsOnBlackSite,numberOfRobotsOnWhiteSite
14986,26,18
timeStep,numberOfRobotsOnBlackSite,numberOfRobotsOnWhiteSite
14987,26,18
timeStep,numberOfRobotsOnBlackSite,numberOfRobotsOnWhiteSite
14988,26,18
timeStep,numberOfRobotsOnBlackSite,numberOfRobotsOnWhiteSite
14989,26,18
timeStep,numberOfRobotsOnBlackSite,numberOfRobotsOnWhiteSite
14990,26,18
timeStep,numberOfRobotsOnBlackSite,numberOfRobotsOnWhiteSite
14991,26,18
timeStep,numberOfRobotsOnBlackSite,numberOfRobotsOnWhiteSite
14992,26,18
timeStep,numberOfRobotsOnBlackSite,numberOfRobotsOnWhiteSite
14993,26,18
timeStep,numberOfRobotsOnBlackSite,numberOfRobotsOnWhiteSite
14994,26,18
timeStep,numberOfRobotsOnBlackSite,numberOfRobotsOnWhiteSite
14995,26,18
timeStep,numberOfRobotsOnBlackSite,numberOfRobotsOnWhiteSite
14996,26,18
timeStep,numberOfRobotsOnBlackSite,numberOfRobotsOnWhiteSite
14997,26,18
timeStep,numberOfRobotsOnBlackSite,numberOfRobotsOnWhiteSite
14998,26,18
timeStep,numberOfRobotsOnBlackSite,numberOfRobotsOnWhiteSite
14999,26,18
timeStep,numberOfRobotsOnBlackSite,numberOfRobotsOnWhiteSite
15000,26,18
timeStep,numberOfRobotsOnBlackSite,numberOfRobotsOnWhiteSite
15001,26,18
timeStep,numberOfRobotsOnBlackSite,numberOfRobotsOnWhiteSite
15002,26,18
timeStep,numberOfRobotsOnBlackSite,numberOfRobotsOnWhiteSite
15003,26,18
timeStep,numberOfRobotsOnBlackSite,numberOfRobotsOnWhiteSite
15004,26,18
timeStep,numberOfRobotsOnBlackSite,numberOfRobotsOnWhiteSite
15005,26,18
timeStep,numberOfRobotsOnBlackSite,numberOfRobotsOnWhiteSite
15006,26,18
timeStep,numberOfRobotsOnBlackSite,numberOfRobotsOnWhiteSite
15007,26,18
timeStep,numberOfRobotsOnBlackSite,numberOfRobotsOnWhiteSite
15008,26,18
timeStep,numberOfRobotsOnBlackSite,numberOfRobotsOnWhiteSite
15009,26,18
timeStep,numberOfRobotsOnBlackSite,numberOfRobotsOnWhiteSite
15010,26,18
timeStep,numberOfRobotsOnBlackSite,numberOfRobotsOnWhiteSite
15011,26,18
timeStep,numberOfRobotsOnBlackSite,numberOfRobotsOnWhiteSite
15012,26,18
timeStep,numberOfRobotsOnBlackSite,numberOfRobotsOnWhiteSite
15013,26,18
timeStep,numberOfRobotsOnBlackSite,numberOfRobotsOnWhiteSite
15014,26,18
timeStep,numberOfRobotsOnBlackSite,numberOfRobotsOnWhiteSite
15015,26,18
timeStep,numberOfRobotsOnBlackSite,numberOfRobotsOnWhiteSite
15016,26,18
timeStep,numberOfRobotsOnBlackSite,numberOfRobotsOnWhiteSite
15017,26,18
timeStep,numberOfRobotsOnBlackSite,numberOfRobotsOnWhiteSite
15018,26,18
timeStep,numberOfRobotsOnBlackSite,numberOfRobotsOnWhiteSite
15019,26,18
timeStep,numberOfRobotsOnBlackSite,numberOfRobotsOnWhiteSite
15020,26,18
timeStep,numberOfRobotsOnBlackSite,numberOfRobotsOnWhiteSite
15021,26,18
timeStep,numberOfRobotsOnBlackSite,numberOfRobotsOnWhiteSite
15022,26,18
timeStep,numberOfRobotsOnBlackSite,numberOfRobotsOnWhiteSite
15023,26,18
timeStep,numberOfRobotsOnBlackSite,numberOfRobotsOnWhiteSite
15024,26,18
timeStep,numberOfRobotsOnBlackSite,numberOfRobotsOnWhiteSite
15025,26,18
timeStep,numberOfRobotsOnBlackSite,numberOfRobotsOnWhiteSite
15026,26,18
timeStep,numberOfRobotsOnBlackSite,numberOfRobotsOnWhiteSite
15027,26,18
timeStep,numberOfRobotsOnBlackSite,numberOfRobotsOnWhiteSite
15028,26,18
timeStep,numberOfRobotsOnBlackSite,numberOfRobotsOnWhiteSite
15029,26,18
timeStep,numberOfRobotsOnBlackSite,numberOfRobotsOnWhiteSite
15030,26,18
timeStep,numberOfRobotsOnBlackSite,numberOfRobotsOnWhiteSite
15031,26,18
timeStep,numberOfRobotsOnBlackSite,numberOfRobotsOnWhiteSite
15032,26,18
timeStep,numberOfRobotsOnBlackSite,numberOfRobotsOnWhiteSite
15033,26,18
timeStep,numberOfRobotsOnBlackSite,numberOfRobotsOnWhiteSite
15034,26,18
timeStep,numberOfRobotsOnBlackSite,numberOfRobotsOnWhiteSite
15035,26,18
timeStep,numberOfRobotsOnBlackSite,numberOfRobotsOnWhiteSite
15036,26,18
timeStep,numberOfRobotsOnBlackSite,numberOfRobotsOnWhiteSite
15037,26,18
timeStep,numberOfRobotsOnBlackSite,numberOfRobotsOnWhiteSite
15038,26,18
timeStep,numberOfRobotsOnBlackSite,numberOfRobotsOnWhiteSite
15039,26,18
timeStep,numberOfRobotsOnBlackSite,numberOfRobotsOnWhiteSite
15040,26,18
timeStep,numberOfRobotsOnBlackSite,numberOfRobotsOnWhiteSite
15041,26,18
timeStep,numberOfRobotsOnBlackSite,numberOfRobotsOnWhiteSite
15042,26,18
timeStep,numberOfRobotsOnBlackSite,numberOfRobotsOnWhiteSite
15043,26,18
timeStep,numberOfRobotsOnBlackSite,numberOfRobotsOnWhiteSite
15044,26,18
timeStep,numberOfRobotsOnBlackSite,numberOfRobotsOnWhiteSite
15045,26,18
timeStep,numberOfRobotsOnBlackSite,numberOfRobotsOnWhiteSite
15046,26,18
timeStep,numberOfRobotsOnBlackSite,numberOfRobotsOnWhiteSite
15047,26,18
timeStep,numberOfRobotsOnBlackSite,numberOfRobotsOnWhiteSite
15048,26,18
timeStep,numberOfRobotsOnBlackSite,numberOfRobotsOnWhiteSite
15049,26,18
timeStep,numberOfRobotsOnBlackSite,numberOfRobotsOnWhiteSite
15050,26,18
timeStep,numberOfRobotsOnBlackSite,numberOfRobotsOnWhiteSite
15051,26,18
timeStep,numberOfRobotsOnBlackSite,numberOfRobotsOnWhiteSite
15052,26,18
timeStep,numberOfRobotsOnBlackSite,numberOfRobotsOnWhiteSite
15053,26,18
timeStep,numberOfRobotsOnBlackSite,numberOfRobotsOnWhiteSite
15054,26,18
timeStep,numberOfRobotsOnBlackSite,numberOfRobotsOnWhiteSite
15055,26,18
timeStep,numberOfRobotsOnBlackSite,numberOfRobotsOnWhiteSite
15056,26,18
timeStep,numberOfRobotsOnBlackSite,numberOfRobotsOnWhiteSite
15057,26,18
timeStep,numberOfRobotsOnBlackSite,numberOfRobotsOnWhiteSite
15058,26,18
timeStep,numberOfRobotsOnBlackSite,numberOfRobotsOnWhiteSite
15059,26,18
timeStep,numberOfRobotsOnBlackSite,numberOfRobotsOnWhiteSite
15060,26,18
timeStep,numberOfRobotsOnBlackSite,numberOfRobotsOnWhiteSite
15061,26,18
timeStep,numberOfRobotsOnBlackSite,numberOfRobotsOnWhiteSite
15062,26,18
timeStep,numberOfRobotsOnBlackSite,numberOfRobotsOnWhiteSite
15063,26,18
timeStep,numberOfRobotsOnBlackSite,numberOfRobotsOnWhiteSite
15064,26,18
timeStep,numberOfRobotsOnBlackSite,numberOfRobotsOnWhiteSite
15065,26,18
timeStep,numberOfRobotsOnBlackSite,numberOfRobotsOnWhiteSite
15066,26,18
timeStep,numberOfRobotsOnBlackSite,numberOfRobotsOnWhiteSite
15067,26,18
timeStep,numberOfRobotsOnBlackSite,numberOfRobotsOnWhiteSite
15068,26,18
timeStep,numberOfRobotsOnBlackSite,numberOfRobotsOnWhiteSite
15069,26,18
timeStep,numberOfRobotsOnBlackSite,numberOfRobotsOnWhiteSite
15070,26,18
timeStep,numberOfRobotsOnBlackSite,numberOfRobotsOnWhiteSite
15071,26,18
timeStep,numberOfRobotsOnBlackSite,numberOfRobotsOnWhiteSite
15072,26,18
timeStep,numberOfRobotsOnBlackSite,numberOfRobotsOnWhiteSite
15073,26,18
timeStep,numberOfRobotsOnBlackSite,numberOfRobotsOnWhiteSite
15074,26,18
timeStep,numberOfRobotsOnBlackSite,numberOfRobotsOnWhiteSite
15075,26,18
timeStep,numberOfRobotsOnBlackSite,numberOfRobotsOnWhiteSite
15076,26,18
timeStep,numberOfRobotsOnBlackSite,numberOfRobotsOnWhiteSite
15077,26,18
timeStep,numberOfRobotsOnBlackSite,numberOfRobotsOnWhiteSite
15078,26,18
timeStep,numberOfRobotsOnBlackSite,numberOfRobotsOnWhiteSite
15079,26,18
timeStep,numberOfRobotsOnBlackSite,numberOfRobotsOnWhiteSite
15080,26,18
timeStep,numberOfRobotsOnBlackSite,numberOfRobotsOnWhiteSite
15081,26,18
timeStep,numberOfRobotsOnBlackSite,numberOfRobotsOnWhiteSite
15082,26,18
timeStep,numberOfRobotsOnBlackSite,numberOfRobotsOnWhiteSite
15083,26,18
timeStep,numberOfRobotsOnBlackSite,numberOfRobotsOnWhiteSite
15084,26,18
timeStep,numberOfRobotsOnBlackSite,numberOfRobotsOnWhiteSite
15085,26,18
timeStep,numberOfRobotsOnBlackSite,numberOfRobotsOnWhiteSite
15086,26,18
timeStep,numberOfRobotsOnBlackSite,numberOfRobotsOnWhiteSite
15087,26,18
timeStep,numberOfRobotsOnBlackSite,numberOfRobotsOnWhiteSite
15088,26,18
timeStep,numberOfRobotsOnBlackSite,numberOfRobotsOnWhiteSite
15089,26,18
timeStep,numberOfRobotsOnBlackSite,numberOfRobotsOnWhiteSite
15090,26,18
timeStep,numberOfRobotsOnBlackSite,numberOfRobotsOnWhiteSite
15091,26,18
timeStep,numberOfRobotsOnBlackSite,numberOfRobotsOnWhiteSite
15092,26,18
timeStep,numberOfRobotsOnBlackSite,numberOfRobotsOnWhiteSite
15093,26,18
timeStep,numberOfRobotsOnBlackSite,numberOfRobotsOnWhiteSite
15094,26,18
timeStep,numberOfRobotsOnBlackSite,numberOfRobotsOnWhiteSite
15095,26,18
timeStep,numberOfRobotsOnBlackSite,numberOfRobotsOnWhiteSite
15096,26,18
timeStep,numberOfRobotsOnBlackSite,numberOfRobotsOnWhiteSite
15097,26,18
timeStep,numberOfRobotsOnBlackSite,numberOfRobotsOnWhiteSite
15098,26,18
timeStep,numberOfRobotsOnBlackSite,numberOfRobotsOnWhiteSite
15099,26,18
timeStep,numberOfRobotsOnBlackSite,numberOfRobotsOnWhiteSite
15100,26,18
timeStep,numberOfRobotsOnBlackSite,numberOfRobotsOnWhiteSite
15101,26,18
timeStep,numberOfRobotsOnBlackSite,numberOfRobotsOnWhiteSite
15102,26,18
timeStep,numberOfRobotsOnBlackSite,numberOfRobotsOnWhiteSite
15103,26,18
timeStep,numberOfRobotsOnBlackSite,numberOfRobotsOnWhiteSite
15104,26,18
timeStep,numberOfRobotsOnBlackSite,numberOfRobotsOnWhiteSite
15105,26,18
timeStep,numberOfRobotsOnBlackSite,numberOfRobotsOnWhiteSite
15106,26,18
timeStep,numberOfRobotsOnBlackSite,numberOfRobotsOnWhiteSite
15107,26,18
timeStep,numberOfRobotsOnBlackSite,numberOfRobotsOnWhiteSite
15108,26,18
timeStep,numberOfRobotsOnBlackSite,numberOfRobotsOnWhiteSite
15109,26,18
timeStep,numberOfRobotsOnBlackSite,numberOfRobotsOnWhiteSite
15110,26,18
timeStep,numberOfRobotsOnBlackSite,numberOfRobotsOnWhiteSite
15111,26,18
timeStep,numberOfRobotsOnBlackSite,numberOfRobotsOnWhiteSite
15112,26,18
timeStep,numberOfRobotsOnBlackSite,numberOfRobotsOnWhiteSite
15113,26,18
timeStep,numberOfRobotsOnBlackSite,numberOfRobotsOnWhiteSite
15114,26,18
timeStep,numberOfRobotsOnBlackSite,numberOfRobotsOnWhiteSite
15115,25,18
timeStep,numberOfRobotsOnBlackSite,numberOfRobotsOnWhiteSite
15116,25,18
timeStep,numberOfRobotsOnBlackSite,numberOfRobotsOnWhiteSite
15117,25,18
timeStep,numberOfRobotsOnBlackSite,numberOfRobotsOnWhiteSite
15118,25,18
timeStep,numberOfRobotsOnBlackSite,numberOfRobotsOnWhiteSite
15119,25,18
timeStep,numberOfRobotsOnBlackSite,numberOfRobotsOnWhiteSite
15120,25,18
timeStep,numberOfRobotsOnBlackSite,numberOfRobotsOnWhiteSite
15121,25,18
timeStep,numberOfRobotsOnBlackSite,numberOfRobotsOnWhiteSite
15122,25,18
timeStep,numberOfRobotsOnBlackSite,numberOfRobotsOnWhiteSite
15123,25,18
timeStep,numberOfRobotsOnBlackSite,numberOfRobotsOnWhiteSite
15124,25,18
timeStep,numberOfRobotsOnBlackSite,numberOfRobotsOnWhiteSite
15125,25,18
timeStep,numberOfRobotsOnBlackSite,numberOfRobotsOnWhiteSite
15126,25,18
timeStep,numberOfRobotsOnBlackSite,numberOfRobotsOnWhiteSite
15127,25,18
timeStep,numberOfRobotsOnBlackSite,numberOfRobotsOnWhiteSite
15128,25,18
timeStep,numberOfRobotsOnBlackSite,numberOfRobotsOnWhiteSite
15129,25,18
timeStep,numberOfRobotsOnBlackSite,numberOfRobotsOnWhiteSite
15130,25,18
timeStep,numberOfRobotsOnBlackSite,numberOfRobotsOnWhiteSite
15131,25,18
timeStep,numberOfRobotsOnBlackSite,numberOfRobotsOnWhiteSite
15132,25,18
timeStep,numberOfRobotsOnBlackSite,numberOfRobotsOnWhiteSite
15133,25,18
timeStep,numberOfRobotsOnBlackSite,numberOfRobotsOnWhiteSite
15134,25,18
timeStep,numberOfRobotsOnBlackSite,numberOfRobotsOnWhiteSite
15135,25,18
timeStep,numberOfRobotsOnBlackSite,numberOfRobotsOnWhiteSite
15136,25,18
timeStep,numberOfRobotsOnBlackSite,numberOfRobotsOnWhiteSite
15137,25,18
timeStep,numberOfRobotsOnBlackSite,numberOfRobotsOnWhiteSite
15138,25,18
timeStep,numberOfRobotsOnBlackSite,numberOfRobotsOnWhiteSite
15139,25,18
timeStep,numberOfRobotsOnBlackSite,numberOfRobotsOnWhiteSite
15140,25,18
timeStep,numberOfRobotsOnBlackSite,numberOfRobotsOnWhiteSite
15141,25,18
timeStep,numberOfRobotsOnBlackSite,numberOfRobotsOnWhiteSite
15142,25,18
timeStep,numberOfRobotsOnBlackSite,numberOfRobotsOnWhiteSite
15143,25,18
timeStep,numberOfRobotsOnBlackSite,numberOfRobotsOnWhiteSite
15144,25,18
timeStep,numberOfRobotsOnBlackSite,numberOfRobotsOnWhiteSite
15145,25,18
timeStep,numberOfRobotsOnBlackSite,numberOfRobotsOnWhiteSite
15146,25,18
timeStep,numberOfRobotsOnBlackSite,numberOfRobotsOnWhiteSite
15147,25,18
timeStep,numberOfRobotsOnBlackSite,numberOfRobotsOnWhiteSite
15148,25,18
timeStep,numberOfRobotsOnBlackSite,numberOfRobotsOnWhiteSite
15149,25,18
timeStep,numberOfRobotsOnBlackSite,numberOfRobotsOnWhiteSite
15150,25,18
timeStep,numberOfRobotsOnBlackSite,numberOfRobotsOnWhiteSite
15151,25,18
timeStep,numberOfRobotsOnBlackSite,numberOfRobotsOnWhiteSite
15152,25,18
timeStep,numberOfRobotsOnBlackSite,numberOfRobotsOnWhiteSite
15153,25,18
timeStep,numberOfRobotsOnBlackSite,numberOfRobotsOnWhiteSite
15154,25,18
timeStep,numberOfRobotsOnBlackSite,numberOfRobotsOnWhiteSite
15155,25,18
timeStep,numberOfRobotsOnBlackSite,numberOfRobotsOnWhiteSite
15156,25,18
timeStep,numberOfRobotsOnBlackSite,numberOfRobotsOnWhiteSite
15157,25,18
timeStep,numberOfRobotsOnBlackSite,numberOfRobotsOnWhiteSite
15158,25,18
timeStep,numberOfRobotsOnBlackSite,numberOfRobotsOnWhiteSite
15159,25,18
timeStep,numberOfRobotsOnBlackSite,numberOfRobotsOnWhiteSite
15160,25,18
timeStep,numberOfRobotsOnBlackSite,numberOfRobotsOnWhiteSite
15161,25,18
timeStep,numberOfRobotsOnBlackSite,numberOfRobotsOnWhiteSite
15162,25,18
timeStep,numberOfRobotsOnBlackSite,numberOfRobotsOnWhiteSite
15163,25,18
timeStep,numberOfRobotsOnBlackSite,numberOfRobotsOnWhiteSite
15164,25,18
timeStep,numberOfRobotsOnBlackSite,numberOfRobotsOnWhiteSite
15165,25,18
timeStep,numberOfRobotsOnBlackSite,numberOfRobotsOnWhiteSite
15166,25,18
timeStep,numberOfRobotsOnBlackSite,numberOfRobotsOnWhiteSite
15167,25,18
timeStep,numberOfRobotsOnBlackSite,numberOfRobotsOnWhiteSite
15168,25,18
timeStep,numberOfRobotsOnBlackSite,numberOfRobotsOnWhiteSite
15169,25,18
timeStep,numberOfRobotsOnBlackSite,numberOfRobotsOnWhiteSite
15170,25,18
timeStep,numberOfRobotsOnBlackSite,numberOfRobotsOnWhiteSite
15171,25,18
timeStep,numberOfRobotsOnBlackSite,numberOfRobotsOnWhiteSite
15172,25,18
timeStep,numberOfRobotsOnBlackSite,numberOfRobotsOnWhiteSite
15173,25,18
timeStep,numberOfRobotsOnBlackSite,numberOfRobotsOnWhiteSite
15174,25,18
timeStep,numberOfRobotsOnBlackSite,numberOfRobotsOnWhiteSite
15175,25,18
timeStep,numberOfRobotsOnBlackSite,numberOfRobotsOnWhiteSite
15176,25,18
timeStep,numberOfRobotsOnBlackSite,numberOfRobotsOnWhiteSite
15177,25,18
timeStep,numberOfRobotsOnBlackSite,numberOfRobotsOnWhiteSite
15178,25,18
timeStep,numberOfRobotsOnBlackSite,numberOfRobotsOnWhiteSite
15179,25,18
timeStep,numberOfRobotsOnBlackSite,numberOfRobotsOnWhiteSite
15180,25,18
timeStep,numberOfRobotsOnBlackSite,numberOfRobotsOnWhiteSite
15181,25,18
timeStep,numberOfRobotsOnBlackSite,numberOfRobotsOnWhiteSite
15182,25,18
timeStep,numberOfRobotsOnBlackSite,numberOfRobotsOnWhiteSite
15183,25,18
timeStep,numberOfRobotsOnBlackSite,numberOfRobotsOnWhiteSite
15184,25,18
timeStep,numberOfRobotsOnBlackSite,numberOfRobotsOnWhiteSite
15185,25,18
timeStep,numberOfRobotsOnBlackSite,numberOfRobotsOnWhiteSite
15186,25,18
timeStep,numberOfRobotsOnBlackSite,numberOfRobotsOnWhiteSite
15187,25,18
timeStep,numberOfRobotsOnBlackSite,numberOfRobotsOnWhiteSite
15188,25,18
timeStep,numberOfRobotsOnBlackSite,numberOfRobotsOnWhiteSite
15189,25,18
timeStep,numberOfRobotsOnBlackSite,numberOfRobotsOnWhiteSite
15190,25,18
timeStep,numberOfRobotsOnBlackSite,numberOfRobotsOnWhiteSite
15191,25,18
timeStep,numberOfRobotsOnBlackSite,numberOfRobotsOnWhiteSite
15192,25,18
timeStep,numberOfRobotsOnBlackSite,numberOfRobotsOnWhiteSite
15193,25,18
timeStep,numberOfRobotsOnBlackSite,numberOfRobotsOnWhiteSite
15194,25,18
timeStep,numberOfRobotsOnBlackSite,numberOfRobotsOnWhiteSite
15195,25,18
timeStep,numberOfRobotsOnBlackSite,numberOfRobotsOnWhiteSite
15196,25,18
timeStep,numberOfRobotsOnBlackSite,numberOfRobotsOnWhiteSite
15197,25,18
timeStep,numberOfRobotsOnBlackSite,numberOfRobotsOnWhiteSite
15198,25,18
timeStep,numberOfRobotsOnBlackSite,numberOfRobotsOnWhiteSite
15199,25,18
timeStep,numberOfRobotsOnBlackSite,numberOfRobotsOnWhiteSite
15200,25,18
timeStep,numberOfRobotsOnBlackSite,numberOfRobotsOnWhiteSite
15201,25,18
timeStep,numberOfRobotsOnBlackSite,numberOfRobotsOnWhiteSite
15202,25,18
timeStep,numberOfRobotsOnBlackSite,numberOfRobotsOnWhiteSite
15203,25,18
timeStep,numberOfRobotsOnBlackSite,numberOfRobotsOnWhiteSite
15204,25,18
timeStep,numberOfRobotsOnBlackSite,numberOfRobotsOnWhiteSite
15205,26,18
timeStep,numberOfRobotsOnBlackSite,numberOfRobotsOnWhiteSite
15206,26,18
timeStep,numberOfRobotsOnBlackSite,numberOfRobotsOnWhiteSite
15207,26,18
timeStep,numberOfRobotsOnBlackSite,numberOfRobotsOnWhiteSite
15208,26,18
timeStep,numberOfRobotsOnBlackSite,numberOfRobotsOnWhiteSite
15209,26,18
timeStep,numberOfRobotsOnBlackSite,numberOfRobotsOnWhiteSite
15210,26,18
timeStep,numberOfRobotsOnBlackSite,numberOfRobotsOnWhiteSite
15211,26,18
timeStep,numberOfRobotsOnBlackSite,numberOfRobotsOnWhiteSite
15212,26,18
timeStep,numberOfRobotsOnBlackSite,numberOfRobotsOnWhiteSite
15213,26,18
timeStep,numberOfRobotsOnBlackSite,numberOfRobotsOnWhiteSite
15214,26,18
timeStep,numberOfRobotsOnBlackSite,numberOfRobotsOnWhiteSite
15215,26,18
timeStep,numberOfRobotsOnBlackSite,numberOfRobotsOnWhiteSite
15216,26,18
timeStep,numberOfRobotsOnBlackSite,numberOfRobotsOnWhiteSite
15217,26,18
timeStep,numberOfRobotsOnBlackSite,numberOfRobotsOnWhiteSite
15218,26,18
timeStep,numberOfRobotsOnBlackSite,numberOfRobotsOnWhiteSite
15219,26,18
timeStep,numberOfRobotsOnBlackSite,numberOfRobotsOnWhiteSite
15220,26,18
timeStep,numberOfRobotsOnBlackSite,numberOfRobotsOnWhiteSite
15221,26,18
timeStep,numberOfRobotsOnBlackSite,numberOfRobotsOnWhiteSite
15222,26,18
timeStep,numberOfRobotsOnBlackSite,numberOfRobotsOnWhiteSite
15223,26,18
timeStep,numberOfRobotsOnBlackSite,numberOfRobotsOnWhiteSite
15224,26,18
timeStep,numberOfRobotsOnBlackSite,numberOfRobotsOnWhiteSite
15225,26,18
timeStep,numberOfRobotsOnBlackSite,numberOfRobotsOnWhiteSite
15226,26,18
timeStep,numberOfRobotsOnBlackSite,numberOfRobotsOnWhiteSite
15227,26,18
timeStep,numberOfRobotsOnBlackSite,numberOfRobotsOnWhiteSite
15228,26,18
timeStep,numberOfRobotsOnBlackSite,numberOfRobotsOnWhiteSite
15229,26,18
timeStep,numberOfRobotsOnBlackSite,numberOfRobotsOnWhiteSite
15230,26,18
timeStep,numberOfRobotsOnBlackSite,numberOfRobotsOnWhiteSite
15231,26,18
timeStep,numberOfRobotsOnBlackSite,numberOfRobotsOnWhiteSite
15232,26,18
timeStep,numberOfRobotsOnBlackSite,numberOfRobotsOnWhiteSite
15233,26,18
timeStep,numberOfRobotsOnBlackSite,numberOfRobotsOnWhiteSite
15234,26,18
timeStep,numberOfRobotsOnBlackSite,numberOfRobotsOnWhiteSite
15235,26,18
timeStep,numberOfRobotsOnBlackSite,numberOfRobotsOnWhiteSite
15236,26,18
timeStep,numberOfRobotsOnBlackSite,numberOfRobotsOnWhiteSite
15237,26,18
timeStep,numberOfRobotsOnBlackSite,numberOfRobotsOnWhiteSite
15238,26,18
timeStep,numberOfRobotsOnBlackSite,numberOfRobotsOnWhiteSite
15239,26,18
timeStep,numberOfRobotsOnBlackSite,numberOfRobotsOnWhiteSite
15240,26,18
timeStep,numberOfRobotsOnBlackSite,numberOfRobotsOnWhiteSite
15241,26,18
timeStep,numberOfRobotsOnBlackSite,numberOfRobotsOnWhiteSite
15242,26,18
timeStep,numberOfRobotsOnBlackSite,numberOfRobotsOnWhiteSite
15243,26,18
timeStep,numberOfRobotsOnBlackSite,numberOfRobotsOnWhiteSite
15244,26,18
timeStep,numberOfRobotsOnBlackSite,numberOfRobotsOnWhiteSite
15245,26,18
timeStep,numberOfRobotsOnBlackSite,numberOfRobotsOnWhiteSite
15246,26,18
timeStep,numberOfRobotsOnBlackSite,numberOfRobotsOnWhiteSite
15247,26,18
timeStep,numberOfRobotsOnBlackSite,numberOfRobotsOnWhiteSite
15248,26,18
timeStep,numberOfRobotsOnBlackSite,numberOfRobotsOnWhiteSite
15249,26,18
timeStep,numberOfRobotsOnBlackSite,numberOfRobotsOnWhiteSite
15250,25,18
timeStep,numberOfRobotsOnBlackSite,numberOfRobotsOnWhiteSite
15251,25,18
timeStep,numberOfRobotsOnBlackSite,numberOfRobotsOnWhiteSite
15252,25,18
timeStep,numberOfRobotsOnBlackSite,numberOfRobotsOnWhiteSite
15253,25,18
timeStep,numberOfRobotsOnBlackSite,numberOfRobotsOnWhiteSite
15254,25,18
timeStep,numberOfRobotsOnBlackSite,numberOfRobotsOnWhiteSite
15255,25,18
timeStep,numberOfRobotsOnBlackSite,numberOfRobotsOnWhiteSite
15256,25,18
timeStep,numberOfRobotsOnBlackSite,numberOfRobotsOnWhiteSite
15257,25,18
timeStep,numberOfRobotsOnBlackSite,numberOfRobotsOnWhiteSite
15258,25,18
timeStep,numberOfRobotsOnBlackSite,numberOfRobotsOnWhiteSite
15259,25,18
timeStep,numberOfRobotsOnBlackSite,numberOfRobotsOnWhiteSite
15260,26,18
timeStep,numberOfRobotsOnBlackSite,numberOfRobotsOnWhiteSite
15261,26,18
timeStep,numberOfRobotsOnBlackSite,numberOfRobotsOnWhiteSite
15262,26,18
timeStep,numberOfRobotsOnBlackSite,numberOfRobotsOnWhiteSite
15263,26,18
timeStep,numberOfRobotsOnBlackSite,numberOfRobotsOnWhiteSite
15264,26,18
timeStep,numberOfRobotsOnBlackSite,numberOfRobotsOnWhiteSite
15265,26,18
timeStep,numberOfRobotsOnBlackSite,numberOfRobotsOnWhiteSite
15266,26,18
timeStep,numberOfRobotsOnBlackSite,numberOfRobotsOnWhiteSite
15267,26,18
timeStep,numberOfRobotsOnBlackSite,numberOfRobotsOnWhiteSite
15268,26,18
timeStep,numberOfRobotsOnBlackSite,numberOfRobotsOnWhiteSite
15269,26,18
timeStep,numberOfRobotsOnBlackSite,numberOfRobotsOnWhiteSite
15270,26,18
timeStep,numberOfRobotsOnBlackSite,numberOfRobotsOnWhiteSite
15271,26,18
timeStep,numberOfRobotsOnBlackSite,numberOfRobotsOnWhiteSite
15272,26,18
timeStep,numberOfRobotsOnBlackSite,numberOfRobotsOnWhiteSite
15273,26,18
timeStep,numberOfRobotsOnBlackSite,numberOfRobotsOnWhiteSite
15274,26,18
timeStep,numberOfRobotsOnBlackSite,numberOfRobotsOnWhiteSite
15275,26,18
timeStep,numberOfRobotsOnBlackSite,numberOfRobotsOnWhiteSite
15276,26,18
timeStep,numberOfRobotsOnBlackSite,numberOfRobotsOnWhiteSite
15277,26,18
timeStep,numberOfRobotsOnBlackSite,numberOfRobotsOnWhiteSite
15278,26,18
timeStep,numberOfRobotsOnBlackSite,numberOfRobotsOnWhiteSite
15279,26,18
timeStep,numberOfRobotsOnBlackSite,numberOfRobotsOnWhiteSite
15280,26,18
timeStep,numberOfRobotsOnBlackSite,numberOfRobotsOnWhiteSite
15281,26,18
timeStep,numberOfRobotsOnBlackSite,numberOfRobotsOnWhiteSite
15282,26,18
timeStep,numberOfRobotsOnBlackSite,numberOfRobotsOnWhiteSite
15283,26,18
timeStep,numberOfRobotsOnBlackSite,numberOfRobotsOnWhiteSite
15284,26,18
timeStep,numberOfRobotsOnBlackSite,numberOfRobotsOnWhiteSite
15285,26,18
timeStep,numberOfRobotsOnBlackSite,numberOfRobotsOnWhiteSite
15286,26,18
timeStep,numberOfRobotsOnBlackSite,numberOfRobotsOnWhiteSite
15287,26,18
timeStep,numberOfRobotsOnBlackSite,numberOfRobotsOnWhiteSite
15288,26,18
timeStep,numberOfRobotsOnBlackSite,numberOfRobotsOnWhiteSite
15289,26,18
timeStep,numberOfRobotsOnBlackSite,numberOfRobotsOnWhiteSite
15290,26,18
timeStep,numberOfRobotsOnBlackSite,numberOfRobotsOnWhiteSite
15291,26,18
timeStep,numberOfRobotsOnBlackSite,numberOfRobotsOnWhiteSite
15292,26,18
timeStep,numberOfRobotsOnBlackSite,numberOfRobotsOnWhiteSite
15293,26,18
timeStep,numberOfRobotsOnBlackSite,numberOfRobotsOnWhiteSite
15294,26,18
timeStep,numberOfRobotsOnBlackSite,numberOfRobotsOnWhiteSite
15295,26,18
timeStep,numberOfRobotsOnBlackSite,numberOfRobotsOnWhiteSite
15296,26,18
timeStep,numberOfRobotsOnBlackSite,numberOfRobotsOnWhiteSite
15297,26,18
timeStep,numberOfRobotsOnBlackSite,numberOfRobotsOnWhiteSite
15298,26,18
timeStep,numberOfRobotsOnBlackSite,numberOfRobotsOnWhiteSite
15299,26,18
timeStep,numberOfRobotsOnBlackSite,numberOfRobotsOnWhiteSite
15300,26,18
timeStep,numberOfRobotsOnBlackSite,numberOfRobotsOnWhiteSite
15301,26,18
timeStep,numberOfRobotsOnBlackSite,numberOfRobotsOnWhiteSite
15302,26,18
timeStep,numberOfRobotsOnBlackSite,numberOfRobotsOnWhiteSite
15303,26,18
timeStep,numberOfRobotsOnBlackSite,numberOfRobotsOnWhiteSite
15304,26,18
timeStep,numberOfRobotsOnBlackSite,numberOfRobotsOnWhiteSite
15305,25,18
timeStep,numberOfRobotsOnBlackSite,numberOfRobotsOnWhiteSite
15306,25,18
timeStep,numberOfRobotsOnBlackSite,numberOfRobotsOnWhiteSite
15307,25,18
timeStep,numberOfRobotsOnBlackSite,numberOfRobotsOnWhiteSite
15308,25,18
timeStep,numberOfRobotsOnBlackSite,numberOfRobotsOnWhiteSite
15309,25,18
timeStep,numberOfRobotsOnBlackSite,numberOfRobotsOnWhiteSite
15310,25,18
timeStep,numberOfRobotsOnBlackSite,numberOfRobotsOnWhiteSite
15311,25,18
timeStep,numberOfRobotsOnBlackSite,numberOfRobotsOnWhiteSite
15312,25,18
timeStep,numberOfRobotsOnBlackSite,numberOfRobotsOnWhiteSite
15313,25,18
timeStep,numberOfRobotsOnBlackSite,numberOfRobotsOnWhiteSite
15314,25,18
timeStep,numberOfRobotsOnBlackSite,numberOfRobotsOnWhiteSite
15315,25,18
timeStep,numberOfRobotsOnBlackSite,numberOfRobotsOnWhiteSite
15316,25,18
timeStep,numberOfRobotsOnBlackSite,numberOfRobotsOnWhiteSite
15317,25,18
timeStep,numberOfRobotsOnBlackSite,numberOfRobotsOnWhiteSite
15318,25,18
timeStep,numberOfRobotsOnBlackSite,numberOfRobotsOnWhiteSite
15319,25,18
timeStep,numberOfRobotsOnBlackSite,numberOfRobotsOnWhiteSite
15320,25,18
timeStep,numberOfRobotsOnBlackSite,numberOfRobotsOnWhiteSite
15321,25,18
timeStep,numberOfRobotsOnBlackSite,numberOfRobotsOnWhiteSite
15322,25,18
timeStep,numberOfRobotsOnBlackSite,numberOfRobotsOnWhiteSite
15323,25,18
timeStep,numberOfRobotsOnBlackSite,numberOfRobotsOnWhiteSite
15324,25,18
timeStep,numberOfRobotsOnBlackSite,numberOfRobotsOnWhiteSite
15325,25,18
timeStep,numberOfRobotsOnBlackSite,numberOfRobotsOnWhiteSite
15326,25,18
timeStep,numberOfRobotsOnBlackSite,numberOfRobotsOnWhiteSite
15327,25,18
timeStep,numberOfRobotsOnBlackSite,numberOfRobotsOnWhiteSite
15328,25,18
timeStep,numberOfRobotsOnBlackSite,numberOfRobotsOnWhiteSite
15329,25,18
timeStep,numberOfRobotsOnBlackSite,numberOfRobotsOnWhiteSite
15330,25,18
timeStep,numberOfRobotsOnBlackSite,numberOfRobotsOnWhiteSite
15331,25,18
timeStep,numberOfRobotsOnBlackSite,numberOfRobotsOnWhiteSite
15332,25,18
timeStep,numberOfRobotsOnBlackSite,numberOfRobotsOnWhiteSite
15333,25,18
timeStep,numberOfRobotsOnBlackSite,numberOfRobotsOnWhiteSite
15334,25,18
timeStep,numberOfRobotsOnBlackSite,numberOfRobotsOnWhiteSite
15335,25,18
timeStep,numberOfRobotsOnBlackSite,numberOfRobotsOnWhiteSite
15336,25,18
timeStep,numberOfRobotsOnBlackSite,numberOfRobotsOnWhiteSite
15337,25,18
timeStep,numberOfRobotsOnBlackSite,numberOfRobotsOnWhiteSite
15338,25,18
timeStep,numberOfRobotsOnBlackSite,numberOfRobotsOnWhiteSite
15339,25,18
timeStep,numberOfRobotsOnBlackSite,numberOfRobotsOnWhiteSite
15340,25,18
timeStep,numberOfRobotsOnBlackSite,numberOfRobotsOnWhiteSite
15341,25,18
timeStep,numberOfRobotsOnBlackSite,numberOfRobotsOnWhiteSite
15342,25,18
timeStep,numberOfRobotsOnBlackSite,numberOfRobotsOnWhiteSite
15343,25,18
timeStep,numberOfRobotsOnBlackSite,numberOfRobotsOnWhiteSite
15344,25,18
timeStep,numberOfRobotsOnBlackSite,numberOfRobotsOnWhiteSite
15345,25,18
timeStep,numberOfRobotsOnBlackSite,numberOfRobotsOnWhiteSite
15346,25,18
timeStep,numberOfRobotsOnBlackSite,numberOfRobotsOnWhiteSite
15347,25,18
timeStep,numberOfRobotsOnBlackSite,numberOfRobotsOnWhiteSite
15348,25,18
timeStep,numberOfRobotsOnBlackSite,numberOfRobotsOnWhiteSite
15349,25,18
timeStep,numberOfRobotsOnBlackSite,numberOfRobotsOnWhiteSite
15350,25,18
timeStep,numberOfRobotsOnBlackSite,numberOfRobotsOnWhiteSite
15351,25,18
timeStep,numberOfRobotsOnBlackSite,numberOfRobotsOnWhiteSite
15352,25,18
timeStep,numberOfRobotsOnBlackSite,numberOfRobotsOnWhiteSite
15353,25,18
timeStep,numberOfRobotsOnBlackSite,numberOfRobotsOnWhiteSite
15354,25,18
timeStep,numberOfRobotsOnBlackSite,numberOfRobotsOnWhiteSite
15355,25,18
timeStep,numberOfRobotsOnBlackSite,numberOfRobotsOnWhiteSite
15356,25,18
timeStep,numberOfRobotsOnBlackSite,numberOfRobotsOnWhiteSite
15357,25,18
timeStep,numberOfRobotsOnBlackSite,numberOfRobotsOnWhiteSite
15358,25,18
timeStep,numberOfRobotsOnBlackSite,numberOfRobotsOnWhiteSite
15359,25,18
timeStep,numberOfRobotsOnBlackSite,numberOfRobotsOnWhiteSite
15360,25,18
timeStep,numberOfRobotsOnBlackSite,numberOfRobotsOnWhiteSite
15361,25,18
timeStep,numberOfRobotsOnBlackSite,numberOfRobotsOnWhiteSite
15362,25,18
timeStep,numberOfRobotsOnBlackSite,numberOfRobotsOnWhiteSite
15363,25,18
timeStep,numberOfRobotsOnBlackSite,numberOfRobotsOnWhiteSite
15364,25,18
timeStep,numberOfRobotsOnBlackSite,numberOfRobotsOnWhiteSite
15365,25,18
timeStep,numberOfRobotsOnBlackSite,numberOfRobotsOnWhiteSite
15366,25,18
timeStep,numberOfRobotsOnBlackSite,numberOfRobotsOnWhiteSite
15367,25,18
timeStep,numberOfRobotsOnBlackSite,numberOfRobotsOnWhiteSite
15368,25,18
timeStep,numberOfRobotsOnBlackSite,numberOfRobotsOnWhiteSite
15369,25,18
timeStep,numberOfRobotsOnBlackSite,numberOfRobotsOnWhiteSite
15370,25,18
timeStep,numberOfRobotsOnBlackSite,numberOfRobotsOnWhiteSite
15371,25,18
timeStep,numberOfRobotsOnBlackSite,numberOfRobotsOnWhiteSite
15372,25,18
timeStep,numberOfRobotsOnBlackSite,numberOfRobotsOnWhiteSite
15373,25,18
timeStep,numberOfRobotsOnBlackSite,numberOfRobotsOnWhiteSite
15374,25,18
timeStep,numberOfRobotsOnBlackSite,numberOfRobotsOnWhiteSite
15375,25,18
timeStep,numberOfRobotsOnBlackSite,numberOfRobotsOnWhiteSite
15376,25,18
timeStep,numberOfRobotsOnBlackSite,numberOfRobotsOnWhiteSite
15377,25,18
timeStep,numberOfRobotsOnBlackSite,numberOfRobotsOnWhiteSite
15378,25,18
timeStep,numberOfRobotsOnBlackSite,numberOfRobotsOnWhiteSite
15379,25,18
timeStep,numberOfRobotsOnBlackSite,numberOfRobotsOnWhiteSite
15380,25,18
timeStep,numberOfRobotsOnBlackSite,numberOfRobotsOnWhiteSite
15381,25,18
timeStep,numberOfRobotsOnBlackSite,numberOfRobotsOnWhiteSite
15382,25,18
timeStep,numberOfRobotsOnBlackSite,numberOfRobotsOnWhiteSite
15383,25,18
timeStep,numberOfRobotsOnBlackSite,numberOfRobotsOnWhiteSite
15384,25,18
timeStep,numberOfRobotsOnBlackSite,numberOfRobotsOnWhiteSite
15385,25,18
timeStep,numberOfRobotsOnBlackSite,numberOfRobotsOnWhiteSite
15386,25,18
timeStep,numberOfRobotsOnBlackSite,numberOfRobotsOnWhiteSite
15387,25,18
timeStep,numberOfRobotsOnBlackSite,numberOfRobotsOnWhiteSite
15388,25,18
timeStep,numberOfRobotsOnBlackSite,numberOfRobotsOnWhiteSite
15389,25,18
timeStep,numberOfRobotsOnBlackSite,numberOfRobotsOnWhiteSite
15390,25,18
timeStep,numberOfRobotsOnBlackSite,numberOfRobotsOnWhiteSite
15391,25,18
timeStep,numberOfRobotsOnBlackSite,numberOfRobotsOnWhiteSite
15392,25,18
timeStep,numberOfRobotsOnBlackSite,numberOfRobotsOnWhiteSite
15393,25,18
timeStep,numberOfRobotsOnBlackSite,numberOfRobotsOnWhiteSite
15394,25,18
timeStep,numberOfRobotsOnBlackSite,numberOfRobotsOnWhiteSite
15395,24,18
timeStep,numberOfRobotsOnBlackSite,numberOfRobotsOnWhiteSite
15396,24,18
timeStep,numberOfRobotsOnBlackSite,numberOfRobotsOnWhiteSite
15397,24,18
timeStep,numberOfRobotsOnBlackSite,numberOfRobotsOnWhiteSite
15398,24,18
timeStep,numberOfRobotsOnBlackSite,numberOfRobotsOnWhiteSite
15399,24,18
timeStep,numberOfRobotsOnBlackSite,numberOfRobotsOnWhiteSite
15400,24,18
timeStep,numberOfRobotsOnBlackSite,numberOfRobotsOnWhiteSite
15401,24,18
timeStep,numberOfRobotsOnBlackSite,numberOfRobotsOnWhiteSite
15402,24,18
timeStep,numberOfRobotsOnBlackSite,numberOfRobotsOnWhiteSite
15403,24,18
timeStep,numberOfRobotsOnBlackSite,numberOfRobotsOnWhiteSite
15404,24,18
timeStep,numberOfRobotsOnBlackSite,numberOfRobotsOnWhiteSite
15405,24,18
timeStep,numberOfRobotsOnBlackSite,numberOfRobotsOnWhiteSite
15406,24,18
timeStep,numberOfRobotsOnBlackSite,numberOfRobotsOnWhiteSite
15407,24,18
timeStep,numberOfRobotsOnBlackSite,numberOfRobotsOnWhiteSite
15408,24,18
timeStep,numberOfRobotsOnBlackSite,numberOfRobotsOnWhiteSite
15409,24,18
timeStep,numberOfRobotsOnBlackSite,numberOfRobotsOnWhiteSite
15410,24,18
timeStep,numberOfRobotsOnBlackSite,numberOfRobotsOnWhiteSite
15411,24,18
timeStep,numberOfRobotsOnBlackSite,numberOfRobotsOnWhiteSite
15412,24,18
timeStep,numberOfRobotsOnBlackSite,numberOfRobotsOnWhiteSite
15413,24,18
timeStep,numberOfRobotsOnBlackSite,numberOfRobotsOnWhiteSite
15414,24,18
timeStep,numberOfRobotsOnBlackSite,numberOfRobotsOnWhiteSite
15415,25,18
timeStep,numberOfRobotsOnBlackSite,numberOfRobotsOnWhiteSite
15416,25,18
timeStep,numberOfRobotsOnBlackSite,numberOfRobotsOnWhiteSite
15417,25,18
timeStep,numberOfRobotsOnBlackSite,numberOfRobotsOnWhiteSite
15418,25,18
timeStep,numberOfRobotsOnBlackSite,numberOfRobotsOnWhiteSite
15419,25,18
timeStep,numberOfRobotsOnBlackSite,numberOfRobotsOnWhiteSite
15420,25,18
timeStep,numberOfRobotsOnBlackSite,numberOfRobotsOnWhiteSite
15421,25,18
timeStep,numberOfRobotsOnBlackSite,numberOfRobotsOnWhiteSite
15422,25,18
timeStep,numberOfRobotsOnBlackSite,numberOfRobotsOnWhiteSite
15423,25,18
timeStep,numberOfRobotsOnBlackSite,numberOfRobotsOnWhiteSite
15424,25,18
timeStep,numberOfRobotsOnBlackSite,numberOfRobotsOnWhiteSite
15425,25,18
timeStep,numberOfRobotsOnBlackSite,numberOfRobotsOnWhiteSite
15426,25,18
timeStep,numberOfRobotsOnBlackSite,numberOfRobotsOnWhiteSite
15427,25,18
timeStep,numberOfRobotsOnBlackSite,numberOfRobotsOnWhiteSite
15428,25,18
timeStep,numberOfRobotsOnBlackSite,numberOfRobotsOnWhiteSite
15429,25,18
timeStep,numberOfRobotsOnBlackSite,numberOfRobotsOnWhiteSite
15430,25,18
timeStep,numberOfRobotsOnBlackSite,numberOfRobotsOnWhiteSite
15431,25,18
timeStep,numberOfRobotsOnBlackSite,numberOfRobotsOnWhiteSite
15432,25,18
timeStep,numberOfRobotsOnBlackSite,numberOfRobotsOnWhiteSite
15433,25,18
timeStep,numberOfRobotsOnBlackSite,numberOfRobotsOnWhiteSite
15434,25,18
timeStep,numberOfRobotsOnBlackSite,numberOfRobotsOnWhiteSite
15435,25,18
timeStep,numberOfRobotsOnBlackSite,numberOfRobotsOnWhiteSite
15436,25,18
timeStep,numberOfRobotsOnBlackSite,numberOfRobotsOnWhiteSite
15437,25,18
timeStep,numberOfRobotsOnBlackSite,numberOfRobotsOnWhiteSite
15438,25,18
timeStep,numberOfRobotsOnBlackSite,numberOfRobotsOnWhiteSite
15439,25,18
timeStep,numberOfRobotsOnBlackSite,numberOfRobotsOnWhiteSite
15440,25,18
timeStep,numberOfRobotsOnBlackSite,numberOfRobotsOnWhiteSite
15441,25,18
timeStep,numberOfRobotsOnBlackSite,numberOfRobotsOnWhiteSite
15442,25,18
timeStep,numberOfRobotsOnBlackSite,numberOfRobotsOnWhiteSite
15443,25,18
timeStep,numberOfRobotsOnBlackSite,numberOfRobotsOnWhiteSite
15444,25,18
timeStep,numberOfRobotsOnBlackSite,numberOfRobotsOnWhiteSite
15445,25,18
timeStep,numberOfRobotsOnBlackSite,numberOfRobotsOnWhiteSite
15446,25,18
timeStep,numberOfRobotsOnBlackSite,numberOfRobotsOnWhiteSite
15447,25,18
timeStep,numberOfRobotsOnBlackSite,numberOfRobotsOnWhiteSite
15448,25,18
timeStep,numberOfRobotsOnBlackSite,numberOfRobotsOnWhiteSite
15449,25,18
timeStep,numberOfRobotsOnBlackSite,numberOfRobotsOnWhiteSite
15450,25,18
timeStep,numberOfRobotsOnBlackSite,numberOfRobotsOnWhiteSite
15451,25,18
timeStep,numberOfRobotsOnBlackSite,numberOfRobotsOnWhiteSite
15452,25,18
timeStep,numberOfRobotsOnBlackSite,numberOfRobotsOnWhiteSite
15453,25,18
timeStep,numberOfRobotsOnBlackSite,numberOfRobotsOnWhiteSite
15454,25,18
timeStep,numberOfRobotsOnBlackSite,numberOfRobotsOnWhiteSite
15455,25,18
timeStep,numberOfRobotsOnBlackSite,numberOfRobotsOnWhiteSite
15456,25,18
timeStep,numberOfRobotsOnBlackSite,numberOfRobotsOnWhiteSite
15457,25,18
timeStep,numberOfRobotsOnBlackSite,numberOfRobotsOnWhiteSite
15458,25,18
timeStep,numberOfRobotsOnBlackSite,numberOfRobotsOnWhiteSite
15459,25,18
timeStep,numberOfRobotsOnBlackSite,numberOfRobotsOnWhiteSite
15460,25,18
timeStep,numberOfRobotsOnBlackSite,numberOfRobotsOnWhiteSite
15461,25,18
timeStep,numberOfRobotsOnBlackSite,numberOfRobotsOnWhiteSite
15462,25,18
timeStep,numberOfRobotsOnBlackSite,numberOfRobotsOnWhiteSite
15463,25,18
timeStep,numberOfRobotsOnBlackSite,numberOfRobotsOnWhiteSite
15464,25,18
timeStep,numberOfRobotsOnBlackSite,numberOfRobotsOnWhiteSite
15465,25,18
timeStep,numberOfRobotsOnBlackSite,numberOfRobotsOnWhiteSite
15466,25,18
timeStep,numberOfRobotsOnBlackSite,numberOfRobotsOnWhiteSite
15467,25,18
timeStep,numberOfRobotsOnBlackSite,numberOfRobotsOnWhiteSite
15468,25,18
timeStep,numberOfRobotsOnBlackSite,numberOfRobotsOnWhiteSite
15469,25,18
timeStep,numberOfRobotsOnBlackSite,numberOfRobotsOnWhiteSite
15470,25,18
timeStep,numberOfRobotsOnBlackSite,numberOfRobotsOnWhiteSite
15471,25,18
timeStep,numberOfRobotsOnBlackSite,numberOfRobotsOnWhiteSite
15472,25,18
timeStep,numberOfRobotsOnBlackSite,numberOfRobotsOnWhiteSite
15473,25,18
timeStep,numberOfRobotsOnBlackSite,numberOfRobotsOnWhiteSite
15474,25,18
timeStep,numberOfRobotsOnBlackSite,numberOfRobotsOnWhiteSite
15475,25,18
timeStep,numberOfRobotsOnBlackSite,numberOfRobotsOnWhiteSite
15476,25,18
timeStep,numberOfRobotsOnBlackSite,numberOfRobotsOnWhiteSite
15477,25,18
timeStep,numberOfRobotsOnBlackSite,numberOfRobotsOnWhiteSite
15478,25,18
timeStep,numberOfRobotsOnBlackSite,numberOfRobotsOnWhiteSite
15479,25,18
timeStep,numberOfRobotsOnBlackSite,numberOfRobotsOnWhiteSite
15480,25,18
timeStep,numberOfRobotsOnBlackSite,numberOfRobotsOnWhiteSite
15481,25,18
timeStep,numberOfRobotsOnBlackSite,numberOfRobotsOnWhiteSite
15482,25,18
timeStep,numberOfRobotsOnBlackSite,numberOfRobotsOnWhiteSite
15483,25,18
timeStep,numberOfRobotsOnBlackSite,numberOfRobotsOnWhiteSite
15484,25,18
timeStep,numberOfRobotsOnBlackSite,numberOfRobotsOnWhiteSite
15485,25,18
timeStep,numberOfRobotsOnBlackSite,numberOfRobotsOnWhiteSite
15486,25,18
timeStep,numberOfRobotsOnBlackSite,numberOfRobotsOnWhiteSite
15487,25,18
timeStep,numberOfRobotsOnBlackSite,numberOfRobotsOnWhiteSite
15488,25,18
timeStep,numberOfRobotsOnBlackSite,numberOfRobotsOnWhiteSite
15489,25,18
timeStep,numberOfRobotsOnBlackSite,numberOfRobotsOnWhiteSite
15490,25,18
timeStep,numberOfRobotsOnBlackSite,numberOfRobotsOnWhiteSite
15491,25,18
timeStep,numberOfRobotsOnBlackSite,numberOfRobotsOnWhiteSite
15492,25,18
timeStep,numberOfRobotsOnBlackSite,numberOfRobotsOnWhiteSite
15493,25,18
timeStep,numberOfRobotsOnBlackSite,numberOfRobotsOnWhiteSite
15494,25,18
timeStep,numberOfRobotsOnBlackSite,numberOfRobotsOnWhiteSite
15495,25,18
timeStep,numberOfRobotsOnBlackSite,numberOfRobotsOnWhiteSite
15496,25,18
timeStep,numberOfRobotsOnBlackSite,numberOfRobotsOnWhiteSite
15497,25,18
timeStep,numberOfRobotsOnBlackSite,numberOfRobotsOnWhiteSite
15498,25,18
timeStep,numberOfRobotsOnBlackSite,numberOfRobotsOnWhiteSite
15499,25,18
timeStep,numberOfRobotsOnBlackSite,numberOfRobotsOnWhiteSite
15500,25,18
timeStep,numberOfRobotsOnBlackSite,numberOfRobotsOnWhiteSite
15501,25,18
timeStep,numberOfRobotsOnBlackSite,numberOfRobotsOnWhiteSite
15502,25,18
timeStep,numberOfRobotsOnBlackSite,numberOfRobotsOnWhiteSite
15503,25,18
timeStep,numberOfRobotsOnBlackSite,numberOfRobotsOnWhiteSite
15504,25,18
timeStep,numberOfRobotsOnBlackSite,numberOfRobotsOnWhiteSite
15505,25,18
timeStep,numberOfRobotsOnBlackSite,numberOfRobotsOnWhiteSite
15506,25,18
timeStep,numberOfRobotsOnBlackSite,numberOfRobotsOnWhiteSite
15507,25,18
timeStep,numberOfRobotsOnBlackSite,numberOfRobotsOnWhiteSite
15508,25,18
timeStep,numberOfRobotsOnBlackSite,numberOfRobotsOnWhiteSite
15509,25,18
timeStep,numberOfRobotsOnBlackSite,numberOfRobotsOnWhiteSite
15510,25,18
timeStep,numberOfRobotsOnBlackSite,numberOfRobotsOnWhiteSite
15511,25,18
timeStep,numberOfRobotsOnBlackSite,numberOfRobotsOnWhiteSite
15512,25,18
timeStep,numberOfRobotsOnBlackSite,numberOfRobotsOnWhiteSite
15513,25,18
timeStep,numberOfRobotsOnBlackSite,numberOfRobotsOnWhiteSite
15514,25,18
timeStep,numberOfRobotsOnBlackSite,numberOfRobotsOnWhiteSite
15515,25,18
timeStep,numberOfRobotsOnBlackSite,numberOfRobotsOnWhiteSite
15516,25,18
timeStep,numberOfRobotsOnBlackSite,numberOfRobotsOnWhiteSite
15517,25,18
timeStep,numberOfRobotsOnBlackSite,numberOfRobotsOnWhiteSite
15518,25,18
timeStep,numberOfRobotsOnBlackSite,numberOfRobotsOnWhiteSite
15519,25,18
timeStep,numberOfRobotsOnBlackSite,numberOfRobotsOnWhiteSite
15520,24,18
timeStep,numberOfRobotsOnBlackSite,numberOfRobotsOnWhiteSite
15521,24,18
timeStep,numberOfRobotsOnBlackSite,numberOfRobotsOnWhiteSite
15522,24,18
timeStep,numberOfRobotsOnBlackSite,numberOfRobotsOnWhiteSite
15523,24,18
timeStep,numberOfRobotsOnBlackSite,numberOfRobotsOnWhiteSite
15524,24,18
timeStep,numberOfRobotsOnBlackSite,numberOfRobotsOnWhiteSite
15525,24,18
timeStep,numberOfRobotsOnBlackSite,numberOfRobotsOnWhiteSite
15526,24,18
timeStep,numberOfRobotsOnBlackSite,numberOfRobotsOnWhiteSite
15527,24,18
timeStep,numberOfRobotsOnBlackSite,numberOfRobotsOnWhiteSite
15528,24,18
timeStep,numberOfRobotsOnBlackSite,numberOfRobotsOnWhiteSite
15529,24,18
timeStep,numberOfRobotsOnBlackSite,numberOfRobotsOnWhiteSite
15530,24,18
timeStep,numberOfRobotsOnBlackSite,numberOfRobotsOnWhiteSite
15531,24,18
timeStep,numberOfRobotsOnBlackSite,numberOfRobotsOnWhiteSite
15532,24,18
timeStep,numberOfRobotsOnBlackSite,numberOfRobotsOnWhiteSite
15533,24,18
timeStep,numberOfRobotsOnBlackSite,numberOfRobotsOnWhiteSite
15534,24,18
timeStep,numberOfRobotsOnBlackSite,numberOfRobotsOnWhiteSite
15535,24,18
timeStep,numberOfRobotsOnBlackSite,numberOfRobotsOnWhiteSite
15536,24,18
timeStep,numberOfRobotsOnBlackSite,numberOfRobotsOnWhiteSite
15537,24,18
timeStep,numberOfRobotsOnBlackSite,numberOfRobotsOnWhiteSite
15538,24,18
timeStep,numberOfRobotsOnBlackSite,numberOfRobotsOnWhiteSite
15539,24,18
timeStep,numberOfRobotsOnBlackSite,numberOfRobotsOnWhiteSite
15540,25,18
timeStep,numberOfRobotsOnBlackSite,numberOfRobotsOnWhiteSite
15541,25,18
timeStep,numberOfRobotsOnBlackSite,numberOfRobotsOnWhiteSite
15542,25,18
timeStep,numberOfRobotsOnBlackSite,numberOfRobotsOnWhiteSite
15543,25,18
timeStep,numberOfRobotsOnBlackSite,numberOfRobotsOnWhiteSite
15544,25,18
timeStep,numberOfRobotsOnBlackSite,numberOfRobotsOnWhiteSite
15545,25,18
timeStep,numberOfRobotsOnBlackSite,numberOfRobotsOnWhiteSite
15546,25,18
timeStep,numberOfRobotsOnBlackSite,numberOfRobotsOnWhiteSite
15547,25,18
timeStep,numberOfRobotsOnBlackSite,numberOfRobotsOnWhiteSite
15548,25,18
timeStep,numberOfRobotsOnBlackSite,numberOfRobotsOnWhiteSite
15549,25,18
timeStep,numberOfRobotsOnBlackSite,numberOfRobotsOnWhiteSite
15550,25,18
timeStep,numberOfRobotsOnBlackSite,numberOfRobotsOnWhiteSite
15551,25,18
timeStep,numberOfRobotsOnBlackSite,numberOfRobotsOnWhiteSite
15552,25,18
timeStep,numberOfRobotsOnBlackSite,numberOfRobotsOnWhiteSite
15553,25,18
timeStep,numberOfRobotsOnBlackSite,numberOfRobotsOnWhiteSite
15554,25,18
timeStep,numberOfRobotsOnBlackSite,numberOfRobotsOnWhiteSite
15555,25,18
timeStep,numberOfRobotsOnBlackSite,numberOfRobotsOnWhiteSite
15556,25,18
timeStep,numberOfRobotsOnBlackSite,numberOfRobotsOnWhiteSite
15557,25,18
timeStep,numberOfRobotsOnBlackSite,numberOfRobotsOnWhiteSite
15558,25,18
timeStep,numberOfRobotsOnBlackSite,numberOfRobotsOnWhiteSite
15559,25,18
timeStep,numberOfRobotsOnBlackSite,numberOfRobotsOnWhiteSite
15560,25,18
timeStep,numberOfRobotsOnBlackSite,numberOfRobotsOnWhiteSite
15561,25,18
timeStep,numberOfRobotsOnBlackSite,numberOfRobotsOnWhiteSite
15562,25,18
timeStep,numberOfRobotsOnBlackSite,numberOfRobotsOnWhiteSite
15563,25,18
timeStep,numberOfRobotsOnBlackSite,numberOfRobotsOnWhiteSite
15564,25,18
timeStep,numberOfRobotsOnBlackSite,numberOfRobotsOnWhiteSite
15565,25,18
timeStep,numberOfRobotsOnBlackSite,numberOfRobotsOnWhiteSite
15566,25,18
timeStep,numberOfRobotsOnBlackSite,numberOfRobotsOnWhiteSite
15567,25,18
timeStep,numberOfRobotsOnBlackSite,numberOfRobotsOnWhiteSite
15568,25,18
timeStep,numberOfRobotsOnBlackSite,numberOfRobotsOnWhiteSite
15569,25,18
timeStep,numberOfRobotsOnBlackSite,numberOfRobotsOnWhiteSite
15570,25,18
timeStep,numberOfRobotsOnBlackSite,numberOfRobotsOnWhiteSite
15571,25,18
timeStep,numberOfRobotsOnBlackSite,numberOfRobotsOnWhiteSite
15572,25,18
timeStep,numberOfRobotsOnBlackSite,numberOfRobotsOnWhiteSite
15573,25,18
timeStep,numberOfRobotsOnBlackSite,numberOfRobotsOnWhiteSite
15574,25,18
timeStep,numberOfRobotsOnBlackSite,numberOfRobotsOnWhiteSite
15575,25,18
timeStep,numberOfRobotsOnBlackSite,numberOfRobotsOnWhiteSite
15576,25,18
timeStep,numberOfRobotsOnBlackSite,numberOfRobotsOnWhiteSite
15577,25,18
timeStep,numberOfRobotsOnBlackSite,numberOfRobotsOnWhiteSite
15578,25,18
timeStep,numberOfRobotsOnBlackSite,numberOfRobotsOnWhiteSite
15579,25,18
timeStep,numberOfRobotsOnBlackSite,numberOfRobotsOnWhiteSite
15580,25,18
timeStep,numberOfRobotsOnBlackSite,numberOfRobotsOnWhiteSite
15581,25,18
timeStep,numberOfRobotsOnBlackSite,numberOfRobotsOnWhiteSite
15582,25,18
timeStep,numberOfRobotsOnBlackSite,numberOfRobotsOnWhiteSite
15583,25,18
timeStep,numberOfRobotsOnBlackSite,numberOfRobotsOnWhiteSite
15584,25,18
timeStep,numberOfRobotsOnBlackSite,numberOfRobotsOnWhiteSite
15585,24,18
timeStep,numberOfRobotsOnBlackSite,numberOfRobotsOnWhiteSite
15586,24,18
timeStep,numberOfRobotsOnBlackSite,numberOfRobotsOnWhiteSite
15587,24,18
timeStep,numberOfRobotsOnBlackSite,numberOfRobotsOnWhiteSite
15588,24,18
timeStep,numberOfRobotsOnBlackSite,numberOfRobotsOnWhiteSite
15589,24,18
timeStep,numberOfRobotsOnBlackSite,numberOfRobotsOnWhiteSite
15590,24,18
timeStep,numberOfRobotsOnBlackSite,numberOfRobotsOnWhiteSite
15591,24,18
timeStep,numberOfRobotsOnBlackSite,numberOfRobotsOnWhiteSite
15592,24,18
timeStep,numberOfRobotsOnBlackSite,numberOfRobotsOnWhiteSite
15593,24,18
timeStep,numberOfRobotsOnBlackSite,numberOfRobotsOnWhiteSite
15594,24,18
timeStep,numberOfRobotsOnBlackSite,numberOfRobotsOnWhiteSite
15595,24,18
timeStep,numberOfRobotsOnBlackSite,numberOfRobotsOnWhiteSite
15596,24,18
timeStep,numberOfRobotsOnBlackSite,numberOfRobotsOnWhiteSite
15597,24,18
timeStep,numberOfRobotsOnBlackSite,numberOfRobotsOnWhiteSite
15598,24,18
timeStep,numberOfRobotsOnBlackSite,numberOfRobotsOnWhiteSite
15599,24,18
timeStep,numberOfRobotsOnBlackSite,numberOfRobotsOnWhiteSite
15600,24,18
timeStep,numberOfRobotsOnBlackSite,numberOfRobotsOnWhiteSite
15601,24,18
timeStep,numberOfRobotsOnBlackSite,numberOfRobotsOnWhiteSite
15602,24,18
timeStep,numberOfRobotsOnBlackSite,numberOfRobotsOnWhiteSite
15603,24,18
timeStep,numberOfRobotsOnBlackSite,numberOfRobotsOnWhiteSite
15604,24,18
timeStep,numberOfRobotsOnBlackSite,numberOfRobotsOnWhiteSite
15605,24,18
timeStep,numberOfRobotsOnBlackSite,numberOfRobotsOnWhiteSite
15606,24,18
timeStep,numberOfRobotsOnBlackSite,numberOfRobotsOnWhiteSite
15607,24,18
timeStep,numberOfRobotsOnBlackSite,numberOfRobotsOnWhiteSite
15608,24,18
timeStep,numberOfRobotsOnBlackSite,numberOfRobotsOnWhiteSite
15609,24,18
timeStep,numberOfRobotsOnBlackSite,numberOfRobotsOnWhiteSite
15610,24,18
timeStep,numberOfRobotsOnBlackSite,numberOfRobotsOnWhiteSite
15611,24,18
timeStep,numberOfRobotsOnBlackSite,numberOfRobotsOnWhiteSite
15612,24,18
timeStep,numberOfRobotsOnBlackSite,numberOfRobotsOnWhiteSite
15613,24,18
timeStep,numberOfRobotsOnBlackSite,numberOfRobotsOnWhiteSite
15614,24,18
timeStep,numberOfRobotsOnBlackSite,numberOfRobotsOnWhiteSite
15615,24,18
timeStep,numberOfRobotsOnBlackSite,numberOfRobotsOnWhiteSite
15616,24,18
timeStep,numberOfRobotsOnBlackSite,numberOfRobotsOnWhiteSite
15617,24,18
timeStep,numberOfRobotsOnBlackSite,numberOfRobotsOnWhiteSite
15618,24,18
timeStep,numberOfRobotsOnBlackSite,numberOfRobotsOnWhiteSite
15619,24,18
timeStep,numberOfRobotsOnBlackSite,numberOfRobotsOnWhiteSite
15620,25,18
timeStep,numberOfRobotsOnBlackSite,numberOfRobotsOnWhiteSite
15621,25,18
timeStep,numberOfRobotsOnBlackSite,numberOfRobotsOnWhiteSite
15622,25,18
timeStep,numberOfRobotsOnBlackSite,numberOfRobotsOnWhiteSite
15623,25,18
timeStep,numberOfRobotsOnBlackSite,numberOfRobotsOnWhiteSite
15624,25,18
timeStep,numberOfRobotsOnBlackSite,numberOfRobotsOnWhiteSite
15625,26,18
timeStep,numberOfRobotsOnBlackSite,numberOfRobotsOnWhiteSite
15626,26,18
timeStep,numberOfRobotsOnBlackSite,numberOfRobotsOnWhiteSite
15627,26,18
timeStep,numberOfRobotsOnBlackSite,numberOfRobotsOnWhiteSite
15628,26,18
timeStep,numberOfRobotsOnBlackSite,numberOfRobotsOnWhiteSite
15629,26,18
timeStep,numberOfRobotsOnBlackSite,numberOfRobotsOnWhiteSite
15630,26,18
timeStep,numberOfRobotsOnBlackSite,numberOfRobotsOnWhiteSite
15631,26,18
timeStep,numberOfRobotsOnBlackSite,numberOfRobotsOnWhiteSite
15632,26,18
timeStep,numberOfRobotsOnBlackSite,numberOfRobotsOnWhiteSite
15633,26,18
timeStep,numberOfRobotsOnBlackSite,numberOfRobotsOnWhiteSite
15634,26,18
timeStep,numberOfRobotsOnBlackSite,numberOfRobotsOnWhiteSite
15635,26,18
timeStep,numberOfRobotsOnBlackSite,numberOfRobotsOnWhiteSite
15636,26,18
timeStep,numberOfRobotsOnBlackSite,numberOfRobotsOnWhiteSite
15637,26,18
timeStep,numberOfRobotsOnBlackSite,numberOfRobotsOnWhiteSite
15638,26,18
timeStep,numberOfRobotsOnBlackSite,numberOfRobotsOnWhiteSite
15639,26,18
timeStep,numberOfRobotsOnBlackSite,numberOfRobotsOnWhiteSite
15640,26,18
timeStep,numberOfRobotsOnBlackSite,numberOfRobotsOnWhiteSite
15641,26,18
timeStep,numberOfRobotsOnBlackSite,numberOfRobotsOnWhiteSite
15642,26,18
timeStep,numberOfRobotsOnBlackSite,numberOfRobotsOnWhiteSite
15643,26,18
timeStep,numberOfRobotsOnBlackSite,numberOfRobotsOnWhiteSite
15644,26,18
timeStep,numberOfRobotsOnBlackSite,numberOfRobotsOnWhiteSite
15645,26,18
timeStep,numberOfRobotsOnBlackSite,numberOfRobotsOnWhiteSite
15646,26,18
timeStep,numberOfRobotsOnBlackSite,numberOfRobotsOnWhiteSite
15647,26,18
timeStep,numberOfRobotsOnBlackSite,numberOfRobotsOnWhiteSite
15648,26,18
timeStep,numberOfRobotsOnBlackSite,numberOfRobotsOnWhiteSite
15649,26,18
timeStep,numberOfRobotsOnBlackSite,numberOfRobotsOnWhiteSite
15650,26,18
timeStep,numberOfRobotsOnBlackSite,numberOfRobotsOnWhiteSite
15651,26,18
timeStep,numberOfRobotsOnBlackSite,numberOfRobotsOnWhiteSite
15652,26,18
timeStep,numberOfRobotsOnBlackSite,numberOfRobotsOnWhiteSite
15653,26,18
timeStep,numberOfRobotsOnBlackSite,numberOfRobotsOnWhiteSite
15654,26,18
timeStep,numberOfRobotsOnBlackSite,numberOfRobotsOnWhiteSite
15655,26,18
timeStep,numberOfRobotsOnBlackSite,numberOfRobotsOnWhiteSite
15656,26,18
timeStep,numberOfRobotsOnBlackSite,numberOfRobotsOnWhiteSite
15657,26,18
timeStep,numberOfRobotsOnBlackSite,numberOfRobotsOnWhiteSite
15658,26,18
timeStep,numberOfRobotsOnBlackSite,numberOfRobotsOnWhiteSite
15659,26,18
timeStep,numberOfRobotsOnBlackSite,numberOfRobotsOnWhiteSite
15660,26,18
timeStep,numberOfRobotsOnBlackSite,numberOfRobotsOnWhiteSite
15661,26,18
timeStep,numberOfRobotsOnBlackSite,numberOfRobotsOnWhiteSite
15662,26,18
timeStep,numberOfRobotsOnBlackSite,numberOfRobotsOnWhiteSite
15663,26,18
timeStep,numberOfRobotsOnBlackSite,numberOfRobotsOnWhiteSite
15664,26,18
timeStep,numberOfRobotsOnBlackSite,numberOfRobotsOnWhiteSite
15665,26,18
timeStep,numberOfRobotsOnBlackSite,numberOfRobotsOnWhiteSite
15666,26,18
timeStep,numberOfRobotsOnBlackSite,numberOfRobotsOnWhiteSite
15667,26,18
timeStep,numberOfRobotsOnBlackSite,numberOfRobotsOnWhiteSite
15668,26,18
timeStep,numberOfRobotsOnBlackSite,numberOfRobotsOnWhiteSite
15669,26,18
timeStep,numberOfRobotsOnBlackSite,numberOfRobotsOnWhiteSite
15670,26,18
timeStep,numberOfRobotsOnBlackSite,numberOfRobotsOnWhiteSite
15671,26,18
timeStep,numberOfRobotsOnBlackSite,numberOfRobotsOnWhiteSite
15672,26,18
timeStep,numberOfRobotsOnBlackSite,numberOfRobotsOnWhiteSite
15673,26,18
timeStep,numberOfRobotsOnBlackSite,numberOfRobotsOnWhiteSite
15674,26,18
timeStep,numberOfRobotsOnBlackSite,numberOfRobotsOnWhiteSite
15675,26,18
timeStep,numberOfRobotsOnBlackSite,numberOfRobotsOnWhiteSite
15676,26,18
timeStep,numberOfRobotsOnBlackSite,numberOfRobotsOnWhiteSite
15677,26,18
timeStep,numberOfRobotsOnBlackSite,numberOfRobotsOnWhiteSite
15678,26,18
timeStep,numberOfRobotsOnBlackSite,numberOfRobotsOnWhiteSite
15679,26,18
timeStep,numberOfRobotsOnBlackSite,numberOfRobotsOnWhiteSite
15680,26,18
timeStep,numberOfRobotsOnBlackSite,numberOfRobotsOnWhiteSite
15681,26,18
timeStep,numberOfRobotsOnBlackSite,numberOfRobotsOnWhiteSite
15682,26,18
timeStep,numberOfRobotsOnBlackSite,numberOfRobotsOnWhiteSite
15683,26,18
timeStep,numberOfRobotsOnBlackSite,numberOfRobotsOnWhiteSite
15684,26,18
timeStep,numberOfRobotsOnBlackSite,numberOfRobotsOnWhiteSite
15685,26,18
timeStep,numberOfRobotsOnBlackSite,numberOfRobotsOnWhiteSite
15686,26,18
timeStep,numberOfRobotsOnBlackSite,numberOfRobotsOnWhiteSite
15687,26,18
timeStep,numberOfRobotsOnBlackSite,numberOfRobotsOnWhiteSite
15688,26,18
timeStep,numberOfRobotsOnBlackSite,numberOfRobotsOnWhiteSite
15689,26,18
timeStep,numberOfRobotsOnBlackSite,numberOfRobotsOnWhiteSite
15690,26,18
timeStep,numberOfRobotsOnBlackSite,numberOfRobotsOnWhiteSite
15691,26,18
timeStep,numberOfRobotsOnBlackSite,numberOfRobotsOnWhiteSite
15692,26,18
timeStep,numberOfRobotsOnBlackSite,numberOfRobotsOnWhiteSite
15693,26,18
timeStep,numberOfRobotsOnBlackSite,numberOfRobotsOnWhiteSite
15694,26,18
timeStep,numberOfRobotsOnBlackSite,numberOfRobotsOnWhiteSite
15695,26,18
timeStep,numberOfRobotsOnBlackSite,numberOfRobotsOnWhiteSite
15696,26,18
timeStep,numberOfRobotsOnBlackSite,numberOfRobotsOnWhiteSite
15697,26,18
timeStep,numberOfRobotsOnBlackSite,numberOfRobotsOnWhiteSite
15698,26,18
timeStep,numberOfRobotsOnBlackSite,numberOfRobotsOnWhiteSite
15699,26,18
timeStep,numberOfRobotsOnBlackSite,numberOfRobotsOnWhiteSite
15700,26,18
timeStep,numberOfRobotsOnBlackSite,numberOfRobotsOnWhiteSite
15701,26,18
timeStep,numberOfRobotsOnBlackSite,numberOfRobotsOnWhiteSite
15702,26,18
timeStep,numberOfRobotsOnBlackSite,numberOfRobotsOnWhiteSite
15703,26,18
timeStep,numberOfRobotsOnBlackSite,numberOfRobotsOnWhiteSite
15704,26,18
timeStep,numberOfRobotsOnBlackSite,numberOfRobotsOnWhiteSite
15705,26,18
timeStep,numberOfRobotsOnBlackSite,numberOfRobotsOnWhiteSite
15706,26,18
timeStep,numberOfRobotsOnBlackSite,numberOfRobotsOnWhiteSite
15707,26,18
timeStep,numberOfRobotsOnBlackSite,numberOfRobotsOnWhiteSite
15708,26,18
timeStep,numberOfRobotsOnBlackSite,numberOfRobotsOnWhiteSite
15709,26,18
timeStep,numberOfRobotsOnBlackSite,numberOfRobotsOnWhiteSite
15710,26,18
timeStep,numberOfRobotsOnBlackSite,numberOfRobotsOnWhiteSite
15711,26,18
timeStep,numberOfRobotsOnBlackSite,numberOfRobotsOnWhiteSite
15712,26,18
timeStep,numberOfRobotsOnBlackSite,numberOfRobotsOnWhiteSite
15713,26,18
timeStep,numberOfRobotsOnBlackSite,numberOfRobotsOnWhiteSite
15714,26,18
timeStep,numberOfRobotsOnBlackSite,numberOfRobotsOnWhiteSite
15715,26,18
timeStep,numberOfRobotsOnBlackSite,numberOfRobotsOnWhiteSite
15716,26,18
timeStep,numberOfRobotsOnBlackSite,numberOfRobotsOnWhiteSite
15717,26,18
timeStep,numberOfRobotsOnBlackSite,numberOfRobotsOnWhiteSite
15718,26,18
timeStep,numberOfRobotsOnBlackSite,numberOfRobotsOnWhiteSite
15719,26,18
timeStep,numberOfRobotsOnBlackSite,numberOfRobotsOnWhiteSite
15720,26,18
timeStep,numberOfRobotsOnBlackSite,numberOfRobotsOnWhiteSite
15721,26,18
timeStep,numberOfRobotsOnBlackSite,numberOfRobotsOnWhiteSite
15722,26,18
timeStep,numberOfRobotsOnBlackSite,numberOfRobotsOnWhiteSite
15723,26,18
timeStep,numberOfRobotsOnBlackSite,numberOfRobotsOnWhiteSite
15724,26,18
timeStep,numberOfRobotsOnBlackSite,numberOfRobotsOnWhiteSite
15725,26,18
timeStep,numberOfRobotsOnBlackSite,numberOfRobotsOnWhiteSite
15726,26,18
timeStep,numberOfRobotsOnBlackSite,numberOfRobotsOnWhiteSite
15727,26,18
timeStep,numberOfRobotsOnBlackSite,numberOfRobotsOnWhiteSite
15728,26,18
timeStep,numberOfRobotsOnBlackSite,numberOfRobotsOnWhiteSite
15729,26,18
timeStep,numberOfRobotsOnBlackSite,numberOfRobotsOnWhiteSite
15730,25,18
timeStep,numberOfRobotsOnBlackSite,numberOfRobotsOnWhiteSite
15731,25,18
timeStep,numberOfRobotsOnBlackSite,numberOfRobotsOnWhiteSite
15732,25,18
timeStep,numberOfRobotsOnBlackSite,numberOfRobotsOnWhiteSite
15733,25,18
timeStep,numberOfRobotsOnBlackSite,numberOfRobotsOnWhiteSite
15734,25,18
timeStep,numberOfRobotsOnBlackSite,numberOfRobotsOnWhiteSite
15735,25,18
timeStep,numberOfRobotsOnBlackSite,numberOfRobotsOnWhiteSite
15736,25,18
timeStep,numberOfRobotsOnBlackSite,numberOfRobotsOnWhiteSite
15737,25,18
timeStep,numberOfRobotsOnBlackSite,numberOfRobotsOnWhiteSite
15738,25,18
timeStep,numberOfRobotsOnBlackSite,numberOfRobotsOnWhiteSite
15739,25,18
timeStep,numberOfRobotsOnBlackSite,numberOfRobotsOnWhiteSite
15740,25,18
timeStep,numberOfRobotsOnBlackSite,numberOfRobotsOnWhiteSite
15741,25,18
timeStep,numberOfRobotsOnBlackSite,numberOfRobotsOnWhiteSite
15742,25,18
timeStep,numberOfRobotsOnBlackSite,numberOfRobotsOnWhiteSite
15743,25,18
timeStep,numberOfRobotsOnBlackSite,numberOfRobotsOnWhiteSite
15744,25,18
timeStep,numberOfRobotsOnBlackSite,numberOfRobotsOnWhiteSite
15745,26,18
timeStep,numberOfRobotsOnBlackSite,numberOfRobotsOnWhiteSite
15746,26,18
timeStep,numberOfRobotsOnBlackSite,numberOfRobotsOnWhiteSite
15747,26,18
timeStep,numberOfRobotsOnBlackSite,numberOfRobotsOnWhiteSite
15748,26,18
timeStep,numberOfRobotsOnBlackSite,numberOfRobotsOnWhiteSite
15749,26,18
timeStep,numberOfRobotsOnBlackSite,numberOfRobotsOnWhiteSite
15750,26,18
timeStep,numberOfRobotsOnBlackSite,numberOfRobotsOnWhiteSite
15751,26,18
timeStep,numberOfRobotsOnBlackSite,numberOfRobotsOnWhiteSite
15752,26,18
timeStep,numberOfRobotsOnBlackSite,numberOfRobotsOnWhiteSite
15753,26,18
timeStep,numberOfRobotsOnBlackSite,numberOfRobotsOnWhiteSite
15754,26,18
timeStep,numberOfRobotsOnBlackSite,numberOfRobotsOnWhiteSite
15755,26,18
timeStep,numberOfRobotsOnBlackSite,numberOfRobotsOnWhiteSite
15756,26,18
timeStep,numberOfRobotsOnBlackSite,numberOfRobotsOnWhiteSite
15757,26,18
timeStep,numberOfRobotsOnBlackSite,numberOfRobotsOnWhiteSite
15758,26,18
timeStep,numberOfRobotsOnBlackSite,numberOfRobotsOnWhiteSite
15759,26,18
timeStep,numberOfRobotsOnBlackSite,numberOfRobotsOnWhiteSite
15760,26,18
timeStep,numberOfRobotsOnBlackSite,numberOfRobotsOnWhiteSite
15761,26,18
timeStep,numberOfRobotsOnBlackSite,numberOfRobotsOnWhiteSite
15762,26,18
timeStep,numberOfRobotsOnBlackSite,numberOfRobotsOnWhiteSite
15763,26,18
timeStep,numberOfRobotsOnBlackSite,numberOfRobotsOnWhiteSite
15764,26,18
timeStep,numberOfRobotsOnBlackSite,numberOfRobotsOnWhiteSite
15765,26,18
timeStep,numberOfRobotsOnBlackSite,numberOfRobotsOnWhiteSite
15766,26,18
timeStep,numberOfRobotsOnBlackSite,numberOfRobotsOnWhiteSite
15767,26,18
timeStep,numberOfRobotsOnBlackSite,numberOfRobotsOnWhiteSite
15768,26,18
timeStep,numberOfRobotsOnBlackSite,numberOfRobotsOnWhiteSite
15769,26,18
timeStep,numberOfRobotsOnBlackSite,numberOfRobotsOnWhiteSite
15770,26,18
timeStep,numberOfRobotsOnBlackSite,numberOfRobotsOnWhiteSite
15771,26,18
timeStep,numberOfRobotsOnBlackSite,numberOfRobotsOnWhiteSite
15772,26,18
timeStep,numberOfRobotsOnBlackSite,numberOfRobotsOnWhiteSite
15773,26,18
timeStep,numberOfRobotsOnBlackSite,numberOfRobotsOnWhiteSite
15774,26,18
timeStep,numberOfRobotsOnBlackSite,numberOfRobotsOnWhiteSite
15775,26,18
timeStep,numberOfRobotsOnBlackSite,numberOfRobotsOnWhiteSite
15776,26,18
timeStep,numberOfRobotsOnBlackSite,numberOfRobotsOnWhiteSite
15777,26,18
timeStep,numberOfRobotsOnBlackSite,numberOfRobotsOnWhiteSite
15778,26,18
timeStep,numberOfRobotsOnBlackSite,numberOfRobotsOnWhiteSite
15779,26,18
timeStep,numberOfRobotsOnBlackSite,numberOfRobotsOnWhiteSite
15780,26,18
timeStep,numberOfRobotsOnBlackSite,numberOfRobotsOnWhiteSite
15781,26,18
timeStep,numberOfRobotsOnBlackSite,numberOfRobotsOnWhiteSite
15782,26,18
timeStep,numberOfRobotsOnBlackSite,numberOfRobotsOnWhiteSite
15783,26,18
timeStep,numberOfRobotsOnBlackSite,numberOfRobotsOnWhiteSite
15784,26,18
timeStep,numberOfRobotsOnBlackSite,numberOfRobotsOnWhiteSite
15785,26,18
timeStep,numberOfRobotsOnBlackSite,numberOfRobotsOnWhiteSite
15786,26,18
timeStep,numberOfRobotsOnBlackSite,numberOfRobotsOnWhiteSite
15787,26,18
timeStep,numberOfRobotsOnBlackSite,numberOfRobotsOnWhiteSite
15788,26,18
timeStep,numberOfRobotsOnBlackSite,numberOfRobotsOnWhiteSite
15789,26,18
timeStep,numberOfRobotsOnBlackSite,numberOfRobotsOnWhiteSite
15790,26,18
timeStep,numberOfRobotsOnBlackSite,numberOfRobotsOnWhiteSite
15791,26,18
timeStep,numberOfRobotsOnBlackSite,numberOfRobotsOnWhiteSite
15792,26,18
timeStep,numberOfRobotsOnBlackSite,numberOfRobotsOnWhiteSite
15793,26,18
timeStep,numberOfRobotsOnBlackSite,numberOfRobotsOnWhiteSite
15794,26,18
timeStep,numberOfRobotsOnBlackSite,numberOfRobotsOnWhiteSite
15795,26,18
timeStep,numberOfRobotsOnBlackSite,numberOfRobotsOnWhiteSite
15796,26,18
timeStep,numberOfRobotsOnBlackSite,numberOfRobotsOnWhiteSite
15797,26,18
timeStep,numberOfRobotsOnBlackSite,numberOfRobotsOnWhiteSite
15798,26,18
timeStep,numberOfRobotsOnBlackSite,numberOfRobotsOnWhiteSite
15799,26,18
timeStep,numberOfRobotsOnBlackSite,numberOfRobotsOnWhiteSite
15800,26,18
timeStep,numberOfRobotsOnBlackSite,numberOfRobotsOnWhiteSite
15801,26,18
timeStep,numberOfRobotsOnBlackSite,numberOfRobotsOnWhiteSite
15802,26,18
timeStep,numberOfRobotsOnBlackSite,numberOfRobotsOnWhiteSite
15803,26,18
timeStep,numberOfRobotsOnBlackSite,numberOfRobotsOnWhiteSite
15804,26,18
timeStep,numberOfRobotsOnBlackSite,numberOfRobotsOnWhiteSite
15805,26,18
timeStep,numberOfRobotsOnBlackSite,numberOfRobotsOnWhiteSite
15806,26,18
timeStep,numberOfRobotsOnBlackSite,numberOfRobotsOnWhiteSite
15807,26,18
timeStep,numberOfRobotsOnBlackSite,numberOfRobotsOnWhiteSite
15808,26,18
timeStep,numberOfRobotsOnBlackSite,numberOfRobotsOnWhiteSite
15809,26,18
timeStep,numberOfRobotsOnBlackSite,numberOfRobotsOnWhiteSite
15810,26,18
timeStep,numberOfRobotsOnBlackSite,numberOfRobotsOnWhiteSite
15811,26,18
timeStep,numberOfRobotsOnBlackSite,numberOfRobotsOnWhiteSite
15812,26,18
timeStep,numberOfRobotsOnBlackSite,numberOfRobotsOnWhiteSite
15813,26,18
timeStep,numberOfRobotsOnBlackSite,numberOfRobotsOnWhiteSite
15814,26,18
timeStep,numberOfRobotsOnBlackSite,numberOfRobotsOnWhiteSite
15815,26,18
timeStep,numberOfRobotsOnBlackSite,numberOfRobotsOnWhiteSite
15816,26,18
timeStep,numberOfRobotsOnBlackSite,numberOfRobotsOnWhiteSite
15817,26,18
timeStep,numberOfRobotsOnBlackSite,numberOfRobotsOnWhiteSite
15818,26,18
timeStep,numberOfRobotsOnBlackSite,numberOfRobotsOnWhiteSite
15819,26,18
timeStep,numberOfRobotsOnBlackSite,numberOfRobotsOnWhiteSite
15820,26,18
timeStep,numberOfRobotsOnBlackSite,numberOfRobotsOnWhiteSite
15821,26,18
timeStep,numberOfRobotsOnBlackSite,numberOfRobotsOnWhiteSite
15822,26,18
timeStep,numberOfRobotsOnBlackSite,numberOfRobotsOnWhiteSite
15823,26,18
timeStep,numberOfRobotsOnBlackSite,numberOfRobotsOnWhiteSite
15824,26,18
timeStep,numberOfRobotsOnBlackSite,numberOfRobotsOnWhiteSite
15825,26,18
timeStep,numberOfRobotsOnBlackSite,numberOfRobotsOnWhiteSite
15826,26,18
timeStep,numberOfRobotsOnBlackSite,numberOfRobotsOnWhiteSite
15827,26,18
timeStep,numberOfRobotsOnBlackSite,numberOfRobotsOnWhiteSite
15828,26,18
timeStep,numberOfRobotsOnBlackSite,numberOfRobotsOnWhiteSite
15829,26,18
timeStep,numberOfRobotsOnBlackSite,numberOfRobotsOnWhiteSite
15830,24,18
timeStep,numberOfRobotsOnBlackSite,numberOfRobotsOnWhiteSite
15831,24,18
timeStep,numberOfRobotsOnBlackSite,numberOfRobotsOnWhiteSite
15832,24,18
timeStep,numberOfRobotsOnBlackSite,numberOfRobotsOnWhiteSite
15833,24,18
timeStep,numberOfRobotsOnBlackSite,numberOfRobotsOnWhiteSite
15834,24,18
timeStep,numberOfRobotsOnBlackSite,numberOfRobotsOnWhiteSite
15835,24,18
timeStep,numberOfRobotsOnBlackSite,numberOfRobotsOnWhiteSite
15836,24,18
timeStep,numberOfRobotsOnBlackSite,numberOfRobotsOnWhiteSite
15837,24,18
timeStep,numberOfRobotsOnBlackSite,numberOfRobotsOnWhiteSite
15838,24,18
timeStep,numberOfRobotsOnBlackSite,numberOfRobotsOnWhiteSite
15839,24,18
timeStep,numberOfRobotsOnBlackSite,numberOfRobotsOnWhiteSite
15840,24,18
timeStep,numberOfRobotsOnBlackSite,numberOfRobotsOnWhiteSite
15841,24,18
timeStep,numberOfRobotsOnBlackSite,numberOfRobotsOnWhiteSite
15842,24,18
timeStep,numberOfRobotsOnBlackSite,numberOfRobotsOnWhiteSite
15843,24,18
timeStep,numberOfRobotsOnBlackSite,numberOfRobotsOnWhiteSite
15844,24,18
timeStep,numberOfRobotsOnBlackSite,numberOfRobotsOnWhiteSite
15845,24,18
timeStep,numberOfRobotsOnBlackSite,numberOfRobotsOnWhiteSite
15846,24,18
timeStep,numberOfRobotsOnBlackSite,numberOfRobotsOnWhiteSite
15847,24,18
timeStep,numberOfRobotsOnBlackSite,numberOfRobotsOnWhiteSite
15848,24,18
timeStep,numberOfRobotsOnBlackSite,numberOfRobotsOnWhiteSite
15849,24,18
timeStep,numberOfRobotsOnBlackSite,numberOfRobotsOnWhiteSite
15850,24,18
timeStep,numberOfRobotsOnBlackSite,numberOfRobotsOnWhiteSite
15851,24,18
timeStep,numberOfRobotsOnBlackSite,numberOfRobotsOnWhiteSite
15852,24,18
timeStep,numberOfRobotsOnBlackSite,numberOfRobotsOnWhiteSite
15853,24,18
timeStep,numberOfRobotsOnBlackSite,numberOfRobotsOnWhiteSite
15854,24,18
timeStep,numberOfRobotsOnBlackSite,numberOfRobotsOnWhiteSite
15855,25,18
timeStep,numberOfRobotsOnBlackSite,numberOfRobotsOnWhiteSite
15856,25,18
timeStep,numberOfRobotsOnBlackSite,numberOfRobotsOnWhiteSite
15857,25,18
timeStep,numberOfRobotsOnBlackSite,numberOfRobotsOnWhiteSite
15858,25,18
timeStep,numberOfRobotsOnBlackSite,numberOfRobotsOnWhiteSite
15859,25,18
timeStep,numberOfRobotsOnBlackSite,numberOfRobotsOnWhiteSite
15860,25,18
timeStep,numberOfRobotsOnBlackSite,numberOfRobotsOnWhiteSite
15861,25,18
timeStep,numberOfRobotsOnBlackSite,numberOfRobotsOnWhiteSite
15862,25,18
timeStep,numberOfRobotsOnBlackSite,numberOfRobotsOnWhiteSite
15863,25,18
timeStep,numberOfRobotsOnBlackSite,numberOfRobotsOnWhiteSite
15864,25,18
timeStep,numberOfRobotsOnBlackSite,numberOfRobotsOnWhiteSite
15865,25,18
timeStep,numberOfRobotsOnBlackSite,numberOfRobotsOnWhiteSite
15866,25,18
timeStep,numberOfRobotsOnBlackSite,numberOfRobotsOnWhiteSite
15867,25,18
timeStep,numberOfRobotsOnBlackSite,numberOfRobotsOnWhiteSite
15868,25,18
timeStep,numberOfRobotsOnBlackSite,numberOfRobotsOnWhiteSite
15869,25,18
timeStep,numberOfRobotsOnBlackSite,numberOfRobotsOnWhiteSite
15870,25,18
timeStep,numberOfRobotsOnBlackSite,numberOfRobotsOnWhiteSite
15871,25,18
timeStep,numberOfRobotsOnBlackSite,numberOfRobotsOnWhiteSite
15872,25,18
timeStep,numberOfRobotsOnBlackSite,numberOfRobotsOnWhiteSite
15873,25,18
timeStep,numberOfRobotsOnBlackSite,numberOfRobotsOnWhiteSite
15874,25,18
timeStep,numberOfRobotsOnBlackSite,numberOfRobotsOnWhiteSite
15875,25,18
timeStep,numberOfRobotsOnBlackSite,numberOfRobotsOnWhiteSite
15876,25,18
timeStep,numberOfRobotsOnBlackSite,numberOfRobotsOnWhiteSite
15877,25,18
timeStep,numberOfRobotsOnBlackSite,numberOfRobotsOnWhiteSite
15878,25,18
timeStep,numberOfRobotsOnBlackSite,numberOfRobotsOnWhiteSite
15879,25,18
timeStep,numberOfRobotsOnBlackSite,numberOfRobotsOnWhiteSite
15880,25,18
timeStep,numberOfRobotsOnBlackSite,numberOfRobotsOnWhiteSite
15881,25,18
timeStep,numberOfRobotsOnBlackSite,numberOfRobotsOnWhiteSite
15882,25,18
timeStep,numberOfRobotsOnBlackSite,numberOfRobotsOnWhiteSite
15883,25,18
timeStep,numberOfRobotsOnBlackSite,numberOfRobotsOnWhiteSite
15884,25,18
timeStep,numberOfRobotsOnBlackSite,numberOfRobotsOnWhiteSite
15885,25,18
timeStep,numberOfRobotsOnBlackSite,numberOfRobotsOnWhiteSite
15886,25,18
timeStep,numberOfRobotsOnBlackSite,numberOfRobotsOnWhiteSite
15887,25,18
timeStep,numberOfRobotsOnBlackSite,numberOfRobotsOnWhiteSite
15888,25,18
timeStep,numberOfRobotsOnBlackSite,numberOfRobotsOnWhiteSite
15889,25,18
timeStep,numberOfRobotsOnBlackSite,numberOfRobotsOnWhiteSite
15890,25,18
timeStep,numberOfRobotsOnBlackSite,numberOfRobotsOnWhiteSite
15891,25,18
timeStep,numberOfRobotsOnBlackSite,numberOfRobotsOnWhiteSite
15892,25,18
timeStep,numberOfRobotsOnBlackSite,numberOfRobotsOnWhiteSite
15893,25,18
timeStep,numberOfRobotsOnBlackSite,numberOfRobotsOnWhiteSite
15894,25,18
timeStep,numberOfRobotsOnBlackSite,numberOfRobotsOnWhiteSite
15895,25,18
timeStep,numberOfRobotsOnBlackSite,numberOfRobotsOnWhiteSite
15896,25,18
timeStep,numberOfRobotsOnBlackSite,numberOfRobotsOnWhiteSite
15897,25,18
timeStep,numberOfRobotsOnBlackSite,numberOfRobotsOnWhiteSite
15898,25,18
timeStep,numberOfRobotsOnBlackSite,numberOfRobotsOnWhiteSite
15899,25,18
timeStep,numberOfRobotsOnBlackSite,numberOfRobotsOnWhiteSite
15900,25,18
timeStep,numberOfRobotsOnBlackSite,numberOfRobotsOnWhiteSite
15901,25,18
timeStep,numberOfRobotsOnBlackSite,numberOfRobotsOnWhiteSite
15902,25,18
timeStep,numberOfRobotsOnBlackSite,numberOfRobotsOnWhiteSite
15903,25,18
timeStep,numberOfRobotsOnBlackSite,numberOfRobotsOnWhiteSite
15904,25,18
timeStep,numberOfRobotsOnBlackSite,numberOfRobotsOnWhiteSite
15905,25,18
timeStep,numberOfRobotsOnBlackSite,numberOfRobotsOnWhiteSite
15906,25,18
timeStep,numberOfRobotsOnBlackSite,numberOfRobotsOnWhiteSite
15907,25,18
timeStep,numberOfRobotsOnBlackSite,numberOfRobotsOnWhiteSite
15908,25,18
timeStep,numberOfRobotsOnBlackSite,numberOfRobotsOnWhiteSite
15909,25,18
timeStep,numberOfRobotsOnBlackSite,numberOfRobotsOnWhiteSite
15910,25,18
timeStep,numberOfRobotsOnBlackSite,numberOfRobotsOnWhiteSite
15911,25,18
timeStep,numberOfRobotsOnBlackSite,numberOfRobotsOnWhiteSite
15912,25,18
timeStep,numberOfRobotsOnBlackSite,numberOfRobotsOnWhiteSite
15913,25,18
timeStep,numberOfRobotsOnBlackSite,numberOfRobotsOnWhiteSite
15914,25,18
timeStep,numberOfRobotsOnBlackSite,numberOfRobotsOnWhiteSite
15915,25,18
timeStep,numberOfRobotsOnBlackSite,numberOfRobotsOnWhiteSite
15916,25,18
timeStep,numberOfRobotsOnBlackSite,numberOfRobotsOnWhiteSite
15917,25,18
timeStep,numberOfRobotsOnBlackSite,numberOfRobotsOnWhiteSite
15918,25,18
timeStep,numberOfRobotsOnBlackSite,numberOfRobotsOnWhiteSite
15919,25,18
timeStep,numberOfRobotsOnBlackSite,numberOfRobotsOnWhiteSite
15920,25,18
timeStep,numberOfRobotsOnBlackSite,numberOfRobotsOnWhiteSite
15921,25,18
timeStep,numberOfRobotsOnBlackSite,numberOfRobotsOnWhiteSite
15922,25,18
timeStep,numberOfRobotsOnBlackSite,numberOfRobotsOnWhiteSite
15923,25,18
timeStep,numberOfRobotsOnBlackSite,numberOfRobotsOnWhiteSite
15924,25,18
timeStep,numberOfRobotsOnBlackSite,numberOfRobotsOnWhiteSite
15925,25,18
timeStep,numberOfRobotsOnBlackSite,numberOfRobotsOnWhiteSite
15926,25,18
timeStep,numberOfRobotsOnBlackSite,numberOfRobotsOnWhiteSite
15927,25,18
timeStep,numberOfRobotsOnBlackSite,numberOfRobotsOnWhiteSite
15928,25,18
timeStep,numberOfRobotsOnBlackSite,numberOfRobotsOnWhiteSite
15929,25,18
timeStep,numberOfRobotsOnBlackSite,numberOfRobotsOnWhiteSite
15930,25,18
timeStep,numberOfRobotsOnBlackSite,numberOfRobotsOnWhiteSite
15931,25,18
timeStep,numberOfRobotsOnBlackSite,numberOfRobotsOnWhiteSite
15932,25,18
timeStep,numberOfRobotsOnBlackSite,numberOfRobotsOnWhiteSite
15933,25,18
timeStep,numberOfRobotsOnBlackSite,numberOfRobotsOnWhiteSite
15934,25,18
timeStep,numberOfRobotsOnBlackSite,numberOfRobotsOnWhiteSite
15935,25,18
timeStep,numberOfRobotsOnBlackSite,numberOfRobotsOnWhiteSite
15936,25,18
timeStep,numberOfRobotsOnBlackSite,numberOfRobotsOnWhiteSite
15937,25,18
timeStep,numberOfRobotsOnBlackSite,numberOfRobotsOnWhiteSite
15938,25,18
timeStep,numberOfRobotsOnBlackSite,numberOfRobotsOnWhiteSite
15939,25,18
timeStep,numberOfRobotsOnBlackSite,numberOfRobotsOnWhiteSite
15940,25,18
timeStep,numberOfRobotsOnBlackSite,numberOfRobotsOnWhiteSite
15941,25,18
timeStep,numberOfRobotsOnBlackSite,numberOfRobotsOnWhiteSite
15942,25,18
timeStep,numberOfRobotsOnBlackSite,numberOfRobotsOnWhiteSite
15943,25,18
timeStep,numberOfRobotsOnBlackSite,numberOfRobotsOnWhiteSite
15944,25,18
timeStep,numberOfRobotsOnBlackSite,numberOfRobotsOnWhiteSite
15945,25,18
timeStep,numberOfRobotsOnBlackSite,numberOfRobotsOnWhiteSite
15946,25,18
timeStep,numberOfRobotsOnBlackSite,numberOfRobotsOnWhiteSite
15947,25,18
timeStep,numberOfRobotsOnBlackSite,numberOfRobotsOnWhiteSite
15948,25,18
timeStep,numberOfRobotsOnBlackSite,numberOfRobotsOnWhiteSite
15949,25,18
timeStep,numberOfRobotsOnBlackSite,numberOfRobotsOnWhiteSite
15950,24,18
timeStep,numberOfRobotsOnBlackSite,numberOfRobotsOnWhiteSite
15951,24,18
timeStep,numberOfRobotsOnBlackSite,numberOfRobotsOnWhiteSite
15952,24,18
timeStep,numberOfRobotsOnBlackSite,numberOfRobotsOnWhiteSite
15953,24,18
timeStep,numberOfRobotsOnBlackSite,numberOfRobotsOnWhiteSite
15954,24,18
timeStep,numberOfRobotsOnBlackSite,numberOfRobotsOnWhiteSite
15955,24,18
timeStep,numberOfRobotsOnBlackSite,numberOfRobotsOnWhiteSite
15956,24,18
timeStep,numberOfRobotsOnBlackSite,numberOfRobotsOnWhiteSite
15957,24,18
timeStep,numberOfRobotsOnBlackSite,numberOfRobotsOnWhiteSite
15958,24,18
timeStep,numberOfRobotsOnBlackSite,numberOfRobotsOnWhiteSite
15959,24,18
timeStep,numberOfRobotsOnBlackSite,numberOfRobotsOnWhiteSite
15960,24,18
timeStep,numberOfRobotsOnBlackSite,numberOfRobotsOnWhiteSite
15961,24,18
timeStep,numberOfRobotsOnBlackSite,numberOfRobotsOnWhiteSite
15962,24,18
timeStep,numberOfRobotsOnBlackSite,numberOfRobotsOnWhiteSite
15963,24,18
timeStep,numberOfRobotsOnBlackSite,numberOfRobotsOnWhiteSite
15964,24,18
timeStep,numberOfRobotsOnBlackSite,numberOfRobotsOnWhiteSite
15965,24,18
timeStep,numberOfRobotsOnBlackSite,numberOfRobotsOnWhiteSite
15966,24,18
timeStep,numberOfRobotsOnBlackSite,numberOfRobotsOnWhiteSite
15967,24,18
timeStep,numberOfRobotsOnBlackSite,numberOfRobotsOnWhiteSite
15968,24,18
timeStep,numberOfRobotsOnBlackSite,numberOfRobotsOnWhiteSite
15969,24,18
timeStep,numberOfRobotsOnBlackSite,numberOfRobotsOnWhiteSite
15970,25,18
timeStep,numberOfRobotsOnBlackSite,numberOfRobotsOnWhiteSite
15971,25,18
timeStep,numberOfRobotsOnBlackSite,numberOfRobotsOnWhiteSite
15972,25,18
timeStep,numberOfRobotsOnBlackSite,numberOfRobotsOnWhiteSite
15973,25,18
timeStep,numberOfRobotsOnBlackSite,numberOfRobotsOnWhiteSite
15974,25,18
timeStep,numberOfRobotsOnBlackSite,numberOfRobotsOnWhiteSite
15975,24,18
timeStep,numberOfRobotsOnBlackSite,numberOfRobotsOnWhiteSite
15976,24,18
timeStep,numberOfRobotsOnBlackSite,numberOfRobotsOnWhiteSite
15977,24,18
timeStep,numberOfRobotsOnBlackSite,numberOfRobotsOnWhiteSite
15978,24,18
timeStep,numberOfRobotsOnBlackSite,numberOfRobotsOnWhiteSite
15979,24,18
timeStep,numberOfRobotsOnBlackSite,numberOfRobotsOnWhiteSite
15980,24,18
timeStep,numberOfRobotsOnBlackSite,numberOfRobotsOnWhiteSite
15981,24,18
timeStep,numberOfRobotsOnBlackSite,numberOfRobotsOnWhiteSite
15982,24,18
timeStep,numberOfRobotsOnBlackSite,numberOfRobotsOnWhiteSite
15983,24,18
timeStep,numberOfRobotsOnBlackSite,numberOfRobotsOnWhiteSite
15984,24,18
timeStep,numberOfRobotsOnBlackSite,numberOfRobotsOnWhiteSite
15985,24,18
timeStep,numberOfRobotsOnBlackSite,numberOfRobotsOnWhiteSite
15986,24,18
timeStep,numberOfRobotsOnBlackSite,numberOfRobotsOnWhiteSite
15987,24,18
timeStep,numberOfRobotsOnBlackSite,numberOfRobotsOnWhiteSite
15988,24,18
timeStep,numberOfRobotsOnBlackSite,numberOfRobotsOnWhiteSite
15989,24,18
timeStep,numberOfRobotsOnBlackSite,numberOfRobotsOnWhiteSite
15990,25,18
timeStep,numberOfRobotsOnBlackSite,numberOfRobotsOnWhiteSite
15991,25,18
timeStep,numberOfRobotsOnBlackSite,numberOfRobotsOnWhiteSite
15992,25,18
timeStep,numberOfRobotsOnBlackSite,numberOfRobotsOnWhiteSite
15993,25,18
timeStep,numberOfRobotsOnBlackSite,numberOfRobotsOnWhiteSite
15994,25,18
timeStep,numberOfRobotsOnBlackSite,numberOfRobotsOnWhiteSite
15995,25,18
timeStep,numberOfRobotsOnBlackSite,numberOfRobotsOnWhiteSite
15996,25,18
timeStep,numberOfRobotsOnBlackSite,numberOfRobotsOnWhiteSite
15997,25,18
timeStep,numberOfRobotsOnBlackSite,numberOfRobotsOnWhiteSite
15998,25,18
timeStep,numberOfRobotsOnBlackSite,numberOfRobotsOnWhiteSite
15999,25,18
timeStep,numberOfRobotsOnBlackSite,numberOfRobotsOnWhiteSite
16000,25,18
timeStep,numberOfRobotsOnBlackSite,numberOfRobotsOnWhiteSite
16001,25,18
timeStep,numberOfRobotsOnBlackSite,numberOfRobotsOnWhiteSite
16002,25,18
timeStep,numberOfRobotsOnBlackSite,numberOfRobotsOnWhiteSite
16003,25,18
timeStep,numberOfRobotsOnBlackSite,numberOfRobotsOnWhiteSite
16004,25,18
timeStep,numberOfRobotsOnBlackSite,numberOfRobotsOnWhiteSite
16005,25,18
timeStep,numberOfRobotsOnBlackSite,numberOfRobotsOnWhiteSite
16006,25,18
timeStep,numberOfRobotsOnBlackSite,numberOfRobotsOnWhiteSite
16007,25,18
timeStep,numberOfRobotsOnBlackSite,numberOfRobotsOnWhiteSite
16008,25,18
timeStep,numberOfRobotsOnBlackSite,numberOfRobotsOnWhiteSite
16009,25,18
timeStep,numberOfRobotsOnBlackSite,numberOfRobotsOnWhiteSite
16010,25,18
timeStep,numberOfRobotsOnBlackSite,numberOfRobotsOnWhiteSite
16011,25,18
timeStep,numberOfRobotsOnBlackSite,numberOfRobotsOnWhiteSite
16012,25,18
timeStep,numberOfRobotsOnBlackSite,numberOfRobotsOnWhiteSite
16013,25,18
timeStep,numberOfRobotsOnBlackSite,numberOfRobotsOnWhiteSite
16014,25,18
timeStep,numberOfRobotsOnBlackSite,numberOfRobotsOnWhiteSite
16015,25,18
timeStep,numberOfRobotsOnBlackSite,numberOfRobotsOnWhiteSite
16016,25,18
timeStep,numberOfRobotsOnBlackSite,numberOfRobotsOnWhiteSite
16017,25,18
timeStep,numberOfRobotsOnBlackSite,numberOfRobotsOnWhiteSite
16018,25,18
timeStep,numberOfRobotsOnBlackSite,numberOfRobotsOnWhiteSite
16019,25,18
timeStep,numberOfRobotsOnBlackSite,numberOfRobotsOnWhiteSite
16020,25,18
timeStep,numberOfRobotsOnBlackSite,numberOfRobotsOnWhiteSite
16021,25,18
timeStep,numberOfRobotsOnBlackSite,numberOfRobotsOnWhiteSite
16022,25,18
timeStep,numberOfRobotsOnBlackSite,numberOfRobotsOnWhiteSite
16023,25,18
timeStep,numberOfRobotsOnBlackSite,numberOfRobotsOnWhiteSite
16024,25,18
timeStep,numberOfRobotsOnBlackSite,numberOfRobotsOnWhiteSite
16025,25,18
timeStep,numberOfRobotsOnBlackSite,numberOfRobotsOnWhiteSite
16026,25,18
timeStep,numberOfRobotsOnBlackSite,numberOfRobotsOnWhiteSite
16027,25,18
timeStep,numberOfRobotsOnBlackSite,numberOfRobotsOnWhiteSite
16028,25,18
timeStep,numberOfRobotsOnBlackSite,numberOfRobotsOnWhiteSite
16029,25,18
timeStep,numberOfRobotsOnBlackSite,numberOfRobotsOnWhiteSite
16030,25,18
timeStep,numberOfRobotsOnBlackSite,numberOfRobotsOnWhiteSite
16031,25,18
timeStep,numberOfRobotsOnBlackSite,numberOfRobotsOnWhiteSite
16032,25,18
timeStep,numberOfRobotsOnBlackSite,numberOfRobotsOnWhiteSite
16033,25,18
timeStep,numberOfRobotsOnBlackSite,numberOfRobotsOnWhiteSite
16034,25,18
timeStep,numberOfRobotsOnBlackSite,numberOfRobotsOnWhiteSite
16035,25,18
timeStep,numberOfRobotsOnBlackSite,numberOfRobotsOnWhiteSite
16036,25,18
timeStep,numberOfRobotsOnBlackSite,numberOfRobotsOnWhiteSite
16037,25,18
timeStep,numberOfRobotsOnBlackSite,numberOfRobotsOnWhiteSite
16038,25,18
timeStep,numberOfRobotsOnBlackSite,numberOfRobotsOnWhiteSite
16039,25,18
timeStep,numberOfRobotsOnBlackSite,numberOfRobotsOnWhiteSite
16040,24,18
timeStep,numberOfRobotsOnBlackSite,numberOfRobotsOnWhiteSite
16041,24,18
timeStep,numberOfRobotsOnBlackSite,numberOfRobotsOnWhiteSite
16042,24,18
timeStep,numberOfRobotsOnBlackSite,numberOfRobotsOnWhiteSite
16043,24,18
timeStep,numberOfRobotsOnBlackSite,numberOfRobotsOnWhiteSite
16044,24,18
timeStep,numberOfRobotsOnBlackSite,numberOfRobotsOnWhiteSite
16045,24,18
timeStep,numberOfRobotsOnBlackSite,numberOfRobotsOnWhiteSite
16046,24,18
timeStep,numberOfRobotsOnBlackSite,numberOfRobotsOnWhiteSite
16047,24,18
timeStep,numberOfRobotsOnBlackSite,numberOfRobotsOnWhiteSite
16048,24,18
timeStep,numberOfRobotsOnBlackSite,numberOfRobotsOnWhiteSite
16049,24,18
timeStep,numberOfRobotsOnBlackSite,numberOfRobotsOnWhiteSite
16050,24,18
timeStep,numberOfRobotsOnBlackSite,numberOfRobotsOnWhiteSite
16051,24,18
timeStep,numberOfRobotsOnBlackSite,numberOfRobotsOnWhiteSite
16052,24,18
timeStep,numberOfRobotsOnBlackSite,numberOfRobotsOnWhiteSite
16053,24,18
timeStep,numberOfRobotsOnBlackSite,numberOfRobotsOnWhiteSite
16054,24,18
timeStep,numberOfRobotsOnBlackSite,numberOfRobotsOnWhiteSite
16055,24,18
timeStep,numberOfRobotsOnBlackSite,numberOfRobotsOnWhiteSite
16056,24,18
timeStep,numberOfRobotsOnBlackSite,numberOfRobotsOnWhiteSite
16057,24,18
timeStep,numberOfRobotsOnBlackSite,numberOfRobotsOnWhiteSite
16058,24,18
timeStep,numberOfRobotsOnBlackSite,numberOfRobotsOnWhiteSite
16059,24,18
timeStep,numberOfRobotsOnBlackSite,numberOfRobotsOnWhiteSite
16060,24,18
timeStep,numberOfRobotsOnBlackSite,numberOfRobotsOnWhiteSite
16061,24,18
timeStep,numberOfRobotsOnBlackSite,numberOfRobotsOnWhiteSite
16062,24,18
timeStep,numberOfRobotsOnBlackSite,numberOfRobotsOnWhiteSite
16063,24,18
timeStep,numberOfRobotsOnBlackSite,numberOfRobotsOnWhiteSite
16064,24,18
timeStep,numberOfRobotsOnBlackSite,numberOfRobotsOnWhiteSite
16065,24,18
timeStep,numberOfRobotsOnBlackSite,numberOfRobotsOnWhiteSite
16066,24,18
timeStep,numberOfRobotsOnBlackSite,numberOfRobotsOnWhiteSite
16067,24,18
timeStep,numberOfRobotsOnBlackSite,numberOfRobotsOnWhiteSite
16068,24,18
timeStep,numberOfRobotsOnBlackSite,numberOfRobotsOnWhiteSite
16069,24,18
timeStep,numberOfRobotsOnBlackSite,numberOfRobotsOnWhiteSite
16070,24,18
timeStep,numberOfRobotsOnBlackSite,numberOfRobotsOnWhiteSite
16071,24,18
timeStep,numberOfRobotsOnBlackSite,numberOfRobotsOnWhiteSite
16072,24,18
timeStep,numberOfRobotsOnBlackSite,numberOfRobotsOnWhiteSite
16073,24,18
timeStep,numberOfRobotsOnBlackSite,numberOfRobotsOnWhiteSite
16074,24,18
timeStep,numberOfRobotsOnBlackSite,numberOfRobotsOnWhiteSite
16075,24,18
timeStep,numberOfRobotsOnBlackSite,numberOfRobotsOnWhiteSite
16076,24,18
timeStep,numberOfRobotsOnBlackSite,numberOfRobotsOnWhiteSite
16077,24,18
timeStep,numberOfRobotsOnBlackSite,numberOfRobotsOnWhiteSite
16078,24,18
timeStep,numberOfRobotsOnBlackSite,numberOfRobotsOnWhiteSite
16079,24,18
timeStep,numberOfRobotsOnBlackSite,numberOfRobotsOnWhiteSite
16080,25,18
timeStep,numberOfRobotsOnBlackSite,numberOfRobotsOnWhiteSite
16081,25,18
timeStep,numberOfRobotsOnBlackSite,numberOfRobotsOnWhiteSite
16082,25,18
timeStep,numberOfRobotsOnBlackSite,numberOfRobotsOnWhiteSite
16083,25,18
timeStep,numberOfRobotsOnBlackSite,numberOfRobotsOnWhiteSite
16084,25,18
timeStep,numberOfRobotsOnBlackSite,numberOfRobotsOnWhiteSite
16085,25,18
timeStep,numberOfRobotsOnBlackSite,numberOfRobotsOnWhiteSite
16086,25,18
timeStep,numberOfRobotsOnBlackSite,numberOfRobotsOnWhiteSite
16087,25,18
timeStep,numberOfRobotsOnBlackSite,numberOfRobotsOnWhiteSite
16088,25,18
timeStep,numberOfRobotsOnBlackSite,numberOfRobotsOnWhiteSite
16089,25,18
timeStep,numberOfRobotsOnBlackSite,numberOfRobotsOnWhiteSite
16090,25,18
timeStep,numberOfRobotsOnBlackSite,numberOfRobotsOnWhiteSite
16091,25,18
timeStep,numberOfRobotsOnBlackSite,numberOfRobotsOnWhiteSite
16092,25,18
timeStep,numberOfRobotsOnBlackSite,numberOfRobotsOnWhiteSite
16093,25,18
timeStep,numberOfRobotsOnBlackSite,numberOfRobotsOnWhiteSite
16094,25,18
timeStep,numberOfRobotsOnBlackSite,numberOfRobotsOnWhiteSite
16095,25,18
timeStep,numberOfRobotsOnBlackSite,numberOfRobotsOnWhiteSite
16096,25,18
timeStep,numberOfRobotsOnBlackSite,numberOfRobotsOnWhiteSite
16097,25,18
timeStep,numberOfRobotsOnBlackSite,numberOfRobotsOnWhiteSite
16098,25,18
timeStep,numberOfRobotsOnBlackSite,numberOfRobotsOnWhiteSite
16099,25,18
timeStep,numberOfRobotsOnBlackSite,numberOfRobotsOnWhiteSite
16100,25,18
timeStep,numberOfRobotsOnBlackSite,numberOfRobotsOnWhiteSite
16101,25,18
timeStep,numberOfRobotsOnBlackSite,numberOfRobotsOnWhiteSite
16102,25,18
timeStep,numberOfRobotsOnBlackSite,numberOfRobotsOnWhiteSite
16103,25,18
timeStep,numberOfRobotsOnBlackSite,numberOfRobotsOnWhiteSite
16104,25,18
timeStep,numberOfRobotsOnBlackSite,numberOfRobotsOnWhiteSite
16105,25,18
timeStep,numberOfRobotsOnBlackSite,numberOfRobotsOnWhiteSite
16106,25,18
timeStep,numberOfRobotsOnBlackSite,numberOfRobotsOnWhiteSite
16107,25,18
timeStep,numberOfRobotsOnBlackSite,numberOfRobotsOnWhiteSite
16108,25,18
timeStep,numberOfRobotsOnBlackSite,numberOfRobotsOnWhiteSite
16109,25,18
timeStep,numberOfRobotsOnBlackSite,numberOfRobotsOnWhiteSite
16110,25,18
timeStep,numberOfRobotsOnBlackSite,numberOfRobotsOnWhiteSite
16111,25,18
timeStep,numberOfRobotsOnBlackSite,numberOfRobotsOnWhiteSite
16112,25,18
timeStep,numberOfRobotsOnBlackSite,numberOfRobotsOnWhiteSite
16113,25,18
timeStep,numberOfRobotsOnBlackSite,numberOfRobotsOnWhiteSite
16114,25,18
timeStep,numberOfRobotsOnBlackSite,numberOfRobotsOnWhiteSite
16115,25,18
timeStep,numberOfRobotsOnBlackSite,numberOfRobotsOnWhiteSite
16116,25,18
timeStep,numberOfRobotsOnBlackSite,numberOfRobotsOnWhiteSite
16117,25,18
timeStep,numberOfRobotsOnBlackSite,numberOfRobotsOnWhiteSite
16118,25,18
timeStep,numberOfRobotsOnBlackSite,numberOfRobotsOnWhiteSite
16119,25,18
timeStep,numberOfRobotsOnBlackSite,numberOfRobotsOnWhiteSite
16120,25,18
timeStep,numberOfRobotsOnBlackSite,numberOfRobotsOnWhiteSite
16121,25,18
timeStep,numberOfRobotsOnBlackSite,numberOfRobotsOnWhiteSite
16122,25,18
timeStep,numberOfRobotsOnBlackSite,numberOfRobotsOnWhiteSite
16123,25,18
timeStep,numberOfRobotsOnBlackSite,numberOfRobotsOnWhiteSite
16124,25,18
timeStep,numberOfRobotsOnBlackSite,numberOfRobotsOnWhiteSite
16125,25,18
timeStep,numberOfRobotsOnBlackSite,numberOfRobotsOnWhiteSite
16126,25,18
timeStep,numberOfRobotsOnBlackSite,numberOfRobotsOnWhiteSite
16127,25,18
timeStep,numberOfRobotsOnBlackSite,numberOfRobotsOnWhiteSite
16128,25,18
timeStep,numberOfRobotsOnBlackSite,numberOfRobotsOnWhiteSite
16129,25,18
timeStep,numberOfRobotsOnBlackSite,numberOfRobotsOnWhiteSite
16130,25,18
timeStep,numberOfRobotsOnBlackSite,numberOfRobotsOnWhiteSite
16131,25,18
timeStep,numberOfRobotsOnBlackSite,numberOfRobotsOnWhiteSite
16132,25,18
timeStep,numberOfRobotsOnBlackSite,numberOfRobotsOnWhiteSite
16133,25,18
timeStep,numberOfRobotsOnBlackSite,numberOfRobotsOnWhiteSite
16134,25,18
timeStep,numberOfRobotsOnBlackSite,numberOfRobotsOnWhiteSite
16135,25,18
timeStep,numberOfRobotsOnBlackSite,numberOfRobotsOnWhiteSite
16136,25,18
timeStep,numberOfRobotsOnBlackSite,numberOfRobotsOnWhiteSite
16137,25,18
timeStep,numberOfRobotsOnBlackSite,numberOfRobotsOnWhiteSite
16138,25,18
timeStep,numberOfRobotsOnBlackSite,numberOfRobotsOnWhiteSite
16139,25,18
timeStep,numberOfRobotsOnBlackSite,numberOfRobotsOnWhiteSite
16140,26,18
timeStep,numberOfRobotsOnBlackSite,numberOfRobotsOnWhiteSite
16141,26,18
timeStep,numberOfRobotsOnBlackSite,numberOfRobotsOnWhiteSite
16142,26,18
timeStep,numberOfRobotsOnBlackSite,numberOfRobotsOnWhiteSite
16143,26,18
timeStep,numberOfRobotsOnBlackSite,numberOfRobotsOnWhiteSite
16144,26,18
timeStep,numberOfRobotsOnBlackSite,numberOfRobotsOnWhiteSite
16145,26,18
timeStep,numberOfRobotsOnBlackSite,numberOfRobotsOnWhiteSite
16146,26,18
timeStep,numberOfRobotsOnBlackSite,numberOfRobotsOnWhiteSite
16147,26,18
timeStep,numberOfRobotsOnBlackSite,numberOfRobotsOnWhiteSite
16148,26,18
timeStep,numberOfRobotsOnBlackSite,numberOfRobotsOnWhiteSite
16149,26,18
timeStep,numberOfRobotsOnBlackSite,numberOfRobotsOnWhiteSite
16150,26,18
timeStep,numberOfRobotsOnBlackSite,numberOfRobotsOnWhiteSite
16151,26,18
timeStep,numberOfRobotsOnBlackSite,numberOfRobotsOnWhiteSite
16152,26,18
timeStep,numberOfRobotsOnBlackSite,numberOfRobotsOnWhiteSite
16153,26,18
timeStep,numberOfRobotsOnBlackSite,numberOfRobotsOnWhiteSite
16154,26,18
timeStep,numberOfRobotsOnBlackSite,numberOfRobotsOnWhiteSite
16155,26,18
timeStep,numberOfRobotsOnBlackSite,numberOfRobotsOnWhiteSite
16156,26,18
timeStep,numberOfRobotsOnBlackSite,numberOfRobotsOnWhiteSite
16157,26,18
timeStep,numberOfRobotsOnBlackSite,numberOfRobotsOnWhiteSite
16158,26,18
timeStep,numberOfRobotsOnBlackSite,numberOfRobotsOnWhiteSite
16159,26,18
timeStep,numberOfRobotsOnBlackSite,numberOfRobotsOnWhiteSite
16160,26,18
timeStep,numberOfRobotsOnBlackSite,numberOfRobotsOnWhiteSite
16161,26,18
timeStep,numberOfRobotsOnBlackSite,numberOfRobotsOnWhiteSite
16162,26,18
timeStep,numberOfRobotsOnBlackSite,numberOfRobotsOnWhiteSite
16163,26,18
timeStep,numberOfRobotsOnBlackSite,numberOfRobotsOnWhiteSite
16164,26,18
timeStep,numberOfRobotsOnBlackSite,numberOfRobotsOnWhiteSite
16165,26,18
timeStep,numberOfRobotsOnBlackSite,numberOfRobotsOnWhiteSite
16166,26,18
timeStep,numberOfRobotsOnBlackSite,numberOfRobotsOnWhiteSite
16167,26,18
timeStep,numberOfRobotsOnBlackSite,numberOfRobotsOnWhiteSite
16168,26,18
timeStep,numberOfRobotsOnBlackSite,numberOfRobotsOnWhiteSite
16169,26,18
timeStep,numberOfRobotsOnBlackSite,numberOfRobotsOnWhiteSite
16170,26,18
timeStep,numberOfRobotsOnBlackSite,numberOfRobotsOnWhiteSite
16171,26,18
timeStep,numberOfRobotsOnBlackSite,numberOfRobotsOnWhiteSite
16172,26,18
timeStep,numberOfRobotsOnBlackSite,numberOfRobotsOnWhiteSite
16173,26,18
timeStep,numberOfRobotsOnBlackSite,numberOfRobotsOnWhiteSite
16174,26,18
timeStep,numberOfRobotsOnBlackSite,numberOfRobotsOnWhiteSite
16175,26,18
timeStep,numberOfRobotsOnBlackSite,numberOfRobotsOnWhiteSite
16176,26,18
timeStep,numberOfRobotsOnBlackSite,numberOfRobotsOnWhiteSite
16177,26,18
timeStep,numberOfRobotsOnBlackSite,numberOfRobotsOnWhiteSite
16178,26,18
timeStep,numberOfRobotsOnBlackSite,numberOfRobotsOnWhiteSite
16179,26,18
timeStep,numberOfRobotsOnBlackSite,numberOfRobotsOnWhiteSite
16180,26,18
timeStep,numberOfRobotsOnBlackSite,numberOfRobotsOnWhiteSite
16181,26,18
timeStep,numberOfRobotsOnBlackSite,numberOfRobotsOnWhiteSite
16182,26,18
timeStep,numberOfRobotsOnBlackSite,numberOfRobotsOnWhiteSite
16183,26,18
timeStep,numberOfRobotsOnBlackSite,numberOfRobotsOnWhiteSite
16184,26,18
timeStep,numberOfRobotsOnBlackSite,numberOfRobotsOnWhiteSite
16185,26,18
timeStep,numberOfRobotsOnBlackSite,numberOfRobotsOnWhiteSite
16186,26,18
timeStep,numberOfRobotsOnBlackSite,numberOfRobotsOnWhiteSite
16187,26,18
timeStep,numberOfRobotsOnBlackSite,numberOfRobotsOnWhiteSite
16188,26,18
timeStep,numberOfRobotsOnBlackSite,numberOfRobotsOnWhiteSite
16189,26,18
timeStep,numberOfRobotsOnBlackSite,numberOfRobotsOnWhiteSite
16190,25,18
timeStep,numberOfRobotsOnBlackSite,numberOfRobotsOnWhiteSite
16191,25,18
timeStep,numberOfRobotsOnBlackSite,numberOfRobotsOnWhiteSite
16192,25,18
timeStep,numberOfRobotsOnBlackSite,numberOfRobotsOnWhiteSite
16193,25,18
timeStep,numberOfRobotsOnBlackSite,numberOfRobotsOnWhiteSite
16194,25,18
timeStep,numberOfRobotsOnBlackSite,numberOfRobotsOnWhiteSite
16195,24,18
timeStep,numberOfRobotsOnBlackSite,numberOfRobotsOnWhiteSite
16196,24,18
timeStep,numberOfRobotsOnBlackSite,numberOfRobotsOnWhiteSite
16197,24,18
timeStep,numberOfRobotsOnBlackSite,numberOfRobotsOnWhiteSite
16198,24,18
timeStep,numberOfRobotsOnBlackSite,numberOfRobotsOnWhiteSite
16199,24,18
timeStep,numberOfRobotsOnBlackSite,numberOfRobotsOnWhiteSite
16200,24,18
timeStep,numberOfRobotsOnBlackSite,numberOfRobotsOnWhiteSite
16201,24,18
timeStep,numberOfRobotsOnBlackSite,numberOfRobotsOnWhiteSite
16202,24,18
timeStep,numberOfRobotsOnBlackSite,numberOfRobotsOnWhiteSite
16203,24,18
timeStep,numberOfRobotsOnBlackSite,numberOfRobotsOnWhiteSite
16204,24,18
timeStep,numberOfRobotsOnBlackSite,numberOfRobotsOnWhiteSite
16205,24,18
timeStep,numberOfRobotsOnBlackSite,numberOfRobotsOnWhiteSite
16206,24,18
timeStep,numberOfRobotsOnBlackSite,numberOfRobotsOnWhiteSite
16207,24,18
timeStep,numberOfRobotsOnBlackSite,numberOfRobotsOnWhiteSite
16208,24,18
timeStep,numberOfRobotsOnBlackSite,numberOfRobotsOnWhiteSite
16209,24,18
timeStep,numberOfRobotsOnBlackSite,numberOfRobotsOnWhiteSite
16210,24,18
timeStep,numberOfRobotsOnBlackSite,numberOfRobotsOnWhiteSite
16211,24,18
timeStep,numberOfRobotsOnBlackSite,numberOfRobotsOnWhiteSite
16212,24,18
timeStep,numberOfRobotsOnBlackSite,numberOfRobotsOnWhiteSite
16213,24,18
timeStep,numberOfRobotsOnBlackSite,numberOfRobotsOnWhiteSite
16214,24,18
timeStep,numberOfRobotsOnBlackSite,numberOfRobotsOnWhiteSite
16215,24,18
timeStep,numberOfRobotsOnBlackSite,numberOfRobotsOnWhiteSite
16216,24,18
timeStep,numberOfRobotsOnBlackSite,numberOfRobotsOnWhiteSite
16217,24,18
timeStep,numberOfRobotsOnBlackSite,numberOfRobotsOnWhiteSite
16218,24,18
timeStep,numberOfRobotsOnBlackSite,numberOfRobotsOnWhiteSite
16219,24,18
timeStep,numberOfRobotsOnBlackSite,numberOfRobotsOnWhiteSite
16220,24,18
timeStep,numberOfRobotsOnBlackSite,numberOfRobotsOnWhiteSite
16221,24,18
timeStep,numberOfRobotsOnBlackSite,numberOfRobotsOnWhiteSite
16222,24,18
timeStep,numberOfRobotsOnBlackSite,numberOfRobotsOnWhiteSite
16223,24,18
timeStep,numberOfRobotsOnBlackSite,numberOfRobotsOnWhiteSite
16224,24,18
timeStep,numberOfRobotsOnBlackSite,numberOfRobotsOnWhiteSite
16225,24,18
timeStep,numberOfRobotsOnBlackSite,numberOfRobotsOnWhiteSite
16226,24,18
timeStep,numberOfRobotsOnBlackSite,numberOfRobotsOnWhiteSite
16227,24,18
timeStep,numberOfRobotsOnBlackSite,numberOfRobotsOnWhiteSite
16228,24,18
timeStep,numberOfRobotsOnBlackSite,numberOfRobotsOnWhiteSite
16229,24,18
timeStep,numberOfRobotsOnBlackSite,numberOfRobotsOnWhiteSite
16230,24,18
timeStep,numberOfRobotsOnBlackSite,numberOfRobotsOnWhiteSite
16231,24,18
timeStep,numberOfRobotsOnBlackSite,numberOfRobotsOnWhiteSite
16232,24,18
timeStep,numberOfRobotsOnBlackSite,numberOfRobotsOnWhiteSite
16233,24,18
timeStep,numberOfRobotsOnBlackSite,numberOfRobotsOnWhiteSite
16234,24,18
timeStep,numberOfRobotsOnBlackSite,numberOfRobotsOnWhiteSite
16235,24,18
timeStep,numberOfRobotsOnBlackSite,numberOfRobotsOnWhiteSite
16236,24,18
timeStep,numberOfRobotsOnBlackSite,numberOfRobotsOnWhiteSite
16237,24,18
timeStep,numberOfRobotsOnBlackSite,numberOfRobotsOnWhiteSite
16238,24,18
timeStep,numberOfRobotsOnBlackSite,numberOfRobotsOnWhiteSite
16239,24,18
timeStep,numberOfRobotsOnBlackSite,numberOfRobotsOnWhiteSite
16240,24,18
timeStep,numberOfRobotsOnBlackSite,numberOfRobotsOnWhiteSite
16241,24,18
timeStep,numberOfRobotsOnBlackSite,numberOfRobotsOnWhiteSite
16242,24,18
timeStep,numberOfRobotsOnBlackSite,numberOfRobotsOnWhiteSite
16243,24,18
timeStep,numberOfRobotsOnBlackSite,numberOfRobotsOnWhiteSite
16244,24,18
timeStep,numberOfRobotsOnBlackSite,numberOfRobotsOnWhiteSite
16245,24,18
timeStep,numberOfRobotsOnBlackSite,numberOfRobotsOnWhiteSite
16246,24,18
timeStep,numberOfRobotsOnBlackSite,numberOfRobotsOnWhiteSite
16247,24,18
timeStep,numberOfRobotsOnBlackSite,numberOfRobotsOnWhiteSite
16248,24,18
timeStep,numberOfRobotsOnBlackSite,numberOfRobotsOnWhiteSite
16249,24,18
timeStep,numberOfRobotsOnBlackSite,numberOfRobotsOnWhiteSite
16250,24,18
timeStep,numberOfRobotsOnBlackSite,numberOfRobotsOnWhiteSite
16251,24,18
timeStep,numberOfRobotsOnBlackSite,numberOfRobotsOnWhiteSite
16252,24,18
timeStep,numberOfRobotsOnBlackSite,numberOfRobotsOnWhiteSite
16253,24,18
timeStep,numberOfRobotsOnBlackSite,numberOfRobotsOnWhiteSite
16254,24,18
timeStep,numberOfRobotsOnBlackSite,numberOfRobotsOnWhiteSite
16255,24,18
timeStep,numberOfRobotsOnBlackSite,numberOfRobotsOnWhiteSite
16256,24,18
timeStep,numberOfRobotsOnBlackSite,numberOfRobotsOnWhiteSite
16257,24,18
timeStep,numberOfRobotsOnBlackSite,numberOfRobotsOnWhiteSite
16258,24,18
timeStep,numberOfRobotsOnBlackSite,numberOfRobotsOnWhiteSite
16259,24,18
timeStep,numberOfRobotsOnBlackSite,numberOfRobotsOnWhiteSite
16260,25,18
timeStep,numberOfRobotsOnBlackSite,numberOfRobotsOnWhiteSite
16261,25,18
timeStep,numberOfRobotsOnBlackSite,numberOfRobotsOnWhiteSite
16262,25,18
timeStep,numberOfRobotsOnBlackSite,numberOfRobotsOnWhiteSite
16263,25,18
timeStep,numberOfRobotsOnBlackSite,numberOfRobotsOnWhiteSite
16264,25,18
timeStep,numberOfRobotsOnBlackSite,numberOfRobotsOnWhiteSite
16265,25,18
timeStep,numberOfRobotsOnBlackSite,numberOfRobotsOnWhiteSite
16266,25,18
timeStep,numberOfRobotsOnBlackSite,numberOfRobotsOnWhiteSite
16267,25,18
timeStep,numberOfRobotsOnBlackSite,numberOfRobotsOnWhiteSite
16268,25,18
timeStep,numberOfRobotsOnBlackSite,numberOfRobotsOnWhiteSite
16269,25,18
timeStep,numberOfRobotsOnBlackSite,numberOfRobotsOnWhiteSite
16270,25,18
timeStep,numberOfRobotsOnBlackSite,numberOfRobotsOnWhiteSite
16271,25,18
timeStep,numberOfRobotsOnBlackSite,numberOfRobotsOnWhiteSite
16272,25,18
timeStep,numberOfRobotsOnBlackSite,numberOfRobotsOnWhiteSite
16273,25,18
timeStep,numberOfRobotsOnBlackSite,numberOfRobotsOnWhiteSite
16274,25,18
timeStep,numberOfRobotsOnBlackSite,numberOfRobotsOnWhiteSite
16275,25,18
timeStep,numberOfRobotsOnBlackSite,numberOfRobotsOnWhiteSite
16276,25,18
timeStep,numberOfRobotsOnBlackSite,numberOfRobotsOnWhiteSite
16277,25,18
timeStep,numberOfRobotsOnBlackSite,numberOfRobotsOnWhiteSite
16278,25,18
timeStep,numberOfRobotsOnBlackSite,numberOfRobotsOnWhiteSite
16279,25,18
timeStep,numberOfRobotsOnBlackSite,numberOfRobotsOnWhiteSite
16280,25,18
timeStep,numberOfRobotsOnBlackSite,numberOfRobotsOnWhiteSite
16281,25,18
timeStep,numberOfRobotsOnBlackSite,numberOfRobotsOnWhiteSite
16282,25,18
timeStep,numberOfRobotsOnBlackSite,numberOfRobotsOnWhiteSite
16283,25,18
timeStep,numberOfRobotsOnBlackSite,numberOfRobotsOnWhiteSite
16284,25,18
timeStep,numberOfRobotsOnBlackSite,numberOfRobotsOnWhiteSite
16285,25,18
timeStep,numberOfRobotsOnBlackSite,numberOfRobotsOnWhiteSite
16286,25,18
timeStep,numberOfRobotsOnBlackSite,numberOfRobotsOnWhiteSite
16287,25,18
timeStep,numberOfRobotsOnBlackSite,numberOfRobotsOnWhiteSite
16288,25,18
timeStep,numberOfRobotsOnBlackSite,numberOfRobotsOnWhiteSite
16289,25,18
timeStep,numberOfRobotsOnBlackSite,numberOfRobotsOnWhiteSite
16290,25,18
timeStep,numberOfRobotsOnBlackSite,numberOfRobotsOnWhiteSite
16291,25,18
timeStep,numberOfRobotsOnBlackSite,numberOfRobotsOnWhiteSite
16292,25,18
timeStep,numberOfRobotsOnBlackSite,numberOfRobotsOnWhiteSite
16293,25,18
timeStep,numberOfRobotsOnBlackSite,numberOfRobotsOnWhiteSite
16294,25,18
timeStep,numberOfRobotsOnBlackSite,numberOfRobotsOnWhiteSite
16295,25,18
timeStep,numberOfRobotsOnBlackSite,numberOfRobotsOnWhiteSite
16296,25,18
timeStep,numberOfRobotsOnBlackSite,numberOfRobotsOnWhiteSite
16297,25,18
timeStep,numberOfRobotsOnBlackSite,numberOfRobotsOnWhiteSite
16298,25,18
timeStep,numberOfRobotsOnBlackSite,numberOfRobotsOnWhiteSite
16299,25,18
timeStep,numberOfRobotsOnBlackSite,numberOfRobotsOnWhiteSite
16300,25,18
timeStep,numberOfRobotsOnBlackSite,numberOfRobotsOnWhiteSite
16301,25,18
timeStep,numberOfRobotsOnBlackSite,numberOfRobotsOnWhiteSite
16302,25,18
timeStep,numberOfRobotsOnBlackSite,numberOfRobotsOnWhiteSite
16303,25,18
timeStep,numberOfRobotsOnBlackSite,numberOfRobotsOnWhiteSite
16304,25,18
timeStep,numberOfRobotsOnBlackSite,numberOfRobotsOnWhiteSite
16305,25,18
timeStep,numberOfRobotsOnBlackSite,numberOfRobotsOnWhiteSite
16306,25,18
timeStep,numberOfRobotsOnBlackSite,numberOfRobotsOnWhiteSite
16307,25,18
timeStep,numberOfRobotsOnBlackSite,numberOfRobotsOnWhiteSite
16308,25,18
timeStep,numberOfRobotsOnBlackSite,numberOfRobotsOnWhiteSite
16309,25,18
timeStep,numberOfRobotsOnBlackSite,numberOfRobotsOnWhiteSite
16310,25,18
timeStep,numberOfRobotsOnBlackSite,numberOfRobotsOnWhiteSite
16311,25,18
timeStep,numberOfRobotsOnBlackSite,numberOfRobotsOnWhiteSite
16312,25,18
timeStep,numberOfRobotsOnBlackSite,numberOfRobotsOnWhiteSite
16313,25,18
timeStep,numberOfRobotsOnBlackSite,numberOfRobotsOnWhiteSite
16314,25,18
timeStep,numberOfRobotsOnBlackSite,numberOfRobotsOnWhiteSite
16315,25,18
timeStep,numberOfRobotsOnBlackSite,numberOfRobotsOnWhiteSite
16316,25,18
timeStep,numberOfRobotsOnBlackSite,numberOfRobotsOnWhiteSite
16317,25,18
timeStep,numberOfRobotsOnBlackSite,numberOfRobotsOnWhiteSite
16318,25,18
timeStep,numberOfRobotsOnBlackSite,numberOfRobotsOnWhiteSite
16319,25,18
timeStep,numberOfRobotsOnBlackSite,numberOfRobotsOnWhiteSite
16320,25,18
timeStep,numberOfRobotsOnBlackSite,numberOfRobotsOnWhiteSite
16321,25,18
timeStep,numberOfRobotsOnBlackSite,numberOfRobotsOnWhiteSite
16322,25,18
timeStep,numberOfRobotsOnBlackSite,numberOfRobotsOnWhiteSite
16323,25,18
timeStep,numberOfRobotsOnBlackSite,numberOfRobotsOnWhiteSite
16324,25,18
timeStep,numberOfRobotsOnBlackSite,numberOfRobotsOnWhiteSite
16325,25,18
timeStep,numberOfRobotsOnBlackSite,numberOfRobotsOnWhiteSite
16326,25,18
timeStep,numberOfRobotsOnBlackSite,numberOfRobotsOnWhiteSite
16327,25,18
timeStep,numberOfRobotsOnBlackSite,numberOfRobotsOnWhiteSite
16328,25,18
timeStep,numberOfRobotsOnBlackSite,numberOfRobotsOnWhiteSite
16329,25,18
timeStep,numberOfRobotsOnBlackSite,numberOfRobotsOnWhiteSite
16330,25,18
timeStep,numberOfRobotsOnBlackSite,numberOfRobotsOnWhiteSite
16331,25,18
timeStep,numberOfRobotsOnBlackSite,numberOfRobotsOnWhiteSite
16332,25,18
timeStep,numberOfRobotsOnBlackSite,numberOfRobotsOnWhiteSite
16333,25,18
timeStep,numberOfRobotsOnBlackSite,numberOfRobotsOnWhiteSite
16334,25,18
timeStep,numberOfRobotsOnBlackSite,numberOfRobotsOnWhiteSite
16335,25,18
timeStep,numberOfRobotsOnBlackSite,numberOfRobotsOnWhiteSite
16336,25,18
timeStep,numberOfRobotsOnBlackSite,numberOfRobotsOnWhiteSite
16337,25,18
timeStep,numberOfRobotsOnBlackSite,numberOfRobotsOnWhiteSite
16338,25,18
timeStep,numberOfRobotsOnBlackSite,numberOfRobotsOnWhiteSite
16339,25,18
timeStep,numberOfRobotsOnBlackSite,numberOfRobotsOnWhiteSite
16340,25,18
timeStep,numberOfRobotsOnBlackSite,numberOfRobotsOnWhiteSite
16341,25,18
timeStep,numberOfRobotsOnBlackSite,numberOfRobotsOnWhiteSite
16342,25,18
timeStep,numberOfRobotsOnBlackSite,numberOfRobotsOnWhiteSite
16343,25,18
timeStep,numberOfRobotsOnBlackSite,numberOfRobotsOnWhiteSite
16344,25,18
timeStep,numberOfRobotsOnBlackSite,numberOfRobotsOnWhiteSite
16345,25,18
timeStep,numberOfRobotsOnBlackSite,numberOfRobotsOnWhiteSite
16346,25,18
timeStep,numberOfRobotsOnBlackSite,numberOfRobotsOnWhiteSite
16347,25,18
timeStep,numberOfRobotsOnBlackSite,numberOfRobotsOnWhiteSite
16348,25,18
timeStep,numberOfRobotsOnBlackSite,numberOfRobotsOnWhiteSite
16349,25,18
timeStep,numberOfRobotsOnBlackSite,numberOfRobotsOnWhiteSite
16350,25,18
timeStep,numberOfRobotsOnBlackSite,numberOfRobotsOnWhiteSite
16351,25,18
timeStep,numberOfRobotsOnBlackSite,numberOfRobotsOnWhiteSite
16352,25,18
timeStep,numberOfRobotsOnBlackSite,numberOfRobotsOnWhiteSite
16353,25,18
timeStep,numberOfRobotsOnBlackSite,numberOfRobotsOnWhiteSite
16354,25,18
timeStep,numberOfRobotsOnBlackSite,numberOfRobotsOnWhiteSite
16355,25,18
timeStep,numberOfRobotsOnBlackSite,numberOfRobotsOnWhiteSite
16356,25,18
timeStep,numberOfRobotsOnBlackSite,numberOfRobotsOnWhiteSite
16357,25,18
timeStep,numberOfRobotsOnBlackSite,numberOfRobotsOnWhiteSite
16358,25,18
timeStep,numberOfRobotsOnBlackSite,numberOfRobotsOnWhiteSite
16359,25,18
timeStep,numberOfRobotsOnBlackSite,numberOfRobotsOnWhiteSite
16360,25,18
timeStep,numberOfRobotsOnBlackSite,numberOfRobotsOnWhiteSite
16361,25,18
timeStep,numberOfRobotsOnBlackSite,numberOfRobotsOnWhiteSite
16362,25,18
timeStep,numberOfRobotsOnBlackSite,numberOfRobotsOnWhiteSite
16363,25,18
timeStep,numberOfRobotsOnBlackSite,numberOfRobotsOnWhiteSite
16364,25,18
timeStep,numberOfRobotsOnBlackSite,numberOfRobotsOnWhiteSite
16365,25,18
timeStep,numberOfRobotsOnBlackSite,numberOfRobotsOnWhiteSite
16366,25,18
timeStep,numberOfRobotsOnBlackSite,numberOfRobotsOnWhiteSite
16367,25,18
timeStep,numberOfRobotsOnBlackSite,numberOfRobotsOnWhiteSite
16368,25,18
timeStep,numberOfRobotsOnBlackSite,numberOfRobotsOnWhiteSite
16369,25,18
timeStep,numberOfRobotsOnBlackSite,numberOfRobotsOnWhiteSite
16370,25,18
timeStep,numberOfRobotsOnBlackSite,numberOfRobotsOnWhiteSite
16371,25,18
timeStep,numberOfRobotsOnBlackSite,numberOfRobotsOnWhiteSite
16372,25,18
timeStep,numberOfRobotsOnBlackSite,numberOfRobotsOnWhiteSite
16373,25,18
timeStep,numberOfRobotsOnBlackSite,numberOfRobotsOnWhiteSite
16374,25,18
timeStep,numberOfRobotsOnBlackSite,numberOfRobotsOnWhiteSite
16375,25,18
timeStep,numberOfRobotsOnBlackSite,numberOfRobotsOnWhiteSite
16376,25,18
timeStep,numberOfRobotsOnBlackSite,numberOfRobotsOnWhiteSite
16377,25,18
timeStep,numberOfRobotsOnBlackSite,numberOfRobotsOnWhiteSite
16378,25,18
timeStep,numberOfRobotsOnBlackSite,numberOfRobotsOnWhiteSite
16379,25,18
timeStep,numberOfRobotsOnBlackSite,numberOfRobotsOnWhiteSite
16380,25,18
timeStep,numberOfRobotsOnBlackSite,numberOfRobotsOnWhiteSite
16381,25,18
timeStep,numberOfRobotsOnBlackSite,numberOfRobotsOnWhiteSite
16382,25,18
timeStep,numberOfRobotsOnBlackSite,numberOfRobotsOnWhiteSite
16383,25,18
timeStep,numberOfRobotsOnBlackSite,numberOfRobotsOnWhiteSite
16384,25,18
timeStep,numberOfRobotsOnBlackSite,numberOfRobotsOnWhiteSite
16385,25,17
timeStep,numberOfRobotsOnBlackSite,numberOfRobotsOnWhiteSite
16386,25,17
timeStep,numberOfRobotsOnBlackSite,numberOfRobotsOnWhiteSite
16387,25,17
timeStep,numberOfRobotsOnBlackSite,numberOfRobotsOnWhiteSite
16388,25,17
timeStep,numberOfRobotsOnBlackSite,numberOfRobotsOnWhiteSite
16389,25,17
timeStep,numberOfRobotsOnBlackSite,numberOfRobotsOnWhiteSite
16390,25,17
timeStep,numberOfRobotsOnBlackSite,numberOfRobotsOnWhiteSite
16391,25,17
timeStep,numberOfRobotsOnBlackSite,numberOfRobotsOnWhiteSite
16392,25,17
timeStep,numberOfRobotsOnBlackSite,numberOfRobotsOnWhiteSite
16393,25,17
timeStep,numberOfRobotsOnBlackSite,numberOfRobotsOnWhiteSite
16394,25,17
timeStep,numberOfRobotsOnBlackSite,numberOfRobotsOnWhiteSite
16395,25,17
timeStep,numberOfRobotsOnBlackSite,numberOfRobotsOnWhiteSite
16396,25,17
timeStep,numberOfRobotsOnBlackSite,numberOfRobotsOnWhiteSite
16397,25,17
timeStep,numberOfRobotsOnBlackSite,numberOfRobotsOnWhiteSite
16398,25,17
timeStep,numberOfRobotsOnBlackSite,numberOfRobotsOnWhiteSite
16399,25,17
timeStep,numberOfRobotsOnBlackSite,numberOfRobotsOnWhiteSite
16400,25,17
timeStep,numberOfRobotsOnBlackSite,numberOfRobotsOnWhiteSite
16401,25,17
timeStep,numberOfRobotsOnBlackSite,numberOfRobotsOnWhiteSite
16402,25,17
timeStep,numberOfRobotsOnBlackSite,numberOfRobotsOnWhiteSite
16403,25,17
timeStep,numberOfRobotsOnBlackSite,numberOfRobotsOnWhiteSite
16404,25,17
timeStep,numberOfRobotsOnBlackSite,numberOfRobotsOnWhiteSite
16405,25,17
timeStep,numberOfRobotsOnBlackSite,numberOfRobotsOnWhiteSite
16406,25,17
timeStep,numberOfRobotsOnBlackSite,numberOfRobotsOnWhiteSite
16407,25,17
timeStep,numberOfRobotsOnBlackSite,numberOfRobotsOnWhiteSite
16408,25,17
timeStep,numberOfRobotsOnBlackSite,numberOfRobotsOnWhiteSite
16409,25,17
timeStep,numberOfRobotsOnBlackSite,numberOfRobotsOnWhiteSite
16410,25,17
timeStep,numberOfRobotsOnBlackSite,numberOfRobotsOnWhiteSite
16411,25,17
timeStep,numberOfRobotsOnBlackSite,numberOfRobotsOnWhiteSite
16412,25,17
timeStep,numberOfRobotsOnBlackSite,numberOfRobotsOnWhiteSite
16413,25,17
timeStep,numberOfRobotsOnBlackSite,numberOfRobotsOnWhiteSite
16414,25,17
timeStep,numberOfRobotsOnBlackSite,numberOfRobotsOnWhiteSite
16415,25,17
timeStep,numberOfRobotsOnBlackSite,numberOfRobotsOnWhiteSite
16416,25,17
timeStep,numberOfRobotsOnBlackSite,numberOfRobotsOnWhiteSite
16417,25,17
timeStep,numberOfRobotsOnBlackSite,numberOfRobotsOnWhiteSite
16418,25,17
timeStep,numberOfRobotsOnBlackSite,numberOfRobotsOnWhiteSite
16419,25,17
timeStep,numberOfRobotsOnBlackSite,numberOfRobotsOnWhiteSite
16420,25,17
timeStep,numberOfRobotsOnBlackSite,numberOfRobotsOnWhiteSite
16421,25,17
timeStep,numberOfRobotsOnBlackSite,numberOfRobotsOnWhiteSite
16422,25,17
timeStep,numberOfRobotsOnBlackSite,numberOfRobotsOnWhiteSite
16423,25,17
timeStep,numberOfRobotsOnBlackSite,numberOfRobotsOnWhiteSite
16424,25,17
timeStep,numberOfRobotsOnBlackSite,numberOfRobotsOnWhiteSite
16425,25,17
timeStep,numberOfRobotsOnBlackSite,numberOfRobotsOnWhiteSite
16426,25,17
timeStep,numberOfRobotsOnBlackSite,numberOfRobotsOnWhiteSite
16427,25,17
timeStep,numberOfRobotsOnBlackSite,numberOfRobotsOnWhiteSite
16428,25,17
timeStep,numberOfRobotsOnBlackSite,numberOfRobotsOnWhiteSite
16429,25,17
timeStep,numberOfRobotsOnBlackSite,numberOfRobotsOnWhiteSite
16430,25,17
timeStep,numberOfRobotsOnBlackSite,numberOfRobotsOnWhiteSite
16431,25,17
timeStep,numberOfRobotsOnBlackSite,numberOfRobotsOnWhiteSite
16432,25,17
timeStep,numberOfRobotsOnBlackSite,numberOfRobotsOnWhiteSite
16433,25,17
timeStep,numberOfRobotsOnBlackSite,numberOfRobotsOnWhiteSite
16434,25,17
timeStep,numberOfRobotsOnBlackSite,numberOfRobotsOnWhiteSite
16435,24,17
timeStep,numberOfRobotsOnBlackSite,numberOfRobotsOnWhiteSite
16436,24,17
timeStep,numberOfRobotsOnBlackSite,numberOfRobotsOnWhiteSite
16437,24,17
timeStep,numberOfRobotsOnBlackSite,numberOfRobotsOnWhiteSite
16438,24,17
timeStep,numberOfRobotsOnBlackSite,numberOfRobotsOnWhiteSite
16439,24,17
timeStep,numberOfRobotsOnBlackSite,numberOfRobotsOnWhiteSite
16440,24,17
timeStep,numberOfRobotsOnBlackSite,numberOfRobotsOnWhiteSite
16441,24,17
timeStep,numberOfRobotsOnBlackSite,numberOfRobotsOnWhiteSite
16442,24,17
timeStep,numberOfRobotsOnBlackSite,numberOfRobotsOnWhiteSite
16443,24,17
timeStep,numberOfRobotsOnBlackSite,numberOfRobotsOnWhiteSite
16444,24,17
timeStep,numberOfRobotsOnBlackSite,numberOfRobotsOnWhiteSite
16445,23,17
timeStep,numberOfRobotsOnBlackSite,numberOfRobotsOnWhiteSite
16446,23,17
timeStep,numberOfRobotsOnBlackSite,numberOfRobotsOnWhiteSite
16447,23,17
timeStep,numberOfRobotsOnBlackSite,numberOfRobotsOnWhiteSite
16448,23,17
timeStep,numberOfRobotsOnBlackSite,numberOfRobotsOnWhiteSite
16449,23,17
timeStep,numberOfRobotsOnBlackSite,numberOfRobotsOnWhiteSite
16450,23,17
timeStep,numberOfRobotsOnBlackSite,numberOfRobotsOnWhiteSite
16451,23,17
timeStep,numberOfRobotsOnBlackSite,numberOfRobotsOnWhiteSite
16452,23,17
timeStep,numberOfRobotsOnBlackSite,numberOfRobotsOnWhiteSite
16453,23,17
timeStep,numberOfRobotsOnBlackSite,numberOfRobotsOnWhiteSite
16454,23,17
timeStep,numberOfRobotsOnBlackSite,numberOfRobotsOnWhiteSite
16455,23,17
timeStep,numberOfRobotsOnBlackSite,numberOfRobotsOnWhiteSite
16456,23,17
timeStep,numberOfRobotsOnBlackSite,numberOfRobotsOnWhiteSite
16457,23,17
timeStep,numberOfRobotsOnBlackSite,numberOfRobotsOnWhiteSite
16458,23,17
timeStep,numberOfRobotsOnBlackSite,numberOfRobotsOnWhiteSite
16459,23,17
timeStep,numberOfRobotsOnBlackSite,numberOfRobotsOnWhiteSite
16460,23,17
timeStep,numberOfRobotsOnBlackSite,numberOfRobotsOnWhiteSite
16461,23,17
timeStep,numberOfRobotsOnBlackSite,numberOfRobotsOnWhiteSite
16462,23,17
timeStep,numberOfRobotsOnBlackSite,numberOfRobotsOnWhiteSite
16463,23,17
timeStep,numberOfRobotsOnBlackSite,numberOfRobotsOnWhiteSite
16464,23,17
timeStep,numberOfRobotsOnBlackSite,numberOfRobotsOnWhiteSite
16465,23,17
timeStep,numberOfRobotsOnBlackSite,numberOfRobotsOnWhiteSite
16466,23,17
timeStep,numberOfRobotsOnBlackSite,numberOfRobotsOnWhiteSite
16467,23,17
timeStep,numberOfRobotsOnBlackSite,numberOfRobotsOnWhiteSite
16468,23,17
timeStep,numberOfRobotsOnBlackSite,numberOfRobotsOnWhiteSite
16469,23,17
timeStep,numberOfRobotsOnBlackSite,numberOfRobotsOnWhiteSite
16470,23,17
timeStep,numberOfRobotsOnBlackSite,numberOfRobotsOnWhiteSite
16471,23,17
timeStep,numberOfRobotsOnBlackSite,numberOfRobotsOnWhiteSite
16472,23,17
timeStep,numberOfRobotsOnBlackSite,numberOfRobotsOnWhiteSite
16473,23,17
timeStep,numberOfRobotsOnBlackSite,numberOfRobotsOnWhiteSite
16474,23,17
timeStep,numberOfRobotsOnBlackSite,numberOfRobotsOnWhiteSite
16475,23,17
timeStep,numberOfRobotsOnBlackSite,numberOfRobotsOnWhiteSite
16476,23,17
timeStep,numberOfRobotsOnBlackSite,numberOfRobotsOnWhiteSite
16477,23,17
timeStep,numberOfRobotsOnBlackSite,numberOfRobotsOnWhiteSite
16478,23,17
timeStep,numberOfRobotsOnBlackSite,numberOfRobotsOnWhiteSite
16479,23,17
timeStep,numberOfRobotsOnBlackSite,numberOfRobotsOnWhiteSite
16480,23,17
timeStep,numberOfRobotsOnBlackSite,numberOfRobotsOnWhiteSite
16481,23,17
timeStep,numberOfRobotsOnBlackSite,numberOfRobotsOnWhiteSite
16482,23,17
timeStep,numberOfRobotsOnBlackSite,numberOfRobotsOnWhiteSite
16483,23,17
timeStep,numberOfRobotsOnBlackSite,numberOfRobotsOnWhiteSite
16484,23,17
timeStep,numberOfRobotsOnBlackSite,numberOfRobotsOnWhiteSite
16485,23,17
timeStep,numberOfRobotsOnBlackSite,numberOfRobotsOnWhiteSite
16486,23,17
timeStep,numberOfRobotsOnBlackSite,numberOfRobotsOnWhiteSite
16487,23,17
timeStep,numberOfRobotsOnBlackSite,numberOfRobotsOnWhiteSite
16488,23,17
timeStep,numberOfRobotsOnBlackSite,numberOfRobotsOnWhiteSite
16489,23,17
timeStep,numberOfRobotsOnBlackSite,numberOfRobotsOnWhiteSite
16490,24,17
timeStep,numberOfRobotsOnBlackSite,numberOfRobotsOnWhiteSite
16491,24,17
timeStep,numberOfRobotsOnBlackSite,numberOfRobotsOnWhiteSite
16492,24,17
timeStep,numberOfRobotsOnBlackSite,numberOfRobotsOnWhiteSite
16493,24,17
timeStep,numberOfRobotsOnBlackSite,numberOfRobotsOnWhiteSite
16494,24,17
timeStep,numberOfRobotsOnBlackSite,numberOfRobotsOnWhiteSite
16495,24,17
timeStep,numberOfRobotsOnBlackSite,numberOfRobotsOnWhiteSite
16496,24,17
timeStep,numberOfRobotsOnBlackSite,numberOfRobotsOnWhiteSite
16497,24,17
timeStep,numberOfRobotsOnBlackSite,numberOfRobotsOnWhiteSite
16498,24,17
timeStep,numberOfRobotsOnBlackSite,numberOfRobotsOnWhiteSite
16499,24,17
timeStep,numberOfRobotsOnBlackSite,numberOfRobotsOnWhiteSite
16500,24,17
timeStep,numberOfRobotsOnBlackSite,numberOfRobotsOnWhiteSite
16501,24,17
timeStep,numberOfRobotsOnBlackSite,numberOfRobotsOnWhiteSite
16502,24,17
timeStep,numberOfRobotsOnBlackSite,numberOfRobotsOnWhiteSite
16503,24,17
timeStep,numberOfRobotsOnBlackSite,numberOfRobotsOnWhiteSite
16504,24,17
timeStep,numberOfRobotsOnBlackSite,numberOfRobotsOnWhiteSite
16505,24,17
timeStep,numberOfRobotsOnBlackSite,numberOfRobotsOnWhiteSite
16506,24,17
timeStep,numberOfRobotsOnBlackSite,numberOfRobotsOnWhiteSite
16507,24,17
timeStep,numberOfRobotsOnBlackSite,numberOfRobotsOnWhiteSite
16508,24,17
timeStep,numberOfRobotsOnBlackSite,numberOfRobotsOnWhiteSite
16509,24,17
timeStep,numberOfRobotsOnBlackSite,numberOfRobotsOnWhiteSite
16510,24,17
timeStep,numberOfRobotsOnBlackSite,numberOfRobotsOnWhiteSite
16511,24,17
timeStep,numberOfRobotsOnBlackSite,numberOfRobotsOnWhiteSite
16512,24,17
timeStep,numberOfRobotsOnBlackSite,numberOfRobotsOnWhiteSite
16513,24,17
timeStep,numberOfRobotsOnBlackSite,numberOfRobotsOnWhiteSite
16514,24,17
timeStep,numberOfRobotsOnBlackSite,numberOfRobotsOnWhiteSite
16515,24,17
timeStep,numberOfRobotsOnBlackSite,numberOfRobotsOnWhiteSite
16516,24,17
timeStep,numberOfRobotsOnBlackSite,numberOfRobotsOnWhiteSite
16517,24,17
timeStep,numberOfRobotsOnBlackSite,numberOfRobotsOnWhiteSite
16518,24,17
timeStep,numberOfRobotsOnBlackSite,numberOfRobotsOnWhiteSite
16519,24,17
timeStep,numberOfRobotsOnBlackSite,numberOfRobotsOnWhiteSite
16520,24,17
timeStep,numberOfRobotsOnBlackSite,numberOfRobotsOnWhiteSite
16521,24,17
timeStep,numberOfRobotsOnBlackSite,numberOfRobotsOnWhiteSite
16522,24,17
timeStep,numberOfRobotsOnBlackSite,numberOfRobotsOnWhiteSite
16523,24,17
timeStep,numberOfRobotsOnBlackSite,numberOfRobotsOnWhiteSite
16524,24,17
timeStep,numberOfRobotsOnBlackSite,numberOfRobotsOnWhiteSite
16525,24,17
timeStep,numberOfRobotsOnBlackSite,numberOfRobotsOnWhiteSite
16526,24,17
timeStep,numberOfRobotsOnBlackSite,numberOfRobotsOnWhiteSite
16527,24,17
timeStep,numberOfRobotsOnBlackSite,numberOfRobotsOnWhiteSite
16528,24,17
timeStep,numberOfRobotsOnBlackSite,numberOfRobotsOnWhiteSite
16529,24,17
timeStep,numberOfRobotsOnBlackSite,numberOfRobotsOnWhiteSite
16530,24,17
timeStep,numberOfRobotsOnBlackSite,numberOfRobotsOnWhiteSite
16531,24,17
timeStep,numberOfRobotsOnBlackSite,numberOfRobotsOnWhiteSite
16532,24,17
timeStep,numberOfRobotsOnBlackSite,numberOfRobotsOnWhiteSite
16533,24,17
timeStep,numberOfRobotsOnBlackSite,numberOfRobotsOnWhiteSite
16534,24,17
timeStep,numberOfRobotsOnBlackSite,numberOfRobotsOnWhiteSite
16535,24,17
timeStep,numberOfRobotsOnBlackSite,numberOfRobotsOnWhiteSite
16536,24,17
timeStep,numberOfRobotsOnBlackSite,numberOfRobotsOnWhiteSite
16537,24,17
timeStep,numberOfRobotsOnBlackSite,numberOfRobotsOnWhiteSite
16538,24,17
timeStep,numberOfRobotsOnBlackSite,numberOfRobotsOnWhiteSite
16539,24,17
timeStep,numberOfRobotsOnBlackSite,numberOfRobotsOnWhiteSite
16540,23,17
timeStep,numberOfRobotsOnBlackSite,numberOfRobotsOnWhiteSite
16541,23,17
timeStep,numberOfRobotsOnBlackSite,numberOfRobotsOnWhiteSite
16542,23,17
timeStep,numberOfRobotsOnBlackSite,numberOfRobotsOnWhiteSite
16543,23,17
timeStep,numberOfRobotsOnBlackSite,numberOfRobotsOnWhiteSite
16544,23,17
timeStep,numberOfRobotsOnBlackSite,numberOfRobotsOnWhiteSite
16545,23,17
timeStep,numberOfRobotsOnBlackSite,numberOfRobotsOnWhiteSite
16546,23,17
timeStep,numberOfRobotsOnBlackSite,numberOfRobotsOnWhiteSite
16547,23,17
timeStep,numberOfRobotsOnBlackSite,numberOfRobotsOnWhiteSite
16548,23,17
timeStep,numberOfRobotsOnBlackSite,numberOfRobotsOnWhiteSite
16549,23,17
timeStep,numberOfRobotsOnBlackSite,numberOfRobotsOnWhiteSite
16550,23,17
timeStep,numberOfRobotsOnBlackSite,numberOfRobotsOnWhiteSite
16551,23,17
timeStep,numberOfRobotsOnBlackSite,numberOfRobotsOnWhiteSite
16552,23,17
timeStep,numberOfRobotsOnBlackSite,numberOfRobotsOnWhiteSite
16553,23,17
timeStep,numberOfRobotsOnBlackSite,numberOfRobotsOnWhiteSite
16554,23,17
timeStep,numberOfRobotsOnBlackSite,numberOfRobotsOnWhiteSite
16555,23,17
timeStep,numberOfRobotsOnBlackSite,numberOfRobotsOnWhiteSite
16556,23,17
timeStep,numberOfRobotsOnBlackSite,numberOfRobotsOnWhiteSite
16557,23,17
timeStep,numberOfRobotsOnBlackSite,numberOfRobotsOnWhiteSite
16558,23,17
timeStep,numberOfRobotsOnBlackSite,numberOfRobotsOnWhiteSite
16559,23,17
timeStep,numberOfRobotsOnBlackSite,numberOfRobotsOnWhiteSite
16560,23,17
timeStep,numberOfRobotsOnBlackSite,numberOfRobotsOnWhiteSite
16561,23,17
timeStep,numberOfRobotsOnBlackSite,numberOfRobotsOnWhiteSite
16562,23,17
timeStep,numberOfRobotsOnBlackSite,numberOfRobotsOnWhiteSite
16563,23,17
timeStep,numberOfRobotsOnBlackSite,numberOfRobotsOnWhiteSite
16564,23,17
timeStep,numberOfRobotsOnBlackSite,numberOfRobotsOnWhiteSite
16565,23,17
timeStep,numberOfRobotsOnBlackSite,numberOfRobotsOnWhiteSite
16566,23,17
timeStep,numberOfRobotsOnBlackSite,numberOfRobotsOnWhiteSite
16567,23,17
timeStep,numberOfRobotsOnBlackSite,numberOfRobotsOnWhiteSite
16568,23,17
timeStep,numberOfRobotsOnBlackSite,numberOfRobotsOnWhiteSite
16569,23,17
timeStep,numberOfRobotsOnBlackSite,numberOfRobotsOnWhiteSite
16570,23,17
timeStep,numberOfRobotsOnBlackSite,numberOfRobotsOnWhiteSite
16571,23,17
timeStep,numberOfRobotsOnBlackSite,numberOfRobotsOnWhiteSite
16572,23,17
timeStep,numberOfRobotsOnBlackSite,numberOfRobotsOnWhiteSite
16573,23,17
timeStep,numberOfRobotsOnBlackSite,numberOfRobotsOnWhiteSite
16574,23,17
timeStep,numberOfRobotsOnBlackSite,numberOfRobotsOnWhiteSite
16575,22,17
timeStep,numberOfRobotsOnBlackSite,numberOfRobotsOnWhiteSite
16576,22,17
timeStep,numberOfRobotsOnBlackSite,numberOfRobotsOnWhiteSite
16577,22,17
timeStep,numberOfRobotsOnBlackSite,numberOfRobotsOnWhiteSite
16578,22,17
timeStep,numberOfRobotsOnBlackSite,numberOfRobotsOnWhiteSite
16579,22,17
timeStep,numberOfRobotsOnBlackSite,numberOfRobotsOnWhiteSite
16580,21,17
timeStep,numberOfRobotsOnBlackSite,numberOfRobotsOnWhiteSite
16581,21,17
timeStep,numberOfRobotsOnBlackSite,numberOfRobotsOnWhiteSite
16582,21,17
timeStep,numberOfRobotsOnBlackSite,numberOfRobotsOnWhiteSite
16583,21,17
timeStep,numberOfRobotsOnBlackSite,numberOfRobotsOnWhiteSite
16584,21,17
timeStep,numberOfRobotsOnBlackSite,numberOfRobotsOnWhiteSite
16585,21,17
timeStep,numberOfRobotsOnBlackSite,numberOfRobotsOnWhiteSite
16586,21,17
timeStep,numberOfRobotsOnBlackSite,numberOfRobotsOnWhiteSite
16587,21,17
timeStep,numberOfRobotsOnBlackSite,numberOfRobotsOnWhiteSite
16588,21,17
timeStep,numberOfRobotsOnBlackSite,numberOfRobotsOnWhiteSite
16589,21,17
timeStep,numberOfRobotsOnBlackSite,numberOfRobotsOnWhiteSite
16590,21,17
timeStep,numberOfRobotsOnBlackSite,numberOfRobotsOnWhiteSite
16591,21,17
timeStep,numberOfRobotsOnBlackSite,numberOfRobotsOnWhiteSite
16592,21,17
timeStep,numberOfRobotsOnBlackSite,numberOfRobotsOnWhiteSite
16593,21,17
timeStep,numberOfRobotsOnBlackSite,numberOfRobotsOnWhiteSite
16594,21,17
timeStep,numberOfRobotsOnBlackSite,numberOfRobotsOnWhiteSite
16595,21,17
timeStep,numberOfRobotsOnBlackSite,numberOfRobotsOnWhiteSite
16596,21,17
timeStep,numberOfRobotsOnBlackSite,numberOfRobotsOnWhiteSite
16597,21,17
timeStep,numberOfRobotsOnBlackSite,numberOfRobotsOnWhiteSite
16598,21,17
timeStep,numberOfRobotsOnBlackSite,numberOfRobotsOnWhiteSite
16599,21,17
timeStep,numberOfRobotsOnBlackSite,numberOfRobotsOnWhiteSite
16600,21,17
timeStep,numberOfRobotsOnBlackSite,numberOfRobotsOnWhiteSite
16601,21,17
timeStep,numberOfRobotsOnBlackSite,numberOfRobotsOnWhiteSite
16602,21,17
timeStep,numberOfRobotsOnBlackSite,numberOfRobotsOnWhiteSite
16603,21,17
timeStep,numberOfRobotsOnBlackSite,numberOfRobotsOnWhiteSite
16604,21,17
timeStep,numberOfRobotsOnBlackSite,numberOfRobotsOnWhiteSite
16605,21,17
timeStep,numberOfRobotsOnBlackSite,numberOfRobotsOnWhiteSite
16606,21,17
timeStep,numberOfRobotsOnBlackSite,numberOfRobotsOnWhiteSite
16607,21,17
timeStep,numberOfRobotsOnBlackSite,numberOfRobotsOnWhiteSite
16608,21,17
timeStep,numberOfRobotsOnBlackSite,numberOfRobotsOnWhiteSite
16609,21,17
timeStep,numberOfRobotsOnBlackSite,numberOfRobotsOnWhiteSite
16610,21,17
timeStep,numberOfRobotsOnBlackSite,numberOfRobotsOnWhiteSite
16611,21,17
timeStep,numberOfRobotsOnBlackSite,numberOfRobotsOnWhiteSite
16612,21,17
timeStep,numberOfRobotsOnBlackSite,numberOfRobotsOnWhiteSite
16613,21,17
timeStep,numberOfRobotsOnBlackSite,numberOfRobotsOnWhiteSite
16614,21,17
timeStep,numberOfRobotsOnBlackSite,numberOfRobotsOnWhiteSite
16615,21,17
timeStep,numberOfRobotsOnBlackSite,numberOfRobotsOnWhiteSite
16616,21,17
timeStep,numberOfRobotsOnBlackSite,numberOfRobotsOnWhiteSite
16617,21,17
timeStep,numberOfRobotsOnBlackSite,numberOfRobotsOnWhiteSite
16618,21,17
timeStep,numberOfRobotsOnBlackSite,numberOfRobotsOnWhiteSite
16619,21,17
timeStep,numberOfRobotsOnBlackSite,numberOfRobotsOnWhiteSite
16620,21,17
timeStep,numberOfRobotsOnBlackSite,numberOfRobotsOnWhiteSite
16621,21,17
timeStep,numberOfRobotsOnBlackSite,numberOfRobotsOnWhiteSite
16622,21,17
timeStep,numberOfRobotsOnBlackSite,numberOfRobotsOnWhiteSite
16623,21,17
timeStep,numberOfRobotsOnBlackSite,numberOfRobotsOnWhiteSite
16624,21,17
timeStep,numberOfRobotsOnBlackSite,numberOfRobotsOnWhiteSite
16625,21,17
timeStep,numberOfRobotsOnBlackSite,numberOfRobotsOnWhiteSite
16626,21,17
timeStep,numberOfRobotsOnBlackSite,numberOfRobotsOnWhiteSite
16627,21,17
timeStep,numberOfRobotsOnBlackSite,numberOfRobotsOnWhiteSite
16628,21,17
timeStep,numberOfRobotsOnBlackSite,numberOfRobotsOnWhiteSite
16629,21,17
timeStep,numberOfRobotsOnBlackSite,numberOfRobotsOnWhiteSite
16630,22,17
timeStep,numberOfRobotsOnBlackSite,numberOfRobotsOnWhiteSite
16631,22,17
timeStep,numberOfRobotsOnBlackSite,numberOfRobotsOnWhiteSite
16632,22,17
timeStep,numberOfRobotsOnBlackSite,numberOfRobotsOnWhiteSite
16633,22,17
timeStep,numberOfRobotsOnBlackSite,numberOfRobotsOnWhiteSite
16634,22,17
timeStep,numberOfRobotsOnBlackSite,numberOfRobotsOnWhiteSite
16635,23,17
timeStep,numberOfRobotsOnBlackSite,numberOfRobotsOnWhiteSite
16636,23,17
timeStep,numberOfRobotsOnBlackSite,numberOfRobotsOnWhiteSite
16637,23,17
timeStep,numberOfRobotsOnBlackSite,numberOfRobotsOnWhiteSite
16638,23,17
timeStep,numberOfRobotsOnBlackSite,numberOfRobotsOnWhiteSite
16639,23,17
timeStep,numberOfRobotsOnBlackSite,numberOfRobotsOnWhiteSite
16640,24,17
timeStep,numberOfRobotsOnBlackSite,numberOfRobotsOnWhiteSite
16641,24,17
timeStep,numberOfRobotsOnBlackSite,numberOfRobotsOnWhiteSite
16642,24,17
timeStep,numberOfRobotsOnBlackSite,numberOfRobotsOnWhiteSite
16643,24,17
timeStep,numberOfRobotsOnBlackSite,numberOfRobotsOnWhiteSite
16644,24,17
timeStep,numberOfRobotsOnBlackSite,numberOfRobotsOnWhiteSite
16645,24,17
timeStep,numberOfRobotsOnBlackSite,numberOfRobotsOnWhiteSite
16646,24,17
timeStep,numberOfRobotsOnBlackSite,numberOfRobotsOnWhiteSite
16647,24,17
timeStep,numberOfRobotsOnBlackSite,numberOfRobotsOnWhiteSite
16648,24,17
timeStep,numberOfRobotsOnBlackSite,numberOfRobotsOnWhiteSite
16649,24,17
timeStep,numberOfRobotsOnBlackSite,numberOfRobotsOnWhiteSite
16650,24,17
timeStep,numberOfRobotsOnBlackSite,numberOfRobotsOnWhiteSite
16651,24,17
timeStep,numberOfRobotsOnBlackSite,numberOfRobotsOnWhiteSite
16652,24,17
timeStep,numberOfRobotsOnBlackSite,numberOfRobotsOnWhiteSite
16653,24,17
timeStep,numberOfRobotsOnBlackSite,numberOfRobotsOnWhiteSite
16654,24,17
timeStep,numberOfRobotsOnBlackSite,numberOfRobotsOnWhiteSite
16655,24,17
timeStep,numberOfRobotsOnBlackSite,numberOfRobotsOnWhiteSite
16656,24,17
timeStep,numberOfRobotsOnBlackSite,numberOfRobotsOnWhiteSite
16657,24,17
timeStep,numberOfRobotsOnBlackSite,numberOfRobotsOnWhiteSite
16658,24,17
timeStep,numberOfRobotsOnBlackSite,numberOfRobotsOnWhiteSite
16659,24,17
timeStep,numberOfRobotsOnBlackSite,numberOfRobotsOnWhiteSite
16660,24,17
timeStep,numberOfRobotsOnBlackSite,numberOfRobotsOnWhiteSite
16661,24,17
timeStep,numberOfRobotsOnBlackSite,numberOfRobotsOnWhiteSite
16662,24,17
timeStep,numberOfRobotsOnBlackSite,numberOfRobotsOnWhiteSite
16663,24,17
timeStep,numberOfRobotsOnBlackSite,numberOfRobotsOnWhiteSite
16664,24,17
timeStep,numberOfRobotsOnBlackSite,numberOfRobotsOnWhiteSite
16665,24,17
timeStep,numberOfRobotsOnBlackSite,numberOfRobotsOnWhiteSite
16666,24,17
timeStep,numberOfRobotsOnBlackSite,numberOfRobotsOnWhiteSite
16667,24,17
timeStep,numberOfRobotsOnBlackSite,numberOfRobotsOnWhiteSite
16668,24,17
timeStep,numberOfRobotsOnBlackSite,numberOfRobotsOnWhiteSite
16669,24,17
timeStep,numberOfRobotsOnBlackSite,numberOfRobotsOnWhiteSite
16670,24,18
timeStep,numberOfRobotsOnBlackSite,numberOfRobotsOnWhiteSite
16671,24,18
timeStep,numberOfRobotsOnBlackSite,numberOfRobotsOnWhiteSite
16672,24,18
timeStep,numberOfRobotsOnBlackSite,numberOfRobotsOnWhiteSite
16673,24,18
timeStep,numberOfRobotsOnBlackSite,numberOfRobotsOnWhiteSite
16674,24,18
timeStep,numberOfRobotsOnBlackSite,numberOfRobotsOnWhiteSite
16675,24,18
timeStep,numberOfRobotsOnBlackSite,numberOfRobotsOnWhiteSite
16676,24,18
timeStep,numberOfRobotsOnBlackSite,numberOfRobotsOnWhiteSite
16677,24,18
timeStep,numberOfRobotsOnBlackSite,numberOfRobotsOnWhiteSite
16678,24,18
timeStep,numberOfRobotsOnBlackSite,numberOfRobotsOnWhiteSite
16679,24,18
timeStep,numberOfRobotsOnBlackSite,numberOfRobotsOnWhiteSite
16680,24,18
timeStep,numberOfRobotsOnBlackSite,numberOfRobotsOnWhiteSite
16681,24,18
timeStep,numberOfRobotsOnBlackSite,numberOfRobotsOnWhiteSite
16682,24,18
timeStep,numberOfRobotsOnBlackSite,numberOfRobotsOnWhiteSite
16683,24,18
timeStep,numberOfRobotsOnBlackSite,numberOfRobotsOnWhiteSite
16684,24,18
timeStep,numberOfRobotsOnBlackSite,numberOfRobotsOnWhiteSite
16685,24,18
timeStep,numberOfRobotsOnBlackSite,numberOfRobotsOnWhiteSite
16686,24,18
timeStep,numberOfRobotsOnBlackSite,numberOfRobotsOnWhiteSite
16687,24,18
timeStep,numberOfRobotsOnBlackSite,numberOfRobotsOnWhiteSite
16688,24,18
timeStep,numberOfRobotsOnBlackSite,numberOfRobotsOnWhiteSite
16689,24,18
timeStep,numberOfRobotsOnBlackSite,numberOfRobotsOnWhiteSite
16690,24,18
timeStep,numberOfRobotsOnBlackSite,numberOfRobotsOnWhiteSite
16691,24,18
timeStep,numberOfRobotsOnBlackSite,numberOfRobotsOnWhiteSite
16692,24,18
timeStep,numberOfRobotsOnBlackSite,numberOfRobotsOnWhiteSite
16693,24,18
timeStep,numberOfRobotsOnBlackSite,numberOfRobotsOnWhiteSite
16694,24,18
timeStep,numberOfRobotsOnBlackSite,numberOfRobotsOnWhiteSite
16695,24,18
timeStep,numberOfRobotsOnBlackSite,numberOfRobotsOnWhiteSite
16696,24,18
timeStep,numberOfRobotsOnBlackSite,numberOfRobotsOnWhiteSite
16697,24,18
timeStep,numberOfRobotsOnBlackSite,numberOfRobotsOnWhiteSite
16698,24,18
timeStep,numberOfRobotsOnBlackSite,numberOfRobotsOnWhiteSite
16699,24,18
timeStep,numberOfRobotsOnBlackSite,numberOfRobotsOnWhiteSite
16700,25,18
timeStep,numberOfRobotsOnBlackSite,numberOfRobotsOnWhiteSite
16701,25,18
timeStep,numberOfRobotsOnBlackSite,numberOfRobotsOnWhiteSite
16702,25,18
timeStep,numberOfRobotsOnBlackSite,numberOfRobotsOnWhiteSite
16703,25,18
timeStep,numberOfRobotsOnBlackSite,numberOfRobotsOnWhiteSite
16704,25,18
timeStep,numberOfRobotsOnBlackSite,numberOfRobotsOnWhiteSite
16705,25,18
timeStep,numberOfRobotsOnBlackSite,numberOfRobotsOnWhiteSite
16706,25,18
timeStep,numberOfRobotsOnBlackSite,numberOfRobotsOnWhiteSite
16707,25,18
timeStep,numberOfRobotsOnBlackSite,numberOfRobotsOnWhiteSite
16708,25,18
timeStep,numberOfRobotsOnBlackSite,numberOfRobotsOnWhiteSite
16709,25,18
timeStep,numberOfRobotsOnBlackSite,numberOfRobotsOnWhiteSite
16710,25,18
timeStep,numberOfRobotsOnBlackSite,numberOfRobotsOnWhiteSite
16711,25,18
timeStep,numberOfRobotsOnBlackSite,numberOfRobotsOnWhiteSite
16712,25,18
timeStep,numberOfRobotsOnBlackSite,numberOfRobotsOnWhiteSite
16713,25,18
timeStep,numberOfRobotsOnBlackSite,numberOfRobotsOnWhiteSite
16714,25,18
timeStep,numberOfRobotsOnBlackSite,numberOfRobotsOnWhiteSite
16715,24,18
timeStep,numberOfRobotsOnBlackSite,numberOfRobotsOnWhiteSite
16716,24,18
timeStep,numberOfRobotsOnBlackSite,numberOfRobotsOnWhiteSite
16717,24,18
timeStep,numberOfRobotsOnBlackSite,numberOfRobotsOnWhiteSite
16718,24,18
timeStep,numberOfRobotsOnBlackSite,numberOfRobotsOnWhiteSite
16719,24,18
timeStep,numberOfRobotsOnBlackSite,numberOfRobotsOnWhiteSite
16720,24,18
timeStep,numberOfRobotsOnBlackSite,numberOfRobotsOnWhiteSite
16721,24,18
timeStep,numberOfRobotsOnBlackSite,numberOfRobotsOnWhiteSite
16722,24,18
timeStep,numberOfRobotsOnBlackSite,numberOfRobotsOnWhiteSite
16723,24,18
timeStep,numberOfRobotsOnBlackSite,numberOfRobotsOnWhiteSite
16724,24,18
timeStep,numberOfRobotsOnBlackSite,numberOfRobotsOnWhiteSite
16725,24,18
timeStep,numberOfRobotsOnBlackSite,numberOfRobotsOnWhiteSite
16726,24,18
timeStep,numberOfRobotsOnBlackSite,numberOfRobotsOnWhiteSite
16727,24,18
timeStep,numberOfRobotsOnBlackSite,numberOfRobotsOnWhiteSite
16728,24,18
timeStep,numberOfRobotsOnBlackSite,numberOfRobotsOnWhiteSite
16729,24,18
timeStep,numberOfRobotsOnBlackSite,numberOfRobotsOnWhiteSite
16730,24,18
timeStep,numberOfRobotsOnBlackSite,numberOfRobotsOnWhiteSite
16731,24,18
timeStep,numberOfRobotsOnBlackSite,numberOfRobotsOnWhiteSite
16732,24,18
timeStep,numberOfRobotsOnBlackSite,numberOfRobotsOnWhiteSite
16733,24,18
timeStep,numberOfRobotsOnBlackSite,numberOfRobotsOnWhiteSite
16734,24,18
timeStep,numberOfRobotsOnBlackSite,numberOfRobotsOnWhiteSite
16735,24,18
timeStep,numberOfRobotsOnBlackSite,numberOfRobotsOnWhiteSite
16736,24,18
timeStep,numberOfRobotsOnBlackSite,numberOfRobotsOnWhiteSite
16737,24,18
timeStep,numberOfRobotsOnBlackSite,numberOfRobotsOnWhiteSite
16738,24,18
timeStep,numberOfRobotsOnBlackSite,numberOfRobotsOnWhiteSite
16739,24,18
timeStep,numberOfRobotsOnBlackSite,numberOfRobotsOnWhiteSite
16740,24,18
timeStep,numberOfRobotsOnBlackSite,numberOfRobotsOnWhiteSite
16741,24,18
timeStep,numberOfRobotsOnBlackSite,numberOfRobotsOnWhiteSite
16742,24,18
timeStep,numberOfRobotsOnBlackSite,numberOfRobotsOnWhiteSite
16743,24,18
timeStep,numberOfRobotsOnBlackSite,numberOfRobotsOnWhiteSite
16744,24,18
timeStep,numberOfRobotsOnBlackSite,numberOfRobotsOnWhiteSite
16745,24,18
timeStep,numberOfRobotsOnBlackSite,numberOfRobotsOnWhiteSite
16746,24,18
timeStep,numberOfRobotsOnBlackSite,numberOfRobotsOnWhiteSite
16747,24,18
timeStep,numberOfRobotsOnBlackSite,numberOfRobotsOnWhiteSite
16748,24,18
timeStep,numberOfRobotsOnBlackSite,numberOfRobotsOnWhiteSite
16749,24,18
timeStep,numberOfRobotsOnBlackSite,numberOfRobotsOnWhiteSite
16750,24,18
timeStep,numberOfRobotsOnBlackSite,numberOfRobotsOnWhiteSite
16751,24,18
timeStep,numberOfRobotsOnBlackSite,numberOfRobotsOnWhiteSite
16752,24,18
timeStep,numberOfRobotsOnBlackSite,numberOfRobotsOnWhiteSite
16753,24,18
timeStep,numberOfRobotsOnBlackSite,numberOfRobotsOnWhiteSite
16754,24,18
timeStep,numberOfRobotsOnBlackSite,numberOfRobotsOnWhiteSite
16755,24,18
timeStep,numberOfRobotsOnBlackSite,numberOfRobotsOnWhiteSite
16756,24,18
timeStep,numberOfRobotsOnBlackSite,numberOfRobotsOnWhiteSite
16757,24,18
timeStep,numberOfRobotsOnBlackSite,numberOfRobotsOnWhiteSite
16758,24,18
timeStep,numberOfRobotsOnBlackSite,numberOfRobotsOnWhiteSite
16759,24,18
timeStep,numberOfRobotsOnBlackSite,numberOfRobotsOnWhiteSite
16760,24,18
timeStep,numberOfRobotsOnBlackSite,numberOfRobotsOnWhiteSite
16761,24,18
timeStep,numberOfRobotsOnBlackSite,numberOfRobotsOnWhiteSite
16762,24,18
timeStep,numberOfRobotsOnBlackSite,numberOfRobotsOnWhiteSite
16763,24,18
timeStep,numberOfRobotsOnBlackSite,numberOfRobotsOnWhiteSite
16764,24,18
timeStep,numberOfRobotsOnBlackSite,numberOfRobotsOnWhiteSite
16765,25,18
timeStep,numberOfRobotsOnBlackSite,numberOfRobotsOnWhiteSite
16766,25,18
timeStep,numberOfRobotsOnBlackSite,numberOfRobotsOnWhiteSite
16767,25,18
timeStep,numberOfRobotsOnBlackSite,numberOfRobotsOnWhiteSite
16768,25,18
timeStep,numberOfRobotsOnBlackSite,numberOfRobotsOnWhiteSite
16769,25,18
timeStep,numberOfRobotsOnBlackSite,numberOfRobotsOnWhiteSite
16770,25,18
timeStep,numberOfRobotsOnBlackSite,numberOfRobotsOnWhiteSite
16771,25,18
timeStep,numberOfRobotsOnBlackSite,numberOfRobotsOnWhiteSite
16772,25,18
timeStep,numberOfRobotsOnBlackSite,numberOfRobotsOnWhiteSite
16773,25,18
timeStep,numberOfRobotsOnBlackSite,numberOfRobotsOnWhiteSite
16774,25,18
timeStep,numberOfRobotsOnBlackSite,numberOfRobotsOnWhiteSite
16775,25,18
timeStep,numberOfRobotsOnBlackSite,numberOfRobotsOnWhiteSite
16776,25,18
timeStep,numberOfRobotsOnBlackSite,numberOfRobotsOnWhiteSite
16777,25,18
timeStep,numberOfRobotsOnBlackSite,numberOfRobotsOnWhiteSite
16778,25,18
timeStep,numberOfRobotsOnBlackSite,numberOfRobotsOnWhiteSite
16779,25,18
timeStep,numberOfRobotsOnBlackSite,numberOfRobotsOnWhiteSite
16780,25,18
timeStep,numberOfRobotsOnBlackSite,numberOfRobotsOnWhiteSite
16781,25,18
timeStep,numberOfRobotsOnBlackSite,numberOfRobotsOnWhiteSite
16782,25,18
timeStep,numberOfRobotsOnBlackSite,numberOfRobotsOnWhiteSite
16783,25,18
timeStep,numberOfRobotsOnBlackSite,numberOfRobotsOnWhiteSite
16784,25,18
timeStep,numberOfRobotsOnBlackSite,numberOfRobotsOnWhiteSite
16785,25,18
timeStep,numberOfRobotsOnBlackSite,numberOfRobotsOnWhiteSite
16786,25,18
timeStep,numberOfRobotsOnBlackSite,numberOfRobotsOnWhiteSite
16787,25,18
timeStep,numberOfRobotsOnBlackSite,numberOfRobotsOnWhiteSite
16788,25,18
timeStep,numberOfRobotsOnBlackSite,numberOfRobotsOnWhiteSite
16789,25,18
timeStep,numberOfRobotsOnBlackSite,numberOfRobotsOnWhiteSite
16790,25,18
timeStep,numberOfRobotsOnBlackSite,numberOfRobotsOnWhiteSite
16791,25,18
timeStep,numberOfRobotsOnBlackSite,numberOfRobotsOnWhiteSite
16792,25,18
timeStep,numberOfRobotsOnBlackSite,numberOfRobotsOnWhiteSite
16793,25,18
timeStep,numberOfRobotsOnBlackSite,numberOfRobotsOnWhiteSite
16794,25,18
timeStep,numberOfRobotsOnBlackSite,numberOfRobotsOnWhiteSite
16795,25,18
timeStep,numberOfRobotsOnBlackSite,numberOfRobotsOnWhiteSite
16796,25,18
timeStep,numberOfRobotsOnBlackSite,numberOfRobotsOnWhiteSite
16797,25,18
timeStep,numberOfRobotsOnBlackSite,numberOfRobotsOnWhiteSite
16798,25,18
timeStep,numberOfRobotsOnBlackSite,numberOfRobotsOnWhiteSite
16799,25,18
timeStep,numberOfRobotsOnBlackSite,numberOfRobotsOnWhiteSite
16800,26,18
timeStep,numberOfRobotsOnBlackSite,numberOfRobotsOnWhiteSite
16801,26,18
timeStep,numberOfRobotsOnBlackSite,numberOfRobotsOnWhiteSite
16802,26,18
timeStep,numberOfRobotsOnBlackSite,numberOfRobotsOnWhiteSite
16803,26,18
timeStep,numberOfRobotsOnBlackSite,numberOfRobotsOnWhiteSite
16804,26,18
timeStep,numberOfRobotsOnBlackSite,numberOfRobotsOnWhiteSite
16805,26,18
timeStep,numberOfRobotsOnBlackSite,numberOfRobotsOnWhiteSite
16806,26,18
timeStep,numberOfRobotsOnBlackSite,numberOfRobotsOnWhiteSite
16807,26,18
timeStep,numberOfRobotsOnBlackSite,numberOfRobotsOnWhiteSite
16808,26,18
timeStep,numberOfRobotsOnBlackSite,numberOfRobotsOnWhiteSite
16809,26,18
timeStep,numberOfRobotsOnBlackSite,numberOfRobotsOnWhiteSite
16810,26,18
timeStep,numberOfRobotsOnBlackSite,numberOfRobotsOnWhiteSite
16811,26,18
timeStep,numberOfRobotsOnBlackSite,numberOfRobotsOnWhiteSite
16812,26,18
timeStep,numberOfRobotsOnBlackSite,numberOfRobotsOnWhiteSite
16813,26,18
timeStep,numberOfRobotsOnBlackSite,numberOfRobotsOnWhiteSite
16814,26,18
timeStep,numberOfRobotsOnBlackSite,numberOfRobotsOnWhiteSite
16815,26,18
timeStep,numberOfRobotsOnBlackSite,numberOfRobotsOnWhiteSite
16816,26,18
timeStep,numberOfRobotsOnBlackSite,numberOfRobotsOnWhiteSite
16817,26,18
timeStep,numberOfRobotsOnBlackSite,numberOfRobotsOnWhiteSite
16818,26,18
timeStep,numberOfRobotsOnBlackSite,numberOfRobotsOnWhiteSite
16819,26,18
timeStep,numberOfRobotsOnBlackSite,numberOfRobotsOnWhiteSite
16820,26,18
timeStep,numberOfRobotsOnBlackSite,numberOfRobotsOnWhiteSite
16821,26,18
timeStep,numberOfRobotsOnBlackSite,numberOfRobotsOnWhiteSite
16822,26,18
timeStep,numberOfRobotsOnBlackSite,numberOfRobotsOnWhiteSite
16823,26,18
timeStep,numberOfRobotsOnBlackSite,numberOfRobotsOnWhiteSite
16824,26,18
timeStep,numberOfRobotsOnBlackSite,numberOfRobotsOnWhiteSite
16825,26,18
timeStep,numberOfRobotsOnBlackSite,numberOfRobotsOnWhiteSite
16826,26,18
timeStep,numberOfRobotsOnBlackSite,numberOfRobotsOnWhiteSite
16827,26,18
timeStep,numberOfRobotsOnBlackSite,numberOfRobotsOnWhiteSite
16828,26,18
timeStep,numberOfRobotsOnBlackSite,numberOfRobotsOnWhiteSite
16829,26,18
timeStep,numberOfRobotsOnBlackSite,numberOfRobotsOnWhiteSite
16830,26,18
timeStep,numberOfRobotsOnBlackSite,numberOfRobotsOnWhiteSite
16831,26,18
timeStep,numberOfRobotsOnBlackSite,numberOfRobotsOnWhiteSite
16832,26,18
timeStep,numberOfRobotsOnBlackSite,numberOfRobotsOnWhiteSite
16833,26,18
timeStep,numberOfRobotsOnBlackSite,numberOfRobotsOnWhiteSite
16834,26,18
timeStep,numberOfRobotsOnBlackSite,numberOfRobotsOnWhiteSite
16835,26,18
timeStep,numberOfRobotsOnBlackSite,numberOfRobotsOnWhiteSite
16836,26,18
timeStep,numberOfRobotsOnBlackSite,numberOfRobotsOnWhiteSite
16837,26,18
timeStep,numberOfRobotsOnBlackSite,numberOfRobotsOnWhiteSite
16838,26,18
timeStep,numberOfRobotsOnBlackSite,numberOfRobotsOnWhiteSite
16839,26,18
timeStep,numberOfRobotsOnBlackSite,numberOfRobotsOnWhiteSite
16840,26,18
timeStep,numberOfRobotsOnBlackSite,numberOfRobotsOnWhiteSite
16841,26,18
timeStep,numberOfRobotsOnBlackSite,numberOfRobotsOnWhiteSite
16842,26,18
timeStep,numberOfRobotsOnBlackSite,numberOfRobotsOnWhiteSite
16843,26,18
timeStep,numberOfRobotsOnBlackSite,numberOfRobotsOnWhiteSite
16844,26,18
timeStep,numberOfRobotsOnBlackSite,numberOfRobotsOnWhiteSite
16845,26,18
timeStep,numberOfRobotsOnBlackSite,numberOfRobotsOnWhiteSite
16846,26,18
timeStep,numberOfRobotsOnBlackSite,numberOfRobotsOnWhiteSite
16847,26,18
timeStep,numberOfRobotsOnBlackSite,numberOfRobotsOnWhiteSite
16848,26,18
timeStep,numberOfRobotsOnBlackSite,numberOfRobotsOnWhiteSite
16849,26,18
timeStep,numberOfRobotsOnBlackSite,numberOfRobotsOnWhiteSite
16850,26,18
timeStep,numberOfRobotsOnBlackSite,numberOfRobotsOnWhiteSite
16851,26,18
timeStep,numberOfRobotsOnBlackSite,numberOfRobotsOnWhiteSite
16852,26,18
timeStep,numberOfRobotsOnBlackSite,numberOfRobotsOnWhiteSite
16853,26,18
timeStep,numberOfRobotsOnBlackSite,numberOfRobotsOnWhiteSite
16854,26,18
timeStep,numberOfRobotsOnBlackSite,numberOfRobotsOnWhiteSite
16855,26,18
timeStep,numberOfRobotsOnBlackSite,numberOfRobotsOnWhiteSite
16856,26,18
timeStep,numberOfRobotsOnBlackSite,numberOfRobotsOnWhiteSite
16857,26,18
timeStep,numberOfRobotsOnBlackSite,numberOfRobotsOnWhiteSite
16858,26,18
timeStep,numberOfRobotsOnBlackSite,numberOfRobotsOnWhiteSite
16859,26,18
timeStep,numberOfRobotsOnBlackSite,numberOfRobotsOnWhiteSite
16860,26,18
timeStep,numberOfRobotsOnBlackSite,numberOfRobotsOnWhiteSite
16861,26,18
timeStep,numberOfRobotsOnBlackSite,numberOfRobotsOnWhiteSite
16862,26,18
timeStep,numberOfRobotsOnBlackSite,numberOfRobotsOnWhiteSite
16863,26,18
timeStep,numberOfRobotsOnBlackSite,numberOfRobotsOnWhiteSite
16864,26,18
timeStep,numberOfRobotsOnBlackSite,numberOfRobotsOnWhiteSite
16865,26,18
timeStep,numberOfRobotsOnBlackSite,numberOfRobotsOnWhiteSite
16866,26,18
timeStep,numberOfRobotsOnBlackSite,numberOfRobotsOnWhiteSite
16867,26,18
timeStep,numberOfRobotsOnBlackSite,numberOfRobotsOnWhiteSite
16868,26,18
timeStep,numberOfRobotsOnBlackSite,numberOfRobotsOnWhiteSite
16869,26,18
timeStep,numberOfRobotsOnBlackSite,numberOfRobotsOnWhiteSite
16870,26,18
timeStep,numberOfRobotsOnBlackSite,numberOfRobotsOnWhiteSite
16871,26,18
timeStep,numberOfRobotsOnBlackSite,numberOfRobotsOnWhiteSite
16872,26,18
timeStep,numberOfRobotsOnBlackSite,numberOfRobotsOnWhiteSite
16873,26,18
timeStep,numberOfRobotsOnBlackSite,numberOfRobotsOnWhiteSite
16874,26,18
timeStep,numberOfRobotsOnBlackSite,numberOfRobotsOnWhiteSite
16875,25,18
timeStep,numberOfRobotsOnBlackSite,numberOfRobotsOnWhiteSite
16876,25,18
timeStep,numberOfRobotsOnBlackSite,numberOfRobotsOnWhiteSite
16877,25,18
timeStep,numberOfRobotsOnBlackSite,numberOfRobotsOnWhiteSite
16878,25,18
timeStep,numberOfRobotsOnBlackSite,numberOfRobotsOnWhiteSite
16879,25,18
timeStep,numberOfRobotsOnBlackSite,numberOfRobotsOnWhiteSite
16880,25,18
timeStep,numberOfRobotsOnBlackSite,numberOfRobotsOnWhiteSite
16881,25,18
timeStep,numberOfRobotsOnBlackSite,numberOfRobotsOnWhiteSite
16882,25,18
timeStep,numberOfRobotsOnBlackSite,numberOfRobotsOnWhiteSite
16883,25,18
timeStep,numberOfRobotsOnBlackSite,numberOfRobotsOnWhiteSite
16884,25,18
timeStep,numberOfRobotsOnBlackSite,numberOfRobotsOnWhiteSite
16885,25,18
timeStep,numberOfRobotsOnBlackSite,numberOfRobotsOnWhiteSite
16886,25,18
timeStep,numberOfRobotsOnBlackSite,numberOfRobotsOnWhiteSite
16887,25,18
timeStep,numberOfRobotsOnBlackSite,numberOfRobotsOnWhiteSite
16888,25,18
timeStep,numberOfRobotsOnBlackSite,numberOfRobotsOnWhiteSite
16889,25,18
timeStep,numberOfRobotsOnBlackSite,numberOfRobotsOnWhiteSite
16890,25,18
timeStep,numberOfRobotsOnBlackSite,numberOfRobotsOnWhiteSite
16891,25,18
timeStep,numberOfRobotsOnBlackSite,numberOfRobotsOnWhiteSite
16892,25,18
timeStep,numberOfRobotsOnBlackSite,numberOfRobotsOnWhiteSite
16893,25,18
timeStep,numberOfRobotsOnBlackSite,numberOfRobotsOnWhiteSite
16894,25,18
timeStep,numberOfRobotsOnBlackSite,numberOfRobotsOnWhiteSite
16895,25,18
timeStep,numberOfRobotsOnBlackSite,numberOfRobotsOnWhiteSite
16896,25,18
timeStep,numberOfRobotsOnBlackSite,numberOfRobotsOnWhiteSite
16897,25,18
timeStep,numberOfRobotsOnBlackSite,numberOfRobotsOnWhiteSite
16898,25,18
timeStep,numberOfRobotsOnBlackSite,numberOfRobotsOnWhiteSite
16899,25,18
timeStep,numberOfRobotsOnBlackSite,numberOfRobotsOnWhiteSite
16900,25,18
timeStep,numberOfRobotsOnBlackSite,numberOfRobotsOnWhiteSite
16901,25,18
timeStep,numberOfRobotsOnBlackSite,numberOfRobotsOnWhiteSite
16902,25,18
timeStep,numberOfRobotsOnBlackSite,numberOfRobotsOnWhiteSite
16903,25,18
timeStep,numberOfRobotsOnBlackSite,numberOfRobotsOnWhiteSite
16904,25,18
timeStep,numberOfRobotsOnBlackSite,numberOfRobotsOnWhiteSite
16905,25,18
timeStep,numberOfRobotsOnBlackSite,numberOfRobotsOnWhiteSite
16906,25,18
timeStep,numberOfRobotsOnBlackSite,numberOfRobotsOnWhiteSite
16907,25,18
timeStep,numberOfRobotsOnBlackSite,numberOfRobotsOnWhiteSite
16908,25,18
timeStep,numberOfRobotsOnBlackSite,numberOfRobotsOnWhiteSite
16909,25,18
timeStep,numberOfRobotsOnBlackSite,numberOfRobotsOnWhiteSite
16910,25,18
timeStep,numberOfRobotsOnBlackSite,numberOfRobotsOnWhiteSite
16911,25,18
timeStep,numberOfRobotsOnBlackSite,numberOfRobotsOnWhiteSite
16912,25,18
timeStep,numberOfRobotsOnBlackSite,numberOfRobotsOnWhiteSite
16913,25,18
timeStep,numberOfRobotsOnBlackSite,numberOfRobotsOnWhiteSite
16914,25,18
timeStep,numberOfRobotsOnBlackSite,numberOfRobotsOnWhiteSite
16915,25,18
timeStep,numberOfRobotsOnBlackSite,numberOfRobotsOnWhiteSite
16916,25,18
timeStep,numberOfRobotsOnBlackSite,numberOfRobotsOnWhiteSite
16917,25,18
timeStep,numberOfRobotsOnBlackSite,numberOfRobotsOnWhiteSite
16918,25,18
timeStep,numberOfRobotsOnBlackSite,numberOfRobotsOnWhiteSite
16919,25,18
timeStep,numberOfRobotsOnBlackSite,numberOfRobotsOnWhiteSite
16920,25,18
timeStep,numberOfRobotsOnBlackSite,numberOfRobotsOnWhiteSite
16921,25,18
timeStep,numberOfRobotsOnBlackSite,numberOfRobotsOnWhiteSite
16922,25,18
timeStep,numberOfRobotsOnBlackSite,numberOfRobotsOnWhiteSite
16923,25,18
timeStep,numberOfRobotsOnBlackSite,numberOfRobotsOnWhiteSite
16924,25,18
timeStep,numberOfRobotsOnBlackSite,numberOfRobotsOnWhiteSite
16925,25,18
timeStep,numberOfRobotsOnBlackSite,numberOfRobotsOnWhiteSite
16926,25,18
timeStep,numberOfRobotsOnBlackSite,numberOfRobotsOnWhiteSite
16927,25,18
timeStep,numberOfRobotsOnBlackSite,numberOfRobotsOnWhiteSite
16928,25,18
timeStep,numberOfRobotsOnBlackSite,numberOfRobotsOnWhiteSite
16929,25,18
timeStep,numberOfRobotsOnBlackSite,numberOfRobotsOnWhiteSite
16930,25,18
timeStep,numberOfRobotsOnBlackSite,numberOfRobotsOnWhiteSite
16931,25,18
timeStep,numberOfRobotsOnBlackSite,numberOfRobotsOnWhiteSite
16932,25,18
timeStep,numberOfRobotsOnBlackSite,numberOfRobotsOnWhiteSite
16933,25,18
timeStep,numberOfRobotsOnBlackSite,numberOfRobotsOnWhiteSite
16934,25,18
timeStep,numberOfRobotsOnBlackSite,numberOfRobotsOnWhiteSite
16935,25,18
timeStep,numberOfRobotsOnBlackSite,numberOfRobotsOnWhiteSite
16936,25,18
timeStep,numberOfRobotsOnBlackSite,numberOfRobotsOnWhiteSite
16937,25,18
timeStep,numberOfRobotsOnBlackSite,numberOfRobotsOnWhiteSite
16938,25,18
timeStep,numberOfRobotsOnBlackSite,numberOfRobotsOnWhiteSite
16939,25,18
timeStep,numberOfRobotsOnBlackSite,numberOfRobotsOnWhiteSite
16940,25,18
timeStep,numberOfRobotsOnBlackSite,numberOfRobotsOnWhiteSite
16941,25,18
timeStep,numberOfRobotsOnBlackSite,numberOfRobotsOnWhiteSite
16942,25,18
timeStep,numberOfRobotsOnBlackSite,numberOfRobotsOnWhiteSite
16943,25,18
timeStep,numberOfRobotsOnBlackSite,numberOfRobotsOnWhiteSite
16944,25,18
timeStep,numberOfRobotsOnBlackSite,numberOfRobotsOnWhiteSite
16945,25,18
timeStep,numberOfRobotsOnBlackSite,numberOfRobotsOnWhiteSite
16946,25,18
timeStep,numberOfRobotsOnBlackSite,numberOfRobotsOnWhiteSite
16947,25,18
timeStep,numberOfRobotsOnBlackSite,numberOfRobotsOnWhiteSite
16948,25,18
timeStep,numberOfRobotsOnBlackSite,numberOfRobotsOnWhiteSite
16949,25,18
timeStep,numberOfRobotsOnBlackSite,numberOfRobotsOnWhiteSite
16950,25,18
timeStep,numberOfRobotsOnBlackSite,numberOfRobotsOnWhiteSite
16951,25,18
timeStep,numberOfRobotsOnBlackSite,numberOfRobotsOnWhiteSite
16952,25,18
timeStep,numberOfRobotsOnBlackSite,numberOfRobotsOnWhiteSite
16953,25,18
timeStep,numberOfRobotsOnBlackSite,numberOfRobotsOnWhiteSite
16954,25,18
timeStep,numberOfRobotsOnBlackSite,numberOfRobotsOnWhiteSite
16955,25,18
timeStep,numberOfRobotsOnBlackSite,numberOfRobotsOnWhiteSite
16956,25,18
timeStep,numberOfRobotsOnBlackSite,numberOfRobotsOnWhiteSite
16957,25,18
timeStep,numberOfRobotsOnBlackSite,numberOfRobotsOnWhiteSite
16958,25,18
timeStep,numberOfRobotsOnBlackSite,numberOfRobotsOnWhiteSite
16959,25,18
timeStep,numberOfRobotsOnBlackSite,numberOfRobotsOnWhiteSite
16960,25,18
timeStep,numberOfRobotsOnBlackSite,numberOfRobotsOnWhiteSite
16961,25,18
timeStep,numberOfRobotsOnBlackSite,numberOfRobotsOnWhiteSite
16962,25,18
timeStep,numberOfRobotsOnBlackSite,numberOfRobotsOnWhiteSite
16963,25,18
timeStep,numberOfRobotsOnBlackSite,numberOfRobotsOnWhiteSite
16964,25,18
timeStep,numberOfRobotsOnBlackSite,numberOfRobotsOnWhiteSite
16965,25,18
timeStep,numberOfRobotsOnBlackSite,numberOfRobotsOnWhiteSite
16966,25,18
timeStep,numberOfRobotsOnBlackSite,numberOfRobotsOnWhiteSite
16967,25,18
timeStep,numberOfRobotsOnBlackSite,numberOfRobotsOnWhiteSite
16968,25,18
timeStep,numberOfRobotsOnBlackSite,numberOfRobotsOnWhiteSite
16969,25,18
timeStep,numberOfRobotsOnBlackSite,numberOfRobotsOnWhiteSite
16970,25,18
timeStep,numberOfRobotsOnBlackSite,numberOfRobotsOnWhiteSite
16971,25,18
timeStep,numberOfRobotsOnBlackSite,numberOfRobotsOnWhiteSite
16972,25,18
timeStep,numberOfRobotsOnBlackSite,numberOfRobotsOnWhiteSite
16973,25,18
timeStep,numberOfRobotsOnBlackSite,numberOfRobotsOnWhiteSite
16974,25,18
timeStep,numberOfRobotsOnBlackSite,numberOfRobotsOnWhiteSite
16975,25,18
timeStep,numberOfRobotsOnBlackSite,numberOfRobotsOnWhiteSite
16976,25,18
timeStep,numberOfRobotsOnBlackSite,numberOfRobotsOnWhiteSite
16977,25,18
timeStep,numberOfRobotsOnBlackSite,numberOfRobotsOnWhiteSite
16978,25,18
timeStep,numberOfRobotsOnBlackSite,numberOfRobotsOnWhiteSite
16979,25,18
timeStep,numberOfRobotsOnBlackSite,numberOfRobotsOnWhiteSite
16980,25,18
timeStep,numberOfRobotsOnBlackSite,numberOfRobotsOnWhiteSite
16981,25,18
timeStep,numberOfRobotsOnBlackSite,numberOfRobotsOnWhiteSite
16982,25,18
timeStep,numberOfRobotsOnBlackSite,numberOfRobotsOnWhiteSite
16983,25,18
timeStep,numberOfRobotsOnBlackSite,numberOfRobotsOnWhiteSite
16984,25,18
timeStep,numberOfRobotsOnBlackSite,numberOfRobotsOnWhiteSite
16985,25,18
timeStep,numberOfRobotsOnBlackSite,numberOfRobotsOnWhiteSite
16986,25,18
timeStep,numberOfRobotsOnBlackSite,numberOfRobotsOnWhiteSite
16987,25,18
timeStep,numberOfRobotsOnBlackSite,numberOfRobotsOnWhiteSite
16988,25,18
timeStep,numberOfRobotsOnBlackSite,numberOfRobotsOnWhiteSite
16989,25,18
timeStep,numberOfRobotsOnBlackSite,numberOfRobotsOnWhiteSite
16990,25,18
timeStep,numberOfRobotsOnBlackSite,numberOfRobotsOnWhiteSite
16991,25,18
timeStep,numberOfRobotsOnBlackSite,numberOfRobotsOnWhiteSite
16992,25,18
timeStep,numberOfRobotsOnBlackSite,numberOfRobotsOnWhiteSite
16993,25,18
timeStep,numberOfRobotsOnBlackSite,numberOfRobotsOnWhiteSite
16994,25,18
timeStep,numberOfRobotsOnBlackSite,numberOfRobotsOnWhiteSite
16995,25,18
timeStep,numberOfRobotsOnBlackSite,numberOfRobotsOnWhiteSite
16996,25,18
timeStep,numberOfRobotsOnBlackSite,numberOfRobotsOnWhiteSite
16997,25,18
timeStep,numberOfRobotsOnBlackSite,numberOfRobotsOnWhiteSite
16998,25,18
timeStep,numberOfRobotsOnBlackSite,numberOfRobotsOnWhiteSite
16999,25,18
timeStep,numberOfRobotsOnBlackSite,numberOfRobotsOnWhiteSite
17000,25,18
timeStep,numberOfRobotsOnBlackSite,numberOfRobotsOnWhiteSite
17001,25,18
timeStep,numberOfRobotsOnBlackSite,numberOfRobotsOnWhiteSite
17002,25,18
timeStep,numberOfRobotsOnBlackSite,numberOfRobotsOnWhiteSite
17003,25,18
timeStep,numberOfRobotsOnBlackSite,numberOfRobotsOnWhiteSite
17004,25,18
timeStep,numberOfRobotsOnBlackSite,numberOfRobotsOnWhiteSite
17005,25,18
timeStep,numberOfRobotsOnBlackSite,numberOfRobotsOnWhiteSite
17006,25,18
timeStep,numberOfRobotsOnBlackSite,numberOfRobotsOnWhiteSite
17007,25,18
timeStep,numberOfRobotsOnBlackSite,numberOfRobotsOnWhiteSite
17008,25,18
timeStep,numberOfRobotsOnBlackSite,numberOfRobotsOnWhiteSite
17009,25,18
timeStep,numberOfRobotsOnBlackSite,numberOfRobotsOnWhiteSite
17010,25,18
timeStep,numberOfRobotsOnBlackSite,numberOfRobotsOnWhiteSite
17011,25,18
timeStep,numberOfRobotsOnBlackSite,numberOfRobotsOnWhiteSite
17012,25,18
timeStep,numberOfRobotsOnBlackSite,numberOfRobotsOnWhiteSite
17013,25,18
timeStep,numberOfRobotsOnBlackSite,numberOfRobotsOnWhiteSite
17014,25,18
timeStep,numberOfRobotsOnBlackSite,numberOfRobotsOnWhiteSite
17015,25,18
timeStep,numberOfRobotsOnBlackSite,numberOfRobotsOnWhiteSite
17016,25,18
timeStep,numberOfRobotsOnBlackSite,numberOfRobotsOnWhiteSite
17017,25,18
timeStep,numberOfRobotsOnBlackSite,numberOfRobotsOnWhiteSite
17018,25,18
timeStep,numberOfRobotsOnBlackSite,numberOfRobotsOnWhiteSite
17019,25,18
timeStep,numberOfRobotsOnBlackSite,numberOfRobotsOnWhiteSite
17020,25,18
timeStep,numberOfRobotsOnBlackSite,numberOfRobotsOnWhiteSite
17021,25,18
timeStep,numberOfRobotsOnBlackSite,numberOfRobotsOnWhiteSite
17022,25,18
timeStep,numberOfRobotsOnBlackSite,numberOfRobotsOnWhiteSite
17023,25,18
timeStep,numberOfRobotsOnBlackSite,numberOfRobotsOnWhiteSite
17024,25,18
timeStep,numberOfRobotsOnBlackSite,numberOfRobotsOnWhiteSite
17025,25,18
timeStep,numberOfRobotsOnBlackSite,numberOfRobotsOnWhiteSite
17026,25,18
timeStep,numberOfRobotsOnBlackSite,numberOfRobotsOnWhiteSite
17027,25,18
timeStep,numberOfRobotsOnBlackSite,numberOfRobotsOnWhiteSite
17028,25,18
timeStep,numberOfRobotsOnBlackSite,numberOfRobotsOnWhiteSite
17029,25,18
timeStep,numberOfRobotsOnBlackSite,numberOfRobotsOnWhiteSite
17030,25,18
timeStep,numberOfRobotsOnBlackSite,numberOfRobotsOnWhiteSite
17031,25,18
timeStep,numberOfRobotsOnBlackSite,numberOfRobotsOnWhiteSite
17032,25,18
timeStep,numberOfRobotsOnBlackSite,numberOfRobotsOnWhiteSite
17033,25,18
timeStep,numberOfRobotsOnBlackSite,numberOfRobotsOnWhiteSite
17034,25,18
timeStep,numberOfRobotsOnBlackSite,numberOfRobotsOnWhiteSite
17035,25,18
timeStep,numberOfRobotsOnBlackSite,numberOfRobotsOnWhiteSite
17036,25,18
timeStep,numberOfRobotsOnBlackSite,numberOfRobotsOnWhiteSite
17037,25,18
timeStep,numberOfRobotsOnBlackSite,numberOfRobotsOnWhiteSite
17038,25,18
timeStep,numberOfRobotsOnBlackSite,numberOfRobotsOnWhiteSite
17039,25,18
timeStep,numberOfRobotsOnBlackSite,numberOfRobotsOnWhiteSite
17040,25,18
timeStep,numberOfRobotsOnBlackSite,numberOfRobotsOnWhiteSite
17041,25,18
timeStep,numberOfRobotsOnBlackSite,numberOfRobotsOnWhiteSite
17042,25,18
timeStep,numberOfRobotsOnBlackSite,numberOfRobotsOnWhiteSite
17043,25,18
timeStep,numberOfRobotsOnBlackSite,numberOfRobotsOnWhiteSite
17044,25,18
timeStep,numberOfRobotsOnBlackSite,numberOfRobotsOnWhiteSite
17045,25,18
timeStep,numberOfRobotsOnBlackSite,numberOfRobotsOnWhiteSite
17046,25,18
timeStep,numberOfRobotsOnBlackSite,numberOfRobotsOnWhiteSite
17047,25,18
timeStep,numberOfRobotsOnBlackSite,numberOfRobotsOnWhiteSite
17048,25,18
timeStep,numberOfRobotsOnBlackSite,numberOfRobotsOnWhiteSite
17049,25,18
timeStep,numberOfRobotsOnBlackSite,numberOfRobotsOnWhiteSite
17050,25,18
timeStep,numberOfRobotsOnBlackSite,numberOfRobotsOnWhiteSite
17051,25,18
timeStep,numberOfRobotsOnBlackSite,numberOfRobotsOnWhiteSite
17052,25,18
timeStep,numberOfRobotsOnBlackSite,numberOfRobotsOnWhiteSite
17053,25,18
timeStep,numberOfRobotsOnBlackSite,numberOfRobotsOnWhiteSite
17054,25,18
timeStep,numberOfRobotsOnBlackSite,numberOfRobotsOnWhiteSite
17055,25,17
timeStep,numberOfRobotsOnBlackSite,numberOfRobotsOnWhiteSite
17056,25,17
timeStep,numberOfRobotsOnBlackSite,numberOfRobotsOnWhiteSite
17057,25,17
timeStep,numberOfRobotsOnBlackSite,numberOfRobotsOnWhiteSite
17058,25,17
timeStep,numberOfRobotsOnBlackSite,numberOfRobotsOnWhiteSite
17059,25,17
timeStep,numberOfRobotsOnBlackSite,numberOfRobotsOnWhiteSite
17060,25,17
timeStep,numberOfRobotsOnBlackSite,numberOfRobotsOnWhiteSite
17061,25,17
timeStep,numberOfRobotsOnBlackSite,numberOfRobotsOnWhiteSite
17062,25,17
timeStep,numberOfRobotsOnBlackSite,numberOfRobotsOnWhiteSite
17063,25,17
timeStep,numberOfRobotsOnBlackSite,numberOfRobotsOnWhiteSite
17064,25,17
timeStep,numberOfRobotsOnBlackSite,numberOfRobotsOnWhiteSite
17065,25,17
timeStep,numberOfRobotsOnBlackSite,numberOfRobotsOnWhiteSite
17066,25,17
timeStep,numberOfRobotsOnBlackSite,numberOfRobotsOnWhiteSite
17067,25,17
timeStep,numberOfRobotsOnBlackSite,numberOfRobotsOnWhiteSite
17068,25,17
timeStep,numberOfRobotsOnBlackSite,numberOfRobotsOnWhiteSite
17069,25,17
timeStep,numberOfRobotsOnBlackSite,numberOfRobotsOnWhiteSite
17070,25,17
timeStep,numberOfRobotsOnBlackSite,numberOfRobotsOnWhiteSite
17071,25,17
timeStep,numberOfRobotsOnBlackSite,numberOfRobotsOnWhiteSite
17072,25,17
timeStep,numberOfRobotsOnBlackSite,numberOfRobotsOnWhiteSite
17073,25,17
timeStep,numberOfRobotsOnBlackSite,numberOfRobotsOnWhiteSite
17074,25,17
timeStep,numberOfRobotsOnBlackSite,numberOfRobotsOnWhiteSite
17075,25,17
timeStep,numberOfRobotsOnBlackSite,numberOfRobotsOnWhiteSite
17076,25,17
timeStep,numberOfRobotsOnBlackSite,numberOfRobotsOnWhiteSite
17077,25,17
timeStep,numberOfRobotsOnBlackSite,numberOfRobotsOnWhiteSite
17078,25,17
timeStep,numberOfRobotsOnBlackSite,numberOfRobotsOnWhiteSite
17079,25,17
timeStep,numberOfRobotsOnBlackSite,numberOfRobotsOnWhiteSite
17080,25,17
timeStep,numberOfRobotsOnBlackSite,numberOfRobotsOnWhiteSite
17081,25,17
timeStep,numberOfRobotsOnBlackSite,numberOfRobotsOnWhiteSite
17082,25,17
timeStep,numberOfRobotsOnBlackSite,numberOfRobotsOnWhiteSite
17083,25,17
timeStep,numberOfRobotsOnBlackSite,numberOfRobotsOnWhiteSite
17084,25,17
timeStep,numberOfRobotsOnBlackSite,numberOfRobotsOnWhiteSite
17085,25,17
timeStep,numberOfRobotsOnBlackSite,numberOfRobotsOnWhiteSite
17086,25,17
timeStep,numberOfRobotsOnBlackSite,numberOfRobotsOnWhiteSite
17087,25,17
timeStep,numberOfRobotsOnBlackSite,numberOfRobotsOnWhiteSite
17088,25,17
timeStep,numberOfRobotsOnBlackSite,numberOfRobotsOnWhiteSite
17089,25,17
timeStep,numberOfRobotsOnBlackSite,numberOfRobotsOnWhiteSite
17090,25,17
timeStep,numberOfRobotsOnBlackSite,numberOfRobotsOnWhiteSite
17091,25,17
timeStep,numberOfRobotsOnBlackSite,numberOfRobotsOnWhiteSite
17092,25,17
timeStep,numberOfRobotsOnBlackSite,numberOfRobotsOnWhiteSite
17093,25,17
timeStep,numberOfRobotsOnBlackSite,numberOfRobotsOnWhiteSite
17094,25,17
timeStep,numberOfRobotsOnBlackSite,numberOfRobotsOnWhiteSite
17095,25,17
timeStep,numberOfRobotsOnBlackSite,numberOfRobotsOnWhiteSite
17096,25,17
timeStep,numberOfRobotsOnBlackSite,numberOfRobotsOnWhiteSite
17097,25,17
timeStep,numberOfRobotsOnBlackSite,numberOfRobotsOnWhiteSite
17098,25,17
timeStep,numberOfRobotsOnBlackSite,numberOfRobotsOnWhiteSite
17099,25,17
timeStep,numberOfRobotsOnBlackSite,numberOfRobotsOnWhiteSite
17100,25,17
timeStep,numberOfRobotsOnBlackSite,numberOfRobotsOnWhiteSite
17101,25,17
timeStep,numberOfRobotsOnBlackSite,numberOfRobotsOnWhiteSite
17102,25,17
timeStep,numberOfRobotsOnBlackSite,numberOfRobotsOnWhiteSite
17103,25,17
timeStep,numberOfRobotsOnBlackSite,numberOfRobotsOnWhiteSite
17104,25,17
timeStep,numberOfRobotsOnBlackSite,numberOfRobotsOnWhiteSite
17105,25,17
timeStep,numberOfRobotsOnBlackSite,numberOfRobotsOnWhiteSite
17106,25,17
timeStep,numberOfRobotsOnBlackSite,numberOfRobotsOnWhiteSite
17107,25,17
timeStep,numberOfRobotsOnBlackSite,numberOfRobotsOnWhiteSite
17108,25,17
timeStep,numberOfRobotsOnBlackSite,numberOfRobotsOnWhiteSite
17109,25,17
timeStep,numberOfRobotsOnBlackSite,numberOfRobotsOnWhiteSite
17110,25,17
timeStep,numberOfRobotsOnBlackSite,numberOfRobotsOnWhiteSite
17111,25,17
timeStep,numberOfRobotsOnBlackSite,numberOfRobotsOnWhiteSite
17112,25,17
timeStep,numberOfRobotsOnBlackSite,numberOfRobotsOnWhiteSite
17113,25,17
timeStep,numberOfRobotsOnBlackSite,numberOfRobotsOnWhiteSite
17114,25,17
timeStep,numberOfRobotsOnBlackSite,numberOfRobotsOnWhiteSite
17115,25,17
timeStep,numberOfRobotsOnBlackSite,numberOfRobotsOnWhiteSite
17116,25,17
timeStep,numberOfRobotsOnBlackSite,numberOfRobotsOnWhiteSite
17117,25,17
timeStep,numberOfRobotsOnBlackSite,numberOfRobotsOnWhiteSite
17118,25,17
timeStep,numberOfRobotsOnBlackSite,numberOfRobotsOnWhiteSite
17119,25,17
timeStep,numberOfRobotsOnBlackSite,numberOfRobotsOnWhiteSite
17120,25,17
timeStep,numberOfRobotsOnBlackSite,numberOfRobotsOnWhiteSite
17121,25,17
timeStep,numberOfRobotsOnBlackSite,numberOfRobotsOnWhiteSite
17122,25,17
timeStep,numberOfRobotsOnBlackSite,numberOfRobotsOnWhiteSite
17123,25,17
timeStep,numberOfRobotsOnBlackSite,numberOfRobotsOnWhiteSite
17124,25,17
timeStep,numberOfRobotsOnBlackSite,numberOfRobotsOnWhiteSite
17125,25,17
timeStep,numberOfRobotsOnBlackSite,numberOfRobotsOnWhiteSite
17126,25,17
timeStep,numberOfRobotsOnBlackSite,numberOfRobotsOnWhiteSite
17127,25,17
timeStep,numberOfRobotsOnBlackSite,numberOfRobotsOnWhiteSite
17128,25,17
timeStep,numberOfRobotsOnBlackSite,numberOfRobotsOnWhiteSite
17129,25,17
timeStep,numberOfRobotsOnBlackSite,numberOfRobotsOnWhiteSite
17130,25,17
timeStep,numberOfRobotsOnBlackSite,numberOfRobotsOnWhiteSite
17131,25,17
timeStep,numberOfRobotsOnBlackSite,numberOfRobotsOnWhiteSite
17132,25,17
timeStep,numberOfRobotsOnBlackSite,numberOfRobotsOnWhiteSite
17133,25,17
timeStep,numberOfRobotsOnBlackSite,numberOfRobotsOnWhiteSite
17134,25,17
timeStep,numberOfRobotsOnBlackSite,numberOfRobotsOnWhiteSite
17135,25,17
timeStep,numberOfRobotsOnBlackSite,numberOfRobotsOnWhiteSite
17136,25,17
timeStep,numberOfRobotsOnBlackSite,numberOfRobotsOnWhiteSite
17137,25,17
timeStep,numberOfRobotsOnBlackSite,numberOfRobotsOnWhiteSite
17138,25,17
timeStep,numberOfRobotsOnBlackSite,numberOfRobotsOnWhiteSite
17139,25,17
timeStep,numberOfRobotsOnBlackSite,numberOfRobotsOnWhiteSite
17140,25,17
timeStep,numberOfRobotsOnBlackSite,numberOfRobotsOnWhiteSite
17141,25,17
timeStep,numberOfRobotsOnBlackSite,numberOfRobotsOnWhiteSite
17142,25,17
timeStep,numberOfRobotsOnBlackSite,numberOfRobotsOnWhiteSite
17143,25,17
timeStep,numberOfRobotsOnBlackSite,numberOfRobotsOnWhiteSite
17144,25,17
timeStep,numberOfRobotsOnBlackSite,numberOfRobotsOnWhiteSite
17145,25,17
timeStep,numberOfRobotsOnBlackSite,numberOfRobotsOnWhiteSite
17146,25,17
timeStep,numberOfRobotsOnBlackSite,numberOfRobotsOnWhiteSite
17147,25,17
timeStep,numberOfRobotsOnBlackSite,numberOfRobotsOnWhiteSite
17148,25,17
timeStep,numberOfRobotsOnBlackSite,numberOfRobotsOnWhiteSite
17149,25,17
timeStep,numberOfRobotsOnBlackSite,numberOfRobotsOnWhiteSite
17150,25,17
timeStep,numberOfRobotsOnBlackSite,numberOfRobotsOnWhiteSite
17151,25,17
timeStep,numberOfRobotsOnBlackSite,numberOfRobotsOnWhiteSite
17152,25,17
timeStep,numberOfRobotsOnBlackSite,numberOfRobotsOnWhiteSite
17153,25,17
timeStep,numberOfRobotsOnBlackSite,numberOfRobotsOnWhiteSite
17154,25,17
timeStep,numberOfRobotsOnBlackSite,numberOfRobotsOnWhiteSite
17155,25,17
timeStep,numberOfRobotsOnBlackSite,numberOfRobotsOnWhiteSite
17156,25,17
timeStep,numberOfRobotsOnBlackSite,numberOfRobotsOnWhiteSite
17157,25,17
timeStep,numberOfRobotsOnBlackSite,numberOfRobotsOnWhiteSite
17158,25,17
timeStep,numberOfRobotsOnBlackSite,numberOfRobotsOnWhiteSite
17159,25,17
timeStep,numberOfRobotsOnBlackSite,numberOfRobotsOnWhiteSite
17160,25,17
timeStep,numberOfRobotsOnBlackSite,numberOfRobotsOnWhiteSite
17161,25,17
timeStep,numberOfRobotsOnBlackSite,numberOfRobotsOnWhiteSite
17162,25,17
timeStep,numberOfRobotsOnBlackSite,numberOfRobotsOnWhiteSite
17163,25,17
timeStep,numberOfRobotsOnBlackSite,numberOfRobotsOnWhiteSite
17164,25,17
timeStep,numberOfRobotsOnBlackSite,numberOfRobotsOnWhiteSite
17165,25,17
timeStep,numberOfRobotsOnBlackSite,numberOfRobotsOnWhiteSite
17166,25,17
timeStep,numberOfRobotsOnBlackSite,numberOfRobotsOnWhiteSite
17167,25,17
timeStep,numberOfRobotsOnBlackSite,numberOfRobotsOnWhiteSite
17168,25,17
timeStep,numberOfRobotsOnBlackSite,numberOfRobotsOnWhiteSite
17169,25,17
timeStep,numberOfRobotsOnBlackSite,numberOfRobotsOnWhiteSite
17170,25,17
timeStep,numberOfRobotsOnBlackSite,numberOfRobotsOnWhiteSite
17171,25,17
timeStep,numberOfRobotsOnBlackSite,numberOfRobotsOnWhiteSite
17172,25,17
timeStep,numberOfRobotsOnBlackSite,numberOfRobotsOnWhiteSite
17173,25,17
timeStep,numberOfRobotsOnBlackSite,numberOfRobotsOnWhiteSite
17174,25,17
timeStep,numberOfRobotsOnBlackSite,numberOfRobotsOnWhiteSite
17175,25,17
timeStep,numberOfRobotsOnBlackSite,numberOfRobotsOnWhiteSite
17176,25,17
timeStep,numberOfRobotsOnBlackSite,numberOfRobotsOnWhiteSite
17177,25,17
timeStep,numberOfRobotsOnBlackSite,numberOfRobotsOnWhiteSite
17178,25,17
timeStep,numberOfRobotsOnBlackSite,numberOfRobotsOnWhiteSite
17179,25,17
timeStep,numberOfRobotsOnBlackSite,numberOfRobotsOnWhiteSite
17180,25,17
timeStep,numberOfRobotsOnBlackSite,numberOfRobotsOnWhiteSite
17181,25,17
timeStep,numberOfRobotsOnBlackSite,numberOfRobotsOnWhiteSite
17182,25,17
timeStep,numberOfRobotsOnBlackSite,numberOfRobotsOnWhiteSite
17183,25,17
timeStep,numberOfRobotsOnBlackSite,numberOfRobotsOnWhiteSite
17184,25,17
timeStep,numberOfRobotsOnBlackSite,numberOfRobotsOnWhiteSite
17185,25,17
timeStep,numberOfRobotsOnBlackSite,numberOfRobotsOnWhiteSite
17186,25,17
timeStep,numberOfRobotsOnBlackSite,numberOfRobotsOnWhiteSite
17187,25,17
timeStep,numberOfRobotsOnBlackSite,numberOfRobotsOnWhiteSite
17188,25,17
timeStep,numberOfRobotsOnBlackSite,numberOfRobotsOnWhiteSite
17189,25,17
timeStep,numberOfRobotsOnBlackSite,numberOfRobotsOnWhiteSite
17190,25,17
timeStep,numberOfRobotsOnBlackSite,numberOfRobotsOnWhiteSite
17191,25,17
timeStep,numberOfRobotsOnBlackSite,numberOfRobotsOnWhiteSite
17192,25,17
timeStep,numberOfRobotsOnBlackSite,numberOfRobotsOnWhiteSite
17193,25,17
timeStep,numberOfRobotsOnBlackSite,numberOfRobotsOnWhiteSite
17194,25,17
timeStep,numberOfRobotsOnBlackSite,numberOfRobotsOnWhiteSite
17195,25,17
timeStep,numberOfRobotsOnBlackSite,numberOfRobotsOnWhiteSite
17196,25,17
timeStep,numberOfRobotsOnBlackSite,numberOfRobotsOnWhiteSite
17197,25,17
timeStep,numberOfRobotsOnBlackSite,numberOfRobotsOnWhiteSite
17198,25,17
timeStep,numberOfRobotsOnBlackSite,numberOfRobotsOnWhiteSite
17199,25,17
timeStep,numberOfRobotsOnBlackSite,numberOfRobotsOnWhiteSite
17200,25,17
timeStep,numberOfRobotsOnBlackSite,numberOfRobotsOnWhiteSite
17201,25,17
timeStep,numberOfRobotsOnBlackSite,numberOfRobotsOnWhiteSite
17202,25,17
timeStep,numberOfRobotsOnBlackSite,numberOfRobotsOnWhiteSite
17203,25,17
timeStep,numberOfRobotsOnBlackSite,numberOfRobotsOnWhiteSite
17204,25,17
timeStep,numberOfRobotsOnBlackSite,numberOfRobotsOnWhiteSite
17205,25,17
timeStep,numberOfRobotsOnBlackSite,numberOfRobotsOnWhiteSite
17206,25,17
timeStep,numberOfRobotsOnBlackSite,numberOfRobotsOnWhiteSite
17207,25,17
timeStep,numberOfRobotsOnBlackSite,numberOfRobotsOnWhiteSite
17208,25,17
timeStep,numberOfRobotsOnBlackSite,numberOfRobotsOnWhiteSite
17209,25,17
timeStep,numberOfRobotsOnBlackSite,numberOfRobotsOnWhiteSite
17210,25,17
timeStep,numberOfRobotsOnBlackSite,numberOfRobotsOnWhiteSite
17211,25,17
timeStep,numberOfRobotsOnBlackSite,numberOfRobotsOnWhiteSite
17212,25,17
timeStep,numberOfRobotsOnBlackSite,numberOfRobotsOnWhiteSite
17213,25,17
timeStep,numberOfRobotsOnBlackSite,numberOfRobotsOnWhiteSite
17214,25,17
timeStep,numberOfRobotsOnBlackSite,numberOfRobotsOnWhiteSite
17215,25,17
timeStep,numberOfRobotsOnBlackSite,numberOfRobotsOnWhiteSite
17216,25,17
timeStep,numberOfRobotsOnBlackSite,numberOfRobotsOnWhiteSite
17217,25,17
timeStep,numberOfRobotsOnBlackSite,numberOfRobotsOnWhiteSite
17218,25,17
timeStep,numberOfRobotsOnBlackSite,numberOfRobotsOnWhiteSite
17219,25,17
timeStep,numberOfRobotsOnBlackSite,numberOfRobotsOnWhiteSite
17220,25,17
timeStep,numberOfRobotsOnBlackSite,numberOfRobotsOnWhiteSite
17221,25,17
timeStep,numberOfRobotsOnBlackSite,numberOfRobotsOnWhiteSite
17222,25,17
timeStep,numberOfRobotsOnBlackSite,numberOfRobotsOnWhiteSite
17223,25,17
timeStep,numberOfRobotsOnBlackSite,numberOfRobotsOnWhiteSite
17224,25,17
timeStep,numberOfRobotsOnBlackSite,numberOfRobotsOnWhiteSite
17225,25,17
timeStep,numberOfRobotsOnBlackSite,numberOfRobotsOnWhiteSite
17226,25,17
timeStep,numberOfRobotsOnBlackSite,numberOfRobotsOnWhiteSite
17227,25,17
timeStep,numberOfRobotsOnBlackSite,numberOfRobotsOnWhiteSite
17228,25,17
timeStep,numberOfRobotsOnBlackSite,numberOfRobotsOnWhiteSite
17229,25,17
timeStep,numberOfRobotsOnBlackSite,numberOfRobotsOnWhiteSite
17230,25,17
timeStep,numberOfRobotsOnBlackSite,numberOfRobotsOnWhiteSite
17231,25,17
timeStep,numberOfRobotsOnBlackSite,numberOfRobotsOnWhiteSite
17232,25,17
timeStep,numberOfRobotsOnBlackSite,numberOfRobotsOnWhiteSite
17233,25,17
timeStep,numberOfRobotsOnBlackSite,numberOfRobotsOnWhiteSite
17234,25,17
timeStep,numberOfRobotsOnBlackSite,numberOfRobotsOnWhiteSite
17235,25,17
timeStep,numberOfRobotsOnBlackSite,numberOfRobotsOnWhiteSite
17236,25,17
timeStep,numberOfRobotsOnBlackSite,numberOfRobotsOnWhiteSite
17237,25,17
timeStep,numberOfRobotsOnBlackSite,numberOfRobotsOnWhiteSite
17238,25,17
timeStep,numberOfRobotsOnBlackSite,numberOfRobotsOnWhiteSite
17239,25,17
timeStep,numberOfRobotsOnBlackSite,numberOfRobotsOnWhiteSite
17240,25,17
timeStep,numberOfRobotsOnBlackSite,numberOfRobotsOnWhiteSite
17241,25,17
timeStep,numberOfRobotsOnBlackSite,numberOfRobotsOnWhiteSite
17242,25,17
timeStep,numberOfRobotsOnBlackSite,numberOfRobotsOnWhiteSite
17243,25,17
timeStep,numberOfRobotsOnBlackSite,numberOfRobotsOnWhiteSite
17244,25,17
timeStep,numberOfRobotsOnBlackSite,numberOfRobotsOnWhiteSite
17245,25,17
timeStep,numberOfRobotsOnBlackSite,numberOfRobotsOnWhiteSite
17246,25,17
timeStep,numberOfRobotsOnBlackSite,numberOfRobotsOnWhiteSite
17247,25,17
timeStep,numberOfRobotsOnBlackSite,numberOfRobotsOnWhiteSite
17248,25,17
timeStep,numberOfRobotsOnBlackSite,numberOfRobotsOnWhiteSite
17249,25,17
timeStep,numberOfRobotsOnBlackSite,numberOfRobotsOnWhiteSite
17250,25,17
timeStep,numberOfRobotsOnBlackSite,numberOfRobotsOnWhiteSite
17251,25,17
timeStep,numberOfRobotsOnBlackSite,numberOfRobotsOnWhiteSite
17252,25,17
timeStep,numberOfRobotsOnBlackSite,numberOfRobotsOnWhiteSite
17253,25,17
timeStep,numberOfRobotsOnBlackSite,numberOfRobotsOnWhiteSite
17254,25,17
timeStep,numberOfRobotsOnBlackSite,numberOfRobotsOnWhiteSite
17255,25,17
timeStep,numberOfRobotsOnBlackSite,numberOfRobotsOnWhiteSite
17256,25,17
timeStep,numberOfRobotsOnBlackSite,numberOfRobotsOnWhiteSite
17257,25,17
timeStep,numberOfRobotsOnBlackSite,numberOfRobotsOnWhiteSite
17258,25,17
timeStep,numberOfRobotsOnBlackSite,numberOfRobotsOnWhiteSite
17259,25,17
timeStep,numberOfRobotsOnBlackSite,numberOfRobotsOnWhiteSite
17260,25,17
timeStep,numberOfRobotsOnBlackSite,numberOfRobotsOnWhiteSite
17261,25,17
timeStep,numberOfRobotsOnBlackSite,numberOfRobotsOnWhiteSite
17262,25,17
timeStep,numberOfRobotsOnBlackSite,numberOfRobotsOnWhiteSite
17263,25,17
timeStep,numberOfRobotsOnBlackSite,numberOfRobotsOnWhiteSite
17264,25,17
timeStep,numberOfRobotsOnBlackSite,numberOfRobotsOnWhiteSite
17265,25,17
timeStep,numberOfRobotsOnBlackSite,numberOfRobotsOnWhiteSite
17266,25,17
timeStep,numberOfRobotsOnBlackSite,numberOfRobotsOnWhiteSite
17267,25,17
timeStep,numberOfRobotsOnBlackSite,numberOfRobotsOnWhiteSite
17268,25,17
timeStep,numberOfRobotsOnBlackSite,numberOfRobotsOnWhiteSite
17269,25,17
timeStep,numberOfRobotsOnBlackSite,numberOfRobotsOnWhiteSite
17270,25,17
timeStep,numberOfRobotsOnBlackSite,numberOfRobotsOnWhiteSite
17271,25,17
timeStep,numberOfRobotsOnBlackSite,numberOfRobotsOnWhiteSite
17272,25,17
timeStep,numberOfRobotsOnBlackSite,numberOfRobotsOnWhiteSite
17273,25,17
timeStep,numberOfRobotsOnBlackSite,numberOfRobotsOnWhiteSite
17274,25,17
timeStep,numberOfRobotsOnBlackSite,numberOfRobotsOnWhiteSite
17275,25,17
timeStep,numberOfRobotsOnBlackSite,numberOfRobotsOnWhiteSite
17276,25,17
timeStep,numberOfRobotsOnBlackSite,numberOfRobotsOnWhiteSite
17277,25,17
timeStep,numberOfRobotsOnBlackSite,numberOfRobotsOnWhiteSite
17278,25,17
timeStep,numberOfRobotsOnBlackSite,numberOfRobotsOnWhiteSite
17279,25,17
timeStep,numberOfRobotsOnBlackSite,numberOfRobotsOnWhiteSite
17280,25,17
timeStep,numberOfRobotsOnBlackSite,numberOfRobotsOnWhiteSite
17281,25,17
timeStep,numberOfRobotsOnBlackSite,numberOfRobotsOnWhiteSite
17282,25,17
timeStep,numberOfRobotsOnBlackSite,numberOfRobotsOnWhiteSite
17283,25,17
timeStep,numberOfRobotsOnBlackSite,numberOfRobotsOnWhiteSite
17284,25,17
timeStep,numberOfRobotsOnBlackSite,numberOfRobotsOnWhiteSite
17285,25,17
timeStep,numberOfRobotsOnBlackSite,numberOfRobotsOnWhiteSite
17286,25,17
timeStep,numberOfRobotsOnBlackSite,numberOfRobotsOnWhiteSite
17287,25,17
timeStep,numberOfRobotsOnBlackSite,numberOfRobotsOnWhiteSite
17288,25,17
timeStep,numberOfRobotsOnBlackSite,numberOfRobotsOnWhiteSite
17289,25,17
timeStep,numberOfRobotsOnBlackSite,numberOfRobotsOnWhiteSite
17290,25,17
timeStep,numberOfRobotsOnBlackSite,numberOfRobotsOnWhiteSite
17291,25,17
timeStep,numberOfRobotsOnBlackSite,numberOfRobotsOnWhiteSite
17292,25,17
timeStep,numberOfRobotsOnBlackSite,numberOfRobotsOnWhiteSite
17293,25,17
timeStep,numberOfRobotsOnBlackSite,numberOfRobotsOnWhiteSite
17294,25,17
timeStep,numberOfRobotsOnBlackSite,numberOfRobotsOnWhiteSite
17295,25,17
timeStep,numberOfRobotsOnBlackSite,numberOfRobotsOnWhiteSite
17296,25,17
timeStep,numberOfRobotsOnBlackSite,numberOfRobotsOnWhiteSite
17297,25,17
timeStep,numberOfRobotsOnBlackSite,numberOfRobotsOnWhiteSite
17298,25,17
timeStep,numberOfRobotsOnBlackSite,numberOfRobotsOnWhiteSite
17299,25,17
timeStep,numberOfRobotsOnBlackSite,numberOfRobotsOnWhiteSite
17300,25,17
timeStep,numberOfRobotsOnBlackSite,numberOfRobotsOnWhiteSite
17301,25,17
timeStep,numberOfRobotsOnBlackSite,numberOfRobotsOnWhiteSite
17302,25,17
timeStep,numberOfRobotsOnBlackSite,numberOfRobotsOnWhiteSite
17303,25,17
timeStep,numberOfRobotsOnBlackSite,numberOfRobotsOnWhiteSite
17304,25,17
timeStep,numberOfRobotsOnBlackSite,numberOfRobotsOnWhiteSite
17305,25,17
timeStep,numberOfRobotsOnBlackSite,numberOfRobotsOnWhiteSite
17306,25,17
timeStep,numberOfRobotsOnBlackSite,numberOfRobotsOnWhiteSite
17307,25,17
timeStep,numberOfRobotsOnBlackSite,numberOfRobotsOnWhiteSite
17308,25,17
timeStep,numberOfRobotsOnBlackSite,numberOfRobotsOnWhiteSite
17309,25,17
timeStep,numberOfRobotsOnBlackSite,numberOfRobotsOnWhiteSite
17310,25,17
timeStep,numberOfRobotsOnBlackSite,numberOfRobotsOnWhiteSite
17311,25,17
timeStep,numberOfRobotsOnBlackSite,numberOfRobotsOnWhiteSite
17312,25,17
timeStep,numberOfRobotsOnBlackSite,numberOfRobotsOnWhiteSite
17313,25,17
timeStep,numberOfRobotsOnBlackSite,numberOfRobotsOnWhiteSite
17314,25,17
timeStep,numberOfRobotsOnBlackSite,numberOfRobotsOnWhiteSite
17315,25,17
timeStep,numberOfRobotsOnBlackSite,numberOfRobotsOnWhiteSite
17316,25,17
timeStep,numberOfRobotsOnBlackSite,numberOfRobotsOnWhiteSite
17317,25,17
timeStep,numberOfRobotsOnBlackSite,numberOfRobotsOnWhiteSite
17318,25,17
timeStep,numberOfRobotsOnBlackSite,numberOfRobotsOnWhiteSite
17319,25,17
timeStep,numberOfRobotsOnBlackSite,numberOfRobotsOnWhiteSite
17320,25,17
timeStep,numberOfRobotsOnBlackSite,numberOfRobotsOnWhiteSite
17321,25,17
timeStep,numberOfRobotsOnBlackSite,numberOfRobotsOnWhiteSite
17322,25,17
timeStep,numberOfRobotsOnBlackSite,numberOfRobotsOnWhiteSite
17323,25,17
timeStep,numberOfRobotsOnBlackSite,numberOfRobotsOnWhiteSite
17324,25,17
timeStep,numberOfRobotsOnBlackSite,numberOfRobotsOnWhiteSite
17325,25,17
timeStep,numberOfRobotsOnBlackSite,numberOfRobotsOnWhiteSite
17326,25,17
timeStep,numberOfRobotsOnBlackSite,numberOfRobotsOnWhiteSite
17327,25,17
timeStep,numberOfRobotsOnBlackSite,numberOfRobotsOnWhiteSite
17328,25,17
timeStep,numberOfRobotsOnBlackSite,numberOfRobotsOnWhiteSite
17329,25,17
timeStep,numberOfRobotsOnBlackSite,numberOfRobotsOnWhiteSite
17330,25,17
timeStep,numberOfRobotsOnBlackSite,numberOfRobotsOnWhiteSite
17331,25,17
timeStep,numberOfRobotsOnBlackSite,numberOfRobotsOnWhiteSite
17332,25,17
timeStep,numberOfRobotsOnBlackSite,numberOfRobotsOnWhiteSite
17333,25,17
timeStep,numberOfRobotsOnBlackSite,numberOfRobotsOnWhiteSite
17334,25,17
timeStep,numberOfRobotsOnBlackSite,numberOfRobotsOnWhiteSite
17335,25,17
timeStep,numberOfRobotsOnBlackSite,numberOfRobotsOnWhiteSite
17336,25,17
timeStep,numberOfRobotsOnBlackSite,numberOfRobotsOnWhiteSite
17337,25,17
timeStep,numberOfRobotsOnBlackSite,numberOfRobotsOnWhiteSite
17338,25,17
timeStep,numberOfRobotsOnBlackSite,numberOfRobotsOnWhiteSite
17339,25,17
timeStep,numberOfRobotsOnBlackSite,numberOfRobotsOnWhiteSite
17340,25,17
timeStep,numberOfRobotsOnBlackSite,numberOfRobotsOnWhiteSite
17341,25,17
timeStep,numberOfRobotsOnBlackSite,numberOfRobotsOnWhiteSite
17342,25,17
timeStep,numberOfRobotsOnBlackSite,numberOfRobotsOnWhiteSite
17343,25,17
timeStep,numberOfRobotsOnBlackSite,numberOfRobotsOnWhiteSite
17344,25,17
timeStep,numberOfRobotsOnBlackSite,numberOfRobotsOnWhiteSite
17345,25,17
timeStep,numberOfRobotsOnBlackSite,numberOfRobotsOnWhiteSite
17346,25,17
timeStep,numberOfRobotsOnBlackSite,numberOfRobotsOnWhiteSite
17347,25,17
timeStep,numberOfRobotsOnBlackSite,numberOfRobotsOnWhiteSite
17348,25,17
timeStep,numberOfRobotsOnBlackSite,numberOfRobotsOnWhiteSite
17349,25,17
timeStep,numberOfRobotsOnBlackSite,numberOfRobotsOnWhiteSite
17350,25,17
timeStep,numberOfRobotsOnBlackSite,numberOfRobotsOnWhiteSite
17351,25,17
timeStep,numberOfRobotsOnBlackSite,numberOfRobotsOnWhiteSite
17352,25,17
timeStep,numberOfRobotsOnBlackSite,numberOfRobotsOnWhiteSite
17353,25,17
timeStep,numberOfRobotsOnBlackSite,numberOfRobotsOnWhiteSite
17354,25,17
timeStep,numberOfRobotsOnBlackSite,numberOfRobotsOnWhiteSite
17355,25,17
timeStep,numberOfRobotsOnBlackSite,numberOfRobotsOnWhiteSite
17356,25,17
timeStep,numberOfRobotsOnBlackSite,numberOfRobotsOnWhiteSite
17357,25,17
timeStep,numberOfRobotsOnBlackSite,numberOfRobotsOnWhiteSite
17358,25,17
timeStep,numberOfRobotsOnBlackSite,numberOfRobotsOnWhiteSite
17359,25,17
timeStep,numberOfRobotsOnBlackSite,numberOfRobotsOnWhiteSite
17360,25,17
timeStep,numberOfRobotsOnBlackSite,numberOfRobotsOnWhiteSite
17361,25,17
timeStep,numberOfRobotsOnBlackSite,numberOfRobotsOnWhiteSite
17362,25,17
timeStep,numberOfRobotsOnBlackSite,numberOfRobotsOnWhiteSite
17363,25,17
timeStep,numberOfRobotsOnBlackSite,numberOfRobotsOnWhiteSite
17364,25,17
timeStep,numberOfRobotsOnBlackSite,numberOfRobotsOnWhiteSite
17365,25,17
timeStep,numberOfRobotsOnBlackSite,numberOfRobotsOnWhiteSite
17366,25,17
timeStep,numberOfRobotsOnBlackSite,numberOfRobotsOnWhiteSite
17367,25,17
timeStep,numberOfRobotsOnBlackSite,numberOfRobotsOnWhiteSite
17368,25,17
timeStep,numberOfRobotsOnBlackSite,numberOfRobotsOnWhiteSite
17369,25,17
timeStep,numberOfRobotsOnBlackSite,numberOfRobotsOnWhiteSite
17370,25,17
timeStep,numberOfRobotsOnBlackSite,numberOfRobotsOnWhiteSite
17371,25,17
timeStep,numberOfRobotsOnBlackSite,numberOfRobotsOnWhiteSite
17372,25,17
timeStep,numberOfRobotsOnBlackSite,numberOfRobotsOnWhiteSite
17373,25,17
timeStep,numberOfRobotsOnBlackSite,numberOfRobotsOnWhiteSite
17374,25,17
timeStep,numberOfRobotsOnBlackSite,numberOfRobotsOnWhiteSite
17375,25,17
timeStep,numberOfRobotsOnBlackSite,numberOfRobotsOnWhiteSite
17376,25,17
timeStep,numberOfRobotsOnBlackSite,numberOfRobotsOnWhiteSite
17377,25,17
timeStep,numberOfRobotsOnBlackSite,numberOfRobotsOnWhiteSite
17378,25,17
timeStep,numberOfRobotsOnBlackSite,numberOfRobotsOnWhiteSite
17379,25,17
timeStep,numberOfRobotsOnBlackSite,numberOfRobotsOnWhiteSite
17380,25,17
timeStep,numberOfRobotsOnBlackSite,numberOfRobotsOnWhiteSite
17381,25,17
timeStep,numberOfRobotsOnBlackSite,numberOfRobotsOnWhiteSite
17382,25,17
timeStep,numberOfRobotsOnBlackSite,numberOfRobotsOnWhiteSite
17383,25,17
timeStep,numberOfRobotsOnBlackSite,numberOfRobotsOnWhiteSite
17384,25,17
timeStep,numberOfRobotsOnBlackSite,numberOfRobotsOnWhiteSite
17385,25,17
timeStep,numberOfRobotsOnBlackSite,numberOfRobotsOnWhiteSite
17386,25,17
timeStep,numberOfRobotsOnBlackSite,numberOfRobotsOnWhiteSite
17387,25,17
timeStep,numberOfRobotsOnBlackSite,numberOfRobotsOnWhiteSite
17388,25,17
timeStep,numberOfRobotsOnBlackSite,numberOfRobotsOnWhiteSite
17389,25,17
timeStep,numberOfRobotsOnBlackSite,numberOfRobotsOnWhiteSite
17390,25,17
timeStep,numberOfRobotsOnBlackSite,numberOfRobotsOnWhiteSite
17391,25,17
timeStep,numberOfRobotsOnBlackSite,numberOfRobotsOnWhiteSite
17392,25,17
timeStep,numberOfRobotsOnBlackSite,numberOfRobotsOnWhiteSite
17393,25,17
timeStep,numberOfRobotsOnBlackSite,numberOfRobotsOnWhiteSite
17394,25,17
timeStep,numberOfRobotsOnBlackSite,numberOfRobotsOnWhiteSite
17395,25,17
timeStep,numberOfRobotsOnBlackSite,numberOfRobotsOnWhiteSite
17396,25,17
timeStep,numberOfRobotsOnBlackSite,numberOfRobotsOnWhiteSite
17397,25,17
timeStep,numberOfRobotsOnBlackSite,numberOfRobotsOnWhiteSite
17398,25,17
timeStep,numberOfRobotsOnBlackSite,numberOfRobotsOnWhiteSite
17399,25,17
timeStep,numberOfRobotsOnBlackSite,numberOfRobotsOnWhiteSite
17400,25,17
timeStep,numberOfRobotsOnBlackSite,numberOfRobotsOnWhiteSite
17401,25,17
timeStep,numberOfRobotsOnBlackSite,numberOfRobotsOnWhiteSite
17402,25,17
timeStep,numberOfRobotsOnBlackSite,numberOfRobotsOnWhiteSite
17403,25,17
timeStep,numberOfRobotsOnBlackSite,numberOfRobotsOnWhiteSite
17404,25,17
timeStep,numberOfRobotsOnBlackSite,numberOfRobotsOnWhiteSite
17405,25,17
timeStep,numberOfRobotsOnBlackSite,numberOfRobotsOnWhiteSite
17406,25,17
timeStep,numberOfRobotsOnBlackSite,numberOfRobotsOnWhiteSite
17407,25,17
timeStep,numberOfRobotsOnBlackSite,numberOfRobotsOnWhiteSite
17408,25,17
timeStep,numberOfRobotsOnBlackSite,numberOfRobotsOnWhiteSite
17409,25,17
timeStep,numberOfRobotsOnBlackSite,numberOfRobotsOnWhiteSite
17410,25,17
timeStep,numberOfRobotsOnBlackSite,numberOfRobotsOnWhiteSite
17411,25,17
timeStep,numberOfRobotsOnBlackSite,numberOfRobotsOnWhiteSite
17412,25,17
timeStep,numberOfRobotsOnBlackSite,numberOfRobotsOnWhiteSite
17413,25,17
timeStep,numberOfRobotsOnBlackSite,numberOfRobotsOnWhiteSite
17414,25,17
timeStep,numberOfRobotsOnBlackSite,numberOfRobotsOnWhiteSite
17415,25,17
timeStep,numberOfRobotsOnBlackSite,numberOfRobotsOnWhiteSite
17416,25,17
timeStep,numberOfRobotsOnBlackSite,numberOfRobotsOnWhiteSite
17417,25,17
timeStep,numberOfRobotsOnBlackSite,numberOfRobotsOnWhiteSite
17418,25,17
timeStep,numberOfRobotsOnBlackSite,numberOfRobotsOnWhiteSite
17419,25,17
timeStep,numberOfRobotsOnBlackSite,numberOfRobotsOnWhiteSite
17420,25,17
timeStep,numberOfRobotsOnBlackSite,numberOfRobotsOnWhiteSite
17421,25,17
timeStep,numberOfRobotsOnBlackSite,numberOfRobotsOnWhiteSite
17422,25,17
timeStep,numberOfRobotsOnBlackSite,numberOfRobotsOnWhiteSite
17423,25,17
timeStep,numberOfRobotsOnBlackSite,numberOfRobotsOnWhiteSite
17424,25,17
timeStep,numberOfRobotsOnBlackSite,numberOfRobotsOnWhiteSite
17425,25,17
timeStep,numberOfRobotsOnBlackSite,numberOfRobotsOnWhiteSite
17426,25,17
timeStep,numberOfRobotsOnBlackSite,numberOfRobotsOnWhiteSite
17427,25,17
timeStep,numberOfRobotsOnBlackSite,numberOfRobotsOnWhiteSite
17428,25,17
timeStep,numberOfRobotsOnBlackSite,numberOfRobotsOnWhiteSite
17429,25,17
timeStep,numberOfRobotsOnBlackSite,numberOfRobotsOnWhiteSite
17430,25,17
timeStep,numberOfRobotsOnBlackSite,numberOfRobotsOnWhiteSite
17431,25,17
timeStep,numberOfRobotsOnBlackSite,numberOfRobotsOnWhiteSite
17432,25,17
timeStep,numberOfRobotsOnBlackSite,numberOfRobotsOnWhiteSite
17433,25,17
timeStep,numberOfRobotsOnBlackSite,numberOfRobotsOnWhiteSite
17434,25,17
timeStep,numberOfRobotsOnBlackSite,numberOfRobotsOnWhiteSite
17435,25,17
timeStep,numberOfRobotsOnBlackSite,numberOfRobotsOnWhiteSite
17436,25,17
timeStep,numberOfRobotsOnBlackSite,numberOfRobotsOnWhiteSite
17437,25,17
timeStep,numberOfRobotsOnBlackSite,numberOfRobotsOnWhiteSite
17438,25,17
timeStep,numberOfRobotsOnBlackSite,numberOfRobotsOnWhiteSite
17439,25,17
timeStep,numberOfRobotsOnBlackSite,numberOfRobotsOnWhiteSite
17440,25,17
timeStep,numberOfRobotsOnBlackSite,numberOfRobotsOnWhiteSite
17441,25,17
timeStep,numberOfRobotsOnBlackSite,numberOfRobotsOnWhiteSite
17442,25,17
timeStep,numberOfRobotsOnBlackSite,numberOfRobotsOnWhiteSite
17443,25,17
timeStep,numberOfRobotsOnBlackSite,numberOfRobotsOnWhiteSite
17444,25,17
timeStep,numberOfRobotsOnBlackSite,numberOfRobotsOnWhiteSite
17445,25,17
timeStep,numberOfRobotsOnBlackSite,numberOfRobotsOnWhiteSite
17446,25,17
timeStep,numberOfRobotsOnBlackSite,numberOfRobotsOnWhiteSite
17447,25,17
timeStep,numberOfRobotsOnBlackSite,numberOfRobotsOnWhiteSite
17448,25,17
timeStep,numberOfRobotsOnBlackSite,numberOfRobotsOnWhiteSite
17449,25,17
timeStep,numberOfRobotsOnBlackSite,numberOfRobotsOnWhiteSite
17450,25,17
timeStep,numberOfRobotsOnBlackSite,numberOfRobotsOnWhiteSite
17451,25,17
timeStep,numberOfRobotsOnBlackSite,numberOfRobotsOnWhiteSite
17452,25,17
timeStep,numberOfRobotsOnBlackSite,numberOfRobotsOnWhiteSite
17453,25,17
timeStep,numberOfRobotsOnBlackSite,numberOfRobotsOnWhiteSite
17454,25,17
timeStep,numberOfRobotsOnBlackSite,numberOfRobotsOnWhiteSite
17455,25,17
timeStep,numberOfRobotsOnBlackSite,numberOfRobotsOnWhiteSite
17456,25,17
timeStep,numberOfRobotsOnBlackSite,numberOfRobotsOnWhiteSite
17457,25,17
timeStep,numberOfRobotsOnBlackSite,numberOfRobotsOnWhiteSite
17458,25,17
timeStep,numberOfRobotsOnBlackSite,numberOfRobotsOnWhiteSite
17459,25,17
timeStep,numberOfRobotsOnBlackSite,numberOfRobotsOnWhiteSite
17460,25,17
timeStep,numberOfRobotsOnBlackSite,numberOfRobotsOnWhiteSite
17461,25,17
timeStep,numberOfRobotsOnBlackSite,numberOfRobotsOnWhiteSite
17462,25,17
timeStep,numberOfRobotsOnBlackSite,numberOfRobotsOnWhiteSite
17463,25,17
timeStep,numberOfRobotsOnBlackSite,numberOfRobotsOnWhiteSite
17464,25,17
timeStep,numberOfRobotsOnBlackSite,numberOfRobotsOnWhiteSite
17465,25,17
timeStep,numberOfRobotsOnBlackSite,numberOfRobotsOnWhiteSite
17466,25,17
timeStep,numberOfRobotsOnBlackSite,numberOfRobotsOnWhiteSite
17467,25,17
timeStep,numberOfRobotsOnBlackSite,numberOfRobotsOnWhiteSite
17468,25,17
timeStep,numberOfRobotsOnBlackSite,numberOfRobotsOnWhiteSite
17469,25,17
timeStep,numberOfRobotsOnBlackSite,numberOfRobotsOnWhiteSite
17470,25,17
timeStep,numberOfRobotsOnBlackSite,numberOfRobotsOnWhiteSite
17471,25,17
timeStep,numberOfRobotsOnBlackSite,numberOfRobotsOnWhiteSite
17472,25,17
timeStep,numberOfRobotsOnBlackSite,numberOfRobotsOnWhiteSite
17473,25,17
timeStep,numberOfRobotsOnBlackSite,numberOfRobotsOnWhiteSite
17474,25,17
timeStep,numberOfRobotsOnBlackSite,numberOfRobotsOnWhiteSite
17475,26,17
timeStep,numberOfRobotsOnBlackSite,numberOfRobotsOnWhiteSite
17476,26,17
timeStep,numberOfRobotsOnBlackSite,numberOfRobotsOnWhiteSite
17477,26,17
timeStep,numberOfRobotsOnBlackSite,numberOfRobotsOnWhiteSite
17478,26,17
timeStep,numberOfRobotsOnBlackSite,numberOfRobotsOnWhiteSite
17479,26,17
timeStep,numberOfRobotsOnBlackSite,numberOfRobotsOnWhiteSite
17480,26,17
timeStep,numberOfRobotsOnBlackSite,numberOfRobotsOnWhiteSite
17481,26,17
timeStep,numberOfRobotsOnBlackSite,numberOfRobotsOnWhiteSite
17482,26,17
timeStep,numberOfRobotsOnBlackSite,numberOfRobotsOnWhiteSite
17483,26,17
timeStep,numberOfRobotsOnBlackSite,numberOfRobotsOnWhiteSite
17484,26,17
timeStep,numberOfRobotsOnBlackSite,numberOfRobotsOnWhiteSite
17485,26,17
timeStep,numberOfRobotsOnBlackSite,numberOfRobotsOnWhiteSite
17486,26,17
timeStep,numberOfRobotsOnBlackSite,numberOfRobotsOnWhiteSite
17487,26,17
timeStep,numberOfRobotsOnBlackSite,numberOfRobotsOnWhiteSite
17488,26,17
timeStep,numberOfRobotsOnBlackSite,numberOfRobotsOnWhiteSite
17489,26,17
timeStep,numberOfRobotsOnBlackSite,numberOfRobotsOnWhiteSite
17490,26,17
timeStep,numberOfRobotsOnBlackSite,numberOfRobotsOnWhiteSite
17491,26,17
timeStep,numberOfRobotsOnBlackSite,numberOfRobotsOnWhiteSite
17492,26,17
timeStep,numberOfRobotsOnBlackSite,numberOfRobotsOnWhiteSite
17493,26,17
timeStep,numberOfRobotsOnBlackSite,numberOfRobotsOnWhiteSite
17494,26,17
timeStep,numberOfRobotsOnBlackSite,numberOfRobotsOnWhiteSite
17495,26,17
timeStep,numberOfRobotsOnBlackSite,numberOfRobotsOnWhiteSite
17496,26,17
timeStep,numberOfRobotsOnBlackSite,numberOfRobotsOnWhiteSite
17497,26,17
timeStep,numberOfRobotsOnBlackSite,numberOfRobotsOnWhiteSite
17498,26,17
timeStep,numberOfRobotsOnBlackSite,numberOfRobotsOnWhiteSite
17499,26,17
timeStep,numberOfRobotsOnBlackSite,numberOfRobotsOnWhiteSite
17500,26,17
timeStep,numberOfRobotsOnBlackSite,numberOfRobotsOnWhiteSite
17501,26,17
timeStep,numberOfRobotsOnBlackSite,numberOfRobotsOnWhiteSite
17502,26,17
timeStep,numberOfRobotsOnBlackSite,numberOfRobotsOnWhiteSite
17503,26,17
timeStep,numberOfRobotsOnBlackSite,numberOfRobotsOnWhiteSite
17504,26,17
timeStep,numberOfRobotsOnBlackSite,numberOfRobotsOnWhiteSite
17505,26,17
timeStep,numberOfRobotsOnBlackSite,numberOfRobotsOnWhiteSite
17506,26,17
timeStep,numberOfRobotsOnBlackSite,numberOfRobotsOnWhiteSite
17507,26,17
timeStep,numberOfRobotsOnBlackSite,numberOfRobotsOnWhiteSite
17508,26,17
timeStep,numberOfRobotsOnBlackSite,numberOfRobotsOnWhiteSite
17509,26,17
timeStep,numberOfRobotsOnBlackSite,numberOfRobotsOnWhiteSite
17510,26,17
timeStep,numberOfRobotsOnBlackSite,numberOfRobotsOnWhiteSite
17511,26,17
timeStep,numberOfRobotsOnBlackSite,numberOfRobotsOnWhiteSite
17512,26,17
timeStep,numberOfRobotsOnBlackSite,numberOfRobotsOnWhiteSite
17513,26,17
timeStep,numberOfRobotsOnBlackSite,numberOfRobotsOnWhiteSite
17514,26,17
timeStep,numberOfRobotsOnBlackSite,numberOfRobotsOnWhiteSite
17515,26,17
timeStep,numberOfRobotsOnBlackSite,numberOfRobotsOnWhiteSite
17516,26,17
timeStep,numberOfRobotsOnBlackSite,numberOfRobotsOnWhiteSite
17517,26,17
timeStep,numberOfRobotsOnBlackSite,numberOfRobotsOnWhiteSite
17518,26,17
timeStep,numberOfRobotsOnBlackSite,numberOfRobotsOnWhiteSite
17519,26,17
timeStep,numberOfRobotsOnBlackSite,numberOfRobotsOnWhiteSite
17520,26,17
timeStep,numberOfRobotsOnBlackSite,numberOfRobotsOnWhiteSite
17521,26,17
timeStep,numberOfRobotsOnBlackSite,numberOfRobotsOnWhiteSite
17522,26,17
timeStep,numberOfRobotsOnBlackSite,numberOfRobotsOnWhiteSite
17523,26,17
timeStep,numberOfRobotsOnBlackSite,numberOfRobotsOnWhiteSite
17524,26,17
timeStep,numberOfRobotsOnBlackSite,numberOfRobotsOnWhiteSite
17525,26,17
timeStep,numberOfRobotsOnBlackSite,numberOfRobotsOnWhiteSite
17526,26,17
timeStep,numberOfRobotsOnBlackSite,numberOfRobotsOnWhiteSite
17527,26,17
timeStep,numberOfRobotsOnBlackSite,numberOfRobotsOnWhiteSite
17528,26,17
timeStep,numberOfRobotsOnBlackSite,numberOfRobotsOnWhiteSite
17529,26,17
timeStep,numberOfRobotsOnBlackSite,numberOfRobotsOnWhiteSite
17530,26,17
timeStep,numberOfRobotsOnBlackSite,numberOfRobotsOnWhiteSite
17531,26,17
timeStep,numberOfRobotsOnBlackSite,numberOfRobotsOnWhiteSite
17532,26,17
timeStep,numberOfRobotsOnBlackSite,numberOfRobotsOnWhiteSite
17533,26,17
timeStep,numberOfRobotsOnBlackSite,numberOfRobotsOnWhiteSite
17534,26,17
timeStep,numberOfRobotsOnBlackSite,numberOfRobotsOnWhiteSite
17535,26,17
timeStep,numberOfRobotsOnBlackSite,numberOfRobotsOnWhiteSite
17536,26,17
timeStep,numberOfRobotsOnBlackSite,numberOfRobotsOnWhiteSite
17537,26,17
timeStep,numberOfRobotsOnBlackSite,numberOfRobotsOnWhiteSite
17538,26,17
timeStep,numberOfRobotsOnBlackSite,numberOfRobotsOnWhiteSite
17539,26,17
timeStep,numberOfRobotsOnBlackSite,numberOfRobotsOnWhiteSite
17540,26,17
timeStep,numberOfRobotsOnBlackSite,numberOfRobotsOnWhiteSite
17541,26,17
timeStep,numberOfRobotsOnBlackSite,numberOfRobotsOnWhiteSite
17542,26,17
timeStep,numberOfRobotsOnBlackSite,numberOfRobotsOnWhiteSite
17543,26,17
timeStep,numberOfRobotsOnBlackSite,numberOfRobotsOnWhiteSite
17544,26,17
timeStep,numberOfRobotsOnBlackSite,numberOfRobotsOnWhiteSite
17545,26,17
timeStep,numberOfRobotsOnBlackSite,numberOfRobotsOnWhiteSite
17546,26,17
timeStep,numberOfRobotsOnBlackSite,numberOfRobotsOnWhiteSite
17547,26,17
timeStep,numberOfRobotsOnBlackSite,numberOfRobotsOnWhiteSite
17548,26,17
timeStep,numberOfRobotsOnBlackSite,numberOfRobotsOnWhiteSite
17549,26,17
timeStep,numberOfRobotsOnBlackSite,numberOfRobotsOnWhiteSite
17550,26,17
timeStep,numberOfRobotsOnBlackSite,numberOfRobotsOnWhiteSite
17551,26,17
timeStep,numberOfRobotsOnBlackSite,numberOfRobotsOnWhiteSite
17552,26,17
timeStep,numberOfRobotsOnBlackSite,numberOfRobotsOnWhiteSite
17553,26,17
timeStep,numberOfRobotsOnBlackSite,numberOfRobotsOnWhiteSite
17554,26,17
timeStep,numberOfRobotsOnBlackSite,numberOfRobotsOnWhiteSite
17555,26,17
timeStep,numberOfRobotsOnBlackSite,numberOfRobotsOnWhiteSite
17556,26,17
timeStep,numberOfRobotsOnBlackSite,numberOfRobotsOnWhiteSite
17557,26,17
timeStep,numberOfRobotsOnBlackSite,numberOfRobotsOnWhiteSite
17558,26,17
timeStep,numberOfRobotsOnBlackSite,numberOfRobotsOnWhiteSite
17559,26,17
timeStep,numberOfRobotsOnBlackSite,numberOfRobotsOnWhiteSite
17560,26,17
timeStep,numberOfRobotsOnBlackSite,numberOfRobotsOnWhiteSite
17561,26,17
timeStep,numberOfRobotsOnBlackSite,numberOfRobotsOnWhiteSite
17562,26,17
timeStep,numberOfRobotsOnBlackSite,numberOfRobotsOnWhiteSite
17563,26,17
timeStep,numberOfRobotsOnBlackSite,numberOfRobotsOnWhiteSite
17564,26,17
timeStep,numberOfRobotsOnBlackSite,numberOfRobotsOnWhiteSite
17565,26,17
timeStep,numberOfRobotsOnBlackSite,numberOfRobotsOnWhiteSite
17566,26,17
timeStep,numberOfRobotsOnBlackSite,numberOfRobotsOnWhiteSite
17567,26,17
timeStep,numberOfRobotsOnBlackSite,numberOfRobotsOnWhiteSite
17568,26,17
timeStep,numberOfRobotsOnBlackSite,numberOfRobotsOnWhiteSite
17569,26,17
timeStep,numberOfRobotsOnBlackSite,numberOfRobotsOnWhiteSite
17570,26,17
timeStep,numberOfRobotsOnBlackSite,numberOfRobotsOnWhiteSite
17571,26,17
timeStep,numberOfRobotsOnBlackSite,numberOfRobotsOnWhiteSite
17572,26,17
timeStep,numberOfRobotsOnBlackSite,numberOfRobotsOnWhiteSite
17573,26,17
timeStep,numberOfRobotsOnBlackSite,numberOfRobotsOnWhiteSite
17574,26,17
timeStep,numberOfRobotsOnBlackSite,numberOfRobotsOnWhiteSite
17575,26,17
timeStep,numberOfRobotsOnBlackSite,numberOfRobotsOnWhiteSite
17576,26,17
timeStep,numberOfRobotsOnBlackSite,numberOfRobotsOnWhiteSite
17577,26,17
timeStep,numberOfRobotsOnBlackSite,numberOfRobotsOnWhiteSite
17578,26,17
timeStep,numberOfRobotsOnBlackSite,numberOfRobotsOnWhiteSite
17579,26,17
timeStep,numberOfRobotsOnBlackSite,numberOfRobotsOnWhiteSite
17580,26,17
timeStep,numberOfRobotsOnBlackSite,numberOfRobotsOnWhiteSite
17581,26,17
timeStep,numberOfRobotsOnBlackSite,numberOfRobotsOnWhiteSite
17582,26,17
timeStep,numberOfRobotsOnBlackSite,numberOfRobotsOnWhiteSite
17583,26,17
timeStep,numberOfRobotsOnBlackSite,numberOfRobotsOnWhiteSite
17584,26,17
timeStep,numberOfRobotsOnBlackSite,numberOfRobotsOnWhiteSite
17585,26,18
timeStep,numberOfRobotsOnBlackSite,numberOfRobotsOnWhiteSite
17586,26,18
timeStep,numberOfRobotsOnBlackSite,numberOfRobotsOnWhiteSite
17587,26,18
timeStep,numberOfRobotsOnBlackSite,numberOfRobotsOnWhiteSite
17588,26,18
timeStep,numberOfRobotsOnBlackSite,numberOfRobotsOnWhiteSite
17589,26,18
timeStep,numberOfRobotsOnBlackSite,numberOfRobotsOnWhiteSite
17590,26,18
timeStep,numberOfRobotsOnBlackSite,numberOfRobotsOnWhiteSite
17591,26,18
timeStep,numberOfRobotsOnBlackSite,numberOfRobotsOnWhiteSite
17592,26,18
timeStep,numberOfRobotsOnBlackSite,numberOfRobotsOnWhiteSite
17593,26,18
timeStep,numberOfRobotsOnBlackSite,numberOfRobotsOnWhiteSite
17594,26,18
timeStep,numberOfRobotsOnBlackSite,numberOfRobotsOnWhiteSite
17595,26,18
timeStep,numberOfRobotsOnBlackSite,numberOfRobotsOnWhiteSite
17596,26,18
timeStep,numberOfRobotsOnBlackSite,numberOfRobotsOnWhiteSite
17597,26,18
timeStep,numberOfRobotsOnBlackSite,numberOfRobotsOnWhiteSite
17598,26,18
timeStep,numberOfRobotsOnBlackSite,numberOfRobotsOnWhiteSite
17599,26,18
timeStep,numberOfRobotsOnBlackSite,numberOfRobotsOnWhiteSite
17600,26,18
timeStep,numberOfRobotsOnBlackSite,numberOfRobotsOnWhiteSite
17601,26,18
timeStep,numberOfRobotsOnBlackSite,numberOfRobotsOnWhiteSite
17602,26,18
timeStep,numberOfRobotsOnBlackSite,numberOfRobotsOnWhiteSite
17603,26,18
timeStep,numberOfRobotsOnBlackSite,numberOfRobotsOnWhiteSite
17604,26,18
timeStep,numberOfRobotsOnBlackSite,numberOfRobotsOnWhiteSite
17605,26,18
timeStep,numberOfRobotsOnBlackSite,numberOfRobotsOnWhiteSite
17606,26,18
timeStep,numberOfRobotsOnBlackSite,numberOfRobotsOnWhiteSite
17607,26,18
timeStep,numberOfRobotsOnBlackSite,numberOfRobotsOnWhiteSite
17608,26,18
timeStep,numberOfRobotsOnBlackSite,numberOfRobotsOnWhiteSite
17609,26,18
timeStep,numberOfRobotsOnBlackSite,numberOfRobotsOnWhiteSite
17610,26,18
timeStep,numberOfRobotsOnBlackSite,numberOfRobotsOnWhiteSite
17611,26,18
timeStep,numberOfRobotsOnBlackSite,numberOfRobotsOnWhiteSite
17612,26,18
timeStep,numberOfRobotsOnBlackSite,numberOfRobotsOnWhiteSite
17613,26,18
timeStep,numberOfRobotsOnBlackSite,numberOfRobotsOnWhiteSite
17614,26,18
timeStep,numberOfRobotsOnBlackSite,numberOfRobotsOnWhiteSite
17615,26,18
timeStep,numberOfRobotsOnBlackSite,numberOfRobotsOnWhiteSite
17616,26,18
timeStep,numberOfRobotsOnBlackSite,numberOfRobotsOnWhiteSite
17617,26,18
timeStep,numberOfRobotsOnBlackSite,numberOfRobotsOnWhiteSite
17618,26,18
timeStep,numberOfRobotsOnBlackSite,numberOfRobotsOnWhiteSite
17619,26,18
timeStep,numberOfRobotsOnBlackSite,numberOfRobotsOnWhiteSite
17620,26,18
timeStep,numberOfRobotsOnBlackSite,numberOfRobotsOnWhiteSite
17621,26,18
timeStep,numberOfRobotsOnBlackSite,numberOfRobotsOnWhiteSite
17622,26,18
timeStep,numberOfRobotsOnBlackSite,numberOfRobotsOnWhiteSite
17623,26,18
timeStep,numberOfRobotsOnBlackSite,numberOfRobotsOnWhiteSite
17624,26,18
timeStep,numberOfRobotsOnBlackSite,numberOfRobotsOnWhiteSite
17625,26,18
timeStep,numberOfRobotsOnBlackSite,numberOfRobotsOnWhiteSite
17626,26,18
timeStep,numberOfRobotsOnBlackSite,numberOfRobotsOnWhiteSite
17627,26,18
timeStep,numberOfRobotsOnBlackSite,numberOfRobotsOnWhiteSite
17628,26,18
timeStep,numberOfRobotsOnBlackSite,numberOfRobotsOnWhiteSite
17629,26,18
timeStep,numberOfRobotsOnBlackSite,numberOfRobotsOnWhiteSite
17630,26,18
timeStep,numberOfRobotsOnBlackSite,numberOfRobotsOnWhiteSite
17631,26,18
timeStep,numberOfRobotsOnBlackSite,numberOfRobotsOnWhiteSite
17632,26,18
timeStep,numberOfRobotsOnBlackSite,numberOfRobotsOnWhiteSite
17633,26,18
timeStep,numberOfRobotsOnBlackSite,numberOfRobotsOnWhiteSite
17634,26,18
timeStep,numberOfRobotsOnBlackSite,numberOfRobotsOnWhiteSite
17635,26,18
timeStep,numberOfRobotsOnBlackSite,numberOfRobotsOnWhiteSite
17636,26,18
timeStep,numberOfRobotsOnBlackSite,numberOfRobotsOnWhiteSite
17637,26,18
timeStep,numberOfRobotsOnBlackSite,numberOfRobotsOnWhiteSite
17638,26,18
timeStep,numberOfRobotsOnBlackSite,numberOfRobotsOnWhiteSite
17639,26,18
timeStep,numberOfRobotsOnBlackSite,numberOfRobotsOnWhiteSite
17640,26,18
timeStep,numberOfRobotsOnBlackSite,numberOfRobotsOnWhiteSite
17641,26,18
timeStep,numberOfRobotsOnBlackSite,numberOfRobotsOnWhiteSite
17642,26,18
timeStep,numberOfRobotsOnBlackSite,numberOfRobotsOnWhiteSite
17643,26,18
timeStep,numberOfRobotsOnBlackSite,numberOfRobotsOnWhiteSite
17644,26,18
timeStep,numberOfRobotsOnBlackSite,numberOfRobotsOnWhiteSite
17645,26,18
timeStep,numberOfRobotsOnBlackSite,numberOfRobotsOnWhiteSite
17646,26,18
timeStep,numberOfRobotsOnBlackSite,numberOfRobotsOnWhiteSite
17647,26,18
timeStep,numberOfRobotsOnBlackSite,numberOfRobotsOnWhiteSite
17648,26,18
timeStep,numberOfRobotsOnBlackSite,numberOfRobotsOnWhiteSite
17649,26,18
timeStep,numberOfRobotsOnBlackSite,numberOfRobotsOnWhiteSite
17650,26,18
timeStep,numberOfRobotsOnBlackSite,numberOfRobotsOnWhiteSite
17651,26,18
timeStep,numberOfRobotsOnBlackSite,numberOfRobotsOnWhiteSite
17652,26,18
timeStep,numberOfRobotsOnBlackSite,numberOfRobotsOnWhiteSite
17653,26,18
timeStep,numberOfRobotsOnBlackSite,numberOfRobotsOnWhiteSite
17654,26,18
timeStep,numberOfRobotsOnBlackSite,numberOfRobotsOnWhiteSite
17655,26,18
timeStep,numberOfRobotsOnBlackSite,numberOfRobotsOnWhiteSite
17656,26,18
timeStep,numberOfRobotsOnBlackSite,numberOfRobotsOnWhiteSite
17657,26,18
timeStep,numberOfRobotsOnBlackSite,numberOfRobotsOnWhiteSite
17658,26,18
timeStep,numberOfRobotsOnBlackSite,numberOfRobotsOnWhiteSite
17659,26,18
timeStep,numberOfRobotsOnBlackSite,numberOfRobotsOnWhiteSite
17660,25,18
timeStep,numberOfRobotsOnBlackSite,numberOfRobotsOnWhiteSite
17661,25,18
timeStep,numberOfRobotsOnBlackSite,numberOfRobotsOnWhiteSite
17662,25,18
timeStep,numberOfRobotsOnBlackSite,numberOfRobotsOnWhiteSite
17663,25,18
timeStep,numberOfRobotsOnBlackSite,numberOfRobotsOnWhiteSite
17664,25,18
timeStep,numberOfRobotsOnBlackSite,numberOfRobotsOnWhiteSite
17665,25,18
timeStep,numberOfRobotsOnBlackSite,numberOfRobotsOnWhiteSite
17666,25,18
timeStep,numberOfRobotsOnBlackSite,numberOfRobotsOnWhiteSite
17667,25,18
timeStep,numberOfRobotsOnBlackSite,numberOfRobotsOnWhiteSite
17668,25,18
timeStep,numberOfRobotsOnBlackSite,numberOfRobotsOnWhiteSite
17669,25,18
timeStep,numberOfRobotsOnBlackSite,numberOfRobotsOnWhiteSite
17670,25,18
timeStep,numberOfRobotsOnBlackSite,numberOfRobotsOnWhiteSite
17671,25,18
timeStep,numberOfRobotsOnBlackSite,numberOfRobotsOnWhiteSite
17672,25,18
timeStep,numberOfRobotsOnBlackSite,numberOfRobotsOnWhiteSite
17673,25,18
timeStep,numberOfRobotsOnBlackSite,numberOfRobotsOnWhiteSite
17674,25,18
timeStep,numberOfRobotsOnBlackSite,numberOfRobotsOnWhiteSite
17675,25,18
timeStep,numberOfRobotsOnBlackSite,numberOfRobotsOnWhiteSite
17676,25,18
timeStep,numberOfRobotsOnBlackSite,numberOfRobotsOnWhiteSite
17677,25,18
timeStep,numberOfRobotsOnBlackSite,numberOfRobotsOnWhiteSite
17678,25,18
timeStep,numberOfRobotsOnBlackSite,numberOfRobotsOnWhiteSite
17679,25,18
timeStep,numberOfRobotsOnBlackSite,numberOfRobotsOnWhiteSite
17680,25,18
timeStep,numberOfRobotsOnBlackSite,numberOfRobotsOnWhiteSite
17681,25,18
timeStep,numberOfRobotsOnBlackSite,numberOfRobotsOnWhiteSite
17682,25,18
timeStep,numberOfRobotsOnBlackSite,numberOfRobotsOnWhiteSite
17683,25,18
timeStep,numberOfRobotsOnBlackSite,numberOfRobotsOnWhiteSite
17684,25,18
timeStep,numberOfRobotsOnBlackSite,numberOfRobotsOnWhiteSite
17685,25,18
timeStep,numberOfRobotsOnBlackSite,numberOfRobotsOnWhiteSite
17686,25,18
timeStep,numberOfRobotsOnBlackSite,numberOfRobotsOnWhiteSite
17687,25,18
timeStep,numberOfRobotsOnBlackSite,numberOfRobotsOnWhiteSite
17688,25,18
timeStep,numberOfRobotsOnBlackSite,numberOfRobotsOnWhiteSite
17689,25,18
timeStep,numberOfRobotsOnBlackSite,numberOfRobotsOnWhiteSite
17690,25,18
timeStep,numberOfRobotsOnBlackSite,numberOfRobotsOnWhiteSite
17691,25,18
timeStep,numberOfRobotsOnBlackSite,numberOfRobotsOnWhiteSite
17692,25,18
timeStep,numberOfRobotsOnBlackSite,numberOfRobotsOnWhiteSite
17693,25,18
timeStep,numberOfRobotsOnBlackSite,numberOfRobotsOnWhiteSite
17694,25,18
timeStep,numberOfRobotsOnBlackSite,numberOfRobotsOnWhiteSite
17695,25,18
timeStep,numberOfRobotsOnBlackSite,numberOfRobotsOnWhiteSite
17696,25,18
timeStep,numberOfRobotsOnBlackSite,numberOfRobotsOnWhiteSite
17697,25,18
timeStep,numberOfRobotsOnBlackSite,numberOfRobotsOnWhiteSite
17698,25,18
timeStep,numberOfRobotsOnBlackSite,numberOfRobotsOnWhiteSite
17699,25,18
timeStep,numberOfRobotsOnBlackSite,numberOfRobotsOnWhiteSite
17700,25,18
timeStep,numberOfRobotsOnBlackSite,numberOfRobotsOnWhiteSite
17701,25,18
timeStep,numberOfRobotsOnBlackSite,numberOfRobotsOnWhiteSite
17702,25,18
timeStep,numberOfRobotsOnBlackSite,numberOfRobotsOnWhiteSite
17703,25,18
timeStep,numberOfRobotsOnBlackSite,numberOfRobotsOnWhiteSite
17704,25,18
timeStep,numberOfRobotsOnBlackSite,numberOfRobotsOnWhiteSite
17705,25,18
timeStep,numberOfRobotsOnBlackSite,numberOfRobotsOnWhiteSite
17706,25,18
timeStep,numberOfRobotsOnBlackSite,numberOfRobotsOnWhiteSite
17707,25,18
timeStep,numberOfRobotsOnBlackSite,numberOfRobotsOnWhiteSite
17708,25,18
timeStep,numberOfRobotsOnBlackSite,numberOfRobotsOnWhiteSite
17709,25,18
timeStep,numberOfRobotsOnBlackSite,numberOfRobotsOnWhiteSite
17710,25,18
timeStep,numberOfRobotsOnBlackSite,numberOfRobotsOnWhiteSite
17711,25,18
timeStep,numberOfRobotsOnBlackSite,numberOfRobotsOnWhiteSite
17712,25,18
timeStep,numberOfRobotsOnBlackSite,numberOfRobotsOnWhiteSite
17713,25,18
timeStep,numberOfRobotsOnBlackSite,numberOfRobotsOnWhiteSite
17714,25,18
timeStep,numberOfRobotsOnBlackSite,numberOfRobotsOnWhiteSite
17715,25,18
timeStep,numberOfRobotsOnBlackSite,numberOfRobotsOnWhiteSite
17716,25,18
timeStep,numberOfRobotsOnBlackSite,numberOfRobotsOnWhiteSite
17717,25,18
timeStep,numberOfRobotsOnBlackSite,numberOfRobotsOnWhiteSite
17718,25,18
timeStep,numberOfRobotsOnBlackSite,numberOfRobotsOnWhiteSite
17719,25,18
timeStep,numberOfRobotsOnBlackSite,numberOfRobotsOnWhiteSite
17720,25,18
timeStep,numberOfRobotsOnBlackSite,numberOfRobotsOnWhiteSite
17721,25,18
timeStep,numberOfRobotsOnBlackSite,numberOfRobotsOnWhiteSite
17722,25,18
timeStep,numberOfRobotsOnBlackSite,numberOfRobotsOnWhiteSite
17723,25,18
timeStep,numberOfRobotsOnBlackSite,numberOfRobotsOnWhiteSite
17724,25,18
timeStep,numberOfRobotsOnBlackSite,numberOfRobotsOnWhiteSite
17725,25,18
timeStep,numberOfRobotsOnBlackSite,numberOfRobotsOnWhiteSite
17726,25,18
timeStep,numberOfRobotsOnBlackSite,numberOfRobotsOnWhiteSite
17727,25,18
timeStep,numberOfRobotsOnBlackSite,numberOfRobotsOnWhiteSite
17728,25,18
timeStep,numberOfRobotsOnBlackSite,numberOfRobotsOnWhiteSite
17729,25,18
timeStep,numberOfRobotsOnBlackSite,numberOfRobotsOnWhiteSite
17730,25,18
timeStep,numberOfRobotsOnBlackSite,numberOfRobotsOnWhiteSite
17731,25,18
timeStep,numberOfRobotsOnBlackSite,numberOfRobotsOnWhiteSite
17732,25,18
timeStep,numberOfRobotsOnBlackSite,numberOfRobotsOnWhiteSite
17733,25,18
timeStep,numberOfRobotsOnBlackSite,numberOfRobotsOnWhiteSite
17734,25,18
timeStep,numberOfRobotsOnBlackSite,numberOfRobotsOnWhiteSite
17735,25,18
timeStep,numberOfRobotsOnBlackSite,numberOfRobotsOnWhiteSite
17736,25,18
timeStep,numberOfRobotsOnBlackSite,numberOfRobotsOnWhiteSite
17737,25,18
timeStep,numberOfRobotsOnBlackSite,numberOfRobotsOnWhiteSite
17738,25,18
timeStep,numberOfRobotsOnBlackSite,numberOfRobotsOnWhiteSite
17739,25,18
timeStep,numberOfRobotsOnBlackSite,numberOfRobotsOnWhiteSite
17740,25,18
timeStep,numberOfRobotsOnBlackSite,numberOfRobotsOnWhiteSite
17741,25,18
timeStep,numberOfRobotsOnBlackSite,numberOfRobotsOnWhiteSite
17742,25,18
timeStep,numberOfRobotsOnBlackSite,numberOfRobotsOnWhiteSite
17743,25,18
timeStep,numberOfRobotsOnBlackSite,numberOfRobotsOnWhiteSite
17744,25,18
timeStep,numberOfRobotsOnBlackSite,numberOfRobotsOnWhiteSite
17745,25,18
timeStep,numberOfRobotsOnBlackSite,numberOfRobotsOnWhiteSite
17746,25,18
timeStep,numberOfRobotsOnBlackSite,numberOfRobotsOnWhiteSite
17747,25,18
timeStep,numberOfRobotsOnBlackSite,numberOfRobotsOnWhiteSite
17748,25,18
timeStep,numberOfRobotsOnBlackSite,numberOfRobotsOnWhiteSite
17749,25,18
timeStep,numberOfRobotsOnBlackSite,numberOfRobotsOnWhiteSite
17750,25,18
timeStep,numberOfRobotsOnBlackSite,numberOfRobotsOnWhiteSite
17751,25,18
timeStep,numberOfRobotsOnBlackSite,numberOfRobotsOnWhiteSite
17752,25,18
timeStep,numberOfRobotsOnBlackSite,numberOfRobotsOnWhiteSite
17753,25,18
timeStep,numberOfRobotsOnBlackSite,numberOfRobotsOnWhiteSite
17754,25,18
timeStep,numberOfRobotsOnBlackSite,numberOfRobotsOnWhiteSite
17755,25,18
timeStep,numberOfRobotsOnBlackSite,numberOfRobotsOnWhiteSite
17756,25,18
timeStep,numberOfRobotsOnBlackSite,numberOfRobotsOnWhiteSite
17757,25,18
timeStep,numberOfRobotsOnBlackSite,numberOfRobotsOnWhiteSite
17758,25,18
timeStep,numberOfRobotsOnBlackSite,numberOfRobotsOnWhiteSite
17759,25,18
timeStep,numberOfRobotsOnBlackSite,numberOfRobotsOnWhiteSite
17760,25,18
timeStep,numberOfRobotsOnBlackSite,numberOfRobotsOnWhiteSite
17761,25,18
timeStep,numberOfRobotsOnBlackSite,numberOfRobotsOnWhiteSite
17762,25,18
timeStep,numberOfRobotsOnBlackSite,numberOfRobotsOnWhiteSite
17763,25,18
timeStep,numberOfRobotsOnBlackSite,numberOfRobotsOnWhiteSite
17764,25,18
timeStep,numberOfRobotsOnBlackSite,numberOfRobotsOnWhiteSite
17765,25,18
timeStep,numberOfRobotsOnBlackSite,numberOfRobotsOnWhiteSite
17766,25,18
timeStep,numberOfRobotsOnBlackSite,numberOfRobotsOnWhiteSite
17767,25,18
timeStep,numberOfRobotsOnBlackSite,numberOfRobotsOnWhiteSite
17768,25,18
timeStep,numberOfRobotsOnBlackSite,numberOfRobotsOnWhiteSite
17769,25,18
timeStep,numberOfRobotsOnBlackSite,numberOfRobotsOnWhiteSite
17770,25,18
timeStep,numberOfRobotsOnBlackSite,numberOfRobotsOnWhiteSite
17771,25,18
timeStep,numberOfRobotsOnBlackSite,numberOfRobotsOnWhiteSite
17772,25,18
timeStep,numberOfRobotsOnBlackSite,numberOfRobotsOnWhiteSite
17773,25,18
timeStep,numberOfRobotsOnBlackSite,numberOfRobotsOnWhiteSite
17774,25,18
timeStep,numberOfRobotsOnBlackSite,numberOfRobotsOnWhiteSite
17775,25,18
timeStep,numberOfRobotsOnBlackSite,numberOfRobotsOnWhiteSite
17776,25,18
timeStep,numberOfRobotsOnBlackSite,numberOfRobotsOnWhiteSite
17777,25,18
timeStep,numberOfRobotsOnBlackSite,numberOfRobotsOnWhiteSite
17778,25,18
timeStep,numberOfRobotsOnBlackSite,numberOfRobotsOnWhiteSite
17779,25,18
timeStep,numberOfRobotsOnBlackSite,numberOfRobotsOnWhiteSite
17780,25,18
timeStep,numberOfRobotsOnBlackSite,numberOfRobotsOnWhiteSite
17781,25,18
timeStep,numberOfRobotsOnBlackSite,numberOfRobotsOnWhiteSite
17782,25,18
timeStep,numberOfRobotsOnBlackSite,numberOfRobotsOnWhiteSite
17783,25,18
timeStep,numberOfRobotsOnBlackSite,numberOfRobotsOnWhiteSite
17784,25,18
timeStep,numberOfRobotsOnBlackSite,numberOfRobotsOnWhiteSite
17785,25,18
timeStep,numberOfRobotsOnBlackSite,numberOfRobotsOnWhiteSite
17786,25,18
timeStep,numberOfRobotsOnBlackSite,numberOfRobotsOnWhiteSite
17787,25,18
timeStep,numberOfRobotsOnBlackSite,numberOfRobotsOnWhiteSite
17788,25,18
timeStep,numberOfRobotsOnBlackSite,numberOfRobotsOnWhiteSite
17789,25,18
timeStep,numberOfRobotsOnBlackSite,numberOfRobotsOnWhiteSite
17790,25,18
timeStep,numberOfRobotsOnBlackSite,numberOfRobotsOnWhiteSite
17791,25,18
timeStep,numberOfRobotsOnBlackSite,numberOfRobotsOnWhiteSite
17792,25,18
timeStep,numberOfRobotsOnBlackSite,numberOfRobotsOnWhiteSite
17793,25,18
timeStep,numberOfRobotsOnBlackSite,numberOfRobotsOnWhiteSite
17794,25,18
timeStep,numberOfRobotsOnBlackSite,numberOfRobotsOnWhiteSite
17795,24,18
timeStep,numberOfRobotsOnBlackSite,numberOfRobotsOnWhiteSite
17796,24,18
timeStep,numberOfRobotsOnBlackSite,numberOfRobotsOnWhiteSite
17797,24,18
timeStep,numberOfRobotsOnBlackSite,numberOfRobotsOnWhiteSite
17798,24,18
timeStep,numberOfRobotsOnBlackSite,numberOfRobotsOnWhiteSite
17799,24,18
timeStep,numberOfRobotsOnBlackSite,numberOfRobotsOnWhiteSite
17800,24,18
timeStep,numberOfRobotsOnBlackSite,numberOfRobotsOnWhiteSite
17801,24,18
timeStep,numberOfRobotsOnBlackSite,numberOfRobotsOnWhiteSite
17802,24,18
timeStep,numberOfRobotsOnBlackSite,numberOfRobotsOnWhiteSite
17803,24,18
timeStep,numberOfRobotsOnBlackSite,numberOfRobotsOnWhiteSite
17804,24,18
timeStep,numberOfRobotsOnBlackSite,numberOfRobotsOnWhiteSite
17805,24,18
timeStep,numberOfRobotsOnBlackSite,numberOfRobotsOnWhiteSite
17806,24,18
timeStep,numberOfRobotsOnBlackSite,numberOfRobotsOnWhiteSite
17807,24,18
timeStep,numberOfRobotsOnBlackSite,numberOfRobotsOnWhiteSite
17808,24,18
timeStep,numberOfRobotsOnBlackSite,numberOfRobotsOnWhiteSite
17809,24,18
timeStep,numberOfRobotsOnBlackSite,numberOfRobotsOnWhiteSite
17810,24,18
timeStep,numberOfRobotsOnBlackSite,numberOfRobotsOnWhiteSite
17811,24,18
timeStep,numberOfRobotsOnBlackSite,numberOfRobotsOnWhiteSite
17812,24,18
timeStep,numberOfRobotsOnBlackSite,numberOfRobotsOnWhiteSite
17813,24,18
timeStep,numberOfRobotsOnBlackSite,numberOfRobotsOnWhiteSite
17814,24,18
timeStep,numberOfRobotsOnBlackSite,numberOfRobotsOnWhiteSite
17815,24,18
timeStep,numberOfRobotsOnBlackSite,numberOfRobotsOnWhiteSite
17816,24,18
timeStep,numberOfRobotsOnBlackSite,numberOfRobotsOnWhiteSite
17817,24,18
timeStep,numberOfRobotsOnBlackSite,numberOfRobotsOnWhiteSite
17818,24,18
timeStep,numberOfRobotsOnBlackSite,numberOfRobotsOnWhiteSite
17819,24,18
timeStep,numberOfRobotsOnBlackSite,numberOfRobotsOnWhiteSite
17820,24,18
timeStep,numberOfRobotsOnBlackSite,numberOfRobotsOnWhiteSite
17821,24,18
timeStep,numberOfRobotsOnBlackSite,numberOfRobotsOnWhiteSite
17822,24,18
timeStep,numberOfRobotsOnBlackSite,numberOfRobotsOnWhiteSite
17823,24,18
timeStep,numberOfRobotsOnBlackSite,numberOfRobotsOnWhiteSite
17824,24,18
timeStep,numberOfRobotsOnBlackSite,numberOfRobotsOnWhiteSite
17825,25,18
timeStep,numberOfRobotsOnBlackSite,numberOfRobotsOnWhiteSite
17826,25,18
timeStep,numberOfRobotsOnBlackSite,numberOfRobotsOnWhiteSite
17827,25,18
timeStep,numberOfRobotsOnBlackSite,numberOfRobotsOnWhiteSite
17828,25,18
timeStep,numberOfRobotsOnBlackSite,numberOfRobotsOnWhiteSite
17829,25,18
timeStep,numberOfRobotsOnBlackSite,numberOfRobotsOnWhiteSite
17830,25,18
timeStep,numberOfRobotsOnBlackSite,numberOfRobotsOnWhiteSite
17831,25,18
timeStep,numberOfRobotsOnBlackSite,numberOfRobotsOnWhiteSite
17832,25,18
timeStep,numberOfRobotsOnBlackSite,numberOfRobotsOnWhiteSite
17833,25,18
timeStep,numberOfRobotsOnBlackSite,numberOfRobotsOnWhiteSite
17834,25,18
timeStep,numberOfRobotsOnBlackSite,numberOfRobotsOnWhiteSite
17835,25,18
timeStep,numberOfRobotsOnBlackSite,numberOfRobotsOnWhiteSite
17836,25,18
timeStep,numberOfRobotsOnBlackSite,numberOfRobotsOnWhiteSite
17837,25,18
timeStep,numberOfRobotsOnBlackSite,numberOfRobotsOnWhiteSite
17838,25,18
timeStep,numberOfRobotsOnBlackSite,numberOfRobotsOnWhiteSite
17839,25,18
timeStep,numberOfRobotsOnBlackSite,numberOfRobotsOnWhiteSite
17840,25,18
timeStep,numberOfRobotsOnBlackSite,numberOfRobotsOnWhiteSite
17841,25,18
timeStep,numberOfRobotsOnBlackSite,numberOfRobotsOnWhiteSite
17842,25,18
timeStep,numberOfRobotsOnBlackSite,numberOfRobotsOnWhiteSite
17843,25,18
timeStep,numberOfRobotsOnBlackSite,numberOfRobotsOnWhiteSite
17844,25,18
timeStep,numberOfRobotsOnBlackSite,numberOfRobotsOnWhiteSite
17845,25,18
timeStep,numberOfRobotsOnBlackSite,numberOfRobotsOnWhiteSite
17846,25,18
timeStep,numberOfRobotsOnBlackSite,numberOfRobotsOnWhiteSite
17847,25,18
timeStep,numberOfRobotsOnBlackSite,numberOfRobotsOnWhiteSite
17848,25,18
timeStep,numberOfRobotsOnBlackSite,numberOfRobotsOnWhiteSite
17849,25,18
timeStep,numberOfRobotsOnBlackSite,numberOfRobotsOnWhiteSite
17850,25,18
timeStep,numberOfRobotsOnBlackSite,numberOfRobotsOnWhiteSite
17851,25,18
timeStep,numberOfRobotsOnBlackSite,numberOfRobotsOnWhiteSite
17852,25,18
timeStep,numberOfRobotsOnBlackSite,numberOfRobotsOnWhiteSite
17853,25,18
timeStep,numberOfRobotsOnBlackSite,numberOfRobotsOnWhiteSite
17854,25,18
timeStep,numberOfRobotsOnBlackSite,numberOfRobotsOnWhiteSite
17855,25,18
timeStep,numberOfRobotsOnBlackSite,numberOfRobotsOnWhiteSite
17856,25,18
timeStep,numberOfRobotsOnBlackSite,numberOfRobotsOnWhiteSite
17857,25,18
timeStep,numberOfRobotsOnBlackSite,numberOfRobotsOnWhiteSite
17858,25,18
timeStep,numberOfRobotsOnBlackSite,numberOfRobotsOnWhiteSite
17859,25,18
timeStep,numberOfRobotsOnBlackSite,numberOfRobotsOnWhiteSite
17860,24,18
timeStep,numberOfRobotsOnBlackSite,numberOfRobotsOnWhiteSite
17861,24,18
timeStep,numberOfRobotsOnBlackSite,numberOfRobotsOnWhiteSite
17862,24,18
timeStep,numberOfRobotsOnBlackSite,numberOfRobotsOnWhiteSite
17863,24,18
timeStep,numberOfRobotsOnBlackSite,numberOfRobotsOnWhiteSite
17864,24,18
timeStep,numberOfRobotsOnBlackSite,numberOfRobotsOnWhiteSite
17865,23,18
timeStep,numberOfRobotsOnBlackSite,numberOfRobotsOnWhiteSite
17866,23,18
timeStep,numberOfRobotsOnBlackSite,numberOfRobotsOnWhiteSite
17867,23,18
timeStep,numberOfRobotsOnBlackSite,numberOfRobotsOnWhiteSite
17868,23,18
timeStep,numberOfRobotsOnBlackSite,numberOfRobotsOnWhiteSite
17869,23,18
timeStep,numberOfRobotsOnBlackSite,numberOfRobotsOnWhiteSite
17870,23,18
timeStep,numberOfRobotsOnBlackSite,numberOfRobotsOnWhiteSite
17871,23,18
timeStep,numberOfRobotsOnBlackSite,numberOfRobotsOnWhiteSite
17872,23,18
timeStep,numberOfRobotsOnBlackSite,numberOfRobotsOnWhiteSite
17873,23,18
timeStep,numberOfRobotsOnBlackSite,numberOfRobotsOnWhiteSite
17874,23,18
timeStep,numberOfRobotsOnBlackSite,numberOfRobotsOnWhiteSite
17875,23,18
timeStep,numberOfRobotsOnBlackSite,numberOfRobotsOnWhiteSite
17876,23,18
timeStep,numberOfRobotsOnBlackSite,numberOfRobotsOnWhiteSite
17877,23,18
timeStep,numberOfRobotsOnBlackSite,numberOfRobotsOnWhiteSite
17878,23,18
timeStep,numberOfRobotsOnBlackSite,numberOfRobotsOnWhiteSite
17879,23,18
timeStep,numberOfRobotsOnBlackSite,numberOfRobotsOnWhiteSite
17880,23,18
timeStep,numberOfRobotsOnBlackSite,numberOfRobotsOnWhiteSite
17881,23,18
timeStep,numberOfRobotsOnBlackSite,numberOfRobotsOnWhiteSite
17882,23,18
timeStep,numberOfRobotsOnBlackSite,numberOfRobotsOnWhiteSite
17883,23,18
timeStep,numberOfRobotsOnBlackSite,numberOfRobotsOnWhiteSite
17884,23,18
timeStep,numberOfRobotsOnBlackSite,numberOfRobotsOnWhiteSite
17885,23,18
timeStep,numberOfRobotsOnBlackSite,numberOfRobotsOnWhiteSite
17886,23,18
timeStep,numberOfRobotsOnBlackSite,numberOfRobotsOnWhiteSite
17887,23,18
timeStep,numberOfRobotsOnBlackSite,numberOfRobotsOnWhiteSite
17888,23,18
timeStep,numberOfRobotsOnBlackSite,numberOfRobotsOnWhiteSite
17889,23,18
timeStep,numberOfRobotsOnBlackSite,numberOfRobotsOnWhiteSite
17890,23,18
timeStep,numberOfRobotsOnBlackSite,numberOfRobotsOnWhiteSite
17891,23,18
timeStep,numberOfRobotsOnBlackSite,numberOfRobotsOnWhiteSite
17892,23,18
timeStep,numberOfRobotsOnBlackSite,numberOfRobotsOnWhiteSite
17893,23,18
timeStep,numberOfRobotsOnBlackSite,numberOfRobotsOnWhiteSite
17894,23,18
timeStep,numberOfRobotsOnBlackSite,numberOfRobotsOnWhiteSite
17895,23,18
timeStep,numberOfRobotsOnBlackSite,numberOfRobotsOnWhiteSite
17896,23,18
timeStep,numberOfRobotsOnBlackSite,numberOfRobotsOnWhiteSite
17897,23,18
timeStep,numberOfRobotsOnBlackSite,numberOfRobotsOnWhiteSite
17898,23,18
timeStep,numberOfRobotsOnBlackSite,numberOfRobotsOnWhiteSite
17899,23,18
timeStep,numberOfRobotsOnBlackSite,numberOfRobotsOnWhiteSite
17900,23,18
timeStep,numberOfRobotsOnBlackSite,numberOfRobotsOnWhiteSite
17901,23,18
timeStep,numberOfRobotsOnBlackSite,numberOfRobotsOnWhiteSite
17902,23,18
timeStep,numberOfRobotsOnBlackSite,numberOfRobotsOnWhiteSite
17903,23,18
timeStep,numberOfRobotsOnBlackSite,numberOfRobotsOnWhiteSite
17904,23,18
timeStep,numberOfRobotsOnBlackSite,numberOfRobotsOnWhiteSite
17905,23,18
timeStep,numberOfRobotsOnBlackSite,numberOfRobotsOnWhiteSite
17906,23,18
timeStep,numberOfRobotsOnBlackSite,numberOfRobotsOnWhiteSite
17907,23,18
timeStep,numberOfRobotsOnBlackSite,numberOfRobotsOnWhiteSite
17908,23,18
timeStep,numberOfRobotsOnBlackSite,numberOfRobotsOnWhiteSite
17909,23,18
timeStep,numberOfRobotsOnBlackSite,numberOfRobotsOnWhiteSite
17910,23,18
timeStep,numberOfRobotsOnBlackSite,numberOfRobotsOnWhiteSite
17911,23,18
timeStep,numberOfRobotsOnBlackSite,numberOfRobotsOnWhiteSite
17912,23,18
timeStep,numberOfRobotsOnBlackSite,numberOfRobotsOnWhiteSite
17913,23,18
timeStep,numberOfRobotsOnBlackSite,numberOfRobotsOnWhiteSite
17914,23,18
timeStep,numberOfRobotsOnBlackSite,numberOfRobotsOnWhiteSite
17915,23,18
timeStep,numberOfRobotsOnBlackSite,numberOfRobotsOnWhiteSite
17916,23,18
timeStep,numberOfRobotsOnBlackSite,numberOfRobotsOnWhiteSite
17917,23,18
timeStep,numberOfRobotsOnBlackSite,numberOfRobotsOnWhiteSite
17918,23,18
timeStep,numberOfRobotsOnBlackSite,numberOfRobotsOnWhiteSite
17919,23,18
timeStep,numberOfRobotsOnBlackSite,numberOfRobotsOnWhiteSite
17920,23,18
timeStep,numberOfRobotsOnBlackSite,numberOfRobotsOnWhiteSite
17921,23,18
timeStep,numberOfRobotsOnBlackSite,numberOfRobotsOnWhiteSite
17922,23,18
timeStep,numberOfRobotsOnBlackSite,numberOfRobotsOnWhiteSite
17923,23,18
timeStep,numberOfRobotsOnBlackSite,numberOfRobotsOnWhiteSite
17924,23,18
timeStep,numberOfRobotsOnBlackSite,numberOfRobotsOnWhiteSite
17925,23,18
timeStep,numberOfRobotsOnBlackSite,numberOfRobotsOnWhiteSite
17926,23,18
timeStep,numberOfRobotsOnBlackSite,numberOfRobotsOnWhiteSite
17927,23,18
timeStep,numberOfRobotsOnBlackSite,numberOfRobotsOnWhiteSite
17928,23,18
timeStep,numberOfRobotsOnBlackSite,numberOfRobotsOnWhiteSite
17929,23,18
timeStep,numberOfRobotsOnBlackSite,numberOfRobotsOnWhiteSite
17930,23,18
timeStep,numberOfRobotsOnBlackSite,numberOfRobotsOnWhiteSite
17931,23,18
timeStep,numberOfRobotsOnBlackSite,numberOfRobotsOnWhiteSite
17932,23,18
timeStep,numberOfRobotsOnBlackSite,numberOfRobotsOnWhiteSite
17933,23,18
timeStep,numberOfRobotsOnBlackSite,numberOfRobotsOnWhiteSite
17934,23,18
timeStep,numberOfRobotsOnBlackSite,numberOfRobotsOnWhiteSite
17935,23,18
timeStep,numberOfRobotsOnBlackSite,numberOfRobotsOnWhiteSite
17936,23,18
timeStep,numberOfRobotsOnBlackSite,numberOfRobotsOnWhiteSite
17937,23,18
timeStep,numberOfRobotsOnBlackSite,numberOfRobotsOnWhiteSite
17938,23,18
timeStep,numberOfRobotsOnBlackSite,numberOfRobotsOnWhiteSite
17939,23,18
timeStep,numberOfRobotsOnBlackSite,numberOfRobotsOnWhiteSite
17940,23,18
timeStep,numberOfRobotsOnBlackSite,numberOfRobotsOnWhiteSite
17941,23,18
timeStep,numberOfRobotsOnBlackSite,numberOfRobotsOnWhiteSite
17942,23,18
timeStep,numberOfRobotsOnBlackSite,numberOfRobotsOnWhiteSite
17943,23,18
timeStep,numberOfRobotsOnBlackSite,numberOfRobotsOnWhiteSite
17944,23,18
timeStep,numberOfRobotsOnBlackSite,numberOfRobotsOnWhiteSite
17945,23,18
timeStep,numberOfRobotsOnBlackSite,numberOfRobotsOnWhiteSite
17946,23,18
timeStep,numberOfRobotsOnBlackSite,numberOfRobotsOnWhiteSite
17947,23,18
timeStep,numberOfRobotsOnBlackSite,numberOfRobotsOnWhiteSite
17948,23,18
timeStep,numberOfRobotsOnBlackSite,numberOfRobotsOnWhiteSite
17949,23,18
timeStep,numberOfRobotsOnBlackSite,numberOfRobotsOnWhiteSite
17950,23,18
timeStep,numberOfRobotsOnBlackSite,numberOfRobotsOnWhiteSite
17951,23,18
timeStep,numberOfRobotsOnBlackSite,numberOfRobotsOnWhiteSite
17952,23,18
timeStep,numberOfRobotsOnBlackSite,numberOfRobotsOnWhiteSite
17953,23,18
timeStep,numberOfRobotsOnBlackSite,numberOfRobotsOnWhiteSite
17954,23,18
timeStep,numberOfRobotsOnBlackSite,numberOfRobotsOnWhiteSite
17955,23,18
timeStep,numberOfRobotsOnBlackSite,numberOfRobotsOnWhiteSite
17956,23,18
timeStep,numberOfRobotsOnBlackSite,numberOfRobotsOnWhiteSite
17957,23,18
timeStep,numberOfRobotsOnBlackSite,numberOfRobotsOnWhiteSite
17958,23,18
timeStep,numberOfRobotsOnBlackSite,numberOfRobotsOnWhiteSite
17959,23,18
timeStep,numberOfRobotsOnBlackSite,numberOfRobotsOnWhiteSite
17960,23,18
timeStep,numberOfRobotsOnBlackSite,numberOfRobotsOnWhiteSite
17961,23,18
timeStep,numberOfRobotsOnBlackSite,numberOfRobotsOnWhiteSite
17962,23,18
timeStep,numberOfRobotsOnBlackSite,numberOfRobotsOnWhiteSite
17963,23,18
timeStep,numberOfRobotsOnBlackSite,numberOfRobotsOnWhiteSite
17964,23,18
timeStep,numberOfRobotsOnBlackSite,numberOfRobotsOnWhiteSite
17965,23,18
timeStep,numberOfRobotsOnBlackSite,numberOfRobotsOnWhiteSite
17966,23,18
timeStep,numberOfRobotsOnBlackSite,numberOfRobotsOnWhiteSite
17967,23,18
timeStep,numberOfRobotsOnBlackSite,numberOfRobotsOnWhiteSite
17968,23,18
timeStep,numberOfRobotsOnBlackSite,numberOfRobotsOnWhiteSite
17969,23,18
timeStep,numberOfRobotsOnBlackSite,numberOfRobotsOnWhiteSite
17970,23,18
timeStep,numberOfRobotsOnBlackSite,numberOfRobotsOnWhiteSite
17971,23,18
timeStep,numberOfRobotsOnBlackSite,numberOfRobotsOnWhiteSite
17972,23,18
timeStep,numberOfRobotsOnBlackSite,numberOfRobotsOnWhiteSite
17973,23,18
timeStep,numberOfRobotsOnBlackSite,numberOfRobotsOnWhiteSite
17974,23,18
timeStep,numberOfRobotsOnBlackSite,numberOfRobotsOnWhiteSite
17975,23,18
timeStep,numberOfRobotsOnBlackSite,numberOfRobotsOnWhiteSite
17976,23,18
timeStep,numberOfRobotsOnBlackSite,numberOfRobotsOnWhiteSite
17977,23,18
timeStep,numberOfRobotsOnBlackSite,numberOfRobotsOnWhiteSite
17978,23,18
timeStep,numberOfRobotsOnBlackSite,numberOfRobotsOnWhiteSite
17979,23,18
timeStep,numberOfRobotsOnBlackSite,numberOfRobotsOnWhiteSite
17980,23,18
timeStep,numberOfRobotsOnBlackSite,numberOfRobotsOnWhiteSite
17981,23,18
timeStep,numberOfRobotsOnBlackSite,numberOfRobotsOnWhiteSite
17982,23,18
timeStep,numberOfRobotsOnBlackSite,numberOfRobotsOnWhiteSite
17983,23,18
timeStep,numberOfRobotsOnBlackSite,numberOfRobotsOnWhiteSite
17984,23,18
timeStep,numberOfRobotsOnBlackSite,numberOfRobotsOnWhiteSite
17985,23,18
timeStep,numberOfRobotsOnBlackSite,numberOfRobotsOnWhiteSite
17986,23,18
timeStep,numberOfRobotsOnBlackSite,numberOfRobotsOnWhiteSite
17987,23,18
timeStep,numberOfRobotsOnBlackSite,numberOfRobotsOnWhiteSite
17988,23,18
timeStep,numberOfRobotsOnBlackSite,numberOfRobotsOnWhiteSite
17989,23,18
timeStep,numberOfRobotsOnBlackSite,numberOfRobotsOnWhiteSite
17990,23,18
timeStep,numberOfRobotsOnBlackSite,numberOfRobotsOnWhiteSite
17991,23,18
timeStep,numberOfRobotsOnBlackSite,numberOfRobotsOnWhiteSite
17992,23,18
timeStep,numberOfRobotsOnBlackSite,numberOfRobotsOnWhiteSite
17993,23,18
timeStep,numberOfRobotsOnBlackSite,numberOfRobotsOnWhiteSite
17994,23,18
timeStep,numberOfRobotsOnBlackSite,numberOfRobotsOnWhiteSite
17995,23,18
timeStep,numberOfRobotsOnBlackSite,numberOfRobotsOnWhiteSite
17996,23,18
timeStep,numberOfRobotsOnBlackSite,numberOfRobotsOnWhiteSite
17997,23,18
timeStep,numberOfRobotsOnBlackSite,numberOfRobotsOnWhiteSite
17998,23,18
timeStep,numberOfRobotsOnBlackSite,numberOfRobotsOnWhiteSite
17999,23,18
timeStep,numberOfRobotsOnBlackSite,numberOfRobotsOnWhiteSite
18000,23,18
timeStep,numberOfRobotsOnBlackSite,numberOfRobotsOnWhiteSite
18001,23,18
timeStep,numberOfRobotsOnBlackSite,numberOfRobotsOnWhiteSite
18002,23,18
timeStep,numberOfRobotsOnBlackSite,numberOfRobotsOnWhiteSite
18003,23,18
timeStep,numberOfRobotsOnBlackSite,numberOfRobotsOnWhiteSite
18004,23,18
timeStep,numberOfRobotsOnBlackSite,numberOfRobotsOnWhiteSite
18005,23,18
timeStep,numberOfRobotsOnBlackSite,numberOfRobotsOnWhiteSite
18006,23,18
timeStep,numberOfRobotsOnBlackSite,numberOfRobotsOnWhiteSite
18007,23,18
timeStep,numberOfRobotsOnBlackSite,numberOfRobotsOnWhiteSite
18008,23,18
timeStep,numberOfRobotsOnBlackSite,numberOfRobotsOnWhiteSite
18009,23,18
timeStep,numberOfRobotsOnBlackSite,numberOfRobotsOnWhiteSite
18010,23,18
timeStep,numberOfRobotsOnBlackSite,numberOfRobotsOnWhiteSite
18011,23,18
timeStep,numberOfRobotsOnBlackSite,numberOfRobotsOnWhiteSite
18012,23,18
timeStep,numberOfRobotsOnBlackSite,numberOfRobotsOnWhiteSite
18013,23,18
timeStep,numberOfRobotsOnBlackSite,numberOfRobotsOnWhiteSite
18014,23,18
timeStep,numberOfRobotsOnBlackSite,numberOfRobotsOnWhiteSite
18015,23,18
timeStep,numberOfRobotsOnBlackSite,numberOfRobotsOnWhiteSite
18016,23,18
timeStep,numberOfRobotsOnBlackSite,numberOfRobotsOnWhiteSite
18017,23,18
timeStep,numberOfRobotsOnBlackSite,numberOfRobotsOnWhiteSite
18018,23,18
timeStep,numberOfRobotsOnBlackSite,numberOfRobotsOnWhiteSite
18019,23,18
timeStep,numberOfRobotsOnBlackSite,numberOfRobotsOnWhiteSite
18020,23,18
timeStep,numberOfRobotsOnBlackSite,numberOfRobotsOnWhiteSite
18021,23,18
timeStep,numberOfRobotsOnBlackSite,numberOfRobotsOnWhiteSite
18022,23,18
timeStep,numberOfRobotsOnBlackSite,numberOfRobotsOnWhiteSite
18023,23,18
timeStep,numberOfRobotsOnBlackSite,numberOfRobotsOnWhiteSite
18024,23,18
timeStep,numberOfRobotsOnBlackSite,numberOfRobotsOnWhiteSite
18025,23,18
timeStep,numberOfRobotsOnBlackSite,numberOfRobotsOnWhiteSite
18026,23,18
timeStep,numberOfRobotsOnBlackSite,numberOfRobotsOnWhiteSite
18027,23,18
timeStep,numberOfRobotsOnBlackSite,numberOfRobotsOnWhiteSite
18028,23,18
timeStep,numberOfRobotsOnBlackSite,numberOfRobotsOnWhiteSite
18029,23,18
timeStep,numberOfRobotsOnBlackSite,numberOfRobotsOnWhiteSite
18030,23,18
timeStep,numberOfRobotsOnBlackSite,numberOfRobotsOnWhiteSite
18031,23,18
timeStep,numberOfRobotsOnBlackSite,numberOfRobotsOnWhiteSite
18032,23,18
timeStep,numberOfRobotsOnBlackSite,numberOfRobotsOnWhiteSite
18033,23,18
timeStep,numberOfRobotsOnBlackSite,numberOfRobotsOnWhiteSite
18034,23,18
timeStep,numberOfRobotsOnBlackSite,numberOfRobotsOnWhiteSite
18035,23,18
timeStep,numberOfRobotsOnBlackSite,numberOfRobotsOnWhiteSite
18036,23,18
timeStep,numberOfRobotsOnBlackSite,numberOfRobotsOnWhiteSite
18037,23,18
timeStep,numberOfRobotsOnBlackSite,numberOfRobotsOnWhiteSite
18038,23,18
timeStep,numberOfRobotsOnBlackSite,numberOfRobotsOnWhiteSite
18039,23,18
timeStep,numberOfRobotsOnBlackSite,numberOfRobotsOnWhiteSite
18040,23,18
timeStep,numberOfRobotsOnBlackSite,numberOfRobotsOnWhiteSite
18041,23,18
timeStep,numberOfRobotsOnBlackSite,numberOfRobotsOnWhiteSite
18042,23,18
timeStep,numberOfRobotsOnBlackSite,numberOfRobotsOnWhiteSite
18043,23,18
timeStep,numberOfRobotsOnBlackSite,numberOfRobotsOnWhiteSite
18044,23,18
timeStep,numberOfRobotsOnBlackSite,numberOfRobotsOnWhiteSite
18045,23,18
timeStep,numberOfRobotsOnBlackSite,numberOfRobotsOnWhiteSite
18046,23,18
timeStep,numberOfRobotsOnBlackSite,numberOfRobotsOnWhiteSite
18047,23,18
timeStep,numberOfRobotsOnBlackSite,numberOfRobotsOnWhiteSite
18048,23,18
timeStep,numberOfRobotsOnBlackSite,numberOfRobotsOnWhiteSite
18049,23,18
timeStep,numberOfRobotsOnBlackSite,numberOfRobotsOnWhiteSite
18050,23,18
timeStep,numberOfRobotsOnBlackSite,numberOfRobotsOnWhiteSite
18051,23,18
timeStep,numberOfRobotsOnBlackSite,numberOfRobotsOnWhiteSite
18052,23,18
timeStep,numberOfRobotsOnBlackSite,numberOfRobotsOnWhiteSite
18053,23,18
timeStep,numberOfRobotsOnBlackSite,numberOfRobotsOnWhiteSite
18054,23,18
timeStep,numberOfRobotsOnBlackSite,numberOfRobotsOnWhiteSite
18055,23,18
timeStep,numberOfRobotsOnBlackSite,numberOfRobotsOnWhiteSite
18056,23,18
timeStep,numberOfRobotsOnBlackSite,numberOfRobotsOnWhiteSite
18057,23,18
timeStep,numberOfRobotsOnBlackSite,numberOfRobotsOnWhiteSite
18058,23,18
timeStep,numberOfRobotsOnBlackSite,numberOfRobotsOnWhiteSite
18059,23,18
timeStep,numberOfRobotsOnBlackSite,numberOfRobotsOnWhiteSite
18060,23,18
timeStep,numberOfRobotsOnBlackSite,numberOfRobotsOnWhiteSite
18061,23,18
timeStep,numberOfRobotsOnBlackSite,numberOfRobotsOnWhiteSite
18062,23,18
timeStep,numberOfRobotsOnBlackSite,numberOfRobotsOnWhiteSite
18063,23,18
timeStep,numberOfRobotsOnBlackSite,numberOfRobotsOnWhiteSite
18064,23,18
timeStep,numberOfRobotsOnBlackSite,numberOfRobotsOnWhiteSite
18065,23,18
timeStep,numberOfRobotsOnBlackSite,numberOfRobotsOnWhiteSite
18066,23,18
timeStep,numberOfRobotsOnBlackSite,numberOfRobotsOnWhiteSite
18067,23,18
timeStep,numberOfRobotsOnBlackSite,numberOfRobotsOnWhiteSite
18068,23,18
timeStep,numberOfRobotsOnBlackSite,numberOfRobotsOnWhiteSite
18069,23,18
timeStep,numberOfRobotsOnBlackSite,numberOfRobotsOnWhiteSite
18070,23,18
timeStep,numberOfRobotsOnBlackSite,numberOfRobotsOnWhiteSite
18071,23,18
timeStep,numberOfRobotsOnBlackSite,numberOfRobotsOnWhiteSite
18072,23,18
timeStep,numberOfRobotsOnBlackSite,numberOfRobotsOnWhiteSite
18073,23,18
timeStep,numberOfRobotsOnBlackSite,numberOfRobotsOnWhiteSite
18074,23,18
timeStep,numberOfRobotsOnBlackSite,numberOfRobotsOnWhiteSite
18075,23,18
timeStep,numberOfRobotsOnBlackSite,numberOfRobotsOnWhiteSite
18076,23,18
timeStep,numberOfRobotsOnBlackSite,numberOfRobotsOnWhiteSite
18077,23,18
timeStep,numberOfRobotsOnBlackSite,numberOfRobotsOnWhiteSite
18078,23,18
timeStep,numberOfRobotsOnBlackSite,numberOfRobotsOnWhiteSite
18079,23,18
timeStep,numberOfRobotsOnBlackSite,numberOfRobotsOnWhiteSite
18080,23,18
timeStep,numberOfRobotsOnBlackSite,numberOfRobotsOnWhiteSite
18081,23,18
timeStep,numberOfRobotsOnBlackSite,numberOfRobotsOnWhiteSite
18082,23,18
timeStep,numberOfRobotsOnBlackSite,numberOfRobotsOnWhiteSite
18083,23,18
timeStep,numberOfRobotsOnBlackSite,numberOfRobotsOnWhiteSite
18084,23,18
timeStep,numberOfRobotsOnBlackSite,numberOfRobotsOnWhiteSite
18085,23,18
timeStep,numberOfRobotsOnBlackSite,numberOfRobotsOnWhiteSite
18086,23,18
timeStep,numberOfRobotsOnBlackSite,numberOfRobotsOnWhiteSite
18087,23,18
timeStep,numberOfRobotsOnBlackSite,numberOfRobotsOnWhiteSite
18088,23,18
timeStep,numberOfRobotsOnBlackSite,numberOfRobotsOnWhiteSite
18089,23,18
timeStep,numberOfRobotsOnBlackSite,numberOfRobotsOnWhiteSite
18090,23,18
timeStep,numberOfRobotsOnBlackSite,numberOfRobotsOnWhiteSite
18091,23,18
timeStep,numberOfRobotsOnBlackSite,numberOfRobotsOnWhiteSite
18092,23,18
timeStep,numberOfRobotsOnBlackSite,numberOfRobotsOnWhiteSite
18093,23,18
timeStep,numberOfRobotsOnBlackSite,numberOfRobotsOnWhiteSite
18094,23,18
timeStep,numberOfRobotsOnBlackSite,numberOfRobotsOnWhiteSite
18095,22,18
timeStep,numberOfRobotsOnBlackSite,numberOfRobotsOnWhiteSite
18096,22,18
timeStep,numberOfRobotsOnBlackSite,numberOfRobotsOnWhiteSite
18097,22,18
timeStep,numberOfRobotsOnBlackSite,numberOfRobotsOnWhiteSite
18098,22,18
timeStep,numberOfRobotsOnBlackSite,numberOfRobotsOnWhiteSite
18099,22,18
timeStep,numberOfRobotsOnBlackSite,numberOfRobotsOnWhiteSite
18100,22,18
timeStep,numberOfRobotsOnBlackSite,numberOfRobotsOnWhiteSite
18101,22,18
timeStep,numberOfRobotsOnBlackSite,numberOfRobotsOnWhiteSite
18102,22,18
timeStep,numberOfRobotsOnBlackSite,numberOfRobotsOnWhiteSite
18103,22,18
timeStep,numberOfRobotsOnBlackSite,numberOfRobotsOnWhiteSite
18104,22,18
timeStep,numberOfRobotsOnBlackSite,numberOfRobotsOnWhiteSite
18105,22,18
timeStep,numberOfRobotsOnBlackSite,numberOfRobotsOnWhiteSite
18106,22,18
timeStep,numberOfRobotsOnBlackSite,numberOfRobotsOnWhiteSite
18107,22,18
timeStep,numberOfRobotsOnBlackSite,numberOfRobotsOnWhiteSite
18108,22,18
timeStep,numberOfRobotsOnBlackSite,numberOfRobotsOnWhiteSite
18109,22,18
timeStep,numberOfRobotsOnBlackSite,numberOfRobotsOnWhiteSite
18110,22,18
timeStep,numberOfRobotsOnBlackSite,numberOfRobotsOnWhiteSite
18111,22,18
timeStep,numberOfRobotsOnBlackSite,numberOfRobotsOnWhiteSite
18112,22,18
timeStep,numberOfRobotsOnBlackSite,numberOfRobotsOnWhiteSite
18113,22,18
timeStep,numberOfRobotsOnBlackSite,numberOfRobotsOnWhiteSite
18114,22,18
timeStep,numberOfRobotsOnBlackSite,numberOfRobotsOnWhiteSite
18115,22,18
timeStep,numberOfRobotsOnBlackSite,numberOfRobotsOnWhiteSite
18116,22,18
timeStep,numberOfRobotsOnBlackSite,numberOfRobotsOnWhiteSite
18117,22,18
timeStep,numberOfRobotsOnBlackSite,numberOfRobotsOnWhiteSite
18118,22,18
timeStep,numberOfRobotsOnBlackSite,numberOfRobotsOnWhiteSite
18119,22,18
timeStep,numberOfRobotsOnBlackSite,numberOfRobotsOnWhiteSite
18120,22,19
timeStep,numberOfRobotsOnBlackSite,numberOfRobotsOnWhiteSite
18121,22,19
timeStep,numberOfRobotsOnBlackSite,numberOfRobotsOnWhiteSite
18122,22,19
timeStep,numberOfRobotsOnBlackSite,numberOfRobotsOnWhiteSite
18123,22,19
timeStep,numberOfRobotsOnBlackSite,numberOfRobotsOnWhiteSite
18124,22,19
timeStep,numberOfRobotsOnBlackSite,numberOfRobotsOnWhiteSite
18125,22,19
timeStep,numberOfRobotsOnBlackSite,numberOfRobotsOnWhiteSite
18126,22,19
timeStep,numberOfRobotsOnBlackSite,numberOfRobotsOnWhiteSite
18127,22,19
timeStep,numberOfRobotsOnBlackSite,numberOfRobotsOnWhiteSite
18128,22,19
timeStep,numberOfRobotsOnBlackSite,numberOfRobotsOnWhiteSite
18129,22,19
timeStep,numberOfRobotsOnBlackSite,numberOfRobotsOnWhiteSite
18130,23,19
timeStep,numberOfRobotsOnBlackSite,numberOfRobotsOnWhiteSite
18131,23,19
timeStep,numberOfRobotsOnBlackSite,numberOfRobotsOnWhiteSite
18132,23,19
timeStep,numberOfRobotsOnBlackSite,numberOfRobotsOnWhiteSite
18133,23,19
timeStep,numberOfRobotsOnBlackSite,numberOfRobotsOnWhiteSite
18134,23,19
timeStep,numberOfRobotsOnBlackSite,numberOfRobotsOnWhiteSite
18135,23,19
timeStep,numberOfRobotsOnBlackSite,numberOfRobotsOnWhiteSite
18136,23,19
timeStep,numberOfRobotsOnBlackSite,numberOfRobotsOnWhiteSite
18137,23,19
timeStep,numberOfRobotsOnBlackSite,numberOfRobotsOnWhiteSite
18138,23,19
timeStep,numberOfRobotsOnBlackSite,numberOfRobotsOnWhiteSite
18139,23,19
timeStep,numberOfRobotsOnBlackSite,numberOfRobotsOnWhiteSite
18140,23,19
timeStep,numberOfRobotsOnBlackSite,numberOfRobotsOnWhiteSite
18141,23,19
timeStep,numberOfRobotsOnBlackSite,numberOfRobotsOnWhiteSite
18142,23,19
timeStep,numberOfRobotsOnBlackSite,numberOfRobotsOnWhiteSite
18143,23,19
timeStep,numberOfRobotsOnBlackSite,numberOfRobotsOnWhiteSite
18144,23,19
timeStep,numberOfRobotsOnBlackSite,numberOfRobotsOnWhiteSite
18145,23,19
timeStep,numberOfRobotsOnBlackSite,numberOfRobotsOnWhiteSite
18146,23,19
timeStep,numberOfRobotsOnBlackSite,numberOfRobotsOnWhiteSite
18147,23,19
timeStep,numberOfRobotsOnBlackSite,numberOfRobotsOnWhiteSite
18148,23,19
timeStep,numberOfRobotsOnBlackSite,numberOfRobotsOnWhiteSite
18149,23,19
timeStep,numberOfRobotsOnBlackSite,numberOfRobotsOnWhiteSite
18150,23,19
timeStep,numberOfRobotsOnBlackSite,numberOfRobotsOnWhiteSite
18151,23,19
timeStep,numberOfRobotsOnBlackSite,numberOfRobotsOnWhiteSite
18152,23,19
timeStep,numberOfRobotsOnBlackSite,numberOfRobotsOnWhiteSite
18153,23,19
timeStep,numberOfRobotsOnBlackSite,numberOfRobotsOnWhiteSite
18154,23,19
timeStep,numberOfRobotsOnBlackSite,numberOfRobotsOnWhiteSite
18155,23,19
timeStep,numberOfRobotsOnBlackSite,numberOfRobotsOnWhiteSite
18156,23,19
timeStep,numberOfRobotsOnBlackSite,numberOfRobotsOnWhiteSite
18157,23,19
timeStep,numberOfRobotsOnBlackSite,numberOfRobotsOnWhiteSite
18158,23,19
timeStep,numberOfRobotsOnBlackSite,numberOfRobotsOnWhiteSite
18159,23,19
timeStep,numberOfRobotsOnBlackSite,numberOfRobotsOnWhiteSite
18160,23,19
timeStep,numberOfRobotsOnBlackSite,numberOfRobotsOnWhiteSite
18161,23,19
timeStep,numberOfRobotsOnBlackSite,numberOfRobotsOnWhiteSite
18162,23,19
timeStep,numberOfRobotsOnBlackSite,numberOfRobotsOnWhiteSite
18163,23,19
timeStep,numberOfRobotsOnBlackSite,numberOfRobotsOnWhiteSite
18164,23,19
timeStep,numberOfRobotsOnBlackSite,numberOfRobotsOnWhiteSite
18165,23,19
timeStep,numberOfRobotsOnBlackSite,numberOfRobotsOnWhiteSite
18166,23,19
timeStep,numberOfRobotsOnBlackSite,numberOfRobotsOnWhiteSite
18167,23,19
timeStep,numberOfRobotsOnBlackSite,numberOfRobotsOnWhiteSite
18168,23,19
timeStep,numberOfRobotsOnBlackSite,numberOfRobotsOnWhiteSite
18169,23,19
timeStep,numberOfRobotsOnBlackSite,numberOfRobotsOnWhiteSite
18170,23,19
timeStep,numberOfRobotsOnBlackSite,numberOfRobotsOnWhiteSite
18171,23,19
timeStep,numberOfRobotsOnBlackSite,numberOfRobotsOnWhiteSite
18172,23,19
timeStep,numberOfRobotsOnBlackSite,numberOfRobotsOnWhiteSite
18173,23,19
timeStep,numberOfRobotsOnBlackSite,numberOfRobotsOnWhiteSite
18174,23,19
timeStep,numberOfRobotsOnBlackSite,numberOfRobotsOnWhiteSite
18175,23,19
timeStep,numberOfRobotsOnBlackSite,numberOfRobotsOnWhiteSite
18176,23,19
timeStep,numberOfRobotsOnBlackSite,numberOfRobotsOnWhiteSite
18177,23,19
timeStep,numberOfRobotsOnBlackSite,numberOfRobotsOnWhiteSite
18178,23,19
timeStep,numberOfRobotsOnBlackSite,numberOfRobotsOnWhiteSite
18179,23,19
timeStep,numberOfRobotsOnBlackSite,numberOfRobotsOnWhiteSite
18180,23,19
timeStep,numberOfRobotsOnBlackSite,numberOfRobotsOnWhiteSite
18181,23,19
timeStep,numberOfRobotsOnBlackSite,numberOfRobotsOnWhiteSite
18182,23,19
timeStep,numberOfRobotsOnBlackSite,numberOfRobotsOnWhiteSite
18183,23,19
timeStep,numberOfRobotsOnBlackSite,numberOfRobotsOnWhiteSite
18184,23,19
timeStep,numberOfRobotsOnBlackSite,numberOfRobotsOnWhiteSite
18185,22,19
timeStep,numberOfRobotsOnBlackSite,numberOfRobotsOnWhiteSite
18186,22,19
timeStep,numberOfRobotsOnBlackSite,numberOfRobotsOnWhiteSite
18187,22,19
timeStep,numberOfRobotsOnBlackSite,numberOfRobotsOnWhiteSite
18188,22,19
timeStep,numberOfRobotsOnBlackSite,numberOfRobotsOnWhiteSite
18189,22,19
timeStep,numberOfRobotsOnBlackSite,numberOfRobotsOnWhiteSite
18190,22,19
timeStep,numberOfRobotsOnBlackSite,numberOfRobotsOnWhiteSite
18191,22,19
timeStep,numberOfRobotsOnBlackSite,numberOfRobotsOnWhiteSite
18192,22,19
timeStep,numberOfRobotsOnBlackSite,numberOfRobotsOnWhiteSite
18193,22,19
timeStep,numberOfRobotsOnBlackSite,numberOfRobotsOnWhiteSite
18194,22,19
timeStep,numberOfRobotsOnBlackSite,numberOfRobotsOnWhiteSite
18195,22,19
timeStep,numberOfRobotsOnBlackSite,numberOfRobotsOnWhiteSite
18196,22,19
timeStep,numberOfRobotsOnBlackSite,numberOfRobotsOnWhiteSite
18197,22,19
timeStep,numberOfRobotsOnBlackSite,numberOfRobotsOnWhiteSite
18198,22,19
timeStep,numberOfRobotsOnBlackSite,numberOfRobotsOnWhiteSite
18199,22,19
timeStep,numberOfRobotsOnBlackSite,numberOfRobotsOnWhiteSite
18200,22,19
timeStep,numberOfRobotsOnBlackSite,numberOfRobotsOnWhiteSite
18201,22,19
timeStep,numberOfRobotsOnBlackSite,numberOfRobotsOnWhiteSite
18202,22,19
timeStep,numberOfRobotsOnBlackSite,numberOfRobotsOnWhiteSite
18203,22,19
timeStep,numberOfRobotsOnBlackSite,numberOfRobotsOnWhiteSite
18204,22,19
timeStep,numberOfRobotsOnBlackSite,numberOfRobotsOnWhiteSite
18205,22,19
timeStep,numberOfRobotsOnBlackSite,numberOfRobotsOnWhiteSite
18206,22,19
timeStep,numberOfRobotsOnBlackSite,numberOfRobotsOnWhiteSite
18207,22,19
timeStep,numberOfRobotsOnBlackSite,numberOfRobotsOnWhiteSite
18208,22,19
timeStep,numberOfRobotsOnBlackSite,numberOfRobotsOnWhiteSite
18209,22,19
timeStep,numberOfRobotsOnBlackSite,numberOfRobotsOnWhiteSite
18210,22,19
timeStep,numberOfRobotsOnBlackSite,numberOfRobotsOnWhiteSite
18211,22,19
timeStep,numberOfRobotsOnBlackSite,numberOfRobotsOnWhiteSite
18212,22,19
timeStep,numberOfRobotsOnBlackSite,numberOfRobotsOnWhiteSite
18213,22,19
timeStep,numberOfRobotsOnBlackSite,numberOfRobotsOnWhiteSite
18214,22,19
timeStep,numberOfRobotsOnBlackSite,numberOfRobotsOnWhiteSite
18215,22,19
timeStep,numberOfRobotsOnBlackSite,numberOfRobotsOnWhiteSite
18216,22,19
timeStep,numberOfRobotsOnBlackSite,numberOfRobotsOnWhiteSite
18217,22,19
timeStep,numberOfRobotsOnBlackSite,numberOfRobotsOnWhiteSite
18218,22,19
timeStep,numberOfRobotsOnBlackSite,numberOfRobotsOnWhiteSite
18219,22,19
timeStep,numberOfRobotsOnBlackSite,numberOfRobotsOnWhiteSite
18220,22,19
timeStep,numberOfRobotsOnBlackSite,numberOfRobotsOnWhiteSite
18221,22,19
timeStep,numberOfRobotsOnBlackSite,numberOfRobotsOnWhiteSite
18222,22,19
timeStep,numberOfRobotsOnBlackSite,numberOfRobotsOnWhiteSite
18223,22,19
timeStep,numberOfRobotsOnBlackSite,numberOfRobotsOnWhiteSite
18224,22,19
timeStep,numberOfRobotsOnBlackSite,numberOfRobotsOnWhiteSite
18225,22,19
timeStep,numberOfRobotsOnBlackSite,numberOfRobotsOnWhiteSite
18226,22,19
timeStep,numberOfRobotsOnBlackSite,numberOfRobotsOnWhiteSite
18227,22,19
timeStep,numberOfRobotsOnBlackSite,numberOfRobotsOnWhiteSite
18228,22,19
timeStep,numberOfRobotsOnBlackSite,numberOfRobotsOnWhiteSite
18229,22,19
timeStep,numberOfRobotsOnBlackSite,numberOfRobotsOnWhiteSite
18230,22,19
timeStep,numberOfRobotsOnBlackSite,numberOfRobotsOnWhiteSite
18231,22,19
timeStep,numberOfRobotsOnBlackSite,numberOfRobotsOnWhiteSite
18232,22,19
timeStep,numberOfRobotsOnBlackSite,numberOfRobotsOnWhiteSite
18233,22,19
timeStep,numberOfRobotsOnBlackSite,numberOfRobotsOnWhiteSite
18234,22,19
timeStep,numberOfRobotsOnBlackSite,numberOfRobotsOnWhiteSite
18235,23,19
timeStep,numberOfRobotsOnBlackSite,numberOfRobotsOnWhiteSite
18236,23,19
timeStep,numberOfRobotsOnBlackSite,numberOfRobotsOnWhiteSite
18237,23,19
timeStep,numberOfRobotsOnBlackSite,numberOfRobotsOnWhiteSite
18238,23,19
timeStep,numberOfRobotsOnBlackSite,numberOfRobotsOnWhiteSite
18239,23,19
timeStep,numberOfRobotsOnBlackSite,numberOfRobotsOnWhiteSite
18240,23,19
timeStep,numberOfRobotsOnBlackSite,numberOfRobotsOnWhiteSite
18241,23,19
timeStep,numberOfRobotsOnBlackSite,numberOfRobotsOnWhiteSite
18242,23,19
timeStep,numberOfRobotsOnBlackSite,numberOfRobotsOnWhiteSite
18243,23,19
timeStep,numberOfRobotsOnBlackSite,numberOfRobotsOnWhiteSite
18244,23,19
timeStep,numberOfRobotsOnBlackSite,numberOfRobotsOnWhiteSite
18245,23,19
timeStep,numberOfRobotsOnBlackSite,numberOfRobotsOnWhiteSite
18246,23,19
timeStep,numberOfRobotsOnBlackSite,numberOfRobotsOnWhiteSite
18247,23,19
timeStep,numberOfRobotsOnBlackSite,numberOfRobotsOnWhiteSite
18248,23,19
timeStep,numberOfRobotsOnBlackSite,numberOfRobotsOnWhiteSite
18249,23,19
timeStep,numberOfRobotsOnBlackSite,numberOfRobotsOnWhiteSite
18250,23,19
timeStep,numberOfRobotsOnBlackSite,numberOfRobotsOnWhiteSite
18251,23,19
timeStep,numberOfRobotsOnBlackSite,numberOfRobotsOnWhiteSite
18252,23,19
timeStep,numberOfRobotsOnBlackSite,numberOfRobotsOnWhiteSite
18253,23,19
timeStep,numberOfRobotsOnBlackSite,numberOfRobotsOnWhiteSite
18254,23,19
timeStep,numberOfRobotsOnBlackSite,numberOfRobotsOnWhiteSite
18255,23,19
timeStep,numberOfRobotsOnBlackSite,numberOfRobotsOnWhiteSite
18256,23,19
timeStep,numberOfRobotsOnBlackSite,numberOfRobotsOnWhiteSite
18257,23,19
timeStep,numberOfRobotsOnBlackSite,numberOfRobotsOnWhiteSite
18258,23,19
timeStep,numberOfRobotsOnBlackSite,numberOfRobotsOnWhiteSite
18259,23,19
timeStep,numberOfRobotsOnBlackSite,numberOfRobotsOnWhiteSite
18260,23,19
timeStep,numberOfRobotsOnBlackSite,numberOfRobotsOnWhiteSite
18261,23,19
timeStep,numberOfRobotsOnBlackSite,numberOfRobotsOnWhiteSite
18262,23,19
timeStep,numberOfRobotsOnBlackSite,numberOfRobotsOnWhiteSite
18263,23,19
timeStep,numberOfRobotsOnBlackSite,numberOfRobotsOnWhiteSite
18264,23,19
timeStep,numberOfRobotsOnBlackSite,numberOfRobotsOnWhiteSite
18265,23,19
timeStep,numberOfRobotsOnBlackSite,numberOfRobotsOnWhiteSite
18266,23,19
timeStep,numberOfRobotsOnBlackSite,numberOfRobotsOnWhiteSite
18267,23,19
timeStep,numberOfRobotsOnBlackSite,numberOfRobotsOnWhiteSite
18268,23,19
timeStep,numberOfRobotsOnBlackSite,numberOfRobotsOnWhiteSite
18269,23,19
timeStep,numberOfRobotsOnBlackSite,numberOfRobotsOnWhiteSite
18270,23,19
timeStep,numberOfRobotsOnBlackSite,numberOfRobotsOnWhiteSite
18271,23,19
timeStep,numberOfRobotsOnBlackSite,numberOfRobotsOnWhiteSite
18272,23,19
timeStep,numberOfRobotsOnBlackSite,numberOfRobotsOnWhiteSite
18273,23,19
timeStep,numberOfRobotsOnBlackSite,numberOfRobotsOnWhiteSite
18274,23,19
timeStep,numberOfRobotsOnBlackSite,numberOfRobotsOnWhiteSite
18275,23,19
timeStep,numberOfRobotsOnBlackSite,numberOfRobotsOnWhiteSite
18276,23,19
timeStep,numberOfRobotsOnBlackSite,numberOfRobotsOnWhiteSite
18277,23,19
timeStep,numberOfRobotsOnBlackSite,numberOfRobotsOnWhiteSite
18278,23,19
timeStep,numberOfRobotsOnBlackSite,numberOfRobotsOnWhiteSite
18279,23,19
timeStep,numberOfRobotsOnBlackSite,numberOfRobotsOnWhiteSite
18280,23,19
timeStep,numberOfRobotsOnBlackSite,numberOfRobotsOnWhiteSite
18281,23,19
timeStep,numberOfRobotsOnBlackSite,numberOfRobotsOnWhiteSite
18282,23,19
timeStep,numberOfRobotsOnBlackSite,numberOfRobotsOnWhiteSite
18283,23,19
timeStep,numberOfRobotsOnBlackSite,numberOfRobotsOnWhiteSite
18284,23,19
timeStep,numberOfRobotsOnBlackSite,numberOfRobotsOnWhiteSite
18285,23,19
timeStep,numberOfRobotsOnBlackSite,numberOfRobotsOnWhiteSite
18286,23,19
timeStep,numberOfRobotsOnBlackSite,numberOfRobotsOnWhiteSite
18287,23,19
timeStep,numberOfRobotsOnBlackSite,numberOfRobotsOnWhiteSite
18288,23,19
timeStep,numberOfRobotsOnBlackSite,numberOfRobotsOnWhiteSite
18289,23,19
timeStep,numberOfRobotsOnBlackSite,numberOfRobotsOnWhiteSite
18290,23,19
timeStep,numberOfRobotsOnBlackSite,numberOfRobotsOnWhiteSite
18291,23,19
timeStep,numberOfRobotsOnBlackSite,numberOfRobotsOnWhiteSite
18292,23,19
timeStep,numberOfRobotsOnBlackSite,numberOfRobotsOnWhiteSite
18293,23,19
timeStep,numberOfRobotsOnBlackSite,numberOfRobotsOnWhiteSite
18294,23,19
timeStep,numberOfRobotsOnBlackSite,numberOfRobotsOnWhiteSite
18295,23,19
timeStep,numberOfRobotsOnBlackSite,numberOfRobotsOnWhiteSite
18296,23,19
timeStep,numberOfRobotsOnBlackSite,numberOfRobotsOnWhiteSite
18297,23,19
timeStep,numberOfRobotsOnBlackSite,numberOfRobotsOnWhiteSite
18298,23,19
timeStep,numberOfRobotsOnBlackSite,numberOfRobotsOnWhiteSite
18299,23,19
timeStep,numberOfRobotsOnBlackSite,numberOfRobotsOnWhiteSite
18300,23,19
timeStep,numberOfRobotsOnBlackSite,numberOfRobotsOnWhiteSite
18301,23,19
timeStep,numberOfRobotsOnBlackSite,numberOfRobotsOnWhiteSite
18302,23,19
timeStep,numberOfRobotsOnBlackSite,numberOfRobotsOnWhiteSite
18303,23,19
timeStep,numberOfRobotsOnBlackSite,numberOfRobotsOnWhiteSite
18304,23,19
timeStep,numberOfRobotsOnBlackSite,numberOfRobotsOnWhiteSite
18305,23,19
timeStep,numberOfRobotsOnBlackSite,numberOfRobotsOnWhiteSite
18306,23,19
timeStep,numberOfRobotsOnBlackSite,numberOfRobotsOnWhiteSite
18307,23,19
timeStep,numberOfRobotsOnBlackSite,numberOfRobotsOnWhiteSite
18308,23,19
timeStep,numberOfRobotsOnBlackSite,numberOfRobotsOnWhiteSite
18309,23,19
timeStep,numberOfRobotsOnBlackSite,numberOfRobotsOnWhiteSite
18310,23,19
timeStep,numberOfRobotsOnBlackSite,numberOfRobotsOnWhiteSite
18311,23,19
timeStep,numberOfRobotsOnBlackSite,numberOfRobotsOnWhiteSite
18312,23,19
timeStep,numberOfRobotsOnBlackSite,numberOfRobotsOnWhiteSite
18313,23,19
timeStep,numberOfRobotsOnBlackSite,numberOfRobotsOnWhiteSite
18314,23,19
timeStep,numberOfRobotsOnBlackSite,numberOfRobotsOnWhiteSite
18315,23,19
timeStep,numberOfRobotsOnBlackSite,numberOfRobotsOnWhiteSite
18316,23,19
timeStep,numberOfRobotsOnBlackSite,numberOfRobotsOnWhiteSite
18317,23,19
timeStep,numberOfRobotsOnBlackSite,numberOfRobotsOnWhiteSite
18318,23,19
timeStep,numberOfRobotsOnBlackSite,numberOfRobotsOnWhiteSite
18319,23,19
timeStep,numberOfRobotsOnBlackSite,numberOfRobotsOnWhiteSite
18320,23,19
timeStep,numberOfRobotsOnBlackSite,numberOfRobotsOnWhiteSite
18321,23,19
timeStep,numberOfRobotsOnBlackSite,numberOfRobotsOnWhiteSite
18322,23,19
timeStep,numberOfRobotsOnBlackSite,numberOfRobotsOnWhiteSite
18323,23,19
timeStep,numberOfRobotsOnBlackSite,numberOfRobotsOnWhiteSite
18324,23,19
timeStep,numberOfRobotsOnBlackSite,numberOfRobotsOnWhiteSite
18325,23,19
timeStep,numberOfRobotsOnBlackSite,numberOfRobotsOnWhiteSite
18326,23,19
timeStep,numberOfRobotsOnBlackSite,numberOfRobotsOnWhiteSite
18327,23,19
timeStep,numberOfRobotsOnBlackSite,numberOfRobotsOnWhiteSite
18328,23,19
timeStep,numberOfRobotsOnBlackSite,numberOfRobotsOnWhiteSite
18329,23,19
timeStep,numberOfRobotsOnBlackSite,numberOfRobotsOnWhiteSite
18330,23,19
timeStep,numberOfRobotsOnBlackSite,numberOfRobotsOnWhiteSite
18331,23,19
timeStep,numberOfRobotsOnBlackSite,numberOfRobotsOnWhiteSite
18332,23,19
timeStep,numberOfRobotsOnBlackSite,numberOfRobotsOnWhiteSite
18333,23,19
timeStep,numberOfRobotsOnBlackSite,numberOfRobotsOnWhiteSite
18334,23,19
timeStep,numberOfRobotsOnBlackSite,numberOfRobotsOnWhiteSite
18335,23,19
timeStep,numberOfRobotsOnBlackSite,numberOfRobotsOnWhiteSite
18336,23,19
timeStep,numberOfRobotsOnBlackSite,numberOfRobotsOnWhiteSite
18337,23,19
timeStep,numberOfRobotsOnBlackSite,numberOfRobotsOnWhiteSite
18338,23,19
timeStep,numberOfRobotsOnBlackSite,numberOfRobotsOnWhiteSite
18339,23,19
timeStep,numberOfRobotsOnBlackSite,numberOfRobotsOnWhiteSite
18340,23,19
timeStep,numberOfRobotsOnBlackSite,numberOfRobotsOnWhiteSite
18341,23,19
timeStep,numberOfRobotsOnBlackSite,numberOfRobotsOnWhiteSite
18342,23,19
timeStep,numberOfRobotsOnBlackSite,numberOfRobotsOnWhiteSite
18343,23,19
timeStep,numberOfRobotsOnBlackSite,numberOfRobotsOnWhiteSite
18344,23,19
timeStep,numberOfRobotsOnBlackSite,numberOfRobotsOnWhiteSite
18345,23,19
timeStep,numberOfRobotsOnBlackSite,numberOfRobotsOnWhiteSite
18346,23,19
timeStep,numberOfRobotsOnBlackSite,numberOfRobotsOnWhiteSite
18347,23,19
timeStep,numberOfRobotsOnBlackSite,numberOfRobotsOnWhiteSite
18348,23,19
timeStep,numberOfRobotsOnBlackSite,numberOfRobotsOnWhiteSite
18349,23,19
timeStep,numberOfRobotsOnBlackSite,numberOfRobotsOnWhiteSite
18350,23,19
timeStep,numberOfRobotsOnBlackSite,numberOfRobotsOnWhiteSite
18351,23,19
timeStep,numberOfRobotsOnBlackSite,numberOfRobotsOnWhiteSite
18352,23,19
timeStep,numberOfRobotsOnBlackSite,numberOfRobotsOnWhiteSite
18353,23,19
timeStep,numberOfRobotsOnBlackSite,numberOfRobotsOnWhiteSite
18354,23,19
timeStep,numberOfRobotsOnBlackSite,numberOfRobotsOnWhiteSite
18355,23,19
timeStep,numberOfRobotsOnBlackSite,numberOfRobotsOnWhiteSite
18356,23,19
timeStep,numberOfRobotsOnBlackSite,numberOfRobotsOnWhiteSite
18357,23,19
timeStep,numberOfRobotsOnBlackSite,numberOfRobotsOnWhiteSite
18358,23,19
timeStep,numberOfRobotsOnBlackSite,numberOfRobotsOnWhiteSite
18359,23,19
timeStep,numberOfRobotsOnBlackSite,numberOfRobotsOnWhiteSite
18360,23,19
timeStep,numberOfRobotsOnBlackSite,numberOfRobotsOnWhiteSite
18361,23,19
timeStep,numberOfRobotsOnBlackSite,numberOfRobotsOnWhiteSite
18362,23,19
timeStep,numberOfRobotsOnBlackSite,numberOfRobotsOnWhiteSite
18363,23,19
timeStep,numberOfRobotsOnBlackSite,numberOfRobotsOnWhiteSite
18364,23,19
timeStep,numberOfRobotsOnBlackSite,numberOfRobotsOnWhiteSite
18365,24,19
timeStep,numberOfRobotsOnBlackSite,numberOfRobotsOnWhiteSite
18366,24,19
timeStep,numberOfRobotsOnBlackSite,numberOfRobotsOnWhiteSite
18367,24,19
timeStep,numberOfRobotsOnBlackSite,numberOfRobotsOnWhiteSite
18368,24,19
timeStep,numberOfRobotsOnBlackSite,numberOfRobotsOnWhiteSite
18369,24,19
timeStep,numberOfRobotsOnBlackSite,numberOfRobotsOnWhiteSite
18370,24,20
timeStep,numberOfRobotsOnBlackSite,numberOfRobotsOnWhiteSite
18371,24,20
timeStep,numberOfRobotsOnBlackSite,numberOfRobotsOnWhiteSite
18372,24,20
timeStep,numberOfRobotsOnBlackSite,numberOfRobotsOnWhiteSite
18373,24,20
timeStep,numberOfRobotsOnBlackSite,numberOfRobotsOnWhiteSite
18374,24,20
timeStep,numberOfRobotsOnBlackSite,numberOfRobotsOnWhiteSite
18375,24,20
timeStep,numberOfRobotsOnBlackSite,numberOfRobotsOnWhiteSite
18376,24,20
timeStep,numberOfRobotsOnBlackSite,numberOfRobotsOnWhiteSite
18377,24,20
timeStep,numberOfRobotsOnBlackSite,numberOfRobotsOnWhiteSite
18378,24,20
timeStep,numberOfRobotsOnBlackSite,numberOfRobotsOnWhiteSite
18379,24,20
timeStep,numberOfRobotsOnBlackSite,numberOfRobotsOnWhiteSite
18380,24,20
timeStep,numberOfRobotsOnBlackSite,numberOfRobotsOnWhiteSite
18381,24,20
timeStep,numberOfRobotsOnBlackSite,numberOfRobotsOnWhiteSite
18382,24,20
timeStep,numberOfRobotsOnBlackSite,numberOfRobotsOnWhiteSite
18383,24,20
timeStep,numberOfRobotsOnBlackSite,numberOfRobotsOnWhiteSite
18384,24,20
timeStep,numberOfRobotsOnBlackSite,numberOfRobotsOnWhiteSite
18385,24,20
timeStep,numberOfRobotsOnBlackSite,numberOfRobotsOnWhiteSite
18386,24,20
timeStep,numberOfRobotsOnBlackSite,numberOfRobotsOnWhiteSite
18387,24,20
timeStep,numberOfRobotsOnBlackSite,numberOfRobotsOnWhiteSite
18388,24,20
timeStep,numberOfRobotsOnBlackSite,numberOfRobotsOnWhiteSite
18389,24,20
timeStep,numberOfRobotsOnBlackSite,numberOfRobotsOnWhiteSite
18390,24,20
timeStep,numberOfRobotsOnBlackSite,numberOfRobotsOnWhiteSite
18391,24,20
timeStep,numberOfRobotsOnBlackSite,numberOfRobotsOnWhiteSite
18392,24,20
timeStep,numberOfRobotsOnBlackSite,numberOfRobotsOnWhiteSite
18393,24,20
timeStep,numberOfRobotsOnBlackSite,numberOfRobotsOnWhiteSite
18394,24,20
timeStep,numberOfRobotsOnBlackSite,numberOfRobotsOnWhiteSite
18395,24,20
timeStep,numberOfRobotsOnBlackSite,numberOfRobotsOnWhiteSite
18396,24,20
timeStep,numberOfRobotsOnBlackSite,numberOfRobotsOnWhiteSite
18397,24,20
timeStep,numberOfRobotsOnBlackSite,numberOfRobotsOnWhiteSite
18398,24,20
timeStep,numberOfRobotsOnBlackSite,numberOfRobotsOnWhiteSite
18399,24,20
timeStep,numberOfRobotsOnBlackSite,numberOfRobotsOnWhiteSite
18400,24,20
timeStep,numberOfRobotsOnBlackSite,numberOfRobotsOnWhiteSite
18401,24,20
timeStep,numberOfRobotsOnBlackSite,numberOfRobotsOnWhiteSite
18402,24,20
timeStep,numberOfRobotsOnBlackSite,numberOfRobotsOnWhiteSite
18403,24,20
timeStep,numberOfRobotsOnBlackSite,numberOfRobotsOnWhiteSite
18404,24,20
timeStep,numberOfRobotsOnBlackSite,numberOfRobotsOnWhiteSite
18405,24,20
timeStep,numberOfRobotsOnBlackSite,numberOfRobotsOnWhiteSite
18406,24,20
timeStep,numberOfRobotsOnBlackSite,numberOfRobotsOnWhiteSite
18407,24,20
timeStep,numberOfRobotsOnBlackSite,numberOfRobotsOnWhiteSite
18408,24,20
timeStep,numberOfRobotsOnBlackSite,numberOfRobotsOnWhiteSite
18409,24,20
timeStep,numberOfRobotsOnBlackSite,numberOfRobotsOnWhiteSite
18410,24,19
timeStep,numberOfRobotsOnBlackSite,numberOfRobotsOnWhiteSite
18411,24,19
timeStep,numberOfRobotsOnBlackSite,numberOfRobotsOnWhiteSite
18412,24,19
timeStep,numberOfRobotsOnBlackSite,numberOfRobotsOnWhiteSite
18413,24,19
timeStep,numberOfRobotsOnBlackSite,numberOfRobotsOnWhiteSite
18414,24,19
timeStep,numberOfRobotsOnBlackSite,numberOfRobotsOnWhiteSite
18415,24,19
timeStep,numberOfRobotsOnBlackSite,numberOfRobotsOnWhiteSite
18416,24,19
timeStep,numberOfRobotsOnBlackSite,numberOfRobotsOnWhiteSite
18417,24,19
timeStep,numberOfRobotsOnBlackSite,numberOfRobotsOnWhiteSite
18418,24,19
timeStep,numberOfRobotsOnBlackSite,numberOfRobotsOnWhiteSite
18419,24,19
timeStep,numberOfRobotsOnBlackSite,numberOfRobotsOnWhiteSite
18420,24,19
timeStep,numberOfRobotsOnBlackSite,numberOfRobotsOnWhiteSite
18421,24,19
timeStep,numberOfRobotsOnBlackSite,numberOfRobotsOnWhiteSite
18422,24,19
timeStep,numberOfRobotsOnBlackSite,numberOfRobotsOnWhiteSite
18423,24,19
timeStep,numberOfRobotsOnBlackSite,numberOfRobotsOnWhiteSite
18424,24,19
timeStep,numberOfRobotsOnBlackSite,numberOfRobotsOnWhiteSite
18425,25,19
timeStep,numberOfRobotsOnBlackSite,numberOfRobotsOnWhiteSite
18426,25,19
timeStep,numberOfRobotsOnBlackSite,numberOfRobotsOnWhiteSite
18427,25,19
timeStep,numberOfRobotsOnBlackSite,numberOfRobotsOnWhiteSite
18428,25,19
timeStep,numberOfRobotsOnBlackSite,numberOfRobotsOnWhiteSite
18429,25,19
timeStep,numberOfRobotsOnBlackSite,numberOfRobotsOnWhiteSite
18430,25,19
timeStep,numberOfRobotsOnBlackSite,numberOfRobotsOnWhiteSite
18431,25,19
timeStep,numberOfRobotsOnBlackSite,numberOfRobotsOnWhiteSite
18432,25,19
timeStep,numberOfRobotsOnBlackSite,numberOfRobotsOnWhiteSite
18433,25,19
timeStep,numberOfRobotsOnBlackSite,numberOfRobotsOnWhiteSite
18434,25,19
timeStep,numberOfRobotsOnBlackSite,numberOfRobotsOnWhiteSite
18435,25,19
timeStep,numberOfRobotsOnBlackSite,numberOfRobotsOnWhiteSite
18436,25,19
timeStep,numberOfRobotsOnBlackSite,numberOfRobotsOnWhiteSite
18437,25,19
timeStep,numberOfRobotsOnBlackSite,numberOfRobotsOnWhiteSite
18438,25,19
timeStep,numberOfRobotsOnBlackSite,numberOfRobotsOnWhiteSite
18439,25,19
timeStep,numberOfRobotsOnBlackSite,numberOfRobotsOnWhiteSite
18440,25,19
timeStep,numberOfRobotsOnBlackSite,numberOfRobotsOnWhiteSite
18441,25,19
timeStep,numberOfRobotsOnBlackSite,numberOfRobotsOnWhiteSite
18442,25,19
timeStep,numberOfRobotsOnBlackSite,numberOfRobotsOnWhiteSite
18443,25,19
timeStep,numberOfRobotsOnBlackSite,numberOfRobotsOnWhiteSite
18444,25,19
timeStep,numberOfRobotsOnBlackSite,numberOfRobotsOnWhiteSite
18445,25,19
timeStep,numberOfRobotsOnBlackSite,numberOfRobotsOnWhiteSite
18446,25,19
timeStep,numberOfRobotsOnBlackSite,numberOfRobotsOnWhiteSite
18447,25,19
timeStep,numberOfRobotsOnBlackSite,numberOfRobotsOnWhiteSite
18448,25,19
timeStep,numberOfRobotsOnBlackSite,numberOfRobotsOnWhiteSite
18449,25,19
timeStep,numberOfRobotsOnBlackSite,numberOfRobotsOnWhiteSite
18450,25,19
timeStep,numberOfRobotsOnBlackSite,numberOfRobotsOnWhiteSite
18451,25,19
timeStep,numberOfRobotsOnBlackSite,numberOfRobotsOnWhiteSite
18452,25,19
timeStep,numberOfRobotsOnBlackSite,numberOfRobotsOnWhiteSite
18453,25,19
timeStep,numberOfRobotsOnBlackSite,numberOfRobotsOnWhiteSite
18454,25,19
timeStep,numberOfRobotsOnBlackSite,numberOfRobotsOnWhiteSite
18455,25,19
timeStep,numberOfRobotsOnBlackSite,numberOfRobotsOnWhiteSite
18456,25,19
timeStep,numberOfRobotsOnBlackSite,numberOfRobotsOnWhiteSite
18457,25,19
timeStep,numberOfRobotsOnBlackSite,numberOfRobotsOnWhiteSite
18458,25,19
timeStep,numberOfRobotsOnBlackSite,numberOfRobotsOnWhiteSite
18459,25,19
timeStep,numberOfRobotsOnBlackSite,numberOfRobotsOnWhiteSite
18460,25,19
timeStep,numberOfRobotsOnBlackSite,numberOfRobotsOnWhiteSite
18461,25,19
timeStep,numberOfRobotsOnBlackSite,numberOfRobotsOnWhiteSite
18462,25,19
timeStep,numberOfRobotsOnBlackSite,numberOfRobotsOnWhiteSite
18463,25,19
timeStep,numberOfRobotsOnBlackSite,numberOfRobotsOnWhiteSite
18464,25,19
timeStep,numberOfRobotsOnBlackSite,numberOfRobotsOnWhiteSite
18465,25,19
timeStep,numberOfRobotsOnBlackSite,numberOfRobotsOnWhiteSite
18466,25,19
timeStep,numberOfRobotsOnBlackSite,numberOfRobotsOnWhiteSite
18467,25,19
timeStep,numberOfRobotsOnBlackSite,numberOfRobotsOnWhiteSite
18468,25,19
timeStep,numberOfRobotsOnBlackSite,numberOfRobotsOnWhiteSite
18469,25,19
timeStep,numberOfRobotsOnBlackSite,numberOfRobotsOnWhiteSite
18470,25,19
timeStep,numberOfRobotsOnBlackSite,numberOfRobotsOnWhiteSite
18471,25,19
timeStep,numberOfRobotsOnBlackSite,numberOfRobotsOnWhiteSite
18472,25,19
timeStep,numberOfRobotsOnBlackSite,numberOfRobotsOnWhiteSite
18473,25,19
timeStep,numberOfRobotsOnBlackSite,numberOfRobotsOnWhiteSite
18474,25,19
timeStep,numberOfRobotsOnBlackSite,numberOfRobotsOnWhiteSite
18475,25,19
timeStep,numberOfRobotsOnBlackSite,numberOfRobotsOnWhiteSite
18476,25,19
timeStep,numberOfRobotsOnBlackSite,numberOfRobotsOnWhiteSite
18477,25,19
timeStep,numberOfRobotsOnBlackSite,numberOfRobotsOnWhiteSite
18478,25,19
timeStep,numberOfRobotsOnBlackSite,numberOfRobotsOnWhiteSite
18479,25,19
timeStep,numberOfRobotsOnBlackSite,numberOfRobotsOnWhiteSite
18480,25,19
timeStep,numberOfRobotsOnBlackSite,numberOfRobotsOnWhiteSite
18481,25,19
timeStep,numberOfRobotsOnBlackSite,numberOfRobotsOnWhiteSite
18482,25,19
timeStep,numberOfRobotsOnBlackSite,numberOfRobotsOnWhiteSite
18483,25,19
timeStep,numberOfRobotsOnBlackSite,numberOfRobotsOnWhiteSite
18484,25,19
timeStep,numberOfRobotsOnBlackSite,numberOfRobotsOnWhiteSite
18485,25,19
timeStep,numberOfRobotsOnBlackSite,numberOfRobotsOnWhiteSite
18486,25,19
timeStep,numberOfRobotsOnBlackSite,numberOfRobotsOnWhiteSite
18487,25,19
timeStep,numberOfRobotsOnBlackSite,numberOfRobotsOnWhiteSite
18488,25,19
timeStep,numberOfRobotsOnBlackSite,numberOfRobotsOnWhiteSite
18489,25,19
timeStep,numberOfRobotsOnBlackSite,numberOfRobotsOnWhiteSite
18490,25,19
timeStep,numberOfRobotsOnBlackSite,numberOfRobotsOnWhiteSite
18491,25,19
timeStep,numberOfRobotsOnBlackSite,numberOfRobotsOnWhiteSite
18492,25,19
timeStep,numberOfRobotsOnBlackSite,numberOfRobotsOnWhiteSite
18493,25,19
timeStep,numberOfRobotsOnBlackSite,numberOfRobotsOnWhiteSite
18494,25,19
timeStep,numberOfRobotsOnBlackSite,numberOfRobotsOnWhiteSite
18495,25,19
timeStep,numberOfRobotsOnBlackSite,numberOfRobotsOnWhiteSite
18496,25,19
timeStep,numberOfRobotsOnBlackSite,numberOfRobotsOnWhiteSite
18497,25,19
timeStep,numberOfRobotsOnBlackSite,numberOfRobotsOnWhiteSite
18498,25,19
timeStep,numberOfRobotsOnBlackSite,numberOfRobotsOnWhiteSite
18499,25,19
timeStep,numberOfRobotsOnBlackSite,numberOfRobotsOnWhiteSite
18500,25,19
timeStep,numberOfRobotsOnBlackSite,numberOfRobotsOnWhiteSite
18501,25,19
timeStep,numberOfRobotsOnBlackSite,numberOfRobotsOnWhiteSite
18502,25,19
timeStep,numberOfRobotsOnBlackSite,numberOfRobotsOnWhiteSite
18503,25,19
timeStep,numberOfRobotsOnBlackSite,numberOfRobotsOnWhiteSite
18504,25,19
timeStep,numberOfRobotsOnBlackSite,numberOfRobotsOnWhiteSite
18505,25,19
timeStep,numberOfRobotsOnBlackSite,numberOfRobotsOnWhiteSite
18506,25,19
timeStep,numberOfRobotsOnBlackSite,numberOfRobotsOnWhiteSite
18507,25,19
timeStep,numberOfRobotsOnBlackSite,numberOfRobotsOnWhiteSite
18508,25,19
timeStep,numberOfRobotsOnBlackSite,numberOfRobotsOnWhiteSite
18509,25,19
timeStep,numberOfRobotsOnBlackSite,numberOfRobotsOnWhiteSite
18510,25,19
timeStep,numberOfRobotsOnBlackSite,numberOfRobotsOnWhiteSite
18511,25,19
timeStep,numberOfRobotsOnBlackSite,numberOfRobotsOnWhiteSite
18512,25,19
timeStep,numberOfRobotsOnBlackSite,numberOfRobotsOnWhiteSite
18513,25,19
timeStep,numberOfRobotsOnBlackSite,numberOfRobotsOnWhiteSite
18514,25,19
timeStep,numberOfRobotsOnBlackSite,numberOfRobotsOnWhiteSite
18515,25,19
timeStep,numberOfRobotsOnBlackSite,numberOfRobotsOnWhiteSite
18516,25,19
timeStep,numberOfRobotsOnBlackSite,numberOfRobotsOnWhiteSite
18517,25,19
timeStep,numberOfRobotsOnBlackSite,numberOfRobotsOnWhiteSite
18518,25,19
timeStep,numberOfRobotsOnBlackSite,numberOfRobotsOnWhiteSite
18519,25,19
timeStep,numberOfRobotsOnBlackSite,numberOfRobotsOnWhiteSite
18520,25,19
timeStep,numberOfRobotsOnBlackSite,numberOfRobotsOnWhiteSite
18521,25,19
timeStep,numberOfRobotsOnBlackSite,numberOfRobotsOnWhiteSite
18522,25,19
timeStep,numberOfRobotsOnBlackSite,numberOfRobotsOnWhiteSite
18523,25,19
timeStep,numberOfRobotsOnBlackSite,numberOfRobotsOnWhiteSite
18524,25,19
timeStep,numberOfRobotsOnBlackSite,numberOfRobotsOnWhiteSite
18525,25,19
timeStep,numberOfRobotsOnBlackSite,numberOfRobotsOnWhiteSite
18526,25,19
timeStep,numberOfRobotsOnBlackSite,numberOfRobotsOnWhiteSite
18527,25,19
timeStep,numberOfRobotsOnBlackSite,numberOfRobotsOnWhiteSite
18528,25,19
timeStep,numberOfRobotsOnBlackSite,numberOfRobotsOnWhiteSite
18529,25,19
timeStep,numberOfRobotsOnBlackSite,numberOfRobotsOnWhiteSite
18530,25,19
timeStep,numberOfRobotsOnBlackSite,numberOfRobotsOnWhiteSite
18531,25,19
timeStep,numberOfRobotsOnBlackSite,numberOfRobotsOnWhiteSite
18532,25,19
timeStep,numberOfRobotsOnBlackSite,numberOfRobotsOnWhiteSite
18533,25,19
timeStep,numberOfRobotsOnBlackSite,numberOfRobotsOnWhiteSite
18534,25,19
timeStep,numberOfRobotsOnBlackSite,numberOfRobotsOnWhiteSite
18535,25,19
timeStep,numberOfRobotsOnBlackSite,numberOfRobotsOnWhiteSite
18536,25,19
timeStep,numberOfRobotsOnBlackSite,numberOfRobotsOnWhiteSite
18537,25,19
timeStep,numberOfRobotsOnBlackSite,numberOfRobotsOnWhiteSite
18538,25,19
timeStep,numberOfRobotsOnBlackSite,numberOfRobotsOnWhiteSite
18539,25,19
timeStep,numberOfRobotsOnBlackSite,numberOfRobotsOnWhiteSite
18540,25,19
timeStep,numberOfRobotsOnBlackSite,numberOfRobotsOnWhiteSite
18541,25,19
timeStep,numberOfRobotsOnBlackSite,numberOfRobotsOnWhiteSite
18542,25,19
timeStep,numberOfRobotsOnBlackSite,numberOfRobotsOnWhiteSite
18543,25,19
timeStep,numberOfRobotsOnBlackSite,numberOfRobotsOnWhiteSite
18544,25,19
timeStep,numberOfRobotsOnBlackSite,numberOfRobotsOnWhiteSite
18545,25,19
timeStep,numberOfRobotsOnBlackSite,numberOfRobotsOnWhiteSite
18546,25,19
timeStep,numberOfRobotsOnBlackSite,numberOfRobotsOnWhiteSite
18547,25,19
timeStep,numberOfRobotsOnBlackSite,numberOfRobotsOnWhiteSite
18548,25,19
timeStep,numberOfRobotsOnBlackSite,numberOfRobotsOnWhiteSite
18549,25,19
timeStep,numberOfRobotsOnBlackSite,numberOfRobotsOnWhiteSite
18550,25,19
timeStep,numberOfRobotsOnBlackSite,numberOfRobotsOnWhiteSite
18551,25,19
timeStep,numberOfRobotsOnBlackSite,numberOfRobotsOnWhiteSite
18552,25,19
timeStep,numberOfRobotsOnBlackSite,numberOfRobotsOnWhiteSite
18553,25,19
timeStep,numberOfRobotsOnBlackSite,numberOfRobotsOnWhiteSite
18554,25,19
timeStep,numberOfRobotsOnBlackSite,numberOfRobotsOnWhiteSite
18555,25,20
timeStep,numberOfRobotsOnBlackSite,numberOfRobotsOnWhiteSite
18556,25,20
timeStep,numberOfRobotsOnBlackSite,numberOfRobotsOnWhiteSite
18557,25,20
timeStep,numberOfRobotsOnBlackSite,numberOfRobotsOnWhiteSite
18558,25,20
timeStep,numberOfRobotsOnBlackSite,numberOfRobotsOnWhiteSite
18559,25,20
timeStep,numberOfRobotsOnBlackSite,numberOfRobotsOnWhiteSite
18560,25,20
timeStep,numberOfRobotsOnBlackSite,numberOfRobotsOnWhiteSite
18561,25,20
timeStep,numberOfRobotsOnBlackSite,numberOfRobotsOnWhiteSite
18562,25,20
timeStep,numberOfRobotsOnBlackSite,numberOfRobotsOnWhiteSite
18563,25,20
timeStep,numberOfRobotsOnBlackSite,numberOfRobotsOnWhiteSite
18564,25,20
timeStep,numberOfRobotsOnBlackSite,numberOfRobotsOnWhiteSite
18565,25,20
timeStep,numberOfRobotsOnBlackSite,numberOfRobotsOnWhiteSite
18566,25,20
timeStep,numberOfRobotsOnBlackSite,numberOfRobotsOnWhiteSite
18567,25,20
timeStep,numberOfRobotsOnBlackSite,numberOfRobotsOnWhiteSite
18568,25,20
timeStep,numberOfRobotsOnBlackSite,numberOfRobotsOnWhiteSite
18569,25,20
timeStep,numberOfRobotsOnBlackSite,numberOfRobotsOnWhiteSite
18570,25,20
timeStep,numberOfRobotsOnBlackSite,numberOfRobotsOnWhiteSite
18571,25,20
timeStep,numberOfRobotsOnBlackSite,numberOfRobotsOnWhiteSite
18572,25,20
timeStep,numberOfRobotsOnBlackSite,numberOfRobotsOnWhiteSite
18573,25,20
timeStep,numberOfRobotsOnBlackSite,numberOfRobotsOnWhiteSite
18574,25,20
timeStep,numberOfRobotsOnBlackSite,numberOfRobotsOnWhiteSite
18575,25,20
timeStep,numberOfRobotsOnBlackSite,numberOfRobotsOnWhiteSite
18576,25,20
timeStep,numberOfRobotsOnBlackSite,numberOfRobotsOnWhiteSite
18577,25,20
timeStep,numberOfRobotsOnBlackSite,numberOfRobotsOnWhiteSite
18578,25,20
timeStep,numberOfRobotsOnBlackSite,numberOfRobotsOnWhiteSite
18579,25,20
timeStep,numberOfRobotsOnBlackSite,numberOfRobotsOnWhiteSite
18580,25,20
timeStep,numberOfRobotsOnBlackSite,numberOfRobotsOnWhiteSite
18581,25,20
timeStep,numberOfRobotsOnBlackSite,numberOfRobotsOnWhiteSite
18582,25,20
timeStep,numberOfRobotsOnBlackSite,numberOfRobotsOnWhiteSite
18583,25,20
timeStep,numberOfRobotsOnBlackSite,numberOfRobotsOnWhiteSite
18584,25,20
timeStep,numberOfRobotsOnBlackSite,numberOfRobotsOnWhiteSite
18585,25,19
timeStep,numberOfRobotsOnBlackSite,numberOfRobotsOnWhiteSite
18586,25,19
timeStep,numberOfRobotsOnBlackSite,numberOfRobotsOnWhiteSite
18587,25,19
timeStep,numberOfRobotsOnBlackSite,numberOfRobotsOnWhiteSite
18588,25,19
timeStep,numberOfRobotsOnBlackSite,numberOfRobotsOnWhiteSite
18589,25,19
timeStep,numberOfRobotsOnBlackSite,numberOfRobotsOnWhiteSite
18590,25,19
timeStep,numberOfRobotsOnBlackSite,numberOfRobotsOnWhiteSite
18591,25,19
timeStep,numberOfRobotsOnBlackSite,numberOfRobotsOnWhiteSite
18592,25,19
timeStep,numberOfRobotsOnBlackSite,numberOfRobotsOnWhiteSite
18593,25,19
timeStep,numberOfRobotsOnBlackSite,numberOfRobotsOnWhiteSite
18594,25,19
timeStep,numberOfRobotsOnBlackSite,numberOfRobotsOnWhiteSite
18595,25,19
timeStep,numberOfRobotsOnBlackSite,numberOfRobotsOnWhiteSite
18596,25,19
timeStep,numberOfRobotsOnBlackSite,numberOfRobotsOnWhiteSite
18597,25,19
timeStep,numberOfRobotsOnBlackSite,numberOfRobotsOnWhiteSite
18598,25,19
timeStep,numberOfRobotsOnBlackSite,numberOfRobotsOnWhiteSite
18599,25,19
timeStep,numberOfRobotsOnBlackSite,numberOfRobotsOnWhiteSite
18600,25,19
timeStep,numberOfRobotsOnBlackSite,numberOfRobotsOnWhiteSite
18601,25,19
timeStep,numberOfRobotsOnBlackSite,numberOfRobotsOnWhiteSite
18602,25,19
timeStep,numberOfRobotsOnBlackSite,numberOfRobotsOnWhiteSite
18603,25,19
timeStep,numberOfRobotsOnBlackSite,numberOfRobotsOnWhiteSite
18604,25,19
timeStep,numberOfRobotsOnBlackSite,numberOfRobotsOnWhiteSite
18605,25,19
timeStep,numberOfRobotsOnBlackSite,numberOfRobotsOnWhiteSite
18606,25,19
timeStep,numberOfRobotsOnBlackSite,numberOfRobotsOnWhiteSite
18607,25,19
timeStep,numberOfRobotsOnBlackSite,numberOfRobotsOnWhiteSite
18608,25,19
timeStep,numberOfRobotsOnBlackSite,numberOfRobotsOnWhiteSite
18609,25,19
timeStep,numberOfRobotsOnBlackSite,numberOfRobotsOnWhiteSite
18610,25,19
timeStep,numberOfRobotsOnBlackSite,numberOfRobotsOnWhiteSite
18611,25,19
timeStep,numberOfRobotsOnBlackSite,numberOfRobotsOnWhiteSite
18612,25,19
timeStep,numberOfRobotsOnBlackSite,numberOfRobotsOnWhiteSite
18613,25,19
timeStep,numberOfRobotsOnBlackSite,numberOfRobotsOnWhiteSite
18614,25,19
timeStep,numberOfRobotsOnBlackSite,numberOfRobotsOnWhiteSite
18615,26,19
timeStep,numberOfRobotsOnBlackSite,numberOfRobotsOnWhiteSite
18616,26,19
timeStep,numberOfRobotsOnBlackSite,numberOfRobotsOnWhiteSite
18617,26,19
timeStep,numberOfRobotsOnBlackSite,numberOfRobotsOnWhiteSite
18618,26,19
timeStep,numberOfRobotsOnBlackSite,numberOfRobotsOnWhiteSite
18619,26,19
timeStep,numberOfRobotsOnBlackSite,numberOfRobotsOnWhiteSite
18620,26,19
timeStep,numberOfRobotsOnBlackSite,numberOfRobotsOnWhiteSite
18621,26,19
timeStep,numberOfRobotsOnBlackSite,numberOfRobotsOnWhiteSite
18622,26,19
timeStep,numberOfRobotsOnBlackSite,numberOfRobotsOnWhiteSite
18623,26,19
timeStep,numberOfRobotsOnBlackSite,numberOfRobotsOnWhiteSite
18624,26,19
timeStep,numberOfRobotsOnBlackSite,numberOfRobotsOnWhiteSite
18625,26,20
timeStep,numberOfRobotsOnBlackSite,numberOfRobotsOnWhiteSite
18626,26,20
timeStep,numberOfRobotsOnBlackSite,numberOfRobotsOnWhiteSite
18627,26,20
timeStep,numberOfRobotsOnBlackSite,numberOfRobotsOnWhiteSite
18628,26,20
timeStep,numberOfRobotsOnBlackSite,numberOfRobotsOnWhiteSite
18629,26,20
timeStep,numberOfRobotsOnBlackSite,numberOfRobotsOnWhiteSite
18630,25,20
timeStep,numberOfRobotsOnBlackSite,numberOfRobotsOnWhiteSite
18631,25,20
timeStep,numberOfRobotsOnBlackSite,numberOfRobotsOnWhiteSite
18632,25,20
timeStep,numberOfRobotsOnBlackSite,numberOfRobotsOnWhiteSite
18633,25,20
timeStep,numberOfRobotsOnBlackSite,numberOfRobotsOnWhiteSite
18634,25,20
timeStep,numberOfRobotsOnBlackSite,numberOfRobotsOnWhiteSite
18635,25,20
timeStep,numberOfRobotsOnBlackSite,numberOfRobotsOnWhiteSite
18636,25,20
timeStep,numberOfRobotsOnBlackSite,numberOfRobotsOnWhiteSite
18637,25,20
timeStep,numberOfRobotsOnBlackSite,numberOfRobotsOnWhiteSite
18638,25,20
timeStep,numberOfRobotsOnBlackSite,numberOfRobotsOnWhiteSite
18639,25,20
timeStep,numberOfRobotsOnBlackSite,numberOfRobotsOnWhiteSite
18640,25,20
timeStep,numberOfRobotsOnBlackSite,numberOfRobotsOnWhiteSite
18641,25,20
timeStep,numberOfRobotsOnBlackSite,numberOfRobotsOnWhiteSite
18642,25,20
timeStep,numberOfRobotsOnBlackSite,numberOfRobotsOnWhiteSite
18643,25,20
timeStep,numberOfRobotsOnBlackSite,numberOfRobotsOnWhiteSite
18644,25,20
timeStep,numberOfRobotsOnBlackSite,numberOfRobotsOnWhiteSite
18645,25,20
timeStep,numberOfRobotsOnBlackSite,numberOfRobotsOnWhiteSite
18646,25,20
timeStep,numberOfRobotsOnBlackSite,numberOfRobotsOnWhiteSite
18647,25,20
timeStep,numberOfRobotsOnBlackSite,numberOfRobotsOnWhiteSite
18648,25,20
timeStep,numberOfRobotsOnBlackSite,numberOfRobotsOnWhiteSite
18649,25,20
timeStep,numberOfRobotsOnBlackSite,numberOfRobotsOnWhiteSite
18650,25,20
timeStep,numberOfRobotsOnBlackSite,numberOfRobotsOnWhiteSite
18651,25,20
timeStep,numberOfRobotsOnBlackSite,numberOfRobotsOnWhiteSite
18652,25,20
timeStep,numberOfRobotsOnBlackSite,numberOfRobotsOnWhiteSite
18653,25,20
timeStep,numberOfRobotsOnBlackSite,numberOfRobotsOnWhiteSite
18654,25,20
timeStep,numberOfRobotsOnBlackSite,numberOfRobotsOnWhiteSite
18655,25,20
timeStep,numberOfRobotsOnBlackSite,numberOfRobotsOnWhiteSite
18656,25,20
timeStep,numberOfRobotsOnBlackSite,numberOfRobotsOnWhiteSite
18657,25,20
timeStep,numberOfRobotsOnBlackSite,numberOfRobotsOnWhiteSite
18658,25,20
timeStep,numberOfRobotsOnBlackSite,numberOfRobotsOnWhiteSite
18659,25,20
timeStep,numberOfRobotsOnBlackSite,numberOfRobotsOnWhiteSite
18660,25,20
timeStep,numberOfRobotsOnBlackSite,numberOfRobotsOnWhiteSite
18661,25,20
timeStep,numberOfRobotsOnBlackSite,numberOfRobotsOnWhiteSite
18662,25,20
timeStep,numberOfRobotsOnBlackSite,numberOfRobotsOnWhiteSite
18663,25,20
timeStep,numberOfRobotsOnBlackSite,numberOfRobotsOnWhiteSite
18664,25,20
timeStep,numberOfRobotsOnBlackSite,numberOfRobotsOnWhiteSite
18665,25,20
timeStep,numberOfRobotsOnBlackSite,numberOfRobotsOnWhiteSite
18666,25,20
timeStep,numberOfRobotsOnBlackSite,numberOfRobotsOnWhiteSite
18667,25,20
timeStep,numberOfRobotsOnBlackSite,numberOfRobotsOnWhiteSite
18668,25,20
timeStep,numberOfRobotsOnBlackSite,numberOfRobotsOnWhiteSite
18669,25,20
timeStep,numberOfRobotsOnBlackSite,numberOfRobotsOnWhiteSite
18670,26,20
timeStep,numberOfRobotsOnBlackSite,numberOfRobotsOnWhiteSite
18671,26,20
timeStep,numberOfRobotsOnBlackSite,numberOfRobotsOnWhiteSite
18672,26,20
timeStep,numberOfRobotsOnBlackSite,numberOfRobotsOnWhiteSite
18673,26,20
timeStep,numberOfRobotsOnBlackSite,numberOfRobotsOnWhiteSite
18674,26,20
timeStep,numberOfRobotsOnBlackSite,numberOfRobotsOnWhiteSite
18675,26,20
timeStep,numberOfRobotsOnBlackSite,numberOfRobotsOnWhiteSite
18676,26,20
timeStep,numberOfRobotsOnBlackSite,numberOfRobotsOnWhiteSite
18677,26,20
timeStep,numberOfRobotsOnBlackSite,numberOfRobotsOnWhiteSite
18678,26,20
timeStep,numberOfRobotsOnBlackSite,numberOfRobotsOnWhiteSite
18679,26,20
timeStep,numberOfRobotsOnBlackSite,numberOfRobotsOnWhiteSite
18680,26,20
timeStep,numberOfRobotsOnBlackSite,numberOfRobotsOnWhiteSite
18681,26,20
timeStep,numberOfRobotsOnBlackSite,numberOfRobotsOnWhiteSite
18682,26,20
timeStep,numberOfRobotsOnBlackSite,numberOfRobotsOnWhiteSite
18683,26,20
timeStep,numberOfRobotsOnBlackSite,numberOfRobotsOnWhiteSite
18684,26,20
timeStep,numberOfRobotsOnBlackSite,numberOfRobotsOnWhiteSite
18685,26,20
timeStep,numberOfRobotsOnBlackSite,numberOfRobotsOnWhiteSite
18686,26,20
timeStep,numberOfRobotsOnBlackSite,numberOfRobotsOnWhiteSite
18687,26,20
timeStep,numberOfRobotsOnBlackSite,numberOfRobotsOnWhiteSite
18688,26,20
timeStep,numberOfRobotsOnBlackSite,numberOfRobotsOnWhiteSite
18689,26,20
timeStep,numberOfRobotsOnBlackSite,numberOfRobotsOnWhiteSite
18690,26,20
timeStep,numberOfRobotsOnBlackSite,numberOfRobotsOnWhiteSite
18691,26,20
timeStep,numberOfRobotsOnBlackSite,numberOfRobotsOnWhiteSite
18692,26,20
timeStep,numberOfRobotsOnBlackSite,numberOfRobotsOnWhiteSite
18693,26,20
timeStep,numberOfRobotsOnBlackSite,numberOfRobotsOnWhiteSite
18694,26,20
timeStep,numberOfRobotsOnBlackSite,numberOfRobotsOnWhiteSite
18695,26,19
timeStep,numberOfRobotsOnBlackSite,numberOfRobotsOnWhiteSite
18696,26,19
timeStep,numberOfRobotsOnBlackSite,numberOfRobotsOnWhiteSite
18697,26,19
timeStep,numberOfRobotsOnBlackSite,numberOfRobotsOnWhiteSite
18698,26,19
timeStep,numberOfRobotsOnBlackSite,numberOfRobotsOnWhiteSite
18699,26,19
timeStep,numberOfRobotsOnBlackSite,numberOfRobotsOnWhiteSite
18700,25,19
timeStep,numberOfRobotsOnBlackSite,numberOfRobotsOnWhiteSite
18701,25,19
timeStep,numberOfRobotsOnBlackSite,numberOfRobotsOnWhiteSite
18702,25,19
timeStep,numberOfRobotsOnBlackSite,numberOfRobotsOnWhiteSite
18703,25,19
timeStep,numberOfRobotsOnBlackSite,numberOfRobotsOnWhiteSite
18704,25,19
timeStep,numberOfRobotsOnBlackSite,numberOfRobotsOnWhiteSite
18705,25,19
timeStep,numberOfRobotsOnBlackSite,numberOfRobotsOnWhiteSite
18706,25,19
timeStep,numberOfRobotsOnBlackSite,numberOfRobotsOnWhiteSite
18707,25,19
timeStep,numberOfRobotsOnBlackSite,numberOfRobotsOnWhiteSite
18708,25,19
timeStep,numberOfRobotsOnBlackSite,numberOfRobotsOnWhiteSite
18709,25,19
timeStep,numberOfRobotsOnBlackSite,numberOfRobotsOnWhiteSite
18710,25,19
timeStep,numberOfRobotsOnBlackSite,numberOfRobotsOnWhiteSite
18711,25,19
timeStep,numberOfRobotsOnBlackSite,numberOfRobotsOnWhiteSite
18712,25,19
timeStep,numberOfRobotsOnBlackSite,numberOfRobotsOnWhiteSite
18713,25,19
timeStep,numberOfRobotsOnBlackSite,numberOfRobotsOnWhiteSite
18714,25,19
timeStep,numberOfRobotsOnBlackSite,numberOfRobotsOnWhiteSite
18715,25,19
timeStep,numberOfRobotsOnBlackSite,numberOfRobotsOnWhiteSite
18716,25,19
timeStep,numberOfRobotsOnBlackSite,numberOfRobotsOnWhiteSite
18717,25,19
timeStep,numberOfRobotsOnBlackSite,numberOfRobotsOnWhiteSite
18718,25,19
timeStep,numberOfRobotsOnBlackSite,numberOfRobotsOnWhiteSite
18719,25,19
timeStep,numberOfRobotsOnBlackSite,numberOfRobotsOnWhiteSite
18720,25,19
timeStep,numberOfRobotsOnBlackSite,numberOfRobotsOnWhiteSite
18721,25,19
timeStep,numberOfRobotsOnBlackSite,numberOfRobotsOnWhiteSite
18722,25,19
timeStep,numberOfRobotsOnBlackSite,numberOfRobotsOnWhiteSite
18723,25,19
timeStep,numberOfRobotsOnBlackSite,numberOfRobotsOnWhiteSite
18724,25,19
timeStep,numberOfRobotsOnBlackSite,numberOfRobotsOnWhiteSite
18725,26,19
timeStep,numberOfRobotsOnBlackSite,numberOfRobotsOnWhiteSite
18726,26,19
timeStep,numberOfRobotsOnBlackSite,numberOfRobotsOnWhiteSite
18727,26,19
timeStep,numberOfRobotsOnBlackSite,numberOfRobotsOnWhiteSite
18728,26,19
timeStep,numberOfRobotsOnBlackSite,numberOfRobotsOnWhiteSite
18729,26,19
timeStep,numberOfRobotsOnBlackSite,numberOfRobotsOnWhiteSite
18730,26,19
timeStep,numberOfRobotsOnBlackSite,numberOfRobotsOnWhiteSite
18731,26,19
timeStep,numberOfRobotsOnBlackSite,numberOfRobotsOnWhiteSite
18732,26,19
timeStep,numberOfRobotsOnBlackSite,numberOfRobotsOnWhiteSite
18733,26,19
timeStep,numberOfRobotsOnBlackSite,numberOfRobotsOnWhiteSite
18734,26,19
timeStep,numberOfRobotsOnBlackSite,numberOfRobotsOnWhiteSite
18735,26,19
timeStep,numberOfRobotsOnBlackSite,numberOfRobotsOnWhiteSite
18736,26,19
timeStep,numberOfRobotsOnBlackSite,numberOfRobotsOnWhiteSite
18737,26,19
timeStep,numberOfRobotsOnBlackSite,numberOfRobotsOnWhiteSite
18738,26,19
timeStep,numberOfRobotsOnBlackSite,numberOfRobotsOnWhiteSite
18739,26,19
timeStep,numberOfRobotsOnBlackSite,numberOfRobotsOnWhiteSite
18740,26,19
timeStep,numberOfRobotsOnBlackSite,numberOfRobotsOnWhiteSite
18741,26,19
timeStep,numberOfRobotsOnBlackSite,numberOfRobotsOnWhiteSite
18742,26,19
timeStep,numberOfRobotsOnBlackSite,numberOfRobotsOnWhiteSite
18743,26,19
timeStep,numberOfRobotsOnBlackSite,numberOfRobotsOnWhiteSite
18744,26,19
timeStep,numberOfRobotsOnBlackSite,numberOfRobotsOnWhiteSite
18745,26,19
timeStep,numberOfRobotsOnBlackSite,numberOfRobotsOnWhiteSite
18746,26,19
timeStep,numberOfRobotsOnBlackSite,numberOfRobotsOnWhiteSite
18747,26,19
timeStep,numberOfRobotsOnBlackSite,numberOfRobotsOnWhiteSite
18748,26,19
timeStep,numberOfRobotsOnBlackSite,numberOfRobotsOnWhiteSite
18749,26,19
timeStep,numberOfRobotsOnBlackSite,numberOfRobotsOnWhiteSite
18750,26,19
timeStep,numberOfRobotsOnBlackSite,numberOfRobotsOnWhiteSite
18751,26,19
timeStep,numberOfRobotsOnBlackSite,numberOfRobotsOnWhiteSite
18752,26,19
timeStep,numberOfRobotsOnBlackSite,numberOfRobotsOnWhiteSite
18753,26,19
timeStep,numberOfRobotsOnBlackSite,numberOfRobotsOnWhiteSite
18754,26,19
timeStep,numberOfRobotsOnBlackSite,numberOfRobotsOnWhiteSite
18755,26,20
timeStep,numberOfRobotsOnBlackSite,numberOfRobotsOnWhiteSite
18756,26,20
timeStep,numberOfRobotsOnBlackSite,numberOfRobotsOnWhiteSite
18757,26,20
timeStep,numberOfRobotsOnBlackSite,numberOfRobotsOnWhiteSite
18758,26,20
timeStep,numberOfRobotsOnBlackSite,numberOfRobotsOnWhiteSite
18759,26,20
timeStep,numberOfRobotsOnBlackSite,numberOfRobotsOnWhiteSite
18760,26,20
timeStep,numberOfRobotsOnBlackSite,numberOfRobotsOnWhiteSite
18761,26,20
timeStep,numberOfRobotsOnBlackSite,numberOfRobotsOnWhiteSite
18762,26,20
timeStep,numberOfRobotsOnBlackSite,numberOfRobotsOnWhiteSite
18763,26,20
timeStep,numberOfRobotsOnBlackSite,numberOfRobotsOnWhiteSite
18764,26,20
timeStep,numberOfRobotsOnBlackSite,numberOfRobotsOnWhiteSite
18765,26,20
timeStep,numberOfRobotsOnBlackSite,numberOfRobotsOnWhiteSite
18766,26,20
timeStep,numberOfRobotsOnBlackSite,numberOfRobotsOnWhiteSite
18767,26,20
timeStep,numberOfRobotsOnBlackSite,numberOfRobotsOnWhiteSite
18768,26,20
timeStep,numberOfRobotsOnBlackSite,numberOfRobotsOnWhiteSite
18769,26,20
timeStep,numberOfRobotsOnBlackSite,numberOfRobotsOnWhiteSite
18770,26,20
timeStep,numberOfRobotsOnBlackSite,numberOfRobotsOnWhiteSite
18771,26,20
timeStep,numberOfRobotsOnBlackSite,numberOfRobotsOnWhiteSite
18772,26,20
timeStep,numberOfRobotsOnBlackSite,numberOfRobotsOnWhiteSite
18773,26,20
timeStep,numberOfRobotsOnBlackSite,numberOfRobotsOnWhiteSite
18774,26,20
timeStep,numberOfRobotsOnBlackSite,numberOfRobotsOnWhiteSite
18775,26,21
timeStep,numberOfRobotsOnBlackSite,numberOfRobotsOnWhiteSite
18776,26,21
timeStep,numberOfRobotsOnBlackSite,numberOfRobotsOnWhiteSite
18777,26,21
timeStep,numberOfRobotsOnBlackSite,numberOfRobotsOnWhiteSite
18778,26,21
timeStep,numberOfRobotsOnBlackSite,numberOfRobotsOnWhiteSite
18779,26,21
timeStep,numberOfRobotsOnBlackSite,numberOfRobotsOnWhiteSite
18780,26,21
timeStep,numberOfRobotsOnBlackSite,numberOfRobotsOnWhiteSite
18781,26,21
timeStep,numberOfRobotsOnBlackSite,numberOfRobotsOnWhiteSite
18782,26,21
timeStep,numberOfRobotsOnBlackSite,numberOfRobotsOnWhiteSite
18783,26,21
timeStep,numberOfRobotsOnBlackSite,numberOfRobotsOnWhiteSite
18784,26,21
timeStep,numberOfRobotsOnBlackSite,numberOfRobotsOnWhiteSite
18785,26,21
timeStep,numberOfRobotsOnBlackSite,numberOfRobotsOnWhiteSite
18786,26,21
timeStep,numberOfRobotsOnBlackSite,numberOfRobotsOnWhiteSite
18787,26,21
timeStep,numberOfRobotsOnBlackSite,numberOfRobotsOnWhiteSite
18788,26,21
timeStep,numberOfRobotsOnBlackSite,numberOfRobotsOnWhiteSite
18789,26,21
timeStep,numberOfRobotsOnBlackSite,numberOfRobotsOnWhiteSite
18790,26,21
timeStep,numberOfRobotsOnBlackSite,numberOfRobotsOnWhiteSite
18791,26,21
timeStep,numberOfRobotsOnBlackSite,numberOfRobotsOnWhiteSite
18792,26,21
timeStep,numberOfRobotsOnBlackSite,numberOfRobotsOnWhiteSite
18793,26,21
timeStep,numberOfRobotsOnBlackSite,numberOfRobotsOnWhiteSite
18794,26,21
timeStep,numberOfRobotsOnBlackSite,numberOfRobotsOnWhiteSite
18795,26,21
timeStep,numberOfRobotsOnBlackSite,numberOfRobotsOnWhiteSite
18796,26,21
timeStep,numberOfRobotsOnBlackSite,numberOfRobotsOnWhiteSite
18797,26,21
timeStep,numberOfRobotsOnBlackSite,numberOfRobotsOnWhiteSite
18798,26,21
timeStep,numberOfRobotsOnBlackSite,numberOfRobotsOnWhiteSite
18799,26,21
timeStep,numberOfRobotsOnBlackSite,numberOfRobotsOnWhiteSite
18800,26,21
timeStep,numberOfRobotsOnBlackSite,numberOfRobotsOnWhiteSite
18801,26,21
timeStep,numberOfRobotsOnBlackSite,numberOfRobotsOnWhiteSite
18802,26,21
timeStep,numberOfRobotsOnBlackSite,numberOfRobotsOnWhiteSite
18803,26,21
timeStep,numberOfRobotsOnBlackSite,numberOfRobotsOnWhiteSite
18804,26,21
timeStep,numberOfRobotsOnBlackSite,numberOfRobotsOnWhiteSite
18805,26,21
timeStep,numberOfRobotsOnBlackSite,numberOfRobotsOnWhiteSite
18806,26,21
timeStep,numberOfRobotsOnBlackSite,numberOfRobotsOnWhiteSite
18807,26,21
timeStep,numberOfRobotsOnBlackSite,numberOfRobotsOnWhiteSite
18808,26,21
timeStep,numberOfRobotsOnBlackSite,numberOfRobotsOnWhiteSite
18809,26,21
timeStep,numberOfRobotsOnBlackSite,numberOfRobotsOnWhiteSite
18810,26,21
timeStep,numberOfRobotsOnBlackSite,numberOfRobotsOnWhiteSite
18811,26,21
timeStep,numberOfRobotsOnBlackSite,numberOfRobotsOnWhiteSite
18812,26,21
timeStep,numberOfRobotsOnBlackSite,numberOfRobotsOnWhiteSite
18813,26,21
timeStep,numberOfRobotsOnBlackSite,numberOfRobotsOnWhiteSite
18814,26,21
timeStep,numberOfRobotsOnBlackSite,numberOfRobotsOnWhiteSite
18815,26,21
timeStep,numberOfRobotsOnBlackSite,numberOfRobotsOnWhiteSite
18816,26,21
timeStep,numberOfRobotsOnBlackSite,numberOfRobotsOnWhiteSite
18817,26,21
timeStep,numberOfRobotsOnBlackSite,numberOfRobotsOnWhiteSite
18818,26,21
timeStep,numberOfRobotsOnBlackSite,numberOfRobotsOnWhiteSite
18819,26,21
timeStep,numberOfRobotsOnBlackSite,numberOfRobotsOnWhiteSite
18820,26,21
timeStep,numberOfRobotsOnBlackSite,numberOfRobotsOnWhiteSite
18821,26,21
timeStep,numberOfRobotsOnBlackSite,numberOfRobotsOnWhiteSite
18822,26,21
timeStep,numberOfRobotsOnBlackSite,numberOfRobotsOnWhiteSite
18823,26,21
timeStep,numberOfRobotsOnBlackSite,numberOfRobotsOnWhiteSite
18824,26,21
timeStep,numberOfRobotsOnBlackSite,numberOfRobotsOnWhiteSite
18825,26,21
timeStep,numberOfRobotsOnBlackSite,numberOfRobotsOnWhiteSite
18826,26,21
timeStep,numberOfRobotsOnBlackSite,numberOfRobotsOnWhiteSite
18827,26,21
timeStep,numberOfRobotsOnBlackSite,numberOfRobotsOnWhiteSite
18828,26,21
timeStep,numberOfRobotsOnBlackSite,numberOfRobotsOnWhiteSite
18829,26,21
timeStep,numberOfRobotsOnBlackSite,numberOfRobotsOnWhiteSite
18830,26,21
timeStep,numberOfRobotsOnBlackSite,numberOfRobotsOnWhiteSite
18831,26,21
timeStep,numberOfRobotsOnBlackSite,numberOfRobotsOnWhiteSite
18832,26,21
timeStep,numberOfRobotsOnBlackSite,numberOfRobotsOnWhiteSite
18833,26,21
timeStep,numberOfRobotsOnBlackSite,numberOfRobotsOnWhiteSite
18834,26,21
timeStep,numberOfRobotsOnBlackSite,numberOfRobotsOnWhiteSite
18835,26,21
timeStep,numberOfRobotsOnBlackSite,numberOfRobotsOnWhiteSite
18836,26,21
timeStep,numberOfRobotsOnBlackSite,numberOfRobotsOnWhiteSite
18837,26,21
timeStep,numberOfRobotsOnBlackSite,numberOfRobotsOnWhiteSite
18838,26,21
timeStep,numberOfRobotsOnBlackSite,numberOfRobotsOnWhiteSite
18839,26,21
timeStep,numberOfRobotsOnBlackSite,numberOfRobotsOnWhiteSite
18840,26,21
timeStep,numberOfRobotsOnBlackSite,numberOfRobotsOnWhiteSite
18841,26,21
timeStep,numberOfRobotsOnBlackSite,numberOfRobotsOnWhiteSite
18842,26,21
timeStep,numberOfRobotsOnBlackSite,numberOfRobotsOnWhiteSite
18843,26,21
timeStep,numberOfRobotsOnBlackSite,numberOfRobotsOnWhiteSite
18844,26,21
timeStep,numberOfRobotsOnBlackSite,numberOfRobotsOnWhiteSite
18845,26,21
timeStep,numberOfRobotsOnBlackSite,numberOfRobotsOnWhiteSite
18846,26,21
timeStep,numberOfRobotsOnBlackSite,numberOfRobotsOnWhiteSite
18847,26,21
timeStep,numberOfRobotsOnBlackSite,numberOfRobotsOnWhiteSite
18848,26,21
timeStep,numberOfRobotsOnBlackSite,numberOfRobotsOnWhiteSite
18849,26,21
timeStep,numberOfRobotsOnBlackSite,numberOfRobotsOnWhiteSite
18850,26,21
timeStep,numberOfRobotsOnBlackSite,numberOfRobotsOnWhiteSite
18851,26,21
timeStep,numberOfRobotsOnBlackSite,numberOfRobotsOnWhiteSite
18852,26,21
timeStep,numberOfRobotsOnBlackSite,numberOfRobotsOnWhiteSite
18853,26,21
timeStep,numberOfRobotsOnBlackSite,numberOfRobotsOnWhiteSite
18854,26,21
timeStep,numberOfRobotsOnBlackSite,numberOfRobotsOnWhiteSite
18855,26,21
timeStep,numberOfRobotsOnBlackSite,numberOfRobotsOnWhiteSite
18856,26,21
timeStep,numberOfRobotsOnBlackSite,numberOfRobotsOnWhiteSite
18857,26,21
timeStep,numberOfRobotsOnBlackSite,numberOfRobotsOnWhiteSite
18858,26,21
timeStep,numberOfRobotsOnBlackSite,numberOfRobotsOnWhiteSite
18859,26,21
timeStep,numberOfRobotsOnBlackSite,numberOfRobotsOnWhiteSite
18860,26,21
timeStep,numberOfRobotsOnBlackSite,numberOfRobotsOnWhiteSite
18861,26,21
timeStep,numberOfRobotsOnBlackSite,numberOfRobotsOnWhiteSite
18862,26,21
timeStep,numberOfRobotsOnBlackSite,numberOfRobotsOnWhiteSite
18863,26,21
timeStep,numberOfRobotsOnBlackSite,numberOfRobotsOnWhiteSite
18864,26,21
timeStep,numberOfRobotsOnBlackSite,numberOfRobotsOnWhiteSite
18865,26,21
timeStep,numberOfRobotsOnBlackSite,numberOfRobotsOnWhiteSite
18866,26,21
timeStep,numberOfRobotsOnBlackSite,numberOfRobotsOnWhiteSite
18867,26,21
timeStep,numberOfRobotsOnBlackSite,numberOfRobotsOnWhiteSite
18868,26,21
timeStep,numberOfRobotsOnBlackSite,numberOfRobotsOnWhiteSite
18869,26,21
timeStep,numberOfRobotsOnBlackSite,numberOfRobotsOnWhiteSite
18870,25,21
timeStep,numberOfRobotsOnBlackSite,numberOfRobotsOnWhiteSite
18871,25,21
timeStep,numberOfRobotsOnBlackSite,numberOfRobotsOnWhiteSite
18872,25,21
timeStep,numberOfRobotsOnBlackSite,numberOfRobotsOnWhiteSite
18873,25,21
timeStep,numberOfRobotsOnBlackSite,numberOfRobotsOnWhiteSite
18874,25,21
timeStep,numberOfRobotsOnBlackSite,numberOfRobotsOnWhiteSite
18875,25,21
timeStep,numberOfRobotsOnBlackSite,numberOfRobotsOnWhiteSite
18876,25,21
timeStep,numberOfRobotsOnBlackSite,numberOfRobotsOnWhiteSite
18877,25,21
timeStep,numberOfRobotsOnBlackSite,numberOfRobotsOnWhiteSite
18878,25,21
timeStep,numberOfRobotsOnBlackSite,numberOfRobotsOnWhiteSite
18879,25,21
timeStep,numberOfRobotsOnBlackSite,numberOfRobotsOnWhiteSite
18880,25,21
timeStep,numberOfRobotsOnBlackSite,numberOfRobotsOnWhiteSite
18881,25,21
timeStep,numberOfRobotsOnBlackSite,numberOfRobotsOnWhiteSite
18882,25,21
timeStep,numberOfRobotsOnBlackSite,numberOfRobotsOnWhiteSite
18883,25,21
timeStep,numberOfRobotsOnBlackSite,numberOfRobotsOnWhiteSite
18884,25,21
timeStep,numberOfRobotsOnBlackSite,numberOfRobotsOnWhiteSite
18885,25,21
timeStep,numberOfRobotsOnBlackSite,numberOfRobotsOnWhiteSite
18886,25,21
timeStep,numberOfRobotsOnBlackSite,numberOfRobotsOnWhiteSite
18887,25,21
timeStep,numberOfRobotsOnBlackSite,numberOfRobotsOnWhiteSite
18888,25,21
timeStep,numberOfRobotsOnBlackSite,numberOfRobotsOnWhiteSite
18889,25,21
timeStep,numberOfRobotsOnBlackSite,numberOfRobotsOnWhiteSite
18890,25,21
timeStep,numberOfRobotsOnBlackSite,numberOfRobotsOnWhiteSite
18891,25,21
timeStep,numberOfRobotsOnBlackSite,numberOfRobotsOnWhiteSite
18892,25,21
timeStep,numberOfRobotsOnBlackSite,numberOfRobotsOnWhiteSite
18893,25,21
timeStep,numberOfRobotsOnBlackSite,numberOfRobotsOnWhiteSite
18894,25,21
timeStep,numberOfRobotsOnBlackSite,numberOfRobotsOnWhiteSite
18895,25,21
timeStep,numberOfRobotsOnBlackSite,numberOfRobotsOnWhiteSite
18896,25,21
timeStep,numberOfRobotsOnBlackSite,numberOfRobotsOnWhiteSite
18897,25,21
timeStep,numberOfRobotsOnBlackSite,numberOfRobotsOnWhiteSite
18898,25,21
timeStep,numberOfRobotsOnBlackSite,numberOfRobotsOnWhiteSite
18899,25,21
timeStep,numberOfRobotsOnBlackSite,numberOfRobotsOnWhiteSite
18900,25,21
timeStep,numberOfRobotsOnBlackSite,numberOfRobotsOnWhiteSite
18901,25,21
timeStep,numberOfRobotsOnBlackSite,numberOfRobotsOnWhiteSite
18902,25,21
timeStep,numberOfRobotsOnBlackSite,numberOfRobotsOnWhiteSite
18903,25,21
timeStep,numberOfRobotsOnBlackSite,numberOfRobotsOnWhiteSite
18904,25,21
timeStep,numberOfRobotsOnBlackSite,numberOfRobotsOnWhiteSite
18905,25,21
timeStep,numberOfRobotsOnBlackSite,numberOfRobotsOnWhiteSite
18906,25,21
timeStep,numberOfRobotsOnBlackSite,numberOfRobotsOnWhiteSite
18907,25,21
timeStep,numberOfRobotsOnBlackSite,numberOfRobotsOnWhiteSite
18908,25,21
timeStep,numberOfRobotsOnBlackSite,numberOfRobotsOnWhiteSite
18909,25,21
timeStep,numberOfRobotsOnBlackSite,numberOfRobotsOnWhiteSite
18910,25,21
timeStep,numberOfRobotsOnBlackSite,numberOfRobotsOnWhiteSite
18911,25,21
timeStep,numberOfRobotsOnBlackSite,numberOfRobotsOnWhiteSite
18912,25,21
timeStep,numberOfRobotsOnBlackSite,numberOfRobotsOnWhiteSite
18913,25,21
timeStep,numberOfRobotsOnBlackSite,numberOfRobotsOnWhiteSite
18914,25,21
timeStep,numberOfRobotsOnBlackSite,numberOfRobotsOnWhiteSite
18915,25,21
timeStep,numberOfRobotsOnBlackSite,numberOfRobotsOnWhiteSite
18916,25,21
timeStep,numberOfRobotsOnBlackSite,numberOfRobotsOnWhiteSite
18917,25,21
timeStep,numberOfRobotsOnBlackSite,numberOfRobotsOnWhiteSite
18918,25,21
timeStep,numberOfRobotsOnBlackSite,numberOfRobotsOnWhiteSite
18919,25,21
timeStep,numberOfRobotsOnBlackSite,numberOfRobotsOnWhiteSite
18920,25,21
timeStep,numberOfRobotsOnBlackSite,numberOfRobotsOnWhiteSite
18921,25,21
timeStep,numberOfRobotsOnBlackSite,numberOfRobotsOnWhiteSite
18922,25,21
timeStep,numberOfRobotsOnBlackSite,numberOfRobotsOnWhiteSite
18923,25,21
timeStep,numberOfRobotsOnBlackSite,numberOfRobotsOnWhiteSite
18924,25,21
timeStep,numberOfRobotsOnBlackSite,numberOfRobotsOnWhiteSite
18925,25,21
timeStep,numberOfRobotsOnBlackSite,numberOfRobotsOnWhiteSite
18926,25,21
timeStep,numberOfRobotsOnBlackSite,numberOfRobotsOnWhiteSite
18927,25,21
timeStep,numberOfRobotsOnBlackSite,numberOfRobotsOnWhiteSite
18928,25,21
timeStep,numberOfRobotsOnBlackSite,numberOfRobotsOnWhiteSite
18929,25,21
timeStep,numberOfRobotsOnBlackSite,numberOfRobotsOnWhiteSite
18930,25,21
timeStep,numberOfRobotsOnBlackSite,numberOfRobotsOnWhiteSite
18931,25,21
timeStep,numberOfRobotsOnBlackSite,numberOfRobotsOnWhiteSite
18932,25,21
timeStep,numberOfRobotsOnBlackSite,numberOfRobotsOnWhiteSite
18933,25,21
timeStep,numberOfRobotsOnBlackSite,numberOfRobotsOnWhiteSite
18934,25,21
timeStep,numberOfRobotsOnBlackSite,numberOfRobotsOnWhiteSite
18935,25,20
timeStep,numberOfRobotsOnBlackSite,numberOfRobotsOnWhiteSite
18936,25,20
timeStep,numberOfRobotsOnBlackSite,numberOfRobotsOnWhiteSite
18937,25,20
timeStep,numberOfRobotsOnBlackSite,numberOfRobotsOnWhiteSite
18938,25,20
timeStep,numberOfRobotsOnBlackSite,numberOfRobotsOnWhiteSite
18939,25,20
timeStep,numberOfRobotsOnBlackSite,numberOfRobotsOnWhiteSite
18940,25,20
timeStep,numberOfRobotsOnBlackSite,numberOfRobotsOnWhiteSite
18941,25,20
timeStep,numberOfRobotsOnBlackSite,numberOfRobotsOnWhiteSite
18942,25,20
timeStep,numberOfRobotsOnBlackSite,numberOfRobotsOnWhiteSite
18943,25,20
timeStep,numberOfRobotsOnBlackSite,numberOfRobotsOnWhiteSite
18944,25,20
timeStep,numberOfRobotsOnBlackSite,numberOfRobotsOnWhiteSite
18945,25,20
timeStep,numberOfRobotsOnBlackSite,numberOfRobotsOnWhiteSite
18946,25,20
timeStep,numberOfRobotsOnBlackSite,numberOfRobotsOnWhiteSite
18947,25,20
timeStep,numberOfRobotsOnBlackSite,numberOfRobotsOnWhiteSite
18948,25,20
timeStep,numberOfRobotsOnBlackSite,numberOfRobotsOnWhiteSite
18949,25,20
timeStep,numberOfRobotsOnBlackSite,numberOfRobotsOnWhiteSite
18950,25,20
timeStep,numberOfRobotsOnBlackSite,numberOfRobotsOnWhiteSite
18951,25,20
timeStep,numberOfRobotsOnBlackSite,numberOfRobotsOnWhiteSite
18952,25,20
timeStep,numberOfRobotsOnBlackSite,numberOfRobotsOnWhiteSite
18953,25,20
timeStep,numberOfRobotsOnBlackSite,numberOfRobotsOnWhiteSite
18954,25,20
timeStep,numberOfRobotsOnBlackSite,numberOfRobotsOnWhiteSite
18955,26,20
timeStep,numberOfRobotsOnBlackSite,numberOfRobotsOnWhiteSite
18956,26,20
timeStep,numberOfRobotsOnBlackSite,numberOfRobotsOnWhiteSite
18957,26,20
timeStep,numberOfRobotsOnBlackSite,numberOfRobotsOnWhiteSite
18958,26,20
timeStep,numberOfRobotsOnBlackSite,numberOfRobotsOnWhiteSite
18959,26,20
timeStep,numberOfRobotsOnBlackSite,numberOfRobotsOnWhiteSite
18960,26,20
timeStep,numberOfRobotsOnBlackSite,numberOfRobotsOnWhiteSite
18961,26,20
timeStep,numberOfRobotsOnBlackSite,numberOfRobotsOnWhiteSite
18962,26,20
timeStep,numberOfRobotsOnBlackSite,numberOfRobotsOnWhiteSite
18963,26,20
timeStep,numberOfRobotsOnBlackSite,numberOfRobotsOnWhiteSite
18964,26,20
timeStep,numberOfRobotsOnBlackSite,numberOfRobotsOnWhiteSite
18965,26,21
timeStep,numberOfRobotsOnBlackSite,numberOfRobotsOnWhiteSite
18966,26,21
timeStep,numberOfRobotsOnBlackSite,numberOfRobotsOnWhiteSite
18967,26,21
timeStep,numberOfRobotsOnBlackSite,numberOfRobotsOnWhiteSite
18968,26,21
timeStep,numberOfRobotsOnBlackSite,numberOfRobotsOnWhiteSite
18969,26,21
timeStep,numberOfRobotsOnBlackSite,numberOfRobotsOnWhiteSite
18970,26,20
timeStep,numberOfRobotsOnBlackSite,numberOfRobotsOnWhiteSite
18971,26,20
timeStep,numberOfRobotsOnBlackSite,numberOfRobotsOnWhiteSite
18972,26,20
timeStep,numberOfRobotsOnBlackSite,numberOfRobotsOnWhiteSite
18973,26,20
timeStep,numberOfRobotsOnBlackSite,numberOfRobotsOnWhiteSite
18974,26,20
timeStep,numberOfRobotsOnBlackSite,numberOfRobotsOnWhiteSite
18975,26,20
timeStep,numberOfRobotsOnBlackSite,numberOfRobotsOnWhiteSite
18976,26,20
timeStep,numberOfRobotsOnBlackSite,numberOfRobotsOnWhiteSite
18977,26,20
timeStep,numberOfRobotsOnBlackSite,numberOfRobotsOnWhiteSite
18978,26,20
timeStep,numberOfRobotsOnBlackSite,numberOfRobotsOnWhiteSite
18979,26,20
timeStep,numberOfRobotsOnBlackSite,numberOfRobotsOnWhiteSite
18980,26,20
timeStep,numberOfRobotsOnBlackSite,numberOfRobotsOnWhiteSite
18981,26,20
timeStep,numberOfRobotsOnBlackSite,numberOfRobotsOnWhiteSite
18982,26,20
timeStep,numberOfRobotsOnBlackSite,numberOfRobotsOnWhiteSite
18983,26,20
timeStep,numberOfRobotsOnBlackSite,numberOfRobotsOnWhiteSite
18984,26,20
timeStep,numberOfRobotsOnBlackSite,numberOfRobotsOnWhiteSite
18985,26,20
timeStep,numberOfRobotsOnBlackSite,numberOfRobotsOnWhiteSite
18986,26,20
timeStep,numberOfRobotsOnBlackSite,numberOfRobotsOnWhiteSite
18987,26,20
timeStep,numberOfRobotsOnBlackSite,numberOfRobotsOnWhiteSite
18988,26,20
timeStep,numberOfRobotsOnBlackSite,numberOfRobotsOnWhiteSite
18989,26,20
timeStep,numberOfRobotsOnBlackSite,numberOfRobotsOnWhiteSite
18990,26,20
timeStep,numberOfRobotsOnBlackSite,numberOfRobotsOnWhiteSite
18991,26,20
timeStep,numberOfRobotsOnBlackSite,numberOfRobotsOnWhiteSite
18992,26,20
timeStep,numberOfRobotsOnBlackSite,numberOfRobotsOnWhiteSite
18993,26,20
timeStep,numberOfRobotsOnBlackSite,numberOfRobotsOnWhiteSite
18994,26,20
timeStep,numberOfRobotsOnBlackSite,numberOfRobotsOnWhiteSite
18995,26,20
timeStep,numberOfRobotsOnBlackSite,numberOfRobotsOnWhiteSite
18996,26,20
timeStep,numberOfRobotsOnBlackSite,numberOfRobotsOnWhiteSite
18997,26,20
timeStep,numberOfRobotsOnBlackSite,numberOfRobotsOnWhiteSite
18998,26,20
timeStep,numberOfRobotsOnBlackSite,numberOfRobotsOnWhiteSite
18999,26,20
timeStep,numberOfRobotsOnBlackSite,numberOfRobotsOnWhiteSite
19000,26,20
timeStep,numberOfRobotsOnBlackSite,numberOfRobotsOnWhiteSite
19001,26,20
timeStep,numberOfRobotsOnBlackSite,numberOfRobotsOnWhiteSite
19002,26,20
timeStep,numberOfRobotsOnBlackSite,numberOfRobotsOnWhiteSite
19003,26,20
timeStep,numberOfRobotsOnBlackSite,numberOfRobotsOnWhiteSite
19004,26,20
timeStep,numberOfRobotsOnBlackSite,numberOfRobotsOnWhiteSite
19005,25,20
timeStep,numberOfRobotsOnBlackSite,numberOfRobotsOnWhiteSite
19006,25,20
timeStep,numberOfRobotsOnBlackSite,numberOfRobotsOnWhiteSite
19007,25,20
timeStep,numberOfRobotsOnBlackSite,numberOfRobotsOnWhiteSite
19008,25,20
timeStep,numberOfRobotsOnBlackSite,numberOfRobotsOnWhiteSite
19009,25,20
timeStep,numberOfRobotsOnBlackSite,numberOfRobotsOnWhiteSite
19010,25,20
timeStep,numberOfRobotsOnBlackSite,numberOfRobotsOnWhiteSite
19011,25,20
timeStep,numberOfRobotsOnBlackSite,numberOfRobotsOnWhiteSite
19012,25,20
timeStep,numberOfRobotsOnBlackSite,numberOfRobotsOnWhiteSite
19013,25,20
timeStep,numberOfRobotsOnBlackSite,numberOfRobotsOnWhiteSite
19014,25,20
timeStep,numberOfRobotsOnBlackSite,numberOfRobotsOnWhiteSite
19015,25,21
timeStep,numberOfRobotsOnBlackSite,numberOfRobotsOnWhiteSite
19016,25,21
timeStep,numberOfRobotsOnBlackSite,numberOfRobotsOnWhiteSite
19017,25,21
timeStep,numberOfRobotsOnBlackSite,numberOfRobotsOnWhiteSite
19018,25,21
timeStep,numberOfRobotsOnBlackSite,numberOfRobotsOnWhiteSite
19019,25,21
timeStep,numberOfRobotsOnBlackSite,numberOfRobotsOnWhiteSite
19020,25,21
timeStep,numberOfRobotsOnBlackSite,numberOfRobotsOnWhiteSite
19021,25,21
timeStep,numberOfRobotsOnBlackSite,numberOfRobotsOnWhiteSite
19022,25,21
timeStep,numberOfRobotsOnBlackSite,numberOfRobotsOnWhiteSite
19023,25,21
timeStep,numberOfRobotsOnBlackSite,numberOfRobotsOnWhiteSite
19024,25,21
timeStep,numberOfRobotsOnBlackSite,numberOfRobotsOnWhiteSite
19025,25,21
timeStep,numberOfRobotsOnBlackSite,numberOfRobotsOnWhiteSite
19026,25,21
timeStep,numberOfRobotsOnBlackSite,numberOfRobotsOnWhiteSite
19027,25,21
timeStep,numberOfRobotsOnBlackSite,numberOfRobotsOnWhiteSite
19028,25,21
timeStep,numberOfRobotsOnBlackSite,numberOfRobotsOnWhiteSite
19029,25,21
timeStep,numberOfRobotsOnBlackSite,numberOfRobotsOnWhiteSite
19030,25,21
timeStep,numberOfRobotsOnBlackSite,numberOfRobotsOnWhiteSite
19031,25,21
timeStep,numberOfRobotsOnBlackSite,numberOfRobotsOnWhiteSite
19032,25,21
timeStep,numberOfRobotsOnBlackSite,numberOfRobotsOnWhiteSite
19033,25,21
timeStep,numberOfRobotsOnBlackSite,numberOfRobotsOnWhiteSite
19034,25,21
timeStep,numberOfRobotsOnBlackSite,numberOfRobotsOnWhiteSite
19035,25,20
timeStep,numberOfRobotsOnBlackSite,numberOfRobotsOnWhiteSite
19036,25,20
timeStep,numberOfRobotsOnBlackSite,numberOfRobotsOnWhiteSite
19037,25,20
timeStep,numberOfRobotsOnBlackSite,numberOfRobotsOnWhiteSite
19038,25,20
timeStep,numberOfRobotsOnBlackSite,numberOfRobotsOnWhiteSite
19039,25,20
timeStep,numberOfRobotsOnBlackSite,numberOfRobotsOnWhiteSite
19040,25,20
timeStep,numberOfRobotsOnBlackSite,numberOfRobotsOnWhiteSite
19041,25,20
timeStep,numberOfRobotsOnBlackSite,numberOfRobotsOnWhiteSite
19042,25,20
timeStep,numberOfRobotsOnBlackSite,numberOfRobotsOnWhiteSite
19043,25,20
timeStep,numberOfRobotsOnBlackSite,numberOfRobotsOnWhiteSite
19044,25,20
timeStep,numberOfRobotsOnBlackSite,numberOfRobotsOnWhiteSite
19045,25,20
timeStep,numberOfRobotsOnBlackSite,numberOfRobotsOnWhiteSite
19046,25,20
timeStep,numberOfRobotsOnBlackSite,numberOfRobotsOnWhiteSite
19047,25,20
timeStep,numberOfRobotsOnBlackSite,numberOfRobotsOnWhiteSite
19048,25,20
timeStep,numberOfRobotsOnBlackSite,numberOfRobotsOnWhiteSite
19049,25,20
timeStep,numberOfRobotsOnBlackSite,numberOfRobotsOnWhiteSite
19050,25,20
timeStep,numberOfRobotsOnBlackSite,numberOfRobotsOnWhiteSite
19051,25,20
timeStep,numberOfRobotsOnBlackSite,numberOfRobotsOnWhiteSite
19052,25,20
timeStep,numberOfRobotsOnBlackSite,numberOfRobotsOnWhiteSite
19053,25,20
timeStep,numberOfRobotsOnBlackSite,numberOfRobotsOnWhiteSite
19054,25,20
timeStep,numberOfRobotsOnBlackSite,numberOfRobotsOnWhiteSite
19055,25,20
timeStep,numberOfRobotsOnBlackSite,numberOfRobotsOnWhiteSite
19056,25,20
timeStep,numberOfRobotsOnBlackSite,numberOfRobotsOnWhiteSite
19057,25,20
timeStep,numberOfRobotsOnBlackSite,numberOfRobotsOnWhiteSite
19058,25,20
timeStep,numberOfRobotsOnBlackSite,numberOfRobotsOnWhiteSite
19059,25,20
timeStep,numberOfRobotsOnBlackSite,numberOfRobotsOnWhiteSite
19060,25,20
timeStep,numberOfRobotsOnBlackSite,numberOfRobotsOnWhiteSite
19061,25,20
timeStep,numberOfRobotsOnBlackSite,numberOfRobotsOnWhiteSite
19062,25,20
timeStep,numberOfRobotsOnBlackSite,numberOfRobotsOnWhiteSite
19063,25,20
timeStep,numberOfRobotsOnBlackSite,numberOfRobotsOnWhiteSite
19064,25,20
timeStep,numberOfRobotsOnBlackSite,numberOfRobotsOnWhiteSite
19065,25,20
timeStep,numberOfRobotsOnBlackSite,numberOfRobotsOnWhiteSite
19066,25,20
timeStep,numberOfRobotsOnBlackSite,numberOfRobotsOnWhiteSite
19067,25,20
timeStep,numberOfRobotsOnBlackSite,numberOfRobotsOnWhiteSite
19068,25,20
timeStep,numberOfRobotsOnBlackSite,numberOfRobotsOnWhiteSite
19069,25,20
timeStep,numberOfRobotsOnBlackSite,numberOfRobotsOnWhiteSite
19070,25,20
timeStep,numberOfRobotsOnBlackSite,numberOfRobotsOnWhiteSite
19071,25,20
timeStep,numberOfRobotsOnBlackSite,numberOfRobotsOnWhiteSite
19072,25,20
timeStep,numberOfRobotsOnBlackSite,numberOfRobotsOnWhiteSite
19073,25,20
timeStep,numberOfRobotsOnBlackSite,numberOfRobotsOnWhiteSite
19074,25,20
timeStep,numberOfRobotsOnBlackSite,numberOfRobotsOnWhiteSite
19075,25,20
timeStep,numberOfRobotsOnBlackSite,numberOfRobotsOnWhiteSite
19076,25,20
timeStep,numberOfRobotsOnBlackSite,numberOfRobotsOnWhiteSite
19077,25,20
timeStep,numberOfRobotsOnBlackSite,numberOfRobotsOnWhiteSite
19078,25,20
timeStep,numberOfRobotsOnBlackSite,numberOfRobotsOnWhiteSite
19079,25,20
timeStep,numberOfRobotsOnBlackSite,numberOfRobotsOnWhiteSite
19080,25,20
timeStep,numberOfRobotsOnBlackSite,numberOfRobotsOnWhiteSite
19081,25,20
timeStep,numberOfRobotsOnBlackSite,numberOfRobotsOnWhiteSite
19082,25,20
timeStep,numberOfRobotsOnBlackSite,numberOfRobotsOnWhiteSite
19083,25,20
timeStep,numberOfRobotsOnBlackSite,numberOfRobotsOnWhiteSite
19084,25,20
timeStep,numberOfRobotsOnBlackSite,numberOfRobotsOnWhiteSite
19085,25,20
timeStep,numberOfRobotsOnBlackSite,numberOfRobotsOnWhiteSite
19086,25,20
timeStep,numberOfRobotsOnBlackSite,numberOfRobotsOnWhiteSite
19087,25,20
timeStep,numberOfRobotsOnBlackSite,numberOfRobotsOnWhiteSite
19088,25,20
timeStep,numberOfRobotsOnBlackSite,numberOfRobotsOnWhiteSite
19089,25,20
timeStep,numberOfRobotsOnBlackSite,numberOfRobotsOnWhiteSite
19090,25,20
timeStep,numberOfRobotsOnBlackSite,numberOfRobotsOnWhiteSite
19091,25,20
timeStep,numberOfRobotsOnBlackSite,numberOfRobotsOnWhiteSite
19092,25,20
timeStep,numberOfRobotsOnBlackSite,numberOfRobotsOnWhiteSite
19093,25,20
timeStep,numberOfRobotsOnBlackSite,numberOfRobotsOnWhiteSite
19094,25,20
timeStep,numberOfRobotsOnBlackSite,numberOfRobotsOnWhiteSite
19095,25,20
timeStep,numberOfRobotsOnBlackSite,numberOfRobotsOnWhiteSite
19096,25,20
timeStep,numberOfRobotsOnBlackSite,numberOfRobotsOnWhiteSite
19097,25,20
timeStep,numberOfRobotsOnBlackSite,numberOfRobotsOnWhiteSite
19098,25,20
timeStep,numberOfRobotsOnBlackSite,numberOfRobotsOnWhiteSite
19099,25,20
timeStep,numberOfRobotsOnBlackSite,numberOfRobotsOnWhiteSite
19100,25,20
timeStep,numberOfRobotsOnBlackSite,numberOfRobotsOnWhiteSite
19101,25,20
timeStep,numberOfRobotsOnBlackSite,numberOfRobotsOnWhiteSite
19102,25,20
timeStep,numberOfRobotsOnBlackSite,numberOfRobotsOnWhiteSite
19103,25,20
timeStep,numberOfRobotsOnBlackSite,numberOfRobotsOnWhiteSite
19104,25,20
timeStep,numberOfRobotsOnBlackSite,numberOfRobotsOnWhiteSite
19105,25,20
timeStep,numberOfRobotsOnBlackSite,numberOfRobotsOnWhiteSite
19106,25,20
timeStep,numberOfRobotsOnBlackSite,numberOfRobotsOnWhiteSite
19107,25,20
timeStep,numberOfRobotsOnBlackSite,numberOfRobotsOnWhiteSite
19108,25,20
timeStep,numberOfRobotsOnBlackSite,numberOfRobotsOnWhiteSite
19109,25,20
timeStep,numberOfRobotsOnBlackSite,numberOfRobotsOnWhiteSite
19110,25,20
timeStep,numberOfRobotsOnBlackSite,numberOfRobotsOnWhiteSite
19111,25,20
timeStep,numberOfRobotsOnBlackSite,numberOfRobotsOnWhiteSite
19112,25,20
timeStep,numberOfRobotsOnBlackSite,numberOfRobotsOnWhiteSite
19113,25,20
timeStep,numberOfRobotsOnBlackSite,numberOfRobotsOnWhiteSite
19114,25,20
timeStep,numberOfRobotsOnBlackSite,numberOfRobotsOnWhiteSite
19115,25,20
timeStep,numberOfRobotsOnBlackSite,numberOfRobotsOnWhiteSite
19116,25,20
timeStep,numberOfRobotsOnBlackSite,numberOfRobotsOnWhiteSite
19117,25,20
timeStep,numberOfRobotsOnBlackSite,numberOfRobotsOnWhiteSite
19118,25,20
timeStep,numberOfRobotsOnBlackSite,numberOfRobotsOnWhiteSite
19119,25,20
timeStep,numberOfRobotsOnBlackSite,numberOfRobotsOnWhiteSite
19120,25,20
timeStep,numberOfRobotsOnBlackSite,numberOfRobotsOnWhiteSite
19121,25,20
timeStep,numberOfRobotsOnBlackSite,numberOfRobotsOnWhiteSite
19122,25,20
timeStep,numberOfRobotsOnBlackSite,numberOfRobotsOnWhiteSite
19123,25,20
timeStep,numberOfRobotsOnBlackSite,numberOfRobotsOnWhiteSite
19124,25,20
timeStep,numberOfRobotsOnBlackSite,numberOfRobotsOnWhiteSite
19125,25,20
timeStep,numberOfRobotsOnBlackSite,numberOfRobotsOnWhiteSite
19126,25,20
timeStep,numberOfRobotsOnBlackSite,numberOfRobotsOnWhiteSite
19127,25,20
timeStep,numberOfRobotsOnBlackSite,numberOfRobotsOnWhiteSite
19128,25,20
timeStep,numberOfRobotsOnBlackSite,numberOfRobotsOnWhiteSite
19129,25,20
timeStep,numberOfRobotsOnBlackSite,numberOfRobotsOnWhiteSite
19130,25,20
timeStep,numberOfRobotsOnBlackSite,numberOfRobotsOnWhiteSite
19131,25,20
timeStep,numberOfRobotsOnBlackSite,numberOfRobotsOnWhiteSite
19132,25,20
timeStep,numberOfRobotsOnBlackSite,numberOfRobotsOnWhiteSite
19133,25,20
timeStep,numberOfRobotsOnBlackSite,numberOfRobotsOnWhiteSite
19134,25,20
timeStep,numberOfRobotsOnBlackSite,numberOfRobotsOnWhiteSite
19135,25,20
timeStep,numberOfRobotsOnBlackSite,numberOfRobotsOnWhiteSite
19136,25,20
timeStep,numberOfRobotsOnBlackSite,numberOfRobotsOnWhiteSite
19137,25,20
timeStep,numberOfRobotsOnBlackSite,numberOfRobotsOnWhiteSite
19138,25,20
timeStep,numberOfRobotsOnBlackSite,numberOfRobotsOnWhiteSite
19139,25,20
timeStep,numberOfRobotsOnBlackSite,numberOfRobotsOnWhiteSite
19140,25,20
timeStep,numberOfRobotsOnBlackSite,numberOfRobotsOnWhiteSite
19141,25,20
timeStep,numberOfRobotsOnBlackSite,numberOfRobotsOnWhiteSite
19142,25,20
timeStep,numberOfRobotsOnBlackSite,numberOfRobotsOnWhiteSite
19143,25,20
timeStep,numberOfRobotsOnBlackSite,numberOfRobotsOnWhiteSite
19144,25,20
timeStep,numberOfRobotsOnBlackSite,numberOfRobotsOnWhiteSite
19145,25,20
timeStep,numberOfRobotsOnBlackSite,numberOfRobotsOnWhiteSite
19146,25,20
timeStep,numberOfRobotsOnBlackSite,numberOfRobotsOnWhiteSite
19147,25,20
timeStep,numberOfRobotsOnBlackSite,numberOfRobotsOnWhiteSite
19148,25,20
timeStep,numberOfRobotsOnBlackSite,numberOfRobotsOnWhiteSite
19149,25,20
timeStep,numberOfRobotsOnBlackSite,numberOfRobotsOnWhiteSite
19150,24,20
timeStep,numberOfRobotsOnBlackSite,numberOfRobotsOnWhiteSite
19151,24,20
timeStep,numberOfRobotsOnBlackSite,numberOfRobotsOnWhiteSite
19152,24,20
timeStep,numberOfRobotsOnBlackSite,numberOfRobotsOnWhiteSite
19153,24,20
timeStep,numberOfRobotsOnBlackSite,numberOfRobotsOnWhiteSite
19154,24,20
timeStep,numberOfRobotsOnBlackSite,numberOfRobotsOnWhiteSite
19155,24,20
timeStep,numberOfRobotsOnBlackSite,numberOfRobotsOnWhiteSite
19156,24,20
timeStep,numberOfRobotsOnBlackSite,numberOfRobotsOnWhiteSite
19157,24,20
timeStep,numberOfRobotsOnBlackSite,numberOfRobotsOnWhiteSite
19158,24,20
timeStep,numberOfRobotsOnBlackSite,numberOfRobotsOnWhiteSite
19159,24,20
timeStep,numberOfRobotsOnBlackSite,numberOfRobotsOnWhiteSite
19160,24,20
timeStep,numberOfRobotsOnBlackSite,numberOfRobotsOnWhiteSite
19161,24,20
timeStep,numberOfRobotsOnBlackSite,numberOfRobotsOnWhiteSite
19162,24,20
timeStep,numberOfRobotsOnBlackSite,numberOfRobotsOnWhiteSite
19163,24,20
timeStep,numberOfRobotsOnBlackSite,numberOfRobotsOnWhiteSite
19164,24,20
timeStep,numberOfRobotsOnBlackSite,numberOfRobotsOnWhiteSite
19165,25,20
timeStep,numberOfRobotsOnBlackSite,numberOfRobotsOnWhiteSite
19166,25,20
timeStep,numberOfRobotsOnBlackSite,numberOfRobotsOnWhiteSite
19167,25,20
timeStep,numberOfRobotsOnBlackSite,numberOfRobotsOnWhiteSite
19168,25,20
timeStep,numberOfRobotsOnBlackSite,numberOfRobotsOnWhiteSite
19169,25,20
timeStep,numberOfRobotsOnBlackSite,numberOfRobotsOnWhiteSite
19170,23,20
timeStep,numberOfRobotsOnBlackSite,numberOfRobotsOnWhiteSite
19171,23,20
timeStep,numberOfRobotsOnBlackSite,numberOfRobotsOnWhiteSite
19172,23,20
timeStep,numberOfRobotsOnBlackSite,numberOfRobotsOnWhiteSite
19173,23,20
timeStep,numberOfRobotsOnBlackSite,numberOfRobotsOnWhiteSite
19174,23,20
timeStep,numberOfRobotsOnBlackSite,numberOfRobotsOnWhiteSite
19175,24,20
timeStep,numberOfRobotsOnBlackSite,numberOfRobotsOnWhiteSite
19176,24,20
timeStep,numberOfRobotsOnBlackSite,numberOfRobotsOnWhiteSite
19177,24,20
timeStep,numberOfRobotsOnBlackSite,numberOfRobotsOnWhiteSite
19178,24,20
timeStep,numberOfRobotsOnBlackSite,numberOfRobotsOnWhiteSite
19179,24,20
timeStep,numberOfRobotsOnBlackSite,numberOfRobotsOnWhiteSite
19180,24,20
timeStep,numberOfRobotsOnBlackSite,numberOfRobotsOnWhiteSite
19181,24,20
timeStep,numberOfRobotsOnBlackSite,numberOfRobotsOnWhiteSite
19182,24,20
timeStep,numberOfRobotsOnBlackSite,numberOfRobotsOnWhiteSite
19183,24,20
timeStep,numberOfRobotsOnBlackSite,numberOfRobotsOnWhiteSite
19184,24,20
timeStep,numberOfRobotsOnBlackSite,numberOfRobotsOnWhiteSite
19185,24,20
timeStep,numberOfRobotsOnBlackSite,numberOfRobotsOnWhiteSite
19186,24,20
timeStep,numberOfRobotsOnBlackSite,numberOfRobotsOnWhiteSite
19187,24,20
timeStep,numberOfRobotsOnBlackSite,numberOfRobotsOnWhiteSite
19188,24,20
timeStep,numberOfRobotsOnBlackSite,numberOfRobotsOnWhiteSite
19189,24,20
timeStep,numberOfRobotsOnBlackSite,numberOfRobotsOnWhiteSite
19190,24,20
timeStep,numberOfRobotsOnBlackSite,numberOfRobotsOnWhiteSite
19191,24,20
timeStep,numberOfRobotsOnBlackSite,numberOfRobotsOnWhiteSite
19192,24,20
timeStep,numberOfRobotsOnBlackSite,numberOfRobotsOnWhiteSite
19193,24,20
timeStep,numberOfRobotsOnBlackSite,numberOfRobotsOnWhiteSite
19194,24,20
timeStep,numberOfRobotsOnBlackSite,numberOfRobotsOnWhiteSite
19195,22,20
timeStep,numberOfRobotsOnBlackSite,numberOfRobotsOnWhiteSite
19196,22,20
timeStep,numberOfRobotsOnBlackSite,numberOfRobotsOnWhiteSite
19197,22,20
timeStep,numberOfRobotsOnBlackSite,numberOfRobotsOnWhiteSite
19198,22,20
timeStep,numberOfRobotsOnBlackSite,numberOfRobotsOnWhiteSite
19199,22,20
timeStep,numberOfRobotsOnBlackSite,numberOfRobotsOnWhiteSite
19200,22,20
timeStep,numberOfRobotsOnBlackSite,numberOfRobotsOnWhiteSite
19201,22,20
timeStep,numberOfRobotsOnBlackSite,numberOfRobotsOnWhiteSite
19202,22,20
timeStep,numberOfRobotsOnBlackSite,numberOfRobotsOnWhiteSite
19203,22,20
timeStep,numberOfRobotsOnBlackSite,numberOfRobotsOnWhiteSite
19204,22,20
timeStep,numberOfRobotsOnBlackSite,numberOfRobotsOnWhiteSite
19205,22,20
timeStep,numberOfRobotsOnBlackSite,numberOfRobotsOnWhiteSite
19206,22,20
timeStep,numberOfRobotsOnBlackSite,numberOfRobotsOnWhiteSite
19207,22,20
timeStep,numberOfRobotsOnBlackSite,numberOfRobotsOnWhiteSite
19208,22,20
timeStep,numberOfRobotsOnBlackSite,numberOfRobotsOnWhiteSite
19209,22,20
timeStep,numberOfRobotsOnBlackSite,numberOfRobotsOnWhiteSite
19210,23,20
timeStep,numberOfRobotsOnBlackSite,numberOfRobotsOnWhiteSite
19211,23,20
timeStep,numberOfRobotsOnBlackSite,numberOfRobotsOnWhiteSite
19212,23,20
timeStep,numberOfRobotsOnBlackSite,numberOfRobotsOnWhiteSite
19213,23,20
timeStep,numberOfRobotsOnBlackSite,numberOfRobotsOnWhiteSite
19214,23,20
timeStep,numberOfRobotsOnBlackSite,numberOfRobotsOnWhiteSite
19215,23,20
timeStep,numberOfRobotsOnBlackSite,numberOfRobotsOnWhiteSite
19216,23,20
timeStep,numberOfRobotsOnBlackSite,numberOfRobotsOnWhiteSite
19217,23,20
timeStep,numberOfRobotsOnBlackSite,numberOfRobotsOnWhiteSite
19218,23,20
timeStep,numberOfRobotsOnBlackSite,numberOfRobotsOnWhiteSite
19219,23,20
timeStep,numberOfRobotsOnBlackSite,numberOfRobotsOnWhiteSite
19220,23,20
timeStep,numberOfRobotsOnBlackSite,numberOfRobotsOnWhiteSite
19221,23,20
timeStep,numberOfRobotsOnBlackSite,numberOfRobotsOnWhiteSite
19222,23,20
timeStep,numberOfRobotsOnBlackSite,numberOfRobotsOnWhiteSite
19223,23,20
timeStep,numberOfRobotsOnBlackSite,numberOfRobotsOnWhiteSite
19224,23,20
timeStep,numberOfRobotsOnBlackSite,numberOfRobotsOnWhiteSite
19225,23,20
timeStep,numberOfRobotsOnBlackSite,numberOfRobotsOnWhiteSite
19226,23,20
timeStep,numberOfRobotsOnBlackSite,numberOfRobotsOnWhiteSite
19227,23,20
timeStep,numberOfRobotsOnBlackSite,numberOfRobotsOnWhiteSite
19228,23,20
timeStep,numberOfRobotsOnBlackSite,numberOfRobotsOnWhiteSite
19229,23,20
timeStep,numberOfRobotsOnBlackSite,numberOfRobotsOnWhiteSite
19230,22,20
timeStep,numberOfRobotsOnBlackSite,numberOfRobotsOnWhiteSite
19231,22,20
timeStep,numberOfRobotsOnBlackSite,numberOfRobotsOnWhiteSite
19232,22,20
timeStep,numberOfRobotsOnBlackSite,numberOfRobotsOnWhiteSite
19233,22,20
timeStep,numberOfRobotsOnBlackSite,numberOfRobotsOnWhiteSite
19234,22,20
timeStep,numberOfRobotsOnBlackSite,numberOfRobotsOnWhiteSite
19235,23,20
timeStep,numberOfRobotsOnBlackSite,numberOfRobotsOnWhiteSite
19236,23,20
timeStep,numberOfRobotsOnBlackSite,numberOfRobotsOnWhiteSite
19237,23,20
timeStep,numberOfRobotsOnBlackSite,numberOfRobotsOnWhiteSite
19238,23,20
timeStep,numberOfRobotsOnBlackSite,numberOfRobotsOnWhiteSite
19239,23,20
timeStep,numberOfRobotsOnBlackSite,numberOfRobotsOnWhiteSite
19240,23,20
timeStep,numberOfRobotsOnBlackSite,numberOfRobotsOnWhiteSite
19241,23,20
timeStep,numberOfRobotsOnBlackSite,numberOfRobotsOnWhiteSite
19242,23,20
timeStep,numberOfRobotsOnBlackSite,numberOfRobotsOnWhiteSite
19243,23,20
timeStep,numberOfRobotsOnBlackSite,numberOfRobotsOnWhiteSite
19244,23,20
timeStep,numberOfRobotsOnBlackSite,numberOfRobotsOnWhiteSite
19245,23,20
timeStep,numberOfRobotsOnBlackSite,numberOfRobotsOnWhiteSite
19246,23,20
timeStep,numberOfRobotsOnBlackSite,numberOfRobotsOnWhiteSite
19247,23,20
timeStep,numberOfRobotsOnBlackSite,numberOfRobotsOnWhiteSite
19248,23,20
timeStep,numberOfRobotsOnBlackSite,numberOfRobotsOnWhiteSite
19249,23,20
timeStep,numberOfRobotsOnBlackSite,numberOfRobotsOnWhiteSite
19250,23,20
timeStep,numberOfRobotsOnBlackSite,numberOfRobotsOnWhiteSite
19251,23,20
timeStep,numberOfRobotsOnBlackSite,numberOfRobotsOnWhiteSite
19252,23,20
timeStep,numberOfRobotsOnBlackSite,numberOfRobotsOnWhiteSite
19253,23,20
timeStep,numberOfRobotsOnBlackSite,numberOfRobotsOnWhiteSite
19254,23,20
timeStep,numberOfRobotsOnBlackSite,numberOfRobotsOnWhiteSite
19255,23,20
timeStep,numberOfRobotsOnBlackSite,numberOfRobotsOnWhiteSite
19256,23,20
timeStep,numberOfRobotsOnBlackSite,numberOfRobotsOnWhiteSite
19257,23,20
timeStep,numberOfRobotsOnBlackSite,numberOfRobotsOnWhiteSite
19258,23,20
timeStep,numberOfRobotsOnBlackSite,numberOfRobotsOnWhiteSite
19259,23,20
timeStep,numberOfRobotsOnBlackSite,numberOfRobotsOnWhiteSite
19260,23,20
timeStep,numberOfRobotsOnBlackSite,numberOfRobotsOnWhiteSite
19261,23,20
timeStep,numberOfRobotsOnBlackSite,numberOfRobotsOnWhiteSite
19262,23,20
timeStep,numberOfRobotsOnBlackSite,numberOfRobotsOnWhiteSite
19263,23,20
timeStep,numberOfRobotsOnBlackSite,numberOfRobotsOnWhiteSite
19264,23,20
timeStep,numberOfRobotsOnBlackSite,numberOfRobotsOnWhiteSite
19265,23,20
timeStep,numberOfRobotsOnBlackSite,numberOfRobotsOnWhiteSite
19266,23,20
timeStep,numberOfRobotsOnBlackSite,numberOfRobotsOnWhiteSite
19267,23,20
timeStep,numberOfRobotsOnBlackSite,numberOfRobotsOnWhiteSite
19268,23,20
timeStep,numberOfRobotsOnBlackSite,numberOfRobotsOnWhiteSite
19269,23,20
timeStep,numberOfRobotsOnBlackSite,numberOfRobotsOnWhiteSite
19270,23,20
timeStep,numberOfRobotsOnBlackSite,numberOfRobotsOnWhiteSite
19271,23,20
timeStep,numberOfRobotsOnBlackSite,numberOfRobotsOnWhiteSite
19272,23,20
timeStep,numberOfRobotsOnBlackSite,numberOfRobotsOnWhiteSite
19273,23,20
timeStep,numberOfRobotsOnBlackSite,numberOfRobotsOnWhiteSite
19274,23,20
timeStep,numberOfRobotsOnBlackSite,numberOfRobotsOnWhiteSite
19275,23,20
timeStep,numberOfRobotsOnBlackSite,numberOfRobotsOnWhiteSite
19276,23,20
timeStep,numberOfRobotsOnBlackSite,numberOfRobotsOnWhiteSite
19277,23,20
timeStep,numberOfRobotsOnBlackSite,numberOfRobotsOnWhiteSite
19278,23,20
timeStep,numberOfRobotsOnBlackSite,numberOfRobotsOnWhiteSite
19279,23,20
timeStep,numberOfRobotsOnBlackSite,numberOfRobotsOnWhiteSite
19280,23,20
timeStep,numberOfRobotsOnBlackSite,numberOfRobotsOnWhiteSite
19281,23,20
timeStep,numberOfRobotsOnBlackSite,numberOfRobotsOnWhiteSite
19282,23,20
timeStep,numberOfRobotsOnBlackSite,numberOfRobotsOnWhiteSite
19283,23,20
timeStep,numberOfRobotsOnBlackSite,numberOfRobotsOnWhiteSite
19284,23,20
timeStep,numberOfRobotsOnBlackSite,numberOfRobotsOnWhiteSite
19285,23,20
timeStep,numberOfRobotsOnBlackSite,numberOfRobotsOnWhiteSite
19286,23,20
timeStep,numberOfRobotsOnBlackSite,numberOfRobotsOnWhiteSite
19287,23,20
timeStep,numberOfRobotsOnBlackSite,numberOfRobotsOnWhiteSite
19288,23,20
timeStep,numberOfRobotsOnBlackSite,numberOfRobotsOnWhiteSite
19289,23,20
timeStep,numberOfRobotsOnBlackSite,numberOfRobotsOnWhiteSite
19290,23,20
timeStep,numberOfRobotsOnBlackSite,numberOfRobotsOnWhiteSite
19291,23,20
timeStep,numberOfRobotsOnBlackSite,numberOfRobotsOnWhiteSite
19292,23,20
timeStep,numberOfRobotsOnBlackSite,numberOfRobotsOnWhiteSite
19293,23,20
timeStep,numberOfRobotsOnBlackSite,numberOfRobotsOnWhiteSite
19294,23,20
timeStep,numberOfRobotsOnBlackSite,numberOfRobotsOnWhiteSite
19295,23,20
timeStep,numberOfRobotsOnBlackSite,numberOfRobotsOnWhiteSite
19296,23,20
timeStep,numberOfRobotsOnBlackSite,numberOfRobotsOnWhiteSite
19297,23,20
timeStep,numberOfRobotsOnBlackSite,numberOfRobotsOnWhiteSite
19298,23,20
timeStep,numberOfRobotsOnBlackSite,numberOfRobotsOnWhiteSite
19299,23,20
timeStep,numberOfRobotsOnBlackSite,numberOfRobotsOnWhiteSite
19300,23,20
timeStep,numberOfRobotsOnBlackSite,numberOfRobotsOnWhiteSite
19301,23,20
timeStep,numberOfRobotsOnBlackSite,numberOfRobotsOnWhiteSite
19302,23,20
timeStep,numberOfRobotsOnBlackSite,numberOfRobotsOnWhiteSite
19303,23,20
timeStep,numberOfRobotsOnBlackSite,numberOfRobotsOnWhiteSite
19304,23,20
timeStep,numberOfRobotsOnBlackSite,numberOfRobotsOnWhiteSite
19305,22,20
timeStep,numberOfRobotsOnBlackSite,numberOfRobotsOnWhiteSite
19306,22,20
timeStep,numberOfRobotsOnBlackSite,numberOfRobotsOnWhiteSite
19307,22,20
timeStep,numberOfRobotsOnBlackSite,numberOfRobotsOnWhiteSite
19308,22,20
timeStep,numberOfRobotsOnBlackSite,numberOfRobotsOnWhiteSite
19309,22,20
timeStep,numberOfRobotsOnBlackSite,numberOfRobotsOnWhiteSite
19310,22,20
timeStep,numberOfRobotsOnBlackSite,numberOfRobotsOnWhiteSite
19311,22,20
timeStep,numberOfRobotsOnBlackSite,numberOfRobotsOnWhiteSite
19312,22,20
timeStep,numberOfRobotsOnBlackSite,numberOfRobotsOnWhiteSite
19313,22,20
timeStep,numberOfRobotsOnBlackSite,numberOfRobotsOnWhiteSite
19314,22,20
timeStep,numberOfRobotsOnBlackSite,numberOfRobotsOnWhiteSite
19315,22,20
timeStep,numberOfRobotsOnBlackSite,numberOfRobotsOnWhiteSite
19316,22,20
timeStep,numberOfRobotsOnBlackSite,numberOfRobotsOnWhiteSite
19317,22,20
timeStep,numberOfRobotsOnBlackSite,numberOfRobotsOnWhiteSite
19318,22,20
timeStep,numberOfRobotsOnBlackSite,numberOfRobotsOnWhiteSite
19319,22,20
timeStep,numberOfRobotsOnBlackSite,numberOfRobotsOnWhiteSite
19320,22,20
timeStep,numberOfRobotsOnBlackSite,numberOfRobotsOnWhiteSite
19321,22,20
timeStep,numberOfRobotsOnBlackSite,numberOfRobotsOnWhiteSite
19322,22,20
timeStep,numberOfRobotsOnBlackSite,numberOfRobotsOnWhiteSite
19323,22,20
timeStep,numberOfRobotsOnBlackSite,numberOfRobotsOnWhiteSite
19324,22,20
timeStep,numberOfRobotsOnBlackSite,numberOfRobotsOnWhiteSite
19325,22,20
timeStep,numberOfRobotsOnBlackSite,numberOfRobotsOnWhiteSite
19326,22,20
timeStep,numberOfRobotsOnBlackSite,numberOfRobotsOnWhiteSite
19327,22,20
timeStep,numberOfRobotsOnBlackSite,numberOfRobotsOnWhiteSite
19328,22,20
timeStep,numberOfRobotsOnBlackSite,numberOfRobotsOnWhiteSite
19329,22,20
timeStep,numberOfRobotsOnBlackSite,numberOfRobotsOnWhiteSite
19330,22,19
timeStep,numberOfRobotsOnBlackSite,numberOfRobotsOnWhiteSite
19331,22,19
timeStep,numberOfRobotsOnBlackSite,numberOfRobotsOnWhiteSite
19332,22,19
timeStep,numberOfRobotsOnBlackSite,numberOfRobotsOnWhiteSite
19333,22,19
timeStep,numberOfRobotsOnBlackSite,numberOfRobotsOnWhiteSite
19334,22,19
timeStep,numberOfRobotsOnBlackSite,numberOfRobotsOnWhiteSite
19335,22,19
timeStep,numberOfRobotsOnBlackSite,numberOfRobotsOnWhiteSite
19336,22,19
timeStep,numberOfRobotsOnBlackSite,numberOfRobotsOnWhiteSite
19337,22,19
timeStep,numberOfRobotsOnBlackSite,numberOfRobotsOnWhiteSite
19338,22,19
timeStep,numberOfRobotsOnBlackSite,numberOfRobotsOnWhiteSite
19339,22,19
timeStep,numberOfRobotsOnBlackSite,numberOfRobotsOnWhiteSite
19340,22,19
timeStep,numberOfRobotsOnBlackSite,numberOfRobotsOnWhiteSite
19341,22,19
timeStep,numberOfRobotsOnBlackSite,numberOfRobotsOnWhiteSite
19342,22,19
timeStep,numberOfRobotsOnBlackSite,numberOfRobotsOnWhiteSite
19343,22,19
timeStep,numberOfRobotsOnBlackSite,numberOfRobotsOnWhiteSite
19344,22,19
timeStep,numberOfRobotsOnBlackSite,numberOfRobotsOnWhiteSite
19345,22,19
timeStep,numberOfRobotsOnBlackSite,numberOfRobotsOnWhiteSite
19346,22,19
timeStep,numberOfRobotsOnBlackSite,numberOfRobotsOnWhiteSite
19347,22,19
timeStep,numberOfRobotsOnBlackSite,numberOfRobotsOnWhiteSite
19348,22,19
timeStep,numberOfRobotsOnBlackSite,numberOfRobotsOnWhiteSite
19349,22,19
timeStep,numberOfRobotsOnBlackSite,numberOfRobotsOnWhiteSite
19350,22,19
timeStep,numberOfRobotsOnBlackSite,numberOfRobotsOnWhiteSite
19351,22,19
timeStep,numberOfRobotsOnBlackSite,numberOfRobotsOnWhiteSite
19352,22,19
timeStep,numberOfRobotsOnBlackSite,numberOfRobotsOnWhiteSite
19353,22,19
timeStep,numberOfRobotsOnBlackSite,numberOfRobotsOnWhiteSite
19354,22,19
timeStep,numberOfRobotsOnBlackSite,numberOfRobotsOnWhiteSite
19355,22,19
timeStep,numberOfRobotsOnBlackSite,numberOfRobotsOnWhiteSite
19356,22,19
timeStep,numberOfRobotsOnBlackSite,numberOfRobotsOnWhiteSite
19357,22,19
timeStep,numberOfRobotsOnBlackSite,numberOfRobotsOnWhiteSite
19358,22,19
timeStep,numberOfRobotsOnBlackSite,numberOfRobotsOnWhiteSite
19359,22,19
timeStep,numberOfRobotsOnBlackSite,numberOfRobotsOnWhiteSite
19360,22,19
timeStep,numberOfRobotsOnBlackSite,numberOfRobotsOnWhiteSite
19361,22,19
timeStep,numberOfRobotsOnBlackSite,numberOfRobotsOnWhiteSite
19362,22,19
timeStep,numberOfRobotsOnBlackSite,numberOfRobotsOnWhiteSite
19363,22,19
timeStep,numberOfRobotsOnBlackSite,numberOfRobotsOnWhiteSite
19364,22,19
timeStep,numberOfRobotsOnBlackSite,numberOfRobotsOnWhiteSite
19365,22,19
timeStep,numberOfRobotsOnBlackSite,numberOfRobotsOnWhiteSite
19366,22,19
timeStep,numberOfRobotsOnBlackSite,numberOfRobotsOnWhiteSite
19367,22,19
timeStep,numberOfRobotsOnBlackSite,numberOfRobotsOnWhiteSite
19368,22,19
timeStep,numberOfRobotsOnBlackSite,numberOfRobotsOnWhiteSite
19369,22,19
timeStep,numberOfRobotsOnBlackSite,numberOfRobotsOnWhiteSite
19370,22,19
timeStep,numberOfRobotsOnBlackSite,numberOfRobotsOnWhiteSite
19371,22,19
timeStep,numberOfRobotsOnBlackSite,numberOfRobotsOnWhiteSite
19372,22,19
timeStep,numberOfRobotsOnBlackSite,numberOfRobotsOnWhiteSite
19373,22,19
timeStep,numberOfRobotsOnBlackSite,numberOfRobotsOnWhiteSite
19374,22,19
timeStep,numberOfRobotsOnBlackSite,numberOfRobotsOnWhiteSite
19375,22,19
timeStep,numberOfRobotsOnBlackSite,numberOfRobotsOnWhiteSite
19376,22,19
timeStep,numberOfRobotsOnBlackSite,numberOfRobotsOnWhiteSite
19377,22,19
timeStep,numberOfRobotsOnBlackSite,numberOfRobotsOnWhiteSite
19378,22,19
timeStep,numberOfRobotsOnBlackSite,numberOfRobotsOnWhiteSite
19379,22,19
timeStep,numberOfRobotsOnBlackSite,numberOfRobotsOnWhiteSite
19380,22,19
timeStep,numberOfRobotsOnBlackSite,numberOfRobotsOnWhiteSite
19381,22,19
timeStep,numberOfRobotsOnBlackSite,numberOfRobotsOnWhiteSite
19382,22,19
timeStep,numberOfRobotsOnBlackSite,numberOfRobotsOnWhiteSite
19383,22,19
timeStep,numberOfRobotsOnBlackSite,numberOfRobotsOnWhiteSite
19384,22,19
timeStep,numberOfRobotsOnBlackSite,numberOfRobotsOnWhiteSite
19385,22,19
timeStep,numberOfRobotsOnBlackSite,numberOfRobotsOnWhiteSite
19386,22,19
timeStep,numberOfRobotsOnBlackSite,numberOfRobotsOnWhiteSite
19387,22,19
timeStep,numberOfRobotsOnBlackSite,numberOfRobotsOnWhiteSite
19388,22,19
timeStep,numberOfRobotsOnBlackSite,numberOfRobotsOnWhiteSite
19389,22,19
timeStep,numberOfRobotsOnBlackSite,numberOfRobotsOnWhiteSite
19390,22,19
timeStep,numberOfRobotsOnBlackSite,numberOfRobotsOnWhiteSite
19391,22,19
timeStep,numberOfRobotsOnBlackSite,numberOfRobotsOnWhiteSite
19392,22,19
timeStep,numberOfRobotsOnBlackSite,numberOfRobotsOnWhiteSite
19393,22,19
timeStep,numberOfRobotsOnBlackSite,numberOfRobotsOnWhiteSite
19394,22,19
timeStep,numberOfRobotsOnBlackSite,numberOfRobotsOnWhiteSite
19395,22,19
timeStep,numberOfRobotsOnBlackSite,numberOfRobotsOnWhiteSite
19396,22,19
timeStep,numberOfRobotsOnBlackSite,numberOfRobotsOnWhiteSite
19397,22,19
timeStep,numberOfRobotsOnBlackSite,numberOfRobotsOnWhiteSite
19398,22,19
timeStep,numberOfRobotsOnBlackSite,numberOfRobotsOnWhiteSite
19399,22,19
timeStep,numberOfRobotsOnBlackSite,numberOfRobotsOnWhiteSite
19400,23,19
timeStep,numberOfRobotsOnBlackSite,numberOfRobotsOnWhiteSite
19401,23,19
timeStep,numberOfRobotsOnBlackSite,numberOfRobotsOnWhiteSite
19402,23,19
timeStep,numberOfRobotsOnBlackSite,numberOfRobotsOnWhiteSite
19403,23,19
timeStep,numberOfRobotsOnBlackSite,numberOfRobotsOnWhiteSite
19404,23,19
timeStep,numberOfRobotsOnBlackSite,numberOfRobotsOnWhiteSite
19405,23,19
timeStep,numberOfRobotsOnBlackSite,numberOfRobotsOnWhiteSite
19406,23,19
timeStep,numberOfRobotsOnBlackSite,numberOfRobotsOnWhiteSite
19407,23,19
timeStep,numberOfRobotsOnBlackSite,numberOfRobotsOnWhiteSite
19408,23,19
timeStep,numberOfRobotsOnBlackSite,numberOfRobotsOnWhiteSite
19409,23,19
timeStep,numberOfRobotsOnBlackSite,numberOfRobotsOnWhiteSite
19410,23,19
timeStep,numberOfRobotsOnBlackSite,numberOfRobotsOnWhiteSite
19411,23,19
timeStep,numberOfRobotsOnBlackSite,numberOfRobotsOnWhiteSite
19412,23,19
timeStep,numberOfRobotsOnBlackSite,numberOfRobotsOnWhiteSite
19413,23,19
timeStep,numberOfRobotsOnBlackSite,numberOfRobotsOnWhiteSite
19414,23,19
timeStep,numberOfRobotsOnBlackSite,numberOfRobotsOnWhiteSite
19415,23,19
timeStep,numberOfRobotsOnBlackSite,numberOfRobotsOnWhiteSite
19416,23,19
timeStep,numberOfRobotsOnBlackSite,numberOfRobotsOnWhiteSite
19417,23,19
timeStep,numberOfRobotsOnBlackSite,numberOfRobotsOnWhiteSite
19418,23,19
timeStep,numberOfRobotsOnBlackSite,numberOfRobotsOnWhiteSite
19419,23,19
timeStep,numberOfRobotsOnBlackSite,numberOfRobotsOnWhiteSite
19420,23,19
timeStep,numberOfRobotsOnBlackSite,numberOfRobotsOnWhiteSite
19421,23,19
timeStep,numberOfRobotsOnBlackSite,numberOfRobotsOnWhiteSite
19422,23,19
timeStep,numberOfRobotsOnBlackSite,numberOfRobotsOnWhiteSite
19423,23,19
timeStep,numberOfRobotsOnBlackSite,numberOfRobotsOnWhiteSite
19424,23,19
timeStep,numberOfRobotsOnBlackSite,numberOfRobotsOnWhiteSite
19425,23,19
timeStep,numberOfRobotsOnBlackSite,numberOfRobotsOnWhiteSite
19426,23,19
timeStep,numberOfRobotsOnBlackSite,numberOfRobotsOnWhiteSite
19427,23,19
timeStep,numberOfRobotsOnBlackSite,numberOfRobotsOnWhiteSite
19428,23,19
timeStep,numberOfRobotsOnBlackSite,numberOfRobotsOnWhiteSite
19429,23,19
timeStep,numberOfRobotsOnBlackSite,numberOfRobotsOnWhiteSite
19430,23,19
timeStep,numberOfRobotsOnBlackSite,numberOfRobotsOnWhiteSite
19431,23,19
timeStep,numberOfRobotsOnBlackSite,numberOfRobotsOnWhiteSite
19432,23,19
timeStep,numberOfRobotsOnBlackSite,numberOfRobotsOnWhiteSite
19433,23,19
timeStep,numberOfRobotsOnBlackSite,numberOfRobotsOnWhiteSite
19434,23,19
timeStep,numberOfRobotsOnBlackSite,numberOfRobotsOnWhiteSite
19435,23,19
timeStep,numberOfRobotsOnBlackSite,numberOfRobotsOnWhiteSite
19436,23,19
timeStep,numberOfRobotsOnBlackSite,numberOfRobotsOnWhiteSite
19437,23,19
timeStep,numberOfRobotsOnBlackSite,numberOfRobotsOnWhiteSite
19438,23,19
timeStep,numberOfRobotsOnBlackSite,numberOfRobotsOnWhiteSite
19439,23,19
timeStep,numberOfRobotsOnBlackSite,numberOfRobotsOnWhiteSite
19440,23,19
timeStep,numberOfRobotsOnBlackSite,numberOfRobotsOnWhiteSite
19441,23,19
timeStep,numberOfRobotsOnBlackSite,numberOfRobotsOnWhiteSite
19442,23,19
timeStep,numberOfRobotsOnBlackSite,numberOfRobotsOnWhiteSite
19443,23,19
timeStep,numberOfRobotsOnBlackSite,numberOfRobotsOnWhiteSite
19444,23,19
timeStep,numberOfRobotsOnBlackSite,numberOfRobotsOnWhiteSite
19445,23,19
timeStep,numberOfRobotsOnBlackSite,numberOfRobotsOnWhiteSite
19446,23,19
timeStep,numberOfRobotsOnBlackSite,numberOfRobotsOnWhiteSite
19447,23,19
timeStep,numberOfRobotsOnBlackSite,numberOfRobotsOnWhiteSite
19448,23,19
timeStep,numberOfRobotsOnBlackSite,numberOfRobotsOnWhiteSite
19449,23,19
timeStep,numberOfRobotsOnBlackSite,numberOfRobotsOnWhiteSite
19450,23,19
timeStep,numberOfRobotsOnBlackSite,numberOfRobotsOnWhiteSite
19451,23,19
timeStep,numberOfRobotsOnBlackSite,numberOfRobotsOnWhiteSite
19452,23,19
timeStep,numberOfRobotsOnBlackSite,numberOfRobotsOnWhiteSite
19453,23,19
timeStep,numberOfRobotsOnBlackSite,numberOfRobotsOnWhiteSite
19454,23,19
timeStep,numberOfRobotsOnBlackSite,numberOfRobotsOnWhiteSite
19455,23,19
timeStep,numberOfRobotsOnBlackSite,numberOfRobotsOnWhiteSite
19456,23,19
timeStep,numberOfRobotsOnBlackSite,numberOfRobotsOnWhiteSite
19457,23,19
timeStep,numberOfRobotsOnBlackSite,numberOfRobotsOnWhiteSite
19458,23,19
timeStep,numberOfRobotsOnBlackSite,numberOfRobotsOnWhiteSite
19459,23,19
timeStep,numberOfRobotsOnBlackSite,numberOfRobotsOnWhiteSite
19460,23,19
timeStep,numberOfRobotsOnBlackSite,numberOfRobotsOnWhiteSite
19461,23,19
timeStep,numberOfRobotsOnBlackSite,numberOfRobotsOnWhiteSite
19462,23,19
timeStep,numberOfRobotsOnBlackSite,numberOfRobotsOnWhiteSite
19463,23,19
timeStep,numberOfRobotsOnBlackSite,numberOfRobotsOnWhiteSite
19464,23,19
timeStep,numberOfRobotsOnBlackSite,numberOfRobotsOnWhiteSite
19465,23,19
timeStep,numberOfRobotsOnBlackSite,numberOfRobotsOnWhiteSite
19466,23,19
timeStep,numberOfRobotsOnBlackSite,numberOfRobotsOnWhiteSite
19467,23,19
timeStep,numberOfRobotsOnBlackSite,numberOfRobotsOnWhiteSite
19468,23,19
timeStep,numberOfRobotsOnBlackSite,numberOfRobotsOnWhiteSite
19469,23,19
timeStep,numberOfRobotsOnBlackSite,numberOfRobotsOnWhiteSite
19470,23,19
timeStep,numberOfRobotsOnBlackSite,numberOfRobotsOnWhiteSite
19471,23,19
timeStep,numberOfRobotsOnBlackSite,numberOfRobotsOnWhiteSite
19472,23,19
timeStep,numberOfRobotsOnBlackSite,numberOfRobotsOnWhiteSite
19473,23,19
timeStep,numberOfRobotsOnBlackSite,numberOfRobotsOnWhiteSite
19474,23,19
timeStep,numberOfRobotsOnBlackSite,numberOfRobotsOnWhiteSite
19475,23,19
timeStep,numberOfRobotsOnBlackSite,numberOfRobotsOnWhiteSite
19476,23,19
timeStep,numberOfRobotsOnBlackSite,numberOfRobotsOnWhiteSite
19477,23,19
timeStep,numberOfRobotsOnBlackSite,numberOfRobotsOnWhiteSite
19478,23,19
timeStep,numberOfRobotsOnBlackSite,numberOfRobotsOnWhiteSite
19479,23,19
timeStep,numberOfRobotsOnBlackSite,numberOfRobotsOnWhiteSite
19480,23,19
timeStep,numberOfRobotsOnBlackSite,numberOfRobotsOnWhiteSite
19481,23,19
timeStep,numberOfRobotsOnBlackSite,numberOfRobotsOnWhiteSite
19482,23,19
timeStep,numberOfRobotsOnBlackSite,numberOfRobotsOnWhiteSite
19483,23,19
timeStep,numberOfRobotsOnBlackSite,numberOfRobotsOnWhiteSite
19484,23,19
timeStep,numberOfRobotsOnBlackSite,numberOfRobotsOnWhiteSite
19485,22,19
timeStep,numberOfRobotsOnBlackSite,numberOfRobotsOnWhiteSite
19486,22,19
timeStep,numberOfRobotsOnBlackSite,numberOfRobotsOnWhiteSite
19487,22,19
timeStep,numberOfRobotsOnBlackSite,numberOfRobotsOnWhiteSite
19488,22,19
timeStep,numberOfRobotsOnBlackSite,numberOfRobotsOnWhiteSite
19489,22,19
timeStep,numberOfRobotsOnBlackSite,numberOfRobotsOnWhiteSite
19490,22,19
timeStep,numberOfRobotsOnBlackSite,numberOfRobotsOnWhiteSite
19491,22,19
timeStep,numberOfRobotsOnBlackSite,numberOfRobotsOnWhiteSite
19492,22,19
timeStep,numberOfRobotsOnBlackSite,numberOfRobotsOnWhiteSite
19493,22,19
timeStep,numberOfRobotsOnBlackSite,numberOfRobotsOnWhiteSite
19494,22,19
timeStep,numberOfRobotsOnBlackSite,numberOfRobotsOnWhiteSite
19495,22,19
timeStep,numberOfRobotsOnBlackSite,numberOfRobotsOnWhiteSite
19496,22,19
timeStep,numberOfRobotsOnBlackSite,numberOfRobotsOnWhiteSite
19497,22,19
timeStep,numberOfRobotsOnBlackSite,numberOfRobotsOnWhiteSite
19498,22,19
timeStep,numberOfRobotsOnBlackSite,numberOfRobotsOnWhiteSite
19499,22,19
timeStep,numberOfRobotsOnBlackSite,numberOfRobotsOnWhiteSite
19500,22,19
timeStep,numberOfRobotsOnBlackSite,numberOfRobotsOnWhiteSite
19501,22,19
timeStep,numberOfRobotsOnBlackSite,numberOfRobotsOnWhiteSite
19502,22,19
timeStep,numberOfRobotsOnBlackSite,numberOfRobotsOnWhiteSite
19503,22,19
timeStep,numberOfRobotsOnBlackSite,numberOfRobotsOnWhiteSite
19504,22,19
timeStep,numberOfRobotsOnBlackSite,numberOfRobotsOnWhiteSite
19505,22,19
timeStep,numberOfRobotsOnBlackSite,numberOfRobotsOnWhiteSite
19506,22,19
timeStep,numberOfRobotsOnBlackSite,numberOfRobotsOnWhiteSite
19507,22,19
timeStep,numberOfRobotsOnBlackSite,numberOfRobotsOnWhiteSite
19508,22,19
timeStep,numberOfRobotsOnBlackSite,numberOfRobotsOnWhiteSite
19509,22,19
timeStep,numberOfRobotsOnBlackSite,numberOfRobotsOnWhiteSite
19510,22,19
timeStep,numberOfRobotsOnBlackSite,numberOfRobotsOnWhiteSite
19511,22,19
timeStep,numberOfRobotsOnBlackSite,numberOfRobotsOnWhiteSite
19512,22,19
timeStep,numberOfRobotsOnBlackSite,numberOfRobotsOnWhiteSite
19513,22,19
timeStep,numberOfRobotsOnBlackSite,numberOfRobotsOnWhiteSite
19514,22,19
timeStep,numberOfRobotsOnBlackSite,numberOfRobotsOnWhiteSite
19515,22,19
timeStep,numberOfRobotsOnBlackSite,numberOfRobotsOnWhiteSite
19516,22,19
timeStep,numberOfRobotsOnBlackSite,numberOfRobotsOnWhiteSite
19517,22,19
timeStep,numberOfRobotsOnBlackSite,numberOfRobotsOnWhiteSite
19518,22,19
timeStep,numberOfRobotsOnBlackSite,numberOfRobotsOnWhiteSite
19519,22,19
timeStep,numberOfRobotsOnBlackSite,numberOfRobotsOnWhiteSite
19520,23,19
timeStep,numberOfRobotsOnBlackSite,numberOfRobotsOnWhiteSite
19521,23,19
timeStep,numberOfRobotsOnBlackSite,numberOfRobotsOnWhiteSite
19522,23,19
timeStep,numberOfRobotsOnBlackSite,numberOfRobotsOnWhiteSite
19523,23,19
timeStep,numberOfRobotsOnBlackSite,numberOfRobotsOnWhiteSite
19524,23,19
timeStep,numberOfRobotsOnBlackSite,numberOfRobotsOnWhiteSite
19525,23,19
timeStep,numberOfRobotsOnBlackSite,numberOfRobotsOnWhiteSite
19526,23,19
timeStep,numberOfRobotsOnBlackSite,numberOfRobotsOnWhiteSite
19527,23,19
timeStep,numberOfRobotsOnBlackSite,numberOfRobotsOnWhiteSite
19528,23,19
timeStep,numberOfRobotsOnBlackSite,numberOfRobotsOnWhiteSite
19529,23,19
timeStep,numberOfRobotsOnBlackSite,numberOfRobotsOnWhiteSite
19530,23,19
timeStep,numberOfRobotsOnBlackSite,numberOfRobotsOnWhiteSite
19531,23,19
timeStep,numberOfRobotsOnBlackSite,numberOfRobotsOnWhiteSite
19532,23,19
timeStep,numberOfRobotsOnBlackSite,numberOfRobotsOnWhiteSite
19533,23,19
timeStep,numberOfRobotsOnBlackSite,numberOfRobotsOnWhiteSite
19534,23,19
timeStep,numberOfRobotsOnBlackSite,numberOfRobotsOnWhiteSite
19535,23,19
timeStep,numberOfRobotsOnBlackSite,numberOfRobotsOnWhiteSite
19536,23,19
timeStep,numberOfRobotsOnBlackSite,numberOfRobotsOnWhiteSite
19537,23,19
timeStep,numberOfRobotsOnBlackSite,numberOfRobotsOnWhiteSite
19538,23,19
timeStep,numberOfRobotsOnBlackSite,numberOfRobotsOnWhiteSite
19539,23,19
timeStep,numberOfRobotsOnBlackSite,numberOfRobotsOnWhiteSite
19540,23,19
timeStep,numberOfRobotsOnBlackSite,numberOfRobotsOnWhiteSite
19541,23,19
timeStep,numberOfRobotsOnBlackSite,numberOfRobotsOnWhiteSite
19542,23,19
timeStep,numberOfRobotsOnBlackSite,numberOfRobotsOnWhiteSite
19543,23,19
timeStep,numberOfRobotsOnBlackSite,numberOfRobotsOnWhiteSite
19544,23,19
timeStep,numberOfRobotsOnBlackSite,numberOfRobotsOnWhiteSite
19545,23,19
timeStep,numberOfRobotsOnBlackSite,numberOfRobotsOnWhiteSite
19546,23,19
timeStep,numberOfRobotsOnBlackSite,numberOfRobotsOnWhiteSite
19547,23,19
timeStep,numberOfRobotsOnBlackSite,numberOfRobotsOnWhiteSite
19548,23,19
timeStep,numberOfRobotsOnBlackSite,numberOfRobotsOnWhiteSite
19549,23,19
timeStep,numberOfRobotsOnBlackSite,numberOfRobotsOnWhiteSite
19550,23,19
timeStep,numberOfRobotsOnBlackSite,numberOfRobotsOnWhiteSite
19551,23,19
timeStep,numberOfRobotsOnBlackSite,numberOfRobotsOnWhiteSite
19552,23,19
timeStep,numberOfRobotsOnBlackSite,numberOfRobotsOnWhiteSite
19553,23,19
timeStep,numberOfRobotsOnBlackSite,numberOfRobotsOnWhiteSite
19554,23,19
timeStep,numberOfRobotsOnBlackSite,numberOfRobotsOnWhiteSite
19555,23,19
timeStep,numberOfRobotsOnBlackSite,numberOfRobotsOnWhiteSite
19556,23,19
timeStep,numberOfRobotsOnBlackSite,numberOfRobotsOnWhiteSite
19557,23,19
timeStep,numberOfRobotsOnBlackSite,numberOfRobotsOnWhiteSite
19558,23,19
timeStep,numberOfRobotsOnBlackSite,numberOfRobotsOnWhiteSite
19559,23,19
timeStep,numberOfRobotsOnBlackSite,numberOfRobotsOnWhiteSite
19560,23,19
timeStep,numberOfRobotsOnBlackSite,numberOfRobotsOnWhiteSite
19561,23,19
timeStep,numberOfRobotsOnBlackSite,numberOfRobotsOnWhiteSite
19562,23,19
timeStep,numberOfRobotsOnBlackSite,numberOfRobotsOnWhiteSite
19563,23,19
timeStep,numberOfRobotsOnBlackSite,numberOfRobotsOnWhiteSite
19564,23,19
timeStep,numberOfRobotsOnBlackSite,numberOfRobotsOnWhiteSite
19565,23,19
timeStep,numberOfRobotsOnBlackSite,numberOfRobotsOnWhiteSite
19566,23,19
timeStep,numberOfRobotsOnBlackSite,numberOfRobotsOnWhiteSite
19567,23,19
timeStep,numberOfRobotsOnBlackSite,numberOfRobotsOnWhiteSite
19568,23,19
timeStep,numberOfRobotsOnBlackSite,numberOfRobotsOnWhiteSite
19569,23,19
timeStep,numberOfRobotsOnBlackSite,numberOfRobotsOnWhiteSite
19570,23,19
timeStep,numberOfRobotsOnBlackSite,numberOfRobotsOnWhiteSite
19571,23,19
timeStep,numberOfRobotsOnBlackSite,numberOfRobotsOnWhiteSite
19572,23,19
timeStep,numberOfRobotsOnBlackSite,numberOfRobotsOnWhiteSite
19573,23,19
timeStep,numberOfRobotsOnBlackSite,numberOfRobotsOnWhiteSite
19574,23,19
timeStep,numberOfRobotsOnBlackSite,numberOfRobotsOnWhiteSite
19575,23,20
timeStep,numberOfRobotsOnBlackSite,numberOfRobotsOnWhiteSite
19576,23,20
timeStep,numberOfRobotsOnBlackSite,numberOfRobotsOnWhiteSite
19577,23,20
timeStep,numberOfRobotsOnBlackSite,numberOfRobotsOnWhiteSite
19578,23,20
timeStep,numberOfRobotsOnBlackSite,numberOfRobotsOnWhiteSite
19579,23,20
timeStep,numberOfRobotsOnBlackSite,numberOfRobotsOnWhiteSite
19580,23,20
timeStep,numberOfRobotsOnBlackSite,numberOfRobotsOnWhiteSite
19581,23,20
timeStep,numberOfRobotsOnBlackSite,numberOfRobotsOnWhiteSite
19582,23,20
timeStep,numberOfRobotsOnBlackSite,numberOfRobotsOnWhiteSite
19583,23,20
timeStep,numberOfRobotsOnBlackSite,numberOfRobotsOnWhiteSite
19584,23,20
timeStep,numberOfRobotsOnBlackSite,numberOfRobotsOnWhiteSite
19585,23,20
timeStep,numberOfRobotsOnBlackSite,numberOfRobotsOnWhiteSite
19586,23,20
timeStep,numberOfRobotsOnBlackSite,numberOfRobotsOnWhiteSite
19587,23,20
timeStep,numberOfRobotsOnBlackSite,numberOfRobotsOnWhiteSite
19588,23,20
timeStep,numberOfRobotsOnBlackSite,numberOfRobotsOnWhiteSite
19589,23,20
timeStep,numberOfRobotsOnBlackSite,numberOfRobotsOnWhiteSite
19590,23,20
timeStep,numberOfRobotsOnBlackSite,numberOfRobotsOnWhiteSite
19591,23,20
timeStep,numberOfRobotsOnBlackSite,numberOfRobotsOnWhiteSite
19592,23,20
timeStep,numberOfRobotsOnBlackSite,numberOfRobotsOnWhiteSite
19593,23,20
timeStep,numberOfRobotsOnBlackSite,numberOfRobotsOnWhiteSite
19594,23,20
timeStep,numberOfRobotsOnBlackSite,numberOfRobotsOnWhiteSite
19595,23,20
timeStep,numberOfRobotsOnBlackSite,numberOfRobotsOnWhiteSite
19596,23,20
timeStep,numberOfRobotsOnBlackSite,numberOfRobotsOnWhiteSite
19597,23,20
timeStep,numberOfRobotsOnBlackSite,numberOfRobotsOnWhiteSite
19598,23,20
timeStep,numberOfRobotsOnBlackSite,numberOfRobotsOnWhiteSite
19599,23,20
timeStep,numberOfRobotsOnBlackSite,numberOfRobotsOnWhiteSite
19600,23,20
timeStep,numberOfRobotsOnBlackSite,numberOfRobotsOnWhiteSite
19601,23,20
timeStep,numberOfRobotsOnBlackSite,numberOfRobotsOnWhiteSite
19602,23,20
timeStep,numberOfRobotsOnBlackSite,numberOfRobotsOnWhiteSite
19603,23,20
timeStep,numberOfRobotsOnBlackSite,numberOfRobotsOnWhiteSite
19604,23,20
timeStep,numberOfRobotsOnBlackSite,numberOfRobotsOnWhiteSite
19605,23,20
timeStep,numberOfRobotsOnBlackSite,numberOfRobotsOnWhiteSite
19606,23,20
timeStep,numberOfRobotsOnBlackSite,numberOfRobotsOnWhiteSite
19607,23,20
timeStep,numberOfRobotsOnBlackSite,numberOfRobotsOnWhiteSite
19608,23,20
timeStep,numberOfRobotsOnBlackSite,numberOfRobotsOnWhiteSite
19609,23,20
timeStep,numberOfRobotsOnBlackSite,numberOfRobotsOnWhiteSite
19610,22,20
timeStep,numberOfRobotsOnBlackSite,numberOfRobotsOnWhiteSite
19611,22,20
timeStep,numberOfRobotsOnBlackSite,numberOfRobotsOnWhiteSite
19612,22,20
timeStep,numberOfRobotsOnBlackSite,numberOfRobotsOnWhiteSite
19613,22,20
timeStep,numberOfRobotsOnBlackSite,numberOfRobotsOnWhiteSite
19614,22,20
timeStep,numberOfRobotsOnBlackSite,numberOfRobotsOnWhiteSite
19615,22,20
timeStep,numberOfRobotsOnBlackSite,numberOfRobotsOnWhiteSite
19616,22,20
timeStep,numberOfRobotsOnBlackSite,numberOfRobotsOnWhiteSite
19617,22,20
timeStep,numberOfRobotsOnBlackSite,numberOfRobotsOnWhiteSite
19618,22,20
timeStep,numberOfRobotsOnBlackSite,numberOfRobotsOnWhiteSite
19619,22,20
timeStep,numberOfRobotsOnBlackSite,numberOfRobotsOnWhiteSite
19620,22,19
timeStep,numberOfRobotsOnBlackSite,numberOfRobotsOnWhiteSite
19621,22,19
timeStep,numberOfRobotsOnBlackSite,numberOfRobotsOnWhiteSite
19622,22,19
timeStep,numberOfRobotsOnBlackSite,numberOfRobotsOnWhiteSite
19623,22,19
timeStep,numberOfRobotsOnBlackSite,numberOfRobotsOnWhiteSite
19624,22,19
timeStep,numberOfRobotsOnBlackSite,numberOfRobotsOnWhiteSite
19625,22,19
timeStep,numberOfRobotsOnBlackSite,numberOfRobotsOnWhiteSite
19626,22,19
timeStep,numberOfRobotsOnBlackSite,numberOfRobotsOnWhiteSite
19627,22,19
timeStep,numberOfRobotsOnBlackSite,numberOfRobotsOnWhiteSite
19628,22,19
timeStep,numberOfRobotsOnBlackSite,numberOfRobotsOnWhiteSite
19629,22,19
timeStep,numberOfRobotsOnBlackSite,numberOfRobotsOnWhiteSite
19630,22,19
timeStep,numberOfRobotsOnBlackSite,numberOfRobotsOnWhiteSite
19631,22,19
timeStep,numberOfRobotsOnBlackSite,numberOfRobotsOnWhiteSite
19632,22,19
timeStep,numberOfRobotsOnBlackSite,numberOfRobotsOnWhiteSite
19633,22,19
timeStep,numberOfRobotsOnBlackSite,numberOfRobotsOnWhiteSite
19634,22,19
timeStep,numberOfRobotsOnBlackSite,numberOfRobotsOnWhiteSite
19635,22,19
timeStep,numberOfRobotsOnBlackSite,numberOfRobotsOnWhiteSite
19636,22,19
timeStep,numberOfRobotsOnBlackSite,numberOfRobotsOnWhiteSite
19637,22,19
timeStep,numberOfRobotsOnBlackSite,numberOfRobotsOnWhiteSite
19638,22,19
timeStep,numberOfRobotsOnBlackSite,numberOfRobotsOnWhiteSite
19639,22,19
timeStep,numberOfRobotsOnBlackSite,numberOfRobotsOnWhiteSite
19640,22,19
timeStep,numberOfRobotsOnBlackSite,numberOfRobotsOnWhiteSite
19641,22,19
timeStep,numberOfRobotsOnBlackSite,numberOfRobotsOnWhiteSite
19642,22,19
timeStep,numberOfRobotsOnBlackSite,numberOfRobotsOnWhiteSite
19643,22,19
timeStep,numberOfRobotsOnBlackSite,numberOfRobotsOnWhiteSite
19644,22,19
timeStep,numberOfRobotsOnBlackSite,numberOfRobotsOnWhiteSite
19645,22,19
timeStep,numberOfRobotsOnBlackSite,numberOfRobotsOnWhiteSite
19646,22,19
timeStep,numberOfRobotsOnBlackSite,numberOfRobotsOnWhiteSite
19647,22,19
timeStep,numberOfRobotsOnBlackSite,numberOfRobotsOnWhiteSite
19648,22,19
timeStep,numberOfRobotsOnBlackSite,numberOfRobotsOnWhiteSite
19649,22,19
timeStep,numberOfRobotsOnBlackSite,numberOfRobotsOnWhiteSite
19650,22,19
timeStep,numberOfRobotsOnBlackSite,numberOfRobotsOnWhiteSite
19651,22,19
timeStep,numberOfRobotsOnBlackSite,numberOfRobotsOnWhiteSite
19652,22,19
timeStep,numberOfRobotsOnBlackSite,numberOfRobotsOnWhiteSite
19653,22,19
timeStep,numberOfRobotsOnBlackSite,numberOfRobotsOnWhiteSite
19654,22,19
timeStep,numberOfRobotsOnBlackSite,numberOfRobotsOnWhiteSite
19655,22,19
timeStep,numberOfRobotsOnBlackSite,numberOfRobotsOnWhiteSite
19656,22,19
timeStep,numberOfRobotsOnBlackSite,numberOfRobotsOnWhiteSite
19657,22,19
timeStep,numberOfRobotsOnBlackSite,numberOfRobotsOnWhiteSite
19658,22,19
timeStep,numberOfRobotsOnBlackSite,numberOfRobotsOnWhiteSite
19659,22,19
timeStep,numberOfRobotsOnBlackSite,numberOfRobotsOnWhiteSite
19660,22,19
timeStep,numberOfRobotsOnBlackSite,numberOfRobotsOnWhiteSite
19661,22,19
timeStep,numberOfRobotsOnBlackSite,numberOfRobotsOnWhiteSite
19662,22,19
timeStep,numberOfRobotsOnBlackSite,numberOfRobotsOnWhiteSite
19663,22,19
timeStep,numberOfRobotsOnBlackSite,numberOfRobotsOnWhiteSite
19664,22,19
timeStep,numberOfRobotsOnBlackSite,numberOfRobotsOnWhiteSite
19665,22,19
timeStep,numberOfRobotsOnBlackSite,numberOfRobotsOnWhiteSite
19666,22,19
timeStep,numberOfRobotsOnBlackSite,numberOfRobotsOnWhiteSite
19667,22,19
timeStep,numberOfRobotsOnBlackSite,numberOfRobotsOnWhiteSite
19668,22,19
timeStep,numberOfRobotsOnBlackSite,numberOfRobotsOnWhiteSite
19669,22,19
timeStep,numberOfRobotsOnBlackSite,numberOfRobotsOnWhiteSite
19670,22,19
timeStep,numberOfRobotsOnBlackSite,numberOfRobotsOnWhiteSite
19671,22,19
timeStep,numberOfRobotsOnBlackSite,numberOfRobotsOnWhiteSite
19672,22,19
timeStep,numberOfRobotsOnBlackSite,numberOfRobotsOnWhiteSite
19673,22,19
timeStep,numberOfRobotsOnBlackSite,numberOfRobotsOnWhiteSite
19674,22,19
timeStep,numberOfRobotsOnBlackSite,numberOfRobotsOnWhiteSite
19675,22,19
timeStep,numberOfRobotsOnBlackSite,numberOfRobotsOnWhiteSite
19676,22,19
timeStep,numberOfRobotsOnBlackSite,numberOfRobotsOnWhiteSite
19677,22,19
timeStep,numberOfRobotsOnBlackSite,numberOfRobotsOnWhiteSite
19678,22,19
timeStep,numberOfRobotsOnBlackSite,numberOfRobotsOnWhiteSite
19679,22,19
timeStep,numberOfRobotsOnBlackSite,numberOfRobotsOnWhiteSite
19680,22,19
timeStep,numberOfRobotsOnBlackSite,numberOfRobotsOnWhiteSite
19681,22,19
timeStep,numberOfRobotsOnBlackSite,numberOfRobotsOnWhiteSite
19682,22,19
timeStep,numberOfRobotsOnBlackSite,numberOfRobotsOnWhiteSite
19683,22,19
timeStep,numberOfRobotsOnBlackSite,numberOfRobotsOnWhiteSite
19684,22,19
timeStep,numberOfRobotsOnBlackSite,numberOfRobotsOnWhiteSite
19685,22,19
timeStep,numberOfRobotsOnBlackSite,numberOfRobotsOnWhiteSite
19686,22,19
timeStep,numberOfRobotsOnBlackSite,numberOfRobotsOnWhiteSite
19687,22,19
timeStep,numberOfRobotsOnBlackSite,numberOfRobotsOnWhiteSite
19688,22,19
timeStep,numberOfRobotsOnBlackSite,numberOfRobotsOnWhiteSite
19689,22,19
timeStep,numberOfRobotsOnBlackSite,numberOfRobotsOnWhiteSite
19690,22,19
timeStep,numberOfRobotsOnBlackSite,numberOfRobotsOnWhiteSite
19691,22,19
timeStep,numberOfRobotsOnBlackSite,numberOfRobotsOnWhiteSite
19692,22,19
timeStep,numberOfRobotsOnBlackSite,numberOfRobotsOnWhiteSite
19693,22,19
timeStep,numberOfRobotsOnBlackSite,numberOfRobotsOnWhiteSite
19694,22,19
timeStep,numberOfRobotsOnBlackSite,numberOfRobotsOnWhiteSite
19695,22,19
timeStep,numberOfRobotsOnBlackSite,numberOfRobotsOnWhiteSite
19696,22,19
timeStep,numberOfRobotsOnBlackSite,numberOfRobotsOnWhiteSite
19697,22,19
timeStep,numberOfRobotsOnBlackSite,numberOfRobotsOnWhiteSite
19698,22,19
timeStep,numberOfRobotsOnBlackSite,numberOfRobotsOnWhiteSite
19699,22,19
timeStep,numberOfRobotsOnBlackSite,numberOfRobotsOnWhiteSite
19700,22,19
timeStep,numberOfRobotsOnBlackSite,numberOfRobotsOnWhiteSite
19701,22,19
timeStep,numberOfRobotsOnBlackSite,numberOfRobotsOnWhiteSite
19702,22,19
timeStep,numberOfRobotsOnBlackSite,numberOfRobotsOnWhiteSite
19703,22,19
timeStep,numberOfRobotsOnBlackSite,numberOfRobotsOnWhiteSite
19704,22,19
timeStep,numberOfRobotsOnBlackSite,numberOfRobotsOnWhiteSite
19705,22,19
timeStep,numberOfRobotsOnBlackSite,numberOfRobotsOnWhiteSite
19706,22,19
timeStep,numberOfRobotsOnBlackSite,numberOfRobotsOnWhiteSite
19707,22,19
timeStep,numberOfRobotsOnBlackSite,numberOfRobotsOnWhiteSite
19708,22,19
timeStep,numberOfRobotsOnBlackSite,numberOfRobotsOnWhiteSite
19709,22,19
timeStep,numberOfRobotsOnBlackSite,numberOfRobotsOnWhiteSite
19710,22,19
timeStep,numberOfRobotsOnBlackSite,numberOfRobotsOnWhiteSite
19711,22,19
timeStep,numberOfRobotsOnBlackSite,numberOfRobotsOnWhiteSite
19712,22,19
timeStep,numberOfRobotsOnBlackSite,numberOfRobotsOnWhiteSite
19713,22,19
timeStep,numberOfRobotsOnBlackSite,numberOfRobotsOnWhiteSite
19714,22,19
timeStep,numberOfRobotsOnBlackSite,numberOfRobotsOnWhiteSite
19715,22,18
timeStep,numberOfRobotsOnBlackSite,numberOfRobotsOnWhiteSite
19716,22,18
timeStep,numberOfRobotsOnBlackSite,numberOfRobotsOnWhiteSite
19717,22,18
timeStep,numberOfRobotsOnBlackSite,numberOfRobotsOnWhiteSite
19718,22,18
timeStep,numberOfRobotsOnBlackSite,numberOfRobotsOnWhiteSite
19719,22,18
timeStep,numberOfRobotsOnBlackSite,numberOfRobotsOnWhiteSite
19720,22,17
timeStep,numberOfRobotsOnBlackSite,numberOfRobotsOnWhiteSite
19721,22,17
timeStep,numberOfRobotsOnBlackSite,numberOfRobotsOnWhiteSite
19722,22,17
timeStep,numberOfRobotsOnBlackSite,numberOfRobotsOnWhiteSite
19723,22,17
timeStep,numberOfRobotsOnBlackSite,numberOfRobotsOnWhiteSite
19724,22,17
timeStep,numberOfRobotsOnBlackSite,numberOfRobotsOnWhiteSite
19725,22,17
timeStep,numberOfRobotsOnBlackSite,numberOfRobotsOnWhiteSite
19726,22,17
timeStep,numberOfRobotsOnBlackSite,numberOfRobotsOnWhiteSite
19727,22,17
timeStep,numberOfRobotsOnBlackSite,numberOfRobotsOnWhiteSite
19728,22,17
timeStep,numberOfRobotsOnBlackSite,numberOfRobotsOnWhiteSite
19729,22,17
timeStep,numberOfRobotsOnBlackSite,numberOfRobotsOnWhiteSite
19730,22,17
timeStep,numberOfRobotsOnBlackSite,numberOfRobotsOnWhiteSite
19731,22,17
timeStep,numberOfRobotsOnBlackSite,numberOfRobotsOnWhiteSite
19732,22,17
timeStep,numberOfRobotsOnBlackSite,numberOfRobotsOnWhiteSite
19733,22,17
timeStep,numberOfRobotsOnBlackSite,numberOfRobotsOnWhiteSite
19734,22,17
timeStep,numberOfRobotsOnBlackSite,numberOfRobotsOnWhiteSite
19735,23,17
timeStep,numberOfRobotsOnBlackSite,numberOfRobotsOnWhiteSite
19736,23,17
timeStep,numberOfRobotsOnBlackSite,numberOfRobotsOnWhiteSite
19737,23,17
timeStep,numberOfRobotsOnBlackSite,numberOfRobotsOnWhiteSite
19738,23,17
timeStep,numberOfRobotsOnBlackSite,numberOfRobotsOnWhiteSite
19739,23,17
timeStep,numberOfRobotsOnBlackSite,numberOfRobotsOnWhiteSite
19740,23,17
timeStep,numberOfRobotsOnBlackSite,numberOfRobotsOnWhiteSite
19741,23,17
timeStep,numberOfRobotsOnBlackSite,numberOfRobotsOnWhiteSite
19742,23,17
timeStep,numberOfRobotsOnBlackSite,numberOfRobotsOnWhiteSite
19743,23,17
timeStep,numberOfRobotsOnBlackSite,numberOfRobotsOnWhiteSite
19744,23,17
timeStep,numberOfRobotsOnBlackSite,numberOfRobotsOnWhiteSite
19745,23,17
timeStep,numberOfRobotsOnBlackSite,numberOfRobotsOnWhiteSite
19746,23,17
timeStep,numberOfRobotsOnBlackSite,numberOfRobotsOnWhiteSite
19747,23,17
timeStep,numberOfRobotsOnBlackSite,numberOfRobotsOnWhiteSite
19748,23,17
timeStep,numberOfRobotsOnBlackSite,numberOfRobotsOnWhiteSite
19749,23,17
timeStep,numberOfRobotsOnBlackSite,numberOfRobotsOnWhiteSite
19750,23,17
timeStep,numberOfRobotsOnBlackSite,numberOfRobotsOnWhiteSite
19751,23,17
timeStep,numberOfRobotsOnBlackSite,numberOfRobotsOnWhiteSite
19752,23,17
timeStep,numberOfRobotsOnBlackSite,numberOfRobotsOnWhiteSite
19753,23,17
timeStep,numberOfRobotsOnBlackSite,numberOfRobotsOnWhiteSite
19754,23,17
timeStep,numberOfRobotsOnBlackSite,numberOfRobotsOnWhiteSite
19755,23,17
timeStep,numberOfRobotsOnBlackSite,numberOfRobotsOnWhiteSite
19756,23,17
timeStep,numberOfRobotsOnBlackSite,numberOfRobotsOnWhiteSite
19757,23,17
timeStep,numberOfRobotsOnBlackSite,numberOfRobotsOnWhiteSite
19758,23,17
timeStep,numberOfRobotsOnBlackSite,numberOfRobotsOnWhiteSite
19759,23,17
timeStep,numberOfRobotsOnBlackSite,numberOfRobotsOnWhiteSite
19760,24,17
timeStep,numberOfRobotsOnBlackSite,numberOfRobotsOnWhiteSite
19761,24,17
timeStep,numberOfRobotsOnBlackSite,numberOfRobotsOnWhiteSite
19762,24,17
timeStep,numberOfRobotsOnBlackSite,numberOfRobotsOnWhiteSite
19763,24,17
timeStep,numberOfRobotsOnBlackSite,numberOfRobotsOnWhiteSite
19764,24,17
timeStep,numberOfRobotsOnBlackSite,numberOfRobotsOnWhiteSite
19765,24,17
timeStep,numberOfRobotsOnBlackSite,numberOfRobotsOnWhiteSite
19766,24,17
timeStep,numberOfRobotsOnBlackSite,numberOfRobotsOnWhiteSite
19767,24,17
timeStep,numberOfRobotsOnBlackSite,numberOfRobotsOnWhiteSite
19768,24,17
timeStep,numberOfRobotsOnBlackSite,numberOfRobotsOnWhiteSite
19769,24,17
timeStep,numberOfRobotsOnBlackSite,numberOfRobotsOnWhiteSite
19770,24,18
timeStep,numberOfRobotsOnBlackSite,numberOfRobotsOnWhiteSite
19771,24,18
timeStep,numberOfRobotsOnBlackSite,numberOfRobotsOnWhiteSite
19772,24,18
timeStep,numberOfRobotsOnBlackSite,numberOfRobotsOnWhiteSite
19773,24,18
timeStep,numberOfRobotsOnBlackSite,numberOfRobotsOnWhiteSite
19774,24,18
timeStep,numberOfRobotsOnBlackSite,numberOfRobotsOnWhiteSite
19775,24,18
timeStep,numberOfRobotsOnBlackSite,numberOfRobotsOnWhiteSite
19776,24,18
timeStep,numberOfRobotsOnBlackSite,numberOfRobotsOnWhiteSite
19777,24,18
timeStep,numberOfRobotsOnBlackSite,numberOfRobotsOnWhiteSite
19778,24,18
timeStep,numberOfRobotsOnBlackSite,numberOfRobotsOnWhiteSite
19779,24,18
timeStep,numberOfRobotsOnBlackSite,numberOfRobotsOnWhiteSite
19780,24,18
timeStep,numberOfRobotsOnBlackSite,numberOfRobotsOnWhiteSite
19781,24,18
timeStep,numberOfRobotsOnBlackSite,numberOfRobotsOnWhiteSite
19782,24,18
timeStep,numberOfRobotsOnBlackSite,numberOfRobotsOnWhiteSite
19783,24,18
timeStep,numberOfRobotsOnBlackSite,numberOfRobotsOnWhiteSite
19784,24,18
timeStep,numberOfRobotsOnBlackSite,numberOfRobotsOnWhiteSite
19785,24,17
timeStep,numberOfRobotsOnBlackSite,numberOfRobotsOnWhiteSite
19786,24,17
timeStep,numberOfRobotsOnBlackSite,numberOfRobotsOnWhiteSite
19787,24,17
timeStep,numberOfRobotsOnBlackSite,numberOfRobotsOnWhiteSite
19788,24,17
timeStep,numberOfRobotsOnBlackSite,numberOfRobotsOnWhiteSite
19789,24,17
timeStep,numberOfRobotsOnBlackSite,numberOfRobotsOnWhiteSite
19790,24,17
timeStep,numberOfRobotsOnBlackSite,numberOfRobotsOnWhiteSite
19791,24,17
timeStep,numberOfRobotsOnBlackSite,numberOfRobotsOnWhiteSite
19792,24,17
timeStep,numberOfRobotsOnBlackSite,numberOfRobotsOnWhiteSite
19793,24,17
timeStep,numberOfRobotsOnBlackSite,numberOfRobotsOnWhiteSite
19794,24,17
timeStep,numberOfRobotsOnBlackSite,numberOfRobotsOnWhiteSite
19795,24,17
timeStep,numberOfRobotsOnBlackSite,numberOfRobotsOnWhiteSite
19796,24,17
timeStep,numberOfRobotsOnBlackSite,numberOfRobotsOnWhiteSite
19797,24,17
timeStep,numberOfRobotsOnBlackSite,numberOfRobotsOnWhiteSite
19798,24,17
timeStep,numberOfRobotsOnBlackSite,numberOfRobotsOnWhiteSite
19799,24,17
timeStep,numberOfRobotsOnBlackSite,numberOfRobotsOnWhiteSite
19800,24,18
timeStep,numberOfRobotsOnBlackSite,numberOfRobotsOnWhiteSite
19801,24,18
timeStep,numberOfRobotsOnBlackSite,numberOfRobotsOnWhiteSite
19802,24,18
timeStep,numberOfRobotsOnBlackSite,numberOfRobotsOnWhiteSite
19803,24,18
timeStep,numberOfRobotsOnBlackSite,numberOfRobotsOnWhiteSite
19804,24,18
timeStep,numberOfRobotsOnBlackSite,numberOfRobotsOnWhiteSite
19805,24,18
timeStep,numberOfRobotsOnBlackSite,numberOfRobotsOnWhiteSite
19806,24,18
timeStep,numberOfRobotsOnBlackSite,numberOfRobotsOnWhiteSite
19807,24,18
timeStep,numberOfRobotsOnBlackSite,numberOfRobotsOnWhiteSite
19808,24,18
timeStep,numberOfRobotsOnBlackSite,numberOfRobotsOnWhiteSite
19809,24,18
timeStep,numberOfRobotsOnBlackSite,numberOfRobotsOnWhiteSite
19810,24,17
timeStep,numberOfRobotsOnBlackSite,numberOfRobotsOnWhiteSite
19811,24,17
timeStep,numberOfRobotsOnBlackSite,numberOfRobotsOnWhiteSite
19812,24,17
timeStep,numberOfRobotsOnBlackSite,numberOfRobotsOnWhiteSite
19813,24,17
timeStep,numberOfRobotsOnBlackSite,numberOfRobotsOnWhiteSite
19814,24,17
timeStep,numberOfRobotsOnBlackSite,numberOfRobotsOnWhiteSite
19815,24,17
timeStep,numberOfRobotsOnBlackSite,numberOfRobotsOnWhiteSite
19816,24,17
timeStep,numberOfRobotsOnBlackSite,numberOfRobotsOnWhiteSite
19817,24,17
timeStep,numberOfRobotsOnBlackSite,numberOfRobotsOnWhiteSite
19818,24,17
timeStep,numberOfRobotsOnBlackSite,numberOfRobotsOnWhiteSite
19819,24,17
timeStep,numberOfRobotsOnBlackSite,numberOfRobotsOnWhiteSite
19820,24,17
timeStep,numberOfRobotsOnBlackSite,numberOfRobotsOnWhiteSite
19821,24,17
timeStep,numberOfRobotsOnBlackSite,numberOfRobotsOnWhiteSite
19822,24,17
timeStep,numberOfRobotsOnBlackSite,numberOfRobotsOnWhiteSite
19823,24,17
timeStep,numberOfRobotsOnBlackSite,numberOfRobotsOnWhiteSite
19824,24,17
timeStep,numberOfRobotsOnBlackSite,numberOfRobotsOnWhiteSite
19825,24,17
timeStep,numberOfRobotsOnBlackSite,numberOfRobotsOnWhiteSite
19826,24,17
timeStep,numberOfRobotsOnBlackSite,numberOfRobotsOnWhiteSite
19827,24,17
timeStep,numberOfRobotsOnBlackSite,numberOfRobotsOnWhiteSite
19828,24,17
timeStep,numberOfRobotsOnBlackSite,numberOfRobotsOnWhiteSite
19829,24,17
timeStep,numberOfRobotsOnBlackSite,numberOfRobotsOnWhiteSite
19830,24,17
timeStep,numberOfRobotsOnBlackSite,numberOfRobotsOnWhiteSite
19831,24,17
timeStep,numberOfRobotsOnBlackSite,numberOfRobotsOnWhiteSite
19832,24,17
timeStep,numberOfRobotsOnBlackSite,numberOfRobotsOnWhiteSite
19833,24,17
timeStep,numberOfRobotsOnBlackSite,numberOfRobotsOnWhiteSite
19834,24,17
timeStep,numberOfRobotsOnBlackSite,numberOfRobotsOnWhiteSite
19835,24,17
timeStep,numberOfRobotsOnBlackSite,numberOfRobotsOnWhiteSite
19836,24,17
timeStep,numberOfRobotsOnBlackSite,numberOfRobotsOnWhiteSite
19837,24,17
timeStep,numberOfRobotsOnBlackSite,numberOfRobotsOnWhiteSite
19838,24,17
timeStep,numberOfRobotsOnBlackSite,numberOfRobotsOnWhiteSite
19839,24,17
timeStep,numberOfRobotsOnBlackSite,numberOfRobotsOnWhiteSite
19840,24,17
timeStep,numberOfRobotsOnBlackSite,numberOfRobotsOnWhiteSite
19841,24,17
timeStep,numberOfRobotsOnBlackSite,numberOfRobotsOnWhiteSite
19842,24,17
timeStep,numberOfRobotsOnBlackSite,numberOfRobotsOnWhiteSite
19843,24,17
timeStep,numberOfRobotsOnBlackSite,numberOfRobotsOnWhiteSite
19844,24,17
timeStep,numberOfRobotsOnBlackSite,numberOfRobotsOnWhiteSite
19845,23,17
timeStep,numberOfRobotsOnBlackSite,numberOfRobotsOnWhiteSite
19846,23,17
timeStep,numberOfRobotsOnBlackSite,numberOfRobotsOnWhiteSite
19847,23,17
timeStep,numberOfRobotsOnBlackSite,numberOfRobotsOnWhiteSite
19848,23,17
timeStep,numberOfRobotsOnBlackSite,numberOfRobotsOnWhiteSite
19849,23,17
timeStep,numberOfRobotsOnBlackSite,numberOfRobotsOnWhiteSite
19850,23,17
timeStep,numberOfRobotsOnBlackSite,numberOfRobotsOnWhiteSite
19851,23,17
timeStep,numberOfRobotsOnBlackSite,numberOfRobotsOnWhiteSite
19852,23,17
timeStep,numberOfRobotsOnBlackSite,numberOfRobotsOnWhiteSite
19853,23,17
timeStep,numberOfRobotsOnBlackSite,numberOfRobotsOnWhiteSite
19854,23,17
timeStep,numberOfRobotsOnBlackSite,numberOfRobotsOnWhiteSite
19855,23,18
timeStep,numberOfRobotsOnBlackSite,numberOfRobotsOnWhiteSite
19856,23,18
timeStep,numberOfRobotsOnBlackSite,numberOfRobotsOnWhiteSite
19857,23,18
timeStep,numberOfRobotsOnBlackSite,numberOfRobotsOnWhiteSite
19858,23,18
timeStep,numberOfRobotsOnBlackSite,numberOfRobotsOnWhiteSite
19859,23,18
timeStep,numberOfRobotsOnBlackSite,numberOfRobotsOnWhiteSite
19860,22,18
timeStep,numberOfRobotsOnBlackSite,numberOfRobotsOnWhiteSite
19861,22,18
timeStep,numberOfRobotsOnBlackSite,numberOfRobotsOnWhiteSite
19862,22,18
timeStep,numberOfRobotsOnBlackSite,numberOfRobotsOnWhiteSite
19863,22,18
timeStep,numberOfRobotsOnBlackSite,numberOfRobotsOnWhiteSite
19864,22,18
timeStep,numberOfRobotsOnBlackSite,numberOfRobotsOnWhiteSite
19865,22,18
timeStep,numberOfRobotsOnBlackSite,numberOfRobotsOnWhiteSite
19866,22,18
timeStep,numberOfRobotsOnBlackSite,numberOfRobotsOnWhiteSite
19867,22,18
timeStep,numberOfRobotsOnBlackSite,numberOfRobotsOnWhiteSite
19868,22,18
timeStep,numberOfRobotsOnBlackSite,numberOfRobotsOnWhiteSite
19869,22,18
timeStep,numberOfRobotsOnBlackSite,numberOfRobotsOnWhiteSite
19870,22,18
timeStep,numberOfRobotsOnBlackSite,numberOfRobotsOnWhiteSite
19871,22,18
timeStep,numberOfRobotsOnBlackSite,numberOfRobotsOnWhiteSite
19872,22,18
timeStep,numberOfRobotsOnBlackSite,numberOfRobotsOnWhiteSite
19873,22,18
timeStep,numberOfRobotsOnBlackSite,numberOfRobotsOnWhiteSite
19874,22,18
timeStep,numberOfRobotsOnBlackSite,numberOfRobotsOnWhiteSite
19875,22,18
timeStep,numberOfRobotsOnBlackSite,numberOfRobotsOnWhiteSite
19876,22,18
timeStep,numberOfRobotsOnBlackSite,numberOfRobotsOnWhiteSite
19877,22,18
timeStep,numberOfRobotsOnBlackSite,numberOfRobotsOnWhiteSite
19878,22,18
timeStep,numberOfRobotsOnBlackSite,numberOfRobotsOnWhiteSite
19879,22,18
timeStep,numberOfRobotsOnBlackSite,numberOfRobotsOnWhiteSite
19880,22,18
timeStep,numberOfRobotsOnBlackSite,numberOfRobotsOnWhiteSite
19881,22,18
timeStep,numberOfRobotsOnBlackSite,numberOfRobotsOnWhiteSite
19882,22,18
timeStep,numberOfRobotsOnBlackSite,numberOfRobotsOnWhiteSite
19883,22,18
timeStep,numberOfRobotsOnBlackSite,numberOfRobotsOnWhiteSite
19884,22,18
timeStep,numberOfRobotsOnBlackSite,numberOfRobotsOnWhiteSite
19885,22,18
timeStep,numberOfRobotsOnBlackSite,numberOfRobotsOnWhiteSite
19886,22,18
timeStep,numberOfRobotsOnBlackSite,numberOfRobotsOnWhiteSite
19887,22,18
timeStep,numberOfRobotsOnBlackSite,numberOfRobotsOnWhiteSite
19888,22,18
timeStep,numberOfRobotsOnBlackSite,numberOfRobotsOnWhiteSite
19889,22,18
timeStep,numberOfRobotsOnBlackSite,numberOfRobotsOnWhiteSite
19890,22,18
timeStep,numberOfRobotsOnBlackSite,numberOfRobotsOnWhiteSite
19891,22,18
timeStep,numberOfRobotsOnBlackSite,numberOfRobotsOnWhiteSite
19892,22,18
timeStep,numberOfRobotsOnBlackSite,numberOfRobotsOnWhiteSite
19893,22,18
timeStep,numberOfRobotsOnBlackSite,numberOfRobotsOnWhiteSite
19894,22,18
timeStep,numberOfRobotsOnBlackSite,numberOfRobotsOnWhiteSite
19895,22,18
timeStep,numberOfRobotsOnBlackSite,numberOfRobotsOnWhiteSite
19896,22,18
timeStep,numberOfRobotsOnBlackSite,numberOfRobotsOnWhiteSite
19897,22,18
timeStep,numberOfRobotsOnBlackSite,numberOfRobotsOnWhiteSite
19898,22,18
timeStep,numberOfRobotsOnBlackSite,numberOfRobotsOnWhiteSite
19899,22,18
timeStep,numberOfRobotsOnBlackSite,numberOfRobotsOnWhiteSite
19900,22,18
timeStep,numberOfRobotsOnBlackSite,numberOfRobotsOnWhiteSite
19901,22,18
timeStep,numberOfRobotsOnBlackSite,numberOfRobotsOnWhiteSite
19902,22,18
timeStep,numberOfRobotsOnBlackSite,numberOfRobotsOnWhiteSite
19903,22,18
timeStep,numberOfRobotsOnBlackSite,numberOfRobotsOnWhiteSite
19904,22,18
timeStep,numberOfRobotsOnBlackSite,numberOfRobotsOnWhiteSite
19905,22,18
timeStep,numberOfRobotsOnBlackSite,numberOfRobotsOnWhiteSite
19906,22,18
timeStep,numberOfRobotsOnBlackSite,numberOfRobotsOnWhiteSite
19907,22,18
timeStep,numberOfRobotsOnBlackSite,numberOfRobotsOnWhiteSite
19908,22,18
timeStep,numberOfRobotsOnBlackSite,numberOfRobotsOnWhiteSite
19909,22,18
timeStep,numberOfRobotsOnBlackSite,numberOfRobotsOnWhiteSite
19910,23,18
timeStep,numberOfRobotsOnBlackSite,numberOfRobotsOnWhiteSite
19911,23,18
timeStep,numberOfRobotsOnBlackSite,numberOfRobotsOnWhiteSite
19912,23,18
timeStep,numberOfRobotsOnBlackSite,numberOfRobotsOnWhiteSite
19913,23,18
timeStep,numberOfRobotsOnBlackSite,numberOfRobotsOnWhiteSite
19914,23,18
timeStep,numberOfRobotsOnBlackSite,numberOfRobotsOnWhiteSite
19915,23,18
timeStep,numberOfRobotsOnBlackSite,numberOfRobotsOnWhiteSite
19916,23,18
timeStep,numberOfRobotsOnBlackSite,numberOfRobotsOnWhiteSite
19917,23,18
timeStep,numberOfRobotsOnBlackSite,numberOfRobotsOnWhiteSite
19918,23,18
timeStep,numberOfRobotsOnBlackSite,numberOfRobotsOnWhiteSite
19919,23,18
timeStep,numberOfRobotsOnBlackSite,numberOfRobotsOnWhiteSite
19920,23,18
timeStep,numberOfRobotsOnBlackSite,numberOfRobotsOnWhiteSite
19921,23,18
timeStep,numberOfRobotsOnBlackSite,numberOfRobotsOnWhiteSite
19922,23,18
timeStep,numberOfRobotsOnBlackSite,numberOfRobotsOnWhiteSite
19923,23,18
timeStep,numberOfRobotsOnBlackSite,numberOfRobotsOnWhiteSite
19924,23,18
timeStep,numberOfRobotsOnBlackSite,numberOfRobotsOnWhiteSite
19925,23,18
timeStep,numberOfRobotsOnBlackSite,numberOfRobotsOnWhiteSite
19926,23,18
timeStep,numberOfRobotsOnBlackSite,numberOfRobotsOnWhiteSite
19927,23,18
timeStep,numberOfRobotsOnBlackSite,numberOfRobotsOnWhiteSite
19928,23,18
timeStep,numberOfRobotsOnBlackSite,numberOfRobotsOnWhiteSite
19929,23,18
timeStep,numberOfRobotsOnBlackSite,numberOfRobotsOnWhiteSite
19930,23,18
timeStep,numberOfRobotsOnBlackSite,numberOfRobotsOnWhiteSite
19931,23,18
timeStep,numberOfRobotsOnBlackSite,numberOfRobotsOnWhiteSite
19932,23,18
timeStep,numberOfRobotsOnBlackSite,numberOfRobotsOnWhiteSite
19933,23,18
timeStep,numberOfRobotsOnBlackSite,numberOfRobotsOnWhiteSite
19934,23,18
timeStep,numberOfRobotsOnBlackSite,numberOfRobotsOnWhiteSite
19935,23,18
timeStep,numberOfRobotsOnBlackSite,numberOfRobotsOnWhiteSite
19936,23,18
timeStep,numberOfRobotsOnBlackSite,numberOfRobotsOnWhiteSite
19937,23,18
timeStep,numberOfRobotsOnBlackSite,numberOfRobotsOnWhiteSite
19938,23,18
timeStep,numberOfRobotsOnBlackSite,numberOfRobotsOnWhiteSite
19939,23,18
timeStep,numberOfRobotsOnBlackSite,numberOfRobotsOnWhiteSite
19940,23,18
timeStep,numberOfRobotsOnBlackSite,numberOfRobotsOnWhiteSite
19941,23,18
timeStep,numberOfRobotsOnBlackSite,numberOfRobotsOnWhiteSite
19942,23,18
timeStep,numberOfRobotsOnBlackSite,numberOfRobotsOnWhiteSite
19943,23,18
timeStep,numberOfRobotsOnBlackSite,numberOfRobotsOnWhiteSite
19944,23,18
timeStep,numberOfRobotsOnBlackSite,numberOfRobotsOnWhiteSite
19945,23,18
timeStep,numberOfRobotsOnBlackSite,numberOfRobotsOnWhiteSite
19946,23,18
timeStep,numberOfRobotsOnBlackSite,numberOfRobotsOnWhiteSite
19947,23,18
timeStep,numberOfRobotsOnBlackSite,numberOfRobotsOnWhiteSite
19948,23,18
timeStep,numberOfRobotsOnBlackSite,numberOfRobotsOnWhiteSite
19949,23,18
timeStep,numberOfRobotsOnBlackSite,numberOfRobotsOnWhiteSite
19950,23,18
timeStep,numberOfRobotsOnBlackSite,numberOfRobotsOnWhiteSite
19951,23,18
timeStep,numberOfRobotsOnBlackSite,numberOfRobotsOnWhiteSite
19952,23,18
timeStep,numberOfRobotsOnBlackSite,numberOfRobotsOnWhiteSite
19953,23,18
timeStep,numberOfRobotsOnBlackSite,numberOfRobotsOnWhiteSite
19954,23,18
timeStep,numberOfRobotsOnBlackSite,numberOfRobotsOnWhiteSite
19955,23,18
timeStep,numberOfRobotsOnBlackSite,numberOfRobotsOnWhiteSite
19956,23,18
timeStep,numberOfRobotsOnBlackSite,numberOfRobotsOnWhiteSite
19957,23,18
timeStep,numberOfRobotsOnBlackSite,numberOfRobotsOnWhiteSite
19958,23,18
timeStep,numberOfRobotsOnBlackSite,numberOfRobotsOnWhiteSite
19959,23,18
timeStep,numberOfRobotsOnBlackSite,numberOfRobotsOnWhiteSite
19960,23,17
timeStep,numberOfRobotsOnBlackSite,numberOfRobotsOnWhiteSite
19961,23,17
timeStep,numberOfRobotsOnBlackSite,numberOfRobotsOnWhiteSite
19962,23,17
timeStep,numberOfRobotsOnBlackSite,numberOfRobotsOnWhiteSite
19963,23,17
timeStep,numberOfRobotsOnBlackSite,numberOfRobotsOnWhiteSite
19964,23,17
timeStep,numberOfRobotsOnBlackSite,numberOfRobotsOnWhiteSite
19965,23,17
timeStep,numberOfRobotsOnBlackSite,numberOfRobotsOnWhiteSite
19966,23,17
timeStep,numberOfRobotsOnBlackSite,numberOfRobotsOnWhiteSite
19967,23,17
timeStep,numberOfRobotsOnBlackSite,numberOfRobotsOnWhiteSite
19968,23,17
timeStep,numberOfRobotsOnBlackSite,numberOfRobotsOnWhiteSite
19969,23,17
timeStep,numberOfRobotsOnBlackSite,numberOfRobotsOnWhiteSite
19970,22,17
timeStep,numberOfRobotsOnBlackSite,numberOfRobotsOnWhiteSite
19971,22,17
timeStep,numberOfRobotsOnBlackSite,numberOfRobotsOnWhiteSite
19972,22,17
timeStep,numberOfRobotsOnBlackSite,numberOfRobotsOnWhiteSite
19973,22,17
timeStep,numberOfRobotsOnBlackSite,numberOfRobotsOnWhiteSite
19974,22,17
timeStep,numberOfRobotsOnBlackSite,numberOfRobotsOnWhiteSite
19975,22,17
timeStep,numberOfRobotsOnBlackSite,numberOfRobotsOnWhiteSite
19976,22,17
timeStep,numberOfRobotsOnBlackSite,numberOfRobotsOnWhiteSite
19977,22,17
timeStep,numberOfRobotsOnBlackSite,numberOfRobotsOnWhiteSite
19978,22,17
timeStep,numberOfRobotsOnBlackSite,numberOfRobotsOnWhiteSite
19979,22,17
timeStep,numberOfRobotsOnBlackSite,numberOfRobotsOnWhiteSite
19980,22,17
timeStep,numberOfRobotsOnBlackSite,numberOfRobotsOnWhiteSite
19981,22,17
timeStep,numberOfRobotsOnBlackSite,numberOfRobotsOnWhiteSite
19982,22,17
timeStep,numberOfRobotsOnBlackSite,numberOfRobotsOnWhiteSite
19983,22,17
timeStep,numberOfRobotsOnBlackSite,numberOfRobotsOnWhiteSite
19984,22,17
timeStep,numberOfRobotsOnBlackSite,numberOfRobotsOnWhiteSite
19985,22,17
timeStep,numberOfRobotsOnBlackSite,numberOfRobotsOnWhiteSite
19986,22,17
timeStep,numberOfRobotsOnBlackSite,numberOfRobotsOnWhiteSite
19987,22,17
timeStep,numberOfRobotsOnBlackSite,numberOfRobotsOnWhiteSite
19988,22,17
timeStep,numberOfRobotsOnBlackSite,numberOfRobotsOnWhiteSite
19989,22,17
timeStep,numberOfRobotsOnBlackSite,numberOfRobotsOnWhiteSite
19990,22,16
timeStep,numberOfRobotsOnBlackSite,numberOfRobotsOnWhiteSite
19991,22,16
timeStep,numberOfRobotsOnBlackSite,numberOfRobotsOnWhiteSite
19992,22,16
timeStep,numberOfRobotsOnBlackSite,numberOfRobotsOnWhiteSite
19993,22,16
timeStep,numberOfRobotsOnBlackSite,numberOfRobotsOnWhiteSite
19994,22,16
timeStep,numberOfRobotsOnBlackSite,numberOfRobotsOnWhiteSite
19995,22,16
timeStep,numberOfRobotsOnBlackSite,numberOfRobotsOnWhiteSite
19996,22,16
timeStep,numberOfRobotsOnBlackSite,numberOfRobotsOnWhiteSite
19997,22,16
timeStep,numberOfRobotsOnBlackSite,numberOfRobotsOnWhiteSite
19998,22,16
timeStep,numberOfRobotsOnBlackSite,numberOfRobotsOnWhiteSite
19999,22,16
timeStep,numberOfRobotsOnBlackSite,numberOfRobotsOnWhiteSite
20000,22,16
timeStep,numberOfRobotsOnBlackSite,numberOfRobotsOnWhiteSite
20001,22,16
timeStep,numberOfRobotsOnBlackSite,numberOfRobotsOnWhiteSite
20002,22,16
timeStep,numberOfRobotsOnBlackSite,numberOfRobotsOnWhiteSite
20003,22,16
timeStep,numberOfRobotsOnBlackSite,numberOfRobotsOnWhiteSite
20004,22,16
timeStep,numberOfRobotsOnBlackSite,numberOfRobotsOnWhiteSite
20005,22,16
timeStep,numberOfRobotsOnBlackSite,numberOfRobotsOnWhiteSite
20006,22,16
timeStep,numberOfRobotsOnBlackSite,numberOfRobotsOnWhiteSite
20007,22,16
timeStep,numberOfRobotsOnBlackSite,numberOfRobotsOnWhiteSite
20008,22,16
timeStep,numberOfRobotsOnBlackSite,numberOfRobotsOnWhiteSite
20009,22,16
timeStep,numberOfRobotsOnBlackSite,numberOfRobotsOnWhiteSite
20010,22,16
timeStep,numberOfRobotsOnBlackSite,numberOfRobotsOnWhiteSite
20011,22,16
timeStep,numberOfRobotsOnBlackSite,numberOfRobotsOnWhiteSite
20012,22,16
timeStep,numberOfRobotsOnBlackSite,numberOfRobotsOnWhiteSite
20013,22,16
timeStep,numberOfRobotsOnBlackSite,numberOfRobotsOnWhiteSite
20014,22,16
timeStep,numberOfRobotsOnBlackSite,numberOfRobotsOnWhiteSite
20015,22,16
timeStep,numberOfRobotsOnBlackSite,numberOfRobotsOnWhiteSite
20016,22,16
timeStep,numberOfRobotsOnBlackSite,numberOfRobotsOnWhiteSite
20017,22,16
timeStep,numberOfRobotsOnBlackSite,numberOfRobotsOnWhiteSite
20018,22,16
timeStep,numberOfRobotsOnBlackSite,numberOfRobotsOnWhiteSite
20019,22,16
timeStep,numberOfRobotsOnBlackSite,numberOfRobotsOnWhiteSite
20020,22,16
timeStep,numberOfRobotsOnBlackSite,numberOfRobotsOnWhiteSite
20021,22,16
timeStep,numberOfRobotsOnBlackSite,numberOfRobotsOnWhiteSite
20022,22,16
timeStep,numberOfRobotsOnBlackSite,numberOfRobotsOnWhiteSite
20023,22,16
timeStep,numberOfRobotsOnBlackSite,numberOfRobotsOnWhiteSite
20024,22,16
timeStep,numberOfRobotsOnBlackSite,numberOfRobotsOnWhiteSite
20025,22,17
timeStep,numberOfRobotsOnBlackSite,numberOfRobotsOnWhiteSite
20026,22,17
timeStep,numberOfRobotsOnBlackSite,numberOfRobotsOnWhiteSite
20027,22,17
timeStep,numberOfRobotsOnBlackSite,numberOfRobotsOnWhiteSite
20028,22,17
timeStep,numberOfRobotsOnBlackSite,numberOfRobotsOnWhiteSite
20029,22,17
timeStep,numberOfRobotsOnBlackSite,numberOfRobotsOnWhiteSite
20030,22,17
timeStep,numberOfRobotsOnBlackSite,numberOfRobotsOnWhiteSite
20031,22,17
timeStep,numberOfRobotsOnBlackSite,numberOfRobotsOnWhiteSite
20032,22,17
timeStep,numberOfRobotsOnBlackSite,numberOfRobotsOnWhiteSite
20033,22,17
timeStep,numberOfRobotsOnBlackSite,numberOfRobotsOnWhiteSite
20034,22,17
timeStep,numberOfRobotsOnBlackSite,numberOfRobotsOnWhiteSite
20035,22,17
timeStep,numberOfRobotsOnBlackSite,numberOfRobotsOnWhiteSite
20036,22,17
timeStep,numberOfRobotsOnBlackSite,numberOfRobotsOnWhiteSite
20037,22,17
timeStep,numberOfRobotsOnBlackSite,numberOfRobotsOnWhiteSite
20038,22,17
timeStep,numberOfRobotsOnBlackSite,numberOfRobotsOnWhiteSite
20039,22,17
timeStep,numberOfRobotsOnBlackSite,numberOfRobotsOnWhiteSite
20040,23,17
timeStep,numberOfRobotsOnBlackSite,numberOfRobotsOnWhiteSite
20041,23,17
timeStep,numberOfRobotsOnBlackSite,numberOfRobotsOnWhiteSite
20042,23,17
timeStep,numberOfRobotsOnBlackSite,numberOfRobotsOnWhiteSite
20043,23,17
timeStep,numberOfRobotsOnBlackSite,numberOfRobotsOnWhiteSite
20044,23,17
timeStep,numberOfRobotsOnBlackSite,numberOfRobotsOnWhiteSite
20045,23,17
timeStep,numberOfRobotsOnBlackSite,numberOfRobotsOnWhiteSite
20046,23,17
timeStep,numberOfRobotsOnBlackSite,numberOfRobotsOnWhiteSite
20047,23,17
timeStep,numberOfRobotsOnBlackSite,numberOfRobotsOnWhiteSite
20048,23,17
timeStep,numberOfRobotsOnBlackSite,numberOfRobotsOnWhiteSite
20049,23,17
timeStep,numberOfRobotsOnBlackSite,numberOfRobotsOnWhiteSite
20050,23,17
timeStep,numberOfRobotsOnBlackSite,numberOfRobotsOnWhiteSite
20051,23,17
timeStep,numberOfRobotsOnBlackSite,numberOfRobotsOnWhiteSite
20052,23,17
timeStep,numberOfRobotsOnBlackSite,numberOfRobotsOnWhiteSite
20053,23,17
timeStep,numberOfRobotsOnBlackSite,numberOfRobotsOnWhiteSite
20054,23,17
timeStep,numberOfRobotsOnBlackSite,numberOfRobotsOnWhiteSite
20055,23,17
timeStep,numberOfRobotsOnBlackSite,numberOfRobotsOnWhiteSite
20056,23,17
timeStep,numberOfRobotsOnBlackSite,numberOfRobotsOnWhiteSite
20057,23,17
timeStep,numberOfRobotsOnBlackSite,numberOfRobotsOnWhiteSite
20058,23,17
timeStep,numberOfRobotsOnBlackSite,numberOfRobotsOnWhiteSite
20059,23,17
timeStep,numberOfRobotsOnBlackSite,numberOfRobotsOnWhiteSite
20060,23,17
timeStep,numberOfRobotsOnBlackSite,numberOfRobotsOnWhiteSite
20061,23,17
timeStep,numberOfRobotsOnBlackSite,numberOfRobotsOnWhiteSite
20062,23,17
timeStep,numberOfRobotsOnBlackSite,numberOfRobotsOnWhiteSite
20063,23,17
timeStep,numberOfRobotsOnBlackSite,numberOfRobotsOnWhiteSite
20064,23,17
timeStep,numberOfRobotsOnBlackSite,numberOfRobotsOnWhiteSite
20065,23,17
timeStep,numberOfRobotsOnBlackSite,numberOfRobotsOnWhiteSite
20066,23,17
timeStep,numberOfRobotsOnBlackSite,numberOfRobotsOnWhiteSite
20067,23,17
timeStep,numberOfRobotsOnBlackSite,numberOfRobotsOnWhiteSite
20068,23,17
timeStep,numberOfRobotsOnBlackSite,numberOfRobotsOnWhiteSite
20069,23,17
timeStep,numberOfRobotsOnBlackSite,numberOfRobotsOnWhiteSite
20070,23,17
timeStep,numberOfRobotsOnBlackSite,numberOfRobotsOnWhiteSite
20071,23,17
timeStep,numberOfRobotsOnBlackSite,numberOfRobotsOnWhiteSite
20072,23,17
timeStep,numberOfRobotsOnBlackSite,numberOfRobotsOnWhiteSite
20073,23,17
timeStep,numberOfRobotsOnBlackSite,numberOfRobotsOnWhiteSite
20074,23,17
timeStep,numberOfRobotsOnBlackSite,numberOfRobotsOnWhiteSite
20075,23,17
timeStep,numberOfRobotsOnBlackSite,numberOfRobotsOnWhiteSite
20076,23,17
timeStep,numberOfRobotsOnBlackSite,numberOfRobotsOnWhiteSite
20077,23,17
timeStep,numberOfRobotsOnBlackSite,numberOfRobotsOnWhiteSite
20078,23,17
timeStep,numberOfRobotsOnBlackSite,numberOfRobotsOnWhiteSite
20079,23,17
timeStep,numberOfRobotsOnBlackSite,numberOfRobotsOnWhiteSite
20080,23,17
timeStep,numberOfRobotsOnBlackSite,numberOfRobotsOnWhiteSite
20081,23,17
timeStep,numberOfRobotsOnBlackSite,numberOfRobotsOnWhiteSite
20082,23,17
timeStep,numberOfRobotsOnBlackSite,numberOfRobotsOnWhiteSite
20083,23,17
timeStep,numberOfRobotsOnBlackSite,numberOfRobotsOnWhiteSite
20084,23,17
timeStep,numberOfRobotsOnBlackSite,numberOfRobotsOnWhiteSite
20085,23,17
timeStep,numberOfRobotsOnBlackSite,numberOfRobotsOnWhiteSite
20086,23,17
timeStep,numberOfRobotsOnBlackSite,numberOfRobotsOnWhiteSite
20087,23,17
timeStep,numberOfRobotsOnBlackSite,numberOfRobotsOnWhiteSite
20088,23,17
timeStep,numberOfRobotsOnBlackSite,numberOfRobotsOnWhiteSite
20089,23,17
timeStep,numberOfRobotsOnBlackSite,numberOfRobotsOnWhiteSite
20090,23,17
timeStep,numberOfRobotsOnBlackSite,numberOfRobotsOnWhiteSite
20091,23,17
timeStep,numberOfRobotsOnBlackSite,numberOfRobotsOnWhiteSite
20092,23,17
timeStep,numberOfRobotsOnBlackSite,numberOfRobotsOnWhiteSite
20093,23,17
timeStep,numberOfRobotsOnBlackSite,numberOfRobotsOnWhiteSite
20094,23,17
timeStep,numberOfRobotsOnBlackSite,numberOfRobotsOnWhiteSite
20095,23,17
timeStep,numberOfRobotsOnBlackSite,numberOfRobotsOnWhiteSite
20096,23,17
timeStep,numberOfRobotsOnBlackSite,numberOfRobotsOnWhiteSite
20097,23,17
timeStep,numberOfRobotsOnBlackSite,numberOfRobotsOnWhiteSite
20098,23,17
timeStep,numberOfRobotsOnBlackSite,numberOfRobotsOnWhiteSite
20099,23,17
timeStep,numberOfRobotsOnBlackSite,numberOfRobotsOnWhiteSite
20100,23,17
timeStep,numberOfRobotsOnBlackSite,numberOfRobotsOnWhiteSite
20101,23,17
timeStep,numberOfRobotsOnBlackSite,numberOfRobotsOnWhiteSite
20102,23,17
timeStep,numberOfRobotsOnBlackSite,numberOfRobotsOnWhiteSite
20103,23,17
timeStep,numberOfRobotsOnBlackSite,numberOfRobotsOnWhiteSite
20104,23,17
timeStep,numberOfRobotsOnBlackSite,numberOfRobotsOnWhiteSite
20105,23,17
timeStep,numberOfRobotsOnBlackSite,numberOfRobotsOnWhiteSite
20106,23,17
timeStep,numberOfRobotsOnBlackSite,numberOfRobotsOnWhiteSite
20107,23,17
timeStep,numberOfRobotsOnBlackSite,numberOfRobotsOnWhiteSite
20108,23,17
timeStep,numberOfRobotsOnBlackSite,numberOfRobotsOnWhiteSite
20109,23,17
timeStep,numberOfRobotsOnBlackSite,numberOfRobotsOnWhiteSite
20110,23,17
timeStep,numberOfRobotsOnBlackSite,numberOfRobotsOnWhiteSite
20111,23,17
timeStep,numberOfRobotsOnBlackSite,numberOfRobotsOnWhiteSite
20112,23,17
timeStep,numberOfRobotsOnBlackSite,numberOfRobotsOnWhiteSite
20113,23,17
timeStep,numberOfRobotsOnBlackSite,numberOfRobotsOnWhiteSite
20114,23,17
timeStep,numberOfRobotsOnBlackSite,numberOfRobotsOnWhiteSite
20115,23,17
timeStep,numberOfRobotsOnBlackSite,numberOfRobotsOnWhiteSite
20116,23,17
timeStep,numberOfRobotsOnBlackSite,numberOfRobotsOnWhiteSite
20117,23,17
timeStep,numberOfRobotsOnBlackSite,numberOfRobotsOnWhiteSite
20118,23,17
timeStep,numberOfRobotsOnBlackSite,numberOfRobotsOnWhiteSite
20119,23,17
timeStep,numberOfRobotsOnBlackSite,numberOfRobotsOnWhiteSite
20120,23,17
timeStep,numberOfRobotsOnBlackSite,numberOfRobotsOnWhiteSite
20121,23,17
timeStep,numberOfRobotsOnBlackSite,numberOfRobotsOnWhiteSite
20122,23,17
timeStep,numberOfRobotsOnBlackSite,numberOfRobotsOnWhiteSite
20123,23,17
timeStep,numberOfRobotsOnBlackSite,numberOfRobotsOnWhiteSite
20124,23,17
timeStep,numberOfRobotsOnBlackSite,numberOfRobotsOnWhiteSite
20125,23,17
timeStep,numberOfRobotsOnBlackSite,numberOfRobotsOnWhiteSite
20126,23,17
timeStep,numberOfRobotsOnBlackSite,numberOfRobotsOnWhiteSite
20127,23,17
timeStep,numberOfRobotsOnBlackSite,numberOfRobotsOnWhiteSite
20128,23,17
timeStep,numberOfRobotsOnBlackSite,numberOfRobotsOnWhiteSite
20129,23,17
timeStep,numberOfRobotsOnBlackSite,numberOfRobotsOnWhiteSite
20130,23,17
timeStep,numberOfRobotsOnBlackSite,numberOfRobotsOnWhiteSite
20131,23,17
timeStep,numberOfRobotsOnBlackSite,numberOfRobotsOnWhiteSite
20132,23,17
timeStep,numberOfRobotsOnBlackSite,numberOfRobotsOnWhiteSite
20133,23,17
timeStep,numberOfRobotsOnBlackSite,numberOfRobotsOnWhiteSite
20134,23,17
timeStep,numberOfRobotsOnBlackSite,numberOfRobotsOnWhiteSite
20135,23,17
timeStep,numberOfRobotsOnBlackSite,numberOfRobotsOnWhiteSite
20136,23,17
timeStep,numberOfRobotsOnBlackSite,numberOfRobotsOnWhiteSite
20137,23,17
timeStep,numberOfRobotsOnBlackSite,numberOfRobotsOnWhiteSite
20138,23,17
timeStep,numberOfRobotsOnBlackSite,numberOfRobotsOnWhiteSite
20139,23,17
timeStep,numberOfRobotsOnBlackSite,numberOfRobotsOnWhiteSite
20140,23,17
timeStep,numberOfRobotsOnBlackSite,numberOfRobotsOnWhiteSite
20141,23,17
timeStep,numberOfRobotsOnBlackSite,numberOfRobotsOnWhiteSite
20142,23,17
timeStep,numberOfRobotsOnBlackSite,numberOfRobotsOnWhiteSite
20143,23,17
timeStep,numberOfRobotsOnBlackSite,numberOfRobotsOnWhiteSite
20144,23,17
timeStep,numberOfRobotsOnBlackSite,numberOfRobotsOnWhiteSite
20145,23,17
timeStep,numberOfRobotsOnBlackSite,numberOfRobotsOnWhiteSite
20146,23,17
timeStep,numberOfRobotsOnBlackSite,numberOfRobotsOnWhiteSite
20147,23,17
timeStep,numberOfRobotsOnBlackSite,numberOfRobotsOnWhiteSite
20148,23,17
timeStep,numberOfRobotsOnBlackSite,numberOfRobotsOnWhiteSite
20149,23,17
timeStep,numberOfRobotsOnBlackSite,numberOfRobotsOnWhiteSite
20150,23,17
timeStep,numberOfRobotsOnBlackSite,numberOfRobotsOnWhiteSite
20151,23,17
timeStep,numberOfRobotsOnBlackSite,numberOfRobotsOnWhiteSite
20152,23,17
timeStep,numberOfRobotsOnBlackSite,numberOfRobotsOnWhiteSite
20153,23,17
timeStep,numberOfRobotsOnBlackSite,numberOfRobotsOnWhiteSite
20154,23,17
timeStep,numberOfRobotsOnBlackSite,numberOfRobotsOnWhiteSite
20155,23,17
timeStep,numberOfRobotsOnBlackSite,numberOfRobotsOnWhiteSite
20156,23,17
timeStep,numberOfRobotsOnBlackSite,numberOfRobotsOnWhiteSite
20157,23,17
timeStep,numberOfRobotsOnBlackSite,numberOfRobotsOnWhiteSite
20158,23,17
timeStep,numberOfRobotsOnBlackSite,numberOfRobotsOnWhiteSite
20159,23,17
timeStep,numberOfRobotsOnBlackSite,numberOfRobotsOnWhiteSite
20160,23,17
timeStep,numberOfRobotsOnBlackSite,numberOfRobotsOnWhiteSite
20161,23,17
timeStep,numberOfRobotsOnBlackSite,numberOfRobotsOnWhiteSite
20162,23,17
timeStep,numberOfRobotsOnBlackSite,numberOfRobotsOnWhiteSite
20163,23,17
timeStep,numberOfRobotsOnBlackSite,numberOfRobotsOnWhiteSite
20164,23,17
timeStep,numberOfRobotsOnBlackSite,numberOfRobotsOnWhiteSite
20165,23,17
timeStep,numberOfRobotsOnBlackSite,numberOfRobotsOnWhiteSite
20166,23,17
timeStep,numberOfRobotsOnBlackSite,numberOfRobotsOnWhiteSite
20167,23,17
timeStep,numberOfRobotsOnBlackSite,numberOfRobotsOnWhiteSite
20168,23,17
timeStep,numberOfRobotsOnBlackSite,numberOfRobotsOnWhiteSite
20169,23,17
timeStep,numberOfRobotsOnBlackSite,numberOfRobotsOnWhiteSite
20170,23,17
timeStep,numberOfRobotsOnBlackSite,numberOfRobotsOnWhiteSite
20171,23,17
timeStep,numberOfRobotsOnBlackSite,numberOfRobotsOnWhiteSite
20172,23,17
timeStep,numberOfRobotsOnBlackSite,numberOfRobotsOnWhiteSite
20173,23,17
timeStep,numberOfRobotsOnBlackSite,numberOfRobotsOnWhiteSite
20174,23,17
timeStep,numberOfRobotsOnBlackSite,numberOfRobotsOnWhiteSite
20175,23,17
timeStep,numberOfRobotsOnBlackSite,numberOfRobotsOnWhiteSite
20176,23,17
timeStep,numberOfRobotsOnBlackSite,numberOfRobotsOnWhiteSite
20177,23,17
timeStep,numberOfRobotsOnBlackSite,numberOfRobotsOnWhiteSite
20178,23,17
timeStep,numberOfRobotsOnBlackSite,numberOfRobotsOnWhiteSite
20179,23,17
timeStep,numberOfRobotsOnBlackSite,numberOfRobotsOnWhiteSite
20180,23,17
timeStep,numberOfRobotsOnBlackSite,numberOfRobotsOnWhiteSite
20181,23,17
timeStep,numberOfRobotsOnBlackSite,numberOfRobotsOnWhiteSite
20182,23,17
timeStep,numberOfRobotsOnBlackSite,numberOfRobotsOnWhiteSite
20183,23,17
timeStep,numberOfRobotsOnBlackSite,numberOfRobotsOnWhiteSite
20184,23,17
timeStep,numberOfRobotsOnBlackSite,numberOfRobotsOnWhiteSite
20185,23,17
timeStep,numberOfRobotsOnBlackSite,numberOfRobotsOnWhiteSite
20186,23,17
timeStep,numberOfRobotsOnBlackSite,numberOfRobotsOnWhiteSite
20187,23,17
timeStep,numberOfRobotsOnBlackSite,numberOfRobotsOnWhiteSite
20188,23,17
timeStep,numberOfRobotsOnBlackSite,numberOfRobotsOnWhiteSite
20189,23,17
timeStep,numberOfRobotsOnBlackSite,numberOfRobotsOnWhiteSite
20190,23,18
timeStep,numberOfRobotsOnBlackSite,numberOfRobotsOnWhiteSite
20191,23,18
timeStep,numberOfRobotsOnBlackSite,numberOfRobotsOnWhiteSite
20192,23,18
timeStep,numberOfRobotsOnBlackSite,numberOfRobotsOnWhiteSite
20193,23,18
timeStep,numberOfRobotsOnBlackSite,numberOfRobotsOnWhiteSite
20194,23,18
timeStep,numberOfRobotsOnBlackSite,numberOfRobotsOnWhiteSite
20195,23,18
timeStep,numberOfRobotsOnBlackSite,numberOfRobotsOnWhiteSite
20196,23,18
timeStep,numberOfRobotsOnBlackSite,numberOfRobotsOnWhiteSite
20197,23,18
timeStep,numberOfRobotsOnBlackSite,numberOfRobotsOnWhiteSite
20198,23,18
timeStep,numberOfRobotsOnBlackSite,numberOfRobotsOnWhiteSite
20199,23,18
timeStep,numberOfRobotsOnBlackSite,numberOfRobotsOnWhiteSite
20200,23,18
timeStep,numberOfRobotsOnBlackSite,numberOfRobotsOnWhiteSite
20201,23,18
timeStep,numberOfRobotsOnBlackSite,numberOfRobotsOnWhiteSite
20202,23,18
timeStep,numberOfRobotsOnBlackSite,numberOfRobotsOnWhiteSite
20203,23,18
timeStep,numberOfRobotsOnBlackSite,numberOfRobotsOnWhiteSite
20204,23,18
timeStep,numberOfRobotsOnBlackSite,numberOfRobotsOnWhiteSite
20205,23,18
timeStep,numberOfRobotsOnBlackSite,numberOfRobotsOnWhiteSite
20206,23,18
timeStep,numberOfRobotsOnBlackSite,numberOfRobotsOnWhiteSite
20207,23,18
timeStep,numberOfRobotsOnBlackSite,numberOfRobotsOnWhiteSite
20208,23,18
timeStep,numberOfRobotsOnBlackSite,numberOfRobotsOnWhiteSite
20209,23,18
timeStep,numberOfRobotsOnBlackSite,numberOfRobotsOnWhiteSite
20210,23,18
timeStep,numberOfRobotsOnBlackSite,numberOfRobotsOnWhiteSite
20211,23,18
timeStep,numberOfRobotsOnBlackSite,numberOfRobotsOnWhiteSite
20212,23,18
timeStep,numberOfRobotsOnBlackSite,numberOfRobotsOnWhiteSite
20213,23,18
timeStep,numberOfRobotsOnBlackSite,numberOfRobotsOnWhiteSite
20214,23,18
timeStep,numberOfRobotsOnBlackSite,numberOfRobotsOnWhiteSite
20215,23,18
timeStep,numberOfRobotsOnBlackSite,numberOfRobotsOnWhiteSite
20216,23,18
timeStep,numberOfRobotsOnBlackSite,numberOfRobotsOnWhiteSite
20217,23,18
timeStep,numberOfRobotsOnBlackSite,numberOfRobotsOnWhiteSite
20218,23,18
timeStep,numberOfRobotsOnBlackSite,numberOfRobotsOnWhiteSite
20219,23,18
timeStep,numberOfRobotsOnBlackSite,numberOfRobotsOnWhiteSite
20220,23,18
timeStep,numberOfRobotsOnBlackSite,numberOfRobotsOnWhiteSite
20221,23,18
timeStep,numberOfRobotsOnBlackSite,numberOfRobotsOnWhiteSite
20222,23,18
timeStep,numberOfRobotsOnBlackSite,numberOfRobotsOnWhiteSite
20223,23,18
timeStep,numberOfRobotsOnBlackSite,numberOfRobotsOnWhiteSite
20224,23,18
timeStep,numberOfRobotsOnBlackSite,numberOfRobotsOnWhiteSite
20225,23,18
timeStep,numberOfRobotsOnBlackSite,numberOfRobotsOnWhiteSite
20226,23,18
timeStep,numberOfRobotsOnBlackSite,numberOfRobotsOnWhiteSite
20227,23,18
timeStep,numberOfRobotsOnBlackSite,numberOfRobotsOnWhiteSite
20228,23,18
timeStep,numberOfRobotsOnBlackSite,numberOfRobotsOnWhiteSite
20229,23,18
timeStep,numberOfRobotsOnBlackSite,numberOfRobotsOnWhiteSite
20230,23,18
timeStep,numberOfRobotsOnBlackSite,numberOfRobotsOnWhiteSite
20231,23,18
timeStep,numberOfRobotsOnBlackSite,numberOfRobotsOnWhiteSite
20232,23,18
timeStep,numberOfRobotsOnBlackSite,numberOfRobotsOnWhiteSite
20233,23,18
timeStep,numberOfRobotsOnBlackSite,numberOfRobotsOnWhiteSite
20234,23,18
timeStep,numberOfRobotsOnBlackSite,numberOfRobotsOnWhiteSite
20235,23,18
timeStep,numberOfRobotsOnBlackSite,numberOfRobotsOnWhiteSite
20236,23,18
timeStep,numberOfRobotsOnBlackSite,numberOfRobotsOnWhiteSite
20237,23,18
timeStep,numberOfRobotsOnBlackSite,numberOfRobotsOnWhiteSite
20238,23,18
timeStep,numberOfRobotsOnBlackSite,numberOfRobotsOnWhiteSite
20239,23,18
timeStep,numberOfRobotsOnBlackSite,numberOfRobotsOnWhiteSite
20240,23,18
timeStep,numberOfRobotsOnBlackSite,numberOfRobotsOnWhiteSite
20241,23,18
timeStep,numberOfRobotsOnBlackSite,numberOfRobotsOnWhiteSite
20242,23,18
timeStep,numberOfRobotsOnBlackSite,numberOfRobotsOnWhiteSite
20243,23,18
timeStep,numberOfRobotsOnBlackSite,numberOfRobotsOnWhiteSite
20244,23,18
timeStep,numberOfRobotsOnBlackSite,numberOfRobotsOnWhiteSite
20245,23,18
timeStep,numberOfRobotsOnBlackSite,numberOfRobotsOnWhiteSite
20246,23,18
timeStep,numberOfRobotsOnBlackSite,numberOfRobotsOnWhiteSite
20247,23,18
timeStep,numberOfRobotsOnBlackSite,numberOfRobotsOnWhiteSite
20248,23,18
timeStep,numberOfRobotsOnBlackSite,numberOfRobotsOnWhiteSite
20249,23,18
timeStep,numberOfRobotsOnBlackSite,numberOfRobotsOnWhiteSite
20250,23,18
timeStep,numberOfRobotsOnBlackSite,numberOfRobotsOnWhiteSite
20251,23,18
timeStep,numberOfRobotsOnBlackSite,numberOfRobotsOnWhiteSite
20252,23,18
timeStep,numberOfRobotsOnBlackSite,numberOfRobotsOnWhiteSite
20253,23,18
timeStep,numberOfRobotsOnBlackSite,numberOfRobotsOnWhiteSite
20254,23,18
timeStep,numberOfRobotsOnBlackSite,numberOfRobotsOnWhiteSite
20255,23,19
timeStep,numberOfRobotsOnBlackSite,numberOfRobotsOnWhiteSite
20256,23,19
timeStep,numberOfRobotsOnBlackSite,numberOfRobotsOnWhiteSite
20257,23,19
timeStep,numberOfRobotsOnBlackSite,numberOfRobotsOnWhiteSite
20258,23,19
timeStep,numberOfRobotsOnBlackSite,numberOfRobotsOnWhiteSite
20259,23,19
timeStep,numberOfRobotsOnBlackSite,numberOfRobotsOnWhiteSite
20260,23,19
timeStep,numberOfRobotsOnBlackSite,numberOfRobotsOnWhiteSite
20261,23,19
timeStep,numberOfRobotsOnBlackSite,numberOfRobotsOnWhiteSite
20262,23,19
timeStep,numberOfRobotsOnBlackSite,numberOfRobotsOnWhiteSite
20263,23,19
timeStep,numberOfRobotsOnBlackSite,numberOfRobotsOnWhiteSite
20264,23,19
timeStep,numberOfRobotsOnBlackSite,numberOfRobotsOnWhiteSite
20265,23,19
timeStep,numberOfRobotsOnBlackSite,numberOfRobotsOnWhiteSite
20266,23,19
timeStep,numberOfRobotsOnBlackSite,numberOfRobotsOnWhiteSite
20267,23,19
timeStep,numberOfRobotsOnBlackSite,numberOfRobotsOnWhiteSite
20268,23,19
timeStep,numberOfRobotsOnBlackSite,numberOfRobotsOnWhiteSite
20269,23,19
timeStep,numberOfRobotsOnBlackSite,numberOfRobotsOnWhiteSite
20270,23,19
timeStep,numberOfRobotsOnBlackSite,numberOfRobotsOnWhiteSite
20271,23,19
timeStep,numberOfRobotsOnBlackSite,numberOfRobotsOnWhiteSite
20272,23,19
timeStep,numberOfRobotsOnBlackSite,numberOfRobotsOnWhiteSite
20273,23,19
timeStep,numberOfRobotsOnBlackSite,numberOfRobotsOnWhiteSite
20274,23,19
timeStep,numberOfRobotsOnBlackSite,numberOfRobotsOnWhiteSite
20275,23,19
timeStep,numberOfRobotsOnBlackSite,numberOfRobotsOnWhiteSite
20276,23,19
timeStep,numberOfRobotsOnBlackSite,numberOfRobotsOnWhiteSite
20277,23,19
timeStep,numberOfRobotsOnBlackSite,numberOfRobotsOnWhiteSite
20278,23,19
timeStep,numberOfRobotsOnBlackSite,numberOfRobotsOnWhiteSite
20279,23,19
timeStep,numberOfRobotsOnBlackSite,numberOfRobotsOnWhiteSite
20280,23,19
timeStep,numberOfRobotsOnBlackSite,numberOfRobotsOnWhiteSite
20281,23,19
timeStep,numberOfRobotsOnBlackSite,numberOfRobotsOnWhiteSite
20282,23,19
timeStep,numberOfRobotsOnBlackSite,numberOfRobotsOnWhiteSite
20283,23,19
timeStep,numberOfRobotsOnBlackSite,numberOfRobotsOnWhiteSite
20284,23,19
timeStep,numberOfRobotsOnBlackSite,numberOfRobotsOnWhiteSite
20285,23,19
timeStep,numberOfRobotsOnBlackSite,numberOfRobotsOnWhiteSite
20286,23,19
timeStep,numberOfRobotsOnBlackSite,numberOfRobotsOnWhiteSite
20287,23,19
timeStep,numberOfRobotsOnBlackSite,numberOfRobotsOnWhiteSite
20288,23,19
timeStep,numberOfRobotsOnBlackSite,numberOfRobotsOnWhiteSite
20289,23,19
timeStep,numberOfRobotsOnBlackSite,numberOfRobotsOnWhiteSite
20290,23,19
timeStep,numberOfRobotsOnBlackSite,numberOfRobotsOnWhiteSite
20291,23,19
timeStep,numberOfRobotsOnBlackSite,numberOfRobotsOnWhiteSite
20292,23,19
timeStep,numberOfRobotsOnBlackSite,numberOfRobotsOnWhiteSite
20293,23,19
timeStep,numberOfRobotsOnBlackSite,numberOfRobotsOnWhiteSite
20294,23,19
timeStep,numberOfRobotsOnBlackSite,numberOfRobotsOnWhiteSite
20295,23,19
timeStep,numberOfRobotsOnBlackSite,numberOfRobotsOnWhiteSite
20296,23,19
timeStep,numberOfRobotsOnBlackSite,numberOfRobotsOnWhiteSite
20297,23,19
timeStep,numberOfRobotsOnBlackSite,numberOfRobotsOnWhiteSite
20298,23,19
timeStep,numberOfRobotsOnBlackSite,numberOfRobotsOnWhiteSite
20299,23,19
timeStep,numberOfRobotsOnBlackSite,numberOfRobotsOnWhiteSite
20300,23,19
timeStep,numberOfRobotsOnBlackSite,numberOfRobotsOnWhiteSite
20301,23,19
timeStep,numberOfRobotsOnBlackSite,numberOfRobotsOnWhiteSite
20302,23,19
timeStep,numberOfRobotsOnBlackSite,numberOfRobotsOnWhiteSite
20303,23,19
timeStep,numberOfRobotsOnBlackSite,numberOfRobotsOnWhiteSite
20304,23,19
timeStep,numberOfRobotsOnBlackSite,numberOfRobotsOnWhiteSite
20305,23,19
timeStep,numberOfRobotsOnBlackSite,numberOfRobotsOnWhiteSite
20306,23,19
timeStep,numberOfRobotsOnBlackSite,numberOfRobotsOnWhiteSite
20307,23,19
timeStep,numberOfRobotsOnBlackSite,numberOfRobotsOnWhiteSite
20308,23,19
timeStep,numberOfRobotsOnBlackSite,numberOfRobotsOnWhiteSite
20309,23,19
timeStep,numberOfRobotsOnBlackSite,numberOfRobotsOnWhiteSite
20310,23,19
timeStep,numberOfRobotsOnBlackSite,numberOfRobotsOnWhiteSite
20311,23,19
timeStep,numberOfRobotsOnBlackSite,numberOfRobotsOnWhiteSite
20312,23,19
timeStep,numberOfRobotsOnBlackSite,numberOfRobotsOnWhiteSite
20313,23,19
timeStep,numberOfRobotsOnBlackSite,numberOfRobotsOnWhiteSite
20314,23,19
timeStep,numberOfRobotsOnBlackSite,numberOfRobotsOnWhiteSite
20315,23,19
timeStep,numberOfRobotsOnBlackSite,numberOfRobotsOnWhiteSite
20316,23,19
timeStep,numberOfRobotsOnBlackSite,numberOfRobotsOnWhiteSite
20317,23,19
timeStep,numberOfRobotsOnBlackSite,numberOfRobotsOnWhiteSite
20318,23,19
timeStep,numberOfRobotsOnBlackSite,numberOfRobotsOnWhiteSite
20319,23,19
timeStep,numberOfRobotsOnBlackSite,numberOfRobotsOnWhiteSite
20320,22,19
timeStep,numberOfRobotsOnBlackSite,numberOfRobotsOnWhiteSite
20321,22,19
timeStep,numberOfRobotsOnBlackSite,numberOfRobotsOnWhiteSite
20322,22,19
timeStep,numberOfRobotsOnBlackSite,numberOfRobotsOnWhiteSite
20323,22,19
timeStep,numberOfRobotsOnBlackSite,numberOfRobotsOnWhiteSite
20324,22,19
timeStep,numberOfRobotsOnBlackSite,numberOfRobotsOnWhiteSite
20325,22,19
timeStep,numberOfRobotsOnBlackSite,numberOfRobotsOnWhiteSite
20326,22,19
timeStep,numberOfRobotsOnBlackSite,numberOfRobotsOnWhiteSite
20327,22,19
timeStep,numberOfRobotsOnBlackSite,numberOfRobotsOnWhiteSite
20328,22,19
timeStep,numberOfRobotsOnBlackSite,numberOfRobotsOnWhiteSite
20329,22,19
timeStep,numberOfRobotsOnBlackSite,numberOfRobotsOnWhiteSite
20330,21,18
timeStep,numberOfRobotsOnBlackSite,numberOfRobotsOnWhiteSite
20331,21,18
timeStep,numberOfRobotsOnBlackSite,numberOfRobotsOnWhiteSite
20332,21,18
timeStep,numberOfRobotsOnBlackSite,numberOfRobotsOnWhiteSite
20333,21,18
timeStep,numberOfRobotsOnBlackSite,numberOfRobotsOnWhiteSite
20334,21,18
timeStep,numberOfRobotsOnBlackSite,numberOfRobotsOnWhiteSite
20335,21,18
timeStep,numberOfRobotsOnBlackSite,numberOfRobotsOnWhiteSite
20336,21,18
timeStep,numberOfRobotsOnBlackSite,numberOfRobotsOnWhiteSite
20337,21,18
timeStep,numberOfRobotsOnBlackSite,numberOfRobotsOnWhiteSite
20338,21,18
timeStep,numberOfRobotsOnBlackSite,numberOfRobotsOnWhiteSite
20339,21,18
timeStep,numberOfRobotsOnBlackSite,numberOfRobotsOnWhiteSite
20340,21,18
timeStep,numberOfRobotsOnBlackSite,numberOfRobotsOnWhiteSite
20341,21,18
timeStep,numberOfRobotsOnBlackSite,numberOfRobotsOnWhiteSite
20342,21,18
timeStep,numberOfRobotsOnBlackSite,numberOfRobotsOnWhiteSite
20343,21,18
timeStep,numberOfRobotsOnBlackSite,numberOfRobotsOnWhiteSite
20344,21,18
timeStep,numberOfRobotsOnBlackSite,numberOfRobotsOnWhiteSite
20345,21,18
timeStep,numberOfRobotsOnBlackSite,numberOfRobotsOnWhiteSite
20346,21,18
timeStep,numberOfRobotsOnBlackSite,numberOfRobotsOnWhiteSite
20347,21,18
timeStep,numberOfRobotsOnBlackSite,numberOfRobotsOnWhiteSite
20348,21,18
timeStep,numberOfRobotsOnBlackSite,numberOfRobotsOnWhiteSite
20349,21,18
timeStep,numberOfRobotsOnBlackSite,numberOfRobotsOnWhiteSite
20350,21,18
timeStep,numberOfRobotsOnBlackSite,numberOfRobotsOnWhiteSite
20351,21,18
timeStep,numberOfRobotsOnBlackSite,numberOfRobotsOnWhiteSite
20352,21,18
timeStep,numberOfRobotsOnBlackSite,numberOfRobotsOnWhiteSite
20353,21,18
timeStep,numberOfRobotsOnBlackSite,numberOfRobotsOnWhiteSite
20354,21,18
timeStep,numberOfRobotsOnBlackSite,numberOfRobotsOnWhiteSite
20355,21,18
timeStep,numberOfRobotsOnBlackSite,numberOfRobotsOnWhiteSite
20356,21,18
timeStep,numberOfRobotsOnBlackSite,numberOfRobotsOnWhiteSite
20357,21,18
timeStep,numberOfRobotsOnBlackSite,numberOfRobotsOnWhiteSite
20358,21,18
timeStep,numberOfRobotsOnBlackSite,numberOfRobotsOnWhiteSite
20359,21,18
timeStep,numberOfRobotsOnBlackSite,numberOfRobotsOnWhiteSite
20360,21,18
timeStep,numberOfRobotsOnBlackSite,numberOfRobotsOnWhiteSite
20361,21,18
timeStep,numberOfRobotsOnBlackSite,numberOfRobotsOnWhiteSite
20362,21,18
timeStep,numberOfRobotsOnBlackSite,numberOfRobotsOnWhiteSite
20363,21,18
timeStep,numberOfRobotsOnBlackSite,numberOfRobotsOnWhiteSite
20364,21,18
timeStep,numberOfRobotsOnBlackSite,numberOfRobotsOnWhiteSite
20365,21,18
timeStep,numberOfRobotsOnBlackSite,numberOfRobotsOnWhiteSite
20366,21,18
timeStep,numberOfRobotsOnBlackSite,numberOfRobotsOnWhiteSite
20367,21,18
timeStep,numberOfRobotsOnBlackSite,numberOfRobotsOnWhiteSite
20368,21,18
timeStep,numberOfRobotsOnBlackSite,numberOfRobotsOnWhiteSite
20369,21,18
timeStep,numberOfRobotsOnBlackSite,numberOfRobotsOnWhiteSite
20370,21,18
timeStep,numberOfRobotsOnBlackSite,numberOfRobotsOnWhiteSite
20371,21,18
timeStep,numberOfRobotsOnBlackSite,numberOfRobotsOnWhiteSite
20372,21,18
timeStep,numberOfRobotsOnBlackSite,numberOfRobotsOnWhiteSite
20373,21,18
timeStep,numberOfRobotsOnBlackSite,numberOfRobotsOnWhiteSite
20374,21,18
timeStep,numberOfRobotsOnBlackSite,numberOfRobotsOnWhiteSite
20375,22,18
timeStep,numberOfRobotsOnBlackSite,numberOfRobotsOnWhiteSite
20376,22,18
timeStep,numberOfRobotsOnBlackSite,numberOfRobotsOnWhiteSite
20377,22,18
timeStep,numberOfRobotsOnBlackSite,numberOfRobotsOnWhiteSite
20378,22,18
timeStep,numberOfRobotsOnBlackSite,numberOfRobotsOnWhiteSite
20379,22,18
timeStep,numberOfRobotsOnBlackSite,numberOfRobotsOnWhiteSite
20380,22,18
timeStep,numberOfRobotsOnBlackSite,numberOfRobotsOnWhiteSite
20381,22,18
timeStep,numberOfRobotsOnBlackSite,numberOfRobotsOnWhiteSite
20382,22,18
timeStep,numberOfRobotsOnBlackSite,numberOfRobotsOnWhiteSite
20383,22,18
timeStep,numberOfRobotsOnBlackSite,numberOfRobotsOnWhiteSite
20384,22,18
timeStep,numberOfRobotsOnBlackSite,numberOfRobotsOnWhiteSite
20385,22,19
timeStep,numberOfRobotsOnBlackSite,numberOfRobotsOnWhiteSite
20386,22,19
timeStep,numberOfRobotsOnBlackSite,numberOfRobotsOnWhiteSite
20387,22,19
timeStep,numberOfRobotsOnBlackSite,numberOfRobotsOnWhiteSite
20388,22,19
timeStep,numberOfRobotsOnBlackSite,numberOfRobotsOnWhiteSite
20389,22,19
timeStep,numberOfRobotsOnBlackSite,numberOfRobotsOnWhiteSite
20390,22,19
timeStep,numberOfRobotsOnBlackSite,numberOfRobotsOnWhiteSite
20391,22,19
timeStep,numberOfRobotsOnBlackSite,numberOfRobotsOnWhiteSite
20392,22,19
timeStep,numberOfRobotsOnBlackSite,numberOfRobotsOnWhiteSite
20393,22,19
timeStep,numberOfRobotsOnBlackSite,numberOfRobotsOnWhiteSite
20394,22,19
timeStep,numberOfRobotsOnBlackSite,numberOfRobotsOnWhiteSite
20395,23,19
timeStep,numberOfRobotsOnBlackSite,numberOfRobotsOnWhiteSite
20396,23,19
timeStep,numberOfRobotsOnBlackSite,numberOfRobotsOnWhiteSite
20397,23,19
timeStep,numberOfRobotsOnBlackSite,numberOfRobotsOnWhiteSite
20398,23,19
timeStep,numberOfRobotsOnBlackSite,numberOfRobotsOnWhiteSite
20399,23,19
timeStep,numberOfRobotsOnBlackSite,numberOfRobotsOnWhiteSite
20400,23,19
timeStep,numberOfRobotsOnBlackSite,numberOfRobotsOnWhiteSite
20401,23,19
timeStep,numberOfRobotsOnBlackSite,numberOfRobotsOnWhiteSite
20402,23,19
timeStep,numberOfRobotsOnBlackSite,numberOfRobotsOnWhiteSite
20403,23,19
timeStep,numberOfRobotsOnBlackSite,numberOfRobotsOnWhiteSite
20404,23,19
timeStep,numberOfRobotsOnBlackSite,numberOfRobotsOnWhiteSite
20405,23,19
timeStep,numberOfRobotsOnBlackSite,numberOfRobotsOnWhiteSite
20406,23,19
timeStep,numberOfRobotsOnBlackSite,numberOfRobotsOnWhiteSite
20407,23,19
timeStep,numberOfRobotsOnBlackSite,numberOfRobotsOnWhiteSite
20408,23,19
timeStep,numberOfRobotsOnBlackSite,numberOfRobotsOnWhiteSite
20409,23,19
timeStep,numberOfRobotsOnBlackSite,numberOfRobotsOnWhiteSite
20410,23,19
timeStep,numberOfRobotsOnBlackSite,numberOfRobotsOnWhiteSite
20411,23,19
timeStep,numberOfRobotsOnBlackSite,numberOfRobotsOnWhiteSite
20412,23,19
timeStep,numberOfRobotsOnBlackSite,numberOfRobotsOnWhiteSite
20413,23,19
timeStep,numberOfRobotsOnBlackSite,numberOfRobotsOnWhiteSite
20414,23,19
timeStep,numberOfRobotsOnBlackSite,numberOfRobotsOnWhiteSite
20415,23,19
timeStep,numberOfRobotsOnBlackSite,numberOfRobotsOnWhiteSite
20416,23,19
timeStep,numberOfRobotsOnBlackSite,numberOfRobotsOnWhiteSite
20417,23,19
timeStep,numberOfRobotsOnBlackSite,numberOfRobotsOnWhiteSite
20418,23,19
timeStep,numberOfRobotsOnBlackSite,numberOfRobotsOnWhiteSite
20419,23,19
timeStep,numberOfRobotsOnBlackSite,numberOfRobotsOnWhiteSite
20420,23,19
timeStep,numberOfRobotsOnBlackSite,numberOfRobotsOnWhiteSite
20421,23,19
timeStep,numberOfRobotsOnBlackSite,numberOfRobotsOnWhiteSite
20422,23,19
timeStep,numberOfRobotsOnBlackSite,numberOfRobotsOnWhiteSite
20423,23,19
timeStep,numberOfRobotsOnBlackSite,numberOfRobotsOnWhiteSite
20424,23,19
timeStep,numberOfRobotsOnBlackSite,numberOfRobotsOnWhiteSite
20425,23,19
timeStep,numberOfRobotsOnBlackSite,numberOfRobotsOnWhiteSite
20426,23,19
timeStep,numberOfRobotsOnBlackSite,numberOfRobotsOnWhiteSite
20427,23,19
timeStep,numberOfRobotsOnBlackSite,numberOfRobotsOnWhiteSite
20428,23,19
timeStep,numberOfRobotsOnBlackSite,numberOfRobotsOnWhiteSite
20429,23,19
timeStep,numberOfRobotsOnBlackSite,numberOfRobotsOnWhiteSite
20430,23,19
timeStep,numberOfRobotsOnBlackSite,numberOfRobotsOnWhiteSite
20431,23,19
timeStep,numberOfRobotsOnBlackSite,numberOfRobotsOnWhiteSite
20432,23,19
timeStep,numberOfRobotsOnBlackSite,numberOfRobotsOnWhiteSite
20433,23,19
timeStep,numberOfRobotsOnBlackSite,numberOfRobotsOnWhiteSite
20434,23,19
timeStep,numberOfRobotsOnBlackSite,numberOfRobotsOnWhiteSite
20435,23,19
timeStep,numberOfRobotsOnBlackSite,numberOfRobotsOnWhiteSite
20436,23,19
timeStep,numberOfRobotsOnBlackSite,numberOfRobotsOnWhiteSite
20437,23,19
timeStep,numberOfRobotsOnBlackSite,numberOfRobotsOnWhiteSite
20438,23,19
timeStep,numberOfRobotsOnBlackSite,numberOfRobotsOnWhiteSite
20439,23,19
timeStep,numberOfRobotsOnBlackSite,numberOfRobotsOnWhiteSite
20440,23,19
timeStep,numberOfRobotsOnBlackSite,numberOfRobotsOnWhiteSite
20441,23,19
timeStep,numberOfRobotsOnBlackSite,numberOfRobotsOnWhiteSite
20442,23,19
timeStep,numberOfRobotsOnBlackSite,numberOfRobotsOnWhiteSite
20443,23,19
timeStep,numberOfRobotsOnBlackSite,numberOfRobotsOnWhiteSite
20444,23,19
timeStep,numberOfRobotsOnBlackSite,numberOfRobotsOnWhiteSite
20445,23,19
timeStep,numberOfRobotsOnBlackSite,numberOfRobotsOnWhiteSite
20446,23,19
timeStep,numberOfRobotsOnBlackSite,numberOfRobotsOnWhiteSite
20447,23,19
timeStep,numberOfRobotsOnBlackSite,numberOfRobotsOnWhiteSite
20448,23,19
timeStep,numberOfRobotsOnBlackSite,numberOfRobotsOnWhiteSite
20449,23,19
timeStep,numberOfRobotsOnBlackSite,numberOfRobotsOnWhiteSite
20450,23,19
timeStep,numberOfRobotsOnBlackSite,numberOfRobotsOnWhiteSite
20451,23,19
timeStep,numberOfRobotsOnBlackSite,numberOfRobotsOnWhiteSite
20452,23,19
timeStep,numberOfRobotsOnBlackSite,numberOfRobotsOnWhiteSite
20453,23,19
timeStep,numberOfRobotsOnBlackSite,numberOfRobotsOnWhiteSite
20454,23,19
timeStep,numberOfRobotsOnBlackSite,numberOfRobotsOnWhiteSite
20455,23,19
timeStep,numberOfRobotsOnBlackSite,numberOfRobotsOnWhiteSite
20456,23,19
timeStep,numberOfRobotsOnBlackSite,numberOfRobotsOnWhiteSite
20457,23,19
timeStep,numberOfRobotsOnBlackSite,numberOfRobotsOnWhiteSite
20458,23,19
timeStep,numberOfRobotsOnBlackSite,numberOfRobotsOnWhiteSite
20459,23,19
timeStep,numberOfRobotsOnBlackSite,numberOfRobotsOnWhiteSite
20460,23,19
timeStep,numberOfRobotsOnBlackSite,numberOfRobotsOnWhiteSite
20461,23,19
timeStep,numberOfRobotsOnBlackSite,numberOfRobotsOnWhiteSite
20462,23,19
timeStep,numberOfRobotsOnBlackSite,numberOfRobotsOnWhiteSite
20463,23,19
timeStep,numberOfRobotsOnBlackSite,numberOfRobotsOnWhiteSite
20464,23,19
timeStep,numberOfRobotsOnBlackSite,numberOfRobotsOnWhiteSite
20465,24,19
timeStep,numberOfRobotsOnBlackSite,numberOfRobotsOnWhiteSite
20466,24,19
timeStep,numberOfRobotsOnBlackSite,numberOfRobotsOnWhiteSite
20467,24,19
timeStep,numberOfRobotsOnBlackSite,numberOfRobotsOnWhiteSite
20468,24,19
timeStep,numberOfRobotsOnBlackSite,numberOfRobotsOnWhiteSite
20469,24,19
timeStep,numberOfRobotsOnBlackSite,numberOfRobotsOnWhiteSite
20470,24,19
timeStep,numberOfRobotsOnBlackSite,numberOfRobotsOnWhiteSite
20471,24,19
timeStep,numberOfRobotsOnBlackSite,numberOfRobotsOnWhiteSite
20472,24,19
timeStep,numberOfRobotsOnBlackSite,numberOfRobotsOnWhiteSite
20473,24,19
timeStep,numberOfRobotsOnBlackSite,numberOfRobotsOnWhiteSite
20474,24,19
timeStep,numberOfRobotsOnBlackSite,numberOfRobotsOnWhiteSite
20475,24,19
timeStep,numberOfRobotsOnBlackSite,numberOfRobotsOnWhiteSite
20476,24,19
timeStep,numberOfRobotsOnBlackSite,numberOfRobotsOnWhiteSite
20477,24,19
timeStep,numberOfRobotsOnBlackSite,numberOfRobotsOnWhiteSite
20478,24,19
timeStep,numberOfRobotsOnBlackSite,numberOfRobotsOnWhiteSite
20479,24,19
timeStep,numberOfRobotsOnBlackSite,numberOfRobotsOnWhiteSite
20480,23,19
timeStep,numberOfRobotsOnBlackSite,numberOfRobotsOnWhiteSite
20481,23,19
timeStep,numberOfRobotsOnBlackSite,numberOfRobotsOnWhiteSite
20482,23,19
timeStep,numberOfRobotsOnBlackSite,numberOfRobotsOnWhiteSite
20483,23,19
timeStep,numberOfRobotsOnBlackSite,numberOfRobotsOnWhiteSite
20484,23,19
timeStep,numberOfRobotsOnBlackSite,numberOfRobotsOnWhiteSite
20485,23,19
timeStep,numberOfRobotsOnBlackSite,numberOfRobotsOnWhiteSite
20486,23,19
timeStep,numberOfRobotsOnBlackSite,numberOfRobotsOnWhiteSite
20487,23,19
timeStep,numberOfRobotsOnBlackSite,numberOfRobotsOnWhiteSite
20488,23,19
timeStep,numberOfRobotsOnBlackSite,numberOfRobotsOnWhiteSite
20489,23,19
timeStep,numberOfRobotsOnBlackSite,numberOfRobotsOnWhiteSite
20490,23,19
timeStep,numberOfRobotsOnBlackSite,numberOfRobotsOnWhiteSite
20491,23,19
timeStep,numberOfRobotsOnBlackSite,numberOfRobotsOnWhiteSite
20492,23,19
timeStep,numberOfRobotsOnBlackSite,numberOfRobotsOnWhiteSite
20493,23,19
timeStep,numberOfRobotsOnBlackSite,numberOfRobotsOnWhiteSite
20494,23,19
timeStep,numberOfRobotsOnBlackSite,numberOfRobotsOnWhiteSite
20495,23,19
timeStep,numberOfRobotsOnBlackSite,numberOfRobotsOnWhiteSite
20496,23,19
timeStep,numberOfRobotsOnBlackSite,numberOfRobotsOnWhiteSite
20497,23,19
timeStep,numberOfRobotsOnBlackSite,numberOfRobotsOnWhiteSite
20498,23,19
timeStep,numberOfRobotsOnBlackSite,numberOfRobotsOnWhiteSite
20499,23,19
timeStep,numberOfRobotsOnBlackSite,numberOfRobotsOnWhiteSite
20500,23,19
timeStep,numberOfRobotsOnBlackSite,numberOfRobotsOnWhiteSite
20501,23,19
timeStep,numberOfRobotsOnBlackSite,numberOfRobotsOnWhiteSite
20502,23,19
timeStep,numberOfRobotsOnBlackSite,numberOfRobotsOnWhiteSite
20503,23,19
timeStep,numberOfRobotsOnBlackSite,numberOfRobotsOnWhiteSite
20504,23,19
timeStep,numberOfRobotsOnBlackSite,numberOfRobotsOnWhiteSite
20505,23,18
timeStep,numberOfRobotsOnBlackSite,numberOfRobotsOnWhiteSite
20506,23,18
timeStep,numberOfRobotsOnBlackSite,numberOfRobotsOnWhiteSite
20507,23,18
timeStep,numberOfRobotsOnBlackSite,numberOfRobotsOnWhiteSite
20508,23,18
timeStep,numberOfRobotsOnBlackSite,numberOfRobotsOnWhiteSite
20509,23,18
timeStep,numberOfRobotsOnBlackSite,numberOfRobotsOnWhiteSite
20510,23,18
timeStep,numberOfRobotsOnBlackSite,numberOfRobotsOnWhiteSite
20511,23,18
timeStep,numberOfRobotsOnBlackSite,numberOfRobotsOnWhiteSite
20512,23,18
timeStep,numberOfRobotsOnBlackSite,numberOfRobotsOnWhiteSite
20513,23,18
timeStep,numberOfRobotsOnBlackSite,numberOfRobotsOnWhiteSite
20514,23,18
timeStep,numberOfRobotsOnBlackSite,numberOfRobotsOnWhiteSite
20515,24,18
timeStep,numberOfRobotsOnBlackSite,numberOfRobotsOnWhiteSite
20516,24,18
timeStep,numberOfRobotsOnBlackSite,numberOfRobotsOnWhiteSite
20517,24,18
timeStep,numberOfRobotsOnBlackSite,numberOfRobotsOnWhiteSite
20518,24,18
timeStep,numberOfRobotsOnBlackSite,numberOfRobotsOnWhiteSite
20519,24,18
timeStep,numberOfRobotsOnBlackSite,numberOfRobotsOnWhiteSite
20520,24,18
timeStep,numberOfRobotsOnBlackSite,numberOfRobotsOnWhiteSite
20521,24,18
timeStep,numberOfRobotsOnBlackSite,numberOfRobotsOnWhiteSite
20522,24,18
timeStep,numberOfRobotsOnBlackSite,numberOfRobotsOnWhiteSite
20523,24,18
timeStep,numberOfRobotsOnBlackSite,numberOfRobotsOnWhiteSite
20524,24,18
timeStep,numberOfRobotsOnBlackSite,numberOfRobotsOnWhiteSite
20525,24,18
timeStep,numberOfRobotsOnBlackSite,numberOfRobotsOnWhiteSite
20526,24,18
timeStep,numberOfRobotsOnBlackSite,numberOfRobotsOnWhiteSite
20527,24,18
timeStep,numberOfRobotsOnBlackSite,numberOfRobotsOnWhiteSite
20528,24,18
timeStep,numberOfRobotsOnBlackSite,numberOfRobotsOnWhiteSite
20529,24,18
timeStep,numberOfRobotsOnBlackSite,numberOfRobotsOnWhiteSite
20530,24,18
timeStep,numberOfRobotsOnBlackSite,numberOfRobotsOnWhiteSite
20531,24,18
timeStep,numberOfRobotsOnBlackSite,numberOfRobotsOnWhiteSite
20532,24,18
timeStep,numberOfRobotsOnBlackSite,numberOfRobotsOnWhiteSite
20533,24,18
timeStep,numberOfRobotsOnBlackSite,numberOfRobotsOnWhiteSite
20534,24,18
timeStep,numberOfRobotsOnBlackSite,numberOfRobotsOnWhiteSite
20535,24,18
timeStep,numberOfRobotsOnBlackSite,numberOfRobotsOnWhiteSite
20536,24,18
timeStep,numberOfRobotsOnBlackSite,numberOfRobotsOnWhiteSite
20537,24,18
timeStep,numberOfRobotsOnBlackSite,numberOfRobotsOnWhiteSite
20538,24,18
timeStep,numberOfRobotsOnBlackSite,numberOfRobotsOnWhiteSite
20539,24,18
timeStep,numberOfRobotsOnBlackSite,numberOfRobotsOnWhiteSite
20540,25,18
timeStep,numberOfRobotsOnBlackSite,numberOfRobotsOnWhiteSite
20541,25,18
timeStep,numberOfRobotsOnBlackSite,numberOfRobotsOnWhiteSite
20542,25,18
timeStep,numberOfRobotsOnBlackSite,numberOfRobotsOnWhiteSite
20543,25,18
timeStep,numberOfRobotsOnBlackSite,numberOfRobotsOnWhiteSite
20544,25,18
timeStep,numberOfRobotsOnBlackSite,numberOfRobotsOnWhiteSite
20545,25,18
timeStep,numberOfRobotsOnBlackSite,numberOfRobotsOnWhiteSite
20546,25,18
timeStep,numberOfRobotsOnBlackSite,numberOfRobotsOnWhiteSite
20547,25,18
timeStep,numberOfRobotsOnBlackSite,numberOfRobotsOnWhiteSite
20548,25,18
timeStep,numberOfRobotsOnBlackSite,numberOfRobotsOnWhiteSite
20549,25,18
timeStep,numberOfRobotsOnBlackSite,numberOfRobotsOnWhiteSite
20550,25,18
timeStep,numberOfRobotsOnBlackSite,numberOfRobotsOnWhiteSite
20551,25,18
timeStep,numberOfRobotsOnBlackSite,numberOfRobotsOnWhiteSite
20552,25,18
timeStep,numberOfRobotsOnBlackSite,numberOfRobotsOnWhiteSite
20553,25,18
timeStep,numberOfRobotsOnBlackSite,numberOfRobotsOnWhiteSite
20554,25,18
timeStep,numberOfRobotsOnBlackSite,numberOfRobotsOnWhiteSite
20555,25,18
timeStep,numberOfRobotsOnBlackSite,numberOfRobotsOnWhiteSite
20556,25,18
timeStep,numberOfRobotsOnBlackSite,numberOfRobotsOnWhiteSite
20557,25,18
timeStep,numberOfRobotsOnBlackSite,numberOfRobotsOnWhiteSite
20558,25,18
timeStep,numberOfRobotsOnBlackSite,numberOfRobotsOnWhiteSite
20559,25,18
timeStep,numberOfRobotsOnBlackSite,numberOfRobotsOnWhiteSite
20560,25,18
timeStep,numberOfRobotsOnBlackSite,numberOfRobotsOnWhiteSite
20561,25,18
timeStep,numberOfRobotsOnBlackSite,numberOfRobotsOnWhiteSite
20562,25,18
timeStep,numberOfRobotsOnBlackSite,numberOfRobotsOnWhiteSite
20563,25,18
timeStep,numberOfRobotsOnBlackSite,numberOfRobotsOnWhiteSite
20564,25,18
timeStep,numberOfRobotsOnBlackSite,numberOfRobotsOnWhiteSite
20565,25,18
timeStep,numberOfRobotsOnBlackSite,numberOfRobotsOnWhiteSite
20566,25,18
timeStep,numberOfRobotsOnBlackSite,numberOfRobotsOnWhiteSite
20567,25,18
timeStep,numberOfRobotsOnBlackSite,numberOfRobotsOnWhiteSite
20568,25,18
timeStep,numberOfRobotsOnBlackSite,numberOfRobotsOnWhiteSite
20569,25,18
timeStep,numberOfRobotsOnBlackSite,numberOfRobotsOnWhiteSite
20570,25,18
timeStep,numberOfRobotsOnBlackSite,numberOfRobotsOnWhiteSite
20571,25,18
timeStep,numberOfRobotsOnBlackSite,numberOfRobotsOnWhiteSite
20572,25,18
timeStep,numberOfRobotsOnBlackSite,numberOfRobotsOnWhiteSite
20573,25,18
timeStep,numberOfRobotsOnBlackSite,numberOfRobotsOnWhiteSite
20574,25,18
timeStep,numberOfRobotsOnBlackSite,numberOfRobotsOnWhiteSite
20575,25,18
timeStep,numberOfRobotsOnBlackSite,numberOfRobotsOnWhiteSite
20576,25,18
timeStep,numberOfRobotsOnBlackSite,numberOfRobotsOnWhiteSite
20577,25,18
timeStep,numberOfRobotsOnBlackSite,numberOfRobotsOnWhiteSite
20578,25,18
timeStep,numberOfRobotsOnBlackSite,numberOfRobotsOnWhiteSite
20579,25,18
timeStep,numberOfRobotsOnBlackSite,numberOfRobotsOnWhiteSite
20580,25,19
timeStep,numberOfRobotsOnBlackSite,numberOfRobotsOnWhiteSite
20581,25,19
timeStep,numberOfRobotsOnBlackSite,numberOfRobotsOnWhiteSite
20582,25,19
timeStep,numberOfRobotsOnBlackSite,numberOfRobotsOnWhiteSite
20583,25,19
timeStep,numberOfRobotsOnBlackSite,numberOfRobotsOnWhiteSite
20584,25,19
timeStep,numberOfRobotsOnBlackSite,numberOfRobotsOnWhiteSite
20585,25,19
timeStep,numberOfRobotsOnBlackSite,numberOfRobotsOnWhiteSite
20586,25,19
timeStep,numberOfRobotsOnBlackSite,numberOfRobotsOnWhiteSite
20587,25,19
timeStep,numberOfRobotsOnBlackSite,numberOfRobotsOnWhiteSite
20588,25,19
timeStep,numberOfRobotsOnBlackSite,numberOfRobotsOnWhiteSite
20589,25,19
timeStep,numberOfRobotsOnBlackSite,numberOfRobotsOnWhiteSite
20590,25,19
timeStep,numberOfRobotsOnBlackSite,numberOfRobotsOnWhiteSite
20591,25,19
timeStep,numberOfRobotsOnBlackSite,numberOfRobotsOnWhiteSite
20592,25,19
timeStep,numberOfRobotsOnBlackSite,numberOfRobotsOnWhiteSite
20593,25,19
timeStep,numberOfRobotsOnBlackSite,numberOfRobotsOnWhiteSite
20594,25,19
timeStep,numberOfRobotsOnBlackSite,numberOfRobotsOnWhiteSite
20595,25,19
timeStep,numberOfRobotsOnBlackSite,numberOfRobotsOnWhiteSite
20596,25,19
timeStep,numberOfRobotsOnBlackSite,numberOfRobotsOnWhiteSite
20597,25,19
timeStep,numberOfRobotsOnBlackSite,numberOfRobotsOnWhiteSite
20598,25,19
timeStep,numberOfRobotsOnBlackSite,numberOfRobotsOnWhiteSite
20599,25,19
timeStep,numberOfRobotsOnBlackSite,numberOfRobotsOnWhiteSite
20600,25,19
timeStep,numberOfRobotsOnBlackSite,numberOfRobotsOnWhiteSite
20601,25,19
timeStep,numberOfRobotsOnBlackSite,numberOfRobotsOnWhiteSite
20602,25,19
timeStep,numberOfRobotsOnBlackSite,numberOfRobotsOnWhiteSite
20603,25,19
timeStep,numberOfRobotsOnBlackSite,numberOfRobotsOnWhiteSite
20604,25,19
timeStep,numberOfRobotsOnBlackSite,numberOfRobotsOnWhiteSite
20605,25,19
timeStep,numberOfRobotsOnBlackSite,numberOfRobotsOnWhiteSite
20606,25,19
timeStep,numberOfRobotsOnBlackSite,numberOfRobotsOnWhiteSite
20607,25,19
timeStep,numberOfRobotsOnBlackSite,numberOfRobotsOnWhiteSite
20608,25,19
timeStep,numberOfRobotsOnBlackSite,numberOfRobotsOnWhiteSite
20609,25,19
timeStep,numberOfRobotsOnBlackSite,numberOfRobotsOnWhiteSite
20610,25,19
timeStep,numberOfRobotsOnBlackSite,numberOfRobotsOnWhiteSite
20611,25,19
timeStep,numberOfRobotsOnBlackSite,numberOfRobotsOnWhiteSite
20612,25,19
timeStep,numberOfRobotsOnBlackSite,numberOfRobotsOnWhiteSite
20613,25,19
timeStep,numberOfRobotsOnBlackSite,numberOfRobotsOnWhiteSite
20614,25,19
timeStep,numberOfRobotsOnBlackSite,numberOfRobotsOnWhiteSite
20615,25,19
timeStep,numberOfRobotsOnBlackSite,numberOfRobotsOnWhiteSite
20616,25,19
timeStep,numberOfRobotsOnBlackSite,numberOfRobotsOnWhiteSite
20617,25,19
timeStep,numberOfRobotsOnBlackSite,numberOfRobotsOnWhiteSite
20618,25,19
timeStep,numberOfRobotsOnBlackSite,numberOfRobotsOnWhiteSite
20619,25,19
timeStep,numberOfRobotsOnBlackSite,numberOfRobotsOnWhiteSite
20620,25,19
timeStep,numberOfRobotsOnBlackSite,numberOfRobotsOnWhiteSite
20621,25,19
timeStep,numberOfRobotsOnBlackSite,numberOfRobotsOnWhiteSite
20622,25,19
timeStep,numberOfRobotsOnBlackSite,numberOfRobotsOnWhiteSite
20623,25,19
timeStep,numberOfRobotsOnBlackSite,numberOfRobotsOnWhiteSite
20624,25,19
timeStep,numberOfRobotsOnBlackSite,numberOfRobotsOnWhiteSite
20625,25,19
timeStep,numberOfRobotsOnBlackSite,numberOfRobotsOnWhiteSite
20626,25,19
timeStep,numberOfRobotsOnBlackSite,numberOfRobotsOnWhiteSite
20627,25,19
timeStep,numberOfRobotsOnBlackSite,numberOfRobotsOnWhiteSite
20628,25,19
timeStep,numberOfRobotsOnBlackSite,numberOfRobotsOnWhiteSite
20629,25,19
timeStep,numberOfRobotsOnBlackSite,numberOfRobotsOnWhiteSite
20630,25,19
timeStep,numberOfRobotsOnBlackSite,numberOfRobotsOnWhiteSite
20631,25,19
timeStep,numberOfRobotsOnBlackSite,numberOfRobotsOnWhiteSite
20632,25,19
timeStep,numberOfRobotsOnBlackSite,numberOfRobotsOnWhiteSite
20633,25,19
timeStep,numberOfRobotsOnBlackSite,numberOfRobotsOnWhiteSite
20634,25,19
timeStep,numberOfRobotsOnBlackSite,numberOfRobotsOnWhiteSite
20635,25,19
timeStep,numberOfRobotsOnBlackSite,numberOfRobotsOnWhiteSite
20636,25,19
timeStep,numberOfRobotsOnBlackSite,numberOfRobotsOnWhiteSite
20637,25,19
timeStep,numberOfRobotsOnBlackSite,numberOfRobotsOnWhiteSite
20638,25,19
timeStep,numberOfRobotsOnBlackSite,numberOfRobotsOnWhiteSite
20639,25,19
timeStep,numberOfRobotsOnBlackSite,numberOfRobotsOnWhiteSite
20640,25,19
timeStep,numberOfRobotsOnBlackSite,numberOfRobotsOnWhiteSite
20641,25,19
timeStep,numberOfRobotsOnBlackSite,numberOfRobotsOnWhiteSite
20642,25,19
timeStep,numberOfRobotsOnBlackSite,numberOfRobotsOnWhiteSite
20643,25,19
timeStep,numberOfRobotsOnBlackSite,numberOfRobotsOnWhiteSite
20644,25,19
timeStep,numberOfRobotsOnBlackSite,numberOfRobotsOnWhiteSite
20645,24,19
timeStep,numberOfRobotsOnBlackSite,numberOfRobotsOnWhiteSite
20646,24,19
timeStep,numberOfRobotsOnBlackSite,numberOfRobotsOnWhiteSite
20647,24,19
timeStep,numberOfRobotsOnBlackSite,numberOfRobotsOnWhiteSite
20648,24,19
timeStep,numberOfRobotsOnBlackSite,numberOfRobotsOnWhiteSite
20649,24,19
timeStep,numberOfRobotsOnBlackSite,numberOfRobotsOnWhiteSite
20650,24,19
timeStep,numberOfRobotsOnBlackSite,numberOfRobotsOnWhiteSite
20651,24,19
timeStep,numberOfRobotsOnBlackSite,numberOfRobotsOnWhiteSite
20652,24,19
timeStep,numberOfRobotsOnBlackSite,numberOfRobotsOnWhiteSite
20653,24,19
timeStep,numberOfRobotsOnBlackSite,numberOfRobotsOnWhiteSite
20654,24,19
timeStep,numberOfRobotsOnBlackSite,numberOfRobotsOnWhiteSite
20655,24,19
timeStep,numberOfRobotsOnBlackSite,numberOfRobotsOnWhiteSite
20656,24,19
timeStep,numberOfRobotsOnBlackSite,numberOfRobotsOnWhiteSite
20657,24,19
timeStep,numberOfRobotsOnBlackSite,numberOfRobotsOnWhiteSite
20658,24,19
timeStep,numberOfRobotsOnBlackSite,numberOfRobotsOnWhiteSite
20659,24,19
timeStep,numberOfRobotsOnBlackSite,numberOfRobotsOnWhiteSite
20660,24,19
timeStep,numberOfRobotsOnBlackSite,numberOfRobotsOnWhiteSite
20661,24,19
timeStep,numberOfRobotsOnBlackSite,numberOfRobotsOnWhiteSite
20662,24,19
timeStep,numberOfRobotsOnBlackSite,numberOfRobotsOnWhiteSite
20663,24,19
timeStep,numberOfRobotsOnBlackSite,numberOfRobotsOnWhiteSite
20664,24,19
timeStep,numberOfRobotsOnBlackSite,numberOfRobotsOnWhiteSite
20665,24,19
timeStep,numberOfRobotsOnBlackSite,numberOfRobotsOnWhiteSite
20666,24,19
timeStep,numberOfRobotsOnBlackSite,numberOfRobotsOnWhiteSite
20667,24,19
timeStep,numberOfRobotsOnBlackSite,numberOfRobotsOnWhiteSite
20668,24,19
timeStep,numberOfRobotsOnBlackSite,numberOfRobotsOnWhiteSite
20669,24,19
timeStep,numberOfRobotsOnBlackSite,numberOfRobotsOnWhiteSite
20670,24,19
timeStep,numberOfRobotsOnBlackSite,numberOfRobotsOnWhiteSite
20671,24,19
timeStep,numberOfRobotsOnBlackSite,numberOfRobotsOnWhiteSite
20672,24,19
timeStep,numberOfRobotsOnBlackSite,numberOfRobotsOnWhiteSite
20673,24,19
timeStep,numberOfRobotsOnBlackSite,numberOfRobotsOnWhiteSite
20674,24,19
timeStep,numberOfRobotsOnBlackSite,numberOfRobotsOnWhiteSite
20675,24,19
timeStep,numberOfRobotsOnBlackSite,numberOfRobotsOnWhiteSite
20676,24,19
timeStep,numberOfRobotsOnBlackSite,numberOfRobotsOnWhiteSite
20677,24,19
timeStep,numberOfRobotsOnBlackSite,numberOfRobotsOnWhiteSite
20678,24,19
timeStep,numberOfRobotsOnBlackSite,numberOfRobotsOnWhiteSite
20679,24,19
timeStep,numberOfRobotsOnBlackSite,numberOfRobotsOnWhiteSite
20680,24,19
timeStep,numberOfRobotsOnBlackSite,numberOfRobotsOnWhiteSite
20681,24,19
timeStep,numberOfRobotsOnBlackSite,numberOfRobotsOnWhiteSite
20682,24,19
timeStep,numberOfRobotsOnBlackSite,numberOfRobotsOnWhiteSite
20683,24,19
timeStep,numberOfRobotsOnBlackSite,numberOfRobotsOnWhiteSite
20684,24,19
timeStep,numberOfRobotsOnBlackSite,numberOfRobotsOnWhiteSite
20685,24,19
timeStep,numberOfRobotsOnBlackSite,numberOfRobotsOnWhiteSite
20686,24,19
timeStep,numberOfRobotsOnBlackSite,numberOfRobotsOnWhiteSite
20687,24,19
timeStep,numberOfRobotsOnBlackSite,numberOfRobotsOnWhiteSite
20688,24,19
timeStep,numberOfRobotsOnBlackSite,numberOfRobotsOnWhiteSite
20689,24,19
timeStep,numberOfRobotsOnBlackSite,numberOfRobotsOnWhiteSite
20690,24,19
timeStep,numberOfRobotsOnBlackSite,numberOfRobotsOnWhiteSite
20691,24,19
timeStep,numberOfRobotsOnBlackSite,numberOfRobotsOnWhiteSite
20692,24,19
timeStep,numberOfRobotsOnBlackSite,numberOfRobotsOnWhiteSite
20693,24,19
timeStep,numberOfRobotsOnBlackSite,numberOfRobotsOnWhiteSite
20694,24,19
timeStep,numberOfRobotsOnBlackSite,numberOfRobotsOnWhiteSite
20695,24,19
timeStep,numberOfRobotsOnBlackSite,numberOfRobotsOnWhiteSite
20696,24,19
timeStep,numberOfRobotsOnBlackSite,numberOfRobotsOnWhiteSite
20697,24,19
timeStep,numberOfRobotsOnBlackSite,numberOfRobotsOnWhiteSite
20698,24,19
timeStep,numberOfRobotsOnBlackSite,numberOfRobotsOnWhiteSite
20699,24,19
timeStep,numberOfRobotsOnBlackSite,numberOfRobotsOnWhiteSite
20700,24,19
timeStep,numberOfRobotsOnBlackSite,numberOfRobotsOnWhiteSite
20701,24,19
timeStep,numberOfRobotsOnBlackSite,numberOfRobotsOnWhiteSite
20702,24,19
timeStep,numberOfRobotsOnBlackSite,numberOfRobotsOnWhiteSite
20703,24,19
timeStep,numberOfRobotsOnBlackSite,numberOfRobotsOnWhiteSite
20704,24,19
timeStep,numberOfRobotsOnBlackSite,numberOfRobotsOnWhiteSite
20705,24,19
timeStep,numberOfRobotsOnBlackSite,numberOfRobotsOnWhiteSite
20706,24,19
timeStep,numberOfRobotsOnBlackSite,numberOfRobotsOnWhiteSite
20707,24,19
timeStep,numberOfRobotsOnBlackSite,numberOfRobotsOnWhiteSite
20708,24,19
timeStep,numberOfRobotsOnBlackSite,numberOfRobotsOnWhiteSite
20709,24,19
timeStep,numberOfRobotsOnBlackSite,numberOfRobotsOnWhiteSite
20710,24,19
timeStep,numberOfRobotsOnBlackSite,numberOfRobotsOnWhiteSite
20711,24,19
timeStep,numberOfRobotsOnBlackSite,numberOfRobotsOnWhiteSite
20712,24,19
timeStep,numberOfRobotsOnBlackSite,numberOfRobotsOnWhiteSite
20713,24,19
timeStep,numberOfRobotsOnBlackSite,numberOfRobotsOnWhiteSite
20714,24,19
timeStep,numberOfRobotsOnBlackSite,numberOfRobotsOnWhiteSite
20715,24,19
timeStep,numberOfRobotsOnBlackSite,numberOfRobotsOnWhiteSite
20716,24,19
timeStep,numberOfRobotsOnBlackSite,numberOfRobotsOnWhiteSite
20717,24,19
timeStep,numberOfRobotsOnBlackSite,numberOfRobotsOnWhiteSite
20718,24,19
timeStep,numberOfRobotsOnBlackSite,numberOfRobotsOnWhiteSite
20719,24,19
timeStep,numberOfRobotsOnBlackSite,numberOfRobotsOnWhiteSite
20720,24,19
timeStep,numberOfRobotsOnBlackSite,numberOfRobotsOnWhiteSite
20721,24,19
timeStep,numberOfRobotsOnBlackSite,numberOfRobotsOnWhiteSite
20722,24,19
timeStep,numberOfRobotsOnBlackSite,numberOfRobotsOnWhiteSite
20723,24,19
timeStep,numberOfRobotsOnBlackSite,numberOfRobotsOnWhiteSite
20724,24,19
timeStep,numberOfRobotsOnBlackSite,numberOfRobotsOnWhiteSite
20725,24,19
timeStep,numberOfRobotsOnBlackSite,numberOfRobotsOnWhiteSite
20726,24,19
timeStep,numberOfRobotsOnBlackSite,numberOfRobotsOnWhiteSite
20727,24,19
timeStep,numberOfRobotsOnBlackSite,numberOfRobotsOnWhiteSite
20728,24,19
timeStep,numberOfRobotsOnBlackSite,numberOfRobotsOnWhiteSite
20729,24,19
timeStep,numberOfRobotsOnBlackSite,numberOfRobotsOnWhiteSite
20730,24,19
timeStep,numberOfRobotsOnBlackSite,numberOfRobotsOnWhiteSite
20731,24,19
timeStep,numberOfRobotsOnBlackSite,numberOfRobotsOnWhiteSite
20732,24,19
timeStep,numberOfRobotsOnBlackSite,numberOfRobotsOnWhiteSite
20733,24,19
timeStep,numberOfRobotsOnBlackSite,numberOfRobotsOnWhiteSite
20734,24,19
timeStep,numberOfRobotsOnBlackSite,numberOfRobotsOnWhiteSite
20735,24,19
timeStep,numberOfRobotsOnBlackSite,numberOfRobotsOnWhiteSite
20736,24,19
timeStep,numberOfRobotsOnBlackSite,numberOfRobotsOnWhiteSite
20737,24,19
timeStep,numberOfRobotsOnBlackSite,numberOfRobotsOnWhiteSite
20738,24,19
timeStep,numberOfRobotsOnBlackSite,numberOfRobotsOnWhiteSite
20739,24,19
timeStep,numberOfRobotsOnBlackSite,numberOfRobotsOnWhiteSite
20740,24,19
timeStep,numberOfRobotsOnBlackSite,numberOfRobotsOnWhiteSite
20741,24,19
timeStep,numberOfRobotsOnBlackSite,numberOfRobotsOnWhiteSite
20742,24,19
timeStep,numberOfRobotsOnBlackSite,numberOfRobotsOnWhiteSite
20743,24,19
timeStep,numberOfRobotsOnBlackSite,numberOfRobotsOnWhiteSite
20744,24,19
timeStep,numberOfRobotsOnBlackSite,numberOfRobotsOnWhiteSite
20745,24,19
timeStep,numberOfRobotsOnBlackSite,numberOfRobotsOnWhiteSite
20746,24,19
timeStep,numberOfRobotsOnBlackSite,numberOfRobotsOnWhiteSite
20747,24,19
timeStep,numberOfRobotsOnBlackSite,numberOfRobotsOnWhiteSite
20748,24,19
timeStep,numberOfRobotsOnBlackSite,numberOfRobotsOnWhiteSite
20749,24,19
timeStep,numberOfRobotsOnBlackSite,numberOfRobotsOnWhiteSite
20750,24,19
timeStep,numberOfRobotsOnBlackSite,numberOfRobotsOnWhiteSite
20751,24,19
timeStep,numberOfRobotsOnBlackSite,numberOfRobotsOnWhiteSite
20752,24,19
timeStep,numberOfRobotsOnBlackSite,numberOfRobotsOnWhiteSite
20753,24,19
timeStep,numberOfRobotsOnBlackSite,numberOfRobotsOnWhiteSite
20754,24,19
timeStep,numberOfRobotsOnBlackSite,numberOfRobotsOnWhiteSite
20755,24,19
timeStep,numberOfRobotsOnBlackSite,numberOfRobotsOnWhiteSite
20756,24,19
timeStep,numberOfRobotsOnBlackSite,numberOfRobotsOnWhiteSite
20757,24,19
timeStep,numberOfRobotsOnBlackSite,numberOfRobotsOnWhiteSite
20758,24,19
timeStep,numberOfRobotsOnBlackSite,numberOfRobotsOnWhiteSite
20759,24,19
timeStep,numberOfRobotsOnBlackSite,numberOfRobotsOnWhiteSite
20760,24,19
timeStep,numberOfRobotsOnBlackSite,numberOfRobotsOnWhiteSite
20761,24,19
timeStep,numberOfRobotsOnBlackSite,numberOfRobotsOnWhiteSite
20762,24,19
timeStep,numberOfRobotsOnBlackSite,numberOfRobotsOnWhiteSite
20763,24,19
timeStep,numberOfRobotsOnBlackSite,numberOfRobotsOnWhiteSite
20764,24,19
timeStep,numberOfRobotsOnBlackSite,numberOfRobotsOnWhiteSite
20765,24,19
timeStep,numberOfRobotsOnBlackSite,numberOfRobotsOnWhiteSite
20766,24,19
timeStep,numberOfRobotsOnBlackSite,numberOfRobotsOnWhiteSite
20767,24,19
timeStep,numberOfRobotsOnBlackSite,numberOfRobotsOnWhiteSite
20768,24,19
timeStep,numberOfRobotsOnBlackSite,numberOfRobotsOnWhiteSite
20769,24,19
timeStep,numberOfRobotsOnBlackSite,numberOfRobotsOnWhiteSite
20770,24,19
timeStep,numberOfRobotsOnBlackSite,numberOfRobotsOnWhiteSite
20771,24,19
timeStep,numberOfRobotsOnBlackSite,numberOfRobotsOnWhiteSite
20772,24,19
timeStep,numberOfRobotsOnBlackSite,numberOfRobotsOnWhiteSite
20773,24,19
timeStep,numberOfRobotsOnBlackSite,numberOfRobotsOnWhiteSite
20774,24,19
timeStep,numberOfRobotsOnBlackSite,numberOfRobotsOnWhiteSite
20775,24,19
timeStep,numberOfRobotsOnBlackSite,numberOfRobotsOnWhiteSite
20776,24,19
timeStep,numberOfRobotsOnBlackSite,numberOfRobotsOnWhiteSite
20777,24,19
timeStep,numberOfRobotsOnBlackSite,numberOfRobotsOnWhiteSite
20778,24,19
timeStep,numberOfRobotsOnBlackSite,numberOfRobotsOnWhiteSite
20779,24,19
timeStep,numberOfRobotsOnBlackSite,numberOfRobotsOnWhiteSite
20780,24,19
timeStep,numberOfRobotsOnBlackSite,numberOfRobotsOnWhiteSite
20781,24,19
timeStep,numberOfRobotsOnBlackSite,numberOfRobotsOnWhiteSite
20782,24,19
timeStep,numberOfRobotsOnBlackSite,numberOfRobotsOnWhiteSite
20783,24,19
timeStep,numberOfRobotsOnBlackSite,numberOfRobotsOnWhiteSite
20784,24,19
timeStep,numberOfRobotsOnBlackSite,numberOfRobotsOnWhiteSite
20785,24,19
timeStep,numberOfRobotsOnBlackSite,numberOfRobotsOnWhiteSite
20786,24,19
timeStep,numberOfRobotsOnBlackSite,numberOfRobotsOnWhiteSite
20787,24,19
timeStep,numberOfRobotsOnBlackSite,numberOfRobotsOnWhiteSite
20788,24,19
timeStep,numberOfRobotsOnBlackSite,numberOfRobotsOnWhiteSite
20789,24,19
timeStep,numberOfRobotsOnBlackSite,numberOfRobotsOnWhiteSite
20790,24,19
timeStep,numberOfRobotsOnBlackSite,numberOfRobotsOnWhiteSite
20791,24,19
timeStep,numberOfRobotsOnBlackSite,numberOfRobotsOnWhiteSite
20792,24,19
timeStep,numberOfRobotsOnBlackSite,numberOfRobotsOnWhiteSite
20793,24,19
timeStep,numberOfRobotsOnBlackSite,numberOfRobotsOnWhiteSite
20794,24,19
timeStep,numberOfRobotsOnBlackSite,numberOfRobotsOnWhiteSite
20795,24,19
timeStep,numberOfRobotsOnBlackSite,numberOfRobotsOnWhiteSite
20796,24,19
timeStep,numberOfRobotsOnBlackSite,numberOfRobotsOnWhiteSite
20797,24,19
timeStep,numberOfRobotsOnBlackSite,numberOfRobotsOnWhiteSite
20798,24,19
timeStep,numberOfRobotsOnBlackSite,numberOfRobotsOnWhiteSite
20799,24,19
timeStep,numberOfRobotsOnBlackSite,numberOfRobotsOnWhiteSite
20800,24,19
timeStep,numberOfRobotsOnBlackSite,numberOfRobotsOnWhiteSite
20801,24,19
timeStep,numberOfRobotsOnBlackSite,numberOfRobotsOnWhiteSite
20802,24,19
timeStep,numberOfRobotsOnBlackSite,numberOfRobotsOnWhiteSite
20803,24,19
timeStep,numberOfRobotsOnBlackSite,numberOfRobotsOnWhiteSite
20804,24,19
timeStep,numberOfRobotsOnBlackSite,numberOfRobotsOnWhiteSite
20805,24,19
timeStep,numberOfRobotsOnBlackSite,numberOfRobotsOnWhiteSite
20806,24,19
timeStep,numberOfRobotsOnBlackSite,numberOfRobotsOnWhiteSite
20807,24,19
timeStep,numberOfRobotsOnBlackSite,numberOfRobotsOnWhiteSite
20808,24,19
timeStep,numberOfRobotsOnBlackSite,numberOfRobotsOnWhiteSite
20809,24,19
timeStep,numberOfRobotsOnBlackSite,numberOfRobotsOnWhiteSite
20810,24,19
timeStep,numberOfRobotsOnBlackSite,numberOfRobotsOnWhiteSite
20811,24,19
timeStep,numberOfRobotsOnBlackSite,numberOfRobotsOnWhiteSite
20812,24,19
timeStep,numberOfRobotsOnBlackSite,numberOfRobotsOnWhiteSite
20813,24,19
timeStep,numberOfRobotsOnBlackSite,numberOfRobotsOnWhiteSite
20814,24,19
timeStep,numberOfRobotsOnBlackSite,numberOfRobotsOnWhiteSite
20815,24,19
timeStep,numberOfRobotsOnBlackSite,numberOfRobotsOnWhiteSite
20816,24,19
timeStep,numberOfRobotsOnBlackSite,numberOfRobotsOnWhiteSite
20817,24,19
timeStep,numberOfRobotsOnBlackSite,numberOfRobotsOnWhiteSite
20818,24,19
timeStep,numberOfRobotsOnBlackSite,numberOfRobotsOnWhiteSite
20819,24,19
timeStep,numberOfRobotsOnBlackSite,numberOfRobotsOnWhiteSite
20820,24,19
timeStep,numberOfRobotsOnBlackSite,numberOfRobotsOnWhiteSite
20821,24,19
timeStep,numberOfRobotsOnBlackSite,numberOfRobotsOnWhiteSite
20822,24,19
timeStep,numberOfRobotsOnBlackSite,numberOfRobotsOnWhiteSite
20823,24,19
timeStep,numberOfRobotsOnBlackSite,numberOfRobotsOnWhiteSite
20824,24,19
timeStep,numberOfRobotsOnBlackSite,numberOfRobotsOnWhiteSite
20825,24,19
timeStep,numberOfRobotsOnBlackSite,numberOfRobotsOnWhiteSite
20826,24,19
timeStep,numberOfRobotsOnBlackSite,numberOfRobotsOnWhiteSite
20827,24,19
timeStep,numberOfRobotsOnBlackSite,numberOfRobotsOnWhiteSite
20828,24,19
timeStep,numberOfRobotsOnBlackSite,numberOfRobotsOnWhiteSite
20829,24,19
timeStep,numberOfRobotsOnBlackSite,numberOfRobotsOnWhiteSite
20830,24,19
timeStep,numberOfRobotsOnBlackSite,numberOfRobotsOnWhiteSite
20831,24,19
timeStep,numberOfRobotsOnBlackSite,numberOfRobotsOnWhiteSite
20832,24,19
timeStep,numberOfRobotsOnBlackSite,numberOfRobotsOnWhiteSite
20833,24,19
timeStep,numberOfRobotsOnBlackSite,numberOfRobotsOnWhiteSite
20834,24,19
timeStep,numberOfRobotsOnBlackSite,numberOfRobotsOnWhiteSite
20835,24,19
timeStep,numberOfRobotsOnBlackSite,numberOfRobotsOnWhiteSite
20836,24,19
timeStep,numberOfRobotsOnBlackSite,numberOfRobotsOnWhiteSite
20837,24,19
timeStep,numberOfRobotsOnBlackSite,numberOfRobotsOnWhiteSite
20838,24,19
timeStep,numberOfRobotsOnBlackSite,numberOfRobotsOnWhiteSite
20839,24,19
timeStep,numberOfRobotsOnBlackSite,numberOfRobotsOnWhiteSite
20840,24,19
timeStep,numberOfRobotsOnBlackSite,numberOfRobotsOnWhiteSite
20841,24,19
timeStep,numberOfRobotsOnBlackSite,numberOfRobotsOnWhiteSite
20842,24,19
timeStep,numberOfRobotsOnBlackSite,numberOfRobotsOnWhiteSite
20843,24,19
timeStep,numberOfRobotsOnBlackSite,numberOfRobotsOnWhiteSite
20844,24,19
timeStep,numberOfRobotsOnBlackSite,numberOfRobotsOnWhiteSite
20845,24,19
timeStep,numberOfRobotsOnBlackSite,numberOfRobotsOnWhiteSite
20846,24,19
timeStep,numberOfRobotsOnBlackSite,numberOfRobotsOnWhiteSite
20847,24,19
timeStep,numberOfRobotsOnBlackSite,numberOfRobotsOnWhiteSite
20848,24,19
timeStep,numberOfRobotsOnBlackSite,numberOfRobotsOnWhiteSite
20849,24,19
timeStep,numberOfRobotsOnBlackSite,numberOfRobotsOnWhiteSite
20850,24,19
timeStep,numberOfRobotsOnBlackSite,numberOfRobotsOnWhiteSite
20851,24,19
timeStep,numberOfRobotsOnBlackSite,numberOfRobotsOnWhiteSite
20852,24,19
timeStep,numberOfRobotsOnBlackSite,numberOfRobotsOnWhiteSite
20853,24,19
timeStep,numberOfRobotsOnBlackSite,numberOfRobotsOnWhiteSite
20854,24,19
timeStep,numberOfRobotsOnBlackSite,numberOfRobotsOnWhiteSite
20855,24,19
timeStep,numberOfRobotsOnBlackSite,numberOfRobotsOnWhiteSite
20856,24,19
timeStep,numberOfRobotsOnBlackSite,numberOfRobotsOnWhiteSite
20857,24,19
timeStep,numberOfRobotsOnBlackSite,numberOfRobotsOnWhiteSite
20858,24,19
timeStep,numberOfRobotsOnBlackSite,numberOfRobotsOnWhiteSite
20859,24,19
timeStep,numberOfRobotsOnBlackSite,numberOfRobotsOnWhiteSite
20860,24,19
timeStep,numberOfRobotsOnBlackSite,numberOfRobotsOnWhiteSite
20861,24,19
timeStep,numberOfRobotsOnBlackSite,numberOfRobotsOnWhiteSite
20862,24,19
timeStep,numberOfRobotsOnBlackSite,numberOfRobotsOnWhiteSite
20863,24,19
timeStep,numberOfRobotsOnBlackSite,numberOfRobotsOnWhiteSite
20864,24,19
timeStep,numberOfRobotsOnBlackSite,numberOfRobotsOnWhiteSite
20865,24,19
timeStep,numberOfRobotsOnBlackSite,numberOfRobotsOnWhiteSite
20866,24,19
timeStep,numberOfRobotsOnBlackSite,numberOfRobotsOnWhiteSite
20867,24,19
timeStep,numberOfRobotsOnBlackSite,numberOfRobotsOnWhiteSite
20868,24,19
timeStep,numberOfRobotsOnBlackSite,numberOfRobotsOnWhiteSite
20869,24,19
timeStep,numberOfRobotsOnBlackSite,numberOfRobotsOnWhiteSite
20870,24,19
timeStep,numberOfRobotsOnBlackSite,numberOfRobotsOnWhiteSite
20871,24,19
timeStep,numberOfRobotsOnBlackSite,numberOfRobotsOnWhiteSite
20872,24,19
timeStep,numberOfRobotsOnBlackSite,numberOfRobotsOnWhiteSite
20873,24,19
timeStep,numberOfRobotsOnBlackSite,numberOfRobotsOnWhiteSite
20874,24,19
timeStep,numberOfRobotsOnBlackSite,numberOfRobotsOnWhiteSite
20875,24,19
timeStep,numberOfRobotsOnBlackSite,numberOfRobotsOnWhiteSite
20876,24,19
timeStep,numberOfRobotsOnBlackSite,numberOfRobotsOnWhiteSite
20877,24,19
timeStep,numberOfRobotsOnBlackSite,numberOfRobotsOnWhiteSite
20878,24,19
timeStep,numberOfRobotsOnBlackSite,numberOfRobotsOnWhiteSite
20879,24,19
timeStep,numberOfRobotsOnBlackSite,numberOfRobotsOnWhiteSite
20880,24,19
timeStep,numberOfRobotsOnBlackSite,numberOfRobotsOnWhiteSite
20881,24,19
timeStep,numberOfRobotsOnBlackSite,numberOfRobotsOnWhiteSite
20882,24,19
timeStep,numberOfRobotsOnBlackSite,numberOfRobotsOnWhiteSite
20883,24,19
timeStep,numberOfRobotsOnBlackSite,numberOfRobotsOnWhiteSite
20884,24,19
timeStep,numberOfRobotsOnBlackSite,numberOfRobotsOnWhiteSite
20885,24,19
timeStep,numberOfRobotsOnBlackSite,numberOfRobotsOnWhiteSite
20886,24,19
timeStep,numberOfRobotsOnBlackSite,numberOfRobotsOnWhiteSite
20887,24,19
timeStep,numberOfRobotsOnBlackSite,numberOfRobotsOnWhiteSite
20888,24,19
timeStep,numberOfRobotsOnBlackSite,numberOfRobotsOnWhiteSite
20889,24,19
timeStep,numberOfRobotsOnBlackSite,numberOfRobotsOnWhiteSite
20890,24,19
timeStep,numberOfRobotsOnBlackSite,numberOfRobotsOnWhiteSite
20891,24,19
timeStep,numberOfRobotsOnBlackSite,numberOfRobotsOnWhiteSite
20892,24,19
timeStep,numberOfRobotsOnBlackSite,numberOfRobotsOnWhiteSite
20893,24,19
timeStep,numberOfRobotsOnBlackSite,numberOfRobotsOnWhiteSite
20894,24,19
timeStep,numberOfRobotsOnBlackSite,numberOfRobotsOnWhiteSite
20895,24,19
timeStep,numberOfRobotsOnBlackSite,numberOfRobotsOnWhiteSite
20896,24,19
timeStep,numberOfRobotsOnBlackSite,numberOfRobotsOnWhiteSite
20897,24,19
timeStep,numberOfRobotsOnBlackSite,numberOfRobotsOnWhiteSite
20898,24,19
timeStep,numberOfRobotsOnBlackSite,numberOfRobotsOnWhiteSite
20899,24,19
timeStep,numberOfRobotsOnBlackSite,numberOfRobotsOnWhiteSite
20900,24,19
timeStep,numberOfRobotsOnBlackSite,numberOfRobotsOnWhiteSite
20901,24,19
timeStep,numberOfRobotsOnBlackSite,numberOfRobotsOnWhiteSite
20902,24,19
timeStep,numberOfRobotsOnBlackSite,numberOfRobotsOnWhiteSite
20903,24,19
timeStep,numberOfRobotsOnBlackSite,numberOfRobotsOnWhiteSite
20904,24,19
timeStep,numberOfRobotsOnBlackSite,numberOfRobotsOnWhiteSite
20905,24,19
timeStep,numberOfRobotsOnBlackSite,numberOfRobotsOnWhiteSite
20906,24,19
timeStep,numberOfRobotsOnBlackSite,numberOfRobotsOnWhiteSite
20907,24,19
timeStep,numberOfRobotsOnBlackSite,numberOfRobotsOnWhiteSite
20908,24,19
timeStep,numberOfRobotsOnBlackSite,numberOfRobotsOnWhiteSite
20909,24,19
timeStep,numberOfRobotsOnBlackSite,numberOfRobotsOnWhiteSite
20910,24,19
timeStep,numberOfRobotsOnBlackSite,numberOfRobotsOnWhiteSite
20911,24,19
timeStep,numberOfRobotsOnBlackSite,numberOfRobotsOnWhiteSite
20912,24,19
timeStep,numberOfRobotsOnBlackSite,numberOfRobotsOnWhiteSite
20913,24,19
timeStep,numberOfRobotsOnBlackSite,numberOfRobotsOnWhiteSite
20914,24,19
timeStep,numberOfRobotsOnBlackSite,numberOfRobotsOnWhiteSite
20915,24,19
timeStep,numberOfRobotsOnBlackSite,numberOfRobotsOnWhiteSite
20916,24,19
timeStep,numberOfRobotsOnBlackSite,numberOfRobotsOnWhiteSite
20917,24,19
timeStep,numberOfRobotsOnBlackSite,numberOfRobotsOnWhiteSite
20918,24,19
timeStep,numberOfRobotsOnBlackSite,numberOfRobotsOnWhiteSite
20919,24,19
timeStep,numberOfRobotsOnBlackSite,numberOfRobotsOnWhiteSite
20920,24,19
timeStep,numberOfRobotsOnBlackSite,numberOfRobotsOnWhiteSite
20921,24,19
timeStep,numberOfRobotsOnBlackSite,numberOfRobotsOnWhiteSite
20922,24,19
timeStep,numberOfRobotsOnBlackSite,numberOfRobotsOnWhiteSite
20923,24,19
timeStep,numberOfRobotsOnBlackSite,numberOfRobotsOnWhiteSite
20924,24,19
timeStep,numberOfRobotsOnBlackSite,numberOfRobotsOnWhiteSite
20925,24,19
timeStep,numberOfRobotsOnBlackSite,numberOfRobotsOnWhiteSite
20926,24,19
timeStep,numberOfRobotsOnBlackSite,numberOfRobotsOnWhiteSite
20927,24,19
timeStep,numberOfRobotsOnBlackSite,numberOfRobotsOnWhiteSite
20928,24,19
timeStep,numberOfRobotsOnBlackSite,numberOfRobotsOnWhiteSite
20929,24,19
timeStep,numberOfRobotsOnBlackSite,numberOfRobotsOnWhiteSite
20930,24,19
timeStep,numberOfRobotsOnBlackSite,numberOfRobotsOnWhiteSite
20931,24,19
timeStep,numberOfRobotsOnBlackSite,numberOfRobotsOnWhiteSite
20932,24,19
timeStep,numberOfRobotsOnBlackSite,numberOfRobotsOnWhiteSite
20933,24,19
timeStep,numberOfRobotsOnBlackSite,numberOfRobotsOnWhiteSite
20934,24,19
timeStep,numberOfRobotsOnBlackSite,numberOfRobotsOnWhiteSite
20935,24,19
timeStep,numberOfRobotsOnBlackSite,numberOfRobotsOnWhiteSite
20936,24,19
timeStep,numberOfRobotsOnBlackSite,numberOfRobotsOnWhiteSite
20937,24,19
timeStep,numberOfRobotsOnBlackSite,numberOfRobotsOnWhiteSite
20938,24,19
timeStep,numberOfRobotsOnBlackSite,numberOfRobotsOnWhiteSite
20939,24,19
timeStep,numberOfRobotsOnBlackSite,numberOfRobotsOnWhiteSite
20940,24,19
timeStep,numberOfRobotsOnBlackSite,numberOfRobotsOnWhiteSite
20941,24,19
timeStep,numberOfRobotsOnBlackSite,numberOfRobotsOnWhiteSite
20942,24,19
timeStep,numberOfRobotsOnBlackSite,numberOfRobotsOnWhiteSite
20943,24,19
timeStep,numberOfRobotsOnBlackSite,numberOfRobotsOnWhiteSite
20944,24,19
timeStep,numberOfRobotsOnBlackSite,numberOfRobotsOnWhiteSite
20945,24,19
timeStep,numberOfRobotsOnBlackSite,numberOfRobotsOnWhiteSite
20946,24,19
timeStep,numberOfRobotsOnBlackSite,numberOfRobotsOnWhiteSite
20947,24,19
timeStep,numberOfRobotsOnBlackSite,numberOfRobotsOnWhiteSite
20948,24,19
timeStep,numberOfRobotsOnBlackSite,numberOfRobotsOnWhiteSite
20949,24,19
timeStep,numberOfRobotsOnBlackSite,numberOfRobotsOnWhiteSite
20950,24,19
timeStep,numberOfRobotsOnBlackSite,numberOfRobotsOnWhiteSite
20951,24,19
timeStep,numberOfRobotsOnBlackSite,numberOfRobotsOnWhiteSite
20952,24,19
timeStep,numberOfRobotsOnBlackSite,numberOfRobotsOnWhiteSite
20953,24,19
timeStep,numberOfRobotsOnBlackSite,numberOfRobotsOnWhiteSite
20954,24,19
timeStep,numberOfRobotsOnBlackSite,numberOfRobotsOnWhiteSite
20955,24,19
timeStep,numberOfRobotsOnBlackSite,numberOfRobotsOnWhiteSite
20956,24,19
timeStep,numberOfRobotsOnBlackSite,numberOfRobotsOnWhiteSite
20957,24,19
timeStep,numberOfRobotsOnBlackSite,numberOfRobotsOnWhiteSite
20958,24,19
timeStep,numberOfRobotsOnBlackSite,numberOfRobotsOnWhiteSite
20959,24,19
timeStep,numberOfRobotsOnBlackSite,numberOfRobotsOnWhiteSite
20960,23,19
timeStep,numberOfRobotsOnBlackSite,numberOfRobotsOnWhiteSite
20961,23,19
timeStep,numberOfRobotsOnBlackSite,numberOfRobotsOnWhiteSite
20962,23,19
timeStep,numberOfRobotsOnBlackSite,numberOfRobotsOnWhiteSite
20963,23,19
timeStep,numberOfRobotsOnBlackSite,numberOfRobotsOnWhiteSite
20964,23,19
timeStep,numberOfRobotsOnBlackSite,numberOfRobotsOnWhiteSite
20965,23,19
timeStep,numberOfRobotsOnBlackSite,numberOfRobotsOnWhiteSite
20966,23,19
timeStep,numberOfRobotsOnBlackSite,numberOfRobotsOnWhiteSite
20967,23,19
timeStep,numberOfRobotsOnBlackSite,numberOfRobotsOnWhiteSite
20968,23,19
timeStep,numberOfRobotsOnBlackSite,numberOfRobotsOnWhiteSite
20969,23,19
timeStep,numberOfRobotsOnBlackSite,numberOfRobotsOnWhiteSite
20970,23,19
timeStep,numberOfRobotsOnBlackSite,numberOfRobotsOnWhiteSite
20971,23,19
timeStep,numberOfRobotsOnBlackSite,numberOfRobotsOnWhiteSite
20972,23,19
timeStep,numberOfRobotsOnBlackSite,numberOfRobotsOnWhiteSite
20973,23,19
timeStep,numberOfRobotsOnBlackSite,numberOfRobotsOnWhiteSite
20974,23,19
timeStep,numberOfRobotsOnBlackSite,numberOfRobotsOnWhiteSite
20975,23,19
timeStep,numberOfRobotsOnBlackSite,numberOfRobotsOnWhiteSite
20976,23,19
timeStep,numberOfRobotsOnBlackSite,numberOfRobotsOnWhiteSite
20977,23,19
timeStep,numberOfRobotsOnBlackSite,numberOfRobotsOnWhiteSite
20978,23,19
timeStep,numberOfRobotsOnBlackSite,numberOfRobotsOnWhiteSite
20979,23,19
timeStep,numberOfRobotsOnBlackSite,numberOfRobotsOnWhiteSite
20980,23,19
timeStep,numberOfRobotsOnBlackSite,numberOfRobotsOnWhiteSite
20981,23,19
timeStep,numberOfRobotsOnBlackSite,numberOfRobotsOnWhiteSite
20982,23,19
timeStep,numberOfRobotsOnBlackSite,numberOfRobotsOnWhiteSite
20983,23,19
timeStep,numberOfRobotsOnBlackSite,numberOfRobotsOnWhiteSite
20984,23,19
timeStep,numberOfRobotsOnBlackSite,numberOfRobotsOnWhiteSite
20985,23,19
timeStep,numberOfRobotsOnBlackSite,numberOfRobotsOnWhiteSite
20986,23,19
timeStep,numberOfRobotsOnBlackSite,numberOfRobotsOnWhiteSite
20987,23,19
timeStep,numberOfRobotsOnBlackSite,numberOfRobotsOnWhiteSite
20988,23,19
timeStep,numberOfRobotsOnBlackSite,numberOfRobotsOnWhiteSite
20989,23,19
timeStep,numberOfRobotsOnBlackSite,numberOfRobotsOnWhiteSite
20990,23,19
timeStep,numberOfRobotsOnBlackSite,numberOfRobotsOnWhiteSite
20991,23,19
timeStep,numberOfRobotsOnBlackSite,numberOfRobotsOnWhiteSite
20992,23,19
timeStep,numberOfRobotsOnBlackSite,numberOfRobotsOnWhiteSite
20993,23,19
timeStep,numberOfRobotsOnBlackSite,numberOfRobotsOnWhiteSite
20994,23,19
timeStep,numberOfRobotsOnBlackSite,numberOfRobotsOnWhiteSite
20995,23,19
timeStep,numberOfRobotsOnBlackSite,numberOfRobotsOnWhiteSite
20996,23,19
timeStep,numberOfRobotsOnBlackSite,numberOfRobotsOnWhiteSite
20997,23,19
timeStep,numberOfRobotsOnBlackSite,numberOfRobotsOnWhiteSite
20998,23,19
timeStep,numberOfRobotsOnBlackSite,numberOfRobotsOnWhiteSite
20999,23,19
timeStep,numberOfRobotsOnBlackSite,numberOfRobotsOnWhiteSite
21000,23,19
timeStep,numberOfRobotsOnBlackSite,numberOfRobotsOnWhiteSite
21001,23,19
timeStep,numberOfRobotsOnBlackSite,numberOfRobotsOnWhiteSite
21002,23,19
timeStep,numberOfRobotsOnBlackSite,numberOfRobotsOnWhiteSite
21003,23,19
timeStep,numberOfRobotsOnBlackSite,numberOfRobotsOnWhiteSite
21004,23,19
timeStep,numberOfRobotsOnBlackSite,numberOfRobotsOnWhiteSite
21005,23,19
timeStep,numberOfRobotsOnBlackSite,numberOfRobotsOnWhiteSite
21006,23,19
timeStep,numberOfRobotsOnBlackSite,numberOfRobotsOnWhiteSite
21007,23,19
timeStep,numberOfRobotsOnBlackSite,numberOfRobotsOnWhiteSite
21008,23,19
timeStep,numberOfRobotsOnBlackSite,numberOfRobotsOnWhiteSite
21009,23,19
timeStep,numberOfRobotsOnBlackSite,numberOfRobotsOnWhiteSite
21010,22,19
timeStep,numberOfRobotsOnBlackSite,numberOfRobotsOnWhiteSite
21011,22,19
timeStep,numberOfRobotsOnBlackSite,numberOfRobotsOnWhiteSite
21012,22,19
timeStep,numberOfRobotsOnBlackSite,numberOfRobotsOnWhiteSite
21013,22,19
timeStep,numberOfRobotsOnBlackSite,numberOfRobotsOnWhiteSite
21014,22,19
timeStep,numberOfRobotsOnBlackSite,numberOfRobotsOnWhiteSite
21015,22,19
timeStep,numberOfRobotsOnBlackSite,numberOfRobotsOnWhiteSite
21016,22,19
timeStep,numberOfRobotsOnBlackSite,numberOfRobotsOnWhiteSite
21017,22,19
timeStep,numberOfRobotsOnBlackSite,numberOfRobotsOnWhiteSite
21018,22,19
timeStep,numberOfRobotsOnBlackSite,numberOfRobotsOnWhiteSite
21019,22,19
timeStep,numberOfRobotsOnBlackSite,numberOfRobotsOnWhiteSite
21020,22,19
timeStep,numberOfRobotsOnBlackSite,numberOfRobotsOnWhiteSite
21021,22,19
timeStep,numberOfRobotsOnBlackSite,numberOfRobotsOnWhiteSite
21022,22,19
timeStep,numberOfRobotsOnBlackSite,numberOfRobotsOnWhiteSite
21023,22,19
timeStep,numberOfRobotsOnBlackSite,numberOfRobotsOnWhiteSite
21024,22,19
timeStep,numberOfRobotsOnBlackSite,numberOfRobotsOnWhiteSite
21025,22,19
timeStep,numberOfRobotsOnBlackSite,numberOfRobotsOnWhiteSite
21026,22,19
timeStep,numberOfRobotsOnBlackSite,numberOfRobotsOnWhiteSite
21027,22,19
timeStep,numberOfRobotsOnBlackSite,numberOfRobotsOnWhiteSite
21028,22,19
timeStep,numberOfRobotsOnBlackSite,numberOfRobotsOnWhiteSite
21029,22,19
timeStep,numberOfRobotsOnBlackSite,numberOfRobotsOnWhiteSite
21030,23,19
timeStep,numberOfRobotsOnBlackSite,numberOfRobotsOnWhiteSite
21031,23,19
timeStep,numberOfRobotsOnBlackSite,numberOfRobotsOnWhiteSite
21032,23,19
timeStep,numberOfRobotsOnBlackSite,numberOfRobotsOnWhiteSite
21033,23,19
timeStep,numberOfRobotsOnBlackSite,numberOfRobotsOnWhiteSite
21034,23,19
timeStep,numberOfRobotsOnBlackSite,numberOfRobotsOnWhiteSite
21035,22,19
timeStep,numberOfRobotsOnBlackSite,numberOfRobotsOnWhiteSite
21036,22,19
timeStep,numberOfRobotsOnBlackSite,numberOfRobotsOnWhiteSite
21037,22,19
timeStep,numberOfRobotsOnBlackSite,numberOfRobotsOnWhiteSite
21038,22,19
timeStep,numberOfRobotsOnBlackSite,numberOfRobotsOnWhiteSite
21039,22,19
timeStep,numberOfRobotsOnBlackSite,numberOfRobotsOnWhiteSite
21040,21,19
timeStep,numberOfRobotsOnBlackSite,numberOfRobotsOnWhiteSite
21041,21,19
timeStep,numberOfRobotsOnBlackSite,numberOfRobotsOnWhiteSite
21042,21,19
timeStep,numberOfRobotsOnBlackSite,numberOfRobotsOnWhiteSite
21043,21,19
timeStep,numberOfRobotsOnBlackSite,numberOfRobotsOnWhiteSite
21044,21,19
timeStep,numberOfRobotsOnBlackSite,numberOfRobotsOnWhiteSite
21045,21,19
timeStep,numberOfRobotsOnBlackSite,numberOfRobotsOnWhiteSite
21046,21,19
timeStep,numberOfRobotsOnBlackSite,numberOfRobotsOnWhiteSite
21047,21,19
timeStep,numberOfRobotsOnBlackSite,numberOfRobotsOnWhiteSite
21048,21,19
timeStep,numberOfRobotsOnBlackSite,numberOfRobotsOnWhiteSite
21049,21,19
timeStep,numberOfRobotsOnBlackSite,numberOfRobotsOnWhiteSite
21050,21,19
timeStep,numberOfRobotsOnBlackSite,numberOfRobotsOnWhiteSite
21051,21,19
timeStep,numberOfRobotsOnBlackSite,numberOfRobotsOnWhiteSite
21052,21,19
timeStep,numberOfRobotsOnBlackSite,numberOfRobotsOnWhiteSite
21053,21,19
timeStep,numberOfRobotsOnBlackSite,numberOfRobotsOnWhiteSite
21054,21,19
timeStep,numberOfRobotsOnBlackSite,numberOfRobotsOnWhiteSite
21055,21,19
timeStep,numberOfRobotsOnBlackSite,numberOfRobotsOnWhiteSite
21056,21,19
timeStep,numberOfRobotsOnBlackSite,numberOfRobotsOnWhiteSite
21057,21,19
timeStep,numberOfRobotsOnBlackSite,numberOfRobotsOnWhiteSite
21058,21,19
timeStep,numberOfRobotsOnBlackSite,numberOfRobotsOnWhiteSite
21059,21,19
timeStep,numberOfRobotsOnBlackSite,numberOfRobotsOnWhiteSite
21060,21,19
timeStep,numberOfRobotsOnBlackSite,numberOfRobotsOnWhiteSite
21061,21,19
timeStep,numberOfRobotsOnBlackSite,numberOfRobotsOnWhiteSite
21062,21,19
timeStep,numberOfRobotsOnBlackSite,numberOfRobotsOnWhiteSite
21063,21,19
timeStep,numberOfRobotsOnBlackSite,numberOfRobotsOnWhiteSite
21064,21,19
timeStep,numberOfRobotsOnBlackSite,numberOfRobotsOnWhiteSite
21065,21,19
timeStep,numberOfRobotsOnBlackSite,numberOfRobotsOnWhiteSite
21066,21,19
timeStep,numberOfRobotsOnBlackSite,numberOfRobotsOnWhiteSite
21067,21,19
timeStep,numberOfRobotsOnBlackSite,numberOfRobotsOnWhiteSite
21068,21,19
timeStep,numberOfRobotsOnBlackSite,numberOfRobotsOnWhiteSite
21069,21,19
timeStep,numberOfRobotsOnBlackSite,numberOfRobotsOnWhiteSite
21070,21,19
timeStep,numberOfRobotsOnBlackSite,numberOfRobotsOnWhiteSite
21071,21,19
timeStep,numberOfRobotsOnBlackSite,numberOfRobotsOnWhiteSite
21072,21,19
timeStep,numberOfRobotsOnBlackSite,numberOfRobotsOnWhiteSite
21073,21,19
timeStep,numberOfRobotsOnBlackSite,numberOfRobotsOnWhiteSite
21074,21,19
timeStep,numberOfRobotsOnBlackSite,numberOfRobotsOnWhiteSite
21075,21,19
timeStep,numberOfRobotsOnBlackSite,numberOfRobotsOnWhiteSite
21076,21,19
timeStep,numberOfRobotsOnBlackSite,numberOfRobotsOnWhiteSite
21077,21,19
timeStep,numberOfRobotsOnBlackSite,numberOfRobotsOnWhiteSite
21078,21,19
timeStep,numberOfRobotsOnBlackSite,numberOfRobotsOnWhiteSite
21079,21,19
timeStep,numberOfRobotsOnBlackSite,numberOfRobotsOnWhiteSite
21080,21,19
timeStep,numberOfRobotsOnBlackSite,numberOfRobotsOnWhiteSite
21081,21,19
timeStep,numberOfRobotsOnBlackSite,numberOfRobotsOnWhiteSite
21082,21,19
timeStep,numberOfRobotsOnBlackSite,numberOfRobotsOnWhiteSite
21083,21,19
timeStep,numberOfRobotsOnBlackSite,numberOfRobotsOnWhiteSite
21084,21,19
timeStep,numberOfRobotsOnBlackSite,numberOfRobotsOnWhiteSite
21085,21,19
timeStep,numberOfRobotsOnBlackSite,numberOfRobotsOnWhiteSite
21086,21,19
timeStep,numberOfRobotsOnBlackSite,numberOfRobotsOnWhiteSite
21087,21,19
timeStep,numberOfRobotsOnBlackSite,numberOfRobotsOnWhiteSite
21088,21,19
timeStep,numberOfRobotsOnBlackSite,numberOfRobotsOnWhiteSite
21089,21,19
timeStep,numberOfRobotsOnBlackSite,numberOfRobotsOnWhiteSite
21090,21,19
timeStep,numberOfRobotsOnBlackSite,numberOfRobotsOnWhiteSite
21091,21,19
timeStep,numberOfRobotsOnBlackSite,numberOfRobotsOnWhiteSite
21092,21,19
timeStep,numberOfRobotsOnBlackSite,numberOfRobotsOnWhiteSite
21093,21,19
timeStep,numberOfRobotsOnBlackSite,numberOfRobotsOnWhiteSite
21094,21,19
timeStep,numberOfRobotsOnBlackSite,numberOfRobotsOnWhiteSite
21095,22,19
timeStep,numberOfRobotsOnBlackSite,numberOfRobotsOnWhiteSite
21096,22,19
timeStep,numberOfRobotsOnBlackSite,numberOfRobotsOnWhiteSite
21097,22,19
timeStep,numberOfRobotsOnBlackSite,numberOfRobotsOnWhiteSite
21098,22,19
timeStep,numberOfRobotsOnBlackSite,numberOfRobotsOnWhiteSite
21099,22,19
timeStep,numberOfRobotsOnBlackSite,numberOfRobotsOnWhiteSite
21100,22,19
timeStep,numberOfRobotsOnBlackSite,numberOfRobotsOnWhiteSite
21101,22,19
timeStep,numberOfRobotsOnBlackSite,numberOfRobotsOnWhiteSite
21102,22,19
timeStep,numberOfRobotsOnBlackSite,numberOfRobotsOnWhiteSite
21103,22,19
timeStep,numberOfRobotsOnBlackSite,numberOfRobotsOnWhiteSite
21104,22,19
timeStep,numberOfRobotsOnBlackSite,numberOfRobotsOnWhiteSite
21105,22,19
timeStep,numberOfRobotsOnBlackSite,numberOfRobotsOnWhiteSite
21106,22,19
timeStep,numberOfRobotsOnBlackSite,numberOfRobotsOnWhiteSite
21107,22,19
timeStep,numberOfRobotsOnBlackSite,numberOfRobotsOnWhiteSite
21108,22,19
timeStep,numberOfRobotsOnBlackSite,numberOfRobotsOnWhiteSite
21109,22,19
timeStep,numberOfRobotsOnBlackSite,numberOfRobotsOnWhiteSite
21110,22,19
timeStep,numberOfRobotsOnBlackSite,numberOfRobotsOnWhiteSite
21111,22,19
timeStep,numberOfRobotsOnBlackSite,numberOfRobotsOnWhiteSite
21112,22,19
timeStep,numberOfRobotsOnBlackSite,numberOfRobotsOnWhiteSite
21113,22,19
timeStep,numberOfRobotsOnBlackSite,numberOfRobotsOnWhiteSite
21114,22,19
timeStep,numberOfRobotsOnBlackSite,numberOfRobotsOnWhiteSite
21115,22,19
timeStep,numberOfRobotsOnBlackSite,numberOfRobotsOnWhiteSite
21116,22,19
timeStep,numberOfRobotsOnBlackSite,numberOfRobotsOnWhiteSite
21117,22,19
timeStep,numberOfRobotsOnBlackSite,numberOfRobotsOnWhiteSite
21118,22,19
timeStep,numberOfRobotsOnBlackSite,numberOfRobotsOnWhiteSite
21119,22,19
timeStep,numberOfRobotsOnBlackSite,numberOfRobotsOnWhiteSite
21120,22,19
timeStep,numberOfRobotsOnBlackSite,numberOfRobotsOnWhiteSite
21121,22,19
timeStep,numberOfRobotsOnBlackSite,numberOfRobotsOnWhiteSite
21122,22,19
timeStep,numberOfRobotsOnBlackSite,numberOfRobotsOnWhiteSite
21123,22,19
timeStep,numberOfRobotsOnBlackSite,numberOfRobotsOnWhiteSite
21124,22,19
timeStep,numberOfRobotsOnBlackSite,numberOfRobotsOnWhiteSite
21125,22,19
timeStep,numberOfRobotsOnBlackSite,numberOfRobotsOnWhiteSite
21126,22,19
timeStep,numberOfRobotsOnBlackSite,numberOfRobotsOnWhiteSite
21127,22,19
timeStep,numberOfRobotsOnBlackSite,numberOfRobotsOnWhiteSite
21128,22,19
timeStep,numberOfRobotsOnBlackSite,numberOfRobotsOnWhiteSite
21129,22,19
timeStep,numberOfRobotsOnBlackSite,numberOfRobotsOnWhiteSite
21130,22,19
timeStep,numberOfRobotsOnBlackSite,numberOfRobotsOnWhiteSite
21131,22,19
timeStep,numberOfRobotsOnBlackSite,numberOfRobotsOnWhiteSite
21132,22,19
timeStep,numberOfRobotsOnBlackSite,numberOfRobotsOnWhiteSite
21133,22,19
timeStep,numberOfRobotsOnBlackSite,numberOfRobotsOnWhiteSite
21134,22,19
timeStep,numberOfRobotsOnBlackSite,numberOfRobotsOnWhiteSite
21135,22,20
timeStep,numberOfRobotsOnBlackSite,numberOfRobotsOnWhiteSite
21136,22,20
timeStep,numberOfRobotsOnBlackSite,numberOfRobotsOnWhiteSite
21137,22,20
timeStep,numberOfRobotsOnBlackSite,numberOfRobotsOnWhiteSite
21138,22,20
timeStep,numberOfRobotsOnBlackSite,numberOfRobotsOnWhiteSite
21139,22,20
timeStep,numberOfRobotsOnBlackSite,numberOfRobotsOnWhiteSite
21140,22,20
timeStep,numberOfRobotsOnBlackSite,numberOfRobotsOnWhiteSite
21141,22,20
timeStep,numberOfRobotsOnBlackSite,numberOfRobotsOnWhiteSite
21142,22,20
timeStep,numberOfRobotsOnBlackSite,numberOfRobotsOnWhiteSite
21143,22,20
timeStep,numberOfRobotsOnBlackSite,numberOfRobotsOnWhiteSite
21144,22,20
timeStep,numberOfRobotsOnBlackSite,numberOfRobotsOnWhiteSite
21145,22,20
timeStep,numberOfRobotsOnBlackSite,numberOfRobotsOnWhiteSite
21146,22,20
timeStep,numberOfRobotsOnBlackSite,numberOfRobotsOnWhiteSite
21147,22,20
timeStep,numberOfRobotsOnBlackSite,numberOfRobotsOnWhiteSite
21148,22,20
timeStep,numberOfRobotsOnBlackSite,numberOfRobotsOnWhiteSite
21149,22,20
timeStep,numberOfRobotsOnBlackSite,numberOfRobotsOnWhiteSite
21150,22,20
timeStep,numberOfRobotsOnBlackSite,numberOfRobotsOnWhiteSite
21151,22,20
timeStep,numberOfRobotsOnBlackSite,numberOfRobotsOnWhiteSite
21152,22,20
timeStep,numberOfRobotsOnBlackSite,numberOfRobotsOnWhiteSite
21153,22,20
timeStep,numberOfRobotsOnBlackSite,numberOfRobotsOnWhiteSite
21154,22,20
timeStep,numberOfRobotsOnBlackSite,numberOfRobotsOnWhiteSite
21155,22,20
timeStep,numberOfRobotsOnBlackSite,numberOfRobotsOnWhiteSite
21156,22,20
timeStep,numberOfRobotsOnBlackSite,numberOfRobotsOnWhiteSite
21157,22,20
timeStep,numberOfRobotsOnBlackSite,numberOfRobotsOnWhiteSite
21158,22,20
timeStep,numberOfRobotsOnBlackSite,numberOfRobotsOnWhiteSite
21159,22,20
timeStep,numberOfRobotsOnBlackSite,numberOfRobotsOnWhiteSite
21160,22,20
timeStep,numberOfRobotsOnBlackSite,numberOfRobotsOnWhiteSite
21161,22,20
timeStep,numberOfRobotsOnBlackSite,numberOfRobotsOnWhiteSite
21162,22,20
timeStep,numberOfRobotsOnBlackSite,numberOfRobotsOnWhiteSite
21163,22,20
timeStep,numberOfRobotsOnBlackSite,numberOfRobotsOnWhiteSite
21164,22,20
timeStep,numberOfRobotsOnBlackSite,numberOfRobotsOnWhiteSite
21165,22,20
timeStep,numberOfRobotsOnBlackSite,numberOfRobotsOnWhiteSite
21166,22,20
timeStep,numberOfRobotsOnBlackSite,numberOfRobotsOnWhiteSite
21167,22,20
timeStep,numberOfRobotsOnBlackSite,numberOfRobotsOnWhiteSite
21168,22,20
timeStep,numberOfRobotsOnBlackSite,numberOfRobotsOnWhiteSite
21169,22,20
timeStep,numberOfRobotsOnBlackSite,numberOfRobotsOnWhiteSite
21170,22,20
timeStep,numberOfRobotsOnBlackSite,numberOfRobotsOnWhiteSite
21171,22,20
timeStep,numberOfRobotsOnBlackSite,numberOfRobotsOnWhiteSite
21172,22,20
timeStep,numberOfRobotsOnBlackSite,numberOfRobotsOnWhiteSite
21173,22,20
timeStep,numberOfRobotsOnBlackSite,numberOfRobotsOnWhiteSite
21174,22,20
timeStep,numberOfRobotsOnBlackSite,numberOfRobotsOnWhiteSite
21175,20,20
timeStep,numberOfRobotsOnBlackSite,numberOfRobotsOnWhiteSite
21176,20,20
timeStep,numberOfRobotsOnBlackSite,numberOfRobotsOnWhiteSite
21177,20,20
timeStep,numberOfRobotsOnBlackSite,numberOfRobotsOnWhiteSite
21178,20,20
timeStep,numberOfRobotsOnBlackSite,numberOfRobotsOnWhiteSite
21179,20,20
timeStep,numberOfRobotsOnBlackSite,numberOfRobotsOnWhiteSite
21180,20,20
timeStep,numberOfRobotsOnBlackSite,numberOfRobotsOnWhiteSite
21181,20,20
timeStep,numberOfRobotsOnBlackSite,numberOfRobotsOnWhiteSite
21182,20,20
timeStep,numberOfRobotsOnBlackSite,numberOfRobotsOnWhiteSite
21183,20,20
timeStep,numberOfRobotsOnBlackSite,numberOfRobotsOnWhiteSite
21184,20,20
timeStep,numberOfRobotsOnBlackSite,numberOfRobotsOnWhiteSite
21185,20,20
timeStep,numberOfRobotsOnBlackSite,numberOfRobotsOnWhiteSite
21186,20,20
timeStep,numberOfRobotsOnBlackSite,numberOfRobotsOnWhiteSite
21187,20,20
timeStep,numberOfRobotsOnBlackSite,numberOfRobotsOnWhiteSite
21188,20,20
timeStep,numberOfRobotsOnBlackSite,numberOfRobotsOnWhiteSite
21189,20,20
timeStep,numberOfRobotsOnBlackSite,numberOfRobotsOnWhiteSite
21190,20,20
timeStep,numberOfRobotsOnBlackSite,numberOfRobotsOnWhiteSite
21191,20,20
timeStep,numberOfRobotsOnBlackSite,numberOfRobotsOnWhiteSite
21192,20,20
timeStep,numberOfRobotsOnBlackSite,numberOfRobotsOnWhiteSite
21193,20,20
timeStep,numberOfRobotsOnBlackSite,numberOfRobotsOnWhiteSite
21194,20,20
timeStep,numberOfRobotsOnBlackSite,numberOfRobotsOnWhiteSite
21195,20,19
timeStep,numberOfRobotsOnBlackSite,numberOfRobotsOnWhiteSite
21196,20,19
timeStep,numberOfRobotsOnBlackSite,numberOfRobotsOnWhiteSite
21197,20,19
timeStep,numberOfRobotsOnBlackSite,numberOfRobotsOnWhiteSite
21198,20,19
timeStep,numberOfRobotsOnBlackSite,numberOfRobotsOnWhiteSite
21199,20,19
timeStep,numberOfRobotsOnBlackSite,numberOfRobotsOnWhiteSite
21200,20,19
timeStep,numberOfRobotsOnBlackSite,numberOfRobotsOnWhiteSite
21201,20,19
timeStep,numberOfRobotsOnBlackSite,numberOfRobotsOnWhiteSite
21202,20,19
timeStep,numberOfRobotsOnBlackSite,numberOfRobotsOnWhiteSite
21203,20,19
timeStep,numberOfRobotsOnBlackSite,numberOfRobotsOnWhiteSite
21204,20,19
timeStep,numberOfRobotsOnBlackSite,numberOfRobotsOnWhiteSite
21205,20,19
timeStep,numberOfRobotsOnBlackSite,numberOfRobotsOnWhiteSite
21206,20,19
timeStep,numberOfRobotsOnBlackSite,numberOfRobotsOnWhiteSite
21207,20,19
timeStep,numberOfRobotsOnBlackSite,numberOfRobotsOnWhiteSite
21208,20,19
timeStep,numberOfRobotsOnBlackSite,numberOfRobotsOnWhiteSite
21209,20,19
timeStep,numberOfRobotsOnBlackSite,numberOfRobotsOnWhiteSite
21210,20,19
timeStep,numberOfRobotsOnBlackSite,numberOfRobotsOnWhiteSite
21211,20,19
timeStep,numberOfRobotsOnBlackSite,numberOfRobotsOnWhiteSite
21212,20,19
timeStep,numberOfRobotsOnBlackSite,numberOfRobotsOnWhiteSite
21213,20,19
timeStep,numberOfRobotsOnBlackSite,numberOfRobotsOnWhiteSite
21214,20,19
timeStep,numberOfRobotsOnBlackSite,numberOfRobotsOnWhiteSite
21215,20,19
timeStep,numberOfRobotsOnBlackSite,numberOfRobotsOnWhiteSite
21216,20,19
timeStep,numberOfRobotsOnBlackSite,numberOfRobotsOnWhiteSite
21217,20,19
timeStep,numberOfRobotsOnBlackSite,numberOfRobotsOnWhiteSite
21218,20,19
timeStep,numberOfRobotsOnBlackSite,numberOfRobotsOnWhiteSite
21219,20,19
timeStep,numberOfRobotsOnBlackSite,numberOfRobotsOnWhiteSite
21220,21,19
timeStep,numberOfRobotsOnBlackSite,numberOfRobotsOnWhiteSite
21221,21,19
timeStep,numberOfRobotsOnBlackSite,numberOfRobotsOnWhiteSite
21222,21,19
timeStep,numberOfRobotsOnBlackSite,numberOfRobotsOnWhiteSite
21223,21,19
timeStep,numberOfRobotsOnBlackSite,numberOfRobotsOnWhiteSite
21224,21,19
timeStep,numberOfRobotsOnBlackSite,numberOfRobotsOnWhiteSite
21225,22,19
timeStep,numberOfRobotsOnBlackSite,numberOfRobotsOnWhiteSite
21226,22,19
timeStep,numberOfRobotsOnBlackSite,numberOfRobotsOnWhiteSite
21227,22,19
timeStep,numberOfRobotsOnBlackSite,numberOfRobotsOnWhiteSite
21228,22,19
timeStep,numberOfRobotsOnBlackSite,numberOfRobotsOnWhiteSite
21229,22,19
timeStep,numberOfRobotsOnBlackSite,numberOfRobotsOnWhiteSite
21230,23,19
timeStep,numberOfRobotsOnBlackSite,numberOfRobotsOnWhiteSite
21231,23,19
timeStep,numberOfRobotsOnBlackSite,numberOfRobotsOnWhiteSite
21232,23,19
timeStep,numberOfRobotsOnBlackSite,numberOfRobotsOnWhiteSite
21233,23,19
timeStep,numberOfRobotsOnBlackSite,numberOfRobotsOnWhiteSite
21234,23,19
timeStep,numberOfRobotsOnBlackSite,numberOfRobotsOnWhiteSite
21235,23,19
timeStep,numberOfRobotsOnBlackSite,numberOfRobotsOnWhiteSite
21236,23,19
timeStep,numberOfRobotsOnBlackSite,numberOfRobotsOnWhiteSite
21237,23,19
timeStep,numberOfRobotsOnBlackSite,numberOfRobotsOnWhiteSite
21238,23,19
timeStep,numberOfRobotsOnBlackSite,numberOfRobotsOnWhiteSite
21239,23,19
timeStep,numberOfRobotsOnBlackSite,numberOfRobotsOnWhiteSite
21240,22,19
timeStep,numberOfRobotsOnBlackSite,numberOfRobotsOnWhiteSite
21241,22,19
timeStep,numberOfRobotsOnBlackSite,numberOfRobotsOnWhiteSite
21242,22,19
timeStep,numberOfRobotsOnBlackSite,numberOfRobotsOnWhiteSite
21243,22,19
timeStep,numberOfRobotsOnBlackSite,numberOfRobotsOnWhiteSite
21244,22,19
timeStep,numberOfRobotsOnBlackSite,numberOfRobotsOnWhiteSite
21245,22,20
timeStep,numberOfRobotsOnBlackSite,numberOfRobotsOnWhiteSite
21246,22,20
timeStep,numberOfRobotsOnBlackSite,numberOfRobotsOnWhiteSite
21247,22,20
timeStep,numberOfRobotsOnBlackSite,numberOfRobotsOnWhiteSite
21248,22,20
timeStep,numberOfRobotsOnBlackSite,numberOfRobotsOnWhiteSite
21249,22,20
timeStep,numberOfRobotsOnBlackSite,numberOfRobotsOnWhiteSite
21250,22,20
timeStep,numberOfRobotsOnBlackSite,numberOfRobotsOnWhiteSite
21251,22,20
timeStep,numberOfRobotsOnBlackSite,numberOfRobotsOnWhiteSite
21252,22,20
timeStep,numberOfRobotsOnBlackSite,numberOfRobotsOnWhiteSite
21253,22,20
timeStep,numberOfRobotsOnBlackSite,numberOfRobotsOnWhiteSite
21254,22,20
timeStep,numberOfRobotsOnBlackSite,numberOfRobotsOnWhiteSite
21255,22,20
timeStep,numberOfRobotsOnBlackSite,numberOfRobotsOnWhiteSite
21256,22,20
timeStep,numberOfRobotsOnBlackSite,numberOfRobotsOnWhiteSite
21257,22,20
timeStep,numberOfRobotsOnBlackSite,numberOfRobotsOnWhiteSite
21258,22,20
timeStep,numberOfRobotsOnBlackSite,numberOfRobotsOnWhiteSite
21259,22,20
timeStep,numberOfRobotsOnBlackSite,numberOfRobotsOnWhiteSite
21260,22,20
timeStep,numberOfRobotsOnBlackSite,numberOfRobotsOnWhiteSite
21261,22,20
timeStep,numberOfRobotsOnBlackSite,numberOfRobotsOnWhiteSite
21262,22,20
timeStep,numberOfRobotsOnBlackSite,numberOfRobotsOnWhiteSite
21263,22,20
timeStep,numberOfRobotsOnBlackSite,numberOfRobotsOnWhiteSite
21264,22,20
timeStep,numberOfRobotsOnBlackSite,numberOfRobotsOnWhiteSite
21265,23,20
timeStep,numberOfRobotsOnBlackSite,numberOfRobotsOnWhiteSite
21266,23,20
timeStep,numberOfRobotsOnBlackSite,numberOfRobotsOnWhiteSite
21267,23,20
timeStep,numberOfRobotsOnBlackSite,numberOfRobotsOnWhiteSite
21268,23,20
timeStep,numberOfRobotsOnBlackSite,numberOfRobotsOnWhiteSite
21269,23,20
timeStep,numberOfRobotsOnBlackSite,numberOfRobotsOnWhiteSite
21270,23,20
timeStep,numberOfRobotsOnBlackSite,numberOfRobotsOnWhiteSite
21271,23,20
timeStep,numberOfRobotsOnBlackSite,numberOfRobotsOnWhiteSite
21272,23,20
timeStep,numberOfRobotsOnBlackSite,numberOfRobotsOnWhiteSite
21273,23,20
timeStep,numberOfRobotsOnBlackSite,numberOfRobotsOnWhiteSite
21274,23,20
timeStep,numberOfRobotsOnBlackSite,numberOfRobotsOnWhiteSite
21275,23,20
timeStep,numberOfRobotsOnBlackSite,numberOfRobotsOnWhiteSite
21276,23,20
timeStep,numberOfRobotsOnBlackSite,numberOfRobotsOnWhiteSite
21277,23,20
timeStep,numberOfRobotsOnBlackSite,numberOfRobotsOnWhiteSite
21278,23,20
timeStep,numberOfRobotsOnBlackSite,numberOfRobotsOnWhiteSite
21279,23,20
timeStep,numberOfRobotsOnBlackSite,numberOfRobotsOnWhiteSite
21280,23,20
timeStep,numberOfRobotsOnBlackSite,numberOfRobotsOnWhiteSite
21281,23,20
timeStep,numberOfRobotsOnBlackSite,numberOfRobotsOnWhiteSite
21282,23,20
timeStep,numberOfRobotsOnBlackSite,numberOfRobotsOnWhiteSite
21283,23,20
timeStep,numberOfRobotsOnBlackSite,numberOfRobotsOnWhiteSite
21284,23,20
timeStep,numberOfRobotsOnBlackSite,numberOfRobotsOnWhiteSite
21285,23,20
timeStep,numberOfRobotsOnBlackSite,numberOfRobotsOnWhiteSite
21286,23,20
timeStep,numberOfRobotsOnBlackSite,numberOfRobotsOnWhiteSite
21287,23,20
timeStep,numberOfRobotsOnBlackSite,numberOfRobotsOnWhiteSite
21288,23,20
timeStep,numberOfRobotsOnBlackSite,numberOfRobotsOnWhiteSite
21289,23,20
timeStep,numberOfRobotsOnBlackSite,numberOfRobotsOnWhiteSite
21290,23,20
timeStep,numberOfRobotsOnBlackSite,numberOfRobotsOnWhiteSite
21291,23,20
timeStep,numberOfRobotsOnBlackSite,numberOfRobotsOnWhiteSite
21292,23,20
timeStep,numberOfRobotsOnBlackSite,numberOfRobotsOnWhiteSite
21293,23,20
timeStep,numberOfRobotsOnBlackSite,numberOfRobotsOnWhiteSite
21294,23,20
timeStep,numberOfRobotsOnBlackSite,numberOfRobotsOnWhiteSite
21295,23,20
timeStep,numberOfRobotsOnBlackSite,numberOfRobotsOnWhiteSite
21296,23,20
timeStep,numberOfRobotsOnBlackSite,numberOfRobotsOnWhiteSite
21297,23,20
timeStep,numberOfRobotsOnBlackSite,numberOfRobotsOnWhiteSite
21298,23,20
timeStep,numberOfRobotsOnBlackSite,numberOfRobotsOnWhiteSite
21299,23,20
timeStep,numberOfRobotsOnBlackSite,numberOfRobotsOnWhiteSite
21300,23,20
timeStep,numberOfRobotsOnBlackSite,numberOfRobotsOnWhiteSite
21301,23,20
timeStep,numberOfRobotsOnBlackSite,numberOfRobotsOnWhiteSite
21302,23,20
timeStep,numberOfRobotsOnBlackSite,numberOfRobotsOnWhiteSite
21303,23,20
timeStep,numberOfRobotsOnBlackSite,numberOfRobotsOnWhiteSite
21304,23,20
timeStep,numberOfRobotsOnBlackSite,numberOfRobotsOnWhiteSite
21305,23,20
timeStep,numberOfRobotsOnBlackSite,numberOfRobotsOnWhiteSite
21306,23,20
timeStep,numberOfRobotsOnBlackSite,numberOfRobotsOnWhiteSite
21307,23,20
timeStep,numberOfRobotsOnBlackSite,numberOfRobotsOnWhiteSite
21308,23,20
timeStep,numberOfRobotsOnBlackSite,numberOfRobotsOnWhiteSite
21309,23,20
timeStep,numberOfRobotsOnBlackSite,numberOfRobotsOnWhiteSite
21310,23,20
timeStep,numberOfRobotsOnBlackSite,numberOfRobotsOnWhiteSite
21311,23,20
timeStep,numberOfRobotsOnBlackSite,numberOfRobotsOnWhiteSite
21312,23,20
timeStep,numberOfRobotsOnBlackSite,numberOfRobotsOnWhiteSite
21313,23,20
timeStep,numberOfRobotsOnBlackSite,numberOfRobotsOnWhiteSite
21314,23,20
timeStep,numberOfRobotsOnBlackSite,numberOfRobotsOnWhiteSite
21315,23,20
timeStep,numberOfRobotsOnBlackSite,numberOfRobotsOnWhiteSite
21316,23,20
timeStep,numberOfRobotsOnBlackSite,numberOfRobotsOnWhiteSite
21317,23,20
timeStep,numberOfRobotsOnBlackSite,numberOfRobotsOnWhiteSite
21318,23,20
timeStep,numberOfRobotsOnBlackSite,numberOfRobotsOnWhiteSite
21319,23,20
timeStep,numberOfRobotsOnBlackSite,numberOfRobotsOnWhiteSite
21320,23,20
timeStep,numberOfRobotsOnBlackSite,numberOfRobotsOnWhiteSite
21321,23,20
timeStep,numberOfRobotsOnBlackSite,numberOfRobotsOnWhiteSite
21322,23,20
timeStep,numberOfRobotsOnBlackSite,numberOfRobotsOnWhiteSite
21323,23,20
timeStep,numberOfRobotsOnBlackSite,numberOfRobotsOnWhiteSite
21324,23,20
timeStep,numberOfRobotsOnBlackSite,numberOfRobotsOnWhiteSite
21325,23,20
timeStep,numberOfRobotsOnBlackSite,numberOfRobotsOnWhiteSite
21326,23,20
timeStep,numberOfRobotsOnBlackSite,numberOfRobotsOnWhiteSite
21327,23,20
timeStep,numberOfRobotsOnBlackSite,numberOfRobotsOnWhiteSite
21328,23,20
timeStep,numberOfRobotsOnBlackSite,numberOfRobotsOnWhiteSite
21329,23,20
timeStep,numberOfRobotsOnBlackSite,numberOfRobotsOnWhiteSite
21330,23,20
timeStep,numberOfRobotsOnBlackSite,numberOfRobotsOnWhiteSite
21331,23,20
timeStep,numberOfRobotsOnBlackSite,numberOfRobotsOnWhiteSite
21332,23,20
timeStep,numberOfRobotsOnBlackSite,numberOfRobotsOnWhiteSite
21333,23,20
timeStep,numberOfRobotsOnBlackSite,numberOfRobotsOnWhiteSite
21334,23,20
timeStep,numberOfRobotsOnBlackSite,numberOfRobotsOnWhiteSite
21335,23,20
timeStep,numberOfRobotsOnBlackSite,numberOfRobotsOnWhiteSite
21336,23,20
timeStep,numberOfRobotsOnBlackSite,numberOfRobotsOnWhiteSite
21337,23,20
timeStep,numberOfRobotsOnBlackSite,numberOfRobotsOnWhiteSite
21338,23,20
timeStep,numberOfRobotsOnBlackSite,numberOfRobotsOnWhiteSite
21339,23,20
timeStep,numberOfRobotsOnBlackSite,numberOfRobotsOnWhiteSite
21340,23,20
timeStep,numberOfRobotsOnBlackSite,numberOfRobotsOnWhiteSite
21341,23,20
timeStep,numberOfRobotsOnBlackSite,numberOfRobotsOnWhiteSite
21342,23,20
timeStep,numberOfRobotsOnBlackSite,numberOfRobotsOnWhiteSite
21343,23,20
timeStep,numberOfRobotsOnBlackSite,numberOfRobotsOnWhiteSite
21344,23,20
timeStep,numberOfRobotsOnBlackSite,numberOfRobotsOnWhiteSite
21345,23,20
timeStep,numberOfRobotsOnBlackSite,numberOfRobotsOnWhiteSite
21346,23,20
timeStep,numberOfRobotsOnBlackSite,numberOfRobotsOnWhiteSite
21347,23,20
timeStep,numberOfRobotsOnBlackSite,numberOfRobotsOnWhiteSite
21348,23,20
timeStep,numberOfRobotsOnBlackSite,numberOfRobotsOnWhiteSite
21349,23,20
timeStep,numberOfRobotsOnBlackSite,numberOfRobotsOnWhiteSite
21350,23,20
timeStep,numberOfRobotsOnBlackSite,numberOfRobotsOnWhiteSite
21351,23,20
timeStep,numberOfRobotsOnBlackSite,numberOfRobotsOnWhiteSite
21352,23,20
timeStep,numberOfRobotsOnBlackSite,numberOfRobotsOnWhiteSite
21353,23,20
timeStep,numberOfRobotsOnBlackSite,numberOfRobotsOnWhiteSite
21354,23,20
timeStep,numberOfRobotsOnBlackSite,numberOfRobotsOnWhiteSite
21355,24,20
timeStep,numberOfRobotsOnBlackSite,numberOfRobotsOnWhiteSite
21356,24,20
timeStep,numberOfRobotsOnBlackSite,numberOfRobotsOnWhiteSite
21357,24,20
timeStep,numberOfRobotsOnBlackSite,numberOfRobotsOnWhiteSite
21358,24,20
timeStep,numberOfRobotsOnBlackSite,numberOfRobotsOnWhiteSite
21359,24,20
timeStep,numberOfRobotsOnBlackSite,numberOfRobotsOnWhiteSite
21360,24,20
timeStep,numberOfRobotsOnBlackSite,numberOfRobotsOnWhiteSite
21361,24,20
timeStep,numberOfRobotsOnBlackSite,numberOfRobotsOnWhiteSite
21362,24,20
timeStep,numberOfRobotsOnBlackSite,numberOfRobotsOnWhiteSite
21363,24,20
timeStep,numberOfRobotsOnBlackSite,numberOfRobotsOnWhiteSite
21364,24,20
timeStep,numberOfRobotsOnBlackSite,numberOfRobotsOnWhiteSite
21365,24,20
timeStep,numberOfRobotsOnBlackSite,numberOfRobotsOnWhiteSite
21366,24,20
timeStep,numberOfRobotsOnBlackSite,numberOfRobotsOnWhiteSite
21367,24,20
timeStep,numberOfRobotsOnBlackSite,numberOfRobotsOnWhiteSite
21368,24,20
timeStep,numberOfRobotsOnBlackSite,numberOfRobotsOnWhiteSite
21369,24,20
timeStep,numberOfRobotsOnBlackSite,numberOfRobotsOnWhiteSite
21370,25,20
timeStep,numberOfRobotsOnBlackSite,numberOfRobotsOnWhiteSite
21371,25,20
timeStep,numberOfRobotsOnBlackSite,numberOfRobotsOnWhiteSite
21372,25,20
timeStep,numberOfRobotsOnBlackSite,numberOfRobotsOnWhiteSite
21373,25,20
timeStep,numberOfRobotsOnBlackSite,numberOfRobotsOnWhiteSite
21374,25,20
timeStep,numberOfRobotsOnBlackSite,numberOfRobotsOnWhiteSite
21375,24,20
timeStep,numberOfRobotsOnBlackSite,numberOfRobotsOnWhiteSite
21376,24,20
timeStep,numberOfRobotsOnBlackSite,numberOfRobotsOnWhiteSite
21377,24,20
timeStep,numberOfRobotsOnBlackSite,numberOfRobotsOnWhiteSite
21378,24,20
timeStep,numberOfRobotsOnBlackSite,numberOfRobotsOnWhiteSite
21379,24,20
timeStep,numberOfRobotsOnBlackSite,numberOfRobotsOnWhiteSite
21380,24,20
timeStep,numberOfRobotsOnBlackSite,numberOfRobotsOnWhiteSite
21381,24,20
timeStep,numberOfRobotsOnBlackSite,numberOfRobotsOnWhiteSite
21382,24,20
timeStep,numberOfRobotsOnBlackSite,numberOfRobotsOnWhiteSite
21383,24,20
timeStep,numberOfRobotsOnBlackSite,numberOfRobotsOnWhiteSite
21384,24,20
timeStep,numberOfRobotsOnBlackSite,numberOfRobotsOnWhiteSite
21385,24,20
timeStep,numberOfRobotsOnBlackSite,numberOfRobotsOnWhiteSite
21386,24,20
timeStep,numberOfRobotsOnBlackSite,numberOfRobotsOnWhiteSite
21387,24,20
timeStep,numberOfRobotsOnBlackSite,numberOfRobotsOnWhiteSite
21388,24,20
timeStep,numberOfRobotsOnBlackSite,numberOfRobotsOnWhiteSite
21389,24,20
timeStep,numberOfRobotsOnBlackSite,numberOfRobotsOnWhiteSite
21390,24,20
timeStep,numberOfRobotsOnBlackSite,numberOfRobotsOnWhiteSite
21391,24,20
timeStep,numberOfRobotsOnBlackSite,numberOfRobotsOnWhiteSite
21392,24,20
timeStep,numberOfRobotsOnBlackSite,numberOfRobotsOnWhiteSite
21393,24,20
timeStep,numberOfRobotsOnBlackSite,numberOfRobotsOnWhiteSite
21394,24,20
timeStep,numberOfRobotsOnBlackSite,numberOfRobotsOnWhiteSite
21395,24,20
timeStep,numberOfRobotsOnBlackSite,numberOfRobotsOnWhiteSite
21396,24,20
timeStep,numberOfRobotsOnBlackSite,numberOfRobotsOnWhiteSite
21397,24,20
timeStep,numberOfRobotsOnBlackSite,numberOfRobotsOnWhiteSite
21398,24,20
timeStep,numberOfRobotsOnBlackSite,numberOfRobotsOnWhiteSite
21399,24,20
timeStep,numberOfRobotsOnBlackSite,numberOfRobotsOnWhiteSite
21400,24,20
timeStep,numberOfRobotsOnBlackSite,numberOfRobotsOnWhiteSite
21401,24,20
timeStep,numberOfRobotsOnBlackSite,numberOfRobotsOnWhiteSite
21402,24,20
timeStep,numberOfRobotsOnBlackSite,numberOfRobotsOnWhiteSite
21403,24,20
timeStep,numberOfRobotsOnBlackSite,numberOfRobotsOnWhiteSite
21404,24,20
timeStep,numberOfRobotsOnBlackSite,numberOfRobotsOnWhiteSite
21405,24,20
timeStep,numberOfRobotsOnBlackSite,numberOfRobotsOnWhiteSite
21406,24,20
timeStep,numberOfRobotsOnBlackSite,numberOfRobotsOnWhiteSite
21407,24,20
timeStep,numberOfRobotsOnBlackSite,numberOfRobotsOnWhiteSite
21408,24,20
timeStep,numberOfRobotsOnBlackSite,numberOfRobotsOnWhiteSite
21409,24,20
timeStep,numberOfRobotsOnBlackSite,numberOfRobotsOnWhiteSite
21410,24,20
timeStep,numberOfRobotsOnBlackSite,numberOfRobotsOnWhiteSite
21411,24,20
timeStep,numberOfRobotsOnBlackSite,numberOfRobotsOnWhiteSite
21412,24,20
timeStep,numberOfRobotsOnBlackSite,numberOfRobotsOnWhiteSite
21413,24,20
timeStep,numberOfRobotsOnBlackSite,numberOfRobotsOnWhiteSite
21414,24,20
timeStep,numberOfRobotsOnBlackSite,numberOfRobotsOnWhiteSite
21415,24,20
timeStep,numberOfRobotsOnBlackSite,numberOfRobotsOnWhiteSite
21416,24,20
timeStep,numberOfRobotsOnBlackSite,numberOfRobotsOnWhiteSite
21417,24,20
timeStep,numberOfRobotsOnBlackSite,numberOfRobotsOnWhiteSite
21418,24,20
timeStep,numberOfRobotsOnBlackSite,numberOfRobotsOnWhiteSite
21419,24,20
timeStep,numberOfRobotsOnBlackSite,numberOfRobotsOnWhiteSite
21420,24,19
timeStep,numberOfRobotsOnBlackSite,numberOfRobotsOnWhiteSite
21421,24,19
timeStep,numberOfRobotsOnBlackSite,numberOfRobotsOnWhiteSite
21422,24,19
timeStep,numberOfRobotsOnBlackSite,numberOfRobotsOnWhiteSite
21423,24,19
timeStep,numberOfRobotsOnBlackSite,numberOfRobotsOnWhiteSite
21424,24,19
timeStep,numberOfRobotsOnBlackSite,numberOfRobotsOnWhiteSite
21425,24,19
timeStep,numberOfRobotsOnBlackSite,numberOfRobotsOnWhiteSite
21426,24,19
timeStep,numberOfRobotsOnBlackSite,numberOfRobotsOnWhiteSite
21427,24,19
timeStep,numberOfRobotsOnBlackSite,numberOfRobotsOnWhiteSite
21428,24,19
timeStep,numberOfRobotsOnBlackSite,numberOfRobotsOnWhiteSite
21429,24,19
timeStep,numberOfRobotsOnBlackSite,numberOfRobotsOnWhiteSite
21430,24,19
timeStep,numberOfRobotsOnBlackSite,numberOfRobotsOnWhiteSite
21431,24,19
timeStep,numberOfRobotsOnBlackSite,numberOfRobotsOnWhiteSite
21432,24,19
timeStep,numberOfRobotsOnBlackSite,numberOfRobotsOnWhiteSite
21433,24,19
timeStep,numberOfRobotsOnBlackSite,numberOfRobotsOnWhiteSite
21434,24,19
timeStep,numberOfRobotsOnBlackSite,numberOfRobotsOnWhiteSite
21435,24,19
timeStep,numberOfRobotsOnBlackSite,numberOfRobotsOnWhiteSite
21436,24,19
timeStep,numberOfRobotsOnBlackSite,numberOfRobotsOnWhiteSite
21437,24,19
timeStep,numberOfRobotsOnBlackSite,numberOfRobotsOnWhiteSite
21438,24,19
timeStep,numberOfRobotsOnBlackSite,numberOfRobotsOnWhiteSite
21439,24,19
timeStep,numberOfRobotsOnBlackSite,numberOfRobotsOnWhiteSite
21440,25,19
timeStep,numberOfRobotsOnBlackSite,numberOfRobotsOnWhiteSite
21441,25,19
timeStep,numberOfRobotsOnBlackSite,numberOfRobotsOnWhiteSite
21442,25,19
timeStep,numberOfRobotsOnBlackSite,numberOfRobotsOnWhiteSite
21443,25,19
timeStep,numberOfRobotsOnBlackSite,numberOfRobotsOnWhiteSite
21444,25,19
timeStep,numberOfRobotsOnBlackSite,numberOfRobotsOnWhiteSite
21445,25,19
timeStep,numberOfRobotsOnBlackSite,numberOfRobotsOnWhiteSite
21446,25,19
timeStep,numberOfRobotsOnBlackSite,numberOfRobotsOnWhiteSite
21447,25,19
timeStep,numberOfRobotsOnBlackSite,numberOfRobotsOnWhiteSite
21448,25,19
timeStep,numberOfRobotsOnBlackSite,numberOfRobotsOnWhiteSite
21449,25,19
timeStep,numberOfRobotsOnBlackSite,numberOfRobotsOnWhiteSite
21450,25,19
timeStep,numberOfRobotsOnBlackSite,numberOfRobotsOnWhiteSite
21451,25,19
timeStep,numberOfRobotsOnBlackSite,numberOfRobotsOnWhiteSite
21452,25,19
timeStep,numberOfRobotsOnBlackSite,numberOfRobotsOnWhiteSite
21453,25,19
timeStep,numberOfRobotsOnBlackSite,numberOfRobotsOnWhiteSite
21454,25,19
timeStep,numberOfRobotsOnBlackSite,numberOfRobotsOnWhiteSite
21455,25,19
timeStep,numberOfRobotsOnBlackSite,numberOfRobotsOnWhiteSite
21456,25,19
timeStep,numberOfRobotsOnBlackSite,numberOfRobotsOnWhiteSite
21457,25,19
timeStep,numberOfRobotsOnBlackSite,numberOfRobotsOnWhiteSite
21458,25,19
timeStep,numberOfRobotsOnBlackSite,numberOfRobotsOnWhiteSite
21459,25,19
timeStep,numberOfRobotsOnBlackSite,numberOfRobotsOnWhiteSite
21460,25,20
timeStep,numberOfRobotsOnBlackSite,numberOfRobotsOnWhiteSite
21461,25,20
timeStep,numberOfRobotsOnBlackSite,numberOfRobotsOnWhiteSite
21462,25,20
timeStep,numberOfRobotsOnBlackSite,numberOfRobotsOnWhiteSite
21463,25,20
timeStep,numberOfRobotsOnBlackSite,numberOfRobotsOnWhiteSite
21464,25,20
timeStep,numberOfRobotsOnBlackSite,numberOfRobotsOnWhiteSite
21465,24,20
timeStep,numberOfRobotsOnBlackSite,numberOfRobotsOnWhiteSite
21466,24,20
timeStep,numberOfRobotsOnBlackSite,numberOfRobotsOnWhiteSite
21467,24,20
timeStep,numberOfRobotsOnBlackSite,numberOfRobotsOnWhiteSite
21468,24,20
timeStep,numberOfRobotsOnBlackSite,numberOfRobotsOnWhiteSite
21469,24,20
timeStep,numberOfRobotsOnBlackSite,numberOfRobotsOnWhiteSite
21470,24,20
timeStep,numberOfRobotsOnBlackSite,numberOfRobotsOnWhiteSite
21471,24,20
timeStep,numberOfRobotsOnBlackSite,numberOfRobotsOnWhiteSite
21472,24,20
timeStep,numberOfRobotsOnBlackSite,numberOfRobotsOnWhiteSite
21473,24,20
timeStep,numberOfRobotsOnBlackSite,numberOfRobotsOnWhiteSite
21474,24,20
timeStep,numberOfRobotsOnBlackSite,numberOfRobotsOnWhiteSite
21475,24,20
timeStep,numberOfRobotsOnBlackSite,numberOfRobotsOnWhiteSite
21476,24,20
timeStep,numberOfRobotsOnBlackSite,numberOfRobotsOnWhiteSite
21477,24,20
timeStep,numberOfRobotsOnBlackSite,numberOfRobotsOnWhiteSite
21478,24,20
timeStep,numberOfRobotsOnBlackSite,numberOfRobotsOnWhiteSite
21479,24,20
timeStep,numberOfRobotsOnBlackSite,numberOfRobotsOnWhiteSite
21480,24,20
timeStep,numberOfRobotsOnBlackSite,numberOfRobotsOnWhiteSite
21481,24,20
timeStep,numberOfRobotsOnBlackSite,numberOfRobotsOnWhiteSite
21482,24,20
timeStep,numberOfRobotsOnBlackSite,numberOfRobotsOnWhiteSite
21483,24,20
timeStep,numberOfRobotsOnBlackSite,numberOfRobotsOnWhiteSite
21484,24,20
timeStep,numberOfRobotsOnBlackSite,numberOfRobotsOnWhiteSite
21485,24,20
timeStep,numberOfRobotsOnBlackSite,numberOfRobotsOnWhiteSite
21486,24,20
timeStep,numberOfRobotsOnBlackSite,numberOfRobotsOnWhiteSite
21487,24,20
timeStep,numberOfRobotsOnBlackSite,numberOfRobotsOnWhiteSite
21488,24,20
timeStep,numberOfRobotsOnBlackSite,numberOfRobotsOnWhiteSite
21489,24,20
timeStep,numberOfRobotsOnBlackSite,numberOfRobotsOnWhiteSite
21490,24,20
timeStep,numberOfRobotsOnBlackSite,numberOfRobotsOnWhiteSite
21491,24,20
timeStep,numberOfRobotsOnBlackSite,numberOfRobotsOnWhiteSite
21492,24,20
timeStep,numberOfRobotsOnBlackSite,numberOfRobotsOnWhiteSite
21493,24,20
timeStep,numberOfRobotsOnBlackSite,numberOfRobotsOnWhiteSite
21494,24,20
timeStep,numberOfRobotsOnBlackSite,numberOfRobotsOnWhiteSite
21495,24,20
timeStep,numberOfRobotsOnBlackSite,numberOfRobotsOnWhiteSite
21496,24,20
timeStep,numberOfRobotsOnBlackSite,numberOfRobotsOnWhiteSite
21497,24,20
timeStep,numberOfRobotsOnBlackSite,numberOfRobotsOnWhiteSite
21498,24,20
timeStep,numberOfRobotsOnBlackSite,numberOfRobotsOnWhiteSite
21499,24,20
timeStep,numberOfRobotsOnBlackSite,numberOfRobotsOnWhiteSite
21500,24,20
timeStep,numberOfRobotsOnBlackSite,numberOfRobotsOnWhiteSite
21501,24,20
timeStep,numberOfRobotsOnBlackSite,numberOfRobotsOnWhiteSite
21502,24,20
timeStep,numberOfRobotsOnBlackSite,numberOfRobotsOnWhiteSite
21503,24,20
timeStep,numberOfRobotsOnBlackSite,numberOfRobotsOnWhiteSite
21504,24,20
timeStep,numberOfRobotsOnBlackSite,numberOfRobotsOnWhiteSite
21505,24,20
timeStep,numberOfRobotsOnBlackSite,numberOfRobotsOnWhiteSite
21506,24,20
timeStep,numberOfRobotsOnBlackSite,numberOfRobotsOnWhiteSite
21507,24,20
timeStep,numberOfRobotsOnBlackSite,numberOfRobotsOnWhiteSite
21508,24,20
timeStep,numberOfRobotsOnBlackSite,numberOfRobotsOnWhiteSite
21509,24,20
timeStep,numberOfRobotsOnBlackSite,numberOfRobotsOnWhiteSite
21510,24,20
timeStep,numberOfRobotsOnBlackSite,numberOfRobotsOnWhiteSite
21511,24,20
timeStep,numberOfRobotsOnBlackSite,numberOfRobotsOnWhiteSite
21512,24,20
timeStep,numberOfRobotsOnBlackSite,numberOfRobotsOnWhiteSite
21513,24,20
timeStep,numberOfRobotsOnBlackSite,numberOfRobotsOnWhiteSite
21514,24,20
timeStep,numberOfRobotsOnBlackSite,numberOfRobotsOnWhiteSite
21515,24,20
timeStep,numberOfRobotsOnBlackSite,numberOfRobotsOnWhiteSite
21516,24,20
timeStep,numberOfRobotsOnBlackSite,numberOfRobotsOnWhiteSite
21517,24,20
timeStep,numberOfRobotsOnBlackSite,numberOfRobotsOnWhiteSite
21518,24,20
timeStep,numberOfRobotsOnBlackSite,numberOfRobotsOnWhiteSite
21519,24,20
timeStep,numberOfRobotsOnBlackSite,numberOfRobotsOnWhiteSite
21520,24,20
timeStep,numberOfRobotsOnBlackSite,numberOfRobotsOnWhiteSite
21521,24,20
timeStep,numberOfRobotsOnBlackSite,numberOfRobotsOnWhiteSite
21522,24,20
timeStep,numberOfRobotsOnBlackSite,numberOfRobotsOnWhiteSite
21523,24,20
timeStep,numberOfRobotsOnBlackSite,numberOfRobotsOnWhiteSite
21524,24,20
timeStep,numberOfRobotsOnBlackSite,numberOfRobotsOnWhiteSite
21525,24,20
timeStep,numberOfRobotsOnBlackSite,numberOfRobotsOnWhiteSite
21526,24,20
timeStep,numberOfRobotsOnBlackSite,numberOfRobotsOnWhiteSite
21527,24,20
timeStep,numberOfRobotsOnBlackSite,numberOfRobotsOnWhiteSite
21528,24,20
timeStep,numberOfRobotsOnBlackSite,numberOfRobotsOnWhiteSite
21529,24,20
timeStep,numberOfRobotsOnBlackSite,numberOfRobotsOnWhiteSite
21530,24,20
timeStep,numberOfRobotsOnBlackSite,numberOfRobotsOnWhiteSite
21531,24,20
timeStep,numberOfRobotsOnBlackSite,numberOfRobotsOnWhiteSite
21532,24,20
timeStep,numberOfRobotsOnBlackSite,numberOfRobotsOnWhiteSite
21533,24,20
timeStep,numberOfRobotsOnBlackSite,numberOfRobotsOnWhiteSite
21534,24,20
timeStep,numberOfRobotsOnBlackSite,numberOfRobotsOnWhiteSite
21535,24,20
timeStep,numberOfRobotsOnBlackSite,numberOfRobotsOnWhiteSite
21536,24,20
timeStep,numberOfRobotsOnBlackSite,numberOfRobotsOnWhiteSite
21537,24,20
timeStep,numberOfRobotsOnBlackSite,numberOfRobotsOnWhiteSite
21538,24,20
timeStep,numberOfRobotsOnBlackSite,numberOfRobotsOnWhiteSite
21539,24,20
timeStep,numberOfRobotsOnBlackSite,numberOfRobotsOnWhiteSite
21540,24,20
timeStep,numberOfRobotsOnBlackSite,numberOfRobotsOnWhiteSite
21541,24,20
timeStep,numberOfRobotsOnBlackSite,numberOfRobotsOnWhiteSite
21542,24,20
timeStep,numberOfRobotsOnBlackSite,numberOfRobotsOnWhiteSite
21543,24,20
timeStep,numberOfRobotsOnBlackSite,numberOfRobotsOnWhiteSite
21544,24,20
timeStep,numberOfRobotsOnBlackSite,numberOfRobotsOnWhiteSite
21545,24,20
timeStep,numberOfRobotsOnBlackSite,numberOfRobotsOnWhiteSite
21546,24,20
timeStep,numberOfRobotsOnBlackSite,numberOfRobotsOnWhiteSite
21547,24,20
timeStep,numberOfRobotsOnBlackSite,numberOfRobotsOnWhiteSite
21548,24,20
timeStep,numberOfRobotsOnBlackSite,numberOfRobotsOnWhiteSite
21549,24,20
timeStep,numberOfRobotsOnBlackSite,numberOfRobotsOnWhiteSite
21550,24,20
timeStep,numberOfRobotsOnBlackSite,numberOfRobotsOnWhiteSite
21551,24,20
timeStep,numberOfRobotsOnBlackSite,numberOfRobotsOnWhiteSite
21552,24,20
timeStep,numberOfRobotsOnBlackSite,numberOfRobotsOnWhiteSite
21553,24,20
timeStep,numberOfRobotsOnBlackSite,numberOfRobotsOnWhiteSite
21554,24,20
timeStep,numberOfRobotsOnBlackSite,numberOfRobotsOnWhiteSite
21555,23,19
timeStep,numberOfRobotsOnBlackSite,numberOfRobotsOnWhiteSite
21556,23,19
timeStep,numberOfRobotsOnBlackSite,numberOfRobotsOnWhiteSite
21557,23,19
timeStep,numberOfRobotsOnBlackSite,numberOfRobotsOnWhiteSite
21558,23,19
timeStep,numberOfRobotsOnBlackSite,numberOfRobotsOnWhiteSite
21559,23,19
timeStep,numberOfRobotsOnBlackSite,numberOfRobotsOnWhiteSite
21560,23,19
timeStep,numberOfRobotsOnBlackSite,numberOfRobotsOnWhiteSite
21561,23,19
timeStep,numberOfRobotsOnBlackSite,numberOfRobotsOnWhiteSite
21562,23,19
timeStep,numberOfRobotsOnBlackSite,numberOfRobotsOnWhiteSite
21563,23,19
timeStep,numberOfRobotsOnBlackSite,numberOfRobotsOnWhiteSite
21564,23,19
timeStep,numberOfRobotsOnBlackSite,numberOfRobotsOnWhiteSite
21565,23,19
timeStep,numberOfRobotsOnBlackSite,numberOfRobotsOnWhiteSite
21566,23,19
timeStep,numberOfRobotsOnBlackSite,numberOfRobotsOnWhiteSite
21567,23,19
timeStep,numberOfRobotsOnBlackSite,numberOfRobotsOnWhiteSite
21568,23,19
timeStep,numberOfRobotsOnBlackSite,numberOfRobotsOnWhiteSite
21569,23,19
timeStep,numberOfRobotsOnBlackSite,numberOfRobotsOnWhiteSite
21570,23,19
timeStep,numberOfRobotsOnBlackSite,numberOfRobotsOnWhiteSite
21571,23,19
timeStep,numberOfRobotsOnBlackSite,numberOfRobotsOnWhiteSite
21572,23,19
timeStep,numberOfRobotsOnBlackSite,numberOfRobotsOnWhiteSite
21573,23,19
timeStep,numberOfRobotsOnBlackSite,numberOfRobotsOnWhiteSite
21574,23,19
timeStep,numberOfRobotsOnBlackSite,numberOfRobotsOnWhiteSite
21575,23,19
timeStep,numberOfRobotsOnBlackSite,numberOfRobotsOnWhiteSite
21576,23,19
timeStep,numberOfRobotsOnBlackSite,numberOfRobotsOnWhiteSite
21577,23,19
timeStep,numberOfRobotsOnBlackSite,numberOfRobotsOnWhiteSite
21578,23,19
timeStep,numberOfRobotsOnBlackSite,numberOfRobotsOnWhiteSite
21579,23,19
timeStep,numberOfRobotsOnBlackSite,numberOfRobotsOnWhiteSite
21580,23,19
timeStep,numberOfRobotsOnBlackSite,numberOfRobotsOnWhiteSite
21581,23,19
timeStep,numberOfRobotsOnBlackSite,numberOfRobotsOnWhiteSite
21582,23,19
timeStep,numberOfRobotsOnBlackSite,numberOfRobotsOnWhiteSite
21583,23,19
timeStep,numberOfRobotsOnBlackSite,numberOfRobotsOnWhiteSite
21584,23,19
timeStep,numberOfRobotsOnBlackSite,numberOfRobotsOnWhiteSite
21585,23,19
timeStep,numberOfRobotsOnBlackSite,numberOfRobotsOnWhiteSite
21586,23,19
timeStep,numberOfRobotsOnBlackSite,numberOfRobotsOnWhiteSite
21587,23,19
timeStep,numberOfRobotsOnBlackSite,numberOfRobotsOnWhiteSite
21588,23,19
timeStep,numberOfRobotsOnBlackSite,numberOfRobotsOnWhiteSite
21589,23,19
timeStep,numberOfRobotsOnBlackSite,numberOfRobotsOnWhiteSite
21590,24,19
timeStep,numberOfRobotsOnBlackSite,numberOfRobotsOnWhiteSite
21591,24,19
timeStep,numberOfRobotsOnBlackSite,numberOfRobotsOnWhiteSite
21592,24,19
timeStep,numberOfRobotsOnBlackSite,numberOfRobotsOnWhiteSite
21593,24,19
timeStep,numberOfRobotsOnBlackSite,numberOfRobotsOnWhiteSite
21594,24,19
timeStep,numberOfRobotsOnBlackSite,numberOfRobotsOnWhiteSite
21595,24,19
timeStep,numberOfRobotsOnBlackSite,numberOfRobotsOnWhiteSite
21596,24,19
timeStep,numberOfRobotsOnBlackSite,numberOfRobotsOnWhiteSite
21597,24,19
timeStep,numberOfRobotsOnBlackSite,numberOfRobotsOnWhiteSite
21598,24,19
timeStep,numberOfRobotsOnBlackSite,numberOfRobotsOnWhiteSite
21599,24,19
timeStep,numberOfRobotsOnBlackSite,numberOfRobotsOnWhiteSite
21600,24,19
timeStep,numberOfRobotsOnBlackSite,numberOfRobotsOnWhiteSite
21601,24,19
timeStep,numberOfRobotsOnBlackSite,numberOfRobotsOnWhiteSite
21602,24,19
timeStep,numberOfRobotsOnBlackSite,numberOfRobotsOnWhiteSite
21603,24,19
timeStep,numberOfRobotsOnBlackSite,numberOfRobotsOnWhiteSite
21604,24,19
timeStep,numberOfRobotsOnBlackSite,numberOfRobotsOnWhiteSite
21605,24,19
timeStep,numberOfRobotsOnBlackSite,numberOfRobotsOnWhiteSite
21606,24,19
timeStep,numberOfRobotsOnBlackSite,numberOfRobotsOnWhiteSite
21607,24,19
timeStep,numberOfRobotsOnBlackSite,numberOfRobotsOnWhiteSite
21608,24,19
timeStep,numberOfRobotsOnBlackSite,numberOfRobotsOnWhiteSite
21609,24,19
timeStep,numberOfRobotsOnBlackSite,numberOfRobotsOnWhiteSite
21610,24,19
timeStep,numberOfRobotsOnBlackSite,numberOfRobotsOnWhiteSite
21611,24,19
timeStep,numberOfRobotsOnBlackSite,numberOfRobotsOnWhiteSite
21612,24,19
timeStep,numberOfRobotsOnBlackSite,numberOfRobotsOnWhiteSite
21613,24,19
timeStep,numberOfRobotsOnBlackSite,numberOfRobotsOnWhiteSite
21614,24,19
timeStep,numberOfRobotsOnBlackSite,numberOfRobotsOnWhiteSite
21615,24,19
timeStep,numberOfRobotsOnBlackSite,numberOfRobotsOnWhiteSite
21616,24,19
timeStep,numberOfRobotsOnBlackSite,numberOfRobotsOnWhiteSite
21617,24,19
timeStep,numberOfRobotsOnBlackSite,numberOfRobotsOnWhiteSite
21618,24,19
timeStep,numberOfRobotsOnBlackSite,numberOfRobotsOnWhiteSite
21619,24,19
timeStep,numberOfRobotsOnBlackSite,numberOfRobotsOnWhiteSite
21620,23,19
timeStep,numberOfRobotsOnBlackSite,numberOfRobotsOnWhiteSite
21621,23,19
timeStep,numberOfRobotsOnBlackSite,numberOfRobotsOnWhiteSite
21622,23,19
timeStep,numberOfRobotsOnBlackSite,numberOfRobotsOnWhiteSite
21623,23,19
timeStep,numberOfRobotsOnBlackSite,numberOfRobotsOnWhiteSite
21624,23,19
timeStep,numberOfRobotsOnBlackSite,numberOfRobotsOnWhiteSite
21625,23,19
timeStep,numberOfRobotsOnBlackSite,numberOfRobotsOnWhiteSite
21626,23,19
timeStep,numberOfRobotsOnBlackSite,numberOfRobotsOnWhiteSite
21627,23,19
timeStep,numberOfRobotsOnBlackSite,numberOfRobotsOnWhiteSite
21628,23,19
timeStep,numberOfRobotsOnBlackSite,numberOfRobotsOnWhiteSite
21629,23,19
timeStep,numberOfRobotsOnBlackSite,numberOfRobotsOnWhiteSite
21630,23,20
timeStep,numberOfRobotsOnBlackSite,numberOfRobotsOnWhiteSite
21631,23,20
timeStep,numberOfRobotsOnBlackSite,numberOfRobotsOnWhiteSite
21632,23,20
timeStep,numberOfRobotsOnBlackSite,numberOfRobotsOnWhiteSite
21633,23,20
timeStep,numberOfRobotsOnBlackSite,numberOfRobotsOnWhiteSite
21634,23,20
timeStep,numberOfRobotsOnBlackSite,numberOfRobotsOnWhiteSite
21635,23,20
timeStep,numberOfRobotsOnBlackSite,numberOfRobotsOnWhiteSite
21636,23,20
timeStep,numberOfRobotsOnBlackSite,numberOfRobotsOnWhiteSite
21637,23,20
timeStep,numberOfRobotsOnBlackSite,numberOfRobotsOnWhiteSite
21638,23,20
timeStep,numberOfRobotsOnBlackSite,numberOfRobotsOnWhiteSite
21639,23,20
timeStep,numberOfRobotsOnBlackSite,numberOfRobotsOnWhiteSite
21640,23,20
timeStep,numberOfRobotsOnBlackSite,numberOfRobotsOnWhiteSite
21641,23,20
timeStep,numberOfRobotsOnBlackSite,numberOfRobotsOnWhiteSite
21642,23,20
timeStep,numberOfRobotsOnBlackSite,numberOfRobotsOnWhiteSite
21643,23,20
timeStep,numberOfRobotsOnBlackSite,numberOfRobotsOnWhiteSite
21644,23,20
timeStep,numberOfRobotsOnBlackSite,numberOfRobotsOnWhiteSite
21645,23,20
timeStep,numberOfRobotsOnBlackSite,numberOfRobotsOnWhiteSite
21646,23,20
timeStep,numberOfRobotsOnBlackSite,numberOfRobotsOnWhiteSite
21647,23,20
timeStep,numberOfRobotsOnBlackSite,numberOfRobotsOnWhiteSite
21648,23,20
timeStep,numberOfRobotsOnBlackSite,numberOfRobotsOnWhiteSite
21649,23,20
timeStep,numberOfRobotsOnBlackSite,numberOfRobotsOnWhiteSite
21650,23,20
timeStep,numberOfRobotsOnBlackSite,numberOfRobotsOnWhiteSite
21651,23,20
timeStep,numberOfRobotsOnBlackSite,numberOfRobotsOnWhiteSite
21652,23,20
timeStep,numberOfRobotsOnBlackSite,numberOfRobotsOnWhiteSite
21653,23,20
timeStep,numberOfRobotsOnBlackSite,numberOfRobotsOnWhiteSite
21654,23,20
timeStep,numberOfRobotsOnBlackSite,numberOfRobotsOnWhiteSite
21655,23,20
timeStep,numberOfRobotsOnBlackSite,numberOfRobotsOnWhiteSite
21656,23,20
timeStep,numberOfRobotsOnBlackSite,numberOfRobotsOnWhiteSite
21657,23,20
timeStep,numberOfRobotsOnBlackSite,numberOfRobotsOnWhiteSite
21658,23,20
timeStep,numberOfRobotsOnBlackSite,numberOfRobotsOnWhiteSite
21659,23,20
timeStep,numberOfRobotsOnBlackSite,numberOfRobotsOnWhiteSite
21660,23,20
timeStep,numberOfRobotsOnBlackSite,numberOfRobotsOnWhiteSite
21661,23,20
timeStep,numberOfRobotsOnBlackSite,numberOfRobotsOnWhiteSite
21662,23,20
timeStep,numberOfRobotsOnBlackSite,numberOfRobotsOnWhiteSite
21663,23,20
timeStep,numberOfRobotsOnBlackSite,numberOfRobotsOnWhiteSite
21664,23,20
timeStep,numberOfRobotsOnBlackSite,numberOfRobotsOnWhiteSite
21665,23,20
timeStep,numberOfRobotsOnBlackSite,numberOfRobotsOnWhiteSite
21666,23,20
timeStep,numberOfRobotsOnBlackSite,numberOfRobotsOnWhiteSite
21667,23,20
timeStep,numberOfRobotsOnBlackSite,numberOfRobotsOnWhiteSite
21668,23,20
timeStep,numberOfRobotsOnBlackSite,numberOfRobotsOnWhiteSite
21669,23,20
timeStep,numberOfRobotsOnBlackSite,numberOfRobotsOnWhiteSite
21670,23,20
timeStep,numberOfRobotsOnBlackSite,numberOfRobotsOnWhiteSite
21671,23,20
timeStep,numberOfRobotsOnBlackSite,numberOfRobotsOnWhiteSite
21672,23,20
timeStep,numberOfRobotsOnBlackSite,numberOfRobotsOnWhiteSite
21673,23,20
timeStep,numberOfRobotsOnBlackSite,numberOfRobotsOnWhiteSite
21674,23,20
timeStep,numberOfRobotsOnBlackSite,numberOfRobotsOnWhiteSite
21675,23,20
timeStep,numberOfRobotsOnBlackSite,numberOfRobotsOnWhiteSite
21676,23,20
timeStep,numberOfRobotsOnBlackSite,numberOfRobotsOnWhiteSite
21677,23,20
timeStep,numberOfRobotsOnBlackSite,numberOfRobotsOnWhiteSite
21678,23,20
timeStep,numberOfRobotsOnBlackSite,numberOfRobotsOnWhiteSite
21679,23,20
timeStep,numberOfRobotsOnBlackSite,numberOfRobotsOnWhiteSite
21680,23,20
timeStep,numberOfRobotsOnBlackSite,numberOfRobotsOnWhiteSite
21681,23,20
timeStep,numberOfRobotsOnBlackSite,numberOfRobotsOnWhiteSite
21682,23,20
timeStep,numberOfRobotsOnBlackSite,numberOfRobotsOnWhiteSite
21683,23,20
timeStep,numberOfRobotsOnBlackSite,numberOfRobotsOnWhiteSite
21684,23,20
timeStep,numberOfRobotsOnBlackSite,numberOfRobotsOnWhiteSite
21685,23,20
timeStep,numberOfRobotsOnBlackSite,numberOfRobotsOnWhiteSite
21686,23,20
timeStep,numberOfRobotsOnBlackSite,numberOfRobotsOnWhiteSite
21687,23,20
timeStep,numberOfRobotsOnBlackSite,numberOfRobotsOnWhiteSite
21688,23,20
timeStep,numberOfRobotsOnBlackSite,numberOfRobotsOnWhiteSite
21689,23,20
timeStep,numberOfRobotsOnBlackSite,numberOfRobotsOnWhiteSite
21690,23,20
timeStep,numberOfRobotsOnBlackSite,numberOfRobotsOnWhiteSite
21691,23,20
timeStep,numberOfRobotsOnBlackSite,numberOfRobotsOnWhiteSite
21692,23,20
timeStep,numberOfRobotsOnBlackSite,numberOfRobotsOnWhiteSite
21693,23,20
timeStep,numberOfRobotsOnBlackSite,numberOfRobotsOnWhiteSite
21694,23,20
timeStep,numberOfRobotsOnBlackSite,numberOfRobotsOnWhiteSite
21695,22,20
timeStep,numberOfRobotsOnBlackSite,numberOfRobotsOnWhiteSite
21696,22,20
timeStep,numberOfRobotsOnBlackSite,numberOfRobotsOnWhiteSite
21697,22,20
timeStep,numberOfRobotsOnBlackSite,numberOfRobotsOnWhiteSite
21698,22,20
timeStep,numberOfRobotsOnBlackSite,numberOfRobotsOnWhiteSite
21699,22,20
timeStep,numberOfRobotsOnBlackSite,numberOfRobotsOnWhiteSite
21700,22,19
timeStep,numberOfRobotsOnBlackSite,numberOfRobotsOnWhiteSite
21701,22,19
timeStep,numberOfRobotsOnBlackSite,numberOfRobotsOnWhiteSite
21702,22,19
timeStep,numberOfRobotsOnBlackSite,numberOfRobotsOnWhiteSite
21703,22,19
timeStep,numberOfRobotsOnBlackSite,numberOfRobotsOnWhiteSite
21704,22,19
timeStep,numberOfRobotsOnBlackSite,numberOfRobotsOnWhiteSite
21705,22,19
timeStep,numberOfRobotsOnBlackSite,numberOfRobotsOnWhiteSite
21706,22,19
timeStep,numberOfRobotsOnBlackSite,numberOfRobotsOnWhiteSite
21707,22,19
timeStep,numberOfRobotsOnBlackSite,numberOfRobotsOnWhiteSite
21708,22,19
timeStep,numberOfRobotsOnBlackSite,numberOfRobotsOnWhiteSite
21709,22,19
timeStep,numberOfRobotsOnBlackSite,numberOfRobotsOnWhiteSite
21710,22,19
timeStep,numberOfRobotsOnBlackSite,numberOfRobotsOnWhiteSite
21711,22,19
timeStep,numberOfRobotsOnBlackSite,numberOfRobotsOnWhiteSite
21712,22,19
timeStep,numberOfRobotsOnBlackSite,numberOfRobotsOnWhiteSite
21713,22,19
timeStep,numberOfRobotsOnBlackSite,numberOfRobotsOnWhiteSite
21714,22,19
timeStep,numberOfRobotsOnBlackSite,numberOfRobotsOnWhiteSite
21715,22,19
timeStep,numberOfRobotsOnBlackSite,numberOfRobotsOnWhiteSite
21716,22,19
timeStep,numberOfRobotsOnBlackSite,numberOfRobotsOnWhiteSite
21717,22,19
timeStep,numberOfRobotsOnBlackSite,numberOfRobotsOnWhiteSite
21718,22,19
timeStep,numberOfRobotsOnBlackSite,numberOfRobotsOnWhiteSite
21719,22,19
timeStep,numberOfRobotsOnBlackSite,numberOfRobotsOnWhiteSite
21720,22,19
timeStep,numberOfRobotsOnBlackSite,numberOfRobotsOnWhiteSite
21721,22,19
timeStep,numberOfRobotsOnBlackSite,numberOfRobotsOnWhiteSite
21722,22,19
timeStep,numberOfRobotsOnBlackSite,numberOfRobotsOnWhiteSite
21723,22,19
timeStep,numberOfRobotsOnBlackSite,numberOfRobotsOnWhiteSite
21724,22,19
timeStep,numberOfRobotsOnBlackSite,numberOfRobotsOnWhiteSite
21725,22,19
timeStep,numberOfRobotsOnBlackSite,numberOfRobotsOnWhiteSite
21726,22,19
timeStep,numberOfRobotsOnBlackSite,numberOfRobotsOnWhiteSite
21727,22,19
timeStep,numberOfRobotsOnBlackSite,numberOfRobotsOnWhiteSite
21728,22,19
timeStep,numberOfRobotsOnBlackSite,numberOfRobotsOnWhiteSite
21729,22,19
timeStep,numberOfRobotsOnBlackSite,numberOfRobotsOnWhiteSite
21730,22,19
timeStep,numberOfRobotsOnBlackSite,numberOfRobotsOnWhiteSite
21731,22,19
timeStep,numberOfRobotsOnBlackSite,numberOfRobotsOnWhiteSite
21732,22,19
timeStep,numberOfRobotsOnBlackSite,numberOfRobotsOnWhiteSite
21733,22,19
timeStep,numberOfRobotsOnBlackSite,numberOfRobotsOnWhiteSite
21734,22,19
timeStep,numberOfRobotsOnBlackSite,numberOfRobotsOnWhiteSite
21735,23,19
timeStep,numberOfRobotsOnBlackSite,numberOfRobotsOnWhiteSite
21736,23,19
timeStep,numberOfRobotsOnBlackSite,numberOfRobotsOnWhiteSite
21737,23,19
timeStep,numberOfRobotsOnBlackSite,numberOfRobotsOnWhiteSite
21738,23,19
timeStep,numberOfRobotsOnBlackSite,numberOfRobotsOnWhiteSite
21739,23,19
timeStep,numberOfRobotsOnBlackSite,numberOfRobotsOnWhiteSite
21740,23,19
timeStep,numberOfRobotsOnBlackSite,numberOfRobotsOnWhiteSite
21741,23,19
timeStep,numberOfRobotsOnBlackSite,numberOfRobotsOnWhiteSite
21742,23,19
timeStep,numberOfRobotsOnBlackSite,numberOfRobotsOnWhiteSite
21743,23,19
timeStep,numberOfRobotsOnBlackSite,numberOfRobotsOnWhiteSite
21744,23,19
timeStep,numberOfRobotsOnBlackSite,numberOfRobotsOnWhiteSite
21745,23,19
timeStep,numberOfRobotsOnBlackSite,numberOfRobotsOnWhiteSite
21746,23,19
timeStep,numberOfRobotsOnBlackSite,numberOfRobotsOnWhiteSite
21747,23,19
timeStep,numberOfRobotsOnBlackSite,numberOfRobotsOnWhiteSite
21748,23,19
timeStep,numberOfRobotsOnBlackSite,numberOfRobotsOnWhiteSite
21749,23,19
timeStep,numberOfRobotsOnBlackSite,numberOfRobotsOnWhiteSite
21750,23,19
timeStep,numberOfRobotsOnBlackSite,numberOfRobotsOnWhiteSite
21751,23,19
timeStep,numberOfRobotsOnBlackSite,numberOfRobotsOnWhiteSite
21752,23,19
timeStep,numberOfRobotsOnBlackSite,numberOfRobotsOnWhiteSite
21753,23,19
timeStep,numberOfRobotsOnBlackSite,numberOfRobotsOnWhiteSite
21754,23,19
timeStep,numberOfRobotsOnBlackSite,numberOfRobotsOnWhiteSite
21755,23,19
timeStep,numberOfRobotsOnBlackSite,numberOfRobotsOnWhiteSite
21756,23,19
timeStep,numberOfRobotsOnBlackSite,numberOfRobotsOnWhiteSite
21757,23,19
timeStep,numberOfRobotsOnBlackSite,numberOfRobotsOnWhiteSite
21758,23,19
timeStep,numberOfRobotsOnBlackSite,numberOfRobotsOnWhiteSite
21759,23,19
timeStep,numberOfRobotsOnBlackSite,numberOfRobotsOnWhiteSite
21760,23,19
timeStep,numberOfRobotsOnBlackSite,numberOfRobotsOnWhiteSite
21761,23,19
timeStep,numberOfRobotsOnBlackSite,numberOfRobotsOnWhiteSite
21762,23,19
timeStep,numberOfRobotsOnBlackSite,numberOfRobotsOnWhiteSite
21763,23,19
timeStep,numberOfRobotsOnBlackSite,numberOfRobotsOnWhiteSite
21764,23,19
timeStep,numberOfRobotsOnBlackSite,numberOfRobotsOnWhiteSite
21765,23,19
timeStep,numberOfRobotsOnBlackSite,numberOfRobotsOnWhiteSite
21766,23,19
timeStep,numberOfRobotsOnBlackSite,numberOfRobotsOnWhiteSite
21767,23,19
timeStep,numberOfRobotsOnBlackSite,numberOfRobotsOnWhiteSite
21768,23,19
timeStep,numberOfRobotsOnBlackSite,numberOfRobotsOnWhiteSite
21769,23,19
timeStep,numberOfRobotsOnBlackSite,numberOfRobotsOnWhiteSite
21770,23,19
timeStep,numberOfRobotsOnBlackSite,numberOfRobotsOnWhiteSite
21771,23,19
timeStep,numberOfRobotsOnBlackSite,numberOfRobotsOnWhiteSite
21772,23,19
timeStep,numberOfRobotsOnBlackSite,numberOfRobotsOnWhiteSite
21773,23,19
timeStep,numberOfRobotsOnBlackSite,numberOfRobotsOnWhiteSite
21774,23,19
timeStep,numberOfRobotsOnBlackSite,numberOfRobotsOnWhiteSite
21775,23,19
timeStep,numberOfRobotsOnBlackSite,numberOfRobotsOnWhiteSite
21776,23,19
timeStep,numberOfRobotsOnBlackSite,numberOfRobotsOnWhiteSite
21777,23,19
timeStep,numberOfRobotsOnBlackSite,numberOfRobotsOnWhiteSite
21778,23,19
timeStep,numberOfRobotsOnBlackSite,numberOfRobotsOnWhiteSite
21779,23,19
timeStep,numberOfRobotsOnBlackSite,numberOfRobotsOnWhiteSite
21780,23,19
timeStep,numberOfRobotsOnBlackSite,numberOfRobotsOnWhiteSite
21781,23,19
timeStep,numberOfRobotsOnBlackSite,numberOfRobotsOnWhiteSite
21782,23,19
timeStep,numberOfRobotsOnBlackSite,numberOfRobotsOnWhiteSite
21783,23,19
timeStep,numberOfRobotsOnBlackSite,numberOfRobotsOnWhiteSite
21784,23,19
timeStep,numberOfRobotsOnBlackSite,numberOfRobotsOnWhiteSite
21785,23,20
timeStep,numberOfRobotsOnBlackSite,numberOfRobotsOnWhiteSite
21786,23,20
timeStep,numberOfRobotsOnBlackSite,numberOfRobotsOnWhiteSite
21787,23,20
timeStep,numberOfRobotsOnBlackSite,numberOfRobotsOnWhiteSite
21788,23,20
timeStep,numberOfRobotsOnBlackSite,numberOfRobotsOnWhiteSite
21789,23,20
timeStep,numberOfRobotsOnBlackSite,numberOfRobotsOnWhiteSite
21790,23,20
timeStep,numberOfRobotsOnBlackSite,numberOfRobotsOnWhiteSite
21791,23,20
timeStep,numberOfRobotsOnBlackSite,numberOfRobotsOnWhiteSite
21792,23,20
timeStep,numberOfRobotsOnBlackSite,numberOfRobotsOnWhiteSite
21793,23,20
timeStep,numberOfRobotsOnBlackSite,numberOfRobotsOnWhiteSite
21794,23,20
timeStep,numberOfRobotsOnBlackSite,numberOfRobotsOnWhiteSite
21795,23,20
timeStep,numberOfRobotsOnBlackSite,numberOfRobotsOnWhiteSite
21796,23,20
timeStep,numberOfRobotsOnBlackSite,numberOfRobotsOnWhiteSite
21797,23,20
timeStep,numberOfRobotsOnBlackSite,numberOfRobotsOnWhiteSite
21798,23,20
timeStep,numberOfRobotsOnBlackSite,numberOfRobotsOnWhiteSite
21799,23,20
timeStep,numberOfRobotsOnBlackSite,numberOfRobotsOnWhiteSite
21800,23,20
timeStep,numberOfRobotsOnBlackSite,numberOfRobotsOnWhiteSite
21801,23,20
timeStep,numberOfRobotsOnBlackSite,numberOfRobotsOnWhiteSite
21802,23,20
timeStep,numberOfRobotsOnBlackSite,numberOfRobotsOnWhiteSite
21803,23,20
timeStep,numberOfRobotsOnBlackSite,numberOfRobotsOnWhiteSite
21804,23,20
timeStep,numberOfRobotsOnBlackSite,numberOfRobotsOnWhiteSite
21805,23,20
timeStep,numberOfRobotsOnBlackSite,numberOfRobotsOnWhiteSite
21806,23,20
timeStep,numberOfRobotsOnBlackSite,numberOfRobotsOnWhiteSite
21807,23,20
timeStep,numberOfRobotsOnBlackSite,numberOfRobotsOnWhiteSite
21808,23,20
timeStep,numberOfRobotsOnBlackSite,numberOfRobotsOnWhiteSite
21809,23,20
timeStep,numberOfRobotsOnBlackSite,numberOfRobotsOnWhiteSite
21810,22,20
timeStep,numberOfRobotsOnBlackSite,numberOfRobotsOnWhiteSite
21811,22,20
timeStep,numberOfRobotsOnBlackSite,numberOfRobotsOnWhiteSite
21812,22,20
timeStep,numberOfRobotsOnBlackSite,numberOfRobotsOnWhiteSite
21813,22,20
timeStep,numberOfRobotsOnBlackSite,numberOfRobotsOnWhiteSite
21814,22,20
timeStep,numberOfRobotsOnBlackSite,numberOfRobotsOnWhiteSite
21815,22,20
timeStep,numberOfRobotsOnBlackSite,numberOfRobotsOnWhiteSite
21816,22,20
timeStep,numberOfRobotsOnBlackSite,numberOfRobotsOnWhiteSite
21817,22,20
timeStep,numberOfRobotsOnBlackSite,numberOfRobotsOnWhiteSite
21818,22,20
timeStep,numberOfRobotsOnBlackSite,numberOfRobotsOnWhiteSite
21819,22,20
timeStep,numberOfRobotsOnBlackSite,numberOfRobotsOnWhiteSite
21820,20,20
timeStep,numberOfRobotsOnBlackSite,numberOfRobotsOnWhiteSite
21821,20,20
timeStep,numberOfRobotsOnBlackSite,numberOfRobotsOnWhiteSite
21822,20,20
timeStep,numberOfRobotsOnBlackSite,numberOfRobotsOnWhiteSite
21823,20,20
timeStep,numberOfRobotsOnBlackSite,numberOfRobotsOnWhiteSite
21824,20,20
timeStep,numberOfRobotsOnBlackSite,numberOfRobotsOnWhiteSite
21825,20,20
timeStep,numberOfRobotsOnBlackSite,numberOfRobotsOnWhiteSite
21826,20,20
timeStep,numberOfRobotsOnBlackSite,numberOfRobotsOnWhiteSite
21827,20,20
timeStep,numberOfRobotsOnBlackSite,numberOfRobotsOnWhiteSite
21828,20,20
timeStep,numberOfRobotsOnBlackSite,numberOfRobotsOnWhiteSite
21829,20,20
timeStep,numberOfRobotsOnBlackSite,numberOfRobotsOnWhiteSite
21830,20,20
timeStep,numberOfRobotsOnBlackSite,numberOfRobotsOnWhiteSite
21831,20,20
timeStep,numberOfRobotsOnBlackSite,numberOfRobotsOnWhiteSite
21832,20,20
timeStep,numberOfRobotsOnBlackSite,numberOfRobotsOnWhiteSite
21833,20,20
timeStep,numberOfRobotsOnBlackSite,numberOfRobotsOnWhiteSite
21834,20,20
timeStep,numberOfRobotsOnBlackSite,numberOfRobotsOnWhiteSite
21835,20,19
timeStep,numberOfRobotsOnBlackSite,numberOfRobotsOnWhiteSite
21836,20,19
timeStep,numberOfRobotsOnBlackSite,numberOfRobotsOnWhiteSite
21837,20,19
timeStep,numberOfRobotsOnBlackSite,numberOfRobotsOnWhiteSite
21838,20,19
timeStep,numberOfRobotsOnBlackSite,numberOfRobotsOnWhiteSite
21839,20,19
timeStep,numberOfRobotsOnBlackSite,numberOfRobotsOnWhiteSite
21840,20,19
timeStep,numberOfRobotsOnBlackSite,numberOfRobotsOnWhiteSite
21841,20,19
timeStep,numberOfRobotsOnBlackSite,numberOfRobotsOnWhiteSite
21842,20,19
timeStep,numberOfRobotsOnBlackSite,numberOfRobotsOnWhiteSite
21843,20,19
timeStep,numberOfRobotsOnBlackSite,numberOfRobotsOnWhiteSite
21844,20,19
timeStep,numberOfRobotsOnBlackSite,numberOfRobotsOnWhiteSite
21845,20,19
timeStep,numberOfRobotsOnBlackSite,numberOfRobotsOnWhiteSite
21846,20,19
timeStep,numberOfRobotsOnBlackSite,numberOfRobotsOnWhiteSite
21847,20,19
timeStep,numberOfRobotsOnBlackSite,numberOfRobotsOnWhiteSite
21848,20,19
timeStep,numberOfRobotsOnBlackSite,numberOfRobotsOnWhiteSite
21849,20,19
timeStep,numberOfRobotsOnBlackSite,numberOfRobotsOnWhiteSite
21850,20,19
timeStep,numberOfRobotsOnBlackSite,numberOfRobotsOnWhiteSite
21851,20,19
timeStep,numberOfRobotsOnBlackSite,numberOfRobotsOnWhiteSite
21852,20,19
timeStep,numberOfRobotsOnBlackSite,numberOfRobotsOnWhiteSite
21853,20,19
timeStep,numberOfRobotsOnBlackSite,numberOfRobotsOnWhiteSite
21854,20,19
timeStep,numberOfRobotsOnBlackSite,numberOfRobotsOnWhiteSite
21855,20,18
timeStep,numberOfRobotsOnBlackSite,numberOfRobotsOnWhiteSite
21856,20,18
timeStep,numberOfRobotsOnBlackSite,numberOfRobotsOnWhiteSite
21857,20,18
timeStep,numberOfRobotsOnBlackSite,numberOfRobotsOnWhiteSite
21858,20,18
timeStep,numberOfRobotsOnBlackSite,numberOfRobotsOnWhiteSite
21859,20,18
timeStep,numberOfRobotsOnBlackSite,numberOfRobotsOnWhiteSite
21860,21,18
timeStep,numberOfRobotsOnBlackSite,numberOfRobotsOnWhiteSite
21861,21,18
timeStep,numberOfRobotsOnBlackSite,numberOfRobotsOnWhiteSite
21862,21,18
timeStep,numberOfRobotsOnBlackSite,numberOfRobotsOnWhiteSite
21863,21,18
timeStep,numberOfRobotsOnBlackSite,numberOfRobotsOnWhiteSite
21864,21,18
timeStep,numberOfRobotsOnBlackSite,numberOfRobotsOnWhiteSite
21865,21,18
timeStep,numberOfRobotsOnBlackSite,numberOfRobotsOnWhiteSite
21866,21,18
timeStep,numberOfRobotsOnBlackSite,numberOfRobotsOnWhiteSite
21867,21,18
timeStep,numberOfRobotsOnBlackSite,numberOfRobotsOnWhiteSite
21868,21,18
timeStep,numberOfRobotsOnBlackSite,numberOfRobotsOnWhiteSite
21869,21,18
timeStep,numberOfRobotsOnBlackSite,numberOfRobotsOnWhiteSite
21870,21,18
timeStep,numberOfRobotsOnBlackSite,numberOfRobotsOnWhiteSite
21871,21,18
timeStep,numberOfRobotsOnBlackSite,numberOfRobotsOnWhiteSite
21872,21,18
timeStep,numberOfRobotsOnBlackSite,numberOfRobotsOnWhiteSite
21873,21,18
timeStep,numberOfRobotsOnBlackSite,numberOfRobotsOnWhiteSite
21874,21,18
timeStep,numberOfRobotsOnBlackSite,numberOfRobotsOnWhiteSite
21875,21,18
timeStep,numberOfRobotsOnBlackSite,numberOfRobotsOnWhiteSite
21876,21,18
timeStep,numberOfRobotsOnBlackSite,numberOfRobotsOnWhiteSite
21877,21,18
timeStep,numberOfRobotsOnBlackSite,numberOfRobotsOnWhiteSite
21878,21,18
timeStep,numberOfRobotsOnBlackSite,numberOfRobotsOnWhiteSite
21879,21,18
timeStep,numberOfRobotsOnBlackSite,numberOfRobotsOnWhiteSite
21880,22,18
timeStep,numberOfRobotsOnBlackSite,numberOfRobotsOnWhiteSite
21881,22,18
timeStep,numberOfRobotsOnBlackSite,numberOfRobotsOnWhiteSite
21882,22,18
timeStep,numberOfRobotsOnBlackSite,numberOfRobotsOnWhiteSite
21883,22,18
timeStep,numberOfRobotsOnBlackSite,numberOfRobotsOnWhiteSite
21884,22,18
timeStep,numberOfRobotsOnBlackSite,numberOfRobotsOnWhiteSite
21885,23,18
timeStep,numberOfRobotsOnBlackSite,numberOfRobotsOnWhiteSite
21886,23,18
timeStep,numberOfRobotsOnBlackSite,numberOfRobotsOnWhiteSite
21887,23,18
timeStep,numberOfRobotsOnBlackSite,numberOfRobotsOnWhiteSite
21888,23,18
timeStep,numberOfRobotsOnBlackSite,numberOfRobotsOnWhiteSite
21889,23,18
timeStep,numberOfRobotsOnBlackSite,numberOfRobotsOnWhiteSite
21890,23,18
timeStep,numberOfRobotsOnBlackSite,numberOfRobotsOnWhiteSite
21891,23,18
timeStep,numberOfRobotsOnBlackSite,numberOfRobotsOnWhiteSite
21892,23,18
timeStep,numberOfRobotsOnBlackSite,numberOfRobotsOnWhiteSite
21893,23,18
timeStep,numberOfRobotsOnBlackSite,numberOfRobotsOnWhiteSite
21894,23,18
timeStep,numberOfRobotsOnBlackSite,numberOfRobotsOnWhiteSite
21895,23,18
timeStep,numberOfRobotsOnBlackSite,numberOfRobotsOnWhiteSite
21896,23,18
timeStep,numberOfRobotsOnBlackSite,numberOfRobotsOnWhiteSite
21897,23,18
timeStep,numberOfRobotsOnBlackSite,numberOfRobotsOnWhiteSite
21898,23,18
timeStep,numberOfRobotsOnBlackSite,numberOfRobotsOnWhiteSite
21899,23,18
timeStep,numberOfRobotsOnBlackSite,numberOfRobotsOnWhiteSite
21900,23,18
timeStep,numberOfRobotsOnBlackSite,numberOfRobotsOnWhiteSite
21901,23,18
timeStep,numberOfRobotsOnBlackSite,numberOfRobotsOnWhiteSite
21902,23,18
timeStep,numberOfRobotsOnBlackSite,numberOfRobotsOnWhiteSite
21903,23,18
timeStep,numberOfRobotsOnBlackSite,numberOfRobotsOnWhiteSite
21904,23,18
timeStep,numberOfRobotsOnBlackSite,numberOfRobotsOnWhiteSite
21905,22,18
timeStep,numberOfRobotsOnBlackSite,numberOfRobotsOnWhiteSite
21906,22,18
timeStep,numberOfRobotsOnBlackSite,numberOfRobotsOnWhiteSite
21907,22,18
timeStep,numberOfRobotsOnBlackSite,numberOfRobotsOnWhiteSite
21908,22,18
timeStep,numberOfRobotsOnBlackSite,numberOfRobotsOnWhiteSite
21909,22,18
timeStep,numberOfRobotsOnBlackSite,numberOfRobotsOnWhiteSite
21910,22,18
timeStep,numberOfRobotsOnBlackSite,numberOfRobotsOnWhiteSite
21911,22,18
timeStep,numberOfRobotsOnBlackSite,numberOfRobotsOnWhiteSite
21912,22,18
timeStep,numberOfRobotsOnBlackSite,numberOfRobotsOnWhiteSite
21913,22,18
timeStep,numberOfRobotsOnBlackSite,numberOfRobotsOnWhiteSite
21914,22,18
timeStep,numberOfRobotsOnBlackSite,numberOfRobotsOnWhiteSite
21915,22,18
timeStep,numberOfRobotsOnBlackSite,numberOfRobotsOnWhiteSite
21916,22,18
timeStep,numberOfRobotsOnBlackSite,numberOfRobotsOnWhiteSite
21917,22,18
timeStep,numberOfRobotsOnBlackSite,numberOfRobotsOnWhiteSite
21918,22,18
timeStep,numberOfRobotsOnBlackSite,numberOfRobotsOnWhiteSite
21919,22,18
timeStep,numberOfRobotsOnBlackSite,numberOfRobotsOnWhiteSite
21920,22,18
timeStep,numberOfRobotsOnBlackSite,numberOfRobotsOnWhiteSite
21921,22,18
timeStep,numberOfRobotsOnBlackSite,numberOfRobotsOnWhiteSite
21922,22,18
timeStep,numberOfRobotsOnBlackSite,numberOfRobotsOnWhiteSite
21923,22,18
timeStep,numberOfRobotsOnBlackSite,numberOfRobotsOnWhiteSite
21924,22,18
timeStep,numberOfRobotsOnBlackSite,numberOfRobotsOnWhiteSite
21925,22,19
timeStep,numberOfRobotsOnBlackSite,numberOfRobotsOnWhiteSite
21926,22,19
timeStep,numberOfRobotsOnBlackSite,numberOfRobotsOnWhiteSite
21927,22,19
timeStep,numberOfRobotsOnBlackSite,numberOfRobotsOnWhiteSite
21928,22,19
timeStep,numberOfRobotsOnBlackSite,numberOfRobotsOnWhiteSite
21929,22,19
timeStep,numberOfRobotsOnBlackSite,numberOfRobotsOnWhiteSite
21930,22,19
timeStep,numberOfRobotsOnBlackSite,numberOfRobotsOnWhiteSite
21931,22,19
timeStep,numberOfRobotsOnBlackSite,numberOfRobotsOnWhiteSite
21932,22,19
timeStep,numberOfRobotsOnBlackSite,numberOfRobotsOnWhiteSite
21933,22,19
timeStep,numberOfRobotsOnBlackSite,numberOfRobotsOnWhiteSite
21934,22,19
timeStep,numberOfRobotsOnBlackSite,numberOfRobotsOnWhiteSite
21935,22,19
timeStep,numberOfRobotsOnBlackSite,numberOfRobotsOnWhiteSite
21936,22,19
timeStep,numberOfRobotsOnBlackSite,numberOfRobotsOnWhiteSite
21937,22,19
timeStep,numberOfRobotsOnBlackSite,numberOfRobotsOnWhiteSite
21938,22,19
timeStep,numberOfRobotsOnBlackSite,numberOfRobotsOnWhiteSite
21939,22,19
timeStep,numberOfRobotsOnBlackSite,numberOfRobotsOnWhiteSite
21940,22,19
timeStep,numberOfRobotsOnBlackSite,numberOfRobotsOnWhiteSite
21941,22,19
timeStep,numberOfRobotsOnBlackSite,numberOfRobotsOnWhiteSite
21942,22,19
timeStep,numberOfRobotsOnBlackSite,numberOfRobotsOnWhiteSite
21943,22,19
timeStep,numberOfRobotsOnBlackSite,numberOfRobotsOnWhiteSite
21944,22,19
timeStep,numberOfRobotsOnBlackSite,numberOfRobotsOnWhiteSite
21945,22,19
timeStep,numberOfRobotsOnBlackSite,numberOfRobotsOnWhiteSite
21946,22,19
timeStep,numberOfRobotsOnBlackSite,numberOfRobotsOnWhiteSite
21947,22,19
timeStep,numberOfRobotsOnBlackSite,numberOfRobotsOnWhiteSite
21948,22,19
timeStep,numberOfRobotsOnBlackSite,numberOfRobotsOnWhiteSite
21949,22,19
timeStep,numberOfRobotsOnBlackSite,numberOfRobotsOnWhiteSite
21950,22,19
timeStep,numberOfRobotsOnBlackSite,numberOfRobotsOnWhiteSite
21951,22,19
timeStep,numberOfRobotsOnBlackSite,numberOfRobotsOnWhiteSite
21952,22,19
timeStep,numberOfRobotsOnBlackSite,numberOfRobotsOnWhiteSite
21953,22,19
timeStep,numberOfRobotsOnBlackSite,numberOfRobotsOnWhiteSite
21954,22,19
timeStep,numberOfRobotsOnBlackSite,numberOfRobotsOnWhiteSite
21955,22,19
timeStep,numberOfRobotsOnBlackSite,numberOfRobotsOnWhiteSite
21956,22,19
timeStep,numberOfRobotsOnBlackSite,numberOfRobotsOnWhiteSite
21957,22,19
timeStep,numberOfRobotsOnBlackSite,numberOfRobotsOnWhiteSite
21958,22,19
timeStep,numberOfRobotsOnBlackSite,numberOfRobotsOnWhiteSite
21959,22,19
timeStep,numberOfRobotsOnBlackSite,numberOfRobotsOnWhiteSite
21960,22,19
timeStep,numberOfRobotsOnBlackSite,numberOfRobotsOnWhiteSite
21961,22,19
timeStep,numberOfRobotsOnBlackSite,numberOfRobotsOnWhiteSite
21962,22,19
timeStep,numberOfRobotsOnBlackSite,numberOfRobotsOnWhiteSite
21963,22,19
timeStep,numberOfRobotsOnBlackSite,numberOfRobotsOnWhiteSite
21964,22,19
timeStep,numberOfRobotsOnBlackSite,numberOfRobotsOnWhiteSite
21965,22,19
timeStep,numberOfRobotsOnBlackSite,numberOfRobotsOnWhiteSite
21966,22,19
timeStep,numberOfRobotsOnBlackSite,numberOfRobotsOnWhiteSite
21967,22,19
timeStep,numberOfRobotsOnBlackSite,numberOfRobotsOnWhiteSite
21968,22,19
timeStep,numberOfRobotsOnBlackSite,numberOfRobotsOnWhiteSite
21969,22,19
timeStep,numberOfRobotsOnBlackSite,numberOfRobotsOnWhiteSite
21970,22,19
timeStep,numberOfRobotsOnBlackSite,numberOfRobotsOnWhiteSite
21971,22,19
timeStep,numberOfRobotsOnBlackSite,numberOfRobotsOnWhiteSite
21972,22,19
timeStep,numberOfRobotsOnBlackSite,numberOfRobotsOnWhiteSite
21973,22,19
timeStep,numberOfRobotsOnBlackSite,numberOfRobotsOnWhiteSite
21974,22,19
timeStep,numberOfRobotsOnBlackSite,numberOfRobotsOnWhiteSite
21975,22,19
timeStep,numberOfRobotsOnBlackSite,numberOfRobotsOnWhiteSite
21976,22,19
timeStep,numberOfRobotsOnBlackSite,numberOfRobotsOnWhiteSite
21977,22,19
timeStep,numberOfRobotsOnBlackSite,numberOfRobotsOnWhiteSite
21978,22,19
timeStep,numberOfRobotsOnBlackSite,numberOfRobotsOnWhiteSite
21979,22,19
timeStep,numberOfRobotsOnBlackSite,numberOfRobotsOnWhiteSite
21980,22,19
timeStep,numberOfRobotsOnBlackSite,numberOfRobotsOnWhiteSite
21981,22,19
timeStep,numberOfRobotsOnBlackSite,numberOfRobotsOnWhiteSite
21982,22,19
timeStep,numberOfRobotsOnBlackSite,numberOfRobotsOnWhiteSite
21983,22,19
timeStep,numberOfRobotsOnBlackSite,numberOfRobotsOnWhiteSite
21984,22,19
timeStep,numberOfRobotsOnBlackSite,numberOfRobotsOnWhiteSite
21985,22,19
timeStep,numberOfRobotsOnBlackSite,numberOfRobotsOnWhiteSite
21986,22,19
timeStep,numberOfRobotsOnBlackSite,numberOfRobotsOnWhiteSite
21987,22,19
timeStep,numberOfRobotsOnBlackSite,numberOfRobotsOnWhiteSite
21988,22,19
timeStep,numberOfRobotsOnBlackSite,numberOfRobotsOnWhiteSite
21989,22,19
timeStep,numberOfRobotsOnBlackSite,numberOfRobotsOnWhiteSite
21990,22,19
timeStep,numberOfRobotsOnBlackSite,numberOfRobotsOnWhiteSite
21991,22,19
timeStep,numberOfRobotsOnBlackSite,numberOfRobotsOnWhiteSite
21992,22,19
timeStep,numberOfRobotsOnBlackSite,numberOfRobotsOnWhiteSite
21993,22,19
timeStep,numberOfRobotsOnBlackSite,numberOfRobotsOnWhiteSite
21994,22,19
timeStep,numberOfRobotsOnBlackSite,numberOfRobotsOnWhiteSite
21995,22,19
timeStep,numberOfRobotsOnBlackSite,numberOfRobotsOnWhiteSite
21996,22,19
timeStep,numberOfRobotsOnBlackSite,numberOfRobotsOnWhiteSite
21997,22,19
timeStep,numberOfRobotsOnBlackSite,numberOfRobotsOnWhiteSite
21998,22,19
timeStep,numberOfRobotsOnBlackSite,numberOfRobotsOnWhiteSite
21999,22,19
timeStep,numberOfRobotsOnBlackSite,numberOfRobotsOnWhiteSite
22000,22,19
timeStep,numberOfRobotsOnBlackSite,numberOfRobotsOnWhiteSite
22001,22,19
timeStep,numberOfRobotsOnBlackSite,numberOfRobotsOnWhiteSite
22002,22,19
timeStep,numberOfRobotsOnBlackSite,numberOfRobotsOnWhiteSite
22003,22,19
timeStep,numberOfRobotsOnBlackSite,numberOfRobotsOnWhiteSite
22004,22,19
timeStep,numberOfRobotsOnBlackSite,numberOfRobotsOnWhiteSite
22005,22,19
timeStep,numberOfRobotsOnBlackSite,numberOfRobotsOnWhiteSite
22006,22,19
timeStep,numberOfRobotsOnBlackSite,numberOfRobotsOnWhiteSite
22007,22,19
timeStep,numberOfRobotsOnBlackSite,numberOfRobotsOnWhiteSite
22008,22,19
timeStep,numberOfRobotsOnBlackSite,numberOfRobotsOnWhiteSite
22009,22,19
timeStep,numberOfRobotsOnBlackSite,numberOfRobotsOnWhiteSite
22010,22,19
timeStep,numberOfRobotsOnBlackSite,numberOfRobotsOnWhiteSite
22011,22,19
timeStep,numberOfRobotsOnBlackSite,numberOfRobotsOnWhiteSite
22012,22,19
timeStep,numberOfRobotsOnBlackSite,numberOfRobotsOnWhiteSite
22013,22,19
timeStep,numberOfRobotsOnBlackSite,numberOfRobotsOnWhiteSite
22014,22,19
timeStep,numberOfRobotsOnBlackSite,numberOfRobotsOnWhiteSite
22015,22,19
timeStep,numberOfRobotsOnBlackSite,numberOfRobotsOnWhiteSite
22016,22,19
timeStep,numberOfRobotsOnBlackSite,numberOfRobotsOnWhiteSite
22017,22,19
timeStep,numberOfRobotsOnBlackSite,numberOfRobotsOnWhiteSite
22018,22,19
timeStep,numberOfRobotsOnBlackSite,numberOfRobotsOnWhiteSite
22019,22,19
timeStep,numberOfRobotsOnBlackSite,numberOfRobotsOnWhiteSite
22020,22,19
timeStep,numberOfRobotsOnBlackSite,numberOfRobotsOnWhiteSite
22021,22,19
timeStep,numberOfRobotsOnBlackSite,numberOfRobotsOnWhiteSite
22022,22,19
timeStep,numberOfRobotsOnBlackSite,numberOfRobotsOnWhiteSite
22023,22,19
timeStep,numberOfRobotsOnBlackSite,numberOfRobotsOnWhiteSite
22024,22,19
timeStep,numberOfRobotsOnBlackSite,numberOfRobotsOnWhiteSite
22025,22,19
timeStep,numberOfRobotsOnBlackSite,numberOfRobotsOnWhiteSite
22026,22,19
timeStep,numberOfRobotsOnBlackSite,numberOfRobotsOnWhiteSite
22027,22,19
timeStep,numberOfRobotsOnBlackSite,numberOfRobotsOnWhiteSite
22028,22,19
timeStep,numberOfRobotsOnBlackSite,numberOfRobotsOnWhiteSite
22029,22,19
timeStep,numberOfRobotsOnBlackSite,numberOfRobotsOnWhiteSite
22030,22,19
timeStep,numberOfRobotsOnBlackSite,numberOfRobotsOnWhiteSite
22031,22,19
timeStep,numberOfRobotsOnBlackSite,numberOfRobotsOnWhiteSite
22032,22,19
timeStep,numberOfRobotsOnBlackSite,numberOfRobotsOnWhiteSite
22033,22,19
timeStep,numberOfRobotsOnBlackSite,numberOfRobotsOnWhiteSite
22034,22,19
timeStep,numberOfRobotsOnBlackSite,numberOfRobotsOnWhiteSite
22035,22,19
timeStep,numberOfRobotsOnBlackSite,numberOfRobotsOnWhiteSite
22036,22,19
timeStep,numberOfRobotsOnBlackSite,numberOfRobotsOnWhiteSite
22037,22,19
timeStep,numberOfRobotsOnBlackSite,numberOfRobotsOnWhiteSite
22038,22,19
timeStep,numberOfRobotsOnBlackSite,numberOfRobotsOnWhiteSite
22039,22,19
timeStep,numberOfRobotsOnBlackSite,numberOfRobotsOnWhiteSite
22040,22,19
timeStep,numberOfRobotsOnBlackSite,numberOfRobotsOnWhiteSite
22041,22,19
timeStep,numberOfRobotsOnBlackSite,numberOfRobotsOnWhiteSite
22042,22,19
timeStep,numberOfRobotsOnBlackSite,numberOfRobotsOnWhiteSite
22043,22,19
timeStep,numberOfRobotsOnBlackSite,numberOfRobotsOnWhiteSite
22044,22,19
timeStep,numberOfRobotsOnBlackSite,numberOfRobotsOnWhiteSite
22045,22,19
timeStep,numberOfRobotsOnBlackSite,numberOfRobotsOnWhiteSite
22046,22,19
timeStep,numberOfRobotsOnBlackSite,numberOfRobotsOnWhiteSite
22047,22,19
timeStep,numberOfRobotsOnBlackSite,numberOfRobotsOnWhiteSite
22048,22,19
timeStep,numberOfRobotsOnBlackSite,numberOfRobotsOnWhiteSite
22049,22,19
timeStep,numberOfRobotsOnBlackSite,numberOfRobotsOnWhiteSite
22050,22,19
timeStep,numberOfRobotsOnBlackSite,numberOfRobotsOnWhiteSite
22051,22,19
timeStep,numberOfRobotsOnBlackSite,numberOfRobotsOnWhiteSite
22052,22,19
timeStep,numberOfRobotsOnBlackSite,numberOfRobotsOnWhiteSite
22053,22,19
timeStep,numberOfRobotsOnBlackSite,numberOfRobotsOnWhiteSite
22054,22,19
timeStep,numberOfRobotsOnBlackSite,numberOfRobotsOnWhiteSite
22055,22,19
timeStep,numberOfRobotsOnBlackSite,numberOfRobotsOnWhiteSite
22056,22,19
timeStep,numberOfRobotsOnBlackSite,numberOfRobotsOnWhiteSite
22057,22,19
timeStep,numberOfRobotsOnBlackSite,numberOfRobotsOnWhiteSite
22058,22,19
timeStep,numberOfRobotsOnBlackSite,numberOfRobotsOnWhiteSite
22059,22,19
timeStep,numberOfRobotsOnBlackSite,numberOfRobotsOnWhiteSite
22060,22,19
timeStep,numberOfRobotsOnBlackSite,numberOfRobotsOnWhiteSite
22061,22,19
timeStep,numberOfRobotsOnBlackSite,numberOfRobotsOnWhiteSite
22062,22,19
timeStep,numberOfRobotsOnBlackSite,numberOfRobotsOnWhiteSite
22063,22,19
timeStep,numberOfRobotsOnBlackSite,numberOfRobotsOnWhiteSite
22064,22,19
timeStep,numberOfRobotsOnBlackSite,numberOfRobotsOnWhiteSite
22065,22,19
timeStep,numberOfRobotsOnBlackSite,numberOfRobotsOnWhiteSite
22066,22,19
timeStep,numberOfRobotsOnBlackSite,numberOfRobotsOnWhiteSite
22067,22,19
timeStep,numberOfRobotsOnBlackSite,numberOfRobotsOnWhiteSite
22068,22,19
timeStep,numberOfRobotsOnBlackSite,numberOfRobotsOnWhiteSite
22069,22,19
timeStep,numberOfRobotsOnBlackSite,numberOfRobotsOnWhiteSite
22070,22,19
timeStep,numberOfRobotsOnBlackSite,numberOfRobotsOnWhiteSite
22071,22,19
timeStep,numberOfRobotsOnBlackSite,numberOfRobotsOnWhiteSite
22072,22,19
timeStep,numberOfRobotsOnBlackSite,numberOfRobotsOnWhiteSite
22073,22,19
timeStep,numberOfRobotsOnBlackSite,numberOfRobotsOnWhiteSite
22074,22,19
timeStep,numberOfRobotsOnBlackSite,numberOfRobotsOnWhiteSite
22075,22,19
timeStep,numberOfRobotsOnBlackSite,numberOfRobotsOnWhiteSite
22076,22,19
timeStep,numberOfRobotsOnBlackSite,numberOfRobotsOnWhiteSite
22077,22,19
timeStep,numberOfRobotsOnBlackSite,numberOfRobotsOnWhiteSite
22078,22,19
timeStep,numberOfRobotsOnBlackSite,numberOfRobotsOnWhiteSite
22079,22,19
timeStep,numberOfRobotsOnBlackSite,numberOfRobotsOnWhiteSite
22080,22,19
timeStep,numberOfRobotsOnBlackSite,numberOfRobotsOnWhiteSite
22081,22,19
timeStep,numberOfRobotsOnBlackSite,numberOfRobotsOnWhiteSite
22082,22,19
timeStep,numberOfRobotsOnBlackSite,numberOfRobotsOnWhiteSite
22083,22,19
timeStep,numberOfRobotsOnBlackSite,numberOfRobotsOnWhiteSite
22084,22,19
timeStep,numberOfRobotsOnBlackSite,numberOfRobotsOnWhiteSite
22085,22,19
timeStep,numberOfRobotsOnBlackSite,numberOfRobotsOnWhiteSite
22086,22,19
timeStep,numberOfRobotsOnBlackSite,numberOfRobotsOnWhiteSite
22087,22,19
timeStep,numberOfRobotsOnBlackSite,numberOfRobotsOnWhiteSite
22088,22,19
timeStep,numberOfRobotsOnBlackSite,numberOfRobotsOnWhiteSite
22089,22,19
timeStep,numberOfRobotsOnBlackSite,numberOfRobotsOnWhiteSite
22090,22,19
timeStep,numberOfRobotsOnBlackSite,numberOfRobotsOnWhiteSite
22091,22,19
timeStep,numberOfRobotsOnBlackSite,numberOfRobotsOnWhiteSite
22092,22,19
timeStep,numberOfRobotsOnBlackSite,numberOfRobotsOnWhiteSite
22093,22,19
timeStep,numberOfRobotsOnBlackSite,numberOfRobotsOnWhiteSite
22094,22,19
timeStep,numberOfRobotsOnBlackSite,numberOfRobotsOnWhiteSite
22095,22,19
timeStep,numberOfRobotsOnBlackSite,numberOfRobotsOnWhiteSite
22096,22,19
timeStep,numberOfRobotsOnBlackSite,numberOfRobotsOnWhiteSite
22097,22,19
timeStep,numberOfRobotsOnBlackSite,numberOfRobotsOnWhiteSite
22098,22,19
timeStep,numberOfRobotsOnBlackSite,numberOfRobotsOnWhiteSite
22099,22,19
timeStep,numberOfRobotsOnBlackSite,numberOfRobotsOnWhiteSite
22100,22,19
timeStep,numberOfRobotsOnBlackSite,numberOfRobotsOnWhiteSite
22101,22,19
timeStep,numberOfRobotsOnBlackSite,numberOfRobotsOnWhiteSite
22102,22,19
timeStep,numberOfRobotsOnBlackSite,numberOfRobotsOnWhiteSite
22103,22,19
timeStep,numberOfRobotsOnBlackSite,numberOfRobotsOnWhiteSite
22104,22,19
timeStep,numberOfRobotsOnBlackSite,numberOfRobotsOnWhiteSite
22105,22,19
timeStep,numberOfRobotsOnBlackSite,numberOfRobotsOnWhiteSite
22106,22,19
timeStep,numberOfRobotsOnBlackSite,numberOfRobotsOnWhiteSite
22107,22,19
timeStep,numberOfRobotsOnBlackSite,numberOfRobotsOnWhiteSite
22108,22,19
timeStep,numberOfRobotsOnBlackSite,numberOfRobotsOnWhiteSite
22109,22,19
timeStep,numberOfRobotsOnBlackSite,numberOfRobotsOnWhiteSite
22110,22,19
timeStep,numberOfRobotsOnBlackSite,numberOfRobotsOnWhiteSite
22111,22,19
timeStep,numberOfRobotsOnBlackSite,numberOfRobotsOnWhiteSite
22112,22,19
timeStep,numberOfRobotsOnBlackSite,numberOfRobotsOnWhiteSite
22113,22,19
timeStep,numberOfRobotsOnBlackSite,numberOfRobotsOnWhiteSite
22114,22,19
timeStep,numberOfRobotsOnBlackSite,numberOfRobotsOnWhiteSite
22115,22,19
timeStep,numberOfRobotsOnBlackSite,numberOfRobotsOnWhiteSite
22116,22,19
timeStep,numberOfRobotsOnBlackSite,numberOfRobotsOnWhiteSite
22117,22,19
timeStep,numberOfRobotsOnBlackSite,numberOfRobotsOnWhiteSite
22118,22,19
timeStep,numberOfRobotsOnBlackSite,numberOfRobotsOnWhiteSite
22119,22,19
timeStep,numberOfRobotsOnBlackSite,numberOfRobotsOnWhiteSite
22120,22,19
timeStep,numberOfRobotsOnBlackSite,numberOfRobotsOnWhiteSite
22121,22,19
timeStep,numberOfRobotsOnBlackSite,numberOfRobotsOnWhiteSite
22122,22,19
timeStep,numberOfRobotsOnBlackSite,numberOfRobotsOnWhiteSite
22123,22,19
timeStep,numberOfRobotsOnBlackSite,numberOfRobotsOnWhiteSite
22124,22,19
timeStep,numberOfRobotsOnBlackSite,numberOfRobotsOnWhiteSite
22125,23,19
timeStep,numberOfRobotsOnBlackSite,numberOfRobotsOnWhiteSite
22126,23,19
timeStep,numberOfRobotsOnBlackSite,numberOfRobotsOnWhiteSite
22127,23,19
timeStep,numberOfRobotsOnBlackSite,numberOfRobotsOnWhiteSite
22128,23,19
timeStep,numberOfRobotsOnBlackSite,numberOfRobotsOnWhiteSite
22129,23,19
timeStep,numberOfRobotsOnBlackSite,numberOfRobotsOnWhiteSite
22130,23,18
timeStep,numberOfRobotsOnBlackSite,numberOfRobotsOnWhiteSite
22131,23,18
timeStep,numberOfRobotsOnBlackSite,numberOfRobotsOnWhiteSite
22132,23,18
timeStep,numberOfRobotsOnBlackSite,numberOfRobotsOnWhiteSite
22133,23,18
timeStep,numberOfRobotsOnBlackSite,numberOfRobotsOnWhiteSite
22134,23,18
timeStep,numberOfRobotsOnBlackSite,numberOfRobotsOnWhiteSite
22135,23,18
timeStep,numberOfRobotsOnBlackSite,numberOfRobotsOnWhiteSite
22136,23,18
timeStep,numberOfRobotsOnBlackSite,numberOfRobotsOnWhiteSite
22137,23,18
timeStep,numberOfRobotsOnBlackSite,numberOfRobotsOnWhiteSite
22138,23,18
timeStep,numberOfRobotsOnBlackSite,numberOfRobotsOnWhiteSite
22139,23,18
timeStep,numberOfRobotsOnBlackSite,numberOfRobotsOnWhiteSite
22140,23,18
timeStep,numberOfRobotsOnBlackSite,numberOfRobotsOnWhiteSite
22141,23,18
timeStep,numberOfRobotsOnBlackSite,numberOfRobotsOnWhiteSite
22142,23,18
timeStep,numberOfRobotsOnBlackSite,numberOfRobotsOnWhiteSite
22143,23,18
timeStep,numberOfRobotsOnBlackSite,numberOfRobotsOnWhiteSite
22144,23,18
timeStep,numberOfRobotsOnBlackSite,numberOfRobotsOnWhiteSite
22145,23,18
timeStep,numberOfRobotsOnBlackSite,numberOfRobotsOnWhiteSite
22146,23,18
timeStep,numberOfRobotsOnBlackSite,numberOfRobotsOnWhiteSite
22147,23,18
timeStep,numberOfRobotsOnBlackSite,numberOfRobotsOnWhiteSite
22148,23,18
timeStep,numberOfRobotsOnBlackSite,numberOfRobotsOnWhiteSite
22149,23,18
timeStep,numberOfRobotsOnBlackSite,numberOfRobotsOnWhiteSite
22150,23,18
timeStep,numberOfRobotsOnBlackSite,numberOfRobotsOnWhiteSite
22151,23,18
timeStep,numberOfRobotsOnBlackSite,numberOfRobotsOnWhiteSite
22152,23,18
timeStep,numberOfRobotsOnBlackSite,numberOfRobotsOnWhiteSite
22153,23,18
timeStep,numberOfRobotsOnBlackSite,numberOfRobotsOnWhiteSite
22154,23,18
timeStep,numberOfRobotsOnBlackSite,numberOfRobotsOnWhiteSite
22155,23,18
timeStep,numberOfRobotsOnBlackSite,numberOfRobotsOnWhiteSite
22156,23,18
timeStep,numberOfRobotsOnBlackSite,numberOfRobotsOnWhiteSite
22157,23,18
timeStep,numberOfRobotsOnBlackSite,numberOfRobotsOnWhiteSite
22158,23,18
timeStep,numberOfRobotsOnBlackSite,numberOfRobotsOnWhiteSite
22159,23,18
timeStep,numberOfRobotsOnBlackSite,numberOfRobotsOnWhiteSite
22160,23,18
timeStep,numberOfRobotsOnBlackSite,numberOfRobotsOnWhiteSite
22161,23,18
timeStep,numberOfRobotsOnBlackSite,numberOfRobotsOnWhiteSite
22162,23,18
timeStep,numberOfRobotsOnBlackSite,numberOfRobotsOnWhiteSite
22163,23,18
timeStep,numberOfRobotsOnBlackSite,numberOfRobotsOnWhiteSite
22164,23,18
timeStep,numberOfRobotsOnBlackSite,numberOfRobotsOnWhiteSite
22165,23,18
timeStep,numberOfRobotsOnBlackSite,numberOfRobotsOnWhiteSite
22166,23,18
timeStep,numberOfRobotsOnBlackSite,numberOfRobotsOnWhiteSite
22167,23,18
timeStep,numberOfRobotsOnBlackSite,numberOfRobotsOnWhiteSite
22168,23,18
timeStep,numberOfRobotsOnBlackSite,numberOfRobotsOnWhiteSite
22169,23,18
timeStep,numberOfRobotsOnBlackSite,numberOfRobotsOnWhiteSite
22170,23,18
timeStep,numberOfRobotsOnBlackSite,numberOfRobotsOnWhiteSite
22171,23,18
timeStep,numberOfRobotsOnBlackSite,numberOfRobotsOnWhiteSite
22172,23,18
timeStep,numberOfRobotsOnBlackSite,numberOfRobotsOnWhiteSite
22173,23,18
timeStep,numberOfRobotsOnBlackSite,numberOfRobotsOnWhiteSite
22174,23,18
timeStep,numberOfRobotsOnBlackSite,numberOfRobotsOnWhiteSite
22175,23,18
timeStep,numberOfRobotsOnBlackSite,numberOfRobotsOnWhiteSite
22176,23,18
timeStep,numberOfRobotsOnBlackSite,numberOfRobotsOnWhiteSite
22177,23,18
timeStep,numberOfRobotsOnBlackSite,numberOfRobotsOnWhiteSite
22178,23,18
timeStep,numberOfRobotsOnBlackSite,numberOfRobotsOnWhiteSite
22179,23,18
timeStep,numberOfRobotsOnBlackSite,numberOfRobotsOnWhiteSite
22180,23,18
timeStep,numberOfRobotsOnBlackSite,numberOfRobotsOnWhiteSite
22181,23,18
timeStep,numberOfRobotsOnBlackSite,numberOfRobotsOnWhiteSite
22182,23,18
timeStep,numberOfRobotsOnBlackSite,numberOfRobotsOnWhiteSite
22183,23,18
timeStep,numberOfRobotsOnBlackSite,numberOfRobotsOnWhiteSite
22184,23,18
timeStep,numberOfRobotsOnBlackSite,numberOfRobotsOnWhiteSite
22185,23,18
timeStep,numberOfRobotsOnBlackSite,numberOfRobotsOnWhiteSite
22186,23,18
timeStep,numberOfRobotsOnBlackSite,numberOfRobotsOnWhiteSite
22187,23,18
timeStep,numberOfRobotsOnBlackSite,numberOfRobotsOnWhiteSite
22188,23,18
timeStep,numberOfRobotsOnBlackSite,numberOfRobotsOnWhiteSite
22189,23,18
timeStep,numberOfRobotsOnBlackSite,numberOfRobotsOnWhiteSite
22190,23,19
timeStep,numberOfRobotsOnBlackSite,numberOfRobotsOnWhiteSite
22191,23,19
timeStep,numberOfRobotsOnBlackSite,numberOfRobotsOnWhiteSite
22192,23,19
timeStep,numberOfRobotsOnBlackSite,numberOfRobotsOnWhiteSite
22193,23,19
timeStep,numberOfRobotsOnBlackSite,numberOfRobotsOnWhiteSite
22194,23,19
timeStep,numberOfRobotsOnBlackSite,numberOfRobotsOnWhiteSite
22195,23,19
timeStep,numberOfRobotsOnBlackSite,numberOfRobotsOnWhiteSite
22196,23,19
timeStep,numberOfRobotsOnBlackSite,numberOfRobotsOnWhiteSite
22197,23,19
timeStep,numberOfRobotsOnBlackSite,numberOfRobotsOnWhiteSite
22198,23,19
timeStep,numberOfRobotsOnBlackSite,numberOfRobotsOnWhiteSite
22199,23,19
timeStep,numberOfRobotsOnBlackSite,numberOfRobotsOnWhiteSite
22200,23,19
timeStep,numberOfRobotsOnBlackSite,numberOfRobotsOnWhiteSite
22201,23,19
timeStep,numberOfRobotsOnBlackSite,numberOfRobotsOnWhiteSite
22202,23,19
timeStep,numberOfRobotsOnBlackSite,numberOfRobotsOnWhiteSite
22203,23,19
timeStep,numberOfRobotsOnBlackSite,numberOfRobotsOnWhiteSite
22204,23,19
timeStep,numberOfRobotsOnBlackSite,numberOfRobotsOnWhiteSite
22205,23,19
timeStep,numberOfRobotsOnBlackSite,numberOfRobotsOnWhiteSite
22206,23,19
timeStep,numberOfRobotsOnBlackSite,numberOfRobotsOnWhiteSite
22207,23,19
timeStep,numberOfRobotsOnBlackSite,numberOfRobotsOnWhiteSite
22208,23,19
timeStep,numberOfRobotsOnBlackSite,numberOfRobotsOnWhiteSite
22209,23,19
timeStep,numberOfRobotsOnBlackSite,numberOfRobotsOnWhiteSite
22210,23,18
timeStep,numberOfRobotsOnBlackSite,numberOfRobotsOnWhiteSite
22211,23,18
timeStep,numberOfRobotsOnBlackSite,numberOfRobotsOnWhiteSite
22212,23,18
timeStep,numberOfRobotsOnBlackSite,numberOfRobotsOnWhiteSite
22213,23,18
timeStep,numberOfRobotsOnBlackSite,numberOfRobotsOnWhiteSite
22214,23,18
timeStep,numberOfRobotsOnBlackSite,numberOfRobotsOnWhiteSite
22215,23,18
timeStep,numberOfRobotsOnBlackSite,numberOfRobotsOnWhiteSite
22216,23,18
timeStep,numberOfRobotsOnBlackSite,numberOfRobotsOnWhiteSite
22217,23,18
timeStep,numberOfRobotsOnBlackSite,numberOfRobotsOnWhiteSite
22218,23,18
timeStep,numberOfRobotsOnBlackSite,numberOfRobotsOnWhiteSite
22219,23,18
timeStep,numberOfRobotsOnBlackSite,numberOfRobotsOnWhiteSite
22220,23,18
timeStep,numberOfRobotsOnBlackSite,numberOfRobotsOnWhiteSite
22221,23,18
timeStep,numberOfRobotsOnBlackSite,numberOfRobotsOnWhiteSite
22222,23,18
timeStep,numberOfRobotsOnBlackSite,numberOfRobotsOnWhiteSite
22223,23,18
timeStep,numberOfRobotsOnBlackSite,numberOfRobotsOnWhiteSite
22224,23,18
timeStep,numberOfRobotsOnBlackSite,numberOfRobotsOnWhiteSite
22225,23,18
timeStep,numberOfRobotsOnBlackSite,numberOfRobotsOnWhiteSite
22226,23,18
timeStep,numberOfRobotsOnBlackSite,numberOfRobotsOnWhiteSite
22227,23,18
timeStep,numberOfRobotsOnBlackSite,numberOfRobotsOnWhiteSite
22228,23,18
timeStep,numberOfRobotsOnBlackSite,numberOfRobotsOnWhiteSite
22229,23,18
timeStep,numberOfRobotsOnBlackSite,numberOfRobotsOnWhiteSite
22230,23,18
timeStep,numberOfRobotsOnBlackSite,numberOfRobotsOnWhiteSite
22231,23,18
timeStep,numberOfRobotsOnBlackSite,numberOfRobotsOnWhiteSite
22232,23,18
timeStep,numberOfRobotsOnBlackSite,numberOfRobotsOnWhiteSite
22233,23,18
timeStep,numberOfRobotsOnBlackSite,numberOfRobotsOnWhiteSite
22234,23,18
timeStep,numberOfRobotsOnBlackSite,numberOfRobotsOnWhiteSite
22235,23,18
timeStep,numberOfRobotsOnBlackSite,numberOfRobotsOnWhiteSite
22236,23,18
timeStep,numberOfRobotsOnBlackSite,numberOfRobotsOnWhiteSite
22237,23,18
timeStep,numberOfRobotsOnBlackSite,numberOfRobotsOnWhiteSite
22238,23,18
timeStep,numberOfRobotsOnBlackSite,numberOfRobotsOnWhiteSite
22239,23,18
timeStep,numberOfRobotsOnBlackSite,numberOfRobotsOnWhiteSite
22240,23,18
timeStep,numberOfRobotsOnBlackSite,numberOfRobotsOnWhiteSite
22241,23,18
timeStep,numberOfRobotsOnBlackSite,numberOfRobotsOnWhiteSite
22242,23,18
timeStep,numberOfRobotsOnBlackSite,numberOfRobotsOnWhiteSite
22243,23,18
timeStep,numberOfRobotsOnBlackSite,numberOfRobotsOnWhiteSite
22244,23,18
timeStep,numberOfRobotsOnBlackSite,numberOfRobotsOnWhiteSite
22245,23,18
timeStep,numberOfRobotsOnBlackSite,numberOfRobotsOnWhiteSite
22246,23,18
timeStep,numberOfRobotsOnBlackSite,numberOfRobotsOnWhiteSite
22247,23,18
timeStep,numberOfRobotsOnBlackSite,numberOfRobotsOnWhiteSite
22248,23,18
timeStep,numberOfRobotsOnBlackSite,numberOfRobotsOnWhiteSite
22249,23,18
timeStep,numberOfRobotsOnBlackSite,numberOfRobotsOnWhiteSite
22250,23,18
timeStep,numberOfRobotsOnBlackSite,numberOfRobotsOnWhiteSite
22251,23,18
timeStep,numberOfRobotsOnBlackSite,numberOfRobotsOnWhiteSite
22252,23,18
timeStep,numberOfRobotsOnBlackSite,numberOfRobotsOnWhiteSite
22253,23,18
timeStep,numberOfRobotsOnBlackSite,numberOfRobotsOnWhiteSite
22254,23,18
timeStep,numberOfRobotsOnBlackSite,numberOfRobotsOnWhiteSite
22255,23,18
timeStep,numberOfRobotsOnBlackSite,numberOfRobotsOnWhiteSite
22256,23,18
timeStep,numberOfRobotsOnBlackSite,numberOfRobotsOnWhiteSite
22257,23,18
timeStep,numberOfRobotsOnBlackSite,numberOfRobotsOnWhiteSite
22258,23,18
timeStep,numberOfRobotsOnBlackSite,numberOfRobotsOnWhiteSite
22259,23,18
timeStep,numberOfRobotsOnBlackSite,numberOfRobotsOnWhiteSite
22260,23,18
timeStep,numberOfRobotsOnBlackSite,numberOfRobotsOnWhiteSite
22261,23,18
timeStep,numberOfRobotsOnBlackSite,numberOfRobotsOnWhiteSite
22262,23,18
timeStep,numberOfRobotsOnBlackSite,numberOfRobotsOnWhiteSite
22263,23,18
timeStep,numberOfRobotsOnBlackSite,numberOfRobotsOnWhiteSite
22264,23,18
timeStep,numberOfRobotsOnBlackSite,numberOfRobotsOnWhiteSite
22265,23,18
timeStep,numberOfRobotsOnBlackSite,numberOfRobotsOnWhiteSite
22266,23,18
timeStep,numberOfRobotsOnBlackSite,numberOfRobotsOnWhiteSite
22267,23,18
timeStep,numberOfRobotsOnBlackSite,numberOfRobotsOnWhiteSite
22268,23,18
timeStep,numberOfRobotsOnBlackSite,numberOfRobotsOnWhiteSite
22269,23,18
timeStep,numberOfRobotsOnBlackSite,numberOfRobotsOnWhiteSite
22270,23,18
timeStep,numberOfRobotsOnBlackSite,numberOfRobotsOnWhiteSite
22271,23,18
timeStep,numberOfRobotsOnBlackSite,numberOfRobotsOnWhiteSite
22272,23,18
timeStep,numberOfRobotsOnBlackSite,numberOfRobotsOnWhiteSite
22273,23,18
timeStep,numberOfRobotsOnBlackSite,numberOfRobotsOnWhiteSite
22274,23,18
timeStep,numberOfRobotsOnBlackSite,numberOfRobotsOnWhiteSite
22275,23,18
timeStep,numberOfRobotsOnBlackSite,numberOfRobotsOnWhiteSite
22276,23,18
timeStep,numberOfRobotsOnBlackSite,numberOfRobotsOnWhiteSite
22277,23,18
timeStep,numberOfRobotsOnBlackSite,numberOfRobotsOnWhiteSite
22278,23,18
timeStep,numberOfRobotsOnBlackSite,numberOfRobotsOnWhiteSite
22279,23,18
timeStep,numberOfRobotsOnBlackSite,numberOfRobotsOnWhiteSite
22280,23,18
timeStep,numberOfRobotsOnBlackSite,numberOfRobotsOnWhiteSite
22281,23,18
timeStep,numberOfRobotsOnBlackSite,numberOfRobotsOnWhiteSite
22282,23,18
timeStep,numberOfRobotsOnBlackSite,numberOfRobotsOnWhiteSite
22283,23,18
timeStep,numberOfRobotsOnBlackSite,numberOfRobotsOnWhiteSite
22284,23,18
timeStep,numberOfRobotsOnBlackSite,numberOfRobotsOnWhiteSite
22285,23,18
timeStep,numberOfRobotsOnBlackSite,numberOfRobotsOnWhiteSite
22286,23,18
timeStep,numberOfRobotsOnBlackSite,numberOfRobotsOnWhiteSite
22287,23,18
timeStep,numberOfRobotsOnBlackSite,numberOfRobotsOnWhiteSite
22288,23,18
timeStep,numberOfRobotsOnBlackSite,numberOfRobotsOnWhiteSite
22289,23,18
timeStep,numberOfRobotsOnBlackSite,numberOfRobotsOnWhiteSite
22290,22,18
timeStep,numberOfRobotsOnBlackSite,numberOfRobotsOnWhiteSite
22291,22,18
timeStep,numberOfRobotsOnBlackSite,numberOfRobotsOnWhiteSite
22292,22,18
timeStep,numberOfRobotsOnBlackSite,numberOfRobotsOnWhiteSite
22293,22,18
timeStep,numberOfRobotsOnBlackSite,numberOfRobotsOnWhiteSite
22294,22,18
timeStep,numberOfRobotsOnBlackSite,numberOfRobotsOnWhiteSite
22295,22,18
timeStep,numberOfRobotsOnBlackSite,numberOfRobotsOnWhiteSite
22296,22,18
timeStep,numberOfRobotsOnBlackSite,numberOfRobotsOnWhiteSite
22297,22,18
timeStep,numberOfRobotsOnBlackSite,numberOfRobotsOnWhiteSite
22298,22,18
timeStep,numberOfRobotsOnBlackSite,numberOfRobotsOnWhiteSite
22299,22,18
timeStep,numberOfRobotsOnBlackSite,numberOfRobotsOnWhiteSite
22300,22,18
timeStep,numberOfRobotsOnBlackSite,numberOfRobotsOnWhiteSite
22301,22,18
timeStep,numberOfRobotsOnBlackSite,numberOfRobotsOnWhiteSite
22302,22,18
timeStep,numberOfRobotsOnBlackSite,numberOfRobotsOnWhiteSite
22303,22,18
timeStep,numberOfRobotsOnBlackSite,numberOfRobotsOnWhiteSite
22304,22,18
timeStep,numberOfRobotsOnBlackSite,numberOfRobotsOnWhiteSite
22305,22,18
timeStep,numberOfRobotsOnBlackSite,numberOfRobotsOnWhiteSite
22306,22,18
timeStep,numberOfRobotsOnBlackSite,numberOfRobotsOnWhiteSite
22307,22,18
timeStep,numberOfRobotsOnBlackSite,numberOfRobotsOnWhiteSite
22308,22,18
timeStep,numberOfRobotsOnBlackSite,numberOfRobotsOnWhiteSite
22309,22,18
timeStep,numberOfRobotsOnBlackSite,numberOfRobotsOnWhiteSite
22310,22,18
timeStep,numberOfRobotsOnBlackSite,numberOfRobotsOnWhiteSite
22311,22,18
timeStep,numberOfRobotsOnBlackSite,numberOfRobotsOnWhiteSite
22312,22,18
timeStep,numberOfRobotsOnBlackSite,numberOfRobotsOnWhiteSite
22313,22,18
timeStep,numberOfRobotsOnBlackSite,numberOfRobotsOnWhiteSite
22314,22,18
timeStep,numberOfRobotsOnBlackSite,numberOfRobotsOnWhiteSite
22315,22,18
timeStep,numberOfRobotsOnBlackSite,numberOfRobotsOnWhiteSite
22316,22,18
timeStep,numberOfRobotsOnBlackSite,numberOfRobotsOnWhiteSite
22317,22,18
timeStep,numberOfRobotsOnBlackSite,numberOfRobotsOnWhiteSite
22318,22,18
timeStep,numberOfRobotsOnBlackSite,numberOfRobotsOnWhiteSite
22319,22,18
timeStep,numberOfRobotsOnBlackSite,numberOfRobotsOnWhiteSite
22320,22,18
timeStep,numberOfRobotsOnBlackSite,numberOfRobotsOnWhiteSite
22321,22,18
timeStep,numberOfRobotsOnBlackSite,numberOfRobotsOnWhiteSite
22322,22,18
timeStep,numberOfRobotsOnBlackSite,numberOfRobotsOnWhiteSite
22323,22,18
timeStep,numberOfRobotsOnBlackSite,numberOfRobotsOnWhiteSite
22324,22,18
timeStep,numberOfRobotsOnBlackSite,numberOfRobotsOnWhiteSite
22325,22,18
timeStep,numberOfRobotsOnBlackSite,numberOfRobotsOnWhiteSite
22326,22,18
timeStep,numberOfRobotsOnBlackSite,numberOfRobotsOnWhiteSite
22327,22,18
timeStep,numberOfRobotsOnBlackSite,numberOfRobotsOnWhiteSite
22328,22,18
timeStep,numberOfRobotsOnBlackSite,numberOfRobotsOnWhiteSite
22329,22,18
timeStep,numberOfRobotsOnBlackSite,numberOfRobotsOnWhiteSite
22330,23,18
timeStep,numberOfRobotsOnBlackSite,numberOfRobotsOnWhiteSite
22331,23,18
timeStep,numberOfRobotsOnBlackSite,numberOfRobotsOnWhiteSite
22332,23,18
timeStep,numberOfRobotsOnBlackSite,numberOfRobotsOnWhiteSite
22333,23,18
timeStep,numberOfRobotsOnBlackSite,numberOfRobotsOnWhiteSite
22334,23,18
timeStep,numberOfRobotsOnBlackSite,numberOfRobotsOnWhiteSite
22335,23,18
timeStep,numberOfRobotsOnBlackSite,numberOfRobotsOnWhiteSite
22336,23,18
timeStep,numberOfRobotsOnBlackSite,numberOfRobotsOnWhiteSite
22337,23,18
timeStep,numberOfRobotsOnBlackSite,numberOfRobotsOnWhiteSite
22338,23,18
timeStep,numberOfRobotsOnBlackSite,numberOfRobotsOnWhiteSite
22339,23,18
timeStep,numberOfRobotsOnBlackSite,numberOfRobotsOnWhiteSite
22340,23,18
timeStep,numberOfRobotsOnBlackSite,numberOfRobotsOnWhiteSite
22341,23,18
timeStep,numberOfRobotsOnBlackSite,numberOfRobotsOnWhiteSite
22342,23,18
timeStep,numberOfRobotsOnBlackSite,numberOfRobotsOnWhiteSite
22343,23,18
timeStep,numberOfRobotsOnBlackSite,numberOfRobotsOnWhiteSite
22344,23,18
timeStep,numberOfRobotsOnBlackSite,numberOfRobotsOnWhiteSite
22345,23,18
timeStep,numberOfRobotsOnBlackSite,numberOfRobotsOnWhiteSite
22346,23,18
timeStep,numberOfRobotsOnBlackSite,numberOfRobotsOnWhiteSite
22347,23,18
timeStep,numberOfRobotsOnBlackSite,numberOfRobotsOnWhiteSite
22348,23,18
timeStep,numberOfRobotsOnBlackSite,numberOfRobotsOnWhiteSite
22349,23,18
timeStep,numberOfRobotsOnBlackSite,numberOfRobotsOnWhiteSite
22350,23,18
timeStep,numberOfRobotsOnBlackSite,numberOfRobotsOnWhiteSite
22351,23,18
timeStep,numberOfRobotsOnBlackSite,numberOfRobotsOnWhiteSite
22352,23,18
timeStep,numberOfRobotsOnBlackSite,numberOfRobotsOnWhiteSite
22353,23,18
timeStep,numberOfRobotsOnBlackSite,numberOfRobotsOnWhiteSite
22354,23,18
timeStep,numberOfRobotsOnBlackSite,numberOfRobotsOnWhiteSite
22355,23,18
timeStep,numberOfRobotsOnBlackSite,numberOfRobotsOnWhiteSite
22356,23,18
timeStep,numberOfRobotsOnBlackSite,numberOfRobotsOnWhiteSite
22357,23,18
timeStep,numberOfRobotsOnBlackSite,numberOfRobotsOnWhiteSite
22358,23,18
timeStep,numberOfRobotsOnBlackSite,numberOfRobotsOnWhiteSite
22359,23,18
timeStep,numberOfRobotsOnBlackSite,numberOfRobotsOnWhiteSite
22360,23,18
timeStep,numberOfRobotsOnBlackSite,numberOfRobotsOnWhiteSite
22361,23,18
timeStep,numberOfRobotsOnBlackSite,numberOfRobotsOnWhiteSite
22362,23,18
timeStep,numberOfRobotsOnBlackSite,numberOfRobotsOnWhiteSite
22363,23,18
timeStep,numberOfRobotsOnBlackSite,numberOfRobotsOnWhiteSite
22364,23,18
timeStep,numberOfRobotsOnBlackSite,numberOfRobotsOnWhiteSite
22365,23,18
timeStep,numberOfRobotsOnBlackSite,numberOfRobotsOnWhiteSite
22366,23,18
timeStep,numberOfRobotsOnBlackSite,numberOfRobotsOnWhiteSite
22367,23,18
timeStep,numberOfRobotsOnBlackSite,numberOfRobotsOnWhiteSite
22368,23,18
timeStep,numberOfRobotsOnBlackSite,numberOfRobotsOnWhiteSite
22369,23,18
timeStep,numberOfRobotsOnBlackSite,numberOfRobotsOnWhiteSite
22370,23,18
timeStep,numberOfRobotsOnBlackSite,numberOfRobotsOnWhiteSite
22371,23,18
timeStep,numberOfRobotsOnBlackSite,numberOfRobotsOnWhiteSite
22372,23,18
timeStep,numberOfRobotsOnBlackSite,numberOfRobotsOnWhiteSite
22373,23,18
timeStep,numberOfRobotsOnBlackSite,numberOfRobotsOnWhiteSite
22374,23,18
timeStep,numberOfRobotsOnBlackSite,numberOfRobotsOnWhiteSite
22375,23,18
timeStep,numberOfRobotsOnBlackSite,numberOfRobotsOnWhiteSite
22376,23,18
timeStep,numberOfRobotsOnBlackSite,numberOfRobotsOnWhiteSite
22377,23,18
timeStep,numberOfRobotsOnBlackSite,numberOfRobotsOnWhiteSite
22378,23,18
timeStep,numberOfRobotsOnBlackSite,numberOfRobotsOnWhiteSite
22379,23,18
timeStep,numberOfRobotsOnBlackSite,numberOfRobotsOnWhiteSite
22380,23,18
timeStep,numberOfRobotsOnBlackSite,numberOfRobotsOnWhiteSite
22381,23,18
timeStep,numberOfRobotsOnBlackSite,numberOfRobotsOnWhiteSite
22382,23,18
timeStep,numberOfRobotsOnBlackSite,numberOfRobotsOnWhiteSite
22383,23,18
timeStep,numberOfRobotsOnBlackSite,numberOfRobotsOnWhiteSite
22384,23,18
timeStep,numberOfRobotsOnBlackSite,numberOfRobotsOnWhiteSite
22385,23,18
timeStep,numberOfRobotsOnBlackSite,numberOfRobotsOnWhiteSite
22386,23,18
timeStep,numberOfRobotsOnBlackSite,numberOfRobotsOnWhiteSite
22387,23,18
timeStep,numberOfRobotsOnBlackSite,numberOfRobotsOnWhiteSite
22388,23,18
timeStep,numberOfRobotsOnBlackSite,numberOfRobotsOnWhiteSite
22389,23,18
timeStep,numberOfRobotsOnBlackSite,numberOfRobotsOnWhiteSite
22390,23,18
timeStep,numberOfRobotsOnBlackSite,numberOfRobotsOnWhiteSite
22391,23,18
timeStep,numberOfRobotsOnBlackSite,numberOfRobotsOnWhiteSite
22392,23,18
timeStep,numberOfRobotsOnBlackSite,numberOfRobotsOnWhiteSite
22393,23,18
timeStep,numberOfRobotsOnBlackSite,numberOfRobotsOnWhiteSite
22394,23,18
timeStep,numberOfRobotsOnBlackSite,numberOfRobotsOnWhiteSite
22395,23,19
timeStep,numberOfRobotsOnBlackSite,numberOfRobotsOnWhiteSite
22396,23,19
timeStep,numberOfRobotsOnBlackSite,numberOfRobotsOnWhiteSite
22397,23,19
timeStep,numberOfRobotsOnBlackSite,numberOfRobotsOnWhiteSite
22398,23,19
timeStep,numberOfRobotsOnBlackSite,numberOfRobotsOnWhiteSite
22399,23,19
timeStep,numberOfRobotsOnBlackSite,numberOfRobotsOnWhiteSite
22400,23,19
timeStep,numberOfRobotsOnBlackSite,numberOfRobotsOnWhiteSite
22401,23,19
timeStep,numberOfRobotsOnBlackSite,numberOfRobotsOnWhiteSite
22402,23,19
timeStep,numberOfRobotsOnBlackSite,numberOfRobotsOnWhiteSite
22403,23,19
timeStep,numberOfRobotsOnBlackSite,numberOfRobotsOnWhiteSite
22404,23,19
timeStep,numberOfRobotsOnBlackSite,numberOfRobotsOnWhiteSite
22405,22,19
timeStep,numberOfRobotsOnBlackSite,numberOfRobotsOnWhiteSite
22406,22,19
timeStep,numberOfRobotsOnBlackSite,numberOfRobotsOnWhiteSite
22407,22,19
timeStep,numberOfRobotsOnBlackSite,numberOfRobotsOnWhiteSite
22408,22,19
timeStep,numberOfRobotsOnBlackSite,numberOfRobotsOnWhiteSite
22409,22,19
timeStep,numberOfRobotsOnBlackSite,numberOfRobotsOnWhiteSite
22410,22,18
timeStep,numberOfRobotsOnBlackSite,numberOfRobotsOnWhiteSite
22411,22,18
timeStep,numberOfRobotsOnBlackSite,numberOfRobotsOnWhiteSite
22412,22,18
timeStep,numberOfRobotsOnBlackSite,numberOfRobotsOnWhiteSite
22413,22,18
timeStep,numberOfRobotsOnBlackSite,numberOfRobotsOnWhiteSite
22414,22,18
timeStep,numberOfRobotsOnBlackSite,numberOfRobotsOnWhiteSite
22415,22,18
timeStep,numberOfRobotsOnBlackSite,numberOfRobotsOnWhiteSite
22416,22,18
timeStep,numberOfRobotsOnBlackSite,numberOfRobotsOnWhiteSite
22417,22,18
timeStep,numberOfRobotsOnBlackSite,numberOfRobotsOnWhiteSite
22418,22,18
timeStep,numberOfRobotsOnBlackSite,numberOfRobotsOnWhiteSite
22419,22,18
timeStep,numberOfRobotsOnBlackSite,numberOfRobotsOnWhiteSite
22420,22,18
timeStep,numberOfRobotsOnBlackSite,numberOfRobotsOnWhiteSite
22421,22,18
timeStep,numberOfRobotsOnBlackSite,numberOfRobotsOnWhiteSite
22422,22,18
timeStep,numberOfRobotsOnBlackSite,numberOfRobotsOnWhiteSite
22423,22,18
timeStep,numberOfRobotsOnBlackSite,numberOfRobotsOnWhiteSite
22424,22,18
timeStep,numberOfRobotsOnBlackSite,numberOfRobotsOnWhiteSite
22425,22,18
timeStep,numberOfRobotsOnBlackSite,numberOfRobotsOnWhiteSite
22426,22,18
timeStep,numberOfRobotsOnBlackSite,numberOfRobotsOnWhiteSite
22427,22,18
timeStep,numberOfRobotsOnBlackSite,numberOfRobotsOnWhiteSite
22428,22,18
timeStep,numberOfRobotsOnBlackSite,numberOfRobotsOnWhiteSite
22429,22,18
timeStep,numberOfRobotsOnBlackSite,numberOfRobotsOnWhiteSite
22430,22,18
timeStep,numberOfRobotsOnBlackSite,numberOfRobotsOnWhiteSite
22431,22,18
timeStep,numberOfRobotsOnBlackSite,numberOfRobotsOnWhiteSite
22432,22,18
timeStep,numberOfRobotsOnBlackSite,numberOfRobotsOnWhiteSite
22433,22,18
timeStep,numberOfRobotsOnBlackSite,numberOfRobotsOnWhiteSite
22434,22,18
timeStep,numberOfRobotsOnBlackSite,numberOfRobotsOnWhiteSite
22435,21,19
timeStep,numberOfRobotsOnBlackSite,numberOfRobotsOnWhiteSite
22436,21,19
timeStep,numberOfRobotsOnBlackSite,numberOfRobotsOnWhiteSite
22437,21,19
timeStep,numberOfRobotsOnBlackSite,numberOfRobotsOnWhiteSite
22438,21,19
timeStep,numberOfRobotsOnBlackSite,numberOfRobotsOnWhiteSite
22439,21,19
timeStep,numberOfRobotsOnBlackSite,numberOfRobotsOnWhiteSite
22440,21,19
timeStep,numberOfRobotsOnBlackSite,numberOfRobotsOnWhiteSite
22441,21,19
timeStep,numberOfRobotsOnBlackSite,numberOfRobotsOnWhiteSite
22442,21,19
timeStep,numberOfRobotsOnBlackSite,numberOfRobotsOnWhiteSite
22443,21,19
timeStep,numberOfRobotsOnBlackSite,numberOfRobotsOnWhiteSite
22444,21,19
timeStep,numberOfRobotsOnBlackSite,numberOfRobotsOnWhiteSite
22445,21,19
timeStep,numberOfRobotsOnBlackSite,numberOfRobotsOnWhiteSite
22446,21,19
timeStep,numberOfRobotsOnBlackSite,numberOfRobotsOnWhiteSite
22447,21,19
timeStep,numberOfRobotsOnBlackSite,numberOfRobotsOnWhiteSite
22448,21,19
timeStep,numberOfRobotsOnBlackSite,numberOfRobotsOnWhiteSite
22449,21,19
timeStep,numberOfRobotsOnBlackSite,numberOfRobotsOnWhiteSite
22450,21,19
timeStep,numberOfRobotsOnBlackSite,numberOfRobotsOnWhiteSite
22451,21,19
timeStep,numberOfRobotsOnBlackSite,numberOfRobotsOnWhiteSite
22452,21,19
timeStep,numberOfRobotsOnBlackSite,numberOfRobotsOnWhiteSite
22453,21,19
timeStep,numberOfRobotsOnBlackSite,numberOfRobotsOnWhiteSite
22454,21,19
timeStep,numberOfRobotsOnBlackSite,numberOfRobotsOnWhiteSite
22455,21,19
timeStep,numberOfRobotsOnBlackSite,numberOfRobotsOnWhiteSite
22456,21,19
timeStep,numberOfRobotsOnBlackSite,numberOfRobotsOnWhiteSite
22457,21,19
timeStep,numberOfRobotsOnBlackSite,numberOfRobotsOnWhiteSite
22458,21,19
timeStep,numberOfRobotsOnBlackSite,numberOfRobotsOnWhiteSite
22459,21,19
timeStep,numberOfRobotsOnBlackSite,numberOfRobotsOnWhiteSite
22460,21,19
timeStep,numberOfRobotsOnBlackSite,numberOfRobotsOnWhiteSite
22461,21,19
timeStep,numberOfRobotsOnBlackSite,numberOfRobotsOnWhiteSite
22462,21,19
timeStep,numberOfRobotsOnBlackSite,numberOfRobotsOnWhiteSite
22463,21,19
timeStep,numberOfRobotsOnBlackSite,numberOfRobotsOnWhiteSite
22464,21,19
timeStep,numberOfRobotsOnBlackSite,numberOfRobotsOnWhiteSite
22465,21,19
timeStep,numberOfRobotsOnBlackSite,numberOfRobotsOnWhiteSite
22466,21,19
timeStep,numberOfRobotsOnBlackSite,numberOfRobotsOnWhiteSite
22467,21,19
timeStep,numberOfRobotsOnBlackSite,numberOfRobotsOnWhiteSite
22468,21,19
timeStep,numberOfRobotsOnBlackSite,numberOfRobotsOnWhiteSite
22469,21,19
timeStep,numberOfRobotsOnBlackSite,numberOfRobotsOnWhiteSite
22470,21,19
timeStep,numberOfRobotsOnBlackSite,numberOfRobotsOnWhiteSite
22471,21,19
timeStep,numberOfRobotsOnBlackSite,numberOfRobotsOnWhiteSite
22472,21,19
timeStep,numberOfRobotsOnBlackSite,numberOfRobotsOnWhiteSite
22473,21,19
timeStep,numberOfRobotsOnBlackSite,numberOfRobotsOnWhiteSite
22474,21,19
timeStep,numberOfRobotsOnBlackSite,numberOfRobotsOnWhiteSite
22475,21,19
timeStep,numberOfRobotsOnBlackSite,numberOfRobotsOnWhiteSite
22476,21,19
timeStep,numberOfRobotsOnBlackSite,numberOfRobotsOnWhiteSite
22477,21,19
timeStep,numberOfRobotsOnBlackSite,numberOfRobotsOnWhiteSite
22478,21,19
timeStep,numberOfRobotsOnBlackSite,numberOfRobotsOnWhiteSite
22479,21,19
timeStep,numberOfRobotsOnBlackSite,numberOfRobotsOnWhiteSite
22480,21,19
timeStep,numberOfRobotsOnBlackSite,numberOfRobotsOnWhiteSite
22481,21,19
timeStep,numberOfRobotsOnBlackSite,numberOfRobotsOnWhiteSite
22482,21,19
timeStep,numberOfRobotsOnBlackSite,numberOfRobotsOnWhiteSite
22483,21,19
timeStep,numberOfRobotsOnBlackSite,numberOfRobotsOnWhiteSite
22484,21,19
timeStep,numberOfRobotsOnBlackSite,numberOfRobotsOnWhiteSite
22485,21,19
timeStep,numberOfRobotsOnBlackSite,numberOfRobotsOnWhiteSite
22486,21,19
timeStep,numberOfRobotsOnBlackSite,numberOfRobotsOnWhiteSite
22487,21,19
timeStep,numberOfRobotsOnBlackSite,numberOfRobotsOnWhiteSite
22488,21,19
timeStep,numberOfRobotsOnBlackSite,numberOfRobotsOnWhiteSite
22489,21,19
timeStep,numberOfRobotsOnBlackSite,numberOfRobotsOnWhiteSite
22490,21,19
timeStep,numberOfRobotsOnBlackSite,numberOfRobotsOnWhiteSite
22491,21,19
timeStep,numberOfRobotsOnBlackSite,numberOfRobotsOnWhiteSite
22492,21,19
timeStep,numberOfRobotsOnBlackSite,numberOfRobotsOnWhiteSite
22493,21,19
timeStep,numberOfRobotsOnBlackSite,numberOfRobotsOnWhiteSite
22494,21,19
timeStep,numberOfRobotsOnBlackSite,numberOfRobotsOnWhiteSite
22495,21,19
timeStep,numberOfRobotsOnBlackSite,numberOfRobotsOnWhiteSite
22496,21,19
timeStep,numberOfRobotsOnBlackSite,numberOfRobotsOnWhiteSite
22497,21,19
timeStep,numberOfRobotsOnBlackSite,numberOfRobotsOnWhiteSite
22498,21,19
timeStep,numberOfRobotsOnBlackSite,numberOfRobotsOnWhiteSite
22499,21,19
timeStep,numberOfRobotsOnBlackSite,numberOfRobotsOnWhiteSite
22500,21,18
timeStep,numberOfRobotsOnBlackSite,numberOfRobotsOnWhiteSite
22501,21,18
timeStep,numberOfRobotsOnBlackSite,numberOfRobotsOnWhiteSite
22502,21,18
timeStep,numberOfRobotsOnBlackSite,numberOfRobotsOnWhiteSite
22503,21,18
timeStep,numberOfRobotsOnBlackSite,numberOfRobotsOnWhiteSite
22504,21,18
timeStep,numberOfRobotsOnBlackSite,numberOfRobotsOnWhiteSite
22505,23,18
timeStep,numberOfRobotsOnBlackSite,numberOfRobotsOnWhiteSite
22506,23,18
timeStep,numberOfRobotsOnBlackSite,numberOfRobotsOnWhiteSite
22507,23,18
timeStep,numberOfRobotsOnBlackSite,numberOfRobotsOnWhiteSite
22508,23,18
timeStep,numberOfRobotsOnBlackSite,numberOfRobotsOnWhiteSite
22509,23,18
timeStep,numberOfRobotsOnBlackSite,numberOfRobotsOnWhiteSite
22510,24,17
timeStep,numberOfRobotsOnBlackSite,numberOfRobotsOnWhiteSite
22511,24,17
timeStep,numberOfRobotsOnBlackSite,numberOfRobotsOnWhiteSite
22512,24,17
timeStep,numberOfRobotsOnBlackSite,numberOfRobotsOnWhiteSite
22513,24,17
timeStep,numberOfRobotsOnBlackSite,numberOfRobotsOnWhiteSite
22514,24,17
timeStep,numberOfRobotsOnBlackSite,numberOfRobotsOnWhiteSite
22515,24,17
timeStep,numberOfRobotsOnBlackSite,numberOfRobotsOnWhiteSite
22516,24,17
timeStep,numberOfRobotsOnBlackSite,numberOfRobotsOnWhiteSite
22517,24,17
timeStep,numberOfRobotsOnBlackSite,numberOfRobotsOnWhiteSite
22518,24,17
timeStep,numberOfRobotsOnBlackSite,numberOfRobotsOnWhiteSite
22519,24,17
timeStep,numberOfRobotsOnBlackSite,numberOfRobotsOnWhiteSite
22520,24,17
timeStep,numberOfRobotsOnBlackSite,numberOfRobotsOnWhiteSite
22521,24,17
timeStep,numberOfRobotsOnBlackSite,numberOfRobotsOnWhiteSite
22522,24,17
timeStep,numberOfRobotsOnBlackSite,numberOfRobotsOnWhiteSite
22523,24,17
timeStep,numberOfRobotsOnBlackSite,numberOfRobotsOnWhiteSite
22524,24,17
timeStep,numberOfRobotsOnBlackSite,numberOfRobotsOnWhiteSite
22525,23,17
timeStep,numberOfRobotsOnBlackSite,numberOfRobotsOnWhiteSite
22526,23,17
timeStep,numberOfRobotsOnBlackSite,numberOfRobotsOnWhiteSite
22527,23,17
timeStep,numberOfRobotsOnBlackSite,numberOfRobotsOnWhiteSite
22528,23,17
timeStep,numberOfRobotsOnBlackSite,numberOfRobotsOnWhiteSite
22529,23,17
timeStep,numberOfRobotsOnBlackSite,numberOfRobotsOnWhiteSite
22530,23,17
timeStep,numberOfRobotsOnBlackSite,numberOfRobotsOnWhiteSite
22531,23,17
timeStep,numberOfRobotsOnBlackSite,numberOfRobotsOnWhiteSite
22532,23,17
timeStep,numberOfRobotsOnBlackSite,numberOfRobotsOnWhiteSite
22533,23,17
timeStep,numberOfRobotsOnBlackSite,numberOfRobotsOnWhiteSite
22534,23,17
timeStep,numberOfRobotsOnBlackSite,numberOfRobotsOnWhiteSite
22535,23,17
timeStep,numberOfRobotsOnBlackSite,numberOfRobotsOnWhiteSite
22536,23,17
timeStep,numberOfRobotsOnBlackSite,numberOfRobotsOnWhiteSite
22537,23,17
timeStep,numberOfRobotsOnBlackSite,numberOfRobotsOnWhiteSite
22538,23,17
timeStep,numberOfRobotsOnBlackSite,numberOfRobotsOnWhiteSite
22539,23,17
timeStep,numberOfRobotsOnBlackSite,numberOfRobotsOnWhiteSite
22540,23,17
timeStep,numberOfRobotsOnBlackSite,numberOfRobotsOnWhiteSite
22541,23,17
timeStep,numberOfRobotsOnBlackSite,numberOfRobotsOnWhiteSite
22542,23,17
timeStep,numberOfRobotsOnBlackSite,numberOfRobotsOnWhiteSite
22543,23,17
timeStep,numberOfRobotsOnBlackSite,numberOfRobotsOnWhiteSite
22544,23,17
timeStep,numberOfRobotsOnBlackSite,numberOfRobotsOnWhiteSite
22545,23,17
timeStep,numberOfRobotsOnBlackSite,numberOfRobotsOnWhiteSite
22546,23,17
timeStep,numberOfRobotsOnBlackSite,numberOfRobotsOnWhiteSite
22547,23,17
timeStep,numberOfRobotsOnBlackSite,numberOfRobotsOnWhiteSite
22548,23,17
timeStep,numberOfRobotsOnBlackSite,numberOfRobotsOnWhiteSite
22549,23,17
timeStep,numberOfRobotsOnBlackSite,numberOfRobotsOnWhiteSite
22550,23,17
timeStep,numberOfRobotsOnBlackSite,numberOfRobotsOnWhiteSite
22551,23,17
timeStep,numberOfRobotsOnBlackSite,numberOfRobotsOnWhiteSite
22552,23,17
timeStep,numberOfRobotsOnBlackSite,numberOfRobotsOnWhiteSite
22553,23,17
timeStep,numberOfRobotsOnBlackSite,numberOfRobotsOnWhiteSite
22554,23,17
timeStep,numberOfRobotsOnBlackSite,numberOfRobotsOnWhiteSite
22555,23,17
timeStep,numberOfRobotsOnBlackSite,numberOfRobotsOnWhiteSite
22556,23,17
timeStep,numberOfRobotsOnBlackSite,numberOfRobotsOnWhiteSite
22557,23,17
timeStep,numberOfRobotsOnBlackSite,numberOfRobotsOnWhiteSite
22558,23,17
timeStep,numberOfRobotsOnBlackSite,numberOfRobotsOnWhiteSite
22559,23,17
timeStep,numberOfRobotsOnBlackSite,numberOfRobotsOnWhiteSite
22560,23,17
timeStep,numberOfRobotsOnBlackSite,numberOfRobotsOnWhiteSite
22561,23,17
timeStep,numberOfRobotsOnBlackSite,numberOfRobotsOnWhiteSite
22562,23,17
timeStep,numberOfRobotsOnBlackSite,numberOfRobotsOnWhiteSite
22563,23,17
timeStep,numberOfRobotsOnBlackSite,numberOfRobotsOnWhiteSite
22564,23,17
timeStep,numberOfRobotsOnBlackSite,numberOfRobotsOnWhiteSite
22565,23,17
timeStep,numberOfRobotsOnBlackSite,numberOfRobotsOnWhiteSite
22566,23,17
timeStep,numberOfRobotsOnBlackSite,numberOfRobotsOnWhiteSite
22567,23,17
timeStep,numberOfRobotsOnBlackSite,numberOfRobotsOnWhiteSite
22568,23,17
timeStep,numberOfRobotsOnBlackSite,numberOfRobotsOnWhiteSite
22569,23,17
timeStep,numberOfRobotsOnBlackSite,numberOfRobotsOnWhiteSite
22570,23,17
timeStep,numberOfRobotsOnBlackSite,numberOfRobotsOnWhiteSite
22571,23,17
timeStep,numberOfRobotsOnBlackSite,numberOfRobotsOnWhiteSite
22572,23,17
timeStep,numberOfRobotsOnBlackSite,numberOfRobotsOnWhiteSite
22573,23,17
timeStep,numberOfRobotsOnBlackSite,numberOfRobotsOnWhiteSite
22574,23,17
timeStep,numberOfRobotsOnBlackSite,numberOfRobotsOnWhiteSite
22575,23,17
timeStep,numberOfRobotsOnBlackSite,numberOfRobotsOnWhiteSite
22576,23,17
timeStep,numberOfRobotsOnBlackSite,numberOfRobotsOnWhiteSite
22577,23,17
timeStep,numberOfRobotsOnBlackSite,numberOfRobotsOnWhiteSite
22578,23,17
timeStep,numberOfRobotsOnBlackSite,numberOfRobotsOnWhiteSite
22579,23,17
timeStep,numberOfRobotsOnBlackSite,numberOfRobotsOnWhiteSite
22580,23,17
timeStep,numberOfRobotsOnBlackSite,numberOfRobotsOnWhiteSite
22581,23,17
timeStep,numberOfRobotsOnBlackSite,numberOfRobotsOnWhiteSite
22582,23,17
timeStep,numberOfRobotsOnBlackSite,numberOfRobotsOnWhiteSite
22583,23,17
timeStep,numberOfRobotsOnBlackSite,numberOfRobotsOnWhiteSite
22584,23,17
timeStep,numberOfRobotsOnBlackSite,numberOfRobotsOnWhiteSite
22585,23,17
timeStep,numberOfRobotsOnBlackSite,numberOfRobotsOnWhiteSite
22586,23,17
timeStep,numberOfRobotsOnBlackSite,numberOfRobotsOnWhiteSite
22587,23,17
timeStep,numberOfRobotsOnBlackSite,numberOfRobotsOnWhiteSite
22588,23,17
timeStep,numberOfRobotsOnBlackSite,numberOfRobotsOnWhiteSite
22589,23,17
timeStep,numberOfRobotsOnBlackSite,numberOfRobotsOnWhiteSite
22590,23,17
timeStep,numberOfRobotsOnBlackSite,numberOfRobotsOnWhiteSite
22591,23,17
timeStep,numberOfRobotsOnBlackSite,numberOfRobotsOnWhiteSite
22592,23,17
timeStep,numberOfRobotsOnBlackSite,numberOfRobotsOnWhiteSite
22593,23,17
timeStep,numberOfRobotsOnBlackSite,numberOfRobotsOnWhiteSite
22594,23,17
timeStep,numberOfRobotsOnBlackSite,numberOfRobotsOnWhiteSite
22595,23,17
timeStep,numberOfRobotsOnBlackSite,numberOfRobotsOnWhiteSite
22596,23,17
timeStep,numberOfRobotsOnBlackSite,numberOfRobotsOnWhiteSite
22597,23,17
timeStep,numberOfRobotsOnBlackSite,numberOfRobotsOnWhiteSite
22598,23,17
timeStep,numberOfRobotsOnBlackSite,numberOfRobotsOnWhiteSite
22599,23,17
timeStep,numberOfRobotsOnBlackSite,numberOfRobotsOnWhiteSite
22600,23,18
timeStep,numberOfRobotsOnBlackSite,numberOfRobotsOnWhiteSite
22601,23,18
timeStep,numberOfRobotsOnBlackSite,numberOfRobotsOnWhiteSite
22602,23,18
timeStep,numberOfRobotsOnBlackSite,numberOfRobotsOnWhiteSite
22603,23,18
timeStep,numberOfRobotsOnBlackSite,numberOfRobotsOnWhiteSite
22604,23,18
timeStep,numberOfRobotsOnBlackSite,numberOfRobotsOnWhiteSite
22605,23,18
timeStep,numberOfRobotsOnBlackSite,numberOfRobotsOnWhiteSite
22606,23,18
timeStep,numberOfRobotsOnBlackSite,numberOfRobotsOnWhiteSite
22607,23,18
timeStep,numberOfRobotsOnBlackSite,numberOfRobotsOnWhiteSite
22608,23,18
timeStep,numberOfRobotsOnBlackSite,numberOfRobotsOnWhiteSite
22609,23,18
timeStep,numberOfRobotsOnBlackSite,numberOfRobotsOnWhiteSite
22610,23,18
timeStep,numberOfRobotsOnBlackSite,numberOfRobotsOnWhiteSite
22611,23,18
timeStep,numberOfRobotsOnBlackSite,numberOfRobotsOnWhiteSite
22612,23,18
timeStep,numberOfRobotsOnBlackSite,numberOfRobotsOnWhiteSite
22613,23,18
timeStep,numberOfRobotsOnBlackSite,numberOfRobotsOnWhiteSite
22614,23,18
timeStep,numberOfRobotsOnBlackSite,numberOfRobotsOnWhiteSite
22615,23,18
timeStep,numberOfRobotsOnBlackSite,numberOfRobotsOnWhiteSite
22616,23,18
timeStep,numberOfRobotsOnBlackSite,numberOfRobotsOnWhiteSite
22617,23,18
timeStep,numberOfRobotsOnBlackSite,numberOfRobotsOnWhiteSite
22618,23,18
timeStep,numberOfRobotsOnBlackSite,numberOfRobotsOnWhiteSite
22619,23,18
timeStep,numberOfRobotsOnBlackSite,numberOfRobotsOnWhiteSite
22620,23,18
timeStep,numberOfRobotsOnBlackSite,numberOfRobotsOnWhiteSite
22621,23,18
timeStep,numberOfRobotsOnBlackSite,numberOfRobotsOnWhiteSite
22622,23,18
timeStep,numberOfRobotsOnBlackSite,numberOfRobotsOnWhiteSite
22623,23,18
timeStep,numberOfRobotsOnBlackSite,numberOfRobotsOnWhiteSite
22624,23,18
timeStep,numberOfRobotsOnBlackSite,numberOfRobotsOnWhiteSite
22625,23,18
timeStep,numberOfRobotsOnBlackSite,numberOfRobotsOnWhiteSite
22626,23,18
timeStep,numberOfRobotsOnBlackSite,numberOfRobotsOnWhiteSite
22627,23,18
timeStep,numberOfRobotsOnBlackSite,numberOfRobotsOnWhiteSite
22628,23,18
timeStep,numberOfRobotsOnBlackSite,numberOfRobotsOnWhiteSite
22629,23,18
timeStep,numberOfRobotsOnBlackSite,numberOfRobotsOnWhiteSite
22630,23,18
timeStep,numberOfRobotsOnBlackSite,numberOfRobotsOnWhiteSite
22631,23,18
timeStep,numberOfRobotsOnBlackSite,numberOfRobotsOnWhiteSite
22632,23,18
timeStep,numberOfRobotsOnBlackSite,numberOfRobotsOnWhiteSite
22633,23,18
timeStep,numberOfRobotsOnBlackSite,numberOfRobotsOnWhiteSite
22634,23,18
timeStep,numberOfRobotsOnBlackSite,numberOfRobotsOnWhiteSite
22635,23,18
timeStep,numberOfRobotsOnBlackSite,numberOfRobotsOnWhiteSite
22636,23,18
timeStep,numberOfRobotsOnBlackSite,numberOfRobotsOnWhiteSite
22637,23,18
timeStep,numberOfRobotsOnBlackSite,numberOfRobotsOnWhiteSite
22638,23,18
timeStep,numberOfRobotsOnBlackSite,numberOfRobotsOnWhiteSite
22639,23,18
timeStep,numberOfRobotsOnBlackSite,numberOfRobotsOnWhiteSite
22640,23,18
timeStep,numberOfRobotsOnBlackSite,numberOfRobotsOnWhiteSite
22641,23,18
timeStep,numberOfRobotsOnBlackSite,numberOfRobotsOnWhiteSite
22642,23,18
timeStep,numberOfRobotsOnBlackSite,numberOfRobotsOnWhiteSite
22643,23,18
timeStep,numberOfRobotsOnBlackSite,numberOfRobotsOnWhiteSite
22644,23,18
timeStep,numberOfRobotsOnBlackSite,numberOfRobotsOnWhiteSite
22645,23,18
timeStep,numberOfRobotsOnBlackSite,numberOfRobotsOnWhiteSite
22646,23,18
timeStep,numberOfRobotsOnBlackSite,numberOfRobotsOnWhiteSite
22647,23,18
timeStep,numberOfRobotsOnBlackSite,numberOfRobotsOnWhiteSite
22648,23,18
timeStep,numberOfRobotsOnBlackSite,numberOfRobotsOnWhiteSite
22649,23,18
timeStep,numberOfRobotsOnBlackSite,numberOfRobotsOnWhiteSite
22650,23,18
timeStep,numberOfRobotsOnBlackSite,numberOfRobotsOnWhiteSite
22651,23,18
timeStep,numberOfRobotsOnBlackSite,numberOfRobotsOnWhiteSite
22652,23,18
timeStep,numberOfRobotsOnBlackSite,numberOfRobotsOnWhiteSite
22653,23,18
timeStep,numberOfRobotsOnBlackSite,numberOfRobotsOnWhiteSite
22654,23,18
timeStep,numberOfRobotsOnBlackSite,numberOfRobotsOnWhiteSite
22655,23,18
timeStep,numberOfRobotsOnBlackSite,numberOfRobotsOnWhiteSite
22656,23,18
timeStep,numberOfRobotsOnBlackSite,numberOfRobotsOnWhiteSite
22657,23,18
timeStep,numberOfRobotsOnBlackSite,numberOfRobotsOnWhiteSite
22658,23,18
timeStep,numberOfRobotsOnBlackSite,numberOfRobotsOnWhiteSite
22659,23,18
timeStep,numberOfRobotsOnBlackSite,numberOfRobotsOnWhiteSite
22660,23,18
timeStep,numberOfRobotsOnBlackSite,numberOfRobotsOnWhiteSite
22661,23,18
timeStep,numberOfRobotsOnBlackSite,numberOfRobotsOnWhiteSite
22662,23,18
timeStep,numberOfRobotsOnBlackSite,numberOfRobotsOnWhiteSite
22663,23,18
timeStep,numberOfRobotsOnBlackSite,numberOfRobotsOnWhiteSite
22664,23,18
timeStep,numberOfRobotsOnBlackSite,numberOfRobotsOnWhiteSite
22665,23,18
timeStep,numberOfRobotsOnBlackSite,numberOfRobotsOnWhiteSite
22666,23,18
timeStep,numberOfRobotsOnBlackSite,numberOfRobotsOnWhiteSite
22667,23,18
timeStep,numberOfRobotsOnBlackSite,numberOfRobotsOnWhiteSite
22668,23,18
timeStep,numberOfRobotsOnBlackSite,numberOfRobotsOnWhiteSite
22669,23,18
timeStep,numberOfRobotsOnBlackSite,numberOfRobotsOnWhiteSite
22670,23,18
timeStep,numberOfRobotsOnBlackSite,numberOfRobotsOnWhiteSite
22671,23,18
timeStep,numberOfRobotsOnBlackSite,numberOfRobotsOnWhiteSite
22672,23,18
timeStep,numberOfRobotsOnBlackSite,numberOfRobotsOnWhiteSite
22673,23,18
timeStep,numberOfRobotsOnBlackSite,numberOfRobotsOnWhiteSite
22674,23,18
timeStep,numberOfRobotsOnBlackSite,numberOfRobotsOnWhiteSite
22675,23,18
timeStep,numberOfRobotsOnBlackSite,numberOfRobotsOnWhiteSite
22676,23,18
timeStep,numberOfRobotsOnBlackSite,numberOfRobotsOnWhiteSite
22677,23,18
timeStep,numberOfRobotsOnBlackSite,numberOfRobotsOnWhiteSite
22678,23,18
timeStep,numberOfRobotsOnBlackSite,numberOfRobotsOnWhiteSite
22679,23,18
timeStep,numberOfRobotsOnBlackSite,numberOfRobotsOnWhiteSite
22680,23,17
timeStep,numberOfRobotsOnBlackSite,numberOfRobotsOnWhiteSite
22681,23,17
timeStep,numberOfRobotsOnBlackSite,numberOfRobotsOnWhiteSite
22682,23,17
timeStep,numberOfRobotsOnBlackSite,numberOfRobotsOnWhiteSite
22683,23,17
timeStep,numberOfRobotsOnBlackSite,numberOfRobotsOnWhiteSite
22684,23,17
timeStep,numberOfRobotsOnBlackSite,numberOfRobotsOnWhiteSite
22685,23,17
timeStep,numberOfRobotsOnBlackSite,numberOfRobotsOnWhiteSite
22686,23,17
timeStep,numberOfRobotsOnBlackSite,numberOfRobotsOnWhiteSite
22687,23,17
timeStep,numberOfRobotsOnBlackSite,numberOfRobotsOnWhiteSite
22688,23,17
timeStep,numberOfRobotsOnBlackSite,numberOfRobotsOnWhiteSite
22689,23,17
timeStep,numberOfRobotsOnBlackSite,numberOfRobotsOnWhiteSite
22690,22,17
timeStep,numberOfRobotsOnBlackSite,numberOfRobotsOnWhiteSite
22691,22,17
timeStep,numberOfRobotsOnBlackSite,numberOfRobotsOnWhiteSite
22692,22,17
timeStep,numberOfRobotsOnBlackSite,numberOfRobotsOnWhiteSite
22693,22,17
timeStep,numberOfRobotsOnBlackSite,numberOfRobotsOnWhiteSite
22694,22,17
timeStep,numberOfRobotsOnBlackSite,numberOfRobotsOnWhiteSite
22695,22,17
timeStep,numberOfRobotsOnBlackSite,numberOfRobotsOnWhiteSite
22696,22,17
timeStep,numberOfRobotsOnBlackSite,numberOfRobotsOnWhiteSite
22697,22,17
timeStep,numberOfRobotsOnBlackSite,numberOfRobotsOnWhiteSite
22698,22,17
timeStep,numberOfRobotsOnBlackSite,numberOfRobotsOnWhiteSite
22699,22,17
timeStep,numberOfRobotsOnBlackSite,numberOfRobotsOnWhiteSite
22700,22,17
timeStep,numberOfRobotsOnBlackSite,numberOfRobotsOnWhiteSite
22701,22,17
timeStep,numberOfRobotsOnBlackSite,numberOfRobotsOnWhiteSite
22702,22,17
timeStep,numberOfRobotsOnBlackSite,numberOfRobotsOnWhiteSite
22703,22,17
timeStep,numberOfRobotsOnBlackSite,numberOfRobotsOnWhiteSite
22704,22,17
timeStep,numberOfRobotsOnBlackSite,numberOfRobotsOnWhiteSite
22705,22,17
timeStep,numberOfRobotsOnBlackSite,numberOfRobotsOnWhiteSite
22706,22,17
timeStep,numberOfRobotsOnBlackSite,numberOfRobotsOnWhiteSite
22707,22,17
timeStep,numberOfRobotsOnBlackSite,numberOfRobotsOnWhiteSite
22708,22,17
timeStep,numberOfRobotsOnBlackSite,numberOfRobotsOnWhiteSite
22709,22,17
timeStep,numberOfRobotsOnBlackSite,numberOfRobotsOnWhiteSite
22710,23,17
timeStep,numberOfRobotsOnBlackSite,numberOfRobotsOnWhiteSite
22711,23,17
timeStep,numberOfRobotsOnBlackSite,numberOfRobotsOnWhiteSite
22712,23,17
timeStep,numberOfRobotsOnBlackSite,numberOfRobotsOnWhiteSite
22713,23,17
timeStep,numberOfRobotsOnBlackSite,numberOfRobotsOnWhiteSite
22714,23,17
timeStep,numberOfRobotsOnBlackSite,numberOfRobotsOnWhiteSite
22715,23,17
timeStep,numberOfRobotsOnBlackSite,numberOfRobotsOnWhiteSite
22716,23,17
timeStep,numberOfRobotsOnBlackSite,numberOfRobotsOnWhiteSite
22717,23,17
timeStep,numberOfRobotsOnBlackSite,numberOfRobotsOnWhiteSite
22718,23,17
timeStep,numberOfRobotsOnBlackSite,numberOfRobotsOnWhiteSite
22719,23,17
timeStep,numberOfRobotsOnBlackSite,numberOfRobotsOnWhiteSite
22720,23,17
timeStep,numberOfRobotsOnBlackSite,numberOfRobotsOnWhiteSite
22721,23,17
timeStep,numberOfRobotsOnBlackSite,numberOfRobotsOnWhiteSite
22722,23,17
timeStep,numberOfRobotsOnBlackSite,numberOfRobotsOnWhiteSite
22723,23,17
timeStep,numberOfRobotsOnBlackSite,numberOfRobotsOnWhiteSite
22724,23,17
timeStep,numberOfRobotsOnBlackSite,numberOfRobotsOnWhiteSite
22725,24,17
timeStep,numberOfRobotsOnBlackSite,numberOfRobotsOnWhiteSite
22726,24,17
timeStep,numberOfRobotsOnBlackSite,numberOfRobotsOnWhiteSite
22727,24,17
timeStep,numberOfRobotsOnBlackSite,numberOfRobotsOnWhiteSite
22728,24,17
timeStep,numberOfRobotsOnBlackSite,numberOfRobotsOnWhiteSite
22729,24,17
timeStep,numberOfRobotsOnBlackSite,numberOfRobotsOnWhiteSite
22730,24,16
timeStep,numberOfRobotsOnBlackSite,numberOfRobotsOnWhiteSite
22731,24,16
timeStep,numberOfRobotsOnBlackSite,numberOfRobotsOnWhiteSite
22732,24,16
timeStep,numberOfRobotsOnBlackSite,numberOfRobotsOnWhiteSite
22733,24,16
timeStep,numberOfRobotsOnBlackSite,numberOfRobotsOnWhiteSite
22734,24,16
timeStep,numberOfRobotsOnBlackSite,numberOfRobotsOnWhiteSite
22735,24,16
timeStep,numberOfRobotsOnBlackSite,numberOfRobotsOnWhiteSite
22736,24,16
timeStep,numberOfRobotsOnBlackSite,numberOfRobotsOnWhiteSite
22737,24,16
timeStep,numberOfRobotsOnBlackSite,numberOfRobotsOnWhiteSite
22738,24,16
timeStep,numberOfRobotsOnBlackSite,numberOfRobotsOnWhiteSite
22739,24,16
timeStep,numberOfRobotsOnBlackSite,numberOfRobotsOnWhiteSite
22740,24,16
timeStep,numberOfRobotsOnBlackSite,numberOfRobotsOnWhiteSite
22741,24,16
timeStep,numberOfRobotsOnBlackSite,numberOfRobotsOnWhiteSite
22742,24,16
timeStep,numberOfRobotsOnBlackSite,numberOfRobotsOnWhiteSite
22743,24,16
timeStep,numberOfRobotsOnBlackSite,numberOfRobotsOnWhiteSite
22744,24,16
timeStep,numberOfRobotsOnBlackSite,numberOfRobotsOnWhiteSite
22745,24,16
timeStep,numberOfRobotsOnBlackSite,numberOfRobotsOnWhiteSite
22746,24,16
timeStep,numberOfRobotsOnBlackSite,numberOfRobotsOnWhiteSite
22747,24,16
timeStep,numberOfRobotsOnBlackSite,numberOfRobotsOnWhiteSite
22748,24,16
timeStep,numberOfRobotsOnBlackSite,numberOfRobotsOnWhiteSite
22749,24,16
timeStep,numberOfRobotsOnBlackSite,numberOfRobotsOnWhiteSite
22750,24,16
timeStep,numberOfRobotsOnBlackSite,numberOfRobotsOnWhiteSite
22751,24,16
timeStep,numberOfRobotsOnBlackSite,numberOfRobotsOnWhiteSite
22752,24,16
timeStep,numberOfRobotsOnBlackSite,numberOfRobotsOnWhiteSite
22753,24,16
timeStep,numberOfRobotsOnBlackSite,numberOfRobotsOnWhiteSite
22754,24,16
timeStep,numberOfRobotsOnBlackSite,numberOfRobotsOnWhiteSite
22755,24,16
timeStep,numberOfRobotsOnBlackSite,numberOfRobotsOnWhiteSite
22756,24,16
timeStep,numberOfRobotsOnBlackSite,numberOfRobotsOnWhiteSite
22757,24,16
timeStep,numberOfRobotsOnBlackSite,numberOfRobotsOnWhiteSite
22758,24,16
timeStep,numberOfRobotsOnBlackSite,numberOfRobotsOnWhiteSite
22759,24,16
timeStep,numberOfRobotsOnBlackSite,numberOfRobotsOnWhiteSite
22760,24,16
timeStep,numberOfRobotsOnBlackSite,numberOfRobotsOnWhiteSite
22761,24,16
timeStep,numberOfRobotsOnBlackSite,numberOfRobotsOnWhiteSite
22762,24,16
timeStep,numberOfRobotsOnBlackSite,numberOfRobotsOnWhiteSite
22763,24,16
timeStep,numberOfRobotsOnBlackSite,numberOfRobotsOnWhiteSite
22764,24,16
timeStep,numberOfRobotsOnBlackSite,numberOfRobotsOnWhiteSite
22765,24,16
timeStep,numberOfRobotsOnBlackSite,numberOfRobotsOnWhiteSite
22766,24,16
timeStep,numberOfRobotsOnBlackSite,numberOfRobotsOnWhiteSite
22767,24,16
timeStep,numberOfRobotsOnBlackSite,numberOfRobotsOnWhiteSite
22768,24,16
timeStep,numberOfRobotsOnBlackSite,numberOfRobotsOnWhiteSite
22769,24,16
timeStep,numberOfRobotsOnBlackSite,numberOfRobotsOnWhiteSite
22770,24,16
timeStep,numberOfRobotsOnBlackSite,numberOfRobotsOnWhiteSite
22771,24,16
timeStep,numberOfRobotsOnBlackSite,numberOfRobotsOnWhiteSite
22772,24,16
timeStep,numberOfRobotsOnBlackSite,numberOfRobotsOnWhiteSite
22773,24,16
timeStep,numberOfRobotsOnBlackSite,numberOfRobotsOnWhiteSite
22774,24,16
timeStep,numberOfRobotsOnBlackSite,numberOfRobotsOnWhiteSite
22775,24,16
timeStep,numberOfRobotsOnBlackSite,numberOfRobotsOnWhiteSite
22776,24,16
timeStep,numberOfRobotsOnBlackSite,numberOfRobotsOnWhiteSite
22777,24,16
timeStep,numberOfRobotsOnBlackSite,numberOfRobotsOnWhiteSite
22778,24,16
timeStep,numberOfRobotsOnBlackSite,numberOfRobotsOnWhiteSite
22779,24,16
timeStep,numberOfRobotsOnBlackSite,numberOfRobotsOnWhiteSite
22780,24,16
timeStep,numberOfRobotsOnBlackSite,numberOfRobotsOnWhiteSite
22781,24,16
timeStep,numberOfRobotsOnBlackSite,numberOfRobotsOnWhiteSite
22782,24,16
timeStep,numberOfRobotsOnBlackSite,numberOfRobotsOnWhiteSite
22783,24,16
timeStep,numberOfRobotsOnBlackSite,numberOfRobotsOnWhiteSite
22784,24,16
timeStep,numberOfRobotsOnBlackSite,numberOfRobotsOnWhiteSite
22785,24,16
timeStep,numberOfRobotsOnBlackSite,numberOfRobotsOnWhiteSite
22786,24,16
timeStep,numberOfRobotsOnBlackSite,numberOfRobotsOnWhiteSite
22787,24,16
timeStep,numberOfRobotsOnBlackSite,numberOfRobotsOnWhiteSite
22788,24,16
timeStep,numberOfRobotsOnBlackSite,numberOfRobotsOnWhiteSite
22789,24,16
timeStep,numberOfRobotsOnBlackSite,numberOfRobotsOnWhiteSite
22790,24,15
timeStep,numberOfRobotsOnBlackSite,numberOfRobotsOnWhiteSite
22791,24,15
timeStep,numberOfRobotsOnBlackSite,numberOfRobotsOnWhiteSite
22792,24,15
timeStep,numberOfRobotsOnBlackSite,numberOfRobotsOnWhiteSite
22793,24,15
timeStep,numberOfRobotsOnBlackSite,numberOfRobotsOnWhiteSite
22794,24,15
timeStep,numberOfRobotsOnBlackSite,numberOfRobotsOnWhiteSite
22795,24,16
timeStep,numberOfRobotsOnBlackSite,numberOfRobotsOnWhiteSite
22796,24,16
timeStep,numberOfRobotsOnBlackSite,numberOfRobotsOnWhiteSite
22797,24,16
timeStep,numberOfRobotsOnBlackSite,numberOfRobotsOnWhiteSite
22798,24,16
timeStep,numberOfRobotsOnBlackSite,numberOfRobotsOnWhiteSite
22799,24,16
timeStep,numberOfRobotsOnBlackSite,numberOfRobotsOnWhiteSite
22800,24,16
timeStep,numberOfRobotsOnBlackSite,numberOfRobotsOnWhiteSite
22801,24,16
timeStep,numberOfRobotsOnBlackSite,numberOfRobotsOnWhiteSite
22802,24,16
timeStep,numberOfRobotsOnBlackSite,numberOfRobotsOnWhiteSite
22803,24,16
timeStep,numberOfRobotsOnBlackSite,numberOfRobotsOnWhiteSite
22804,24,16
timeStep,numberOfRobotsOnBlackSite,numberOfRobotsOnWhiteSite
22805,24,16
timeStep,numberOfRobotsOnBlackSite,numberOfRobotsOnWhiteSite
22806,24,16
timeStep,numberOfRobotsOnBlackSite,numberOfRobotsOnWhiteSite
22807,24,16
timeStep,numberOfRobotsOnBlackSite,numberOfRobotsOnWhiteSite
22808,24,16
timeStep,numberOfRobotsOnBlackSite,numberOfRobotsOnWhiteSite
22809,24,16
timeStep,numberOfRobotsOnBlackSite,numberOfRobotsOnWhiteSite
22810,24,16
timeStep,numberOfRobotsOnBlackSite,numberOfRobotsOnWhiteSite
22811,24,16
timeStep,numberOfRobotsOnBlackSite,numberOfRobotsOnWhiteSite
22812,24,16
timeStep,numberOfRobotsOnBlackSite,numberOfRobotsOnWhiteSite
22813,24,16
timeStep,numberOfRobotsOnBlackSite,numberOfRobotsOnWhiteSite
22814,24,16
timeStep,numberOfRobotsOnBlackSite,numberOfRobotsOnWhiteSite
22815,24,16
timeStep,numberOfRobotsOnBlackSite,numberOfRobotsOnWhiteSite
22816,24,16
timeStep,numberOfRobotsOnBlackSite,numberOfRobotsOnWhiteSite
22817,24,16
timeStep,numberOfRobotsOnBlackSite,numberOfRobotsOnWhiteSite
22818,24,16
timeStep,numberOfRobotsOnBlackSite,numberOfRobotsOnWhiteSite
22819,24,16
timeStep,numberOfRobotsOnBlackSite,numberOfRobotsOnWhiteSite
22820,24,16
timeStep,numberOfRobotsOnBlackSite,numberOfRobotsOnWhiteSite
22821,24,16
timeStep,numberOfRobotsOnBlackSite,numberOfRobotsOnWhiteSite
22822,24,16
timeStep,numberOfRobotsOnBlackSite,numberOfRobotsOnWhiteSite
22823,24,16
timeStep,numberOfRobotsOnBlackSite,numberOfRobotsOnWhiteSite
22824,24,16
timeStep,numberOfRobotsOnBlackSite,numberOfRobotsOnWhiteSite
22825,24,16
timeStep,numberOfRobotsOnBlackSite,numberOfRobotsOnWhiteSite
22826,24,16
timeStep,numberOfRobotsOnBlackSite,numberOfRobotsOnWhiteSite
22827,24,16
timeStep,numberOfRobotsOnBlackSite,numberOfRobotsOnWhiteSite
22828,24,16
timeStep,numberOfRobotsOnBlackSite,numberOfRobotsOnWhiteSite
22829,24,16
timeStep,numberOfRobotsOnBlackSite,numberOfRobotsOnWhiteSite
22830,24,16
timeStep,numberOfRobotsOnBlackSite,numberOfRobotsOnWhiteSite
22831,24,16
timeStep,numberOfRobotsOnBlackSite,numberOfRobotsOnWhiteSite
22832,24,16
timeStep,numberOfRobotsOnBlackSite,numberOfRobotsOnWhiteSite
22833,24,16
timeStep,numberOfRobotsOnBlackSite,numberOfRobotsOnWhiteSite
22834,24,16
timeStep,numberOfRobotsOnBlackSite,numberOfRobotsOnWhiteSite
22835,24,16
timeStep,numberOfRobotsOnBlackSite,numberOfRobotsOnWhiteSite
22836,24,16
timeStep,numberOfRobotsOnBlackSite,numberOfRobotsOnWhiteSite
22837,24,16
timeStep,numberOfRobotsOnBlackSite,numberOfRobotsOnWhiteSite
22838,24,16
timeStep,numberOfRobotsOnBlackSite,numberOfRobotsOnWhiteSite
22839,24,16
timeStep,numberOfRobotsOnBlackSite,numberOfRobotsOnWhiteSite
22840,24,16
timeStep,numberOfRobotsOnBlackSite,numberOfRobotsOnWhiteSite
22841,24,16
timeStep,numberOfRobotsOnBlackSite,numberOfRobotsOnWhiteSite
22842,24,16
timeStep,numberOfRobotsOnBlackSite,numberOfRobotsOnWhiteSite
22843,24,16
timeStep,numberOfRobotsOnBlackSite,numberOfRobotsOnWhiteSite
22844,24,16
timeStep,numberOfRobotsOnBlackSite,numberOfRobotsOnWhiteSite
22845,24,15
timeStep,numberOfRobotsOnBlackSite,numberOfRobotsOnWhiteSite
22846,24,15
timeStep,numberOfRobotsOnBlackSite,numberOfRobotsOnWhiteSite
22847,24,15
timeStep,numberOfRobotsOnBlackSite,numberOfRobotsOnWhiteSite
22848,24,15
timeStep,numberOfRobotsOnBlackSite,numberOfRobotsOnWhiteSite
22849,24,15
timeStep,numberOfRobotsOnBlackSite,numberOfRobotsOnWhiteSite
22850,24,15
timeStep,numberOfRobotsOnBlackSite,numberOfRobotsOnWhiteSite
22851,24,15
timeStep,numberOfRobotsOnBlackSite,numberOfRobotsOnWhiteSite
22852,24,15
timeStep,numberOfRobotsOnBlackSite,numberOfRobotsOnWhiteSite
22853,24,15
timeStep,numberOfRobotsOnBlackSite,numberOfRobotsOnWhiteSite
22854,24,15
timeStep,numberOfRobotsOnBlackSite,numberOfRobotsOnWhiteSite
22855,24,15
timeStep,numberOfRobotsOnBlackSite,numberOfRobotsOnWhiteSite
22856,24,15
timeStep,numberOfRobotsOnBlackSite,numberOfRobotsOnWhiteSite
22857,24,15
timeStep,numberOfRobotsOnBlackSite,numberOfRobotsOnWhiteSite
22858,24,15
timeStep,numberOfRobotsOnBlackSite,numberOfRobotsOnWhiteSite
22859,24,15
timeStep,numberOfRobotsOnBlackSite,numberOfRobotsOnWhiteSite
22860,24,15
timeStep,numberOfRobotsOnBlackSite,numberOfRobotsOnWhiteSite
22861,24,15
timeStep,numberOfRobotsOnBlackSite,numberOfRobotsOnWhiteSite
22862,24,15
timeStep,numberOfRobotsOnBlackSite,numberOfRobotsOnWhiteSite
22863,24,15
timeStep,numberOfRobotsOnBlackSite,numberOfRobotsOnWhiteSite
22864,24,15
timeStep,numberOfRobotsOnBlackSite,numberOfRobotsOnWhiteSite
22865,23,15
timeStep,numberOfRobotsOnBlackSite,numberOfRobotsOnWhiteSite
22866,23,15
timeStep,numberOfRobotsOnBlackSite,numberOfRobotsOnWhiteSite
22867,23,15
timeStep,numberOfRobotsOnBlackSite,numberOfRobotsOnWhiteSite
22868,23,15
timeStep,numberOfRobotsOnBlackSite,numberOfRobotsOnWhiteSite
22869,23,15
timeStep,numberOfRobotsOnBlackSite,numberOfRobotsOnWhiteSite
22870,23,15
timeStep,numberOfRobotsOnBlackSite,numberOfRobotsOnWhiteSite
22871,23,15
timeStep,numberOfRobotsOnBlackSite,numberOfRobotsOnWhiteSite
22872,23,15
timeStep,numberOfRobotsOnBlackSite,numberOfRobotsOnWhiteSite
22873,23,15
timeStep,numberOfRobotsOnBlackSite,numberOfRobotsOnWhiteSite
22874,23,15
timeStep,numberOfRobotsOnBlackSite,numberOfRobotsOnWhiteSite
22875,23,15
timeStep,numberOfRobotsOnBlackSite,numberOfRobotsOnWhiteSite
22876,23,15
timeStep,numberOfRobotsOnBlackSite,numberOfRobotsOnWhiteSite
22877,23,15
timeStep,numberOfRobotsOnBlackSite,numberOfRobotsOnWhiteSite
22878,23,15
timeStep,numberOfRobotsOnBlackSite,numberOfRobotsOnWhiteSite
22879,23,15
timeStep,numberOfRobotsOnBlackSite,numberOfRobotsOnWhiteSite
22880,23,15
timeStep,numberOfRobotsOnBlackSite,numberOfRobotsOnWhiteSite
22881,23,15
timeStep,numberOfRobotsOnBlackSite,numberOfRobotsOnWhiteSite
22882,23,15
timeStep,numberOfRobotsOnBlackSite,numberOfRobotsOnWhiteSite
22883,23,15
timeStep,numberOfRobotsOnBlackSite,numberOfRobotsOnWhiteSite
22884,23,15
timeStep,numberOfRobotsOnBlackSite,numberOfRobotsOnWhiteSite
22885,23,14
timeStep,numberOfRobotsOnBlackSite,numberOfRobotsOnWhiteSite
22886,23,14
timeStep,numberOfRobotsOnBlackSite,numberOfRobotsOnWhiteSite
22887,23,14
timeStep,numberOfRobotsOnBlackSite,numberOfRobotsOnWhiteSite
22888,23,14
timeStep,numberOfRobotsOnBlackSite,numberOfRobotsOnWhiteSite
22889,23,14
timeStep,numberOfRobotsOnBlackSite,numberOfRobotsOnWhiteSite
22890,23,15
timeStep,numberOfRobotsOnBlackSite,numberOfRobotsOnWhiteSite
22891,23,15
timeStep,numberOfRobotsOnBlackSite,numberOfRobotsOnWhiteSite
22892,23,15
timeStep,numberOfRobotsOnBlackSite,numberOfRobotsOnWhiteSite
22893,23,15
timeStep,numberOfRobotsOnBlackSite,numberOfRobotsOnWhiteSite
22894,23,15
timeStep,numberOfRobotsOnBlackSite,numberOfRobotsOnWhiteSite
22895,24,15
timeStep,numberOfRobotsOnBlackSite,numberOfRobotsOnWhiteSite
22896,24,15
timeStep,numberOfRobotsOnBlackSite,numberOfRobotsOnWhiteSite
22897,24,15
timeStep,numberOfRobotsOnBlackSite,numberOfRobotsOnWhiteSite
22898,24,15
timeStep,numberOfRobotsOnBlackSite,numberOfRobotsOnWhiteSite
22899,24,15
timeStep,numberOfRobotsOnBlackSite,numberOfRobotsOnWhiteSite
22900,24,15
timeStep,numberOfRobotsOnBlackSite,numberOfRobotsOnWhiteSite
22901,24,15
timeStep,numberOfRobotsOnBlackSite,numberOfRobotsOnWhiteSite
22902,24,15
timeStep,numberOfRobotsOnBlackSite,numberOfRobotsOnWhiteSite
22903,24,15
timeStep,numberOfRobotsOnBlackSite,numberOfRobotsOnWhiteSite
22904,24,15
timeStep,numberOfRobotsOnBlackSite,numberOfRobotsOnWhiteSite
22905,24,15
timeStep,numberOfRobotsOnBlackSite,numberOfRobotsOnWhiteSite
22906,24,15
timeStep,numberOfRobotsOnBlackSite,numberOfRobotsOnWhiteSite
22907,24,15
timeStep,numberOfRobotsOnBlackSite,numberOfRobotsOnWhiteSite
22908,24,15
timeStep,numberOfRobotsOnBlackSite,numberOfRobotsOnWhiteSite
22909,24,15
timeStep,numberOfRobotsOnBlackSite,numberOfRobotsOnWhiteSite
22910,24,15
timeStep,numberOfRobotsOnBlackSite,numberOfRobotsOnWhiteSite
22911,24,15
timeStep,numberOfRobotsOnBlackSite,numberOfRobotsOnWhiteSite
22912,24,15
timeStep,numberOfRobotsOnBlackSite,numberOfRobotsOnWhiteSite
22913,24,15
timeStep,numberOfRobotsOnBlackSite,numberOfRobotsOnWhiteSite
22914,24,15
timeStep,numberOfRobotsOnBlackSite,numberOfRobotsOnWhiteSite
22915,24,15
timeStep,numberOfRobotsOnBlackSite,numberOfRobotsOnWhiteSite
22916,24,15
timeStep,numberOfRobotsOnBlackSite,numberOfRobotsOnWhiteSite
22917,24,15
timeStep,numberOfRobotsOnBlackSite,numberOfRobotsOnWhiteSite
22918,24,15
timeStep,numberOfRobotsOnBlackSite,numberOfRobotsOnWhiteSite
22919,24,15
timeStep,numberOfRobotsOnBlackSite,numberOfRobotsOnWhiteSite
22920,24,17
timeStep,numberOfRobotsOnBlackSite,numberOfRobotsOnWhiteSite
22921,24,17
timeStep,numberOfRobotsOnBlackSite,numberOfRobotsOnWhiteSite
22922,24,17
timeStep,numberOfRobotsOnBlackSite,numberOfRobotsOnWhiteSite
22923,24,17
timeStep,numberOfRobotsOnBlackSite,numberOfRobotsOnWhiteSite
22924,24,17
timeStep,numberOfRobotsOnBlackSite,numberOfRobotsOnWhiteSite
22925,24,17
timeStep,numberOfRobotsOnBlackSite,numberOfRobotsOnWhiteSite
22926,24,17
timeStep,numberOfRobotsOnBlackSite,numberOfRobotsOnWhiteSite
22927,24,17
timeStep,numberOfRobotsOnBlackSite,numberOfRobotsOnWhiteSite
22928,24,17
timeStep,numberOfRobotsOnBlackSite,numberOfRobotsOnWhiteSite
22929,24,17
timeStep,numberOfRobotsOnBlackSite,numberOfRobotsOnWhiteSite
22930,24,16
timeStep,numberOfRobotsOnBlackSite,numberOfRobotsOnWhiteSite
22931,24,16
timeStep,numberOfRobotsOnBlackSite,numberOfRobotsOnWhiteSite
22932,24,16
timeStep,numberOfRobotsOnBlackSite,numberOfRobotsOnWhiteSite
22933,24,16
timeStep,numberOfRobotsOnBlackSite,numberOfRobotsOnWhiteSite
22934,24,16
timeStep,numberOfRobotsOnBlackSite,numberOfRobotsOnWhiteSite
22935,23,16
timeStep,numberOfRobotsOnBlackSite,numberOfRobotsOnWhiteSite
22936,23,16
timeStep,numberOfRobotsOnBlackSite,numberOfRobotsOnWhiteSite
22937,23,16
timeStep,numberOfRobotsOnBlackSite,numberOfRobotsOnWhiteSite
22938,23,16
timeStep,numberOfRobotsOnBlackSite,numberOfRobotsOnWhiteSite
22939,23,16
timeStep,numberOfRobotsOnBlackSite,numberOfRobotsOnWhiteSite
22940,23,18
timeStep,numberOfRobotsOnBlackSite,numberOfRobotsOnWhiteSite
22941,23,18
timeStep,numberOfRobotsOnBlackSite,numberOfRobotsOnWhiteSite
22942,23,18
timeStep,numberOfRobotsOnBlackSite,numberOfRobotsOnWhiteSite
22943,23,18
timeStep,numberOfRobotsOnBlackSite,numberOfRobotsOnWhiteSite
22944,23,18
timeStep,numberOfRobotsOnBlackSite,numberOfRobotsOnWhiteSite
22945,23,18
timeStep,numberOfRobotsOnBlackSite,numberOfRobotsOnWhiteSite
22946,23,18
timeStep,numberOfRobotsOnBlackSite,numberOfRobotsOnWhiteSite
22947,23,18
timeStep,numberOfRobotsOnBlackSite,numberOfRobotsOnWhiteSite
22948,23,18
timeStep,numberOfRobotsOnBlackSite,numberOfRobotsOnWhiteSite
22949,23,18
timeStep,numberOfRobotsOnBlackSite,numberOfRobotsOnWhiteSite
22950,23,18
timeStep,numberOfRobotsOnBlackSite,numberOfRobotsOnWhiteSite
22951,23,18
timeStep,numberOfRobotsOnBlackSite,numberOfRobotsOnWhiteSite
22952,23,18
timeStep,numberOfRobotsOnBlackSite,numberOfRobotsOnWhiteSite
22953,23,18
timeStep,numberOfRobotsOnBlackSite,numberOfRobotsOnWhiteSite
22954,23,18
timeStep,numberOfRobotsOnBlackSite,numberOfRobotsOnWhiteSite
22955,23,18
timeStep,numberOfRobotsOnBlackSite,numberOfRobotsOnWhiteSite
22956,23,18
timeStep,numberOfRobotsOnBlackSite,numberOfRobotsOnWhiteSite
22957,23,18
timeStep,numberOfRobotsOnBlackSite,numberOfRobotsOnWhiteSite
22958,23,18
timeStep,numberOfRobotsOnBlackSite,numberOfRobotsOnWhiteSite
22959,23,18
timeStep,numberOfRobotsOnBlackSite,numberOfRobotsOnWhiteSite
22960,23,18
timeStep,numberOfRobotsOnBlackSite,numberOfRobotsOnWhiteSite
22961,23,18
timeStep,numberOfRobotsOnBlackSite,numberOfRobotsOnWhiteSite
22962,23,18
timeStep,numberOfRobotsOnBlackSite,numberOfRobotsOnWhiteSite
22963,23,18
timeStep,numberOfRobotsOnBlackSite,numberOfRobotsOnWhiteSite
22964,23,18
timeStep,numberOfRobotsOnBlackSite,numberOfRobotsOnWhiteSite
22965,23,19
timeStep,numberOfRobotsOnBlackSite,numberOfRobotsOnWhiteSite
22966,23,19
timeStep,numberOfRobotsOnBlackSite,numberOfRobotsOnWhiteSite
22967,23,19
timeStep,numberOfRobotsOnBlackSite,numberOfRobotsOnWhiteSite
22968,23,19
timeStep,numberOfRobotsOnBlackSite,numberOfRobotsOnWhiteSite
22969,23,19
timeStep,numberOfRobotsOnBlackSite,numberOfRobotsOnWhiteSite
22970,23,19
timeStep,numberOfRobotsOnBlackSite,numberOfRobotsOnWhiteSite
22971,23,19
timeStep,numberOfRobotsOnBlackSite,numberOfRobotsOnWhiteSite
22972,23,19
timeStep,numberOfRobotsOnBlackSite,numberOfRobotsOnWhiteSite
22973,23,19
timeStep,numberOfRobotsOnBlackSite,numberOfRobotsOnWhiteSite
22974,23,19
timeStep,numberOfRobotsOnBlackSite,numberOfRobotsOnWhiteSite
22975,23,19
timeStep,numberOfRobotsOnBlackSite,numberOfRobotsOnWhiteSite
22976,23,19
timeStep,numberOfRobotsOnBlackSite,numberOfRobotsOnWhiteSite
22977,23,19
timeStep,numberOfRobotsOnBlackSite,numberOfRobotsOnWhiteSite
22978,23,19
timeStep,numberOfRobotsOnBlackSite,numberOfRobotsOnWhiteSite
22979,23,19
timeStep,numberOfRobotsOnBlackSite,numberOfRobotsOnWhiteSite
22980,23,19
timeStep,numberOfRobotsOnBlackSite,numberOfRobotsOnWhiteSite
22981,23,19
timeStep,numberOfRobotsOnBlackSite,numberOfRobotsOnWhiteSite
22982,23,19
timeStep,numberOfRobotsOnBlackSite,numberOfRobotsOnWhiteSite
22983,23,19
timeStep,numberOfRobotsOnBlackSite,numberOfRobotsOnWhiteSite
22984,23,19
timeStep,numberOfRobotsOnBlackSite,numberOfRobotsOnWhiteSite
22985,23,19
timeStep,numberOfRobotsOnBlackSite,numberOfRobotsOnWhiteSite
22986,23,19
timeStep,numberOfRobotsOnBlackSite,numberOfRobotsOnWhiteSite
22987,23,19
timeStep,numberOfRobotsOnBlackSite,numberOfRobotsOnWhiteSite
22988,23,19
timeStep,numberOfRobotsOnBlackSite,numberOfRobotsOnWhiteSite
22989,23,19
timeStep,numberOfRobotsOnBlackSite,numberOfRobotsOnWhiteSite
22990,23,19
timeStep,numberOfRobotsOnBlackSite,numberOfRobotsOnWhiteSite
22991,23,19
timeStep,numberOfRobotsOnBlackSite,numberOfRobotsOnWhiteSite
22992,23,19
timeStep,numberOfRobotsOnBlackSite,numberOfRobotsOnWhiteSite
22993,23,19
timeStep,numberOfRobotsOnBlackSite,numberOfRobotsOnWhiteSite
22994,23,19
timeStep,numberOfRobotsOnBlackSite,numberOfRobotsOnWhiteSite
22995,23,19
timeStep,numberOfRobotsOnBlackSite,numberOfRobotsOnWhiteSite
22996,23,19
timeStep,numberOfRobotsOnBlackSite,numberOfRobotsOnWhiteSite
22997,23,19
timeStep,numberOfRobotsOnBlackSite,numberOfRobotsOnWhiteSite
22998,23,19
timeStep,numberOfRobotsOnBlackSite,numberOfRobotsOnWhiteSite
22999,23,19
timeStep,numberOfRobotsOnBlackSite,numberOfRobotsOnWhiteSite
23000,23,19
timeStep,numberOfRobotsOnBlackSite,numberOfRobotsOnWhiteSite
23001,23,19
timeStep,numberOfRobotsOnBlackSite,numberOfRobotsOnWhiteSite
23002,23,19
timeStep,numberOfRobotsOnBlackSite,numberOfRobotsOnWhiteSite
23003,23,19
timeStep,numberOfRobotsOnBlackSite,numberOfRobotsOnWhiteSite
23004,23,19
timeStep,numberOfRobotsOnBlackSite,numberOfRobotsOnWhiteSite
23005,23,19
timeStep,numberOfRobotsOnBlackSite,numberOfRobotsOnWhiteSite
23006,23,19
timeStep,numberOfRobotsOnBlackSite,numberOfRobotsOnWhiteSite
23007,23,19
timeStep,numberOfRobotsOnBlackSite,numberOfRobotsOnWhiteSite
23008,23,19
timeStep,numberOfRobotsOnBlackSite,numberOfRobotsOnWhiteSite
23009,23,19
timeStep,numberOfRobotsOnBlackSite,numberOfRobotsOnWhiteSite
23010,23,19
timeStep,numberOfRobotsOnBlackSite,numberOfRobotsOnWhiteSite
23011,23,19
timeStep,numberOfRobotsOnBlackSite,numberOfRobotsOnWhiteSite
23012,23,19
timeStep,numberOfRobotsOnBlackSite,numberOfRobotsOnWhiteSite
23013,23,19
timeStep,numberOfRobotsOnBlackSite,numberOfRobotsOnWhiteSite
23014,23,19
timeStep,numberOfRobotsOnBlackSite,numberOfRobotsOnWhiteSite
23015,23,19
timeStep,numberOfRobotsOnBlackSite,numberOfRobotsOnWhiteSite
23016,23,19
timeStep,numberOfRobotsOnBlackSite,numberOfRobotsOnWhiteSite
23017,23,19
timeStep,numberOfRobotsOnBlackSite,numberOfRobotsOnWhiteSite
23018,23,19
timeStep,numberOfRobotsOnBlackSite,numberOfRobotsOnWhiteSite
23019,23,19
timeStep,numberOfRobotsOnBlackSite,numberOfRobotsOnWhiteSite
23020,23,19
timeStep,numberOfRobotsOnBlackSite,numberOfRobotsOnWhiteSite
23021,23,19
timeStep,numberOfRobotsOnBlackSite,numberOfRobotsOnWhiteSite
23022,23,19
timeStep,numberOfRobotsOnBlackSite,numberOfRobotsOnWhiteSite
23023,23,19
timeStep,numberOfRobotsOnBlackSite,numberOfRobotsOnWhiteSite
23024,23,19
timeStep,numberOfRobotsOnBlackSite,numberOfRobotsOnWhiteSite
23025,23,19
timeStep,numberOfRobotsOnBlackSite,numberOfRobotsOnWhiteSite
23026,23,19
timeStep,numberOfRobotsOnBlackSite,numberOfRobotsOnWhiteSite
23027,23,19
timeStep,numberOfRobotsOnBlackSite,numberOfRobotsOnWhiteSite
23028,23,19
timeStep,numberOfRobotsOnBlackSite,numberOfRobotsOnWhiteSite
23029,23,19
timeStep,numberOfRobotsOnBlackSite,numberOfRobotsOnWhiteSite
23030,23,19
timeStep,numberOfRobotsOnBlackSite,numberOfRobotsOnWhiteSite
23031,23,19
timeStep,numberOfRobotsOnBlackSite,numberOfRobotsOnWhiteSite
23032,23,19
timeStep,numberOfRobotsOnBlackSite,numberOfRobotsOnWhiteSite
23033,23,19
timeStep,numberOfRobotsOnBlackSite,numberOfRobotsOnWhiteSite
23034,23,19
timeStep,numberOfRobotsOnBlackSite,numberOfRobotsOnWhiteSite
23035,23,19
timeStep,numberOfRobotsOnBlackSite,numberOfRobotsOnWhiteSite
23036,23,19
timeStep,numberOfRobotsOnBlackSite,numberOfRobotsOnWhiteSite
23037,23,19
timeStep,numberOfRobotsOnBlackSite,numberOfRobotsOnWhiteSite
23038,23,19
timeStep,numberOfRobotsOnBlackSite,numberOfRobotsOnWhiteSite
23039,23,19
timeStep,numberOfRobotsOnBlackSite,numberOfRobotsOnWhiteSite
23040,23,19
timeStep,numberOfRobotsOnBlackSite,numberOfRobotsOnWhiteSite
23041,23,19
timeStep,numberOfRobotsOnBlackSite,numberOfRobotsOnWhiteSite
23042,23,19
timeStep,numberOfRobotsOnBlackSite,numberOfRobotsOnWhiteSite
23043,23,19
timeStep,numberOfRobotsOnBlackSite,numberOfRobotsOnWhiteSite
23044,23,19
timeStep,numberOfRobotsOnBlackSite,numberOfRobotsOnWhiteSite
23045,23,19
timeStep,numberOfRobotsOnBlackSite,numberOfRobotsOnWhiteSite
23046,23,19
timeStep,numberOfRobotsOnBlackSite,numberOfRobotsOnWhiteSite
23047,23,19
timeStep,numberOfRobotsOnBlackSite,numberOfRobotsOnWhiteSite
23048,23,19
timeStep,numberOfRobotsOnBlackSite,numberOfRobotsOnWhiteSite
23049,23,19
timeStep,numberOfRobotsOnBlackSite,numberOfRobotsOnWhiteSite
23050,23,19
timeStep,numberOfRobotsOnBlackSite,numberOfRobotsOnWhiteSite
23051,23,19
timeStep,numberOfRobotsOnBlackSite,numberOfRobotsOnWhiteSite
23052,23,19
timeStep,numberOfRobotsOnBlackSite,numberOfRobotsOnWhiteSite
23053,23,19
timeStep,numberOfRobotsOnBlackSite,numberOfRobotsOnWhiteSite
23054,23,19
timeStep,numberOfRobotsOnBlackSite,numberOfRobotsOnWhiteSite
23055,23,18
timeStep,numberOfRobotsOnBlackSite,numberOfRobotsOnWhiteSite
23056,23,18
timeStep,numberOfRobotsOnBlackSite,numberOfRobotsOnWhiteSite
23057,23,18
timeStep,numberOfRobotsOnBlackSite,numberOfRobotsOnWhiteSite
23058,23,18
timeStep,numberOfRobotsOnBlackSite,numberOfRobotsOnWhiteSite
23059,23,18
timeStep,numberOfRobotsOnBlackSite,numberOfRobotsOnWhiteSite
23060,23,18
timeStep,numberOfRobotsOnBlackSite,numberOfRobotsOnWhiteSite
23061,23,18
timeStep,numberOfRobotsOnBlackSite,numberOfRobotsOnWhiteSite
23062,23,18
timeStep,numberOfRobotsOnBlackSite,numberOfRobotsOnWhiteSite
23063,23,18
timeStep,numberOfRobotsOnBlackSite,numberOfRobotsOnWhiteSite
23064,23,18
timeStep,numberOfRobotsOnBlackSite,numberOfRobotsOnWhiteSite
23065,23,18
timeStep,numberOfRobotsOnBlackSite,numberOfRobotsOnWhiteSite
23066,23,18
timeStep,numberOfRobotsOnBlackSite,numberOfRobotsOnWhiteSite
23067,23,18
timeStep,numberOfRobotsOnBlackSite,numberOfRobotsOnWhiteSite
23068,23,18
timeStep,numberOfRobotsOnBlackSite,numberOfRobotsOnWhiteSite
23069,23,18
timeStep,numberOfRobotsOnBlackSite,numberOfRobotsOnWhiteSite
23070,22,18
timeStep,numberOfRobotsOnBlackSite,numberOfRobotsOnWhiteSite
23071,22,18
timeStep,numberOfRobotsOnBlackSite,numberOfRobotsOnWhiteSite
23072,22,18
timeStep,numberOfRobotsOnBlackSite,numberOfRobotsOnWhiteSite
23073,22,18
timeStep,numberOfRobotsOnBlackSite,numberOfRobotsOnWhiteSite
23074,22,18
timeStep,numberOfRobotsOnBlackSite,numberOfRobotsOnWhiteSite
23075,22,18
timeStep,numberOfRobotsOnBlackSite,numberOfRobotsOnWhiteSite
23076,22,18
timeStep,numberOfRobotsOnBlackSite,numberOfRobotsOnWhiteSite
23077,22,18
timeStep,numberOfRobotsOnBlackSite,numberOfRobotsOnWhiteSite
23078,22,18
timeStep,numberOfRobotsOnBlackSite,numberOfRobotsOnWhiteSite
23079,22,18
timeStep,numberOfRobotsOnBlackSite,numberOfRobotsOnWhiteSite
23080,22,18
timeStep,numberOfRobotsOnBlackSite,numberOfRobotsOnWhiteSite
23081,22,18
timeStep,numberOfRobotsOnBlackSite,numberOfRobotsOnWhiteSite
23082,22,18
timeStep,numberOfRobotsOnBlackSite,numberOfRobotsOnWhiteSite
23083,22,18
timeStep,numberOfRobotsOnBlackSite,numberOfRobotsOnWhiteSite
23084,22,18
timeStep,numberOfRobotsOnBlackSite,numberOfRobotsOnWhiteSite
23085,22,19
timeStep,numberOfRobotsOnBlackSite,numberOfRobotsOnWhiteSite
23086,22,19
timeStep,numberOfRobotsOnBlackSite,numberOfRobotsOnWhiteSite
23087,22,19
timeStep,numberOfRobotsOnBlackSite,numberOfRobotsOnWhiteSite
23088,22,19
timeStep,numberOfRobotsOnBlackSite,numberOfRobotsOnWhiteSite
23089,22,19
timeStep,numberOfRobotsOnBlackSite,numberOfRobotsOnWhiteSite
23090,22,19
timeStep,numberOfRobotsOnBlackSite,numberOfRobotsOnWhiteSite
23091,22,19
timeStep,numberOfRobotsOnBlackSite,numberOfRobotsOnWhiteSite
23092,22,19
timeStep,numberOfRobotsOnBlackSite,numberOfRobotsOnWhiteSite
23093,22,19
timeStep,numberOfRobotsOnBlackSite,numberOfRobotsOnWhiteSite
23094,22,19
timeStep,numberOfRobotsOnBlackSite,numberOfRobotsOnWhiteSite
23095,22,19
timeStep,numberOfRobotsOnBlackSite,numberOfRobotsOnWhiteSite
23096,22,19
timeStep,numberOfRobotsOnBlackSite,numberOfRobotsOnWhiteSite
23097,22,19
timeStep,numberOfRobotsOnBlackSite,numberOfRobotsOnWhiteSite
23098,22,19
timeStep,numberOfRobotsOnBlackSite,numberOfRobotsOnWhiteSite
23099,22,19
timeStep,numberOfRobotsOnBlackSite,numberOfRobotsOnWhiteSite
23100,22,19
timeStep,numberOfRobotsOnBlackSite,numberOfRobotsOnWhiteSite
23101,22,19
timeStep,numberOfRobotsOnBlackSite,numberOfRobotsOnWhiteSite
23102,22,19
timeStep,numberOfRobotsOnBlackSite,numberOfRobotsOnWhiteSite
23103,22,19
timeStep,numberOfRobotsOnBlackSite,numberOfRobotsOnWhiteSite
23104,22,19
timeStep,numberOfRobotsOnBlackSite,numberOfRobotsOnWhiteSite
23105,22,19
timeStep,numberOfRobotsOnBlackSite,numberOfRobotsOnWhiteSite
23106,22,19
timeStep,numberOfRobotsOnBlackSite,numberOfRobotsOnWhiteSite
23107,22,19
timeStep,numberOfRobotsOnBlackSite,numberOfRobotsOnWhiteSite
23108,22,19
timeStep,numberOfRobotsOnBlackSite,numberOfRobotsOnWhiteSite
23109,22,19
timeStep,numberOfRobotsOnBlackSite,numberOfRobotsOnWhiteSite
23110,22,19
timeStep,numberOfRobotsOnBlackSite,numberOfRobotsOnWhiteSite
23111,22,19
timeStep,numberOfRobotsOnBlackSite,numberOfRobotsOnWhiteSite
23112,22,19
timeStep,numberOfRobotsOnBlackSite,numberOfRobotsOnWhiteSite
23113,22,19
timeStep,numberOfRobotsOnBlackSite,numberOfRobotsOnWhiteSite
23114,22,19
timeStep,numberOfRobotsOnBlackSite,numberOfRobotsOnWhiteSite
23115,22,19
timeStep,numberOfRobotsOnBlackSite,numberOfRobotsOnWhiteSite
23116,22,19
timeStep,numberOfRobotsOnBlackSite,numberOfRobotsOnWhiteSite
23117,22,19
timeStep,numberOfRobotsOnBlackSite,numberOfRobotsOnWhiteSite
23118,22,19
timeStep,numberOfRobotsOnBlackSite,numberOfRobotsOnWhiteSite
23119,22,19
timeStep,numberOfRobotsOnBlackSite,numberOfRobotsOnWhiteSite
23120,22,19
timeStep,numberOfRobotsOnBlackSite,numberOfRobotsOnWhiteSite
23121,22,19
timeStep,numberOfRobotsOnBlackSite,numberOfRobotsOnWhiteSite
23122,22,19
timeStep,numberOfRobotsOnBlackSite,numberOfRobotsOnWhiteSite
23123,22,19
timeStep,numberOfRobotsOnBlackSite,numberOfRobotsOnWhiteSite
23124,22,19
timeStep,numberOfRobotsOnBlackSite,numberOfRobotsOnWhiteSite
23125,22,19
timeStep,numberOfRobotsOnBlackSite,numberOfRobotsOnWhiteSite
23126,22,19
timeStep,numberOfRobotsOnBlackSite,numberOfRobotsOnWhiteSite
23127,22,19
timeStep,numberOfRobotsOnBlackSite,numberOfRobotsOnWhiteSite
23128,22,19
timeStep,numberOfRobotsOnBlackSite,numberOfRobotsOnWhiteSite
23129,22,19
timeStep,numberOfRobotsOnBlackSite,numberOfRobotsOnWhiteSite
23130,22,19
timeStep,numberOfRobotsOnBlackSite,numberOfRobotsOnWhiteSite
23131,22,19
timeStep,numberOfRobotsOnBlackSite,numberOfRobotsOnWhiteSite
23132,22,19
timeStep,numberOfRobotsOnBlackSite,numberOfRobotsOnWhiteSite
23133,22,19
timeStep,numberOfRobotsOnBlackSite,numberOfRobotsOnWhiteSite
23134,22,19
timeStep,numberOfRobotsOnBlackSite,numberOfRobotsOnWhiteSite
23135,22,19
timeStep,numberOfRobotsOnBlackSite,numberOfRobotsOnWhiteSite
23136,22,19
timeStep,numberOfRobotsOnBlackSite,numberOfRobotsOnWhiteSite
23137,22,19
timeStep,numberOfRobotsOnBlackSite,numberOfRobotsOnWhiteSite
23138,22,19
timeStep,numberOfRobotsOnBlackSite,numberOfRobotsOnWhiteSite
23139,22,19
timeStep,numberOfRobotsOnBlackSite,numberOfRobotsOnWhiteSite
23140,22,19
timeStep,numberOfRobotsOnBlackSite,numberOfRobotsOnWhiteSite
23141,22,19
timeStep,numberOfRobotsOnBlackSite,numberOfRobotsOnWhiteSite
23142,22,19
timeStep,numberOfRobotsOnBlackSite,numberOfRobotsOnWhiteSite
23143,22,19
timeStep,numberOfRobotsOnBlackSite,numberOfRobotsOnWhiteSite
23144,22,19
timeStep,numberOfRobotsOnBlackSite,numberOfRobotsOnWhiteSite
23145,22,20
timeStep,numberOfRobotsOnBlackSite,numberOfRobotsOnWhiteSite
23146,22,20
timeStep,numberOfRobotsOnBlackSite,numberOfRobotsOnWhiteSite
23147,22,20
timeStep,numberOfRobotsOnBlackSite,numberOfRobotsOnWhiteSite
23148,22,20
timeStep,numberOfRobotsOnBlackSite,numberOfRobotsOnWhiteSite
23149,22,20
timeStep,numberOfRobotsOnBlackSite,numberOfRobotsOnWhiteSite
23150,22,21
timeStep,numberOfRobotsOnBlackSite,numberOfRobotsOnWhiteSite
23151,22,21
timeStep,numberOfRobotsOnBlackSite,numberOfRobotsOnWhiteSite
23152,22,21
timeStep,numberOfRobotsOnBlackSite,numberOfRobotsOnWhiteSite
23153,22,21
timeStep,numberOfRobotsOnBlackSite,numberOfRobotsOnWhiteSite
23154,22,21
timeStep,numberOfRobotsOnBlackSite,numberOfRobotsOnWhiteSite
23155,22,21
timeStep,numberOfRobotsOnBlackSite,numberOfRobotsOnWhiteSite
23156,22,21
timeStep,numberOfRobotsOnBlackSite,numberOfRobotsOnWhiteSite
23157,22,21
timeStep,numberOfRobotsOnBlackSite,numberOfRobotsOnWhiteSite
23158,22,21
timeStep,numberOfRobotsOnBlackSite,numberOfRobotsOnWhiteSite
23159,22,21
timeStep,numberOfRobotsOnBlackSite,numberOfRobotsOnWhiteSite
23160,22,21
timeStep,numberOfRobotsOnBlackSite,numberOfRobotsOnWhiteSite
23161,22,21
timeStep,numberOfRobotsOnBlackSite,numberOfRobotsOnWhiteSite
23162,22,21
timeStep,numberOfRobotsOnBlackSite,numberOfRobotsOnWhiteSite
23163,22,21
timeStep,numberOfRobotsOnBlackSite,numberOfRobotsOnWhiteSite
23164,22,21
timeStep,numberOfRobotsOnBlackSite,numberOfRobotsOnWhiteSite
23165,22,21
timeStep,numberOfRobotsOnBlackSite,numberOfRobotsOnWhiteSite
23166,22,21
timeStep,numberOfRobotsOnBlackSite,numberOfRobotsOnWhiteSite
23167,22,21
timeStep,numberOfRobotsOnBlackSite,numberOfRobotsOnWhiteSite
23168,22,21
timeStep,numberOfRobotsOnBlackSite,numberOfRobotsOnWhiteSite
23169,22,21
timeStep,numberOfRobotsOnBlackSite,numberOfRobotsOnWhiteSite
23170,23,21
timeStep,numberOfRobotsOnBlackSite,numberOfRobotsOnWhiteSite
23171,23,21
timeStep,numberOfRobotsOnBlackSite,numberOfRobotsOnWhiteSite
23172,23,21
timeStep,numberOfRobotsOnBlackSite,numberOfRobotsOnWhiteSite
23173,23,21
timeStep,numberOfRobotsOnBlackSite,numberOfRobotsOnWhiteSite
23174,23,21
timeStep,numberOfRobotsOnBlackSite,numberOfRobotsOnWhiteSite
23175,23,21
timeStep,numberOfRobotsOnBlackSite,numberOfRobotsOnWhiteSite
23176,23,21
timeStep,numberOfRobotsOnBlackSite,numberOfRobotsOnWhiteSite
23177,23,21
timeStep,numberOfRobotsOnBlackSite,numberOfRobotsOnWhiteSite
23178,23,21
timeStep,numberOfRobotsOnBlackSite,numberOfRobotsOnWhiteSite
23179,23,21
timeStep,numberOfRobotsOnBlackSite,numberOfRobotsOnWhiteSite
23180,23,21
timeStep,numberOfRobotsOnBlackSite,numberOfRobotsOnWhiteSite
23181,23,21
timeStep,numberOfRobotsOnBlackSite,numberOfRobotsOnWhiteSite
23182,23,21
timeStep,numberOfRobotsOnBlackSite,numberOfRobotsOnWhiteSite
23183,23,21
timeStep,numberOfRobotsOnBlackSite,numberOfRobotsOnWhiteSite
23184,23,21
timeStep,numberOfRobotsOnBlackSite,numberOfRobotsOnWhiteSite
23185,23,21
timeStep,numberOfRobotsOnBlackSite,numberOfRobotsOnWhiteSite
23186,23,21
timeStep,numberOfRobotsOnBlackSite,numberOfRobotsOnWhiteSite
23187,23,21
timeStep,numberOfRobotsOnBlackSite,numberOfRobotsOnWhiteSite
23188,23,21
timeStep,numberOfRobotsOnBlackSite,numberOfRobotsOnWhiteSite
23189,23,21
timeStep,numberOfRobotsOnBlackSite,numberOfRobotsOnWhiteSite
23190,23,21
timeStep,numberOfRobotsOnBlackSite,numberOfRobotsOnWhiteSite
23191,23,21
timeStep,numberOfRobotsOnBlackSite,numberOfRobotsOnWhiteSite
23192,23,21
timeStep,numberOfRobotsOnBlackSite,numberOfRobotsOnWhiteSite
23193,23,21
timeStep,numberOfRobotsOnBlackSite,numberOfRobotsOnWhiteSite
23194,23,21
timeStep,numberOfRobotsOnBlackSite,numberOfRobotsOnWhiteSite
23195,23,21
timeStep,numberOfRobotsOnBlackSite,numberOfRobotsOnWhiteSite
23196,23,21
timeStep,numberOfRobotsOnBlackSite,numberOfRobotsOnWhiteSite
23197,23,21
timeStep,numberOfRobotsOnBlackSite,numberOfRobotsOnWhiteSite
23198,23,21
timeStep,numberOfRobotsOnBlackSite,numberOfRobotsOnWhiteSite
23199,23,21
timeStep,numberOfRobotsOnBlackSite,numberOfRobotsOnWhiteSite
23200,23,21
timeStep,numberOfRobotsOnBlackSite,numberOfRobotsOnWhiteSite
23201,23,21
timeStep,numberOfRobotsOnBlackSite,numberOfRobotsOnWhiteSite
23202,23,21
timeStep,numberOfRobotsOnBlackSite,numberOfRobotsOnWhiteSite
23203,23,21
timeStep,numberOfRobotsOnBlackSite,numberOfRobotsOnWhiteSite
23204,23,21
timeStep,numberOfRobotsOnBlackSite,numberOfRobotsOnWhiteSite
23205,23,21
timeStep,numberOfRobotsOnBlackSite,numberOfRobotsOnWhiteSite
23206,23,21
timeStep,numberOfRobotsOnBlackSite,numberOfRobotsOnWhiteSite
23207,23,21
timeStep,numberOfRobotsOnBlackSite,numberOfRobotsOnWhiteSite
23208,23,21
timeStep,numberOfRobotsOnBlackSite,numberOfRobotsOnWhiteSite
23209,23,21
timeStep,numberOfRobotsOnBlackSite,numberOfRobotsOnWhiteSite
23210,23,21
timeStep,numberOfRobotsOnBlackSite,numberOfRobotsOnWhiteSite
23211,23,21
timeStep,numberOfRobotsOnBlackSite,numberOfRobotsOnWhiteSite
23212,23,21
timeStep,numberOfRobotsOnBlackSite,numberOfRobotsOnWhiteSite
23213,23,21
timeStep,numberOfRobotsOnBlackSite,numberOfRobotsOnWhiteSite
23214,23,21
timeStep,numberOfRobotsOnBlackSite,numberOfRobotsOnWhiteSite
23215,23,21
timeStep,numberOfRobotsOnBlackSite,numberOfRobotsOnWhiteSite
23216,23,21
timeStep,numberOfRobotsOnBlackSite,numberOfRobotsOnWhiteSite
23217,23,21
timeStep,numberOfRobotsOnBlackSite,numberOfRobotsOnWhiteSite
23218,23,21
timeStep,numberOfRobotsOnBlackSite,numberOfRobotsOnWhiteSite
23219,23,21
timeStep,numberOfRobotsOnBlackSite,numberOfRobotsOnWhiteSite
23220,23,21
timeStep,numberOfRobotsOnBlackSite,numberOfRobotsOnWhiteSite
23221,23,21
timeStep,numberOfRobotsOnBlackSite,numberOfRobotsOnWhiteSite
23222,23,21
timeStep,numberOfRobotsOnBlackSite,numberOfRobotsOnWhiteSite
23223,23,21
timeStep,numberOfRobotsOnBlackSite,numberOfRobotsOnWhiteSite
23224,23,21
timeStep,numberOfRobotsOnBlackSite,numberOfRobotsOnWhiteSite
23225,23,21
timeStep,numberOfRobotsOnBlackSite,numberOfRobotsOnWhiteSite
23226,23,21
timeStep,numberOfRobotsOnBlackSite,numberOfRobotsOnWhiteSite
23227,23,21
timeStep,numberOfRobotsOnBlackSite,numberOfRobotsOnWhiteSite
23228,23,21
timeStep,numberOfRobotsOnBlackSite,numberOfRobotsOnWhiteSite
23229,23,21
timeStep,numberOfRobotsOnBlackSite,numberOfRobotsOnWhiteSite
23230,23,21
timeStep,numberOfRobotsOnBlackSite,numberOfRobotsOnWhiteSite
23231,23,21
timeStep,numberOfRobotsOnBlackSite,numberOfRobotsOnWhiteSite
23232,23,21
timeStep,numberOfRobotsOnBlackSite,numberOfRobotsOnWhiteSite
23233,23,21
timeStep,numberOfRobotsOnBlackSite,numberOfRobotsOnWhiteSite
23234,23,21
timeStep,numberOfRobotsOnBlackSite,numberOfRobotsOnWhiteSite
23235,23,21
timeStep,numberOfRobotsOnBlackSite,numberOfRobotsOnWhiteSite
23236,23,21
timeStep,numberOfRobotsOnBlackSite,numberOfRobotsOnWhiteSite
23237,23,21
timeStep,numberOfRobotsOnBlackSite,numberOfRobotsOnWhiteSite
23238,23,21
timeStep,numberOfRobotsOnBlackSite,numberOfRobotsOnWhiteSite
23239,23,21
timeStep,numberOfRobotsOnBlackSite,numberOfRobotsOnWhiteSite
23240,23,21
timeStep,numberOfRobotsOnBlackSite,numberOfRobotsOnWhiteSite
23241,23,21
timeStep,numberOfRobotsOnBlackSite,numberOfRobotsOnWhiteSite
23242,23,21
timeStep,numberOfRobotsOnBlackSite,numberOfRobotsOnWhiteSite
23243,23,21
timeStep,numberOfRobotsOnBlackSite,numberOfRobotsOnWhiteSite
23244,23,21
timeStep,numberOfRobotsOnBlackSite,numberOfRobotsOnWhiteSite
23245,23,21
timeStep,numberOfRobotsOnBlackSite,numberOfRobotsOnWhiteSite
23246,23,21
timeStep,numberOfRobotsOnBlackSite,numberOfRobotsOnWhiteSite
23247,23,21
timeStep,numberOfRobotsOnBlackSite,numberOfRobotsOnWhiteSite
23248,23,21
timeStep,numberOfRobotsOnBlackSite,numberOfRobotsOnWhiteSite
23249,23,21
timeStep,numberOfRobotsOnBlackSite,numberOfRobotsOnWhiteSite
23250,23,21
timeStep,numberOfRobotsOnBlackSite,numberOfRobotsOnWhiteSite
23251,23,21
timeStep,numberOfRobotsOnBlackSite,numberOfRobotsOnWhiteSite
23252,23,21
timeStep,numberOfRobotsOnBlackSite,numberOfRobotsOnWhiteSite
23253,23,21
timeStep,numberOfRobotsOnBlackSite,numberOfRobotsOnWhiteSite
23254,23,21
timeStep,numberOfRobotsOnBlackSite,numberOfRobotsOnWhiteSite
23255,23,20
timeStep,numberOfRobotsOnBlackSite,numberOfRobotsOnWhiteSite
23256,23,20
timeStep,numberOfRobotsOnBlackSite,numberOfRobotsOnWhiteSite
23257,23,20
timeStep,numberOfRobotsOnBlackSite,numberOfRobotsOnWhiteSite
23258,23,20
timeStep,numberOfRobotsOnBlackSite,numberOfRobotsOnWhiteSite
23259,23,20
timeStep,numberOfRobotsOnBlackSite,numberOfRobotsOnWhiteSite
23260,22,20
timeStep,numberOfRobotsOnBlackSite,numberOfRobotsOnWhiteSite
23261,22,20
timeStep,numberOfRobotsOnBlackSite,numberOfRobotsOnWhiteSite
23262,22,20
timeStep,numberOfRobotsOnBlackSite,numberOfRobotsOnWhiteSite
23263,22,20
timeStep,numberOfRobotsOnBlackSite,numberOfRobotsOnWhiteSite
23264,22,20
timeStep,numberOfRobotsOnBlackSite,numberOfRobotsOnWhiteSite
23265,22,20
timeStep,numberOfRobotsOnBlackSite,numberOfRobotsOnWhiteSite
23266,22,20
timeStep,numberOfRobotsOnBlackSite,numberOfRobotsOnWhiteSite
23267,22,20
timeStep,numberOfRobotsOnBlackSite,numberOfRobotsOnWhiteSite
23268,22,20
timeStep,numberOfRobotsOnBlackSite,numberOfRobotsOnWhiteSite
23269,22,20
timeStep,numberOfRobotsOnBlackSite,numberOfRobotsOnWhiteSite
23270,22,20
timeStep,numberOfRobotsOnBlackSite,numberOfRobotsOnWhiteSite
23271,22,20
timeStep,numberOfRobotsOnBlackSite,numberOfRobotsOnWhiteSite
23272,22,20
timeStep,numberOfRobotsOnBlackSite,numberOfRobotsOnWhiteSite
23273,22,20
timeStep,numberOfRobotsOnBlackSite,numberOfRobotsOnWhiteSite
23274,22,20
timeStep,numberOfRobotsOnBlackSite,numberOfRobotsOnWhiteSite
23275,22,20
timeStep,numberOfRobotsOnBlackSite,numberOfRobotsOnWhiteSite
23276,22,20
timeStep,numberOfRobotsOnBlackSite,numberOfRobotsOnWhiteSite
23277,22,20
timeStep,numberOfRobotsOnBlackSite,numberOfRobotsOnWhiteSite
23278,22,20
timeStep,numberOfRobotsOnBlackSite,numberOfRobotsOnWhiteSite
23279,22,20
timeStep,numberOfRobotsOnBlackSite,numberOfRobotsOnWhiteSite
23280,22,20
timeStep,numberOfRobotsOnBlackSite,numberOfRobotsOnWhiteSite
23281,22,20
timeStep,numberOfRobotsOnBlackSite,numberOfRobotsOnWhiteSite
23282,22,20
timeStep,numberOfRobotsOnBlackSite,numberOfRobotsOnWhiteSite
23283,22,20
timeStep,numberOfRobotsOnBlackSite,numberOfRobotsOnWhiteSite
23284,22,20
timeStep,numberOfRobotsOnBlackSite,numberOfRobotsOnWhiteSite
23285,22,20
timeStep,numberOfRobotsOnBlackSite,numberOfRobotsOnWhiteSite
23286,22,20
timeStep,numberOfRobotsOnBlackSite,numberOfRobotsOnWhiteSite
23287,22,20
timeStep,numberOfRobotsOnBlackSite,numberOfRobotsOnWhiteSite
23288,22,20
timeStep,numberOfRobotsOnBlackSite,numberOfRobotsOnWhiteSite
23289,22,20
timeStep,numberOfRobotsOnBlackSite,numberOfRobotsOnWhiteSite
23290,22,20
timeStep,numberOfRobotsOnBlackSite,numberOfRobotsOnWhiteSite
23291,22,20
timeStep,numberOfRobotsOnBlackSite,numberOfRobotsOnWhiteSite
23292,22,20
timeStep,numberOfRobotsOnBlackSite,numberOfRobotsOnWhiteSite
23293,22,20
timeStep,numberOfRobotsOnBlackSite,numberOfRobotsOnWhiteSite
23294,22,20
timeStep,numberOfRobotsOnBlackSite,numberOfRobotsOnWhiteSite
23295,22,21
timeStep,numberOfRobotsOnBlackSite,numberOfRobotsOnWhiteSite
23296,22,21
timeStep,numberOfRobotsOnBlackSite,numberOfRobotsOnWhiteSite
23297,22,21
timeStep,numberOfRobotsOnBlackSite,numberOfRobotsOnWhiteSite
23298,22,21
timeStep,numberOfRobotsOnBlackSite,numberOfRobotsOnWhiteSite
23299,22,21
timeStep,numberOfRobotsOnBlackSite,numberOfRobotsOnWhiteSite
23300,22,21
timeStep,numberOfRobotsOnBlackSite,numberOfRobotsOnWhiteSite
23301,22,21
timeStep,numberOfRobotsOnBlackSite,numberOfRobotsOnWhiteSite
23302,22,21
timeStep,numberOfRobotsOnBlackSite,numberOfRobotsOnWhiteSite
23303,22,21
timeStep,numberOfRobotsOnBlackSite,numberOfRobotsOnWhiteSite
23304,22,21
timeStep,numberOfRobotsOnBlackSite,numberOfRobotsOnWhiteSite
23305,22,21
timeStep,numberOfRobotsOnBlackSite,numberOfRobotsOnWhiteSite
23306,22,21
timeStep,numberOfRobotsOnBlackSite,numberOfRobotsOnWhiteSite
23307,22,21
timeStep,numberOfRobotsOnBlackSite,numberOfRobotsOnWhiteSite
23308,22,21
timeStep,numberOfRobotsOnBlackSite,numberOfRobotsOnWhiteSite
23309,22,21
timeStep,numberOfRobotsOnBlackSite,numberOfRobotsOnWhiteSite
23310,22,21
timeStep,numberOfRobotsOnBlackSite,numberOfRobotsOnWhiteSite
23311,22,21
timeStep,numberOfRobotsOnBlackSite,numberOfRobotsOnWhiteSite
23312,22,21
timeStep,numberOfRobotsOnBlackSite,numberOfRobotsOnWhiteSite
23313,22,21
timeStep,numberOfRobotsOnBlackSite,numberOfRobotsOnWhiteSite
23314,22,21
timeStep,numberOfRobotsOnBlackSite,numberOfRobotsOnWhiteSite
23315,22,21
timeStep,numberOfRobotsOnBlackSite,numberOfRobotsOnWhiteSite
23316,22,21
timeStep,numberOfRobotsOnBlackSite,numberOfRobotsOnWhiteSite
23317,22,21
timeStep,numberOfRobotsOnBlackSite,numberOfRobotsOnWhiteSite
23318,22,21
timeStep,numberOfRobotsOnBlackSite,numberOfRobotsOnWhiteSite
23319,22,21
timeStep,numberOfRobotsOnBlackSite,numberOfRobotsOnWhiteSite
23320,23,21
timeStep,numberOfRobotsOnBlackSite,numberOfRobotsOnWhiteSite
23321,23,21
timeStep,numberOfRobotsOnBlackSite,numberOfRobotsOnWhiteSite
23322,23,21
timeStep,numberOfRobotsOnBlackSite,numberOfRobotsOnWhiteSite
23323,23,21
timeStep,numberOfRobotsOnBlackSite,numberOfRobotsOnWhiteSite
23324,23,21
timeStep,numberOfRobotsOnBlackSite,numberOfRobotsOnWhiteSite
23325,23,21
timeStep,numberOfRobotsOnBlackSite,numberOfRobotsOnWhiteSite
23326,23,21
timeStep,numberOfRobotsOnBlackSite,numberOfRobotsOnWhiteSite
23327,23,21
timeStep,numberOfRobotsOnBlackSite,numberOfRobotsOnWhiteSite
23328,23,21
timeStep,numberOfRobotsOnBlackSite,numberOfRobotsOnWhiteSite
23329,23,21
timeStep,numberOfRobotsOnBlackSite,numberOfRobotsOnWhiteSite
23330,23,21
timeStep,numberOfRobotsOnBlackSite,numberOfRobotsOnWhiteSite
23331,23,21
timeStep,numberOfRobotsOnBlackSite,numberOfRobotsOnWhiteSite
23332,23,21
timeStep,numberOfRobotsOnBlackSite,numberOfRobotsOnWhiteSite
23333,23,21
timeStep,numberOfRobotsOnBlackSite,numberOfRobotsOnWhiteSite
23334,23,21
timeStep,numberOfRobotsOnBlackSite,numberOfRobotsOnWhiteSite
23335,23,21
timeStep,numberOfRobotsOnBlackSite,numberOfRobotsOnWhiteSite
23336,23,21
timeStep,numberOfRobotsOnBlackSite,numberOfRobotsOnWhiteSite
23337,23,21
timeStep,numberOfRobotsOnBlackSite,numberOfRobotsOnWhiteSite
23338,23,21
timeStep,numberOfRobotsOnBlackSite,numberOfRobotsOnWhiteSite
23339,23,21
timeStep,numberOfRobotsOnBlackSite,numberOfRobotsOnWhiteSite
23340,23,21
timeStep,numberOfRobotsOnBlackSite,numberOfRobotsOnWhiteSite
23341,23,21
timeStep,numberOfRobotsOnBlackSite,numberOfRobotsOnWhiteSite
23342,23,21
timeStep,numberOfRobotsOnBlackSite,numberOfRobotsOnWhiteSite
23343,23,21
timeStep,numberOfRobotsOnBlackSite,numberOfRobotsOnWhiteSite
23344,23,21
timeStep,numberOfRobotsOnBlackSite,numberOfRobotsOnWhiteSite
23345,23,21
timeStep,numberOfRobotsOnBlackSite,numberOfRobotsOnWhiteSite
23346,23,21
timeStep,numberOfRobotsOnBlackSite,numberOfRobotsOnWhiteSite
23347,23,21
timeStep,numberOfRobotsOnBlackSite,numberOfRobotsOnWhiteSite
23348,23,21
timeStep,numberOfRobotsOnBlackSite,numberOfRobotsOnWhiteSite
23349,23,21
timeStep,numberOfRobotsOnBlackSite,numberOfRobotsOnWhiteSite
23350,23,21
timeStep,numberOfRobotsOnBlackSite,numberOfRobotsOnWhiteSite
23351,23,21
timeStep,numberOfRobotsOnBlackSite,numberOfRobotsOnWhiteSite
23352,23,21
timeStep,numberOfRobotsOnBlackSite,numberOfRobotsOnWhiteSite
23353,23,21
timeStep,numberOfRobotsOnBlackSite,numberOfRobotsOnWhiteSite
23354,23,21
timeStep,numberOfRobotsOnBlackSite,numberOfRobotsOnWhiteSite
23355,23,21
timeStep,numberOfRobotsOnBlackSite,numberOfRobotsOnWhiteSite
23356,23,21
timeStep,numberOfRobotsOnBlackSite,numberOfRobotsOnWhiteSite
23357,23,21
timeStep,numberOfRobotsOnBlackSite,numberOfRobotsOnWhiteSite
23358,23,21
timeStep,numberOfRobotsOnBlackSite,numberOfRobotsOnWhiteSite
23359,23,21
timeStep,numberOfRobotsOnBlackSite,numberOfRobotsOnWhiteSite
23360,23,20
timeStep,numberOfRobotsOnBlackSite,numberOfRobotsOnWhiteSite
23361,23,20
timeStep,numberOfRobotsOnBlackSite,numberOfRobotsOnWhiteSite
23362,23,20
timeStep,numberOfRobotsOnBlackSite,numberOfRobotsOnWhiteSite
23363,23,20
timeStep,numberOfRobotsOnBlackSite,numberOfRobotsOnWhiteSite
23364,23,20
timeStep,numberOfRobotsOnBlackSite,numberOfRobotsOnWhiteSite
23365,24,20
timeStep,numberOfRobotsOnBlackSite,numberOfRobotsOnWhiteSite
23366,24,20
timeStep,numberOfRobotsOnBlackSite,numberOfRobotsOnWhiteSite
23367,24,20
timeStep,numberOfRobotsOnBlackSite,numberOfRobotsOnWhiteSite
23368,24,20
timeStep,numberOfRobotsOnBlackSite,numberOfRobotsOnWhiteSite
23369,24,20
timeStep,numberOfRobotsOnBlackSite,numberOfRobotsOnWhiteSite
23370,24,20
timeStep,numberOfRobotsOnBlackSite,numberOfRobotsOnWhiteSite
23371,24,20
timeStep,numberOfRobotsOnBlackSite,numberOfRobotsOnWhiteSite
23372,24,20
timeStep,numberOfRobotsOnBlackSite,numberOfRobotsOnWhiteSite
23373,24,20
timeStep,numberOfRobotsOnBlackSite,numberOfRobotsOnWhiteSite
23374,24,20
timeStep,numberOfRobotsOnBlackSite,numberOfRobotsOnWhiteSite
23375,24,20
timeStep,numberOfRobotsOnBlackSite,numberOfRobotsOnWhiteSite
23376,24,20
timeStep,numberOfRobotsOnBlackSite,numberOfRobotsOnWhiteSite
23377,24,20
timeStep,numberOfRobotsOnBlackSite,numberOfRobotsOnWhiteSite
23378,24,20
timeStep,numberOfRobotsOnBlackSite,numberOfRobotsOnWhiteSite
23379,24,20
timeStep,numberOfRobotsOnBlackSite,numberOfRobotsOnWhiteSite
23380,24,20
timeStep,numberOfRobotsOnBlackSite,numberOfRobotsOnWhiteSite
23381,24,20
timeStep,numberOfRobotsOnBlackSite,numberOfRobotsOnWhiteSite
23382,24,20
timeStep,numberOfRobotsOnBlackSite,numberOfRobotsOnWhiteSite
23383,24,20
timeStep,numberOfRobotsOnBlackSite,numberOfRobotsOnWhiteSite
23384,24,20
timeStep,numberOfRobotsOnBlackSite,numberOfRobotsOnWhiteSite
23385,24,19
timeStep,numberOfRobotsOnBlackSite,numberOfRobotsOnWhiteSite
23386,24,19
timeStep,numberOfRobotsOnBlackSite,numberOfRobotsOnWhiteSite
23387,24,19
timeStep,numberOfRobotsOnBlackSite,numberOfRobotsOnWhiteSite
23388,24,19
timeStep,numberOfRobotsOnBlackSite,numberOfRobotsOnWhiteSite
23389,24,19
timeStep,numberOfRobotsOnBlackSite,numberOfRobotsOnWhiteSite
23390,24,19
timeStep,numberOfRobotsOnBlackSite,numberOfRobotsOnWhiteSite
23391,24,19
timeStep,numberOfRobotsOnBlackSite,numberOfRobotsOnWhiteSite
23392,24,19
timeStep,numberOfRobotsOnBlackSite,numberOfRobotsOnWhiteSite
23393,24,19
timeStep,numberOfRobotsOnBlackSite,numberOfRobotsOnWhiteSite
23394,24,19
timeStep,numberOfRobotsOnBlackSite,numberOfRobotsOnWhiteSite
23395,24,19
timeStep,numberOfRobotsOnBlackSite,numberOfRobotsOnWhiteSite
23396,24,19
timeStep,numberOfRobotsOnBlackSite,numberOfRobotsOnWhiteSite
23397,24,19
timeStep,numberOfRobotsOnBlackSite,numberOfRobotsOnWhiteSite
23398,24,19
timeStep,numberOfRobotsOnBlackSite,numberOfRobotsOnWhiteSite
23399,24,19
timeStep,numberOfRobotsOnBlackSite,numberOfRobotsOnWhiteSite
23400,24,19
timeStep,numberOfRobotsOnBlackSite,numberOfRobotsOnWhiteSite
23401,24,19
timeStep,numberOfRobotsOnBlackSite,numberOfRobotsOnWhiteSite
23402,24,19
timeStep,numberOfRobotsOnBlackSite,numberOfRobotsOnWhiteSite
23403,24,19
timeStep,numberOfRobotsOnBlackSite,numberOfRobotsOnWhiteSite
23404,24,19
timeStep,numberOfRobotsOnBlackSite,numberOfRobotsOnWhiteSite
23405,24,19
timeStep,numberOfRobotsOnBlackSite,numberOfRobotsOnWhiteSite
23406,24,19
timeStep,numberOfRobotsOnBlackSite,numberOfRobotsOnWhiteSite
23407,24,19
timeStep,numberOfRobotsOnBlackSite,numberOfRobotsOnWhiteSite
23408,24,19
timeStep,numberOfRobotsOnBlackSite,numberOfRobotsOnWhiteSite
23409,24,19
timeStep,numberOfRobotsOnBlackSite,numberOfRobotsOnWhiteSite
23410,24,19
timeStep,numberOfRobotsOnBlackSite,numberOfRobotsOnWhiteSite
23411,24,19
timeStep,numberOfRobotsOnBlackSite,numberOfRobotsOnWhiteSite
23412,24,19
timeStep,numberOfRobotsOnBlackSite,numberOfRobotsOnWhiteSite
23413,24,19
timeStep,numberOfRobotsOnBlackSite,numberOfRobotsOnWhiteSite
23414,24,19
timeStep,numberOfRobotsOnBlackSite,numberOfRobotsOnWhiteSite
23415,24,19
timeStep,numberOfRobotsOnBlackSite,numberOfRobotsOnWhiteSite
23416,24,19
timeStep,numberOfRobotsOnBlackSite,numberOfRobotsOnWhiteSite
23417,24,19
timeStep,numberOfRobotsOnBlackSite,numberOfRobotsOnWhiteSite
23418,24,19
timeStep,numberOfRobotsOnBlackSite,numberOfRobotsOnWhiteSite
23419,24,19
timeStep,numberOfRobotsOnBlackSite,numberOfRobotsOnWhiteSite
23420,24,19
timeStep,numberOfRobotsOnBlackSite,numberOfRobotsOnWhiteSite
23421,24,19
timeStep,numberOfRobotsOnBlackSite,numberOfRobotsOnWhiteSite
23422,24,19
timeStep,numberOfRobotsOnBlackSite,numberOfRobotsOnWhiteSite
23423,24,19
timeStep,numberOfRobotsOnBlackSite,numberOfRobotsOnWhiteSite
23424,24,19
timeStep,numberOfRobotsOnBlackSite,numberOfRobotsOnWhiteSite
23425,24,19
timeStep,numberOfRobotsOnBlackSite,numberOfRobotsOnWhiteSite
23426,24,19
timeStep,numberOfRobotsOnBlackSite,numberOfRobotsOnWhiteSite
23427,24,19
timeStep,numberOfRobotsOnBlackSite,numberOfRobotsOnWhiteSite
23428,24,19
timeStep,numberOfRobotsOnBlackSite,numberOfRobotsOnWhiteSite
23429,24,19
timeStep,numberOfRobotsOnBlackSite,numberOfRobotsOnWhiteSite
23430,24,19
timeStep,numberOfRobotsOnBlackSite,numberOfRobotsOnWhiteSite
23431,24,19
timeStep,numberOfRobotsOnBlackSite,numberOfRobotsOnWhiteSite
23432,24,19
timeStep,numberOfRobotsOnBlackSite,numberOfRobotsOnWhiteSite
23433,24,19
timeStep,numberOfRobotsOnBlackSite,numberOfRobotsOnWhiteSite
23434,24,19
timeStep,numberOfRobotsOnBlackSite,numberOfRobotsOnWhiteSite
23435,24,19
timeStep,numberOfRobotsOnBlackSite,numberOfRobotsOnWhiteSite
23436,24,19
timeStep,numberOfRobotsOnBlackSite,numberOfRobotsOnWhiteSite
23437,24,19
timeStep,numberOfRobotsOnBlackSite,numberOfRobotsOnWhiteSite
23438,24,19
timeStep,numberOfRobotsOnBlackSite,numberOfRobotsOnWhiteSite
23439,24,19
timeStep,numberOfRobotsOnBlackSite,numberOfRobotsOnWhiteSite
23440,24,19
timeStep,numberOfRobotsOnBlackSite,numberOfRobotsOnWhiteSite
23441,24,19
timeStep,numberOfRobotsOnBlackSite,numberOfRobotsOnWhiteSite
23442,24,19
timeStep,numberOfRobotsOnBlackSite,numberOfRobotsOnWhiteSite
23443,24,19
timeStep,numberOfRobotsOnBlackSite,numberOfRobotsOnWhiteSite
23444,24,19
timeStep,numberOfRobotsOnBlackSite,numberOfRobotsOnWhiteSite
23445,24,19
timeStep,numberOfRobotsOnBlackSite,numberOfRobotsOnWhiteSite
23446,24,19
timeStep,numberOfRobotsOnBlackSite,numberOfRobotsOnWhiteSite
23447,24,19
timeStep,numberOfRobotsOnBlackSite,numberOfRobotsOnWhiteSite
23448,24,19
timeStep,numberOfRobotsOnBlackSite,numberOfRobotsOnWhiteSite
23449,24,19
timeStep,numberOfRobotsOnBlackSite,numberOfRobotsOnWhiteSite
23450,24,19
timeStep,numberOfRobotsOnBlackSite,numberOfRobotsOnWhiteSite
23451,24,19
timeStep,numberOfRobotsOnBlackSite,numberOfRobotsOnWhiteSite
23452,24,19
timeStep,numberOfRobotsOnBlackSite,numberOfRobotsOnWhiteSite
23453,24,19
timeStep,numberOfRobotsOnBlackSite,numberOfRobotsOnWhiteSite
23454,24,19
timeStep,numberOfRobotsOnBlackSite,numberOfRobotsOnWhiteSite
23455,24,19
timeStep,numberOfRobotsOnBlackSite,numberOfRobotsOnWhiteSite
23456,24,19
timeStep,numberOfRobotsOnBlackSite,numberOfRobotsOnWhiteSite
23457,24,19
timeStep,numberOfRobotsOnBlackSite,numberOfRobotsOnWhiteSite
23458,24,19
timeStep,numberOfRobotsOnBlackSite,numberOfRobotsOnWhiteSite
23459,24,19
timeStep,numberOfRobotsOnBlackSite,numberOfRobotsOnWhiteSite
23460,24,20
timeStep,numberOfRobotsOnBlackSite,numberOfRobotsOnWhiteSite
23461,24,20
timeStep,numberOfRobotsOnBlackSite,numberOfRobotsOnWhiteSite
23462,24,20
timeStep,numberOfRobotsOnBlackSite,numberOfRobotsOnWhiteSite
23463,24,20
timeStep,numberOfRobotsOnBlackSite,numberOfRobotsOnWhiteSite
23464,24,20
timeStep,numberOfRobotsOnBlackSite,numberOfRobotsOnWhiteSite
23465,24,20
timeStep,numberOfRobotsOnBlackSite,numberOfRobotsOnWhiteSite
23466,24,20
timeStep,numberOfRobotsOnBlackSite,numberOfRobotsOnWhiteSite
23467,24,20
timeStep,numberOfRobotsOnBlackSite,numberOfRobotsOnWhiteSite
23468,24,20
timeStep,numberOfRobotsOnBlackSite,numberOfRobotsOnWhiteSite
23469,24,20
timeStep,numberOfRobotsOnBlackSite,numberOfRobotsOnWhiteSite
23470,24,20
timeStep,numberOfRobotsOnBlackSite,numberOfRobotsOnWhiteSite
23471,24,20
timeStep,numberOfRobotsOnBlackSite,numberOfRobotsOnWhiteSite
23472,24,20
timeStep,numberOfRobotsOnBlackSite,numberOfRobotsOnWhiteSite
23473,24,20
timeStep,numberOfRobotsOnBlackSite,numberOfRobotsOnWhiteSite
23474,24,20
timeStep,numberOfRobotsOnBlackSite,numberOfRobotsOnWhiteSite
23475,24,20
timeStep,numberOfRobotsOnBlackSite,numberOfRobotsOnWhiteSite
23476,24,20
timeStep,numberOfRobotsOnBlackSite,numberOfRobotsOnWhiteSite
23477,24,20
timeStep,numberOfRobotsOnBlackSite,numberOfRobotsOnWhiteSite
23478,24,20
timeStep,numberOfRobotsOnBlackSite,numberOfRobotsOnWhiteSite
23479,24,20
timeStep,numberOfRobotsOnBlackSite,numberOfRobotsOnWhiteSite
23480,24,20
timeStep,numberOfRobotsOnBlackSite,numberOfRobotsOnWhiteSite
23481,24,20
timeStep,numberOfRobotsOnBlackSite,numberOfRobotsOnWhiteSite
23482,24,20
timeStep,numberOfRobotsOnBlackSite,numberOfRobotsOnWhiteSite
23483,24,20
timeStep,numberOfRobotsOnBlackSite,numberOfRobotsOnWhiteSite
23484,24,20
timeStep,numberOfRobotsOnBlackSite,numberOfRobotsOnWhiteSite
23485,24,20
timeStep,numberOfRobotsOnBlackSite,numberOfRobotsOnWhiteSite
23486,24,20
timeStep,numberOfRobotsOnBlackSite,numberOfRobotsOnWhiteSite
23487,24,20
timeStep,numberOfRobotsOnBlackSite,numberOfRobotsOnWhiteSite
23488,24,20
timeStep,numberOfRobotsOnBlackSite,numberOfRobotsOnWhiteSite
23489,24,20
timeStep,numberOfRobotsOnBlackSite,numberOfRobotsOnWhiteSite
23490,24,20
timeStep,numberOfRobotsOnBlackSite,numberOfRobotsOnWhiteSite
23491,24,20
timeStep,numberOfRobotsOnBlackSite,numberOfRobotsOnWhiteSite
23492,24,20
timeStep,numberOfRobotsOnBlackSite,numberOfRobotsOnWhiteSite
23493,24,20
timeStep,numberOfRobotsOnBlackSite,numberOfRobotsOnWhiteSite
23494,24,20
timeStep,numberOfRobotsOnBlackSite,numberOfRobotsOnWhiteSite
23495,24,20
timeStep,numberOfRobotsOnBlackSite,numberOfRobotsOnWhiteSite
23496,24,20
timeStep,numberOfRobotsOnBlackSite,numberOfRobotsOnWhiteSite
23497,24,20
timeStep,numberOfRobotsOnBlackSite,numberOfRobotsOnWhiteSite
23498,24,20
timeStep,numberOfRobotsOnBlackSite,numberOfRobotsOnWhiteSite
23499,24,20
timeStep,numberOfRobotsOnBlackSite,numberOfRobotsOnWhiteSite
23500,24,20
timeStep,numberOfRobotsOnBlackSite,numberOfRobotsOnWhiteSite
23501,24,20
timeStep,numberOfRobotsOnBlackSite,numberOfRobotsOnWhiteSite
23502,24,20
timeStep,numberOfRobotsOnBlackSite,numberOfRobotsOnWhiteSite
23503,24,20
timeStep,numberOfRobotsOnBlackSite,numberOfRobotsOnWhiteSite
23504,24,20
timeStep,numberOfRobotsOnBlackSite,numberOfRobotsOnWhiteSite
23505,24,20
timeStep,numberOfRobotsOnBlackSite,numberOfRobotsOnWhiteSite
23506,24,20
timeStep,numberOfRobotsOnBlackSite,numberOfRobotsOnWhiteSite
23507,24,20
timeStep,numberOfRobotsOnBlackSite,numberOfRobotsOnWhiteSite
23508,24,20
timeStep,numberOfRobotsOnBlackSite,numberOfRobotsOnWhiteSite
23509,24,20
timeStep,numberOfRobotsOnBlackSite,numberOfRobotsOnWhiteSite
23510,24,20
timeStep,numberOfRobotsOnBlackSite,numberOfRobotsOnWhiteSite
23511,24,20
timeStep,numberOfRobotsOnBlackSite,numberOfRobotsOnWhiteSite
23512,24,20
timeStep,numberOfRobotsOnBlackSite,numberOfRobotsOnWhiteSite
23513,24,20
timeStep,numberOfRobotsOnBlackSite,numberOfRobotsOnWhiteSite
23514,24,20
timeStep,numberOfRobotsOnBlackSite,numberOfRobotsOnWhiteSite
23515,24,20
timeStep,numberOfRobotsOnBlackSite,numberOfRobotsOnWhiteSite
23516,24,20
timeStep,numberOfRobotsOnBlackSite,numberOfRobotsOnWhiteSite
23517,24,20
timeStep,numberOfRobotsOnBlackSite,numberOfRobotsOnWhiteSite
23518,24,20
timeStep,numberOfRobotsOnBlackSite,numberOfRobotsOnWhiteSite
23519,24,20
timeStep,numberOfRobotsOnBlackSite,numberOfRobotsOnWhiteSite
23520,24,20
timeStep,numberOfRobotsOnBlackSite,numberOfRobotsOnWhiteSite
23521,24,20
timeStep,numberOfRobotsOnBlackSite,numberOfRobotsOnWhiteSite
23522,24,20
timeStep,numberOfRobotsOnBlackSite,numberOfRobotsOnWhiteSite
23523,24,20
timeStep,numberOfRobotsOnBlackSite,numberOfRobotsOnWhiteSite
23524,24,20
timeStep,numberOfRobotsOnBlackSite,numberOfRobotsOnWhiteSite
23525,24,20
timeStep,numberOfRobotsOnBlackSite,numberOfRobotsOnWhiteSite
23526,24,20
timeStep,numberOfRobotsOnBlackSite,numberOfRobotsOnWhiteSite
23527,24,20
timeStep,numberOfRobotsOnBlackSite,numberOfRobotsOnWhiteSite
23528,24,20
timeStep,numberOfRobotsOnBlackSite,numberOfRobotsOnWhiteSite
23529,24,20
timeStep,numberOfRobotsOnBlackSite,numberOfRobotsOnWhiteSite
23530,24,20
timeStep,numberOfRobotsOnBlackSite,numberOfRobotsOnWhiteSite
23531,24,20
timeStep,numberOfRobotsOnBlackSite,numberOfRobotsOnWhiteSite
23532,24,20
timeStep,numberOfRobotsOnBlackSite,numberOfRobotsOnWhiteSite
23533,24,20
timeStep,numberOfRobotsOnBlackSite,numberOfRobotsOnWhiteSite
23534,24,20
timeStep,numberOfRobotsOnBlackSite,numberOfRobotsOnWhiteSite
23535,24,20
timeStep,numberOfRobotsOnBlackSite,numberOfRobotsOnWhiteSite
23536,24,20
timeStep,numberOfRobotsOnBlackSite,numberOfRobotsOnWhiteSite
23537,24,20
timeStep,numberOfRobotsOnBlackSite,numberOfRobotsOnWhiteSite
23538,24,20
timeStep,numberOfRobotsOnBlackSite,numberOfRobotsOnWhiteSite
23539,24,20
timeStep,numberOfRobotsOnBlackSite,numberOfRobotsOnWhiteSite
23540,24,20
timeStep,numberOfRobotsOnBlackSite,numberOfRobotsOnWhiteSite
23541,24,20
timeStep,numberOfRobotsOnBlackSite,numberOfRobotsOnWhiteSite
23542,24,20
timeStep,numberOfRobotsOnBlackSite,numberOfRobotsOnWhiteSite
23543,24,20
timeStep,numberOfRobotsOnBlackSite,numberOfRobotsOnWhiteSite
23544,24,20
timeStep,numberOfRobotsOnBlackSite,numberOfRobotsOnWhiteSite
23545,23,20
timeStep,numberOfRobotsOnBlackSite,numberOfRobotsOnWhiteSite
23546,23,20
timeStep,numberOfRobotsOnBlackSite,numberOfRobotsOnWhiteSite
23547,23,20
timeStep,numberOfRobotsOnBlackSite,numberOfRobotsOnWhiteSite
23548,23,20
timeStep,numberOfRobotsOnBlackSite,numberOfRobotsOnWhiteSite
23549,23,20
timeStep,numberOfRobotsOnBlackSite,numberOfRobotsOnWhiteSite
23550,23,19
timeStep,numberOfRobotsOnBlackSite,numberOfRobotsOnWhiteSite
23551,23,19
timeStep,numberOfRobotsOnBlackSite,numberOfRobotsOnWhiteSite
23552,23,19
timeStep,numberOfRobotsOnBlackSite,numberOfRobotsOnWhiteSite
23553,23,19
timeStep,numberOfRobotsOnBlackSite,numberOfRobotsOnWhiteSite
23554,23,19
timeStep,numberOfRobotsOnBlackSite,numberOfRobotsOnWhiteSite
23555,23,19
timeStep,numberOfRobotsOnBlackSite,numberOfRobotsOnWhiteSite
23556,23,19
timeStep,numberOfRobotsOnBlackSite,numberOfRobotsOnWhiteSite
23557,23,19
timeStep,numberOfRobotsOnBlackSite,numberOfRobotsOnWhiteSite
23558,23,19
timeStep,numberOfRobotsOnBlackSite,numberOfRobotsOnWhiteSite
23559,23,19
timeStep,numberOfRobotsOnBlackSite,numberOfRobotsOnWhiteSite
23560,23,19
timeStep,numberOfRobotsOnBlackSite,numberOfRobotsOnWhiteSite
23561,23,19
timeStep,numberOfRobotsOnBlackSite,numberOfRobotsOnWhiteSite
23562,23,19
timeStep,numberOfRobotsOnBlackSite,numberOfRobotsOnWhiteSite
23563,23,19
timeStep,numberOfRobotsOnBlackSite,numberOfRobotsOnWhiteSite
23564,23,19
timeStep,numberOfRobotsOnBlackSite,numberOfRobotsOnWhiteSite
23565,23,19
timeStep,numberOfRobotsOnBlackSite,numberOfRobotsOnWhiteSite
23566,23,19
timeStep,numberOfRobotsOnBlackSite,numberOfRobotsOnWhiteSite
23567,23,19
timeStep,numberOfRobotsOnBlackSite,numberOfRobotsOnWhiteSite
23568,23,19
timeStep,numberOfRobotsOnBlackSite,numberOfRobotsOnWhiteSite
23569,23,19
timeStep,numberOfRobotsOnBlackSite,numberOfRobotsOnWhiteSite
23570,23,19
timeStep,numberOfRobotsOnBlackSite,numberOfRobotsOnWhiteSite
23571,23,19
timeStep,numberOfRobotsOnBlackSite,numberOfRobotsOnWhiteSite
23572,23,19
timeStep,numberOfRobotsOnBlackSite,numberOfRobotsOnWhiteSite
23573,23,19
timeStep,numberOfRobotsOnBlackSite,numberOfRobotsOnWhiteSite
23574,23,19
timeStep,numberOfRobotsOnBlackSite,numberOfRobotsOnWhiteSite
23575,23,19
timeStep,numberOfRobotsOnBlackSite,numberOfRobotsOnWhiteSite
23576,23,19
timeStep,numberOfRobotsOnBlackSite,numberOfRobotsOnWhiteSite
23577,23,19
timeStep,numberOfRobotsOnBlackSite,numberOfRobotsOnWhiteSite
23578,23,19
timeStep,numberOfRobotsOnBlackSite,numberOfRobotsOnWhiteSite
23579,23,19
timeStep,numberOfRobotsOnBlackSite,numberOfRobotsOnWhiteSite
23580,23,19
timeStep,numberOfRobotsOnBlackSite,numberOfRobotsOnWhiteSite
23581,23,19
timeStep,numberOfRobotsOnBlackSite,numberOfRobotsOnWhiteSite
23582,23,19
timeStep,numberOfRobotsOnBlackSite,numberOfRobotsOnWhiteSite
23583,23,19
timeStep,numberOfRobotsOnBlackSite,numberOfRobotsOnWhiteSite
23584,23,19
timeStep,numberOfRobotsOnBlackSite,numberOfRobotsOnWhiteSite
23585,24,19
timeStep,numberOfRobotsOnBlackSite,numberOfRobotsOnWhiteSite
23586,24,19
timeStep,numberOfRobotsOnBlackSite,numberOfRobotsOnWhiteSite
23587,24,19
timeStep,numberOfRobotsOnBlackSite,numberOfRobotsOnWhiteSite
23588,24,19
timeStep,numberOfRobotsOnBlackSite,numberOfRobotsOnWhiteSite
23589,24,19
timeStep,numberOfRobotsOnBlackSite,numberOfRobotsOnWhiteSite
23590,24,19
timeStep,numberOfRobotsOnBlackSite,numberOfRobotsOnWhiteSite
23591,24,19
timeStep,numberOfRobotsOnBlackSite,numberOfRobotsOnWhiteSite
23592,24,19
timeStep,numberOfRobotsOnBlackSite,numberOfRobotsOnWhiteSite
23593,24,19
timeStep,numberOfRobotsOnBlackSite,numberOfRobotsOnWhiteSite
23594,24,19
timeStep,numberOfRobotsOnBlackSite,numberOfRobotsOnWhiteSite
23595,24,19
timeStep,numberOfRobotsOnBlackSite,numberOfRobotsOnWhiteSite
23596,24,19
timeStep,numberOfRobotsOnBlackSite,numberOfRobotsOnWhiteSite
23597,24,19
timeStep,numberOfRobotsOnBlackSite,numberOfRobotsOnWhiteSite
23598,24,19
timeStep,numberOfRobotsOnBlackSite,numberOfRobotsOnWhiteSite
23599,24,19
timeStep,numberOfRobotsOnBlackSite,numberOfRobotsOnWhiteSite
23600,24,19
timeStep,numberOfRobotsOnBlackSite,numberOfRobotsOnWhiteSite
23601,24,19
timeStep,numberOfRobotsOnBlackSite,numberOfRobotsOnWhiteSite
23602,24,19
timeStep,numberOfRobotsOnBlackSite,numberOfRobotsOnWhiteSite
23603,24,19
timeStep,numberOfRobotsOnBlackSite,numberOfRobotsOnWhiteSite
23604,24,19
timeStep,numberOfRobotsOnBlackSite,numberOfRobotsOnWhiteSite
23605,24,19
timeStep,numberOfRobotsOnBlackSite,numberOfRobotsOnWhiteSite
23606,24,19
timeStep,numberOfRobotsOnBlackSite,numberOfRobotsOnWhiteSite
23607,24,19
timeStep,numberOfRobotsOnBlackSite,numberOfRobotsOnWhiteSite
23608,24,19
timeStep,numberOfRobotsOnBlackSite,numberOfRobotsOnWhiteSite
23609,24,19
timeStep,numberOfRobotsOnBlackSite,numberOfRobotsOnWhiteSite
23610,24,19
timeStep,numberOfRobotsOnBlackSite,numberOfRobotsOnWhiteSite
23611,24,19
timeStep,numberOfRobotsOnBlackSite,numberOfRobotsOnWhiteSite
23612,24,19
timeStep,numberOfRobotsOnBlackSite,numberOfRobotsOnWhiteSite
23613,24,19
timeStep,numberOfRobotsOnBlackSite,numberOfRobotsOnWhiteSite
23614,24,19
timeStep,numberOfRobotsOnBlackSite,numberOfRobotsOnWhiteSite
23615,24,19
timeStep,numberOfRobotsOnBlackSite,numberOfRobotsOnWhiteSite
23616,24,19
timeStep,numberOfRobotsOnBlackSite,numberOfRobotsOnWhiteSite
23617,24,19
timeStep,numberOfRobotsOnBlackSite,numberOfRobotsOnWhiteSite
23618,24,19
timeStep,numberOfRobotsOnBlackSite,numberOfRobotsOnWhiteSite
23619,24,19
timeStep,numberOfRobotsOnBlackSite,numberOfRobotsOnWhiteSite
23620,23,19
timeStep,numberOfRobotsOnBlackSite,numberOfRobotsOnWhiteSite
23621,23,19
timeStep,numberOfRobotsOnBlackSite,numberOfRobotsOnWhiteSite
23622,23,19
timeStep,numberOfRobotsOnBlackSite,numberOfRobotsOnWhiteSite
23623,23,19
timeStep,numberOfRobotsOnBlackSite,numberOfRobotsOnWhiteSite
23624,23,19
timeStep,numberOfRobotsOnBlackSite,numberOfRobotsOnWhiteSite
23625,23,19
timeStep,numberOfRobotsOnBlackSite,numberOfRobotsOnWhiteSite
23626,23,19
timeStep,numberOfRobotsOnBlackSite,numberOfRobotsOnWhiteSite
23627,23,19
timeStep,numberOfRobotsOnBlackSite,numberOfRobotsOnWhiteSite
23628,23,19
timeStep,numberOfRobotsOnBlackSite,numberOfRobotsOnWhiteSite
23629,23,19
timeStep,numberOfRobotsOnBlackSite,numberOfRobotsOnWhiteSite
23630,23,19
timeStep,numberOfRobotsOnBlackSite,numberOfRobotsOnWhiteSite
23631,23,19
timeStep,numberOfRobotsOnBlackSite,numberOfRobotsOnWhiteSite
23632,23,19
timeStep,numberOfRobotsOnBlackSite,numberOfRobotsOnWhiteSite
23633,23,19
timeStep,numberOfRobotsOnBlackSite,numberOfRobotsOnWhiteSite
23634,23,19
timeStep,numberOfRobotsOnBlackSite,numberOfRobotsOnWhiteSite
23635,23,19
timeStep,numberOfRobotsOnBlackSite,numberOfRobotsOnWhiteSite
23636,23,19
timeStep,numberOfRobotsOnBlackSite,numberOfRobotsOnWhiteSite
23637,23,19
timeStep,numberOfRobotsOnBlackSite,numberOfRobotsOnWhiteSite
23638,23,19
timeStep,numberOfRobotsOnBlackSite,numberOfRobotsOnWhiteSite
23639,23,19
timeStep,numberOfRobotsOnBlackSite,numberOfRobotsOnWhiteSite
23640,23,19
timeStep,numberOfRobotsOnBlackSite,numberOfRobotsOnWhiteSite
23641,23,19
timeStep,numberOfRobotsOnBlackSite,numberOfRobotsOnWhiteSite
23642,23,19
timeStep,numberOfRobotsOnBlackSite,numberOfRobotsOnWhiteSite
23643,23,19
timeStep,numberOfRobotsOnBlackSite,numberOfRobotsOnWhiteSite
23644,23,19
timeStep,numberOfRobotsOnBlackSite,numberOfRobotsOnWhiteSite
23645,23,19
timeStep,numberOfRobotsOnBlackSite,numberOfRobotsOnWhiteSite
23646,23,19
timeStep,numberOfRobotsOnBlackSite,numberOfRobotsOnWhiteSite
23647,23,19
timeStep,numberOfRobotsOnBlackSite,numberOfRobotsOnWhiteSite
23648,23,19
timeStep,numberOfRobotsOnBlackSite,numberOfRobotsOnWhiteSite
23649,23,19
timeStep,numberOfRobotsOnBlackSite,numberOfRobotsOnWhiteSite
23650,23,19
timeStep,numberOfRobotsOnBlackSite,numberOfRobotsOnWhiteSite
23651,23,19
timeStep,numberOfRobotsOnBlackSite,numberOfRobotsOnWhiteSite
23652,23,19
timeStep,numberOfRobotsOnBlackSite,numberOfRobotsOnWhiteSite
23653,23,19
timeStep,numberOfRobotsOnBlackSite,numberOfRobotsOnWhiteSite
23654,23,19
timeStep,numberOfRobotsOnBlackSite,numberOfRobotsOnWhiteSite
23655,23,19
timeStep,numberOfRobotsOnBlackSite,numberOfRobotsOnWhiteSite
23656,23,19
timeStep,numberOfRobotsOnBlackSite,numberOfRobotsOnWhiteSite
23657,23,19
timeStep,numberOfRobotsOnBlackSite,numberOfRobotsOnWhiteSite
23658,23,19
timeStep,numberOfRobotsOnBlackSite,numberOfRobotsOnWhiteSite
23659,23,19
timeStep,numberOfRobotsOnBlackSite,numberOfRobotsOnWhiteSite
23660,23,19
timeStep,numberOfRobotsOnBlackSite,numberOfRobotsOnWhiteSite
23661,23,19
timeStep,numberOfRobotsOnBlackSite,numberOfRobotsOnWhiteSite
23662,23,19
timeStep,numberOfRobotsOnBlackSite,numberOfRobotsOnWhiteSite
23663,23,19
timeStep,numberOfRobotsOnBlackSite,numberOfRobotsOnWhiteSite
23664,23,19
timeStep,numberOfRobotsOnBlackSite,numberOfRobotsOnWhiteSite
23665,23,19
timeStep,numberOfRobotsOnBlackSite,numberOfRobotsOnWhiteSite
23666,23,19
timeStep,numberOfRobotsOnBlackSite,numberOfRobotsOnWhiteSite
23667,23,19
timeStep,numberOfRobotsOnBlackSite,numberOfRobotsOnWhiteSite
23668,23,19
timeStep,numberOfRobotsOnBlackSite,numberOfRobotsOnWhiteSite
23669,23,19
timeStep,numberOfRobotsOnBlackSite,numberOfRobotsOnWhiteSite
23670,23,19
timeStep,numberOfRobotsOnBlackSite,numberOfRobotsOnWhiteSite
23671,23,19
timeStep,numberOfRobotsOnBlackSite,numberOfRobotsOnWhiteSite
23672,23,19
timeStep,numberOfRobotsOnBlackSite,numberOfRobotsOnWhiteSite
23673,23,19
timeStep,numberOfRobotsOnBlackSite,numberOfRobotsOnWhiteSite
23674,23,19
timeStep,numberOfRobotsOnBlackSite,numberOfRobotsOnWhiteSite
23675,23,18
timeStep,numberOfRobotsOnBlackSite,numberOfRobotsOnWhiteSite
23676,23,18
timeStep,numberOfRobotsOnBlackSite,numberOfRobotsOnWhiteSite
23677,23,18
timeStep,numberOfRobotsOnBlackSite,numberOfRobotsOnWhiteSite
23678,23,18
timeStep,numberOfRobotsOnBlackSite,numberOfRobotsOnWhiteSite
23679,23,18
timeStep,numberOfRobotsOnBlackSite,numberOfRobotsOnWhiteSite
23680,23,18
timeStep,numberOfRobotsOnBlackSite,numberOfRobotsOnWhiteSite
23681,23,18
timeStep,numberOfRobotsOnBlackSite,numberOfRobotsOnWhiteSite
23682,23,18
timeStep,numberOfRobotsOnBlackSite,numberOfRobotsOnWhiteSite
23683,23,18
timeStep,numberOfRobotsOnBlackSite,numberOfRobotsOnWhiteSite
23684,23,18
timeStep,numberOfRobotsOnBlackSite,numberOfRobotsOnWhiteSite
23685,23,18
timeStep,numberOfRobotsOnBlackSite,numberOfRobotsOnWhiteSite
23686,23,18
timeStep,numberOfRobotsOnBlackSite,numberOfRobotsOnWhiteSite
23687,23,18
timeStep,numberOfRobotsOnBlackSite,numberOfRobotsOnWhiteSite
23688,23,18
timeStep,numberOfRobotsOnBlackSite,numberOfRobotsOnWhiteSite
23689,23,18
timeStep,numberOfRobotsOnBlackSite,numberOfRobotsOnWhiteSite
23690,23,18
timeStep,numberOfRobotsOnBlackSite,numberOfRobotsOnWhiteSite
23691,23,18
timeStep,numberOfRobotsOnBlackSite,numberOfRobotsOnWhiteSite
23692,23,18
timeStep,numberOfRobotsOnBlackSite,numberOfRobotsOnWhiteSite
23693,23,18
timeStep,numberOfRobotsOnBlackSite,numberOfRobotsOnWhiteSite
23694,23,18
timeStep,numberOfRobotsOnBlackSite,numberOfRobotsOnWhiteSite
23695,23,18
timeStep,numberOfRobotsOnBlackSite,numberOfRobotsOnWhiteSite
23696,23,18
timeStep,numberOfRobotsOnBlackSite,numberOfRobotsOnWhiteSite
23697,23,18
timeStep,numberOfRobotsOnBlackSite,numberOfRobotsOnWhiteSite
23698,23,18
timeStep,numberOfRobotsOnBlackSite,numberOfRobotsOnWhiteSite
23699,23,18
timeStep,numberOfRobotsOnBlackSite,numberOfRobotsOnWhiteSite
23700,23,18
timeStep,numberOfRobotsOnBlackSite,numberOfRobotsOnWhiteSite
23701,23,18
timeStep,numberOfRobotsOnBlackSite,numberOfRobotsOnWhiteSite
23702,23,18
timeStep,numberOfRobotsOnBlackSite,numberOfRobotsOnWhiteSite
23703,23,18
timeStep,numberOfRobotsOnBlackSite,numberOfRobotsOnWhiteSite
23704,23,18
timeStep,numberOfRobotsOnBlackSite,numberOfRobotsOnWhiteSite
23705,23,18
timeStep,numberOfRobotsOnBlackSite,numberOfRobotsOnWhiteSite
23706,23,18
timeStep,numberOfRobotsOnBlackSite,numberOfRobotsOnWhiteSite
23707,23,18
timeStep,numberOfRobotsOnBlackSite,numberOfRobotsOnWhiteSite
23708,23,18
timeStep,numberOfRobotsOnBlackSite,numberOfRobotsOnWhiteSite
23709,23,18
timeStep,numberOfRobotsOnBlackSite,numberOfRobotsOnWhiteSite
23710,23,18
timeStep,numberOfRobotsOnBlackSite,numberOfRobotsOnWhiteSite
23711,23,18
timeStep,numberOfRobotsOnBlackSite,numberOfRobotsOnWhiteSite
23712,23,18
timeStep,numberOfRobotsOnBlackSite,numberOfRobotsOnWhiteSite
23713,23,18
timeStep,numberOfRobotsOnBlackSite,numberOfRobotsOnWhiteSite
23714,23,18
timeStep,numberOfRobotsOnBlackSite,numberOfRobotsOnWhiteSite
23715,23,18
timeStep,numberOfRobotsOnBlackSite,numberOfRobotsOnWhiteSite
23716,23,18
timeStep,numberOfRobotsOnBlackSite,numberOfRobotsOnWhiteSite
23717,23,18
timeStep,numberOfRobotsOnBlackSite,numberOfRobotsOnWhiteSite
23718,23,18
timeStep,numberOfRobotsOnBlackSite,numberOfRobotsOnWhiteSite
23719,23,18
timeStep,numberOfRobotsOnBlackSite,numberOfRobotsOnWhiteSite
23720,23,18
timeStep,numberOfRobotsOnBlackSite,numberOfRobotsOnWhiteSite
23721,23,18
timeStep,numberOfRobotsOnBlackSite,numberOfRobotsOnWhiteSite
23722,23,18
timeStep,numberOfRobotsOnBlackSite,numberOfRobotsOnWhiteSite
23723,23,18
timeStep,numberOfRobotsOnBlackSite,numberOfRobotsOnWhiteSite
23724,23,18
timeStep,numberOfRobotsOnBlackSite,numberOfRobotsOnWhiteSite
23725,23,18
timeStep,numberOfRobotsOnBlackSite,numberOfRobotsOnWhiteSite
23726,23,18
timeStep,numberOfRobotsOnBlackSite,numberOfRobotsOnWhiteSite
23727,23,18
timeStep,numberOfRobotsOnBlackSite,numberOfRobotsOnWhiteSite
23728,23,18
timeStep,numberOfRobotsOnBlackSite,numberOfRobotsOnWhiteSite
23729,23,18
timeStep,numberOfRobotsOnBlackSite,numberOfRobotsOnWhiteSite
23730,23,19
timeStep,numberOfRobotsOnBlackSite,numberOfRobotsOnWhiteSite
23731,23,19
timeStep,numberOfRobotsOnBlackSite,numberOfRobotsOnWhiteSite
23732,23,19
timeStep,numberOfRobotsOnBlackSite,numberOfRobotsOnWhiteSite
23733,23,19
timeStep,numberOfRobotsOnBlackSite,numberOfRobotsOnWhiteSite
23734,23,19
timeStep,numberOfRobotsOnBlackSite,numberOfRobotsOnWhiteSite
23735,23,19
timeStep,numberOfRobotsOnBlackSite,numberOfRobotsOnWhiteSite
23736,23,19
timeStep,numberOfRobotsOnBlackSite,numberOfRobotsOnWhiteSite
23737,23,19
timeStep,numberOfRobotsOnBlackSite,numberOfRobotsOnWhiteSite
23738,23,19
timeStep,numberOfRobotsOnBlackSite,numberOfRobotsOnWhiteSite
23739,23,19
timeStep,numberOfRobotsOnBlackSite,numberOfRobotsOnWhiteSite
23740,23,19
timeStep,numberOfRobotsOnBlackSite,numberOfRobotsOnWhiteSite
23741,23,19
timeStep,numberOfRobotsOnBlackSite,numberOfRobotsOnWhiteSite
23742,23,19
timeStep,numberOfRobotsOnBlackSite,numberOfRobotsOnWhiteSite
23743,23,19
timeStep,numberOfRobotsOnBlackSite,numberOfRobotsOnWhiteSite
23744,23,19
timeStep,numberOfRobotsOnBlackSite,numberOfRobotsOnWhiteSite
23745,23,18
timeStep,numberOfRobotsOnBlackSite,numberOfRobotsOnWhiteSite
23746,23,18
timeStep,numberOfRobotsOnBlackSite,numberOfRobotsOnWhiteSite
23747,23,18
timeStep,numberOfRobotsOnBlackSite,numberOfRobotsOnWhiteSite
23748,23,18
timeStep,numberOfRobotsOnBlackSite,numberOfRobotsOnWhiteSite
23749,23,18
timeStep,numberOfRobotsOnBlackSite,numberOfRobotsOnWhiteSite
23750,23,18
timeStep,numberOfRobotsOnBlackSite,numberOfRobotsOnWhiteSite
23751,23,18
timeStep,numberOfRobotsOnBlackSite,numberOfRobotsOnWhiteSite
23752,23,18
timeStep,numberOfRobotsOnBlackSite,numberOfRobotsOnWhiteSite
23753,23,18
timeStep,numberOfRobotsOnBlackSite,numberOfRobotsOnWhiteSite
23754,23,18
timeStep,numberOfRobotsOnBlackSite,numberOfRobotsOnWhiteSite
23755,23,18
timeStep,numberOfRobotsOnBlackSite,numberOfRobotsOnWhiteSite
23756,23,18
timeStep,numberOfRobotsOnBlackSite,numberOfRobotsOnWhiteSite
23757,23,18
timeStep,numberOfRobotsOnBlackSite,numberOfRobotsOnWhiteSite
23758,23,18
timeStep,numberOfRobotsOnBlackSite,numberOfRobotsOnWhiteSite
23759,23,18
timeStep,numberOfRobotsOnBlackSite,numberOfRobotsOnWhiteSite
23760,23,18
timeStep,numberOfRobotsOnBlackSite,numberOfRobotsOnWhiteSite
23761,23,18
timeStep,numberOfRobotsOnBlackSite,numberOfRobotsOnWhiteSite
23762,23,18
timeStep,numberOfRobotsOnBlackSite,numberOfRobotsOnWhiteSite
23763,23,18
timeStep,numberOfRobotsOnBlackSite,numberOfRobotsOnWhiteSite
23764,23,18
timeStep,numberOfRobotsOnBlackSite,numberOfRobotsOnWhiteSite
23765,23,18
timeStep,numberOfRobotsOnBlackSite,numberOfRobotsOnWhiteSite
23766,23,18
timeStep,numberOfRobotsOnBlackSite,numberOfRobotsOnWhiteSite
23767,23,18
timeStep,numberOfRobotsOnBlackSite,numberOfRobotsOnWhiteSite
23768,23,18
timeStep,numberOfRobotsOnBlackSite,numberOfRobotsOnWhiteSite
23769,23,18
timeStep,numberOfRobotsOnBlackSite,numberOfRobotsOnWhiteSite
23770,23,18
timeStep,numberOfRobotsOnBlackSite,numberOfRobotsOnWhiteSite
23771,23,18
timeStep,numberOfRobotsOnBlackSite,numberOfRobotsOnWhiteSite
23772,23,18
timeStep,numberOfRobotsOnBlackSite,numberOfRobotsOnWhiteSite
23773,23,18
timeStep,numberOfRobotsOnBlackSite,numberOfRobotsOnWhiteSite
23774,23,18
timeStep,numberOfRobotsOnBlackSite,numberOfRobotsOnWhiteSite
23775,23,17
timeStep,numberOfRobotsOnBlackSite,numberOfRobotsOnWhiteSite
23776,23,17
timeStep,numberOfRobotsOnBlackSite,numberOfRobotsOnWhiteSite
23777,23,17
timeStep,numberOfRobotsOnBlackSite,numberOfRobotsOnWhiteSite
23778,23,17
timeStep,numberOfRobotsOnBlackSite,numberOfRobotsOnWhiteSite
23779,23,17
timeStep,numberOfRobotsOnBlackSite,numberOfRobotsOnWhiteSite
23780,23,17
timeStep,numberOfRobotsOnBlackSite,numberOfRobotsOnWhiteSite
23781,23,17
timeStep,numberOfRobotsOnBlackSite,numberOfRobotsOnWhiteSite
23782,23,17
timeStep,numberOfRobotsOnBlackSite,numberOfRobotsOnWhiteSite
23783,23,17
timeStep,numberOfRobotsOnBlackSite,numberOfRobotsOnWhiteSite
23784,23,17
timeStep,numberOfRobotsOnBlackSite,numberOfRobotsOnWhiteSite
23785,23,17
timeStep,numberOfRobotsOnBlackSite,numberOfRobotsOnWhiteSite
23786,23,17
timeStep,numberOfRobotsOnBlackSite,numberOfRobotsOnWhiteSite
23787,23,17
timeStep,numberOfRobotsOnBlackSite,numberOfRobotsOnWhiteSite
23788,23,17
timeStep,numberOfRobotsOnBlackSite,numberOfRobotsOnWhiteSite
23789,23,17
timeStep,numberOfRobotsOnBlackSite,numberOfRobotsOnWhiteSite
23790,23,17
timeStep,numberOfRobotsOnBlackSite,numberOfRobotsOnWhiteSite
23791,23,17
timeStep,numberOfRobotsOnBlackSite,numberOfRobotsOnWhiteSite
23792,23,17
timeStep,numberOfRobotsOnBlackSite,numberOfRobotsOnWhiteSite
23793,23,17
timeStep,numberOfRobotsOnBlackSite,numberOfRobotsOnWhiteSite
23794,23,17
timeStep,numberOfRobotsOnBlackSite,numberOfRobotsOnWhiteSite
23795,23,17
timeStep,numberOfRobotsOnBlackSite,numberOfRobotsOnWhiteSite
23796,23,17
timeStep,numberOfRobotsOnBlackSite,numberOfRobotsOnWhiteSite
23797,23,17
timeStep,numberOfRobotsOnBlackSite,numberOfRobotsOnWhiteSite
23798,23,17
timeStep,numberOfRobotsOnBlackSite,numberOfRobotsOnWhiteSite
23799,23,17
timeStep,numberOfRobotsOnBlackSite,numberOfRobotsOnWhiteSite
23800,23,17
timeStep,numberOfRobotsOnBlackSite,numberOfRobotsOnWhiteSite
23801,23,17
timeStep,numberOfRobotsOnBlackSite,numberOfRobotsOnWhiteSite
23802,23,17
timeStep,numberOfRobotsOnBlackSite,numberOfRobotsOnWhiteSite
23803,23,17
timeStep,numberOfRobotsOnBlackSite,numberOfRobotsOnWhiteSite
23804,23,17
timeStep,numberOfRobotsOnBlackSite,numberOfRobotsOnWhiteSite
23805,23,17
timeStep,numberOfRobotsOnBlackSite,numberOfRobotsOnWhiteSite
23806,23,17
timeStep,numberOfRobotsOnBlackSite,numberOfRobotsOnWhiteSite
23807,23,17
timeStep,numberOfRobotsOnBlackSite,numberOfRobotsOnWhiteSite
23808,23,17
timeStep,numberOfRobotsOnBlackSite,numberOfRobotsOnWhiteSite
23809,23,17
timeStep,numberOfRobotsOnBlackSite,numberOfRobotsOnWhiteSite
23810,23,16
timeStep,numberOfRobotsOnBlackSite,numberOfRobotsOnWhiteSite
23811,23,16
timeStep,numberOfRobotsOnBlackSite,numberOfRobotsOnWhiteSite
23812,23,16
timeStep,numberOfRobotsOnBlackSite,numberOfRobotsOnWhiteSite
23813,23,16
timeStep,numberOfRobotsOnBlackSite,numberOfRobotsOnWhiteSite
23814,23,16
timeStep,numberOfRobotsOnBlackSite,numberOfRobotsOnWhiteSite
23815,23,16
timeStep,numberOfRobotsOnBlackSite,numberOfRobotsOnWhiteSite
23816,23,16
timeStep,numberOfRobotsOnBlackSite,numberOfRobotsOnWhiteSite
23817,23,16
timeStep,numberOfRobotsOnBlackSite,numberOfRobotsOnWhiteSite
23818,23,16
timeStep,numberOfRobotsOnBlackSite,numberOfRobotsOnWhiteSite
23819,23,16
timeStep,numberOfRobotsOnBlackSite,numberOfRobotsOnWhiteSite
23820,23,16
timeStep,numberOfRobotsOnBlackSite,numberOfRobotsOnWhiteSite
23821,23,16
timeStep,numberOfRobotsOnBlackSite,numberOfRobotsOnWhiteSite
23822,23,16
timeStep,numberOfRobotsOnBlackSite,numberOfRobotsOnWhiteSite
23823,23,16
timeStep,numberOfRobotsOnBlackSite,numberOfRobotsOnWhiteSite
23824,23,16
timeStep,numberOfRobotsOnBlackSite,numberOfRobotsOnWhiteSite
23825,23,16
timeStep,numberOfRobotsOnBlackSite,numberOfRobotsOnWhiteSite
23826,23,16
timeStep,numberOfRobotsOnBlackSite,numberOfRobotsOnWhiteSite
23827,23,16
timeStep,numberOfRobotsOnBlackSite,numberOfRobotsOnWhiteSite
23828,23,16
timeStep,numberOfRobotsOnBlackSite,numberOfRobotsOnWhiteSite
23829,23,16
timeStep,numberOfRobotsOnBlackSite,numberOfRobotsOnWhiteSite
23830,23,16
timeStep,numberOfRobotsOnBlackSite,numberOfRobotsOnWhiteSite
23831,23,16
timeStep,numberOfRobotsOnBlackSite,numberOfRobotsOnWhiteSite
23832,23,16
timeStep,numberOfRobotsOnBlackSite,numberOfRobotsOnWhiteSite
23833,23,16
timeStep,numberOfRobotsOnBlackSite,numberOfRobotsOnWhiteSite
23834,23,16
timeStep,numberOfRobotsOnBlackSite,numberOfRobotsOnWhiteSite
23835,23,16
timeStep,numberOfRobotsOnBlackSite,numberOfRobotsOnWhiteSite
23836,23,16
timeStep,numberOfRobotsOnBlackSite,numberOfRobotsOnWhiteSite
23837,23,16
timeStep,numberOfRobotsOnBlackSite,numberOfRobotsOnWhiteSite
23838,23,16
timeStep,numberOfRobotsOnBlackSite,numberOfRobotsOnWhiteSite
23839,23,16
timeStep,numberOfRobotsOnBlackSite,numberOfRobotsOnWhiteSite
23840,23,16
timeStep,numberOfRobotsOnBlackSite,numberOfRobotsOnWhiteSite
23841,23,16
timeStep,numberOfRobotsOnBlackSite,numberOfRobotsOnWhiteSite
23842,23,16
timeStep,numberOfRobotsOnBlackSite,numberOfRobotsOnWhiteSite
23843,23,16
timeStep,numberOfRobotsOnBlackSite,numberOfRobotsOnWhiteSite
23844,23,16
timeStep,numberOfRobotsOnBlackSite,numberOfRobotsOnWhiteSite
23845,23,16
timeStep,numberOfRobotsOnBlackSite,numberOfRobotsOnWhiteSite
23846,23,16
timeStep,numberOfRobotsOnBlackSite,numberOfRobotsOnWhiteSite
23847,23,16
timeStep,numberOfRobotsOnBlackSite,numberOfRobotsOnWhiteSite
23848,23,16
timeStep,numberOfRobotsOnBlackSite,numberOfRobotsOnWhiteSite
23849,23,16
timeStep,numberOfRobotsOnBlackSite,numberOfRobotsOnWhiteSite
23850,23,16
timeStep,numberOfRobotsOnBlackSite,numberOfRobotsOnWhiteSite
23851,23,16
timeStep,numberOfRobotsOnBlackSite,numberOfRobotsOnWhiteSite
23852,23,16
timeStep,numberOfRobotsOnBlackSite,numberOfRobotsOnWhiteSite
23853,23,16
timeStep,numberOfRobotsOnBlackSite,numberOfRobotsOnWhiteSite
23854,23,16
timeStep,numberOfRobotsOnBlackSite,numberOfRobotsOnWhiteSite
23855,23,16
timeStep,numberOfRobotsOnBlackSite,numberOfRobotsOnWhiteSite
23856,23,16
timeStep,numberOfRobotsOnBlackSite,numberOfRobotsOnWhiteSite
23857,23,16
timeStep,numberOfRobotsOnBlackSite,numberOfRobotsOnWhiteSite
23858,23,16
timeStep,numberOfRobotsOnBlackSite,numberOfRobotsOnWhiteSite
23859,23,16
timeStep,numberOfRobotsOnBlackSite,numberOfRobotsOnWhiteSite
23860,23,16
timeStep,numberOfRobotsOnBlackSite,numberOfRobotsOnWhiteSite
23861,23,16
timeStep,numberOfRobotsOnBlackSite,numberOfRobotsOnWhiteSite
23862,23,16
timeStep,numberOfRobotsOnBlackSite,numberOfRobotsOnWhiteSite
23863,23,16
timeStep,numberOfRobotsOnBlackSite,numberOfRobotsOnWhiteSite
23864,23,16
timeStep,numberOfRobotsOnBlackSite,numberOfRobotsOnWhiteSite
23865,23,16
timeStep,numberOfRobotsOnBlackSite,numberOfRobotsOnWhiteSite
23866,23,16
timeStep,numberOfRobotsOnBlackSite,numberOfRobotsOnWhiteSite
23867,23,16
timeStep,numberOfRobotsOnBlackSite,numberOfRobotsOnWhiteSite
23868,23,16
timeStep,numberOfRobotsOnBlackSite,numberOfRobotsOnWhiteSite
23869,23,16
timeStep,numberOfRobotsOnBlackSite,numberOfRobotsOnWhiteSite
23870,23,16
timeStep,numberOfRobotsOnBlackSite,numberOfRobotsOnWhiteSite
23871,23,16
timeStep,numberOfRobotsOnBlackSite,numberOfRobotsOnWhiteSite
23872,23,16
timeStep,numberOfRobotsOnBlackSite,numberOfRobotsOnWhiteSite
23873,23,16
timeStep,numberOfRobotsOnBlackSite,numberOfRobotsOnWhiteSite
23874,23,16
timeStep,numberOfRobotsOnBlackSite,numberOfRobotsOnWhiteSite
23875,23,16
timeStep,numberOfRobotsOnBlackSite,numberOfRobotsOnWhiteSite
23876,23,16
timeStep,numberOfRobotsOnBlackSite,numberOfRobotsOnWhiteSite
23877,23,16
timeStep,numberOfRobotsOnBlackSite,numberOfRobotsOnWhiteSite
23878,23,16
timeStep,numberOfRobotsOnBlackSite,numberOfRobotsOnWhiteSite
23879,23,16
timeStep,numberOfRobotsOnBlackSite,numberOfRobotsOnWhiteSite
23880,24,16
timeStep,numberOfRobotsOnBlackSite,numberOfRobotsOnWhiteSite
23881,24,16
timeStep,numberOfRobotsOnBlackSite,numberOfRobotsOnWhiteSite
23882,24,16
timeStep,numberOfRobotsOnBlackSite,numberOfRobotsOnWhiteSite
23883,24,16
timeStep,numberOfRobotsOnBlackSite,numberOfRobotsOnWhiteSite
23884,24,16
timeStep,numberOfRobotsOnBlackSite,numberOfRobotsOnWhiteSite
23885,24,16
timeStep,numberOfRobotsOnBlackSite,numberOfRobotsOnWhiteSite
23886,24,16
timeStep,numberOfRobotsOnBlackSite,numberOfRobotsOnWhiteSite
23887,24,16
timeStep,numberOfRobotsOnBlackSite,numberOfRobotsOnWhiteSite
23888,24,16
timeStep,numberOfRobotsOnBlackSite,numberOfRobotsOnWhiteSite
23889,24,16
timeStep,numberOfRobotsOnBlackSite,numberOfRobotsOnWhiteSite
23890,24,16
timeStep,numberOfRobotsOnBlackSite,numberOfRobotsOnWhiteSite
23891,24,16
timeStep,numberOfRobotsOnBlackSite,numberOfRobotsOnWhiteSite
23892,24,16
timeStep,numberOfRobotsOnBlackSite,numberOfRobotsOnWhiteSite
23893,24,16
timeStep,numberOfRobotsOnBlackSite,numberOfRobotsOnWhiteSite
23894,24,16
timeStep,numberOfRobotsOnBlackSite,numberOfRobotsOnWhiteSite
23895,24,16
timeStep,numberOfRobotsOnBlackSite,numberOfRobotsOnWhiteSite
23896,24,16
timeStep,numberOfRobotsOnBlackSite,numberOfRobotsOnWhiteSite
23897,24,16
timeStep,numberOfRobotsOnBlackSite,numberOfRobotsOnWhiteSite
23898,24,16
timeStep,numberOfRobotsOnBlackSite,numberOfRobotsOnWhiteSite
23899,24,16
timeStep,numberOfRobotsOnBlackSite,numberOfRobotsOnWhiteSite
23900,24,16
timeStep,numberOfRobotsOnBlackSite,numberOfRobotsOnWhiteSite
23901,24,16
timeStep,numberOfRobotsOnBlackSite,numberOfRobotsOnWhiteSite
23902,24,16
timeStep,numberOfRobotsOnBlackSite,numberOfRobotsOnWhiteSite
23903,24,16
timeStep,numberOfRobotsOnBlackSite,numberOfRobotsOnWhiteSite
23904,24,16
timeStep,numberOfRobotsOnBlackSite,numberOfRobotsOnWhiteSite
23905,24,16
timeStep,numberOfRobotsOnBlackSite,numberOfRobotsOnWhiteSite
23906,24,16
timeStep,numberOfRobotsOnBlackSite,numberOfRobotsOnWhiteSite
23907,24,16
timeStep,numberOfRobotsOnBlackSite,numberOfRobotsOnWhiteSite
23908,24,16
timeStep,numberOfRobotsOnBlackSite,numberOfRobotsOnWhiteSite
23909,24,16
timeStep,numberOfRobotsOnBlackSite,numberOfRobotsOnWhiteSite
23910,24,16
timeStep,numberOfRobotsOnBlackSite,numberOfRobotsOnWhiteSite
23911,24,16
timeStep,numberOfRobotsOnBlackSite,numberOfRobotsOnWhiteSite
23912,24,16
timeStep,numberOfRobotsOnBlackSite,numberOfRobotsOnWhiteSite
23913,24,16
timeStep,numberOfRobotsOnBlackSite,numberOfRobotsOnWhiteSite
23914,24,16
timeStep,numberOfRobotsOnBlackSite,numberOfRobotsOnWhiteSite
23915,24,16
timeStep,numberOfRobotsOnBlackSite,numberOfRobotsOnWhiteSite
23916,24,16
timeStep,numberOfRobotsOnBlackSite,numberOfRobotsOnWhiteSite
23917,24,16
timeStep,numberOfRobotsOnBlackSite,numberOfRobotsOnWhiteSite
23918,24,16
timeStep,numberOfRobotsOnBlackSite,numberOfRobotsOnWhiteSite
23919,24,16
timeStep,numberOfRobotsOnBlackSite,numberOfRobotsOnWhiteSite
23920,24,16
timeStep,numberOfRobotsOnBlackSite,numberOfRobotsOnWhiteSite
23921,24,16
timeStep,numberOfRobotsOnBlackSite,numberOfRobotsOnWhiteSite
23922,24,16
timeStep,numberOfRobotsOnBlackSite,numberOfRobotsOnWhiteSite
23923,24,16
timeStep,numberOfRobotsOnBlackSite,numberOfRobotsOnWhiteSite
23924,24,16
timeStep,numberOfRobotsOnBlackSite,numberOfRobotsOnWhiteSite
23925,24,17
timeStep,numberOfRobotsOnBlackSite,numberOfRobotsOnWhiteSite
23926,24,17
timeStep,numberOfRobotsOnBlackSite,numberOfRobotsOnWhiteSite
23927,24,17
timeStep,numberOfRobotsOnBlackSite,numberOfRobotsOnWhiteSite
23928,24,17
timeStep,numberOfRobotsOnBlackSite,numberOfRobotsOnWhiteSite
23929,24,17
timeStep,numberOfRobotsOnBlackSite,numberOfRobotsOnWhiteSite
23930,24,17
timeStep,numberOfRobotsOnBlackSite,numberOfRobotsOnWhiteSite
23931,24,17
timeStep,numberOfRobotsOnBlackSite,numberOfRobotsOnWhiteSite
23932,24,17
timeStep,numberOfRobotsOnBlackSite,numberOfRobotsOnWhiteSite
23933,24,17
timeStep,numberOfRobotsOnBlackSite,numberOfRobotsOnWhiteSite
23934,24,17
timeStep,numberOfRobotsOnBlackSite,numberOfRobotsOnWhiteSite
23935,24,17
timeStep,numberOfRobotsOnBlackSite,numberOfRobotsOnWhiteSite
23936,24,17
timeStep,numberOfRobotsOnBlackSite,numberOfRobotsOnWhiteSite
23937,24,17
timeStep,numberOfRobotsOnBlackSite,numberOfRobotsOnWhiteSite
23938,24,17
timeStep,numberOfRobotsOnBlackSite,numberOfRobotsOnWhiteSite
23939,24,17
timeStep,numberOfRobotsOnBlackSite,numberOfRobotsOnWhiteSite
23940,24,17
timeStep,numberOfRobotsOnBlackSite,numberOfRobotsOnWhiteSite
23941,24,17
timeStep,numberOfRobotsOnBlackSite,numberOfRobotsOnWhiteSite
23942,24,17
timeStep,numberOfRobotsOnBlackSite,numberOfRobotsOnWhiteSite
23943,24,17
timeStep,numberOfRobotsOnBlackSite,numberOfRobotsOnWhiteSite
23944,24,17
timeStep,numberOfRobotsOnBlackSite,numberOfRobotsOnWhiteSite
23945,24,17
timeStep,numberOfRobotsOnBlackSite,numberOfRobotsOnWhiteSite
23946,24,17
timeStep,numberOfRobotsOnBlackSite,numberOfRobotsOnWhiteSite
23947,24,17
timeStep,numberOfRobotsOnBlackSite,numberOfRobotsOnWhiteSite
23948,24,17
timeStep,numberOfRobotsOnBlackSite,numberOfRobotsOnWhiteSite
23949,24,17
timeStep,numberOfRobotsOnBlackSite,numberOfRobotsOnWhiteSite
23950,24,17
timeStep,numberOfRobotsOnBlackSite,numberOfRobotsOnWhiteSite
23951,24,17
timeStep,numberOfRobotsOnBlackSite,numberOfRobotsOnWhiteSite
23952,24,17
timeStep,numberOfRobotsOnBlackSite,numberOfRobotsOnWhiteSite
23953,24,17
timeStep,numberOfRobotsOnBlackSite,numberOfRobotsOnWhiteSite
23954,24,17
timeStep,numberOfRobotsOnBlackSite,numberOfRobotsOnWhiteSite
23955,24,17
timeStep,numberOfRobotsOnBlackSite,numberOfRobotsOnWhiteSite
23956,24,17
timeStep,numberOfRobotsOnBlackSite,numberOfRobotsOnWhiteSite
23957,24,17
timeStep,numberOfRobotsOnBlackSite,numberOfRobotsOnWhiteSite
23958,24,17
timeStep,numberOfRobotsOnBlackSite,numberOfRobotsOnWhiteSite
23959,24,17
timeStep,numberOfRobotsOnBlackSite,numberOfRobotsOnWhiteSite
23960,25,17
timeStep,numberOfRobotsOnBlackSite,numberOfRobotsOnWhiteSite
23961,25,17
timeStep,numberOfRobotsOnBlackSite,numberOfRobotsOnWhiteSite
23962,25,17
timeStep,numberOfRobotsOnBlackSite,numberOfRobotsOnWhiteSite
23963,25,17
timeStep,numberOfRobotsOnBlackSite,numberOfRobotsOnWhiteSite
23964,25,17
timeStep,numberOfRobotsOnBlackSite,numberOfRobotsOnWhiteSite
23965,25,17
timeStep,numberOfRobotsOnBlackSite,numberOfRobotsOnWhiteSite
23966,25,17
timeStep,numberOfRobotsOnBlackSite,numberOfRobotsOnWhiteSite
23967,25,17
timeStep,numberOfRobotsOnBlackSite,numberOfRobotsOnWhiteSite
23968,25,17
timeStep,numberOfRobotsOnBlackSite,numberOfRobotsOnWhiteSite
23969,25,17
timeStep,numberOfRobotsOnBlackSite,numberOfRobotsOnWhiteSite
23970,25,17
timeStep,numberOfRobotsOnBlackSite,numberOfRobotsOnWhiteSite
23971,25,17
timeStep,numberOfRobotsOnBlackSite,numberOfRobotsOnWhiteSite
23972,25,17
timeStep,numberOfRobotsOnBlackSite,numberOfRobotsOnWhiteSite
23973,25,17
timeStep,numberOfRobotsOnBlackSite,numberOfRobotsOnWhiteSite
23974,25,17
timeStep,numberOfRobotsOnBlackSite,numberOfRobotsOnWhiteSite
23975,25,17
timeStep,numberOfRobotsOnBlackSite,numberOfRobotsOnWhiteSite
23976,25,17
timeStep,numberOfRobotsOnBlackSite,numberOfRobotsOnWhiteSite
23977,25,17
timeStep,numberOfRobotsOnBlackSite,numberOfRobotsOnWhiteSite
23978,25,17
timeStep,numberOfRobotsOnBlackSite,numberOfRobotsOnWhiteSite
23979,25,17
timeStep,numberOfRobotsOnBlackSite,numberOfRobotsOnWhiteSite
23980,25,17
timeStep,numberOfRobotsOnBlackSite,numberOfRobotsOnWhiteSite
23981,25,17
timeStep,numberOfRobotsOnBlackSite,numberOfRobotsOnWhiteSite
23982,25,17
timeStep,numberOfRobotsOnBlackSite,numberOfRobotsOnWhiteSite
23983,25,17
timeStep,numberOfRobotsOnBlackSite,numberOfRobotsOnWhiteSite
23984,25,17
timeStep,numberOfRobotsOnBlackSite,numberOfRobotsOnWhiteSite
23985,25,17
timeStep,numberOfRobotsOnBlackSite,numberOfRobotsOnWhiteSite
23986,25,17
timeStep,numberOfRobotsOnBlackSite,numberOfRobotsOnWhiteSite
23987,25,17
timeStep,numberOfRobotsOnBlackSite,numberOfRobotsOnWhiteSite
23988,25,17
timeStep,numberOfRobotsOnBlackSite,numberOfRobotsOnWhiteSite
23989,25,17
timeStep,numberOfRobotsOnBlackSite,numberOfRobotsOnWhiteSite
23990,25,17
timeStep,numberOfRobotsOnBlackSite,numberOfRobotsOnWhiteSite
23991,25,17
timeStep,numberOfRobotsOnBlackSite,numberOfRobotsOnWhiteSite
23992,25,17
timeStep,numberOfRobotsOnBlackSite,numberOfRobotsOnWhiteSite
23993,25,17
timeStep,numberOfRobotsOnBlackSite,numberOfRobotsOnWhiteSite
23994,25,17
timeStep,numberOfRobotsOnBlackSite,numberOfRobotsOnWhiteSite
23995,25,17
timeStep,numberOfRobotsOnBlackSite,numberOfRobotsOnWhiteSite
23996,25,17
timeStep,numberOfRobotsOnBlackSite,numberOfRobotsOnWhiteSite
23997,25,17
timeStep,numberOfRobotsOnBlackSite,numberOfRobotsOnWhiteSite
23998,25,17
timeStep,numberOfRobotsOnBlackSite,numberOfRobotsOnWhiteSite
23999,25,17
timeStep,numberOfRobotsOnBlackSite,numberOfRobotsOnWhiteSite
24000,25,17
timeStep,numberOfRobotsOnBlackSite,numberOfRobotsOnWhiteSite
24001,25,17
timeStep,numberOfRobotsOnBlackSite,numberOfRobotsOnWhiteSite
24002,25,17
timeStep,numberOfRobotsOnBlackSite,numberOfRobotsOnWhiteSite
24003,25,17
timeStep,numberOfRobotsOnBlackSite,numberOfRobotsOnWhiteSite
24004,25,17
timeStep,numberOfRobotsOnBlackSite,numberOfRobotsOnWhiteSite
24005,25,17
timeStep,numberOfRobotsOnBlackSite,numberOfRobotsOnWhiteSite
24006,25,17
timeStep,numberOfRobotsOnBlackSite,numberOfRobotsOnWhiteSite
24007,25,17
timeStep,numberOfRobotsOnBlackSite,numberOfRobotsOnWhiteSite
24008,25,17
timeStep,numberOfRobotsOnBlackSite,numberOfRobotsOnWhiteSite
24009,25,17
timeStep,numberOfRobotsOnBlackSite,numberOfRobotsOnWhiteSite
24010,25,17
timeStep,numberOfRobotsOnBlackSite,numberOfRobotsOnWhiteSite
24011,25,17
timeStep,numberOfRobotsOnBlackSite,numberOfRobotsOnWhiteSite
24012,25,17
timeStep,numberOfRobotsOnBlackSite,numberOfRobotsOnWhiteSite
24013,25,17
timeStep,numberOfRobotsOnBlackSite,numberOfRobotsOnWhiteSite
24014,25,17
timeStep,numberOfRobotsOnBlackSite,numberOfRobotsOnWhiteSite
24015,25,17
timeStep,numberOfRobotsOnBlackSite,numberOfRobotsOnWhiteSite
24016,25,17
timeStep,numberOfRobotsOnBlackSite,numberOfRobotsOnWhiteSite
24017,25,17
timeStep,numberOfRobotsOnBlackSite,numberOfRobotsOnWhiteSite
24018,25,17
timeStep,numberOfRobotsOnBlackSite,numberOfRobotsOnWhiteSite
24019,25,17
timeStep,numberOfRobotsOnBlackSite,numberOfRobotsOnWhiteSite
24020,25,17
timeStep,numberOfRobotsOnBlackSite,numberOfRobotsOnWhiteSite
24021,25,17
timeStep,numberOfRobotsOnBlackSite,numberOfRobotsOnWhiteSite
24022,25,17
timeStep,numberOfRobotsOnBlackSite,numberOfRobotsOnWhiteSite
24023,25,17
timeStep,numberOfRobotsOnBlackSite,numberOfRobotsOnWhiteSite
24024,25,17
timeStep,numberOfRobotsOnBlackSite,numberOfRobotsOnWhiteSite
24025,24,17
timeStep,numberOfRobotsOnBlackSite,numberOfRobotsOnWhiteSite
24026,24,17
timeStep,numberOfRobotsOnBlackSite,numberOfRobotsOnWhiteSite
24027,24,17
timeStep,numberOfRobotsOnBlackSite,numberOfRobotsOnWhiteSite
24028,24,17
timeStep,numberOfRobotsOnBlackSite,numberOfRobotsOnWhiteSite
24029,24,17
timeStep,numberOfRobotsOnBlackSite,numberOfRobotsOnWhiteSite
24030,24,17
timeStep,numberOfRobotsOnBlackSite,numberOfRobotsOnWhiteSite
24031,24,17
timeStep,numberOfRobotsOnBlackSite,numberOfRobotsOnWhiteSite
24032,24,17
timeStep,numberOfRobotsOnBlackSite,numberOfRobotsOnWhiteSite
24033,24,17
timeStep,numberOfRobotsOnBlackSite,numberOfRobotsOnWhiteSite
24034,24,17
timeStep,numberOfRobotsOnBlackSite,numberOfRobotsOnWhiteSite
24035,24,17
timeStep,numberOfRobotsOnBlackSite,numberOfRobotsOnWhiteSite
24036,24,17
timeStep,numberOfRobotsOnBlackSite,numberOfRobotsOnWhiteSite
24037,24,17
timeStep,numberOfRobotsOnBlackSite,numberOfRobotsOnWhiteSite
24038,24,17
timeStep,numberOfRobotsOnBlackSite,numberOfRobotsOnWhiteSite
24039,24,17
timeStep,numberOfRobotsOnBlackSite,numberOfRobotsOnWhiteSite
24040,24,17
timeStep,numberOfRobotsOnBlackSite,numberOfRobotsOnWhiteSite
24041,24,17
timeStep,numberOfRobotsOnBlackSite,numberOfRobotsOnWhiteSite
24042,24,17
timeStep,numberOfRobotsOnBlackSite,numberOfRobotsOnWhiteSite
24043,24,17
timeStep,numberOfRobotsOnBlackSite,numberOfRobotsOnWhiteSite
24044,24,17
timeStep,numberOfRobotsOnBlackSite,numberOfRobotsOnWhiteSite
24045,24,17
timeStep,numberOfRobotsOnBlackSite,numberOfRobotsOnWhiteSite
24046,24,17
timeStep,numberOfRobotsOnBlackSite,numberOfRobotsOnWhiteSite
24047,24,17
timeStep,numberOfRobotsOnBlackSite,numberOfRobotsOnWhiteSite
24048,24,17
timeStep,numberOfRobotsOnBlackSite,numberOfRobotsOnWhiteSite
24049,24,17
timeStep,numberOfRobotsOnBlackSite,numberOfRobotsOnWhiteSite
24050,24,17
timeStep,numberOfRobotsOnBlackSite,numberOfRobotsOnWhiteSite
24051,24,17
timeStep,numberOfRobotsOnBlackSite,numberOfRobotsOnWhiteSite
24052,24,17
timeStep,numberOfRobotsOnBlackSite,numberOfRobotsOnWhiteSite
24053,24,17
timeStep,numberOfRobotsOnBlackSite,numberOfRobotsOnWhiteSite
24054,24,17
timeStep,numberOfRobotsOnBlackSite,numberOfRobotsOnWhiteSite
24055,23,17
timeStep,numberOfRobotsOnBlackSite,numberOfRobotsOnWhiteSite
24056,23,17
timeStep,numberOfRobotsOnBlackSite,numberOfRobotsOnWhiteSite
24057,23,17
timeStep,numberOfRobotsOnBlackSite,numberOfRobotsOnWhiteSite
24058,23,17
timeStep,numberOfRobotsOnBlackSite,numberOfRobotsOnWhiteSite
24059,23,17
timeStep,numberOfRobotsOnBlackSite,numberOfRobotsOnWhiteSite
24060,23,17
timeStep,numberOfRobotsOnBlackSite,numberOfRobotsOnWhiteSite
24061,23,17
timeStep,numberOfRobotsOnBlackSite,numberOfRobotsOnWhiteSite
24062,23,17
timeStep,numberOfRobotsOnBlackSite,numberOfRobotsOnWhiteSite
24063,23,17
timeStep,numberOfRobotsOnBlackSite,numberOfRobotsOnWhiteSite
24064,23,17
timeStep,numberOfRobotsOnBlackSite,numberOfRobotsOnWhiteSite
24065,23,17
timeStep,numberOfRobotsOnBlackSite,numberOfRobotsOnWhiteSite
24066,23,17
timeStep,numberOfRobotsOnBlackSite,numberOfRobotsOnWhiteSite
24067,23,17
timeStep,numberOfRobotsOnBlackSite,numberOfRobotsOnWhiteSite
24068,23,17
timeStep,numberOfRobotsOnBlackSite,numberOfRobotsOnWhiteSite
24069,23,17
timeStep,numberOfRobotsOnBlackSite,numberOfRobotsOnWhiteSite
24070,23,17
timeStep,numberOfRobotsOnBlackSite,numberOfRobotsOnWhiteSite
24071,23,17
timeStep,numberOfRobotsOnBlackSite,numberOfRobotsOnWhiteSite
24072,23,17
timeStep,numberOfRobotsOnBlackSite,numberOfRobotsOnWhiteSite
24073,23,17
timeStep,numberOfRobotsOnBlackSite,numberOfRobotsOnWhiteSite
24074,23,17
timeStep,numberOfRobotsOnBlackSite,numberOfRobotsOnWhiteSite
24075,23,17
timeStep,numberOfRobotsOnBlackSite,numberOfRobotsOnWhiteSite
24076,23,17
timeStep,numberOfRobotsOnBlackSite,numberOfRobotsOnWhiteSite
24077,23,17
timeStep,numberOfRobotsOnBlackSite,numberOfRobotsOnWhiteSite
24078,23,17
timeStep,numberOfRobotsOnBlackSite,numberOfRobotsOnWhiteSite
24079,23,17
timeStep,numberOfRobotsOnBlackSite,numberOfRobotsOnWhiteSite
24080,24,17
timeStep,numberOfRobotsOnBlackSite,numberOfRobotsOnWhiteSite
24081,24,17
timeStep,numberOfRobotsOnBlackSite,numberOfRobotsOnWhiteSite
24082,24,17
timeStep,numberOfRobotsOnBlackSite,numberOfRobotsOnWhiteSite
24083,24,17
timeStep,numberOfRobotsOnBlackSite,numberOfRobotsOnWhiteSite
24084,24,17
timeStep,numberOfRobotsOnBlackSite,numberOfRobotsOnWhiteSite
24085,24,17
timeStep,numberOfRobotsOnBlackSite,numberOfRobotsOnWhiteSite
24086,24,17
timeStep,numberOfRobotsOnBlackSite,numberOfRobotsOnWhiteSite
24087,24,17
timeStep,numberOfRobotsOnBlackSite,numberOfRobotsOnWhiteSite
24088,24,17
timeStep,numberOfRobotsOnBlackSite,numberOfRobotsOnWhiteSite
24089,24,17
timeStep,numberOfRobotsOnBlackSite,numberOfRobotsOnWhiteSite
24090,24,17
timeStep,numberOfRobotsOnBlackSite,numberOfRobotsOnWhiteSite
24091,24,17
timeStep,numberOfRobotsOnBlackSite,numberOfRobotsOnWhiteSite
24092,24,17
timeStep,numberOfRobotsOnBlackSite,numberOfRobotsOnWhiteSite
24093,24,17
timeStep,numberOfRobotsOnBlackSite,numberOfRobotsOnWhiteSite
24094,24,17
timeStep,numberOfRobotsOnBlackSite,numberOfRobotsOnWhiteSite
24095,24,17
timeStep,numberOfRobotsOnBlackSite,numberOfRobotsOnWhiteSite
24096,24,17
timeStep,numberOfRobotsOnBlackSite,numberOfRobotsOnWhiteSite
24097,24,17
timeStep,numberOfRobotsOnBlackSite,numberOfRobotsOnWhiteSite
24098,24,17
timeStep,numberOfRobotsOnBlackSite,numberOfRobotsOnWhiteSite
24099,24,17
timeStep,numberOfRobotsOnBlackSite,numberOfRobotsOnWhiteSite
24100,24,17
timeStep,numberOfRobotsOnBlackSite,numberOfRobotsOnWhiteSite
24101,24,17
timeStep,numberOfRobotsOnBlackSite,numberOfRobotsOnWhiteSite
24102,24,17
timeStep,numberOfRobotsOnBlackSite,numberOfRobotsOnWhiteSite
24103,24,17
timeStep,numberOfRobotsOnBlackSite,numberOfRobotsOnWhiteSite
24104,24,17
timeStep,numberOfRobotsOnBlackSite,numberOfRobotsOnWhiteSite
24105,25,17
timeStep,numberOfRobotsOnBlackSite,numberOfRobotsOnWhiteSite
24106,25,17
timeStep,numberOfRobotsOnBlackSite,numberOfRobotsOnWhiteSite
24107,25,17
timeStep,numberOfRobotsOnBlackSite,numberOfRobotsOnWhiteSite
24108,25,17
timeStep,numberOfRobotsOnBlackSite,numberOfRobotsOnWhiteSite
24109,25,17
timeStep,numberOfRobotsOnBlackSite,numberOfRobotsOnWhiteSite
24110,25,17
timeStep,numberOfRobotsOnBlackSite,numberOfRobotsOnWhiteSite
24111,25,17
timeStep,numberOfRobotsOnBlackSite,numberOfRobotsOnWhiteSite
24112,25,17
timeStep,numberOfRobotsOnBlackSite,numberOfRobotsOnWhiteSite
24113,25,17
timeStep,numberOfRobotsOnBlackSite,numberOfRobotsOnWhiteSite
24114,25,17
timeStep,numberOfRobotsOnBlackSite,numberOfRobotsOnWhiteSite
24115,25,17
timeStep,numberOfRobotsOnBlackSite,numberOfRobotsOnWhiteSite
24116,25,17
timeStep,numberOfRobotsOnBlackSite,numberOfRobotsOnWhiteSite
24117,25,17
timeStep,numberOfRobotsOnBlackSite,numberOfRobotsOnWhiteSite
24118,25,17
timeStep,numberOfRobotsOnBlackSite,numberOfRobotsOnWhiteSite
24119,25,17
timeStep,numberOfRobotsOnBlackSite,numberOfRobotsOnWhiteSite
24120,25,17
timeStep,numberOfRobotsOnBlackSite,numberOfRobotsOnWhiteSite
24121,25,17
timeStep,numberOfRobotsOnBlackSite,numberOfRobotsOnWhiteSite
24122,25,17
timeStep,numberOfRobotsOnBlackSite,numberOfRobotsOnWhiteSite
24123,25,17
timeStep,numberOfRobotsOnBlackSite,numberOfRobotsOnWhiteSite
24124,25,17
timeStep,numberOfRobotsOnBlackSite,numberOfRobotsOnWhiteSite
24125,24,17
timeStep,numberOfRobotsOnBlackSite,numberOfRobotsOnWhiteSite
24126,24,17
timeStep,numberOfRobotsOnBlackSite,numberOfRobotsOnWhiteSite
24127,24,17
timeStep,numberOfRobotsOnBlackSite,numberOfRobotsOnWhiteSite
24128,24,17
timeStep,numberOfRobotsOnBlackSite,numberOfRobotsOnWhiteSite
24129,24,17
timeStep,numberOfRobotsOnBlackSite,numberOfRobotsOnWhiteSite
24130,24,17
timeStep,numberOfRobotsOnBlackSite,numberOfRobotsOnWhiteSite
24131,24,17
timeStep,numberOfRobotsOnBlackSite,numberOfRobotsOnWhiteSite
24132,24,17
timeStep,numberOfRobotsOnBlackSite,numberOfRobotsOnWhiteSite
24133,24,17
timeStep,numberOfRobotsOnBlackSite,numberOfRobotsOnWhiteSite
24134,24,17
timeStep,numberOfRobotsOnBlackSite,numberOfRobotsOnWhiteSite
24135,24,17
timeStep,numberOfRobotsOnBlackSite,numberOfRobotsOnWhiteSite
24136,24,17
timeStep,numberOfRobotsOnBlackSite,numberOfRobotsOnWhiteSite
24137,24,17
timeStep,numberOfRobotsOnBlackSite,numberOfRobotsOnWhiteSite
24138,24,17
timeStep,numberOfRobotsOnBlackSite,numberOfRobotsOnWhiteSite
24139,24,17
timeStep,numberOfRobotsOnBlackSite,numberOfRobotsOnWhiteSite
24140,24,17
timeStep,numberOfRobotsOnBlackSite,numberOfRobotsOnWhiteSite
24141,24,17
timeStep,numberOfRobotsOnBlackSite,numberOfRobotsOnWhiteSite
24142,24,17
timeStep,numberOfRobotsOnBlackSite,numberOfRobotsOnWhiteSite
24143,24,17
timeStep,numberOfRobotsOnBlackSite,numberOfRobotsOnWhiteSite
24144,24,17
timeStep,numberOfRobotsOnBlackSite,numberOfRobotsOnWhiteSite
24145,24,17
timeStep,numberOfRobotsOnBlackSite,numberOfRobotsOnWhiteSite
24146,24,17
timeStep,numberOfRobotsOnBlackSite,numberOfRobotsOnWhiteSite
24147,24,17
timeStep,numberOfRobotsOnBlackSite,numberOfRobotsOnWhiteSite
24148,24,17
timeStep,numberOfRobotsOnBlackSite,numberOfRobotsOnWhiteSite
24149,24,17
timeStep,numberOfRobotsOnBlackSite,numberOfRobotsOnWhiteSite
24150,24,17
timeStep,numberOfRobotsOnBlackSite,numberOfRobotsOnWhiteSite
24151,24,17
timeStep,numberOfRobotsOnBlackSite,numberOfRobotsOnWhiteSite
24152,24,17
timeStep,numberOfRobotsOnBlackSite,numberOfRobotsOnWhiteSite
24153,24,17
timeStep,numberOfRobotsOnBlackSite,numberOfRobotsOnWhiteSite
24154,24,17
timeStep,numberOfRobotsOnBlackSite,numberOfRobotsOnWhiteSite
24155,24,17
timeStep,numberOfRobotsOnBlackSite,numberOfRobotsOnWhiteSite
24156,24,17
timeStep,numberOfRobotsOnBlackSite,numberOfRobotsOnWhiteSite
24157,24,17
timeStep,numberOfRobotsOnBlackSite,numberOfRobotsOnWhiteSite
24158,24,17
timeStep,numberOfRobotsOnBlackSite,numberOfRobotsOnWhiteSite
24159,24,17
timeStep,numberOfRobotsOnBlackSite,numberOfRobotsOnWhiteSite
24160,24,17
timeStep,numberOfRobotsOnBlackSite,numberOfRobotsOnWhiteSite
24161,24,17
timeStep,numberOfRobotsOnBlackSite,numberOfRobotsOnWhiteSite
24162,24,17
timeStep,numberOfRobotsOnBlackSite,numberOfRobotsOnWhiteSite
24163,24,17
timeStep,numberOfRobotsOnBlackSite,numberOfRobotsOnWhiteSite
24164,24,17
timeStep,numberOfRobotsOnBlackSite,numberOfRobotsOnWhiteSite
24165,24,17
timeStep,numberOfRobotsOnBlackSite,numberOfRobotsOnWhiteSite
24166,24,17
timeStep,numberOfRobotsOnBlackSite,numberOfRobotsOnWhiteSite
24167,24,17
timeStep,numberOfRobotsOnBlackSite,numberOfRobotsOnWhiteSite
24168,24,17
timeStep,numberOfRobotsOnBlackSite,numberOfRobotsOnWhiteSite
24169,24,17
timeStep,numberOfRobotsOnBlackSite,numberOfRobotsOnWhiteSite
24170,24,17
timeStep,numberOfRobotsOnBlackSite,numberOfRobotsOnWhiteSite
24171,24,17
timeStep,numberOfRobotsOnBlackSite,numberOfRobotsOnWhiteSite
24172,24,17
timeStep,numberOfRobotsOnBlackSite,numberOfRobotsOnWhiteSite
24173,24,17
timeStep,numberOfRobotsOnBlackSite,numberOfRobotsOnWhiteSite
24174,24,17
timeStep,numberOfRobotsOnBlackSite,numberOfRobotsOnWhiteSite
24175,24,17
timeStep,numberOfRobotsOnBlackSite,numberOfRobotsOnWhiteSite
24176,24,17
timeStep,numberOfRobotsOnBlackSite,numberOfRobotsOnWhiteSite
24177,24,17
timeStep,numberOfRobotsOnBlackSite,numberOfRobotsOnWhiteSite
24178,24,17
timeStep,numberOfRobotsOnBlackSite,numberOfRobotsOnWhiteSite
24179,24,17
timeStep,numberOfRobotsOnBlackSite,numberOfRobotsOnWhiteSite
24180,24,17
timeStep,numberOfRobotsOnBlackSite,numberOfRobotsOnWhiteSite
24181,24,17
timeStep,numberOfRobotsOnBlackSite,numberOfRobotsOnWhiteSite
24182,24,17
timeStep,numberOfRobotsOnBlackSite,numberOfRobotsOnWhiteSite
24183,24,17
timeStep,numberOfRobotsOnBlackSite,numberOfRobotsOnWhiteSite
24184,24,17
timeStep,numberOfRobotsOnBlackSite,numberOfRobotsOnWhiteSite
24185,24,17
timeStep,numberOfRobotsOnBlackSite,numberOfRobotsOnWhiteSite
24186,24,17
timeStep,numberOfRobotsOnBlackSite,numberOfRobotsOnWhiteSite
24187,24,17
timeStep,numberOfRobotsOnBlackSite,numberOfRobotsOnWhiteSite
24188,24,17
timeStep,numberOfRobotsOnBlackSite,numberOfRobotsOnWhiteSite
24189,24,17
timeStep,numberOfRobotsOnBlackSite,numberOfRobotsOnWhiteSite
24190,24,17
timeStep,numberOfRobotsOnBlackSite,numberOfRobotsOnWhiteSite
24191,24,17
timeStep,numberOfRobotsOnBlackSite,numberOfRobotsOnWhiteSite
24192,24,17
timeStep,numberOfRobotsOnBlackSite,numberOfRobotsOnWhiteSite
24193,24,17
timeStep,numberOfRobotsOnBlackSite,numberOfRobotsOnWhiteSite
24194,24,17
timeStep,numberOfRobotsOnBlackSite,numberOfRobotsOnWhiteSite
24195,24,17
timeStep,numberOfRobotsOnBlackSite,numberOfRobotsOnWhiteSite
24196,24,17
timeStep,numberOfRobotsOnBlackSite,numberOfRobotsOnWhiteSite
24197,24,17
timeStep,numberOfRobotsOnBlackSite,numberOfRobotsOnWhiteSite
24198,24,17
timeStep,numberOfRobotsOnBlackSite,numberOfRobotsOnWhiteSite
24199,24,17
timeStep,numberOfRobotsOnBlackSite,numberOfRobotsOnWhiteSite
24200,24,17
timeStep,numberOfRobotsOnBlackSite,numberOfRobotsOnWhiteSite
24201,24,17
timeStep,numberOfRobotsOnBlackSite,numberOfRobotsOnWhiteSite
24202,24,17
timeStep,numberOfRobotsOnBlackSite,numberOfRobotsOnWhiteSite
24203,24,17
timeStep,numberOfRobotsOnBlackSite,numberOfRobotsOnWhiteSite
24204,24,17
timeStep,numberOfRobotsOnBlackSite,numberOfRobotsOnWhiteSite
24205,24,17
timeStep,numberOfRobotsOnBlackSite,numberOfRobotsOnWhiteSite
24206,24,17
timeStep,numberOfRobotsOnBlackSite,numberOfRobotsOnWhiteSite
24207,24,17
timeStep,numberOfRobotsOnBlackSite,numberOfRobotsOnWhiteSite
24208,24,17
timeStep,numberOfRobotsOnBlackSite,numberOfRobotsOnWhiteSite
24209,24,17
timeStep,numberOfRobotsOnBlackSite,numberOfRobotsOnWhiteSite
24210,24,17
timeStep,numberOfRobotsOnBlackSite,numberOfRobotsOnWhiteSite
24211,24,17
timeStep,numberOfRobotsOnBlackSite,numberOfRobotsOnWhiteSite
24212,24,17
timeStep,numberOfRobotsOnBlackSite,numberOfRobotsOnWhiteSite
24213,24,17
timeStep,numberOfRobotsOnBlackSite,numberOfRobotsOnWhiteSite
24214,24,17
timeStep,numberOfRobotsOnBlackSite,numberOfRobotsOnWhiteSite
24215,24,17
timeStep,numberOfRobotsOnBlackSite,numberOfRobotsOnWhiteSite
24216,24,17
timeStep,numberOfRobotsOnBlackSite,numberOfRobotsOnWhiteSite
24217,24,17
timeStep,numberOfRobotsOnBlackSite,numberOfRobotsOnWhiteSite
24218,24,17
timeStep,numberOfRobotsOnBlackSite,numberOfRobotsOnWhiteSite
24219,24,17
timeStep,numberOfRobotsOnBlackSite,numberOfRobotsOnWhiteSite
24220,24,17
timeStep,numberOfRobotsOnBlackSite,numberOfRobotsOnWhiteSite
24221,24,17
timeStep,numberOfRobotsOnBlackSite,numberOfRobotsOnWhiteSite
24222,24,17
timeStep,numberOfRobotsOnBlackSite,numberOfRobotsOnWhiteSite
24223,24,17
timeStep,numberOfRobotsOnBlackSite,numberOfRobotsOnWhiteSite
24224,24,17
timeStep,numberOfRobotsOnBlackSite,numberOfRobotsOnWhiteSite
24225,24,17
timeStep,numberOfRobotsOnBlackSite,numberOfRobotsOnWhiteSite
24226,24,17
timeStep,numberOfRobotsOnBlackSite,numberOfRobotsOnWhiteSite
24227,24,17
timeStep,numberOfRobotsOnBlackSite,numberOfRobotsOnWhiteSite
24228,24,17
timeStep,numberOfRobotsOnBlackSite,numberOfRobotsOnWhiteSite
24229,24,17
timeStep,numberOfRobotsOnBlackSite,numberOfRobotsOnWhiteSite
24230,24,17
timeStep,numberOfRobotsOnBlackSite,numberOfRobotsOnWhiteSite
24231,24,17
timeStep,numberOfRobotsOnBlackSite,numberOfRobotsOnWhiteSite
24232,24,17
timeStep,numberOfRobotsOnBlackSite,numberOfRobotsOnWhiteSite
24233,24,17
timeStep,numberOfRobotsOnBlackSite,numberOfRobotsOnWhiteSite
24234,24,17
timeStep,numberOfRobotsOnBlackSite,numberOfRobotsOnWhiteSite
24235,24,17
timeStep,numberOfRobotsOnBlackSite,numberOfRobotsOnWhiteSite
24236,24,17
timeStep,numberOfRobotsOnBlackSite,numberOfRobotsOnWhiteSite
24237,24,17
timeStep,numberOfRobotsOnBlackSite,numberOfRobotsOnWhiteSite
24238,24,17
timeStep,numberOfRobotsOnBlackSite,numberOfRobotsOnWhiteSite
24239,24,17
timeStep,numberOfRobotsOnBlackSite,numberOfRobotsOnWhiteSite
24240,24,17
timeStep,numberOfRobotsOnBlackSite,numberOfRobotsOnWhiteSite
24241,24,17
timeStep,numberOfRobotsOnBlackSite,numberOfRobotsOnWhiteSite
24242,24,17
timeStep,numberOfRobotsOnBlackSite,numberOfRobotsOnWhiteSite
24243,24,17
timeStep,numberOfRobotsOnBlackSite,numberOfRobotsOnWhiteSite
24244,24,17
timeStep,numberOfRobotsOnBlackSite,numberOfRobotsOnWhiteSite
24245,24,17
timeStep,numberOfRobotsOnBlackSite,numberOfRobotsOnWhiteSite
24246,24,17
timeStep,numberOfRobotsOnBlackSite,numberOfRobotsOnWhiteSite
24247,24,17
timeStep,numberOfRobotsOnBlackSite,numberOfRobotsOnWhiteSite
24248,24,17
timeStep,numberOfRobotsOnBlackSite,numberOfRobotsOnWhiteSite
24249,24,17
timeStep,numberOfRobotsOnBlackSite,numberOfRobotsOnWhiteSite
24250,24,17
timeStep,numberOfRobotsOnBlackSite,numberOfRobotsOnWhiteSite
24251,24,17
timeStep,numberOfRobotsOnBlackSite,numberOfRobotsOnWhiteSite
24252,24,17
timeStep,numberOfRobotsOnBlackSite,numberOfRobotsOnWhiteSite
24253,24,17
timeStep,numberOfRobotsOnBlackSite,numberOfRobotsOnWhiteSite
24254,24,17
timeStep,numberOfRobotsOnBlackSite,numberOfRobotsOnWhiteSite
24255,24,17
timeStep,numberOfRobotsOnBlackSite,numberOfRobotsOnWhiteSite
24256,24,17
timeStep,numberOfRobotsOnBlackSite,numberOfRobotsOnWhiteSite
24257,24,17
timeStep,numberOfRobotsOnBlackSite,numberOfRobotsOnWhiteSite
24258,24,17
timeStep,numberOfRobotsOnBlackSite,numberOfRobotsOnWhiteSite
24259,24,17
timeStep,numberOfRobotsOnBlackSite,numberOfRobotsOnWhiteSite
24260,24,17
timeStep,numberOfRobotsOnBlackSite,numberOfRobotsOnWhiteSite
24261,24,17
timeStep,numberOfRobotsOnBlackSite,numberOfRobotsOnWhiteSite
24262,24,17
timeStep,numberOfRobotsOnBlackSite,numberOfRobotsOnWhiteSite
24263,24,17
timeStep,numberOfRobotsOnBlackSite,numberOfRobotsOnWhiteSite
24264,24,17
timeStep,numberOfRobotsOnBlackSite,numberOfRobotsOnWhiteSite
24265,24,17
timeStep,numberOfRobotsOnBlackSite,numberOfRobotsOnWhiteSite
24266,24,17
timeStep,numberOfRobotsOnBlackSite,numberOfRobotsOnWhiteSite
24267,24,17
timeStep,numberOfRobotsOnBlackSite,numberOfRobotsOnWhiteSite
24268,24,17
timeStep,numberOfRobotsOnBlackSite,numberOfRobotsOnWhiteSite
24269,24,17
timeStep,numberOfRobotsOnBlackSite,numberOfRobotsOnWhiteSite
24270,24,17
timeStep,numberOfRobotsOnBlackSite,numberOfRobotsOnWhiteSite
24271,24,17
timeStep,numberOfRobotsOnBlackSite,numberOfRobotsOnWhiteSite
24272,24,17
timeStep,numberOfRobotsOnBlackSite,numberOfRobotsOnWhiteSite
24273,24,17
timeStep,numberOfRobotsOnBlackSite,numberOfRobotsOnWhiteSite
24274,24,17
timeStep,numberOfRobotsOnBlackSite,numberOfRobotsOnWhiteSite
24275,23,17
timeStep,numberOfRobotsOnBlackSite,numberOfRobotsOnWhiteSite
24276,23,17
timeStep,numberOfRobotsOnBlackSite,numberOfRobotsOnWhiteSite
24277,23,17
timeStep,numberOfRobotsOnBlackSite,numberOfRobotsOnWhiteSite
24278,23,17
timeStep,numberOfRobotsOnBlackSite,numberOfRobotsOnWhiteSite
24279,23,17
timeStep,numberOfRobotsOnBlackSite,numberOfRobotsOnWhiteSite
24280,23,17
timeStep,numberOfRobotsOnBlackSite,numberOfRobotsOnWhiteSite
24281,23,17
timeStep,numberOfRobotsOnBlackSite,numberOfRobotsOnWhiteSite
24282,23,17
timeStep,numberOfRobotsOnBlackSite,numberOfRobotsOnWhiteSite
24283,23,17
timeStep,numberOfRobotsOnBlackSite,numberOfRobotsOnWhiteSite
24284,23,17
timeStep,numberOfRobotsOnBlackSite,numberOfRobotsOnWhiteSite
24285,23,17
timeStep,numberOfRobotsOnBlackSite,numberOfRobotsOnWhiteSite
24286,23,17
timeStep,numberOfRobotsOnBlackSite,numberOfRobotsOnWhiteSite
24287,23,17
timeStep,numberOfRobotsOnBlackSite,numberOfRobotsOnWhiteSite
24288,23,17
timeStep,numberOfRobotsOnBlackSite,numberOfRobotsOnWhiteSite
24289,23,17
timeStep,numberOfRobotsOnBlackSite,numberOfRobotsOnWhiteSite
24290,23,17
timeStep,numberOfRobotsOnBlackSite,numberOfRobotsOnWhiteSite
24291,23,17
timeStep,numberOfRobotsOnBlackSite,numberOfRobotsOnWhiteSite
24292,23,17
timeStep,numberOfRobotsOnBlackSite,numberOfRobotsOnWhiteSite
24293,23,17
timeStep,numberOfRobotsOnBlackSite,numberOfRobotsOnWhiteSite
24294,23,17
timeStep,numberOfRobotsOnBlackSite,numberOfRobotsOnWhiteSite
24295,23,17
timeStep,numberOfRobotsOnBlackSite,numberOfRobotsOnWhiteSite
24296,23,17
timeStep,numberOfRobotsOnBlackSite,numberOfRobotsOnWhiteSite
24297,23,17
timeStep,numberOfRobotsOnBlackSite,numberOfRobotsOnWhiteSite
24298,23,17
timeStep,numberOfRobotsOnBlackSite,numberOfRobotsOnWhiteSite
24299,23,17
timeStep,numberOfRobotsOnBlackSite,numberOfRobotsOnWhiteSite
24300,23,17
timeStep,numberOfRobotsOnBlackSite,numberOfRobotsOnWhiteSite
24301,23,17
timeStep,numberOfRobotsOnBlackSite,numberOfRobotsOnWhiteSite
24302,23,17
timeStep,numberOfRobotsOnBlackSite,numberOfRobotsOnWhiteSite
24303,23,17
timeStep,numberOfRobotsOnBlackSite,numberOfRobotsOnWhiteSite
24304,23,17
timeStep,numberOfRobotsOnBlackSite,numberOfRobotsOnWhiteSite
24305,23,17
timeStep,numberOfRobotsOnBlackSite,numberOfRobotsOnWhiteSite
24306,23,17
timeStep,numberOfRobotsOnBlackSite,numberOfRobotsOnWhiteSite
24307,23,17
timeStep,numberOfRobotsOnBlackSite,numberOfRobotsOnWhiteSite
24308,23,17
timeStep,numberOfRobotsOnBlackSite,numberOfRobotsOnWhiteSite
24309,23,17
timeStep,numberOfRobotsOnBlackSite,numberOfRobotsOnWhiteSite
24310,22,17
timeStep,numberOfRobotsOnBlackSite,numberOfRobotsOnWhiteSite
24311,22,17
timeStep,numberOfRobotsOnBlackSite,numberOfRobotsOnWhiteSite
24312,22,17
timeStep,numberOfRobotsOnBlackSite,numberOfRobotsOnWhiteSite
24313,22,17
timeStep,numberOfRobotsOnBlackSite,numberOfRobotsOnWhiteSite
24314,22,17
timeStep,numberOfRobotsOnBlackSite,numberOfRobotsOnWhiteSite
24315,22,17
timeStep,numberOfRobotsOnBlackSite,numberOfRobotsOnWhiteSite
24316,22,17
timeStep,numberOfRobotsOnBlackSite,numberOfRobotsOnWhiteSite
24317,22,17
timeStep,numberOfRobotsOnBlackSite,numberOfRobotsOnWhiteSite
24318,22,17
timeStep,numberOfRobotsOnBlackSite,numberOfRobotsOnWhiteSite
24319,22,17
timeStep,numberOfRobotsOnBlackSite,numberOfRobotsOnWhiteSite
24320,22,17
timeStep,numberOfRobotsOnBlackSite,numberOfRobotsOnWhiteSite
24321,22,17
timeStep,numberOfRobotsOnBlackSite,numberOfRobotsOnWhiteSite
24322,22,17
timeStep,numberOfRobotsOnBlackSite,numberOfRobotsOnWhiteSite
24323,22,17
timeStep,numberOfRobotsOnBlackSite,numberOfRobotsOnWhiteSite
24324,22,17
timeStep,numberOfRobotsOnBlackSite,numberOfRobotsOnWhiteSite
24325,22,17
timeStep,numberOfRobotsOnBlackSite,numberOfRobotsOnWhiteSite
24326,22,17
timeStep,numberOfRobotsOnBlackSite,numberOfRobotsOnWhiteSite
24327,22,17
timeStep,numberOfRobotsOnBlackSite,numberOfRobotsOnWhiteSite
24328,22,17
timeStep,numberOfRobotsOnBlackSite,numberOfRobotsOnWhiteSite
24329,22,17
timeStep,numberOfRobotsOnBlackSite,numberOfRobotsOnWhiteSite
24330,22,17
timeStep,numberOfRobotsOnBlackSite,numberOfRobotsOnWhiteSite
24331,22,17
timeStep,numberOfRobotsOnBlackSite,numberOfRobotsOnWhiteSite
24332,22,17
timeStep,numberOfRobotsOnBlackSite,numberOfRobotsOnWhiteSite
24333,22,17
timeStep,numberOfRobotsOnBlackSite,numberOfRobotsOnWhiteSite
24334,22,17
timeStep,numberOfRobotsOnBlackSite,numberOfRobotsOnWhiteSite
24335,22,17
timeStep,numberOfRobotsOnBlackSite,numberOfRobotsOnWhiteSite
24336,22,17
timeStep,numberOfRobotsOnBlackSite,numberOfRobotsOnWhiteSite
24337,22,17
timeStep,numberOfRobotsOnBlackSite,numberOfRobotsOnWhiteSite
24338,22,17
timeStep,numberOfRobotsOnBlackSite,numberOfRobotsOnWhiteSite
24339,22,17
timeStep,numberOfRobotsOnBlackSite,numberOfRobotsOnWhiteSite
24340,22,17
timeStep,numberOfRobotsOnBlackSite,numberOfRobotsOnWhiteSite
24341,22,17
timeStep,numberOfRobotsOnBlackSite,numberOfRobotsOnWhiteSite
24342,22,17
timeStep,numberOfRobotsOnBlackSite,numberOfRobotsOnWhiteSite
24343,22,17
timeStep,numberOfRobotsOnBlackSite,numberOfRobotsOnWhiteSite
24344,22,17
timeStep,numberOfRobotsOnBlackSite,numberOfRobotsOnWhiteSite
24345,22,17
timeStep,numberOfRobotsOnBlackSite,numberOfRobotsOnWhiteSite
24346,22,17
timeStep,numberOfRobotsOnBlackSite,numberOfRobotsOnWhiteSite
24347,22,17
timeStep,numberOfRobotsOnBlackSite,numberOfRobotsOnWhiteSite
24348,22,17
timeStep,numberOfRobotsOnBlackSite,numberOfRobotsOnWhiteSite
24349,22,17
timeStep,numberOfRobotsOnBlackSite,numberOfRobotsOnWhiteSite
24350,22,17
timeStep,numberOfRobotsOnBlackSite,numberOfRobotsOnWhiteSite
24351,22,17
timeStep,numberOfRobotsOnBlackSite,numberOfRobotsOnWhiteSite
24352,22,17
timeStep,numberOfRobotsOnBlackSite,numberOfRobotsOnWhiteSite
24353,22,17
timeStep,numberOfRobotsOnBlackSite,numberOfRobotsOnWhiteSite
24354,22,17
timeStep,numberOfRobotsOnBlackSite,numberOfRobotsOnWhiteSite
24355,22,17
timeStep,numberOfRobotsOnBlackSite,numberOfRobotsOnWhiteSite
24356,22,17
timeStep,numberOfRobotsOnBlackSite,numberOfRobotsOnWhiteSite
24357,22,17
timeStep,numberOfRobotsOnBlackSite,numberOfRobotsOnWhiteSite
24358,22,17
timeStep,numberOfRobotsOnBlackSite,numberOfRobotsOnWhiteSite
24359,22,17
timeStep,numberOfRobotsOnBlackSite,numberOfRobotsOnWhiteSite
24360,22,17
timeStep,numberOfRobotsOnBlackSite,numberOfRobotsOnWhiteSite
24361,22,17
timeStep,numberOfRobotsOnBlackSite,numberOfRobotsOnWhiteSite
24362,22,17
timeStep,numberOfRobotsOnBlackSite,numberOfRobotsOnWhiteSite
24363,22,17
timeStep,numberOfRobotsOnBlackSite,numberOfRobotsOnWhiteSite
24364,22,17
timeStep,numberOfRobotsOnBlackSite,numberOfRobotsOnWhiteSite
24365,22,17
timeStep,numberOfRobotsOnBlackSite,numberOfRobotsOnWhiteSite
24366,22,17
timeStep,numberOfRobotsOnBlackSite,numberOfRobotsOnWhiteSite
24367,22,17
timeStep,numberOfRobotsOnBlackSite,numberOfRobotsOnWhiteSite
24368,22,17
timeStep,numberOfRobotsOnBlackSite,numberOfRobotsOnWhiteSite
24369,22,17
timeStep,numberOfRobotsOnBlackSite,numberOfRobotsOnWhiteSite
24370,22,17
timeStep,numberOfRobotsOnBlackSite,numberOfRobotsOnWhiteSite
24371,22,17
timeStep,numberOfRobotsOnBlackSite,numberOfRobotsOnWhiteSite
24372,22,17
timeStep,numberOfRobotsOnBlackSite,numberOfRobotsOnWhiteSite
24373,22,17
timeStep,numberOfRobotsOnBlackSite,numberOfRobotsOnWhiteSite
24374,22,17
timeStep,numberOfRobotsOnBlackSite,numberOfRobotsOnWhiteSite
24375,22,17
timeStep,numberOfRobotsOnBlackSite,numberOfRobotsOnWhiteSite
24376,22,17
timeStep,numberOfRobotsOnBlackSite,numberOfRobotsOnWhiteSite
24377,22,17
timeStep,numberOfRobotsOnBlackSite,numberOfRobotsOnWhiteSite
24378,22,17
timeStep,numberOfRobotsOnBlackSite,numberOfRobotsOnWhiteSite
24379,22,17
timeStep,numberOfRobotsOnBlackSite,numberOfRobotsOnWhiteSite
24380,22,17
timeStep,numberOfRobotsOnBlackSite,numberOfRobotsOnWhiteSite
24381,22,17
timeStep,numberOfRobotsOnBlackSite,numberOfRobotsOnWhiteSite
24382,22,17
timeStep,numberOfRobotsOnBlackSite,numberOfRobotsOnWhiteSite
24383,22,17
timeStep,numberOfRobotsOnBlackSite,numberOfRobotsOnWhiteSite
24384,22,17
timeStep,numberOfRobotsOnBlackSite,numberOfRobotsOnWhiteSite
24385,22,17
timeStep,numberOfRobotsOnBlackSite,numberOfRobotsOnWhiteSite
24386,22,17
timeStep,numberOfRobotsOnBlackSite,numberOfRobotsOnWhiteSite
24387,22,17
timeStep,numberOfRobotsOnBlackSite,numberOfRobotsOnWhiteSite
24388,22,17
timeStep,numberOfRobotsOnBlackSite,numberOfRobotsOnWhiteSite
24389,22,17
timeStep,numberOfRobotsOnBlackSite,numberOfRobotsOnWhiteSite
24390,22,17
timeStep,numberOfRobotsOnBlackSite,numberOfRobotsOnWhiteSite
24391,22,17
timeStep,numberOfRobotsOnBlackSite,numberOfRobotsOnWhiteSite
24392,22,17
timeStep,numberOfRobotsOnBlackSite,numberOfRobotsOnWhiteSite
24393,22,17
timeStep,numberOfRobotsOnBlackSite,numberOfRobotsOnWhiteSite
24394,22,17
timeStep,numberOfRobotsOnBlackSite,numberOfRobotsOnWhiteSite
24395,23,17
timeStep,numberOfRobotsOnBlackSite,numberOfRobotsOnWhiteSite
24396,23,17
timeStep,numberOfRobotsOnBlackSite,numberOfRobotsOnWhiteSite
24397,23,17
timeStep,numberOfRobotsOnBlackSite,numberOfRobotsOnWhiteSite
24398,23,17
timeStep,numberOfRobotsOnBlackSite,numberOfRobotsOnWhiteSite
24399,23,17
timeStep,numberOfRobotsOnBlackSite,numberOfRobotsOnWhiteSite
24400,23,17
timeStep,numberOfRobotsOnBlackSite,numberOfRobotsOnWhiteSite
24401,23,17
timeStep,numberOfRobotsOnBlackSite,numberOfRobotsOnWhiteSite
24402,23,17
timeStep,numberOfRobotsOnBlackSite,numberOfRobotsOnWhiteSite
24403,23,17
timeStep,numberOfRobotsOnBlackSite,numberOfRobotsOnWhiteSite
24404,23,17
timeStep,numberOfRobotsOnBlackSite,numberOfRobotsOnWhiteSite
24405,23,18
timeStep,numberOfRobotsOnBlackSite,numberOfRobotsOnWhiteSite
24406,23,18
timeStep,numberOfRobotsOnBlackSite,numberOfRobotsOnWhiteSite
24407,23,18
timeStep,numberOfRobotsOnBlackSite,numberOfRobotsOnWhiteSite
24408,23,18
timeStep,numberOfRobotsOnBlackSite,numberOfRobotsOnWhiteSite
24409,23,18
timeStep,numberOfRobotsOnBlackSite,numberOfRobotsOnWhiteSite
24410,23,18
timeStep,numberOfRobotsOnBlackSite,numberOfRobotsOnWhiteSite
24411,23,18
timeStep,numberOfRobotsOnBlackSite,numberOfRobotsOnWhiteSite
24412,23,18
timeStep,numberOfRobotsOnBlackSite,numberOfRobotsOnWhiteSite
24413,23,18
timeStep,numberOfRobotsOnBlackSite,numberOfRobotsOnWhiteSite
24414,23,18
timeStep,numberOfRobotsOnBlackSite,numberOfRobotsOnWhiteSite
24415,23,18
timeStep,numberOfRobotsOnBlackSite,numberOfRobotsOnWhiteSite
24416,23,18
timeStep,numberOfRobotsOnBlackSite,numberOfRobotsOnWhiteSite
24417,23,18
timeStep,numberOfRobotsOnBlackSite,numberOfRobotsOnWhiteSite
24418,23,18
timeStep,numberOfRobotsOnBlackSite,numberOfRobotsOnWhiteSite
24419,23,18
timeStep,numberOfRobotsOnBlackSite,numberOfRobotsOnWhiteSite
24420,23,18
timeStep,numberOfRobotsOnBlackSite,numberOfRobotsOnWhiteSite
24421,23,18
timeStep,numberOfRobotsOnBlackSite,numberOfRobotsOnWhiteSite
24422,23,18
timeStep,numberOfRobotsOnBlackSite,numberOfRobotsOnWhiteSite
24423,23,18
timeStep,numberOfRobotsOnBlackSite,numberOfRobotsOnWhiteSite
24424,23,18
timeStep,numberOfRobotsOnBlackSite,numberOfRobotsOnWhiteSite
24425,23,18
timeStep,numberOfRobotsOnBlackSite,numberOfRobotsOnWhiteSite
24426,23,18
timeStep,numberOfRobotsOnBlackSite,numberOfRobotsOnWhiteSite
24427,23,18
timeStep,numberOfRobotsOnBlackSite,numberOfRobotsOnWhiteSite
24428,23,18
timeStep,numberOfRobotsOnBlackSite,numberOfRobotsOnWhiteSite
24429,23,18
timeStep,numberOfRobotsOnBlackSite,numberOfRobotsOnWhiteSite
24430,23,18
timeStep,numberOfRobotsOnBlackSite,numberOfRobotsOnWhiteSite
24431,23,18
timeStep,numberOfRobotsOnBlackSite,numberOfRobotsOnWhiteSite
24432,23,18
timeStep,numberOfRobotsOnBlackSite,numberOfRobotsOnWhiteSite
24433,23,18
timeStep,numberOfRobotsOnBlackSite,numberOfRobotsOnWhiteSite
24434,23,18
timeStep,numberOfRobotsOnBlackSite,numberOfRobotsOnWhiteSite
24435,23,18
timeStep,numberOfRobotsOnBlackSite,numberOfRobotsOnWhiteSite
24436,23,18
timeStep,numberOfRobotsOnBlackSite,numberOfRobotsOnWhiteSite
24437,23,18
timeStep,numberOfRobotsOnBlackSite,numberOfRobotsOnWhiteSite
24438,23,18
timeStep,numberOfRobotsOnBlackSite,numberOfRobotsOnWhiteSite
24439,23,18
timeStep,numberOfRobotsOnBlackSite,numberOfRobotsOnWhiteSite
24440,23,18
timeStep,numberOfRobotsOnBlackSite,numberOfRobotsOnWhiteSite
24441,23,18
timeStep,numberOfRobotsOnBlackSite,numberOfRobotsOnWhiteSite
24442,23,18
timeStep,numberOfRobotsOnBlackSite,numberOfRobotsOnWhiteSite
24443,23,18
timeStep,numberOfRobotsOnBlackSite,numberOfRobotsOnWhiteSite
24444,23,18
timeStep,numberOfRobotsOnBlackSite,numberOfRobotsOnWhiteSite
24445,23,18
timeStep,numberOfRobotsOnBlackSite,numberOfRobotsOnWhiteSite
24446,23,18
timeStep,numberOfRobotsOnBlackSite,numberOfRobotsOnWhiteSite
24447,23,18
timeStep,numberOfRobotsOnBlackSite,numberOfRobotsOnWhiteSite
24448,23,18
timeStep,numberOfRobotsOnBlackSite,numberOfRobotsOnWhiteSite
24449,23,18
timeStep,numberOfRobotsOnBlackSite,numberOfRobotsOnWhiteSite
24450,24,18
timeStep,numberOfRobotsOnBlackSite,numberOfRobotsOnWhiteSite
24451,24,18
timeStep,numberOfRobotsOnBlackSite,numberOfRobotsOnWhiteSite
24452,24,18
timeStep,numberOfRobotsOnBlackSite,numberOfRobotsOnWhiteSite
24453,24,18
timeStep,numberOfRobotsOnBlackSite,numberOfRobotsOnWhiteSite
24454,24,18
timeStep,numberOfRobotsOnBlackSite,numberOfRobotsOnWhiteSite
24455,24,18
timeStep,numberOfRobotsOnBlackSite,numberOfRobotsOnWhiteSite
24456,24,18
timeStep,numberOfRobotsOnBlackSite,numberOfRobotsOnWhiteSite
24457,24,18
timeStep,numberOfRobotsOnBlackSite,numberOfRobotsOnWhiteSite
24458,24,18
timeStep,numberOfRobotsOnBlackSite,numberOfRobotsOnWhiteSite
24459,24,18
timeStep,numberOfRobotsOnBlackSite,numberOfRobotsOnWhiteSite
24460,24,18
timeStep,numberOfRobotsOnBlackSite,numberOfRobotsOnWhiteSite
24461,24,18
timeStep,numberOfRobotsOnBlackSite,numberOfRobotsOnWhiteSite
24462,24,18
timeStep,numberOfRobotsOnBlackSite,numberOfRobotsOnWhiteSite
24463,24,18
timeStep,numberOfRobotsOnBlackSite,numberOfRobotsOnWhiteSite
24464,24,18
timeStep,numberOfRobotsOnBlackSite,numberOfRobotsOnWhiteSite
24465,24,18
timeStep,numberOfRobotsOnBlackSite,numberOfRobotsOnWhiteSite
24466,24,18
timeStep,numberOfRobotsOnBlackSite,numberOfRobotsOnWhiteSite
24467,24,18
timeStep,numberOfRobotsOnBlackSite,numberOfRobotsOnWhiteSite
24468,24,18
timeStep,numberOfRobotsOnBlackSite,numberOfRobotsOnWhiteSite
24469,24,18
timeStep,numberOfRobotsOnBlackSite,numberOfRobotsOnWhiteSite
24470,24,18
timeStep,numberOfRobotsOnBlackSite,numberOfRobotsOnWhiteSite
24471,24,18
timeStep,numberOfRobotsOnBlackSite,numberOfRobotsOnWhiteSite
24472,24,18
timeStep,numberOfRobotsOnBlackSite,numberOfRobotsOnWhiteSite
24473,24,18
timeStep,numberOfRobotsOnBlackSite,numberOfRobotsOnWhiteSite
24474,24,18
timeStep,numberOfRobotsOnBlackSite,numberOfRobotsOnWhiteSite
24475,24,18
timeStep,numberOfRobotsOnBlackSite,numberOfRobotsOnWhiteSite
24476,24,18
timeStep,numberOfRobotsOnBlackSite,numberOfRobotsOnWhiteSite
24477,24,18
timeStep,numberOfRobotsOnBlackSite,numberOfRobotsOnWhiteSite
24478,24,18
timeStep,numberOfRobotsOnBlackSite,numberOfRobotsOnWhiteSite
24479,24,18
timeStep,numberOfRobotsOnBlackSite,numberOfRobotsOnWhiteSite
24480,24,18
timeStep,numberOfRobotsOnBlackSite,numberOfRobotsOnWhiteSite
24481,24,18
timeStep,numberOfRobotsOnBlackSite,numberOfRobotsOnWhiteSite
24482,24,18
timeStep,numberOfRobotsOnBlackSite,numberOfRobotsOnWhiteSite
24483,24,18
timeStep,numberOfRobotsOnBlackSite,numberOfRobotsOnWhiteSite
24484,24,18
timeStep,numberOfRobotsOnBlackSite,numberOfRobotsOnWhiteSite
24485,24,18
timeStep,numberOfRobotsOnBlackSite,numberOfRobotsOnWhiteSite
24486,24,18
timeStep,numberOfRobotsOnBlackSite,numberOfRobotsOnWhiteSite
24487,24,18
timeStep,numberOfRobotsOnBlackSite,numberOfRobotsOnWhiteSite
24488,24,18
timeStep,numberOfRobotsOnBlackSite,numberOfRobotsOnWhiteSite
24489,24,18
timeStep,numberOfRobotsOnBlackSite,numberOfRobotsOnWhiteSite
24490,24,18
timeStep,numberOfRobotsOnBlackSite,numberOfRobotsOnWhiteSite
24491,24,18
timeStep,numberOfRobotsOnBlackSite,numberOfRobotsOnWhiteSite
24492,24,18
timeStep,numberOfRobotsOnBlackSite,numberOfRobotsOnWhiteSite
24493,24,18
timeStep,numberOfRobotsOnBlackSite,numberOfRobotsOnWhiteSite
24494,24,18
timeStep,numberOfRobotsOnBlackSite,numberOfRobotsOnWhiteSite
24495,24,18
timeStep,numberOfRobotsOnBlackSite,numberOfRobotsOnWhiteSite
24496,24,18
timeStep,numberOfRobotsOnBlackSite,numberOfRobotsOnWhiteSite
24497,24,18
timeStep,numberOfRobotsOnBlackSite,numberOfRobotsOnWhiteSite
24498,24,18
timeStep,numberOfRobotsOnBlackSite,numberOfRobotsOnWhiteSite
24499,24,18
timeStep,numberOfRobotsOnBlackSite,numberOfRobotsOnWhiteSite
24500,23,18
timeStep,numberOfRobotsOnBlackSite,numberOfRobotsOnWhiteSite
24501,23,18
timeStep,numberOfRobotsOnBlackSite,numberOfRobotsOnWhiteSite
24502,23,18
timeStep,numberOfRobotsOnBlackSite,numberOfRobotsOnWhiteSite
24503,23,18
timeStep,numberOfRobotsOnBlackSite,numberOfRobotsOnWhiteSite
24504,23,18
timeStep,numberOfRobotsOnBlackSite,numberOfRobotsOnWhiteSite
24505,23,18
timeStep,numberOfRobotsOnBlackSite,numberOfRobotsOnWhiteSite
24506,23,18
timeStep,numberOfRobotsOnBlackSite,numberOfRobotsOnWhiteSite
24507,23,18
timeStep,numberOfRobotsOnBlackSite,numberOfRobotsOnWhiteSite
24508,23,18
timeStep,numberOfRobotsOnBlackSite,numberOfRobotsOnWhiteSite
24509,23,18
timeStep,numberOfRobotsOnBlackSite,numberOfRobotsOnWhiteSite
24510,23,18
timeStep,numberOfRobotsOnBlackSite,numberOfRobotsOnWhiteSite
24511,23,18
timeStep,numberOfRobotsOnBlackSite,numberOfRobotsOnWhiteSite
24512,23,18
timeStep,numberOfRobotsOnBlackSite,numberOfRobotsOnWhiteSite
24513,23,18
timeStep,numberOfRobotsOnBlackSite,numberOfRobotsOnWhiteSite
24514,23,18
timeStep,numberOfRobotsOnBlackSite,numberOfRobotsOnWhiteSite
24515,23,18
timeStep,numberOfRobotsOnBlackSite,numberOfRobotsOnWhiteSite
24516,23,18
timeStep,numberOfRobotsOnBlackSite,numberOfRobotsOnWhiteSite
24517,23,18
timeStep,numberOfRobotsOnBlackSite,numberOfRobotsOnWhiteSite
24518,23,18
timeStep,numberOfRobotsOnBlackSite,numberOfRobotsOnWhiteSite
24519,23,18
timeStep,numberOfRobotsOnBlackSite,numberOfRobotsOnWhiteSite
24520,23,18
timeStep,numberOfRobotsOnBlackSite,numberOfRobotsOnWhiteSite
24521,23,18
timeStep,numberOfRobotsOnBlackSite,numberOfRobotsOnWhiteSite
24522,23,18
timeStep,numberOfRobotsOnBlackSite,numberOfRobotsOnWhiteSite
24523,23,18
timeStep,numberOfRobotsOnBlackSite,numberOfRobotsOnWhiteSite
24524,23,18
timeStep,numberOfRobotsOnBlackSite,numberOfRobotsOnWhiteSite
24525,23,18
timeStep,numberOfRobotsOnBlackSite,numberOfRobotsOnWhiteSite
24526,23,18
timeStep,numberOfRobotsOnBlackSite,numberOfRobotsOnWhiteSite
24527,23,18
timeStep,numberOfRobotsOnBlackSite,numberOfRobotsOnWhiteSite
24528,23,18
timeStep,numberOfRobotsOnBlackSite,numberOfRobotsOnWhiteSite
24529,23,18
timeStep,numberOfRobotsOnBlackSite,numberOfRobotsOnWhiteSite
24530,25,18
timeStep,numberOfRobotsOnBlackSite,numberOfRobotsOnWhiteSite
24531,25,18
timeStep,numberOfRobotsOnBlackSite,numberOfRobotsOnWhiteSite
24532,25,18
timeStep,numberOfRobotsOnBlackSite,numberOfRobotsOnWhiteSite
24533,25,18
timeStep,numberOfRobotsOnBlackSite,numberOfRobotsOnWhiteSite
24534,25,18
timeStep,numberOfRobotsOnBlackSite,numberOfRobotsOnWhiteSite
24535,25,18
timeStep,numberOfRobotsOnBlackSite,numberOfRobotsOnWhiteSite
24536,25,18
timeStep,numberOfRobotsOnBlackSite,numberOfRobotsOnWhiteSite
24537,25,18
timeStep,numberOfRobotsOnBlackSite,numberOfRobotsOnWhiteSite
24538,25,18
timeStep,numberOfRobotsOnBlackSite,numberOfRobotsOnWhiteSite
24539,25,18
timeStep,numberOfRobotsOnBlackSite,numberOfRobotsOnWhiteSite
24540,25,18
timeStep,numberOfRobotsOnBlackSite,numberOfRobotsOnWhiteSite
24541,25,18
timeStep,numberOfRobotsOnBlackSite,numberOfRobotsOnWhiteSite
24542,25,18
timeStep,numberOfRobotsOnBlackSite,numberOfRobotsOnWhiteSite
24543,25,18
timeStep,numberOfRobotsOnBlackSite,numberOfRobotsOnWhiteSite
24544,25,18
timeStep,numberOfRobotsOnBlackSite,numberOfRobotsOnWhiteSite
24545,25,18
timeStep,numberOfRobotsOnBlackSite,numberOfRobotsOnWhiteSite
24546,25,18
timeStep,numberOfRobotsOnBlackSite,numberOfRobotsOnWhiteSite
24547,25,18
timeStep,numberOfRobotsOnBlackSite,numberOfRobotsOnWhiteSite
24548,25,18
timeStep,numberOfRobotsOnBlackSite,numberOfRobotsOnWhiteSite
24549,25,18
timeStep,numberOfRobotsOnBlackSite,numberOfRobotsOnWhiteSite
24550,25,18
timeStep,numberOfRobotsOnBlackSite,numberOfRobotsOnWhiteSite
24551,25,18
timeStep,numberOfRobotsOnBlackSite,numberOfRobotsOnWhiteSite
24552,25,18
timeStep,numberOfRobotsOnBlackSite,numberOfRobotsOnWhiteSite
24553,25,18
timeStep,numberOfRobotsOnBlackSite,numberOfRobotsOnWhiteSite
24554,25,18
timeStep,numberOfRobotsOnBlackSite,numberOfRobotsOnWhiteSite
24555,25,18
timeStep,numberOfRobotsOnBlackSite,numberOfRobotsOnWhiteSite
24556,25,18
timeStep,numberOfRobotsOnBlackSite,numberOfRobotsOnWhiteSite
24557,25,18
timeStep,numberOfRobotsOnBlackSite,numberOfRobotsOnWhiteSite
24558,25,18
timeStep,numberOfRobotsOnBlackSite,numberOfRobotsOnWhiteSite
24559,25,18
timeStep,numberOfRobotsOnBlackSite,numberOfRobotsOnWhiteSite
24560,25,18
timeStep,numberOfRobotsOnBlackSite,numberOfRobotsOnWhiteSite
24561,25,18
timeStep,numberOfRobotsOnBlackSite,numberOfRobotsOnWhiteSite
24562,25,18
timeStep,numberOfRobotsOnBlackSite,numberOfRobotsOnWhiteSite
24563,25,18
timeStep,numberOfRobotsOnBlackSite,numberOfRobotsOnWhiteSite
24564,25,18
timeStep,numberOfRobotsOnBlackSite,numberOfRobotsOnWhiteSite
24565,25,18
timeStep,numberOfRobotsOnBlackSite,numberOfRobotsOnWhiteSite
24566,25,18
timeStep,numberOfRobotsOnBlackSite,numberOfRobotsOnWhiteSite
24567,25,18
timeStep,numberOfRobotsOnBlackSite,numberOfRobotsOnWhiteSite
24568,25,18
timeStep,numberOfRobotsOnBlackSite,numberOfRobotsOnWhiteSite
24569,25,18
timeStep,numberOfRobotsOnBlackSite,numberOfRobotsOnWhiteSite
24570,25,18
timeStep,numberOfRobotsOnBlackSite,numberOfRobotsOnWhiteSite
24571,25,18
timeStep,numberOfRobotsOnBlackSite,numberOfRobotsOnWhiteSite
24572,25,18
timeStep,numberOfRobotsOnBlackSite,numberOfRobotsOnWhiteSite
24573,25,18
timeStep,numberOfRobotsOnBlackSite,numberOfRobotsOnWhiteSite
24574,25,18
timeStep,numberOfRobotsOnBlackSite,numberOfRobotsOnWhiteSite
24575,25,18
timeStep,numberOfRobotsOnBlackSite,numberOfRobotsOnWhiteSite
24576,25,18
timeStep,numberOfRobotsOnBlackSite,numberOfRobotsOnWhiteSite
24577,25,18
timeStep,numberOfRobotsOnBlackSite,numberOfRobotsOnWhiteSite
24578,25,18
timeStep,numberOfRobotsOnBlackSite,numberOfRobotsOnWhiteSite
24579,25,18
timeStep,numberOfRobotsOnBlackSite,numberOfRobotsOnWhiteSite
24580,25,18
timeStep,numberOfRobotsOnBlackSite,numberOfRobotsOnWhiteSite
24581,25,18
timeStep,numberOfRobotsOnBlackSite,numberOfRobotsOnWhiteSite
24582,25,18
timeStep,numberOfRobotsOnBlackSite,numberOfRobotsOnWhiteSite
24583,25,18
timeStep,numberOfRobotsOnBlackSite,numberOfRobotsOnWhiteSite
24584,25,18
timeStep,numberOfRobotsOnBlackSite,numberOfRobotsOnWhiteSite
24585,26,18
timeStep,numberOfRobotsOnBlackSite,numberOfRobotsOnWhiteSite
24586,26,18
timeStep,numberOfRobotsOnBlackSite,numberOfRobotsOnWhiteSite
24587,26,18
timeStep,numberOfRobotsOnBlackSite,numberOfRobotsOnWhiteSite
24588,26,18
timeStep,numberOfRobotsOnBlackSite,numberOfRobotsOnWhiteSite
24589,26,18
timeStep,numberOfRobotsOnBlackSite,numberOfRobotsOnWhiteSite
24590,26,18
timeStep,numberOfRobotsOnBlackSite,numberOfRobotsOnWhiteSite
24591,26,18
timeStep,numberOfRobotsOnBlackSite,numberOfRobotsOnWhiteSite
24592,26,18
timeStep,numberOfRobotsOnBlackSite,numberOfRobotsOnWhiteSite
24593,26,18
timeStep,numberOfRobotsOnBlackSite,numberOfRobotsOnWhiteSite
24594,26,18
timeStep,numberOfRobotsOnBlackSite,numberOfRobotsOnWhiteSite
24595,26,18
timeStep,numberOfRobotsOnBlackSite,numberOfRobotsOnWhiteSite
24596,26,18
timeStep,numberOfRobotsOnBlackSite,numberOfRobotsOnWhiteSite
24597,26,18
timeStep,numberOfRobotsOnBlackSite,numberOfRobotsOnWhiteSite
24598,26,18
timeStep,numberOfRobotsOnBlackSite,numberOfRobotsOnWhiteSite
24599,26,18
timeStep,numberOfRobotsOnBlackSite,numberOfRobotsOnWhiteSite
24600,26,18
timeStep,numberOfRobotsOnBlackSite,numberOfRobotsOnWhiteSite
24601,26,18
timeStep,numberOfRobotsOnBlackSite,numberOfRobotsOnWhiteSite
24602,26,18
timeStep,numberOfRobotsOnBlackSite,numberOfRobotsOnWhiteSite
24603,26,18
timeStep,numberOfRobotsOnBlackSite,numberOfRobotsOnWhiteSite
24604,26,18
timeStep,numberOfRobotsOnBlackSite,numberOfRobotsOnWhiteSite
24605,26,18
timeStep,numberOfRobotsOnBlackSite,numberOfRobotsOnWhiteSite
24606,26,18
timeStep,numberOfRobotsOnBlackSite,numberOfRobotsOnWhiteSite
24607,26,18
timeStep,numberOfRobotsOnBlackSite,numberOfRobotsOnWhiteSite
24608,26,18
timeStep,numberOfRobotsOnBlackSite,numberOfRobotsOnWhiteSite
24609,26,18
timeStep,numberOfRobotsOnBlackSite,numberOfRobotsOnWhiteSite
24610,26,18
timeStep,numberOfRobotsOnBlackSite,numberOfRobotsOnWhiteSite
24611,26,18
timeStep,numberOfRobotsOnBlackSite,numberOfRobotsOnWhiteSite
24612,26,18
timeStep,numberOfRobotsOnBlackSite,numberOfRobotsOnWhiteSite
24613,26,18
timeStep,numberOfRobotsOnBlackSite,numberOfRobotsOnWhiteSite
24614,26,18
timeStep,numberOfRobotsOnBlackSite,numberOfRobotsOnWhiteSite
24615,26,18
timeStep,numberOfRobotsOnBlackSite,numberOfRobotsOnWhiteSite
24616,26,18
timeStep,numberOfRobotsOnBlackSite,numberOfRobotsOnWhiteSite
24617,26,18
timeStep,numberOfRobotsOnBlackSite,numberOfRobotsOnWhiteSite
24618,26,18
timeStep,numberOfRobotsOnBlackSite,numberOfRobotsOnWhiteSite
24619,26,18
timeStep,numberOfRobotsOnBlackSite,numberOfRobotsOnWhiteSite
24620,26,18
timeStep,numberOfRobotsOnBlackSite,numberOfRobotsOnWhiteSite
24621,26,18
timeStep,numberOfRobotsOnBlackSite,numberOfRobotsOnWhiteSite
24622,26,18
timeStep,numberOfRobotsOnBlackSite,numberOfRobotsOnWhiteSite
24623,26,18
timeStep,numberOfRobotsOnBlackSite,numberOfRobotsOnWhiteSite
24624,26,18
timeStep,numberOfRobotsOnBlackSite,numberOfRobotsOnWhiteSite
24625,26,18
timeStep,numberOfRobotsOnBlackSite,numberOfRobotsOnWhiteSite
24626,26,18
timeStep,numberOfRobotsOnBlackSite,numberOfRobotsOnWhiteSite
24627,26,18
timeStep,numberOfRobotsOnBlackSite,numberOfRobotsOnWhiteSite
24628,26,18
timeStep,numberOfRobotsOnBlackSite,numberOfRobotsOnWhiteSite
24629,26,18
timeStep,numberOfRobotsOnBlackSite,numberOfRobotsOnWhiteSite
24630,26,18
timeStep,numberOfRobotsOnBlackSite,numberOfRobotsOnWhiteSite
24631,26,18
timeStep,numberOfRobotsOnBlackSite,numberOfRobotsOnWhiteSite
24632,26,18
timeStep,numberOfRobotsOnBlackSite,numberOfRobotsOnWhiteSite
24633,26,18
timeStep,numberOfRobotsOnBlackSite,numberOfRobotsOnWhiteSite
24634,26,18
timeStep,numberOfRobotsOnBlackSite,numberOfRobotsOnWhiteSite
24635,26,18
timeStep,numberOfRobotsOnBlackSite,numberOfRobotsOnWhiteSite
24636,26,18
timeStep,numberOfRobotsOnBlackSite,numberOfRobotsOnWhiteSite
24637,26,18
timeStep,numberOfRobotsOnBlackSite,numberOfRobotsOnWhiteSite
24638,26,18
timeStep,numberOfRobotsOnBlackSite,numberOfRobotsOnWhiteSite
24639,26,18
timeStep,numberOfRobotsOnBlackSite,numberOfRobotsOnWhiteSite
24640,26,18
timeStep,numberOfRobotsOnBlackSite,numberOfRobotsOnWhiteSite
24641,26,18
timeStep,numberOfRobotsOnBlackSite,numberOfRobotsOnWhiteSite
24642,26,18
timeStep,numberOfRobotsOnBlackSite,numberOfRobotsOnWhiteSite
24643,26,18
timeStep,numberOfRobotsOnBlackSite,numberOfRobotsOnWhiteSite
24644,26,18
timeStep,numberOfRobotsOnBlackSite,numberOfRobotsOnWhiteSite
24645,26,18
timeStep,numberOfRobotsOnBlackSite,numberOfRobotsOnWhiteSite
24646,26,18
timeStep,numberOfRobotsOnBlackSite,numberOfRobotsOnWhiteSite
24647,26,18
timeStep,numberOfRobotsOnBlackSite,numberOfRobotsOnWhiteSite
24648,26,18
timeStep,numberOfRobotsOnBlackSite,numberOfRobotsOnWhiteSite
24649,26,18
timeStep,numberOfRobotsOnBlackSite,numberOfRobotsOnWhiteSite
24650,26,18
timeStep,numberOfRobotsOnBlackSite,numberOfRobotsOnWhiteSite
24651,26,18
timeStep,numberOfRobotsOnBlackSite,numberOfRobotsOnWhiteSite
24652,26,18
timeStep,numberOfRobotsOnBlackSite,numberOfRobotsOnWhiteSite
24653,26,18
timeStep,numberOfRobotsOnBlackSite,numberOfRobotsOnWhiteSite
24654,26,18
timeStep,numberOfRobotsOnBlackSite,numberOfRobotsOnWhiteSite
24655,25,18
timeStep,numberOfRobotsOnBlackSite,numberOfRobotsOnWhiteSite
24656,25,18
timeStep,numberOfRobotsOnBlackSite,numberOfRobotsOnWhiteSite
24657,25,18
timeStep,numberOfRobotsOnBlackSite,numberOfRobotsOnWhiteSite
24658,25,18
timeStep,numberOfRobotsOnBlackSite,numberOfRobotsOnWhiteSite
24659,25,18
timeStep,numberOfRobotsOnBlackSite,numberOfRobotsOnWhiteSite
24660,25,18
timeStep,numberOfRobotsOnBlackSite,numberOfRobotsOnWhiteSite
24661,25,18
timeStep,numberOfRobotsOnBlackSite,numberOfRobotsOnWhiteSite
24662,25,18
timeStep,numberOfRobotsOnBlackSite,numberOfRobotsOnWhiteSite
24663,25,18
timeStep,numberOfRobotsOnBlackSite,numberOfRobotsOnWhiteSite
24664,25,18
timeStep,numberOfRobotsOnBlackSite,numberOfRobotsOnWhiteSite
24665,25,18
timeStep,numberOfRobotsOnBlackSite,numberOfRobotsOnWhiteSite
24666,25,18
timeStep,numberOfRobotsOnBlackSite,numberOfRobotsOnWhiteSite
24667,25,18
timeStep,numberOfRobotsOnBlackSite,numberOfRobotsOnWhiteSite
24668,25,18
timeStep,numberOfRobotsOnBlackSite,numberOfRobotsOnWhiteSite
24669,25,18
timeStep,numberOfRobotsOnBlackSite,numberOfRobotsOnWhiteSite
24670,25,18
timeStep,numberOfRobotsOnBlackSite,numberOfRobotsOnWhiteSite
24671,25,18
timeStep,numberOfRobotsOnBlackSite,numberOfRobotsOnWhiteSite
24672,25,18
timeStep,numberOfRobotsOnBlackSite,numberOfRobotsOnWhiteSite
24673,25,18
timeStep,numberOfRobotsOnBlackSite,numberOfRobotsOnWhiteSite
24674,25,18
timeStep,numberOfRobotsOnBlackSite,numberOfRobotsOnWhiteSite
24675,25,18
timeStep,numberOfRobotsOnBlackSite,numberOfRobotsOnWhiteSite
24676,25,18
timeStep,numberOfRobotsOnBlackSite,numberOfRobotsOnWhiteSite
24677,25,18
timeStep,numberOfRobotsOnBlackSite,numberOfRobotsOnWhiteSite
24678,25,18
timeStep,numberOfRobotsOnBlackSite,numberOfRobotsOnWhiteSite
24679,25,18
timeStep,numberOfRobotsOnBlackSite,numberOfRobotsOnWhiteSite
24680,25,18
timeStep,numberOfRobotsOnBlackSite,numberOfRobotsOnWhiteSite
24681,25,18
timeStep,numberOfRobotsOnBlackSite,numberOfRobotsOnWhiteSite
24682,25,18
timeStep,numberOfRobotsOnBlackSite,numberOfRobotsOnWhiteSite
24683,25,18
timeStep,numberOfRobotsOnBlackSite,numberOfRobotsOnWhiteSite
24684,25,18
timeStep,numberOfRobotsOnBlackSite,numberOfRobotsOnWhiteSite
24685,25,19
timeStep,numberOfRobotsOnBlackSite,numberOfRobotsOnWhiteSite
24686,25,19
timeStep,numberOfRobotsOnBlackSite,numberOfRobotsOnWhiteSite
24687,25,19
timeStep,numberOfRobotsOnBlackSite,numberOfRobotsOnWhiteSite
24688,25,19
timeStep,numberOfRobotsOnBlackSite,numberOfRobotsOnWhiteSite
24689,25,19
timeStep,numberOfRobotsOnBlackSite,numberOfRobotsOnWhiteSite
24690,25,19
timeStep,numberOfRobotsOnBlackSite,numberOfRobotsOnWhiteSite
24691,25,19
timeStep,numberOfRobotsOnBlackSite,numberOfRobotsOnWhiteSite
24692,25,19
timeStep,numberOfRobotsOnBlackSite,numberOfRobotsOnWhiteSite
24693,25,19
timeStep,numberOfRobotsOnBlackSite,numberOfRobotsOnWhiteSite
24694,25,19
timeStep,numberOfRobotsOnBlackSite,numberOfRobotsOnWhiteSite
24695,25,19
timeStep,numberOfRobotsOnBlackSite,numberOfRobotsOnWhiteSite
24696,25,19
timeStep,numberOfRobotsOnBlackSite,numberOfRobotsOnWhiteSite
24697,25,19
timeStep,numberOfRobotsOnBlackSite,numberOfRobotsOnWhiteSite
24698,25,19
timeStep,numberOfRobotsOnBlackSite,numberOfRobotsOnWhiteSite
24699,25,19
timeStep,numberOfRobotsOnBlackSite,numberOfRobotsOnWhiteSite
24700,25,19
timeStep,numberOfRobotsOnBlackSite,numberOfRobotsOnWhiteSite
24701,25,19
timeStep,numberOfRobotsOnBlackSite,numberOfRobotsOnWhiteSite
24702,25,19
timeStep,numberOfRobotsOnBlackSite,numberOfRobotsOnWhiteSite
24703,25,19
timeStep,numberOfRobotsOnBlackSite,numberOfRobotsOnWhiteSite
24704,25,19
timeStep,numberOfRobotsOnBlackSite,numberOfRobotsOnWhiteSite
24705,26,19
timeStep,numberOfRobotsOnBlackSite,numberOfRobotsOnWhiteSite
24706,26,19
timeStep,numberOfRobotsOnBlackSite,numberOfRobotsOnWhiteSite
24707,26,19
timeStep,numberOfRobotsOnBlackSite,numberOfRobotsOnWhiteSite
24708,26,19
timeStep,numberOfRobotsOnBlackSite,numberOfRobotsOnWhiteSite
24709,26,19
timeStep,numberOfRobotsOnBlackSite,numberOfRobotsOnWhiteSite
24710,26,19
timeStep,numberOfRobotsOnBlackSite,numberOfRobotsOnWhiteSite
24711,26,19
timeStep,numberOfRobotsOnBlackSite,numberOfRobotsOnWhiteSite
24712,26,19
timeStep,numberOfRobotsOnBlackSite,numberOfRobotsOnWhiteSite
24713,26,19
timeStep,numberOfRobotsOnBlackSite,numberOfRobotsOnWhiteSite
24714,26,19
timeStep,numberOfRobotsOnBlackSite,numberOfRobotsOnWhiteSite
24715,26,19
timeStep,numberOfRobotsOnBlackSite,numberOfRobotsOnWhiteSite
24716,26,19
timeStep,numberOfRobotsOnBlackSite,numberOfRobotsOnWhiteSite
24717,26,19
timeStep,numberOfRobotsOnBlackSite,numberOfRobotsOnWhiteSite
24718,26,19
timeStep,numberOfRobotsOnBlackSite,numberOfRobotsOnWhiteSite
24719,26,19
timeStep,numberOfRobotsOnBlackSite,numberOfRobotsOnWhiteSite
24720,26,19
timeStep,numberOfRobotsOnBlackSite,numberOfRobotsOnWhiteSite
24721,26,19
timeStep,numberOfRobotsOnBlackSite,numberOfRobotsOnWhiteSite
24722,26,19
timeStep,numberOfRobotsOnBlackSite,numberOfRobotsOnWhiteSite
24723,26,19
timeStep,numberOfRobotsOnBlackSite,numberOfRobotsOnWhiteSite
24724,26,19
timeStep,numberOfRobotsOnBlackSite,numberOfRobotsOnWhiteSite
24725,26,19
timeStep,numberOfRobotsOnBlackSite,numberOfRobotsOnWhiteSite
24726,26,19
timeStep,numberOfRobotsOnBlackSite,numberOfRobotsOnWhiteSite
24727,26,19
timeStep,numberOfRobotsOnBlackSite,numberOfRobotsOnWhiteSite
24728,26,19
timeStep,numberOfRobotsOnBlackSite,numberOfRobotsOnWhiteSite
24729,26,19
timeStep,numberOfRobotsOnBlackSite,numberOfRobotsOnWhiteSite
24730,26,19
timeStep,numberOfRobotsOnBlackSite,numberOfRobotsOnWhiteSite
24731,26,19
timeStep,numberOfRobotsOnBlackSite,numberOfRobotsOnWhiteSite
24732,26,19
timeStep,numberOfRobotsOnBlackSite,numberOfRobotsOnWhiteSite
24733,26,19
timeStep,numberOfRobotsOnBlackSite,numberOfRobotsOnWhiteSite
24734,26,19
timeStep,numberOfRobotsOnBlackSite,numberOfRobotsOnWhiteSite
24735,26,20
timeStep,numberOfRobotsOnBlackSite,numberOfRobotsOnWhiteSite
24736,26,20
timeStep,numberOfRobotsOnBlackSite,numberOfRobotsOnWhiteSite
24737,26,20
timeStep,numberOfRobotsOnBlackSite,numberOfRobotsOnWhiteSite
24738,26,20
timeStep,numberOfRobotsOnBlackSite,numberOfRobotsOnWhiteSite
24739,26,20
timeStep,numberOfRobotsOnBlackSite,numberOfRobotsOnWhiteSite
24740,26,20
timeStep,numberOfRobotsOnBlackSite,numberOfRobotsOnWhiteSite
24741,26,20
timeStep,numberOfRobotsOnBlackSite,numberOfRobotsOnWhiteSite
24742,26,20
timeStep,numberOfRobotsOnBlackSite,numberOfRobotsOnWhiteSite
24743,26,20
timeStep,numberOfRobotsOnBlackSite,numberOfRobotsOnWhiteSite
24744,26,20
timeStep,numberOfRobotsOnBlackSite,numberOfRobotsOnWhiteSite
24745,26,20
timeStep,numberOfRobotsOnBlackSite,numberOfRobotsOnWhiteSite
24746,26,20
timeStep,numberOfRobotsOnBlackSite,numberOfRobotsOnWhiteSite
24747,26,20
timeStep,numberOfRobotsOnBlackSite,numberOfRobotsOnWhiteSite
24748,26,20
timeStep,numberOfRobotsOnBlackSite,numberOfRobotsOnWhiteSite
24749,26,20
timeStep,numberOfRobotsOnBlackSite,numberOfRobotsOnWhiteSite
24750,26,20
timeStep,numberOfRobotsOnBlackSite,numberOfRobotsOnWhiteSite
24751,26,20
timeStep,numberOfRobotsOnBlackSite,numberOfRobotsOnWhiteSite
24752,26,20
timeStep,numberOfRobotsOnBlackSite,numberOfRobotsOnWhiteSite
24753,26,20
timeStep,numberOfRobotsOnBlackSite,numberOfRobotsOnWhiteSite
24754,26,20
timeStep,numberOfRobotsOnBlackSite,numberOfRobotsOnWhiteSite
24755,26,20
timeStep,numberOfRobotsOnBlackSite,numberOfRobotsOnWhiteSite
24756,26,20
timeStep,numberOfRobotsOnBlackSite,numberOfRobotsOnWhiteSite
24757,26,20
timeStep,numberOfRobotsOnBlackSite,numberOfRobotsOnWhiteSite
24758,26,20
timeStep,numberOfRobotsOnBlackSite,numberOfRobotsOnWhiteSite
24759,26,20
timeStep,numberOfRobotsOnBlackSite,numberOfRobotsOnWhiteSite
24760,26,20
timeStep,numberOfRobotsOnBlackSite,numberOfRobotsOnWhiteSite
24761,26,20
timeStep,numberOfRobotsOnBlackSite,numberOfRobotsOnWhiteSite
24762,26,20
timeStep,numberOfRobotsOnBlackSite,numberOfRobotsOnWhiteSite
24763,26,20
timeStep,numberOfRobotsOnBlackSite,numberOfRobotsOnWhiteSite
24764,26,20
timeStep,numberOfRobotsOnBlackSite,numberOfRobotsOnWhiteSite
24765,26,20
timeStep,numberOfRobotsOnBlackSite,numberOfRobotsOnWhiteSite
24766,26,20
timeStep,numberOfRobotsOnBlackSite,numberOfRobotsOnWhiteSite
24767,26,20
timeStep,numberOfRobotsOnBlackSite,numberOfRobotsOnWhiteSite
24768,26,20
timeStep,numberOfRobotsOnBlackSite,numberOfRobotsOnWhiteSite
24769,26,20
timeStep,numberOfRobotsOnBlackSite,numberOfRobotsOnWhiteSite
24770,26,20
timeStep,numberOfRobotsOnBlackSite,numberOfRobotsOnWhiteSite
24771,26,20
timeStep,numberOfRobotsOnBlackSite,numberOfRobotsOnWhiteSite
24772,26,20
timeStep,numberOfRobotsOnBlackSite,numberOfRobotsOnWhiteSite
24773,26,20
timeStep,numberOfRobotsOnBlackSite,numberOfRobotsOnWhiteSite
24774,26,20
timeStep,numberOfRobotsOnBlackSite,numberOfRobotsOnWhiteSite
24775,26,19
timeStep,numberOfRobotsOnBlackSite,numberOfRobotsOnWhiteSite
24776,26,19
timeStep,numberOfRobotsOnBlackSite,numberOfRobotsOnWhiteSite
24777,26,19
timeStep,numberOfRobotsOnBlackSite,numberOfRobotsOnWhiteSite
24778,26,19
timeStep,numberOfRobotsOnBlackSite,numberOfRobotsOnWhiteSite
24779,26,19
timeStep,numberOfRobotsOnBlackSite,numberOfRobotsOnWhiteSite
24780,26,19
timeStep,numberOfRobotsOnBlackSite,numberOfRobotsOnWhiteSite
24781,26,19
timeStep,numberOfRobotsOnBlackSite,numberOfRobotsOnWhiteSite
24782,26,19
timeStep,numberOfRobotsOnBlackSite,numberOfRobotsOnWhiteSite
24783,26,19
timeStep,numberOfRobotsOnBlackSite,numberOfRobotsOnWhiteSite
24784,26,19
timeStep,numberOfRobotsOnBlackSite,numberOfRobotsOnWhiteSite
24785,26,19
timeStep,numberOfRobotsOnBlackSite,numberOfRobotsOnWhiteSite
24786,26,19
timeStep,numberOfRobotsOnBlackSite,numberOfRobotsOnWhiteSite
24787,26,19
timeStep,numberOfRobotsOnBlackSite,numberOfRobotsOnWhiteSite
24788,26,19
timeStep,numberOfRobotsOnBlackSite,numberOfRobotsOnWhiteSite
24789,26,19
timeStep,numberOfRobotsOnBlackSite,numberOfRobotsOnWhiteSite
24790,26,19
timeStep,numberOfRobotsOnBlackSite,numberOfRobotsOnWhiteSite
24791,26,19
timeStep,numberOfRobotsOnBlackSite,numberOfRobotsOnWhiteSite
24792,26,19
timeStep,numberOfRobotsOnBlackSite,numberOfRobotsOnWhiteSite
24793,26,19
timeStep,numberOfRobotsOnBlackSite,numberOfRobotsOnWhiteSite
24794,26,19
timeStep,numberOfRobotsOnBlackSite,numberOfRobotsOnWhiteSite
24795,26,19
timeStep,numberOfRobotsOnBlackSite,numberOfRobotsOnWhiteSite
24796,26,19
timeStep,numberOfRobotsOnBlackSite,numberOfRobotsOnWhiteSite
24797,26,19
timeStep,numberOfRobotsOnBlackSite,numberOfRobotsOnWhiteSite
24798,26,19
timeStep,numberOfRobotsOnBlackSite,numberOfRobotsOnWhiteSite
24799,26,19
timeStep,numberOfRobotsOnBlackSite,numberOfRobotsOnWhiteSite
24800,26,19
timeStep,numberOfRobotsOnBlackSite,numberOfRobotsOnWhiteSite
24801,26,19
timeStep,numberOfRobotsOnBlackSite,numberOfRobotsOnWhiteSite
24802,26,19
timeStep,numberOfRobotsOnBlackSite,numberOfRobotsOnWhiteSite
24803,26,19
timeStep,numberOfRobotsOnBlackSite,numberOfRobotsOnWhiteSite
24804,26,19
timeStep,numberOfRobotsOnBlackSite,numberOfRobotsOnWhiteSite
24805,26,19
timeStep,numberOfRobotsOnBlackSite,numberOfRobotsOnWhiteSite
24806,26,19
timeStep,numberOfRobotsOnBlackSite,numberOfRobotsOnWhiteSite
24807,26,19
timeStep,numberOfRobotsOnBlackSite,numberOfRobotsOnWhiteSite
24808,26,19
timeStep,numberOfRobotsOnBlackSite,numberOfRobotsOnWhiteSite
24809,26,19
timeStep,numberOfRobotsOnBlackSite,numberOfRobotsOnWhiteSite
24810,26,20
timeStep,numberOfRobotsOnBlackSite,numberOfRobotsOnWhiteSite
24811,26,20
timeStep,numberOfRobotsOnBlackSite,numberOfRobotsOnWhiteSite
24812,26,20
timeStep,numberOfRobotsOnBlackSite,numberOfRobotsOnWhiteSite
24813,26,20
timeStep,numberOfRobotsOnBlackSite,numberOfRobotsOnWhiteSite
24814,26,20
timeStep,numberOfRobotsOnBlackSite,numberOfRobotsOnWhiteSite
24815,26,20
timeStep,numberOfRobotsOnBlackSite,numberOfRobotsOnWhiteSite
24816,26,20
timeStep,numberOfRobotsOnBlackSite,numberOfRobotsOnWhiteSite
24817,26,20
timeStep,numberOfRobotsOnBlackSite,numberOfRobotsOnWhiteSite
24818,26,20
timeStep,numberOfRobotsOnBlackSite,numberOfRobotsOnWhiteSite
24819,26,20
timeStep,numberOfRobotsOnBlackSite,numberOfRobotsOnWhiteSite
24820,26,20
timeStep,numberOfRobotsOnBlackSite,numberOfRobotsOnWhiteSite
24821,26,20
timeStep,numberOfRobotsOnBlackSite,numberOfRobotsOnWhiteSite
24822,26,20
timeStep,numberOfRobotsOnBlackSite,numberOfRobotsOnWhiteSite
24823,26,20
timeStep,numberOfRobotsOnBlackSite,numberOfRobotsOnWhiteSite
24824,26,20
timeStep,numberOfRobotsOnBlackSite,numberOfRobotsOnWhiteSite
24825,26,20
timeStep,numberOfRobotsOnBlackSite,numberOfRobotsOnWhiteSite
24826,26,20
timeStep,numberOfRobotsOnBlackSite,numberOfRobotsOnWhiteSite
24827,26,20
timeStep,numberOfRobotsOnBlackSite,numberOfRobotsOnWhiteSite
24828,26,20
timeStep,numberOfRobotsOnBlackSite,numberOfRobotsOnWhiteSite
24829,26,20
timeStep,numberOfRobotsOnBlackSite,numberOfRobotsOnWhiteSite
24830,26,20
timeStep,numberOfRobotsOnBlackSite,numberOfRobotsOnWhiteSite
24831,26,20
timeStep,numberOfRobotsOnBlackSite,numberOfRobotsOnWhiteSite
24832,26,20
timeStep,numberOfRobotsOnBlackSite,numberOfRobotsOnWhiteSite
24833,26,20
timeStep,numberOfRobotsOnBlackSite,numberOfRobotsOnWhiteSite
24834,26,20
timeStep,numberOfRobotsOnBlackSite,numberOfRobotsOnWhiteSite
24835,26,20
timeStep,numberOfRobotsOnBlackSite,numberOfRobotsOnWhiteSite
24836,26,20
timeStep,numberOfRobotsOnBlackSite,numberOfRobotsOnWhiteSite
24837,26,20
timeStep,numberOfRobotsOnBlackSite,numberOfRobotsOnWhiteSite
24838,26,20
timeStep,numberOfRobotsOnBlackSite,numberOfRobotsOnWhiteSite
24839,26,20
timeStep,numberOfRobotsOnBlackSite,numberOfRobotsOnWhiteSite
24840,26,20
timeStep,numberOfRobotsOnBlackSite,numberOfRobotsOnWhiteSite
24841,26,20
timeStep,numberOfRobotsOnBlackSite,numberOfRobotsOnWhiteSite
24842,26,20
timeStep,numberOfRobotsOnBlackSite,numberOfRobotsOnWhiteSite
24843,26,20
timeStep,numberOfRobotsOnBlackSite,numberOfRobotsOnWhiteSite
24844,26,20
timeStep,numberOfRobotsOnBlackSite,numberOfRobotsOnWhiteSite
24845,26,20
timeStep,numberOfRobotsOnBlackSite,numberOfRobotsOnWhiteSite
24846,26,20
timeStep,numberOfRobotsOnBlackSite,numberOfRobotsOnWhiteSite
24847,26,20
timeStep,numberOfRobotsOnBlackSite,numberOfRobotsOnWhiteSite
24848,26,20
timeStep,numberOfRobotsOnBlackSite,numberOfRobotsOnWhiteSite
24849,26,20
timeStep,numberOfRobotsOnBlackSite,numberOfRobotsOnWhiteSite
24850,26,20
timeStep,numberOfRobotsOnBlackSite,numberOfRobotsOnWhiteSite
24851,26,20
timeStep,numberOfRobotsOnBlackSite,numberOfRobotsOnWhiteSite
24852,26,20
timeStep,numberOfRobotsOnBlackSite,numberOfRobotsOnWhiteSite
24853,26,20
timeStep,numberOfRobotsOnBlackSite,numberOfRobotsOnWhiteSite
24854,26,20
timeStep,numberOfRobotsOnBlackSite,numberOfRobotsOnWhiteSite
24855,26,20
timeStep,numberOfRobotsOnBlackSite,numberOfRobotsOnWhiteSite
24856,26,20
timeStep,numberOfRobotsOnBlackSite,numberOfRobotsOnWhiteSite
24857,26,20
timeStep,numberOfRobotsOnBlackSite,numberOfRobotsOnWhiteSite
24858,26,20
timeStep,numberOfRobotsOnBlackSite,numberOfRobotsOnWhiteSite
24859,26,20
timeStep,numberOfRobotsOnBlackSite,numberOfRobotsOnWhiteSite
24860,26,20
timeStep,numberOfRobotsOnBlackSite,numberOfRobotsOnWhiteSite
24861,26,20
timeStep,numberOfRobotsOnBlackSite,numberOfRobotsOnWhiteSite
24862,26,20
timeStep,numberOfRobotsOnBlackSite,numberOfRobotsOnWhiteSite
24863,26,20
timeStep,numberOfRobotsOnBlackSite,numberOfRobotsOnWhiteSite
24864,26,20
timeStep,numberOfRobotsOnBlackSite,numberOfRobotsOnWhiteSite
24865,26,20
timeStep,numberOfRobotsOnBlackSite,numberOfRobotsOnWhiteSite
24866,26,20
timeStep,numberOfRobotsOnBlackSite,numberOfRobotsOnWhiteSite
24867,26,20
timeStep,numberOfRobotsOnBlackSite,numberOfRobotsOnWhiteSite
24868,26,20
timeStep,numberOfRobotsOnBlackSite,numberOfRobotsOnWhiteSite
24869,26,20
timeStep,numberOfRobotsOnBlackSite,numberOfRobotsOnWhiteSite
24870,26,20
timeStep,numberOfRobotsOnBlackSite,numberOfRobotsOnWhiteSite
24871,26,20
timeStep,numberOfRobotsOnBlackSite,numberOfRobotsOnWhiteSite
24872,26,20
timeStep,numberOfRobotsOnBlackSite,numberOfRobotsOnWhiteSite
24873,26,20
timeStep,numberOfRobotsOnBlackSite,numberOfRobotsOnWhiteSite
24874,26,20
timeStep,numberOfRobotsOnBlackSite,numberOfRobotsOnWhiteSite
24875,26,20
timeStep,numberOfRobotsOnBlackSite,numberOfRobotsOnWhiteSite
24876,26,20
timeStep,numberOfRobotsOnBlackSite,numberOfRobotsOnWhiteSite
24877,26,20
timeStep,numberOfRobotsOnBlackSite,numberOfRobotsOnWhiteSite
24878,26,20
timeStep,numberOfRobotsOnBlackSite,numberOfRobotsOnWhiteSite
24879,26,20
timeStep,numberOfRobotsOnBlackSite,numberOfRobotsOnWhiteSite
24880,26,20
timeStep,numberOfRobotsOnBlackSite,numberOfRobotsOnWhiteSite
24881,26,20
timeStep,numberOfRobotsOnBlackSite,numberOfRobotsOnWhiteSite
24882,26,20
timeStep,numberOfRobotsOnBlackSite,numberOfRobotsOnWhiteSite
24883,26,20
timeStep,numberOfRobotsOnBlackSite,numberOfRobotsOnWhiteSite
24884,26,20
timeStep,numberOfRobotsOnBlackSite,numberOfRobotsOnWhiteSite
24885,26,20
timeStep,numberOfRobotsOnBlackSite,numberOfRobotsOnWhiteSite
24886,26,20
timeStep,numberOfRobotsOnBlackSite,numberOfRobotsOnWhiteSite
24887,26,20
timeStep,numberOfRobotsOnBlackSite,numberOfRobotsOnWhiteSite
24888,26,20
timeStep,numberOfRobotsOnBlackSite,numberOfRobotsOnWhiteSite
24889,26,20
timeStep,numberOfRobotsOnBlackSite,numberOfRobotsOnWhiteSite
24890,26,20
timeStep,numberOfRobotsOnBlackSite,numberOfRobotsOnWhiteSite
24891,26,20
timeStep,numberOfRobotsOnBlackSite,numberOfRobotsOnWhiteSite
24892,26,20
timeStep,numberOfRobotsOnBlackSite,numberOfRobotsOnWhiteSite
24893,26,20
timeStep,numberOfRobotsOnBlackSite,numberOfRobotsOnWhiteSite
24894,26,20
timeStep,numberOfRobotsOnBlackSite,numberOfRobotsOnWhiteSite
24895,26,20
timeStep,numberOfRobotsOnBlackSite,numberOfRobotsOnWhiteSite
24896,26,20
timeStep,numberOfRobotsOnBlackSite,numberOfRobotsOnWhiteSite
24897,26,20
timeStep,numberOfRobotsOnBlackSite,numberOfRobotsOnWhiteSite
24898,26,20
timeStep,numberOfRobotsOnBlackSite,numberOfRobotsOnWhiteSite
24899,26,20
timeStep,numberOfRobotsOnBlackSite,numberOfRobotsOnWhiteSite
24900,26,20
timeStep,numberOfRobotsOnBlackSite,numberOfRobotsOnWhiteSite
24901,26,20
timeStep,numberOfRobotsOnBlackSite,numberOfRobotsOnWhiteSite
24902,26,20
timeStep,numberOfRobotsOnBlackSite,numberOfRobotsOnWhiteSite
24903,26,20
timeStep,numberOfRobotsOnBlackSite,numberOfRobotsOnWhiteSite
24904,26,20
timeStep,numberOfRobotsOnBlackSite,numberOfRobotsOnWhiteSite
24905,26,20
timeStep,numberOfRobotsOnBlackSite,numberOfRobotsOnWhiteSite
24906,26,20
timeStep,numberOfRobotsOnBlackSite,numberOfRobotsOnWhiteSite
24907,26,20
timeStep,numberOfRobotsOnBlackSite,numberOfRobotsOnWhiteSite
24908,26,20
timeStep,numberOfRobotsOnBlackSite,numberOfRobotsOnWhiteSite
24909,26,20
timeStep,numberOfRobotsOnBlackSite,numberOfRobotsOnWhiteSite
24910,26,20
timeStep,numberOfRobotsOnBlackSite,numberOfRobotsOnWhiteSite
24911,26,20
timeStep,numberOfRobotsOnBlackSite,numberOfRobotsOnWhiteSite
24912,26,20
timeStep,numberOfRobotsOnBlackSite,numberOfRobotsOnWhiteSite
24913,26,20
timeStep,numberOfRobotsOnBlackSite,numberOfRobotsOnWhiteSite
24914,26,20
timeStep,numberOfRobotsOnBlackSite,numberOfRobotsOnWhiteSite
24915,26,20
timeStep,numberOfRobotsOnBlackSite,numberOfRobotsOnWhiteSite
24916,26,20
timeStep,numberOfRobotsOnBlackSite,numberOfRobotsOnWhiteSite
24917,26,20
timeStep,numberOfRobotsOnBlackSite,numberOfRobotsOnWhiteSite
24918,26,20
timeStep,numberOfRobotsOnBlackSite,numberOfRobotsOnWhiteSite
24919,26,20
timeStep,numberOfRobotsOnBlackSite,numberOfRobotsOnWhiteSite
24920,26,20
timeStep,numberOfRobotsOnBlackSite,numberOfRobotsOnWhiteSite
24921,26,20
timeStep,numberOfRobotsOnBlackSite,numberOfRobotsOnWhiteSite
24922,26,20
timeStep,numberOfRobotsOnBlackSite,numberOfRobotsOnWhiteSite
24923,26,20
timeStep,numberOfRobotsOnBlackSite,numberOfRobotsOnWhiteSite
24924,26,20
timeStep,numberOfRobotsOnBlackSite,numberOfRobotsOnWhiteSite
24925,26,20
timeStep,numberOfRobotsOnBlackSite,numberOfRobotsOnWhiteSite
24926,26,20
timeStep,numberOfRobotsOnBlackSite,numberOfRobotsOnWhiteSite
24927,26,20
timeStep,numberOfRobotsOnBlackSite,numberOfRobotsOnWhiteSite
24928,26,20
timeStep,numberOfRobotsOnBlackSite,numberOfRobotsOnWhiteSite
24929,26,20
timeStep,numberOfRobotsOnBlackSite,numberOfRobotsOnWhiteSite
24930,26,20
timeStep,numberOfRobotsOnBlackSite,numberOfRobotsOnWhiteSite
24931,26,20
timeStep,numberOfRobotsOnBlackSite,numberOfRobotsOnWhiteSite
24932,26,20
timeStep,numberOfRobotsOnBlackSite,numberOfRobotsOnWhiteSite
24933,26,20
timeStep,numberOfRobotsOnBlackSite,numberOfRobotsOnWhiteSite
24934,26,20
timeStep,numberOfRobotsOnBlackSite,numberOfRobotsOnWhiteSite
24935,26,20
timeStep,numberOfRobotsOnBlackSite,numberOfRobotsOnWhiteSite
24936,26,20
timeStep,numberOfRobotsOnBlackSite,numberOfRobotsOnWhiteSite
24937,26,20
timeStep,numberOfRobotsOnBlackSite,numberOfRobotsOnWhiteSite
24938,26,20
timeStep,numberOfRobotsOnBlackSite,numberOfRobotsOnWhiteSite
24939,26,20
timeStep,numberOfRobotsOnBlackSite,numberOfRobotsOnWhiteSite
24940,26,20
timeStep,numberOfRobotsOnBlackSite,numberOfRobotsOnWhiteSite
24941,26,20
timeStep,numberOfRobotsOnBlackSite,numberOfRobotsOnWhiteSite
24942,26,20
timeStep,numberOfRobotsOnBlackSite,numberOfRobotsOnWhiteSite
24943,26,20
timeStep,numberOfRobotsOnBlackSite,numberOfRobotsOnWhiteSite
24944,26,20
timeStep,numberOfRobotsOnBlackSite,numberOfRobotsOnWhiteSite
24945,26,20
timeStep,numberOfRobotsOnBlackSite,numberOfRobotsOnWhiteSite
24946,26,20
timeStep,numberOfRobotsOnBlackSite,numberOfRobotsOnWhiteSite
24947,26,20
timeStep,numberOfRobotsOnBlackSite,numberOfRobotsOnWhiteSite
24948,26,20
timeStep,numberOfRobotsOnBlackSite,numberOfRobotsOnWhiteSite
24949,26,20
timeStep,numberOfRobotsOnBlackSite,numberOfRobotsOnWhiteSite
24950,26,20
timeStep,numberOfRobotsOnBlackSite,numberOfRobotsOnWhiteSite
24951,26,20
timeStep,numberOfRobotsOnBlackSite,numberOfRobotsOnWhiteSite
24952,26,20
timeStep,numberOfRobotsOnBlackSite,numberOfRobotsOnWhiteSite
24953,26,20
timeStep,numberOfRobotsOnBlackSite,numberOfRobotsOnWhiteSite
24954,26,20
timeStep,numberOfRobotsOnBlackSite,numberOfRobotsOnWhiteSite
24955,26,20
timeStep,numberOfRobotsOnBlackSite,numberOfRobotsOnWhiteSite
24956,26,20
timeStep,numberOfRobotsOnBlackSite,numberOfRobotsOnWhiteSite
24957,26,20
timeStep,numberOfRobotsOnBlackSite,numberOfRobotsOnWhiteSite
24958,26,20
timeStep,numberOfRobotsOnBlackSite,numberOfRobotsOnWhiteSite
24959,26,20
timeStep,numberOfRobotsOnBlackSite,numberOfRobotsOnWhiteSite
24960,26,19
timeStep,numberOfRobotsOnBlackSite,numberOfRobotsOnWhiteSite
24961,26,19
timeStep,numberOfRobotsOnBlackSite,numberOfRobotsOnWhiteSite
24962,26,19
timeStep,numberOfRobotsOnBlackSite,numberOfRobotsOnWhiteSite
24963,26,19
timeStep,numberOfRobotsOnBlackSite,numberOfRobotsOnWhiteSite
24964,26,19
timeStep,numberOfRobotsOnBlackSite,numberOfRobotsOnWhiteSite
24965,26,19
timeStep,numberOfRobotsOnBlackSite,numberOfRobotsOnWhiteSite
24966,26,19
timeStep,numberOfRobotsOnBlackSite,numberOfRobotsOnWhiteSite
24967,26,19
timeStep,numberOfRobotsOnBlackSite,numberOfRobotsOnWhiteSite
24968,26,19
timeStep,numberOfRobotsOnBlackSite,numberOfRobotsOnWhiteSite
24969,26,19
timeStep,numberOfRobotsOnBlackSite,numberOfRobotsOnWhiteSite
24970,26,19
timeStep,numberOfRobotsOnBlackSite,numberOfRobotsOnWhiteSite
24971,26,19
timeStep,numberOfRobotsOnBlackSite,numberOfRobotsOnWhiteSite
24972,26,19
timeStep,numberOfRobotsOnBlackSite,numberOfRobotsOnWhiteSite
24973,26,19
timeStep,numberOfRobotsOnBlackSite,numberOfRobotsOnWhiteSite
24974,26,19
timeStep,numberOfRobotsOnBlackSite,numberOfRobotsOnWhiteSite
24975,26,19
timeStep,numberOfRobotsOnBlackSite,numberOfRobotsOnWhiteSite
24976,26,19
timeStep,numberOfRobotsOnBlackSite,numberOfRobotsOnWhiteSite
24977,26,19
timeStep,numberOfRobotsOnBlackSite,numberOfRobotsOnWhiteSite
24978,26,19
timeStep,numberOfRobotsOnBlackSite,numberOfRobotsOnWhiteSite
24979,26,19
timeStep,numberOfRobotsOnBlackSite,numberOfRobotsOnWhiteSite
24980,26,19
timeStep,numberOfRobotsOnBlackSite,numberOfRobotsOnWhiteSite
24981,26,19
timeStep,numberOfRobotsOnBlackSite,numberOfRobotsOnWhiteSite
24982,26,19
timeStep,numberOfRobotsOnBlackSite,numberOfRobotsOnWhiteSite
24983,26,19
timeStep,numberOfRobotsOnBlackSite,numberOfRobotsOnWhiteSite
24984,26,19
timeStep,numberOfRobotsOnBlackSite,numberOfRobotsOnWhiteSite
24985,26,19
timeStep,numberOfRobotsOnBlackSite,numberOfRobotsOnWhiteSite
24986,26,19
timeStep,numberOfRobotsOnBlackSite,numberOfRobotsOnWhiteSite
24987,26,19
timeStep,numberOfRobotsOnBlackSite,numberOfRobotsOnWhiteSite
24988,26,19
timeStep,numberOfRobotsOnBlackSite,numberOfRobotsOnWhiteSite
24989,26,19
timeStep,numberOfRobotsOnBlackSite,numberOfRobotsOnWhiteSite
24990,26,19
timeStep,numberOfRobotsOnBlackSite,numberOfRobotsOnWhiteSite
24991,26,19
timeStep,numberOfRobotsOnBlackSite,numberOfRobotsOnWhiteSite
24992,26,19
timeStep,numberOfRobotsOnBlackSite,numberOfRobotsOnWhiteSite
24993,26,19
timeStep,numberOfRobotsOnBlackSite,numberOfRobotsOnWhiteSite
24994,26,19
timeStep,numberOfRobotsOnBlackSite,numberOfRobotsOnWhiteSite
24995,26,19
timeStep,numberOfRobotsOnBlackSite,numberOfRobotsOnWhiteSite
24996,26,19
timeStep,numberOfRobotsOnBlackSite,numberOfRobotsOnWhiteSite
24997,26,19
timeStep,numberOfRobotsOnBlackSite,numberOfRobotsOnWhiteSite
24998,26,19
timeStep,numberOfRobotsOnBlackSite,numberOfRobotsOnWhiteSite
24999,26,19
timeStep,numberOfRobotsOnBlackSite,numberOfRobotsOnWhiteSite
25000,26,19
timeStep,numberOfRobotsOnBlackSite,numberOfRobotsOnWhiteSite
25001,26,19
timeStep,numberOfRobotsOnBlackSite,numberOfRobotsOnWhiteSite
25002,26,19
timeStep,numberOfRobotsOnBlackSite,numberOfRobotsOnWhiteSite
25003,26,19
timeStep,numberOfRobotsOnBlackSite,numberOfRobotsOnWhiteSite
25004,26,19
timeStep,numberOfRobotsOnBlackSite,numberOfRobotsOnWhiteSite
25005,26,19
timeStep,numberOfRobotsOnBlackSite,numberOfRobotsOnWhiteSite
25006,26,19
timeStep,numberOfRobotsOnBlackSite,numberOfRobotsOnWhiteSite
25007,26,19
timeStep,numberOfRobotsOnBlackSite,numberOfRobotsOnWhiteSite
25008,26,19
timeStep,numberOfRobotsOnBlackSite,numberOfRobotsOnWhiteSite
25009,26,19
timeStep,numberOfRobotsOnBlackSite,numberOfRobotsOnWhiteSite
25010,26,19
timeStep,numberOfRobotsOnBlackSite,numberOfRobotsOnWhiteSite
25011,26,19
timeStep,numberOfRobotsOnBlackSite,numberOfRobotsOnWhiteSite
25012,26,19
timeStep,numberOfRobotsOnBlackSite,numberOfRobotsOnWhiteSite
25013,26,19
timeStep,numberOfRobotsOnBlackSite,numberOfRobotsOnWhiteSite
25014,26,19
timeStep,numberOfRobotsOnBlackSite,numberOfRobotsOnWhiteSite
25015,26,19
timeStep,numberOfRobotsOnBlackSite,numberOfRobotsOnWhiteSite
25016,26,19
timeStep,numberOfRobotsOnBlackSite,numberOfRobotsOnWhiteSite
25017,26,19
timeStep,numberOfRobotsOnBlackSite,numberOfRobotsOnWhiteSite
25018,26,19
timeStep,numberOfRobotsOnBlackSite,numberOfRobotsOnWhiteSite
25019,26,19
timeStep,numberOfRobotsOnBlackSite,numberOfRobotsOnWhiteSite
25020,25,19
timeStep,numberOfRobotsOnBlackSite,numberOfRobotsOnWhiteSite
25021,25,19
timeStep,numberOfRobotsOnBlackSite,numberOfRobotsOnWhiteSite
25022,25,19
timeStep,numberOfRobotsOnBlackSite,numberOfRobotsOnWhiteSite
25023,25,19
timeStep,numberOfRobotsOnBlackSite,numberOfRobotsOnWhiteSite
25024,25,19
timeStep,numberOfRobotsOnBlackSite,numberOfRobotsOnWhiteSite
25025,25,19
timeStep,numberOfRobotsOnBlackSite,numberOfRobotsOnWhiteSite
25026,25,19
timeStep,numberOfRobotsOnBlackSite,numberOfRobotsOnWhiteSite
25027,25,19
timeStep,numberOfRobotsOnBlackSite,numberOfRobotsOnWhiteSite
25028,25,19
timeStep,numberOfRobotsOnBlackSite,numberOfRobotsOnWhiteSite
25029,25,19
timeStep,numberOfRobotsOnBlackSite,numberOfRobotsOnWhiteSite
25030,25,19
timeStep,numberOfRobotsOnBlackSite,numberOfRobotsOnWhiteSite
25031,25,19
timeStep,numberOfRobotsOnBlackSite,numberOfRobotsOnWhiteSite
25032,25,19
timeStep,numberOfRobotsOnBlackSite,numberOfRobotsOnWhiteSite
25033,25,19
timeStep,numberOfRobotsOnBlackSite,numberOfRobotsOnWhiteSite
25034,25,19
timeStep,numberOfRobotsOnBlackSite,numberOfRobotsOnWhiteSite
25035,25,19
timeStep,numberOfRobotsOnBlackSite,numberOfRobotsOnWhiteSite
25036,25,19
timeStep,numberOfRobotsOnBlackSite,numberOfRobotsOnWhiteSite
25037,25,19
timeStep,numberOfRobotsOnBlackSite,numberOfRobotsOnWhiteSite
25038,25,19
timeStep,numberOfRobotsOnBlackSite,numberOfRobotsOnWhiteSite
25039,25,19
timeStep,numberOfRobotsOnBlackSite,numberOfRobotsOnWhiteSite
25040,25,19
timeStep,numberOfRobotsOnBlackSite,numberOfRobotsOnWhiteSite
25041,25,19
timeStep,numberOfRobotsOnBlackSite,numberOfRobotsOnWhiteSite
25042,25,19
timeStep,numberOfRobotsOnBlackSite,numberOfRobotsOnWhiteSite
25043,25,19
timeStep,numberOfRobotsOnBlackSite,numberOfRobotsOnWhiteSite
25044,25,19
timeStep,numberOfRobotsOnBlackSite,numberOfRobotsOnWhiteSite
25045,25,19
timeStep,numberOfRobotsOnBlackSite,numberOfRobotsOnWhiteSite
25046,25,19
timeStep,numberOfRobotsOnBlackSite,numberOfRobotsOnWhiteSite
25047,25,19
timeStep,numberOfRobotsOnBlackSite,numberOfRobotsOnWhiteSite
25048,25,19
timeStep,numberOfRobotsOnBlackSite,numberOfRobotsOnWhiteSite
25049,25,19
timeStep,numberOfRobotsOnBlackSite,numberOfRobotsOnWhiteSite
25050,26,19
timeStep,numberOfRobotsOnBlackSite,numberOfRobotsOnWhiteSite
25051,26,19
timeStep,numberOfRobotsOnBlackSite,numberOfRobotsOnWhiteSite
25052,26,19
timeStep,numberOfRobotsOnBlackSite,numberOfRobotsOnWhiteSite
25053,26,19
timeStep,numberOfRobotsOnBlackSite,numberOfRobotsOnWhiteSite
25054,26,19
timeStep,numberOfRobotsOnBlackSite,numberOfRobotsOnWhiteSite
25055,27,19
timeStep,numberOfRobotsOnBlackSite,numberOfRobotsOnWhiteSite
25056,27,19
timeStep,numberOfRobotsOnBlackSite,numberOfRobotsOnWhiteSite
25057,27,19
timeStep,numberOfRobotsOnBlackSite,numberOfRobotsOnWhiteSite
25058,27,19
timeStep,numberOfRobotsOnBlackSite,numberOfRobotsOnWhiteSite
25059,27,19
timeStep,numberOfRobotsOnBlackSite,numberOfRobotsOnWhiteSite
25060,27,19
timeStep,numberOfRobotsOnBlackSite,numberOfRobotsOnWhiteSite
25061,27,19
timeStep,numberOfRobotsOnBlackSite,numberOfRobotsOnWhiteSite
25062,27,19
timeStep,numberOfRobotsOnBlackSite,numberOfRobotsOnWhiteSite
25063,27,19
timeStep,numberOfRobotsOnBlackSite,numberOfRobotsOnWhiteSite
25064,27,19
timeStep,numberOfRobotsOnBlackSite,numberOfRobotsOnWhiteSite
25065,27,19
timeStep,numberOfRobotsOnBlackSite,numberOfRobotsOnWhiteSite
25066,27,19
timeStep,numberOfRobotsOnBlackSite,numberOfRobotsOnWhiteSite
25067,27,19
timeStep,numberOfRobotsOnBlackSite,numberOfRobotsOnWhiteSite
25068,27,19
timeStep,numberOfRobotsOnBlackSite,numberOfRobotsOnWhiteSite
25069,27,19
timeStep,numberOfRobotsOnBlackSite,numberOfRobotsOnWhiteSite
25070,27,19
timeStep,numberOfRobotsOnBlackSite,numberOfRobotsOnWhiteSite
25071,27,19
timeStep,numberOfRobotsOnBlackSite,numberOfRobotsOnWhiteSite
25072,27,19
timeStep,numberOfRobotsOnBlackSite,numberOfRobotsOnWhiteSite
25073,27,19
timeStep,numberOfRobotsOnBlackSite,numberOfRobotsOnWhiteSite
25074,27,19
timeStep,numberOfRobotsOnBlackSite,numberOfRobotsOnWhiteSite
25075,27,19
timeStep,numberOfRobotsOnBlackSite,numberOfRobotsOnWhiteSite
25076,27,19
timeStep,numberOfRobotsOnBlackSite,numberOfRobotsOnWhiteSite
25077,27,19
timeStep,numberOfRobotsOnBlackSite,numberOfRobotsOnWhiteSite
25078,27,19
timeStep,numberOfRobotsOnBlackSite,numberOfRobotsOnWhiteSite
25079,27,19
timeStep,numberOfRobotsOnBlackSite,numberOfRobotsOnWhiteSite
25080,27,19
timeStep,numberOfRobotsOnBlackSite,numberOfRobotsOnWhiteSite
25081,27,19
timeStep,numberOfRobotsOnBlackSite,numberOfRobotsOnWhiteSite
25082,27,19
timeStep,numberOfRobotsOnBlackSite,numberOfRobotsOnWhiteSite
25083,27,19
timeStep,numberOfRobotsOnBlackSite,numberOfRobotsOnWhiteSite
25084,27,19
timeStep,numberOfRobotsOnBlackSite,numberOfRobotsOnWhiteSite
25085,27,19
timeStep,numberOfRobotsOnBlackSite,numberOfRobotsOnWhiteSite
25086,27,19
timeStep,numberOfRobotsOnBlackSite,numberOfRobotsOnWhiteSite
25087,27,19
timeStep,numberOfRobotsOnBlackSite,numberOfRobotsOnWhiteSite
25088,27,19
timeStep,numberOfRobotsOnBlackSite,numberOfRobotsOnWhiteSite
25089,27,19
timeStep,numberOfRobotsOnBlackSite,numberOfRobotsOnWhiteSite
25090,27,19
timeStep,numberOfRobotsOnBlackSite,numberOfRobotsOnWhiteSite
25091,27,19
timeStep,numberOfRobotsOnBlackSite,numberOfRobotsOnWhiteSite
25092,27,19
timeStep,numberOfRobotsOnBlackSite,numberOfRobotsOnWhiteSite
25093,27,19
timeStep,numberOfRobotsOnBlackSite,numberOfRobotsOnWhiteSite
25094,27,19
timeStep,numberOfRobotsOnBlackSite,numberOfRobotsOnWhiteSite
25095,27,19
timeStep,numberOfRobotsOnBlackSite,numberOfRobotsOnWhiteSite
25096,27,19
timeStep,numberOfRobotsOnBlackSite,numberOfRobotsOnWhiteSite
25097,27,19
timeStep,numberOfRobotsOnBlackSite,numberOfRobotsOnWhiteSite
25098,27,19
timeStep,numberOfRobotsOnBlackSite,numberOfRobotsOnWhiteSite
25099,27,19
timeStep,numberOfRobotsOnBlackSite,numberOfRobotsOnWhiteSite
25100,27,19
timeStep,numberOfRobotsOnBlackSite,numberOfRobotsOnWhiteSite
25101,27,19
timeStep,numberOfRobotsOnBlackSite,numberOfRobotsOnWhiteSite
25102,27,19
timeStep,numberOfRobotsOnBlackSite,numberOfRobotsOnWhiteSite
25103,27,19
timeStep,numberOfRobotsOnBlackSite,numberOfRobotsOnWhiteSite
25104,27,19
timeStep,numberOfRobotsOnBlackSite,numberOfRobotsOnWhiteSite
25105,27,19
timeStep,numberOfRobotsOnBlackSite,numberOfRobotsOnWhiteSite
25106,27,19
timeStep,numberOfRobotsOnBlackSite,numberOfRobotsOnWhiteSite
25107,27,19
timeStep,numberOfRobotsOnBlackSite,numberOfRobotsOnWhiteSite
25108,27,19
timeStep,numberOfRobotsOnBlackSite,numberOfRobotsOnWhiteSite
25109,27,19
timeStep,numberOfRobotsOnBlackSite,numberOfRobotsOnWhiteSite
25110,27,19
timeStep,numberOfRobotsOnBlackSite,numberOfRobotsOnWhiteSite
25111,27,19
timeStep,numberOfRobotsOnBlackSite,numberOfRobotsOnWhiteSite
25112,27,19
timeStep,numberOfRobotsOnBlackSite,numberOfRobotsOnWhiteSite
25113,27,19
timeStep,numberOfRobotsOnBlackSite,numberOfRobotsOnWhiteSite
25114,27,19
timeStep,numberOfRobotsOnBlackSite,numberOfRobotsOnWhiteSite
25115,27,19
timeStep,numberOfRobotsOnBlackSite,numberOfRobotsOnWhiteSite
25116,27,19
timeStep,numberOfRobotsOnBlackSite,numberOfRobotsOnWhiteSite
25117,27,19
timeStep,numberOfRobotsOnBlackSite,numberOfRobotsOnWhiteSite
25118,27,19
timeStep,numberOfRobotsOnBlackSite,numberOfRobotsOnWhiteSite
25119,27,19
timeStep,numberOfRobotsOnBlackSite,numberOfRobotsOnWhiteSite
25120,27,19
timeStep,numberOfRobotsOnBlackSite,numberOfRobotsOnWhiteSite
25121,27,19
timeStep,numberOfRobotsOnBlackSite,numberOfRobotsOnWhiteSite
25122,27,19
timeStep,numberOfRobotsOnBlackSite,numberOfRobotsOnWhiteSite
25123,27,19
timeStep,numberOfRobotsOnBlackSite,numberOfRobotsOnWhiteSite
25124,27,19
timeStep,numberOfRobotsOnBlackSite,numberOfRobotsOnWhiteSite
25125,27,19
timeStep,numberOfRobotsOnBlackSite,numberOfRobotsOnWhiteSite
25126,27,19
timeStep,numberOfRobotsOnBlackSite,numberOfRobotsOnWhiteSite
25127,27,19
timeStep,numberOfRobotsOnBlackSite,numberOfRobotsOnWhiteSite
25128,27,19
timeStep,numberOfRobotsOnBlackSite,numberOfRobotsOnWhiteSite
25129,27,19
timeStep,numberOfRobotsOnBlackSite,numberOfRobotsOnWhiteSite
25130,27,19
timeStep,numberOfRobotsOnBlackSite,numberOfRobotsOnWhiteSite
25131,27,19
timeStep,numberOfRobotsOnBlackSite,numberOfRobotsOnWhiteSite
25132,27,19
timeStep,numberOfRobotsOnBlackSite,numberOfRobotsOnWhiteSite
25133,27,19
timeStep,numberOfRobotsOnBlackSite,numberOfRobotsOnWhiteSite
25134,27,19
timeStep,numberOfRobotsOnBlackSite,numberOfRobotsOnWhiteSite
25135,27,19
timeStep,numberOfRobotsOnBlackSite,numberOfRobotsOnWhiteSite
25136,27,19
timeStep,numberOfRobotsOnBlackSite,numberOfRobotsOnWhiteSite
25137,27,19
timeStep,numberOfRobotsOnBlackSite,numberOfRobotsOnWhiteSite
25138,27,19
timeStep,numberOfRobotsOnBlackSite,numberOfRobotsOnWhiteSite
25139,27,19
timeStep,numberOfRobotsOnBlackSite,numberOfRobotsOnWhiteSite
25140,27,19
timeStep,numberOfRobotsOnBlackSite,numberOfRobotsOnWhiteSite
25141,27,19
timeStep,numberOfRobotsOnBlackSite,numberOfRobotsOnWhiteSite
25142,27,19
timeStep,numberOfRobotsOnBlackSite,numberOfRobotsOnWhiteSite
25143,27,19
timeStep,numberOfRobotsOnBlackSite,numberOfRobotsOnWhiteSite
25144,27,19
timeStep,numberOfRobotsOnBlackSite,numberOfRobotsOnWhiteSite
25145,27,19
timeStep,numberOfRobotsOnBlackSite,numberOfRobotsOnWhiteSite
25146,27,19
timeStep,numberOfRobotsOnBlackSite,numberOfRobotsOnWhiteSite
25147,27,19
timeStep,numberOfRobotsOnBlackSite,numberOfRobotsOnWhiteSite
25148,27,19
timeStep,numberOfRobotsOnBlackSite,numberOfRobotsOnWhiteSite
25149,27,19
timeStep,numberOfRobotsOnBlackSite,numberOfRobotsOnWhiteSite
25150,27,19
timeStep,numberOfRobotsOnBlackSite,numberOfRobotsOnWhiteSite
25151,27,19
timeStep,numberOfRobotsOnBlackSite,numberOfRobotsOnWhiteSite
25152,27,19
timeStep,numberOfRobotsOnBlackSite,numberOfRobotsOnWhiteSite
25153,27,19
timeStep,numberOfRobotsOnBlackSite,numberOfRobotsOnWhiteSite
25154,27,19
timeStep,numberOfRobotsOnBlackSite,numberOfRobotsOnWhiteSite
25155,27,19
timeStep,numberOfRobotsOnBlackSite,numberOfRobotsOnWhiteSite
25156,27,19
timeStep,numberOfRobotsOnBlackSite,numberOfRobotsOnWhiteSite
25157,27,19
timeStep,numberOfRobotsOnBlackSite,numberOfRobotsOnWhiteSite
25158,27,19
timeStep,numberOfRobotsOnBlackSite,numberOfRobotsOnWhiteSite
25159,27,19
timeStep,numberOfRobotsOnBlackSite,numberOfRobotsOnWhiteSite
25160,27,19
timeStep,numberOfRobotsOnBlackSite,numberOfRobotsOnWhiteSite
25161,27,19
timeStep,numberOfRobotsOnBlackSite,numberOfRobotsOnWhiteSite
25162,27,19
timeStep,numberOfRobotsOnBlackSite,numberOfRobotsOnWhiteSite
25163,27,19
timeStep,numberOfRobotsOnBlackSite,numberOfRobotsOnWhiteSite
25164,27,19
timeStep,numberOfRobotsOnBlackSite,numberOfRobotsOnWhiteSite
25165,27,19
timeStep,numberOfRobotsOnBlackSite,numberOfRobotsOnWhiteSite
25166,27,19
timeStep,numberOfRobotsOnBlackSite,numberOfRobotsOnWhiteSite
25167,27,19
timeStep,numberOfRobotsOnBlackSite,numberOfRobotsOnWhiteSite
25168,27,19
timeStep,numberOfRobotsOnBlackSite,numberOfRobotsOnWhiteSite
25169,27,19
timeStep,numberOfRobotsOnBlackSite,numberOfRobotsOnWhiteSite
25170,27,19
timeStep,numberOfRobotsOnBlackSite,numberOfRobotsOnWhiteSite
25171,27,19
timeStep,numberOfRobotsOnBlackSite,numberOfRobotsOnWhiteSite
25172,27,19
timeStep,numberOfRobotsOnBlackSite,numberOfRobotsOnWhiteSite
25173,27,19
timeStep,numberOfRobotsOnBlackSite,numberOfRobotsOnWhiteSite
25174,27,19
timeStep,numberOfRobotsOnBlackSite,numberOfRobotsOnWhiteSite
25175,27,19
timeStep,numberOfRobotsOnBlackSite,numberOfRobotsOnWhiteSite
25176,27,19
timeStep,numberOfRobotsOnBlackSite,numberOfRobotsOnWhiteSite
25177,27,19
timeStep,numberOfRobotsOnBlackSite,numberOfRobotsOnWhiteSite
25178,27,19
timeStep,numberOfRobotsOnBlackSite,numberOfRobotsOnWhiteSite
25179,27,19
timeStep,numberOfRobotsOnBlackSite,numberOfRobotsOnWhiteSite
25180,27,19
timeStep,numberOfRobotsOnBlackSite,numberOfRobotsOnWhiteSite
25181,27,19
timeStep,numberOfRobotsOnBlackSite,numberOfRobotsOnWhiteSite
25182,27,19
timeStep,numberOfRobotsOnBlackSite,numberOfRobotsOnWhiteSite
25183,27,19
timeStep,numberOfRobotsOnBlackSite,numberOfRobotsOnWhiteSite
25184,27,19
timeStep,numberOfRobotsOnBlackSite,numberOfRobotsOnWhiteSite
25185,27,19
timeStep,numberOfRobotsOnBlackSite,numberOfRobotsOnWhiteSite
25186,27,19
timeStep,numberOfRobotsOnBlackSite,numberOfRobotsOnWhiteSite
25187,27,19
timeStep,numberOfRobotsOnBlackSite,numberOfRobotsOnWhiteSite
25188,27,19
timeStep,numberOfRobotsOnBlackSite,numberOfRobotsOnWhiteSite
25189,27,19
timeStep,numberOfRobotsOnBlackSite,numberOfRobotsOnWhiteSite
25190,27,19
timeStep,numberOfRobotsOnBlackSite,numberOfRobotsOnWhiteSite
25191,27,19
timeStep,numberOfRobotsOnBlackSite,numberOfRobotsOnWhiteSite
25192,27,19
timeStep,numberOfRobotsOnBlackSite,numberOfRobotsOnWhiteSite
25193,27,19
timeStep,numberOfRobotsOnBlackSite,numberOfRobotsOnWhiteSite
25194,27,19
timeStep,numberOfRobotsOnBlackSite,numberOfRobotsOnWhiteSite
25195,27,19
timeStep,numberOfRobotsOnBlackSite,numberOfRobotsOnWhiteSite
25196,27,19
timeStep,numberOfRobotsOnBlackSite,numberOfRobotsOnWhiteSite
25197,27,19
timeStep,numberOfRobotsOnBlackSite,numberOfRobotsOnWhiteSite
25198,27,19
timeStep,numberOfRobotsOnBlackSite,numberOfRobotsOnWhiteSite
25199,27,19
timeStep,numberOfRobotsOnBlackSite,numberOfRobotsOnWhiteSite
25200,27,19
timeStep,numberOfRobotsOnBlackSite,numberOfRobotsOnWhiteSite
25201,27,19
timeStep,numberOfRobotsOnBlackSite,numberOfRobotsOnWhiteSite
25202,27,19
timeStep,numberOfRobotsOnBlackSite,numberOfRobotsOnWhiteSite
25203,27,19
timeStep,numberOfRobotsOnBlackSite,numberOfRobotsOnWhiteSite
25204,27,19
timeStep,numberOfRobotsOnBlackSite,numberOfRobotsOnWhiteSite
25205,27,19
timeStep,numberOfRobotsOnBlackSite,numberOfRobotsOnWhiteSite
25206,27,19
timeStep,numberOfRobotsOnBlackSite,numberOfRobotsOnWhiteSite
25207,27,19
timeStep,numberOfRobotsOnBlackSite,numberOfRobotsOnWhiteSite
25208,27,19
timeStep,numberOfRobotsOnBlackSite,numberOfRobotsOnWhiteSite
25209,27,19
timeStep,numberOfRobotsOnBlackSite,numberOfRobotsOnWhiteSite
25210,26,19
timeStep,numberOfRobotsOnBlackSite,numberOfRobotsOnWhiteSite
25211,26,19
timeStep,numberOfRobotsOnBlackSite,numberOfRobotsOnWhiteSite
25212,26,19
timeStep,numberOfRobotsOnBlackSite,numberOfRobotsOnWhiteSite
25213,26,19
timeStep,numberOfRobotsOnBlackSite,numberOfRobotsOnWhiteSite
25214,26,19
timeStep,numberOfRobotsOnBlackSite,numberOfRobotsOnWhiteSite
25215,26,19
timeStep,numberOfRobotsOnBlackSite,numberOfRobotsOnWhiteSite
25216,26,19
timeStep,numberOfRobotsOnBlackSite,numberOfRobotsOnWhiteSite
25217,26,19
timeStep,numberOfRobotsOnBlackSite,numberOfRobotsOnWhiteSite
25218,26,19
timeStep,numberOfRobotsOnBlackSite,numberOfRobotsOnWhiteSite
25219,26,19
timeStep,numberOfRobotsOnBlackSite,numberOfRobotsOnWhiteSite
25220,26,19
timeStep,numberOfRobotsOnBlackSite,numberOfRobotsOnWhiteSite
25221,26,19
timeStep,numberOfRobotsOnBlackSite,numberOfRobotsOnWhiteSite
25222,26,19
timeStep,numberOfRobotsOnBlackSite,numberOfRobotsOnWhiteSite
25223,26,19
timeStep,numberOfRobotsOnBlackSite,numberOfRobotsOnWhiteSite
25224,26,19
timeStep,numberOfRobotsOnBlackSite,numberOfRobotsOnWhiteSite
25225,26,19
timeStep,numberOfRobotsOnBlackSite,numberOfRobotsOnWhiteSite
25226,26,19
timeStep,numberOfRobotsOnBlackSite,numberOfRobotsOnWhiteSite
25227,26,19
timeStep,numberOfRobotsOnBlackSite,numberOfRobotsOnWhiteSite
25228,26,19
timeStep,numberOfRobotsOnBlackSite,numberOfRobotsOnWhiteSite
25229,26,19
timeStep,numberOfRobotsOnBlackSite,numberOfRobotsOnWhiteSite
25230,26,19
timeStep,numberOfRobotsOnBlackSite,numberOfRobotsOnWhiteSite
25231,26,19
timeStep,numberOfRobotsOnBlackSite,numberOfRobotsOnWhiteSite
25232,26,19
timeStep,numberOfRobotsOnBlackSite,numberOfRobotsOnWhiteSite
25233,26,19
timeStep,numberOfRobotsOnBlackSite,numberOfRobotsOnWhiteSite
25234,26,19
timeStep,numberOfRobotsOnBlackSite,numberOfRobotsOnWhiteSite
25235,26,19
timeStep,numberOfRobotsOnBlackSite,numberOfRobotsOnWhiteSite
25236,26,19
timeStep,numberOfRobotsOnBlackSite,numberOfRobotsOnWhiteSite
25237,26,19
timeStep,numberOfRobotsOnBlackSite,numberOfRobotsOnWhiteSite
25238,26,19
timeStep,numberOfRobotsOnBlackSite,numberOfRobotsOnWhiteSite
25239,26,19
timeStep,numberOfRobotsOnBlackSite,numberOfRobotsOnWhiteSite
25240,26,18
timeStep,numberOfRobotsOnBlackSite,numberOfRobotsOnWhiteSite
25241,26,18
timeStep,numberOfRobotsOnBlackSite,numberOfRobotsOnWhiteSite
25242,26,18
timeStep,numberOfRobotsOnBlackSite,numberOfRobotsOnWhiteSite
25243,26,18
timeStep,numberOfRobotsOnBlackSite,numberOfRobotsOnWhiteSite
25244,26,18
timeStep,numberOfRobotsOnBlackSite,numberOfRobotsOnWhiteSite
25245,26,18
timeStep,numberOfRobotsOnBlackSite,numberOfRobotsOnWhiteSite
25246,26,18
timeStep,numberOfRobotsOnBlackSite,numberOfRobotsOnWhiteSite
25247,26,18
timeStep,numberOfRobotsOnBlackSite,numberOfRobotsOnWhiteSite
25248,26,18
timeStep,numberOfRobotsOnBlackSite,numberOfRobotsOnWhiteSite
25249,26,18
timeStep,numberOfRobotsOnBlackSite,numberOfRobotsOnWhiteSite
25250,26,18
timeStep,numberOfRobotsOnBlackSite,numberOfRobotsOnWhiteSite
25251,26,18
timeStep,numberOfRobotsOnBlackSite,numberOfRobotsOnWhiteSite
25252,26,18
timeStep,numberOfRobotsOnBlackSite,numberOfRobotsOnWhiteSite
25253,26,18
timeStep,numberOfRobotsOnBlackSite,numberOfRobotsOnWhiteSite
25254,26,18
timeStep,numberOfRobotsOnBlackSite,numberOfRobotsOnWhiteSite
25255,26,18
timeStep,numberOfRobotsOnBlackSite,numberOfRobotsOnWhiteSite
25256,26,18
timeStep,numberOfRobotsOnBlackSite,numberOfRobotsOnWhiteSite
25257,26,18
timeStep,numberOfRobotsOnBlackSite,numberOfRobotsOnWhiteSite
25258,26,18
timeStep,numberOfRobotsOnBlackSite,numberOfRobotsOnWhiteSite
25259,26,18
timeStep,numberOfRobotsOnBlackSite,numberOfRobotsOnWhiteSite
25260,26,18
timeStep,numberOfRobotsOnBlackSite,numberOfRobotsOnWhiteSite
25261,26,18
timeStep,numberOfRobotsOnBlackSite,numberOfRobotsOnWhiteSite
25262,26,18
timeStep,numberOfRobotsOnBlackSite,numberOfRobotsOnWhiteSite
25263,26,18
timeStep,numberOfRobotsOnBlackSite,numberOfRobotsOnWhiteSite
25264,26,18
timeStep,numberOfRobotsOnBlackSite,numberOfRobotsOnWhiteSite
25265,26,18
timeStep,numberOfRobotsOnBlackSite,numberOfRobotsOnWhiteSite
25266,26,18
timeStep,numberOfRobotsOnBlackSite,numberOfRobotsOnWhiteSite
25267,26,18
timeStep,numberOfRobotsOnBlackSite,numberOfRobotsOnWhiteSite
25268,26,18
timeStep,numberOfRobotsOnBlackSite,numberOfRobotsOnWhiteSite
25269,26,18
timeStep,numberOfRobotsOnBlackSite,numberOfRobotsOnWhiteSite
25270,26,18
timeStep,numberOfRobotsOnBlackSite,numberOfRobotsOnWhiteSite
25271,26,18
timeStep,numberOfRobotsOnBlackSite,numberOfRobotsOnWhiteSite
25272,26,18
timeStep,numberOfRobotsOnBlackSite,numberOfRobotsOnWhiteSite
25273,26,18
timeStep,numberOfRobotsOnBlackSite,numberOfRobotsOnWhiteSite
25274,26,18
timeStep,numberOfRobotsOnBlackSite,numberOfRobotsOnWhiteSite
25275,26,18
timeStep,numberOfRobotsOnBlackSite,numberOfRobotsOnWhiteSite
25276,26,18
timeStep,numberOfRobotsOnBlackSite,numberOfRobotsOnWhiteSite
25277,26,18
timeStep,numberOfRobotsOnBlackSite,numberOfRobotsOnWhiteSite
25278,26,18
timeStep,numberOfRobotsOnBlackSite,numberOfRobotsOnWhiteSite
25279,26,18
timeStep,numberOfRobotsOnBlackSite,numberOfRobotsOnWhiteSite
25280,26,18
timeStep,numberOfRobotsOnBlackSite,numberOfRobotsOnWhiteSite
25281,26,18
timeStep,numberOfRobotsOnBlackSite,numberOfRobotsOnWhiteSite
25282,26,18
timeStep,numberOfRobotsOnBlackSite,numberOfRobotsOnWhiteSite
25283,26,18
timeStep,numberOfRobotsOnBlackSite,numberOfRobotsOnWhiteSite
25284,26,18
timeStep,numberOfRobotsOnBlackSite,numberOfRobotsOnWhiteSite
25285,26,18
timeStep,numberOfRobotsOnBlackSite,numberOfRobotsOnWhiteSite
25286,26,18
timeStep,numberOfRobotsOnBlackSite,numberOfRobotsOnWhiteSite
25287,26,18
timeStep,numberOfRobotsOnBlackSite,numberOfRobotsOnWhiteSite
25288,26,18
timeStep,numberOfRobotsOnBlackSite,numberOfRobotsOnWhiteSite
25289,26,18
timeStep,numberOfRobotsOnBlackSite,numberOfRobotsOnWhiteSite
25290,26,18
timeStep,numberOfRobotsOnBlackSite,numberOfRobotsOnWhiteSite
25291,26,18
timeStep,numberOfRobotsOnBlackSite,numberOfRobotsOnWhiteSite
25292,26,18
timeStep,numberOfRobotsOnBlackSite,numberOfRobotsOnWhiteSite
25293,26,18
timeStep,numberOfRobotsOnBlackSite,numberOfRobotsOnWhiteSite
25294,26,18
timeStep,numberOfRobotsOnBlackSite,numberOfRobotsOnWhiteSite
25295,26,19
timeStep,numberOfRobotsOnBlackSite,numberOfRobotsOnWhiteSite
25296,26,19
timeStep,numberOfRobotsOnBlackSite,numberOfRobotsOnWhiteSite
25297,26,19
timeStep,numberOfRobotsOnBlackSite,numberOfRobotsOnWhiteSite
25298,26,19
timeStep,numberOfRobotsOnBlackSite,numberOfRobotsOnWhiteSite
25299,26,19
timeStep,numberOfRobotsOnBlackSite,numberOfRobotsOnWhiteSite
25300,26,19
timeStep,numberOfRobotsOnBlackSite,numberOfRobotsOnWhiteSite
25301,26,19
timeStep,numberOfRobotsOnBlackSite,numberOfRobotsOnWhiteSite
25302,26,19
timeStep,numberOfRobotsOnBlackSite,numberOfRobotsOnWhiteSite
25303,26,19
timeStep,numberOfRobotsOnBlackSite,numberOfRobotsOnWhiteSite
25304,26,19
timeStep,numberOfRobotsOnBlackSite,numberOfRobotsOnWhiteSite
25305,26,19
timeStep,numberOfRobotsOnBlackSite,numberOfRobotsOnWhiteSite
25306,26,19
timeStep,numberOfRobotsOnBlackSite,numberOfRobotsOnWhiteSite
25307,26,19
timeStep,numberOfRobotsOnBlackSite,numberOfRobotsOnWhiteSite
25308,26,19
timeStep,numberOfRobotsOnBlackSite,numberOfRobotsOnWhiteSite
25309,26,19
timeStep,numberOfRobotsOnBlackSite,numberOfRobotsOnWhiteSite
25310,26,19
timeStep,numberOfRobotsOnBlackSite,numberOfRobotsOnWhiteSite
25311,26,19
timeStep,numberOfRobotsOnBlackSite,numberOfRobotsOnWhiteSite
25312,26,19
timeStep,numberOfRobotsOnBlackSite,numberOfRobotsOnWhiteSite
25313,26,19
timeStep,numberOfRobotsOnBlackSite,numberOfRobotsOnWhiteSite
25314,26,19
timeStep,numberOfRobotsOnBlackSite,numberOfRobotsOnWhiteSite
25315,26,19
timeStep,numberOfRobotsOnBlackSite,numberOfRobotsOnWhiteSite
25316,26,19
timeStep,numberOfRobotsOnBlackSite,numberOfRobotsOnWhiteSite
25317,26,19
timeStep,numberOfRobotsOnBlackSite,numberOfRobotsOnWhiteSite
25318,26,19
timeStep,numberOfRobotsOnBlackSite,numberOfRobotsOnWhiteSite
25319,26,19
timeStep,numberOfRobotsOnBlackSite,numberOfRobotsOnWhiteSite
25320,26,19
timeStep,numberOfRobotsOnBlackSite,numberOfRobotsOnWhiteSite
25321,26,19
timeStep,numberOfRobotsOnBlackSite,numberOfRobotsOnWhiteSite
25322,26,19
timeStep,numberOfRobotsOnBlackSite,numberOfRobotsOnWhiteSite
25323,26,19
timeStep,numberOfRobotsOnBlackSite,numberOfRobotsOnWhiteSite
25324,26,19
timeStep,numberOfRobotsOnBlackSite,numberOfRobotsOnWhiteSite
25325,26,19
timeStep,numberOfRobotsOnBlackSite,numberOfRobotsOnWhiteSite
25326,26,19
timeStep,numberOfRobotsOnBlackSite,numberOfRobotsOnWhiteSite
25327,26,19
timeStep,numberOfRobotsOnBlackSite,numberOfRobotsOnWhiteSite
25328,26,19
timeStep,numberOfRobotsOnBlackSite,numberOfRobotsOnWhiteSite
25329,26,19
timeStep,numberOfRobotsOnBlackSite,numberOfRobotsOnWhiteSite
25330,26,19
timeStep,numberOfRobotsOnBlackSite,numberOfRobotsOnWhiteSite
25331,26,19
timeStep,numberOfRobotsOnBlackSite,numberOfRobotsOnWhiteSite
25332,26,19
timeStep,numberOfRobotsOnBlackSite,numberOfRobotsOnWhiteSite
25333,26,19
timeStep,numberOfRobotsOnBlackSite,numberOfRobotsOnWhiteSite
25334,26,19
timeStep,numberOfRobotsOnBlackSite,numberOfRobotsOnWhiteSite
25335,26,19
timeStep,numberOfRobotsOnBlackSite,numberOfRobotsOnWhiteSite
25336,26,19
timeStep,numberOfRobotsOnBlackSite,numberOfRobotsOnWhiteSite
25337,26,19
timeStep,numberOfRobotsOnBlackSite,numberOfRobotsOnWhiteSite
25338,26,19
timeStep,numberOfRobotsOnBlackSite,numberOfRobotsOnWhiteSite
25339,26,19
timeStep,numberOfRobotsOnBlackSite,numberOfRobotsOnWhiteSite
25340,26,19
timeStep,numberOfRobotsOnBlackSite,numberOfRobotsOnWhiteSite
25341,26,19
timeStep,numberOfRobotsOnBlackSite,numberOfRobotsOnWhiteSite
25342,26,19
timeStep,numberOfRobotsOnBlackSite,numberOfRobotsOnWhiteSite
25343,26,19
timeStep,numberOfRobotsOnBlackSite,numberOfRobotsOnWhiteSite
25344,26,19
timeStep,numberOfRobotsOnBlackSite,numberOfRobotsOnWhiteSite
25345,26,19
timeStep,numberOfRobotsOnBlackSite,numberOfRobotsOnWhiteSite
25346,26,19
timeStep,numberOfRobotsOnBlackSite,numberOfRobotsOnWhiteSite
25347,26,19
timeStep,numberOfRobotsOnBlackSite,numberOfRobotsOnWhiteSite
25348,26,19
timeStep,numberOfRobotsOnBlackSite,numberOfRobotsOnWhiteSite
25349,26,19
timeStep,numberOfRobotsOnBlackSite,numberOfRobotsOnWhiteSite
25350,26,19
timeStep,numberOfRobotsOnBlackSite,numberOfRobotsOnWhiteSite
25351,26,19
timeStep,numberOfRobotsOnBlackSite,numberOfRobotsOnWhiteSite
25352,26,19
timeStep,numberOfRobotsOnBlackSite,numberOfRobotsOnWhiteSite
25353,26,19
timeStep,numberOfRobotsOnBlackSite,numberOfRobotsOnWhiteSite
25354,26,19
timeStep,numberOfRobotsOnBlackSite,numberOfRobotsOnWhiteSite
25355,26,19
timeStep,numberOfRobotsOnBlackSite,numberOfRobotsOnWhiteSite
25356,26,19
timeStep,numberOfRobotsOnBlackSite,numberOfRobotsOnWhiteSite
25357,26,19
timeStep,numberOfRobotsOnBlackSite,numberOfRobotsOnWhiteSite
25358,26,19
timeStep,numberOfRobotsOnBlackSite,numberOfRobotsOnWhiteSite
25359,26,19
timeStep,numberOfRobotsOnBlackSite,numberOfRobotsOnWhiteSite
25360,26,19
timeStep,numberOfRobotsOnBlackSite,numberOfRobotsOnWhiteSite
25361,26,19
timeStep,numberOfRobotsOnBlackSite,numberOfRobotsOnWhiteSite
25362,26,19
timeStep,numberOfRobotsOnBlackSite,numberOfRobotsOnWhiteSite
25363,26,19
timeStep,numberOfRobotsOnBlackSite,numberOfRobotsOnWhiteSite
25364,26,19
timeStep,numberOfRobotsOnBlackSite,numberOfRobotsOnWhiteSite
25365,26,19
timeStep,numberOfRobotsOnBlackSite,numberOfRobotsOnWhiteSite
25366,26,19
timeStep,numberOfRobotsOnBlackSite,numberOfRobotsOnWhiteSite
25367,26,19
timeStep,numberOfRobotsOnBlackSite,numberOfRobotsOnWhiteSite
25368,26,19
timeStep,numberOfRobotsOnBlackSite,numberOfRobotsOnWhiteSite
25369,26,19
timeStep,numberOfRobotsOnBlackSite,numberOfRobotsOnWhiteSite
25370,26,19
timeStep,numberOfRobotsOnBlackSite,numberOfRobotsOnWhiteSite
25371,26,19
timeStep,numberOfRobotsOnBlackSite,numberOfRobotsOnWhiteSite
25372,26,19
timeStep,numberOfRobotsOnBlackSite,numberOfRobotsOnWhiteSite
25373,26,19
timeStep,numberOfRobotsOnBlackSite,numberOfRobotsOnWhiteSite
25374,26,19
timeStep,numberOfRobotsOnBlackSite,numberOfRobotsOnWhiteSite
25375,26,19
timeStep,numberOfRobotsOnBlackSite,numberOfRobotsOnWhiteSite
25376,26,19
timeStep,numberOfRobotsOnBlackSite,numberOfRobotsOnWhiteSite
25377,26,19
timeStep,numberOfRobotsOnBlackSite,numberOfRobotsOnWhiteSite
25378,26,19
timeStep,numberOfRobotsOnBlackSite,numberOfRobotsOnWhiteSite
25379,26,19
timeStep,numberOfRobotsOnBlackSite,numberOfRobotsOnWhiteSite
25380,26,19
timeStep,numberOfRobotsOnBlackSite,numberOfRobotsOnWhiteSite
25381,26,19
timeStep,numberOfRobotsOnBlackSite,numberOfRobotsOnWhiteSite
25382,26,19
timeStep,numberOfRobotsOnBlackSite,numberOfRobotsOnWhiteSite
25383,26,19
timeStep,numberOfRobotsOnBlackSite,numberOfRobotsOnWhiteSite
25384,26,19
timeStep,numberOfRobotsOnBlackSite,numberOfRobotsOnWhiteSite
25385,26,19
timeStep,numberOfRobotsOnBlackSite,numberOfRobotsOnWhiteSite
25386,26,19
timeStep,numberOfRobotsOnBlackSite,numberOfRobotsOnWhiteSite
25387,26,19
timeStep,numberOfRobotsOnBlackSite,numberOfRobotsOnWhiteSite
25388,26,19
timeStep,numberOfRobotsOnBlackSite,numberOfRobotsOnWhiteSite
25389,26,19
timeStep,numberOfRobotsOnBlackSite,numberOfRobotsOnWhiteSite
25390,26,19
timeStep,numberOfRobotsOnBlackSite,numberOfRobotsOnWhiteSite
25391,26,19
timeStep,numberOfRobotsOnBlackSite,numberOfRobotsOnWhiteSite
25392,26,19
timeStep,numberOfRobotsOnBlackSite,numberOfRobotsOnWhiteSite
25393,26,19
timeStep,numberOfRobotsOnBlackSite,numberOfRobotsOnWhiteSite
25394,26,19
timeStep,numberOfRobotsOnBlackSite,numberOfRobotsOnWhiteSite
25395,26,19
timeStep,numberOfRobotsOnBlackSite,numberOfRobotsOnWhiteSite
25396,26,19
timeStep,numberOfRobotsOnBlackSite,numberOfRobotsOnWhiteSite
25397,26,19
timeStep,numberOfRobotsOnBlackSite,numberOfRobotsOnWhiteSite
25398,26,19
timeStep,numberOfRobotsOnBlackSite,numberOfRobotsOnWhiteSite
25399,26,19
timeStep,numberOfRobotsOnBlackSite,numberOfRobotsOnWhiteSite
25400,26,19
timeStep,numberOfRobotsOnBlackSite,numberOfRobotsOnWhiteSite
25401,26,19
timeStep,numberOfRobotsOnBlackSite,numberOfRobotsOnWhiteSite
25402,26,19
timeStep,numberOfRobotsOnBlackSite,numberOfRobotsOnWhiteSite
25403,26,19
timeStep,numberOfRobotsOnBlackSite,numberOfRobotsOnWhiteSite
25404,26,19
timeStep,numberOfRobotsOnBlackSite,numberOfRobotsOnWhiteSite
25405,26,19
timeStep,numberOfRobotsOnBlackSite,numberOfRobotsOnWhiteSite
25406,26,19
timeStep,numberOfRobotsOnBlackSite,numberOfRobotsOnWhiteSite
25407,26,19
timeStep,numberOfRobotsOnBlackSite,numberOfRobotsOnWhiteSite
25408,26,19
timeStep,numberOfRobotsOnBlackSite,numberOfRobotsOnWhiteSite
25409,26,19
timeStep,numberOfRobotsOnBlackSite,numberOfRobotsOnWhiteSite
25410,26,19
timeStep,numberOfRobotsOnBlackSite,numberOfRobotsOnWhiteSite
25411,26,19
timeStep,numberOfRobotsOnBlackSite,numberOfRobotsOnWhiteSite
25412,26,19
timeStep,numberOfRobotsOnBlackSite,numberOfRobotsOnWhiteSite
25413,26,19
timeStep,numberOfRobotsOnBlackSite,numberOfRobotsOnWhiteSite
25414,26,19
timeStep,numberOfRobotsOnBlackSite,numberOfRobotsOnWhiteSite
25415,26,19
timeStep,numberOfRobotsOnBlackSite,numberOfRobotsOnWhiteSite
25416,26,19
timeStep,numberOfRobotsOnBlackSite,numberOfRobotsOnWhiteSite
25417,26,19
timeStep,numberOfRobotsOnBlackSite,numberOfRobotsOnWhiteSite
25418,26,19
timeStep,numberOfRobotsOnBlackSite,numberOfRobotsOnWhiteSite
25419,26,19
timeStep,numberOfRobotsOnBlackSite,numberOfRobotsOnWhiteSite
25420,26,19
timeStep,numberOfRobotsOnBlackSite,numberOfRobotsOnWhiteSite
25421,26,19
timeStep,numberOfRobotsOnBlackSite,numberOfRobotsOnWhiteSite
25422,26,19
timeStep,numberOfRobotsOnBlackSite,numberOfRobotsOnWhiteSite
25423,26,19
timeStep,numberOfRobotsOnBlackSite,numberOfRobotsOnWhiteSite
25424,26,19
timeStep,numberOfRobotsOnBlackSite,numberOfRobotsOnWhiteSite
25425,26,19
timeStep,numberOfRobotsOnBlackSite,numberOfRobotsOnWhiteSite
25426,26,19
timeStep,numberOfRobotsOnBlackSite,numberOfRobotsOnWhiteSite
25427,26,19
timeStep,numberOfRobotsOnBlackSite,numberOfRobotsOnWhiteSite
25428,26,19
timeStep,numberOfRobotsOnBlackSite,numberOfRobotsOnWhiteSite
25429,26,19
timeStep,numberOfRobotsOnBlackSite,numberOfRobotsOnWhiteSite
25430,26,19
timeStep,numberOfRobotsOnBlackSite,numberOfRobotsOnWhiteSite
25431,26,19
timeStep,numberOfRobotsOnBlackSite,numberOfRobotsOnWhiteSite
25432,26,19
timeStep,numberOfRobotsOnBlackSite,numberOfRobotsOnWhiteSite
25433,26,19
timeStep,numberOfRobotsOnBlackSite,numberOfRobotsOnWhiteSite
25434,26,19
timeStep,numberOfRobotsOnBlackSite,numberOfRobotsOnWhiteSite
25435,26,19
timeStep,numberOfRobotsOnBlackSite,numberOfRobotsOnWhiteSite
25436,26,19
timeStep,numberOfRobotsOnBlackSite,numberOfRobotsOnWhiteSite
25437,26,19
timeStep,numberOfRobotsOnBlackSite,numberOfRobotsOnWhiteSite
25438,26,19
timeStep,numberOfRobotsOnBlackSite,numberOfRobotsOnWhiteSite
25439,26,19
timeStep,numberOfRobotsOnBlackSite,numberOfRobotsOnWhiteSite
25440,26,19
timeStep,numberOfRobotsOnBlackSite,numberOfRobotsOnWhiteSite
25441,26,19
timeStep,numberOfRobotsOnBlackSite,numberOfRobotsOnWhiteSite
25442,26,19
timeStep,numberOfRobotsOnBlackSite,numberOfRobotsOnWhiteSite
25443,26,19
timeStep,numberOfRobotsOnBlackSite,numberOfRobotsOnWhiteSite
25444,26,19
timeStep,numberOfRobotsOnBlackSite,numberOfRobotsOnWhiteSite
25445,26,19
timeStep,numberOfRobotsOnBlackSite,numberOfRobotsOnWhiteSite
25446,26,19
timeStep,numberOfRobotsOnBlackSite,numberOfRobotsOnWhiteSite
25447,26,19
timeStep,numberOfRobotsOnBlackSite,numberOfRobotsOnWhiteSite
25448,26,19
timeStep,numberOfRobotsOnBlackSite,numberOfRobotsOnWhiteSite
25449,26,19
timeStep,numberOfRobotsOnBlackSite,numberOfRobotsOnWhiteSite
25450,26,19
timeStep,numberOfRobotsOnBlackSite,numberOfRobotsOnWhiteSite
25451,26,19
timeStep,numberOfRobotsOnBlackSite,numberOfRobotsOnWhiteSite
25452,26,19
timeStep,numberOfRobotsOnBlackSite,numberOfRobotsOnWhiteSite
25453,26,19
timeStep,numberOfRobotsOnBlackSite,numberOfRobotsOnWhiteSite
25454,26,19
timeStep,numberOfRobotsOnBlackSite,numberOfRobotsOnWhiteSite
25455,26,19
timeStep,numberOfRobotsOnBlackSite,numberOfRobotsOnWhiteSite
25456,26,19
timeStep,numberOfRobotsOnBlackSite,numberOfRobotsOnWhiteSite
25457,26,19
timeStep,numberOfRobotsOnBlackSite,numberOfRobotsOnWhiteSite
25458,26,19
timeStep,numberOfRobotsOnBlackSite,numberOfRobotsOnWhiteSite
25459,26,19
timeStep,numberOfRobotsOnBlackSite,numberOfRobotsOnWhiteSite
25460,26,19
timeStep,numberOfRobotsOnBlackSite,numberOfRobotsOnWhiteSite
25461,26,19
timeStep,numberOfRobotsOnBlackSite,numberOfRobotsOnWhiteSite
25462,26,19
timeStep,numberOfRobotsOnBlackSite,numberOfRobotsOnWhiteSite
25463,26,19
timeStep,numberOfRobotsOnBlackSite,numberOfRobotsOnWhiteSite
25464,26,19
timeStep,numberOfRobotsOnBlackSite,numberOfRobotsOnWhiteSite
25465,26,19
timeStep,numberOfRobotsOnBlackSite,numberOfRobotsOnWhiteSite
25466,26,19
timeStep,numberOfRobotsOnBlackSite,numberOfRobotsOnWhiteSite
25467,26,19
timeStep,numberOfRobotsOnBlackSite,numberOfRobotsOnWhiteSite
25468,26,19
timeStep,numberOfRobotsOnBlackSite,numberOfRobotsOnWhiteSite
25469,26,19
timeStep,numberOfRobotsOnBlackSite,numberOfRobotsOnWhiteSite
25470,26,19
timeStep,numberOfRobotsOnBlackSite,numberOfRobotsOnWhiteSite
25471,26,19
timeStep,numberOfRobotsOnBlackSite,numberOfRobotsOnWhiteSite
25472,26,19
timeStep,numberOfRobotsOnBlackSite,numberOfRobotsOnWhiteSite
25473,26,19
timeStep,numberOfRobotsOnBlackSite,numberOfRobotsOnWhiteSite
25474,26,19
timeStep,numberOfRobotsOnBlackSite,numberOfRobotsOnWhiteSite
25475,26,19
timeStep,numberOfRobotsOnBlackSite,numberOfRobotsOnWhiteSite
25476,26,19
timeStep,numberOfRobotsOnBlackSite,numberOfRobotsOnWhiteSite
25477,26,19
timeStep,numberOfRobotsOnBlackSite,numberOfRobotsOnWhiteSite
25478,26,19
timeStep,numberOfRobotsOnBlackSite,numberOfRobotsOnWhiteSite
25479,26,19
timeStep,numberOfRobotsOnBlackSite,numberOfRobotsOnWhiteSite
25480,26,19
timeStep,numberOfRobotsOnBlackSite,numberOfRobotsOnWhiteSite
25481,26,19
timeStep,numberOfRobotsOnBlackSite,numberOfRobotsOnWhiteSite
25482,26,19
timeStep,numberOfRobotsOnBlackSite,numberOfRobotsOnWhiteSite
25483,26,19
timeStep,numberOfRobotsOnBlackSite,numberOfRobotsOnWhiteSite
25484,26,19
timeStep,numberOfRobotsOnBlackSite,numberOfRobotsOnWhiteSite
25485,26,19
timeStep,numberOfRobotsOnBlackSite,numberOfRobotsOnWhiteSite
25486,26,19
timeStep,numberOfRobotsOnBlackSite,numberOfRobotsOnWhiteSite
25487,26,19
timeStep,numberOfRobotsOnBlackSite,numberOfRobotsOnWhiteSite
25488,26,19
timeStep,numberOfRobotsOnBlackSite,numberOfRobotsOnWhiteSite
25489,26,19
timeStep,numberOfRobotsOnBlackSite,numberOfRobotsOnWhiteSite
25490,25,19
timeStep,numberOfRobotsOnBlackSite,numberOfRobotsOnWhiteSite
25491,25,19
timeStep,numberOfRobotsOnBlackSite,numberOfRobotsOnWhiteSite
25492,25,19
timeStep,numberOfRobotsOnBlackSite,numberOfRobotsOnWhiteSite
25493,25,19
timeStep,numberOfRobotsOnBlackSite,numberOfRobotsOnWhiteSite
25494,25,19
timeStep,numberOfRobotsOnBlackSite,numberOfRobotsOnWhiteSite
25495,25,18
timeStep,numberOfRobotsOnBlackSite,numberOfRobotsOnWhiteSite
25496,25,18
timeStep,numberOfRobotsOnBlackSite,numberOfRobotsOnWhiteSite
25497,25,18
timeStep,numberOfRobotsOnBlackSite,numberOfRobotsOnWhiteSite
25498,25,18
timeStep,numberOfRobotsOnBlackSite,numberOfRobotsOnWhiteSite
25499,25,18
timeStep,numberOfRobotsOnBlackSite,numberOfRobotsOnWhiteSite
25500,25,18
timeStep,numberOfRobotsOnBlackSite,numberOfRobotsOnWhiteSite
25501,25,18
timeStep,numberOfRobotsOnBlackSite,numberOfRobotsOnWhiteSite
25502,25,18
timeStep,numberOfRobotsOnBlackSite,numberOfRobotsOnWhiteSite
25503,25,18
timeStep,numberOfRobotsOnBlackSite,numberOfRobotsOnWhiteSite
25504,25,18
timeStep,numberOfRobotsOnBlackSite,numberOfRobotsOnWhiteSite
25505,25,18
timeStep,numberOfRobotsOnBlackSite,numberOfRobotsOnWhiteSite
25506,25,18
timeStep,numberOfRobotsOnBlackSite,numberOfRobotsOnWhiteSite
25507,25,18
timeStep,numberOfRobotsOnBlackSite,numberOfRobotsOnWhiteSite
25508,25,18
timeStep,numberOfRobotsOnBlackSite,numberOfRobotsOnWhiteSite
25509,25,18
timeStep,numberOfRobotsOnBlackSite,numberOfRobotsOnWhiteSite
25510,25,18
timeStep,numberOfRobotsOnBlackSite,numberOfRobotsOnWhiteSite
25511,25,18
timeStep,numberOfRobotsOnBlackSite,numberOfRobotsOnWhiteSite
25512,25,18
timeStep,numberOfRobotsOnBlackSite,numberOfRobotsOnWhiteSite
25513,25,18
timeStep,numberOfRobotsOnBlackSite,numberOfRobotsOnWhiteSite
25514,25,18
timeStep,numberOfRobotsOnBlackSite,numberOfRobotsOnWhiteSite
25515,25,18
timeStep,numberOfRobotsOnBlackSite,numberOfRobotsOnWhiteSite
25516,25,18
timeStep,numberOfRobotsOnBlackSite,numberOfRobotsOnWhiteSite
25517,25,18
timeStep,numberOfRobotsOnBlackSite,numberOfRobotsOnWhiteSite
25518,25,18
timeStep,numberOfRobotsOnBlackSite,numberOfRobotsOnWhiteSite
25519,25,18
timeStep,numberOfRobotsOnBlackSite,numberOfRobotsOnWhiteSite
25520,25,18
timeStep,numberOfRobotsOnBlackSite,numberOfRobotsOnWhiteSite
25521,25,18
timeStep,numberOfRobotsOnBlackSite,numberOfRobotsOnWhiteSite
25522,25,18
timeStep,numberOfRobotsOnBlackSite,numberOfRobotsOnWhiteSite
25523,25,18
timeStep,numberOfRobotsOnBlackSite,numberOfRobotsOnWhiteSite
25524,25,18
timeStep,numberOfRobotsOnBlackSite,numberOfRobotsOnWhiteSite
25525,24,18
timeStep,numberOfRobotsOnBlackSite,numberOfRobotsOnWhiteSite
25526,24,18
timeStep,numberOfRobotsOnBlackSite,numberOfRobotsOnWhiteSite
25527,24,18
timeStep,numberOfRobotsOnBlackSite,numberOfRobotsOnWhiteSite
25528,24,18
timeStep,numberOfRobotsOnBlackSite,numberOfRobotsOnWhiteSite
25529,24,18
timeStep,numberOfRobotsOnBlackSite,numberOfRobotsOnWhiteSite
25530,24,18
timeStep,numberOfRobotsOnBlackSite,numberOfRobotsOnWhiteSite
25531,24,18
timeStep,numberOfRobotsOnBlackSite,numberOfRobotsOnWhiteSite
25532,24,18
timeStep,numberOfRobotsOnBlackSite,numberOfRobotsOnWhiteSite
25533,24,18
timeStep,numberOfRobotsOnBlackSite,numberOfRobotsOnWhiteSite
25534,24,18
timeStep,numberOfRobotsOnBlackSite,numberOfRobotsOnWhiteSite
25535,24,18
timeStep,numberOfRobotsOnBlackSite,numberOfRobotsOnWhiteSite
25536,24,18
timeStep,numberOfRobotsOnBlackSite,numberOfRobotsOnWhiteSite
25537,24,18
timeStep,numberOfRobotsOnBlackSite,numberOfRobotsOnWhiteSite
25538,24,18
timeStep,numberOfRobotsOnBlackSite,numberOfRobotsOnWhiteSite
25539,24,18
timeStep,numberOfRobotsOnBlackSite,numberOfRobotsOnWhiteSite
25540,24,18
timeStep,numberOfRobotsOnBlackSite,numberOfRobotsOnWhiteSite
25541,24,18
timeStep,numberOfRobotsOnBlackSite,numberOfRobotsOnWhiteSite
25542,24,18
timeStep,numberOfRobotsOnBlackSite,numberOfRobotsOnWhiteSite
25543,24,18
timeStep,numberOfRobotsOnBlackSite,numberOfRobotsOnWhiteSite
25544,24,18
timeStep,numberOfRobotsOnBlackSite,numberOfRobotsOnWhiteSite
25545,24,18
timeStep,numberOfRobotsOnBlackSite,numberOfRobotsOnWhiteSite
25546,24,18
timeStep,numberOfRobotsOnBlackSite,numberOfRobotsOnWhiteSite
25547,24,18
timeStep,numberOfRobotsOnBlackSite,numberOfRobotsOnWhiteSite
25548,24,18
timeStep,numberOfRobotsOnBlackSite,numberOfRobotsOnWhiteSite
25549,24,18
timeStep,numberOfRobotsOnBlackSite,numberOfRobotsOnWhiteSite
25550,24,18
timeStep,numberOfRobotsOnBlackSite,numberOfRobotsOnWhiteSite
25551,24,18
timeStep,numberOfRobotsOnBlackSite,numberOfRobotsOnWhiteSite
25552,24,18
timeStep,numberOfRobotsOnBlackSite,numberOfRobotsOnWhiteSite
25553,24,18
timeStep,numberOfRobotsOnBlackSite,numberOfRobotsOnWhiteSite
25554,24,18
timeStep,numberOfRobotsOnBlackSite,numberOfRobotsOnWhiteSite
25555,25,18
timeStep,numberOfRobotsOnBlackSite,numberOfRobotsOnWhiteSite
25556,25,18
timeStep,numberOfRobotsOnBlackSite,numberOfRobotsOnWhiteSite
25557,25,18
timeStep,numberOfRobotsOnBlackSite,numberOfRobotsOnWhiteSite
25558,25,18
timeStep,numberOfRobotsOnBlackSite,numberOfRobotsOnWhiteSite
25559,25,18
timeStep,numberOfRobotsOnBlackSite,numberOfRobotsOnWhiteSite
25560,25,18
timeStep,numberOfRobotsOnBlackSite,numberOfRobotsOnWhiteSite
25561,25,18
timeStep,numberOfRobotsOnBlackSite,numberOfRobotsOnWhiteSite
25562,25,18
timeStep,numberOfRobotsOnBlackSite,numberOfRobotsOnWhiteSite
25563,25,18
timeStep,numberOfRobotsOnBlackSite,numberOfRobotsOnWhiteSite
25564,25,18
timeStep,numberOfRobotsOnBlackSite,numberOfRobotsOnWhiteSite
25565,25,19
timeStep,numberOfRobotsOnBlackSite,numberOfRobotsOnWhiteSite
25566,25,19
timeStep,numberOfRobotsOnBlackSite,numberOfRobotsOnWhiteSite
25567,25,19
timeStep,numberOfRobotsOnBlackSite,numberOfRobotsOnWhiteSite
25568,25,19
timeStep,numberOfRobotsOnBlackSite,numberOfRobotsOnWhiteSite
25569,25,19
timeStep,numberOfRobotsOnBlackSite,numberOfRobotsOnWhiteSite
25570,25,19
timeStep,numberOfRobotsOnBlackSite,numberOfRobotsOnWhiteSite
25571,25,19
timeStep,numberOfRobotsOnBlackSite,numberOfRobotsOnWhiteSite
25572,25,19
timeStep,numberOfRobotsOnBlackSite,numberOfRobotsOnWhiteSite
25573,25,19
timeStep,numberOfRobotsOnBlackSite,numberOfRobotsOnWhiteSite
25574,25,19
timeStep,numberOfRobotsOnBlackSite,numberOfRobotsOnWhiteSite
25575,25,19
timeStep,numberOfRobotsOnBlackSite,numberOfRobotsOnWhiteSite
25576,25,19
timeStep,numberOfRobotsOnBlackSite,numberOfRobotsOnWhiteSite
25577,25,19
timeStep,numberOfRobotsOnBlackSite,numberOfRobotsOnWhiteSite
25578,25,19
timeStep,numberOfRobotsOnBlackSite,numberOfRobotsOnWhiteSite
25579,25,19
timeStep,numberOfRobotsOnBlackSite,numberOfRobotsOnWhiteSite
25580,25,19
timeStep,numberOfRobotsOnBlackSite,numberOfRobotsOnWhiteSite
25581,25,19
timeStep,numberOfRobotsOnBlackSite,numberOfRobotsOnWhiteSite
25582,25,19
timeStep,numberOfRobotsOnBlackSite,numberOfRobotsOnWhiteSite
25583,25,19
timeStep,numberOfRobotsOnBlackSite,numberOfRobotsOnWhiteSite
25584,25,19
timeStep,numberOfRobotsOnBlackSite,numberOfRobotsOnWhiteSite
25585,25,19
timeStep,numberOfRobotsOnBlackSite,numberOfRobotsOnWhiteSite
25586,25,19
timeStep,numberOfRobotsOnBlackSite,numberOfRobotsOnWhiteSite
25587,25,19
timeStep,numberOfRobotsOnBlackSite,numberOfRobotsOnWhiteSite
25588,25,19
timeStep,numberOfRobotsOnBlackSite,numberOfRobotsOnWhiteSite
25589,25,19
timeStep,numberOfRobotsOnBlackSite,numberOfRobotsOnWhiteSite
25590,25,19
timeStep,numberOfRobotsOnBlackSite,numberOfRobotsOnWhiteSite
25591,25,19
timeStep,numberOfRobotsOnBlackSite,numberOfRobotsOnWhiteSite
25592,25,19
timeStep,numberOfRobotsOnBlackSite,numberOfRobotsOnWhiteSite
25593,25,19
timeStep,numberOfRobotsOnBlackSite,numberOfRobotsOnWhiteSite
25594,25,19
timeStep,numberOfRobotsOnBlackSite,numberOfRobotsOnWhiteSite
25595,25,19
timeStep,numberOfRobotsOnBlackSite,numberOfRobotsOnWhiteSite
25596,25,19
timeStep,numberOfRobotsOnBlackSite,numberOfRobotsOnWhiteSite
25597,25,19
timeStep,numberOfRobotsOnBlackSite,numberOfRobotsOnWhiteSite
25598,25,19
timeStep,numberOfRobotsOnBlackSite,numberOfRobotsOnWhiteSite
25599,25,19
timeStep,numberOfRobotsOnBlackSite,numberOfRobotsOnWhiteSite
25600,25,19
timeStep,numberOfRobotsOnBlackSite,numberOfRobotsOnWhiteSite
25601,25,19
timeStep,numberOfRobotsOnBlackSite,numberOfRobotsOnWhiteSite
25602,25,19
timeStep,numberOfRobotsOnBlackSite,numberOfRobotsOnWhiteSite
25603,25,19
timeStep,numberOfRobotsOnBlackSite,numberOfRobotsOnWhiteSite
25604,25,19
timeStep,numberOfRobotsOnBlackSite,numberOfRobotsOnWhiteSite
25605,25,19
timeStep,numberOfRobotsOnBlackSite,numberOfRobotsOnWhiteSite
25606,25,19
timeStep,numberOfRobotsOnBlackSite,numberOfRobotsOnWhiteSite
25607,25,19
timeStep,numberOfRobotsOnBlackSite,numberOfRobotsOnWhiteSite
25608,25,19
timeStep,numberOfRobotsOnBlackSite,numberOfRobotsOnWhiteSite
25609,25,19
timeStep,numberOfRobotsOnBlackSite,numberOfRobotsOnWhiteSite
25610,25,19
timeStep,numberOfRobotsOnBlackSite,numberOfRobotsOnWhiteSite
25611,25,19
timeStep,numberOfRobotsOnBlackSite,numberOfRobotsOnWhiteSite
25612,25,19
timeStep,numberOfRobotsOnBlackSite,numberOfRobotsOnWhiteSite
25613,25,19
timeStep,numberOfRobotsOnBlackSite,numberOfRobotsOnWhiteSite
25614,25,19
timeStep,numberOfRobotsOnBlackSite,numberOfRobotsOnWhiteSite
25615,25,19
timeStep,numberOfRobotsOnBlackSite,numberOfRobotsOnWhiteSite
25616,25,19
timeStep,numberOfRobotsOnBlackSite,numberOfRobotsOnWhiteSite
25617,25,19
timeStep,numberOfRobotsOnBlackSite,numberOfRobotsOnWhiteSite
25618,25,19
timeStep,numberOfRobotsOnBlackSite,numberOfRobotsOnWhiteSite
25619,25,19
timeStep,numberOfRobotsOnBlackSite,numberOfRobotsOnWhiteSite
25620,24,19
timeStep,numberOfRobotsOnBlackSite,numberOfRobotsOnWhiteSite
25621,24,19
timeStep,numberOfRobotsOnBlackSite,numberOfRobotsOnWhiteSite
25622,24,19
timeStep,numberOfRobotsOnBlackSite,numberOfRobotsOnWhiteSite
25623,24,19
timeStep,numberOfRobotsOnBlackSite,numberOfRobotsOnWhiteSite
25624,24,19
timeStep,numberOfRobotsOnBlackSite,numberOfRobotsOnWhiteSite
25625,24,19
timeStep,numberOfRobotsOnBlackSite,numberOfRobotsOnWhiteSite
25626,24,19
timeStep,numberOfRobotsOnBlackSite,numberOfRobotsOnWhiteSite
25627,24,19
timeStep,numberOfRobotsOnBlackSite,numberOfRobotsOnWhiteSite
25628,24,19
timeStep,numberOfRobotsOnBlackSite,numberOfRobotsOnWhiteSite
25629,24,19
timeStep,numberOfRobotsOnBlackSite,numberOfRobotsOnWhiteSite
25630,24,18
timeStep,numberOfRobotsOnBlackSite,numberOfRobotsOnWhiteSite
25631,24,18
timeStep,numberOfRobotsOnBlackSite,numberOfRobotsOnWhiteSite
25632,24,18
timeStep,numberOfRobotsOnBlackSite,numberOfRobotsOnWhiteSite
25633,24,18
timeStep,numberOfRobotsOnBlackSite,numberOfRobotsOnWhiteSite
25634,24,18
timeStep,numberOfRobotsOnBlackSite,numberOfRobotsOnWhiteSite
25635,24,18
timeStep,numberOfRobotsOnBlackSite,numberOfRobotsOnWhiteSite
25636,24,18
timeStep,numberOfRobotsOnBlackSite,numberOfRobotsOnWhiteSite
25637,24,18
timeStep,numberOfRobotsOnBlackSite,numberOfRobotsOnWhiteSite
25638,24,18
timeStep,numberOfRobotsOnBlackSite,numberOfRobotsOnWhiteSite
25639,24,18
timeStep,numberOfRobotsOnBlackSite,numberOfRobotsOnWhiteSite
25640,23,18
timeStep,numberOfRobotsOnBlackSite,numberOfRobotsOnWhiteSite
25641,23,18
timeStep,numberOfRobotsOnBlackSite,numberOfRobotsOnWhiteSite
25642,23,18
timeStep,numberOfRobotsOnBlackSite,numberOfRobotsOnWhiteSite
25643,23,18
timeStep,numberOfRobotsOnBlackSite,numberOfRobotsOnWhiteSite
25644,23,18
timeStep,numberOfRobotsOnBlackSite,numberOfRobotsOnWhiteSite
25645,23,18
timeStep,numberOfRobotsOnBlackSite,numberOfRobotsOnWhiteSite
25646,23,18
timeStep,numberOfRobotsOnBlackSite,numberOfRobotsOnWhiteSite
25647,23,18
timeStep,numberOfRobotsOnBlackSite,numberOfRobotsOnWhiteSite
25648,23,18
timeStep,numberOfRobotsOnBlackSite,numberOfRobotsOnWhiteSite
25649,23,18
timeStep,numberOfRobotsOnBlackSite,numberOfRobotsOnWhiteSite
25650,23,18
timeStep,numberOfRobotsOnBlackSite,numberOfRobotsOnWhiteSite
25651,23,18
timeStep,numberOfRobotsOnBlackSite,numberOfRobotsOnWhiteSite
25652,23,18
timeStep,numberOfRobotsOnBlackSite,numberOfRobotsOnWhiteSite
25653,23,18
timeStep,numberOfRobotsOnBlackSite,numberOfRobotsOnWhiteSite
25654,23,18
timeStep,numberOfRobotsOnBlackSite,numberOfRobotsOnWhiteSite
25655,23,17
timeStep,numberOfRobotsOnBlackSite,numberOfRobotsOnWhiteSite
25656,23,17
timeStep,numberOfRobotsOnBlackSite,numberOfRobotsOnWhiteSite
25657,23,17
timeStep,numberOfRobotsOnBlackSite,numberOfRobotsOnWhiteSite
25658,23,17
timeStep,numberOfRobotsOnBlackSite,numberOfRobotsOnWhiteSite
25659,23,17
timeStep,numberOfRobotsOnBlackSite,numberOfRobotsOnWhiteSite
25660,23,17
timeStep,numberOfRobotsOnBlackSite,numberOfRobotsOnWhiteSite
25661,23,17
timeStep,numberOfRobotsOnBlackSite,numberOfRobotsOnWhiteSite
25662,23,17
timeStep,numberOfRobotsOnBlackSite,numberOfRobotsOnWhiteSite
25663,23,17
timeStep,numberOfRobotsOnBlackSite,numberOfRobotsOnWhiteSite
25664,23,17
timeStep,numberOfRobotsOnBlackSite,numberOfRobotsOnWhiteSite
25665,23,17
timeStep,numberOfRobotsOnBlackSite,numberOfRobotsOnWhiteSite
25666,23,17
timeStep,numberOfRobotsOnBlackSite,numberOfRobotsOnWhiteSite
25667,23,17
timeStep,numberOfRobotsOnBlackSite,numberOfRobotsOnWhiteSite
25668,23,17
timeStep,numberOfRobotsOnBlackSite,numberOfRobotsOnWhiteSite
25669,23,17
timeStep,numberOfRobotsOnBlackSite,numberOfRobotsOnWhiteSite
25670,23,17
timeStep,numberOfRobotsOnBlackSite,numberOfRobotsOnWhiteSite
25671,23,17
timeStep,numberOfRobotsOnBlackSite,numberOfRobotsOnWhiteSite
25672,23,17
timeStep,numberOfRobotsOnBlackSite,numberOfRobotsOnWhiteSite
25673,23,17
timeStep,numberOfRobotsOnBlackSite,numberOfRobotsOnWhiteSite
25674,23,17
timeStep,numberOfRobotsOnBlackSite,numberOfRobotsOnWhiteSite
25675,23,17
timeStep,numberOfRobotsOnBlackSite,numberOfRobotsOnWhiteSite
25676,23,17
timeStep,numberOfRobotsOnBlackSite,numberOfRobotsOnWhiteSite
25677,23,17
timeStep,numberOfRobotsOnBlackSite,numberOfRobotsOnWhiteSite
25678,23,17
timeStep,numberOfRobotsOnBlackSite,numberOfRobotsOnWhiteSite
25679,23,17
timeStep,numberOfRobotsOnBlackSite,numberOfRobotsOnWhiteSite
25680,24,17
timeStep,numberOfRobotsOnBlackSite,numberOfRobotsOnWhiteSite
25681,24,17
timeStep,numberOfRobotsOnBlackSite,numberOfRobotsOnWhiteSite
25682,24,17
timeStep,numberOfRobotsOnBlackSite,numberOfRobotsOnWhiteSite
25683,24,17
timeStep,numberOfRobotsOnBlackSite,numberOfRobotsOnWhiteSite
25684,24,17
timeStep,numberOfRobotsOnBlackSite,numberOfRobotsOnWhiteSite
25685,24,17
timeStep,numberOfRobotsOnBlackSite,numberOfRobotsOnWhiteSite
25686,24,17
timeStep,numberOfRobotsOnBlackSite,numberOfRobotsOnWhiteSite
25687,24,17
timeStep,numberOfRobotsOnBlackSite,numberOfRobotsOnWhiteSite
25688,24,17
timeStep,numberOfRobotsOnBlackSite,numberOfRobotsOnWhiteSite
25689,24,17
timeStep,numberOfRobotsOnBlackSite,numberOfRobotsOnWhiteSite
25690,24,17
timeStep,numberOfRobotsOnBlackSite,numberOfRobotsOnWhiteSite
25691,24,17
timeStep,numberOfRobotsOnBlackSite,numberOfRobotsOnWhiteSite
25692,24,17
timeStep,numberOfRobotsOnBlackSite,numberOfRobotsOnWhiteSite
25693,24,17
timeStep,numberOfRobotsOnBlackSite,numberOfRobotsOnWhiteSite
25694,24,17
timeStep,numberOfRobotsOnBlackSite,numberOfRobotsOnWhiteSite
25695,24,17
timeStep,numberOfRobotsOnBlackSite,numberOfRobotsOnWhiteSite
25696,24,17
timeStep,numberOfRobotsOnBlackSite,numberOfRobotsOnWhiteSite
25697,24,17
timeStep,numberOfRobotsOnBlackSite,numberOfRobotsOnWhiteSite
25698,24,17
timeStep,numberOfRobotsOnBlackSite,numberOfRobotsOnWhiteSite
25699,24,17
timeStep,numberOfRobotsOnBlackSite,numberOfRobotsOnWhiteSite
25700,24,17
timeStep,numberOfRobotsOnBlackSite,numberOfRobotsOnWhiteSite
25701,24,17
timeStep,numberOfRobotsOnBlackSite,numberOfRobotsOnWhiteSite
25702,24,17
timeStep,numberOfRobotsOnBlackSite,numberOfRobotsOnWhiteSite
25703,24,17
timeStep,numberOfRobotsOnBlackSite,numberOfRobotsOnWhiteSite
25704,24,17
timeStep,numberOfRobotsOnBlackSite,numberOfRobotsOnWhiteSite
25705,23,17
timeStep,numberOfRobotsOnBlackSite,numberOfRobotsOnWhiteSite
25706,23,17
timeStep,numberOfRobotsOnBlackSite,numberOfRobotsOnWhiteSite
25707,23,17
timeStep,numberOfRobotsOnBlackSite,numberOfRobotsOnWhiteSite
25708,23,17
timeStep,numberOfRobotsOnBlackSite,numberOfRobotsOnWhiteSite
25709,23,17
timeStep,numberOfRobotsOnBlackSite,numberOfRobotsOnWhiteSite
25710,23,17
timeStep,numberOfRobotsOnBlackSite,numberOfRobotsOnWhiteSite
25711,23,17
timeStep,numberOfRobotsOnBlackSite,numberOfRobotsOnWhiteSite
25712,23,17
timeStep,numberOfRobotsOnBlackSite,numberOfRobotsOnWhiteSite
25713,23,17
timeStep,numberOfRobotsOnBlackSite,numberOfRobotsOnWhiteSite
25714,23,17
timeStep,numberOfRobotsOnBlackSite,numberOfRobotsOnWhiteSite
25715,23,17
timeStep,numberOfRobotsOnBlackSite,numberOfRobotsOnWhiteSite
25716,23,17
timeStep,numberOfRobotsOnBlackSite,numberOfRobotsOnWhiteSite
25717,23,17
timeStep,numberOfRobotsOnBlackSite,numberOfRobotsOnWhiteSite
25718,23,17
timeStep,numberOfRobotsOnBlackSite,numberOfRobotsOnWhiteSite
25719,23,17
timeStep,numberOfRobotsOnBlackSite,numberOfRobotsOnWhiteSite
25720,23,17
timeStep,numberOfRobotsOnBlackSite,numberOfRobotsOnWhiteSite
25721,23,17
timeStep,numberOfRobotsOnBlackSite,numberOfRobotsOnWhiteSite
25722,23,17
timeStep,numberOfRobotsOnBlackSite,numberOfRobotsOnWhiteSite
25723,23,17
timeStep,numberOfRobotsOnBlackSite,numberOfRobotsOnWhiteSite
25724,23,17
timeStep,numberOfRobotsOnBlackSite,numberOfRobotsOnWhiteSite
25725,23,17
timeStep,numberOfRobotsOnBlackSite,numberOfRobotsOnWhiteSite
25726,23,17
timeStep,numberOfRobotsOnBlackSite,numberOfRobotsOnWhiteSite
25727,23,17
timeStep,numberOfRobotsOnBlackSite,numberOfRobotsOnWhiteSite
25728,23,17
timeStep,numberOfRobotsOnBlackSite,numberOfRobotsOnWhiteSite
25729,23,17
timeStep,numberOfRobotsOnBlackSite,numberOfRobotsOnWhiteSite
25730,24,17
timeStep,numberOfRobotsOnBlackSite,numberOfRobotsOnWhiteSite
25731,24,17
timeStep,numberOfRobotsOnBlackSite,numberOfRobotsOnWhiteSite
25732,24,17
timeStep,numberOfRobotsOnBlackSite,numberOfRobotsOnWhiteSite
25733,24,17
timeStep,numberOfRobotsOnBlackSite,numberOfRobotsOnWhiteSite
25734,24,17
timeStep,numberOfRobotsOnBlackSite,numberOfRobotsOnWhiteSite
25735,24,17
timeStep,numberOfRobotsOnBlackSite,numberOfRobotsOnWhiteSite
25736,24,17
timeStep,numberOfRobotsOnBlackSite,numberOfRobotsOnWhiteSite
25737,24,17
timeStep,numberOfRobotsOnBlackSite,numberOfRobotsOnWhiteSite
25738,24,17
timeStep,numberOfRobotsOnBlackSite,numberOfRobotsOnWhiteSite
25739,24,17
timeStep,numberOfRobotsOnBlackSite,numberOfRobotsOnWhiteSite
25740,24,17
timeStep,numberOfRobotsOnBlackSite,numberOfRobotsOnWhiteSite
25741,24,17
timeStep,numberOfRobotsOnBlackSite,numberOfRobotsOnWhiteSite
25742,24,17
timeStep,numberOfRobotsOnBlackSite,numberOfRobotsOnWhiteSite
25743,24,17
timeStep,numberOfRobotsOnBlackSite,numberOfRobotsOnWhiteSite
25744,24,17
timeStep,numberOfRobotsOnBlackSite,numberOfRobotsOnWhiteSite
25745,24,17
timeStep,numberOfRobotsOnBlackSite,numberOfRobotsOnWhiteSite
25746,24,17
timeStep,numberOfRobotsOnBlackSite,numberOfRobotsOnWhiteSite
25747,24,17
timeStep,numberOfRobotsOnBlackSite,numberOfRobotsOnWhiteSite
25748,24,17
timeStep,numberOfRobotsOnBlackSite,numberOfRobotsOnWhiteSite
25749,24,17
timeStep,numberOfRobotsOnBlackSite,numberOfRobotsOnWhiteSite
25750,24,17
timeStep,numberOfRobotsOnBlackSite,numberOfRobotsOnWhiteSite
25751,24,17
timeStep,numberOfRobotsOnBlackSite,numberOfRobotsOnWhiteSite
25752,24,17
timeStep,numberOfRobotsOnBlackSite,numberOfRobotsOnWhiteSite
25753,24,17
timeStep,numberOfRobotsOnBlackSite,numberOfRobotsOnWhiteSite
25754,24,17
timeStep,numberOfRobotsOnBlackSite,numberOfRobotsOnWhiteSite
25755,24,17
timeStep,numberOfRobotsOnBlackSite,numberOfRobotsOnWhiteSite
25756,24,17
timeStep,numberOfRobotsOnBlackSite,numberOfRobotsOnWhiteSite
25757,24,17
timeStep,numberOfRobotsOnBlackSite,numberOfRobotsOnWhiteSite
25758,24,17
timeStep,numberOfRobotsOnBlackSite,numberOfRobotsOnWhiteSite
25759,24,17
timeStep,numberOfRobotsOnBlackSite,numberOfRobotsOnWhiteSite
25760,25,17
timeStep,numberOfRobotsOnBlackSite,numberOfRobotsOnWhiteSite
25761,25,17
timeStep,numberOfRobotsOnBlackSite,numberOfRobotsOnWhiteSite
25762,25,17
timeStep,numberOfRobotsOnBlackSite,numberOfRobotsOnWhiteSite
25763,25,17
timeStep,numberOfRobotsOnBlackSite,numberOfRobotsOnWhiteSite
25764,25,17
timeStep,numberOfRobotsOnBlackSite,numberOfRobotsOnWhiteSite
25765,25,17
timeStep,numberOfRobotsOnBlackSite,numberOfRobotsOnWhiteSite
25766,25,17
timeStep,numberOfRobotsOnBlackSite,numberOfRobotsOnWhiteSite
25767,25,17
timeStep,numberOfRobotsOnBlackSite,numberOfRobotsOnWhiteSite
25768,25,17
timeStep,numberOfRobotsOnBlackSite,numberOfRobotsOnWhiteSite
25769,25,17
timeStep,numberOfRobotsOnBlackSite,numberOfRobotsOnWhiteSite
25770,24,17
timeStep,numberOfRobotsOnBlackSite,numberOfRobotsOnWhiteSite
25771,24,17
timeStep,numberOfRobotsOnBlackSite,numberOfRobotsOnWhiteSite
25772,24,17
timeStep,numberOfRobotsOnBlackSite,numberOfRobotsOnWhiteSite
25773,24,17
timeStep,numberOfRobotsOnBlackSite,numberOfRobotsOnWhiteSite
25774,24,17
timeStep,numberOfRobotsOnBlackSite,numberOfRobotsOnWhiteSite
25775,24,16
timeStep,numberOfRobotsOnBlackSite,numberOfRobotsOnWhiteSite
25776,24,16
timeStep,numberOfRobotsOnBlackSite,numberOfRobotsOnWhiteSite
25777,24,16
timeStep,numberOfRobotsOnBlackSite,numberOfRobotsOnWhiteSite
25778,24,16
timeStep,numberOfRobotsOnBlackSite,numberOfRobotsOnWhiteSite
25779,24,16
timeStep,numberOfRobotsOnBlackSite,numberOfRobotsOnWhiteSite
25780,24,16
timeStep,numberOfRobotsOnBlackSite,numberOfRobotsOnWhiteSite
25781,24,16
timeStep,numberOfRobotsOnBlackSite,numberOfRobotsOnWhiteSite
25782,24,16
timeStep,numberOfRobotsOnBlackSite,numberOfRobotsOnWhiteSite
25783,24,16
timeStep,numberOfRobotsOnBlackSite,numberOfRobotsOnWhiteSite
25784,24,16
timeStep,numberOfRobotsOnBlackSite,numberOfRobotsOnWhiteSite
25785,24,16
timeStep,numberOfRobotsOnBlackSite,numberOfRobotsOnWhiteSite
25786,24,16
timeStep,numberOfRobotsOnBlackSite,numberOfRobotsOnWhiteSite
25787,24,16
timeStep,numberOfRobotsOnBlackSite,numberOfRobotsOnWhiteSite
25788,24,16
timeStep,numberOfRobotsOnBlackSite,numberOfRobotsOnWhiteSite
25789,24,16
timeStep,numberOfRobotsOnBlackSite,numberOfRobotsOnWhiteSite
25790,24,16
timeStep,numberOfRobotsOnBlackSite,numberOfRobotsOnWhiteSite
25791,24,16
timeStep,numberOfRobotsOnBlackSite,numberOfRobotsOnWhiteSite
25792,24,16
timeStep,numberOfRobotsOnBlackSite,numberOfRobotsOnWhiteSite
25793,24,16
timeStep,numberOfRobotsOnBlackSite,numberOfRobotsOnWhiteSite
25794,24,16
timeStep,numberOfRobotsOnBlackSite,numberOfRobotsOnWhiteSite
25795,24,16
timeStep,numberOfRobotsOnBlackSite,numberOfRobotsOnWhiteSite
25796,24,16
timeStep,numberOfRobotsOnBlackSite,numberOfRobotsOnWhiteSite
25797,24,16
timeStep,numberOfRobotsOnBlackSite,numberOfRobotsOnWhiteSite
25798,24,16
timeStep,numberOfRobotsOnBlackSite,numberOfRobotsOnWhiteSite
25799,24,16
timeStep,numberOfRobotsOnBlackSite,numberOfRobotsOnWhiteSite
25800,24,16
timeStep,numberOfRobotsOnBlackSite,numberOfRobotsOnWhiteSite
25801,24,16
timeStep,numberOfRobotsOnBlackSite,numberOfRobotsOnWhiteSite
25802,24,16
timeStep,numberOfRobotsOnBlackSite,numberOfRobotsOnWhiteSite
25803,24,16
timeStep,numberOfRobotsOnBlackSite,numberOfRobotsOnWhiteSite
25804,24,16
timeStep,numberOfRobotsOnBlackSite,numberOfRobotsOnWhiteSite
25805,24,16
timeStep,numberOfRobotsOnBlackSite,numberOfRobotsOnWhiteSite
25806,24,16
timeStep,numberOfRobotsOnBlackSite,numberOfRobotsOnWhiteSite
25807,24,16
timeStep,numberOfRobotsOnBlackSite,numberOfRobotsOnWhiteSite
25808,24,16
timeStep,numberOfRobotsOnBlackSite,numberOfRobotsOnWhiteSite
25809,24,16
timeStep,numberOfRobotsOnBlackSite,numberOfRobotsOnWhiteSite
25810,24,16
timeStep,numberOfRobotsOnBlackSite,numberOfRobotsOnWhiteSite
25811,24,16
timeStep,numberOfRobotsOnBlackSite,numberOfRobotsOnWhiteSite
25812,24,16
timeStep,numberOfRobotsOnBlackSite,numberOfRobotsOnWhiteSite
25813,24,16
timeStep,numberOfRobotsOnBlackSite,numberOfRobotsOnWhiteSite
25814,24,16
timeStep,numberOfRobotsOnBlackSite,numberOfRobotsOnWhiteSite
25815,24,16
timeStep,numberOfRobotsOnBlackSite,numberOfRobotsOnWhiteSite
25816,24,16
timeStep,numberOfRobotsOnBlackSite,numberOfRobotsOnWhiteSite
25817,24,16
timeStep,numberOfRobotsOnBlackSite,numberOfRobotsOnWhiteSite
25818,24,16
timeStep,numberOfRobotsOnBlackSite,numberOfRobotsOnWhiteSite
25819,24,16
timeStep,numberOfRobotsOnBlackSite,numberOfRobotsOnWhiteSite
25820,24,16
timeStep,numberOfRobotsOnBlackSite,numberOfRobotsOnWhiteSite
25821,24,16
timeStep,numberOfRobotsOnBlackSite,numberOfRobotsOnWhiteSite
25822,24,16
timeStep,numberOfRobotsOnBlackSite,numberOfRobotsOnWhiteSite
25823,24,16
timeStep,numberOfRobotsOnBlackSite,numberOfRobotsOnWhiteSite
25824,24,16
timeStep,numberOfRobotsOnBlackSite,numberOfRobotsOnWhiteSite
25825,24,16
timeStep,numberOfRobotsOnBlackSite,numberOfRobotsOnWhiteSite
25826,24,16
timeStep,numberOfRobotsOnBlackSite,numberOfRobotsOnWhiteSite
25827,24,16
timeStep,numberOfRobotsOnBlackSite,numberOfRobotsOnWhiteSite
25828,24,16
timeStep,numberOfRobotsOnBlackSite,numberOfRobotsOnWhiteSite
25829,24,16
timeStep,numberOfRobotsOnBlackSite,numberOfRobotsOnWhiteSite
25830,24,16
timeStep,numberOfRobotsOnBlackSite,numberOfRobotsOnWhiteSite
25831,24,16
timeStep,numberOfRobotsOnBlackSite,numberOfRobotsOnWhiteSite
25832,24,16
timeStep,numberOfRobotsOnBlackSite,numberOfRobotsOnWhiteSite
25833,24,16
timeStep,numberOfRobotsOnBlackSite,numberOfRobotsOnWhiteSite
25834,24,16
timeStep,numberOfRobotsOnBlackSite,numberOfRobotsOnWhiteSite
25835,24,16
timeStep,numberOfRobotsOnBlackSite,numberOfRobotsOnWhiteSite
25836,24,16
timeStep,numberOfRobotsOnBlackSite,numberOfRobotsOnWhiteSite
25837,24,16
timeStep,numberOfRobotsOnBlackSite,numberOfRobotsOnWhiteSite
25838,24,16
timeStep,numberOfRobotsOnBlackSite,numberOfRobotsOnWhiteSite
25839,24,16
timeStep,numberOfRobotsOnBlackSite,numberOfRobotsOnWhiteSite
25840,24,16
timeStep,numberOfRobotsOnBlackSite,numberOfRobotsOnWhiteSite
25841,24,16
timeStep,numberOfRobotsOnBlackSite,numberOfRobotsOnWhiteSite
25842,24,16
timeStep,numberOfRobotsOnBlackSite,numberOfRobotsOnWhiteSite
25843,24,16
timeStep,numberOfRobotsOnBlackSite,numberOfRobotsOnWhiteSite
25844,24,16
timeStep,numberOfRobotsOnBlackSite,numberOfRobotsOnWhiteSite
25845,24,16
timeStep,numberOfRobotsOnBlackSite,numberOfRobotsOnWhiteSite
25846,24,16
timeStep,numberOfRobotsOnBlackSite,numberOfRobotsOnWhiteSite
25847,24,16
timeStep,numberOfRobotsOnBlackSite,numberOfRobotsOnWhiteSite
25848,24,16
timeStep,numberOfRobotsOnBlackSite,numberOfRobotsOnWhiteSite
25849,24,16
timeStep,numberOfRobotsOnBlackSite,numberOfRobotsOnWhiteSite
25850,24,16
timeStep,numberOfRobotsOnBlackSite,numberOfRobotsOnWhiteSite
25851,24,16
timeStep,numberOfRobotsOnBlackSite,numberOfRobotsOnWhiteSite
25852,24,16
timeStep,numberOfRobotsOnBlackSite,numberOfRobotsOnWhiteSite
25853,24,16
timeStep,numberOfRobotsOnBlackSite,numberOfRobotsOnWhiteSite
25854,24,16
timeStep,numberOfRobotsOnBlackSite,numberOfRobotsOnWhiteSite
25855,24,16
timeStep,numberOfRobotsOnBlackSite,numberOfRobotsOnWhiteSite
25856,24,16
timeStep,numberOfRobotsOnBlackSite,numberOfRobotsOnWhiteSite
25857,24,16
timeStep,numberOfRobotsOnBlackSite,numberOfRobotsOnWhiteSite
25858,24,16
timeStep,numberOfRobotsOnBlackSite,numberOfRobotsOnWhiteSite
25859,24,16
timeStep,numberOfRobotsOnBlackSite,numberOfRobotsOnWhiteSite
25860,24,16
timeStep,numberOfRobotsOnBlackSite,numberOfRobotsOnWhiteSite
25861,24,16
timeStep,numberOfRobotsOnBlackSite,numberOfRobotsOnWhiteSite
25862,24,16
timeStep,numberOfRobotsOnBlackSite,numberOfRobotsOnWhiteSite
25863,24,16
timeStep,numberOfRobotsOnBlackSite,numberOfRobotsOnWhiteSite
25864,24,16
timeStep,numberOfRobotsOnBlackSite,numberOfRobotsOnWhiteSite
25865,24,16
timeStep,numberOfRobotsOnBlackSite,numberOfRobotsOnWhiteSite
25866,24,16
timeStep,numberOfRobotsOnBlackSite,numberOfRobotsOnWhiteSite
25867,24,16
timeStep,numberOfRobotsOnBlackSite,numberOfRobotsOnWhiteSite
25868,24,16
timeStep,numberOfRobotsOnBlackSite,numberOfRobotsOnWhiteSite
25869,24,16
timeStep,numberOfRobotsOnBlackSite,numberOfRobotsOnWhiteSite
25870,24,16
timeStep,numberOfRobotsOnBlackSite,numberOfRobotsOnWhiteSite
25871,24,16
timeStep,numberOfRobotsOnBlackSite,numberOfRobotsOnWhiteSite
25872,24,16
timeStep,numberOfRobotsOnBlackSite,numberOfRobotsOnWhiteSite
25873,24,16
timeStep,numberOfRobotsOnBlackSite,numberOfRobotsOnWhiteSite
25874,24,16
timeStep,numberOfRobotsOnBlackSite,numberOfRobotsOnWhiteSite
25875,24,16
timeStep,numberOfRobotsOnBlackSite,numberOfRobotsOnWhiteSite
25876,24,16
timeStep,numberOfRobotsOnBlackSite,numberOfRobotsOnWhiteSite
25877,24,16
timeStep,numberOfRobotsOnBlackSite,numberOfRobotsOnWhiteSite
25878,24,16
timeStep,numberOfRobotsOnBlackSite,numberOfRobotsOnWhiteSite
25879,24,16
timeStep,numberOfRobotsOnBlackSite,numberOfRobotsOnWhiteSite
25880,23,16
timeStep,numberOfRobotsOnBlackSite,numberOfRobotsOnWhiteSite
25881,23,16
timeStep,numberOfRobotsOnBlackSite,numberOfRobotsOnWhiteSite
25882,23,16
timeStep,numberOfRobotsOnBlackSite,numberOfRobotsOnWhiteSite
25883,23,16
timeStep,numberOfRobotsOnBlackSite,numberOfRobotsOnWhiteSite
25884,23,16
timeStep,numberOfRobotsOnBlackSite,numberOfRobotsOnWhiteSite
25885,23,16
timeStep,numberOfRobotsOnBlackSite,numberOfRobotsOnWhiteSite
25886,23,16
timeStep,numberOfRobotsOnBlackSite,numberOfRobotsOnWhiteSite
25887,23,16
timeStep,numberOfRobotsOnBlackSite,numberOfRobotsOnWhiteSite
25888,23,16
timeStep,numberOfRobotsOnBlackSite,numberOfRobotsOnWhiteSite
25889,23,16
timeStep,numberOfRobotsOnBlackSite,numberOfRobotsOnWhiteSite
25890,23,16
timeStep,numberOfRobotsOnBlackSite,numberOfRobotsOnWhiteSite
25891,23,16
timeStep,numberOfRobotsOnBlackSite,numberOfRobotsOnWhiteSite
25892,23,16
timeStep,numberOfRobotsOnBlackSite,numberOfRobotsOnWhiteSite
25893,23,16
timeStep,numberOfRobotsOnBlackSite,numberOfRobotsOnWhiteSite
25894,23,16
timeStep,numberOfRobotsOnBlackSite,numberOfRobotsOnWhiteSite
25895,24,16
timeStep,numberOfRobotsOnBlackSite,numberOfRobotsOnWhiteSite
25896,24,16
timeStep,numberOfRobotsOnBlackSite,numberOfRobotsOnWhiteSite
25897,24,16
timeStep,numberOfRobotsOnBlackSite,numberOfRobotsOnWhiteSite
25898,24,16
timeStep,numberOfRobotsOnBlackSite,numberOfRobotsOnWhiteSite
25899,24,16
timeStep,numberOfRobotsOnBlackSite,numberOfRobotsOnWhiteSite
25900,24,16
timeStep,numberOfRobotsOnBlackSite,numberOfRobotsOnWhiteSite
25901,24,16
timeStep,numberOfRobotsOnBlackSite,numberOfRobotsOnWhiteSite
25902,24,16
timeStep,numberOfRobotsOnBlackSite,numberOfRobotsOnWhiteSite
25903,24,16
timeStep,numberOfRobotsOnBlackSite,numberOfRobotsOnWhiteSite
25904,24,16
timeStep,numberOfRobotsOnBlackSite,numberOfRobotsOnWhiteSite
25905,24,16
timeStep,numberOfRobotsOnBlackSite,numberOfRobotsOnWhiteSite
25906,24,16
timeStep,numberOfRobotsOnBlackSite,numberOfRobotsOnWhiteSite
25907,24,16
timeStep,numberOfRobotsOnBlackSite,numberOfRobotsOnWhiteSite
25908,24,16
timeStep,numberOfRobotsOnBlackSite,numberOfRobotsOnWhiteSite
25909,24,16
timeStep,numberOfRobotsOnBlackSite,numberOfRobotsOnWhiteSite
25910,24,16
timeStep,numberOfRobotsOnBlackSite,numberOfRobotsOnWhiteSite
25911,24,16
timeStep,numberOfRobotsOnBlackSite,numberOfRobotsOnWhiteSite
25912,24,16
timeStep,numberOfRobotsOnBlackSite,numberOfRobotsOnWhiteSite
25913,24,16
timeStep,numberOfRobotsOnBlackSite,numberOfRobotsOnWhiteSite
25914,24,16
timeStep,numberOfRobotsOnBlackSite,numberOfRobotsOnWhiteSite
25915,24,16
timeStep,numberOfRobotsOnBlackSite,numberOfRobotsOnWhiteSite
25916,24,16
timeStep,numberOfRobotsOnBlackSite,numberOfRobotsOnWhiteSite
25917,24,16
timeStep,numberOfRobotsOnBlackSite,numberOfRobotsOnWhiteSite
25918,24,16
timeStep,numberOfRobotsOnBlackSite,numberOfRobotsOnWhiteSite
25919,24,16
timeStep,numberOfRobotsOnBlackSite,numberOfRobotsOnWhiteSite
25920,24,16
timeStep,numberOfRobotsOnBlackSite,numberOfRobotsOnWhiteSite
25921,24,16
timeStep,numberOfRobotsOnBlackSite,numberOfRobotsOnWhiteSite
25922,24,16
timeStep,numberOfRobotsOnBlackSite,numberOfRobotsOnWhiteSite
25923,24,16
timeStep,numberOfRobotsOnBlackSite,numberOfRobotsOnWhiteSite
25924,24,16
timeStep,numberOfRobotsOnBlackSite,numberOfRobotsOnWhiteSite
25925,24,16
timeStep,numberOfRobotsOnBlackSite,numberOfRobotsOnWhiteSite
25926,24,16
timeStep,numberOfRobotsOnBlackSite,numberOfRobotsOnWhiteSite
25927,24,16
timeStep,numberOfRobotsOnBlackSite,numberOfRobotsOnWhiteSite
25928,24,16
timeStep,numberOfRobotsOnBlackSite,numberOfRobotsOnWhiteSite
25929,24,16
timeStep,numberOfRobotsOnBlackSite,numberOfRobotsOnWhiteSite
25930,24,16
timeStep,numberOfRobotsOnBlackSite,numberOfRobotsOnWhiteSite
25931,24,16
timeStep,numberOfRobotsOnBlackSite,numberOfRobotsOnWhiteSite
25932,24,16
timeStep,numberOfRobotsOnBlackSite,numberOfRobotsOnWhiteSite
25933,24,16
timeStep,numberOfRobotsOnBlackSite,numberOfRobotsOnWhiteSite
25934,24,16
timeStep,numberOfRobotsOnBlackSite,numberOfRobotsOnWhiteSite
25935,24,16
timeStep,numberOfRobotsOnBlackSite,numberOfRobotsOnWhiteSite
25936,24,16
timeStep,numberOfRobotsOnBlackSite,numberOfRobotsOnWhiteSite
25937,24,16
timeStep,numberOfRobotsOnBlackSite,numberOfRobotsOnWhiteSite
25938,24,16
timeStep,numberOfRobotsOnBlackSite,numberOfRobotsOnWhiteSite
25939,24,16
timeStep,numberOfRobotsOnBlackSite,numberOfRobotsOnWhiteSite
25940,24,16
timeStep,numberOfRobotsOnBlackSite,numberOfRobotsOnWhiteSite
25941,24,16
timeStep,numberOfRobotsOnBlackSite,numberOfRobotsOnWhiteSite
25942,24,16
timeStep,numberOfRobotsOnBlackSite,numberOfRobotsOnWhiteSite
25943,24,16
timeStep,numberOfRobotsOnBlackSite,numberOfRobotsOnWhiteSite
25944,24,16
timeStep,numberOfRobotsOnBlackSite,numberOfRobotsOnWhiteSite
25945,24,16
timeStep,numberOfRobotsOnBlackSite,numberOfRobotsOnWhiteSite
25946,24,16
timeStep,numberOfRobotsOnBlackSite,numberOfRobotsOnWhiteSite
25947,24,16
timeStep,numberOfRobotsOnBlackSite,numberOfRobotsOnWhiteSite
25948,24,16
timeStep,numberOfRobotsOnBlackSite,numberOfRobotsOnWhiteSite
25949,24,16
timeStep,numberOfRobotsOnBlackSite,numberOfRobotsOnWhiteSite
25950,24,16
timeStep,numberOfRobotsOnBlackSite,numberOfRobotsOnWhiteSite
25951,24,16
timeStep,numberOfRobotsOnBlackSite,numberOfRobotsOnWhiteSite
25952,24,16
timeStep,numberOfRobotsOnBlackSite,numberOfRobotsOnWhiteSite
25953,24,16
timeStep,numberOfRobotsOnBlackSite,numberOfRobotsOnWhiteSite
25954,24,16
timeStep,numberOfRobotsOnBlackSite,numberOfRobotsOnWhiteSite
25955,24,16
timeStep,numberOfRobotsOnBlackSite,numberOfRobotsOnWhiteSite
25956,24,16
timeStep,numberOfRobotsOnBlackSite,numberOfRobotsOnWhiteSite
25957,24,16
timeStep,numberOfRobotsOnBlackSite,numberOfRobotsOnWhiteSite
25958,24,16
timeStep,numberOfRobotsOnBlackSite,numberOfRobotsOnWhiteSite
25959,24,16
timeStep,numberOfRobotsOnBlackSite,numberOfRobotsOnWhiteSite
25960,24,16
timeStep,numberOfRobotsOnBlackSite,numberOfRobotsOnWhiteSite
25961,24,16
timeStep,numberOfRobotsOnBlackSite,numberOfRobotsOnWhiteSite
25962,24,16
timeStep,numberOfRobotsOnBlackSite,numberOfRobotsOnWhiteSite
25963,24,16
timeStep,numberOfRobotsOnBlackSite,numberOfRobotsOnWhiteSite
25964,24,16
timeStep,numberOfRobotsOnBlackSite,numberOfRobotsOnWhiteSite
25965,24,16
timeStep,numberOfRobotsOnBlackSite,numberOfRobotsOnWhiteSite
25966,24,16
timeStep,numberOfRobotsOnBlackSite,numberOfRobotsOnWhiteSite
25967,24,16
timeStep,numberOfRobotsOnBlackSite,numberOfRobotsOnWhiteSite
25968,24,16
timeStep,numberOfRobotsOnBlackSite,numberOfRobotsOnWhiteSite
25969,24,16
timeStep,numberOfRobotsOnBlackSite,numberOfRobotsOnWhiteSite
25970,24,16
timeStep,numberOfRobotsOnBlackSite,numberOfRobotsOnWhiteSite
25971,24,16
timeStep,numberOfRobotsOnBlackSite,numberOfRobotsOnWhiteSite
25972,24,16
timeStep,numberOfRobotsOnBlackSite,numberOfRobotsOnWhiteSite
25973,24,16
timeStep,numberOfRobotsOnBlackSite,numberOfRobotsOnWhiteSite
25974,24,16
timeStep,numberOfRobotsOnBlackSite,numberOfRobotsOnWhiteSite
25975,24,16
timeStep,numberOfRobotsOnBlackSite,numberOfRobotsOnWhiteSite
25976,24,16
timeStep,numberOfRobotsOnBlackSite,numberOfRobotsOnWhiteSite
25977,24,16
timeStep,numberOfRobotsOnBlackSite,numberOfRobotsOnWhiteSite
25978,24,16
timeStep,numberOfRobotsOnBlackSite,numberOfRobotsOnWhiteSite
25979,24,16
timeStep,numberOfRobotsOnBlackSite,numberOfRobotsOnWhiteSite
25980,23,16
timeStep,numberOfRobotsOnBlackSite,numberOfRobotsOnWhiteSite
25981,23,16
timeStep,numberOfRobotsOnBlackSite,numberOfRobotsOnWhiteSite
25982,23,16
timeStep,numberOfRobotsOnBlackSite,numberOfRobotsOnWhiteSite
25983,23,16
timeStep,numberOfRobotsOnBlackSite,numberOfRobotsOnWhiteSite
25984,23,16
timeStep,numberOfRobotsOnBlackSite,numberOfRobotsOnWhiteSite
25985,23,16
timeStep,numberOfRobotsOnBlackSite,numberOfRobotsOnWhiteSite
25986,23,16
timeStep,numberOfRobotsOnBlackSite,numberOfRobotsOnWhiteSite
25987,23,16
timeStep,numberOfRobotsOnBlackSite,numberOfRobotsOnWhiteSite
25988,23,16
timeStep,numberOfRobotsOnBlackSite,numberOfRobotsOnWhiteSite
25989,23,16
timeStep,numberOfRobotsOnBlackSite,numberOfRobotsOnWhiteSite
25990,23,16
timeStep,numberOfRobotsOnBlackSite,numberOfRobotsOnWhiteSite
25991,23,16
timeStep,numberOfRobotsOnBlackSite,numberOfRobotsOnWhiteSite
25992,23,16
timeStep,numberOfRobotsOnBlackSite,numberOfRobotsOnWhiteSite
25993,23,16
timeStep,numberOfRobotsOnBlackSite,numberOfRobotsOnWhiteSite
25994,23,16
timeStep,numberOfRobotsOnBlackSite,numberOfRobotsOnWhiteSite
25995,23,16
timeStep,numberOfRobotsOnBlackSite,numberOfRobotsOnWhiteSite
25996,23,16
timeStep,numberOfRobotsOnBlackSite,numberOfRobotsOnWhiteSite
25997,23,16
timeStep,numberOfRobotsOnBlackSite,numberOfRobotsOnWhiteSite
25998,23,16
timeStep,numberOfRobotsOnBlackSite,numberOfRobotsOnWhiteSite
25999,23,16
timeStep,numberOfRobotsOnBlackSite,numberOfRobotsOnWhiteSite
26000,23,16
timeStep,numberOfRobotsOnBlackSite,numberOfRobotsOnWhiteSite
26001,23,16
timeStep,numberOfRobotsOnBlackSite,numberOfRobotsOnWhiteSite
26002,23,16
timeStep,numberOfRobotsOnBlackSite,numberOfRobotsOnWhiteSite
26003,23,16
timeStep,numberOfRobotsOnBlackSite,numberOfRobotsOnWhiteSite
26004,23,16
timeStep,numberOfRobotsOnBlackSite,numberOfRobotsOnWhiteSite
26005,23,16
timeStep,numberOfRobotsOnBlackSite,numberOfRobotsOnWhiteSite
26006,23,16
timeStep,numberOfRobotsOnBlackSite,numberOfRobotsOnWhiteSite
26007,23,16
timeStep,numberOfRobotsOnBlackSite,numberOfRobotsOnWhiteSite
26008,23,16
timeStep,numberOfRobotsOnBlackSite,numberOfRobotsOnWhiteSite
26009,23,16
timeStep,numberOfRobotsOnBlackSite,numberOfRobotsOnWhiteSite
26010,23,16
timeStep,numberOfRobotsOnBlackSite,numberOfRobotsOnWhiteSite
26011,23,16
timeStep,numberOfRobotsOnBlackSite,numberOfRobotsOnWhiteSite
26012,23,16
timeStep,numberOfRobotsOnBlackSite,numberOfRobotsOnWhiteSite
26013,23,16
timeStep,numberOfRobotsOnBlackSite,numberOfRobotsOnWhiteSite
26014,23,16
timeStep,numberOfRobotsOnBlackSite,numberOfRobotsOnWhiteSite
26015,23,17
timeStep,numberOfRobotsOnBlackSite,numberOfRobotsOnWhiteSite
26016,23,17
timeStep,numberOfRobotsOnBlackSite,numberOfRobotsOnWhiteSite
26017,23,17
timeStep,numberOfRobotsOnBlackSite,numberOfRobotsOnWhiteSite
26018,23,17
timeStep,numberOfRobotsOnBlackSite,numberOfRobotsOnWhiteSite
26019,23,17
timeStep,numberOfRobotsOnBlackSite,numberOfRobotsOnWhiteSite
26020,23,17
timeStep,numberOfRobotsOnBlackSite,numberOfRobotsOnWhiteSite
26021,23,17
timeStep,numberOfRobotsOnBlackSite,numberOfRobotsOnWhiteSite
26022,23,17
timeStep,numberOfRobotsOnBlackSite,numberOfRobotsOnWhiteSite
26023,23,17
timeStep,numberOfRobotsOnBlackSite,numberOfRobotsOnWhiteSite
26024,23,17
timeStep,numberOfRobotsOnBlackSite,numberOfRobotsOnWhiteSite
26025,23,17
timeStep,numberOfRobotsOnBlackSite,numberOfRobotsOnWhiteSite
26026,23,17
timeStep,numberOfRobotsOnBlackSite,numberOfRobotsOnWhiteSite
26027,23,17
timeStep,numberOfRobotsOnBlackSite,numberOfRobotsOnWhiteSite
26028,23,17
timeStep,numberOfRobotsOnBlackSite,numberOfRobotsOnWhiteSite
26029,23,17
timeStep,numberOfRobotsOnBlackSite,numberOfRobotsOnWhiteSite
26030,23,17
timeStep,numberOfRobotsOnBlackSite,numberOfRobotsOnWhiteSite
26031,23,17
timeStep,numberOfRobotsOnBlackSite,numberOfRobotsOnWhiteSite
26032,23,17
timeStep,numberOfRobotsOnBlackSite,numberOfRobotsOnWhiteSite
26033,23,17
timeStep,numberOfRobotsOnBlackSite,numberOfRobotsOnWhiteSite
26034,23,17
timeStep,numberOfRobotsOnBlackSite,numberOfRobotsOnWhiteSite
26035,23,17
timeStep,numberOfRobotsOnBlackSite,numberOfRobotsOnWhiteSite
26036,23,17
timeStep,numberOfRobotsOnBlackSite,numberOfRobotsOnWhiteSite
26037,23,17
timeStep,numberOfRobotsOnBlackSite,numberOfRobotsOnWhiteSite
26038,23,17
timeStep,numberOfRobotsOnBlackSite,numberOfRobotsOnWhiteSite
26039,23,17
timeStep,numberOfRobotsOnBlackSite,numberOfRobotsOnWhiteSite
26040,23,17
timeStep,numberOfRobotsOnBlackSite,numberOfRobotsOnWhiteSite
26041,23,17
timeStep,numberOfRobotsOnBlackSite,numberOfRobotsOnWhiteSite
26042,23,17
timeStep,numberOfRobotsOnBlackSite,numberOfRobotsOnWhiteSite
26043,23,17
timeStep,numberOfRobotsOnBlackSite,numberOfRobotsOnWhiteSite
26044,23,17
timeStep,numberOfRobotsOnBlackSite,numberOfRobotsOnWhiteSite
26045,24,17
timeStep,numberOfRobotsOnBlackSite,numberOfRobotsOnWhiteSite
26046,24,17
timeStep,numberOfRobotsOnBlackSite,numberOfRobotsOnWhiteSite
26047,24,17
timeStep,numberOfRobotsOnBlackSite,numberOfRobotsOnWhiteSite
26048,24,17
timeStep,numberOfRobotsOnBlackSite,numberOfRobotsOnWhiteSite
26049,24,17
timeStep,numberOfRobotsOnBlackSite,numberOfRobotsOnWhiteSite
26050,24,17
timeStep,numberOfRobotsOnBlackSite,numberOfRobotsOnWhiteSite
26051,24,17
timeStep,numberOfRobotsOnBlackSite,numberOfRobotsOnWhiteSite
26052,24,17
timeStep,numberOfRobotsOnBlackSite,numberOfRobotsOnWhiteSite
26053,24,17
timeStep,numberOfRobotsOnBlackSite,numberOfRobotsOnWhiteSite
26054,24,17
timeStep,numberOfRobotsOnBlackSite,numberOfRobotsOnWhiteSite
26055,24,17
timeStep,numberOfRobotsOnBlackSite,numberOfRobotsOnWhiteSite
26056,24,17
timeStep,numberOfRobotsOnBlackSite,numberOfRobotsOnWhiteSite
26057,24,17
timeStep,numberOfRobotsOnBlackSite,numberOfRobotsOnWhiteSite
26058,24,17
timeStep,numberOfRobotsOnBlackSite,numberOfRobotsOnWhiteSite
26059,24,17
timeStep,numberOfRobotsOnBlackSite,numberOfRobotsOnWhiteSite
26060,24,17
timeStep,numberOfRobotsOnBlackSite,numberOfRobotsOnWhiteSite
26061,24,17
timeStep,numberOfRobotsOnBlackSite,numberOfRobotsOnWhiteSite
26062,24,17
timeStep,numberOfRobotsOnBlackSite,numberOfRobotsOnWhiteSite
26063,24,17
timeStep,numberOfRobotsOnBlackSite,numberOfRobotsOnWhiteSite
26064,24,17
timeStep,numberOfRobotsOnBlackSite,numberOfRobotsOnWhiteSite
26065,24,17
timeStep,numberOfRobotsOnBlackSite,numberOfRobotsOnWhiteSite
26066,24,17
timeStep,numberOfRobotsOnBlackSite,numberOfRobotsOnWhiteSite
26067,24,17
timeStep,numberOfRobotsOnBlackSite,numberOfRobotsOnWhiteSite
26068,24,17
timeStep,numberOfRobotsOnBlackSite,numberOfRobotsOnWhiteSite
26069,24,17
timeStep,numberOfRobotsOnBlackSite,numberOfRobotsOnWhiteSite
26070,24,17
timeStep,numberOfRobotsOnBlackSite,numberOfRobotsOnWhiteSite
26071,24,17
timeStep,numberOfRobotsOnBlackSite,numberOfRobotsOnWhiteSite
26072,24,17
timeStep,numberOfRobotsOnBlackSite,numberOfRobotsOnWhiteSite
26073,24,17
timeStep,numberOfRobotsOnBlackSite,numberOfRobotsOnWhiteSite
26074,24,17
timeStep,numberOfRobotsOnBlackSite,numberOfRobotsOnWhiteSite
26075,24,17
timeStep,numberOfRobotsOnBlackSite,numberOfRobotsOnWhiteSite
26076,24,17
timeStep,numberOfRobotsOnBlackSite,numberOfRobotsOnWhiteSite
26077,24,17
timeStep,numberOfRobotsOnBlackSite,numberOfRobotsOnWhiteSite
26078,24,17
timeStep,numberOfRobotsOnBlackSite,numberOfRobotsOnWhiteSite
26079,24,17
timeStep,numberOfRobotsOnBlackSite,numberOfRobotsOnWhiteSite
26080,24,17
timeStep,numberOfRobotsOnBlackSite,numberOfRobotsOnWhiteSite
26081,24,17
timeStep,numberOfRobotsOnBlackSite,numberOfRobotsOnWhiteSite
26082,24,17
timeStep,numberOfRobotsOnBlackSite,numberOfRobotsOnWhiteSite
26083,24,17
timeStep,numberOfRobotsOnBlackSite,numberOfRobotsOnWhiteSite
26084,24,17
timeStep,numberOfRobotsOnBlackSite,numberOfRobotsOnWhiteSite
26085,24,17
timeStep,numberOfRobotsOnBlackSite,numberOfRobotsOnWhiteSite
26086,24,17
timeStep,numberOfRobotsOnBlackSite,numberOfRobotsOnWhiteSite
26087,24,17
timeStep,numberOfRobotsOnBlackSite,numberOfRobotsOnWhiteSite
26088,24,17
timeStep,numberOfRobotsOnBlackSite,numberOfRobotsOnWhiteSite
26089,24,17
timeStep,numberOfRobotsOnBlackSite,numberOfRobotsOnWhiteSite
26090,24,17
timeStep,numberOfRobotsOnBlackSite,numberOfRobotsOnWhiteSite
26091,24,17
timeStep,numberOfRobotsOnBlackSite,numberOfRobotsOnWhiteSite
26092,24,17
timeStep,numberOfRobotsOnBlackSite,numberOfRobotsOnWhiteSite
26093,24,17
timeStep,numberOfRobotsOnBlackSite,numberOfRobotsOnWhiteSite
26094,24,17
timeStep,numberOfRobotsOnBlackSite,numberOfRobotsOnWhiteSite
26095,24,17
timeStep,numberOfRobotsOnBlackSite,numberOfRobotsOnWhiteSite
26096,24,17
timeStep,numberOfRobotsOnBlackSite,numberOfRobotsOnWhiteSite
26097,24,17
timeStep,numberOfRobotsOnBlackSite,numberOfRobotsOnWhiteSite
26098,24,17
timeStep,numberOfRobotsOnBlackSite,numberOfRobotsOnWhiteSite
26099,24,17
timeStep,numberOfRobotsOnBlackSite,numberOfRobotsOnWhiteSite
26100,24,17
timeStep,numberOfRobotsOnBlackSite,numberOfRobotsOnWhiteSite
26101,24,17
timeStep,numberOfRobotsOnBlackSite,numberOfRobotsOnWhiteSite
26102,24,17
timeStep,numberOfRobotsOnBlackSite,numberOfRobotsOnWhiteSite
26103,24,17
timeStep,numberOfRobotsOnBlackSite,numberOfRobotsOnWhiteSite
26104,24,17
timeStep,numberOfRobotsOnBlackSite,numberOfRobotsOnWhiteSite
26105,24,17
timeStep,numberOfRobotsOnBlackSite,numberOfRobotsOnWhiteSite
26106,24,17
timeStep,numberOfRobotsOnBlackSite,numberOfRobotsOnWhiteSite
26107,24,17
timeStep,numberOfRobotsOnBlackSite,numberOfRobotsOnWhiteSite
26108,24,17
timeStep,numberOfRobotsOnBlackSite,numberOfRobotsOnWhiteSite
26109,24,17
timeStep,numberOfRobotsOnBlackSite,numberOfRobotsOnWhiteSite
26110,24,17
timeStep,numberOfRobotsOnBlackSite,numberOfRobotsOnWhiteSite
26111,24,17
timeStep,numberOfRobotsOnBlackSite,numberOfRobotsOnWhiteSite
26112,24,17
timeStep,numberOfRobotsOnBlackSite,numberOfRobotsOnWhiteSite
26113,24,17
timeStep,numberOfRobotsOnBlackSite,numberOfRobotsOnWhiteSite
26114,24,17
timeStep,numberOfRobotsOnBlackSite,numberOfRobotsOnWhiteSite
26115,24,17
timeStep,numberOfRobotsOnBlackSite,numberOfRobotsOnWhiteSite
26116,24,17
timeStep,numberOfRobotsOnBlackSite,numberOfRobotsOnWhiteSite
26117,24,17
timeStep,numberOfRobotsOnBlackSite,numberOfRobotsOnWhiteSite
26118,24,17
timeStep,numberOfRobotsOnBlackSite,numberOfRobotsOnWhiteSite
26119,24,17
timeStep,numberOfRobotsOnBlackSite,numberOfRobotsOnWhiteSite
26120,24,17
timeStep,numberOfRobotsOnBlackSite,numberOfRobotsOnWhiteSite
26121,24,17
timeStep,numberOfRobotsOnBlackSite,numberOfRobotsOnWhiteSite
26122,24,17
timeStep,numberOfRobotsOnBlackSite,numberOfRobotsOnWhiteSite
26123,24,17
timeStep,numberOfRobotsOnBlackSite,numberOfRobotsOnWhiteSite
26124,24,17
timeStep,numberOfRobotsOnBlackSite,numberOfRobotsOnWhiteSite
26125,24,17
timeStep,numberOfRobotsOnBlackSite,numberOfRobotsOnWhiteSite
26126,24,17
timeStep,numberOfRobotsOnBlackSite,numberOfRobotsOnWhiteSite
26127,24,17
timeStep,numberOfRobotsOnBlackSite,numberOfRobotsOnWhiteSite
26128,24,17
timeStep,numberOfRobotsOnBlackSite,numberOfRobotsOnWhiteSite
26129,24,17
timeStep,numberOfRobotsOnBlackSite,numberOfRobotsOnWhiteSite
26130,24,17
timeStep,numberOfRobotsOnBlackSite,numberOfRobotsOnWhiteSite
26131,24,17
timeStep,numberOfRobotsOnBlackSite,numberOfRobotsOnWhiteSite
26132,24,17
timeStep,numberOfRobotsOnBlackSite,numberOfRobotsOnWhiteSite
26133,24,17
timeStep,numberOfRobotsOnBlackSite,numberOfRobotsOnWhiteSite
26134,24,17
timeStep,numberOfRobotsOnBlackSite,numberOfRobotsOnWhiteSite
26135,24,17
timeStep,numberOfRobotsOnBlackSite,numberOfRobotsOnWhiteSite
26136,24,17
timeStep,numberOfRobotsOnBlackSite,numberOfRobotsOnWhiteSite
26137,24,17
timeStep,numberOfRobotsOnBlackSite,numberOfRobotsOnWhiteSite
26138,24,17
timeStep,numberOfRobotsOnBlackSite,numberOfRobotsOnWhiteSite
26139,24,17
timeStep,numberOfRobotsOnBlackSite,numberOfRobotsOnWhiteSite
26140,24,17
timeStep,numberOfRobotsOnBlackSite,numberOfRobotsOnWhiteSite
26141,24,17
timeStep,numberOfRobotsOnBlackSite,numberOfRobotsOnWhiteSite
26142,24,17
timeStep,numberOfRobotsOnBlackSite,numberOfRobotsOnWhiteSite
26143,24,17
timeStep,numberOfRobotsOnBlackSite,numberOfRobotsOnWhiteSite
26144,24,17
timeStep,numberOfRobotsOnBlackSite,numberOfRobotsOnWhiteSite
26145,24,17
timeStep,numberOfRobotsOnBlackSite,numberOfRobotsOnWhiteSite
26146,24,17
timeStep,numberOfRobotsOnBlackSite,numberOfRobotsOnWhiteSite
26147,24,17
timeStep,numberOfRobotsOnBlackSite,numberOfRobotsOnWhiteSite
26148,24,17
timeStep,numberOfRobotsOnBlackSite,numberOfRobotsOnWhiteSite
26149,24,17
timeStep,numberOfRobotsOnBlackSite,numberOfRobotsOnWhiteSite
26150,24,17
timeStep,numberOfRobotsOnBlackSite,numberOfRobotsOnWhiteSite
26151,24,17
timeStep,numberOfRobotsOnBlackSite,numberOfRobotsOnWhiteSite
26152,24,17
timeStep,numberOfRobotsOnBlackSite,numberOfRobotsOnWhiteSite
26153,24,17
timeStep,numberOfRobotsOnBlackSite,numberOfRobotsOnWhiteSite
26154,24,17
timeStep,numberOfRobotsOnBlackSite,numberOfRobotsOnWhiteSite
26155,24,17
timeStep,numberOfRobotsOnBlackSite,numberOfRobotsOnWhiteSite
26156,24,17
timeStep,numberOfRobotsOnBlackSite,numberOfRobotsOnWhiteSite
26157,24,17
timeStep,numberOfRobotsOnBlackSite,numberOfRobotsOnWhiteSite
26158,24,17
timeStep,numberOfRobotsOnBlackSite,numberOfRobotsOnWhiteSite
26159,24,17
timeStep,numberOfRobotsOnBlackSite,numberOfRobotsOnWhiteSite
26160,24,18
timeStep,numberOfRobotsOnBlackSite,numberOfRobotsOnWhiteSite
26161,24,18
timeStep,numberOfRobotsOnBlackSite,numberOfRobotsOnWhiteSite
26162,24,18
timeStep,numberOfRobotsOnBlackSite,numberOfRobotsOnWhiteSite
26163,24,18
timeStep,numberOfRobotsOnBlackSite,numberOfRobotsOnWhiteSite
26164,24,18
timeStep,numberOfRobotsOnBlackSite,numberOfRobotsOnWhiteSite
26165,24,18
timeStep,numberOfRobotsOnBlackSite,numberOfRobotsOnWhiteSite
26166,24,18
timeStep,numberOfRobotsOnBlackSite,numberOfRobotsOnWhiteSite
26167,24,18
timeStep,numberOfRobotsOnBlackSite,numberOfRobotsOnWhiteSite
26168,24,18
timeStep,numberOfRobotsOnBlackSite,numberOfRobotsOnWhiteSite
26169,24,18
timeStep,numberOfRobotsOnBlackSite,numberOfRobotsOnWhiteSite
26170,24,18
timeStep,numberOfRobotsOnBlackSite,numberOfRobotsOnWhiteSite
26171,24,18
timeStep,numberOfRobotsOnBlackSite,numberOfRobotsOnWhiteSite
26172,24,18
timeStep,numberOfRobotsOnBlackSite,numberOfRobotsOnWhiteSite
26173,24,18
timeStep,numberOfRobotsOnBlackSite,numberOfRobotsOnWhiteSite
26174,24,18
timeStep,numberOfRobotsOnBlackSite,numberOfRobotsOnWhiteSite
26175,24,18
timeStep,numberOfRobotsOnBlackSite,numberOfRobotsOnWhiteSite
26176,24,18
timeStep,numberOfRobotsOnBlackSite,numberOfRobotsOnWhiteSite
26177,24,18
timeStep,numberOfRobotsOnBlackSite,numberOfRobotsOnWhiteSite
26178,24,18
timeStep,numberOfRobotsOnBlackSite,numberOfRobotsOnWhiteSite
26179,24,18
timeStep,numberOfRobotsOnBlackSite,numberOfRobotsOnWhiteSite
26180,24,18
timeStep,numberOfRobotsOnBlackSite,numberOfRobotsOnWhiteSite
26181,24,18
timeStep,numberOfRobotsOnBlackSite,numberOfRobotsOnWhiteSite
26182,24,18
timeStep,numberOfRobotsOnBlackSite,numberOfRobotsOnWhiteSite
26183,24,18
timeStep,numberOfRobotsOnBlackSite,numberOfRobotsOnWhiteSite
26184,24,18
timeStep,numberOfRobotsOnBlackSite,numberOfRobotsOnWhiteSite
26185,24,18
timeStep,numberOfRobotsOnBlackSite,numberOfRobotsOnWhiteSite
26186,24,18
timeStep,numberOfRobotsOnBlackSite,numberOfRobotsOnWhiteSite
26187,24,18
timeStep,numberOfRobotsOnBlackSite,numberOfRobotsOnWhiteSite
26188,24,18
timeStep,numberOfRobotsOnBlackSite,numberOfRobotsOnWhiteSite
26189,24,18
timeStep,numberOfRobotsOnBlackSite,numberOfRobotsOnWhiteSite
26190,24,18
timeStep,numberOfRobotsOnBlackSite,numberOfRobotsOnWhiteSite
26191,24,18
timeStep,numberOfRobotsOnBlackSite,numberOfRobotsOnWhiteSite
26192,24,18
timeStep,numberOfRobotsOnBlackSite,numberOfRobotsOnWhiteSite
26193,24,18
timeStep,numberOfRobotsOnBlackSite,numberOfRobotsOnWhiteSite
26194,24,18
timeStep,numberOfRobotsOnBlackSite,numberOfRobotsOnWhiteSite
26195,24,18
timeStep,numberOfRobotsOnBlackSite,numberOfRobotsOnWhiteSite
26196,24,18
timeStep,numberOfRobotsOnBlackSite,numberOfRobotsOnWhiteSite
26197,24,18
timeStep,numberOfRobotsOnBlackSite,numberOfRobotsOnWhiteSite
26198,24,18
timeStep,numberOfRobotsOnBlackSite,numberOfRobotsOnWhiteSite
26199,24,18
timeStep,numberOfRobotsOnBlackSite,numberOfRobotsOnWhiteSite
26200,25,18
timeStep,numberOfRobotsOnBlackSite,numberOfRobotsOnWhiteSite
26201,25,18
timeStep,numberOfRobotsOnBlackSite,numberOfRobotsOnWhiteSite
26202,25,18
timeStep,numberOfRobotsOnBlackSite,numberOfRobotsOnWhiteSite
26203,25,18
timeStep,numberOfRobotsOnBlackSite,numberOfRobotsOnWhiteSite
26204,25,18
timeStep,numberOfRobotsOnBlackSite,numberOfRobotsOnWhiteSite
26205,25,18
timeStep,numberOfRobotsOnBlackSite,numberOfRobotsOnWhiteSite
26206,25,18
timeStep,numberOfRobotsOnBlackSite,numberOfRobotsOnWhiteSite
26207,25,18
timeStep,numberOfRobotsOnBlackSite,numberOfRobotsOnWhiteSite
26208,25,18
timeStep,numberOfRobotsOnBlackSite,numberOfRobotsOnWhiteSite
26209,25,18
timeStep,numberOfRobotsOnBlackSite,numberOfRobotsOnWhiteSite
26210,25,18
timeStep,numberOfRobotsOnBlackSite,numberOfRobotsOnWhiteSite
26211,25,18
timeStep,numberOfRobotsOnBlackSite,numberOfRobotsOnWhiteSite
26212,25,18
timeStep,numberOfRobotsOnBlackSite,numberOfRobotsOnWhiteSite
26213,25,18
timeStep,numberOfRobotsOnBlackSite,numberOfRobotsOnWhiteSite
26214,25,18
timeStep,numberOfRobotsOnBlackSite,numberOfRobotsOnWhiteSite
26215,25,18
timeStep,numberOfRobotsOnBlackSite,numberOfRobotsOnWhiteSite
26216,25,18
timeStep,numberOfRobotsOnBlackSite,numberOfRobotsOnWhiteSite
26217,25,18
timeStep,numberOfRobotsOnBlackSite,numberOfRobotsOnWhiteSite
26218,25,18
timeStep,numberOfRobotsOnBlackSite,numberOfRobotsOnWhiteSite
26219,25,18
timeStep,numberOfRobotsOnBlackSite,numberOfRobotsOnWhiteSite
26220,25,18
timeStep,numberOfRobotsOnBlackSite,numberOfRobotsOnWhiteSite
26221,25,18
timeStep,numberOfRobotsOnBlackSite,numberOfRobotsOnWhiteSite
26222,25,18
timeStep,numberOfRobotsOnBlackSite,numberOfRobotsOnWhiteSite
26223,25,18
timeStep,numberOfRobotsOnBlackSite,numberOfRobotsOnWhiteSite
26224,25,18
timeStep,numberOfRobotsOnBlackSite,numberOfRobotsOnWhiteSite
26225,25,18
timeStep,numberOfRobotsOnBlackSite,numberOfRobotsOnWhiteSite
26226,25,18
timeStep,numberOfRobotsOnBlackSite,numberOfRobotsOnWhiteSite
26227,25,18
timeStep,numberOfRobotsOnBlackSite,numberOfRobotsOnWhiteSite
26228,25,18
timeStep,numberOfRobotsOnBlackSite,numberOfRobotsOnWhiteSite
26229,25,18
timeStep,numberOfRobotsOnBlackSite,numberOfRobotsOnWhiteSite
26230,25,18
timeStep,numberOfRobotsOnBlackSite,numberOfRobotsOnWhiteSite
26231,25,18
timeStep,numberOfRobotsOnBlackSite,numberOfRobotsOnWhiteSite
26232,25,18
timeStep,numberOfRobotsOnBlackSite,numberOfRobotsOnWhiteSite
26233,25,18
timeStep,numberOfRobotsOnBlackSite,numberOfRobotsOnWhiteSite
26234,25,18
timeStep,numberOfRobotsOnBlackSite,numberOfRobotsOnWhiteSite
26235,25,18
timeStep,numberOfRobotsOnBlackSite,numberOfRobotsOnWhiteSite
26236,25,18
timeStep,numberOfRobotsOnBlackSite,numberOfRobotsOnWhiteSite
26237,25,18
timeStep,numberOfRobotsOnBlackSite,numberOfRobotsOnWhiteSite
26238,25,18
timeStep,numberOfRobotsOnBlackSite,numberOfRobotsOnWhiteSite
26239,25,18
timeStep,numberOfRobotsOnBlackSite,numberOfRobotsOnWhiteSite
26240,25,18
timeStep,numberOfRobotsOnBlackSite,numberOfRobotsOnWhiteSite
26241,25,18
timeStep,numberOfRobotsOnBlackSite,numberOfRobotsOnWhiteSite
26242,25,18
timeStep,numberOfRobotsOnBlackSite,numberOfRobotsOnWhiteSite
26243,25,18
timeStep,numberOfRobotsOnBlackSite,numberOfRobotsOnWhiteSite
26244,25,18
timeStep,numberOfRobotsOnBlackSite,numberOfRobotsOnWhiteSite
26245,25,18
timeStep,numberOfRobotsOnBlackSite,numberOfRobotsOnWhiteSite
26246,25,18
timeStep,numberOfRobotsOnBlackSite,numberOfRobotsOnWhiteSite
26247,25,18
timeStep,numberOfRobotsOnBlackSite,numberOfRobotsOnWhiteSite
26248,25,18
timeStep,numberOfRobotsOnBlackSite,numberOfRobotsOnWhiteSite
26249,25,18
timeStep,numberOfRobotsOnBlackSite,numberOfRobotsOnWhiteSite
26250,25,18
timeStep,numberOfRobotsOnBlackSite,numberOfRobotsOnWhiteSite
26251,25,18
timeStep,numberOfRobotsOnBlackSite,numberOfRobotsOnWhiteSite
26252,25,18
timeStep,numberOfRobotsOnBlackSite,numberOfRobotsOnWhiteSite
26253,25,18
timeStep,numberOfRobotsOnBlackSite,numberOfRobotsOnWhiteSite
26254,25,18
timeStep,numberOfRobotsOnBlackSite,numberOfRobotsOnWhiteSite
26255,25,18
timeStep,numberOfRobotsOnBlackSite,numberOfRobotsOnWhiteSite
26256,25,18
timeStep,numberOfRobotsOnBlackSite,numberOfRobotsOnWhiteSite
26257,25,18
timeStep,numberOfRobotsOnBlackSite,numberOfRobotsOnWhiteSite
26258,25,18
timeStep,numberOfRobotsOnBlackSite,numberOfRobotsOnWhiteSite
26259,25,18
timeStep,numberOfRobotsOnBlackSite,numberOfRobotsOnWhiteSite
26260,25,18
timeStep,numberOfRobotsOnBlackSite,numberOfRobotsOnWhiteSite
26261,25,18
timeStep,numberOfRobotsOnBlackSite,numberOfRobotsOnWhiteSite
26262,25,18
timeStep,numberOfRobotsOnBlackSite,numberOfRobotsOnWhiteSite
26263,25,18
timeStep,numberOfRobotsOnBlackSite,numberOfRobotsOnWhiteSite
26264,25,18
timeStep,numberOfRobotsOnBlackSite,numberOfRobotsOnWhiteSite
26265,25,18
timeStep,numberOfRobotsOnBlackSite,numberOfRobotsOnWhiteSite
26266,25,18
timeStep,numberOfRobotsOnBlackSite,numberOfRobotsOnWhiteSite
26267,25,18
timeStep,numberOfRobotsOnBlackSite,numberOfRobotsOnWhiteSite
26268,25,18
timeStep,numberOfRobotsOnBlackSite,numberOfRobotsOnWhiteSite
26269,25,18
timeStep,numberOfRobotsOnBlackSite,numberOfRobotsOnWhiteSite
26270,25,17
timeStep,numberOfRobotsOnBlackSite,numberOfRobotsOnWhiteSite
26271,25,17
timeStep,numberOfRobotsOnBlackSite,numberOfRobotsOnWhiteSite
26272,25,17
timeStep,numberOfRobotsOnBlackSite,numberOfRobotsOnWhiteSite
26273,25,17
timeStep,numberOfRobotsOnBlackSite,numberOfRobotsOnWhiteSite
26274,25,17
timeStep,numberOfRobotsOnBlackSite,numberOfRobotsOnWhiteSite
26275,25,17
timeStep,numberOfRobotsOnBlackSite,numberOfRobotsOnWhiteSite
26276,25,17
timeStep,numberOfRobotsOnBlackSite,numberOfRobotsOnWhiteSite
26277,25,17
timeStep,numberOfRobotsOnBlackSite,numberOfRobotsOnWhiteSite
26278,25,17
timeStep,numberOfRobotsOnBlackSite,numberOfRobotsOnWhiteSite
26279,25,17
timeStep,numberOfRobotsOnBlackSite,numberOfRobotsOnWhiteSite
26280,25,17
timeStep,numberOfRobotsOnBlackSite,numberOfRobotsOnWhiteSite
26281,25,17
timeStep,numberOfRobotsOnBlackSite,numberOfRobotsOnWhiteSite
26282,25,17
timeStep,numberOfRobotsOnBlackSite,numberOfRobotsOnWhiteSite
26283,25,17
timeStep,numberOfRobotsOnBlackSite,numberOfRobotsOnWhiteSite
26284,25,17
timeStep,numberOfRobotsOnBlackSite,numberOfRobotsOnWhiteSite
26285,25,17
timeStep,numberOfRobotsOnBlackSite,numberOfRobotsOnWhiteSite
26286,25,17
timeStep,numberOfRobotsOnBlackSite,numberOfRobotsOnWhiteSite
26287,25,17
timeStep,numberOfRobotsOnBlackSite,numberOfRobotsOnWhiteSite
26288,25,17
timeStep,numberOfRobotsOnBlackSite,numberOfRobotsOnWhiteSite
26289,25,17
timeStep,numberOfRobotsOnBlackSite,numberOfRobotsOnWhiteSite
26290,25,17
timeStep,numberOfRobotsOnBlackSite,numberOfRobotsOnWhiteSite
26291,25,17
timeStep,numberOfRobotsOnBlackSite,numberOfRobotsOnWhiteSite
26292,25,17
timeStep,numberOfRobotsOnBlackSite,numberOfRobotsOnWhiteSite
26293,25,17
timeStep,numberOfRobotsOnBlackSite,numberOfRobotsOnWhiteSite
26294,25,17
timeStep,numberOfRobotsOnBlackSite,numberOfRobotsOnWhiteSite
26295,25,17
timeStep,numberOfRobotsOnBlackSite,numberOfRobotsOnWhiteSite
26296,25,17
timeStep,numberOfRobotsOnBlackSite,numberOfRobotsOnWhiteSite
26297,25,17
timeStep,numberOfRobotsOnBlackSite,numberOfRobotsOnWhiteSite
26298,25,17
timeStep,numberOfRobotsOnBlackSite,numberOfRobotsOnWhiteSite
26299,25,17
timeStep,numberOfRobotsOnBlackSite,numberOfRobotsOnWhiteSite
26300,25,17
timeStep,numberOfRobotsOnBlackSite,numberOfRobotsOnWhiteSite
26301,25,17
timeStep,numberOfRobotsOnBlackSite,numberOfRobotsOnWhiteSite
26302,25,17
timeStep,numberOfRobotsOnBlackSite,numberOfRobotsOnWhiteSite
26303,25,17
timeStep,numberOfRobotsOnBlackSite,numberOfRobotsOnWhiteSite
26304,25,17
timeStep,numberOfRobotsOnBlackSite,numberOfRobotsOnWhiteSite
26305,25,17
timeStep,numberOfRobotsOnBlackSite,numberOfRobotsOnWhiteSite
26306,25,17
timeStep,numberOfRobotsOnBlackSite,numberOfRobotsOnWhiteSite
26307,25,17
timeStep,numberOfRobotsOnBlackSite,numberOfRobotsOnWhiteSite
26308,25,17
timeStep,numberOfRobotsOnBlackSite,numberOfRobotsOnWhiteSite
26309,25,17
timeStep,numberOfRobotsOnBlackSite,numberOfRobotsOnWhiteSite
26310,25,17
timeStep,numberOfRobotsOnBlackSite,numberOfRobotsOnWhiteSite
26311,25,17
timeStep,numberOfRobotsOnBlackSite,numberOfRobotsOnWhiteSite
26312,25,17
timeStep,numberOfRobotsOnBlackSite,numberOfRobotsOnWhiteSite
26313,25,17
timeStep,numberOfRobotsOnBlackSite,numberOfRobotsOnWhiteSite
26314,25,17
timeStep,numberOfRobotsOnBlackSite,numberOfRobotsOnWhiteSite
26315,25,17
timeStep,numberOfRobotsOnBlackSite,numberOfRobotsOnWhiteSite
26316,25,17
timeStep,numberOfRobotsOnBlackSite,numberOfRobotsOnWhiteSite
26317,25,17
timeStep,numberOfRobotsOnBlackSite,numberOfRobotsOnWhiteSite
26318,25,17
timeStep,numberOfRobotsOnBlackSite,numberOfRobotsOnWhiteSite
26319,25,17
timeStep,numberOfRobotsOnBlackSite,numberOfRobotsOnWhiteSite
26320,25,17
timeStep,numberOfRobotsOnBlackSite,numberOfRobotsOnWhiteSite
26321,25,17
timeStep,numberOfRobotsOnBlackSite,numberOfRobotsOnWhiteSite
26322,25,17
timeStep,numberOfRobotsOnBlackSite,numberOfRobotsOnWhiteSite
26323,25,17
timeStep,numberOfRobotsOnBlackSite,numberOfRobotsOnWhiteSite
26324,25,17
timeStep,numberOfRobotsOnBlackSite,numberOfRobotsOnWhiteSite
26325,25,17
timeStep,numberOfRobotsOnBlackSite,numberOfRobotsOnWhiteSite
26326,25,17
timeStep,numberOfRobotsOnBlackSite,numberOfRobotsOnWhiteSite
26327,25,17
timeStep,numberOfRobotsOnBlackSite,numberOfRobotsOnWhiteSite
26328,25,17
timeStep,numberOfRobotsOnBlackSite,numberOfRobotsOnWhiteSite
26329,25,17
timeStep,numberOfRobotsOnBlackSite,numberOfRobotsOnWhiteSite
26330,25,17
timeStep,numberOfRobotsOnBlackSite,numberOfRobotsOnWhiteSite
26331,25,17
timeStep,numberOfRobotsOnBlackSite,numberOfRobotsOnWhiteSite
26332,25,17
timeStep,numberOfRobotsOnBlackSite,numberOfRobotsOnWhiteSite
26333,25,17
timeStep,numberOfRobotsOnBlackSite,numberOfRobotsOnWhiteSite
26334,25,17
timeStep,numberOfRobotsOnBlackSite,numberOfRobotsOnWhiteSite
26335,25,17
timeStep,numberOfRobotsOnBlackSite,numberOfRobotsOnWhiteSite
26336,25,17
timeStep,numberOfRobotsOnBlackSite,numberOfRobotsOnWhiteSite
26337,25,17
timeStep,numberOfRobotsOnBlackSite,numberOfRobotsOnWhiteSite
26338,25,17
timeStep,numberOfRobotsOnBlackSite,numberOfRobotsOnWhiteSite
26339,25,17
timeStep,numberOfRobotsOnBlackSite,numberOfRobotsOnWhiteSite
26340,25,17
timeStep,numberOfRobotsOnBlackSite,numberOfRobotsOnWhiteSite
26341,25,17
timeStep,numberOfRobotsOnBlackSite,numberOfRobotsOnWhiteSite
26342,25,17
timeStep,numberOfRobotsOnBlackSite,numberOfRobotsOnWhiteSite
26343,25,17
timeStep,numberOfRobotsOnBlackSite,numberOfRobotsOnWhiteSite
26344,25,17
timeStep,numberOfRobotsOnBlackSite,numberOfRobotsOnWhiteSite
26345,25,17
timeStep,numberOfRobotsOnBlackSite,numberOfRobotsOnWhiteSite
26346,25,17
timeStep,numberOfRobotsOnBlackSite,numberOfRobotsOnWhiteSite
26347,25,17
timeStep,numberOfRobotsOnBlackSite,numberOfRobotsOnWhiteSite
26348,25,17
timeStep,numberOfRobotsOnBlackSite,numberOfRobotsOnWhiteSite
26349,25,17
timeStep,numberOfRobotsOnBlackSite,numberOfRobotsOnWhiteSite
26350,25,17
timeStep,numberOfRobotsOnBlackSite,numberOfRobotsOnWhiteSite
26351,25,17
timeStep,numberOfRobotsOnBlackSite,numberOfRobotsOnWhiteSite
26352,25,17
timeStep,numberOfRobotsOnBlackSite,numberOfRobotsOnWhiteSite
26353,25,17
timeStep,numberOfRobotsOnBlackSite,numberOfRobotsOnWhiteSite
26354,25,17
timeStep,numberOfRobotsOnBlackSite,numberOfRobotsOnWhiteSite
26355,25,17
timeStep,numberOfRobotsOnBlackSite,numberOfRobotsOnWhiteSite
26356,25,17
timeStep,numberOfRobotsOnBlackSite,numberOfRobotsOnWhiteSite
26357,25,17
timeStep,numberOfRobotsOnBlackSite,numberOfRobotsOnWhiteSite
26358,25,17
timeStep,numberOfRobotsOnBlackSite,numberOfRobotsOnWhiteSite
26359,25,17
timeStep,numberOfRobotsOnBlackSite,numberOfRobotsOnWhiteSite
26360,25,17
timeStep,numberOfRobotsOnBlackSite,numberOfRobotsOnWhiteSite
26361,25,17
timeStep,numberOfRobotsOnBlackSite,numberOfRobotsOnWhiteSite
26362,25,17
timeStep,numberOfRobotsOnBlackSite,numberOfRobotsOnWhiteSite
26363,25,17
timeStep,numberOfRobotsOnBlackSite,numberOfRobotsOnWhiteSite
26364,25,17
timeStep,numberOfRobotsOnBlackSite,numberOfRobotsOnWhiteSite
26365,25,17
timeStep,numberOfRobotsOnBlackSite,numberOfRobotsOnWhiteSite
26366,25,17
timeStep,numberOfRobotsOnBlackSite,numberOfRobotsOnWhiteSite
26367,25,17
timeStep,numberOfRobotsOnBlackSite,numberOfRobotsOnWhiteSite
26368,25,17
timeStep,numberOfRobotsOnBlackSite,numberOfRobotsOnWhiteSite
26369,25,17
timeStep,numberOfRobotsOnBlackSite,numberOfRobotsOnWhiteSite
26370,25,17
timeStep,numberOfRobotsOnBlackSite,numberOfRobotsOnWhiteSite
26371,25,17
timeStep,numberOfRobotsOnBlackSite,numberOfRobotsOnWhiteSite
26372,25,17
timeStep,numberOfRobotsOnBlackSite,numberOfRobotsOnWhiteSite
26373,25,17
timeStep,numberOfRobotsOnBlackSite,numberOfRobotsOnWhiteSite
26374,25,17
timeStep,numberOfRobotsOnBlackSite,numberOfRobotsOnWhiteSite
26375,25,17
timeStep,numberOfRobotsOnBlackSite,numberOfRobotsOnWhiteSite
26376,25,17
timeStep,numberOfRobotsOnBlackSite,numberOfRobotsOnWhiteSite
26377,25,17
timeStep,numberOfRobotsOnBlackSite,numberOfRobotsOnWhiteSite
26378,25,17
timeStep,numberOfRobotsOnBlackSite,numberOfRobotsOnWhiteSite
26379,25,17
timeStep,numberOfRobotsOnBlackSite,numberOfRobotsOnWhiteSite
26380,25,17
timeStep,numberOfRobotsOnBlackSite,numberOfRobotsOnWhiteSite
26381,25,17
timeStep,numberOfRobotsOnBlackSite,numberOfRobotsOnWhiteSite
26382,25,17
timeStep,numberOfRobotsOnBlackSite,numberOfRobotsOnWhiteSite
26383,25,17
timeStep,numberOfRobotsOnBlackSite,numberOfRobotsOnWhiteSite
26384,25,17
timeStep,numberOfRobotsOnBlackSite,numberOfRobotsOnWhiteSite
26385,25,17
timeStep,numberOfRobotsOnBlackSite,numberOfRobotsOnWhiteSite
26386,25,17
timeStep,numberOfRobotsOnBlackSite,numberOfRobotsOnWhiteSite
26387,25,17
timeStep,numberOfRobotsOnBlackSite,numberOfRobotsOnWhiteSite
26388,25,17
timeStep,numberOfRobotsOnBlackSite,numberOfRobotsOnWhiteSite
26389,25,17
timeStep,numberOfRobotsOnBlackSite,numberOfRobotsOnWhiteSite
26390,25,17
timeStep,numberOfRobotsOnBlackSite,numberOfRobotsOnWhiteSite
26391,25,17
timeStep,numberOfRobotsOnBlackSite,numberOfRobotsOnWhiteSite
26392,25,17
timeStep,numberOfRobotsOnBlackSite,numberOfRobotsOnWhiteSite
26393,25,17
timeStep,numberOfRobotsOnBlackSite,numberOfRobotsOnWhiteSite
26394,25,17
timeStep,numberOfRobotsOnBlackSite,numberOfRobotsOnWhiteSite
26395,25,17
timeStep,numberOfRobotsOnBlackSite,numberOfRobotsOnWhiteSite
26396,25,17
timeStep,numberOfRobotsOnBlackSite,numberOfRobotsOnWhiteSite
26397,25,17
timeStep,numberOfRobotsOnBlackSite,numberOfRobotsOnWhiteSite
26398,25,17
timeStep,numberOfRobotsOnBlackSite,numberOfRobotsOnWhiteSite
26399,25,17
timeStep,numberOfRobotsOnBlackSite,numberOfRobotsOnWhiteSite
26400,25,17
timeStep,numberOfRobotsOnBlackSite,numberOfRobotsOnWhiteSite
26401,25,17
timeStep,numberOfRobotsOnBlackSite,numberOfRobotsOnWhiteSite
26402,25,17
timeStep,numberOfRobotsOnBlackSite,numberOfRobotsOnWhiteSite
26403,25,17
timeStep,numberOfRobotsOnBlackSite,numberOfRobotsOnWhiteSite
26404,25,17
timeStep,numberOfRobotsOnBlackSite,numberOfRobotsOnWhiteSite
26405,25,17
timeStep,numberOfRobotsOnBlackSite,numberOfRobotsOnWhiteSite
26406,25,17
timeStep,numberOfRobotsOnBlackSite,numberOfRobotsOnWhiteSite
26407,25,17
timeStep,numberOfRobotsOnBlackSite,numberOfRobotsOnWhiteSite
26408,25,17
timeStep,numberOfRobotsOnBlackSite,numberOfRobotsOnWhiteSite
26409,25,17
timeStep,numberOfRobotsOnBlackSite,numberOfRobotsOnWhiteSite
26410,25,17
timeStep,numberOfRobotsOnBlackSite,numberOfRobotsOnWhiteSite
26411,25,17
timeStep,numberOfRobotsOnBlackSite,numberOfRobotsOnWhiteSite
26412,25,17
timeStep,numberOfRobotsOnBlackSite,numberOfRobotsOnWhiteSite
26413,25,17
timeStep,numberOfRobotsOnBlackSite,numberOfRobotsOnWhiteSite
26414,25,17
timeStep,numberOfRobotsOnBlackSite,numberOfRobotsOnWhiteSite
26415,25,17
timeStep,numberOfRobotsOnBlackSite,numberOfRobotsOnWhiteSite
26416,25,17
timeStep,numberOfRobotsOnBlackSite,numberOfRobotsOnWhiteSite
26417,25,17
timeStep,numberOfRobotsOnBlackSite,numberOfRobotsOnWhiteSite
26418,25,17
timeStep,numberOfRobotsOnBlackSite,numberOfRobotsOnWhiteSite
26419,25,17
timeStep,numberOfRobotsOnBlackSite,numberOfRobotsOnWhiteSite
26420,25,17
timeStep,numberOfRobotsOnBlackSite,numberOfRobotsOnWhiteSite
26421,25,17
timeStep,numberOfRobotsOnBlackSite,numberOfRobotsOnWhiteSite
26422,25,17
timeStep,numberOfRobotsOnBlackSite,numberOfRobotsOnWhiteSite
26423,25,17
timeStep,numberOfRobotsOnBlackSite,numberOfRobotsOnWhiteSite
26424,25,17
timeStep,numberOfRobotsOnBlackSite,numberOfRobotsOnWhiteSite
26425,25,17
timeStep,numberOfRobotsOnBlackSite,numberOfRobotsOnWhiteSite
26426,25,17
timeStep,numberOfRobotsOnBlackSite,numberOfRobotsOnWhiteSite
26427,25,17
timeStep,numberOfRobotsOnBlackSite,numberOfRobotsOnWhiteSite
26428,25,17
timeStep,numberOfRobotsOnBlackSite,numberOfRobotsOnWhiteSite
26429,25,17
timeStep,numberOfRobotsOnBlackSite,numberOfRobotsOnWhiteSite
26430,25,17
timeStep,numberOfRobotsOnBlackSite,numberOfRobotsOnWhiteSite
26431,25,17
timeStep,numberOfRobotsOnBlackSite,numberOfRobotsOnWhiteSite
26432,25,17
timeStep,numberOfRobotsOnBlackSite,numberOfRobotsOnWhiteSite
26433,25,17
timeStep,numberOfRobotsOnBlackSite,numberOfRobotsOnWhiteSite
26434,25,17
timeStep,numberOfRobotsOnBlackSite,numberOfRobotsOnWhiteSite
26435,25,17
timeStep,numberOfRobotsOnBlackSite,numberOfRobotsOnWhiteSite
26436,25,17
timeStep,numberOfRobotsOnBlackSite,numberOfRobotsOnWhiteSite
26437,25,17
timeStep,numberOfRobotsOnBlackSite,numberOfRobotsOnWhiteSite
26438,25,17
timeStep,numberOfRobotsOnBlackSite,numberOfRobotsOnWhiteSite
26439,25,17
timeStep,numberOfRobotsOnBlackSite,numberOfRobotsOnWhiteSite
26440,25,17
timeStep,numberOfRobotsOnBlackSite,numberOfRobotsOnWhiteSite
26441,25,17
timeStep,numberOfRobotsOnBlackSite,numberOfRobotsOnWhiteSite
26442,25,17
timeStep,numberOfRobotsOnBlackSite,numberOfRobotsOnWhiteSite
26443,25,17
timeStep,numberOfRobotsOnBlackSite,numberOfRobotsOnWhiteSite
26444,25,17
timeStep,numberOfRobotsOnBlackSite,numberOfRobotsOnWhiteSite
26445,25,17
timeStep,numberOfRobotsOnBlackSite,numberOfRobotsOnWhiteSite
26446,25,17
timeStep,numberOfRobotsOnBlackSite,numberOfRobotsOnWhiteSite
26447,25,17
timeStep,numberOfRobotsOnBlackSite,numberOfRobotsOnWhiteSite
26448,25,17
timeStep,numberOfRobotsOnBlackSite,numberOfRobotsOnWhiteSite
26449,25,17
timeStep,numberOfRobotsOnBlackSite,numberOfRobotsOnWhiteSite
26450,25,16
timeStep,numberOfRobotsOnBlackSite,numberOfRobotsOnWhiteSite
26451,25,16
timeStep,numberOfRobotsOnBlackSite,numberOfRobotsOnWhiteSite
26452,25,16
timeStep,numberOfRobotsOnBlackSite,numberOfRobotsOnWhiteSite
26453,25,16
timeStep,numberOfRobotsOnBlackSite,numberOfRobotsOnWhiteSite
26454,25,16
timeStep,numberOfRobotsOnBlackSite,numberOfRobotsOnWhiteSite
26455,25,16
timeStep,numberOfRobotsOnBlackSite,numberOfRobotsOnWhiteSite
26456,25,16
timeStep,numberOfRobotsOnBlackSite,numberOfRobotsOnWhiteSite
26457,25,16
timeStep,numberOfRobotsOnBlackSite,numberOfRobotsOnWhiteSite
26458,25,16
timeStep,numberOfRobotsOnBlackSite,numberOfRobotsOnWhiteSite
26459,25,16
timeStep,numberOfRobotsOnBlackSite,numberOfRobotsOnWhiteSite
26460,25,17
timeStep,numberOfRobotsOnBlackSite,numberOfRobotsOnWhiteSite
26461,25,17
timeStep,numberOfRobotsOnBlackSite,numberOfRobotsOnWhiteSite
26462,25,17
timeStep,numberOfRobotsOnBlackSite,numberOfRobotsOnWhiteSite
26463,25,17
timeStep,numberOfRobotsOnBlackSite,numberOfRobotsOnWhiteSite
26464,25,17
timeStep,numberOfRobotsOnBlackSite,numberOfRobotsOnWhiteSite
26465,25,17
timeStep,numberOfRobotsOnBlackSite,numberOfRobotsOnWhiteSite
26466,25,17
timeStep,numberOfRobotsOnBlackSite,numberOfRobotsOnWhiteSite
26467,25,17
timeStep,numberOfRobotsOnBlackSite,numberOfRobotsOnWhiteSite
26468,25,17
timeStep,numberOfRobotsOnBlackSite,numberOfRobotsOnWhiteSite
26469,25,17
timeStep,numberOfRobotsOnBlackSite,numberOfRobotsOnWhiteSite
26470,25,17
timeStep,numberOfRobotsOnBlackSite,numberOfRobotsOnWhiteSite
26471,25,17
timeStep,numberOfRobotsOnBlackSite,numberOfRobotsOnWhiteSite
26472,25,17
timeStep,numberOfRobotsOnBlackSite,numberOfRobotsOnWhiteSite
26473,25,17
timeStep,numberOfRobotsOnBlackSite,numberOfRobotsOnWhiteSite
26474,25,17
timeStep,numberOfRobotsOnBlackSite,numberOfRobotsOnWhiteSite
26475,25,17
timeStep,numberOfRobotsOnBlackSite,numberOfRobotsOnWhiteSite
26476,25,17
timeStep,numberOfRobotsOnBlackSite,numberOfRobotsOnWhiteSite
26477,25,17
timeStep,numberOfRobotsOnBlackSite,numberOfRobotsOnWhiteSite
26478,25,17
timeStep,numberOfRobotsOnBlackSite,numberOfRobotsOnWhiteSite
26479,25,17
timeStep,numberOfRobotsOnBlackSite,numberOfRobotsOnWhiteSite
26480,25,17
timeStep,numberOfRobotsOnBlackSite,numberOfRobotsOnWhiteSite
26481,25,17
timeStep,numberOfRobotsOnBlackSite,numberOfRobotsOnWhiteSite
26482,25,17
timeStep,numberOfRobotsOnBlackSite,numberOfRobotsOnWhiteSite
26483,25,17
timeStep,numberOfRobotsOnBlackSite,numberOfRobotsOnWhiteSite
26484,25,17
timeStep,numberOfRobotsOnBlackSite,numberOfRobotsOnWhiteSite
26485,25,17
timeStep,numberOfRobotsOnBlackSite,numberOfRobotsOnWhiteSite
26486,25,17
timeStep,numberOfRobotsOnBlackSite,numberOfRobotsOnWhiteSite
26487,25,17
timeStep,numberOfRobotsOnBlackSite,numberOfRobotsOnWhiteSite
26488,25,17
timeStep,numberOfRobotsOnBlackSite,numberOfRobotsOnWhiteSite
26489,25,17
timeStep,numberOfRobotsOnBlackSite,numberOfRobotsOnWhiteSite
26490,25,17
timeStep,numberOfRobotsOnBlackSite,numberOfRobotsOnWhiteSite
26491,25,17
timeStep,numberOfRobotsOnBlackSite,numberOfRobotsOnWhiteSite
26492,25,17
timeStep,numberOfRobotsOnBlackSite,numberOfRobotsOnWhiteSite
26493,25,17
timeStep,numberOfRobotsOnBlackSite,numberOfRobotsOnWhiteSite
26494,25,17
timeStep,numberOfRobotsOnBlackSite,numberOfRobotsOnWhiteSite
26495,25,17
timeStep,numberOfRobotsOnBlackSite,numberOfRobotsOnWhiteSite
26496,25,17
timeStep,numberOfRobotsOnBlackSite,numberOfRobotsOnWhiteSite
26497,25,17
timeStep,numberOfRobotsOnBlackSite,numberOfRobotsOnWhiteSite
26498,25,17
timeStep,numberOfRobotsOnBlackSite,numberOfRobotsOnWhiteSite
26499,25,17
timeStep,numberOfRobotsOnBlackSite,numberOfRobotsOnWhiteSite
26500,25,17
timeStep,numberOfRobotsOnBlackSite,numberOfRobotsOnWhiteSite
26501,25,17
timeStep,numberOfRobotsOnBlackSite,numberOfRobotsOnWhiteSite
26502,25,17
timeStep,numberOfRobotsOnBlackSite,numberOfRobotsOnWhiteSite
26503,25,17
timeStep,numberOfRobotsOnBlackSite,numberOfRobotsOnWhiteSite
26504,25,17
timeStep,numberOfRobotsOnBlackSite,numberOfRobotsOnWhiteSite
26505,25,18
timeStep,numberOfRobotsOnBlackSite,numberOfRobotsOnWhiteSite
26506,25,18
timeStep,numberOfRobotsOnBlackSite,numberOfRobotsOnWhiteSite
26507,25,18
timeStep,numberOfRobotsOnBlackSite,numberOfRobotsOnWhiteSite
26508,25,18
timeStep,numberOfRobotsOnBlackSite,numberOfRobotsOnWhiteSite
26509,25,18
timeStep,numberOfRobotsOnBlackSite,numberOfRobotsOnWhiteSite
26510,25,18
timeStep,numberOfRobotsOnBlackSite,numberOfRobotsOnWhiteSite
26511,25,18
timeStep,numberOfRobotsOnBlackSite,numberOfRobotsOnWhiteSite
26512,25,18
timeStep,numberOfRobotsOnBlackSite,numberOfRobotsOnWhiteSite
26513,25,18
timeStep,numberOfRobotsOnBlackSite,numberOfRobotsOnWhiteSite
26514,25,18
timeStep,numberOfRobotsOnBlackSite,numberOfRobotsOnWhiteSite
26515,25,18
timeStep,numberOfRobotsOnBlackSite,numberOfRobotsOnWhiteSite
26516,25,18
timeStep,numberOfRobotsOnBlackSite,numberOfRobotsOnWhiteSite
26517,25,18
timeStep,numberOfRobotsOnBlackSite,numberOfRobotsOnWhiteSite
26518,25,18
timeStep,numberOfRobotsOnBlackSite,numberOfRobotsOnWhiteSite
26519,25,18
timeStep,numberOfRobotsOnBlackSite,numberOfRobotsOnWhiteSite
26520,25,18
timeStep,numberOfRobotsOnBlackSite,numberOfRobotsOnWhiteSite
26521,25,18
timeStep,numberOfRobotsOnBlackSite,numberOfRobotsOnWhiteSite
26522,25,18
timeStep,numberOfRobotsOnBlackSite,numberOfRobotsOnWhiteSite
26523,25,18
timeStep,numberOfRobotsOnBlackSite,numberOfRobotsOnWhiteSite
26524,25,18
timeStep,numberOfRobotsOnBlackSite,numberOfRobotsOnWhiteSite
26525,25,18
timeStep,numberOfRobotsOnBlackSite,numberOfRobotsOnWhiteSite
26526,25,18
timeStep,numberOfRobotsOnBlackSite,numberOfRobotsOnWhiteSite
26527,25,18
timeStep,numberOfRobotsOnBlackSite,numberOfRobotsOnWhiteSite
26528,25,18
timeStep,numberOfRobotsOnBlackSite,numberOfRobotsOnWhiteSite
26529,25,18
timeStep,numberOfRobotsOnBlackSite,numberOfRobotsOnWhiteSite
26530,25,19
timeStep,numberOfRobotsOnBlackSite,numberOfRobotsOnWhiteSite
26531,25,19
timeStep,numberOfRobotsOnBlackSite,numberOfRobotsOnWhiteSite
26532,25,19
timeStep,numberOfRobotsOnBlackSite,numberOfRobotsOnWhiteSite
26533,25,19
timeStep,numberOfRobotsOnBlackSite,numberOfRobotsOnWhiteSite
26534,25,19
timeStep,numberOfRobotsOnBlackSite,numberOfRobotsOnWhiteSite
26535,25,19
timeStep,numberOfRobotsOnBlackSite,numberOfRobotsOnWhiteSite
26536,25,19
timeStep,numberOfRobotsOnBlackSite,numberOfRobotsOnWhiteSite
26537,25,19
timeStep,numberOfRobotsOnBlackSite,numberOfRobotsOnWhiteSite
26538,25,19
timeStep,numberOfRobotsOnBlackSite,numberOfRobotsOnWhiteSite
26539,25,19
timeStep,numberOfRobotsOnBlackSite,numberOfRobotsOnWhiteSite
26540,25,19
timeStep,numberOfRobotsOnBlackSite,numberOfRobotsOnWhiteSite
26541,25,19
timeStep,numberOfRobotsOnBlackSite,numberOfRobotsOnWhiteSite
26542,25,19
timeStep,numberOfRobotsOnBlackSite,numberOfRobotsOnWhiteSite
26543,25,19
timeStep,numberOfRobotsOnBlackSite,numberOfRobotsOnWhiteSite
26544,25,19
timeStep,numberOfRobotsOnBlackSite,numberOfRobotsOnWhiteSite
26545,25,19
timeStep,numberOfRobotsOnBlackSite,numberOfRobotsOnWhiteSite
26546,25,19
timeStep,numberOfRobotsOnBlackSite,numberOfRobotsOnWhiteSite
26547,25,19
timeStep,numberOfRobotsOnBlackSite,numberOfRobotsOnWhiteSite
26548,25,19
timeStep,numberOfRobotsOnBlackSite,numberOfRobotsOnWhiteSite
26549,25,19
timeStep,numberOfRobotsOnBlackSite,numberOfRobotsOnWhiteSite
26550,24,19
timeStep,numberOfRobotsOnBlackSite,numberOfRobotsOnWhiteSite
26551,24,19
timeStep,numberOfRobotsOnBlackSite,numberOfRobotsOnWhiteSite
26552,24,19
timeStep,numberOfRobotsOnBlackSite,numberOfRobotsOnWhiteSite
26553,24,19
timeStep,numberOfRobotsOnBlackSite,numberOfRobotsOnWhiteSite
26554,24,19
timeStep,numberOfRobotsOnBlackSite,numberOfRobotsOnWhiteSite
26555,24,19
timeStep,numberOfRobotsOnBlackSite,numberOfRobotsOnWhiteSite
26556,24,19
timeStep,numberOfRobotsOnBlackSite,numberOfRobotsOnWhiteSite
26557,24,19
timeStep,numberOfRobotsOnBlackSite,numberOfRobotsOnWhiteSite
26558,24,19
timeStep,numberOfRobotsOnBlackSite,numberOfRobotsOnWhiteSite
26559,24,19
timeStep,numberOfRobotsOnBlackSite,numberOfRobotsOnWhiteSite
26560,24,19
timeStep,numberOfRobotsOnBlackSite,numberOfRobotsOnWhiteSite
26561,24,19
timeStep,numberOfRobotsOnBlackSite,numberOfRobotsOnWhiteSite
26562,24,19
timeStep,numberOfRobotsOnBlackSite,numberOfRobotsOnWhiteSite
26563,24,19
timeStep,numberOfRobotsOnBlackSite,numberOfRobotsOnWhiteSite
26564,24,19
timeStep,numberOfRobotsOnBlackSite,numberOfRobotsOnWhiteSite
26565,24,19
timeStep,numberOfRobotsOnBlackSite,numberOfRobotsOnWhiteSite
26566,24,19
timeStep,numberOfRobotsOnBlackSite,numberOfRobotsOnWhiteSite
26567,24,19
timeStep,numberOfRobotsOnBlackSite,numberOfRobotsOnWhiteSite
26568,24,19
timeStep,numberOfRobotsOnBlackSite,numberOfRobotsOnWhiteSite
26569,24,19
timeStep,numberOfRobotsOnBlackSite,numberOfRobotsOnWhiteSite
26570,24,19
timeStep,numberOfRobotsOnBlackSite,numberOfRobotsOnWhiteSite
26571,24,19
timeStep,numberOfRobotsOnBlackSite,numberOfRobotsOnWhiteSite
26572,24,19
timeStep,numberOfRobotsOnBlackSite,numberOfRobotsOnWhiteSite
26573,24,19
timeStep,numberOfRobotsOnBlackSite,numberOfRobotsOnWhiteSite
26574,24,19
timeStep,numberOfRobotsOnBlackSite,numberOfRobotsOnWhiteSite
26575,24,19
timeStep,numberOfRobotsOnBlackSite,numberOfRobotsOnWhiteSite
26576,24,19
timeStep,numberOfRobotsOnBlackSite,numberOfRobotsOnWhiteSite
26577,24,19
timeStep,numberOfRobotsOnBlackSite,numberOfRobotsOnWhiteSite
26578,24,19
timeStep,numberOfRobotsOnBlackSite,numberOfRobotsOnWhiteSite
26579,24,19
timeStep,numberOfRobotsOnBlackSite,numberOfRobotsOnWhiteSite
26580,24,19
timeStep,numberOfRobotsOnBlackSite,numberOfRobotsOnWhiteSite
26581,24,19
timeStep,numberOfRobotsOnBlackSite,numberOfRobotsOnWhiteSite
26582,24,19
timeStep,numberOfRobotsOnBlackSite,numberOfRobotsOnWhiteSite
26583,24,19
timeStep,numberOfRobotsOnBlackSite,numberOfRobotsOnWhiteSite
26584,24,19
timeStep,numberOfRobotsOnBlackSite,numberOfRobotsOnWhiteSite
26585,24,19
timeStep,numberOfRobotsOnBlackSite,numberOfRobotsOnWhiteSite
26586,24,19
timeStep,numberOfRobotsOnBlackSite,numberOfRobotsOnWhiteSite
26587,24,19
timeStep,numberOfRobotsOnBlackSite,numberOfRobotsOnWhiteSite
26588,24,19
timeStep,numberOfRobotsOnBlackSite,numberOfRobotsOnWhiteSite
26589,24,19
timeStep,numberOfRobotsOnBlackSite,numberOfRobotsOnWhiteSite
26590,24,19
timeStep,numberOfRobotsOnBlackSite,numberOfRobotsOnWhiteSite
26591,24,19
timeStep,numberOfRobotsOnBlackSite,numberOfRobotsOnWhiteSite
26592,24,19
timeStep,numberOfRobotsOnBlackSite,numberOfRobotsOnWhiteSite
26593,24,19
timeStep,numberOfRobotsOnBlackSite,numberOfRobotsOnWhiteSite
26594,24,19
timeStep,numberOfRobotsOnBlackSite,numberOfRobotsOnWhiteSite
26595,24,19
timeStep,numberOfRobotsOnBlackSite,numberOfRobotsOnWhiteSite
26596,24,19
timeStep,numberOfRobotsOnBlackSite,numberOfRobotsOnWhiteSite
26597,24,19
timeStep,numberOfRobotsOnBlackSite,numberOfRobotsOnWhiteSite
26598,24,19
timeStep,numberOfRobotsOnBlackSite,numberOfRobotsOnWhiteSite
26599,24,19
timeStep,numberOfRobotsOnBlackSite,numberOfRobotsOnWhiteSite
26600,24,19
timeStep,numberOfRobotsOnBlackSite,numberOfRobotsOnWhiteSite
26601,24,19
timeStep,numberOfRobotsOnBlackSite,numberOfRobotsOnWhiteSite
26602,24,19
timeStep,numberOfRobotsOnBlackSite,numberOfRobotsOnWhiteSite
26603,24,19
timeStep,numberOfRobotsOnBlackSite,numberOfRobotsOnWhiteSite
26604,24,19
timeStep,numberOfRobotsOnBlackSite,numberOfRobotsOnWhiteSite
26605,24,19
timeStep,numberOfRobotsOnBlackSite,numberOfRobotsOnWhiteSite
26606,24,19
timeStep,numberOfRobotsOnBlackSite,numberOfRobotsOnWhiteSite
26607,24,19
timeStep,numberOfRobotsOnBlackSite,numberOfRobotsOnWhiteSite
26608,24,19
timeStep,numberOfRobotsOnBlackSite,numberOfRobotsOnWhiteSite
26609,24,19
timeStep,numberOfRobotsOnBlackSite,numberOfRobotsOnWhiteSite
26610,24,19
timeStep,numberOfRobotsOnBlackSite,numberOfRobotsOnWhiteSite
26611,24,19
timeStep,numberOfRobotsOnBlackSite,numberOfRobotsOnWhiteSite
26612,24,19
timeStep,numberOfRobotsOnBlackSite,numberOfRobotsOnWhiteSite
26613,24,19
timeStep,numberOfRobotsOnBlackSite,numberOfRobotsOnWhiteSite
26614,24,19
timeStep,numberOfRobotsOnBlackSite,numberOfRobotsOnWhiteSite
26615,24,19
timeStep,numberOfRobotsOnBlackSite,numberOfRobotsOnWhiteSite
26616,24,19
timeStep,numberOfRobotsOnBlackSite,numberOfRobotsOnWhiteSite
26617,24,19
timeStep,numberOfRobotsOnBlackSite,numberOfRobotsOnWhiteSite
26618,24,19
timeStep,numberOfRobotsOnBlackSite,numberOfRobotsOnWhiteSite
26619,24,19
timeStep,numberOfRobotsOnBlackSite,numberOfRobotsOnWhiteSite
26620,24,19
timeStep,numberOfRobotsOnBlackSite,numberOfRobotsOnWhiteSite
26621,24,19
timeStep,numberOfRobotsOnBlackSite,numberOfRobotsOnWhiteSite
26622,24,19
timeStep,numberOfRobotsOnBlackSite,numberOfRobotsOnWhiteSite
26623,24,19
timeStep,numberOfRobotsOnBlackSite,numberOfRobotsOnWhiteSite
26624,24,19
timeStep,numberOfRobotsOnBlackSite,numberOfRobotsOnWhiteSite
26625,24,19
timeStep,numberOfRobotsOnBlackSite,numberOfRobotsOnWhiteSite
26626,24,19
timeStep,numberOfRobotsOnBlackSite,numberOfRobotsOnWhiteSite
26627,24,19
timeStep,numberOfRobotsOnBlackSite,numberOfRobotsOnWhiteSite
26628,24,19
timeStep,numberOfRobotsOnBlackSite,numberOfRobotsOnWhiteSite
26629,24,19
timeStep,numberOfRobotsOnBlackSite,numberOfRobotsOnWhiteSite
26630,24,19
timeStep,numberOfRobotsOnBlackSite,numberOfRobotsOnWhiteSite
26631,24,19
timeStep,numberOfRobotsOnBlackSite,numberOfRobotsOnWhiteSite
26632,24,19
timeStep,numberOfRobotsOnBlackSite,numberOfRobotsOnWhiteSite
26633,24,19
timeStep,numberOfRobotsOnBlackSite,numberOfRobotsOnWhiteSite
26634,24,19
timeStep,numberOfRobotsOnBlackSite,numberOfRobotsOnWhiteSite
26635,24,19
timeStep,numberOfRobotsOnBlackSite,numberOfRobotsOnWhiteSite
26636,24,19
timeStep,numberOfRobotsOnBlackSite,numberOfRobotsOnWhiteSite
26637,24,19
timeStep,numberOfRobotsOnBlackSite,numberOfRobotsOnWhiteSite
26638,24,19
timeStep,numberOfRobotsOnBlackSite,numberOfRobotsOnWhiteSite
26639,24,19
timeStep,numberOfRobotsOnBlackSite,numberOfRobotsOnWhiteSite
26640,24,19
timeStep,numberOfRobotsOnBlackSite,numberOfRobotsOnWhiteSite
26641,24,19
timeStep,numberOfRobotsOnBlackSite,numberOfRobotsOnWhiteSite
26642,24,19
timeStep,numberOfRobotsOnBlackSite,numberOfRobotsOnWhiteSite
26643,24,19
timeStep,numberOfRobotsOnBlackSite,numberOfRobotsOnWhiteSite
26644,24,19
timeStep,numberOfRobotsOnBlackSite,numberOfRobotsOnWhiteSite
26645,24,19
timeStep,numberOfRobotsOnBlackSite,numberOfRobotsOnWhiteSite
26646,24,19
timeStep,numberOfRobotsOnBlackSite,numberOfRobotsOnWhiteSite
26647,24,19
timeStep,numberOfRobotsOnBlackSite,numberOfRobotsOnWhiteSite
26648,24,19
timeStep,numberOfRobotsOnBlackSite,numberOfRobotsOnWhiteSite
26649,24,19
timeStep,numberOfRobotsOnBlackSite,numberOfRobotsOnWhiteSite
26650,24,19
timeStep,numberOfRobotsOnBlackSite,numberOfRobotsOnWhiteSite
26651,24,19
timeStep,numberOfRobotsOnBlackSite,numberOfRobotsOnWhiteSite
26652,24,19
timeStep,numberOfRobotsOnBlackSite,numberOfRobotsOnWhiteSite
26653,24,19
timeStep,numberOfRobotsOnBlackSite,numberOfRobotsOnWhiteSite
26654,24,19
timeStep,numberOfRobotsOnBlackSite,numberOfRobotsOnWhiteSite
26655,24,19
timeStep,numberOfRobotsOnBlackSite,numberOfRobotsOnWhiteSite
26656,24,19
timeStep,numberOfRobotsOnBlackSite,numberOfRobotsOnWhiteSite
26657,24,19
timeStep,numberOfRobotsOnBlackSite,numberOfRobotsOnWhiteSite
26658,24,19
timeStep,numberOfRobotsOnBlackSite,numberOfRobotsOnWhiteSite
26659,24,19
timeStep,numberOfRobotsOnBlackSite,numberOfRobotsOnWhiteSite
26660,24,19
timeStep,numberOfRobotsOnBlackSite,numberOfRobotsOnWhiteSite
26661,24,19
timeStep,numberOfRobotsOnBlackSite,numberOfRobotsOnWhiteSite
26662,24,19
timeStep,numberOfRobotsOnBlackSite,numberOfRobotsOnWhiteSite
26663,24,19
timeStep,numberOfRobotsOnBlackSite,numberOfRobotsOnWhiteSite
26664,24,19
timeStep,numberOfRobotsOnBlackSite,numberOfRobotsOnWhiteSite
26665,24,19
timeStep,numberOfRobotsOnBlackSite,numberOfRobotsOnWhiteSite
26666,24,19
timeStep,numberOfRobotsOnBlackSite,numberOfRobotsOnWhiteSite
26667,24,19
timeStep,numberOfRobotsOnBlackSite,numberOfRobotsOnWhiteSite
26668,24,19
timeStep,numberOfRobotsOnBlackSite,numberOfRobotsOnWhiteSite
26669,24,19
timeStep,numberOfRobotsOnBlackSite,numberOfRobotsOnWhiteSite
26670,24,19
timeStep,numberOfRobotsOnBlackSite,numberOfRobotsOnWhiteSite
26671,24,19
timeStep,numberOfRobotsOnBlackSite,numberOfRobotsOnWhiteSite
26672,24,19
timeStep,numberOfRobotsOnBlackSite,numberOfRobotsOnWhiteSite
26673,24,19
timeStep,numberOfRobotsOnBlackSite,numberOfRobotsOnWhiteSite
26674,24,19
timeStep,numberOfRobotsOnBlackSite,numberOfRobotsOnWhiteSite
26675,24,19
timeStep,numberOfRobotsOnBlackSite,numberOfRobotsOnWhiteSite
26676,24,19
timeStep,numberOfRobotsOnBlackSite,numberOfRobotsOnWhiteSite
26677,24,19
timeStep,numberOfRobotsOnBlackSite,numberOfRobotsOnWhiteSite
26678,24,19
timeStep,numberOfRobotsOnBlackSite,numberOfRobotsOnWhiteSite
26679,24,19
timeStep,numberOfRobotsOnBlackSite,numberOfRobotsOnWhiteSite
26680,24,19
timeStep,numberOfRobotsOnBlackSite,numberOfRobotsOnWhiteSite
26681,24,19
timeStep,numberOfRobotsOnBlackSite,numberOfRobotsOnWhiteSite
26682,24,19
timeStep,numberOfRobotsOnBlackSite,numberOfRobotsOnWhiteSite
26683,24,19
timeStep,numberOfRobotsOnBlackSite,numberOfRobotsOnWhiteSite
26684,24,19
timeStep,numberOfRobotsOnBlackSite,numberOfRobotsOnWhiteSite
26685,24,19
timeStep,numberOfRobotsOnBlackSite,numberOfRobotsOnWhiteSite
26686,24,19
timeStep,numberOfRobotsOnBlackSite,numberOfRobotsOnWhiteSite
26687,24,19
timeStep,numberOfRobotsOnBlackSite,numberOfRobotsOnWhiteSite
26688,24,19
timeStep,numberOfRobotsOnBlackSite,numberOfRobotsOnWhiteSite
26689,24,19
timeStep,numberOfRobotsOnBlackSite,numberOfRobotsOnWhiteSite
26690,24,19
timeStep,numberOfRobotsOnBlackSite,numberOfRobotsOnWhiteSite
26691,24,19
timeStep,numberOfRobotsOnBlackSite,numberOfRobotsOnWhiteSite
26692,24,19
timeStep,numberOfRobotsOnBlackSite,numberOfRobotsOnWhiteSite
26693,24,19
timeStep,numberOfRobotsOnBlackSite,numberOfRobotsOnWhiteSite
26694,24,19
timeStep,numberOfRobotsOnBlackSite,numberOfRobotsOnWhiteSite
26695,24,19
timeStep,numberOfRobotsOnBlackSite,numberOfRobotsOnWhiteSite
26696,24,19
timeStep,numberOfRobotsOnBlackSite,numberOfRobotsOnWhiteSite
26697,24,19
timeStep,numberOfRobotsOnBlackSite,numberOfRobotsOnWhiteSite
26698,24,19
timeStep,numberOfRobotsOnBlackSite,numberOfRobotsOnWhiteSite
26699,24,19
timeStep,numberOfRobotsOnBlackSite,numberOfRobotsOnWhiteSite
26700,24,19
timeStep,numberOfRobotsOnBlackSite,numberOfRobotsOnWhiteSite
26701,24,19
timeStep,numberOfRobotsOnBlackSite,numberOfRobotsOnWhiteSite
26702,24,19
timeStep,numberOfRobotsOnBlackSite,numberOfRobotsOnWhiteSite
26703,24,19
timeStep,numberOfRobotsOnBlackSite,numberOfRobotsOnWhiteSite
26704,24,19
timeStep,numberOfRobotsOnBlackSite,numberOfRobotsOnWhiteSite
26705,24,19
timeStep,numberOfRobotsOnBlackSite,numberOfRobotsOnWhiteSite
26706,24,19
timeStep,numberOfRobotsOnBlackSite,numberOfRobotsOnWhiteSite
26707,24,19
timeStep,numberOfRobotsOnBlackSite,numberOfRobotsOnWhiteSite
26708,24,19
timeStep,numberOfRobotsOnBlackSite,numberOfRobotsOnWhiteSite
26709,24,19
timeStep,numberOfRobotsOnBlackSite,numberOfRobotsOnWhiteSite
26710,24,19
timeStep,numberOfRobotsOnBlackSite,numberOfRobotsOnWhiteSite
26711,24,19
timeStep,numberOfRobotsOnBlackSite,numberOfRobotsOnWhiteSite
26712,24,19
timeStep,numberOfRobotsOnBlackSite,numberOfRobotsOnWhiteSite
26713,24,19
timeStep,numberOfRobotsOnBlackSite,numberOfRobotsOnWhiteSite
26714,24,19
timeStep,numberOfRobotsOnBlackSite,numberOfRobotsOnWhiteSite
26715,24,19
timeStep,numberOfRobotsOnBlackSite,numberOfRobotsOnWhiteSite
26716,24,19
timeStep,numberOfRobotsOnBlackSite,numberOfRobotsOnWhiteSite
26717,24,19
timeStep,numberOfRobotsOnBlackSite,numberOfRobotsOnWhiteSite
26718,24,19
timeStep,numberOfRobotsOnBlackSite,numberOfRobotsOnWhiteSite
26719,24,19
timeStep,numberOfRobotsOnBlackSite,numberOfRobotsOnWhiteSite
26720,25,19
timeStep,numberOfRobotsOnBlackSite,numberOfRobotsOnWhiteSite
26721,25,19
timeStep,numberOfRobotsOnBlackSite,numberOfRobotsOnWhiteSite
26722,25,19
timeStep,numberOfRobotsOnBlackSite,numberOfRobotsOnWhiteSite
26723,25,19
timeStep,numberOfRobotsOnBlackSite,numberOfRobotsOnWhiteSite
26724,25,19
timeStep,numberOfRobotsOnBlackSite,numberOfRobotsOnWhiteSite
26725,25,19
timeStep,numberOfRobotsOnBlackSite,numberOfRobotsOnWhiteSite
26726,25,19
timeStep,numberOfRobotsOnBlackSite,numberOfRobotsOnWhiteSite
26727,25,19
timeStep,numberOfRobotsOnBlackSite,numberOfRobotsOnWhiteSite
26728,25,19
timeStep,numberOfRobotsOnBlackSite,numberOfRobotsOnWhiteSite
26729,25,19
timeStep,numberOfRobotsOnBlackSite,numberOfRobotsOnWhiteSite
26730,25,19
timeStep,numberOfRobotsOnBlackSite,numberOfRobotsOnWhiteSite
26731,25,19
timeStep,numberOfRobotsOnBlackSite,numberOfRobotsOnWhiteSite
26732,25,19
timeStep,numberOfRobotsOnBlackSite,numberOfRobotsOnWhiteSite
26733,25,19
timeStep,numberOfRobotsOnBlackSite,numberOfRobotsOnWhiteSite
26734,25,19
timeStep,numberOfRobotsOnBlackSite,numberOfRobotsOnWhiteSite
26735,25,19
timeStep,numberOfRobotsOnBlackSite,numberOfRobotsOnWhiteSite
26736,25,19
timeStep,numberOfRobotsOnBlackSite,numberOfRobotsOnWhiteSite
26737,25,19
timeStep,numberOfRobotsOnBlackSite,numberOfRobotsOnWhiteSite
26738,25,19
timeStep,numberOfRobotsOnBlackSite,numberOfRobotsOnWhiteSite
26739,25,19
timeStep,numberOfRobotsOnBlackSite,numberOfRobotsOnWhiteSite
26740,25,19
timeStep,numberOfRobotsOnBlackSite,numberOfRobotsOnWhiteSite
26741,25,19
timeStep,numberOfRobotsOnBlackSite,numberOfRobotsOnWhiteSite
26742,25,19
timeStep,numberOfRobotsOnBlackSite,numberOfRobotsOnWhiteSite
26743,25,19
timeStep,numberOfRobotsOnBlackSite,numberOfRobotsOnWhiteSite
26744,25,19
timeStep,numberOfRobotsOnBlackSite,numberOfRobotsOnWhiteSite
26745,25,19
timeStep,numberOfRobotsOnBlackSite,numberOfRobotsOnWhiteSite
26746,25,19
timeStep,numberOfRobotsOnBlackSite,numberOfRobotsOnWhiteSite
26747,25,19
timeStep,numberOfRobotsOnBlackSite,numberOfRobotsOnWhiteSite
26748,25,19
timeStep,numberOfRobotsOnBlackSite,numberOfRobotsOnWhiteSite
26749,25,19
timeStep,numberOfRobotsOnBlackSite,numberOfRobotsOnWhiteSite
26750,25,19
timeStep,numberOfRobotsOnBlackSite,numberOfRobotsOnWhiteSite
26751,25,19
timeStep,numberOfRobotsOnBlackSite,numberOfRobotsOnWhiteSite
26752,25,19
timeStep,numberOfRobotsOnBlackSite,numberOfRobotsOnWhiteSite
26753,25,19
timeStep,numberOfRobotsOnBlackSite,numberOfRobotsOnWhiteSite
26754,25,19
timeStep,numberOfRobotsOnBlackSite,numberOfRobotsOnWhiteSite
26755,25,19
timeStep,numberOfRobotsOnBlackSite,numberOfRobotsOnWhiteSite
26756,25,19
timeStep,numberOfRobotsOnBlackSite,numberOfRobotsOnWhiteSite
26757,25,19
timeStep,numberOfRobotsOnBlackSite,numberOfRobotsOnWhiteSite
26758,25,19
timeStep,numberOfRobotsOnBlackSite,numberOfRobotsOnWhiteSite
26759,25,19
timeStep,numberOfRobotsOnBlackSite,numberOfRobotsOnWhiteSite
26760,25,19
timeStep,numberOfRobotsOnBlackSite,numberOfRobotsOnWhiteSite
26761,25,19
timeStep,numberOfRobotsOnBlackSite,numberOfRobotsOnWhiteSite
26762,25,19
timeStep,numberOfRobotsOnBlackSite,numberOfRobotsOnWhiteSite
26763,25,19
timeStep,numberOfRobotsOnBlackSite,numberOfRobotsOnWhiteSite
26764,25,19
timeStep,numberOfRobotsOnBlackSite,numberOfRobotsOnWhiteSite
26765,25,19
timeStep,numberOfRobotsOnBlackSite,numberOfRobotsOnWhiteSite
26766,25,19
timeStep,numberOfRobotsOnBlackSite,numberOfRobotsOnWhiteSite
26767,25,19
timeStep,numberOfRobotsOnBlackSite,numberOfRobotsOnWhiteSite
26768,25,19
timeStep,numberOfRobotsOnBlackSite,numberOfRobotsOnWhiteSite
26769,25,19
timeStep,numberOfRobotsOnBlackSite,numberOfRobotsOnWhiteSite
26770,25,19
timeStep,numberOfRobotsOnBlackSite,numberOfRobotsOnWhiteSite
26771,25,19
timeStep,numberOfRobotsOnBlackSite,numberOfRobotsOnWhiteSite
26772,25,19
timeStep,numberOfRobotsOnBlackSite,numberOfRobotsOnWhiteSite
26773,25,19
timeStep,numberOfRobotsOnBlackSite,numberOfRobotsOnWhiteSite
26774,25,19
timeStep,numberOfRobotsOnBlackSite,numberOfRobotsOnWhiteSite
26775,25,19
timeStep,numberOfRobotsOnBlackSite,numberOfRobotsOnWhiteSite
26776,25,19
timeStep,numberOfRobotsOnBlackSite,numberOfRobotsOnWhiteSite
26777,25,19
timeStep,numberOfRobotsOnBlackSite,numberOfRobotsOnWhiteSite
26778,25,19
timeStep,numberOfRobotsOnBlackSite,numberOfRobotsOnWhiteSite
26779,25,19
timeStep,numberOfRobotsOnBlackSite,numberOfRobotsOnWhiteSite
26780,25,19
timeStep,numberOfRobotsOnBlackSite,numberOfRobotsOnWhiteSite
26781,25,19
timeStep,numberOfRobotsOnBlackSite,numberOfRobotsOnWhiteSite
26782,25,19
timeStep,numberOfRobotsOnBlackSite,numberOfRobotsOnWhiteSite
26783,25,19
timeStep,numberOfRobotsOnBlackSite,numberOfRobotsOnWhiteSite
26784,25,19
timeStep,numberOfRobotsOnBlackSite,numberOfRobotsOnWhiteSite
26785,25,19
timeStep,numberOfRobotsOnBlackSite,numberOfRobotsOnWhiteSite
26786,25,19
timeStep,numberOfRobotsOnBlackSite,numberOfRobotsOnWhiteSite
26787,25,19
timeStep,numberOfRobotsOnBlackSite,numberOfRobotsOnWhiteSite
26788,25,19
timeStep,numberOfRobotsOnBlackSite,numberOfRobotsOnWhiteSite
26789,25,19
timeStep,numberOfRobotsOnBlackSite,numberOfRobotsOnWhiteSite
26790,25,19
timeStep,numberOfRobotsOnBlackSite,numberOfRobotsOnWhiteSite
26791,25,19
timeStep,numberOfRobotsOnBlackSite,numberOfRobotsOnWhiteSite
26792,25,19
timeStep,numberOfRobotsOnBlackSite,numberOfRobotsOnWhiteSite
26793,25,19
timeStep,numberOfRobotsOnBlackSite,numberOfRobotsOnWhiteSite
26794,25,19
timeStep,numberOfRobotsOnBlackSite,numberOfRobotsOnWhiteSite
26795,25,19
timeStep,numberOfRobotsOnBlackSite,numberOfRobotsOnWhiteSite
26796,25,19
timeStep,numberOfRobotsOnBlackSite,numberOfRobotsOnWhiteSite
26797,25,19
timeStep,numberOfRobotsOnBlackSite,numberOfRobotsOnWhiteSite
26798,25,19
timeStep,numberOfRobotsOnBlackSite,numberOfRobotsOnWhiteSite
26799,25,19
timeStep,numberOfRobotsOnBlackSite,numberOfRobotsOnWhiteSite
26800,25,19
timeStep,numberOfRobotsOnBlackSite,numberOfRobotsOnWhiteSite
26801,25,19
timeStep,numberOfRobotsOnBlackSite,numberOfRobotsOnWhiteSite
26802,25,19
timeStep,numberOfRobotsOnBlackSite,numberOfRobotsOnWhiteSite
26803,25,19
timeStep,numberOfRobotsOnBlackSite,numberOfRobotsOnWhiteSite
26804,25,19
timeStep,numberOfRobotsOnBlackSite,numberOfRobotsOnWhiteSite
26805,25,19
timeStep,numberOfRobotsOnBlackSite,numberOfRobotsOnWhiteSite
26806,25,19
timeStep,numberOfRobotsOnBlackSite,numberOfRobotsOnWhiteSite
26807,25,19
timeStep,numberOfRobotsOnBlackSite,numberOfRobotsOnWhiteSite
26808,25,19
timeStep,numberOfRobotsOnBlackSite,numberOfRobotsOnWhiteSite
26809,25,19
timeStep,numberOfRobotsOnBlackSite,numberOfRobotsOnWhiteSite
26810,25,19
timeStep,numberOfRobotsOnBlackSite,numberOfRobotsOnWhiteSite
26811,25,19
timeStep,numberOfRobotsOnBlackSite,numberOfRobotsOnWhiteSite
26812,25,19
timeStep,numberOfRobotsOnBlackSite,numberOfRobotsOnWhiteSite
26813,25,19
timeStep,numberOfRobotsOnBlackSite,numberOfRobotsOnWhiteSite
26814,25,19
timeStep,numberOfRobotsOnBlackSite,numberOfRobotsOnWhiteSite
26815,25,19
timeStep,numberOfRobotsOnBlackSite,numberOfRobotsOnWhiteSite
26816,25,19
timeStep,numberOfRobotsOnBlackSite,numberOfRobotsOnWhiteSite
26817,25,19
timeStep,numberOfRobotsOnBlackSite,numberOfRobotsOnWhiteSite
26818,25,19
timeStep,numberOfRobotsOnBlackSite,numberOfRobotsOnWhiteSite
26819,25,19
timeStep,numberOfRobotsOnBlackSite,numberOfRobotsOnWhiteSite
26820,25,19
timeStep,numberOfRobotsOnBlackSite,numberOfRobotsOnWhiteSite
26821,25,19
timeStep,numberOfRobotsOnBlackSite,numberOfRobotsOnWhiteSite
26822,25,19
timeStep,numberOfRobotsOnBlackSite,numberOfRobotsOnWhiteSite
26823,25,19
timeStep,numberOfRobotsOnBlackSite,numberOfRobotsOnWhiteSite
26824,25,19
timeStep,numberOfRobotsOnBlackSite,numberOfRobotsOnWhiteSite
26825,25,19
timeStep,numberOfRobotsOnBlackSite,numberOfRobotsOnWhiteSite
26826,25,19
timeStep,numberOfRobotsOnBlackSite,numberOfRobotsOnWhiteSite
26827,25,19
timeStep,numberOfRobotsOnBlackSite,numberOfRobotsOnWhiteSite
26828,25,19
timeStep,numberOfRobotsOnBlackSite,numberOfRobotsOnWhiteSite
26829,25,19
timeStep,numberOfRobotsOnBlackSite,numberOfRobotsOnWhiteSite
26830,25,19
timeStep,numberOfRobotsOnBlackSite,numberOfRobotsOnWhiteSite
26831,25,19
timeStep,numberOfRobotsOnBlackSite,numberOfRobotsOnWhiteSite
26832,25,19
timeStep,numberOfRobotsOnBlackSite,numberOfRobotsOnWhiteSite
26833,25,19
timeStep,numberOfRobotsOnBlackSite,numberOfRobotsOnWhiteSite
26834,25,19
timeStep,numberOfRobotsOnBlackSite,numberOfRobotsOnWhiteSite
26835,25,19
timeStep,numberOfRobotsOnBlackSite,numberOfRobotsOnWhiteSite
26836,25,19
timeStep,numberOfRobotsOnBlackSite,numberOfRobotsOnWhiteSite
26837,25,19
timeStep,numberOfRobotsOnBlackSite,numberOfRobotsOnWhiteSite
26838,25,19
timeStep,numberOfRobotsOnBlackSite,numberOfRobotsOnWhiteSite
26839,25,19
timeStep,numberOfRobotsOnBlackSite,numberOfRobotsOnWhiteSite
26840,25,19
timeStep,numberOfRobotsOnBlackSite,numberOfRobotsOnWhiteSite
26841,25,19
timeStep,numberOfRobotsOnBlackSite,numberOfRobotsOnWhiteSite
26842,25,19
timeStep,numberOfRobotsOnBlackSite,numberOfRobotsOnWhiteSite
26843,25,19
timeStep,numberOfRobotsOnBlackSite,numberOfRobotsOnWhiteSite
26844,25,19
timeStep,numberOfRobotsOnBlackSite,numberOfRobotsOnWhiteSite
26845,25,19
timeStep,numberOfRobotsOnBlackSite,numberOfRobotsOnWhiteSite
26846,25,19
timeStep,numberOfRobotsOnBlackSite,numberOfRobotsOnWhiteSite
26847,25,19
timeStep,numberOfRobotsOnBlackSite,numberOfRobotsOnWhiteSite
26848,25,19
timeStep,numberOfRobotsOnBlackSite,numberOfRobotsOnWhiteSite
26849,25,19
timeStep,numberOfRobotsOnBlackSite,numberOfRobotsOnWhiteSite
26850,25,19
timeStep,numberOfRobotsOnBlackSite,numberOfRobotsOnWhiteSite
26851,25,19
timeStep,numberOfRobotsOnBlackSite,numberOfRobotsOnWhiteSite
26852,25,19
timeStep,numberOfRobotsOnBlackSite,numberOfRobotsOnWhiteSite
26853,25,19
timeStep,numberOfRobotsOnBlackSite,numberOfRobotsOnWhiteSite
26854,25,19
timeStep,numberOfRobotsOnBlackSite,numberOfRobotsOnWhiteSite
26855,25,19
timeStep,numberOfRobotsOnBlackSite,numberOfRobotsOnWhiteSite
26856,25,19
timeStep,numberOfRobotsOnBlackSite,numberOfRobotsOnWhiteSite
26857,25,19
timeStep,numberOfRobotsOnBlackSite,numberOfRobotsOnWhiteSite
26858,25,19
timeStep,numberOfRobotsOnBlackSite,numberOfRobotsOnWhiteSite
26859,25,19
timeStep,numberOfRobotsOnBlackSite,numberOfRobotsOnWhiteSite
26860,25,19
timeStep,numberOfRobotsOnBlackSite,numberOfRobotsOnWhiteSite
26861,25,19
timeStep,numberOfRobotsOnBlackSite,numberOfRobotsOnWhiteSite
26862,25,19
timeStep,numberOfRobotsOnBlackSite,numberOfRobotsOnWhiteSite
26863,25,19
timeStep,numberOfRobotsOnBlackSite,numberOfRobotsOnWhiteSite
26864,25,19
timeStep,numberOfRobotsOnBlackSite,numberOfRobotsOnWhiteSite
26865,25,19
timeStep,numberOfRobotsOnBlackSite,numberOfRobotsOnWhiteSite
26866,25,19
timeStep,numberOfRobotsOnBlackSite,numberOfRobotsOnWhiteSite
26867,25,19
timeStep,numberOfRobotsOnBlackSite,numberOfRobotsOnWhiteSite
26868,25,19
timeStep,numberOfRobotsOnBlackSite,numberOfRobotsOnWhiteSite
26869,25,19
timeStep,numberOfRobotsOnBlackSite,numberOfRobotsOnWhiteSite
26870,25,19
timeStep,numberOfRobotsOnBlackSite,numberOfRobotsOnWhiteSite
26871,25,19
timeStep,numberOfRobotsOnBlackSite,numberOfRobotsOnWhiteSite
26872,25,19
timeStep,numberOfRobotsOnBlackSite,numberOfRobotsOnWhiteSite
26873,25,19
timeStep,numberOfRobotsOnBlackSite,numberOfRobotsOnWhiteSite
26874,25,19
timeStep,numberOfRobotsOnBlackSite,numberOfRobotsOnWhiteSite
26875,25,19
timeStep,numberOfRobotsOnBlackSite,numberOfRobotsOnWhiteSite
26876,25,19
timeStep,numberOfRobotsOnBlackSite,numberOfRobotsOnWhiteSite
26877,25,19
timeStep,numberOfRobotsOnBlackSite,numberOfRobotsOnWhiteSite
26878,25,19
timeStep,numberOfRobotsOnBlackSite,numberOfRobotsOnWhiteSite
26879,25,19
timeStep,numberOfRobotsOnBlackSite,numberOfRobotsOnWhiteSite
26880,26,19
timeStep,numberOfRobotsOnBlackSite,numberOfRobotsOnWhiteSite
26881,26,19
timeStep,numberOfRobotsOnBlackSite,numberOfRobotsOnWhiteSite
26882,26,19
timeStep,numberOfRobotsOnBlackSite,numberOfRobotsOnWhiteSite
26883,26,19
timeStep,numberOfRobotsOnBlackSite,numberOfRobotsOnWhiteSite
26884,26,19
timeStep,numberOfRobotsOnBlackSite,numberOfRobotsOnWhiteSite
26885,26,19
timeStep,numberOfRobotsOnBlackSite,numberOfRobotsOnWhiteSite
26886,26,19
timeStep,numberOfRobotsOnBlackSite,numberOfRobotsOnWhiteSite
26887,26,19
timeStep,numberOfRobotsOnBlackSite,numberOfRobotsOnWhiteSite
26888,26,19
timeStep,numberOfRobotsOnBlackSite,numberOfRobotsOnWhiteSite
26889,26,19
timeStep,numberOfRobotsOnBlackSite,numberOfRobotsOnWhiteSite
26890,26,19
timeStep,numberOfRobotsOnBlackSite,numberOfRobotsOnWhiteSite
26891,26,19
timeStep,numberOfRobotsOnBlackSite,numberOfRobotsOnWhiteSite
26892,26,19
timeStep,numberOfRobotsOnBlackSite,numberOfRobotsOnWhiteSite
26893,26,19
timeStep,numberOfRobotsOnBlackSite,numberOfRobotsOnWhiteSite
26894,26,19
timeStep,numberOfRobotsOnBlackSite,numberOfRobotsOnWhiteSite
26895,26,19
timeStep,numberOfRobotsOnBlackSite,numberOfRobotsOnWhiteSite
26896,26,19
timeStep,numberOfRobotsOnBlackSite,numberOfRobotsOnWhiteSite
26897,26,19
timeStep,numberOfRobotsOnBlackSite,numberOfRobotsOnWhiteSite
26898,26,19
timeStep,numberOfRobotsOnBlackSite,numberOfRobotsOnWhiteSite
26899,26,19
timeStep,numberOfRobotsOnBlackSite,numberOfRobotsOnWhiteSite
26900,26,19
timeStep,numberOfRobotsOnBlackSite,numberOfRobotsOnWhiteSite
26901,26,19
timeStep,numberOfRobotsOnBlackSite,numberOfRobotsOnWhiteSite
26902,26,19
timeStep,numberOfRobotsOnBlackSite,numberOfRobotsOnWhiteSite
26903,26,19
timeStep,numberOfRobotsOnBlackSite,numberOfRobotsOnWhiteSite
26904,26,19
timeStep,numberOfRobotsOnBlackSite,numberOfRobotsOnWhiteSite
26905,26,19
timeStep,numberOfRobotsOnBlackSite,numberOfRobotsOnWhiteSite
26906,26,19
timeStep,numberOfRobotsOnBlackSite,numberOfRobotsOnWhiteSite
26907,26,19
timeStep,numberOfRobotsOnBlackSite,numberOfRobotsOnWhiteSite
26908,26,19
timeStep,numberOfRobotsOnBlackSite,numberOfRobotsOnWhiteSite
26909,26,19
timeStep,numberOfRobotsOnBlackSite,numberOfRobotsOnWhiteSite
26910,26,19
timeStep,numberOfRobotsOnBlackSite,numberOfRobotsOnWhiteSite
26911,26,19
timeStep,numberOfRobotsOnBlackSite,numberOfRobotsOnWhiteSite
26912,26,19
timeStep,numberOfRobotsOnBlackSite,numberOfRobotsOnWhiteSite
26913,26,19
timeStep,numberOfRobotsOnBlackSite,numberOfRobotsOnWhiteSite
26914,26,19
timeStep,numberOfRobotsOnBlackSite,numberOfRobotsOnWhiteSite
26915,26,19
timeStep,numberOfRobotsOnBlackSite,numberOfRobotsOnWhiteSite
26916,26,19
timeStep,numberOfRobotsOnBlackSite,numberOfRobotsOnWhiteSite
26917,26,19
timeStep,numberOfRobotsOnBlackSite,numberOfRobotsOnWhiteSite
26918,26,19
timeStep,numberOfRobotsOnBlackSite,numberOfRobotsOnWhiteSite
26919,26,19
timeStep,numberOfRobotsOnBlackSite,numberOfRobotsOnWhiteSite
26920,26,19
timeStep,numberOfRobotsOnBlackSite,numberOfRobotsOnWhiteSite
26921,26,19
timeStep,numberOfRobotsOnBlackSite,numberOfRobotsOnWhiteSite
26922,26,19
timeStep,numberOfRobotsOnBlackSite,numberOfRobotsOnWhiteSite
26923,26,19
timeStep,numberOfRobotsOnBlackSite,numberOfRobotsOnWhiteSite
26924,26,19
timeStep,numberOfRobotsOnBlackSite,numberOfRobotsOnWhiteSite
26925,26,19
timeStep,numberOfRobotsOnBlackSite,numberOfRobotsOnWhiteSite
26926,26,19
timeStep,numberOfRobotsOnBlackSite,numberOfRobotsOnWhiteSite
26927,26,19
timeStep,numberOfRobotsOnBlackSite,numberOfRobotsOnWhiteSite
26928,26,19
timeStep,numberOfRobotsOnBlackSite,numberOfRobotsOnWhiteSite
26929,26,19
timeStep,numberOfRobotsOnBlackSite,numberOfRobotsOnWhiteSite
26930,25,19
timeStep,numberOfRobotsOnBlackSite,numberOfRobotsOnWhiteSite
26931,25,19
timeStep,numberOfRobotsOnBlackSite,numberOfRobotsOnWhiteSite
26932,25,19
timeStep,numberOfRobotsOnBlackSite,numberOfRobotsOnWhiteSite
26933,25,19
timeStep,numberOfRobotsOnBlackSite,numberOfRobotsOnWhiteSite
26934,25,19
timeStep,numberOfRobotsOnBlackSite,numberOfRobotsOnWhiteSite
26935,25,19
timeStep,numberOfRobotsOnBlackSite,numberOfRobotsOnWhiteSite
26936,25,19
timeStep,numberOfRobotsOnBlackSite,numberOfRobotsOnWhiteSite
26937,25,19
timeStep,numberOfRobotsOnBlackSite,numberOfRobotsOnWhiteSite
26938,25,19
timeStep,numberOfRobotsOnBlackSite,numberOfRobotsOnWhiteSite
26939,25,19
timeStep,numberOfRobotsOnBlackSite,numberOfRobotsOnWhiteSite
26940,25,19
timeStep,numberOfRobotsOnBlackSite,numberOfRobotsOnWhiteSite
26941,25,19
timeStep,numberOfRobotsOnBlackSite,numberOfRobotsOnWhiteSite
26942,25,19
timeStep,numberOfRobotsOnBlackSite,numberOfRobotsOnWhiteSite
26943,25,19
timeStep,numberOfRobotsOnBlackSite,numberOfRobotsOnWhiteSite
26944,25,19
timeStep,numberOfRobotsOnBlackSite,numberOfRobotsOnWhiteSite
26945,25,19
timeStep,numberOfRobotsOnBlackSite,numberOfRobotsOnWhiteSite
26946,25,19
timeStep,numberOfRobotsOnBlackSite,numberOfRobotsOnWhiteSite
26947,25,19
timeStep,numberOfRobotsOnBlackSite,numberOfRobotsOnWhiteSite
26948,25,19
timeStep,numberOfRobotsOnBlackSite,numberOfRobotsOnWhiteSite
26949,25,19
timeStep,numberOfRobotsOnBlackSite,numberOfRobotsOnWhiteSite
26950,25,19
timeStep,numberOfRobotsOnBlackSite,numberOfRobotsOnWhiteSite
26951,25,19
timeStep,numberOfRobotsOnBlackSite,numberOfRobotsOnWhiteSite
26952,25,19
timeStep,numberOfRobotsOnBlackSite,numberOfRobotsOnWhiteSite
26953,25,19
timeStep,numberOfRobotsOnBlackSite,numberOfRobotsOnWhiteSite
26954,25,19
timeStep,numberOfRobotsOnBlackSite,numberOfRobotsOnWhiteSite
26955,25,18
timeStep,numberOfRobotsOnBlackSite,numberOfRobotsOnWhiteSite
26956,25,18
timeStep,numberOfRobotsOnBlackSite,numberOfRobotsOnWhiteSite
26957,25,18
timeStep,numberOfRobotsOnBlackSite,numberOfRobotsOnWhiteSite
26958,25,18
timeStep,numberOfRobotsOnBlackSite,numberOfRobotsOnWhiteSite
26959,25,18
timeStep,numberOfRobotsOnBlackSite,numberOfRobotsOnWhiteSite
26960,25,18
timeStep,numberOfRobotsOnBlackSite,numberOfRobotsOnWhiteSite
26961,25,18
timeStep,numberOfRobotsOnBlackSite,numberOfRobotsOnWhiteSite
26962,25,18
timeStep,numberOfRobotsOnBlackSite,numberOfRobotsOnWhiteSite
26963,25,18
timeStep,numberOfRobotsOnBlackSite,numberOfRobotsOnWhiteSite
26964,25,18
timeStep,numberOfRobotsOnBlackSite,numberOfRobotsOnWhiteSite
26965,25,18
timeStep,numberOfRobotsOnBlackSite,numberOfRobotsOnWhiteSite
26966,25,18
timeStep,numberOfRobotsOnBlackSite,numberOfRobotsOnWhiteSite
26967,25,18
timeStep,numberOfRobotsOnBlackSite,numberOfRobotsOnWhiteSite
26968,25,18
timeStep,numberOfRobotsOnBlackSite,numberOfRobotsOnWhiteSite
26969,25,18
timeStep,numberOfRobotsOnBlackSite,numberOfRobotsOnWhiteSite
26970,25,18
timeStep,numberOfRobotsOnBlackSite,numberOfRobotsOnWhiteSite
26971,25,18
timeStep,numberOfRobotsOnBlackSite,numberOfRobotsOnWhiteSite
26972,25,18
timeStep,numberOfRobotsOnBlackSite,numberOfRobotsOnWhiteSite
26973,25,18
timeStep,numberOfRobotsOnBlackSite,numberOfRobotsOnWhiteSite
26974,25,18
timeStep,numberOfRobotsOnBlackSite,numberOfRobotsOnWhiteSite
26975,25,18
timeStep,numberOfRobotsOnBlackSite,numberOfRobotsOnWhiteSite
26976,25,18
timeStep,numberOfRobotsOnBlackSite,numberOfRobotsOnWhiteSite
26977,25,18
timeStep,numberOfRobotsOnBlackSite,numberOfRobotsOnWhiteSite
26978,25,18
timeStep,numberOfRobotsOnBlackSite,numberOfRobotsOnWhiteSite
26979,25,18
timeStep,numberOfRobotsOnBlackSite,numberOfRobotsOnWhiteSite
26980,25,18
timeStep,numberOfRobotsOnBlackSite,numberOfRobotsOnWhiteSite
26981,25,18
timeStep,numberOfRobotsOnBlackSite,numberOfRobotsOnWhiteSite
26982,25,18
timeStep,numberOfRobotsOnBlackSite,numberOfRobotsOnWhiteSite
26983,25,18
timeStep,numberOfRobotsOnBlackSite,numberOfRobotsOnWhiteSite
26984,25,18
timeStep,numberOfRobotsOnBlackSite,numberOfRobotsOnWhiteSite
26985,25,18
timeStep,numberOfRobotsOnBlackSite,numberOfRobotsOnWhiteSite
26986,25,18
timeStep,numberOfRobotsOnBlackSite,numberOfRobotsOnWhiteSite
26987,25,18
timeStep,numberOfRobotsOnBlackSite,numberOfRobotsOnWhiteSite
26988,25,18
timeStep,numberOfRobotsOnBlackSite,numberOfRobotsOnWhiteSite
26989,25,18
timeStep,numberOfRobotsOnBlackSite,numberOfRobotsOnWhiteSite
26990,25,18
timeStep,numberOfRobotsOnBlackSite,numberOfRobotsOnWhiteSite
26991,25,18
timeStep,numberOfRobotsOnBlackSite,numberOfRobotsOnWhiteSite
26992,25,18
timeStep,numberOfRobotsOnBlackSite,numberOfRobotsOnWhiteSite
26993,25,18
timeStep,numberOfRobotsOnBlackSite,numberOfRobotsOnWhiteSite
26994,25,18
timeStep,numberOfRobotsOnBlackSite,numberOfRobotsOnWhiteSite
26995,25,18
timeStep,numberOfRobotsOnBlackSite,numberOfRobotsOnWhiteSite
26996,25,18
timeStep,numberOfRobotsOnBlackSite,numberOfRobotsOnWhiteSite
26997,25,18
timeStep,numberOfRobotsOnBlackSite,numberOfRobotsOnWhiteSite
26998,25,18
timeStep,numberOfRobotsOnBlackSite,numberOfRobotsOnWhiteSite
26999,25,18
timeStep,numberOfRobotsOnBlackSite,numberOfRobotsOnWhiteSite
27000,25,18
timeStep,numberOfRobotsOnBlackSite,numberOfRobotsOnWhiteSite
27001,25,18
timeStep,numberOfRobotsOnBlackSite,numberOfRobotsOnWhiteSite
27002,25,18
timeStep,numberOfRobotsOnBlackSite,numberOfRobotsOnWhiteSite
27003,25,18
timeStep,numberOfRobotsOnBlackSite,numberOfRobotsOnWhiteSite
27004,25,18
timeStep,numberOfRobotsOnBlackSite,numberOfRobotsOnWhiteSite
27005,25,18
timeStep,numberOfRobotsOnBlackSite,numberOfRobotsOnWhiteSite
27006,25,18
timeStep,numberOfRobotsOnBlackSite,numberOfRobotsOnWhiteSite
27007,25,18
timeStep,numberOfRobotsOnBlackSite,numberOfRobotsOnWhiteSite
27008,25,18
timeStep,numberOfRobotsOnBlackSite,numberOfRobotsOnWhiteSite
27009,25,18
timeStep,numberOfRobotsOnBlackSite,numberOfRobotsOnWhiteSite
27010,25,18
timeStep,numberOfRobotsOnBlackSite,numberOfRobotsOnWhiteSite
27011,25,18
timeStep,numberOfRobotsOnBlackSite,numberOfRobotsOnWhiteSite
27012,25,18
timeStep,numberOfRobotsOnBlackSite,numberOfRobotsOnWhiteSite
27013,25,18
timeStep,numberOfRobotsOnBlackSite,numberOfRobotsOnWhiteSite
27014,25,18
timeStep,numberOfRobotsOnBlackSite,numberOfRobotsOnWhiteSite
27015,25,18
timeStep,numberOfRobotsOnBlackSite,numberOfRobotsOnWhiteSite
27016,25,18
timeStep,numberOfRobotsOnBlackSite,numberOfRobotsOnWhiteSite
27017,25,18
timeStep,numberOfRobotsOnBlackSite,numberOfRobotsOnWhiteSite
27018,25,18
timeStep,numberOfRobotsOnBlackSite,numberOfRobotsOnWhiteSite
27019,25,18
timeStep,numberOfRobotsOnBlackSite,numberOfRobotsOnWhiteSite
27020,25,18
timeStep,numberOfRobotsOnBlackSite,numberOfRobotsOnWhiteSite
27021,25,18
timeStep,numberOfRobotsOnBlackSite,numberOfRobotsOnWhiteSite
27022,25,18
timeStep,numberOfRobotsOnBlackSite,numberOfRobotsOnWhiteSite
27023,25,18
timeStep,numberOfRobotsOnBlackSite,numberOfRobotsOnWhiteSite
27024,25,18
timeStep,numberOfRobotsOnBlackSite,numberOfRobotsOnWhiteSite
27025,25,18
timeStep,numberOfRobotsOnBlackSite,numberOfRobotsOnWhiteSite
27026,25,18
timeStep,numberOfRobotsOnBlackSite,numberOfRobotsOnWhiteSite
27027,25,18
timeStep,numberOfRobotsOnBlackSite,numberOfRobotsOnWhiteSite
27028,25,18
timeStep,numberOfRobotsOnBlackSite,numberOfRobotsOnWhiteSite
27029,25,18
timeStep,numberOfRobotsOnBlackSite,numberOfRobotsOnWhiteSite
27030,25,18
timeStep,numberOfRobotsOnBlackSite,numberOfRobotsOnWhiteSite
27031,25,18
timeStep,numberOfRobotsOnBlackSite,numberOfRobotsOnWhiteSite
27032,25,18
timeStep,numberOfRobotsOnBlackSite,numberOfRobotsOnWhiteSite
27033,25,18
timeStep,numberOfRobotsOnBlackSite,numberOfRobotsOnWhiteSite
27034,25,18
timeStep,numberOfRobotsOnBlackSite,numberOfRobotsOnWhiteSite
27035,25,19
timeStep,numberOfRobotsOnBlackSite,numberOfRobotsOnWhiteSite
27036,25,19
timeStep,numberOfRobotsOnBlackSite,numberOfRobotsOnWhiteSite
27037,25,19
timeStep,numberOfRobotsOnBlackSite,numberOfRobotsOnWhiteSite
27038,25,19
timeStep,numberOfRobotsOnBlackSite,numberOfRobotsOnWhiteSite
27039,25,19
timeStep,numberOfRobotsOnBlackSite,numberOfRobotsOnWhiteSite
27040,25,19
timeStep,numberOfRobotsOnBlackSite,numberOfRobotsOnWhiteSite
27041,25,19
timeStep,numberOfRobotsOnBlackSite,numberOfRobotsOnWhiteSite
27042,25,19
timeStep,numberOfRobotsOnBlackSite,numberOfRobotsOnWhiteSite
27043,25,19
timeStep,numberOfRobotsOnBlackSite,numberOfRobotsOnWhiteSite
27044,25,19
timeStep,numberOfRobotsOnBlackSite,numberOfRobotsOnWhiteSite
27045,25,19
timeStep,numberOfRobotsOnBlackSite,numberOfRobotsOnWhiteSite
27046,25,19
timeStep,numberOfRobotsOnBlackSite,numberOfRobotsOnWhiteSite
27047,25,19
timeStep,numberOfRobotsOnBlackSite,numberOfRobotsOnWhiteSite
27048,25,19
timeStep,numberOfRobotsOnBlackSite,numberOfRobotsOnWhiteSite
27049,25,19
timeStep,numberOfRobotsOnBlackSite,numberOfRobotsOnWhiteSite
27050,25,19
timeStep,numberOfRobotsOnBlackSite,numberOfRobotsOnWhiteSite
27051,25,19
timeStep,numberOfRobotsOnBlackSite,numberOfRobotsOnWhiteSite
27052,25,19
timeStep,numberOfRobotsOnBlackSite,numberOfRobotsOnWhiteSite
27053,25,19
timeStep,numberOfRobotsOnBlackSite,numberOfRobotsOnWhiteSite
27054,25,19
timeStep,numberOfRobotsOnBlackSite,numberOfRobotsOnWhiteSite
27055,24,19
timeStep,numberOfRobotsOnBlackSite,numberOfRobotsOnWhiteSite
27056,24,19
timeStep,numberOfRobotsOnBlackSite,numberOfRobotsOnWhiteSite
27057,24,19
timeStep,numberOfRobotsOnBlackSite,numberOfRobotsOnWhiteSite
27058,24,19
timeStep,numberOfRobotsOnBlackSite,numberOfRobotsOnWhiteSite
27059,24,19
timeStep,numberOfRobotsOnBlackSite,numberOfRobotsOnWhiteSite
27060,24,19
timeStep,numberOfRobotsOnBlackSite,numberOfRobotsOnWhiteSite
27061,24,19
timeStep,numberOfRobotsOnBlackSite,numberOfRobotsOnWhiteSite
27062,24,19
timeStep,numberOfRobotsOnBlackSite,numberOfRobotsOnWhiteSite
27063,24,19
timeStep,numberOfRobotsOnBlackSite,numberOfRobotsOnWhiteSite
27064,24,19
timeStep,numberOfRobotsOnBlackSite,numberOfRobotsOnWhiteSite
27065,24,19
timeStep,numberOfRobotsOnBlackSite,numberOfRobotsOnWhiteSite
27066,24,19
timeStep,numberOfRobotsOnBlackSite,numberOfRobotsOnWhiteSite
27067,24,19
timeStep,numberOfRobotsOnBlackSite,numberOfRobotsOnWhiteSite
27068,24,19
timeStep,numberOfRobotsOnBlackSite,numberOfRobotsOnWhiteSite
27069,24,19
timeStep,numberOfRobotsOnBlackSite,numberOfRobotsOnWhiteSite
27070,24,19
timeStep,numberOfRobotsOnBlackSite,numberOfRobotsOnWhiteSite
27071,24,19
timeStep,numberOfRobotsOnBlackSite,numberOfRobotsOnWhiteSite
27072,24,19
timeStep,numberOfRobotsOnBlackSite,numberOfRobotsOnWhiteSite
27073,24,19
timeStep,numberOfRobotsOnBlackSite,numberOfRobotsOnWhiteSite
27074,24,19
timeStep,numberOfRobotsOnBlackSite,numberOfRobotsOnWhiteSite
27075,24,19
timeStep,numberOfRobotsOnBlackSite,numberOfRobotsOnWhiteSite
27076,24,19
timeStep,numberOfRobotsOnBlackSite,numberOfRobotsOnWhiteSite
27077,24,19
timeStep,numberOfRobotsOnBlackSite,numberOfRobotsOnWhiteSite
27078,24,19
timeStep,numberOfRobotsOnBlackSite,numberOfRobotsOnWhiteSite
27079,24,19
timeStep,numberOfRobotsOnBlackSite,numberOfRobotsOnWhiteSite
27080,24,19
timeStep,numberOfRobotsOnBlackSite,numberOfRobotsOnWhiteSite
27081,24,19
timeStep,numberOfRobotsOnBlackSite,numberOfRobotsOnWhiteSite
27082,24,19
timeStep,numberOfRobotsOnBlackSite,numberOfRobotsOnWhiteSite
27083,24,19
timeStep,numberOfRobotsOnBlackSite,numberOfRobotsOnWhiteSite
27084,24,19
timeStep,numberOfRobotsOnBlackSite,numberOfRobotsOnWhiteSite
27085,23,19
timeStep,numberOfRobotsOnBlackSite,numberOfRobotsOnWhiteSite
27086,23,19
timeStep,numberOfRobotsOnBlackSite,numberOfRobotsOnWhiteSite
27087,23,19
timeStep,numberOfRobotsOnBlackSite,numberOfRobotsOnWhiteSite
27088,23,19
timeStep,numberOfRobotsOnBlackSite,numberOfRobotsOnWhiteSite
27089,23,19
timeStep,numberOfRobotsOnBlackSite,numberOfRobotsOnWhiteSite
27090,23,19
timeStep,numberOfRobotsOnBlackSite,numberOfRobotsOnWhiteSite
27091,23,19
timeStep,numberOfRobotsOnBlackSite,numberOfRobotsOnWhiteSite
27092,23,19
timeStep,numberOfRobotsOnBlackSite,numberOfRobotsOnWhiteSite
27093,23,19
timeStep,numberOfRobotsOnBlackSite,numberOfRobotsOnWhiteSite
27094,23,19
timeStep,numberOfRobotsOnBlackSite,numberOfRobotsOnWhiteSite
27095,23,19
timeStep,numberOfRobotsOnBlackSite,numberOfRobotsOnWhiteSite
27096,23,19
timeStep,numberOfRobotsOnBlackSite,numberOfRobotsOnWhiteSite
27097,23,19
timeStep,numberOfRobotsOnBlackSite,numberOfRobotsOnWhiteSite
27098,23,19
timeStep,numberOfRobotsOnBlackSite,numberOfRobotsOnWhiteSite
27099,23,19
timeStep,numberOfRobotsOnBlackSite,numberOfRobotsOnWhiteSite
27100,23,19
timeStep,numberOfRobotsOnBlackSite,numberOfRobotsOnWhiteSite
27101,23,19
timeStep,numberOfRobotsOnBlackSite,numberOfRobotsOnWhiteSite
27102,23,19
timeStep,numberOfRobotsOnBlackSite,numberOfRobotsOnWhiteSite
27103,23,19
timeStep,numberOfRobotsOnBlackSite,numberOfRobotsOnWhiteSite
27104,23,19
timeStep,numberOfRobotsOnBlackSite,numberOfRobotsOnWhiteSite
27105,23,19
timeStep,numberOfRobotsOnBlackSite,numberOfRobotsOnWhiteSite
27106,23,19
timeStep,numberOfRobotsOnBlackSite,numberOfRobotsOnWhiteSite
27107,23,19
timeStep,numberOfRobotsOnBlackSite,numberOfRobotsOnWhiteSite
27108,23,19
timeStep,numberOfRobotsOnBlackSite,numberOfRobotsOnWhiteSite
27109,23,19
timeStep,numberOfRobotsOnBlackSite,numberOfRobotsOnWhiteSite
27110,23,19
timeStep,numberOfRobotsOnBlackSite,numberOfRobotsOnWhiteSite
27111,23,19
timeStep,numberOfRobotsOnBlackSite,numberOfRobotsOnWhiteSite
27112,23,19
timeStep,numberOfRobotsOnBlackSite,numberOfRobotsOnWhiteSite
27113,23,19
timeStep,numberOfRobotsOnBlackSite,numberOfRobotsOnWhiteSite
27114,23,19
timeStep,numberOfRobotsOnBlackSite,numberOfRobotsOnWhiteSite
27115,24,19
timeStep,numberOfRobotsOnBlackSite,numberOfRobotsOnWhiteSite
27116,24,19
timeStep,numberOfRobotsOnBlackSite,numberOfRobotsOnWhiteSite
27117,24,19
timeStep,numberOfRobotsOnBlackSite,numberOfRobotsOnWhiteSite
27118,24,19
timeStep,numberOfRobotsOnBlackSite,numberOfRobotsOnWhiteSite
27119,24,19
timeStep,numberOfRobotsOnBlackSite,numberOfRobotsOnWhiteSite
27120,24,19
timeStep,numberOfRobotsOnBlackSite,numberOfRobotsOnWhiteSite
27121,24,19
timeStep,numberOfRobotsOnBlackSite,numberOfRobotsOnWhiteSite
27122,24,19
timeStep,numberOfRobotsOnBlackSite,numberOfRobotsOnWhiteSite
27123,24,19
timeStep,numberOfRobotsOnBlackSite,numberOfRobotsOnWhiteSite
27124,24,19
timeStep,numberOfRobotsOnBlackSite,numberOfRobotsOnWhiteSite
27125,25,19
timeStep,numberOfRobotsOnBlackSite,numberOfRobotsOnWhiteSite
27126,25,19
timeStep,numberOfRobotsOnBlackSite,numberOfRobotsOnWhiteSite
27127,25,19
timeStep,numberOfRobotsOnBlackSite,numberOfRobotsOnWhiteSite
27128,25,19
timeStep,numberOfRobotsOnBlackSite,numberOfRobotsOnWhiteSite
27129,25,19
timeStep,numberOfRobotsOnBlackSite,numberOfRobotsOnWhiteSite
27130,26,19
timeStep,numberOfRobotsOnBlackSite,numberOfRobotsOnWhiteSite
27131,26,19
timeStep,numberOfRobotsOnBlackSite,numberOfRobotsOnWhiteSite
27132,26,19
timeStep,numberOfRobotsOnBlackSite,numberOfRobotsOnWhiteSite
27133,26,19
timeStep,numberOfRobotsOnBlackSite,numberOfRobotsOnWhiteSite
27134,26,19
timeStep,numberOfRobotsOnBlackSite,numberOfRobotsOnWhiteSite
27135,26,19
timeStep,numberOfRobotsOnBlackSite,numberOfRobotsOnWhiteSite
27136,26,19
timeStep,numberOfRobotsOnBlackSite,numberOfRobotsOnWhiteSite
27137,26,19
timeStep,numberOfRobotsOnBlackSite,numberOfRobotsOnWhiteSite
27138,26,19
timeStep,numberOfRobotsOnBlackSite,numberOfRobotsOnWhiteSite
27139,26,19
timeStep,numberOfRobotsOnBlackSite,numberOfRobotsOnWhiteSite
27140,26,19
timeStep,numberOfRobotsOnBlackSite,numberOfRobotsOnWhiteSite
27141,26,19
timeStep,numberOfRobotsOnBlackSite,numberOfRobotsOnWhiteSite
27142,26,19
timeStep,numberOfRobotsOnBlackSite,numberOfRobotsOnWhiteSite
27143,26,19
timeStep,numberOfRobotsOnBlackSite,numberOfRobotsOnWhiteSite
27144,26,19
timeStep,numberOfRobotsOnBlackSite,numberOfRobotsOnWhiteSite
27145,26,19
timeStep,numberOfRobotsOnBlackSite,numberOfRobotsOnWhiteSite
27146,26,19
timeStep,numberOfRobotsOnBlackSite,numberOfRobotsOnWhiteSite
27147,26,19
timeStep,numberOfRobotsOnBlackSite,numberOfRobotsOnWhiteSite
27148,26,19
timeStep,numberOfRobotsOnBlackSite,numberOfRobotsOnWhiteSite
27149,26,19
timeStep,numberOfRobotsOnBlackSite,numberOfRobotsOnWhiteSite
27150,25,19
timeStep,numberOfRobotsOnBlackSite,numberOfRobotsOnWhiteSite
27151,25,19
timeStep,numberOfRobotsOnBlackSite,numberOfRobotsOnWhiteSite
27152,25,19
timeStep,numberOfRobotsOnBlackSite,numberOfRobotsOnWhiteSite
27153,25,19
timeStep,numberOfRobotsOnBlackSite,numberOfRobotsOnWhiteSite
27154,25,19
timeStep,numberOfRobotsOnBlackSite,numberOfRobotsOnWhiteSite
27155,25,19
timeStep,numberOfRobotsOnBlackSite,numberOfRobotsOnWhiteSite
27156,25,19
timeStep,numberOfRobotsOnBlackSite,numberOfRobotsOnWhiteSite
27157,25,19
timeStep,numberOfRobotsOnBlackSite,numberOfRobotsOnWhiteSite
27158,25,19
timeStep,numberOfRobotsOnBlackSite,numberOfRobotsOnWhiteSite
27159,25,19
timeStep,numberOfRobotsOnBlackSite,numberOfRobotsOnWhiteSite
27160,25,19
timeStep,numberOfRobotsOnBlackSite,numberOfRobotsOnWhiteSite
27161,25,19
timeStep,numberOfRobotsOnBlackSite,numberOfRobotsOnWhiteSite
27162,25,19
timeStep,numberOfRobotsOnBlackSite,numberOfRobotsOnWhiteSite
27163,25,19
timeStep,numberOfRobotsOnBlackSite,numberOfRobotsOnWhiteSite
27164,25,19
timeStep,numberOfRobotsOnBlackSite,numberOfRobotsOnWhiteSite
27165,25,19
timeStep,numberOfRobotsOnBlackSite,numberOfRobotsOnWhiteSite
27166,25,19
timeStep,numberOfRobotsOnBlackSite,numberOfRobotsOnWhiteSite
27167,25,19
timeStep,numberOfRobotsOnBlackSite,numberOfRobotsOnWhiteSite
27168,25,19
timeStep,numberOfRobotsOnBlackSite,numberOfRobotsOnWhiteSite
27169,25,19
timeStep,numberOfRobotsOnBlackSite,numberOfRobotsOnWhiteSite
27170,25,19
timeStep,numberOfRobotsOnBlackSite,numberOfRobotsOnWhiteSite
27171,25,19
timeStep,numberOfRobotsOnBlackSite,numberOfRobotsOnWhiteSite
27172,25,19
timeStep,numberOfRobotsOnBlackSite,numberOfRobotsOnWhiteSite
27173,25,19
timeStep,numberOfRobotsOnBlackSite,numberOfRobotsOnWhiteSite
27174,25,19
timeStep,numberOfRobotsOnBlackSite,numberOfRobotsOnWhiteSite
27175,25,19
timeStep,numberOfRobotsOnBlackSite,numberOfRobotsOnWhiteSite
27176,25,19
timeStep,numberOfRobotsOnBlackSite,numberOfRobotsOnWhiteSite
27177,25,19
timeStep,numberOfRobotsOnBlackSite,numberOfRobotsOnWhiteSite
27178,25,19
timeStep,numberOfRobotsOnBlackSite,numberOfRobotsOnWhiteSite
27179,25,19
timeStep,numberOfRobotsOnBlackSite,numberOfRobotsOnWhiteSite
27180,25,19
timeStep,numberOfRobotsOnBlackSite,numberOfRobotsOnWhiteSite
27181,25,19
timeStep,numberOfRobotsOnBlackSite,numberOfRobotsOnWhiteSite
27182,25,19
timeStep,numberOfRobotsOnBlackSite,numberOfRobotsOnWhiteSite
27183,25,19
timeStep,numberOfRobotsOnBlackSite,numberOfRobotsOnWhiteSite
27184,25,19
timeStep,numberOfRobotsOnBlackSite,numberOfRobotsOnWhiteSite
27185,25,19
timeStep,numberOfRobotsOnBlackSite,numberOfRobotsOnWhiteSite
27186,25,19
timeStep,numberOfRobotsOnBlackSite,numberOfRobotsOnWhiteSite
27187,25,19
timeStep,numberOfRobotsOnBlackSite,numberOfRobotsOnWhiteSite
27188,25,19
timeStep,numberOfRobotsOnBlackSite,numberOfRobotsOnWhiteSite
27189,25,19
timeStep,numberOfRobotsOnBlackSite,numberOfRobotsOnWhiteSite
27190,25,19
timeStep,numberOfRobotsOnBlackSite,numberOfRobotsOnWhiteSite
27191,25,19
timeStep,numberOfRobotsOnBlackSite,numberOfRobotsOnWhiteSite
27192,25,19
timeStep,numberOfRobotsOnBlackSite,numberOfRobotsOnWhiteSite
27193,25,19
timeStep,numberOfRobotsOnBlackSite,numberOfRobotsOnWhiteSite
27194,25,19
timeStep,numberOfRobotsOnBlackSite,numberOfRobotsOnWhiteSite
27195,25,19
timeStep,numberOfRobotsOnBlackSite,numberOfRobotsOnWhiteSite
27196,25,19
timeStep,numberOfRobotsOnBlackSite,numberOfRobotsOnWhiteSite
27197,25,19
timeStep,numberOfRobotsOnBlackSite,numberOfRobotsOnWhiteSite
27198,25,19
timeStep,numberOfRobotsOnBlackSite,numberOfRobotsOnWhiteSite
27199,25,19
timeStep,numberOfRobotsOnBlackSite,numberOfRobotsOnWhiteSite
27200,25,19
timeStep,numberOfRobotsOnBlackSite,numberOfRobotsOnWhiteSite
27201,25,19
timeStep,numberOfRobotsOnBlackSite,numberOfRobotsOnWhiteSite
27202,25,19
timeStep,numberOfRobotsOnBlackSite,numberOfRobotsOnWhiteSite
27203,25,19
timeStep,numberOfRobotsOnBlackSite,numberOfRobotsOnWhiteSite
27204,25,19
timeStep,numberOfRobotsOnBlackSite,numberOfRobotsOnWhiteSite
27205,25,19
timeStep,numberOfRobotsOnBlackSite,numberOfRobotsOnWhiteSite
27206,25,19
timeStep,numberOfRobotsOnBlackSite,numberOfRobotsOnWhiteSite
27207,25,19
timeStep,numberOfRobotsOnBlackSite,numberOfRobotsOnWhiteSite
27208,25,19
timeStep,numberOfRobotsOnBlackSite,numberOfRobotsOnWhiteSite
27209,25,19
timeStep,numberOfRobotsOnBlackSite,numberOfRobotsOnWhiteSite
27210,26,19
timeStep,numberOfRobotsOnBlackSite,numberOfRobotsOnWhiteSite
27211,26,19
timeStep,numberOfRobotsOnBlackSite,numberOfRobotsOnWhiteSite
27212,26,19
timeStep,numberOfRobotsOnBlackSite,numberOfRobotsOnWhiteSite
27213,26,19
timeStep,numberOfRobotsOnBlackSite,numberOfRobotsOnWhiteSite
27214,26,19
timeStep,numberOfRobotsOnBlackSite,numberOfRobotsOnWhiteSite
27215,26,19
timeStep,numberOfRobotsOnBlackSite,numberOfRobotsOnWhiteSite
27216,26,19
timeStep,numberOfRobotsOnBlackSite,numberOfRobotsOnWhiteSite
27217,26,19
timeStep,numberOfRobotsOnBlackSite,numberOfRobotsOnWhiteSite
27218,26,19
timeStep,numberOfRobotsOnBlackSite,numberOfRobotsOnWhiteSite
27219,26,19
timeStep,numberOfRobotsOnBlackSite,numberOfRobotsOnWhiteSite
27220,27,19
timeStep,numberOfRobotsOnBlackSite,numberOfRobotsOnWhiteSite
27221,27,19
timeStep,numberOfRobotsOnBlackSite,numberOfRobotsOnWhiteSite
27222,27,19
timeStep,numberOfRobotsOnBlackSite,numberOfRobotsOnWhiteSite
27223,27,19
timeStep,numberOfRobotsOnBlackSite,numberOfRobotsOnWhiteSite
27224,27,19
timeStep,numberOfRobotsOnBlackSite,numberOfRobotsOnWhiteSite
27225,27,19
timeStep,numberOfRobotsOnBlackSite,numberOfRobotsOnWhiteSite
27226,27,19
timeStep,numberOfRobotsOnBlackSite,numberOfRobotsOnWhiteSite
27227,27,19
timeStep,numberOfRobotsOnBlackSite,numberOfRobotsOnWhiteSite
27228,27,19
timeStep,numberOfRobotsOnBlackSite,numberOfRobotsOnWhiteSite
27229,27,19
timeStep,numberOfRobotsOnBlackSite,numberOfRobotsOnWhiteSite
27230,27,19
timeStep,numberOfRobotsOnBlackSite,numberOfRobotsOnWhiteSite
27231,27,19
timeStep,numberOfRobotsOnBlackSite,numberOfRobotsOnWhiteSite
27232,27,19
timeStep,numberOfRobotsOnBlackSite,numberOfRobotsOnWhiteSite
27233,27,19
timeStep,numberOfRobotsOnBlackSite,numberOfRobotsOnWhiteSite
27234,27,19
timeStep,numberOfRobotsOnBlackSite,numberOfRobotsOnWhiteSite
27235,27,19
timeStep,numberOfRobotsOnBlackSite,numberOfRobotsOnWhiteSite
27236,27,19
timeStep,numberOfRobotsOnBlackSite,numberOfRobotsOnWhiteSite
27237,27,19
timeStep,numberOfRobotsOnBlackSite,numberOfRobotsOnWhiteSite
27238,27,19
timeStep,numberOfRobotsOnBlackSite,numberOfRobotsOnWhiteSite
27239,27,19
timeStep,numberOfRobotsOnBlackSite,numberOfRobotsOnWhiteSite
27240,27,19
timeStep,numberOfRobotsOnBlackSite,numberOfRobotsOnWhiteSite
27241,27,19
timeStep,numberOfRobotsOnBlackSite,numberOfRobotsOnWhiteSite
27242,27,19
timeStep,numberOfRobotsOnBlackSite,numberOfRobotsOnWhiteSite
27243,27,19
timeStep,numberOfRobotsOnBlackSite,numberOfRobotsOnWhiteSite
27244,27,19
timeStep,numberOfRobotsOnBlackSite,numberOfRobotsOnWhiteSite
27245,27,19
timeStep,numberOfRobotsOnBlackSite,numberOfRobotsOnWhiteSite
27246,27,19
timeStep,numberOfRobotsOnBlackSite,numberOfRobotsOnWhiteSite
27247,27,19
timeStep,numberOfRobotsOnBlackSite,numberOfRobotsOnWhiteSite
27248,27,19
timeStep,numberOfRobotsOnBlackSite,numberOfRobotsOnWhiteSite
27249,27,19
timeStep,numberOfRobotsOnBlackSite,numberOfRobotsOnWhiteSite
27250,27,19
timeStep,numberOfRobotsOnBlackSite,numberOfRobotsOnWhiteSite
27251,27,19
timeStep,numberOfRobotsOnBlackSite,numberOfRobotsOnWhiteSite
27252,27,19
timeStep,numberOfRobotsOnBlackSite,numberOfRobotsOnWhiteSite
27253,27,19
timeStep,numberOfRobotsOnBlackSite,numberOfRobotsOnWhiteSite
27254,27,19
timeStep,numberOfRobotsOnBlackSite,numberOfRobotsOnWhiteSite
27255,27,19
timeStep,numberOfRobotsOnBlackSite,numberOfRobotsOnWhiteSite
27256,27,19
timeStep,numberOfRobotsOnBlackSite,numberOfRobotsOnWhiteSite
27257,27,19
timeStep,numberOfRobotsOnBlackSite,numberOfRobotsOnWhiteSite
27258,27,19
timeStep,numberOfRobotsOnBlackSite,numberOfRobotsOnWhiteSite
27259,27,19
timeStep,numberOfRobotsOnBlackSite,numberOfRobotsOnWhiteSite
27260,27,19
timeStep,numberOfRobotsOnBlackSite,numberOfRobotsOnWhiteSite
27261,27,19
timeStep,numberOfRobotsOnBlackSite,numberOfRobotsOnWhiteSite
27262,27,19
timeStep,numberOfRobotsOnBlackSite,numberOfRobotsOnWhiteSite
27263,27,19
timeStep,numberOfRobotsOnBlackSite,numberOfRobotsOnWhiteSite
27264,27,19
timeStep,numberOfRobotsOnBlackSite,numberOfRobotsOnWhiteSite
27265,27,19
timeStep,numberOfRobotsOnBlackSite,numberOfRobotsOnWhiteSite
27266,27,19
timeStep,numberOfRobotsOnBlackSite,numberOfRobotsOnWhiteSite
27267,27,19
timeStep,numberOfRobotsOnBlackSite,numberOfRobotsOnWhiteSite
27268,27,19
timeStep,numberOfRobotsOnBlackSite,numberOfRobotsOnWhiteSite
27269,27,19
timeStep,numberOfRobotsOnBlackSite,numberOfRobotsOnWhiteSite
27270,27,19
timeStep,numberOfRobotsOnBlackSite,numberOfRobotsOnWhiteSite
27271,27,19
timeStep,numberOfRobotsOnBlackSite,numberOfRobotsOnWhiteSite
27272,27,19
timeStep,numberOfRobotsOnBlackSite,numberOfRobotsOnWhiteSite
27273,27,19
timeStep,numberOfRobotsOnBlackSite,numberOfRobotsOnWhiteSite
27274,27,19
timeStep,numberOfRobotsOnBlackSite,numberOfRobotsOnWhiteSite
27275,27,19
timeStep,numberOfRobotsOnBlackSite,numberOfRobotsOnWhiteSite
27276,27,19
timeStep,numberOfRobotsOnBlackSite,numberOfRobotsOnWhiteSite
27277,27,19
timeStep,numberOfRobotsOnBlackSite,numberOfRobotsOnWhiteSite
27278,27,19
timeStep,numberOfRobotsOnBlackSite,numberOfRobotsOnWhiteSite
27279,27,19
timeStep,numberOfRobotsOnBlackSite,numberOfRobotsOnWhiteSite
27280,27,19
timeStep,numberOfRobotsOnBlackSite,numberOfRobotsOnWhiteSite
27281,27,19
timeStep,numberOfRobotsOnBlackSite,numberOfRobotsOnWhiteSite
27282,27,19
timeStep,numberOfRobotsOnBlackSite,numberOfRobotsOnWhiteSite
27283,27,19
timeStep,numberOfRobotsOnBlackSite,numberOfRobotsOnWhiteSite
27284,27,19
timeStep,numberOfRobotsOnBlackSite,numberOfRobotsOnWhiteSite
27285,27,19
timeStep,numberOfRobotsOnBlackSite,numberOfRobotsOnWhiteSite
27286,27,19
timeStep,numberOfRobotsOnBlackSite,numberOfRobotsOnWhiteSite
27287,27,19
timeStep,numberOfRobotsOnBlackSite,numberOfRobotsOnWhiteSite
27288,27,19
timeStep,numberOfRobotsOnBlackSite,numberOfRobotsOnWhiteSite
27289,27,19
timeStep,numberOfRobotsOnBlackSite,numberOfRobotsOnWhiteSite
27290,27,19
timeStep,numberOfRobotsOnBlackSite,numberOfRobotsOnWhiteSite
27291,27,19
timeStep,numberOfRobotsOnBlackSite,numberOfRobotsOnWhiteSite
27292,27,19
timeStep,numberOfRobotsOnBlackSite,numberOfRobotsOnWhiteSite
27293,27,19
timeStep,numberOfRobotsOnBlackSite,numberOfRobotsOnWhiteSite
27294,27,19
timeStep,numberOfRobotsOnBlackSite,numberOfRobotsOnWhiteSite
27295,27,19
timeStep,numberOfRobotsOnBlackSite,numberOfRobotsOnWhiteSite
27296,27,19
timeStep,numberOfRobotsOnBlackSite,numberOfRobotsOnWhiteSite
27297,27,19
timeStep,numberOfRobotsOnBlackSite,numberOfRobotsOnWhiteSite
27298,27,19
timeStep,numberOfRobotsOnBlackSite,numberOfRobotsOnWhiteSite
27299,27,19
timeStep,numberOfRobotsOnBlackSite,numberOfRobotsOnWhiteSite
27300,27,19
timeStep,numberOfRobotsOnBlackSite,numberOfRobotsOnWhiteSite
27301,27,19
timeStep,numberOfRobotsOnBlackSite,numberOfRobotsOnWhiteSite
27302,27,19
timeStep,numberOfRobotsOnBlackSite,numberOfRobotsOnWhiteSite
27303,27,19
timeStep,numberOfRobotsOnBlackSite,numberOfRobotsOnWhiteSite
27304,27,19
timeStep,numberOfRobotsOnBlackSite,numberOfRobotsOnWhiteSite
27305,27,19
timeStep,numberOfRobotsOnBlackSite,numberOfRobotsOnWhiteSite
27306,27,19
timeStep,numberOfRobotsOnBlackSite,numberOfRobotsOnWhiteSite
27307,27,19
timeStep,numberOfRobotsOnBlackSite,numberOfRobotsOnWhiteSite
27308,27,19
timeStep,numberOfRobotsOnBlackSite,numberOfRobotsOnWhiteSite
27309,27,19
timeStep,numberOfRobotsOnBlackSite,numberOfRobotsOnWhiteSite
27310,27,19
timeStep,numberOfRobotsOnBlackSite,numberOfRobotsOnWhiteSite
27311,27,19
timeStep,numberOfRobotsOnBlackSite,numberOfRobotsOnWhiteSite
27312,27,19
timeStep,numberOfRobotsOnBlackSite,numberOfRobotsOnWhiteSite
27313,27,19
timeStep,numberOfRobotsOnBlackSite,numberOfRobotsOnWhiteSite
27314,27,19
timeStep,numberOfRobotsOnBlackSite,numberOfRobotsOnWhiteSite
27315,27,19
timeStep,numberOfRobotsOnBlackSite,numberOfRobotsOnWhiteSite
27316,27,19
timeStep,numberOfRobotsOnBlackSite,numberOfRobotsOnWhiteSite
27317,27,19
timeStep,numberOfRobotsOnBlackSite,numberOfRobotsOnWhiteSite
27318,27,19
timeStep,numberOfRobotsOnBlackSite,numberOfRobotsOnWhiteSite
27319,27,19
timeStep,numberOfRobotsOnBlackSite,numberOfRobotsOnWhiteSite
27320,27,19
timeStep,numberOfRobotsOnBlackSite,numberOfRobotsOnWhiteSite
27321,27,19
timeStep,numberOfRobotsOnBlackSite,numberOfRobotsOnWhiteSite
27322,27,19
timeStep,numberOfRobotsOnBlackSite,numberOfRobotsOnWhiteSite
27323,27,19
timeStep,numberOfRobotsOnBlackSite,numberOfRobotsOnWhiteSite
27324,27,19
timeStep,numberOfRobotsOnBlackSite,numberOfRobotsOnWhiteSite
27325,26,19
timeStep,numberOfRobotsOnBlackSite,numberOfRobotsOnWhiteSite
27326,26,19
timeStep,numberOfRobotsOnBlackSite,numberOfRobotsOnWhiteSite
27327,26,19
timeStep,numberOfRobotsOnBlackSite,numberOfRobotsOnWhiteSite
27328,26,19
timeStep,numberOfRobotsOnBlackSite,numberOfRobotsOnWhiteSite
27329,26,19
timeStep,numberOfRobotsOnBlackSite,numberOfRobotsOnWhiteSite
27330,26,19
timeStep,numberOfRobotsOnBlackSite,numberOfRobotsOnWhiteSite
27331,26,19
timeStep,numberOfRobotsOnBlackSite,numberOfRobotsOnWhiteSite
27332,26,19
timeStep,numberOfRobotsOnBlackSite,numberOfRobotsOnWhiteSite
27333,26,19
timeStep,numberOfRobotsOnBlackSite,numberOfRobotsOnWhiteSite
27334,26,19
timeStep,numberOfRobotsOnBlackSite,numberOfRobotsOnWhiteSite
27335,26,19
timeStep,numberOfRobotsOnBlackSite,numberOfRobotsOnWhiteSite
27336,26,19
timeStep,numberOfRobotsOnBlackSite,numberOfRobotsOnWhiteSite
27337,26,19
timeStep,numberOfRobotsOnBlackSite,numberOfRobotsOnWhiteSite
27338,26,19
timeStep,numberOfRobotsOnBlackSite,numberOfRobotsOnWhiteSite
27339,26,19
timeStep,numberOfRobotsOnBlackSite,numberOfRobotsOnWhiteSite
27340,26,19
timeStep,numberOfRobotsOnBlackSite,numberOfRobotsOnWhiteSite
27341,26,19
timeStep,numberOfRobotsOnBlackSite,numberOfRobotsOnWhiteSite
27342,26,19
timeStep,numberOfRobotsOnBlackSite,numberOfRobotsOnWhiteSite
27343,26,19
timeStep,numberOfRobotsOnBlackSite,numberOfRobotsOnWhiteSite
27344,26,19
timeStep,numberOfRobotsOnBlackSite,numberOfRobotsOnWhiteSite
27345,26,19
timeStep,numberOfRobotsOnBlackSite,numberOfRobotsOnWhiteSite
27346,26,19
timeStep,numberOfRobotsOnBlackSite,numberOfRobotsOnWhiteSite
27347,26,19
timeStep,numberOfRobotsOnBlackSite,numberOfRobotsOnWhiteSite
27348,26,19
timeStep,numberOfRobotsOnBlackSite,numberOfRobotsOnWhiteSite
27349,26,19
timeStep,numberOfRobotsOnBlackSite,numberOfRobotsOnWhiteSite
27350,26,19
timeStep,numberOfRobotsOnBlackSite,numberOfRobotsOnWhiteSite
27351,26,19
timeStep,numberOfRobotsOnBlackSite,numberOfRobotsOnWhiteSite
27352,26,19
timeStep,numberOfRobotsOnBlackSite,numberOfRobotsOnWhiteSite
27353,26,19
timeStep,numberOfRobotsOnBlackSite,numberOfRobotsOnWhiteSite
27354,26,19
timeStep,numberOfRobotsOnBlackSite,numberOfRobotsOnWhiteSite
27355,26,19
timeStep,numberOfRobotsOnBlackSite,numberOfRobotsOnWhiteSite
27356,26,19
timeStep,numberOfRobotsOnBlackSite,numberOfRobotsOnWhiteSite
27357,26,19
timeStep,numberOfRobotsOnBlackSite,numberOfRobotsOnWhiteSite
27358,26,19
timeStep,numberOfRobotsOnBlackSite,numberOfRobotsOnWhiteSite
27359,26,19
timeStep,numberOfRobotsOnBlackSite,numberOfRobotsOnWhiteSite
27360,26,19
timeStep,numberOfRobotsOnBlackSite,numberOfRobotsOnWhiteSite
27361,26,19
timeStep,numberOfRobotsOnBlackSite,numberOfRobotsOnWhiteSite
27362,26,19
timeStep,numberOfRobotsOnBlackSite,numberOfRobotsOnWhiteSite
27363,26,19
timeStep,numberOfRobotsOnBlackSite,numberOfRobotsOnWhiteSite
27364,26,19
timeStep,numberOfRobotsOnBlackSite,numberOfRobotsOnWhiteSite
27365,26,19
timeStep,numberOfRobotsOnBlackSite,numberOfRobotsOnWhiteSite
27366,26,19
timeStep,numberOfRobotsOnBlackSite,numberOfRobotsOnWhiteSite
27367,26,19
timeStep,numberOfRobotsOnBlackSite,numberOfRobotsOnWhiteSite
27368,26,19
timeStep,numberOfRobotsOnBlackSite,numberOfRobotsOnWhiteSite
27369,26,19
timeStep,numberOfRobotsOnBlackSite,numberOfRobotsOnWhiteSite
27370,26,19
timeStep,numberOfRobotsOnBlackSite,numberOfRobotsOnWhiteSite
27371,26,19
timeStep,numberOfRobotsOnBlackSite,numberOfRobotsOnWhiteSite
27372,26,19
timeStep,numberOfRobotsOnBlackSite,numberOfRobotsOnWhiteSite
27373,26,19
timeStep,numberOfRobotsOnBlackSite,numberOfRobotsOnWhiteSite
27374,26,19
timeStep,numberOfRobotsOnBlackSite,numberOfRobotsOnWhiteSite
27375,26,19
timeStep,numberOfRobotsOnBlackSite,numberOfRobotsOnWhiteSite
27376,26,19
timeStep,numberOfRobotsOnBlackSite,numberOfRobotsOnWhiteSite
27377,26,19
timeStep,numberOfRobotsOnBlackSite,numberOfRobotsOnWhiteSite
27378,26,19
timeStep,numberOfRobotsOnBlackSite,numberOfRobotsOnWhiteSite
27379,26,19
timeStep,numberOfRobotsOnBlackSite,numberOfRobotsOnWhiteSite
27380,25,19
timeStep,numberOfRobotsOnBlackSite,numberOfRobotsOnWhiteSite
27381,25,19
timeStep,numberOfRobotsOnBlackSite,numberOfRobotsOnWhiteSite
27382,25,19
timeStep,numberOfRobotsOnBlackSite,numberOfRobotsOnWhiteSite
27383,25,19
timeStep,numberOfRobotsOnBlackSite,numberOfRobotsOnWhiteSite
27384,25,19
timeStep,numberOfRobotsOnBlackSite,numberOfRobotsOnWhiteSite
27385,25,18
timeStep,numberOfRobotsOnBlackSite,numberOfRobotsOnWhiteSite
27386,25,18
timeStep,numberOfRobotsOnBlackSite,numberOfRobotsOnWhiteSite
27387,25,18
timeStep,numberOfRobotsOnBlackSite,numberOfRobotsOnWhiteSite
27388,25,18
timeStep,numberOfRobotsOnBlackSite,numberOfRobotsOnWhiteSite
27389,25,18
timeStep,numberOfRobotsOnBlackSite,numberOfRobotsOnWhiteSite
27390,25,18
timeStep,numberOfRobotsOnBlackSite,numberOfRobotsOnWhiteSite
27391,25,18
timeStep,numberOfRobotsOnBlackSite,numberOfRobotsOnWhiteSite
27392,25,18
timeStep,numberOfRobotsOnBlackSite,numberOfRobotsOnWhiteSite
27393,25,18
timeStep,numberOfRobotsOnBlackSite,numberOfRobotsOnWhiteSite
27394,25,18
timeStep,numberOfRobotsOnBlackSite,numberOfRobotsOnWhiteSite
27395,26,18
timeStep,numberOfRobotsOnBlackSite,numberOfRobotsOnWhiteSite
27396,26,18
timeStep,numberOfRobotsOnBlackSite,numberOfRobotsOnWhiteSite
27397,26,18
timeStep,numberOfRobotsOnBlackSite,numberOfRobotsOnWhiteSite
27398,26,18
timeStep,numberOfRobotsOnBlackSite,numberOfRobotsOnWhiteSite
27399,26,18
timeStep,numberOfRobotsOnBlackSite,numberOfRobotsOnWhiteSite
27400,26,18
timeStep,numberOfRobotsOnBlackSite,numberOfRobotsOnWhiteSite
27401,26,18
timeStep,numberOfRobotsOnBlackSite,numberOfRobotsOnWhiteSite
27402,26,18
timeStep,numberOfRobotsOnBlackSite,numberOfRobotsOnWhiteSite
27403,26,18
timeStep,numberOfRobotsOnBlackSite,numberOfRobotsOnWhiteSite
27404,26,18
timeStep,numberOfRobotsOnBlackSite,numberOfRobotsOnWhiteSite
27405,26,18
timeStep,numberOfRobotsOnBlackSite,numberOfRobotsOnWhiteSite
27406,26,18
timeStep,numberOfRobotsOnBlackSite,numberOfRobotsOnWhiteSite
27407,26,18
timeStep,numberOfRobotsOnBlackSite,numberOfRobotsOnWhiteSite
27408,26,18
timeStep,numberOfRobotsOnBlackSite,numberOfRobotsOnWhiteSite
27409,26,18
timeStep,numberOfRobotsOnBlackSite,numberOfRobotsOnWhiteSite
27410,27,18
timeStep,numberOfRobotsOnBlackSite,numberOfRobotsOnWhiteSite
27411,27,18
timeStep,numberOfRobotsOnBlackSite,numberOfRobotsOnWhiteSite
27412,27,18
timeStep,numberOfRobotsOnBlackSite,numberOfRobotsOnWhiteSite
27413,27,18
timeStep,numberOfRobotsOnBlackSite,numberOfRobotsOnWhiteSite
27414,27,18
timeStep,numberOfRobotsOnBlackSite,numberOfRobotsOnWhiteSite
27415,27,18
timeStep,numberOfRobotsOnBlackSite,numberOfRobotsOnWhiteSite
27416,27,18
timeStep,numberOfRobotsOnBlackSite,numberOfRobotsOnWhiteSite
27417,27,18
timeStep,numberOfRobotsOnBlackSite,numberOfRobotsOnWhiteSite
27418,27,18
timeStep,numberOfRobotsOnBlackSite,numberOfRobotsOnWhiteSite
27419,27,18
timeStep,numberOfRobotsOnBlackSite,numberOfRobotsOnWhiteSite
27420,27,18
timeStep,numberOfRobotsOnBlackSite,numberOfRobotsOnWhiteSite
27421,27,18
timeStep,numberOfRobotsOnBlackSite,numberOfRobotsOnWhiteSite
27422,27,18
timeStep,numberOfRobotsOnBlackSite,numberOfRobotsOnWhiteSite
27423,27,18
timeStep,numberOfRobotsOnBlackSite,numberOfRobotsOnWhiteSite
27424,27,18
timeStep,numberOfRobotsOnBlackSite,numberOfRobotsOnWhiteSite
27425,27,18
timeStep,numberOfRobotsOnBlackSite,numberOfRobotsOnWhiteSite
27426,27,18
timeStep,numberOfRobotsOnBlackSite,numberOfRobotsOnWhiteSite
27427,27,18
timeStep,numberOfRobotsOnBlackSite,numberOfRobotsOnWhiteSite
27428,27,18
timeStep,numberOfRobotsOnBlackSite,numberOfRobotsOnWhiteSite
27429,27,18
timeStep,numberOfRobotsOnBlackSite,numberOfRobotsOnWhiteSite
27430,27,18
timeStep,numberOfRobotsOnBlackSite,numberOfRobotsOnWhiteSite
27431,27,18
timeStep,numberOfRobotsOnBlackSite,numberOfRobotsOnWhiteSite
27432,27,18
timeStep,numberOfRobotsOnBlackSite,numberOfRobotsOnWhiteSite
27433,27,18
timeStep,numberOfRobotsOnBlackSite,numberOfRobotsOnWhiteSite
27434,27,18
timeStep,numberOfRobotsOnBlackSite,numberOfRobotsOnWhiteSite
27435,27,18
timeStep,numberOfRobotsOnBlackSite,numberOfRobotsOnWhiteSite
27436,27,18
timeStep,numberOfRobotsOnBlackSite,numberOfRobotsOnWhiteSite
27437,27,18
timeStep,numberOfRobotsOnBlackSite,numberOfRobotsOnWhiteSite
27438,27,18
timeStep,numberOfRobotsOnBlackSite,numberOfRobotsOnWhiteSite
27439,27,18
timeStep,numberOfRobotsOnBlackSite,numberOfRobotsOnWhiteSite
27440,27,18
timeStep,numberOfRobotsOnBlackSite,numberOfRobotsOnWhiteSite
27441,27,18
timeStep,numberOfRobotsOnBlackSite,numberOfRobotsOnWhiteSite
27442,27,18
timeStep,numberOfRobotsOnBlackSite,numberOfRobotsOnWhiteSite
27443,27,18
timeStep,numberOfRobotsOnBlackSite,numberOfRobotsOnWhiteSite
27444,27,18
timeStep,numberOfRobotsOnBlackSite,numberOfRobotsOnWhiteSite
27445,27,18
timeStep,numberOfRobotsOnBlackSite,numberOfRobotsOnWhiteSite
27446,27,18
timeStep,numberOfRobotsOnBlackSite,numberOfRobotsOnWhiteSite
27447,27,18
timeStep,numberOfRobotsOnBlackSite,numberOfRobotsOnWhiteSite
27448,27,18
timeStep,numberOfRobotsOnBlackSite,numberOfRobotsOnWhiteSite
27449,27,18
timeStep,numberOfRobotsOnBlackSite,numberOfRobotsOnWhiteSite
27450,27,18
timeStep,numberOfRobotsOnBlackSite,numberOfRobotsOnWhiteSite
27451,27,18
timeStep,numberOfRobotsOnBlackSite,numberOfRobotsOnWhiteSite
27452,27,18
timeStep,numberOfRobotsOnBlackSite,numberOfRobotsOnWhiteSite
27453,27,18
timeStep,numberOfRobotsOnBlackSite,numberOfRobotsOnWhiteSite
27454,27,18
timeStep,numberOfRobotsOnBlackSite,numberOfRobotsOnWhiteSite
27455,27,19
timeStep,numberOfRobotsOnBlackSite,numberOfRobotsOnWhiteSite
27456,27,19
timeStep,numberOfRobotsOnBlackSite,numberOfRobotsOnWhiteSite
27457,27,19
timeStep,numberOfRobotsOnBlackSite,numberOfRobotsOnWhiteSite
27458,27,19
timeStep,numberOfRobotsOnBlackSite,numberOfRobotsOnWhiteSite
27459,27,19
timeStep,numberOfRobotsOnBlackSite,numberOfRobotsOnWhiteSite
27460,27,19
timeStep,numberOfRobotsOnBlackSite,numberOfRobotsOnWhiteSite
27461,27,19
timeStep,numberOfRobotsOnBlackSite,numberOfRobotsOnWhiteSite
27462,27,19
timeStep,numberOfRobotsOnBlackSite,numberOfRobotsOnWhiteSite
27463,27,19
timeStep,numberOfRobotsOnBlackSite,numberOfRobotsOnWhiteSite
27464,27,19
timeStep,numberOfRobotsOnBlackSite,numberOfRobotsOnWhiteSite
27465,26,19
timeStep,numberOfRobotsOnBlackSite,numberOfRobotsOnWhiteSite
27466,26,19
timeStep,numberOfRobotsOnBlackSite,numberOfRobotsOnWhiteSite
27467,26,19
timeStep,numberOfRobotsOnBlackSite,numberOfRobotsOnWhiteSite
27468,26,19
timeStep,numberOfRobotsOnBlackSite,numberOfRobotsOnWhiteSite
27469,26,19
timeStep,numberOfRobotsOnBlackSite,numberOfRobotsOnWhiteSite
27470,26,19
timeStep,numberOfRobotsOnBlackSite,numberOfRobotsOnWhiteSite
27471,26,19
timeStep,numberOfRobotsOnBlackSite,numberOfRobotsOnWhiteSite
27472,26,19
timeStep,numberOfRobotsOnBlackSite,numberOfRobotsOnWhiteSite
27473,26,19
timeStep,numberOfRobotsOnBlackSite,numberOfRobotsOnWhiteSite
27474,26,19
timeStep,numberOfRobotsOnBlackSite,numberOfRobotsOnWhiteSite
27475,26,19
timeStep,numberOfRobotsOnBlackSite,numberOfRobotsOnWhiteSite
27476,26,19
timeStep,numberOfRobotsOnBlackSite,numberOfRobotsOnWhiteSite
27477,26,19
timeStep,numberOfRobotsOnBlackSite,numberOfRobotsOnWhiteSite
27478,26,19
timeStep,numberOfRobotsOnBlackSite,numberOfRobotsOnWhiteSite
27479,26,19
timeStep,numberOfRobotsOnBlackSite,numberOfRobotsOnWhiteSite
27480,26,19
timeStep,numberOfRobotsOnBlackSite,numberOfRobotsOnWhiteSite
27481,26,19
timeStep,numberOfRobotsOnBlackSite,numberOfRobotsOnWhiteSite
27482,26,19
timeStep,numberOfRobotsOnBlackSite,numberOfRobotsOnWhiteSite
27483,26,19
timeStep,numberOfRobotsOnBlackSite,numberOfRobotsOnWhiteSite
27484,26,19
timeStep,numberOfRobotsOnBlackSite,numberOfRobotsOnWhiteSite
27485,26,19
timeStep,numberOfRobotsOnBlackSite,numberOfRobotsOnWhiteSite
27486,26,19
timeStep,numberOfRobotsOnBlackSite,numberOfRobotsOnWhiteSite
27487,26,19
timeStep,numberOfRobotsOnBlackSite,numberOfRobotsOnWhiteSite
27488,26,19
timeStep,numberOfRobotsOnBlackSite,numberOfRobotsOnWhiteSite
27489,26,19
timeStep,numberOfRobotsOnBlackSite,numberOfRobotsOnWhiteSite
27490,26,19
timeStep,numberOfRobotsOnBlackSite,numberOfRobotsOnWhiteSite
27491,26,19
timeStep,numberOfRobotsOnBlackSite,numberOfRobotsOnWhiteSite
27492,26,19
timeStep,numberOfRobotsOnBlackSite,numberOfRobotsOnWhiteSite
27493,26,19
timeStep,numberOfRobotsOnBlackSite,numberOfRobotsOnWhiteSite
27494,26,19
timeStep,numberOfRobotsOnBlackSite,numberOfRobotsOnWhiteSite
27495,26,19
timeStep,numberOfRobotsOnBlackSite,numberOfRobotsOnWhiteSite
27496,26,19
timeStep,numberOfRobotsOnBlackSite,numberOfRobotsOnWhiteSite
27497,26,19
timeStep,numberOfRobotsOnBlackSite,numberOfRobotsOnWhiteSite
27498,26,19
timeStep,numberOfRobotsOnBlackSite,numberOfRobotsOnWhiteSite
27499,26,19
timeStep,numberOfRobotsOnBlackSite,numberOfRobotsOnWhiteSite
27500,26,19
timeStep,numberOfRobotsOnBlackSite,numberOfRobotsOnWhiteSite
27501,26,19
timeStep,numberOfRobotsOnBlackSite,numberOfRobotsOnWhiteSite
27502,26,19
timeStep,numberOfRobotsOnBlackSite,numberOfRobotsOnWhiteSite
27503,26,19
timeStep,numberOfRobotsOnBlackSite,numberOfRobotsOnWhiteSite
27504,26,19
timeStep,numberOfRobotsOnBlackSite,numberOfRobotsOnWhiteSite
27505,26,19
timeStep,numberOfRobotsOnBlackSite,numberOfRobotsOnWhiteSite
27506,26,19
timeStep,numberOfRobotsOnBlackSite,numberOfRobotsOnWhiteSite
27507,26,19
timeStep,numberOfRobotsOnBlackSite,numberOfRobotsOnWhiteSite
27508,26,19
timeStep,numberOfRobotsOnBlackSite,numberOfRobotsOnWhiteSite
27509,26,19
timeStep,numberOfRobotsOnBlackSite,numberOfRobotsOnWhiteSite
27510,26,19
timeStep,numberOfRobotsOnBlackSite,numberOfRobotsOnWhiteSite
27511,26,19
timeStep,numberOfRobotsOnBlackSite,numberOfRobotsOnWhiteSite
27512,26,19
timeStep,numberOfRobotsOnBlackSite,numberOfRobotsOnWhiteSite
27513,26,19
timeStep,numberOfRobotsOnBlackSite,numberOfRobotsOnWhiteSite
27514,26,19
timeStep,numberOfRobotsOnBlackSite,numberOfRobotsOnWhiteSite
27515,26,19
timeStep,numberOfRobotsOnBlackSite,numberOfRobotsOnWhiteSite
27516,26,19
timeStep,numberOfRobotsOnBlackSite,numberOfRobotsOnWhiteSite
27517,26,19
timeStep,numberOfRobotsOnBlackSite,numberOfRobotsOnWhiteSite
27518,26,19
timeStep,numberOfRobotsOnBlackSite,numberOfRobotsOnWhiteSite
27519,26,19
timeStep,numberOfRobotsOnBlackSite,numberOfRobotsOnWhiteSite
27520,26,19
timeStep,numberOfRobotsOnBlackSite,numberOfRobotsOnWhiteSite
27521,26,19
timeStep,numberOfRobotsOnBlackSite,numberOfRobotsOnWhiteSite
27522,26,19
timeStep,numberOfRobotsOnBlackSite,numberOfRobotsOnWhiteSite
27523,26,19
timeStep,numberOfRobotsOnBlackSite,numberOfRobotsOnWhiteSite
27524,26,19
timeStep,numberOfRobotsOnBlackSite,numberOfRobotsOnWhiteSite
27525,26,19
timeStep,numberOfRobotsOnBlackSite,numberOfRobotsOnWhiteSite
27526,26,19
timeStep,numberOfRobotsOnBlackSite,numberOfRobotsOnWhiteSite
27527,26,19
timeStep,numberOfRobotsOnBlackSite,numberOfRobotsOnWhiteSite
27528,26,19
timeStep,numberOfRobotsOnBlackSite,numberOfRobotsOnWhiteSite
27529,26,19
timeStep,numberOfRobotsOnBlackSite,numberOfRobotsOnWhiteSite
27530,26,19
timeStep,numberOfRobotsOnBlackSite,numberOfRobotsOnWhiteSite
27531,26,19
timeStep,numberOfRobotsOnBlackSite,numberOfRobotsOnWhiteSite
27532,26,19
timeStep,numberOfRobotsOnBlackSite,numberOfRobotsOnWhiteSite
27533,26,19
timeStep,numberOfRobotsOnBlackSite,numberOfRobotsOnWhiteSite
27534,26,19
timeStep,numberOfRobotsOnBlackSite,numberOfRobotsOnWhiteSite
27535,26,19
timeStep,numberOfRobotsOnBlackSite,numberOfRobotsOnWhiteSite
27536,26,19
timeStep,numberOfRobotsOnBlackSite,numberOfRobotsOnWhiteSite
27537,26,19
timeStep,numberOfRobotsOnBlackSite,numberOfRobotsOnWhiteSite
27538,26,19
timeStep,numberOfRobotsOnBlackSite,numberOfRobotsOnWhiteSite
27539,26,19
timeStep,numberOfRobotsOnBlackSite,numberOfRobotsOnWhiteSite
27540,27,19
timeStep,numberOfRobotsOnBlackSite,numberOfRobotsOnWhiteSite
27541,27,19
timeStep,numberOfRobotsOnBlackSite,numberOfRobotsOnWhiteSite
27542,27,19
timeStep,numberOfRobotsOnBlackSite,numberOfRobotsOnWhiteSite
27543,27,19
timeStep,numberOfRobotsOnBlackSite,numberOfRobotsOnWhiteSite
27544,27,19
timeStep,numberOfRobotsOnBlackSite,numberOfRobotsOnWhiteSite
27545,27,19
timeStep,numberOfRobotsOnBlackSite,numberOfRobotsOnWhiteSite
27546,27,19
timeStep,numberOfRobotsOnBlackSite,numberOfRobotsOnWhiteSite
27547,27,19
timeStep,numberOfRobotsOnBlackSite,numberOfRobotsOnWhiteSite
27548,27,19
timeStep,numberOfRobotsOnBlackSite,numberOfRobotsOnWhiteSite
27549,27,19
timeStep,numberOfRobotsOnBlackSite,numberOfRobotsOnWhiteSite
27550,27,19
timeStep,numberOfRobotsOnBlackSite,numberOfRobotsOnWhiteSite
27551,27,19
timeStep,numberOfRobotsOnBlackSite,numberOfRobotsOnWhiteSite
27552,27,19
timeStep,numberOfRobotsOnBlackSite,numberOfRobotsOnWhiteSite
27553,27,19
timeStep,numberOfRobotsOnBlackSite,numberOfRobotsOnWhiteSite
27554,27,19
timeStep,numberOfRobotsOnBlackSite,numberOfRobotsOnWhiteSite
27555,27,19
timeStep,numberOfRobotsOnBlackSite,numberOfRobotsOnWhiteSite
27556,27,19
timeStep,numberOfRobotsOnBlackSite,numberOfRobotsOnWhiteSite
27557,27,19
timeStep,numberOfRobotsOnBlackSite,numberOfRobotsOnWhiteSite
27558,27,19
timeStep,numberOfRobotsOnBlackSite,numberOfRobotsOnWhiteSite
27559,27,19
timeStep,numberOfRobotsOnBlackSite,numberOfRobotsOnWhiteSite
27560,27,19
timeStep,numberOfRobotsOnBlackSite,numberOfRobotsOnWhiteSite
27561,27,19
timeStep,numberOfRobotsOnBlackSite,numberOfRobotsOnWhiteSite
27562,27,19
timeStep,numberOfRobotsOnBlackSite,numberOfRobotsOnWhiteSite
27563,27,19
timeStep,numberOfRobotsOnBlackSite,numberOfRobotsOnWhiteSite
27564,27,19
timeStep,numberOfRobotsOnBlackSite,numberOfRobotsOnWhiteSite
27565,26,19
timeStep,numberOfRobotsOnBlackSite,numberOfRobotsOnWhiteSite
27566,26,19
timeStep,numberOfRobotsOnBlackSite,numberOfRobotsOnWhiteSite
27567,26,19
timeStep,numberOfRobotsOnBlackSite,numberOfRobotsOnWhiteSite
27568,26,19
timeStep,numberOfRobotsOnBlackSite,numberOfRobotsOnWhiteSite
27569,26,19
timeStep,numberOfRobotsOnBlackSite,numberOfRobotsOnWhiteSite
27570,26,19
timeStep,numberOfRobotsOnBlackSite,numberOfRobotsOnWhiteSite
27571,26,19
timeStep,numberOfRobotsOnBlackSite,numberOfRobotsOnWhiteSite
27572,26,19
timeStep,numberOfRobotsOnBlackSite,numberOfRobotsOnWhiteSite
27573,26,19
timeStep,numberOfRobotsOnBlackSite,numberOfRobotsOnWhiteSite
27574,26,19
timeStep,numberOfRobotsOnBlackSite,numberOfRobotsOnWhiteSite
27575,26,19
timeStep,numberOfRobotsOnBlackSite,numberOfRobotsOnWhiteSite
27576,26,19
timeStep,numberOfRobotsOnBlackSite,numberOfRobotsOnWhiteSite
27577,26,19
timeStep,numberOfRobotsOnBlackSite,numberOfRobotsOnWhiteSite
27578,26,19
timeStep,numberOfRobotsOnBlackSite,numberOfRobotsOnWhiteSite
27579,26,19
timeStep,numberOfRobotsOnBlackSite,numberOfRobotsOnWhiteSite
27580,26,19
timeStep,numberOfRobotsOnBlackSite,numberOfRobotsOnWhiteSite
27581,26,19
timeStep,numberOfRobotsOnBlackSite,numberOfRobotsOnWhiteSite
27582,26,19
timeStep,numberOfRobotsOnBlackSite,numberOfRobotsOnWhiteSite
27583,26,19
timeStep,numberOfRobotsOnBlackSite,numberOfRobotsOnWhiteSite
27584,26,19
timeStep,numberOfRobotsOnBlackSite,numberOfRobotsOnWhiteSite
27585,26,19
timeStep,numberOfRobotsOnBlackSite,numberOfRobotsOnWhiteSite
27586,26,19
timeStep,numberOfRobotsOnBlackSite,numberOfRobotsOnWhiteSite
27587,26,19
timeStep,numberOfRobotsOnBlackSite,numberOfRobotsOnWhiteSite
27588,26,19
timeStep,numberOfRobotsOnBlackSite,numberOfRobotsOnWhiteSite
27589,26,19
timeStep,numberOfRobotsOnBlackSite,numberOfRobotsOnWhiteSite
27590,26,19
timeStep,numberOfRobotsOnBlackSite,numberOfRobotsOnWhiteSite
27591,26,19
timeStep,numberOfRobotsOnBlackSite,numberOfRobotsOnWhiteSite
27592,26,19
timeStep,numberOfRobotsOnBlackSite,numberOfRobotsOnWhiteSite
27593,26,19
timeStep,numberOfRobotsOnBlackSite,numberOfRobotsOnWhiteSite
27594,26,19
timeStep,numberOfRobotsOnBlackSite,numberOfRobotsOnWhiteSite
27595,26,19
timeStep,numberOfRobotsOnBlackSite,numberOfRobotsOnWhiteSite
27596,26,19
timeStep,numberOfRobotsOnBlackSite,numberOfRobotsOnWhiteSite
27597,26,19
timeStep,numberOfRobotsOnBlackSite,numberOfRobotsOnWhiteSite
27598,26,19
timeStep,numberOfRobotsOnBlackSite,numberOfRobotsOnWhiteSite
27599,26,19
timeStep,numberOfRobotsOnBlackSite,numberOfRobotsOnWhiteSite
27600,26,19
timeStep,numberOfRobotsOnBlackSite,numberOfRobotsOnWhiteSite
27601,26,19
timeStep,numberOfRobotsOnBlackSite,numberOfRobotsOnWhiteSite
27602,26,19
timeStep,numberOfRobotsOnBlackSite,numberOfRobotsOnWhiteSite
27603,26,19
timeStep,numberOfRobotsOnBlackSite,numberOfRobotsOnWhiteSite
27604,26,19
timeStep,numberOfRobotsOnBlackSite,numberOfRobotsOnWhiteSite
27605,26,19
timeStep,numberOfRobotsOnBlackSite,numberOfRobotsOnWhiteSite
27606,26,19
timeStep,numberOfRobotsOnBlackSite,numberOfRobotsOnWhiteSite
27607,26,19
timeStep,numberOfRobotsOnBlackSite,numberOfRobotsOnWhiteSite
27608,26,19
timeStep,numberOfRobotsOnBlackSite,numberOfRobotsOnWhiteSite
27609,26,19
timeStep,numberOfRobotsOnBlackSite,numberOfRobotsOnWhiteSite
27610,26,19
timeStep,numberOfRobotsOnBlackSite,numberOfRobotsOnWhiteSite
27611,26,19
timeStep,numberOfRobotsOnBlackSite,numberOfRobotsOnWhiteSite
27612,26,19
timeStep,numberOfRobotsOnBlackSite,numberOfRobotsOnWhiteSite
27613,26,19
timeStep,numberOfRobotsOnBlackSite,numberOfRobotsOnWhiteSite
27614,26,19
timeStep,numberOfRobotsOnBlackSite,numberOfRobotsOnWhiteSite
27615,26,19
timeStep,numberOfRobotsOnBlackSite,numberOfRobotsOnWhiteSite
27616,26,19
timeStep,numberOfRobotsOnBlackSite,numberOfRobotsOnWhiteSite
27617,26,19
timeStep,numberOfRobotsOnBlackSite,numberOfRobotsOnWhiteSite
27618,26,19
timeStep,numberOfRobotsOnBlackSite,numberOfRobotsOnWhiteSite
27619,26,19
timeStep,numberOfRobotsOnBlackSite,numberOfRobotsOnWhiteSite
27620,26,19
timeStep,numberOfRobotsOnBlackSite,numberOfRobotsOnWhiteSite
27621,26,19
timeStep,numberOfRobotsOnBlackSite,numberOfRobotsOnWhiteSite
27622,26,19
timeStep,numberOfRobotsOnBlackSite,numberOfRobotsOnWhiteSite
27623,26,19
timeStep,numberOfRobotsOnBlackSite,numberOfRobotsOnWhiteSite
27624,26,19
timeStep,numberOfRobotsOnBlackSite,numberOfRobotsOnWhiteSite
27625,26,19
timeStep,numberOfRobotsOnBlackSite,numberOfRobotsOnWhiteSite
27626,26,19
timeStep,numberOfRobotsOnBlackSite,numberOfRobotsOnWhiteSite
27627,26,19
timeStep,numberOfRobotsOnBlackSite,numberOfRobotsOnWhiteSite
27628,26,19
timeStep,numberOfRobotsOnBlackSite,numberOfRobotsOnWhiteSite
27629,26,19
timeStep,numberOfRobotsOnBlackSite,numberOfRobotsOnWhiteSite
27630,26,19
timeStep,numberOfRobotsOnBlackSite,numberOfRobotsOnWhiteSite
27631,26,19
timeStep,numberOfRobotsOnBlackSite,numberOfRobotsOnWhiteSite
27632,26,19
timeStep,numberOfRobotsOnBlackSite,numberOfRobotsOnWhiteSite
27633,26,19
timeStep,numberOfRobotsOnBlackSite,numberOfRobotsOnWhiteSite
27634,26,19
timeStep,numberOfRobotsOnBlackSite,numberOfRobotsOnWhiteSite
27635,27,19
timeStep,numberOfRobotsOnBlackSite,numberOfRobotsOnWhiteSite
27636,27,19
timeStep,numberOfRobotsOnBlackSite,numberOfRobotsOnWhiteSite
27637,27,19
timeStep,numberOfRobotsOnBlackSite,numberOfRobotsOnWhiteSite
27638,27,19
timeStep,numberOfRobotsOnBlackSite,numberOfRobotsOnWhiteSite
27639,27,19
timeStep,numberOfRobotsOnBlackSite,numberOfRobotsOnWhiteSite
27640,27,19
timeStep,numberOfRobotsOnBlackSite,numberOfRobotsOnWhiteSite
27641,27,19
timeStep,numberOfRobotsOnBlackSite,numberOfRobotsOnWhiteSite
27642,27,19
timeStep,numberOfRobotsOnBlackSite,numberOfRobotsOnWhiteSite
27643,27,19
timeStep,numberOfRobotsOnBlackSite,numberOfRobotsOnWhiteSite
27644,27,19
timeStep,numberOfRobotsOnBlackSite,numberOfRobotsOnWhiteSite
27645,27,19
timeStep,numberOfRobotsOnBlackSite,numberOfRobotsOnWhiteSite
27646,27,19
timeStep,numberOfRobotsOnBlackSite,numberOfRobotsOnWhiteSite
27647,27,19
timeStep,numberOfRobotsOnBlackSite,numberOfRobotsOnWhiteSite
27648,27,19
timeStep,numberOfRobotsOnBlackSite,numberOfRobotsOnWhiteSite
27649,27,19
timeStep,numberOfRobotsOnBlackSite,numberOfRobotsOnWhiteSite
27650,27,19
timeStep,numberOfRobotsOnBlackSite,numberOfRobotsOnWhiteSite
27651,27,19
timeStep,numberOfRobotsOnBlackSite,numberOfRobotsOnWhiteSite
27652,27,19
timeStep,numberOfRobotsOnBlackSite,numberOfRobotsOnWhiteSite
27653,27,19
timeStep,numberOfRobotsOnBlackSite,numberOfRobotsOnWhiteSite
27654,27,19
timeStep,numberOfRobotsOnBlackSite,numberOfRobotsOnWhiteSite
27655,27,19
timeStep,numberOfRobotsOnBlackSite,numberOfRobotsOnWhiteSite
27656,27,19
timeStep,numberOfRobotsOnBlackSite,numberOfRobotsOnWhiteSite
27657,27,19
timeStep,numberOfRobotsOnBlackSite,numberOfRobotsOnWhiteSite
27658,27,19
timeStep,numberOfRobotsOnBlackSite,numberOfRobotsOnWhiteSite
27659,27,19
timeStep,numberOfRobotsOnBlackSite,numberOfRobotsOnWhiteSite
27660,27,19
timeStep,numberOfRobotsOnBlackSite,numberOfRobotsOnWhiteSite
27661,27,19
timeStep,numberOfRobotsOnBlackSite,numberOfRobotsOnWhiteSite
27662,27,19
timeStep,numberOfRobotsOnBlackSite,numberOfRobotsOnWhiteSite
27663,27,19
timeStep,numberOfRobotsOnBlackSite,numberOfRobotsOnWhiteSite
27664,27,19
timeStep,numberOfRobotsOnBlackSite,numberOfRobotsOnWhiteSite
27665,27,19
timeStep,numberOfRobotsOnBlackSite,numberOfRobotsOnWhiteSite
27666,27,19
timeStep,numberOfRobotsOnBlackSite,numberOfRobotsOnWhiteSite
27667,27,19
timeStep,numberOfRobotsOnBlackSite,numberOfRobotsOnWhiteSite
27668,27,19
timeStep,numberOfRobotsOnBlackSite,numberOfRobotsOnWhiteSite
27669,27,19
timeStep,numberOfRobotsOnBlackSite,numberOfRobotsOnWhiteSite
27670,27,19
timeStep,numberOfRobotsOnBlackSite,numberOfRobotsOnWhiteSite
27671,27,19
timeStep,numberOfRobotsOnBlackSite,numberOfRobotsOnWhiteSite
27672,27,19
timeStep,numberOfRobotsOnBlackSite,numberOfRobotsOnWhiteSite
27673,27,19
timeStep,numberOfRobotsOnBlackSite,numberOfRobotsOnWhiteSite
27674,27,19
timeStep,numberOfRobotsOnBlackSite,numberOfRobotsOnWhiteSite
27675,27,19
timeStep,numberOfRobotsOnBlackSite,numberOfRobotsOnWhiteSite
27676,27,19
timeStep,numberOfRobotsOnBlackSite,numberOfRobotsOnWhiteSite
27677,27,19
timeStep,numberOfRobotsOnBlackSite,numberOfRobotsOnWhiteSite
27678,27,19
timeStep,numberOfRobotsOnBlackSite,numberOfRobotsOnWhiteSite
27679,27,19
timeStep,numberOfRobotsOnBlackSite,numberOfRobotsOnWhiteSite
27680,27,19
timeStep,numberOfRobotsOnBlackSite,numberOfRobotsOnWhiteSite
27681,27,19
timeStep,numberOfRobotsOnBlackSite,numberOfRobotsOnWhiteSite
27682,27,19
timeStep,numberOfRobotsOnBlackSite,numberOfRobotsOnWhiteSite
27683,27,19
timeStep,numberOfRobotsOnBlackSite,numberOfRobotsOnWhiteSite
27684,27,19
timeStep,numberOfRobotsOnBlackSite,numberOfRobotsOnWhiteSite
27685,27,19
timeStep,numberOfRobotsOnBlackSite,numberOfRobotsOnWhiteSite
27686,27,19
timeStep,numberOfRobotsOnBlackSite,numberOfRobotsOnWhiteSite
27687,27,19
timeStep,numberOfRobotsOnBlackSite,numberOfRobotsOnWhiteSite
27688,27,19
timeStep,numberOfRobotsOnBlackSite,numberOfRobotsOnWhiteSite
27689,27,19
timeStep,numberOfRobotsOnBlackSite,numberOfRobotsOnWhiteSite
27690,27,19
timeStep,numberOfRobotsOnBlackSite,numberOfRobotsOnWhiteSite
27691,27,19
timeStep,numberOfRobotsOnBlackSite,numberOfRobotsOnWhiteSite
27692,27,19
timeStep,numberOfRobotsOnBlackSite,numberOfRobotsOnWhiteSite
27693,27,19
timeStep,numberOfRobotsOnBlackSite,numberOfRobotsOnWhiteSite
27694,27,19
timeStep,numberOfRobotsOnBlackSite,numberOfRobotsOnWhiteSite
27695,27,19
timeStep,numberOfRobotsOnBlackSite,numberOfRobotsOnWhiteSite
27696,27,19
timeStep,numberOfRobotsOnBlackSite,numberOfRobotsOnWhiteSite
27697,27,19
timeStep,numberOfRobotsOnBlackSite,numberOfRobotsOnWhiteSite
27698,27,19
timeStep,numberOfRobotsOnBlackSite,numberOfRobotsOnWhiteSite
27699,27,19
timeStep,numberOfRobotsOnBlackSite,numberOfRobotsOnWhiteSite
27700,27,19
timeStep,numberOfRobotsOnBlackSite,numberOfRobotsOnWhiteSite
27701,27,19
timeStep,numberOfRobotsOnBlackSite,numberOfRobotsOnWhiteSite
27702,27,19
timeStep,numberOfRobotsOnBlackSite,numberOfRobotsOnWhiteSite
27703,27,19
timeStep,numberOfRobotsOnBlackSite,numberOfRobotsOnWhiteSite
27704,27,19
timeStep,numberOfRobotsOnBlackSite,numberOfRobotsOnWhiteSite
27705,27,19
timeStep,numberOfRobotsOnBlackSite,numberOfRobotsOnWhiteSite
27706,27,19
timeStep,numberOfRobotsOnBlackSite,numberOfRobotsOnWhiteSite
27707,27,19
timeStep,numberOfRobotsOnBlackSite,numberOfRobotsOnWhiteSite
27708,27,19
timeStep,numberOfRobotsOnBlackSite,numberOfRobotsOnWhiteSite
27709,27,19
timeStep,numberOfRobotsOnBlackSite,numberOfRobotsOnWhiteSite
27710,27,19
timeStep,numberOfRobotsOnBlackSite,numberOfRobotsOnWhiteSite
27711,27,19
timeStep,numberOfRobotsOnBlackSite,numberOfRobotsOnWhiteSite
27712,27,19
timeStep,numberOfRobotsOnBlackSite,numberOfRobotsOnWhiteSite
27713,27,19
timeStep,numberOfRobotsOnBlackSite,numberOfRobotsOnWhiteSite
27714,27,19
timeStep,numberOfRobotsOnBlackSite,numberOfRobotsOnWhiteSite
27715,27,19
timeStep,numberOfRobotsOnBlackSite,numberOfRobotsOnWhiteSite
27716,27,19
timeStep,numberOfRobotsOnBlackSite,numberOfRobotsOnWhiteSite
27717,27,19
timeStep,numberOfRobotsOnBlackSite,numberOfRobotsOnWhiteSite
27718,27,19
timeStep,numberOfRobotsOnBlackSite,numberOfRobotsOnWhiteSite
27719,27,19
timeStep,numberOfRobotsOnBlackSite,numberOfRobotsOnWhiteSite
27720,27,19
timeStep,numberOfRobotsOnBlackSite,numberOfRobotsOnWhiteSite
27721,27,19
timeStep,numberOfRobotsOnBlackSite,numberOfRobotsOnWhiteSite
27722,27,19
timeStep,numberOfRobotsOnBlackSite,numberOfRobotsOnWhiteSite
27723,27,19
timeStep,numberOfRobotsOnBlackSite,numberOfRobotsOnWhiteSite
27724,27,19
timeStep,numberOfRobotsOnBlackSite,numberOfRobotsOnWhiteSite
27725,27,19
timeStep,numberOfRobotsOnBlackSite,numberOfRobotsOnWhiteSite
27726,27,19
timeStep,numberOfRobotsOnBlackSite,numberOfRobotsOnWhiteSite
27727,27,19
timeStep,numberOfRobotsOnBlackSite,numberOfRobotsOnWhiteSite
27728,27,19
timeStep,numberOfRobotsOnBlackSite,numberOfRobotsOnWhiteSite
27729,27,19
timeStep,numberOfRobotsOnBlackSite,numberOfRobotsOnWhiteSite
27730,27,19
timeStep,numberOfRobotsOnBlackSite,numberOfRobotsOnWhiteSite
27731,27,19
timeStep,numberOfRobotsOnBlackSite,numberOfRobotsOnWhiteSite
27732,27,19
timeStep,numberOfRobotsOnBlackSite,numberOfRobotsOnWhiteSite
27733,27,19
timeStep,numberOfRobotsOnBlackSite,numberOfRobotsOnWhiteSite
27734,27,19
timeStep,numberOfRobotsOnBlackSite,numberOfRobotsOnWhiteSite
27735,27,19
timeStep,numberOfRobotsOnBlackSite,numberOfRobotsOnWhiteSite
27736,27,19
timeStep,numberOfRobotsOnBlackSite,numberOfRobotsOnWhiteSite
27737,27,19
timeStep,numberOfRobotsOnBlackSite,numberOfRobotsOnWhiteSite
27738,27,19
timeStep,numberOfRobotsOnBlackSite,numberOfRobotsOnWhiteSite
27739,27,19
timeStep,numberOfRobotsOnBlackSite,numberOfRobotsOnWhiteSite
27740,27,19
timeStep,numberOfRobotsOnBlackSite,numberOfRobotsOnWhiteSite
27741,27,19
timeStep,numberOfRobotsOnBlackSite,numberOfRobotsOnWhiteSite
27742,27,19
timeStep,numberOfRobotsOnBlackSite,numberOfRobotsOnWhiteSite
27743,27,19
timeStep,numberOfRobotsOnBlackSite,numberOfRobotsOnWhiteSite
27744,27,19
timeStep,numberOfRobotsOnBlackSite,numberOfRobotsOnWhiteSite
27745,27,19
timeStep,numberOfRobotsOnBlackSite,numberOfRobotsOnWhiteSite
27746,27,19
timeStep,numberOfRobotsOnBlackSite,numberOfRobotsOnWhiteSite
27747,27,19
timeStep,numberOfRobotsOnBlackSite,numberOfRobotsOnWhiteSite
27748,27,19
timeStep,numberOfRobotsOnBlackSite,numberOfRobotsOnWhiteSite
27749,27,19
timeStep,numberOfRobotsOnBlackSite,numberOfRobotsOnWhiteSite
27750,27,19
timeStep,numberOfRobotsOnBlackSite,numberOfRobotsOnWhiteSite
27751,27,19
timeStep,numberOfRobotsOnBlackSite,numberOfRobotsOnWhiteSite
27752,27,19
timeStep,numberOfRobotsOnBlackSite,numberOfRobotsOnWhiteSite
27753,27,19
timeStep,numberOfRobotsOnBlackSite,numberOfRobotsOnWhiteSite
27754,27,19
timeStep,numberOfRobotsOnBlackSite,numberOfRobotsOnWhiteSite
27755,27,19
timeStep,numberOfRobotsOnBlackSite,numberOfRobotsOnWhiteSite
27756,27,19
timeStep,numberOfRobotsOnBlackSite,numberOfRobotsOnWhiteSite
27757,27,19
timeStep,numberOfRobotsOnBlackSite,numberOfRobotsOnWhiteSite
27758,27,19
timeStep,numberOfRobotsOnBlackSite,numberOfRobotsOnWhiteSite
27759,27,19
timeStep,numberOfRobotsOnBlackSite,numberOfRobotsOnWhiteSite
27760,27,19
timeStep,numberOfRobotsOnBlackSite,numberOfRobotsOnWhiteSite
27761,27,19
timeStep,numberOfRobotsOnBlackSite,numberOfRobotsOnWhiteSite
27762,27,19
timeStep,numberOfRobotsOnBlackSite,numberOfRobotsOnWhiteSite
27763,27,19
timeStep,numberOfRobotsOnBlackSite,numberOfRobotsOnWhiteSite
27764,27,19
timeStep,numberOfRobotsOnBlackSite,numberOfRobotsOnWhiteSite
27765,27,19
timeStep,numberOfRobotsOnBlackSite,numberOfRobotsOnWhiteSite
27766,27,19
timeStep,numberOfRobotsOnBlackSite,numberOfRobotsOnWhiteSite
27767,27,19
timeStep,numberOfRobotsOnBlackSite,numberOfRobotsOnWhiteSite
27768,27,19
timeStep,numberOfRobotsOnBlackSite,numberOfRobotsOnWhiteSite
27769,27,19
timeStep,numberOfRobotsOnBlackSite,numberOfRobotsOnWhiteSite
27770,27,19
timeStep,numberOfRobotsOnBlackSite,numberOfRobotsOnWhiteSite
27771,27,19
timeStep,numberOfRobotsOnBlackSite,numberOfRobotsOnWhiteSite
27772,27,19
timeStep,numberOfRobotsOnBlackSite,numberOfRobotsOnWhiteSite
27773,27,19
timeStep,numberOfRobotsOnBlackSite,numberOfRobotsOnWhiteSite
27774,27,19
timeStep,numberOfRobotsOnBlackSite,numberOfRobotsOnWhiteSite
27775,27,19
timeStep,numberOfRobotsOnBlackSite,numberOfRobotsOnWhiteSite
27776,27,19
timeStep,numberOfRobotsOnBlackSite,numberOfRobotsOnWhiteSite
27777,27,19
timeStep,numberOfRobotsOnBlackSite,numberOfRobotsOnWhiteSite
27778,27,19
timeStep,numberOfRobotsOnBlackSite,numberOfRobotsOnWhiteSite
27779,27,19
timeStep,numberOfRobotsOnBlackSite,numberOfRobotsOnWhiteSite
27780,27,19
timeStep,numberOfRobotsOnBlackSite,numberOfRobotsOnWhiteSite
27781,27,19
timeStep,numberOfRobotsOnBlackSite,numberOfRobotsOnWhiteSite
27782,27,19
timeStep,numberOfRobotsOnBlackSite,numberOfRobotsOnWhiteSite
27783,27,19
timeStep,numberOfRobotsOnBlackSite,numberOfRobotsOnWhiteSite
27784,27,19
timeStep,numberOfRobotsOnBlackSite,numberOfRobotsOnWhiteSite
27785,27,18
timeStep,numberOfRobotsOnBlackSite,numberOfRobotsOnWhiteSite
27786,27,18
timeStep,numberOfRobotsOnBlackSite,numberOfRobotsOnWhiteSite
27787,27,18
timeStep,numberOfRobotsOnBlackSite,numberOfRobotsOnWhiteSite
27788,27,18
timeStep,numberOfRobotsOnBlackSite,numberOfRobotsOnWhiteSite
27789,27,18
timeStep,numberOfRobotsOnBlackSite,numberOfRobotsOnWhiteSite
27790,27,18
timeStep,numberOfRobotsOnBlackSite,numberOfRobotsOnWhiteSite
27791,27,18
timeStep,numberOfRobotsOnBlackSite,numberOfRobotsOnWhiteSite
27792,27,18
timeStep,numberOfRobotsOnBlackSite,numberOfRobotsOnWhiteSite
27793,27,18
timeStep,numberOfRobotsOnBlackSite,numberOfRobotsOnWhiteSite
27794,27,18
timeStep,numberOfRobotsOnBlackSite,numberOfRobotsOnWhiteSite
27795,27,18
timeStep,numberOfRobotsOnBlackSite,numberOfRobotsOnWhiteSite
27796,27,18
timeStep,numberOfRobotsOnBlackSite,numberOfRobotsOnWhiteSite
27797,27,18
timeStep,numberOfRobotsOnBlackSite,numberOfRobotsOnWhiteSite
27798,27,18
timeStep,numberOfRobotsOnBlackSite,numberOfRobotsOnWhiteSite
27799,27,18
timeStep,numberOfRobotsOnBlackSite,numberOfRobotsOnWhiteSite
27800,27,18
timeStep,numberOfRobotsOnBlackSite,numberOfRobotsOnWhiteSite
27801,27,18
timeStep,numberOfRobotsOnBlackSite,numberOfRobotsOnWhiteSite
27802,27,18
timeStep,numberOfRobotsOnBlackSite,numberOfRobotsOnWhiteSite
27803,27,18
timeStep,numberOfRobotsOnBlackSite,numberOfRobotsOnWhiteSite
27804,27,18
timeStep,numberOfRobotsOnBlackSite,numberOfRobotsOnWhiteSite
27805,27,18
timeStep,numberOfRobotsOnBlackSite,numberOfRobotsOnWhiteSite
27806,27,18
timeStep,numberOfRobotsOnBlackSite,numberOfRobotsOnWhiteSite
27807,27,18
timeStep,numberOfRobotsOnBlackSite,numberOfRobotsOnWhiteSite
27808,27,18
timeStep,numberOfRobotsOnBlackSite,numberOfRobotsOnWhiteSite
27809,27,18
timeStep,numberOfRobotsOnBlackSite,numberOfRobotsOnWhiteSite
27810,27,18
timeStep,numberOfRobotsOnBlackSite,numberOfRobotsOnWhiteSite
27811,27,18
timeStep,numberOfRobotsOnBlackSite,numberOfRobotsOnWhiteSite
27812,27,18
timeStep,numberOfRobotsOnBlackSite,numberOfRobotsOnWhiteSite
27813,27,18
timeStep,numberOfRobotsOnBlackSite,numberOfRobotsOnWhiteSite
27814,27,18
timeStep,numberOfRobotsOnBlackSite,numberOfRobotsOnWhiteSite
27815,27,18
timeStep,numberOfRobotsOnBlackSite,numberOfRobotsOnWhiteSite
27816,27,18
timeStep,numberOfRobotsOnBlackSite,numberOfRobotsOnWhiteSite
27817,27,18
timeStep,numberOfRobotsOnBlackSite,numberOfRobotsOnWhiteSite
27818,27,18
timeStep,numberOfRobotsOnBlackSite,numberOfRobotsOnWhiteSite
27819,27,18
timeStep,numberOfRobotsOnBlackSite,numberOfRobotsOnWhiteSite
27820,27,18
timeStep,numberOfRobotsOnBlackSite,numberOfRobotsOnWhiteSite
27821,27,18
timeStep,numberOfRobotsOnBlackSite,numberOfRobotsOnWhiteSite
27822,27,18
timeStep,numberOfRobotsOnBlackSite,numberOfRobotsOnWhiteSite
27823,27,18
timeStep,numberOfRobotsOnBlackSite,numberOfRobotsOnWhiteSite
27824,27,18
timeStep,numberOfRobotsOnBlackSite,numberOfRobotsOnWhiteSite
27825,27,18
timeStep,numberOfRobotsOnBlackSite,numberOfRobotsOnWhiteSite
27826,27,18
timeStep,numberOfRobotsOnBlackSite,numberOfRobotsOnWhiteSite
27827,27,18
timeStep,numberOfRobotsOnBlackSite,numberOfRobotsOnWhiteSite
27828,27,18
timeStep,numberOfRobotsOnBlackSite,numberOfRobotsOnWhiteSite
27829,27,18
timeStep,numberOfRobotsOnBlackSite,numberOfRobotsOnWhiteSite
27830,27,18
timeStep,numberOfRobotsOnBlackSite,numberOfRobotsOnWhiteSite
27831,27,18
timeStep,numberOfRobotsOnBlackSite,numberOfRobotsOnWhiteSite
27832,27,18
timeStep,numberOfRobotsOnBlackSite,numberOfRobotsOnWhiteSite
27833,27,18
timeStep,numberOfRobotsOnBlackSite,numberOfRobotsOnWhiteSite
27834,27,18
timeStep,numberOfRobotsOnBlackSite,numberOfRobotsOnWhiteSite
27835,27,18
timeStep,numberOfRobotsOnBlackSite,numberOfRobotsOnWhiteSite
27836,27,18
timeStep,numberOfRobotsOnBlackSite,numberOfRobotsOnWhiteSite
27837,27,18
timeStep,numberOfRobotsOnBlackSite,numberOfRobotsOnWhiteSite
27838,27,18
timeStep,numberOfRobotsOnBlackSite,numberOfRobotsOnWhiteSite
27839,27,18
timeStep,numberOfRobotsOnBlackSite,numberOfRobotsOnWhiteSite
27840,27,18
timeStep,numberOfRobotsOnBlackSite,numberOfRobotsOnWhiteSite
27841,27,18
timeStep,numberOfRobotsOnBlackSite,numberOfRobotsOnWhiteSite
27842,27,18
timeStep,numberOfRobotsOnBlackSite,numberOfRobotsOnWhiteSite
27843,27,18
timeStep,numberOfRobotsOnBlackSite,numberOfRobotsOnWhiteSite
27844,27,18
timeStep,numberOfRobotsOnBlackSite,numberOfRobotsOnWhiteSite
27845,27,18
timeStep,numberOfRobotsOnBlackSite,numberOfRobotsOnWhiteSite
27846,27,18
timeStep,numberOfRobotsOnBlackSite,numberOfRobotsOnWhiteSite
27847,27,18
timeStep,numberOfRobotsOnBlackSite,numberOfRobotsOnWhiteSite
27848,27,18
timeStep,numberOfRobotsOnBlackSite,numberOfRobotsOnWhiteSite
27849,27,18
timeStep,numberOfRobotsOnBlackSite,numberOfRobotsOnWhiteSite
27850,26,18
timeStep,numberOfRobotsOnBlackSite,numberOfRobotsOnWhiteSite
27851,26,18
timeStep,numberOfRobotsOnBlackSite,numberOfRobotsOnWhiteSite
27852,26,18
timeStep,numberOfRobotsOnBlackSite,numberOfRobotsOnWhiteSite
27853,26,18
timeStep,numberOfRobotsOnBlackSite,numberOfRobotsOnWhiteSite
27854,26,18
timeStep,numberOfRobotsOnBlackSite,numberOfRobotsOnWhiteSite
27855,26,18
timeStep,numberOfRobotsOnBlackSite,numberOfRobotsOnWhiteSite
27856,26,18
timeStep,numberOfRobotsOnBlackSite,numberOfRobotsOnWhiteSite
27857,26,18
timeStep,numberOfRobotsOnBlackSite,numberOfRobotsOnWhiteSite
27858,26,18
timeStep,numberOfRobotsOnBlackSite,numberOfRobotsOnWhiteSite
27859,26,18
timeStep,numberOfRobotsOnBlackSite,numberOfRobotsOnWhiteSite
27860,26,17
timeStep,numberOfRobotsOnBlackSite,numberOfRobotsOnWhiteSite
27861,26,17
timeStep,numberOfRobotsOnBlackSite,numberOfRobotsOnWhiteSite
27862,26,17
timeStep,numberOfRobotsOnBlackSite,numberOfRobotsOnWhiteSite
27863,26,17
timeStep,numberOfRobotsOnBlackSite,numberOfRobotsOnWhiteSite
27864,26,17
timeStep,numberOfRobotsOnBlackSite,numberOfRobotsOnWhiteSite
27865,26,17
timeStep,numberOfRobotsOnBlackSite,numberOfRobotsOnWhiteSite
27866,26,17
timeStep,numberOfRobotsOnBlackSite,numberOfRobotsOnWhiteSite
27867,26,17
timeStep,numberOfRobotsOnBlackSite,numberOfRobotsOnWhiteSite
27868,26,17
timeStep,numberOfRobotsOnBlackSite,numberOfRobotsOnWhiteSite
27869,26,17
timeStep,numberOfRobotsOnBlackSite,numberOfRobotsOnWhiteSite
27870,26,17
timeStep,numberOfRobotsOnBlackSite,numberOfRobotsOnWhiteSite
27871,26,17
timeStep,numberOfRobotsOnBlackSite,numberOfRobotsOnWhiteSite
27872,26,17
timeStep,numberOfRobotsOnBlackSite,numberOfRobotsOnWhiteSite
27873,26,17
timeStep,numberOfRobotsOnBlackSite,numberOfRobotsOnWhiteSite
27874,26,17
timeStep,numberOfRobotsOnBlackSite,numberOfRobotsOnWhiteSite
27875,26,17
timeStep,numberOfRobotsOnBlackSite,numberOfRobotsOnWhiteSite
27876,26,17
timeStep,numberOfRobotsOnBlackSite,numberOfRobotsOnWhiteSite
27877,26,17
timeStep,numberOfRobotsOnBlackSite,numberOfRobotsOnWhiteSite
27878,26,17
timeStep,numberOfRobotsOnBlackSite,numberOfRobotsOnWhiteSite
27879,26,17
timeStep,numberOfRobotsOnBlackSite,numberOfRobotsOnWhiteSite
27880,26,17
timeStep,numberOfRobotsOnBlackSite,numberOfRobotsOnWhiteSite
27881,26,17
timeStep,numberOfRobotsOnBlackSite,numberOfRobotsOnWhiteSite
27882,26,17
timeStep,numberOfRobotsOnBlackSite,numberOfRobotsOnWhiteSite
27883,26,17
timeStep,numberOfRobotsOnBlackSite,numberOfRobotsOnWhiteSite
27884,26,17
timeStep,numberOfRobotsOnBlackSite,numberOfRobotsOnWhiteSite
27885,26,17
timeStep,numberOfRobotsOnBlackSite,numberOfRobotsOnWhiteSite
27886,26,17
timeStep,numberOfRobotsOnBlackSite,numberOfRobotsOnWhiteSite
27887,26,17
timeStep,numberOfRobotsOnBlackSite,numberOfRobotsOnWhiteSite
27888,26,17
timeStep,numberOfRobotsOnBlackSite,numberOfRobotsOnWhiteSite
27889,26,17
timeStep,numberOfRobotsOnBlackSite,numberOfRobotsOnWhiteSite
27890,26,17
timeStep,numberOfRobotsOnBlackSite,numberOfRobotsOnWhiteSite
27891,26,17
timeStep,numberOfRobotsOnBlackSite,numberOfRobotsOnWhiteSite
27892,26,17
timeStep,numberOfRobotsOnBlackSite,numberOfRobotsOnWhiteSite
27893,26,17
timeStep,numberOfRobotsOnBlackSite,numberOfRobotsOnWhiteSite
27894,26,17
timeStep,numberOfRobotsOnBlackSite,numberOfRobotsOnWhiteSite
27895,26,17
timeStep,numberOfRobotsOnBlackSite,numberOfRobotsOnWhiteSite
27896,26,17
timeStep,numberOfRobotsOnBlackSite,numberOfRobotsOnWhiteSite
27897,26,17
timeStep,numberOfRobotsOnBlackSite,numberOfRobotsOnWhiteSite
27898,26,17
timeStep,numberOfRobotsOnBlackSite,numberOfRobotsOnWhiteSite
27899,26,17
timeStep,numberOfRobotsOnBlackSite,numberOfRobotsOnWhiteSite
27900,26,17
timeStep,numberOfRobotsOnBlackSite,numberOfRobotsOnWhiteSite
27901,26,17
timeStep,numberOfRobotsOnBlackSite,numberOfRobotsOnWhiteSite
27902,26,17
timeStep,numberOfRobotsOnBlackSite,numberOfRobotsOnWhiteSite
27903,26,17
timeStep,numberOfRobotsOnBlackSite,numberOfRobotsOnWhiteSite
27904,26,17
timeStep,numberOfRobotsOnBlackSite,numberOfRobotsOnWhiteSite
27905,26,17
timeStep,numberOfRobotsOnBlackSite,numberOfRobotsOnWhiteSite
27906,26,17
timeStep,numberOfRobotsOnBlackSite,numberOfRobotsOnWhiteSite
27907,26,17
timeStep,numberOfRobotsOnBlackSite,numberOfRobotsOnWhiteSite
27908,26,17
timeStep,numberOfRobotsOnBlackSite,numberOfRobotsOnWhiteSite
27909,26,17
timeStep,numberOfRobotsOnBlackSite,numberOfRobotsOnWhiteSite
27910,25,18
timeStep,numberOfRobotsOnBlackSite,numberOfRobotsOnWhiteSite
27911,25,18
timeStep,numberOfRobotsOnBlackSite,numberOfRobotsOnWhiteSite
27912,25,18
timeStep,numberOfRobotsOnBlackSite,numberOfRobotsOnWhiteSite
27913,25,18
timeStep,numberOfRobotsOnBlackSite,numberOfRobotsOnWhiteSite
27914,25,18
timeStep,numberOfRobotsOnBlackSite,numberOfRobotsOnWhiteSite
27915,25,18
timeStep,numberOfRobotsOnBlackSite,numberOfRobotsOnWhiteSite
27916,25,18
timeStep,numberOfRobotsOnBlackSite,numberOfRobotsOnWhiteSite
27917,25,18
timeStep,numberOfRobotsOnBlackSite,numberOfRobotsOnWhiteSite
27918,25,18
timeStep,numberOfRobotsOnBlackSite,numberOfRobotsOnWhiteSite
27919,25,18
timeStep,numberOfRobotsOnBlackSite,numberOfRobotsOnWhiteSite
27920,25,18
timeStep,numberOfRobotsOnBlackSite,numberOfRobotsOnWhiteSite
27921,25,18
timeStep,numberOfRobotsOnBlackSite,numberOfRobotsOnWhiteSite
27922,25,18
timeStep,numberOfRobotsOnBlackSite,numberOfRobotsOnWhiteSite
27923,25,18
timeStep,numberOfRobotsOnBlackSite,numberOfRobotsOnWhiteSite
27924,25,18
timeStep,numberOfRobotsOnBlackSite,numberOfRobotsOnWhiteSite
27925,25,18
timeStep,numberOfRobotsOnBlackSite,numberOfRobotsOnWhiteSite
27926,25,18
timeStep,numberOfRobotsOnBlackSite,numberOfRobotsOnWhiteSite
27927,25,18
timeStep,numberOfRobotsOnBlackSite,numberOfRobotsOnWhiteSite
27928,25,18
timeStep,numberOfRobotsOnBlackSite,numberOfRobotsOnWhiteSite
27929,25,18
timeStep,numberOfRobotsOnBlackSite,numberOfRobotsOnWhiteSite
27930,25,18
timeStep,numberOfRobotsOnBlackSite,numberOfRobotsOnWhiteSite
27931,25,18
timeStep,numberOfRobotsOnBlackSite,numberOfRobotsOnWhiteSite
27932,25,18
timeStep,numberOfRobotsOnBlackSite,numberOfRobotsOnWhiteSite
27933,25,18
timeStep,numberOfRobotsOnBlackSite,numberOfRobotsOnWhiteSite
27934,25,18
timeStep,numberOfRobotsOnBlackSite,numberOfRobotsOnWhiteSite
27935,25,18
timeStep,numberOfRobotsOnBlackSite,numberOfRobotsOnWhiteSite
27936,25,18
timeStep,numberOfRobotsOnBlackSite,numberOfRobotsOnWhiteSite
27937,25,18
timeStep,numberOfRobotsOnBlackSite,numberOfRobotsOnWhiteSite
27938,25,18
timeStep,numberOfRobotsOnBlackSite,numberOfRobotsOnWhiteSite
27939,25,18
timeStep,numberOfRobotsOnBlackSite,numberOfRobotsOnWhiteSite
27940,25,18
timeStep,numberOfRobotsOnBlackSite,numberOfRobotsOnWhiteSite
27941,25,18
timeStep,numberOfRobotsOnBlackSite,numberOfRobotsOnWhiteSite
27942,25,18
timeStep,numberOfRobotsOnBlackSite,numberOfRobotsOnWhiteSite
27943,25,18
timeStep,numberOfRobotsOnBlackSite,numberOfRobotsOnWhiteSite
27944,25,18
timeStep,numberOfRobotsOnBlackSite,numberOfRobotsOnWhiteSite
27945,25,18
timeStep,numberOfRobotsOnBlackSite,numberOfRobotsOnWhiteSite
27946,25,18
timeStep,numberOfRobotsOnBlackSite,numberOfRobotsOnWhiteSite
27947,25,18
timeStep,numberOfRobotsOnBlackSite,numberOfRobotsOnWhiteSite
27948,25,18
timeStep,numberOfRobotsOnBlackSite,numberOfRobotsOnWhiteSite
27949,25,18
timeStep,numberOfRobotsOnBlackSite,numberOfRobotsOnWhiteSite
27950,25,18
timeStep,numberOfRobotsOnBlackSite,numberOfRobotsOnWhiteSite
27951,25,18
timeStep,numberOfRobotsOnBlackSite,numberOfRobotsOnWhiteSite
27952,25,18
timeStep,numberOfRobotsOnBlackSite,numberOfRobotsOnWhiteSite
27953,25,18
timeStep,numberOfRobotsOnBlackSite,numberOfRobotsOnWhiteSite
27954,25,18
timeStep,numberOfRobotsOnBlackSite,numberOfRobotsOnWhiteSite
27955,25,18
timeStep,numberOfRobotsOnBlackSite,numberOfRobotsOnWhiteSite
27956,25,18
timeStep,numberOfRobotsOnBlackSite,numberOfRobotsOnWhiteSite
27957,25,18
timeStep,numberOfRobotsOnBlackSite,numberOfRobotsOnWhiteSite
27958,25,18
timeStep,numberOfRobotsOnBlackSite,numberOfRobotsOnWhiteSite
27959,25,18
timeStep,numberOfRobotsOnBlackSite,numberOfRobotsOnWhiteSite
27960,25,18
timeStep,numberOfRobotsOnBlackSite,numberOfRobotsOnWhiteSite
27961,25,18
timeStep,numberOfRobotsOnBlackSite,numberOfRobotsOnWhiteSite
27962,25,18
timeStep,numberOfRobotsOnBlackSite,numberOfRobotsOnWhiteSite
27963,25,18
timeStep,numberOfRobotsOnBlackSite,numberOfRobotsOnWhiteSite
27964,25,18
timeStep,numberOfRobotsOnBlackSite,numberOfRobotsOnWhiteSite
27965,26,19
timeStep,numberOfRobotsOnBlackSite,numberOfRobotsOnWhiteSite
27966,26,19
timeStep,numberOfRobotsOnBlackSite,numberOfRobotsOnWhiteSite
27967,26,19
timeStep,numberOfRobotsOnBlackSite,numberOfRobotsOnWhiteSite
27968,26,19
timeStep,numberOfRobotsOnBlackSite,numberOfRobotsOnWhiteSite
27969,26,19
timeStep,numberOfRobotsOnBlackSite,numberOfRobotsOnWhiteSite
27970,26,19
timeStep,numberOfRobotsOnBlackSite,numberOfRobotsOnWhiteSite
27971,26,19
timeStep,numberOfRobotsOnBlackSite,numberOfRobotsOnWhiteSite
27972,26,19
timeStep,numberOfRobotsOnBlackSite,numberOfRobotsOnWhiteSite
27973,26,19
timeStep,numberOfRobotsOnBlackSite,numberOfRobotsOnWhiteSite
27974,26,19
timeStep,numberOfRobotsOnBlackSite,numberOfRobotsOnWhiteSite
27975,26,19
timeStep,numberOfRobotsOnBlackSite,numberOfRobotsOnWhiteSite
27976,26,19
timeStep,numberOfRobotsOnBlackSite,numberOfRobotsOnWhiteSite
27977,26,19
timeStep,numberOfRobotsOnBlackSite,numberOfRobotsOnWhiteSite
27978,26,19
timeStep,numberOfRobotsOnBlackSite,numberOfRobotsOnWhiteSite
27979,26,19
timeStep,numberOfRobotsOnBlackSite,numberOfRobotsOnWhiteSite
27980,26,19
timeStep,numberOfRobotsOnBlackSite,numberOfRobotsOnWhiteSite
27981,26,19
timeStep,numberOfRobotsOnBlackSite,numberOfRobotsOnWhiteSite
27982,26,19
timeStep,numberOfRobotsOnBlackSite,numberOfRobotsOnWhiteSite
27983,26,19
timeStep,numberOfRobotsOnBlackSite,numberOfRobotsOnWhiteSite
27984,26,19
timeStep,numberOfRobotsOnBlackSite,numberOfRobotsOnWhiteSite
27985,26,19
timeStep,numberOfRobotsOnBlackSite,numberOfRobotsOnWhiteSite
27986,26,19
timeStep,numberOfRobotsOnBlackSite,numberOfRobotsOnWhiteSite
27987,26,19
timeStep,numberOfRobotsOnBlackSite,numberOfRobotsOnWhiteSite
27988,26,19
timeStep,numberOfRobotsOnBlackSite,numberOfRobotsOnWhiteSite
27989,26,19
timeStep,numberOfRobotsOnBlackSite,numberOfRobotsOnWhiteSite
27990,26,19
timeStep,numberOfRobotsOnBlackSite,numberOfRobotsOnWhiteSite
27991,26,19
timeStep,numberOfRobotsOnBlackSite,numberOfRobotsOnWhiteSite
27992,26,19
timeStep,numberOfRobotsOnBlackSite,numberOfRobotsOnWhiteSite
27993,26,19
timeStep,numberOfRobotsOnBlackSite,numberOfRobotsOnWhiteSite
27994,26,19
timeStep,numberOfRobotsOnBlackSite,numberOfRobotsOnWhiteSite
27995,26,19
timeStep,numberOfRobotsOnBlackSite,numberOfRobotsOnWhiteSite
27996,26,19
timeStep,numberOfRobotsOnBlackSite,numberOfRobotsOnWhiteSite
27997,26,19
timeStep,numberOfRobotsOnBlackSite,numberOfRobotsOnWhiteSite
27998,26,19
timeStep,numberOfRobotsOnBlackSite,numberOfRobotsOnWhiteSite
27999,26,19
timeStep,numberOfRobotsOnBlackSite,numberOfRobotsOnWhiteSite
28000,26,19
timeStep,numberOfRobotsOnBlackSite,numberOfRobotsOnWhiteSite
28001,26,19
timeStep,numberOfRobotsOnBlackSite,numberOfRobotsOnWhiteSite
28002,26,19
timeStep,numberOfRobotsOnBlackSite,numberOfRobotsOnWhiteSite
28003,26,19
timeStep,numberOfRobotsOnBlackSite,numberOfRobotsOnWhiteSite
28004,26,19
timeStep,numberOfRobotsOnBlackSite,numberOfRobotsOnWhiteSite
28005,26,19
timeStep,numberOfRobotsOnBlackSite,numberOfRobotsOnWhiteSite
28006,26,19
timeStep,numberOfRobotsOnBlackSite,numberOfRobotsOnWhiteSite
28007,26,19
timeStep,numberOfRobotsOnBlackSite,numberOfRobotsOnWhiteSite
28008,26,19
timeStep,numberOfRobotsOnBlackSite,numberOfRobotsOnWhiteSite
28009,26,19
timeStep,numberOfRobotsOnBlackSite,numberOfRobotsOnWhiteSite
28010,26,19
timeStep,numberOfRobotsOnBlackSite,numberOfRobotsOnWhiteSite
28011,26,19
timeStep,numberOfRobotsOnBlackSite,numberOfRobotsOnWhiteSite
28012,26,19
timeStep,numberOfRobotsOnBlackSite,numberOfRobotsOnWhiteSite
28013,26,19
timeStep,numberOfRobotsOnBlackSite,numberOfRobotsOnWhiteSite
28014,26,19
timeStep,numberOfRobotsOnBlackSite,numberOfRobotsOnWhiteSite
28015,26,19
timeStep,numberOfRobotsOnBlackSite,numberOfRobotsOnWhiteSite
28016,26,19
timeStep,numberOfRobotsOnBlackSite,numberOfRobotsOnWhiteSite
28017,26,19
timeStep,numberOfRobotsOnBlackSite,numberOfRobotsOnWhiteSite
28018,26,19
timeStep,numberOfRobotsOnBlackSite,numberOfRobotsOnWhiteSite
28019,26,19
timeStep,numberOfRobotsOnBlackSite,numberOfRobotsOnWhiteSite
28020,26,19
timeStep,numberOfRobotsOnBlackSite,numberOfRobotsOnWhiteSite
28021,26,19
timeStep,numberOfRobotsOnBlackSite,numberOfRobotsOnWhiteSite
28022,26,19
timeStep,numberOfRobotsOnBlackSite,numberOfRobotsOnWhiteSite
28023,26,19
timeStep,numberOfRobotsOnBlackSite,numberOfRobotsOnWhiteSite
28024,26,19
timeStep,numberOfRobotsOnBlackSite,numberOfRobotsOnWhiteSite
28025,26,19
timeStep,numberOfRobotsOnBlackSite,numberOfRobotsOnWhiteSite
28026,26,19
timeStep,numberOfRobotsOnBlackSite,numberOfRobotsOnWhiteSite
28027,26,19
timeStep,numberOfRobotsOnBlackSite,numberOfRobotsOnWhiteSite
28028,26,19
timeStep,numberOfRobotsOnBlackSite,numberOfRobotsOnWhiteSite
28029,26,19
timeStep,numberOfRobotsOnBlackSite,numberOfRobotsOnWhiteSite
28030,26,19
timeStep,numberOfRobotsOnBlackSite,numberOfRobotsOnWhiteSite
28031,26,19
timeStep,numberOfRobotsOnBlackSite,numberOfRobotsOnWhiteSite
28032,26,19
timeStep,numberOfRobotsOnBlackSite,numberOfRobotsOnWhiteSite
28033,26,19
timeStep,numberOfRobotsOnBlackSite,numberOfRobotsOnWhiteSite
28034,26,19
timeStep,numberOfRobotsOnBlackSite,numberOfRobotsOnWhiteSite
28035,26,19
timeStep,numberOfRobotsOnBlackSite,numberOfRobotsOnWhiteSite
28036,26,19
timeStep,numberOfRobotsOnBlackSite,numberOfRobotsOnWhiteSite
28037,26,19
timeStep,numberOfRobotsOnBlackSite,numberOfRobotsOnWhiteSite
28038,26,19
timeStep,numberOfRobotsOnBlackSite,numberOfRobotsOnWhiteSite
28039,26,19
timeStep,numberOfRobotsOnBlackSite,numberOfRobotsOnWhiteSite
28040,26,19
timeStep,numberOfRobotsOnBlackSite,numberOfRobotsOnWhiteSite
28041,26,19
timeStep,numberOfRobotsOnBlackSite,numberOfRobotsOnWhiteSite
28042,26,19
timeStep,numberOfRobotsOnBlackSite,numberOfRobotsOnWhiteSite
28043,26,19
timeStep,numberOfRobotsOnBlackSite,numberOfRobotsOnWhiteSite
28044,26,19
timeStep,numberOfRobotsOnBlackSite,numberOfRobotsOnWhiteSite
28045,26,19
timeStep,numberOfRobotsOnBlackSite,numberOfRobotsOnWhiteSite
28046,26,19
timeStep,numberOfRobotsOnBlackSite,numberOfRobotsOnWhiteSite
28047,26,19
timeStep,numberOfRobotsOnBlackSite,numberOfRobotsOnWhiteSite
28048,26,19
timeStep,numberOfRobotsOnBlackSite,numberOfRobotsOnWhiteSite
28049,26,19
timeStep,numberOfRobotsOnBlackSite,numberOfRobotsOnWhiteSite
28050,26,19
timeStep,numberOfRobotsOnBlackSite,numberOfRobotsOnWhiteSite
28051,26,19
timeStep,numberOfRobotsOnBlackSite,numberOfRobotsOnWhiteSite
28052,26,19
timeStep,numberOfRobotsOnBlackSite,numberOfRobotsOnWhiteSite
28053,26,19
timeStep,numberOfRobotsOnBlackSite,numberOfRobotsOnWhiteSite
28054,26,19
timeStep,numberOfRobotsOnBlackSite,numberOfRobotsOnWhiteSite
28055,26,19
timeStep,numberOfRobotsOnBlackSite,numberOfRobotsOnWhiteSite
28056,26,19
timeStep,numberOfRobotsOnBlackSite,numberOfRobotsOnWhiteSite
28057,26,19
timeStep,numberOfRobotsOnBlackSite,numberOfRobotsOnWhiteSite
28058,26,19
timeStep,numberOfRobotsOnBlackSite,numberOfRobotsOnWhiteSite
28059,26,19
timeStep,numberOfRobotsOnBlackSite,numberOfRobotsOnWhiteSite
28060,26,19
timeStep,numberOfRobotsOnBlackSite,numberOfRobotsOnWhiteSite
28061,26,19
timeStep,numberOfRobotsOnBlackSite,numberOfRobotsOnWhiteSite
28062,26,19
timeStep,numberOfRobotsOnBlackSite,numberOfRobotsOnWhiteSite
28063,26,19
timeStep,numberOfRobotsOnBlackSite,numberOfRobotsOnWhiteSite
28064,26,19
timeStep,numberOfRobotsOnBlackSite,numberOfRobotsOnWhiteSite
28065,26,19
timeStep,numberOfRobotsOnBlackSite,numberOfRobotsOnWhiteSite
28066,26,19
timeStep,numberOfRobotsOnBlackSite,numberOfRobotsOnWhiteSite
28067,26,19
timeStep,numberOfRobotsOnBlackSite,numberOfRobotsOnWhiteSite
28068,26,19
timeStep,numberOfRobotsOnBlackSite,numberOfRobotsOnWhiteSite
28069,26,19
timeStep,numberOfRobotsOnBlackSite,numberOfRobotsOnWhiteSite
28070,26,19
timeStep,numberOfRobotsOnBlackSite,numberOfRobotsOnWhiteSite
28071,26,19
timeStep,numberOfRobotsOnBlackSite,numberOfRobotsOnWhiteSite
28072,26,19
timeStep,numberOfRobotsOnBlackSite,numberOfRobotsOnWhiteSite
28073,26,19
timeStep,numberOfRobotsOnBlackSite,numberOfRobotsOnWhiteSite
28074,26,19
timeStep,numberOfRobotsOnBlackSite,numberOfRobotsOnWhiteSite
28075,26,19
timeStep,numberOfRobotsOnBlackSite,numberOfRobotsOnWhiteSite
28076,26,19
timeStep,numberOfRobotsOnBlackSite,numberOfRobotsOnWhiteSite
28077,26,19
timeStep,numberOfRobotsOnBlackSite,numberOfRobotsOnWhiteSite
28078,26,19
timeStep,numberOfRobotsOnBlackSite,numberOfRobotsOnWhiteSite
28079,26,19
timeStep,numberOfRobotsOnBlackSite,numberOfRobotsOnWhiteSite
28080,26,19
timeStep,numberOfRobotsOnBlackSite,numberOfRobotsOnWhiteSite
28081,26,19
timeStep,numberOfRobotsOnBlackSite,numberOfRobotsOnWhiteSite
28082,26,19
timeStep,numberOfRobotsOnBlackSite,numberOfRobotsOnWhiteSite
28083,26,19
timeStep,numberOfRobotsOnBlackSite,numberOfRobotsOnWhiteSite
28084,26,19
timeStep,numberOfRobotsOnBlackSite,numberOfRobotsOnWhiteSite
28085,26,19
timeStep,numberOfRobotsOnBlackSite,numberOfRobotsOnWhiteSite
28086,26,19
timeStep,numberOfRobotsOnBlackSite,numberOfRobotsOnWhiteSite
28087,26,19
timeStep,numberOfRobotsOnBlackSite,numberOfRobotsOnWhiteSite
28088,26,19
timeStep,numberOfRobotsOnBlackSite,numberOfRobotsOnWhiteSite
28089,26,19
timeStep,numberOfRobotsOnBlackSite,numberOfRobotsOnWhiteSite
28090,26,19
timeStep,numberOfRobotsOnBlackSite,numberOfRobotsOnWhiteSite
28091,26,19
timeStep,numberOfRobotsOnBlackSite,numberOfRobotsOnWhiteSite
28092,26,19
timeStep,numberOfRobotsOnBlackSite,numberOfRobotsOnWhiteSite
28093,26,19
timeStep,numberOfRobotsOnBlackSite,numberOfRobotsOnWhiteSite
28094,26,19
timeStep,numberOfRobotsOnBlackSite,numberOfRobotsOnWhiteSite
28095,26,19
timeStep,numberOfRobotsOnBlackSite,numberOfRobotsOnWhiteSite
28096,26,19
timeStep,numberOfRobotsOnBlackSite,numberOfRobotsOnWhiteSite
28097,26,19
timeStep,numberOfRobotsOnBlackSite,numberOfRobotsOnWhiteSite
28098,26,19
timeStep,numberOfRobotsOnBlackSite,numberOfRobotsOnWhiteSite
28099,26,19
timeStep,numberOfRobotsOnBlackSite,numberOfRobotsOnWhiteSite
28100,26,19
timeStep,numberOfRobotsOnBlackSite,numberOfRobotsOnWhiteSite
28101,26,19
timeStep,numberOfRobotsOnBlackSite,numberOfRobotsOnWhiteSite
28102,26,19
timeStep,numberOfRobotsOnBlackSite,numberOfRobotsOnWhiteSite
28103,26,19
timeStep,numberOfRobotsOnBlackSite,numberOfRobotsOnWhiteSite
28104,26,19
timeStep,numberOfRobotsOnBlackSite,numberOfRobotsOnWhiteSite
28105,26,19
timeStep,numberOfRobotsOnBlackSite,numberOfRobotsOnWhiteSite
28106,26,19
timeStep,numberOfRobotsOnBlackSite,numberOfRobotsOnWhiteSite
28107,26,19
timeStep,numberOfRobotsOnBlackSite,numberOfRobotsOnWhiteSite
28108,26,19
timeStep,numberOfRobotsOnBlackSite,numberOfRobotsOnWhiteSite
28109,26,19
timeStep,numberOfRobotsOnBlackSite,numberOfRobotsOnWhiteSite
28110,26,19
timeStep,numberOfRobotsOnBlackSite,numberOfRobotsOnWhiteSite
28111,26,19
timeStep,numberOfRobotsOnBlackSite,numberOfRobotsOnWhiteSite
28112,26,19
timeStep,numberOfRobotsOnBlackSite,numberOfRobotsOnWhiteSite
28113,26,19
timeStep,numberOfRobotsOnBlackSite,numberOfRobotsOnWhiteSite
28114,26,19
timeStep,numberOfRobotsOnBlackSite,numberOfRobotsOnWhiteSite
28115,26,19
timeStep,numberOfRobotsOnBlackSite,numberOfRobotsOnWhiteSite
28116,26,19
timeStep,numberOfRobotsOnBlackSite,numberOfRobotsOnWhiteSite
28117,26,19
timeStep,numberOfRobotsOnBlackSite,numberOfRobotsOnWhiteSite
28118,26,19
timeStep,numberOfRobotsOnBlackSite,numberOfRobotsOnWhiteSite
28119,26,19
timeStep,numberOfRobotsOnBlackSite,numberOfRobotsOnWhiteSite
28120,26,19
timeStep,numberOfRobotsOnBlackSite,numberOfRobotsOnWhiteSite
28121,26,19
timeStep,numberOfRobotsOnBlackSite,numberOfRobotsOnWhiteSite
28122,26,19
timeStep,numberOfRobotsOnBlackSite,numberOfRobotsOnWhiteSite
28123,26,19
timeStep,numberOfRobotsOnBlackSite,numberOfRobotsOnWhiteSite
28124,26,19
timeStep,numberOfRobotsOnBlackSite,numberOfRobotsOnWhiteSite
28125,26,19
timeStep,numberOfRobotsOnBlackSite,numberOfRobotsOnWhiteSite
28126,26,19
timeStep,numberOfRobotsOnBlackSite,numberOfRobotsOnWhiteSite
28127,26,19
timeStep,numberOfRobotsOnBlackSite,numberOfRobotsOnWhiteSite
28128,26,19
timeStep,numberOfRobotsOnBlackSite,numberOfRobotsOnWhiteSite
28129,26,19
timeStep,numberOfRobotsOnBlackSite,numberOfRobotsOnWhiteSite
28130,26,19
timeStep,numberOfRobotsOnBlackSite,numberOfRobotsOnWhiteSite
28131,26,19
timeStep,numberOfRobotsOnBlackSite,numberOfRobotsOnWhiteSite
28132,26,19
timeStep,numberOfRobotsOnBlackSite,numberOfRobotsOnWhiteSite
28133,26,19
timeStep,numberOfRobotsOnBlackSite,numberOfRobotsOnWhiteSite
28134,26,19
timeStep,numberOfRobotsOnBlackSite,numberOfRobotsOnWhiteSite
28135,26,19
timeStep,numberOfRobotsOnBlackSite,numberOfRobotsOnWhiteSite
28136,26,19
timeStep,numberOfRobotsOnBlackSite,numberOfRobotsOnWhiteSite
28137,26,19
timeStep,numberOfRobotsOnBlackSite,numberOfRobotsOnWhiteSite
28138,26,19
timeStep,numberOfRobotsOnBlackSite,numberOfRobotsOnWhiteSite
28139,26,19
timeStep,numberOfRobotsOnBlackSite,numberOfRobotsOnWhiteSite
28140,26,19
timeStep,numberOfRobotsOnBlackSite,numberOfRobotsOnWhiteSite
28141,26,19
timeStep,numberOfRobotsOnBlackSite,numberOfRobotsOnWhiteSite
28142,26,19
timeStep,numberOfRobotsOnBlackSite,numberOfRobotsOnWhiteSite
28143,26,19
timeStep,numberOfRobotsOnBlackSite,numberOfRobotsOnWhiteSite
28144,26,19
timeStep,numberOfRobotsOnBlackSite,numberOfRobotsOnWhiteSite
28145,26,19
timeStep,numberOfRobotsOnBlackSite,numberOfRobotsOnWhiteSite
28146,26,19
timeStep,numberOfRobotsOnBlackSite,numberOfRobotsOnWhiteSite
28147,26,19
timeStep,numberOfRobotsOnBlackSite,numberOfRobotsOnWhiteSite
28148,26,19
timeStep,numberOfRobotsOnBlackSite,numberOfRobotsOnWhiteSite
28149,26,19
timeStep,numberOfRobotsOnBlackSite,numberOfRobotsOnWhiteSite
28150,26,19
timeStep,numberOfRobotsOnBlackSite,numberOfRobotsOnWhiteSite
28151,26,19
timeStep,numberOfRobotsOnBlackSite,numberOfRobotsOnWhiteSite
28152,26,19
timeStep,numberOfRobotsOnBlackSite,numberOfRobotsOnWhiteSite
28153,26,19
timeStep,numberOfRobotsOnBlackSite,numberOfRobotsOnWhiteSite
28154,26,19
timeStep,numberOfRobotsOnBlackSite,numberOfRobotsOnWhiteSite
28155,26,19
timeStep,numberOfRobotsOnBlackSite,numberOfRobotsOnWhiteSite
28156,26,19
timeStep,numberOfRobotsOnBlackSite,numberOfRobotsOnWhiteSite
28157,26,19
timeStep,numberOfRobotsOnBlackSite,numberOfRobotsOnWhiteSite
28158,26,19
timeStep,numberOfRobotsOnBlackSite,numberOfRobotsOnWhiteSite
28159,26,19
timeStep,numberOfRobotsOnBlackSite,numberOfRobotsOnWhiteSite
28160,26,19
timeStep,numberOfRobotsOnBlackSite,numberOfRobotsOnWhiteSite
28161,26,19
timeStep,numberOfRobotsOnBlackSite,numberOfRobotsOnWhiteSite
28162,26,19
timeStep,numberOfRobotsOnBlackSite,numberOfRobotsOnWhiteSite
28163,26,19
timeStep,numberOfRobotsOnBlackSite,numberOfRobotsOnWhiteSite
28164,26,19
timeStep,numberOfRobotsOnBlackSite,numberOfRobotsOnWhiteSite
28165,26,19
timeStep,numberOfRobotsOnBlackSite,numberOfRobotsOnWhiteSite
28166,26,19
timeStep,numberOfRobotsOnBlackSite,numberOfRobotsOnWhiteSite
28167,26,19
timeStep,numberOfRobotsOnBlackSite,numberOfRobotsOnWhiteSite
28168,26,19
timeStep,numberOfRobotsOnBlackSite,numberOfRobotsOnWhiteSite
28169,26,19
timeStep,numberOfRobotsOnBlackSite,numberOfRobotsOnWhiteSite
28170,26,19
timeStep,numberOfRobotsOnBlackSite,numberOfRobotsOnWhiteSite
28171,26,19
timeStep,numberOfRobotsOnBlackSite,numberOfRobotsOnWhiteSite
28172,26,19
timeStep,numberOfRobotsOnBlackSite,numberOfRobotsOnWhiteSite
28173,26,19
timeStep,numberOfRobotsOnBlackSite,numberOfRobotsOnWhiteSite
28174,26,19
timeStep,numberOfRobotsOnBlackSite,numberOfRobotsOnWhiteSite
28175,26,19
timeStep,numberOfRobotsOnBlackSite,numberOfRobotsOnWhiteSite
28176,26,19
timeStep,numberOfRobotsOnBlackSite,numberOfRobotsOnWhiteSite
28177,26,19
timeStep,numberOfRobotsOnBlackSite,numberOfRobotsOnWhiteSite
28178,26,19
timeStep,numberOfRobotsOnBlackSite,numberOfRobotsOnWhiteSite
28179,26,19
timeStep,numberOfRobotsOnBlackSite,numberOfRobotsOnWhiteSite
28180,26,19
timeStep,numberOfRobotsOnBlackSite,numberOfRobotsOnWhiteSite
28181,26,19
timeStep,numberOfRobotsOnBlackSite,numberOfRobotsOnWhiteSite
28182,26,19
timeStep,numberOfRobotsOnBlackSite,numberOfRobotsOnWhiteSite
28183,26,19
timeStep,numberOfRobotsOnBlackSite,numberOfRobotsOnWhiteSite
28184,26,19
timeStep,numberOfRobotsOnBlackSite,numberOfRobotsOnWhiteSite
28185,26,19
timeStep,numberOfRobotsOnBlackSite,numberOfRobotsOnWhiteSite
28186,26,19
timeStep,numberOfRobotsOnBlackSite,numberOfRobotsOnWhiteSite
28187,26,19
timeStep,numberOfRobotsOnBlackSite,numberOfRobotsOnWhiteSite
28188,26,19
timeStep,numberOfRobotsOnBlackSite,numberOfRobotsOnWhiteSite
28189,26,19
timeStep,numberOfRobotsOnBlackSite,numberOfRobotsOnWhiteSite
28190,26,19
timeStep,numberOfRobotsOnBlackSite,numberOfRobotsOnWhiteSite
28191,26,19
timeStep,numberOfRobotsOnBlackSite,numberOfRobotsOnWhiteSite
28192,26,19
timeStep,numberOfRobotsOnBlackSite,numberOfRobotsOnWhiteSite
28193,26,19
timeStep,numberOfRobotsOnBlackSite,numberOfRobotsOnWhiteSite
28194,26,19
timeStep,numberOfRobotsOnBlackSite,numberOfRobotsOnWhiteSite
28195,25,19
timeStep,numberOfRobotsOnBlackSite,numberOfRobotsOnWhiteSite
28196,25,19
timeStep,numberOfRobotsOnBlackSite,numberOfRobotsOnWhiteSite
28197,25,19
timeStep,numberOfRobotsOnBlackSite,numberOfRobotsOnWhiteSite
28198,25,19
timeStep,numberOfRobotsOnBlackSite,numberOfRobotsOnWhiteSite
28199,25,19
timeStep,numberOfRobotsOnBlackSite,numberOfRobotsOnWhiteSite
28200,25,19
timeStep,numberOfRobotsOnBlackSite,numberOfRobotsOnWhiteSite
28201,25,19
timeStep,numberOfRobotsOnBlackSite,numberOfRobotsOnWhiteSite
28202,25,19
timeStep,numberOfRobotsOnBlackSite,numberOfRobotsOnWhiteSite
28203,25,19
timeStep,numberOfRobotsOnBlackSite,numberOfRobotsOnWhiteSite
28204,25,19
timeStep,numberOfRobotsOnBlackSite,numberOfRobotsOnWhiteSite
28205,25,19
timeStep,numberOfRobotsOnBlackSite,numberOfRobotsOnWhiteSite
28206,25,19
timeStep,numberOfRobotsOnBlackSite,numberOfRobotsOnWhiteSite
28207,25,19
timeStep,numberOfRobotsOnBlackSite,numberOfRobotsOnWhiteSite
28208,25,19
timeStep,numberOfRobotsOnBlackSite,numberOfRobotsOnWhiteSite
28209,25,19
timeStep,numberOfRobotsOnBlackSite,numberOfRobotsOnWhiteSite
28210,25,19
timeStep,numberOfRobotsOnBlackSite,numberOfRobotsOnWhiteSite
28211,25,19
timeStep,numberOfRobotsOnBlackSite,numberOfRobotsOnWhiteSite
28212,25,19
timeStep,numberOfRobotsOnBlackSite,numberOfRobotsOnWhiteSite
28213,25,19
timeStep,numberOfRobotsOnBlackSite,numberOfRobotsOnWhiteSite
28214,25,19
timeStep,numberOfRobotsOnBlackSite,numberOfRobotsOnWhiteSite
28215,25,19
timeStep,numberOfRobotsOnBlackSite,numberOfRobotsOnWhiteSite
28216,25,19
timeStep,numberOfRobotsOnBlackSite,numberOfRobotsOnWhiteSite
28217,25,19
timeStep,numberOfRobotsOnBlackSite,numberOfRobotsOnWhiteSite
28218,25,19
timeStep,numberOfRobotsOnBlackSite,numberOfRobotsOnWhiteSite
28219,25,19
timeStep,numberOfRobotsOnBlackSite,numberOfRobotsOnWhiteSite
28220,25,19
timeStep,numberOfRobotsOnBlackSite,numberOfRobotsOnWhiteSite
28221,25,19
timeStep,numberOfRobotsOnBlackSite,numberOfRobotsOnWhiteSite
28222,25,19
timeStep,numberOfRobotsOnBlackSite,numberOfRobotsOnWhiteSite
28223,25,19
timeStep,numberOfRobotsOnBlackSite,numberOfRobotsOnWhiteSite
28224,25,19
timeStep,numberOfRobotsOnBlackSite,numberOfRobotsOnWhiteSite
28225,25,19
timeStep,numberOfRobotsOnBlackSite,numberOfRobotsOnWhiteSite
28226,25,19
timeStep,numberOfRobotsOnBlackSite,numberOfRobotsOnWhiteSite
28227,25,19
timeStep,numberOfRobotsOnBlackSite,numberOfRobotsOnWhiteSite
28228,25,19
timeStep,numberOfRobotsOnBlackSite,numberOfRobotsOnWhiteSite
28229,25,19
timeStep,numberOfRobotsOnBlackSite,numberOfRobotsOnWhiteSite
28230,25,19
timeStep,numberOfRobotsOnBlackSite,numberOfRobotsOnWhiteSite
28231,25,19
timeStep,numberOfRobotsOnBlackSite,numberOfRobotsOnWhiteSite
28232,25,19
timeStep,numberOfRobotsOnBlackSite,numberOfRobotsOnWhiteSite
28233,25,19
timeStep,numberOfRobotsOnBlackSite,numberOfRobotsOnWhiteSite
28234,25,19
timeStep,numberOfRobotsOnBlackSite,numberOfRobotsOnWhiteSite
28235,25,19
timeStep,numberOfRobotsOnBlackSite,numberOfRobotsOnWhiteSite
28236,25,19
timeStep,numberOfRobotsOnBlackSite,numberOfRobotsOnWhiteSite
28237,25,19
timeStep,numberOfRobotsOnBlackSite,numberOfRobotsOnWhiteSite
28238,25,19
timeStep,numberOfRobotsOnBlackSite,numberOfRobotsOnWhiteSite
28239,25,19
timeStep,numberOfRobotsOnBlackSite,numberOfRobotsOnWhiteSite
28240,25,19
timeStep,numberOfRobotsOnBlackSite,numberOfRobotsOnWhiteSite
28241,25,19
timeStep,numberOfRobotsOnBlackSite,numberOfRobotsOnWhiteSite
28242,25,19
timeStep,numberOfRobotsOnBlackSite,numberOfRobotsOnWhiteSite
28243,25,19
timeStep,numberOfRobotsOnBlackSite,numberOfRobotsOnWhiteSite
28244,25,19
timeStep,numberOfRobotsOnBlackSite,numberOfRobotsOnWhiteSite
28245,25,19
timeStep,numberOfRobotsOnBlackSite,numberOfRobotsOnWhiteSite
28246,25,19
timeStep,numberOfRobotsOnBlackSite,numberOfRobotsOnWhiteSite
28247,25,19
timeStep,numberOfRobotsOnBlackSite,numberOfRobotsOnWhiteSite
28248,25,19
timeStep,numberOfRobotsOnBlackSite,numberOfRobotsOnWhiteSite
28249,25,19
timeStep,numberOfRobotsOnBlackSite,numberOfRobotsOnWhiteSite
28250,25,19
timeStep,numberOfRobotsOnBlackSite,numberOfRobotsOnWhiteSite
28251,25,19
timeStep,numberOfRobotsOnBlackSite,numberOfRobotsOnWhiteSite
28252,25,19
timeStep,numberOfRobotsOnBlackSite,numberOfRobotsOnWhiteSite
28253,25,19
timeStep,numberOfRobotsOnBlackSite,numberOfRobotsOnWhiteSite
28254,25,19
timeStep,numberOfRobotsOnBlackSite,numberOfRobotsOnWhiteSite
28255,25,19
timeStep,numberOfRobotsOnBlackSite,numberOfRobotsOnWhiteSite
28256,25,19
timeStep,numberOfRobotsOnBlackSite,numberOfRobotsOnWhiteSite
28257,25,19
timeStep,numberOfRobotsOnBlackSite,numberOfRobotsOnWhiteSite
28258,25,19
timeStep,numberOfRobotsOnBlackSite,numberOfRobotsOnWhiteSite
28259,25,19
timeStep,numberOfRobotsOnBlackSite,numberOfRobotsOnWhiteSite
28260,25,19
timeStep,numberOfRobotsOnBlackSite,numberOfRobotsOnWhiteSite
28261,25,19
timeStep,numberOfRobotsOnBlackSite,numberOfRobotsOnWhiteSite
28262,25,19
timeStep,numberOfRobotsOnBlackSite,numberOfRobotsOnWhiteSite
28263,25,19
timeStep,numberOfRobotsOnBlackSite,numberOfRobotsOnWhiteSite
28264,25,19
timeStep,numberOfRobotsOnBlackSite,numberOfRobotsOnWhiteSite
28265,25,19
timeStep,numberOfRobotsOnBlackSite,numberOfRobotsOnWhiteSite
28266,25,19
timeStep,numberOfRobotsOnBlackSite,numberOfRobotsOnWhiteSite
28267,25,19
timeStep,numberOfRobotsOnBlackSite,numberOfRobotsOnWhiteSite
28268,25,19
timeStep,numberOfRobotsOnBlackSite,numberOfRobotsOnWhiteSite
28269,25,19
timeStep,numberOfRobotsOnBlackSite,numberOfRobotsOnWhiteSite
28270,25,19
timeStep,numberOfRobotsOnBlackSite,numberOfRobotsOnWhiteSite
28271,25,19
timeStep,numberOfRobotsOnBlackSite,numberOfRobotsOnWhiteSite
28272,25,19
timeStep,numberOfRobotsOnBlackSite,numberOfRobotsOnWhiteSite
28273,25,19
timeStep,numberOfRobotsOnBlackSite,numberOfRobotsOnWhiteSite
28274,25,19
timeStep,numberOfRobotsOnBlackSite,numberOfRobotsOnWhiteSite
28275,25,19
timeStep,numberOfRobotsOnBlackSite,numberOfRobotsOnWhiteSite
28276,25,19
timeStep,numberOfRobotsOnBlackSite,numberOfRobotsOnWhiteSite
28277,25,19
timeStep,numberOfRobotsOnBlackSite,numberOfRobotsOnWhiteSite
28278,25,19
timeStep,numberOfRobotsOnBlackSite,numberOfRobotsOnWhiteSite
28279,25,19
timeStep,numberOfRobotsOnBlackSite,numberOfRobotsOnWhiteSite
28280,25,19
timeStep,numberOfRobotsOnBlackSite,numberOfRobotsOnWhiteSite
28281,25,19
timeStep,numberOfRobotsOnBlackSite,numberOfRobotsOnWhiteSite
28282,25,19
timeStep,numberOfRobotsOnBlackSite,numberOfRobotsOnWhiteSite
28283,25,19
timeStep,numberOfRobotsOnBlackSite,numberOfRobotsOnWhiteSite
28284,25,19
timeStep,numberOfRobotsOnBlackSite,numberOfRobotsOnWhiteSite
28285,25,19
timeStep,numberOfRobotsOnBlackSite,numberOfRobotsOnWhiteSite
28286,25,19
timeStep,numberOfRobotsOnBlackSite,numberOfRobotsOnWhiteSite
28287,25,19
timeStep,numberOfRobotsOnBlackSite,numberOfRobotsOnWhiteSite
28288,25,19
timeStep,numberOfRobotsOnBlackSite,numberOfRobotsOnWhiteSite
28289,25,19
timeStep,numberOfRobotsOnBlackSite,numberOfRobotsOnWhiteSite
28290,25,19
timeStep,numberOfRobotsOnBlackSite,numberOfRobotsOnWhiteSite
28291,25,19
timeStep,numberOfRobotsOnBlackSite,numberOfRobotsOnWhiteSite
28292,25,19
timeStep,numberOfRobotsOnBlackSite,numberOfRobotsOnWhiteSite
28293,25,19
timeStep,numberOfRobotsOnBlackSite,numberOfRobotsOnWhiteSite
28294,25,19
timeStep,numberOfRobotsOnBlackSite,numberOfRobotsOnWhiteSite
28295,25,19
timeStep,numberOfRobotsOnBlackSite,numberOfRobotsOnWhiteSite
28296,25,19
timeStep,numberOfRobotsOnBlackSite,numberOfRobotsOnWhiteSite
28297,25,19
timeStep,numberOfRobotsOnBlackSite,numberOfRobotsOnWhiteSite
28298,25,19
timeStep,numberOfRobotsOnBlackSite,numberOfRobotsOnWhiteSite
28299,25,19
timeStep,numberOfRobotsOnBlackSite,numberOfRobotsOnWhiteSite
28300,25,19
timeStep,numberOfRobotsOnBlackSite,numberOfRobotsOnWhiteSite
28301,25,19
timeStep,numberOfRobotsOnBlackSite,numberOfRobotsOnWhiteSite
28302,25,19
timeStep,numberOfRobotsOnBlackSite,numberOfRobotsOnWhiteSite
28303,25,19
timeStep,numberOfRobotsOnBlackSite,numberOfRobotsOnWhiteSite
28304,25,19
timeStep,numberOfRobotsOnBlackSite,numberOfRobotsOnWhiteSite
28305,25,19
timeStep,numberOfRobotsOnBlackSite,numberOfRobotsOnWhiteSite
28306,25,19
timeStep,numberOfRobotsOnBlackSite,numberOfRobotsOnWhiteSite
28307,25,19
timeStep,numberOfRobotsOnBlackSite,numberOfRobotsOnWhiteSite
28308,25,19
timeStep,numberOfRobotsOnBlackSite,numberOfRobotsOnWhiteSite
28309,25,19
timeStep,numberOfRobotsOnBlackSite,numberOfRobotsOnWhiteSite
28310,25,19
timeStep,numberOfRobotsOnBlackSite,numberOfRobotsOnWhiteSite
28311,25,19
timeStep,numberOfRobotsOnBlackSite,numberOfRobotsOnWhiteSite
28312,25,19
timeStep,numberOfRobotsOnBlackSite,numberOfRobotsOnWhiteSite
28313,25,19
timeStep,numberOfRobotsOnBlackSite,numberOfRobotsOnWhiteSite
28314,25,19
timeStep,numberOfRobotsOnBlackSite,numberOfRobotsOnWhiteSite
28315,25,19
timeStep,numberOfRobotsOnBlackSite,numberOfRobotsOnWhiteSite
28316,25,19
timeStep,numberOfRobotsOnBlackSite,numberOfRobotsOnWhiteSite
28317,25,19
timeStep,numberOfRobotsOnBlackSite,numberOfRobotsOnWhiteSite
28318,25,19
timeStep,numberOfRobotsOnBlackSite,numberOfRobotsOnWhiteSite
28319,25,19
timeStep,numberOfRobotsOnBlackSite,numberOfRobotsOnWhiteSite
28320,25,19
timeStep,numberOfRobotsOnBlackSite,numberOfRobotsOnWhiteSite
28321,25,19
timeStep,numberOfRobotsOnBlackSite,numberOfRobotsOnWhiteSite
28322,25,19
timeStep,numberOfRobotsOnBlackSite,numberOfRobotsOnWhiteSite
28323,25,19
timeStep,numberOfRobotsOnBlackSite,numberOfRobotsOnWhiteSite
28324,25,19
timeStep,numberOfRobotsOnBlackSite,numberOfRobotsOnWhiteSite
28325,25,19
timeStep,numberOfRobotsOnBlackSite,numberOfRobotsOnWhiteSite
28326,25,19
timeStep,numberOfRobotsOnBlackSite,numberOfRobotsOnWhiteSite
28327,25,19
timeStep,numberOfRobotsOnBlackSite,numberOfRobotsOnWhiteSite
28328,25,19
timeStep,numberOfRobotsOnBlackSite,numberOfRobotsOnWhiteSite
28329,25,19
timeStep,numberOfRobotsOnBlackSite,numberOfRobotsOnWhiteSite
28330,25,19
timeStep,numberOfRobotsOnBlackSite,numberOfRobotsOnWhiteSite
28331,25,19
timeStep,numberOfRobotsOnBlackSite,numberOfRobotsOnWhiteSite
28332,25,19
timeStep,numberOfRobotsOnBlackSite,numberOfRobotsOnWhiteSite
28333,25,19
timeStep,numberOfRobotsOnBlackSite,numberOfRobotsOnWhiteSite
28334,25,19
timeStep,numberOfRobotsOnBlackSite,numberOfRobotsOnWhiteSite
28335,25,19
timeStep,numberOfRobotsOnBlackSite,numberOfRobotsOnWhiteSite
28336,25,19
timeStep,numberOfRobotsOnBlackSite,numberOfRobotsOnWhiteSite
28337,25,19
timeStep,numberOfRobotsOnBlackSite,numberOfRobotsOnWhiteSite
28338,25,19
timeStep,numberOfRobotsOnBlackSite,numberOfRobotsOnWhiteSite
28339,25,19
timeStep,numberOfRobotsOnBlackSite,numberOfRobotsOnWhiteSite
28340,25,19
timeStep,numberOfRobotsOnBlackSite,numberOfRobotsOnWhiteSite
28341,25,19
timeStep,numberOfRobotsOnBlackSite,numberOfRobotsOnWhiteSite
28342,25,19
timeStep,numberOfRobotsOnBlackSite,numberOfRobotsOnWhiteSite
28343,25,19
timeStep,numberOfRobotsOnBlackSite,numberOfRobotsOnWhiteSite
28344,25,19
timeStep,numberOfRobotsOnBlackSite,numberOfRobotsOnWhiteSite
28345,25,19
timeStep,numberOfRobotsOnBlackSite,numberOfRobotsOnWhiteSite
28346,25,19
timeStep,numberOfRobotsOnBlackSite,numberOfRobotsOnWhiteSite
28347,25,19
timeStep,numberOfRobotsOnBlackSite,numberOfRobotsOnWhiteSite
28348,25,19
timeStep,numberOfRobotsOnBlackSite,numberOfRobotsOnWhiteSite
28349,25,19
timeStep,numberOfRobotsOnBlackSite,numberOfRobotsOnWhiteSite
28350,25,19
timeStep,numberOfRobotsOnBlackSite,numberOfRobotsOnWhiteSite
28351,25,19
timeStep,numberOfRobotsOnBlackSite,numberOfRobotsOnWhiteSite
28352,25,19
timeStep,numberOfRobotsOnBlackSite,numberOfRobotsOnWhiteSite
28353,25,19
timeStep,numberOfRobotsOnBlackSite,numberOfRobotsOnWhiteSite
28354,25,19
timeStep,numberOfRobotsOnBlackSite,numberOfRobotsOnWhiteSite
28355,25,19
timeStep,numberOfRobotsOnBlackSite,numberOfRobotsOnWhiteSite
28356,25,19
timeStep,numberOfRobotsOnBlackSite,numberOfRobotsOnWhiteSite
28357,25,19
timeStep,numberOfRobotsOnBlackSite,numberOfRobotsOnWhiteSite
28358,25,19
timeStep,numberOfRobotsOnBlackSite,numberOfRobotsOnWhiteSite
28359,25,19
timeStep,numberOfRobotsOnBlackSite,numberOfRobotsOnWhiteSite
28360,25,19
timeStep,numberOfRobotsOnBlackSite,numberOfRobotsOnWhiteSite
28361,25,19
timeStep,numberOfRobotsOnBlackSite,numberOfRobotsOnWhiteSite
28362,25,19
timeStep,numberOfRobotsOnBlackSite,numberOfRobotsOnWhiteSite
28363,25,19
timeStep,numberOfRobotsOnBlackSite,numberOfRobotsOnWhiteSite
28364,25,19
timeStep,numberOfRobotsOnBlackSite,numberOfRobotsOnWhiteSite
28365,25,19
timeStep,numberOfRobotsOnBlackSite,numberOfRobotsOnWhiteSite
28366,25,19
timeStep,numberOfRobotsOnBlackSite,numberOfRobotsOnWhiteSite
28367,25,19
timeStep,numberOfRobotsOnBlackSite,numberOfRobotsOnWhiteSite
28368,25,19
timeStep,numberOfRobotsOnBlackSite,numberOfRobotsOnWhiteSite
28369,25,19
timeStep,numberOfRobotsOnBlackSite,numberOfRobotsOnWhiteSite
28370,25,19
timeStep,numberOfRobotsOnBlackSite,numberOfRobotsOnWhiteSite
28371,25,19
timeStep,numberOfRobotsOnBlackSite,numberOfRobotsOnWhiteSite
28372,25,19
timeStep,numberOfRobotsOnBlackSite,numberOfRobotsOnWhiteSite
28373,25,19
timeStep,numberOfRobotsOnBlackSite,numberOfRobotsOnWhiteSite
28374,25,19
timeStep,numberOfRobotsOnBlackSite,numberOfRobotsOnWhiteSite
28375,25,19
timeStep,numberOfRobotsOnBlackSite,numberOfRobotsOnWhiteSite
28376,25,19
timeStep,numberOfRobotsOnBlackSite,numberOfRobotsOnWhiteSite
28377,25,19
timeStep,numberOfRobotsOnBlackSite,numberOfRobotsOnWhiteSite
28378,25,19
timeStep,numberOfRobotsOnBlackSite,numberOfRobotsOnWhiteSite
28379,25,19
timeStep,numberOfRobotsOnBlackSite,numberOfRobotsOnWhiteSite
28380,25,19
timeStep,numberOfRobotsOnBlackSite,numberOfRobotsOnWhiteSite
28381,25,19
timeStep,numberOfRobotsOnBlackSite,numberOfRobotsOnWhiteSite
28382,25,19
timeStep,numberOfRobotsOnBlackSite,numberOfRobotsOnWhiteSite
28383,25,19
timeStep,numberOfRobotsOnBlackSite,numberOfRobotsOnWhiteSite
28384,25,19
timeStep,numberOfRobotsOnBlackSite,numberOfRobotsOnWhiteSite
28385,25,19
timeStep,numberOfRobotsOnBlackSite,numberOfRobotsOnWhiteSite
28386,25,19
timeStep,numberOfRobotsOnBlackSite,numberOfRobotsOnWhiteSite
28387,25,19
timeStep,numberOfRobotsOnBlackSite,numberOfRobotsOnWhiteSite
28388,25,19
timeStep,numberOfRobotsOnBlackSite,numberOfRobotsOnWhiteSite
28389,25,19
timeStep,numberOfRobotsOnBlackSite,numberOfRobotsOnWhiteSite
28390,25,19
timeStep,numberOfRobotsOnBlackSite,numberOfRobotsOnWhiteSite
28391,25,19
timeStep,numberOfRobotsOnBlackSite,numberOfRobotsOnWhiteSite
28392,25,19
timeStep,numberOfRobotsOnBlackSite,numberOfRobotsOnWhiteSite
28393,25,19
timeStep,numberOfRobotsOnBlackSite,numberOfRobotsOnWhiteSite
28394,25,19
timeStep,numberOfRobotsOnBlackSite,numberOfRobotsOnWhiteSite
28395,25,19
timeStep,numberOfRobotsOnBlackSite,numberOfRobotsOnWhiteSite
28396,25,19
timeStep,numberOfRobotsOnBlackSite,numberOfRobotsOnWhiteSite
28397,25,19
timeStep,numberOfRobotsOnBlackSite,numberOfRobotsOnWhiteSite
28398,25,19
timeStep,numberOfRobotsOnBlackSite,numberOfRobotsOnWhiteSite
28399,25,19
timeStep,numberOfRobotsOnBlackSite,numberOfRobotsOnWhiteSite
28400,25,19
timeStep,numberOfRobotsOnBlackSite,numberOfRobotsOnWhiteSite
28401,25,19
timeStep,numberOfRobotsOnBlackSite,numberOfRobotsOnWhiteSite
28402,25,19
timeStep,numberOfRobotsOnBlackSite,numberOfRobotsOnWhiteSite
28403,25,19
timeStep,numberOfRobotsOnBlackSite,numberOfRobotsOnWhiteSite
28404,25,19
timeStep,numberOfRobotsOnBlackSite,numberOfRobotsOnWhiteSite
28405,25,19
timeStep,numberOfRobotsOnBlackSite,numberOfRobotsOnWhiteSite
28406,25,19
timeStep,numberOfRobotsOnBlackSite,numberOfRobotsOnWhiteSite
28407,25,19
timeStep,numberOfRobotsOnBlackSite,numberOfRobotsOnWhiteSite
28408,25,19
timeStep,numberOfRobotsOnBlackSite,numberOfRobotsOnWhiteSite
28409,25,19
timeStep,numberOfRobotsOnBlackSite,numberOfRobotsOnWhiteSite
28410,25,19
timeStep,numberOfRobotsOnBlackSite,numberOfRobotsOnWhiteSite
28411,25,19
timeStep,numberOfRobotsOnBlackSite,numberOfRobotsOnWhiteSite
28412,25,19
timeStep,numberOfRobotsOnBlackSite,numberOfRobotsOnWhiteSite
28413,25,19
timeStep,numberOfRobotsOnBlackSite,numberOfRobotsOnWhiteSite
28414,25,19
timeStep,numberOfRobotsOnBlackSite,numberOfRobotsOnWhiteSite
28415,25,19
timeStep,numberOfRobotsOnBlackSite,numberOfRobotsOnWhiteSite
28416,25,19
timeStep,numberOfRobotsOnBlackSite,numberOfRobotsOnWhiteSite
28417,25,19
timeStep,numberOfRobotsOnBlackSite,numberOfRobotsOnWhiteSite
28418,25,19
timeStep,numberOfRobotsOnBlackSite,numberOfRobotsOnWhiteSite
28419,25,19
timeStep,numberOfRobotsOnBlackSite,numberOfRobotsOnWhiteSite
28420,25,19
timeStep,numberOfRobotsOnBlackSite,numberOfRobotsOnWhiteSite
28421,25,19
timeStep,numberOfRobotsOnBlackSite,numberOfRobotsOnWhiteSite
28422,25,19
timeStep,numberOfRobotsOnBlackSite,numberOfRobotsOnWhiteSite
28423,25,19
timeStep,numberOfRobotsOnBlackSite,numberOfRobotsOnWhiteSite
28424,25,19
timeStep,numberOfRobotsOnBlackSite,numberOfRobotsOnWhiteSite
28425,25,19
timeStep,numberOfRobotsOnBlackSite,numberOfRobotsOnWhiteSite
28426,25,19
timeStep,numberOfRobotsOnBlackSite,numberOfRobotsOnWhiteSite
28427,25,19
timeStep,numberOfRobotsOnBlackSite,numberOfRobotsOnWhiteSite
28428,25,19
timeStep,numberOfRobotsOnBlackSite,numberOfRobotsOnWhiteSite
28429,25,19
timeStep,numberOfRobotsOnBlackSite,numberOfRobotsOnWhiteSite
28430,25,19
timeStep,numberOfRobotsOnBlackSite,numberOfRobotsOnWhiteSite
28431,25,19
timeStep,numberOfRobotsOnBlackSite,numberOfRobotsOnWhiteSite
28432,25,19
timeStep,numberOfRobotsOnBlackSite,numberOfRobotsOnWhiteSite
28433,25,19
timeStep,numberOfRobotsOnBlackSite,numberOfRobotsOnWhiteSite
28434,25,19
timeStep,numberOfRobotsOnBlackSite,numberOfRobotsOnWhiteSite
28435,25,19
timeStep,numberOfRobotsOnBlackSite,numberOfRobotsOnWhiteSite
28436,25,19
timeStep,numberOfRobotsOnBlackSite,numberOfRobotsOnWhiteSite
28437,25,19
timeStep,numberOfRobotsOnBlackSite,numberOfRobotsOnWhiteSite
28438,25,19
timeStep,numberOfRobotsOnBlackSite,numberOfRobotsOnWhiteSite
28439,25,19
timeStep,numberOfRobotsOnBlackSite,numberOfRobotsOnWhiteSite
28440,25,19
timeStep,numberOfRobotsOnBlackSite,numberOfRobotsOnWhiteSite
28441,25,19
timeStep,numberOfRobotsOnBlackSite,numberOfRobotsOnWhiteSite
28442,25,19
timeStep,numberOfRobotsOnBlackSite,numberOfRobotsOnWhiteSite
28443,25,19
timeStep,numberOfRobotsOnBlackSite,numberOfRobotsOnWhiteSite
28444,25,19
timeStep,numberOfRobotsOnBlackSite,numberOfRobotsOnWhiteSite
28445,25,19
timeStep,numberOfRobotsOnBlackSite,numberOfRobotsOnWhiteSite
28446,25,19
timeStep,numberOfRobotsOnBlackSite,numberOfRobotsOnWhiteSite
28447,25,19
timeStep,numberOfRobotsOnBlackSite,numberOfRobotsOnWhiteSite
28448,25,19
timeStep,numberOfRobotsOnBlackSite,numberOfRobotsOnWhiteSite
28449,25,19
timeStep,numberOfRobotsOnBlackSite,numberOfRobotsOnWhiteSite
28450,25,19
timeStep,numberOfRobotsOnBlackSite,numberOfRobotsOnWhiteSite
28451,25,19
timeStep,numberOfRobotsOnBlackSite,numberOfRobotsOnWhiteSite
28452,25,19
timeStep,numberOfRobotsOnBlackSite,numberOfRobotsOnWhiteSite
28453,25,19
timeStep,numberOfRobotsOnBlackSite,numberOfRobotsOnWhiteSite
28454,25,19
timeStep,numberOfRobotsOnBlackSite,numberOfRobotsOnWhiteSite
28455,25,19
timeStep,numberOfRobotsOnBlackSite,numberOfRobotsOnWhiteSite
28456,25,19
timeStep,numberOfRobotsOnBlackSite,numberOfRobotsOnWhiteSite
28457,25,19
timeStep,numberOfRobotsOnBlackSite,numberOfRobotsOnWhiteSite
28458,25,19
timeStep,numberOfRobotsOnBlackSite,numberOfRobotsOnWhiteSite
28459,25,19
timeStep,numberOfRobotsOnBlackSite,numberOfRobotsOnWhiteSite
28460,25,19
timeStep,numberOfRobotsOnBlackSite,numberOfRobotsOnWhiteSite
28461,25,19
timeStep,numberOfRobotsOnBlackSite,numberOfRobotsOnWhiteSite
28462,25,19
timeStep,numberOfRobotsOnBlackSite,numberOfRobotsOnWhiteSite
28463,25,19
timeStep,numberOfRobotsOnBlackSite,numberOfRobotsOnWhiteSite
28464,25,19
timeStep,numberOfRobotsOnBlackSite,numberOfRobotsOnWhiteSite
28465,25,18
timeStep,numberOfRobotsOnBlackSite,numberOfRobotsOnWhiteSite
28466,25,18
timeStep,numberOfRobotsOnBlackSite,numberOfRobotsOnWhiteSite
28467,25,18
timeStep,numberOfRobotsOnBlackSite,numberOfRobotsOnWhiteSite
28468,25,18
timeStep,numberOfRobotsOnBlackSite,numberOfRobotsOnWhiteSite
28469,25,18
timeStep,numberOfRobotsOnBlackSite,numberOfRobotsOnWhiteSite
28470,25,18
timeStep,numberOfRobotsOnBlackSite,numberOfRobotsOnWhiteSite
28471,25,18
timeStep,numberOfRobotsOnBlackSite,numberOfRobotsOnWhiteSite
28472,25,18
timeStep,numberOfRobotsOnBlackSite,numberOfRobotsOnWhiteSite
28473,25,18
timeStep,numberOfRobotsOnBlackSite,numberOfRobotsOnWhiteSite
28474,25,18
timeStep,numberOfRobotsOnBlackSite,numberOfRobotsOnWhiteSite
28475,25,18
timeStep,numberOfRobotsOnBlackSite,numberOfRobotsOnWhiteSite
28476,25,18
timeStep,numberOfRobotsOnBlackSite,numberOfRobotsOnWhiteSite
28477,25,18
timeStep,numberOfRobotsOnBlackSite,numberOfRobotsOnWhiteSite
28478,25,18
timeStep,numberOfRobotsOnBlackSite,numberOfRobotsOnWhiteSite
28479,25,18
timeStep,numberOfRobotsOnBlackSite,numberOfRobotsOnWhiteSite
28480,25,18
timeStep,numberOfRobotsOnBlackSite,numberOfRobotsOnWhiteSite
28481,25,18
timeStep,numberOfRobotsOnBlackSite,numberOfRobotsOnWhiteSite
28482,25,18
timeStep,numberOfRobotsOnBlackSite,numberOfRobotsOnWhiteSite
28483,25,18
timeStep,numberOfRobotsOnBlackSite,numberOfRobotsOnWhiteSite
28484,25,18
timeStep,numberOfRobotsOnBlackSite,numberOfRobotsOnWhiteSite
28485,25,18
timeStep,numberOfRobotsOnBlackSite,numberOfRobotsOnWhiteSite
28486,25,18
timeStep,numberOfRobotsOnBlackSite,numberOfRobotsOnWhiteSite
28487,25,18
timeStep,numberOfRobotsOnBlackSite,numberOfRobotsOnWhiteSite
28488,25,18
timeStep,numberOfRobotsOnBlackSite,numberOfRobotsOnWhiteSite
28489,25,18
timeStep,numberOfRobotsOnBlackSite,numberOfRobotsOnWhiteSite
28490,25,18
timeStep,numberOfRobotsOnBlackSite,numberOfRobotsOnWhiteSite
28491,25,18
timeStep,numberOfRobotsOnBlackSite,numberOfRobotsOnWhiteSite
28492,25,18
timeStep,numberOfRobotsOnBlackSite,numberOfRobotsOnWhiteSite
28493,25,18
timeStep,numberOfRobotsOnBlackSite,numberOfRobotsOnWhiteSite
28494,25,18
timeStep,numberOfRobotsOnBlackSite,numberOfRobotsOnWhiteSite
28495,25,18
timeStep,numberOfRobotsOnBlackSite,numberOfRobotsOnWhiteSite
28496,25,18
timeStep,numberOfRobotsOnBlackSite,numberOfRobotsOnWhiteSite
28497,25,18
timeStep,numberOfRobotsOnBlackSite,numberOfRobotsOnWhiteSite
28498,25,18
timeStep,numberOfRobotsOnBlackSite,numberOfRobotsOnWhiteSite
28499,25,18
timeStep,numberOfRobotsOnBlackSite,numberOfRobotsOnWhiteSite
28500,25,18
timeStep,numberOfRobotsOnBlackSite,numberOfRobotsOnWhiteSite
28501,25,18
timeStep,numberOfRobotsOnBlackSite,numberOfRobotsOnWhiteSite
28502,25,18
timeStep,numberOfRobotsOnBlackSite,numberOfRobotsOnWhiteSite
28503,25,18
timeStep,numberOfRobotsOnBlackSite,numberOfRobotsOnWhiteSite
28504,25,18
timeStep,numberOfRobotsOnBlackSite,numberOfRobotsOnWhiteSite
28505,25,18
timeStep,numberOfRobotsOnBlackSite,numberOfRobotsOnWhiteSite
28506,25,18
timeStep,numberOfRobotsOnBlackSite,numberOfRobotsOnWhiteSite
28507,25,18
timeStep,numberOfRobotsOnBlackSite,numberOfRobotsOnWhiteSite
28508,25,18
timeStep,numberOfRobotsOnBlackSite,numberOfRobotsOnWhiteSite
28509,25,18
timeStep,numberOfRobotsOnBlackSite,numberOfRobotsOnWhiteSite
28510,25,18
timeStep,numberOfRobotsOnBlackSite,numberOfRobotsOnWhiteSite
28511,25,18
timeStep,numberOfRobotsOnBlackSite,numberOfRobotsOnWhiteSite
28512,25,18
timeStep,numberOfRobotsOnBlackSite,numberOfRobotsOnWhiteSite
28513,25,18
timeStep,numberOfRobotsOnBlackSite,numberOfRobotsOnWhiteSite
28514,25,18
timeStep,numberOfRobotsOnBlackSite,numberOfRobotsOnWhiteSite
28515,25,18
timeStep,numberOfRobotsOnBlackSite,numberOfRobotsOnWhiteSite
28516,25,18
timeStep,numberOfRobotsOnBlackSite,numberOfRobotsOnWhiteSite
28517,25,18
timeStep,numberOfRobotsOnBlackSite,numberOfRobotsOnWhiteSite
28518,25,18
timeStep,numberOfRobotsOnBlackSite,numberOfRobotsOnWhiteSite
28519,25,18
timeStep,numberOfRobotsOnBlackSite,numberOfRobotsOnWhiteSite
28520,25,18
timeStep,numberOfRobotsOnBlackSite,numberOfRobotsOnWhiteSite
28521,25,18
timeStep,numberOfRobotsOnBlackSite,numberOfRobotsOnWhiteSite
28522,25,18
timeStep,numberOfRobotsOnBlackSite,numberOfRobotsOnWhiteSite
28523,25,18
timeStep,numberOfRobotsOnBlackSite,numberOfRobotsOnWhiteSite
28524,25,18
timeStep,numberOfRobotsOnBlackSite,numberOfRobotsOnWhiteSite
28525,25,18
timeStep,numberOfRobotsOnBlackSite,numberOfRobotsOnWhiteSite
28526,25,18
timeStep,numberOfRobotsOnBlackSite,numberOfRobotsOnWhiteSite
28527,25,18
timeStep,numberOfRobotsOnBlackSite,numberOfRobotsOnWhiteSite
28528,25,18
timeStep,numberOfRobotsOnBlackSite,numberOfRobotsOnWhiteSite
28529,25,18
timeStep,numberOfRobotsOnBlackSite,numberOfRobotsOnWhiteSite
28530,25,18
timeStep,numberOfRobotsOnBlackSite,numberOfRobotsOnWhiteSite
28531,25,18
timeStep,numberOfRobotsOnBlackSite,numberOfRobotsOnWhiteSite
28532,25,18
timeStep,numberOfRobotsOnBlackSite,numberOfRobotsOnWhiteSite
28533,25,18
timeStep,numberOfRobotsOnBlackSite,numberOfRobotsOnWhiteSite
28534,25,18
timeStep,numberOfRobotsOnBlackSite,numberOfRobotsOnWhiteSite
28535,25,18
timeStep,numberOfRobotsOnBlackSite,numberOfRobotsOnWhiteSite
28536,25,18
timeStep,numberOfRobotsOnBlackSite,numberOfRobotsOnWhiteSite
28537,25,18
timeStep,numberOfRobotsOnBlackSite,numberOfRobotsOnWhiteSite
28538,25,18
timeStep,numberOfRobotsOnBlackSite,numberOfRobotsOnWhiteSite
28539,25,18
timeStep,numberOfRobotsOnBlackSite,numberOfRobotsOnWhiteSite
28540,25,18
timeStep,numberOfRobotsOnBlackSite,numberOfRobotsOnWhiteSite
28541,25,18
timeStep,numberOfRobotsOnBlackSite,numberOfRobotsOnWhiteSite
28542,25,18
timeStep,numberOfRobotsOnBlackSite,numberOfRobotsOnWhiteSite
28543,25,18
timeStep,numberOfRobotsOnBlackSite,numberOfRobotsOnWhiteSite
28544,25,18
timeStep,numberOfRobotsOnBlackSite,numberOfRobotsOnWhiteSite
28545,25,18
timeStep,numberOfRobotsOnBlackSite,numberOfRobotsOnWhiteSite
28546,25,18
timeStep,numberOfRobotsOnBlackSite,numberOfRobotsOnWhiteSite
28547,25,18
timeStep,numberOfRobotsOnBlackSite,numberOfRobotsOnWhiteSite
28548,25,18
timeStep,numberOfRobotsOnBlackSite,numberOfRobotsOnWhiteSite
28549,25,18
timeStep,numberOfRobotsOnBlackSite,numberOfRobotsOnWhiteSite
28550,25,18
timeStep,numberOfRobotsOnBlackSite,numberOfRobotsOnWhiteSite
28551,25,18
timeStep,numberOfRobotsOnBlackSite,numberOfRobotsOnWhiteSite
28552,25,18
timeStep,numberOfRobotsOnBlackSite,numberOfRobotsOnWhiteSite
28553,25,18
timeStep,numberOfRobotsOnBlackSite,numberOfRobotsOnWhiteSite
28554,25,18
timeStep,numberOfRobotsOnBlackSite,numberOfRobotsOnWhiteSite
28555,25,18
timeStep,numberOfRobotsOnBlackSite,numberOfRobotsOnWhiteSite
28556,25,18
timeStep,numberOfRobotsOnBlackSite,numberOfRobotsOnWhiteSite
28557,25,18
timeStep,numberOfRobotsOnBlackSite,numberOfRobotsOnWhiteSite
28558,25,18
timeStep,numberOfRobotsOnBlackSite,numberOfRobotsOnWhiteSite
28559,25,18
timeStep,numberOfRobotsOnBlackSite,numberOfRobotsOnWhiteSite
28560,25,18
timeStep,numberOfRobotsOnBlackSite,numberOfRobotsOnWhiteSite
28561,25,18
timeStep,numberOfRobotsOnBlackSite,numberOfRobotsOnWhiteSite
28562,25,18
timeStep,numberOfRobotsOnBlackSite,numberOfRobotsOnWhiteSite
28563,25,18
timeStep,numberOfRobotsOnBlackSite,numberOfRobotsOnWhiteSite
28564,25,18
timeStep,numberOfRobotsOnBlackSite,numberOfRobotsOnWhiteSite
28565,25,19
timeStep,numberOfRobotsOnBlackSite,numberOfRobotsOnWhiteSite
28566,25,19
timeStep,numberOfRobotsOnBlackSite,numberOfRobotsOnWhiteSite
28567,25,19
timeStep,numberOfRobotsOnBlackSite,numberOfRobotsOnWhiteSite
28568,25,19
timeStep,numberOfRobotsOnBlackSite,numberOfRobotsOnWhiteSite
28569,25,19
timeStep,numberOfRobotsOnBlackSite,numberOfRobotsOnWhiteSite
28570,25,19
timeStep,numberOfRobotsOnBlackSite,numberOfRobotsOnWhiteSite
28571,25,19
timeStep,numberOfRobotsOnBlackSite,numberOfRobotsOnWhiteSite
28572,25,19
timeStep,numberOfRobotsOnBlackSite,numberOfRobotsOnWhiteSite
28573,25,19
timeStep,numberOfRobotsOnBlackSite,numberOfRobotsOnWhiteSite
28574,25,19
timeStep,numberOfRobotsOnBlackSite,numberOfRobotsOnWhiteSite
28575,25,19
timeStep,numberOfRobotsOnBlackSite,numberOfRobotsOnWhiteSite
28576,25,19
timeStep,numberOfRobotsOnBlackSite,numberOfRobotsOnWhiteSite
28577,25,19
timeStep,numberOfRobotsOnBlackSite,numberOfRobotsOnWhiteSite
28578,25,19
timeStep,numberOfRobotsOnBlackSite,numberOfRobotsOnWhiteSite
28579,25,19
timeStep,numberOfRobotsOnBlackSite,numberOfRobotsOnWhiteSite
28580,25,19
timeStep,numberOfRobotsOnBlackSite,numberOfRobotsOnWhiteSite
28581,25,19
timeStep,numberOfRobotsOnBlackSite,numberOfRobotsOnWhiteSite
28582,25,19
timeStep,numberOfRobotsOnBlackSite,numberOfRobotsOnWhiteSite
28583,25,19
timeStep,numberOfRobotsOnBlackSite,numberOfRobotsOnWhiteSite
28584,25,19
timeStep,numberOfRobotsOnBlackSite,numberOfRobotsOnWhiteSite
28585,25,19
timeStep,numberOfRobotsOnBlackSite,numberOfRobotsOnWhiteSite
28586,25,19
timeStep,numberOfRobotsOnBlackSite,numberOfRobotsOnWhiteSite
28587,25,19
timeStep,numberOfRobotsOnBlackSite,numberOfRobotsOnWhiteSite
28588,25,19
timeStep,numberOfRobotsOnBlackSite,numberOfRobotsOnWhiteSite
28589,25,19
timeStep,numberOfRobotsOnBlackSite,numberOfRobotsOnWhiteSite
28590,25,19
timeStep,numberOfRobotsOnBlackSite,numberOfRobotsOnWhiteSite
28591,25,19
timeStep,numberOfRobotsOnBlackSite,numberOfRobotsOnWhiteSite
28592,25,19
timeStep,numberOfRobotsOnBlackSite,numberOfRobotsOnWhiteSite
28593,25,19
timeStep,numberOfRobotsOnBlackSite,numberOfRobotsOnWhiteSite
28594,25,19
timeStep,numberOfRobotsOnBlackSite,numberOfRobotsOnWhiteSite
28595,25,19
timeStep,numberOfRobotsOnBlackSite,numberOfRobotsOnWhiteSite
28596,25,19
timeStep,numberOfRobotsOnBlackSite,numberOfRobotsOnWhiteSite
28597,25,19
timeStep,numberOfRobotsOnBlackSite,numberOfRobotsOnWhiteSite
28598,25,19
timeStep,numberOfRobotsOnBlackSite,numberOfRobotsOnWhiteSite
28599,25,19
timeStep,numberOfRobotsOnBlackSite,numberOfRobotsOnWhiteSite
28600,25,19
timeStep,numberOfRobotsOnBlackSite,numberOfRobotsOnWhiteSite
28601,25,19
timeStep,numberOfRobotsOnBlackSite,numberOfRobotsOnWhiteSite
28602,25,19
timeStep,numberOfRobotsOnBlackSite,numberOfRobotsOnWhiteSite
28603,25,19
timeStep,numberOfRobotsOnBlackSite,numberOfRobotsOnWhiteSite
28604,25,19
timeStep,numberOfRobotsOnBlackSite,numberOfRobotsOnWhiteSite
28605,25,19
timeStep,numberOfRobotsOnBlackSite,numberOfRobotsOnWhiteSite
28606,25,19
timeStep,numberOfRobotsOnBlackSite,numberOfRobotsOnWhiteSite
28607,25,19
timeStep,numberOfRobotsOnBlackSite,numberOfRobotsOnWhiteSite
28608,25,19
timeStep,numberOfRobotsOnBlackSite,numberOfRobotsOnWhiteSite
28609,25,19
timeStep,numberOfRobotsOnBlackSite,numberOfRobotsOnWhiteSite
28610,25,19
timeStep,numberOfRobotsOnBlackSite,numberOfRobotsOnWhiteSite
28611,25,19
timeStep,numberOfRobotsOnBlackSite,numberOfRobotsOnWhiteSite
28612,25,19
timeStep,numberOfRobotsOnBlackSite,numberOfRobotsOnWhiteSite
28613,25,19
timeStep,numberOfRobotsOnBlackSite,numberOfRobotsOnWhiteSite
28614,25,19
timeStep,numberOfRobotsOnBlackSite,numberOfRobotsOnWhiteSite
28615,25,19
timeStep,numberOfRobotsOnBlackSite,numberOfRobotsOnWhiteSite
28616,25,19
timeStep,numberOfRobotsOnBlackSite,numberOfRobotsOnWhiteSite
28617,25,19
timeStep,numberOfRobotsOnBlackSite,numberOfRobotsOnWhiteSite
28618,25,19
timeStep,numberOfRobotsOnBlackSite,numberOfRobotsOnWhiteSite
28619,25,19
timeStep,numberOfRobotsOnBlackSite,numberOfRobotsOnWhiteSite
28620,25,19
timeStep,numberOfRobotsOnBlackSite,numberOfRobotsOnWhiteSite
28621,25,19
timeStep,numberOfRobotsOnBlackSite,numberOfRobotsOnWhiteSite
28622,25,19
timeStep,numberOfRobotsOnBlackSite,numberOfRobotsOnWhiteSite
28623,25,19
timeStep,numberOfRobotsOnBlackSite,numberOfRobotsOnWhiteSite
28624,25,19
timeStep,numberOfRobotsOnBlackSite,numberOfRobotsOnWhiteSite
28625,25,19
timeStep,numberOfRobotsOnBlackSite,numberOfRobotsOnWhiteSite
28626,25,19
timeStep,numberOfRobotsOnBlackSite,numberOfRobotsOnWhiteSite
28627,25,19
timeStep,numberOfRobotsOnBlackSite,numberOfRobotsOnWhiteSite
28628,25,19
timeStep,numberOfRobotsOnBlackSite,numberOfRobotsOnWhiteSite
28629,25,19
timeStep,numberOfRobotsOnBlackSite,numberOfRobotsOnWhiteSite
28630,25,19
timeStep,numberOfRobotsOnBlackSite,numberOfRobotsOnWhiteSite
28631,25,19
timeStep,numberOfRobotsOnBlackSite,numberOfRobotsOnWhiteSite
28632,25,19
timeStep,numberOfRobotsOnBlackSite,numberOfRobotsOnWhiteSite
28633,25,19
timeStep,numberOfRobotsOnBlackSite,numberOfRobotsOnWhiteSite
28634,25,19
timeStep,numberOfRobotsOnBlackSite,numberOfRobotsOnWhiteSite
28635,25,19
timeStep,numberOfRobotsOnBlackSite,numberOfRobotsOnWhiteSite
28636,25,19
timeStep,numberOfRobotsOnBlackSite,numberOfRobotsOnWhiteSite
28637,25,19
timeStep,numberOfRobotsOnBlackSite,numberOfRobotsOnWhiteSite
28638,25,19
timeStep,numberOfRobotsOnBlackSite,numberOfRobotsOnWhiteSite
28639,25,19
timeStep,numberOfRobotsOnBlackSite,numberOfRobotsOnWhiteSite
28640,25,19
timeStep,numberOfRobotsOnBlackSite,numberOfRobotsOnWhiteSite
28641,25,19
timeStep,numberOfRobotsOnBlackSite,numberOfRobotsOnWhiteSite
28642,25,19
timeStep,numberOfRobotsOnBlackSite,numberOfRobotsOnWhiteSite
28643,25,19
timeStep,numberOfRobotsOnBlackSite,numberOfRobotsOnWhiteSite
28644,25,19
timeStep,numberOfRobotsOnBlackSite,numberOfRobotsOnWhiteSite
28645,25,19
timeStep,numberOfRobotsOnBlackSite,numberOfRobotsOnWhiteSite
28646,25,19
timeStep,numberOfRobotsOnBlackSite,numberOfRobotsOnWhiteSite
28647,25,19
timeStep,numberOfRobotsOnBlackSite,numberOfRobotsOnWhiteSite
28648,25,19
timeStep,numberOfRobotsOnBlackSite,numberOfRobotsOnWhiteSite
28649,25,19
timeStep,numberOfRobotsOnBlackSite,numberOfRobotsOnWhiteSite
28650,25,19
timeStep,numberOfRobotsOnBlackSite,numberOfRobotsOnWhiteSite
28651,25,19
timeStep,numberOfRobotsOnBlackSite,numberOfRobotsOnWhiteSite
28652,25,19
timeStep,numberOfRobotsOnBlackSite,numberOfRobotsOnWhiteSite
28653,25,19
timeStep,numberOfRobotsOnBlackSite,numberOfRobotsOnWhiteSite
28654,25,19
timeStep,numberOfRobotsOnBlackSite,numberOfRobotsOnWhiteSite
28655,25,19
timeStep,numberOfRobotsOnBlackSite,numberOfRobotsOnWhiteSite
28656,25,19
timeStep,numberOfRobotsOnBlackSite,numberOfRobotsOnWhiteSite
28657,25,19
timeStep,numberOfRobotsOnBlackSite,numberOfRobotsOnWhiteSite
28658,25,19
timeStep,numberOfRobotsOnBlackSite,numberOfRobotsOnWhiteSite
28659,25,19
timeStep,numberOfRobotsOnBlackSite,numberOfRobotsOnWhiteSite
28660,25,19
timeStep,numberOfRobotsOnBlackSite,numberOfRobotsOnWhiteSite
28661,25,19
timeStep,numberOfRobotsOnBlackSite,numberOfRobotsOnWhiteSite
28662,25,19
timeStep,numberOfRobotsOnBlackSite,numberOfRobotsOnWhiteSite
28663,25,19
timeStep,numberOfRobotsOnBlackSite,numberOfRobotsOnWhiteSite
28664,25,19
timeStep,numberOfRobotsOnBlackSite,numberOfRobotsOnWhiteSite
28665,25,19
timeStep,numberOfRobotsOnBlackSite,numberOfRobotsOnWhiteSite
28666,25,19
timeStep,numberOfRobotsOnBlackSite,numberOfRobotsOnWhiteSite
28667,25,19
timeStep,numberOfRobotsOnBlackSite,numberOfRobotsOnWhiteSite
28668,25,19
timeStep,numberOfRobotsOnBlackSite,numberOfRobotsOnWhiteSite
28669,25,19
timeStep,numberOfRobotsOnBlackSite,numberOfRobotsOnWhiteSite
28670,25,19
timeStep,numberOfRobotsOnBlackSite,numberOfRobotsOnWhiteSite
28671,25,19
timeStep,numberOfRobotsOnBlackSite,numberOfRobotsOnWhiteSite
28672,25,19
timeStep,numberOfRobotsOnBlackSite,numberOfRobotsOnWhiteSite
28673,25,19
timeStep,numberOfRobotsOnBlackSite,numberOfRobotsOnWhiteSite
28674,25,19
timeStep,numberOfRobotsOnBlackSite,numberOfRobotsOnWhiteSite
28675,25,19
timeStep,numberOfRobotsOnBlackSite,numberOfRobotsOnWhiteSite
28676,25,19
timeStep,numberOfRobotsOnBlackSite,numberOfRobotsOnWhiteSite
28677,25,19
timeStep,numberOfRobotsOnBlackSite,numberOfRobotsOnWhiteSite
28678,25,19
timeStep,numberOfRobotsOnBlackSite,numberOfRobotsOnWhiteSite
28679,25,19
timeStep,numberOfRobotsOnBlackSite,numberOfRobotsOnWhiteSite
28680,25,19
timeStep,numberOfRobotsOnBlackSite,numberOfRobotsOnWhiteSite
28681,25,19
timeStep,numberOfRobotsOnBlackSite,numberOfRobotsOnWhiteSite
28682,25,19
timeStep,numberOfRobotsOnBlackSite,numberOfRobotsOnWhiteSite
28683,25,19
timeStep,numberOfRobotsOnBlackSite,numberOfRobotsOnWhiteSite
28684,25,19
timeStep,numberOfRobotsOnBlackSite,numberOfRobotsOnWhiteSite
28685,25,19
timeStep,numberOfRobotsOnBlackSite,numberOfRobotsOnWhiteSite
28686,25,19
timeStep,numberOfRobotsOnBlackSite,numberOfRobotsOnWhiteSite
28687,25,19
timeStep,numberOfRobotsOnBlackSite,numberOfRobotsOnWhiteSite
28688,25,19
timeStep,numberOfRobotsOnBlackSite,numberOfRobotsOnWhiteSite
28689,25,19
timeStep,numberOfRobotsOnBlackSite,numberOfRobotsOnWhiteSite
28690,25,19
timeStep,numberOfRobotsOnBlackSite,numberOfRobotsOnWhiteSite
28691,25,19
timeStep,numberOfRobotsOnBlackSite,numberOfRobotsOnWhiteSite
28692,25,19
timeStep,numberOfRobotsOnBlackSite,numberOfRobotsOnWhiteSite
28693,25,19
timeStep,numberOfRobotsOnBlackSite,numberOfRobotsOnWhiteSite
28694,25,19
timeStep,numberOfRobotsOnBlackSite,numberOfRobotsOnWhiteSite
28695,25,19
timeStep,numberOfRobotsOnBlackSite,numberOfRobotsOnWhiteSite
28696,25,19
timeStep,numberOfRobotsOnBlackSite,numberOfRobotsOnWhiteSite
28697,25,19
timeStep,numberOfRobotsOnBlackSite,numberOfRobotsOnWhiteSite
28698,25,19
timeStep,numberOfRobotsOnBlackSite,numberOfRobotsOnWhiteSite
28699,25,19
timeStep,numberOfRobotsOnBlackSite,numberOfRobotsOnWhiteSite
28700,25,19
timeStep,numberOfRobotsOnBlackSite,numberOfRobotsOnWhiteSite
28701,25,19
timeStep,numberOfRobotsOnBlackSite,numberOfRobotsOnWhiteSite
28702,25,19
timeStep,numberOfRobotsOnBlackSite,numberOfRobotsOnWhiteSite
28703,25,19
timeStep,numberOfRobotsOnBlackSite,numberOfRobotsOnWhiteSite
28704,25,19
timeStep,numberOfRobotsOnBlackSite,numberOfRobotsOnWhiteSite
28705,25,19
timeStep,numberOfRobotsOnBlackSite,numberOfRobotsOnWhiteSite
28706,25,19
timeStep,numberOfRobotsOnBlackSite,numberOfRobotsOnWhiteSite
28707,25,19
timeStep,numberOfRobotsOnBlackSite,numberOfRobotsOnWhiteSite
28708,25,19
timeStep,numberOfRobotsOnBlackSite,numberOfRobotsOnWhiteSite
28709,25,19
timeStep,numberOfRobotsOnBlackSite,numberOfRobotsOnWhiteSite
28710,25,19
timeStep,numberOfRobotsOnBlackSite,numberOfRobotsOnWhiteSite
28711,25,19
timeStep,numberOfRobotsOnBlackSite,numberOfRobotsOnWhiteSite
28712,25,19
timeStep,numberOfRobotsOnBlackSite,numberOfRobotsOnWhiteSite
28713,25,19
timeStep,numberOfRobotsOnBlackSite,numberOfRobotsOnWhiteSite
28714,25,19
timeStep,numberOfRobotsOnBlackSite,numberOfRobotsOnWhiteSite
28715,25,19
timeStep,numberOfRobotsOnBlackSite,numberOfRobotsOnWhiteSite
28716,25,19
timeStep,numberOfRobotsOnBlackSite,numberOfRobotsOnWhiteSite
28717,25,19
timeStep,numberOfRobotsOnBlackSite,numberOfRobotsOnWhiteSite
28718,25,19
timeStep,numberOfRobotsOnBlackSite,numberOfRobotsOnWhiteSite
28719,25,19
timeStep,numberOfRobotsOnBlackSite,numberOfRobotsOnWhiteSite
28720,25,19
timeStep,numberOfRobotsOnBlackSite,numberOfRobotsOnWhiteSite
28721,25,19
timeStep,numberOfRobotsOnBlackSite,numberOfRobotsOnWhiteSite
28722,25,19
timeStep,numberOfRobotsOnBlackSite,numberOfRobotsOnWhiteSite
28723,25,19
timeStep,numberOfRobotsOnBlackSite,numberOfRobotsOnWhiteSite
28724,25,19
timeStep,numberOfRobotsOnBlackSite,numberOfRobotsOnWhiteSite
28725,25,19
timeStep,numberOfRobotsOnBlackSite,numberOfRobotsOnWhiteSite
28726,25,19
timeStep,numberOfRobotsOnBlackSite,numberOfRobotsOnWhiteSite
28727,25,19
timeStep,numberOfRobotsOnBlackSite,numberOfRobotsOnWhiteSite
28728,25,19
timeStep,numberOfRobotsOnBlackSite,numberOfRobotsOnWhiteSite
28729,25,19
timeStep,numberOfRobotsOnBlackSite,numberOfRobotsOnWhiteSite
28730,25,19
timeStep,numberOfRobotsOnBlackSite,numberOfRobotsOnWhiteSite
28731,25,19
timeStep,numberOfRobotsOnBlackSite,numberOfRobotsOnWhiteSite
28732,25,19
timeStep,numberOfRobotsOnBlackSite,numberOfRobotsOnWhiteSite
28733,25,19
timeStep,numberOfRobotsOnBlackSite,numberOfRobotsOnWhiteSite
28734,25,19
timeStep,numberOfRobotsOnBlackSite,numberOfRobotsOnWhiteSite
28735,25,19
timeStep,numberOfRobotsOnBlackSite,numberOfRobotsOnWhiteSite
28736,25,19
timeStep,numberOfRobotsOnBlackSite,numberOfRobotsOnWhiteSite
28737,25,19
timeStep,numberOfRobotsOnBlackSite,numberOfRobotsOnWhiteSite
28738,25,19
timeStep,numberOfRobotsOnBlackSite,numberOfRobotsOnWhiteSite
28739,25,19
timeStep,numberOfRobotsOnBlackSite,numberOfRobotsOnWhiteSite
28740,25,19
timeStep,numberOfRobotsOnBlackSite,numberOfRobotsOnWhiteSite
28741,25,19
timeStep,numberOfRobotsOnBlackSite,numberOfRobotsOnWhiteSite
28742,25,19
timeStep,numberOfRobotsOnBlackSite,numberOfRobotsOnWhiteSite
28743,25,19
timeStep,numberOfRobotsOnBlackSite,numberOfRobotsOnWhiteSite
28744,25,19
timeStep,numberOfRobotsOnBlackSite,numberOfRobotsOnWhiteSite
28745,25,19
timeStep,numberOfRobotsOnBlackSite,numberOfRobotsOnWhiteSite
28746,25,19
timeStep,numberOfRobotsOnBlackSite,numberOfRobotsOnWhiteSite
28747,25,19
timeStep,numberOfRobotsOnBlackSite,numberOfRobotsOnWhiteSite
28748,25,19
timeStep,numberOfRobotsOnBlackSite,numberOfRobotsOnWhiteSite
28749,25,19
timeStep,numberOfRobotsOnBlackSite,numberOfRobotsOnWhiteSite
28750,25,19
timeStep,numberOfRobotsOnBlackSite,numberOfRobotsOnWhiteSite
28751,25,19
timeStep,numberOfRobotsOnBlackSite,numberOfRobotsOnWhiteSite
28752,25,19
timeStep,numberOfRobotsOnBlackSite,numberOfRobotsOnWhiteSite
28753,25,19
timeStep,numberOfRobotsOnBlackSite,numberOfRobotsOnWhiteSite
28754,25,19
timeStep,numberOfRobotsOnBlackSite,numberOfRobotsOnWhiteSite
28755,25,19
timeStep,numberOfRobotsOnBlackSite,numberOfRobotsOnWhiteSite
28756,25,19
timeStep,numberOfRobotsOnBlackSite,numberOfRobotsOnWhiteSite
28757,25,19
timeStep,numberOfRobotsOnBlackSite,numberOfRobotsOnWhiteSite
28758,25,19
timeStep,numberOfRobotsOnBlackSite,numberOfRobotsOnWhiteSite
28759,25,19
timeStep,numberOfRobotsOnBlackSite,numberOfRobotsOnWhiteSite
28760,25,19
timeStep,numberOfRobotsOnBlackSite,numberOfRobotsOnWhiteSite
28761,25,19
timeStep,numberOfRobotsOnBlackSite,numberOfRobotsOnWhiteSite
28762,25,19
timeStep,numberOfRobotsOnBlackSite,numberOfRobotsOnWhiteSite
28763,25,19
timeStep,numberOfRobotsOnBlackSite,numberOfRobotsOnWhiteSite
28764,25,19
timeStep,numberOfRobotsOnBlackSite,numberOfRobotsOnWhiteSite
28765,25,19
timeStep,numberOfRobotsOnBlackSite,numberOfRobotsOnWhiteSite
28766,25,19
timeStep,numberOfRobotsOnBlackSite,numberOfRobotsOnWhiteSite
28767,25,19
timeStep,numberOfRobotsOnBlackSite,numberOfRobotsOnWhiteSite
28768,25,19
timeStep,numberOfRobotsOnBlackSite,numberOfRobotsOnWhiteSite
28769,25,19
timeStep,numberOfRobotsOnBlackSite,numberOfRobotsOnWhiteSite
28770,25,19
timeStep,numberOfRobotsOnBlackSite,numberOfRobotsOnWhiteSite
28771,25,19
timeStep,numberOfRobotsOnBlackSite,numberOfRobotsOnWhiteSite
28772,25,19
timeStep,numberOfRobotsOnBlackSite,numberOfRobotsOnWhiteSite
28773,25,19
timeStep,numberOfRobotsOnBlackSite,numberOfRobotsOnWhiteSite
28774,25,19
timeStep,numberOfRobotsOnBlackSite,numberOfRobotsOnWhiteSite
28775,25,19
timeStep,numberOfRobotsOnBlackSite,numberOfRobotsOnWhiteSite
28776,25,19
timeStep,numberOfRobotsOnBlackSite,numberOfRobotsOnWhiteSite
28777,25,19
timeStep,numberOfRobotsOnBlackSite,numberOfRobotsOnWhiteSite
28778,25,19
timeStep,numberOfRobotsOnBlackSite,numberOfRobotsOnWhiteSite
28779,25,19
timeStep,numberOfRobotsOnBlackSite,numberOfRobotsOnWhiteSite
28780,26,19
timeStep,numberOfRobotsOnBlackSite,numberOfRobotsOnWhiteSite
28781,26,19
timeStep,numberOfRobotsOnBlackSite,numberOfRobotsOnWhiteSite
28782,26,19
timeStep,numberOfRobotsOnBlackSite,numberOfRobotsOnWhiteSite
28783,26,19
timeStep,numberOfRobotsOnBlackSite,numberOfRobotsOnWhiteSite
28784,26,19
timeStep,numberOfRobotsOnBlackSite,numberOfRobotsOnWhiteSite
28785,26,18
timeStep,numberOfRobotsOnBlackSite,numberOfRobotsOnWhiteSite
28786,26,18
timeStep,numberOfRobotsOnBlackSite,numberOfRobotsOnWhiteSite
28787,26,18
timeStep,numberOfRobotsOnBlackSite,numberOfRobotsOnWhiteSite
28788,26,18
timeStep,numberOfRobotsOnBlackSite,numberOfRobotsOnWhiteSite
28789,26,18
timeStep,numberOfRobotsOnBlackSite,numberOfRobotsOnWhiteSite
28790,26,18
timeStep,numberOfRobotsOnBlackSite,numberOfRobotsOnWhiteSite
28791,26,18
timeStep,numberOfRobotsOnBlackSite,numberOfRobotsOnWhiteSite
28792,26,18
timeStep,numberOfRobotsOnBlackSite,numberOfRobotsOnWhiteSite
28793,26,18
timeStep,numberOfRobotsOnBlackSite,numberOfRobotsOnWhiteSite
28794,26,18
timeStep,numberOfRobotsOnBlackSite,numberOfRobotsOnWhiteSite
28795,26,18
timeStep,numberOfRobotsOnBlackSite,numberOfRobotsOnWhiteSite
28796,26,18
timeStep,numberOfRobotsOnBlackSite,numberOfRobotsOnWhiteSite
28797,26,18
timeStep,numberOfRobotsOnBlackSite,numberOfRobotsOnWhiteSite
28798,26,18
timeStep,numberOfRobotsOnBlackSite,numberOfRobotsOnWhiteSite
28799,26,18
timeStep,numberOfRobotsOnBlackSite,numberOfRobotsOnWhiteSite
28800,26,18
timeStep,numberOfRobotsOnBlackSite,numberOfRobotsOnWhiteSite
28801,26,18
timeStep,numberOfRobotsOnBlackSite,numberOfRobotsOnWhiteSite
28802,26,18
timeStep,numberOfRobotsOnBlackSite,numberOfRobotsOnWhiteSite
28803,26,18
timeStep,numberOfRobotsOnBlackSite,numberOfRobotsOnWhiteSite
28804,26,18
timeStep,numberOfRobotsOnBlackSite,numberOfRobotsOnWhiteSite
28805,25,18
timeStep,numberOfRobotsOnBlackSite,numberOfRobotsOnWhiteSite
28806,25,18
timeStep,numberOfRobotsOnBlackSite,numberOfRobotsOnWhiteSite
28807,25,18
timeStep,numberOfRobotsOnBlackSite,numberOfRobotsOnWhiteSite
28808,25,18
timeStep,numberOfRobotsOnBlackSite,numberOfRobotsOnWhiteSite
28809,25,18
timeStep,numberOfRobotsOnBlackSite,numberOfRobotsOnWhiteSite
28810,25,18
timeStep,numberOfRobotsOnBlackSite,numberOfRobotsOnWhiteSite
28811,25,18
timeStep,numberOfRobotsOnBlackSite,numberOfRobotsOnWhiteSite
28812,25,18
timeStep,numberOfRobotsOnBlackSite,numberOfRobotsOnWhiteSite
28813,25,18
timeStep,numberOfRobotsOnBlackSite,numberOfRobotsOnWhiteSite
28814,25,18
timeStep,numberOfRobotsOnBlackSite,numberOfRobotsOnWhiteSite
28815,25,18
timeStep,numberOfRobotsOnBlackSite,numberOfRobotsOnWhiteSite
28816,25,18
timeStep,numberOfRobotsOnBlackSite,numberOfRobotsOnWhiteSite
28817,25,18
timeStep,numberOfRobotsOnBlackSite,numberOfRobotsOnWhiteSite
28818,25,18
timeStep,numberOfRobotsOnBlackSite,numberOfRobotsOnWhiteSite
28819,25,18
timeStep,numberOfRobotsOnBlackSite,numberOfRobotsOnWhiteSite
28820,24,18
timeStep,numberOfRobotsOnBlackSite,numberOfRobotsOnWhiteSite
28821,24,18
timeStep,numberOfRobotsOnBlackSite,numberOfRobotsOnWhiteSite
28822,24,18
timeStep,numberOfRobotsOnBlackSite,numberOfRobotsOnWhiteSite
28823,24,18
timeStep,numberOfRobotsOnBlackSite,numberOfRobotsOnWhiteSite
28824,24,18
timeStep,numberOfRobotsOnBlackSite,numberOfRobotsOnWhiteSite
28825,24,18
timeStep,numberOfRobotsOnBlackSite,numberOfRobotsOnWhiteSite
28826,24,18
timeStep,numberOfRobotsOnBlackSite,numberOfRobotsOnWhiteSite
28827,24,18
timeStep,numberOfRobotsOnBlackSite,numberOfRobotsOnWhiteSite
28828,24,18
timeStep,numberOfRobotsOnBlackSite,numberOfRobotsOnWhiteSite
28829,24,18
timeStep,numberOfRobotsOnBlackSite,numberOfRobotsOnWhiteSite
28830,24,18
timeStep,numberOfRobotsOnBlackSite,numberOfRobotsOnWhiteSite
28831,24,18
timeStep,numberOfRobotsOnBlackSite,numberOfRobotsOnWhiteSite
28832,24,18
timeStep,numberOfRobotsOnBlackSite,numberOfRobotsOnWhiteSite
28833,24,18
timeStep,numberOfRobotsOnBlackSite,numberOfRobotsOnWhiteSite
28834,24,18
timeStep,numberOfRobotsOnBlackSite,numberOfRobotsOnWhiteSite
28835,24,18
timeStep,numberOfRobotsOnBlackSite,numberOfRobotsOnWhiteSite
28836,24,18
timeStep,numberOfRobotsOnBlackSite,numberOfRobotsOnWhiteSite
28837,24,18
timeStep,numberOfRobotsOnBlackSite,numberOfRobotsOnWhiteSite
28838,24,18
timeStep,numberOfRobotsOnBlackSite,numberOfRobotsOnWhiteSite
28839,24,18
timeStep,numberOfRobotsOnBlackSite,numberOfRobotsOnWhiteSite
28840,24,18
timeStep,numberOfRobotsOnBlackSite,numberOfRobotsOnWhiteSite
28841,24,18
timeStep,numberOfRobotsOnBlackSite,numberOfRobotsOnWhiteSite
28842,24,18
timeStep,numberOfRobotsOnBlackSite,numberOfRobotsOnWhiteSite
28843,24,18
timeStep,numberOfRobotsOnBlackSite,numberOfRobotsOnWhiteSite
28844,24,18
timeStep,numberOfRobotsOnBlackSite,numberOfRobotsOnWhiteSite
28845,24,18
timeStep,numberOfRobotsOnBlackSite,numberOfRobotsOnWhiteSite
28846,24,18
timeStep,numberOfRobotsOnBlackSite,numberOfRobotsOnWhiteSite
28847,24,18
timeStep,numberOfRobotsOnBlackSite,numberOfRobotsOnWhiteSite
28848,24,18
timeStep,numberOfRobotsOnBlackSite,numberOfRobotsOnWhiteSite
28849,24,18
timeStep,numberOfRobotsOnBlackSite,numberOfRobotsOnWhiteSite
28850,24,18
timeStep,numberOfRobotsOnBlackSite,numberOfRobotsOnWhiteSite
28851,24,18
timeStep,numberOfRobotsOnBlackSite,numberOfRobotsOnWhiteSite
28852,24,18
timeStep,numberOfRobotsOnBlackSite,numberOfRobotsOnWhiteSite
28853,24,18
timeStep,numberOfRobotsOnBlackSite,numberOfRobotsOnWhiteSite
28854,24,18
timeStep,numberOfRobotsOnBlackSite,numberOfRobotsOnWhiteSite
28855,24,18
timeStep,numberOfRobotsOnBlackSite,numberOfRobotsOnWhiteSite
28856,24,18
timeStep,numberOfRobotsOnBlackSite,numberOfRobotsOnWhiteSite
28857,24,18
timeStep,numberOfRobotsOnBlackSite,numberOfRobotsOnWhiteSite
28858,24,18
timeStep,numberOfRobotsOnBlackSite,numberOfRobotsOnWhiteSite
28859,24,18
timeStep,numberOfRobotsOnBlackSite,numberOfRobotsOnWhiteSite
28860,24,18
timeStep,numberOfRobotsOnBlackSite,numberOfRobotsOnWhiteSite
28861,24,18
timeStep,numberOfRobotsOnBlackSite,numberOfRobotsOnWhiteSite
28862,24,18
timeStep,numberOfRobotsOnBlackSite,numberOfRobotsOnWhiteSite
28863,24,18
timeStep,numberOfRobotsOnBlackSite,numberOfRobotsOnWhiteSite
28864,24,18
timeStep,numberOfRobotsOnBlackSite,numberOfRobotsOnWhiteSite
28865,24,18
timeStep,numberOfRobotsOnBlackSite,numberOfRobotsOnWhiteSite
28866,24,18
timeStep,numberOfRobotsOnBlackSite,numberOfRobotsOnWhiteSite
28867,24,18
timeStep,numberOfRobotsOnBlackSite,numberOfRobotsOnWhiteSite
28868,24,18
timeStep,numberOfRobotsOnBlackSite,numberOfRobotsOnWhiteSite
28869,24,18
timeStep,numberOfRobotsOnBlackSite,numberOfRobotsOnWhiteSite
28870,24,18
timeStep,numberOfRobotsOnBlackSite,numberOfRobotsOnWhiteSite
28871,24,18
timeStep,numberOfRobotsOnBlackSite,numberOfRobotsOnWhiteSite
28872,24,18
timeStep,numberOfRobotsOnBlackSite,numberOfRobotsOnWhiteSite
28873,24,18
timeStep,numberOfRobotsOnBlackSite,numberOfRobotsOnWhiteSite
28874,24,18
timeStep,numberOfRobotsOnBlackSite,numberOfRobotsOnWhiteSite
28875,25,18
timeStep,numberOfRobotsOnBlackSite,numberOfRobotsOnWhiteSite
28876,25,18
timeStep,numberOfRobotsOnBlackSite,numberOfRobotsOnWhiteSite
28877,25,18
timeStep,numberOfRobotsOnBlackSite,numberOfRobotsOnWhiteSite
28878,25,18
timeStep,numberOfRobotsOnBlackSite,numberOfRobotsOnWhiteSite
28879,25,18
timeStep,numberOfRobotsOnBlackSite,numberOfRobotsOnWhiteSite
28880,25,18
timeStep,numberOfRobotsOnBlackSite,numberOfRobotsOnWhiteSite
28881,25,18
timeStep,numberOfRobotsOnBlackSite,numberOfRobotsOnWhiteSite
28882,25,18
timeStep,numberOfRobotsOnBlackSite,numberOfRobotsOnWhiteSite
28883,25,18
timeStep,numberOfRobotsOnBlackSite,numberOfRobotsOnWhiteSite
28884,25,18
timeStep,numberOfRobotsOnBlackSite,numberOfRobotsOnWhiteSite
28885,25,18
timeStep,numberOfRobotsOnBlackSite,numberOfRobotsOnWhiteSite
28886,25,18
timeStep,numberOfRobotsOnBlackSite,numberOfRobotsOnWhiteSite
28887,25,18
timeStep,numberOfRobotsOnBlackSite,numberOfRobotsOnWhiteSite
28888,25,18
timeStep,numberOfRobotsOnBlackSite,numberOfRobotsOnWhiteSite
28889,25,18
timeStep,numberOfRobotsOnBlackSite,numberOfRobotsOnWhiteSite
28890,25,18
timeStep,numberOfRobotsOnBlackSite,numberOfRobotsOnWhiteSite
28891,25,18
timeStep,numberOfRobotsOnBlackSite,numberOfRobotsOnWhiteSite
28892,25,18
timeStep,numberOfRobotsOnBlackSite,numberOfRobotsOnWhiteSite
28893,25,18
timeStep,numberOfRobotsOnBlackSite,numberOfRobotsOnWhiteSite
28894,25,18
timeStep,numberOfRobotsOnBlackSite,numberOfRobotsOnWhiteSite
28895,25,18
timeStep,numberOfRobotsOnBlackSite,numberOfRobotsOnWhiteSite
28896,25,18
timeStep,numberOfRobotsOnBlackSite,numberOfRobotsOnWhiteSite
28897,25,18
timeStep,numberOfRobotsOnBlackSite,numberOfRobotsOnWhiteSite
28898,25,18
timeStep,numberOfRobotsOnBlackSite,numberOfRobotsOnWhiteSite
28899,25,18
timeStep,numberOfRobotsOnBlackSite,numberOfRobotsOnWhiteSite
28900,25,18
timeStep,numberOfRobotsOnBlackSite,numberOfRobotsOnWhiteSite
28901,25,18
timeStep,numberOfRobotsOnBlackSite,numberOfRobotsOnWhiteSite
28902,25,18
timeStep,numberOfRobotsOnBlackSite,numberOfRobotsOnWhiteSite
28903,25,18
timeStep,numberOfRobotsOnBlackSite,numberOfRobotsOnWhiteSite
28904,25,18
timeStep,numberOfRobotsOnBlackSite,numberOfRobotsOnWhiteSite
28905,25,18
timeStep,numberOfRobotsOnBlackSite,numberOfRobotsOnWhiteSite
28906,25,18
timeStep,numberOfRobotsOnBlackSite,numberOfRobotsOnWhiteSite
28907,25,18
timeStep,numberOfRobotsOnBlackSite,numberOfRobotsOnWhiteSite
28908,25,18
timeStep,numberOfRobotsOnBlackSite,numberOfRobotsOnWhiteSite
28909,25,18
timeStep,numberOfRobotsOnBlackSite,numberOfRobotsOnWhiteSite
28910,25,18
timeStep,numberOfRobotsOnBlackSite,numberOfRobotsOnWhiteSite
28911,25,18
timeStep,numberOfRobotsOnBlackSite,numberOfRobotsOnWhiteSite
28912,25,18
timeStep,numberOfRobotsOnBlackSite,numberOfRobotsOnWhiteSite
28913,25,18
timeStep,numberOfRobotsOnBlackSite,numberOfRobotsOnWhiteSite
28914,25,18
timeStep,numberOfRobotsOnBlackSite,numberOfRobotsOnWhiteSite
28915,25,18
timeStep,numberOfRobotsOnBlackSite,numberOfRobotsOnWhiteSite
28916,25,18
timeStep,numberOfRobotsOnBlackSite,numberOfRobotsOnWhiteSite
28917,25,18
timeStep,numberOfRobotsOnBlackSite,numberOfRobotsOnWhiteSite
28918,25,18
timeStep,numberOfRobotsOnBlackSite,numberOfRobotsOnWhiteSite
28919,25,18
timeStep,numberOfRobotsOnBlackSite,numberOfRobotsOnWhiteSite
28920,25,18
timeStep,numberOfRobotsOnBlackSite,numberOfRobotsOnWhiteSite
28921,25,18
timeStep,numberOfRobotsOnBlackSite,numberOfRobotsOnWhiteSite
28922,25,18
timeStep,numberOfRobotsOnBlackSite,numberOfRobotsOnWhiteSite
28923,25,18
timeStep,numberOfRobotsOnBlackSite,numberOfRobotsOnWhiteSite
28924,25,18
timeStep,numberOfRobotsOnBlackSite,numberOfRobotsOnWhiteSite
28925,25,18
timeStep,numberOfRobotsOnBlackSite,numberOfRobotsOnWhiteSite
28926,25,18
timeStep,numberOfRobotsOnBlackSite,numberOfRobotsOnWhiteSite
28927,25,18
timeStep,numberOfRobotsOnBlackSite,numberOfRobotsOnWhiteSite
28928,25,18
timeStep,numberOfRobotsOnBlackSite,numberOfRobotsOnWhiteSite
28929,25,18
timeStep,numberOfRobotsOnBlackSite,numberOfRobotsOnWhiteSite
28930,25,18
timeStep,numberOfRobotsOnBlackSite,numberOfRobotsOnWhiteSite
28931,25,18
timeStep,numberOfRobotsOnBlackSite,numberOfRobotsOnWhiteSite
28932,25,18
timeStep,numberOfRobotsOnBlackSite,numberOfRobotsOnWhiteSite
28933,25,18
timeStep,numberOfRobotsOnBlackSite,numberOfRobotsOnWhiteSite
28934,25,18
timeStep,numberOfRobotsOnBlackSite,numberOfRobotsOnWhiteSite
28935,25,18
timeStep,numberOfRobotsOnBlackSite,numberOfRobotsOnWhiteSite
28936,25,18
timeStep,numberOfRobotsOnBlackSite,numberOfRobotsOnWhiteSite
28937,25,18
timeStep,numberOfRobotsOnBlackSite,numberOfRobotsOnWhiteSite
28938,25,18
timeStep,numberOfRobotsOnBlackSite,numberOfRobotsOnWhiteSite
28939,25,18
timeStep,numberOfRobotsOnBlackSite,numberOfRobotsOnWhiteSite
28940,25,18
timeStep,numberOfRobotsOnBlackSite,numberOfRobotsOnWhiteSite
28941,25,18
timeStep,numberOfRobotsOnBlackSite,numberOfRobotsOnWhiteSite
28942,25,18
timeStep,numberOfRobotsOnBlackSite,numberOfRobotsOnWhiteSite
28943,25,18
timeStep,numberOfRobotsOnBlackSite,numberOfRobotsOnWhiteSite
28944,25,18
timeStep,numberOfRobotsOnBlackSite,numberOfRobotsOnWhiteSite
28945,25,18
timeStep,numberOfRobotsOnBlackSite,numberOfRobotsOnWhiteSite
28946,25,18
timeStep,numberOfRobotsOnBlackSite,numberOfRobotsOnWhiteSite
28947,25,18
timeStep,numberOfRobotsOnBlackSite,numberOfRobotsOnWhiteSite
28948,25,18
timeStep,numberOfRobotsOnBlackSite,numberOfRobotsOnWhiteSite
28949,25,18
timeStep,numberOfRobotsOnBlackSite,numberOfRobotsOnWhiteSite
28950,25,18
timeStep,numberOfRobotsOnBlackSite,numberOfRobotsOnWhiteSite
28951,25,18
timeStep,numberOfRobotsOnBlackSite,numberOfRobotsOnWhiteSite
28952,25,18
timeStep,numberOfRobotsOnBlackSite,numberOfRobotsOnWhiteSite
28953,25,18
timeStep,numberOfRobotsOnBlackSite,numberOfRobotsOnWhiteSite
28954,25,18
timeStep,numberOfRobotsOnBlackSite,numberOfRobotsOnWhiteSite
28955,25,18
timeStep,numberOfRobotsOnBlackSite,numberOfRobotsOnWhiteSite
28956,25,18
timeStep,numberOfRobotsOnBlackSite,numberOfRobotsOnWhiteSite
28957,25,18
timeStep,numberOfRobotsOnBlackSite,numberOfRobotsOnWhiteSite
28958,25,18
timeStep,numberOfRobotsOnBlackSite,numberOfRobotsOnWhiteSite
28959,25,18
timeStep,numberOfRobotsOnBlackSite,numberOfRobotsOnWhiteSite
28960,25,18
timeStep,numberOfRobotsOnBlackSite,numberOfRobotsOnWhiteSite
28961,25,18
timeStep,numberOfRobotsOnBlackSite,numberOfRobotsOnWhiteSite
28962,25,18
timeStep,numberOfRobotsOnBlackSite,numberOfRobotsOnWhiteSite
28963,25,18
timeStep,numberOfRobotsOnBlackSite,numberOfRobotsOnWhiteSite
28964,25,18
timeStep,numberOfRobotsOnBlackSite,numberOfRobotsOnWhiteSite
28965,24,18
timeStep,numberOfRobotsOnBlackSite,numberOfRobotsOnWhiteSite
28966,24,18
timeStep,numberOfRobotsOnBlackSite,numberOfRobotsOnWhiteSite
28967,24,18
timeStep,numberOfRobotsOnBlackSite,numberOfRobotsOnWhiteSite
28968,24,18
timeStep,numberOfRobotsOnBlackSite,numberOfRobotsOnWhiteSite
28969,24,18
timeStep,numberOfRobotsOnBlackSite,numberOfRobotsOnWhiteSite
28970,24,18
timeStep,numberOfRobotsOnBlackSite,numberOfRobotsOnWhiteSite
28971,24,18
timeStep,numberOfRobotsOnBlackSite,numberOfRobotsOnWhiteSite
28972,24,18
timeStep,numberOfRobotsOnBlackSite,numberOfRobotsOnWhiteSite
28973,24,18
timeStep,numberOfRobotsOnBlackSite,numberOfRobotsOnWhiteSite
28974,24,18
timeStep,numberOfRobotsOnBlackSite,numberOfRobotsOnWhiteSite
28975,24,18
timeStep,numberOfRobotsOnBlackSite,numberOfRobotsOnWhiteSite
28976,24,18
timeStep,numberOfRobotsOnBlackSite,numberOfRobotsOnWhiteSite
28977,24,18
timeStep,numberOfRobotsOnBlackSite,numberOfRobotsOnWhiteSite
28978,24,18
timeStep,numberOfRobotsOnBlackSite,numberOfRobotsOnWhiteSite
28979,24,18
timeStep,numberOfRobotsOnBlackSite,numberOfRobotsOnWhiteSite
28980,24,18
timeStep,numberOfRobotsOnBlackSite,numberOfRobotsOnWhiteSite
28981,24,18
timeStep,numberOfRobotsOnBlackSite,numberOfRobotsOnWhiteSite
28982,24,18
timeStep,numberOfRobotsOnBlackSite,numberOfRobotsOnWhiteSite
28983,24,18
timeStep,numberOfRobotsOnBlackSite,numberOfRobotsOnWhiteSite
28984,24,18
timeStep,numberOfRobotsOnBlackSite,numberOfRobotsOnWhiteSite
28985,24,18
timeStep,numberOfRobotsOnBlackSite,numberOfRobotsOnWhiteSite
28986,24,18
timeStep,numberOfRobotsOnBlackSite,numberOfRobotsOnWhiteSite
28987,24,18
timeStep,numberOfRobotsOnBlackSite,numberOfRobotsOnWhiteSite
28988,24,18
timeStep,numberOfRobotsOnBlackSite,numberOfRobotsOnWhiteSite
28989,24,18
timeStep,numberOfRobotsOnBlackSite,numberOfRobotsOnWhiteSite
28990,24,18
timeStep,numberOfRobotsOnBlackSite,numberOfRobotsOnWhiteSite
28991,24,18
timeStep,numberOfRobotsOnBlackSite,numberOfRobotsOnWhiteSite
28992,24,18
timeStep,numberOfRobotsOnBlackSite,numberOfRobotsOnWhiteSite
28993,24,18
timeStep,numberOfRobotsOnBlackSite,numberOfRobotsOnWhiteSite
28994,24,18
timeStep,numberOfRobotsOnBlackSite,numberOfRobotsOnWhiteSite
28995,24,18
timeStep,numberOfRobotsOnBlackSite,numberOfRobotsOnWhiteSite
28996,24,18
timeStep,numberOfRobotsOnBlackSite,numberOfRobotsOnWhiteSite
28997,24,18
timeStep,numberOfRobotsOnBlackSite,numberOfRobotsOnWhiteSite
28998,24,18
timeStep,numberOfRobotsOnBlackSite,numberOfRobotsOnWhiteSite
28999,24,18
timeStep,numberOfRobotsOnBlackSite,numberOfRobotsOnWhiteSite
29000,24,18
timeStep,numberOfRobotsOnBlackSite,numberOfRobotsOnWhiteSite
29001,24,18
timeStep,numberOfRobotsOnBlackSite,numberOfRobotsOnWhiteSite
29002,24,18
timeStep,numberOfRobotsOnBlackSite,numberOfRobotsOnWhiteSite
29003,24,18
timeStep,numberOfRobotsOnBlackSite,numberOfRobotsOnWhiteSite
29004,24,18
timeStep,numberOfRobotsOnBlackSite,numberOfRobotsOnWhiteSite
29005,24,18
timeStep,numberOfRobotsOnBlackSite,numberOfRobotsOnWhiteSite
29006,24,18
timeStep,numberOfRobotsOnBlackSite,numberOfRobotsOnWhiteSite
29007,24,18
timeStep,numberOfRobotsOnBlackSite,numberOfRobotsOnWhiteSite
29008,24,18
timeStep,numberOfRobotsOnBlackSite,numberOfRobotsOnWhiteSite
29009,24,18
timeStep,numberOfRobotsOnBlackSite,numberOfRobotsOnWhiteSite
29010,24,18
timeStep,numberOfRobotsOnBlackSite,numberOfRobotsOnWhiteSite
29011,24,18
timeStep,numberOfRobotsOnBlackSite,numberOfRobotsOnWhiteSite
29012,24,18
timeStep,numberOfRobotsOnBlackSite,numberOfRobotsOnWhiteSite
29013,24,18
timeStep,numberOfRobotsOnBlackSite,numberOfRobotsOnWhiteSite
29014,24,18
timeStep,numberOfRobotsOnBlackSite,numberOfRobotsOnWhiteSite
29015,24,18
timeStep,numberOfRobotsOnBlackSite,numberOfRobotsOnWhiteSite
29016,24,18
timeStep,numberOfRobotsOnBlackSite,numberOfRobotsOnWhiteSite
29017,24,18
timeStep,numberOfRobotsOnBlackSite,numberOfRobotsOnWhiteSite
29018,24,18
timeStep,numberOfRobotsOnBlackSite,numberOfRobotsOnWhiteSite
29019,24,18
timeStep,numberOfRobotsOnBlackSite,numberOfRobotsOnWhiteSite
29020,25,18
timeStep,numberOfRobotsOnBlackSite,numberOfRobotsOnWhiteSite
29021,25,18
timeStep,numberOfRobotsOnBlackSite,numberOfRobotsOnWhiteSite
29022,25,18
timeStep,numberOfRobotsOnBlackSite,numberOfRobotsOnWhiteSite
29023,25,18
timeStep,numberOfRobotsOnBlackSite,numberOfRobotsOnWhiteSite
29024,25,18
timeStep,numberOfRobotsOnBlackSite,numberOfRobotsOnWhiteSite
29025,25,18
timeStep,numberOfRobotsOnBlackSite,numberOfRobotsOnWhiteSite
29026,25,18
timeStep,numberOfRobotsOnBlackSite,numberOfRobotsOnWhiteSite
29027,25,18
timeStep,numberOfRobotsOnBlackSite,numberOfRobotsOnWhiteSite
29028,25,18
timeStep,numberOfRobotsOnBlackSite,numberOfRobotsOnWhiteSite
29029,25,18
timeStep,numberOfRobotsOnBlackSite,numberOfRobotsOnWhiteSite
29030,25,18
timeStep,numberOfRobotsOnBlackSite,numberOfRobotsOnWhiteSite
29031,25,18
timeStep,numberOfRobotsOnBlackSite,numberOfRobotsOnWhiteSite
29032,25,18
timeStep,numberOfRobotsOnBlackSite,numberOfRobotsOnWhiteSite
29033,25,18
timeStep,numberOfRobotsOnBlackSite,numberOfRobotsOnWhiteSite
29034,25,18
timeStep,numberOfRobotsOnBlackSite,numberOfRobotsOnWhiteSite
29035,25,18
timeStep,numberOfRobotsOnBlackSite,numberOfRobotsOnWhiteSite
29036,25,18
timeStep,numberOfRobotsOnBlackSite,numberOfRobotsOnWhiteSite
29037,25,18
timeStep,numberOfRobotsOnBlackSite,numberOfRobotsOnWhiteSite
29038,25,18
timeStep,numberOfRobotsOnBlackSite,numberOfRobotsOnWhiteSite
29039,25,18
timeStep,numberOfRobotsOnBlackSite,numberOfRobotsOnWhiteSite
29040,26,18
timeStep,numberOfRobotsOnBlackSite,numberOfRobotsOnWhiteSite
29041,26,18
timeStep,numberOfRobotsOnBlackSite,numberOfRobotsOnWhiteSite
29042,26,18
timeStep,numberOfRobotsOnBlackSite,numberOfRobotsOnWhiteSite
29043,26,18
timeStep,numberOfRobotsOnBlackSite,numberOfRobotsOnWhiteSite
29044,26,18
timeStep,numberOfRobotsOnBlackSite,numberOfRobotsOnWhiteSite
29045,26,18
timeStep,numberOfRobotsOnBlackSite,numberOfRobotsOnWhiteSite
29046,26,18
timeStep,numberOfRobotsOnBlackSite,numberOfRobotsOnWhiteSite
29047,26,18
timeStep,numberOfRobotsOnBlackSite,numberOfRobotsOnWhiteSite
29048,26,18
timeStep,numberOfRobotsOnBlackSite,numberOfRobotsOnWhiteSite
29049,26,18
timeStep,numberOfRobotsOnBlackSite,numberOfRobotsOnWhiteSite
29050,26,18
timeStep,numberOfRobotsOnBlackSite,numberOfRobotsOnWhiteSite
29051,26,18
timeStep,numberOfRobotsOnBlackSite,numberOfRobotsOnWhiteSite
29052,26,18
timeStep,numberOfRobotsOnBlackSite,numberOfRobotsOnWhiteSite
29053,26,18
timeStep,numberOfRobotsOnBlackSite,numberOfRobotsOnWhiteSite
29054,26,18
timeStep,numberOfRobotsOnBlackSite,numberOfRobotsOnWhiteSite
29055,26,18
timeStep,numberOfRobotsOnBlackSite,numberOfRobotsOnWhiteSite
29056,26,18
timeStep,numberOfRobotsOnBlackSite,numberOfRobotsOnWhiteSite
29057,26,18
timeStep,numberOfRobotsOnBlackSite,numberOfRobotsOnWhiteSite
29058,26,18
timeStep,numberOfRobotsOnBlackSite,numberOfRobotsOnWhiteSite
29059,26,18
timeStep,numberOfRobotsOnBlackSite,numberOfRobotsOnWhiteSite
29060,26,18
timeStep,numberOfRobotsOnBlackSite,numberOfRobotsOnWhiteSite
29061,26,18
timeStep,numberOfRobotsOnBlackSite,numberOfRobotsOnWhiteSite
29062,26,18
timeStep,numberOfRobotsOnBlackSite,numberOfRobotsOnWhiteSite
29063,26,18
timeStep,numberOfRobotsOnBlackSite,numberOfRobotsOnWhiteSite
29064,26,18
timeStep,numberOfRobotsOnBlackSite,numberOfRobotsOnWhiteSite
29065,26,18
timeStep,numberOfRobotsOnBlackSite,numberOfRobotsOnWhiteSite
29066,26,18
timeStep,numberOfRobotsOnBlackSite,numberOfRobotsOnWhiteSite
29067,26,18
timeStep,numberOfRobotsOnBlackSite,numberOfRobotsOnWhiteSite
29068,26,18
timeStep,numberOfRobotsOnBlackSite,numberOfRobotsOnWhiteSite
29069,26,18
timeStep,numberOfRobotsOnBlackSite,numberOfRobotsOnWhiteSite
29070,25,18
timeStep,numberOfRobotsOnBlackSite,numberOfRobotsOnWhiteSite
29071,25,18
timeStep,numberOfRobotsOnBlackSite,numberOfRobotsOnWhiteSite
29072,25,18
timeStep,numberOfRobotsOnBlackSite,numberOfRobotsOnWhiteSite
29073,25,18
timeStep,numberOfRobotsOnBlackSite,numberOfRobotsOnWhiteSite
29074,25,18
timeStep,numberOfRobotsOnBlackSite,numberOfRobotsOnWhiteSite
29075,25,18
timeStep,numberOfRobotsOnBlackSite,numberOfRobotsOnWhiteSite
29076,25,18
timeStep,numberOfRobotsOnBlackSite,numberOfRobotsOnWhiteSite
29077,25,18
timeStep,numberOfRobotsOnBlackSite,numberOfRobotsOnWhiteSite
29078,25,18
timeStep,numberOfRobotsOnBlackSite,numberOfRobotsOnWhiteSite
29079,25,18
timeStep,numberOfRobotsOnBlackSite,numberOfRobotsOnWhiteSite
29080,25,18
timeStep,numberOfRobotsOnBlackSite,numberOfRobotsOnWhiteSite
29081,25,18
timeStep,numberOfRobotsOnBlackSite,numberOfRobotsOnWhiteSite
29082,25,18
timeStep,numberOfRobotsOnBlackSite,numberOfRobotsOnWhiteSite
29083,25,18
timeStep,numberOfRobotsOnBlackSite,numberOfRobotsOnWhiteSite
29084,25,18
timeStep,numberOfRobotsOnBlackSite,numberOfRobotsOnWhiteSite
29085,25,18
timeStep,numberOfRobotsOnBlackSite,numberOfRobotsOnWhiteSite
29086,25,18
timeStep,numberOfRobotsOnBlackSite,numberOfRobotsOnWhiteSite
29087,25,18
timeStep,numberOfRobotsOnBlackSite,numberOfRobotsOnWhiteSite
29088,25,18
timeStep,numberOfRobotsOnBlackSite,numberOfRobotsOnWhiteSite
29089,25,18
timeStep,numberOfRobotsOnBlackSite,numberOfRobotsOnWhiteSite
29090,25,18
timeStep,numberOfRobotsOnBlackSite,numberOfRobotsOnWhiteSite
29091,25,18
timeStep,numberOfRobotsOnBlackSite,numberOfRobotsOnWhiteSite
29092,25,18
timeStep,numberOfRobotsOnBlackSite,numberOfRobotsOnWhiteSite
29093,25,18
timeStep,numberOfRobotsOnBlackSite,numberOfRobotsOnWhiteSite
29094,25,18
timeStep,numberOfRobotsOnBlackSite,numberOfRobotsOnWhiteSite
29095,25,18
timeStep,numberOfRobotsOnBlackSite,numberOfRobotsOnWhiteSite
29096,25,18
timeStep,numberOfRobotsOnBlackSite,numberOfRobotsOnWhiteSite
29097,25,18
timeStep,numberOfRobotsOnBlackSite,numberOfRobotsOnWhiteSite
29098,25,18
timeStep,numberOfRobotsOnBlackSite,numberOfRobotsOnWhiteSite
29099,25,18
timeStep,numberOfRobotsOnBlackSite,numberOfRobotsOnWhiteSite
29100,25,18
timeStep,numberOfRobotsOnBlackSite,numberOfRobotsOnWhiteSite
29101,25,18
timeStep,numberOfRobotsOnBlackSite,numberOfRobotsOnWhiteSite
29102,25,18
timeStep,numberOfRobotsOnBlackSite,numberOfRobotsOnWhiteSite
29103,25,18
timeStep,numberOfRobotsOnBlackSite,numberOfRobotsOnWhiteSite
29104,25,18
timeStep,numberOfRobotsOnBlackSite,numberOfRobotsOnWhiteSite
29105,25,18
timeStep,numberOfRobotsOnBlackSite,numberOfRobotsOnWhiteSite
29106,25,18
timeStep,numberOfRobotsOnBlackSite,numberOfRobotsOnWhiteSite
29107,25,18
timeStep,numberOfRobotsOnBlackSite,numberOfRobotsOnWhiteSite
29108,25,18
timeStep,numberOfRobotsOnBlackSite,numberOfRobotsOnWhiteSite
29109,25,18
timeStep,numberOfRobotsOnBlackSite,numberOfRobotsOnWhiteSite
29110,25,18
timeStep,numberOfRobotsOnBlackSite,numberOfRobotsOnWhiteSite
29111,25,18
timeStep,numberOfRobotsOnBlackSite,numberOfRobotsOnWhiteSite
29112,25,18
timeStep,numberOfRobotsOnBlackSite,numberOfRobotsOnWhiteSite
29113,25,18
timeStep,numberOfRobotsOnBlackSite,numberOfRobotsOnWhiteSite
29114,25,18
timeStep,numberOfRobotsOnBlackSite,numberOfRobotsOnWhiteSite
29115,25,18
timeStep,numberOfRobotsOnBlackSite,numberOfRobotsOnWhiteSite
29116,25,18
timeStep,numberOfRobotsOnBlackSite,numberOfRobotsOnWhiteSite
29117,25,18
timeStep,numberOfRobotsOnBlackSite,numberOfRobotsOnWhiteSite
29118,25,18
timeStep,numberOfRobotsOnBlackSite,numberOfRobotsOnWhiteSite
29119,25,18
timeStep,numberOfRobotsOnBlackSite,numberOfRobotsOnWhiteSite
29120,25,18
timeStep,numberOfRobotsOnBlackSite,numberOfRobotsOnWhiteSite
29121,25,18
timeStep,numberOfRobotsOnBlackSite,numberOfRobotsOnWhiteSite
29122,25,18
timeStep,numberOfRobotsOnBlackSite,numberOfRobotsOnWhiteSite
29123,25,18
timeStep,numberOfRobotsOnBlackSite,numberOfRobotsOnWhiteSite
29124,25,18
timeStep,numberOfRobotsOnBlackSite,numberOfRobotsOnWhiteSite
29125,25,18
timeStep,numberOfRobotsOnBlackSite,numberOfRobotsOnWhiteSite
29126,25,18
timeStep,numberOfRobotsOnBlackSite,numberOfRobotsOnWhiteSite
29127,25,18
timeStep,numberOfRobotsOnBlackSite,numberOfRobotsOnWhiteSite
29128,25,18
timeStep,numberOfRobotsOnBlackSite,numberOfRobotsOnWhiteSite
29129,25,18
timeStep,numberOfRobotsOnBlackSite,numberOfRobotsOnWhiteSite
29130,25,18
timeStep,numberOfRobotsOnBlackSite,numberOfRobotsOnWhiteSite
29131,25,18
timeStep,numberOfRobotsOnBlackSite,numberOfRobotsOnWhiteSite
29132,25,18
timeStep,numberOfRobotsOnBlackSite,numberOfRobotsOnWhiteSite
29133,25,18
timeStep,numberOfRobotsOnBlackSite,numberOfRobotsOnWhiteSite
29134,25,18
timeStep,numberOfRobotsOnBlackSite,numberOfRobotsOnWhiteSite
29135,25,17
timeStep,numberOfRobotsOnBlackSite,numberOfRobotsOnWhiteSite
29136,25,17
timeStep,numberOfRobotsOnBlackSite,numberOfRobotsOnWhiteSite
29137,25,17
timeStep,numberOfRobotsOnBlackSite,numberOfRobotsOnWhiteSite
29138,25,17
timeStep,numberOfRobotsOnBlackSite,numberOfRobotsOnWhiteSite
29139,25,17
timeStep,numberOfRobotsOnBlackSite,numberOfRobotsOnWhiteSite
29140,25,17
timeStep,numberOfRobotsOnBlackSite,numberOfRobotsOnWhiteSite
29141,25,17
timeStep,numberOfRobotsOnBlackSite,numberOfRobotsOnWhiteSite
29142,25,17
timeStep,numberOfRobotsOnBlackSite,numberOfRobotsOnWhiteSite
29143,25,17
timeStep,numberOfRobotsOnBlackSite,numberOfRobotsOnWhiteSite
29144,25,17
timeStep,numberOfRobotsOnBlackSite,numberOfRobotsOnWhiteSite
29145,25,17
timeStep,numberOfRobotsOnBlackSite,numberOfRobotsOnWhiteSite
29146,25,17
timeStep,numberOfRobotsOnBlackSite,numberOfRobotsOnWhiteSite
29147,25,17
timeStep,numberOfRobotsOnBlackSite,numberOfRobotsOnWhiteSite
29148,25,17
timeStep,numberOfRobotsOnBlackSite,numberOfRobotsOnWhiteSite
29149,25,17
timeStep,numberOfRobotsOnBlackSite,numberOfRobotsOnWhiteSite
29150,26,17
timeStep,numberOfRobotsOnBlackSite,numberOfRobotsOnWhiteSite
29151,26,17
timeStep,numberOfRobotsOnBlackSite,numberOfRobotsOnWhiteSite
29152,26,17
timeStep,numberOfRobotsOnBlackSite,numberOfRobotsOnWhiteSite
29153,26,17
timeStep,numberOfRobotsOnBlackSite,numberOfRobotsOnWhiteSite
29154,26,17
timeStep,numberOfRobotsOnBlackSite,numberOfRobotsOnWhiteSite
29155,27,16
timeStep,numberOfRobotsOnBlackSite,numberOfRobotsOnWhiteSite
29156,27,16
timeStep,numberOfRobotsOnBlackSite,numberOfRobotsOnWhiteSite
29157,27,16
timeStep,numberOfRobotsOnBlackSite,numberOfRobotsOnWhiteSite
29158,27,16
timeStep,numberOfRobotsOnBlackSite,numberOfRobotsOnWhiteSite
29159,27,16
timeStep,numberOfRobotsOnBlackSite,numberOfRobotsOnWhiteSite
29160,27,16
timeStep,numberOfRobotsOnBlackSite,numberOfRobotsOnWhiteSite
29161,27,16
timeStep,numberOfRobotsOnBlackSite,numberOfRobotsOnWhiteSite
29162,27,16
timeStep,numberOfRobotsOnBlackSite,numberOfRobotsOnWhiteSite
29163,27,16
timeStep,numberOfRobotsOnBlackSite,numberOfRobotsOnWhiteSite
29164,27,16
timeStep,numberOfRobotsOnBlackSite,numberOfRobotsOnWhiteSite
29165,27,16
timeStep,numberOfRobotsOnBlackSite,numberOfRobotsOnWhiteSite
29166,27,16
timeStep,numberOfRobotsOnBlackSite,numberOfRobotsOnWhiteSite
29167,27,16
timeStep,numberOfRobotsOnBlackSite,numberOfRobotsOnWhiteSite
29168,27,16
timeStep,numberOfRobotsOnBlackSite,numberOfRobotsOnWhiteSite
29169,27,16
timeStep,numberOfRobotsOnBlackSite,numberOfRobotsOnWhiteSite
29170,27,16
timeStep,numberOfRobotsOnBlackSite,numberOfRobotsOnWhiteSite
29171,27,16
timeStep,numberOfRobotsOnBlackSite,numberOfRobotsOnWhiteSite
29172,27,16
timeStep,numberOfRobotsOnBlackSite,numberOfRobotsOnWhiteSite
29173,27,16
timeStep,numberOfRobotsOnBlackSite,numberOfRobotsOnWhiteSite
29174,27,16
timeStep,numberOfRobotsOnBlackSite,numberOfRobotsOnWhiteSite
29175,27,16
timeStep,numberOfRobotsOnBlackSite,numberOfRobotsOnWhiteSite
29176,27,16
timeStep,numberOfRobotsOnBlackSite,numberOfRobotsOnWhiteSite
29177,27,16
timeStep,numberOfRobotsOnBlackSite,numberOfRobotsOnWhiteSite
29178,27,16
timeStep,numberOfRobotsOnBlackSite,numberOfRobotsOnWhiteSite
29179,27,16
timeStep,numberOfRobotsOnBlackSite,numberOfRobotsOnWhiteSite
29180,27,17
timeStep,numberOfRobotsOnBlackSite,numberOfRobotsOnWhiteSite
29181,27,17
timeStep,numberOfRobotsOnBlackSite,numberOfRobotsOnWhiteSite
29182,27,17
timeStep,numberOfRobotsOnBlackSite,numberOfRobotsOnWhiteSite
29183,27,17
timeStep,numberOfRobotsOnBlackSite,numberOfRobotsOnWhiteSite
29184,27,17
timeStep,numberOfRobotsOnBlackSite,numberOfRobotsOnWhiteSite
29185,27,17
timeStep,numberOfRobotsOnBlackSite,numberOfRobotsOnWhiteSite
29186,27,17
timeStep,numberOfRobotsOnBlackSite,numberOfRobotsOnWhiteSite
29187,27,17
timeStep,numberOfRobotsOnBlackSite,numberOfRobotsOnWhiteSite
29188,27,17
timeStep,numberOfRobotsOnBlackSite,numberOfRobotsOnWhiteSite
29189,27,17
timeStep,numberOfRobotsOnBlackSite,numberOfRobotsOnWhiteSite
29190,27,17
timeStep,numberOfRobotsOnBlackSite,numberOfRobotsOnWhiteSite
29191,27,17
timeStep,numberOfRobotsOnBlackSite,numberOfRobotsOnWhiteSite
29192,27,17
timeStep,numberOfRobotsOnBlackSite,numberOfRobotsOnWhiteSite
29193,27,17
timeStep,numberOfRobotsOnBlackSite,numberOfRobotsOnWhiteSite
29194,27,17
timeStep,numberOfRobotsOnBlackSite,numberOfRobotsOnWhiteSite
29195,28,17
timeStep,numberOfRobotsOnBlackSite,numberOfRobotsOnWhiteSite
29196,28,17
timeStep,numberOfRobotsOnBlackSite,numberOfRobotsOnWhiteSite
29197,28,17
timeStep,numberOfRobotsOnBlackSite,numberOfRobotsOnWhiteSite
29198,28,17
timeStep,numberOfRobotsOnBlackSite,numberOfRobotsOnWhiteSite
29199,28,17
timeStep,numberOfRobotsOnBlackSite,numberOfRobotsOnWhiteSite
29200,28,18
timeStep,numberOfRobotsOnBlackSite,numberOfRobotsOnWhiteSite
29201,28,18
timeStep,numberOfRobotsOnBlackSite,numberOfRobotsOnWhiteSite
29202,28,18
timeStep,numberOfRobotsOnBlackSite,numberOfRobotsOnWhiteSite
29203,28,18
timeStep,numberOfRobotsOnBlackSite,numberOfRobotsOnWhiteSite
29204,28,18
timeStep,numberOfRobotsOnBlackSite,numberOfRobotsOnWhiteSite
29205,28,18
timeStep,numberOfRobotsOnBlackSite,numberOfRobotsOnWhiteSite
29206,28,18
timeStep,numberOfRobotsOnBlackSite,numberOfRobotsOnWhiteSite
29207,28,18
timeStep,numberOfRobotsOnBlackSite,numberOfRobotsOnWhiteSite
29208,28,18
timeStep,numberOfRobotsOnBlackSite,numberOfRobotsOnWhiteSite
29209,28,18
timeStep,numberOfRobotsOnBlackSite,numberOfRobotsOnWhiteSite
29210,28,18
timeStep,numberOfRobotsOnBlackSite,numberOfRobotsOnWhiteSite
29211,28,18
timeStep,numberOfRobotsOnBlackSite,numberOfRobotsOnWhiteSite
29212,28,18
timeStep,numberOfRobotsOnBlackSite,numberOfRobotsOnWhiteSite
29213,28,18
timeStep,numberOfRobotsOnBlackSite,numberOfRobotsOnWhiteSite
29214,28,18
timeStep,numberOfRobotsOnBlackSite,numberOfRobotsOnWhiteSite
29215,28,18
timeStep,numberOfRobotsOnBlackSite,numberOfRobotsOnWhiteSite
29216,28,18
timeStep,numberOfRobotsOnBlackSite,numberOfRobotsOnWhiteSite
29217,28,18
timeStep,numberOfRobotsOnBlackSite,numberOfRobotsOnWhiteSite
29218,28,18
timeStep,numberOfRobotsOnBlackSite,numberOfRobotsOnWhiteSite
29219,28,18
timeStep,numberOfRobotsOnBlackSite,numberOfRobotsOnWhiteSite
29220,28,18
timeStep,numberOfRobotsOnBlackSite,numberOfRobotsOnWhiteSite
29221,28,18
timeStep,numberOfRobotsOnBlackSite,numberOfRobotsOnWhiteSite
29222,28,18
timeStep,numberOfRobotsOnBlackSite,numberOfRobotsOnWhiteSite
29223,28,18
timeStep,numberOfRobotsOnBlackSite,numberOfRobotsOnWhiteSite
29224,28,18
timeStep,numberOfRobotsOnBlackSite,numberOfRobotsOnWhiteSite
29225,28,18
timeStep,numberOfRobotsOnBlackSite,numberOfRobotsOnWhiteSite
29226,28,18
timeStep,numberOfRobotsOnBlackSite,numberOfRobotsOnWhiteSite
29227,28,18
timeStep,numberOfRobotsOnBlackSite,numberOfRobotsOnWhiteSite
29228,28,18
timeStep,numberOfRobotsOnBlackSite,numberOfRobotsOnWhiteSite
29229,28,18
timeStep,numberOfRobotsOnBlackSite,numberOfRobotsOnWhiteSite
29230,28,18
timeStep,numberOfRobotsOnBlackSite,numberOfRobotsOnWhiteSite
29231,28,18
timeStep,numberOfRobotsOnBlackSite,numberOfRobotsOnWhiteSite
29232,28,18
timeStep,numberOfRobotsOnBlackSite,numberOfRobotsOnWhiteSite
29233,28,18
timeStep,numberOfRobotsOnBlackSite,numberOfRobotsOnWhiteSite
29234,28,18
timeStep,numberOfRobotsOnBlackSite,numberOfRobotsOnWhiteSite
29235,28,18
timeStep,numberOfRobotsOnBlackSite,numberOfRobotsOnWhiteSite
29236,28,18
timeStep,numberOfRobotsOnBlackSite,numberOfRobotsOnWhiteSite
29237,28,18
timeStep,numberOfRobotsOnBlackSite,numberOfRobotsOnWhiteSite
29238,28,18
timeStep,numberOfRobotsOnBlackSite,numberOfRobotsOnWhiteSite
29239,28,18
timeStep,numberOfRobotsOnBlackSite,numberOfRobotsOnWhiteSite
29240,28,19
timeStep,numberOfRobotsOnBlackSite,numberOfRobotsOnWhiteSite
29241,28,19
timeStep,numberOfRobotsOnBlackSite,numberOfRobotsOnWhiteSite
29242,28,19
timeStep,numberOfRobotsOnBlackSite,numberOfRobotsOnWhiteSite
29243,28,19
timeStep,numberOfRobotsOnBlackSite,numberOfRobotsOnWhiteSite
29244,28,19
timeStep,numberOfRobotsOnBlackSite,numberOfRobotsOnWhiteSite
29245,28,19
timeStep,numberOfRobotsOnBlackSite,numberOfRobotsOnWhiteSite
29246,28,19
timeStep,numberOfRobotsOnBlackSite,numberOfRobotsOnWhiteSite
29247,28,19
timeStep,numberOfRobotsOnBlackSite,numberOfRobotsOnWhiteSite
29248,28,19
timeStep,numberOfRobotsOnBlackSite,numberOfRobotsOnWhiteSite
29249,28,19
timeStep,numberOfRobotsOnBlackSite,numberOfRobotsOnWhiteSite
29250,28,19
timeStep,numberOfRobotsOnBlackSite,numberOfRobotsOnWhiteSite
29251,28,19
timeStep,numberOfRobotsOnBlackSite,numberOfRobotsOnWhiteSite
29252,28,19
timeStep,numberOfRobotsOnBlackSite,numberOfRobotsOnWhiteSite
29253,28,19
timeStep,numberOfRobotsOnBlackSite,numberOfRobotsOnWhiteSite
29254,28,19
timeStep,numberOfRobotsOnBlackSite,numberOfRobotsOnWhiteSite
29255,28,19
timeStep,numberOfRobotsOnBlackSite,numberOfRobotsOnWhiteSite
29256,28,19
timeStep,numberOfRobotsOnBlackSite,numberOfRobotsOnWhiteSite
29257,28,19
timeStep,numberOfRobotsOnBlackSite,numberOfRobotsOnWhiteSite
29258,28,19
timeStep,numberOfRobotsOnBlackSite,numberOfRobotsOnWhiteSite
29259,28,19
timeStep,numberOfRobotsOnBlackSite,numberOfRobotsOnWhiteSite
29260,28,19
timeStep,numberOfRobotsOnBlackSite,numberOfRobotsOnWhiteSite
29261,28,19
timeStep,numberOfRobotsOnBlackSite,numberOfRobotsOnWhiteSite
29262,28,19
timeStep,numberOfRobotsOnBlackSite,numberOfRobotsOnWhiteSite
29263,28,19
timeStep,numberOfRobotsOnBlackSite,numberOfRobotsOnWhiteSite
29264,28,19
timeStep,numberOfRobotsOnBlackSite,numberOfRobotsOnWhiteSite
29265,28,19
timeStep,numberOfRobotsOnBlackSite,numberOfRobotsOnWhiteSite
29266,28,19
timeStep,numberOfRobotsOnBlackSite,numberOfRobotsOnWhiteSite
29267,28,19
timeStep,numberOfRobotsOnBlackSite,numberOfRobotsOnWhiteSite
29268,28,19
timeStep,numberOfRobotsOnBlackSite,numberOfRobotsOnWhiteSite
29269,28,19
timeStep,numberOfRobotsOnBlackSite,numberOfRobotsOnWhiteSite
29270,28,19
timeStep,numberOfRobotsOnBlackSite,numberOfRobotsOnWhiteSite
29271,28,19
timeStep,numberOfRobotsOnBlackSite,numberOfRobotsOnWhiteSite
29272,28,19
timeStep,numberOfRobotsOnBlackSite,numberOfRobotsOnWhiteSite
29273,28,19
timeStep,numberOfRobotsOnBlackSite,numberOfRobotsOnWhiteSite
29274,28,19
timeStep,numberOfRobotsOnBlackSite,numberOfRobotsOnWhiteSite
29275,28,19
timeStep,numberOfRobotsOnBlackSite,numberOfRobotsOnWhiteSite
29276,28,19
timeStep,numberOfRobotsOnBlackSite,numberOfRobotsOnWhiteSite
29277,28,19
timeStep,numberOfRobotsOnBlackSite,numberOfRobotsOnWhiteSite
29278,28,19
timeStep,numberOfRobotsOnBlackSite,numberOfRobotsOnWhiteSite
29279,28,19
timeStep,numberOfRobotsOnBlackSite,numberOfRobotsOnWhiteSite
29280,29,19
timeStep,numberOfRobotsOnBlackSite,numberOfRobotsOnWhiteSite
29281,29,19
timeStep,numberOfRobotsOnBlackSite,numberOfRobotsOnWhiteSite
29282,29,19
timeStep,numberOfRobotsOnBlackSite,numberOfRobotsOnWhiteSite
29283,29,19
timeStep,numberOfRobotsOnBlackSite,numberOfRobotsOnWhiteSite
29284,29,19
timeStep,numberOfRobotsOnBlackSite,numberOfRobotsOnWhiteSite
29285,29,18
timeStep,numberOfRobotsOnBlackSite,numberOfRobotsOnWhiteSite
29286,29,18
timeStep,numberOfRobotsOnBlackSite,numberOfRobotsOnWhiteSite
29287,29,18
timeStep,numberOfRobotsOnBlackSite,numberOfRobotsOnWhiteSite
29288,29,18
timeStep,numberOfRobotsOnBlackSite,numberOfRobotsOnWhiteSite
29289,29,18
timeStep,numberOfRobotsOnBlackSite,numberOfRobotsOnWhiteSite
29290,29,18
timeStep,numberOfRobotsOnBlackSite,numberOfRobotsOnWhiteSite
29291,29,18
timeStep,numberOfRobotsOnBlackSite,numberOfRobotsOnWhiteSite
29292,29,18
timeStep,numberOfRobotsOnBlackSite,numberOfRobotsOnWhiteSite
29293,29,18
timeStep,numberOfRobotsOnBlackSite,numberOfRobotsOnWhiteSite
29294,29,18
timeStep,numberOfRobotsOnBlackSite,numberOfRobotsOnWhiteSite
29295,29,18
timeStep,numberOfRobotsOnBlackSite,numberOfRobotsOnWhiteSite
29296,29,18
timeStep,numberOfRobotsOnBlackSite,numberOfRobotsOnWhiteSite
29297,29,18
timeStep,numberOfRobotsOnBlackSite,numberOfRobotsOnWhiteSite
29298,29,18
timeStep,numberOfRobotsOnBlackSite,numberOfRobotsOnWhiteSite
29299,29,18
timeStep,numberOfRobotsOnBlackSite,numberOfRobotsOnWhiteSite
29300,29,18
timeStep,numberOfRobotsOnBlackSite,numberOfRobotsOnWhiteSite
29301,29,18
timeStep,numberOfRobotsOnBlackSite,numberOfRobotsOnWhiteSite
29302,29,18
timeStep,numberOfRobotsOnBlackSite,numberOfRobotsOnWhiteSite
29303,29,18
timeStep,numberOfRobotsOnBlackSite,numberOfRobotsOnWhiteSite
29304,29,18
timeStep,numberOfRobotsOnBlackSite,numberOfRobotsOnWhiteSite
29305,29,18
timeStep,numberOfRobotsOnBlackSite,numberOfRobotsOnWhiteSite
29306,29,18
timeStep,numberOfRobotsOnBlackSite,numberOfRobotsOnWhiteSite
29307,29,18
timeStep,numberOfRobotsOnBlackSite,numberOfRobotsOnWhiteSite
29308,29,18
timeStep,numberOfRobotsOnBlackSite,numberOfRobotsOnWhiteSite
29309,29,18
timeStep,numberOfRobotsOnBlackSite,numberOfRobotsOnWhiteSite
29310,29,18
timeStep,numberOfRobotsOnBlackSite,numberOfRobotsOnWhiteSite
29311,29,18
timeStep,numberOfRobotsOnBlackSite,numberOfRobotsOnWhiteSite
29312,29,18
timeStep,numberOfRobotsOnBlackSite,numberOfRobotsOnWhiteSite
29313,29,18
timeStep,numberOfRobotsOnBlackSite,numberOfRobotsOnWhiteSite
29314,29,18
timeStep,numberOfRobotsOnBlackSite,numberOfRobotsOnWhiteSite
29315,29,18
timeStep,numberOfRobotsOnBlackSite,numberOfRobotsOnWhiteSite
29316,29,18
timeStep,numberOfRobotsOnBlackSite,numberOfRobotsOnWhiteSite
29317,29,18
timeStep,numberOfRobotsOnBlackSite,numberOfRobotsOnWhiteSite
29318,29,18
timeStep,numberOfRobotsOnBlackSite,numberOfRobotsOnWhiteSite
29319,29,18
timeStep,numberOfRobotsOnBlackSite,numberOfRobotsOnWhiteSite
29320,29,18
timeStep,numberOfRobotsOnBlackSite,numberOfRobotsOnWhiteSite
29321,29,18
timeStep,numberOfRobotsOnBlackSite,numberOfRobotsOnWhiteSite
29322,29,18
timeStep,numberOfRobotsOnBlackSite,numberOfRobotsOnWhiteSite
29323,29,18
timeStep,numberOfRobotsOnBlackSite,numberOfRobotsOnWhiteSite
29324,29,18
timeStep,numberOfRobotsOnBlackSite,numberOfRobotsOnWhiteSite
29325,29,18
timeStep,numberOfRobotsOnBlackSite,numberOfRobotsOnWhiteSite
29326,29,18
timeStep,numberOfRobotsOnBlackSite,numberOfRobotsOnWhiteSite
29327,29,18
timeStep,numberOfRobotsOnBlackSite,numberOfRobotsOnWhiteSite
29328,29,18
timeStep,numberOfRobotsOnBlackSite,numberOfRobotsOnWhiteSite
29329,29,18
timeStep,numberOfRobotsOnBlackSite,numberOfRobotsOnWhiteSite
29330,29,18
timeStep,numberOfRobotsOnBlackSite,numberOfRobotsOnWhiteSite
29331,29,18
timeStep,numberOfRobotsOnBlackSite,numberOfRobotsOnWhiteSite
29332,29,18
timeStep,numberOfRobotsOnBlackSite,numberOfRobotsOnWhiteSite
29333,29,18
timeStep,numberOfRobotsOnBlackSite,numberOfRobotsOnWhiteSite
29334,29,18
timeStep,numberOfRobotsOnBlackSite,numberOfRobotsOnWhiteSite
29335,29,18
timeStep,numberOfRobotsOnBlackSite,numberOfRobotsOnWhiteSite
29336,29,18
timeStep,numberOfRobotsOnBlackSite,numberOfRobotsOnWhiteSite
29337,29,18
timeStep,numberOfRobotsOnBlackSite,numberOfRobotsOnWhiteSite
29338,29,18
timeStep,numberOfRobotsOnBlackSite,numberOfRobotsOnWhiteSite
29339,29,18
timeStep,numberOfRobotsOnBlackSite,numberOfRobotsOnWhiteSite
29340,29,18
timeStep,numberOfRobotsOnBlackSite,numberOfRobotsOnWhiteSite
29341,29,18
timeStep,numberOfRobotsOnBlackSite,numberOfRobotsOnWhiteSite
29342,29,18
timeStep,numberOfRobotsOnBlackSite,numberOfRobotsOnWhiteSite
29343,29,18
timeStep,numberOfRobotsOnBlackSite,numberOfRobotsOnWhiteSite
29344,29,18
timeStep,numberOfRobotsOnBlackSite,numberOfRobotsOnWhiteSite
29345,29,18
timeStep,numberOfRobotsOnBlackSite,numberOfRobotsOnWhiteSite
29346,29,18
timeStep,numberOfRobotsOnBlackSite,numberOfRobotsOnWhiteSite
29347,29,18
timeStep,numberOfRobotsOnBlackSite,numberOfRobotsOnWhiteSite
29348,29,18
timeStep,numberOfRobotsOnBlackSite,numberOfRobotsOnWhiteSite
29349,29,18
timeStep,numberOfRobotsOnBlackSite,numberOfRobotsOnWhiteSite
29350,29,18
timeStep,numberOfRobotsOnBlackSite,numberOfRobotsOnWhiteSite
29351,29,18
timeStep,numberOfRobotsOnBlackSite,numberOfRobotsOnWhiteSite
29352,29,18
timeStep,numberOfRobotsOnBlackSite,numberOfRobotsOnWhiteSite
29353,29,18
timeStep,numberOfRobotsOnBlackSite,numberOfRobotsOnWhiteSite
29354,29,18
timeStep,numberOfRobotsOnBlackSite,numberOfRobotsOnWhiteSite
29355,29,18
timeStep,numberOfRobotsOnBlackSite,numberOfRobotsOnWhiteSite
29356,29,18
timeStep,numberOfRobotsOnBlackSite,numberOfRobotsOnWhiteSite
29357,29,18
timeStep,numberOfRobotsOnBlackSite,numberOfRobotsOnWhiteSite
29358,29,18
timeStep,numberOfRobotsOnBlackSite,numberOfRobotsOnWhiteSite
29359,29,18
timeStep,numberOfRobotsOnBlackSite,numberOfRobotsOnWhiteSite
29360,29,18
timeStep,numberOfRobotsOnBlackSite,numberOfRobotsOnWhiteSite
29361,29,18
timeStep,numberOfRobotsOnBlackSite,numberOfRobotsOnWhiteSite
29362,29,18
timeStep,numberOfRobotsOnBlackSite,numberOfRobotsOnWhiteSite
29363,29,18
timeStep,numberOfRobotsOnBlackSite,numberOfRobotsOnWhiteSite
29364,29,18
timeStep,numberOfRobotsOnBlackSite,numberOfRobotsOnWhiteSite
29365,29,18
timeStep,numberOfRobotsOnBlackSite,numberOfRobotsOnWhiteSite
29366,29,18
timeStep,numberOfRobotsOnBlackSite,numberOfRobotsOnWhiteSite
29367,29,18
timeStep,numberOfRobotsOnBlackSite,numberOfRobotsOnWhiteSite
29368,29,18
timeStep,numberOfRobotsOnBlackSite,numberOfRobotsOnWhiteSite
29369,29,18
timeStep,numberOfRobotsOnBlackSite,numberOfRobotsOnWhiteSite
29370,29,18
timeStep,numberOfRobotsOnBlackSite,numberOfRobotsOnWhiteSite
29371,29,18
timeStep,numberOfRobotsOnBlackSite,numberOfRobotsOnWhiteSite
29372,29,18
timeStep,numberOfRobotsOnBlackSite,numberOfRobotsOnWhiteSite
29373,29,18
timeStep,numberOfRobotsOnBlackSite,numberOfRobotsOnWhiteSite
29374,29,18
timeStep,numberOfRobotsOnBlackSite,numberOfRobotsOnWhiteSite
29375,29,18
timeStep,numberOfRobotsOnBlackSite,numberOfRobotsOnWhiteSite
29376,29,18
timeStep,numberOfRobotsOnBlackSite,numberOfRobotsOnWhiteSite
29377,29,18
timeStep,numberOfRobotsOnBlackSite,numberOfRobotsOnWhiteSite
29378,29,18
timeStep,numberOfRobotsOnBlackSite,numberOfRobotsOnWhiteSite
29379,29,18
timeStep,numberOfRobotsOnBlackSite,numberOfRobotsOnWhiteSite
29380,29,18
timeStep,numberOfRobotsOnBlackSite,numberOfRobotsOnWhiteSite
29381,29,18
timeStep,numberOfRobotsOnBlackSite,numberOfRobotsOnWhiteSite
29382,29,18
timeStep,numberOfRobotsOnBlackSite,numberOfRobotsOnWhiteSite
29383,29,18
timeStep,numberOfRobotsOnBlackSite,numberOfRobotsOnWhiteSite
29384,29,18
timeStep,numberOfRobotsOnBlackSite,numberOfRobotsOnWhiteSite
29385,29,18
timeStep,numberOfRobotsOnBlackSite,numberOfRobotsOnWhiteSite
29386,29,18
timeStep,numberOfRobotsOnBlackSite,numberOfRobotsOnWhiteSite
29387,29,18
timeStep,numberOfRobotsOnBlackSite,numberOfRobotsOnWhiteSite
29388,29,18
timeStep,numberOfRobotsOnBlackSite,numberOfRobotsOnWhiteSite
29389,29,18
timeStep,numberOfRobotsOnBlackSite,numberOfRobotsOnWhiteSite
29390,29,18
timeStep,numberOfRobotsOnBlackSite,numberOfRobotsOnWhiteSite
29391,29,18
timeStep,numberOfRobotsOnBlackSite,numberOfRobotsOnWhiteSite
29392,29,18
timeStep,numberOfRobotsOnBlackSite,numberOfRobotsOnWhiteSite
29393,29,18
timeStep,numberOfRobotsOnBlackSite,numberOfRobotsOnWhiteSite
29394,29,18
timeStep,numberOfRobotsOnBlackSite,numberOfRobotsOnWhiteSite
29395,29,18
timeStep,numberOfRobotsOnBlackSite,numberOfRobotsOnWhiteSite
29396,29,18
timeStep,numberOfRobotsOnBlackSite,numberOfRobotsOnWhiteSite
29397,29,18
timeStep,numberOfRobotsOnBlackSite,numberOfRobotsOnWhiteSite
29398,29,18
timeStep,numberOfRobotsOnBlackSite,numberOfRobotsOnWhiteSite
29399,29,18
timeStep,numberOfRobotsOnBlackSite,numberOfRobotsOnWhiteSite
29400,29,18
timeStep,numberOfRobotsOnBlackSite,numberOfRobotsOnWhiteSite
29401,29,18
timeStep,numberOfRobotsOnBlackSite,numberOfRobotsOnWhiteSite
29402,29,18
timeStep,numberOfRobotsOnBlackSite,numberOfRobotsOnWhiteSite
29403,29,18
timeStep,numberOfRobotsOnBlackSite,numberOfRobotsOnWhiteSite
29404,29,18
timeStep,numberOfRobotsOnBlackSite,numberOfRobotsOnWhiteSite
29405,29,18
timeStep,numberOfRobotsOnBlackSite,numberOfRobotsOnWhiteSite
29406,29,18
timeStep,numberOfRobotsOnBlackSite,numberOfRobotsOnWhiteSite
29407,29,18
timeStep,numberOfRobotsOnBlackSite,numberOfRobotsOnWhiteSite
29408,29,18
timeStep,numberOfRobotsOnBlackSite,numberOfRobotsOnWhiteSite
29409,29,18
timeStep,numberOfRobotsOnBlackSite,numberOfRobotsOnWhiteSite
29410,29,17
timeStep,numberOfRobotsOnBlackSite,numberOfRobotsOnWhiteSite
29411,29,17
timeStep,numberOfRobotsOnBlackSite,numberOfRobotsOnWhiteSite
29412,29,17
timeStep,numberOfRobotsOnBlackSite,numberOfRobotsOnWhiteSite
29413,29,17
timeStep,numberOfRobotsOnBlackSite,numberOfRobotsOnWhiteSite
29414,29,17
timeStep,numberOfRobotsOnBlackSite,numberOfRobotsOnWhiteSite
29415,29,17
timeStep,numberOfRobotsOnBlackSite,numberOfRobotsOnWhiteSite
29416,29,17
timeStep,numberOfRobotsOnBlackSite,numberOfRobotsOnWhiteSite
29417,29,17
timeStep,numberOfRobotsOnBlackSite,numberOfRobotsOnWhiteSite
29418,29,17
timeStep,numberOfRobotsOnBlackSite,numberOfRobotsOnWhiteSite
29419,29,17
timeStep,numberOfRobotsOnBlackSite,numberOfRobotsOnWhiteSite
29420,29,17
timeStep,numberOfRobotsOnBlackSite,numberOfRobotsOnWhiteSite
29421,29,17
timeStep,numberOfRobotsOnBlackSite,numberOfRobotsOnWhiteSite
29422,29,17
timeStep,numberOfRobotsOnBlackSite,numberOfRobotsOnWhiteSite
29423,29,17
timeStep,numberOfRobotsOnBlackSite,numberOfRobotsOnWhiteSite
29424,29,17
timeStep,numberOfRobotsOnBlackSite,numberOfRobotsOnWhiteSite
29425,29,17
timeStep,numberOfRobotsOnBlackSite,numberOfRobotsOnWhiteSite
29426,29,17
timeStep,numberOfRobotsOnBlackSite,numberOfRobotsOnWhiteSite
29427,29,17
timeStep,numberOfRobotsOnBlackSite,numberOfRobotsOnWhiteSite
29428,29,17
timeStep,numberOfRobotsOnBlackSite,numberOfRobotsOnWhiteSite
29429,29,17
timeStep,numberOfRobotsOnBlackSite,numberOfRobotsOnWhiteSite
29430,29,17
timeStep,numberOfRobotsOnBlackSite,numberOfRobotsOnWhiteSite
29431,29,17
timeStep,numberOfRobotsOnBlackSite,numberOfRobotsOnWhiteSite
29432,29,17
timeStep,numberOfRobotsOnBlackSite,numberOfRobotsOnWhiteSite
29433,29,17
timeStep,numberOfRobotsOnBlackSite,numberOfRobotsOnWhiteSite
29434,29,17
timeStep,numberOfRobotsOnBlackSite,numberOfRobotsOnWhiteSite
29435,29,17
timeStep,numberOfRobotsOnBlackSite,numberOfRobotsOnWhiteSite
29436,29,17
timeStep,numberOfRobotsOnBlackSite,numberOfRobotsOnWhiteSite
29437,29,17
timeStep,numberOfRobotsOnBlackSite,numberOfRobotsOnWhiteSite
29438,29,17
timeStep,numberOfRobotsOnBlackSite,numberOfRobotsOnWhiteSite
29439,29,17
timeStep,numberOfRobotsOnBlackSite,numberOfRobotsOnWhiteSite
29440,29,17
timeStep,numberOfRobotsOnBlackSite,numberOfRobotsOnWhiteSite
29441,29,17
timeStep,numberOfRobotsOnBlackSite,numberOfRobotsOnWhiteSite
29442,29,17
timeStep,numberOfRobotsOnBlackSite,numberOfRobotsOnWhiteSite
29443,29,17
timeStep,numberOfRobotsOnBlackSite,numberOfRobotsOnWhiteSite
29444,29,17
timeStep,numberOfRobotsOnBlackSite,numberOfRobotsOnWhiteSite
29445,29,17
timeStep,numberOfRobotsOnBlackSite,numberOfRobotsOnWhiteSite
29446,29,17
timeStep,numberOfRobotsOnBlackSite,numberOfRobotsOnWhiteSite
29447,29,17
timeStep,numberOfRobotsOnBlackSite,numberOfRobotsOnWhiteSite
29448,29,17
timeStep,numberOfRobotsOnBlackSite,numberOfRobotsOnWhiteSite
29449,29,17
timeStep,numberOfRobotsOnBlackSite,numberOfRobotsOnWhiteSite
29450,29,17
timeStep,numberOfRobotsOnBlackSite,numberOfRobotsOnWhiteSite
29451,29,17
timeStep,numberOfRobotsOnBlackSite,numberOfRobotsOnWhiteSite
29452,29,17
timeStep,numberOfRobotsOnBlackSite,numberOfRobotsOnWhiteSite
29453,29,17
timeStep,numberOfRobotsOnBlackSite,numberOfRobotsOnWhiteSite
29454,29,17
timeStep,numberOfRobotsOnBlackSite,numberOfRobotsOnWhiteSite
29455,29,17
timeStep,numberOfRobotsOnBlackSite,numberOfRobotsOnWhiteSite
29456,29,17
timeStep,numberOfRobotsOnBlackSite,numberOfRobotsOnWhiteSite
29457,29,17
timeStep,numberOfRobotsOnBlackSite,numberOfRobotsOnWhiteSite
29458,29,17
timeStep,numberOfRobotsOnBlackSite,numberOfRobotsOnWhiteSite
29459,29,17
timeStep,numberOfRobotsOnBlackSite,numberOfRobotsOnWhiteSite
29460,29,17
timeStep,numberOfRobotsOnBlackSite,numberOfRobotsOnWhiteSite
29461,29,17
timeStep,numberOfRobotsOnBlackSite,numberOfRobotsOnWhiteSite
29462,29,17
timeStep,numberOfRobotsOnBlackSite,numberOfRobotsOnWhiteSite
29463,29,17
timeStep,numberOfRobotsOnBlackSite,numberOfRobotsOnWhiteSite
29464,29,17
timeStep,numberOfRobotsOnBlackSite,numberOfRobotsOnWhiteSite
29465,29,17
timeStep,numberOfRobotsOnBlackSite,numberOfRobotsOnWhiteSite
29466,29,17
timeStep,numberOfRobotsOnBlackSite,numberOfRobotsOnWhiteSite
29467,29,17
timeStep,numberOfRobotsOnBlackSite,numberOfRobotsOnWhiteSite
29468,29,17
timeStep,numberOfRobotsOnBlackSite,numberOfRobotsOnWhiteSite
29469,29,17
timeStep,numberOfRobotsOnBlackSite,numberOfRobotsOnWhiteSite
29470,29,17
timeStep,numberOfRobotsOnBlackSite,numberOfRobotsOnWhiteSite
29471,29,17
timeStep,numberOfRobotsOnBlackSite,numberOfRobotsOnWhiteSite
29472,29,17
timeStep,numberOfRobotsOnBlackSite,numberOfRobotsOnWhiteSite
29473,29,17
timeStep,numberOfRobotsOnBlackSite,numberOfRobotsOnWhiteSite
29474,29,17
timeStep,numberOfRobotsOnBlackSite,numberOfRobotsOnWhiteSite
29475,29,17
timeStep,numberOfRobotsOnBlackSite,numberOfRobotsOnWhiteSite
29476,29,17
timeStep,numberOfRobotsOnBlackSite,numberOfRobotsOnWhiteSite
29477,29,17
timeStep,numberOfRobotsOnBlackSite,numberOfRobotsOnWhiteSite
29478,29,17
timeStep,numberOfRobotsOnBlackSite,numberOfRobotsOnWhiteSite
29479,29,17
timeStep,numberOfRobotsOnBlackSite,numberOfRobotsOnWhiteSite
29480,29,17
timeStep,numberOfRobotsOnBlackSite,numberOfRobotsOnWhiteSite
29481,29,17
timeStep,numberOfRobotsOnBlackSite,numberOfRobotsOnWhiteSite
29482,29,17
timeStep,numberOfRobotsOnBlackSite,numberOfRobotsOnWhiteSite
29483,29,17
timeStep,numberOfRobotsOnBlackSite,numberOfRobotsOnWhiteSite
29484,29,17
timeStep,numberOfRobotsOnBlackSite,numberOfRobotsOnWhiteSite
29485,29,17
timeStep,numberOfRobotsOnBlackSite,numberOfRobotsOnWhiteSite
29486,29,17
timeStep,numberOfRobotsOnBlackSite,numberOfRobotsOnWhiteSite
29487,29,17
timeStep,numberOfRobotsOnBlackSite,numberOfRobotsOnWhiteSite
29488,29,17
timeStep,numberOfRobotsOnBlackSite,numberOfRobotsOnWhiteSite
29489,29,17
timeStep,numberOfRobotsOnBlackSite,numberOfRobotsOnWhiteSite
29490,29,17
timeStep,numberOfRobotsOnBlackSite,numberOfRobotsOnWhiteSite
29491,29,17
timeStep,numberOfRobotsOnBlackSite,numberOfRobotsOnWhiteSite
29492,29,17
timeStep,numberOfRobotsOnBlackSite,numberOfRobotsOnWhiteSite
29493,29,17
timeStep,numberOfRobotsOnBlackSite,numberOfRobotsOnWhiteSite
29494,29,17
timeStep,numberOfRobotsOnBlackSite,numberOfRobotsOnWhiteSite
29495,29,17
timeStep,numberOfRobotsOnBlackSite,numberOfRobotsOnWhiteSite
29496,29,17
timeStep,numberOfRobotsOnBlackSite,numberOfRobotsOnWhiteSite
29497,29,17
timeStep,numberOfRobotsOnBlackSite,numberOfRobotsOnWhiteSite
29498,29,17
timeStep,numberOfRobotsOnBlackSite,numberOfRobotsOnWhiteSite
29499,29,17
timeStep,numberOfRobotsOnBlackSite,numberOfRobotsOnWhiteSite
29500,29,17
timeStep,numberOfRobotsOnBlackSite,numberOfRobotsOnWhiteSite
29501,29,17
timeStep,numberOfRobotsOnBlackSite,numberOfRobotsOnWhiteSite
29502,29,17
timeStep,numberOfRobotsOnBlackSite,numberOfRobotsOnWhiteSite
29503,29,17
timeStep,numberOfRobotsOnBlackSite,numberOfRobotsOnWhiteSite
29504,29,17
timeStep,numberOfRobotsOnBlackSite,numberOfRobotsOnWhiteSite
29505,29,17
timeStep,numberOfRobotsOnBlackSite,numberOfRobotsOnWhiteSite
29506,29,17
timeStep,numberOfRobotsOnBlackSite,numberOfRobotsOnWhiteSite
29507,29,17
timeStep,numberOfRobotsOnBlackSite,numberOfRobotsOnWhiteSite
29508,29,17
timeStep,numberOfRobotsOnBlackSite,numberOfRobotsOnWhiteSite
29509,29,17
timeStep,numberOfRobotsOnBlackSite,numberOfRobotsOnWhiteSite
29510,29,18
timeStep,numberOfRobotsOnBlackSite,numberOfRobotsOnWhiteSite
29511,29,18
timeStep,numberOfRobotsOnBlackSite,numberOfRobotsOnWhiteSite
29512,29,18
timeStep,numberOfRobotsOnBlackSite,numberOfRobotsOnWhiteSite
29513,29,18
timeStep,numberOfRobotsOnBlackSite,numberOfRobotsOnWhiteSite
29514,29,18
timeStep,numberOfRobotsOnBlackSite,numberOfRobotsOnWhiteSite
29515,29,18
timeStep,numberOfRobotsOnBlackSite,numberOfRobotsOnWhiteSite
29516,29,18
timeStep,numberOfRobotsOnBlackSite,numberOfRobotsOnWhiteSite
29517,29,18
timeStep,numberOfRobotsOnBlackSite,numberOfRobotsOnWhiteSite
29518,29,18
timeStep,numberOfRobotsOnBlackSite,numberOfRobotsOnWhiteSite
29519,29,18
timeStep,numberOfRobotsOnBlackSite,numberOfRobotsOnWhiteSite
29520,29,18
timeStep,numberOfRobotsOnBlackSite,numberOfRobotsOnWhiteSite
29521,29,18
timeStep,numberOfRobotsOnBlackSite,numberOfRobotsOnWhiteSite
29522,29,18
timeStep,numberOfRobotsOnBlackSite,numberOfRobotsOnWhiteSite
29523,29,18
timeStep,numberOfRobotsOnBlackSite,numberOfRobotsOnWhiteSite
29524,29,18
timeStep,numberOfRobotsOnBlackSite,numberOfRobotsOnWhiteSite
29525,29,18
timeStep,numberOfRobotsOnBlackSite,numberOfRobotsOnWhiteSite
29526,29,18
timeStep,numberOfRobotsOnBlackSite,numberOfRobotsOnWhiteSite
29527,29,18
timeStep,numberOfRobotsOnBlackSite,numberOfRobotsOnWhiteSite
29528,29,18
timeStep,numberOfRobotsOnBlackSite,numberOfRobotsOnWhiteSite
29529,29,18
timeStep,numberOfRobotsOnBlackSite,numberOfRobotsOnWhiteSite
29530,29,18
timeStep,numberOfRobotsOnBlackSite,numberOfRobotsOnWhiteSite
29531,29,18
timeStep,numberOfRobotsOnBlackSite,numberOfRobotsOnWhiteSite
29532,29,18
timeStep,numberOfRobotsOnBlackSite,numberOfRobotsOnWhiteSite
29533,29,18
timeStep,numberOfRobotsOnBlackSite,numberOfRobotsOnWhiteSite
29534,29,18
timeStep,numberOfRobotsOnBlackSite,numberOfRobotsOnWhiteSite
29535,29,18
timeStep,numberOfRobotsOnBlackSite,numberOfRobotsOnWhiteSite
29536,29,18
timeStep,numberOfRobotsOnBlackSite,numberOfRobotsOnWhiteSite
29537,29,18
timeStep,numberOfRobotsOnBlackSite,numberOfRobotsOnWhiteSite
29538,29,18
timeStep,numberOfRobotsOnBlackSite,numberOfRobotsOnWhiteSite
29539,29,18
timeStep,numberOfRobotsOnBlackSite,numberOfRobotsOnWhiteSite
29540,28,19
timeStep,numberOfRobotsOnBlackSite,numberOfRobotsOnWhiteSite
29541,28,19
timeStep,numberOfRobotsOnBlackSite,numberOfRobotsOnWhiteSite
29542,28,19
timeStep,numberOfRobotsOnBlackSite,numberOfRobotsOnWhiteSite
29543,28,19
timeStep,numberOfRobotsOnBlackSite,numberOfRobotsOnWhiteSite
29544,28,19
timeStep,numberOfRobotsOnBlackSite,numberOfRobotsOnWhiteSite
29545,28,19
timeStep,numberOfRobotsOnBlackSite,numberOfRobotsOnWhiteSite
29546,28,19
timeStep,numberOfRobotsOnBlackSite,numberOfRobotsOnWhiteSite
29547,28,19
timeStep,numberOfRobotsOnBlackSite,numberOfRobotsOnWhiteSite
29548,28,19
timeStep,numberOfRobotsOnBlackSite,numberOfRobotsOnWhiteSite
29549,28,19
timeStep,numberOfRobotsOnBlackSite,numberOfRobotsOnWhiteSite
29550,28,19
timeStep,numberOfRobotsOnBlackSite,numberOfRobotsOnWhiteSite
29551,28,19
timeStep,numberOfRobotsOnBlackSite,numberOfRobotsOnWhiteSite
29552,28,19
timeStep,numberOfRobotsOnBlackSite,numberOfRobotsOnWhiteSite
29553,28,19
timeStep,numberOfRobotsOnBlackSite,numberOfRobotsOnWhiteSite
29554,28,19
timeStep,numberOfRobotsOnBlackSite,numberOfRobotsOnWhiteSite
29555,28,19
timeStep,numberOfRobotsOnBlackSite,numberOfRobotsOnWhiteSite
29556,28,19
timeStep,numberOfRobotsOnBlackSite,numberOfRobotsOnWhiteSite
29557,28,19
timeStep,numberOfRobotsOnBlackSite,numberOfRobotsOnWhiteSite
29558,28,19
timeStep,numberOfRobotsOnBlackSite,numberOfRobotsOnWhiteSite
29559,28,19
timeStep,numberOfRobotsOnBlackSite,numberOfRobotsOnWhiteSite
29560,28,19
timeStep,numberOfRobotsOnBlackSite,numberOfRobotsOnWhiteSite
29561,28,19
timeStep,numberOfRobotsOnBlackSite,numberOfRobotsOnWhiteSite
29562,28,19
timeStep,numberOfRobotsOnBlackSite,numberOfRobotsOnWhiteSite
29563,28,19
timeStep,numberOfRobotsOnBlackSite,numberOfRobotsOnWhiteSite
29564,28,19
timeStep,numberOfRobotsOnBlackSite,numberOfRobotsOnWhiteSite
29565,28,19
timeStep,numberOfRobotsOnBlackSite,numberOfRobotsOnWhiteSite
29566,28,19
timeStep,numberOfRobotsOnBlackSite,numberOfRobotsOnWhiteSite
29567,28,19
timeStep,numberOfRobotsOnBlackSite,numberOfRobotsOnWhiteSite
29568,28,19
timeStep,numberOfRobotsOnBlackSite,numberOfRobotsOnWhiteSite
29569,28,19
timeStep,numberOfRobotsOnBlackSite,numberOfRobotsOnWhiteSite
29570,28,19
timeStep,numberOfRobotsOnBlackSite,numberOfRobotsOnWhiteSite
29571,28,19
timeStep,numberOfRobotsOnBlackSite,numberOfRobotsOnWhiteSite
29572,28,19
timeStep,numberOfRobotsOnBlackSite,numberOfRobotsOnWhiteSite
29573,28,19
timeStep,numberOfRobotsOnBlackSite,numberOfRobotsOnWhiteSite
29574,28,19
timeStep,numberOfRobotsOnBlackSite,numberOfRobotsOnWhiteSite
29575,28,19
timeStep,numberOfRobotsOnBlackSite,numberOfRobotsOnWhiteSite
29576,28,19
timeStep,numberOfRobotsOnBlackSite,numberOfRobotsOnWhiteSite
29577,28,19
timeStep,numberOfRobotsOnBlackSite,numberOfRobotsOnWhiteSite
29578,28,19
timeStep,numberOfRobotsOnBlackSite,numberOfRobotsOnWhiteSite
29579,28,19
timeStep,numberOfRobotsOnBlackSite,numberOfRobotsOnWhiteSite
29580,28,19
timeStep,numberOfRobotsOnBlackSite,numberOfRobotsOnWhiteSite
29581,28,19
timeStep,numberOfRobotsOnBlackSite,numberOfRobotsOnWhiteSite
29582,28,19
timeStep,numberOfRobotsOnBlackSite,numberOfRobotsOnWhiteSite
29583,28,19
timeStep,numberOfRobotsOnBlackSite,numberOfRobotsOnWhiteSite
29584,28,19
timeStep,numberOfRobotsOnBlackSite,numberOfRobotsOnWhiteSite
29585,28,19
timeStep,numberOfRobotsOnBlackSite,numberOfRobotsOnWhiteSite
29586,28,19
timeStep,numberOfRobotsOnBlackSite,numberOfRobotsOnWhiteSite
29587,28,19
timeStep,numberOfRobotsOnBlackSite,numberOfRobotsOnWhiteSite
29588,28,19
timeStep,numberOfRobotsOnBlackSite,numberOfRobotsOnWhiteSite
29589,28,19
timeStep,numberOfRobotsOnBlackSite,numberOfRobotsOnWhiteSite
29590,28,19
timeStep,numberOfRobotsOnBlackSite,numberOfRobotsOnWhiteSite
29591,28,19
timeStep,numberOfRobotsOnBlackSite,numberOfRobotsOnWhiteSite
29592,28,19
timeStep,numberOfRobotsOnBlackSite,numberOfRobotsOnWhiteSite
29593,28,19
timeStep,numberOfRobotsOnBlackSite,numberOfRobotsOnWhiteSite
29594,28,19
timeStep,numberOfRobotsOnBlackSite,numberOfRobotsOnWhiteSite
29595,28,19
timeStep,numberOfRobotsOnBlackSite,numberOfRobotsOnWhiteSite
29596,28,19
timeStep,numberOfRobotsOnBlackSite,numberOfRobotsOnWhiteSite
29597,28,19
timeStep,numberOfRobotsOnBlackSite,numberOfRobotsOnWhiteSite
29598,28,19
timeStep,numberOfRobotsOnBlackSite,numberOfRobotsOnWhiteSite
29599,28,19
timeStep,numberOfRobotsOnBlackSite,numberOfRobotsOnWhiteSite
29600,28,19
timeStep,numberOfRobotsOnBlackSite,numberOfRobotsOnWhiteSite
29601,28,19
timeStep,numberOfRobotsOnBlackSite,numberOfRobotsOnWhiteSite
29602,28,19
timeStep,numberOfRobotsOnBlackSite,numberOfRobotsOnWhiteSite
29603,28,19
timeStep,numberOfRobotsOnBlackSite,numberOfRobotsOnWhiteSite
29604,28,19
timeStep,numberOfRobotsOnBlackSite,numberOfRobotsOnWhiteSite
29605,28,19
timeStep,numberOfRobotsOnBlackSite,numberOfRobotsOnWhiteSite
29606,28,19
timeStep,numberOfRobotsOnBlackSite,numberOfRobotsOnWhiteSite
29607,28,19
timeStep,numberOfRobotsOnBlackSite,numberOfRobotsOnWhiteSite
29608,28,19
timeStep,numberOfRobotsOnBlackSite,numberOfRobotsOnWhiteSite
29609,28,19
timeStep,numberOfRobotsOnBlackSite,numberOfRobotsOnWhiteSite
29610,28,19
timeStep,numberOfRobotsOnBlackSite,numberOfRobotsOnWhiteSite
29611,28,19
timeStep,numberOfRobotsOnBlackSite,numberOfRobotsOnWhiteSite
29612,28,19
timeStep,numberOfRobotsOnBlackSite,numberOfRobotsOnWhiteSite
29613,28,19
timeStep,numberOfRobotsOnBlackSite,numberOfRobotsOnWhiteSite
29614,28,19
timeStep,numberOfRobotsOnBlackSite,numberOfRobotsOnWhiteSite
29615,27,19
timeStep,numberOfRobotsOnBlackSite,numberOfRobotsOnWhiteSite
29616,27,19
timeStep,numberOfRobotsOnBlackSite,numberOfRobotsOnWhiteSite
29617,27,19
timeStep,numberOfRobotsOnBlackSite,numberOfRobotsOnWhiteSite
29618,27,19
timeStep,numberOfRobotsOnBlackSite,numberOfRobotsOnWhiteSite
29619,27,19
timeStep,numberOfRobotsOnBlackSite,numberOfRobotsOnWhiteSite
29620,27,19
timeStep,numberOfRobotsOnBlackSite,numberOfRobotsOnWhiteSite
29621,27,19
timeStep,numberOfRobotsOnBlackSite,numberOfRobotsOnWhiteSite
29622,27,19
timeStep,numberOfRobotsOnBlackSite,numberOfRobotsOnWhiteSite
29623,27,19
timeStep,numberOfRobotsOnBlackSite,numberOfRobotsOnWhiteSite
29624,27,19
timeStep,numberOfRobotsOnBlackSite,numberOfRobotsOnWhiteSite
29625,27,19
timeStep,numberOfRobotsOnBlackSite,numberOfRobotsOnWhiteSite
29626,27,19
timeStep,numberOfRobotsOnBlackSite,numberOfRobotsOnWhiteSite
29627,27,19
timeStep,numberOfRobotsOnBlackSite,numberOfRobotsOnWhiteSite
29628,27,19
timeStep,numberOfRobotsOnBlackSite,numberOfRobotsOnWhiteSite
29629,27,19
timeStep,numberOfRobotsOnBlackSite,numberOfRobotsOnWhiteSite
29630,27,19
timeStep,numberOfRobotsOnBlackSite,numberOfRobotsOnWhiteSite
29631,27,19
timeStep,numberOfRobotsOnBlackSite,numberOfRobotsOnWhiteSite
29632,27,19
timeStep,numberOfRobotsOnBlackSite,numberOfRobotsOnWhiteSite
29633,27,19
timeStep,numberOfRobotsOnBlackSite,numberOfRobotsOnWhiteSite
29634,27,19
timeStep,numberOfRobotsOnBlackSite,numberOfRobotsOnWhiteSite
29635,27,19
timeStep,numberOfRobotsOnBlackSite,numberOfRobotsOnWhiteSite
29636,27,19
timeStep,numberOfRobotsOnBlackSite,numberOfRobotsOnWhiteSite
29637,27,19
timeStep,numberOfRobotsOnBlackSite,numberOfRobotsOnWhiteSite
29638,27,19
timeStep,numberOfRobotsOnBlackSite,numberOfRobotsOnWhiteSite
29639,27,19
timeStep,numberOfRobotsOnBlackSite,numberOfRobotsOnWhiteSite
29640,27,19
timeStep,numberOfRobotsOnBlackSite,numberOfRobotsOnWhiteSite
29641,27,19
timeStep,numberOfRobotsOnBlackSite,numberOfRobotsOnWhiteSite
29642,27,19
timeStep,numberOfRobotsOnBlackSite,numberOfRobotsOnWhiteSite
29643,27,19
timeStep,numberOfRobotsOnBlackSite,numberOfRobotsOnWhiteSite
29644,27,19
timeStep,numberOfRobotsOnBlackSite,numberOfRobotsOnWhiteSite
29645,27,19
timeStep,numberOfRobotsOnBlackSite,numberOfRobotsOnWhiteSite
29646,27,19
timeStep,numberOfRobotsOnBlackSite,numberOfRobotsOnWhiteSite
29647,27,19
timeStep,numberOfRobotsOnBlackSite,numberOfRobotsOnWhiteSite
29648,27,19
timeStep,numberOfRobotsOnBlackSite,numberOfRobotsOnWhiteSite
29649,27,19
timeStep,numberOfRobotsOnBlackSite,numberOfRobotsOnWhiteSite
29650,27,19
timeStep,numberOfRobotsOnBlackSite,numberOfRobotsOnWhiteSite
29651,27,19
timeStep,numberOfRobotsOnBlackSite,numberOfRobotsOnWhiteSite
29652,27,19
timeStep,numberOfRobotsOnBlackSite,numberOfRobotsOnWhiteSite
29653,27,19
timeStep,numberOfRobotsOnBlackSite,numberOfRobotsOnWhiteSite
29654,27,19
timeStep,numberOfRobotsOnBlackSite,numberOfRobotsOnWhiteSite
29655,28,19
timeStep,numberOfRobotsOnBlackSite,numberOfRobotsOnWhiteSite
29656,28,19
timeStep,numberOfRobotsOnBlackSite,numberOfRobotsOnWhiteSite
29657,28,19
timeStep,numberOfRobotsOnBlackSite,numberOfRobotsOnWhiteSite
29658,28,19
timeStep,numberOfRobotsOnBlackSite,numberOfRobotsOnWhiteSite
29659,28,19
timeStep,numberOfRobotsOnBlackSite,numberOfRobotsOnWhiteSite
29660,28,19
timeStep,numberOfRobotsOnBlackSite,numberOfRobotsOnWhiteSite
29661,28,19
timeStep,numberOfRobotsOnBlackSite,numberOfRobotsOnWhiteSite
29662,28,19
timeStep,numberOfRobotsOnBlackSite,numberOfRobotsOnWhiteSite
29663,28,19
timeStep,numberOfRobotsOnBlackSite,numberOfRobotsOnWhiteSite
29664,28,19
timeStep,numberOfRobotsOnBlackSite,numberOfRobotsOnWhiteSite
29665,28,19
timeStep,numberOfRobotsOnBlackSite,numberOfRobotsOnWhiteSite
29666,28,19
timeStep,numberOfRobotsOnBlackSite,numberOfRobotsOnWhiteSite
29667,28,19
timeStep,numberOfRobotsOnBlackSite,numberOfRobotsOnWhiteSite
29668,28,19
timeStep,numberOfRobotsOnBlackSite,numberOfRobotsOnWhiteSite
29669,28,19
timeStep,numberOfRobotsOnBlackSite,numberOfRobotsOnWhiteSite
29670,28,19
timeStep,numberOfRobotsOnBlackSite,numberOfRobotsOnWhiteSite
29671,28,19
timeStep,numberOfRobotsOnBlackSite,numberOfRobotsOnWhiteSite
29672,28,19
timeStep,numberOfRobotsOnBlackSite,numberOfRobotsOnWhiteSite
29673,28,19
timeStep,numberOfRobotsOnBlackSite,numberOfRobotsOnWhiteSite
29674,28,19
timeStep,numberOfRobotsOnBlackSite,numberOfRobotsOnWhiteSite
29675,28,19
timeStep,numberOfRobotsOnBlackSite,numberOfRobotsOnWhiteSite
29676,28,19
timeStep,numberOfRobotsOnBlackSite,numberOfRobotsOnWhiteSite
29677,28,19
timeStep,numberOfRobotsOnBlackSite,numberOfRobotsOnWhiteSite
29678,28,19
timeStep,numberOfRobotsOnBlackSite,numberOfRobotsOnWhiteSite
29679,28,19
timeStep,numberOfRobotsOnBlackSite,numberOfRobotsOnWhiteSite
29680,28,19
timeStep,numberOfRobotsOnBlackSite,numberOfRobotsOnWhiteSite
29681,28,19
timeStep,numberOfRobotsOnBlackSite,numberOfRobotsOnWhiteSite
29682,28,19
timeStep,numberOfRobotsOnBlackSite,numberOfRobotsOnWhiteSite
29683,28,19
timeStep,numberOfRobotsOnBlackSite,numberOfRobotsOnWhiteSite
29684,28,19
timeStep,numberOfRobotsOnBlackSite,numberOfRobotsOnWhiteSite
29685,28,19
timeStep,numberOfRobotsOnBlackSite,numberOfRobotsOnWhiteSite
29686,28,19
timeStep,numberOfRobotsOnBlackSite,numberOfRobotsOnWhiteSite
29687,28,19
timeStep,numberOfRobotsOnBlackSite,numberOfRobotsOnWhiteSite
29688,28,19
timeStep,numberOfRobotsOnBlackSite,numberOfRobotsOnWhiteSite
29689,28,19
timeStep,numberOfRobotsOnBlackSite,numberOfRobotsOnWhiteSite
29690,28,19
timeStep,numberOfRobotsOnBlackSite,numberOfRobotsOnWhiteSite
29691,28,19
timeStep,numberOfRobotsOnBlackSite,numberOfRobotsOnWhiteSite
29692,28,19
timeStep,numberOfRobotsOnBlackSite,numberOfRobotsOnWhiteSite
29693,28,19
timeStep,numberOfRobotsOnBlackSite,numberOfRobotsOnWhiteSite
29694,28,19
timeStep,numberOfRobotsOnBlackSite,numberOfRobotsOnWhiteSite
29695,28,19
timeStep,numberOfRobotsOnBlackSite,numberOfRobotsOnWhiteSite
29696,28,19
timeStep,numberOfRobotsOnBlackSite,numberOfRobotsOnWhiteSite
29697,28,19
timeStep,numberOfRobotsOnBlackSite,numberOfRobotsOnWhiteSite
29698,28,19
timeStep,numberOfRobotsOnBlackSite,numberOfRobotsOnWhiteSite
29699,28,19
timeStep,numberOfRobotsOnBlackSite,numberOfRobotsOnWhiteSite
29700,28,19
timeStep,numberOfRobotsOnBlackSite,numberOfRobotsOnWhiteSite
29701,28,19
timeStep,numberOfRobotsOnBlackSite,numberOfRobotsOnWhiteSite
29702,28,19
timeStep,numberOfRobotsOnBlackSite,numberOfRobotsOnWhiteSite
29703,28,19
timeStep,numberOfRobotsOnBlackSite,numberOfRobotsOnWhiteSite
29704,28,19
timeStep,numberOfRobotsOnBlackSite,numberOfRobotsOnWhiteSite
29705,28,19
timeStep,numberOfRobotsOnBlackSite,numberOfRobotsOnWhiteSite
29706,28,19
timeStep,numberOfRobotsOnBlackSite,numberOfRobotsOnWhiteSite
29707,28,19
timeStep,numberOfRobotsOnBlackSite,numberOfRobotsOnWhiteSite
29708,28,19
timeStep,numberOfRobotsOnBlackSite,numberOfRobotsOnWhiteSite
29709,28,19
timeStep,numberOfRobotsOnBlackSite,numberOfRobotsOnWhiteSite
29710,27,19
timeStep,numberOfRobotsOnBlackSite,numberOfRobotsOnWhiteSite
29711,27,19
timeStep,numberOfRobotsOnBlackSite,numberOfRobotsOnWhiteSite
29712,27,19
timeStep,numberOfRobotsOnBlackSite,numberOfRobotsOnWhiteSite
29713,27,19
timeStep,numberOfRobotsOnBlackSite,numberOfRobotsOnWhiteSite
29714,27,19
timeStep,numberOfRobotsOnBlackSite,numberOfRobotsOnWhiteSite
29715,27,19
timeStep,numberOfRobotsOnBlackSite,numberOfRobotsOnWhiteSite
29716,27,19
timeStep,numberOfRobotsOnBlackSite,numberOfRobotsOnWhiteSite
29717,27,19
timeStep,numberOfRobotsOnBlackSite,numberOfRobotsOnWhiteSite
29718,27,19
timeStep,numberOfRobotsOnBlackSite,numberOfRobotsOnWhiteSite
29719,27,19
timeStep,numberOfRobotsOnBlackSite,numberOfRobotsOnWhiteSite
29720,27,19
timeStep,numberOfRobotsOnBlackSite,numberOfRobotsOnWhiteSite
29721,27,19
timeStep,numberOfRobotsOnBlackSite,numberOfRobotsOnWhiteSite
29722,27,19
timeStep,numberOfRobotsOnBlackSite,numberOfRobotsOnWhiteSite
29723,27,19
timeStep,numberOfRobotsOnBlackSite,numberOfRobotsOnWhiteSite
29724,27,19
timeStep,numberOfRobotsOnBlackSite,numberOfRobotsOnWhiteSite
29725,27,19
timeStep,numberOfRobotsOnBlackSite,numberOfRobotsOnWhiteSite
29726,27,19
timeStep,numberOfRobotsOnBlackSite,numberOfRobotsOnWhiteSite
29727,27,19
timeStep,numberOfRobotsOnBlackSite,numberOfRobotsOnWhiteSite
29728,27,19
timeStep,numberOfRobotsOnBlackSite,numberOfRobotsOnWhiteSite
29729,27,19
timeStep,numberOfRobotsOnBlackSite,numberOfRobotsOnWhiteSite
29730,27,19
timeStep,numberOfRobotsOnBlackSite,numberOfRobotsOnWhiteSite
29731,27,19
timeStep,numberOfRobotsOnBlackSite,numberOfRobotsOnWhiteSite
29732,27,19
timeStep,numberOfRobotsOnBlackSite,numberOfRobotsOnWhiteSite
29733,27,19
timeStep,numberOfRobotsOnBlackSite,numberOfRobotsOnWhiteSite
29734,27,19
timeStep,numberOfRobotsOnBlackSite,numberOfRobotsOnWhiteSite
29735,27,19
timeStep,numberOfRobotsOnBlackSite,numberOfRobotsOnWhiteSite
29736,27,19
timeStep,numberOfRobotsOnBlackSite,numberOfRobotsOnWhiteSite
29737,27,19
timeStep,numberOfRobotsOnBlackSite,numberOfRobotsOnWhiteSite
29738,27,19
timeStep,numberOfRobotsOnBlackSite,numberOfRobotsOnWhiteSite
29739,27,19
timeStep,numberOfRobotsOnBlackSite,numberOfRobotsOnWhiteSite
29740,27,19
timeStep,numberOfRobotsOnBlackSite,numberOfRobotsOnWhiteSite
29741,27,19
timeStep,numberOfRobotsOnBlackSite,numberOfRobotsOnWhiteSite
29742,27,19
timeStep,numberOfRobotsOnBlackSite,numberOfRobotsOnWhiteSite
29743,27,19
timeStep,numberOfRobotsOnBlackSite,numberOfRobotsOnWhiteSite
29744,27,19
timeStep,numberOfRobotsOnBlackSite,numberOfRobotsOnWhiteSite
29745,27,19
timeStep,numberOfRobotsOnBlackSite,numberOfRobotsOnWhiteSite
29746,27,19
timeStep,numberOfRobotsOnBlackSite,numberOfRobotsOnWhiteSite
29747,27,19
timeStep,numberOfRobotsOnBlackSite,numberOfRobotsOnWhiteSite
29748,27,19
timeStep,numberOfRobotsOnBlackSite,numberOfRobotsOnWhiteSite
29749,27,19
timeStep,numberOfRobotsOnBlackSite,numberOfRobotsOnWhiteSite
29750,27,19
timeStep,numberOfRobotsOnBlackSite,numberOfRobotsOnWhiteSite
29751,27,19
timeStep,numberOfRobotsOnBlackSite,numberOfRobotsOnWhiteSite
29752,27,19
timeStep,numberOfRobotsOnBlackSite,numberOfRobotsOnWhiteSite
29753,27,19
timeStep,numberOfRobotsOnBlackSite,numberOfRobotsOnWhiteSite
29754,27,19
timeStep,numberOfRobotsOnBlackSite,numberOfRobotsOnWhiteSite
29755,27,19
timeStep,numberOfRobotsOnBlackSite,numberOfRobotsOnWhiteSite
29756,27,19
timeStep,numberOfRobotsOnBlackSite,numberOfRobotsOnWhiteSite
29757,27,19
timeStep,numberOfRobotsOnBlackSite,numberOfRobotsOnWhiteSite
29758,27,19
timeStep,numberOfRobotsOnBlackSite,numberOfRobotsOnWhiteSite
29759,27,19
timeStep,numberOfRobotsOnBlackSite,numberOfRobotsOnWhiteSite
29760,27,19
timeStep,numberOfRobotsOnBlackSite,numberOfRobotsOnWhiteSite
29761,27,19
timeStep,numberOfRobotsOnBlackSite,numberOfRobotsOnWhiteSite
29762,27,19
timeStep,numberOfRobotsOnBlackSite,numberOfRobotsOnWhiteSite
29763,27,19
timeStep,numberOfRobotsOnBlackSite,numberOfRobotsOnWhiteSite
29764,27,19
timeStep,numberOfRobotsOnBlackSite,numberOfRobotsOnWhiteSite
29765,27,19
timeStep,numberOfRobotsOnBlackSite,numberOfRobotsOnWhiteSite
29766,27,19
timeStep,numberOfRobotsOnBlackSite,numberOfRobotsOnWhiteSite
29767,27,19
timeStep,numberOfRobotsOnBlackSite,numberOfRobotsOnWhiteSite
29768,27,19
timeStep,numberOfRobotsOnBlackSite,numberOfRobotsOnWhiteSite
29769,27,19
timeStep,numberOfRobotsOnBlackSite,numberOfRobotsOnWhiteSite
29770,27,19
timeStep,numberOfRobotsOnBlackSite,numberOfRobotsOnWhiteSite
29771,27,19
timeStep,numberOfRobotsOnBlackSite,numberOfRobotsOnWhiteSite
29772,27,19
timeStep,numberOfRobotsOnBlackSite,numberOfRobotsOnWhiteSite
29773,27,19
timeStep,numberOfRobotsOnBlackSite,numberOfRobotsOnWhiteSite
29774,27,19
timeStep,numberOfRobotsOnBlackSite,numberOfRobotsOnWhiteSite
29775,27,19
timeStep,numberOfRobotsOnBlackSite,numberOfRobotsOnWhiteSite
29776,27,19
timeStep,numberOfRobotsOnBlackSite,numberOfRobotsOnWhiteSite
29777,27,19
timeStep,numberOfRobotsOnBlackSite,numberOfRobotsOnWhiteSite
29778,27,19
timeStep,numberOfRobotsOnBlackSite,numberOfRobotsOnWhiteSite
29779,27,19
timeStep,numberOfRobotsOnBlackSite,numberOfRobotsOnWhiteSite
29780,28,19
timeStep,numberOfRobotsOnBlackSite,numberOfRobotsOnWhiteSite
29781,28,19
timeStep,numberOfRobotsOnBlackSite,numberOfRobotsOnWhiteSite
29782,28,19
timeStep,numberOfRobotsOnBlackSite,numberOfRobotsOnWhiteSite
29783,28,19
timeStep,numberOfRobotsOnBlackSite,numberOfRobotsOnWhiteSite
29784,28,19
timeStep,numberOfRobotsOnBlackSite,numberOfRobotsOnWhiteSite
29785,28,19
timeStep,numberOfRobotsOnBlackSite,numberOfRobotsOnWhiteSite
29786,28,19
timeStep,numberOfRobotsOnBlackSite,numberOfRobotsOnWhiteSite
29787,28,19
timeStep,numberOfRobotsOnBlackSite,numberOfRobotsOnWhiteSite
29788,28,19
timeStep,numberOfRobotsOnBlackSite,numberOfRobotsOnWhiteSite
29789,28,19
timeStep,numberOfRobotsOnBlackSite,numberOfRobotsOnWhiteSite
29790,28,19
timeStep,numberOfRobotsOnBlackSite,numberOfRobotsOnWhiteSite
29791,28,19
timeStep,numberOfRobotsOnBlackSite,numberOfRobotsOnWhiteSite
29792,28,19
timeStep,numberOfRobotsOnBlackSite,numberOfRobotsOnWhiteSite
29793,28,19
timeStep,numberOfRobotsOnBlackSite,numberOfRobotsOnWhiteSite
29794,28,19
timeStep,numberOfRobotsOnBlackSite,numberOfRobotsOnWhiteSite
29795,28,19
timeStep,numberOfRobotsOnBlackSite,numberOfRobotsOnWhiteSite
29796,28,19
timeStep,numberOfRobotsOnBlackSite,numberOfRobotsOnWhiteSite
29797,28,19
timeStep,numberOfRobotsOnBlackSite,numberOfRobotsOnWhiteSite
29798,28,19
timeStep,numberOfRobotsOnBlackSite,numberOfRobotsOnWhiteSite
29799,28,19
timeStep,numberOfRobotsOnBlackSite,numberOfRobotsOnWhiteSite
29800,28,19
timeStep,numberOfRobotsOnBlackSite,numberOfRobotsOnWhiteSite
29801,28,19
timeStep,numberOfRobotsOnBlackSite,numberOfRobotsOnWhiteSite
29802,28,19
timeStep,numberOfRobotsOnBlackSite,numberOfRobotsOnWhiteSite
29803,28,19
timeStep,numberOfRobotsOnBlackSite,numberOfRobotsOnWhiteSite
29804,28,19
timeStep,numberOfRobotsOnBlackSite,numberOfRobotsOnWhiteSite
29805,28,19
timeStep,numberOfRobotsOnBlackSite,numberOfRobotsOnWhiteSite
29806,28,19
timeStep,numberOfRobotsOnBlackSite,numberOfRobotsOnWhiteSite
29807,28,19
timeStep,numberOfRobotsOnBlackSite,numberOfRobotsOnWhiteSite
29808,28,19
timeStep,numberOfRobotsOnBlackSite,numberOfRobotsOnWhiteSite
29809,28,19
timeStep,numberOfRobotsOnBlackSite,numberOfRobotsOnWhiteSite
29810,28,19
timeStep,numberOfRobotsOnBlackSite,numberOfRobotsOnWhiteSite
29811,28,19
timeStep,numberOfRobotsOnBlackSite,numberOfRobotsOnWhiteSite
29812,28,19
timeStep,numberOfRobotsOnBlackSite,numberOfRobotsOnWhiteSite
29813,28,19
timeStep,numberOfRobotsOnBlackSite,numberOfRobotsOnWhiteSite
29814,28,19
timeStep,numberOfRobotsOnBlackSite,numberOfRobotsOnWhiteSite
29815,28,19
timeStep,numberOfRobotsOnBlackSite,numberOfRobotsOnWhiteSite
29816,28,19
timeStep,numberOfRobotsOnBlackSite,numberOfRobotsOnWhiteSite
29817,28,19
timeStep,numberOfRobotsOnBlackSite,numberOfRobotsOnWhiteSite
29818,28,19
timeStep,numberOfRobotsOnBlackSite,numberOfRobotsOnWhiteSite
29819,28,19
timeStep,numberOfRobotsOnBlackSite,numberOfRobotsOnWhiteSite
29820,28,19
timeStep,numberOfRobotsOnBlackSite,numberOfRobotsOnWhiteSite
29821,28,19
timeStep,numberOfRobotsOnBlackSite,numberOfRobotsOnWhiteSite
29822,28,19
timeStep,numberOfRobotsOnBlackSite,numberOfRobotsOnWhiteSite
29823,28,19
timeStep,numberOfRobotsOnBlackSite,numberOfRobotsOnWhiteSite
29824,28,19
timeStep,numberOfRobotsOnBlackSite,numberOfRobotsOnWhiteSite
29825,27,19
timeStep,numberOfRobotsOnBlackSite,numberOfRobotsOnWhiteSite
29826,27,19
timeStep,numberOfRobotsOnBlackSite,numberOfRobotsOnWhiteSite
29827,27,19
timeStep,numberOfRobotsOnBlackSite,numberOfRobotsOnWhiteSite
29828,27,19
timeStep,numberOfRobotsOnBlackSite,numberOfRobotsOnWhiteSite
29829,27,19
timeStep,numberOfRobotsOnBlackSite,numberOfRobotsOnWhiteSite
29830,27,19
timeStep,numberOfRobotsOnBlackSite,numberOfRobotsOnWhiteSite
29831,27,19
timeStep,numberOfRobotsOnBlackSite,numberOfRobotsOnWhiteSite
29832,27,19
timeStep,numberOfRobotsOnBlackSite,numberOfRobotsOnWhiteSite
29833,27,19
timeStep,numberOfRobotsOnBlackSite,numberOfRobotsOnWhiteSite
29834,27,19
timeStep,numberOfRobotsOnBlackSite,numberOfRobotsOnWhiteSite
29835,27,19
timeStep,numberOfRobotsOnBlackSite,numberOfRobotsOnWhiteSite
29836,27,19
timeStep,numberOfRobotsOnBlackSite,numberOfRobotsOnWhiteSite
29837,27,19
timeStep,numberOfRobotsOnBlackSite,numberOfRobotsOnWhiteSite
29838,27,19
timeStep,numberOfRobotsOnBlackSite,numberOfRobotsOnWhiteSite
29839,27,19
timeStep,numberOfRobotsOnBlackSite,numberOfRobotsOnWhiteSite
29840,28,19
timeStep,numberOfRobotsOnBlackSite,numberOfRobotsOnWhiteSite
29841,28,19
timeStep,numberOfRobotsOnBlackSite,numberOfRobotsOnWhiteSite
29842,28,19
timeStep,numberOfRobotsOnBlackSite,numberOfRobotsOnWhiteSite
29843,28,19
timeStep,numberOfRobotsOnBlackSite,numberOfRobotsOnWhiteSite
29844,28,19
timeStep,numberOfRobotsOnBlackSite,numberOfRobotsOnWhiteSite
29845,28,19
timeStep,numberOfRobotsOnBlackSite,numberOfRobotsOnWhiteSite
29846,28,19
timeStep,numberOfRobotsOnBlackSite,numberOfRobotsOnWhiteSite
29847,28,19
timeStep,numberOfRobotsOnBlackSite,numberOfRobotsOnWhiteSite
29848,28,19
timeStep,numberOfRobotsOnBlackSite,numberOfRobotsOnWhiteSite
29849,28,19
timeStep,numberOfRobotsOnBlackSite,numberOfRobotsOnWhiteSite
29850,28,19
timeStep,numberOfRobotsOnBlackSite,numberOfRobotsOnWhiteSite
29851,28,19
timeStep,numberOfRobotsOnBlackSite,numberOfRobotsOnWhiteSite
29852,28,19
timeStep,numberOfRobotsOnBlackSite,numberOfRobotsOnWhiteSite
29853,28,19
timeStep,numberOfRobotsOnBlackSite,numberOfRobotsOnWhiteSite
29854,28,19
timeStep,numberOfRobotsOnBlackSite,numberOfRobotsOnWhiteSite
29855,28,18
timeStep,numberOfRobotsOnBlackSite,numberOfRobotsOnWhiteSite
29856,28,18
timeStep,numberOfRobotsOnBlackSite,numberOfRobotsOnWhiteSite
29857,28,18
timeStep,numberOfRobotsOnBlackSite,numberOfRobotsOnWhiteSite
29858,28,18
timeStep,numberOfRobotsOnBlackSite,numberOfRobotsOnWhiteSite
29859,28,18
timeStep,numberOfRobotsOnBlackSite,numberOfRobotsOnWhiteSite
29860,28,18
timeStep,numberOfRobotsOnBlackSite,numberOfRobotsOnWhiteSite
29861,28,18
timeStep,numberOfRobotsOnBlackSite,numberOfRobotsOnWhiteSite
29862,28,18
timeStep,numberOfRobotsOnBlackSite,numberOfRobotsOnWhiteSite
29863,28,18
timeStep,numberOfRobotsOnBlackSite,numberOfRobotsOnWhiteSite
29864,28,18
timeStep,numberOfRobotsOnBlackSite,numberOfRobotsOnWhiteSite
29865,28,18
timeStep,numberOfRobotsOnBlackSite,numberOfRobotsOnWhiteSite
29866,28,18
timeStep,numberOfRobotsOnBlackSite,numberOfRobotsOnWhiteSite
29867,28,18
timeStep,numberOfRobotsOnBlackSite,numberOfRobotsOnWhiteSite
29868,28,18
timeStep,numberOfRobotsOnBlackSite,numberOfRobotsOnWhiteSite
29869,28,18
timeStep,numberOfRobotsOnBlackSite,numberOfRobotsOnWhiteSite
29870,28,18
timeStep,numberOfRobotsOnBlackSite,numberOfRobotsOnWhiteSite
29871,28,18
timeStep,numberOfRobotsOnBlackSite,numberOfRobotsOnWhiteSite
29872,28,18
timeStep,numberOfRobotsOnBlackSite,numberOfRobotsOnWhiteSite
29873,28,18
timeStep,numberOfRobotsOnBlackSite,numberOfRobotsOnWhiteSite
29874,28,18
timeStep,numberOfRobotsOnBlackSite,numberOfRobotsOnWhiteSite
29875,28,18
timeStep,numberOfRobotsOnBlackSite,numberOfRobotsOnWhiteSite
29876,28,18
timeStep,numberOfRobotsOnBlackSite,numberOfRobotsOnWhiteSite
29877,28,18
timeStep,numberOfRobotsOnBlackSite,numberOfRobotsOnWhiteSite
29878,28,18
timeStep,numberOfRobotsOnBlackSite,numberOfRobotsOnWhiteSite
29879,28,18
timeStep,numberOfRobotsOnBlackSite,numberOfRobotsOnWhiteSite
29880,27,18
timeStep,numberOfRobotsOnBlackSite,numberOfRobotsOnWhiteSite
29881,27,18
timeStep,numberOfRobotsOnBlackSite,numberOfRobotsOnWhiteSite
29882,27,18
timeStep,numberOfRobotsOnBlackSite,numberOfRobotsOnWhiteSite
29883,27,18
timeStep,numberOfRobotsOnBlackSite,numberOfRobotsOnWhiteSite
29884,27,18
timeStep,numberOfRobotsOnBlackSite,numberOfRobotsOnWhiteSite
29885,27,18
timeStep,numberOfRobotsOnBlackSite,numberOfRobotsOnWhiteSite
29886,27,18
timeStep,numberOfRobotsOnBlackSite,numberOfRobotsOnWhiteSite
29887,27,18
timeStep,numberOfRobotsOnBlackSite,numberOfRobotsOnWhiteSite
29888,27,18
timeStep,numberOfRobotsOnBlackSite,numberOfRobotsOnWhiteSite
29889,27,18
timeStep,numberOfRobotsOnBlackSite,numberOfRobotsOnWhiteSite
29890,27,18
timeStep,numberOfRobotsOnBlackSite,numberOfRobotsOnWhiteSite
29891,27,18
timeStep,numberOfRobotsOnBlackSite,numberOfRobotsOnWhiteSite
29892,27,18
timeStep,numberOfRobotsOnBlackSite,numberOfRobotsOnWhiteSite
29893,27,18
timeStep,numberOfRobotsOnBlackSite,numberOfRobotsOnWhiteSite
29894,27,18
timeStep,numberOfRobotsOnBlackSite,numberOfRobotsOnWhiteSite
29895,27,18
timeStep,numberOfRobotsOnBlackSite,numberOfRobotsOnWhiteSite
29896,27,18
timeStep,numberOfRobotsOnBlackSite,numberOfRobotsOnWhiteSite
29897,27,18
timeStep,numberOfRobotsOnBlackSite,numberOfRobotsOnWhiteSite
29898,27,18
timeStep,numberOfRobotsOnBlackSite,numberOfRobotsOnWhiteSite
29899,27,18
timeStep,numberOfRobotsOnBlackSite,numberOfRobotsOnWhiteSite
29900,27,18
timeStep,numberOfRobotsOnBlackSite,numberOfRobotsOnWhiteSite
29901,27,18
timeStep,numberOfRobotsOnBlackSite,numberOfRobotsOnWhiteSite
29902,27,18
timeStep,numberOfRobotsOnBlackSite,numberOfRobotsOnWhiteSite
29903,27,18
timeStep,numberOfRobotsOnBlackSite,numberOfRobotsOnWhiteSite
29904,27,18
timeStep,numberOfRobotsOnBlackSite,numberOfRobotsOnWhiteSite
29905,27,18
timeStep,numberOfRobotsOnBlackSite,numberOfRobotsOnWhiteSite
29906,27,18
timeStep,numberOfRobotsOnBlackSite,numberOfRobotsOnWhiteSite
29907,27,18
timeStep,numberOfRobotsOnBlackSite,numberOfRobotsOnWhiteSite
29908,27,18
timeStep,numberOfRobotsOnBlackSite,numberOfRobotsOnWhiteSite
29909,27,18
timeStep,numberOfRobotsOnBlackSite,numberOfRobotsOnWhiteSite
29910,27,18
timeStep,numberOfRobotsOnBlackSite,numberOfRobotsOnWhiteSite
29911,27,18
timeStep,numberOfRobotsOnBlackSite,numberOfRobotsOnWhiteSite
29912,27,18
timeStep,numberOfRobotsOnBlackSite,numberOfRobotsOnWhiteSite
29913,27,18
timeStep,numberOfRobotsOnBlackSite,numberOfRobotsOnWhiteSite
29914,27,18
timeStep,numberOfRobotsOnBlackSite,numberOfRobotsOnWhiteSite
29915,27,18
timeStep,numberOfRobotsOnBlackSite,numberOfRobotsOnWhiteSite
29916,27,18
timeStep,numberOfRobotsOnBlackSite,numberOfRobotsOnWhiteSite
29917,27,18
timeStep,numberOfRobotsOnBlackSite,numberOfRobotsOnWhiteSite
29918,27,18
timeStep,numberOfRobotsOnBlackSite,numberOfRobotsOnWhiteSite
29919,27,18
timeStep,numberOfRobotsOnBlackSite,numberOfRobotsOnWhiteSite
29920,27,18
timeStep,numberOfRobotsOnBlackSite,numberOfRobotsOnWhiteSite
29921,27,18
timeStep,numberOfRobotsOnBlackSite,numberOfRobotsOnWhiteSite
29922,27,18
timeStep,numberOfRobotsOnBlackSite,numberOfRobotsOnWhiteSite
29923,27,18
timeStep,numberOfRobotsOnBlackSite,numberOfRobotsOnWhiteSite
29924,27,18
timeStep,numberOfRobotsOnBlackSite,numberOfRobotsOnWhiteSite
29925,27,18
timeStep,numberOfRobotsOnBlackSite,numberOfRobotsOnWhiteSite
29926,27,18
timeStep,numberOfRobotsOnBlackSite,numberOfRobotsOnWhiteSite
29927,27,18
timeStep,numberOfRobotsOnBlackSite,numberOfRobotsOnWhiteSite
29928,27,18
timeStep,numberOfRobotsOnBlackSite,numberOfRobotsOnWhiteSite
29929,27,18
timeStep,numberOfRobotsOnBlackSite,numberOfRobotsOnWhiteSite
29930,27,18
timeStep,numberOfRobotsOnBlackSite,numberOfRobotsOnWhiteSite
29931,27,18
timeStep,numberOfRobotsOnBlackSite,numberOfRobotsOnWhiteSite
29932,27,18
timeStep,numberOfRobotsOnBlackSite,numberOfRobotsOnWhiteSite
29933,27,18
timeStep,numberOfRobotsOnBlackSite,numberOfRobotsOnWhiteSite
29934,27,18
timeStep,numberOfRobotsOnBlackSite,numberOfRobotsOnWhiteSite
29935,27,18
timeStep,numberOfRobotsOnBlackSite,numberOfRobotsOnWhiteSite
29936,27,18
timeStep,numberOfRobotsOnBlackSite,numberOfRobotsOnWhiteSite
29937,27,18
timeStep,numberOfRobotsOnBlackSite,numberOfRobotsOnWhiteSite
29938,27,18
timeStep,numberOfRobotsOnBlackSite,numberOfRobotsOnWhiteSite
29939,27,18
timeStep,numberOfRobotsOnBlackSite,numberOfRobotsOnWhiteSite
29940,27,18
timeStep,numberOfRobotsOnBlackSite,numberOfRobotsOnWhiteSite
29941,27,18
timeStep,numberOfRobotsOnBlackSite,numberOfRobotsOnWhiteSite
29942,27,18
timeStep,numberOfRobotsOnBlackSite,numberOfRobotsOnWhiteSite
29943,27,18
timeStep,numberOfRobotsOnBlackSite,numberOfRobotsOnWhiteSite
29944,27,18
timeStep,numberOfRobotsOnBlackSite,numberOfRobotsOnWhiteSite
29945,27,19
timeStep,numberOfRobotsOnBlackSite,numberOfRobotsOnWhiteSite
29946,27,19
timeStep,numberOfRobotsOnBlackSite,numberOfRobotsOnWhiteSite
29947,27,19
timeStep,numberOfRobotsOnBlackSite,numberOfRobotsOnWhiteSite
29948,27,19
timeStep,numberOfRobotsOnBlackSite,numberOfRobotsOnWhiteSite
29949,27,19
timeStep,numberOfRobotsOnBlackSite,numberOfRobotsOnWhiteSite
29950,27,19
timeStep,numberOfRobotsOnBlackSite,numberOfRobotsOnWhiteSite
29951,27,19
timeStep,numberOfRobotsOnBlackSite,numberOfRobotsOnWhiteSite
29952,27,19
timeStep,numberOfRobotsOnBlackSite,numberOfRobotsOnWhiteSite
29953,27,19
timeStep,numberOfRobotsOnBlackSite,numberOfRobotsOnWhiteSite
29954,27,19
timeStep,numberOfRobotsOnBlackSite,numberOfRobotsOnWhiteSite
29955,27,19
timeStep,numberOfRobotsOnBlackSite,numberOfRobotsOnWhiteSite
29956,27,19
timeStep,numberOfRobotsOnBlackSite,numberOfRobotsOnWhiteSite
29957,27,19
timeStep,numberOfRobotsOnBlackSite,numberOfRobotsOnWhiteSite
29958,27,19
timeStep,numberOfRobotsOnBlackSite,numberOfRobotsOnWhiteSite
29959,27,19
timeStep,numberOfRobotsOnBlackSite,numberOfRobotsOnWhiteSite
29960,27,19
timeStep,numberOfRobotsOnBlackSite,numberOfRobotsOnWhiteSite
29961,27,19
timeStep,numberOfRobotsOnBlackSite,numberOfRobotsOnWhiteSite
29962,27,19
timeStep,numberOfRobotsOnBlackSite,numberOfRobotsOnWhiteSite
29963,27,19
timeStep,numberOfRobotsOnBlackSite,numberOfRobotsOnWhiteSite
29964,27,19
timeStep,numberOfRobotsOnBlackSite,numberOfRobotsOnWhiteSite
29965,27,19
timeStep,numberOfRobotsOnBlackSite,numberOfRobotsOnWhiteSite
29966,27,19
timeStep,numberOfRobotsOnBlackSite,numberOfRobotsOnWhiteSite
29967,27,19
timeStep,numberOfRobotsOnBlackSite,numberOfRobotsOnWhiteSite
29968,27,19
timeStep,numberOfRobotsOnBlackSite,numberOfRobotsOnWhiteSite
29969,27,19
timeStep,numberOfRobotsOnBlackSite,numberOfRobotsOnWhiteSite
29970,27,19
timeStep,numberOfRobotsOnBlackSite,numberOfRobotsOnWhiteSite
29971,27,19
timeStep,numberOfRobotsOnBlackSite,numberOfRobotsOnWhiteSite
29972,27,19
timeStep,numberOfRobotsOnBlackSite,numberOfRobotsOnWhiteSite
29973,27,19
timeStep,numberOfRobotsOnBlackSite,numberOfRobotsOnWhiteSite
29974,27,19
timeStep,numberOfRobotsOnBlackSite,numberOfRobotsOnWhiteSite
29975,27,19
timeStep,numberOfRobotsOnBlackSite,numberOfRobotsOnWhiteSite
29976,27,19
timeStep,numberOfRobotsOnBlackSite,numberOfRobotsOnWhiteSite
29977,27,19
timeStep,numberOfRobotsOnBlackSite,numberOfRobotsOnWhiteSite
29978,27,19
timeStep,numberOfRobotsOnBlackSite,numberOfRobotsOnWhiteSite
29979,27,19
timeStep,numberOfRobotsOnBlackSite,numberOfRobotsOnWhiteSite
29980,27,19
timeStep,numberOfRobotsOnBlackSite,numberOfRobotsOnWhiteSite
29981,27,19
timeStep,numberOfRobotsOnBlackSite,numberOfRobotsOnWhiteSite
29982,27,19
timeStep,numberOfRobotsOnBlackSite,numberOfRobotsOnWhiteSite
29983,27,19
timeStep,numberOfRobotsOnBlackSite,numberOfRobotsOnWhiteSite
29984,27,19
timeStep,numberOfRobotsOnBlackSite,numberOfRobotsOnWhiteSite
29985,27,19
timeStep,numberOfRobotsOnBlackSite,numberOfRobotsOnWhiteSite
29986,27,19
timeStep,numberOfRobotsOnBlackSite,numberOfRobotsOnWhiteSite
29987,27,19
timeStep,numberOfRobotsOnBlackSite,numberOfRobotsOnWhiteSite
29988,27,19
timeStep,numberOfRobotsOnBlackSite,numberOfRobotsOnWhiteSite
29989,27,19
timeStep,numberOfRobotsOnBlackSite,numberOfRobotsOnWhiteSite
29990,27,19
timeStep,numberOfRobotsOnBlackSite,numberOfRobotsOnWhiteSite
29991,27,19
timeStep,numberOfRobotsOnBlackSite,numberOfRobotsOnWhiteSite
29992,27,19
timeStep,numberOfRobotsOnBlackSite,numberOfRobotsOnWhiteSite
29993,27,19
timeStep,numberOfRobotsOnBlackSite,numberOfRobotsOnWhiteSite
29994,27,19
timeStep,numberOfRobotsOnBlackSite,numberOfRobotsOnWhiteSite
29995,27,19
timeStep,numberOfRobotsOnBlackSite,numberOfRobotsOnWhiteSite
29996,27,19
timeStep,numberOfRobotsOnBlackSite,numberOfRobotsOnWhiteSite
29997,27,19
timeStep,numberOfRobotsOnBlackSite,numberOfRobotsOnWhiteSite
29998,27,19
timeStep,numberOfRobotsOnBlackSite,numberOfRobotsOnWhiteSite
29999,27,19
timeStep,numberOfRobotsOnBlackSite,numberOfRobotsOnWhiteSite
30000,26,19
timeStep,numberOfRobotsOnBlackSite,numberOfRobotsOnWhiteSite
30001,26,19
timeStep,numberOfRobotsOnBlackSite,numberOfRobotsOnWhiteSite
30002,26,19
timeStep,numberOfRobotsOnBlackSite,numberOfRobotsOnWhiteSite
30003,26,19
timeStep,numberOfRobotsOnBlackSite,numberOfRobotsOnWhiteSite
30004,26,19
timeStep,numberOfRobotsOnBlackSite,numberOfRobotsOnWhiteSite
30005,26,19
timeStep,numberOfRobotsOnBlackSite,numberOfRobotsOnWhiteSite
30006,26,19
timeStep,numberOfRobotsOnBlackSite,numberOfRobotsOnWhiteSite
30007,26,19
timeStep,numberOfRobotsOnBlackSite,numberOfRobotsOnWhiteSite
30008,26,19
timeStep,numberOfRobotsOnBlackSite,numberOfRobotsOnWhiteSite
30009,26,19
timeStep,numberOfRobotsOnBlackSite,numberOfRobotsOnWhiteSite
30010,26,19
timeStep,numberOfRobotsOnBlackSite,numberOfRobotsOnWhiteSite
30011,26,19
timeStep,numberOfRobotsOnBlackSite,numberOfRobotsOnWhiteSite
30012,26,19
timeStep,numberOfRobotsOnBlackSite,numberOfRobotsOnWhiteSite
30013,26,19
timeStep,numberOfRobotsOnBlackSite,numberOfRobotsOnWhiteSite
30014,26,19
timeStep,numberOfRobotsOnBlackSite,numberOfRobotsOnWhiteSite
30015,25,19
timeStep,numberOfRobotsOnBlackSite,numberOfRobotsOnWhiteSite
30016,25,19
timeStep,numberOfRobotsOnBlackSite,numberOfRobotsOnWhiteSite
30017,25,19
timeStep,numberOfRobotsOnBlackSite,numberOfRobotsOnWhiteSite
30018,25,19
timeStep,numberOfRobotsOnBlackSite,numberOfRobotsOnWhiteSite
30019,25,19
timeStep,numberOfRobotsOnBlackSite,numberOfRobotsOnWhiteSite
30020,25,18
timeStep,numberOfRobotsOnBlackSite,numberOfRobotsOnWhiteSite
30021,25,18
timeStep,numberOfRobotsOnBlackSite,numberOfRobotsOnWhiteSite
30022,25,18
timeStep,numberOfRobotsOnBlackSite,numberOfRobotsOnWhiteSite
30023,25,18
timeStep,numberOfRobotsOnBlackSite,numberOfRobotsOnWhiteSite
30024,25,18
timeStep,numberOfRobotsOnBlackSite,numberOfRobotsOnWhiteSite
30025,25,18
timeStep,numberOfRobotsOnBlackSite,numberOfRobotsOnWhiteSite
30026,25,18
timeStep,numberOfRobotsOnBlackSite,numberOfRobotsOnWhiteSite
30027,25,18
timeStep,numberOfRobotsOnBlackSite,numberOfRobotsOnWhiteSite
30028,25,18
timeStep,numberOfRobotsOnBlackSite,numberOfRobotsOnWhiteSite
30029,25,18
timeStep,numberOfRobotsOnBlackSite,numberOfRobotsOnWhiteSite
30030,25,18
timeStep,numberOfRobotsOnBlackSite,numberOfRobotsOnWhiteSite
30031,25,18
timeStep,numberOfRobotsOnBlackSite,numberOfRobotsOnWhiteSite
30032,25,18
timeStep,numberOfRobotsOnBlackSite,numberOfRobotsOnWhiteSite
30033,25,18
timeStep,numberOfRobotsOnBlackSite,numberOfRobotsOnWhiteSite
30034,25,18
timeStep,numberOfRobotsOnBlackSite,numberOfRobotsOnWhiteSite
30035,25,18
timeStep,numberOfRobotsOnBlackSite,numberOfRobotsOnWhiteSite
30036,25,18
timeStep,numberOfRobotsOnBlackSite,numberOfRobotsOnWhiteSite
30037,25,18
timeStep,numberOfRobotsOnBlackSite,numberOfRobotsOnWhiteSite
30038,25,18
timeStep,numberOfRobotsOnBlackSite,numberOfRobotsOnWhiteSite
30039,25,18
timeStep,numberOfRobotsOnBlackSite,numberOfRobotsOnWhiteSite
30040,25,19
timeStep,numberOfRobotsOnBlackSite,numberOfRobotsOnWhiteSite
30041,25,19
timeStep,numberOfRobotsOnBlackSite,numberOfRobotsOnWhiteSite
30042,25,19
timeStep,numberOfRobotsOnBlackSite,numberOfRobotsOnWhiteSite
30043,25,19
timeStep,numberOfRobotsOnBlackSite,numberOfRobotsOnWhiteSite
30044,25,19
timeStep,numberOfRobotsOnBlackSite,numberOfRobotsOnWhiteSite
30045,25,19
timeStep,numberOfRobotsOnBlackSite,numberOfRobotsOnWhiteSite
30046,25,19
timeStep,numberOfRobotsOnBlackSite,numberOfRobotsOnWhiteSite
30047,25,19
timeStep,numberOfRobotsOnBlackSite,numberOfRobotsOnWhiteSite
30048,25,19
timeStep,numberOfRobotsOnBlackSite,numberOfRobotsOnWhiteSite
30049,25,19
timeStep,numberOfRobotsOnBlackSite,numberOfRobotsOnWhiteSite
30050,25,19
timeStep,numberOfRobotsOnBlackSite,numberOfRobotsOnWhiteSite
30051,25,19
timeStep,numberOfRobotsOnBlackSite,numberOfRobotsOnWhiteSite
30052,25,19
timeStep,numberOfRobotsOnBlackSite,numberOfRobotsOnWhiteSite
30053,25,19
timeStep,numberOfRobotsOnBlackSite,numberOfRobotsOnWhiteSite
30054,25,19
timeStep,numberOfRobotsOnBlackSite,numberOfRobotsOnWhiteSite
30055,25,19
timeStep,numberOfRobotsOnBlackSite,numberOfRobotsOnWhiteSite
30056,25,19
timeStep,numberOfRobotsOnBlackSite,numberOfRobotsOnWhiteSite
30057,25,19
timeStep,numberOfRobotsOnBlackSite,numberOfRobotsOnWhiteSite
30058,25,19
timeStep,numberOfRobotsOnBlackSite,numberOfRobotsOnWhiteSite
30059,25,19
timeStep,numberOfRobotsOnBlackSite,numberOfRobotsOnWhiteSite
30060,25,19
timeStep,numberOfRobotsOnBlackSite,numberOfRobotsOnWhiteSite
30061,25,19
timeStep,numberOfRobotsOnBlackSite,numberOfRobotsOnWhiteSite
30062,25,19
timeStep,numberOfRobotsOnBlackSite,numberOfRobotsOnWhiteSite
30063,25,19
timeStep,numberOfRobotsOnBlackSite,numberOfRobotsOnWhiteSite
30064,25,19
timeStep,numberOfRobotsOnBlackSite,numberOfRobotsOnWhiteSite
30065,25,19
timeStep,numberOfRobotsOnBlackSite,numberOfRobotsOnWhiteSite
30066,25,19
timeStep,numberOfRobotsOnBlackSite,numberOfRobotsOnWhiteSite
30067,25,19
timeStep,numberOfRobotsOnBlackSite,numberOfRobotsOnWhiteSite
30068,25,19
timeStep,numberOfRobotsOnBlackSite,numberOfRobotsOnWhiteSite
30069,25,19
timeStep,numberOfRobotsOnBlackSite,numberOfRobotsOnWhiteSite
30070,25,19
timeStep,numberOfRobotsOnBlackSite,numberOfRobotsOnWhiteSite
30071,25,19
timeStep,numberOfRobotsOnBlackSite,numberOfRobotsOnWhiteSite
30072,25,19
timeStep,numberOfRobotsOnBlackSite,numberOfRobotsOnWhiteSite
30073,25,19
timeStep,numberOfRobotsOnBlackSite,numberOfRobotsOnWhiteSite
30074,25,19
timeStep,numberOfRobotsOnBlackSite,numberOfRobotsOnWhiteSite
30075,25,19
timeStep,numberOfRobotsOnBlackSite,numberOfRobotsOnWhiteSite
30076,25,19
timeStep,numberOfRobotsOnBlackSite,numberOfRobotsOnWhiteSite
30077,25,19
timeStep,numberOfRobotsOnBlackSite,numberOfRobotsOnWhiteSite
30078,25,19
timeStep,numberOfRobotsOnBlackSite,numberOfRobotsOnWhiteSite
30079,25,19
timeStep,numberOfRobotsOnBlackSite,numberOfRobotsOnWhiteSite
30080,25,19
timeStep,numberOfRobotsOnBlackSite,numberOfRobotsOnWhiteSite
30081,25,19
timeStep,numberOfRobotsOnBlackSite,numberOfRobotsOnWhiteSite
30082,25,19
timeStep,numberOfRobotsOnBlackSite,numberOfRobotsOnWhiteSite
30083,25,19
timeStep,numberOfRobotsOnBlackSite,numberOfRobotsOnWhiteSite
30084,25,19
timeStep,numberOfRobotsOnBlackSite,numberOfRobotsOnWhiteSite
30085,25,19
timeStep,numberOfRobotsOnBlackSite,numberOfRobotsOnWhiteSite
30086,25,19
timeStep,numberOfRobotsOnBlackSite,numberOfRobotsOnWhiteSite
30087,25,19
timeStep,numberOfRobotsOnBlackSite,numberOfRobotsOnWhiteSite
30088,25,19
timeStep,numberOfRobotsOnBlackSite,numberOfRobotsOnWhiteSite
30089,25,19
timeStep,numberOfRobotsOnBlackSite,numberOfRobotsOnWhiteSite
30090,25,19
timeStep,numberOfRobotsOnBlackSite,numberOfRobotsOnWhiteSite
30091,25,19
timeStep,numberOfRobotsOnBlackSite,numberOfRobotsOnWhiteSite
30092,25,19
timeStep,numberOfRobotsOnBlackSite,numberOfRobotsOnWhiteSite
30093,25,19
timeStep,numberOfRobotsOnBlackSite,numberOfRobotsOnWhiteSite
30094,25,19
timeStep,numberOfRobotsOnBlackSite,numberOfRobotsOnWhiteSite
30095,25,19
timeStep,numberOfRobotsOnBlackSite,numberOfRobotsOnWhiteSite
30096,25,19
timeStep,numberOfRobotsOnBlackSite,numberOfRobotsOnWhiteSite
30097,25,19
timeStep,numberOfRobotsOnBlackSite,numberOfRobotsOnWhiteSite
30098,25,19
timeStep,numberOfRobotsOnBlackSite,numberOfRobotsOnWhiteSite
30099,25,19
timeStep,numberOfRobotsOnBlackSite,numberOfRobotsOnWhiteSite
30100,25,19
timeStep,numberOfRobotsOnBlackSite,numberOfRobotsOnWhiteSite
30101,25,19
timeStep,numberOfRobotsOnBlackSite,numberOfRobotsOnWhiteSite
30102,25,19
timeStep,numberOfRobotsOnBlackSite,numberOfRobotsOnWhiteSite
30103,25,19
timeStep,numberOfRobotsOnBlackSite,numberOfRobotsOnWhiteSite
30104,25,19
timeStep,numberOfRobotsOnBlackSite,numberOfRobotsOnWhiteSite
30105,25,19
timeStep,numberOfRobotsOnBlackSite,numberOfRobotsOnWhiteSite
30106,25,19
timeStep,numberOfRobotsOnBlackSite,numberOfRobotsOnWhiteSite
30107,25,19
timeStep,numberOfRobotsOnBlackSite,numberOfRobotsOnWhiteSite
30108,25,19
timeStep,numberOfRobotsOnBlackSite,numberOfRobotsOnWhiteSite
30109,25,19
timeStep,numberOfRobotsOnBlackSite,numberOfRobotsOnWhiteSite
30110,26,18
timeStep,numberOfRobotsOnBlackSite,numberOfRobotsOnWhiteSite
30111,26,18
timeStep,numberOfRobotsOnBlackSite,numberOfRobotsOnWhiteSite
30112,26,18
timeStep,numberOfRobotsOnBlackSite,numberOfRobotsOnWhiteSite
30113,26,18
timeStep,numberOfRobotsOnBlackSite,numberOfRobotsOnWhiteSite
30114,26,18
timeStep,numberOfRobotsOnBlackSite,numberOfRobotsOnWhiteSite
30115,25,18
timeStep,numberOfRobotsOnBlackSite,numberOfRobotsOnWhiteSite
30116,25,18
timeStep,numberOfRobotsOnBlackSite,numberOfRobotsOnWhiteSite
30117,25,18
timeStep,numberOfRobotsOnBlackSite,numberOfRobotsOnWhiteSite
30118,25,18
timeStep,numberOfRobotsOnBlackSite,numberOfRobotsOnWhiteSite
30119,25,18
timeStep,numberOfRobotsOnBlackSite,numberOfRobotsOnWhiteSite
30120,25,18
timeStep,numberOfRobotsOnBlackSite,numberOfRobotsOnWhiteSite
30121,25,18
timeStep,numberOfRobotsOnBlackSite,numberOfRobotsOnWhiteSite
30122,25,18
timeStep,numberOfRobotsOnBlackSite,numberOfRobotsOnWhiteSite
30123,25,18
timeStep,numberOfRobotsOnBlackSite,numberOfRobotsOnWhiteSite
30124,25,18
timeStep,numberOfRobotsOnBlackSite,numberOfRobotsOnWhiteSite
30125,25,18
timeStep,numberOfRobotsOnBlackSite,numberOfRobotsOnWhiteSite
30126,25,18
timeStep,numberOfRobotsOnBlackSite,numberOfRobotsOnWhiteSite
30127,25,18
timeStep,numberOfRobotsOnBlackSite,numberOfRobotsOnWhiteSite
30128,25,18
timeStep,numberOfRobotsOnBlackSite,numberOfRobotsOnWhiteSite
30129,25,18
timeStep,numberOfRobotsOnBlackSite,numberOfRobotsOnWhiteSite
30130,26,18
timeStep,numberOfRobotsOnBlackSite,numberOfRobotsOnWhiteSite
30131,26,18
timeStep,numberOfRobotsOnBlackSite,numberOfRobotsOnWhiteSite
30132,26,18
timeStep,numberOfRobotsOnBlackSite,numberOfRobotsOnWhiteSite
30133,26,18
timeStep,numberOfRobotsOnBlackSite,numberOfRobotsOnWhiteSite
30134,26,18
timeStep,numberOfRobotsOnBlackSite,numberOfRobotsOnWhiteSite
30135,26,18
timeStep,numberOfRobotsOnBlackSite,numberOfRobotsOnWhiteSite
30136,26,18
timeStep,numberOfRobotsOnBlackSite,numberOfRobotsOnWhiteSite
30137,26,18
timeStep,numberOfRobotsOnBlackSite,numberOfRobotsOnWhiteSite
30138,26,18
timeStep,numberOfRobotsOnBlackSite,numberOfRobotsOnWhiteSite
30139,26,18
timeStep,numberOfRobotsOnBlackSite,numberOfRobotsOnWhiteSite
30140,26,18
timeStep,numberOfRobotsOnBlackSite,numberOfRobotsOnWhiteSite
30141,26,18
timeStep,numberOfRobotsOnBlackSite,numberOfRobotsOnWhiteSite
30142,26,18
timeStep,numberOfRobotsOnBlackSite,numberOfRobotsOnWhiteSite
30143,26,18
timeStep,numberOfRobotsOnBlackSite,numberOfRobotsOnWhiteSite
30144,26,18
timeStep,numberOfRobotsOnBlackSite,numberOfRobotsOnWhiteSite
30145,26,18
timeStep,numberOfRobotsOnBlackSite,numberOfRobotsOnWhiteSite
30146,26,18
timeStep,numberOfRobotsOnBlackSite,numberOfRobotsOnWhiteSite
30147,26,18
timeStep,numberOfRobotsOnBlackSite,numberOfRobotsOnWhiteSite
30148,26,18
timeStep,numberOfRobotsOnBlackSite,numberOfRobotsOnWhiteSite
30149,26,18
timeStep,numberOfRobotsOnBlackSite,numberOfRobotsOnWhiteSite
30150,26,18
timeStep,numberOfRobotsOnBlackSite,numberOfRobotsOnWhiteSite
30151,26,18
timeStep,numberOfRobotsOnBlackSite,numberOfRobotsOnWhiteSite
30152,26,18
timeStep,numberOfRobotsOnBlackSite,numberOfRobotsOnWhiteSite
30153,26,18
timeStep,numberOfRobotsOnBlackSite,numberOfRobotsOnWhiteSite
30154,26,18
timeStep,numberOfRobotsOnBlackSite,numberOfRobotsOnWhiteSite
30155,26,19
timeStep,numberOfRobotsOnBlackSite,numberOfRobotsOnWhiteSite
30156,26,19
timeStep,numberOfRobotsOnBlackSite,numberOfRobotsOnWhiteSite
30157,26,19
timeStep,numberOfRobotsOnBlackSite,numberOfRobotsOnWhiteSite
30158,26,19
timeStep,numberOfRobotsOnBlackSite,numberOfRobotsOnWhiteSite
30159,26,19
timeStep,numberOfRobotsOnBlackSite,numberOfRobotsOnWhiteSite
30160,26,19
timeStep,numberOfRobotsOnBlackSite,numberOfRobotsOnWhiteSite
30161,26,19
timeStep,numberOfRobotsOnBlackSite,numberOfRobotsOnWhiteSite
30162,26,19
timeStep,numberOfRobotsOnBlackSite,numberOfRobotsOnWhiteSite
30163,26,19
timeStep,numberOfRobotsOnBlackSite,numberOfRobotsOnWhiteSite
30164,26,19
timeStep,numberOfRobotsOnBlackSite,numberOfRobotsOnWhiteSite
30165,26,19
timeStep,numberOfRobotsOnBlackSite,numberOfRobotsOnWhiteSite
30166,26,19
timeStep,numberOfRobotsOnBlackSite,numberOfRobotsOnWhiteSite
30167,26,19
timeStep,numberOfRobotsOnBlackSite,numberOfRobotsOnWhiteSite
30168,26,19
timeStep,numberOfRobotsOnBlackSite,numberOfRobotsOnWhiteSite
30169,26,19
timeStep,numberOfRobotsOnBlackSite,numberOfRobotsOnWhiteSite
30170,26,19
timeStep,numberOfRobotsOnBlackSite,numberOfRobotsOnWhiteSite
30171,26,19
timeStep,numberOfRobotsOnBlackSite,numberOfRobotsOnWhiteSite
30172,26,19
timeStep,numberOfRobotsOnBlackSite,numberOfRobotsOnWhiteSite
30173,26,19
timeStep,numberOfRobotsOnBlackSite,numberOfRobotsOnWhiteSite
30174,26,19
timeStep,numberOfRobotsOnBlackSite,numberOfRobotsOnWhiteSite
30175,26,19
timeStep,numberOfRobotsOnBlackSite,numberOfRobotsOnWhiteSite
30176,26,19
timeStep,numberOfRobotsOnBlackSite,numberOfRobotsOnWhiteSite
30177,26,19
timeStep,numberOfRobotsOnBlackSite,numberOfRobotsOnWhiteSite
30178,26,19
timeStep,numberOfRobotsOnBlackSite,numberOfRobotsOnWhiteSite
30179,26,19
timeStep,numberOfRobotsOnBlackSite,numberOfRobotsOnWhiteSite
30180,26,19
timeStep,numberOfRobotsOnBlackSite,numberOfRobotsOnWhiteSite
30181,26,19
timeStep,numberOfRobotsOnBlackSite,numberOfRobotsOnWhiteSite
30182,26,19
timeStep,numberOfRobotsOnBlackSite,numberOfRobotsOnWhiteSite
30183,26,19
timeStep,numberOfRobotsOnBlackSite,numberOfRobotsOnWhiteSite
30184,26,19
timeStep,numberOfRobotsOnBlackSite,numberOfRobotsOnWhiteSite
30185,26,19
timeStep,numberOfRobotsOnBlackSite,numberOfRobotsOnWhiteSite
30186,26,19
timeStep,numberOfRobotsOnBlackSite,numberOfRobotsOnWhiteSite
30187,26,19
timeStep,numberOfRobotsOnBlackSite,numberOfRobotsOnWhiteSite
30188,26,19
timeStep,numberOfRobotsOnBlackSite,numberOfRobotsOnWhiteSite
30189,26,19
timeStep,numberOfRobotsOnBlackSite,numberOfRobotsOnWhiteSite
30190,27,19
timeStep,numberOfRobotsOnBlackSite,numberOfRobotsOnWhiteSite
30191,27,19
timeStep,numberOfRobotsOnBlackSite,numberOfRobotsOnWhiteSite
30192,27,19
timeStep,numberOfRobotsOnBlackSite,numberOfRobotsOnWhiteSite
30193,27,19
timeStep,numberOfRobotsOnBlackSite,numberOfRobotsOnWhiteSite
30194,27,19
timeStep,numberOfRobotsOnBlackSite,numberOfRobotsOnWhiteSite
30195,27,19
timeStep,numberOfRobotsOnBlackSite,numberOfRobotsOnWhiteSite
30196,27,19
timeStep,numberOfRobotsOnBlackSite,numberOfRobotsOnWhiteSite
30197,27,19
timeStep,numberOfRobotsOnBlackSite,numberOfRobotsOnWhiteSite
30198,27,19
timeStep,numberOfRobotsOnBlackSite,numberOfRobotsOnWhiteSite
30199,27,19
timeStep,numberOfRobotsOnBlackSite,numberOfRobotsOnWhiteSite
30200,27,20
timeStep,numberOfRobotsOnBlackSite,numberOfRobotsOnWhiteSite
30201,27,20
timeStep,numberOfRobotsOnBlackSite,numberOfRobotsOnWhiteSite
30202,27,20
timeStep,numberOfRobotsOnBlackSite,numberOfRobotsOnWhiteSite
30203,27,20
timeStep,numberOfRobotsOnBlackSite,numberOfRobotsOnWhiteSite
30204,27,20
timeStep,numberOfRobotsOnBlackSite,numberOfRobotsOnWhiteSite
30205,27,20
timeStep,numberOfRobotsOnBlackSite,numberOfRobotsOnWhiteSite
30206,27,20
timeStep,numberOfRobotsOnBlackSite,numberOfRobotsOnWhiteSite
30207,27,20
timeStep,numberOfRobotsOnBlackSite,numberOfRobotsOnWhiteSite
30208,27,20
timeStep,numberOfRobotsOnBlackSite,numberOfRobotsOnWhiteSite
30209,27,20
timeStep,numberOfRobotsOnBlackSite,numberOfRobotsOnWhiteSite
30210,27,20
timeStep,numberOfRobotsOnBlackSite,numberOfRobotsOnWhiteSite
30211,27,20
timeStep,numberOfRobotsOnBlackSite,numberOfRobotsOnWhiteSite
30212,27,20
timeStep,numberOfRobotsOnBlackSite,numberOfRobotsOnWhiteSite
30213,27,20
timeStep,numberOfRobotsOnBlackSite,numberOfRobotsOnWhiteSite
30214,27,20
timeStep,numberOfRobotsOnBlackSite,numberOfRobotsOnWhiteSite
30215,27,20
timeStep,numberOfRobotsOnBlackSite,numberOfRobotsOnWhiteSite
30216,27,20
timeStep,numberOfRobotsOnBlackSite,numberOfRobotsOnWhiteSite
30217,27,20
timeStep,numberOfRobotsOnBlackSite,numberOfRobotsOnWhiteSite
30218,27,20
timeStep,numberOfRobotsOnBlackSite,numberOfRobotsOnWhiteSite
30219,27,20
timeStep,numberOfRobotsOnBlackSite,numberOfRobotsOnWhiteSite
30220,27,20
timeStep,numberOfRobotsOnBlackSite,numberOfRobotsOnWhiteSite
30221,27,20
timeStep,numberOfRobotsOnBlackSite,numberOfRobotsOnWhiteSite
30222,27,20
timeStep,numberOfRobotsOnBlackSite,numberOfRobotsOnWhiteSite
30223,27,20
timeStep,numberOfRobotsOnBlackSite,numberOfRobotsOnWhiteSite
30224,27,20
timeStep,numberOfRobotsOnBlackSite,numberOfRobotsOnWhiteSite
30225,27,20
timeStep,numberOfRobotsOnBlackSite,numberOfRobotsOnWhiteSite
30226,27,20
timeStep,numberOfRobotsOnBlackSite,numberOfRobotsOnWhiteSite
30227,27,20
timeStep,numberOfRobotsOnBlackSite,numberOfRobotsOnWhiteSite
30228,27,20
timeStep,numberOfRobotsOnBlackSite,numberOfRobotsOnWhiteSite
30229,27,20
timeStep,numberOfRobotsOnBlackSite,numberOfRobotsOnWhiteSite
30230,27,20
timeStep,numberOfRobotsOnBlackSite,numberOfRobotsOnWhiteSite
30231,27,20
timeStep,numberOfRobotsOnBlackSite,numberOfRobotsOnWhiteSite
30232,27,20
timeStep,numberOfRobotsOnBlackSite,numberOfRobotsOnWhiteSite
30233,27,20
timeStep,numberOfRobotsOnBlackSite,numberOfRobotsOnWhiteSite
30234,27,20
timeStep,numberOfRobotsOnBlackSite,numberOfRobotsOnWhiteSite
30235,27,20
timeStep,numberOfRobotsOnBlackSite,numberOfRobotsOnWhiteSite
30236,27,20
timeStep,numberOfRobotsOnBlackSite,numberOfRobotsOnWhiteSite
30237,27,20
timeStep,numberOfRobotsOnBlackSite,numberOfRobotsOnWhiteSite
30238,27,20
timeStep,numberOfRobotsOnBlackSite,numberOfRobotsOnWhiteSite
30239,27,20
timeStep,numberOfRobotsOnBlackSite,numberOfRobotsOnWhiteSite
30240,27,20
timeStep,numberOfRobotsOnBlackSite,numberOfRobotsOnWhiteSite
30241,27,20
timeStep,numberOfRobotsOnBlackSite,numberOfRobotsOnWhiteSite
30242,27,20
timeStep,numberOfRobotsOnBlackSite,numberOfRobotsOnWhiteSite
30243,27,20
timeStep,numberOfRobotsOnBlackSite,numberOfRobotsOnWhiteSite
30244,27,20
timeStep,numberOfRobotsOnBlackSite,numberOfRobotsOnWhiteSite
30245,27,20
timeStep,numberOfRobotsOnBlackSite,numberOfRobotsOnWhiteSite
30246,27,20
timeStep,numberOfRobotsOnBlackSite,numberOfRobotsOnWhiteSite
30247,27,20
timeStep,numberOfRobotsOnBlackSite,numberOfRobotsOnWhiteSite
30248,27,20
timeStep,numberOfRobotsOnBlackSite,numberOfRobotsOnWhiteSite
30249,27,20
timeStep,numberOfRobotsOnBlackSite,numberOfRobotsOnWhiteSite
30250,27,20
timeStep,numberOfRobotsOnBlackSite,numberOfRobotsOnWhiteSite
30251,27,20
timeStep,numberOfRobotsOnBlackSite,numberOfRobotsOnWhiteSite
30252,27,20
timeStep,numberOfRobotsOnBlackSite,numberOfRobotsOnWhiteSite
30253,27,20
timeStep,numberOfRobotsOnBlackSite,numberOfRobotsOnWhiteSite
30254,27,20
timeStep,numberOfRobotsOnBlackSite,numberOfRobotsOnWhiteSite
30255,27,20
timeStep,numberOfRobotsOnBlackSite,numberOfRobotsOnWhiteSite
30256,27,20
timeStep,numberOfRobotsOnBlackSite,numberOfRobotsOnWhiteSite
30257,27,20
timeStep,numberOfRobotsOnBlackSite,numberOfRobotsOnWhiteSite
30258,27,20
timeStep,numberOfRobotsOnBlackSite,numberOfRobotsOnWhiteSite
30259,27,20
timeStep,numberOfRobotsOnBlackSite,numberOfRobotsOnWhiteSite
30260,27,20
timeStep,numberOfRobotsOnBlackSite,numberOfRobotsOnWhiteSite
30261,27,20
timeStep,numberOfRobotsOnBlackSite,numberOfRobotsOnWhiteSite
30262,27,20
timeStep,numberOfRobotsOnBlackSite,numberOfRobotsOnWhiteSite
30263,27,20
timeStep,numberOfRobotsOnBlackSite,numberOfRobotsOnWhiteSite
30264,27,20
timeStep,numberOfRobotsOnBlackSite,numberOfRobotsOnWhiteSite
30265,27,20
timeStep,numberOfRobotsOnBlackSite,numberOfRobotsOnWhiteSite
30266,27,20
timeStep,numberOfRobotsOnBlackSite,numberOfRobotsOnWhiteSite
30267,27,20
timeStep,numberOfRobotsOnBlackSite,numberOfRobotsOnWhiteSite
30268,27,20
timeStep,numberOfRobotsOnBlackSite,numberOfRobotsOnWhiteSite
30269,27,20
timeStep,numberOfRobotsOnBlackSite,numberOfRobotsOnWhiteSite
30270,27,20
timeStep,numberOfRobotsOnBlackSite,numberOfRobotsOnWhiteSite
30271,27,20
timeStep,numberOfRobotsOnBlackSite,numberOfRobotsOnWhiteSite
30272,27,20
timeStep,numberOfRobotsOnBlackSite,numberOfRobotsOnWhiteSite
30273,27,20
timeStep,numberOfRobotsOnBlackSite,numberOfRobotsOnWhiteSite
30274,27,20
timeStep,numberOfRobotsOnBlackSite,numberOfRobotsOnWhiteSite
30275,27,20
timeStep,numberOfRobotsOnBlackSite,numberOfRobotsOnWhiteSite
30276,27,20
timeStep,numberOfRobotsOnBlackSite,numberOfRobotsOnWhiteSite
30277,27,20
timeStep,numberOfRobotsOnBlackSite,numberOfRobotsOnWhiteSite
30278,27,20
timeStep,numberOfRobotsOnBlackSite,numberOfRobotsOnWhiteSite
30279,27,20
timeStep,numberOfRobotsOnBlackSite,numberOfRobotsOnWhiteSite
30280,27,20
timeStep,numberOfRobotsOnBlackSite,numberOfRobotsOnWhiteSite
30281,27,20
timeStep,numberOfRobotsOnBlackSite,numberOfRobotsOnWhiteSite
30282,27,20
timeStep,numberOfRobotsOnBlackSite,numberOfRobotsOnWhiteSite
30283,27,20
timeStep,numberOfRobotsOnBlackSite,numberOfRobotsOnWhiteSite
30284,27,20
timeStep,numberOfRobotsOnBlackSite,numberOfRobotsOnWhiteSite
30285,27,19
timeStep,numberOfRobotsOnBlackSite,numberOfRobotsOnWhiteSite
30286,27,19
timeStep,numberOfRobotsOnBlackSite,numberOfRobotsOnWhiteSite
30287,27,19
timeStep,numberOfRobotsOnBlackSite,numberOfRobotsOnWhiteSite
30288,27,19
timeStep,numberOfRobotsOnBlackSite,numberOfRobotsOnWhiteSite
30289,27,19
timeStep,numberOfRobotsOnBlackSite,numberOfRobotsOnWhiteSite
30290,27,19
timeStep,numberOfRobotsOnBlackSite,numberOfRobotsOnWhiteSite
30291,27,19
timeStep,numberOfRobotsOnBlackSite,numberOfRobotsOnWhiteSite
30292,27,19
timeStep,numberOfRobotsOnBlackSite,numberOfRobotsOnWhiteSite
30293,27,19
timeStep,numberOfRobotsOnBlackSite,numberOfRobotsOnWhiteSite
30294,27,19
timeStep,numberOfRobotsOnBlackSite,numberOfRobotsOnWhiteSite
30295,27,19
timeStep,numberOfRobotsOnBlackSite,numberOfRobotsOnWhiteSite
30296,27,19
timeStep,numberOfRobotsOnBlackSite,numberOfRobotsOnWhiteSite
30297,27,19
timeStep,numberOfRobotsOnBlackSite,numberOfRobotsOnWhiteSite
30298,27,19
timeStep,numberOfRobotsOnBlackSite,numberOfRobotsOnWhiteSite
30299,27,19
timeStep,numberOfRobotsOnBlackSite,numberOfRobotsOnWhiteSite
30300,27,19
timeStep,numberOfRobotsOnBlackSite,numberOfRobotsOnWhiteSite
30301,27,19
timeStep,numberOfRobotsOnBlackSite,numberOfRobotsOnWhiteSite
30302,27,19
timeStep,numberOfRobotsOnBlackSite,numberOfRobotsOnWhiteSite
30303,27,19
timeStep,numberOfRobotsOnBlackSite,numberOfRobotsOnWhiteSite
30304,27,19
timeStep,numberOfRobotsOnBlackSite,numberOfRobotsOnWhiteSite
30305,27,19
timeStep,numberOfRobotsOnBlackSite,numberOfRobotsOnWhiteSite
30306,27,19
timeStep,numberOfRobotsOnBlackSite,numberOfRobotsOnWhiteSite
30307,27,19
timeStep,numberOfRobotsOnBlackSite,numberOfRobotsOnWhiteSite
30308,27,19
timeStep,numberOfRobotsOnBlackSite,numberOfRobotsOnWhiteSite
30309,27,19
timeStep,numberOfRobotsOnBlackSite,numberOfRobotsOnWhiteSite
30310,27,19
timeStep,numberOfRobotsOnBlackSite,numberOfRobotsOnWhiteSite
30311,27,19
timeStep,numberOfRobotsOnBlackSite,numberOfRobotsOnWhiteSite
30312,27,19
timeStep,numberOfRobotsOnBlackSite,numberOfRobotsOnWhiteSite
30313,27,19
timeStep,numberOfRobotsOnBlackSite,numberOfRobotsOnWhiteSite
30314,27,19
timeStep,numberOfRobotsOnBlackSite,numberOfRobotsOnWhiteSite
30315,27,19
timeStep,numberOfRobotsOnBlackSite,numberOfRobotsOnWhiteSite
30316,27,19
timeStep,numberOfRobotsOnBlackSite,numberOfRobotsOnWhiteSite
30317,27,19
timeStep,numberOfRobotsOnBlackSite,numberOfRobotsOnWhiteSite
30318,27,19
timeStep,numberOfRobotsOnBlackSite,numberOfRobotsOnWhiteSite
30319,27,19
timeStep,numberOfRobotsOnBlackSite,numberOfRobotsOnWhiteSite
30320,27,19
timeStep,numberOfRobotsOnBlackSite,numberOfRobotsOnWhiteSite
30321,27,19
timeStep,numberOfRobotsOnBlackSite,numberOfRobotsOnWhiteSite
30322,27,19
timeStep,numberOfRobotsOnBlackSite,numberOfRobotsOnWhiteSite
30323,27,19
timeStep,numberOfRobotsOnBlackSite,numberOfRobotsOnWhiteSite
30324,27,19
timeStep,numberOfRobotsOnBlackSite,numberOfRobotsOnWhiteSite
30325,27,19
timeStep,numberOfRobotsOnBlackSite,numberOfRobotsOnWhiteSite
30326,27,19
timeStep,numberOfRobotsOnBlackSite,numberOfRobotsOnWhiteSite
30327,27,19
timeStep,numberOfRobotsOnBlackSite,numberOfRobotsOnWhiteSite
30328,27,19
timeStep,numberOfRobotsOnBlackSite,numberOfRobotsOnWhiteSite
30329,27,19
timeStep,numberOfRobotsOnBlackSite,numberOfRobotsOnWhiteSite
30330,27,19
timeStep,numberOfRobotsOnBlackSite,numberOfRobotsOnWhiteSite
30331,27,19
timeStep,numberOfRobotsOnBlackSite,numberOfRobotsOnWhiteSite
30332,27,19
timeStep,numberOfRobotsOnBlackSite,numberOfRobotsOnWhiteSite
30333,27,19
timeStep,numberOfRobotsOnBlackSite,numberOfRobotsOnWhiteSite
30334,27,19
timeStep,numberOfRobotsOnBlackSite,numberOfRobotsOnWhiteSite
30335,27,19
timeStep,numberOfRobotsOnBlackSite,numberOfRobotsOnWhiteSite
30336,27,19
timeStep,numberOfRobotsOnBlackSite,numberOfRobotsOnWhiteSite
30337,27,19
timeStep,numberOfRobotsOnBlackSite,numberOfRobotsOnWhiteSite
30338,27,19
timeStep,numberOfRobotsOnBlackSite,numberOfRobotsOnWhiteSite
30339,27,19
timeStep,numberOfRobotsOnBlackSite,numberOfRobotsOnWhiteSite
30340,27,19
timeStep,numberOfRobotsOnBlackSite,numberOfRobotsOnWhiteSite
30341,27,19
timeStep,numberOfRobotsOnBlackSite,numberOfRobotsOnWhiteSite
30342,27,19
timeStep,numberOfRobotsOnBlackSite,numberOfRobotsOnWhiteSite
30343,27,19
timeStep,numberOfRobotsOnBlackSite,numberOfRobotsOnWhiteSite
30344,27,19
timeStep,numberOfRobotsOnBlackSite,numberOfRobotsOnWhiteSite
30345,27,19
timeStep,numberOfRobotsOnBlackSite,numberOfRobotsOnWhiteSite
30346,27,19
timeStep,numberOfRobotsOnBlackSite,numberOfRobotsOnWhiteSite
30347,27,19
timeStep,numberOfRobotsOnBlackSite,numberOfRobotsOnWhiteSite
30348,27,19
timeStep,numberOfRobotsOnBlackSite,numberOfRobotsOnWhiteSite
30349,27,19
timeStep,numberOfRobotsOnBlackSite,numberOfRobotsOnWhiteSite
30350,27,19
timeStep,numberOfRobotsOnBlackSite,numberOfRobotsOnWhiteSite
30351,27,19
timeStep,numberOfRobotsOnBlackSite,numberOfRobotsOnWhiteSite
30352,27,19
timeStep,numberOfRobotsOnBlackSite,numberOfRobotsOnWhiteSite
30353,27,19
timeStep,numberOfRobotsOnBlackSite,numberOfRobotsOnWhiteSite
30354,27,19
timeStep,numberOfRobotsOnBlackSite,numberOfRobotsOnWhiteSite
30355,27,19
timeStep,numberOfRobotsOnBlackSite,numberOfRobotsOnWhiteSite
30356,27,19
timeStep,numberOfRobotsOnBlackSite,numberOfRobotsOnWhiteSite
30357,27,19
timeStep,numberOfRobotsOnBlackSite,numberOfRobotsOnWhiteSite
30358,27,19
timeStep,numberOfRobotsOnBlackSite,numberOfRobotsOnWhiteSite
30359,27,19
timeStep,numberOfRobotsOnBlackSite,numberOfRobotsOnWhiteSite
30360,27,19
timeStep,numberOfRobotsOnBlackSite,numberOfRobotsOnWhiteSite
30361,27,19
timeStep,numberOfRobotsOnBlackSite,numberOfRobotsOnWhiteSite
30362,27,19
timeStep,numberOfRobotsOnBlackSite,numberOfRobotsOnWhiteSite
30363,27,19
timeStep,numberOfRobotsOnBlackSite,numberOfRobotsOnWhiteSite
30364,27,19
timeStep,numberOfRobotsOnBlackSite,numberOfRobotsOnWhiteSite
30365,27,19
timeStep,numberOfRobotsOnBlackSite,numberOfRobotsOnWhiteSite
30366,27,19
timeStep,numberOfRobotsOnBlackSite,numberOfRobotsOnWhiteSite
30367,27,19
timeStep,numberOfRobotsOnBlackSite,numberOfRobotsOnWhiteSite
30368,27,19
timeStep,numberOfRobotsOnBlackSite,numberOfRobotsOnWhiteSite
30369,27,19
timeStep,numberOfRobotsOnBlackSite,numberOfRobotsOnWhiteSite
30370,27,19
timeStep,numberOfRobotsOnBlackSite,numberOfRobotsOnWhiteSite
30371,27,19
timeStep,numberOfRobotsOnBlackSite,numberOfRobotsOnWhiteSite
30372,27,19
timeStep,numberOfRobotsOnBlackSite,numberOfRobotsOnWhiteSite
30373,27,19
timeStep,numberOfRobotsOnBlackSite,numberOfRobotsOnWhiteSite
30374,27,19
timeStep,numberOfRobotsOnBlackSite,numberOfRobotsOnWhiteSite
30375,27,19
timeStep,numberOfRobotsOnBlackSite,numberOfRobotsOnWhiteSite
30376,27,19
timeStep,numberOfRobotsOnBlackSite,numberOfRobotsOnWhiteSite
30377,27,19
timeStep,numberOfRobotsOnBlackSite,numberOfRobotsOnWhiteSite
30378,27,19
timeStep,numberOfRobotsOnBlackSite,numberOfRobotsOnWhiteSite
30379,27,19
timeStep,numberOfRobotsOnBlackSite,numberOfRobotsOnWhiteSite
30380,27,19
timeStep,numberOfRobotsOnBlackSite,numberOfRobotsOnWhiteSite
30381,27,19
timeStep,numberOfRobotsOnBlackSite,numberOfRobotsOnWhiteSite
30382,27,19
timeStep,numberOfRobotsOnBlackSite,numberOfRobotsOnWhiteSite
30383,27,19
timeStep,numberOfRobotsOnBlackSite,numberOfRobotsOnWhiteSite
30384,27,19
timeStep,numberOfRobotsOnBlackSite,numberOfRobotsOnWhiteSite
30385,27,19
timeStep,numberOfRobotsOnBlackSite,numberOfRobotsOnWhiteSite
30386,27,19
timeStep,numberOfRobotsOnBlackSite,numberOfRobotsOnWhiteSite
30387,27,19
timeStep,numberOfRobotsOnBlackSite,numberOfRobotsOnWhiteSite
30388,27,19
timeStep,numberOfRobotsOnBlackSite,numberOfRobotsOnWhiteSite
30389,27,19
timeStep,numberOfRobotsOnBlackSite,numberOfRobotsOnWhiteSite
30390,27,19
timeStep,numberOfRobotsOnBlackSite,numberOfRobotsOnWhiteSite
30391,27,19
timeStep,numberOfRobotsOnBlackSite,numberOfRobotsOnWhiteSite
30392,27,19
timeStep,numberOfRobotsOnBlackSite,numberOfRobotsOnWhiteSite
30393,27,19
timeStep,numberOfRobotsOnBlackSite,numberOfRobotsOnWhiteSite
30394,27,19
timeStep,numberOfRobotsOnBlackSite,numberOfRobotsOnWhiteSite
30395,27,19
timeStep,numberOfRobotsOnBlackSite,numberOfRobotsOnWhiteSite
30396,27,19
timeStep,numberOfRobotsOnBlackSite,numberOfRobotsOnWhiteSite
30397,27,19
timeStep,numberOfRobotsOnBlackSite,numberOfRobotsOnWhiteSite
30398,27,19
timeStep,numberOfRobotsOnBlackSite,numberOfRobotsOnWhiteSite
30399,27,19
timeStep,numberOfRobotsOnBlackSite,numberOfRobotsOnWhiteSite
30400,27,19
timeStep,numberOfRobotsOnBlackSite,numberOfRobotsOnWhiteSite
30401,27,19
timeStep,numberOfRobotsOnBlackSite,numberOfRobotsOnWhiteSite
30402,27,19
timeStep,numberOfRobotsOnBlackSite,numberOfRobotsOnWhiteSite
30403,27,19
timeStep,numberOfRobotsOnBlackSite,numberOfRobotsOnWhiteSite
30404,27,19
timeStep,numberOfRobotsOnBlackSite,numberOfRobotsOnWhiteSite
30405,27,19
timeStep,numberOfRobotsOnBlackSite,numberOfRobotsOnWhiteSite
30406,27,19
timeStep,numberOfRobotsOnBlackSite,numberOfRobotsOnWhiteSite
30407,27,19
timeStep,numberOfRobotsOnBlackSite,numberOfRobotsOnWhiteSite
30408,27,19
timeStep,numberOfRobotsOnBlackSite,numberOfRobotsOnWhiteSite
30409,27,19
timeStep,numberOfRobotsOnBlackSite,numberOfRobotsOnWhiteSite
30410,27,19
timeStep,numberOfRobotsOnBlackSite,numberOfRobotsOnWhiteSite
30411,27,19
timeStep,numberOfRobotsOnBlackSite,numberOfRobotsOnWhiteSite
30412,27,19
timeStep,numberOfRobotsOnBlackSite,numberOfRobotsOnWhiteSite
30413,27,19
timeStep,numberOfRobotsOnBlackSite,numberOfRobotsOnWhiteSite
30414,27,19
timeStep,numberOfRobotsOnBlackSite,numberOfRobotsOnWhiteSite
30415,27,19
timeStep,numberOfRobotsOnBlackSite,numberOfRobotsOnWhiteSite
30416,27,19
timeStep,numberOfRobotsOnBlackSite,numberOfRobotsOnWhiteSite
30417,27,19
timeStep,numberOfRobotsOnBlackSite,numberOfRobotsOnWhiteSite
30418,27,19
timeStep,numberOfRobotsOnBlackSite,numberOfRobotsOnWhiteSite
30419,27,19
timeStep,numberOfRobotsOnBlackSite,numberOfRobotsOnWhiteSite
30420,27,19
timeStep,numberOfRobotsOnBlackSite,numberOfRobotsOnWhiteSite
30421,27,19
timeStep,numberOfRobotsOnBlackSite,numberOfRobotsOnWhiteSite
30422,27,19
timeStep,numberOfRobotsOnBlackSite,numberOfRobotsOnWhiteSite
30423,27,19
timeStep,numberOfRobotsOnBlackSite,numberOfRobotsOnWhiteSite
30424,27,19
timeStep,numberOfRobotsOnBlackSite,numberOfRobotsOnWhiteSite
30425,27,19
timeStep,numberOfRobotsOnBlackSite,numberOfRobotsOnWhiteSite
30426,27,19
timeStep,numberOfRobotsOnBlackSite,numberOfRobotsOnWhiteSite
30427,27,19
timeStep,numberOfRobotsOnBlackSite,numberOfRobotsOnWhiteSite
30428,27,19
timeStep,numberOfRobotsOnBlackSite,numberOfRobotsOnWhiteSite
30429,27,19
timeStep,numberOfRobotsOnBlackSite,numberOfRobotsOnWhiteSite
30430,27,19
timeStep,numberOfRobotsOnBlackSite,numberOfRobotsOnWhiteSite
30431,27,19
timeStep,numberOfRobotsOnBlackSite,numberOfRobotsOnWhiteSite
30432,27,19
timeStep,numberOfRobotsOnBlackSite,numberOfRobotsOnWhiteSite
30433,27,19
timeStep,numberOfRobotsOnBlackSite,numberOfRobotsOnWhiteSite
30434,27,19
timeStep,numberOfRobotsOnBlackSite,numberOfRobotsOnWhiteSite
30435,27,19
timeStep,numberOfRobotsOnBlackSite,numberOfRobotsOnWhiteSite
30436,27,19
timeStep,numberOfRobotsOnBlackSite,numberOfRobotsOnWhiteSite
30437,27,19
timeStep,numberOfRobotsOnBlackSite,numberOfRobotsOnWhiteSite
30438,27,19
timeStep,numberOfRobotsOnBlackSite,numberOfRobotsOnWhiteSite
30439,27,19
timeStep,numberOfRobotsOnBlackSite,numberOfRobotsOnWhiteSite
30440,27,19
timeStep,numberOfRobotsOnBlackSite,numberOfRobotsOnWhiteSite
30441,27,19
timeStep,numberOfRobotsOnBlackSite,numberOfRobotsOnWhiteSite
30442,27,19
timeStep,numberOfRobotsOnBlackSite,numberOfRobotsOnWhiteSite
30443,27,19
timeStep,numberOfRobotsOnBlackSite,numberOfRobotsOnWhiteSite
30444,27,19
timeStep,numberOfRobotsOnBlackSite,numberOfRobotsOnWhiteSite
30445,27,19
timeStep,numberOfRobotsOnBlackSite,numberOfRobotsOnWhiteSite
30446,27,19
timeStep,numberOfRobotsOnBlackSite,numberOfRobotsOnWhiteSite
30447,27,19
timeStep,numberOfRobotsOnBlackSite,numberOfRobotsOnWhiteSite
30448,27,19
timeStep,numberOfRobotsOnBlackSite,numberOfRobotsOnWhiteSite
30449,27,19
timeStep,numberOfRobotsOnBlackSite,numberOfRobotsOnWhiteSite
30450,27,19
timeStep,numberOfRobotsOnBlackSite,numberOfRobotsOnWhiteSite
30451,27,19
timeStep,numberOfRobotsOnBlackSite,numberOfRobotsOnWhiteSite
30452,27,19
timeStep,numberOfRobotsOnBlackSite,numberOfRobotsOnWhiteSite
30453,27,19
timeStep,numberOfRobotsOnBlackSite,numberOfRobotsOnWhiteSite
30454,27,19
timeStep,numberOfRobotsOnBlackSite,numberOfRobotsOnWhiteSite
30455,27,19
timeStep,numberOfRobotsOnBlackSite,numberOfRobotsOnWhiteSite
30456,27,19
timeStep,numberOfRobotsOnBlackSite,numberOfRobotsOnWhiteSite
30457,27,19
timeStep,numberOfRobotsOnBlackSite,numberOfRobotsOnWhiteSite
30458,27,19
timeStep,numberOfRobotsOnBlackSite,numberOfRobotsOnWhiteSite
30459,27,19
timeStep,numberOfRobotsOnBlackSite,numberOfRobotsOnWhiteSite
30460,27,19
timeStep,numberOfRobotsOnBlackSite,numberOfRobotsOnWhiteSite
30461,27,19
timeStep,numberOfRobotsOnBlackSite,numberOfRobotsOnWhiteSite
30462,27,19
timeStep,numberOfRobotsOnBlackSite,numberOfRobotsOnWhiteSite
30463,27,19
timeStep,numberOfRobotsOnBlackSite,numberOfRobotsOnWhiteSite
30464,27,19
timeStep,numberOfRobotsOnBlackSite,numberOfRobotsOnWhiteSite
30465,27,19
timeStep,numberOfRobotsOnBlackSite,numberOfRobotsOnWhiteSite
30466,27,19
timeStep,numberOfRobotsOnBlackSite,numberOfRobotsOnWhiteSite
30467,27,19
timeStep,numberOfRobotsOnBlackSite,numberOfRobotsOnWhiteSite
30468,27,19
timeStep,numberOfRobotsOnBlackSite,numberOfRobotsOnWhiteSite
30469,27,19
timeStep,numberOfRobotsOnBlackSite,numberOfRobotsOnWhiteSite
30470,27,19
timeStep,numberOfRobotsOnBlackSite,numberOfRobotsOnWhiteSite
30471,27,19
timeStep,numberOfRobotsOnBlackSite,numberOfRobotsOnWhiteSite
30472,27,19
timeStep,numberOfRobotsOnBlackSite,numberOfRobotsOnWhiteSite
30473,27,19
timeStep,numberOfRobotsOnBlackSite,numberOfRobotsOnWhiteSite
30474,27,19
timeStep,numberOfRobotsOnBlackSite,numberOfRobotsOnWhiteSite
30475,27,19
timeStep,numberOfRobotsOnBlackSite,numberOfRobotsOnWhiteSite
30476,27,19
timeStep,numberOfRobotsOnBlackSite,numberOfRobotsOnWhiteSite
30477,27,19
timeStep,numberOfRobotsOnBlackSite,numberOfRobotsOnWhiteSite
30478,27,19
timeStep,numberOfRobotsOnBlackSite,numberOfRobotsOnWhiteSite
30479,27,19
timeStep,numberOfRobotsOnBlackSite,numberOfRobotsOnWhiteSite
30480,27,19
timeStep,numberOfRobotsOnBlackSite,numberOfRobotsOnWhiteSite
30481,27,19
timeStep,numberOfRobotsOnBlackSite,numberOfRobotsOnWhiteSite
30482,27,19
timeStep,numberOfRobotsOnBlackSite,numberOfRobotsOnWhiteSite
30483,27,19
timeStep,numberOfRobotsOnBlackSite,numberOfRobotsOnWhiteSite
30484,27,19
timeStep,numberOfRobotsOnBlackSite,numberOfRobotsOnWhiteSite
30485,27,19
timeStep,numberOfRobotsOnBlackSite,numberOfRobotsOnWhiteSite
30486,27,19
timeStep,numberOfRobotsOnBlackSite,numberOfRobotsOnWhiteSite
30487,27,19
timeStep,numberOfRobotsOnBlackSite,numberOfRobotsOnWhiteSite
30488,27,19
timeStep,numberOfRobotsOnBlackSite,numberOfRobotsOnWhiteSite
30489,27,19
timeStep,numberOfRobotsOnBlackSite,numberOfRobotsOnWhiteSite
30490,27,19
timeStep,numberOfRobotsOnBlackSite,numberOfRobotsOnWhiteSite
30491,27,19
timeStep,numberOfRobotsOnBlackSite,numberOfRobotsOnWhiteSite
30492,27,19
timeStep,numberOfRobotsOnBlackSite,numberOfRobotsOnWhiteSite
30493,27,19
timeStep,numberOfRobotsOnBlackSite,numberOfRobotsOnWhiteSite
30494,27,19
timeStep,numberOfRobotsOnBlackSite,numberOfRobotsOnWhiteSite
30495,26,19
timeStep,numberOfRobotsOnBlackSite,numberOfRobotsOnWhiteSite
30496,26,19
timeStep,numberOfRobotsOnBlackSite,numberOfRobotsOnWhiteSite
30497,26,19
timeStep,numberOfRobotsOnBlackSite,numberOfRobotsOnWhiteSite
30498,26,19
timeStep,numberOfRobotsOnBlackSite,numberOfRobotsOnWhiteSite
30499,26,19
timeStep,numberOfRobotsOnBlackSite,numberOfRobotsOnWhiteSite
30500,26,19
timeStep,numberOfRobotsOnBlackSite,numberOfRobotsOnWhiteSite
30501,26,19
timeStep,numberOfRobotsOnBlackSite,numberOfRobotsOnWhiteSite
30502,26,19
timeStep,numberOfRobotsOnBlackSite,numberOfRobotsOnWhiteSite
30503,26,19
timeStep,numberOfRobotsOnBlackSite,numberOfRobotsOnWhiteSite
30504,26,19
timeStep,numberOfRobotsOnBlackSite,numberOfRobotsOnWhiteSite
30505,26,19
timeStep,numberOfRobotsOnBlackSite,numberOfRobotsOnWhiteSite
30506,26,19
timeStep,numberOfRobotsOnBlackSite,numberOfRobotsOnWhiteSite
30507,26,19
timeStep,numberOfRobotsOnBlackSite,numberOfRobotsOnWhiteSite
30508,26,19
timeStep,numberOfRobotsOnBlackSite,numberOfRobotsOnWhiteSite
30509,26,19
timeStep,numberOfRobotsOnBlackSite,numberOfRobotsOnWhiteSite
30510,26,19
timeStep,numberOfRobotsOnBlackSite,numberOfRobotsOnWhiteSite
30511,26,19
timeStep,numberOfRobotsOnBlackSite,numberOfRobotsOnWhiteSite
30512,26,19
timeStep,numberOfRobotsOnBlackSite,numberOfRobotsOnWhiteSite
30513,26,19
timeStep,numberOfRobotsOnBlackSite,numberOfRobotsOnWhiteSite
30514,26,19
timeStep,numberOfRobotsOnBlackSite,numberOfRobotsOnWhiteSite
30515,26,19
timeStep,numberOfRobotsOnBlackSite,numberOfRobotsOnWhiteSite
30516,26,19
timeStep,numberOfRobotsOnBlackSite,numberOfRobotsOnWhiteSite
30517,26,19
timeStep,numberOfRobotsOnBlackSite,numberOfRobotsOnWhiteSite
30518,26,19
timeStep,numberOfRobotsOnBlackSite,numberOfRobotsOnWhiteSite
30519,26,19
timeStep,numberOfRobotsOnBlackSite,numberOfRobotsOnWhiteSite
30520,26,19
timeStep,numberOfRobotsOnBlackSite,numberOfRobotsOnWhiteSite
30521,26,19
timeStep,numberOfRobotsOnBlackSite,numberOfRobotsOnWhiteSite
30522,26,19
timeStep,numberOfRobotsOnBlackSite,numberOfRobotsOnWhiteSite
30523,26,19
timeStep,numberOfRobotsOnBlackSite,numberOfRobotsOnWhiteSite
30524,26,19
timeStep,numberOfRobotsOnBlackSite,numberOfRobotsOnWhiteSite
30525,26,19
timeStep,numberOfRobotsOnBlackSite,numberOfRobotsOnWhiteSite
30526,26,19
timeStep,numberOfRobotsOnBlackSite,numberOfRobotsOnWhiteSite
30527,26,19
timeStep,numberOfRobotsOnBlackSite,numberOfRobotsOnWhiteSite
30528,26,19
timeStep,numberOfRobotsOnBlackSite,numberOfRobotsOnWhiteSite
30529,26,19
timeStep,numberOfRobotsOnBlackSite,numberOfRobotsOnWhiteSite
30530,26,19
timeStep,numberOfRobotsOnBlackSite,numberOfRobotsOnWhiteSite
30531,26,19
timeStep,numberOfRobotsOnBlackSite,numberOfRobotsOnWhiteSite
30532,26,19
timeStep,numberOfRobotsOnBlackSite,numberOfRobotsOnWhiteSite
30533,26,19
timeStep,numberOfRobotsOnBlackSite,numberOfRobotsOnWhiteSite
30534,26,19
timeStep,numberOfRobotsOnBlackSite,numberOfRobotsOnWhiteSite
30535,26,19
timeStep,numberOfRobotsOnBlackSite,numberOfRobotsOnWhiteSite
30536,26,19
timeStep,numberOfRobotsOnBlackSite,numberOfRobotsOnWhiteSite
30537,26,19
timeStep,numberOfRobotsOnBlackSite,numberOfRobotsOnWhiteSite
30538,26,19
timeStep,numberOfRobotsOnBlackSite,numberOfRobotsOnWhiteSite
30539,26,19
timeStep,numberOfRobotsOnBlackSite,numberOfRobotsOnWhiteSite
30540,26,19
timeStep,numberOfRobotsOnBlackSite,numberOfRobotsOnWhiteSite
30541,26,19
timeStep,numberOfRobotsOnBlackSite,numberOfRobotsOnWhiteSite
30542,26,19
timeStep,numberOfRobotsOnBlackSite,numberOfRobotsOnWhiteSite
30543,26,19
timeStep,numberOfRobotsOnBlackSite,numberOfRobotsOnWhiteSite
30544,26,19
timeStep,numberOfRobotsOnBlackSite,numberOfRobotsOnWhiteSite
30545,26,19
timeStep,numberOfRobotsOnBlackSite,numberOfRobotsOnWhiteSite
30546,26,19
timeStep,numberOfRobotsOnBlackSite,numberOfRobotsOnWhiteSite
30547,26,19
timeStep,numberOfRobotsOnBlackSite,numberOfRobotsOnWhiteSite
30548,26,19
timeStep,numberOfRobotsOnBlackSite,numberOfRobotsOnWhiteSite
30549,26,19
timeStep,numberOfRobotsOnBlackSite,numberOfRobotsOnWhiteSite
30550,26,19
timeStep,numberOfRobotsOnBlackSite,numberOfRobotsOnWhiteSite
30551,26,19
timeStep,numberOfRobotsOnBlackSite,numberOfRobotsOnWhiteSite
30552,26,19
timeStep,numberOfRobotsOnBlackSite,numberOfRobotsOnWhiteSite
30553,26,19
timeStep,numberOfRobotsOnBlackSite,numberOfRobotsOnWhiteSite
30554,26,19
timeStep,numberOfRobotsOnBlackSite,numberOfRobotsOnWhiteSite
30555,26,19
timeStep,numberOfRobotsOnBlackSite,numberOfRobotsOnWhiteSite
30556,26,19
timeStep,numberOfRobotsOnBlackSite,numberOfRobotsOnWhiteSite
30557,26,19
timeStep,numberOfRobotsOnBlackSite,numberOfRobotsOnWhiteSite
30558,26,19
timeStep,numberOfRobotsOnBlackSite,numberOfRobotsOnWhiteSite
30559,26,19
timeStep,numberOfRobotsOnBlackSite,numberOfRobotsOnWhiteSite
30560,26,19
timeStep,numberOfRobotsOnBlackSite,numberOfRobotsOnWhiteSite
30561,26,19
timeStep,numberOfRobotsOnBlackSite,numberOfRobotsOnWhiteSite
30562,26,19
timeStep,numberOfRobotsOnBlackSite,numberOfRobotsOnWhiteSite
30563,26,19
timeStep,numberOfRobotsOnBlackSite,numberOfRobotsOnWhiteSite
30564,26,19
timeStep,numberOfRobotsOnBlackSite,numberOfRobotsOnWhiteSite
30565,26,19
timeStep,numberOfRobotsOnBlackSite,numberOfRobotsOnWhiteSite
30566,26,19
timeStep,numberOfRobotsOnBlackSite,numberOfRobotsOnWhiteSite
30567,26,19
timeStep,numberOfRobotsOnBlackSite,numberOfRobotsOnWhiteSite
30568,26,19
timeStep,numberOfRobotsOnBlackSite,numberOfRobotsOnWhiteSite
30569,26,19
timeStep,numberOfRobotsOnBlackSite,numberOfRobotsOnWhiteSite
30570,26,19
timeStep,numberOfRobotsOnBlackSite,numberOfRobotsOnWhiteSite
30571,26,19
timeStep,numberOfRobotsOnBlackSite,numberOfRobotsOnWhiteSite
30572,26,19
timeStep,numberOfRobotsOnBlackSite,numberOfRobotsOnWhiteSite
30573,26,19
timeStep,numberOfRobotsOnBlackSite,numberOfRobotsOnWhiteSite
30574,26,19
timeStep,numberOfRobotsOnBlackSite,numberOfRobotsOnWhiteSite
30575,26,19
timeStep,numberOfRobotsOnBlackSite,numberOfRobotsOnWhiteSite
30576,26,19
timeStep,numberOfRobotsOnBlackSite,numberOfRobotsOnWhiteSite
30577,26,19
timeStep,numberOfRobotsOnBlackSite,numberOfRobotsOnWhiteSite
30578,26,19
timeStep,numberOfRobotsOnBlackSite,numberOfRobotsOnWhiteSite
30579,26,19
timeStep,numberOfRobotsOnBlackSite,numberOfRobotsOnWhiteSite
30580,26,19
timeStep,numberOfRobotsOnBlackSite,numberOfRobotsOnWhiteSite
30581,26,19
timeStep,numberOfRobotsOnBlackSite,numberOfRobotsOnWhiteSite
30582,26,19
timeStep,numberOfRobotsOnBlackSite,numberOfRobotsOnWhiteSite
30583,26,19
timeStep,numberOfRobotsOnBlackSite,numberOfRobotsOnWhiteSite
30584,26,19
timeStep,numberOfRobotsOnBlackSite,numberOfRobotsOnWhiteSite
30585,26,19
timeStep,numberOfRobotsOnBlackSite,numberOfRobotsOnWhiteSite
30586,26,19
timeStep,numberOfRobotsOnBlackSite,numberOfRobotsOnWhiteSite
30587,26,19
timeStep,numberOfRobotsOnBlackSite,numberOfRobotsOnWhiteSite
30588,26,19
timeStep,numberOfRobotsOnBlackSite,numberOfRobotsOnWhiteSite
30589,26,19
timeStep,numberOfRobotsOnBlackSite,numberOfRobotsOnWhiteSite
30590,26,19
timeStep,numberOfRobotsOnBlackSite,numberOfRobotsOnWhiteSite
30591,26,19
timeStep,numberOfRobotsOnBlackSite,numberOfRobotsOnWhiteSite
30592,26,19
timeStep,numberOfRobotsOnBlackSite,numberOfRobotsOnWhiteSite
30593,26,19
timeStep,numberOfRobotsOnBlackSite,numberOfRobotsOnWhiteSite
30594,26,19
timeStep,numberOfRobotsOnBlackSite,numberOfRobotsOnWhiteSite
30595,26,19
timeStep,numberOfRobotsOnBlackSite,numberOfRobotsOnWhiteSite
30596,26,19
timeStep,numberOfRobotsOnBlackSite,numberOfRobotsOnWhiteSite
30597,26,19
timeStep,numberOfRobotsOnBlackSite,numberOfRobotsOnWhiteSite
30598,26,19
timeStep,numberOfRobotsOnBlackSite,numberOfRobotsOnWhiteSite
30599,26,19
timeStep,numberOfRobotsOnBlackSite,numberOfRobotsOnWhiteSite
30600,26,19
timeStep,numberOfRobotsOnBlackSite,numberOfRobotsOnWhiteSite
30601,26,19
timeStep,numberOfRobotsOnBlackSite,numberOfRobotsOnWhiteSite
30602,26,19
timeStep,numberOfRobotsOnBlackSite,numberOfRobotsOnWhiteSite
30603,26,19
timeStep,numberOfRobotsOnBlackSite,numberOfRobotsOnWhiteSite
30604,26,19
timeStep,numberOfRobotsOnBlackSite,numberOfRobotsOnWhiteSite
30605,26,19
timeStep,numberOfRobotsOnBlackSite,numberOfRobotsOnWhiteSite
30606,26,19
timeStep,numberOfRobotsOnBlackSite,numberOfRobotsOnWhiteSite
30607,26,19
timeStep,numberOfRobotsOnBlackSite,numberOfRobotsOnWhiteSite
30608,26,19
timeStep,numberOfRobotsOnBlackSite,numberOfRobotsOnWhiteSite
30609,26,19
timeStep,numberOfRobotsOnBlackSite,numberOfRobotsOnWhiteSite
30610,26,19
timeStep,numberOfRobotsOnBlackSite,numberOfRobotsOnWhiteSite
30611,26,19
timeStep,numberOfRobotsOnBlackSite,numberOfRobotsOnWhiteSite
30612,26,19
timeStep,numberOfRobotsOnBlackSite,numberOfRobotsOnWhiteSite
30613,26,19
timeStep,numberOfRobotsOnBlackSite,numberOfRobotsOnWhiteSite
30614,26,19
timeStep,numberOfRobotsOnBlackSite,numberOfRobotsOnWhiteSite
30615,26,19
timeStep,numberOfRobotsOnBlackSite,numberOfRobotsOnWhiteSite
30616,26,19
timeStep,numberOfRobotsOnBlackSite,numberOfRobotsOnWhiteSite
30617,26,19
timeStep,numberOfRobotsOnBlackSite,numberOfRobotsOnWhiteSite
30618,26,19
timeStep,numberOfRobotsOnBlackSite,numberOfRobotsOnWhiteSite
30619,26,19
timeStep,numberOfRobotsOnBlackSite,numberOfRobotsOnWhiteSite
30620,26,19
timeStep,numberOfRobotsOnBlackSite,numberOfRobotsOnWhiteSite
30621,26,19
timeStep,numberOfRobotsOnBlackSite,numberOfRobotsOnWhiteSite
30622,26,19
timeStep,numberOfRobotsOnBlackSite,numberOfRobotsOnWhiteSite
30623,26,19
timeStep,numberOfRobotsOnBlackSite,numberOfRobotsOnWhiteSite
30624,26,19
timeStep,numberOfRobotsOnBlackSite,numberOfRobotsOnWhiteSite
30625,26,19
timeStep,numberOfRobotsOnBlackSite,numberOfRobotsOnWhiteSite
30626,26,19
timeStep,numberOfRobotsOnBlackSite,numberOfRobotsOnWhiteSite
30627,26,19
timeStep,numberOfRobotsOnBlackSite,numberOfRobotsOnWhiteSite
30628,26,19
timeStep,numberOfRobotsOnBlackSite,numberOfRobotsOnWhiteSite
30629,26,19
timeStep,numberOfRobotsOnBlackSite,numberOfRobotsOnWhiteSite
30630,26,19
timeStep,numberOfRobotsOnBlackSite,numberOfRobotsOnWhiteSite
30631,26,19
timeStep,numberOfRobotsOnBlackSite,numberOfRobotsOnWhiteSite
30632,26,19
timeStep,numberOfRobotsOnBlackSite,numberOfRobotsOnWhiteSite
30633,26,19
timeStep,numberOfRobotsOnBlackSite,numberOfRobotsOnWhiteSite
30634,26,19
timeStep,numberOfRobotsOnBlackSite,numberOfRobotsOnWhiteSite
30635,26,19
timeStep,numberOfRobotsOnBlackSite,numberOfRobotsOnWhiteSite
30636,26,19
timeStep,numberOfRobotsOnBlackSite,numberOfRobotsOnWhiteSite
30637,26,19
timeStep,numberOfRobotsOnBlackSite,numberOfRobotsOnWhiteSite
30638,26,19
timeStep,numberOfRobotsOnBlackSite,numberOfRobotsOnWhiteSite
30639,26,19
timeStep,numberOfRobotsOnBlackSite,numberOfRobotsOnWhiteSite
30640,26,19
timeStep,numberOfRobotsOnBlackSite,numberOfRobotsOnWhiteSite
30641,26,19
timeStep,numberOfRobotsOnBlackSite,numberOfRobotsOnWhiteSite
30642,26,19
timeStep,numberOfRobotsOnBlackSite,numberOfRobotsOnWhiteSite
30643,26,19
timeStep,numberOfRobotsOnBlackSite,numberOfRobotsOnWhiteSite
30644,26,19
timeStep,numberOfRobotsOnBlackSite,numberOfRobotsOnWhiteSite
30645,25,19
timeStep,numberOfRobotsOnBlackSite,numberOfRobotsOnWhiteSite
30646,25,19
timeStep,numberOfRobotsOnBlackSite,numberOfRobotsOnWhiteSite
30647,25,19
timeStep,numberOfRobotsOnBlackSite,numberOfRobotsOnWhiteSite
30648,25,19
timeStep,numberOfRobotsOnBlackSite,numberOfRobotsOnWhiteSite
30649,25,19
timeStep,numberOfRobotsOnBlackSite,numberOfRobotsOnWhiteSite
30650,25,19
timeStep,numberOfRobotsOnBlackSite,numberOfRobotsOnWhiteSite
30651,25,19
timeStep,numberOfRobotsOnBlackSite,numberOfRobotsOnWhiteSite
30652,25,19
timeStep,numberOfRobotsOnBlackSite,numberOfRobotsOnWhiteSite
30653,25,19
timeStep,numberOfRobotsOnBlackSite,numberOfRobotsOnWhiteSite
30654,25,19
timeStep,numberOfRobotsOnBlackSite,numberOfRobotsOnWhiteSite
30655,25,19
timeStep,numberOfRobotsOnBlackSite,numberOfRobotsOnWhiteSite
30656,25,19
timeStep,numberOfRobotsOnBlackSite,numberOfRobotsOnWhiteSite
30657,25,19
timeStep,numberOfRobotsOnBlackSite,numberOfRobotsOnWhiteSite
30658,25,19
timeStep,numberOfRobotsOnBlackSite,numberOfRobotsOnWhiteSite
30659,25,19
timeStep,numberOfRobotsOnBlackSite,numberOfRobotsOnWhiteSite
30660,25,19
timeStep,numberOfRobotsOnBlackSite,numberOfRobotsOnWhiteSite
30661,25,19
timeStep,numberOfRobotsOnBlackSite,numberOfRobotsOnWhiteSite
30662,25,19
timeStep,numberOfRobotsOnBlackSite,numberOfRobotsOnWhiteSite
30663,25,19
timeStep,numberOfRobotsOnBlackSite,numberOfRobotsOnWhiteSite
30664,25,19
timeStep,numberOfRobotsOnBlackSite,numberOfRobotsOnWhiteSite
30665,25,19
timeStep,numberOfRobotsOnBlackSite,numberOfRobotsOnWhiteSite
30666,25,19
timeStep,numberOfRobotsOnBlackSite,numberOfRobotsOnWhiteSite
30667,25,19
timeStep,numberOfRobotsOnBlackSite,numberOfRobotsOnWhiteSite
30668,25,19
timeStep,numberOfRobotsOnBlackSite,numberOfRobotsOnWhiteSite
30669,25,19
timeStep,numberOfRobotsOnBlackSite,numberOfRobotsOnWhiteSite
30670,25,19
timeStep,numberOfRobotsOnBlackSite,numberOfRobotsOnWhiteSite
30671,25,19
timeStep,numberOfRobotsOnBlackSite,numberOfRobotsOnWhiteSite
30672,25,19
timeStep,numberOfRobotsOnBlackSite,numberOfRobotsOnWhiteSite
30673,25,19
timeStep,numberOfRobotsOnBlackSite,numberOfRobotsOnWhiteSite
30674,25,19
timeStep,numberOfRobotsOnBlackSite,numberOfRobotsOnWhiteSite
30675,25,19
timeStep,numberOfRobotsOnBlackSite,numberOfRobotsOnWhiteSite
30676,25,19
timeStep,numberOfRobotsOnBlackSite,numberOfRobotsOnWhiteSite
30677,25,19
timeStep,numberOfRobotsOnBlackSite,numberOfRobotsOnWhiteSite
30678,25,19
timeStep,numberOfRobotsOnBlackSite,numberOfRobotsOnWhiteSite
30679,25,19
timeStep,numberOfRobotsOnBlackSite,numberOfRobotsOnWhiteSite
30680,25,19
timeStep,numberOfRobotsOnBlackSite,numberOfRobotsOnWhiteSite
30681,25,19
timeStep,numberOfRobotsOnBlackSite,numberOfRobotsOnWhiteSite
30682,25,19
timeStep,numberOfRobotsOnBlackSite,numberOfRobotsOnWhiteSite
30683,25,19
timeStep,numberOfRobotsOnBlackSite,numberOfRobotsOnWhiteSite
30684,25,19
timeStep,numberOfRobotsOnBlackSite,numberOfRobotsOnWhiteSite
30685,25,19
timeStep,numberOfRobotsOnBlackSite,numberOfRobotsOnWhiteSite
30686,25,19
timeStep,numberOfRobotsOnBlackSite,numberOfRobotsOnWhiteSite
30687,25,19
timeStep,numberOfRobotsOnBlackSite,numberOfRobotsOnWhiteSite
30688,25,19
timeStep,numberOfRobotsOnBlackSite,numberOfRobotsOnWhiteSite
30689,25,19
timeStep,numberOfRobotsOnBlackSite,numberOfRobotsOnWhiteSite
30690,25,19
timeStep,numberOfRobotsOnBlackSite,numberOfRobotsOnWhiteSite
30691,25,19
timeStep,numberOfRobotsOnBlackSite,numberOfRobotsOnWhiteSite
30692,25,19
timeStep,numberOfRobotsOnBlackSite,numberOfRobotsOnWhiteSite
30693,25,19
timeStep,numberOfRobotsOnBlackSite,numberOfRobotsOnWhiteSite
30694,25,19
timeStep,numberOfRobotsOnBlackSite,numberOfRobotsOnWhiteSite
30695,25,19
timeStep,numberOfRobotsOnBlackSite,numberOfRobotsOnWhiteSite
30696,25,19
timeStep,numberOfRobotsOnBlackSite,numberOfRobotsOnWhiteSite
30697,25,19
timeStep,numberOfRobotsOnBlackSite,numberOfRobotsOnWhiteSite
30698,25,19
timeStep,numberOfRobotsOnBlackSite,numberOfRobotsOnWhiteSite
30699,25,19
timeStep,numberOfRobotsOnBlackSite,numberOfRobotsOnWhiteSite
30700,25,19
timeStep,numberOfRobotsOnBlackSite,numberOfRobotsOnWhiteSite
30701,25,19
timeStep,numberOfRobotsOnBlackSite,numberOfRobotsOnWhiteSite
30702,25,19
timeStep,numberOfRobotsOnBlackSite,numberOfRobotsOnWhiteSite
30703,25,19
timeStep,numberOfRobotsOnBlackSite,numberOfRobotsOnWhiteSite
30704,25,19
timeStep,numberOfRobotsOnBlackSite,numberOfRobotsOnWhiteSite
30705,25,19
timeStep,numberOfRobotsOnBlackSite,numberOfRobotsOnWhiteSite
30706,25,19
timeStep,numberOfRobotsOnBlackSite,numberOfRobotsOnWhiteSite
30707,25,19
timeStep,numberOfRobotsOnBlackSite,numberOfRobotsOnWhiteSite
30708,25,19
timeStep,numberOfRobotsOnBlackSite,numberOfRobotsOnWhiteSite
30709,25,19
timeStep,numberOfRobotsOnBlackSite,numberOfRobotsOnWhiteSite
30710,25,19
timeStep,numberOfRobotsOnBlackSite,numberOfRobotsOnWhiteSite
30711,25,19
timeStep,numberOfRobotsOnBlackSite,numberOfRobotsOnWhiteSite
30712,25,19
timeStep,numberOfRobotsOnBlackSite,numberOfRobotsOnWhiteSite
30713,25,19
timeStep,numberOfRobotsOnBlackSite,numberOfRobotsOnWhiteSite
30714,25,19
timeStep,numberOfRobotsOnBlackSite,numberOfRobotsOnWhiteSite
30715,25,19
timeStep,numberOfRobotsOnBlackSite,numberOfRobotsOnWhiteSite
30716,25,19
timeStep,numberOfRobotsOnBlackSite,numberOfRobotsOnWhiteSite
30717,25,19
timeStep,numberOfRobotsOnBlackSite,numberOfRobotsOnWhiteSite
30718,25,19
timeStep,numberOfRobotsOnBlackSite,numberOfRobotsOnWhiteSite
30719,25,19
timeStep,numberOfRobotsOnBlackSite,numberOfRobotsOnWhiteSite
30720,25,19
timeStep,numberOfRobotsOnBlackSite,numberOfRobotsOnWhiteSite
30721,25,19
timeStep,numberOfRobotsOnBlackSite,numberOfRobotsOnWhiteSite
30722,25,19
timeStep,numberOfRobotsOnBlackSite,numberOfRobotsOnWhiteSite
30723,25,19
timeStep,numberOfRobotsOnBlackSite,numberOfRobotsOnWhiteSite
30724,25,19
timeStep,numberOfRobotsOnBlackSite,numberOfRobotsOnWhiteSite
30725,25,19
timeStep,numberOfRobotsOnBlackSite,numberOfRobotsOnWhiteSite
30726,25,19
timeStep,numberOfRobotsOnBlackSite,numberOfRobotsOnWhiteSite
30727,25,19
timeStep,numberOfRobotsOnBlackSite,numberOfRobotsOnWhiteSite
30728,25,19
timeStep,numberOfRobotsOnBlackSite,numberOfRobotsOnWhiteSite
30729,25,19
timeStep,numberOfRobotsOnBlackSite,numberOfRobotsOnWhiteSite
30730,25,19
timeStep,numberOfRobotsOnBlackSite,numberOfRobotsOnWhiteSite
30731,25,19
timeStep,numberOfRobotsOnBlackSite,numberOfRobotsOnWhiteSite
30732,25,19
timeStep,numberOfRobotsOnBlackSite,numberOfRobotsOnWhiteSite
30733,25,19
timeStep,numberOfRobotsOnBlackSite,numberOfRobotsOnWhiteSite
30734,25,19
timeStep,numberOfRobotsOnBlackSite,numberOfRobotsOnWhiteSite
30735,25,19
timeStep,numberOfRobotsOnBlackSite,numberOfRobotsOnWhiteSite
30736,25,19
timeStep,numberOfRobotsOnBlackSite,numberOfRobotsOnWhiteSite
30737,25,19
timeStep,numberOfRobotsOnBlackSite,numberOfRobotsOnWhiteSite
30738,25,19
timeStep,numberOfRobotsOnBlackSite,numberOfRobotsOnWhiteSite
30739,25,19
timeStep,numberOfRobotsOnBlackSite,numberOfRobotsOnWhiteSite
30740,25,19
timeStep,numberOfRobotsOnBlackSite,numberOfRobotsOnWhiteSite
30741,25,19
timeStep,numberOfRobotsOnBlackSite,numberOfRobotsOnWhiteSite
30742,25,19
timeStep,numberOfRobotsOnBlackSite,numberOfRobotsOnWhiteSite
30743,25,19
timeStep,numberOfRobotsOnBlackSite,numberOfRobotsOnWhiteSite
30744,25,19
timeStep,numberOfRobotsOnBlackSite,numberOfRobotsOnWhiteSite
30745,25,19
timeStep,numberOfRobotsOnBlackSite,numberOfRobotsOnWhiteSite
30746,25,19
timeStep,numberOfRobotsOnBlackSite,numberOfRobotsOnWhiteSite
30747,25,19
timeStep,numberOfRobotsOnBlackSite,numberOfRobotsOnWhiteSite
30748,25,19
timeStep,numberOfRobotsOnBlackSite,numberOfRobotsOnWhiteSite
30749,25,19
timeStep,numberOfRobotsOnBlackSite,numberOfRobotsOnWhiteSite
30750,25,19
timeStep,numberOfRobotsOnBlackSite,numberOfRobotsOnWhiteSite
30751,25,19
timeStep,numberOfRobotsOnBlackSite,numberOfRobotsOnWhiteSite
30752,25,19
timeStep,numberOfRobotsOnBlackSite,numberOfRobotsOnWhiteSite
30753,25,19
timeStep,numberOfRobotsOnBlackSite,numberOfRobotsOnWhiteSite
30754,25,19
timeStep,numberOfRobotsOnBlackSite,numberOfRobotsOnWhiteSite
30755,25,19
timeStep,numberOfRobotsOnBlackSite,numberOfRobotsOnWhiteSite
30756,25,19
timeStep,numberOfRobotsOnBlackSite,numberOfRobotsOnWhiteSite
30757,25,19
timeStep,numberOfRobotsOnBlackSite,numberOfRobotsOnWhiteSite
30758,25,19
timeStep,numberOfRobotsOnBlackSite,numberOfRobotsOnWhiteSite
30759,25,19
timeStep,numberOfRobotsOnBlackSite,numberOfRobotsOnWhiteSite
30760,25,19
timeStep,numberOfRobotsOnBlackSite,numberOfRobotsOnWhiteSite
30761,25,19
timeStep,numberOfRobotsOnBlackSite,numberOfRobotsOnWhiteSite
30762,25,19
timeStep,numberOfRobotsOnBlackSite,numberOfRobotsOnWhiteSite
30763,25,19
timeStep,numberOfRobotsOnBlackSite,numberOfRobotsOnWhiteSite
30764,25,19
timeStep,numberOfRobotsOnBlackSite,numberOfRobotsOnWhiteSite
30765,25,19
timeStep,numberOfRobotsOnBlackSite,numberOfRobotsOnWhiteSite
30766,25,19
timeStep,numberOfRobotsOnBlackSite,numberOfRobotsOnWhiteSite
30767,25,19
timeStep,numberOfRobotsOnBlackSite,numberOfRobotsOnWhiteSite
30768,25,19
timeStep,numberOfRobotsOnBlackSite,numberOfRobotsOnWhiteSite
30769,25,19
timeStep,numberOfRobotsOnBlackSite,numberOfRobotsOnWhiteSite
30770,25,19
timeStep,numberOfRobotsOnBlackSite,numberOfRobotsOnWhiteSite
30771,25,19
timeStep,numberOfRobotsOnBlackSite,numberOfRobotsOnWhiteSite
30772,25,19
timeStep,numberOfRobotsOnBlackSite,numberOfRobotsOnWhiteSite
30773,25,19
timeStep,numberOfRobotsOnBlackSite,numberOfRobotsOnWhiteSite
30774,25,19
timeStep,numberOfRobotsOnBlackSite,numberOfRobotsOnWhiteSite
30775,25,19
timeStep,numberOfRobotsOnBlackSite,numberOfRobotsOnWhiteSite
30776,25,19
timeStep,numberOfRobotsOnBlackSite,numberOfRobotsOnWhiteSite
30777,25,19
timeStep,numberOfRobotsOnBlackSite,numberOfRobotsOnWhiteSite
30778,25,19
timeStep,numberOfRobotsOnBlackSite,numberOfRobotsOnWhiteSite
30779,25,19
timeStep,numberOfRobotsOnBlackSite,numberOfRobotsOnWhiteSite
30780,25,19
timeStep,numberOfRobotsOnBlackSite,numberOfRobotsOnWhiteSite
30781,25,19
timeStep,numberOfRobotsOnBlackSite,numberOfRobotsOnWhiteSite
30782,25,19
timeStep,numberOfRobotsOnBlackSite,numberOfRobotsOnWhiteSite
30783,25,19
timeStep,numberOfRobotsOnBlackSite,numberOfRobotsOnWhiteSite
30784,25,19
timeStep,numberOfRobotsOnBlackSite,numberOfRobotsOnWhiteSite
30785,25,19
timeStep,numberOfRobotsOnBlackSite,numberOfRobotsOnWhiteSite
30786,25,19
timeStep,numberOfRobotsOnBlackSite,numberOfRobotsOnWhiteSite
30787,25,19
timeStep,numberOfRobotsOnBlackSite,numberOfRobotsOnWhiteSite
30788,25,19
timeStep,numberOfRobotsOnBlackSite,numberOfRobotsOnWhiteSite
30789,25,19
timeStep,numberOfRobotsOnBlackSite,numberOfRobotsOnWhiteSite
30790,25,19
timeStep,numberOfRobotsOnBlackSite,numberOfRobotsOnWhiteSite
30791,25,19
timeStep,numberOfRobotsOnBlackSite,numberOfRobotsOnWhiteSite
30792,25,19
timeStep,numberOfRobotsOnBlackSite,numberOfRobotsOnWhiteSite
30793,25,19
timeStep,numberOfRobotsOnBlackSite,numberOfRobotsOnWhiteSite
30794,25,19
timeStep,numberOfRobotsOnBlackSite,numberOfRobotsOnWhiteSite
30795,25,19
timeStep,numberOfRobotsOnBlackSite,numberOfRobotsOnWhiteSite
30796,25,19
timeStep,numberOfRobotsOnBlackSite,numberOfRobotsOnWhiteSite
30797,25,19
timeStep,numberOfRobotsOnBlackSite,numberOfRobotsOnWhiteSite
30798,25,19
timeStep,numberOfRobotsOnBlackSite,numberOfRobotsOnWhiteSite
30799,25,19
timeStep,numberOfRobotsOnBlackSite,numberOfRobotsOnWhiteSite
30800,25,19
timeStep,numberOfRobotsOnBlackSite,numberOfRobotsOnWhiteSite
30801,25,19
timeStep,numberOfRobotsOnBlackSite,numberOfRobotsOnWhiteSite
30802,25,19
timeStep,numberOfRobotsOnBlackSite,numberOfRobotsOnWhiteSite
30803,25,19
timeStep,numberOfRobotsOnBlackSite,numberOfRobotsOnWhiteSite
30804,25,19
timeStep,numberOfRobotsOnBlackSite,numberOfRobotsOnWhiteSite
30805,25,19
timeStep,numberOfRobotsOnBlackSite,numberOfRobotsOnWhiteSite
30806,25,19
timeStep,numberOfRobotsOnBlackSite,numberOfRobotsOnWhiteSite
30807,25,19
timeStep,numberOfRobotsOnBlackSite,numberOfRobotsOnWhiteSite
30808,25,19
timeStep,numberOfRobotsOnBlackSite,numberOfRobotsOnWhiteSite
30809,25,19
timeStep,numberOfRobotsOnBlackSite,numberOfRobotsOnWhiteSite
30810,25,19
timeStep,numberOfRobotsOnBlackSite,numberOfRobotsOnWhiteSite
30811,25,19
timeStep,numberOfRobotsOnBlackSite,numberOfRobotsOnWhiteSite
30812,25,19
timeStep,numberOfRobotsOnBlackSite,numberOfRobotsOnWhiteSite
30813,25,19
timeStep,numberOfRobotsOnBlackSite,numberOfRobotsOnWhiteSite
30814,25,19
timeStep,numberOfRobotsOnBlackSite,numberOfRobotsOnWhiteSite
30815,25,19
timeStep,numberOfRobotsOnBlackSite,numberOfRobotsOnWhiteSite
30816,25,19
timeStep,numberOfRobotsOnBlackSite,numberOfRobotsOnWhiteSite
30817,25,19
timeStep,numberOfRobotsOnBlackSite,numberOfRobotsOnWhiteSite
30818,25,19
timeStep,numberOfRobotsOnBlackSite,numberOfRobotsOnWhiteSite
30819,25,19
timeStep,numberOfRobotsOnBlackSite,numberOfRobotsOnWhiteSite
30820,25,18
timeStep,numberOfRobotsOnBlackSite,numberOfRobotsOnWhiteSite
30821,25,18
timeStep,numberOfRobotsOnBlackSite,numberOfRobotsOnWhiteSite
30822,25,18
timeStep,numberOfRobotsOnBlackSite,numberOfRobotsOnWhiteSite
30823,25,18
timeStep,numberOfRobotsOnBlackSite,numberOfRobotsOnWhiteSite
30824,25,18
timeStep,numberOfRobotsOnBlackSite,numberOfRobotsOnWhiteSite
30825,25,18
timeStep,numberOfRobotsOnBlackSite,numberOfRobotsOnWhiteSite
30826,25,18
timeStep,numberOfRobotsOnBlackSite,numberOfRobotsOnWhiteSite
30827,25,18
timeStep,numberOfRobotsOnBlackSite,numberOfRobotsOnWhiteSite
30828,25,18
timeStep,numberOfRobotsOnBlackSite,numberOfRobotsOnWhiteSite
30829,25,18
timeStep,numberOfRobotsOnBlackSite,numberOfRobotsOnWhiteSite
30830,25,18
timeStep,numberOfRobotsOnBlackSite,numberOfRobotsOnWhiteSite
30831,25,18
timeStep,numberOfRobotsOnBlackSite,numberOfRobotsOnWhiteSite
30832,25,18
timeStep,numberOfRobotsOnBlackSite,numberOfRobotsOnWhiteSite
30833,25,18
timeStep,numberOfRobotsOnBlackSite,numberOfRobotsOnWhiteSite
30834,25,18
timeStep,numberOfRobotsOnBlackSite,numberOfRobotsOnWhiteSite
30835,25,18
timeStep,numberOfRobotsOnBlackSite,numberOfRobotsOnWhiteSite
30836,25,18
timeStep,numberOfRobotsOnBlackSite,numberOfRobotsOnWhiteSite
30837,25,18
timeStep,numberOfRobotsOnBlackSite,numberOfRobotsOnWhiteSite
30838,25,18
timeStep,numberOfRobotsOnBlackSite,numberOfRobotsOnWhiteSite
30839,25,18
timeStep,numberOfRobotsOnBlackSite,numberOfRobotsOnWhiteSite
30840,25,18
timeStep,numberOfRobotsOnBlackSite,numberOfRobotsOnWhiteSite
30841,25,18
timeStep,numberOfRobotsOnBlackSite,numberOfRobotsOnWhiteSite
30842,25,18
timeStep,numberOfRobotsOnBlackSite,numberOfRobotsOnWhiteSite
30843,25,18
timeStep,numberOfRobotsOnBlackSite,numberOfRobotsOnWhiteSite
30844,25,18
timeStep,numberOfRobotsOnBlackSite,numberOfRobotsOnWhiteSite
30845,25,18
timeStep,numberOfRobotsOnBlackSite,numberOfRobotsOnWhiteSite
30846,25,18
timeStep,numberOfRobotsOnBlackSite,numberOfRobotsOnWhiteSite
30847,25,18
timeStep,numberOfRobotsOnBlackSite,numberOfRobotsOnWhiteSite
30848,25,18
timeStep,numberOfRobotsOnBlackSite,numberOfRobotsOnWhiteSite
30849,25,18
timeStep,numberOfRobotsOnBlackSite,numberOfRobotsOnWhiteSite
30850,25,18
timeStep,numberOfRobotsOnBlackSite,numberOfRobotsOnWhiteSite
30851,25,18
timeStep,numberOfRobotsOnBlackSite,numberOfRobotsOnWhiteSite
30852,25,18
timeStep,numberOfRobotsOnBlackSite,numberOfRobotsOnWhiteSite
30853,25,18
timeStep,numberOfRobotsOnBlackSite,numberOfRobotsOnWhiteSite
30854,25,18
timeStep,numberOfRobotsOnBlackSite,numberOfRobotsOnWhiteSite
30855,25,18
timeStep,numberOfRobotsOnBlackSite,numberOfRobotsOnWhiteSite
30856,25,18
timeStep,numberOfRobotsOnBlackSite,numberOfRobotsOnWhiteSite
30857,25,18
timeStep,numberOfRobotsOnBlackSite,numberOfRobotsOnWhiteSite
30858,25,18
timeStep,numberOfRobotsOnBlackSite,numberOfRobotsOnWhiteSite
30859,25,18
timeStep,numberOfRobotsOnBlackSite,numberOfRobotsOnWhiteSite
30860,25,18
timeStep,numberOfRobotsOnBlackSite,numberOfRobotsOnWhiteSite
30861,25,18
timeStep,numberOfRobotsOnBlackSite,numberOfRobotsOnWhiteSite
30862,25,18
timeStep,numberOfRobotsOnBlackSite,numberOfRobotsOnWhiteSite
30863,25,18
timeStep,numberOfRobotsOnBlackSite,numberOfRobotsOnWhiteSite
30864,25,18
timeStep,numberOfRobotsOnBlackSite,numberOfRobotsOnWhiteSite
30865,25,18
timeStep,numberOfRobotsOnBlackSite,numberOfRobotsOnWhiteSite
30866,25,18
timeStep,numberOfRobotsOnBlackSite,numberOfRobotsOnWhiteSite
30867,25,18
timeStep,numberOfRobotsOnBlackSite,numberOfRobotsOnWhiteSite
30868,25,18
timeStep,numberOfRobotsOnBlackSite,numberOfRobotsOnWhiteSite
30869,25,18
timeStep,numberOfRobotsOnBlackSite,numberOfRobotsOnWhiteSite
30870,25,19
timeStep,numberOfRobotsOnBlackSite,numberOfRobotsOnWhiteSite
30871,25,19
timeStep,numberOfRobotsOnBlackSite,numberOfRobotsOnWhiteSite
30872,25,19
timeStep,numberOfRobotsOnBlackSite,numberOfRobotsOnWhiteSite
30873,25,19
timeStep,numberOfRobotsOnBlackSite,numberOfRobotsOnWhiteSite
30874,25,19
timeStep,numberOfRobotsOnBlackSite,numberOfRobotsOnWhiteSite
30875,25,19
timeStep,numberOfRobotsOnBlackSite,numberOfRobotsOnWhiteSite
30876,25,19
timeStep,numberOfRobotsOnBlackSite,numberOfRobotsOnWhiteSite
30877,25,19
timeStep,numberOfRobotsOnBlackSite,numberOfRobotsOnWhiteSite
30878,25,19
timeStep,numberOfRobotsOnBlackSite,numberOfRobotsOnWhiteSite
30879,25,19
timeStep,numberOfRobotsOnBlackSite,numberOfRobotsOnWhiteSite
30880,25,19
timeStep,numberOfRobotsOnBlackSite,numberOfRobotsOnWhiteSite
30881,25,19
timeStep,numberOfRobotsOnBlackSite,numberOfRobotsOnWhiteSite
30882,25,19
timeStep,numberOfRobotsOnBlackSite,numberOfRobotsOnWhiteSite
30883,25,19
timeStep,numberOfRobotsOnBlackSite,numberOfRobotsOnWhiteSite
30884,25,19
timeStep,numberOfRobotsOnBlackSite,numberOfRobotsOnWhiteSite
30885,25,19
timeStep,numberOfRobotsOnBlackSite,numberOfRobotsOnWhiteSite
30886,25,19
timeStep,numberOfRobotsOnBlackSite,numberOfRobotsOnWhiteSite
30887,25,19
timeStep,numberOfRobotsOnBlackSite,numberOfRobotsOnWhiteSite
30888,25,19
timeStep,numberOfRobotsOnBlackSite,numberOfRobotsOnWhiteSite
30889,25,19
timeStep,numberOfRobotsOnBlackSite,numberOfRobotsOnWhiteSite
30890,25,19
timeStep,numberOfRobotsOnBlackSite,numberOfRobotsOnWhiteSite
30891,25,19
timeStep,numberOfRobotsOnBlackSite,numberOfRobotsOnWhiteSite
30892,25,19
timeStep,numberOfRobotsOnBlackSite,numberOfRobotsOnWhiteSite
30893,25,19
timeStep,numberOfRobotsOnBlackSite,numberOfRobotsOnWhiteSite
30894,25,19
timeStep,numberOfRobotsOnBlackSite,numberOfRobotsOnWhiteSite
30895,25,19
timeStep,numberOfRobotsOnBlackSite,numberOfRobotsOnWhiteSite
30896,25,19
timeStep,numberOfRobotsOnBlackSite,numberOfRobotsOnWhiteSite
30897,25,19
timeStep,numberOfRobotsOnBlackSite,numberOfRobotsOnWhiteSite
30898,25,19
timeStep,numberOfRobotsOnBlackSite,numberOfRobotsOnWhiteSite
30899,25,19
timeStep,numberOfRobotsOnBlackSite,numberOfRobotsOnWhiteSite
30900,25,19
timeStep,numberOfRobotsOnBlackSite,numberOfRobotsOnWhiteSite
30901,25,19
timeStep,numberOfRobotsOnBlackSite,numberOfRobotsOnWhiteSite
30902,25,19
timeStep,numberOfRobotsOnBlackSite,numberOfRobotsOnWhiteSite
30903,25,19
timeStep,numberOfRobotsOnBlackSite,numberOfRobotsOnWhiteSite
30904,25,19
timeStep,numberOfRobotsOnBlackSite,numberOfRobotsOnWhiteSite
30905,25,19
timeStep,numberOfRobotsOnBlackSite,numberOfRobotsOnWhiteSite
30906,25,19
timeStep,numberOfRobotsOnBlackSite,numberOfRobotsOnWhiteSite
30907,25,19
timeStep,numberOfRobotsOnBlackSite,numberOfRobotsOnWhiteSite
30908,25,19
timeStep,numberOfRobotsOnBlackSite,numberOfRobotsOnWhiteSite
30909,25,19
timeStep,numberOfRobotsOnBlackSite,numberOfRobotsOnWhiteSite
30910,25,19
timeStep,numberOfRobotsOnBlackSite,numberOfRobotsOnWhiteSite
30911,25,19
timeStep,numberOfRobotsOnBlackSite,numberOfRobotsOnWhiteSite
30912,25,19
timeStep,numberOfRobotsOnBlackSite,numberOfRobotsOnWhiteSite
30913,25,19
timeStep,numberOfRobotsOnBlackSite,numberOfRobotsOnWhiteSite
30914,25,19
timeStep,numberOfRobotsOnBlackSite,numberOfRobotsOnWhiteSite
30915,25,19
timeStep,numberOfRobotsOnBlackSite,numberOfRobotsOnWhiteSite
30916,25,19
timeStep,numberOfRobotsOnBlackSite,numberOfRobotsOnWhiteSite
30917,25,19
timeStep,numberOfRobotsOnBlackSite,numberOfRobotsOnWhiteSite
30918,25,19
timeStep,numberOfRobotsOnBlackSite,numberOfRobotsOnWhiteSite
30919,25,19
timeStep,numberOfRobotsOnBlackSite,numberOfRobotsOnWhiteSite
30920,25,19
timeStep,numberOfRobotsOnBlackSite,numberOfRobotsOnWhiteSite
30921,25,19
timeStep,numberOfRobotsOnBlackSite,numberOfRobotsOnWhiteSite
30922,25,19
timeStep,numberOfRobotsOnBlackSite,numberOfRobotsOnWhiteSite
30923,25,19
timeStep,numberOfRobotsOnBlackSite,numberOfRobotsOnWhiteSite
30924,25,19
timeStep,numberOfRobotsOnBlackSite,numberOfRobotsOnWhiteSite
30925,25,19
timeStep,numberOfRobotsOnBlackSite,numberOfRobotsOnWhiteSite
30926,25,19
timeStep,numberOfRobotsOnBlackSite,numberOfRobotsOnWhiteSite
30927,25,19
timeStep,numberOfRobotsOnBlackSite,numberOfRobotsOnWhiteSite
30928,25,19
timeStep,numberOfRobotsOnBlackSite,numberOfRobotsOnWhiteSite
30929,25,19
timeStep,numberOfRobotsOnBlackSite,numberOfRobotsOnWhiteSite
30930,25,18
timeStep,numberOfRobotsOnBlackSite,numberOfRobotsOnWhiteSite
30931,25,18
timeStep,numberOfRobotsOnBlackSite,numberOfRobotsOnWhiteSite
30932,25,18
timeStep,numberOfRobotsOnBlackSite,numberOfRobotsOnWhiteSite
30933,25,18
timeStep,numberOfRobotsOnBlackSite,numberOfRobotsOnWhiteSite
30934,25,18
timeStep,numberOfRobotsOnBlackSite,numberOfRobotsOnWhiteSite
30935,25,18
timeStep,numberOfRobotsOnBlackSite,numberOfRobotsOnWhiteSite
30936,25,18
timeStep,numberOfRobotsOnBlackSite,numberOfRobotsOnWhiteSite
30937,25,18
timeStep,numberOfRobotsOnBlackSite,numberOfRobotsOnWhiteSite
30938,25,18
timeStep,numberOfRobotsOnBlackSite,numberOfRobotsOnWhiteSite
30939,25,18
timeStep,numberOfRobotsOnBlackSite,numberOfRobotsOnWhiteSite
30940,25,18
timeStep,numberOfRobotsOnBlackSite,numberOfRobotsOnWhiteSite
30941,25,18
timeStep,numberOfRobotsOnBlackSite,numberOfRobotsOnWhiteSite
30942,25,18
timeStep,numberOfRobotsOnBlackSite,numberOfRobotsOnWhiteSite
30943,25,18
timeStep,numberOfRobotsOnBlackSite,numberOfRobotsOnWhiteSite
30944,25,18
timeStep,numberOfRobotsOnBlackSite,numberOfRobotsOnWhiteSite
30945,25,18
timeStep,numberOfRobotsOnBlackSite,numberOfRobotsOnWhiteSite
30946,25,18
timeStep,numberOfRobotsOnBlackSite,numberOfRobotsOnWhiteSite
30947,25,18
timeStep,numberOfRobotsOnBlackSite,numberOfRobotsOnWhiteSite
30948,25,18
timeStep,numberOfRobotsOnBlackSite,numberOfRobotsOnWhiteSite
30949,25,18
timeStep,numberOfRobotsOnBlackSite,numberOfRobotsOnWhiteSite
30950,25,18
timeStep,numberOfRobotsOnBlackSite,numberOfRobotsOnWhiteSite
30951,25,18
timeStep,numberOfRobotsOnBlackSite,numberOfRobotsOnWhiteSite
30952,25,18
timeStep,numberOfRobotsOnBlackSite,numberOfRobotsOnWhiteSite
30953,25,18
timeStep,numberOfRobotsOnBlackSite,numberOfRobotsOnWhiteSite
30954,25,18
timeStep,numberOfRobotsOnBlackSite,numberOfRobotsOnWhiteSite
30955,25,18
timeStep,numberOfRobotsOnBlackSite,numberOfRobotsOnWhiteSite
30956,25,18
timeStep,numberOfRobotsOnBlackSite,numberOfRobotsOnWhiteSite
30957,25,18
timeStep,numberOfRobotsOnBlackSite,numberOfRobotsOnWhiteSite
30958,25,18
timeStep,numberOfRobotsOnBlackSite,numberOfRobotsOnWhiteSite
30959,25,18
timeStep,numberOfRobotsOnBlackSite,numberOfRobotsOnWhiteSite
30960,25,18
timeStep,numberOfRobotsOnBlackSite,numberOfRobotsOnWhiteSite
30961,25,18
timeStep,numberOfRobotsOnBlackSite,numberOfRobotsOnWhiteSite
30962,25,18
timeStep,numberOfRobotsOnBlackSite,numberOfRobotsOnWhiteSite
30963,25,18
timeStep,numberOfRobotsOnBlackSite,numberOfRobotsOnWhiteSite
30964,25,18
timeStep,numberOfRobotsOnBlackSite,numberOfRobotsOnWhiteSite
30965,25,18
timeStep,numberOfRobotsOnBlackSite,numberOfRobotsOnWhiteSite
30966,25,18
timeStep,numberOfRobotsOnBlackSite,numberOfRobotsOnWhiteSite
30967,25,18
timeStep,numberOfRobotsOnBlackSite,numberOfRobotsOnWhiteSite
30968,25,18
timeStep,numberOfRobotsOnBlackSite,numberOfRobotsOnWhiteSite
30969,25,18
timeStep,numberOfRobotsOnBlackSite,numberOfRobotsOnWhiteSite
30970,26,18
timeStep,numberOfRobotsOnBlackSite,numberOfRobotsOnWhiteSite
30971,26,18
timeStep,numberOfRobotsOnBlackSite,numberOfRobotsOnWhiteSite
30972,26,18
timeStep,numberOfRobotsOnBlackSite,numberOfRobotsOnWhiteSite
30973,26,18
timeStep,numberOfRobotsOnBlackSite,numberOfRobotsOnWhiteSite
30974,26,18
timeStep,numberOfRobotsOnBlackSite,numberOfRobotsOnWhiteSite
30975,26,18
timeStep,numberOfRobotsOnBlackSite,numberOfRobotsOnWhiteSite
30976,26,18
timeStep,numberOfRobotsOnBlackSite,numberOfRobotsOnWhiteSite
30977,26,18
timeStep,numberOfRobotsOnBlackSite,numberOfRobotsOnWhiteSite
30978,26,18
timeStep,numberOfRobotsOnBlackSite,numberOfRobotsOnWhiteSite
30979,26,18
timeStep,numberOfRobotsOnBlackSite,numberOfRobotsOnWhiteSite
30980,26,18
timeStep,numberOfRobotsOnBlackSite,numberOfRobotsOnWhiteSite
30981,26,18
timeStep,numberOfRobotsOnBlackSite,numberOfRobotsOnWhiteSite
30982,26,18
timeStep,numberOfRobotsOnBlackSite,numberOfRobotsOnWhiteSite
30983,26,18
timeStep,numberOfRobotsOnBlackSite,numberOfRobotsOnWhiteSite
30984,26,18
timeStep,numberOfRobotsOnBlackSite,numberOfRobotsOnWhiteSite
30985,26,18
timeStep,numberOfRobotsOnBlackSite,numberOfRobotsOnWhiteSite
30986,26,18
timeStep,numberOfRobotsOnBlackSite,numberOfRobotsOnWhiteSite
30987,26,18
timeStep,numberOfRobotsOnBlackSite,numberOfRobotsOnWhiteSite
30988,26,18
timeStep,numberOfRobotsOnBlackSite,numberOfRobotsOnWhiteSite
30989,26,18
timeStep,numberOfRobotsOnBlackSite,numberOfRobotsOnWhiteSite
30990,26,19
timeStep,numberOfRobotsOnBlackSite,numberOfRobotsOnWhiteSite
30991,26,19
timeStep,numberOfRobotsOnBlackSite,numberOfRobotsOnWhiteSite
30992,26,19
timeStep,numberOfRobotsOnBlackSite,numberOfRobotsOnWhiteSite
30993,26,19
timeStep,numberOfRobotsOnBlackSite,numberOfRobotsOnWhiteSite
30994,26,19
timeStep,numberOfRobotsOnBlackSite,numberOfRobotsOnWhiteSite
30995,26,19
timeStep,numberOfRobotsOnBlackSite,numberOfRobotsOnWhiteSite
30996,26,19
timeStep,numberOfRobotsOnBlackSite,numberOfRobotsOnWhiteSite
30997,26,19
timeStep,numberOfRobotsOnBlackSite,numberOfRobotsOnWhiteSite
30998,26,19
timeStep,numberOfRobotsOnBlackSite,numberOfRobotsOnWhiteSite
30999,26,19
timeStep,numberOfRobotsOnBlackSite,numberOfRobotsOnWhiteSite
31000,26,19
timeStep,numberOfRobotsOnBlackSite,numberOfRobotsOnWhiteSite
31001,26,19
timeStep,numberOfRobotsOnBlackSite,numberOfRobotsOnWhiteSite
31002,26,19
timeStep,numberOfRobotsOnBlackSite,numberOfRobotsOnWhiteSite
31003,26,19
timeStep,numberOfRobotsOnBlackSite,numberOfRobotsOnWhiteSite
31004,26,19
timeStep,numberOfRobotsOnBlackSite,numberOfRobotsOnWhiteSite
31005,26,19
timeStep,numberOfRobotsOnBlackSite,numberOfRobotsOnWhiteSite
31006,26,19
timeStep,numberOfRobotsOnBlackSite,numberOfRobotsOnWhiteSite
31007,26,19
timeStep,numberOfRobotsOnBlackSite,numberOfRobotsOnWhiteSite
31008,26,19
timeStep,numberOfRobotsOnBlackSite,numberOfRobotsOnWhiteSite
31009,26,19
timeStep,numberOfRobotsOnBlackSite,numberOfRobotsOnWhiteSite
31010,26,19
timeStep,numberOfRobotsOnBlackSite,numberOfRobotsOnWhiteSite
31011,26,19
timeStep,numberOfRobotsOnBlackSite,numberOfRobotsOnWhiteSite
31012,26,19
timeStep,numberOfRobotsOnBlackSite,numberOfRobotsOnWhiteSite
31013,26,19
timeStep,numberOfRobotsOnBlackSite,numberOfRobotsOnWhiteSite
31014,26,19
timeStep,numberOfRobotsOnBlackSite,numberOfRobotsOnWhiteSite
31015,26,19
timeStep,numberOfRobotsOnBlackSite,numberOfRobotsOnWhiteSite
31016,26,19
timeStep,numberOfRobotsOnBlackSite,numberOfRobotsOnWhiteSite
31017,26,19
timeStep,numberOfRobotsOnBlackSite,numberOfRobotsOnWhiteSite
31018,26,19
timeStep,numberOfRobotsOnBlackSite,numberOfRobotsOnWhiteSite
31019,26,19
timeStep,numberOfRobotsOnBlackSite,numberOfRobotsOnWhiteSite
31020,26,19
timeStep,numberOfRobotsOnBlackSite,numberOfRobotsOnWhiteSite
31021,26,19
timeStep,numberOfRobotsOnBlackSite,numberOfRobotsOnWhiteSite
31022,26,19
timeStep,numberOfRobotsOnBlackSite,numberOfRobotsOnWhiteSite
31023,26,19
timeStep,numberOfRobotsOnBlackSite,numberOfRobotsOnWhiteSite
31024,26,19
timeStep,numberOfRobotsOnBlackSite,numberOfRobotsOnWhiteSite
31025,26,19
timeStep,numberOfRobotsOnBlackSite,numberOfRobotsOnWhiteSite
31026,26,19
timeStep,numberOfRobotsOnBlackSite,numberOfRobotsOnWhiteSite
31027,26,19
timeStep,numberOfRobotsOnBlackSite,numberOfRobotsOnWhiteSite
31028,26,19
timeStep,numberOfRobotsOnBlackSite,numberOfRobotsOnWhiteSite
31029,26,19
timeStep,numberOfRobotsOnBlackSite,numberOfRobotsOnWhiteSite
31030,26,19
timeStep,numberOfRobotsOnBlackSite,numberOfRobotsOnWhiteSite
31031,26,19
timeStep,numberOfRobotsOnBlackSite,numberOfRobotsOnWhiteSite
31032,26,19
timeStep,numberOfRobotsOnBlackSite,numberOfRobotsOnWhiteSite
31033,26,19
timeStep,numberOfRobotsOnBlackSite,numberOfRobotsOnWhiteSite
31034,26,19
timeStep,numberOfRobotsOnBlackSite,numberOfRobotsOnWhiteSite
31035,26,19
timeStep,numberOfRobotsOnBlackSite,numberOfRobotsOnWhiteSite
31036,26,19
timeStep,numberOfRobotsOnBlackSite,numberOfRobotsOnWhiteSite
31037,26,19
timeStep,numberOfRobotsOnBlackSite,numberOfRobotsOnWhiteSite
31038,26,19
timeStep,numberOfRobotsOnBlackSite,numberOfRobotsOnWhiteSite
31039,26,19
timeStep,numberOfRobotsOnBlackSite,numberOfRobotsOnWhiteSite
31040,26,19
timeStep,numberOfRobotsOnBlackSite,numberOfRobotsOnWhiteSite
31041,26,19
timeStep,numberOfRobotsOnBlackSite,numberOfRobotsOnWhiteSite
31042,26,19
timeStep,numberOfRobotsOnBlackSite,numberOfRobotsOnWhiteSite
31043,26,19
timeStep,numberOfRobotsOnBlackSite,numberOfRobotsOnWhiteSite
31044,26,19
timeStep,numberOfRobotsOnBlackSite,numberOfRobotsOnWhiteSite
31045,26,19
timeStep,numberOfRobotsOnBlackSite,numberOfRobotsOnWhiteSite
31046,26,19
timeStep,numberOfRobotsOnBlackSite,numberOfRobotsOnWhiteSite
31047,26,19
timeStep,numberOfRobotsOnBlackSite,numberOfRobotsOnWhiteSite
31048,26,19
timeStep,numberOfRobotsOnBlackSite,numberOfRobotsOnWhiteSite
31049,26,19
timeStep,numberOfRobotsOnBlackSite,numberOfRobotsOnWhiteSite
31050,26,19
timeStep,numberOfRobotsOnBlackSite,numberOfRobotsOnWhiteSite
31051,26,19
timeStep,numberOfRobotsOnBlackSite,numberOfRobotsOnWhiteSite
31052,26,19
timeStep,numberOfRobotsOnBlackSite,numberOfRobotsOnWhiteSite
31053,26,19
timeStep,numberOfRobotsOnBlackSite,numberOfRobotsOnWhiteSite
31054,26,19
timeStep,numberOfRobotsOnBlackSite,numberOfRobotsOnWhiteSite
31055,26,19
timeStep,numberOfRobotsOnBlackSite,numberOfRobotsOnWhiteSite
31056,26,19
timeStep,numberOfRobotsOnBlackSite,numberOfRobotsOnWhiteSite
31057,26,19
timeStep,numberOfRobotsOnBlackSite,numberOfRobotsOnWhiteSite
31058,26,19
timeStep,numberOfRobotsOnBlackSite,numberOfRobotsOnWhiteSite
31059,26,19
timeStep,numberOfRobotsOnBlackSite,numberOfRobotsOnWhiteSite
31060,26,19
timeStep,numberOfRobotsOnBlackSite,numberOfRobotsOnWhiteSite
31061,26,19
timeStep,numberOfRobotsOnBlackSite,numberOfRobotsOnWhiteSite
31062,26,19
timeStep,numberOfRobotsOnBlackSite,numberOfRobotsOnWhiteSite
31063,26,19
timeStep,numberOfRobotsOnBlackSite,numberOfRobotsOnWhiteSite
31064,26,19
timeStep,numberOfRobotsOnBlackSite,numberOfRobotsOnWhiteSite
31065,26,19
timeStep,numberOfRobotsOnBlackSite,numberOfRobotsOnWhiteSite
31066,26,19
timeStep,numberOfRobotsOnBlackSite,numberOfRobotsOnWhiteSite
31067,26,19
timeStep,numberOfRobotsOnBlackSite,numberOfRobotsOnWhiteSite
31068,26,19
timeStep,numberOfRobotsOnBlackSite,numberOfRobotsOnWhiteSite
31069,26,19
timeStep,numberOfRobotsOnBlackSite,numberOfRobotsOnWhiteSite
31070,26,19
timeStep,numberOfRobotsOnBlackSite,numberOfRobotsOnWhiteSite
31071,26,19
timeStep,numberOfRobotsOnBlackSite,numberOfRobotsOnWhiteSite
31072,26,19
timeStep,numberOfRobotsOnBlackSite,numberOfRobotsOnWhiteSite
31073,26,19
timeStep,numberOfRobotsOnBlackSite,numberOfRobotsOnWhiteSite
31074,26,19
timeStep,numberOfRobotsOnBlackSite,numberOfRobotsOnWhiteSite
31075,26,19
timeStep,numberOfRobotsOnBlackSite,numberOfRobotsOnWhiteSite
31076,26,19
timeStep,numberOfRobotsOnBlackSite,numberOfRobotsOnWhiteSite
31077,26,19
timeStep,numberOfRobotsOnBlackSite,numberOfRobotsOnWhiteSite
31078,26,19
timeStep,numberOfRobotsOnBlackSite,numberOfRobotsOnWhiteSite
31079,26,19
timeStep,numberOfRobotsOnBlackSite,numberOfRobotsOnWhiteSite
31080,26,19
timeStep,numberOfRobotsOnBlackSite,numberOfRobotsOnWhiteSite
31081,26,19
timeStep,numberOfRobotsOnBlackSite,numberOfRobotsOnWhiteSite
31082,26,19
timeStep,numberOfRobotsOnBlackSite,numberOfRobotsOnWhiteSite
31083,26,19
timeStep,numberOfRobotsOnBlackSite,numberOfRobotsOnWhiteSite
31084,26,19
timeStep,numberOfRobotsOnBlackSite,numberOfRobotsOnWhiteSite
31085,26,19
timeStep,numberOfRobotsOnBlackSite,numberOfRobotsOnWhiteSite
31086,26,19
timeStep,numberOfRobotsOnBlackSite,numberOfRobotsOnWhiteSite
31087,26,19
timeStep,numberOfRobotsOnBlackSite,numberOfRobotsOnWhiteSite
31088,26,19
timeStep,numberOfRobotsOnBlackSite,numberOfRobotsOnWhiteSite
31089,26,19
timeStep,numberOfRobotsOnBlackSite,numberOfRobotsOnWhiteSite
31090,26,19
timeStep,numberOfRobotsOnBlackSite,numberOfRobotsOnWhiteSite
31091,26,19
timeStep,numberOfRobotsOnBlackSite,numberOfRobotsOnWhiteSite
31092,26,19
timeStep,numberOfRobotsOnBlackSite,numberOfRobotsOnWhiteSite
31093,26,19
timeStep,numberOfRobotsOnBlackSite,numberOfRobotsOnWhiteSite
31094,26,19
timeStep,numberOfRobotsOnBlackSite,numberOfRobotsOnWhiteSite
31095,26,19
timeStep,numberOfRobotsOnBlackSite,numberOfRobotsOnWhiteSite
31096,26,19
timeStep,numberOfRobotsOnBlackSite,numberOfRobotsOnWhiteSite
31097,26,19
timeStep,numberOfRobotsOnBlackSite,numberOfRobotsOnWhiteSite
31098,26,19
timeStep,numberOfRobotsOnBlackSite,numberOfRobotsOnWhiteSite
31099,26,19
timeStep,numberOfRobotsOnBlackSite,numberOfRobotsOnWhiteSite
31100,26,19
timeStep,numberOfRobotsOnBlackSite,numberOfRobotsOnWhiteSite
31101,26,19
timeStep,numberOfRobotsOnBlackSite,numberOfRobotsOnWhiteSite
31102,26,19
timeStep,numberOfRobotsOnBlackSite,numberOfRobotsOnWhiteSite
31103,26,19
timeStep,numberOfRobotsOnBlackSite,numberOfRobotsOnWhiteSite
31104,26,19
timeStep,numberOfRobotsOnBlackSite,numberOfRobotsOnWhiteSite
31105,26,19
timeStep,numberOfRobotsOnBlackSite,numberOfRobotsOnWhiteSite
31106,26,19
timeStep,numberOfRobotsOnBlackSite,numberOfRobotsOnWhiteSite
31107,26,19
timeStep,numberOfRobotsOnBlackSite,numberOfRobotsOnWhiteSite
31108,26,19
timeStep,numberOfRobotsOnBlackSite,numberOfRobotsOnWhiteSite
31109,26,19
timeStep,numberOfRobotsOnBlackSite,numberOfRobotsOnWhiteSite
31110,26,19
timeStep,numberOfRobotsOnBlackSite,numberOfRobotsOnWhiteSite
31111,26,19
timeStep,numberOfRobotsOnBlackSite,numberOfRobotsOnWhiteSite
31112,26,19
timeStep,numberOfRobotsOnBlackSite,numberOfRobotsOnWhiteSite
31113,26,19
timeStep,numberOfRobotsOnBlackSite,numberOfRobotsOnWhiteSite
31114,26,19
timeStep,numberOfRobotsOnBlackSite,numberOfRobotsOnWhiteSite
31115,26,19
timeStep,numberOfRobotsOnBlackSite,numberOfRobotsOnWhiteSite
31116,26,19
timeStep,numberOfRobotsOnBlackSite,numberOfRobotsOnWhiteSite
31117,26,19
timeStep,numberOfRobotsOnBlackSite,numberOfRobotsOnWhiteSite
31118,26,19
timeStep,numberOfRobotsOnBlackSite,numberOfRobotsOnWhiteSite
31119,26,19
timeStep,numberOfRobotsOnBlackSite,numberOfRobotsOnWhiteSite
31120,26,19
timeStep,numberOfRobotsOnBlackSite,numberOfRobotsOnWhiteSite
31121,26,19
timeStep,numberOfRobotsOnBlackSite,numberOfRobotsOnWhiteSite
31122,26,19
timeStep,numberOfRobotsOnBlackSite,numberOfRobotsOnWhiteSite
31123,26,19
timeStep,numberOfRobotsOnBlackSite,numberOfRobotsOnWhiteSite
31124,26,19
timeStep,numberOfRobotsOnBlackSite,numberOfRobotsOnWhiteSite
31125,26,19
timeStep,numberOfRobotsOnBlackSite,numberOfRobotsOnWhiteSite
31126,26,19
timeStep,numberOfRobotsOnBlackSite,numberOfRobotsOnWhiteSite
31127,26,19
timeStep,numberOfRobotsOnBlackSite,numberOfRobotsOnWhiteSite
31128,26,19
timeStep,numberOfRobotsOnBlackSite,numberOfRobotsOnWhiteSite
31129,26,19
timeStep,numberOfRobotsOnBlackSite,numberOfRobotsOnWhiteSite
31130,26,19
timeStep,numberOfRobotsOnBlackSite,numberOfRobotsOnWhiteSite
31131,26,19
timeStep,numberOfRobotsOnBlackSite,numberOfRobotsOnWhiteSite
31132,26,19
timeStep,numberOfRobotsOnBlackSite,numberOfRobotsOnWhiteSite
31133,26,19
timeStep,numberOfRobotsOnBlackSite,numberOfRobotsOnWhiteSite
31134,26,19
timeStep,numberOfRobotsOnBlackSite,numberOfRobotsOnWhiteSite
31135,26,19
timeStep,numberOfRobotsOnBlackSite,numberOfRobotsOnWhiteSite
31136,26,19
timeStep,numberOfRobotsOnBlackSite,numberOfRobotsOnWhiteSite
31137,26,19
timeStep,numberOfRobotsOnBlackSite,numberOfRobotsOnWhiteSite
31138,26,19
timeStep,numberOfRobotsOnBlackSite,numberOfRobotsOnWhiteSite
31139,26,19
timeStep,numberOfRobotsOnBlackSite,numberOfRobotsOnWhiteSite
31140,26,19
timeStep,numberOfRobotsOnBlackSite,numberOfRobotsOnWhiteSite
31141,26,19
timeStep,numberOfRobotsOnBlackSite,numberOfRobotsOnWhiteSite
31142,26,19
timeStep,numberOfRobotsOnBlackSite,numberOfRobotsOnWhiteSite
31143,26,19
timeStep,numberOfRobotsOnBlackSite,numberOfRobotsOnWhiteSite
31144,26,19
timeStep,numberOfRobotsOnBlackSite,numberOfRobotsOnWhiteSite
31145,26,19
timeStep,numberOfRobotsOnBlackSite,numberOfRobotsOnWhiteSite
31146,26,19
timeStep,numberOfRobotsOnBlackSite,numberOfRobotsOnWhiteSite
31147,26,19
timeStep,numberOfRobotsOnBlackSite,numberOfRobotsOnWhiteSite
31148,26,19
timeStep,numberOfRobotsOnBlackSite,numberOfRobotsOnWhiteSite
31149,26,19
timeStep,numberOfRobotsOnBlackSite,numberOfRobotsOnWhiteSite
31150,26,19
timeStep,numberOfRobotsOnBlackSite,numberOfRobotsOnWhiteSite
31151,26,19
timeStep,numberOfRobotsOnBlackSite,numberOfRobotsOnWhiteSite
31152,26,19
timeStep,numberOfRobotsOnBlackSite,numberOfRobotsOnWhiteSite
31153,26,19
timeStep,numberOfRobotsOnBlackSite,numberOfRobotsOnWhiteSite
31154,26,19
timeStep,numberOfRobotsOnBlackSite,numberOfRobotsOnWhiteSite
31155,26,19
timeStep,numberOfRobotsOnBlackSite,numberOfRobotsOnWhiteSite
31156,26,19
timeStep,numberOfRobotsOnBlackSite,numberOfRobotsOnWhiteSite
31157,26,19
timeStep,numberOfRobotsOnBlackSite,numberOfRobotsOnWhiteSite
31158,26,19
timeStep,numberOfRobotsOnBlackSite,numberOfRobotsOnWhiteSite
31159,26,19
timeStep,numberOfRobotsOnBlackSite,numberOfRobotsOnWhiteSite
31160,26,19
timeStep,numberOfRobotsOnBlackSite,numberOfRobotsOnWhiteSite
31161,26,19
timeStep,numberOfRobotsOnBlackSite,numberOfRobotsOnWhiteSite
31162,26,19
timeStep,numberOfRobotsOnBlackSite,numberOfRobotsOnWhiteSite
31163,26,19
timeStep,numberOfRobotsOnBlackSite,numberOfRobotsOnWhiteSite
31164,26,19
timeStep,numberOfRobotsOnBlackSite,numberOfRobotsOnWhiteSite
31165,26,19
timeStep,numberOfRobotsOnBlackSite,numberOfRobotsOnWhiteSite
31166,26,19
timeStep,numberOfRobotsOnBlackSite,numberOfRobotsOnWhiteSite
31167,26,19
timeStep,numberOfRobotsOnBlackSite,numberOfRobotsOnWhiteSite
31168,26,19
timeStep,numberOfRobotsOnBlackSite,numberOfRobotsOnWhiteSite
31169,26,19
timeStep,numberOfRobotsOnBlackSite,numberOfRobotsOnWhiteSite
31170,26,19
timeStep,numberOfRobotsOnBlackSite,numberOfRobotsOnWhiteSite
31171,26,19
timeStep,numberOfRobotsOnBlackSite,numberOfRobotsOnWhiteSite
31172,26,19
timeStep,numberOfRobotsOnBlackSite,numberOfRobotsOnWhiteSite
31173,26,19
timeStep,numberOfRobotsOnBlackSite,numberOfRobotsOnWhiteSite
31174,26,19
timeStep,numberOfRobotsOnBlackSite,numberOfRobotsOnWhiteSite
31175,26,19
timeStep,numberOfRobotsOnBlackSite,numberOfRobotsOnWhiteSite
31176,26,19
timeStep,numberOfRobotsOnBlackSite,numberOfRobotsOnWhiteSite
31177,26,19
timeStep,numberOfRobotsOnBlackSite,numberOfRobotsOnWhiteSite
31178,26,19
timeStep,numberOfRobotsOnBlackSite,numberOfRobotsOnWhiteSite
31179,26,19
timeStep,numberOfRobotsOnBlackSite,numberOfRobotsOnWhiteSite
31180,26,19
timeStep,numberOfRobotsOnBlackSite,numberOfRobotsOnWhiteSite
31181,26,19
timeStep,numberOfRobotsOnBlackSite,numberOfRobotsOnWhiteSite
31182,26,19
timeStep,numberOfRobotsOnBlackSite,numberOfRobotsOnWhiteSite
31183,26,19
timeStep,numberOfRobotsOnBlackSite,numberOfRobotsOnWhiteSite
31184,26,19
timeStep,numberOfRobotsOnBlackSite,numberOfRobotsOnWhiteSite
31185,26,19
timeStep,numberOfRobotsOnBlackSite,numberOfRobotsOnWhiteSite
31186,26,19
timeStep,numberOfRobotsOnBlackSite,numberOfRobotsOnWhiteSite
31187,26,19
timeStep,numberOfRobotsOnBlackSite,numberOfRobotsOnWhiteSite
31188,26,19
timeStep,numberOfRobotsOnBlackSite,numberOfRobotsOnWhiteSite
31189,26,19
timeStep,numberOfRobotsOnBlackSite,numberOfRobotsOnWhiteSite
31190,26,19
timeStep,numberOfRobotsOnBlackSite,numberOfRobotsOnWhiteSite
31191,26,19
timeStep,numberOfRobotsOnBlackSite,numberOfRobotsOnWhiteSite
31192,26,19
timeStep,numberOfRobotsOnBlackSite,numberOfRobotsOnWhiteSite
31193,26,19
timeStep,numberOfRobotsOnBlackSite,numberOfRobotsOnWhiteSite
31194,26,19
timeStep,numberOfRobotsOnBlackSite,numberOfRobotsOnWhiteSite
31195,26,19
timeStep,numberOfRobotsOnBlackSite,numberOfRobotsOnWhiteSite
31196,26,19
timeStep,numberOfRobotsOnBlackSite,numberOfRobotsOnWhiteSite
31197,26,19
timeStep,numberOfRobotsOnBlackSite,numberOfRobotsOnWhiteSite
31198,26,19
timeStep,numberOfRobotsOnBlackSite,numberOfRobotsOnWhiteSite
31199,26,19
timeStep,numberOfRobotsOnBlackSite,numberOfRobotsOnWhiteSite
31200,26,19
timeStep,numberOfRobotsOnBlackSite,numberOfRobotsOnWhiteSite
31201,26,19
timeStep,numberOfRobotsOnBlackSite,numberOfRobotsOnWhiteSite
31202,26,19
timeStep,numberOfRobotsOnBlackSite,numberOfRobotsOnWhiteSite
31203,26,19
timeStep,numberOfRobotsOnBlackSite,numberOfRobotsOnWhiteSite
31204,26,19
timeStep,numberOfRobotsOnBlackSite,numberOfRobotsOnWhiteSite
31205,26,19
timeStep,numberOfRobotsOnBlackSite,numberOfRobotsOnWhiteSite
31206,26,19
timeStep,numberOfRobotsOnBlackSite,numberOfRobotsOnWhiteSite
31207,26,19
timeStep,numberOfRobotsOnBlackSite,numberOfRobotsOnWhiteSite
31208,26,19
timeStep,numberOfRobotsOnBlackSite,numberOfRobotsOnWhiteSite
31209,26,19
timeStep,numberOfRobotsOnBlackSite,numberOfRobotsOnWhiteSite
31210,26,19
timeStep,numberOfRobotsOnBlackSite,numberOfRobotsOnWhiteSite
31211,26,19
timeStep,numberOfRobotsOnBlackSite,numberOfRobotsOnWhiteSite
31212,26,19
timeStep,numberOfRobotsOnBlackSite,numberOfRobotsOnWhiteSite
31213,26,19
timeStep,numberOfRobotsOnBlackSite,numberOfRobotsOnWhiteSite
31214,26,19
timeStep,numberOfRobotsOnBlackSite,numberOfRobotsOnWhiteSite
31215,27,19
timeStep,numberOfRobotsOnBlackSite,numberOfRobotsOnWhiteSite
31216,27,19
timeStep,numberOfRobotsOnBlackSite,numberOfRobotsOnWhiteSite
31217,27,19
timeStep,numberOfRobotsOnBlackSite,numberOfRobotsOnWhiteSite
31218,27,19
timeStep,numberOfRobotsOnBlackSite,numberOfRobotsOnWhiteSite
31219,27,19
timeStep,numberOfRobotsOnBlackSite,numberOfRobotsOnWhiteSite
31220,27,19
timeStep,numberOfRobotsOnBlackSite,numberOfRobotsOnWhiteSite
31221,27,19
timeStep,numberOfRobotsOnBlackSite,numberOfRobotsOnWhiteSite
31222,27,19
timeStep,numberOfRobotsOnBlackSite,numberOfRobotsOnWhiteSite
31223,27,19
timeStep,numberOfRobotsOnBlackSite,numberOfRobotsOnWhiteSite
31224,27,19
timeStep,numberOfRobotsOnBlackSite,numberOfRobotsOnWhiteSite
31225,27,19
timeStep,numberOfRobotsOnBlackSite,numberOfRobotsOnWhiteSite
31226,27,19
timeStep,numberOfRobotsOnBlackSite,numberOfRobotsOnWhiteSite
31227,27,19
timeStep,numberOfRobotsOnBlackSite,numberOfRobotsOnWhiteSite
31228,27,19
timeStep,numberOfRobotsOnBlackSite,numberOfRobotsOnWhiteSite
31229,27,19
timeStep,numberOfRobotsOnBlackSite,numberOfRobotsOnWhiteSite
31230,27,19
timeStep,numberOfRobotsOnBlackSite,numberOfRobotsOnWhiteSite
31231,27,19
timeStep,numberOfRobotsOnBlackSite,numberOfRobotsOnWhiteSite
31232,27,19
timeStep,numberOfRobotsOnBlackSite,numberOfRobotsOnWhiteSite
31233,27,19
timeStep,numberOfRobotsOnBlackSite,numberOfRobotsOnWhiteSite
31234,27,19
timeStep,numberOfRobotsOnBlackSite,numberOfRobotsOnWhiteSite
31235,27,19
timeStep,numberOfRobotsOnBlackSite,numberOfRobotsOnWhiteSite
31236,27,19
timeStep,numberOfRobotsOnBlackSite,numberOfRobotsOnWhiteSite
31237,27,19
timeStep,numberOfRobotsOnBlackSite,numberOfRobotsOnWhiteSite
31238,27,19
timeStep,numberOfRobotsOnBlackSite,numberOfRobotsOnWhiteSite
31239,27,19
timeStep,numberOfRobotsOnBlackSite,numberOfRobotsOnWhiteSite
31240,27,19
timeStep,numberOfRobotsOnBlackSite,numberOfRobotsOnWhiteSite
31241,27,19
timeStep,numberOfRobotsOnBlackSite,numberOfRobotsOnWhiteSite
31242,27,19
timeStep,numberOfRobotsOnBlackSite,numberOfRobotsOnWhiteSite
31243,27,19
timeStep,numberOfRobotsOnBlackSite,numberOfRobotsOnWhiteSite
31244,27,19
timeStep,numberOfRobotsOnBlackSite,numberOfRobotsOnWhiteSite
31245,27,19
timeStep,numberOfRobotsOnBlackSite,numberOfRobotsOnWhiteSite
31246,27,19
timeStep,numberOfRobotsOnBlackSite,numberOfRobotsOnWhiteSite
31247,27,19
timeStep,numberOfRobotsOnBlackSite,numberOfRobotsOnWhiteSite
31248,27,19
timeStep,numberOfRobotsOnBlackSite,numberOfRobotsOnWhiteSite
31249,27,19
timeStep,numberOfRobotsOnBlackSite,numberOfRobotsOnWhiteSite
31250,27,18
timeStep,numberOfRobotsOnBlackSite,numberOfRobotsOnWhiteSite
31251,27,18
timeStep,numberOfRobotsOnBlackSite,numberOfRobotsOnWhiteSite
31252,27,18
timeStep,numberOfRobotsOnBlackSite,numberOfRobotsOnWhiteSite
31253,27,18
timeStep,numberOfRobotsOnBlackSite,numberOfRobotsOnWhiteSite
31254,27,18
timeStep,numberOfRobotsOnBlackSite,numberOfRobotsOnWhiteSite
31255,27,18
timeStep,numberOfRobotsOnBlackSite,numberOfRobotsOnWhiteSite
31256,27,18
timeStep,numberOfRobotsOnBlackSite,numberOfRobotsOnWhiteSite
31257,27,18
timeStep,numberOfRobotsOnBlackSite,numberOfRobotsOnWhiteSite
31258,27,18
timeStep,numberOfRobotsOnBlackSite,numberOfRobotsOnWhiteSite
31259,27,18
timeStep,numberOfRobotsOnBlackSite,numberOfRobotsOnWhiteSite
31260,27,18
timeStep,numberOfRobotsOnBlackSite,numberOfRobotsOnWhiteSite
31261,27,18
timeStep,numberOfRobotsOnBlackSite,numberOfRobotsOnWhiteSite
31262,27,18
timeStep,numberOfRobotsOnBlackSite,numberOfRobotsOnWhiteSite
31263,27,18
timeStep,numberOfRobotsOnBlackSite,numberOfRobotsOnWhiteSite
31264,27,18
timeStep,numberOfRobotsOnBlackSite,numberOfRobotsOnWhiteSite
31265,27,18
timeStep,numberOfRobotsOnBlackSite,numberOfRobotsOnWhiteSite
31266,27,18
timeStep,numberOfRobotsOnBlackSite,numberOfRobotsOnWhiteSite
31267,27,18
timeStep,numberOfRobotsOnBlackSite,numberOfRobotsOnWhiteSite
31268,27,18
timeStep,numberOfRobotsOnBlackSite,numberOfRobotsOnWhiteSite
31269,27,18
timeStep,numberOfRobotsOnBlackSite,numberOfRobotsOnWhiteSite
31270,27,18
timeStep,numberOfRobotsOnBlackSite,numberOfRobotsOnWhiteSite
31271,27,18
timeStep,numberOfRobotsOnBlackSite,numberOfRobotsOnWhiteSite
31272,27,18
timeStep,numberOfRobotsOnBlackSite,numberOfRobotsOnWhiteSite
31273,27,18
timeStep,numberOfRobotsOnBlackSite,numberOfRobotsOnWhiteSite
31274,27,18
timeStep,numberOfRobotsOnBlackSite,numberOfRobotsOnWhiteSite
31275,27,18
timeStep,numberOfRobotsOnBlackSite,numberOfRobotsOnWhiteSite
31276,27,18
timeStep,numberOfRobotsOnBlackSite,numberOfRobotsOnWhiteSite
31277,27,18
timeStep,numberOfRobotsOnBlackSite,numberOfRobotsOnWhiteSite
31278,27,18
timeStep,numberOfRobotsOnBlackSite,numberOfRobotsOnWhiteSite
31279,27,18
timeStep,numberOfRobotsOnBlackSite,numberOfRobotsOnWhiteSite
31280,27,18
timeStep,numberOfRobotsOnBlackSite,numberOfRobotsOnWhiteSite
31281,27,18
timeStep,numberOfRobotsOnBlackSite,numberOfRobotsOnWhiteSite
31282,27,18
timeStep,numberOfRobotsOnBlackSite,numberOfRobotsOnWhiteSite
31283,27,18
timeStep,numberOfRobotsOnBlackSite,numberOfRobotsOnWhiteSite
31284,27,18
timeStep,numberOfRobotsOnBlackSite,numberOfRobotsOnWhiteSite
31285,27,18
timeStep,numberOfRobotsOnBlackSite,numberOfRobotsOnWhiteSite
31286,27,18
timeStep,numberOfRobotsOnBlackSite,numberOfRobotsOnWhiteSite
31287,27,18
timeStep,numberOfRobotsOnBlackSite,numberOfRobotsOnWhiteSite
31288,27,18
timeStep,numberOfRobotsOnBlackSite,numberOfRobotsOnWhiteSite
31289,27,18
timeStep,numberOfRobotsOnBlackSite,numberOfRobotsOnWhiteSite
31290,27,18
timeStep,numberOfRobotsOnBlackSite,numberOfRobotsOnWhiteSite
31291,27,18
timeStep,numberOfRobotsOnBlackSite,numberOfRobotsOnWhiteSite
31292,27,18
timeStep,numberOfRobotsOnBlackSite,numberOfRobotsOnWhiteSite
31293,27,18
timeStep,numberOfRobotsOnBlackSite,numberOfRobotsOnWhiteSite
31294,27,18
timeStep,numberOfRobotsOnBlackSite,numberOfRobotsOnWhiteSite
31295,27,18
timeStep,numberOfRobotsOnBlackSite,numberOfRobotsOnWhiteSite
31296,27,18
timeStep,numberOfRobotsOnBlackSite,numberOfRobotsOnWhiteSite
31297,27,18
timeStep,numberOfRobotsOnBlackSite,numberOfRobotsOnWhiteSite
31298,27,18
timeStep,numberOfRobotsOnBlackSite,numberOfRobotsOnWhiteSite
31299,27,18
timeStep,numberOfRobotsOnBlackSite,numberOfRobotsOnWhiteSite
31300,27,19
timeStep,numberOfRobotsOnBlackSite,numberOfRobotsOnWhiteSite
31301,27,19
timeStep,numberOfRobotsOnBlackSite,numberOfRobotsOnWhiteSite
31302,27,19
timeStep,numberOfRobotsOnBlackSite,numberOfRobotsOnWhiteSite
31303,27,19
timeStep,numberOfRobotsOnBlackSite,numberOfRobotsOnWhiteSite
31304,27,19
timeStep,numberOfRobotsOnBlackSite,numberOfRobotsOnWhiteSite
31305,27,19
timeStep,numberOfRobotsOnBlackSite,numberOfRobotsOnWhiteSite
31306,27,19
timeStep,numberOfRobotsOnBlackSite,numberOfRobotsOnWhiteSite
31307,27,19
timeStep,numberOfRobotsOnBlackSite,numberOfRobotsOnWhiteSite
31308,27,19
timeStep,numberOfRobotsOnBlackSite,numberOfRobotsOnWhiteSite
31309,27,19
timeStep,numberOfRobotsOnBlackSite,numberOfRobotsOnWhiteSite
31310,27,19
timeStep,numberOfRobotsOnBlackSite,numberOfRobotsOnWhiteSite
31311,27,19
timeStep,numberOfRobotsOnBlackSite,numberOfRobotsOnWhiteSite
31312,27,19
timeStep,numberOfRobotsOnBlackSite,numberOfRobotsOnWhiteSite
31313,27,19
timeStep,numberOfRobotsOnBlackSite,numberOfRobotsOnWhiteSite
31314,27,19
timeStep,numberOfRobotsOnBlackSite,numberOfRobotsOnWhiteSite
31315,27,19
timeStep,numberOfRobotsOnBlackSite,numberOfRobotsOnWhiteSite
31316,27,19
timeStep,numberOfRobotsOnBlackSite,numberOfRobotsOnWhiteSite
31317,27,19
timeStep,numberOfRobotsOnBlackSite,numberOfRobotsOnWhiteSite
31318,27,19
timeStep,numberOfRobotsOnBlackSite,numberOfRobotsOnWhiteSite
31319,27,19
timeStep,numberOfRobotsOnBlackSite,numberOfRobotsOnWhiteSite
31320,27,19
timeStep,numberOfRobotsOnBlackSite,numberOfRobotsOnWhiteSite
31321,27,19
timeStep,numberOfRobotsOnBlackSite,numberOfRobotsOnWhiteSite
31322,27,19
timeStep,numberOfRobotsOnBlackSite,numberOfRobotsOnWhiteSite
31323,27,19
timeStep,numberOfRobotsOnBlackSite,numberOfRobotsOnWhiteSite
31324,27,19
timeStep,numberOfRobotsOnBlackSite,numberOfRobotsOnWhiteSite
31325,27,19
timeStep,numberOfRobotsOnBlackSite,numberOfRobotsOnWhiteSite
31326,27,19
timeStep,numberOfRobotsOnBlackSite,numberOfRobotsOnWhiteSite
31327,27,19
timeStep,numberOfRobotsOnBlackSite,numberOfRobotsOnWhiteSite
31328,27,19
timeStep,numberOfRobotsOnBlackSite,numberOfRobotsOnWhiteSite
31329,27,19
timeStep,numberOfRobotsOnBlackSite,numberOfRobotsOnWhiteSite
31330,27,19
timeStep,numberOfRobotsOnBlackSite,numberOfRobotsOnWhiteSite
31331,27,19
timeStep,numberOfRobotsOnBlackSite,numberOfRobotsOnWhiteSite
31332,27,19
timeStep,numberOfRobotsOnBlackSite,numberOfRobotsOnWhiteSite
31333,27,19
timeStep,numberOfRobotsOnBlackSite,numberOfRobotsOnWhiteSite
31334,27,19
timeStep,numberOfRobotsOnBlackSite,numberOfRobotsOnWhiteSite
31335,27,19
timeStep,numberOfRobotsOnBlackSite,numberOfRobotsOnWhiteSite
31336,27,19
timeStep,numberOfRobotsOnBlackSite,numberOfRobotsOnWhiteSite
31337,27,19
timeStep,numberOfRobotsOnBlackSite,numberOfRobotsOnWhiteSite
31338,27,19
timeStep,numberOfRobotsOnBlackSite,numberOfRobotsOnWhiteSite
31339,27,19
timeStep,numberOfRobotsOnBlackSite,numberOfRobotsOnWhiteSite
31340,27,19
timeStep,numberOfRobotsOnBlackSite,numberOfRobotsOnWhiteSite
31341,27,19
timeStep,numberOfRobotsOnBlackSite,numberOfRobotsOnWhiteSite
31342,27,19
timeStep,numberOfRobotsOnBlackSite,numberOfRobotsOnWhiteSite
31343,27,19
timeStep,numberOfRobotsOnBlackSite,numberOfRobotsOnWhiteSite
31344,27,19
timeStep,numberOfRobotsOnBlackSite,numberOfRobotsOnWhiteSite
31345,27,19
timeStep,numberOfRobotsOnBlackSite,numberOfRobotsOnWhiteSite
31346,27,19
timeStep,numberOfRobotsOnBlackSite,numberOfRobotsOnWhiteSite
31347,27,19
timeStep,numberOfRobotsOnBlackSite,numberOfRobotsOnWhiteSite
31348,27,19
timeStep,numberOfRobotsOnBlackSite,numberOfRobotsOnWhiteSite
31349,27,19
timeStep,numberOfRobotsOnBlackSite,numberOfRobotsOnWhiteSite
31350,27,19
timeStep,numberOfRobotsOnBlackSite,numberOfRobotsOnWhiteSite
31351,27,19
timeStep,numberOfRobotsOnBlackSite,numberOfRobotsOnWhiteSite
31352,27,19
timeStep,numberOfRobotsOnBlackSite,numberOfRobotsOnWhiteSite
31353,27,19
timeStep,numberOfRobotsOnBlackSite,numberOfRobotsOnWhiteSite
31354,27,19
timeStep,numberOfRobotsOnBlackSite,numberOfRobotsOnWhiteSite
31355,27,19
timeStep,numberOfRobotsOnBlackSite,numberOfRobotsOnWhiteSite
31356,27,19
timeStep,numberOfRobotsOnBlackSite,numberOfRobotsOnWhiteSite
31357,27,19
timeStep,numberOfRobotsOnBlackSite,numberOfRobotsOnWhiteSite
31358,27,19
timeStep,numberOfRobotsOnBlackSite,numberOfRobotsOnWhiteSite
31359,27,19
timeStep,numberOfRobotsOnBlackSite,numberOfRobotsOnWhiteSite
31360,27,19
timeStep,numberOfRobotsOnBlackSite,numberOfRobotsOnWhiteSite
31361,27,19
timeStep,numberOfRobotsOnBlackSite,numberOfRobotsOnWhiteSite
31362,27,19
timeStep,numberOfRobotsOnBlackSite,numberOfRobotsOnWhiteSite
31363,27,19
timeStep,numberOfRobotsOnBlackSite,numberOfRobotsOnWhiteSite
31364,27,19
timeStep,numberOfRobotsOnBlackSite,numberOfRobotsOnWhiteSite
31365,27,19
timeStep,numberOfRobotsOnBlackSite,numberOfRobotsOnWhiteSite
31366,27,19
timeStep,numberOfRobotsOnBlackSite,numberOfRobotsOnWhiteSite
31367,27,19
timeStep,numberOfRobotsOnBlackSite,numberOfRobotsOnWhiteSite
31368,27,19
timeStep,numberOfRobotsOnBlackSite,numberOfRobotsOnWhiteSite
31369,27,19
timeStep,numberOfRobotsOnBlackSite,numberOfRobotsOnWhiteSite
31370,27,19
timeStep,numberOfRobotsOnBlackSite,numberOfRobotsOnWhiteSite
31371,27,19
timeStep,numberOfRobotsOnBlackSite,numberOfRobotsOnWhiteSite
31372,27,19
timeStep,numberOfRobotsOnBlackSite,numberOfRobotsOnWhiteSite
31373,27,19
timeStep,numberOfRobotsOnBlackSite,numberOfRobotsOnWhiteSite
31374,27,19
timeStep,numberOfRobotsOnBlackSite,numberOfRobotsOnWhiteSite
31375,27,19
timeStep,numberOfRobotsOnBlackSite,numberOfRobotsOnWhiteSite
31376,27,19
timeStep,numberOfRobotsOnBlackSite,numberOfRobotsOnWhiteSite
31377,27,19
timeStep,numberOfRobotsOnBlackSite,numberOfRobotsOnWhiteSite
31378,27,19
timeStep,numberOfRobotsOnBlackSite,numberOfRobotsOnWhiteSite
31379,27,19
timeStep,numberOfRobotsOnBlackSite,numberOfRobotsOnWhiteSite
31380,27,19
timeStep,numberOfRobotsOnBlackSite,numberOfRobotsOnWhiteSite
31381,27,19
timeStep,numberOfRobotsOnBlackSite,numberOfRobotsOnWhiteSite
31382,27,19
timeStep,numberOfRobotsOnBlackSite,numberOfRobotsOnWhiteSite
31383,27,19
timeStep,numberOfRobotsOnBlackSite,numberOfRobotsOnWhiteSite
31384,27,19
timeStep,numberOfRobotsOnBlackSite,numberOfRobotsOnWhiteSite
31385,27,19
timeStep,numberOfRobotsOnBlackSite,numberOfRobotsOnWhiteSite
31386,27,19
timeStep,numberOfRobotsOnBlackSite,numberOfRobotsOnWhiteSite
31387,27,19
timeStep,numberOfRobotsOnBlackSite,numberOfRobotsOnWhiteSite
31388,27,19
timeStep,numberOfRobotsOnBlackSite,numberOfRobotsOnWhiteSite
31389,27,19
timeStep,numberOfRobotsOnBlackSite,numberOfRobotsOnWhiteSite
31390,27,19
timeStep,numberOfRobotsOnBlackSite,numberOfRobotsOnWhiteSite
31391,27,19
timeStep,numberOfRobotsOnBlackSite,numberOfRobotsOnWhiteSite
31392,27,19
timeStep,numberOfRobotsOnBlackSite,numberOfRobotsOnWhiteSite
31393,27,19
timeStep,numberOfRobotsOnBlackSite,numberOfRobotsOnWhiteSite
31394,27,19
timeStep,numberOfRobotsOnBlackSite,numberOfRobotsOnWhiteSite
31395,27,19
timeStep,numberOfRobotsOnBlackSite,numberOfRobotsOnWhiteSite
31396,27,19
timeStep,numberOfRobotsOnBlackSite,numberOfRobotsOnWhiteSite
31397,27,19
timeStep,numberOfRobotsOnBlackSite,numberOfRobotsOnWhiteSite
31398,27,19
timeStep,numberOfRobotsOnBlackSite,numberOfRobotsOnWhiteSite
31399,27,19
timeStep,numberOfRobotsOnBlackSite,numberOfRobotsOnWhiteSite
31400,27,19
timeStep,numberOfRobotsOnBlackSite,numberOfRobotsOnWhiteSite
31401,27,19
timeStep,numberOfRobotsOnBlackSite,numberOfRobotsOnWhiteSite
31402,27,19
timeStep,numberOfRobotsOnBlackSite,numberOfRobotsOnWhiteSite
31403,27,19
timeStep,numberOfRobotsOnBlackSite,numberOfRobotsOnWhiteSite
31404,27,19
timeStep,numberOfRobotsOnBlackSite,numberOfRobotsOnWhiteSite
31405,27,19
timeStep,numberOfRobotsOnBlackSite,numberOfRobotsOnWhiteSite
31406,27,19
timeStep,numberOfRobotsOnBlackSite,numberOfRobotsOnWhiteSite
31407,27,19
timeStep,numberOfRobotsOnBlackSite,numberOfRobotsOnWhiteSite
31408,27,19
timeStep,numberOfRobotsOnBlackSite,numberOfRobotsOnWhiteSite
31409,27,19
timeStep,numberOfRobotsOnBlackSite,numberOfRobotsOnWhiteSite
31410,27,19
timeStep,numberOfRobotsOnBlackSite,numberOfRobotsOnWhiteSite
31411,27,19
timeStep,numberOfRobotsOnBlackSite,numberOfRobotsOnWhiteSite
31412,27,19
timeStep,numberOfRobotsOnBlackSite,numberOfRobotsOnWhiteSite
31413,27,19
timeStep,numberOfRobotsOnBlackSite,numberOfRobotsOnWhiteSite
31414,27,19
timeStep,numberOfRobotsOnBlackSite,numberOfRobotsOnWhiteSite
31415,27,19
timeStep,numberOfRobotsOnBlackSite,numberOfRobotsOnWhiteSite
31416,27,19
timeStep,numberOfRobotsOnBlackSite,numberOfRobotsOnWhiteSite
31417,27,19
timeStep,numberOfRobotsOnBlackSite,numberOfRobotsOnWhiteSite
31418,27,19
timeStep,numberOfRobotsOnBlackSite,numberOfRobotsOnWhiteSite
31419,27,19
timeStep,numberOfRobotsOnBlackSite,numberOfRobotsOnWhiteSite
31420,27,19
timeStep,numberOfRobotsOnBlackSite,numberOfRobotsOnWhiteSite
31421,27,19
timeStep,numberOfRobotsOnBlackSite,numberOfRobotsOnWhiteSite
31422,27,19
timeStep,numberOfRobotsOnBlackSite,numberOfRobotsOnWhiteSite
31423,27,19
timeStep,numberOfRobotsOnBlackSite,numberOfRobotsOnWhiteSite
31424,27,19
timeStep,numberOfRobotsOnBlackSite,numberOfRobotsOnWhiteSite
31425,27,19
timeStep,numberOfRobotsOnBlackSite,numberOfRobotsOnWhiteSite
31426,27,19
timeStep,numberOfRobotsOnBlackSite,numberOfRobotsOnWhiteSite
31427,27,19
timeStep,numberOfRobotsOnBlackSite,numberOfRobotsOnWhiteSite
31428,27,19
timeStep,numberOfRobotsOnBlackSite,numberOfRobotsOnWhiteSite
31429,27,19
timeStep,numberOfRobotsOnBlackSite,numberOfRobotsOnWhiteSite
31430,27,19
timeStep,numberOfRobotsOnBlackSite,numberOfRobotsOnWhiteSite
31431,27,19
timeStep,numberOfRobotsOnBlackSite,numberOfRobotsOnWhiteSite
31432,27,19
timeStep,numberOfRobotsOnBlackSite,numberOfRobotsOnWhiteSite
31433,27,19
timeStep,numberOfRobotsOnBlackSite,numberOfRobotsOnWhiteSite
31434,27,19
timeStep,numberOfRobotsOnBlackSite,numberOfRobotsOnWhiteSite
31435,27,19
timeStep,numberOfRobotsOnBlackSite,numberOfRobotsOnWhiteSite
31436,27,19
timeStep,numberOfRobotsOnBlackSite,numberOfRobotsOnWhiteSite
31437,27,19
timeStep,numberOfRobotsOnBlackSite,numberOfRobotsOnWhiteSite
31438,27,19
timeStep,numberOfRobotsOnBlackSite,numberOfRobotsOnWhiteSite
31439,27,19
timeStep,numberOfRobotsOnBlackSite,numberOfRobotsOnWhiteSite
31440,27,19
timeStep,numberOfRobotsOnBlackSite,numberOfRobotsOnWhiteSite
31441,27,19
timeStep,numberOfRobotsOnBlackSite,numberOfRobotsOnWhiteSite
31442,27,19
timeStep,numberOfRobotsOnBlackSite,numberOfRobotsOnWhiteSite
31443,27,19
timeStep,numberOfRobotsOnBlackSite,numberOfRobotsOnWhiteSite
31444,27,19
timeStep,numberOfRobotsOnBlackSite,numberOfRobotsOnWhiteSite
31445,27,19
timeStep,numberOfRobotsOnBlackSite,numberOfRobotsOnWhiteSite
31446,27,19
timeStep,numberOfRobotsOnBlackSite,numberOfRobotsOnWhiteSite
31447,27,19
timeStep,numberOfRobotsOnBlackSite,numberOfRobotsOnWhiteSite
31448,27,19
timeStep,numberOfRobotsOnBlackSite,numberOfRobotsOnWhiteSite
31449,27,19
timeStep,numberOfRobotsOnBlackSite,numberOfRobotsOnWhiteSite
31450,27,19
timeStep,numberOfRobotsOnBlackSite,numberOfRobotsOnWhiteSite
31451,27,19
timeStep,numberOfRobotsOnBlackSite,numberOfRobotsOnWhiteSite
31452,27,19
timeStep,numberOfRobotsOnBlackSite,numberOfRobotsOnWhiteSite
31453,27,19
timeStep,numberOfRobotsOnBlackSite,numberOfRobotsOnWhiteSite
31454,27,19
timeStep,numberOfRobotsOnBlackSite,numberOfRobotsOnWhiteSite
31455,27,19
timeStep,numberOfRobotsOnBlackSite,numberOfRobotsOnWhiteSite
31456,27,19
timeStep,numberOfRobotsOnBlackSite,numberOfRobotsOnWhiteSite
31457,27,19
timeStep,numberOfRobotsOnBlackSite,numberOfRobotsOnWhiteSite
31458,27,19
timeStep,numberOfRobotsOnBlackSite,numberOfRobotsOnWhiteSite
31459,27,19
timeStep,numberOfRobotsOnBlackSite,numberOfRobotsOnWhiteSite
31460,27,19
timeStep,numberOfRobotsOnBlackSite,numberOfRobotsOnWhiteSite
31461,27,19
timeStep,numberOfRobotsOnBlackSite,numberOfRobotsOnWhiteSite
31462,27,19
timeStep,numberOfRobotsOnBlackSite,numberOfRobotsOnWhiteSite
31463,27,19
timeStep,numberOfRobotsOnBlackSite,numberOfRobotsOnWhiteSite
31464,27,19
timeStep,numberOfRobotsOnBlackSite,numberOfRobotsOnWhiteSite
31465,27,19
timeStep,numberOfRobotsOnBlackSite,numberOfRobotsOnWhiteSite
31466,27,19
timeStep,numberOfRobotsOnBlackSite,numberOfRobotsOnWhiteSite
31467,27,19
timeStep,numberOfRobotsOnBlackSite,numberOfRobotsOnWhiteSite
31468,27,19
timeStep,numberOfRobotsOnBlackSite,numberOfRobotsOnWhiteSite
31469,27,19
timeStep,numberOfRobotsOnBlackSite,numberOfRobotsOnWhiteSite
31470,27,19
timeStep,numberOfRobotsOnBlackSite,numberOfRobotsOnWhiteSite
31471,27,19
timeStep,numberOfRobotsOnBlackSite,numberOfRobotsOnWhiteSite
31472,27,19
timeStep,numberOfRobotsOnBlackSite,numberOfRobotsOnWhiteSite
31473,27,19
timeStep,numberOfRobotsOnBlackSite,numberOfRobotsOnWhiteSite
31474,27,19
timeStep,numberOfRobotsOnBlackSite,numberOfRobotsOnWhiteSite
31475,27,19
timeStep,numberOfRobotsOnBlackSite,numberOfRobotsOnWhiteSite
31476,27,19
timeStep,numberOfRobotsOnBlackSite,numberOfRobotsOnWhiteSite
31477,27,19
timeStep,numberOfRobotsOnBlackSite,numberOfRobotsOnWhiteSite
31478,27,19
timeStep,numberOfRobotsOnBlackSite,numberOfRobotsOnWhiteSite
31479,27,19
timeStep,numberOfRobotsOnBlackSite,numberOfRobotsOnWhiteSite
31480,27,19
timeStep,numberOfRobotsOnBlackSite,numberOfRobotsOnWhiteSite
31481,27,19
timeStep,numberOfRobotsOnBlackSite,numberOfRobotsOnWhiteSite
31482,27,19
timeStep,numberOfRobotsOnBlackSite,numberOfRobotsOnWhiteSite
31483,27,19
timeStep,numberOfRobotsOnBlackSite,numberOfRobotsOnWhiteSite
31484,27,19
timeStep,numberOfRobotsOnBlackSite,numberOfRobotsOnWhiteSite
31485,27,19
timeStep,numberOfRobotsOnBlackSite,numberOfRobotsOnWhiteSite
31486,27,19
timeStep,numberOfRobotsOnBlackSite,numberOfRobotsOnWhiteSite
31487,27,19
timeStep,numberOfRobotsOnBlackSite,numberOfRobotsOnWhiteSite
31488,27,19
timeStep,numberOfRobotsOnBlackSite,numberOfRobotsOnWhiteSite
31489,27,19
timeStep,numberOfRobotsOnBlackSite,numberOfRobotsOnWhiteSite
31490,27,19
timeStep,numberOfRobotsOnBlackSite,numberOfRobotsOnWhiteSite
31491,27,19
timeStep,numberOfRobotsOnBlackSite,numberOfRobotsOnWhiteSite
31492,27,19
timeStep,numberOfRobotsOnBlackSite,numberOfRobotsOnWhiteSite
31493,27,19
timeStep,numberOfRobotsOnBlackSite,numberOfRobotsOnWhiteSite
31494,27,19
timeStep,numberOfRobotsOnBlackSite,numberOfRobotsOnWhiteSite
31495,27,19
timeStep,numberOfRobotsOnBlackSite,numberOfRobotsOnWhiteSite
31496,27,19
timeStep,numberOfRobotsOnBlackSite,numberOfRobotsOnWhiteSite
31497,27,19
timeStep,numberOfRobotsOnBlackSite,numberOfRobotsOnWhiteSite
31498,27,19
timeStep,numberOfRobotsOnBlackSite,numberOfRobotsOnWhiteSite
31499,27,19
timeStep,numberOfRobotsOnBlackSite,numberOfRobotsOnWhiteSite
31500,27,19
timeStep,numberOfRobotsOnBlackSite,numberOfRobotsOnWhiteSite
31501,27,19
timeStep,numberOfRobotsOnBlackSite,numberOfRobotsOnWhiteSite
31502,27,19
timeStep,numberOfRobotsOnBlackSite,numberOfRobotsOnWhiteSite
31503,27,19
timeStep,numberOfRobotsOnBlackSite,numberOfRobotsOnWhiteSite
31504,27,19
timeStep,numberOfRobotsOnBlackSite,numberOfRobotsOnWhiteSite
31505,27,19
timeStep,numberOfRobotsOnBlackSite,numberOfRobotsOnWhiteSite
31506,27,19
timeStep,numberOfRobotsOnBlackSite,numberOfRobotsOnWhiteSite
31507,27,19
timeStep,numberOfRobotsOnBlackSite,numberOfRobotsOnWhiteSite
31508,27,19
timeStep,numberOfRobotsOnBlackSite,numberOfRobotsOnWhiteSite
31509,27,19
timeStep,numberOfRobotsOnBlackSite,numberOfRobotsOnWhiteSite
31510,27,19
timeStep,numberOfRobotsOnBlackSite,numberOfRobotsOnWhiteSite
31511,27,19
timeStep,numberOfRobotsOnBlackSite,numberOfRobotsOnWhiteSite
31512,27,19
timeStep,numberOfRobotsOnBlackSite,numberOfRobotsOnWhiteSite
31513,27,19
timeStep,numberOfRobotsOnBlackSite,numberOfRobotsOnWhiteSite
31514,27,19
timeStep,numberOfRobotsOnBlackSite,numberOfRobotsOnWhiteSite
31515,27,19
timeStep,numberOfRobotsOnBlackSite,numberOfRobotsOnWhiteSite
31516,27,19
timeStep,numberOfRobotsOnBlackSite,numberOfRobotsOnWhiteSite
31517,27,19
timeStep,numberOfRobotsOnBlackSite,numberOfRobotsOnWhiteSite
31518,27,19
timeStep,numberOfRobotsOnBlackSite,numberOfRobotsOnWhiteSite
31519,27,19
timeStep,numberOfRobotsOnBlackSite,numberOfRobotsOnWhiteSite
31520,26,19
timeStep,numberOfRobotsOnBlackSite,numberOfRobotsOnWhiteSite
31521,26,19
timeStep,numberOfRobotsOnBlackSite,numberOfRobotsOnWhiteSite
31522,26,19
timeStep,numberOfRobotsOnBlackSite,numberOfRobotsOnWhiteSite
31523,26,19
timeStep,numberOfRobotsOnBlackSite,numberOfRobotsOnWhiteSite
31524,26,19
timeStep,numberOfRobotsOnBlackSite,numberOfRobotsOnWhiteSite
31525,26,19
timeStep,numberOfRobotsOnBlackSite,numberOfRobotsOnWhiteSite
31526,26,19
timeStep,numberOfRobotsOnBlackSite,numberOfRobotsOnWhiteSite
31527,26,19
timeStep,numberOfRobotsOnBlackSite,numberOfRobotsOnWhiteSite
31528,26,19
timeStep,numberOfRobotsOnBlackSite,numberOfRobotsOnWhiteSite
31529,26,19
timeStep,numberOfRobotsOnBlackSite,numberOfRobotsOnWhiteSite
31530,26,19
timeStep,numberOfRobotsOnBlackSite,numberOfRobotsOnWhiteSite
31531,26,19
timeStep,numberOfRobotsOnBlackSite,numberOfRobotsOnWhiteSite
31532,26,19
timeStep,numberOfRobotsOnBlackSite,numberOfRobotsOnWhiteSite
31533,26,19
timeStep,numberOfRobotsOnBlackSite,numberOfRobotsOnWhiteSite
31534,26,19
timeStep,numberOfRobotsOnBlackSite,numberOfRobotsOnWhiteSite
31535,26,19
timeStep,numberOfRobotsOnBlackSite,numberOfRobotsOnWhiteSite
31536,26,19
timeStep,numberOfRobotsOnBlackSite,numberOfRobotsOnWhiteSite
31537,26,19
timeStep,numberOfRobotsOnBlackSite,numberOfRobotsOnWhiteSite
31538,26,19
timeStep,numberOfRobotsOnBlackSite,numberOfRobotsOnWhiteSite
31539,26,19
timeStep,numberOfRobotsOnBlackSite,numberOfRobotsOnWhiteSite
31540,26,19
timeStep,numberOfRobotsOnBlackSite,numberOfRobotsOnWhiteSite
31541,26,19
timeStep,numberOfRobotsOnBlackSite,numberOfRobotsOnWhiteSite
31542,26,19
timeStep,numberOfRobotsOnBlackSite,numberOfRobotsOnWhiteSite
31543,26,19
timeStep,numberOfRobotsOnBlackSite,numberOfRobotsOnWhiteSite
31544,26,19
timeStep,numberOfRobotsOnBlackSite,numberOfRobotsOnWhiteSite
31545,26,19
timeStep,numberOfRobotsOnBlackSite,numberOfRobotsOnWhiteSite
31546,26,19
timeStep,numberOfRobotsOnBlackSite,numberOfRobotsOnWhiteSite
31547,26,19
timeStep,numberOfRobotsOnBlackSite,numberOfRobotsOnWhiteSite
31548,26,19
timeStep,numberOfRobotsOnBlackSite,numberOfRobotsOnWhiteSite
31549,26,19
timeStep,numberOfRobotsOnBlackSite,numberOfRobotsOnWhiteSite
31550,26,19
timeStep,numberOfRobotsOnBlackSite,numberOfRobotsOnWhiteSite
31551,26,19
timeStep,numberOfRobotsOnBlackSite,numberOfRobotsOnWhiteSite
31552,26,19
timeStep,numberOfRobotsOnBlackSite,numberOfRobotsOnWhiteSite
31553,26,19
timeStep,numberOfRobotsOnBlackSite,numberOfRobotsOnWhiteSite
31554,26,19
timeStep,numberOfRobotsOnBlackSite,numberOfRobotsOnWhiteSite
31555,26,19
timeStep,numberOfRobotsOnBlackSite,numberOfRobotsOnWhiteSite
31556,26,19
timeStep,numberOfRobotsOnBlackSite,numberOfRobotsOnWhiteSite
31557,26,19
timeStep,numberOfRobotsOnBlackSite,numberOfRobotsOnWhiteSite
31558,26,19
timeStep,numberOfRobotsOnBlackSite,numberOfRobotsOnWhiteSite
31559,26,19
timeStep,numberOfRobotsOnBlackSite,numberOfRobotsOnWhiteSite
31560,26,19
timeStep,numberOfRobotsOnBlackSite,numberOfRobotsOnWhiteSite
31561,26,19
timeStep,numberOfRobotsOnBlackSite,numberOfRobotsOnWhiteSite
31562,26,19
timeStep,numberOfRobotsOnBlackSite,numberOfRobotsOnWhiteSite
31563,26,19
timeStep,numberOfRobotsOnBlackSite,numberOfRobotsOnWhiteSite
31564,26,19
timeStep,numberOfRobotsOnBlackSite,numberOfRobotsOnWhiteSite
31565,26,19
timeStep,numberOfRobotsOnBlackSite,numberOfRobotsOnWhiteSite
31566,26,19
timeStep,numberOfRobotsOnBlackSite,numberOfRobotsOnWhiteSite
31567,26,19
timeStep,numberOfRobotsOnBlackSite,numberOfRobotsOnWhiteSite
31568,26,19
timeStep,numberOfRobotsOnBlackSite,numberOfRobotsOnWhiteSite
31569,26,19
timeStep,numberOfRobotsOnBlackSite,numberOfRobotsOnWhiteSite
31570,26,19
timeStep,numberOfRobotsOnBlackSite,numberOfRobotsOnWhiteSite
31571,26,19
timeStep,numberOfRobotsOnBlackSite,numberOfRobotsOnWhiteSite
31572,26,19
timeStep,numberOfRobotsOnBlackSite,numberOfRobotsOnWhiteSite
31573,26,19
timeStep,numberOfRobotsOnBlackSite,numberOfRobotsOnWhiteSite
31574,26,19
timeStep,numberOfRobotsOnBlackSite,numberOfRobotsOnWhiteSite
31575,26,19
timeStep,numberOfRobotsOnBlackSite,numberOfRobotsOnWhiteSite
31576,26,19
timeStep,numberOfRobotsOnBlackSite,numberOfRobotsOnWhiteSite
31577,26,19
timeStep,numberOfRobotsOnBlackSite,numberOfRobotsOnWhiteSite
31578,26,19
timeStep,numberOfRobotsOnBlackSite,numberOfRobotsOnWhiteSite
31579,26,19
timeStep,numberOfRobotsOnBlackSite,numberOfRobotsOnWhiteSite
31580,26,19
timeStep,numberOfRobotsOnBlackSite,numberOfRobotsOnWhiteSite
31581,26,19
timeStep,numberOfRobotsOnBlackSite,numberOfRobotsOnWhiteSite
31582,26,19
timeStep,numberOfRobotsOnBlackSite,numberOfRobotsOnWhiteSite
31583,26,19
timeStep,numberOfRobotsOnBlackSite,numberOfRobotsOnWhiteSite
31584,26,19
timeStep,numberOfRobotsOnBlackSite,numberOfRobotsOnWhiteSite
31585,26,19
timeStep,numberOfRobotsOnBlackSite,numberOfRobotsOnWhiteSite
31586,26,19
timeStep,numberOfRobotsOnBlackSite,numberOfRobotsOnWhiteSite
31587,26,19
timeStep,numberOfRobotsOnBlackSite,numberOfRobotsOnWhiteSite
31588,26,19
timeStep,numberOfRobotsOnBlackSite,numberOfRobotsOnWhiteSite
31589,26,19
timeStep,numberOfRobotsOnBlackSite,numberOfRobotsOnWhiteSite
31590,26,19
timeStep,numberOfRobotsOnBlackSite,numberOfRobotsOnWhiteSite
31591,26,19
timeStep,numberOfRobotsOnBlackSite,numberOfRobotsOnWhiteSite
31592,26,19
timeStep,numberOfRobotsOnBlackSite,numberOfRobotsOnWhiteSite
31593,26,19
timeStep,numberOfRobotsOnBlackSite,numberOfRobotsOnWhiteSite
31594,26,19
timeStep,numberOfRobotsOnBlackSite,numberOfRobotsOnWhiteSite
31595,26,19
timeStep,numberOfRobotsOnBlackSite,numberOfRobotsOnWhiteSite
31596,26,19
timeStep,numberOfRobotsOnBlackSite,numberOfRobotsOnWhiteSite
31597,26,19
timeStep,numberOfRobotsOnBlackSite,numberOfRobotsOnWhiteSite
31598,26,19
timeStep,numberOfRobotsOnBlackSite,numberOfRobotsOnWhiteSite
31599,26,19
timeStep,numberOfRobotsOnBlackSite,numberOfRobotsOnWhiteSite
31600,26,19
timeStep,numberOfRobotsOnBlackSite,numberOfRobotsOnWhiteSite
31601,26,19
timeStep,numberOfRobotsOnBlackSite,numberOfRobotsOnWhiteSite
31602,26,19
timeStep,numberOfRobotsOnBlackSite,numberOfRobotsOnWhiteSite
31603,26,19
timeStep,numberOfRobotsOnBlackSite,numberOfRobotsOnWhiteSite
31604,26,19
timeStep,numberOfRobotsOnBlackSite,numberOfRobotsOnWhiteSite
31605,26,19
timeStep,numberOfRobotsOnBlackSite,numberOfRobotsOnWhiteSite
31606,26,19
timeStep,numberOfRobotsOnBlackSite,numberOfRobotsOnWhiteSite
31607,26,19
timeStep,numberOfRobotsOnBlackSite,numberOfRobotsOnWhiteSite
31608,26,19
timeStep,numberOfRobotsOnBlackSite,numberOfRobotsOnWhiteSite
31609,26,19
timeStep,numberOfRobotsOnBlackSite,numberOfRobotsOnWhiteSite
31610,26,19
timeStep,numberOfRobotsOnBlackSite,numberOfRobotsOnWhiteSite
31611,26,19
timeStep,numberOfRobotsOnBlackSite,numberOfRobotsOnWhiteSite
31612,26,19
timeStep,numberOfRobotsOnBlackSite,numberOfRobotsOnWhiteSite
31613,26,19
timeStep,numberOfRobotsOnBlackSite,numberOfRobotsOnWhiteSite
31614,26,19
timeStep,numberOfRobotsOnBlackSite,numberOfRobotsOnWhiteSite
31615,26,19
timeStep,numberOfRobotsOnBlackSite,numberOfRobotsOnWhiteSite
31616,26,19
timeStep,numberOfRobotsOnBlackSite,numberOfRobotsOnWhiteSite
31617,26,19
timeStep,numberOfRobotsOnBlackSite,numberOfRobotsOnWhiteSite
31618,26,19
timeStep,numberOfRobotsOnBlackSite,numberOfRobotsOnWhiteSite
31619,26,19
timeStep,numberOfRobotsOnBlackSite,numberOfRobotsOnWhiteSite
31620,26,19
timeStep,numberOfRobotsOnBlackSite,numberOfRobotsOnWhiteSite
31621,26,19
timeStep,numberOfRobotsOnBlackSite,numberOfRobotsOnWhiteSite
31622,26,19
timeStep,numberOfRobotsOnBlackSite,numberOfRobotsOnWhiteSite
31623,26,19
timeStep,numberOfRobotsOnBlackSite,numberOfRobotsOnWhiteSite
31624,26,19
timeStep,numberOfRobotsOnBlackSite,numberOfRobotsOnWhiteSite
31625,26,19
timeStep,numberOfRobotsOnBlackSite,numberOfRobotsOnWhiteSite
31626,26,19
timeStep,numberOfRobotsOnBlackSite,numberOfRobotsOnWhiteSite
31627,26,19
timeStep,numberOfRobotsOnBlackSite,numberOfRobotsOnWhiteSite
31628,26,19
timeStep,numberOfRobotsOnBlackSite,numberOfRobotsOnWhiteSite
31629,26,19
timeStep,numberOfRobotsOnBlackSite,numberOfRobotsOnWhiteSite
31630,26,19
timeStep,numberOfRobotsOnBlackSite,numberOfRobotsOnWhiteSite
31631,26,19
timeStep,numberOfRobotsOnBlackSite,numberOfRobotsOnWhiteSite
31632,26,19
timeStep,numberOfRobotsOnBlackSite,numberOfRobotsOnWhiteSite
31633,26,19
timeStep,numberOfRobotsOnBlackSite,numberOfRobotsOnWhiteSite
31634,26,19
timeStep,numberOfRobotsOnBlackSite,numberOfRobotsOnWhiteSite
31635,26,19
timeStep,numberOfRobotsOnBlackSite,numberOfRobotsOnWhiteSite
31636,26,19
timeStep,numberOfRobotsOnBlackSite,numberOfRobotsOnWhiteSite
31637,26,19
timeStep,numberOfRobotsOnBlackSite,numberOfRobotsOnWhiteSite
31638,26,19
timeStep,numberOfRobotsOnBlackSite,numberOfRobotsOnWhiteSite
31639,26,19
timeStep,numberOfRobotsOnBlackSite,numberOfRobotsOnWhiteSite
31640,26,19
timeStep,numberOfRobotsOnBlackSite,numberOfRobotsOnWhiteSite
31641,26,19
timeStep,numberOfRobotsOnBlackSite,numberOfRobotsOnWhiteSite
31642,26,19
timeStep,numberOfRobotsOnBlackSite,numberOfRobotsOnWhiteSite
31643,26,19
timeStep,numberOfRobotsOnBlackSite,numberOfRobotsOnWhiteSite
31644,26,19
timeStep,numberOfRobotsOnBlackSite,numberOfRobotsOnWhiteSite
31645,26,19
timeStep,numberOfRobotsOnBlackSite,numberOfRobotsOnWhiteSite
31646,26,19
timeStep,numberOfRobotsOnBlackSite,numberOfRobotsOnWhiteSite
31647,26,19
timeStep,numberOfRobotsOnBlackSite,numberOfRobotsOnWhiteSite
31648,26,19
timeStep,numberOfRobotsOnBlackSite,numberOfRobotsOnWhiteSite
31649,26,19
timeStep,numberOfRobotsOnBlackSite,numberOfRobotsOnWhiteSite
31650,26,19
timeStep,numberOfRobotsOnBlackSite,numberOfRobotsOnWhiteSite
31651,26,19
timeStep,numberOfRobotsOnBlackSite,numberOfRobotsOnWhiteSite
31652,26,19
timeStep,numberOfRobotsOnBlackSite,numberOfRobotsOnWhiteSite
31653,26,19
timeStep,numberOfRobotsOnBlackSite,numberOfRobotsOnWhiteSite
31654,26,19
timeStep,numberOfRobotsOnBlackSite,numberOfRobotsOnWhiteSite
31655,26,19
timeStep,numberOfRobotsOnBlackSite,numberOfRobotsOnWhiteSite
31656,26,19
timeStep,numberOfRobotsOnBlackSite,numberOfRobotsOnWhiteSite
31657,26,19
timeStep,numberOfRobotsOnBlackSite,numberOfRobotsOnWhiteSite
31658,26,19
timeStep,numberOfRobotsOnBlackSite,numberOfRobotsOnWhiteSite
31659,26,19
timeStep,numberOfRobotsOnBlackSite,numberOfRobotsOnWhiteSite
31660,26,19
timeStep,numberOfRobotsOnBlackSite,numberOfRobotsOnWhiteSite
31661,26,19
timeStep,numberOfRobotsOnBlackSite,numberOfRobotsOnWhiteSite
31662,26,19
timeStep,numberOfRobotsOnBlackSite,numberOfRobotsOnWhiteSite
31663,26,19
timeStep,numberOfRobotsOnBlackSite,numberOfRobotsOnWhiteSite
31664,26,19
timeStep,numberOfRobotsOnBlackSite,numberOfRobotsOnWhiteSite
31665,26,19
timeStep,numberOfRobotsOnBlackSite,numberOfRobotsOnWhiteSite
31666,26,19
timeStep,numberOfRobotsOnBlackSite,numberOfRobotsOnWhiteSite
31667,26,19
timeStep,numberOfRobotsOnBlackSite,numberOfRobotsOnWhiteSite
31668,26,19
timeStep,numberOfRobotsOnBlackSite,numberOfRobotsOnWhiteSite
31669,26,19
timeStep,numberOfRobotsOnBlackSite,numberOfRobotsOnWhiteSite
31670,26,19
timeStep,numberOfRobotsOnBlackSite,numberOfRobotsOnWhiteSite
31671,26,19
timeStep,numberOfRobotsOnBlackSite,numberOfRobotsOnWhiteSite
31672,26,19
timeStep,numberOfRobotsOnBlackSite,numberOfRobotsOnWhiteSite
31673,26,19
timeStep,numberOfRobotsOnBlackSite,numberOfRobotsOnWhiteSite
31674,26,19
timeStep,numberOfRobotsOnBlackSite,numberOfRobotsOnWhiteSite
31675,26,19
timeStep,numberOfRobotsOnBlackSite,numberOfRobotsOnWhiteSite
31676,26,19
timeStep,numberOfRobotsOnBlackSite,numberOfRobotsOnWhiteSite
31677,26,19
timeStep,numberOfRobotsOnBlackSite,numberOfRobotsOnWhiteSite
31678,26,19
timeStep,numberOfRobotsOnBlackSite,numberOfRobotsOnWhiteSite
31679,26,19
timeStep,numberOfRobotsOnBlackSite,numberOfRobotsOnWhiteSite
31680,26,19
timeStep,numberOfRobotsOnBlackSite,numberOfRobotsOnWhiteSite
31681,26,19
timeStep,numberOfRobotsOnBlackSite,numberOfRobotsOnWhiteSite
31682,26,19
timeStep,numberOfRobotsOnBlackSite,numberOfRobotsOnWhiteSite
31683,26,19
timeStep,numberOfRobotsOnBlackSite,numberOfRobotsOnWhiteSite
31684,26,19
timeStep,numberOfRobotsOnBlackSite,numberOfRobotsOnWhiteSite
31685,26,19
timeStep,numberOfRobotsOnBlackSite,numberOfRobotsOnWhiteSite
31686,26,19
timeStep,numberOfRobotsOnBlackSite,numberOfRobotsOnWhiteSite
31687,26,19
timeStep,numberOfRobotsOnBlackSite,numberOfRobotsOnWhiteSite
31688,26,19
timeStep,numberOfRobotsOnBlackSite,numberOfRobotsOnWhiteSite
31689,26,19
timeStep,numberOfRobotsOnBlackSite,numberOfRobotsOnWhiteSite
31690,26,19
timeStep,numberOfRobotsOnBlackSite,numberOfRobotsOnWhiteSite
31691,26,19
timeStep,numberOfRobotsOnBlackSite,numberOfRobotsOnWhiteSite
31692,26,19
timeStep,numberOfRobotsOnBlackSite,numberOfRobotsOnWhiteSite
31693,26,19
timeStep,numberOfRobotsOnBlackSite,numberOfRobotsOnWhiteSite
31694,26,19
timeStep,numberOfRobotsOnBlackSite,numberOfRobotsOnWhiteSite
31695,26,19
timeStep,numberOfRobotsOnBlackSite,numberOfRobotsOnWhiteSite
31696,26,19
timeStep,numberOfRobotsOnBlackSite,numberOfRobotsOnWhiteSite
31697,26,19
timeStep,numberOfRobotsOnBlackSite,numberOfRobotsOnWhiteSite
31698,26,19
timeStep,numberOfRobotsOnBlackSite,numberOfRobotsOnWhiteSite
31699,26,19
timeStep,numberOfRobotsOnBlackSite,numberOfRobotsOnWhiteSite
31700,26,19
timeStep,numberOfRobotsOnBlackSite,numberOfRobotsOnWhiteSite
31701,26,19
timeStep,numberOfRobotsOnBlackSite,numberOfRobotsOnWhiteSite
31702,26,19
timeStep,numberOfRobotsOnBlackSite,numberOfRobotsOnWhiteSite
31703,26,19
timeStep,numberOfRobotsOnBlackSite,numberOfRobotsOnWhiteSite
31704,26,19
timeStep,numberOfRobotsOnBlackSite,numberOfRobotsOnWhiteSite
31705,26,19
timeStep,numberOfRobotsOnBlackSite,numberOfRobotsOnWhiteSite
31706,26,19
timeStep,numberOfRobotsOnBlackSite,numberOfRobotsOnWhiteSite
31707,26,19
timeStep,numberOfRobotsOnBlackSite,numberOfRobotsOnWhiteSite
31708,26,19
timeStep,numberOfRobotsOnBlackSite,numberOfRobotsOnWhiteSite
31709,26,19
timeStep,numberOfRobotsOnBlackSite,numberOfRobotsOnWhiteSite
31710,26,19
timeStep,numberOfRobotsOnBlackSite,numberOfRobotsOnWhiteSite
31711,26,19
timeStep,numberOfRobotsOnBlackSite,numberOfRobotsOnWhiteSite
31712,26,19
timeStep,numberOfRobotsOnBlackSite,numberOfRobotsOnWhiteSite
31713,26,19
timeStep,numberOfRobotsOnBlackSite,numberOfRobotsOnWhiteSite
31714,26,19
timeStep,numberOfRobotsOnBlackSite,numberOfRobotsOnWhiteSite
31715,26,19
timeStep,numberOfRobotsOnBlackSite,numberOfRobotsOnWhiteSite
31716,26,19
timeStep,numberOfRobotsOnBlackSite,numberOfRobotsOnWhiteSite
31717,26,19
timeStep,numberOfRobotsOnBlackSite,numberOfRobotsOnWhiteSite
31718,26,19
timeStep,numberOfRobotsOnBlackSite,numberOfRobotsOnWhiteSite
31719,26,19
timeStep,numberOfRobotsOnBlackSite,numberOfRobotsOnWhiteSite
31720,26,19
timeStep,numberOfRobotsOnBlackSite,numberOfRobotsOnWhiteSite
31721,26,19
timeStep,numberOfRobotsOnBlackSite,numberOfRobotsOnWhiteSite
31722,26,19
timeStep,numberOfRobotsOnBlackSite,numberOfRobotsOnWhiteSite
31723,26,19
timeStep,numberOfRobotsOnBlackSite,numberOfRobotsOnWhiteSite
31724,26,19
timeStep,numberOfRobotsOnBlackSite,numberOfRobotsOnWhiteSite
31725,26,19
timeStep,numberOfRobotsOnBlackSite,numberOfRobotsOnWhiteSite
31726,26,19
timeStep,numberOfRobotsOnBlackSite,numberOfRobotsOnWhiteSite
31727,26,19
timeStep,numberOfRobotsOnBlackSite,numberOfRobotsOnWhiteSite
31728,26,19
timeStep,numberOfRobotsOnBlackSite,numberOfRobotsOnWhiteSite
31729,26,19
timeStep,numberOfRobotsOnBlackSite,numberOfRobotsOnWhiteSite
31730,26,19
timeStep,numberOfRobotsOnBlackSite,numberOfRobotsOnWhiteSite
31731,26,19
timeStep,numberOfRobotsOnBlackSite,numberOfRobotsOnWhiteSite
31732,26,19
timeStep,numberOfRobotsOnBlackSite,numberOfRobotsOnWhiteSite
31733,26,19
timeStep,numberOfRobotsOnBlackSite,numberOfRobotsOnWhiteSite
31734,26,19
timeStep,numberOfRobotsOnBlackSite,numberOfRobotsOnWhiteSite
31735,26,19
timeStep,numberOfRobotsOnBlackSite,numberOfRobotsOnWhiteSite
31736,26,19
timeStep,numberOfRobotsOnBlackSite,numberOfRobotsOnWhiteSite
31737,26,19
timeStep,numberOfRobotsOnBlackSite,numberOfRobotsOnWhiteSite
31738,26,19
timeStep,numberOfRobotsOnBlackSite,numberOfRobotsOnWhiteSite
31739,26,19
timeStep,numberOfRobotsOnBlackSite,numberOfRobotsOnWhiteSite
31740,26,19
timeStep,numberOfRobotsOnBlackSite,numberOfRobotsOnWhiteSite
31741,26,19
timeStep,numberOfRobotsOnBlackSite,numberOfRobotsOnWhiteSite
31742,26,19
timeStep,numberOfRobotsOnBlackSite,numberOfRobotsOnWhiteSite
31743,26,19
timeStep,numberOfRobotsOnBlackSite,numberOfRobotsOnWhiteSite
31744,26,19
timeStep,numberOfRobotsOnBlackSite,numberOfRobotsOnWhiteSite
31745,26,19
timeStep,numberOfRobotsOnBlackSite,numberOfRobotsOnWhiteSite
31746,26,19
timeStep,numberOfRobotsOnBlackSite,numberOfRobotsOnWhiteSite
31747,26,19
timeStep,numberOfRobotsOnBlackSite,numberOfRobotsOnWhiteSite
31748,26,19
timeStep,numberOfRobotsOnBlackSite,numberOfRobotsOnWhiteSite
31749,26,19
timeStep,numberOfRobotsOnBlackSite,numberOfRobotsOnWhiteSite
31750,26,19
timeStep,numberOfRobotsOnBlackSite,numberOfRobotsOnWhiteSite
31751,26,19
timeStep,numberOfRobotsOnBlackSite,numberOfRobotsOnWhiteSite
31752,26,19
timeStep,numberOfRobotsOnBlackSite,numberOfRobotsOnWhiteSite
31753,26,19
timeStep,numberOfRobotsOnBlackSite,numberOfRobotsOnWhiteSite
31754,26,19
timeStep,numberOfRobotsOnBlackSite,numberOfRobotsOnWhiteSite
31755,26,19
timeStep,numberOfRobotsOnBlackSite,numberOfRobotsOnWhiteSite
31756,26,19
timeStep,numberOfRobotsOnBlackSite,numberOfRobotsOnWhiteSite
31757,26,19
timeStep,numberOfRobotsOnBlackSite,numberOfRobotsOnWhiteSite
31758,26,19
timeStep,numberOfRobotsOnBlackSite,numberOfRobotsOnWhiteSite
31759,26,19
timeStep,numberOfRobotsOnBlackSite,numberOfRobotsOnWhiteSite
31760,27,19
timeStep,numberOfRobotsOnBlackSite,numberOfRobotsOnWhiteSite
31761,27,19
timeStep,numberOfRobotsOnBlackSite,numberOfRobotsOnWhiteSite
31762,27,19
timeStep,numberOfRobotsOnBlackSite,numberOfRobotsOnWhiteSite
31763,27,19
timeStep,numberOfRobotsOnBlackSite,numberOfRobotsOnWhiteSite
31764,27,19
timeStep,numberOfRobotsOnBlackSite,numberOfRobotsOnWhiteSite
31765,27,19
timeStep,numberOfRobotsOnBlackSite,numberOfRobotsOnWhiteSite
31766,27,19
timeStep,numberOfRobotsOnBlackSite,numberOfRobotsOnWhiteSite
31767,27,19
timeStep,numberOfRobotsOnBlackSite,numberOfRobotsOnWhiteSite
31768,27,19
timeStep,numberOfRobotsOnBlackSite,numberOfRobotsOnWhiteSite
31769,27,19
timeStep,numberOfRobotsOnBlackSite,numberOfRobotsOnWhiteSite
31770,26,19
timeStep,numberOfRobotsOnBlackSite,numberOfRobotsOnWhiteSite
31771,26,19
timeStep,numberOfRobotsOnBlackSite,numberOfRobotsOnWhiteSite
31772,26,19
timeStep,numberOfRobotsOnBlackSite,numberOfRobotsOnWhiteSite
31773,26,19
timeStep,numberOfRobotsOnBlackSite,numberOfRobotsOnWhiteSite
31774,26,19
timeStep,numberOfRobotsOnBlackSite,numberOfRobotsOnWhiteSite
31775,26,19
timeStep,numberOfRobotsOnBlackSite,numberOfRobotsOnWhiteSite
31776,26,19
timeStep,numberOfRobotsOnBlackSite,numberOfRobotsOnWhiteSite
31777,26,19
timeStep,numberOfRobotsOnBlackSite,numberOfRobotsOnWhiteSite
31778,26,19
timeStep,numberOfRobotsOnBlackSite,numberOfRobotsOnWhiteSite
31779,26,19
timeStep,numberOfRobotsOnBlackSite,numberOfRobotsOnWhiteSite
31780,26,19
timeStep,numberOfRobotsOnBlackSite,numberOfRobotsOnWhiteSite
31781,26,19
timeStep,numberOfRobotsOnBlackSite,numberOfRobotsOnWhiteSite
31782,26,19
timeStep,numberOfRobotsOnBlackSite,numberOfRobotsOnWhiteSite
31783,26,19
timeStep,numberOfRobotsOnBlackSite,numberOfRobotsOnWhiteSite
31784,26,19
timeStep,numberOfRobotsOnBlackSite,numberOfRobotsOnWhiteSite
31785,26,19
timeStep,numberOfRobotsOnBlackSite,numberOfRobotsOnWhiteSite
31786,26,19
timeStep,numberOfRobotsOnBlackSite,numberOfRobotsOnWhiteSite
31787,26,19
timeStep,numberOfRobotsOnBlackSite,numberOfRobotsOnWhiteSite
31788,26,19
timeStep,numberOfRobotsOnBlackSite,numberOfRobotsOnWhiteSite
31789,26,19
timeStep,numberOfRobotsOnBlackSite,numberOfRobotsOnWhiteSite
31790,26,19
timeStep,numberOfRobotsOnBlackSite,numberOfRobotsOnWhiteSite
31791,26,19
timeStep,numberOfRobotsOnBlackSite,numberOfRobotsOnWhiteSite
31792,26,19
timeStep,numberOfRobotsOnBlackSite,numberOfRobotsOnWhiteSite
31793,26,19
timeStep,numberOfRobotsOnBlackSite,numberOfRobotsOnWhiteSite
31794,26,19
timeStep,numberOfRobotsOnBlackSite,numberOfRobotsOnWhiteSite
31795,26,19
timeStep,numberOfRobotsOnBlackSite,numberOfRobotsOnWhiteSite
31796,26,19
timeStep,numberOfRobotsOnBlackSite,numberOfRobotsOnWhiteSite
31797,26,19
timeStep,numberOfRobotsOnBlackSite,numberOfRobotsOnWhiteSite
31798,26,19
timeStep,numberOfRobotsOnBlackSite,numberOfRobotsOnWhiteSite
31799,26,19
timeStep,numberOfRobotsOnBlackSite,numberOfRobotsOnWhiteSite
31800,26,19
timeStep,numberOfRobotsOnBlackSite,numberOfRobotsOnWhiteSite
31801,26,19
timeStep,numberOfRobotsOnBlackSite,numberOfRobotsOnWhiteSite
31802,26,19
timeStep,numberOfRobotsOnBlackSite,numberOfRobotsOnWhiteSite
31803,26,19
timeStep,numberOfRobotsOnBlackSite,numberOfRobotsOnWhiteSite
31804,26,19
timeStep,numberOfRobotsOnBlackSite,numberOfRobotsOnWhiteSite
31805,26,19
timeStep,numberOfRobotsOnBlackSite,numberOfRobotsOnWhiteSite
31806,26,19
timeStep,numberOfRobotsOnBlackSite,numberOfRobotsOnWhiteSite
31807,26,19
timeStep,numberOfRobotsOnBlackSite,numberOfRobotsOnWhiteSite
31808,26,19
timeStep,numberOfRobotsOnBlackSite,numberOfRobotsOnWhiteSite
31809,26,19
timeStep,numberOfRobotsOnBlackSite,numberOfRobotsOnWhiteSite
31810,26,19
timeStep,numberOfRobotsOnBlackSite,numberOfRobotsOnWhiteSite
31811,26,19
timeStep,numberOfRobotsOnBlackSite,numberOfRobotsOnWhiteSite
31812,26,19
timeStep,numberOfRobotsOnBlackSite,numberOfRobotsOnWhiteSite
31813,26,19
timeStep,numberOfRobotsOnBlackSite,numberOfRobotsOnWhiteSite
31814,26,19
timeStep,numberOfRobotsOnBlackSite,numberOfRobotsOnWhiteSite
31815,26,19
timeStep,numberOfRobotsOnBlackSite,numberOfRobotsOnWhiteSite
31816,26,19
timeStep,numberOfRobotsOnBlackSite,numberOfRobotsOnWhiteSite
31817,26,19
timeStep,numberOfRobotsOnBlackSite,numberOfRobotsOnWhiteSite
31818,26,19
timeStep,numberOfRobotsOnBlackSite,numberOfRobotsOnWhiteSite
31819,26,19
timeStep,numberOfRobotsOnBlackSite,numberOfRobotsOnWhiteSite
31820,26,19
timeStep,numberOfRobotsOnBlackSite,numberOfRobotsOnWhiteSite
31821,26,19
timeStep,numberOfRobotsOnBlackSite,numberOfRobotsOnWhiteSite
31822,26,19
timeStep,numberOfRobotsOnBlackSite,numberOfRobotsOnWhiteSite
31823,26,19
timeStep,numberOfRobotsOnBlackSite,numberOfRobotsOnWhiteSite
31824,26,19
timeStep,numberOfRobotsOnBlackSite,numberOfRobotsOnWhiteSite
31825,27,19
timeStep,numberOfRobotsOnBlackSite,numberOfRobotsOnWhiteSite
31826,27,19
timeStep,numberOfRobotsOnBlackSite,numberOfRobotsOnWhiteSite
31827,27,19
timeStep,numberOfRobotsOnBlackSite,numberOfRobotsOnWhiteSite
31828,27,19
timeStep,numberOfRobotsOnBlackSite,numberOfRobotsOnWhiteSite
31829,27,19
timeStep,numberOfRobotsOnBlackSite,numberOfRobotsOnWhiteSite
31830,27,19
timeStep,numberOfRobotsOnBlackSite,numberOfRobotsOnWhiteSite
31831,27,19
timeStep,numberOfRobotsOnBlackSite,numberOfRobotsOnWhiteSite
31832,27,19
timeStep,numberOfRobotsOnBlackSite,numberOfRobotsOnWhiteSite
31833,27,19
timeStep,numberOfRobotsOnBlackSite,numberOfRobotsOnWhiteSite
31834,27,19
timeStep,numberOfRobotsOnBlackSite,numberOfRobotsOnWhiteSite
31835,27,19
timeStep,numberOfRobotsOnBlackSite,numberOfRobotsOnWhiteSite
31836,27,19
timeStep,numberOfRobotsOnBlackSite,numberOfRobotsOnWhiteSite
31837,27,19
timeStep,numberOfRobotsOnBlackSite,numberOfRobotsOnWhiteSite
31838,27,19
timeStep,numberOfRobotsOnBlackSite,numberOfRobotsOnWhiteSite
31839,27,19
timeStep,numberOfRobotsOnBlackSite,numberOfRobotsOnWhiteSite
31840,27,19
timeStep,numberOfRobotsOnBlackSite,numberOfRobotsOnWhiteSite
31841,27,19
timeStep,numberOfRobotsOnBlackSite,numberOfRobotsOnWhiteSite
31842,27,19
timeStep,numberOfRobotsOnBlackSite,numberOfRobotsOnWhiteSite
31843,27,19
timeStep,numberOfRobotsOnBlackSite,numberOfRobotsOnWhiteSite
31844,27,19
timeStep,numberOfRobotsOnBlackSite,numberOfRobotsOnWhiteSite
31845,27,19
timeStep,numberOfRobotsOnBlackSite,numberOfRobotsOnWhiteSite
31846,27,19
timeStep,numberOfRobotsOnBlackSite,numberOfRobotsOnWhiteSite
31847,27,19
timeStep,numberOfRobotsOnBlackSite,numberOfRobotsOnWhiteSite
31848,27,19
timeStep,numberOfRobotsOnBlackSite,numberOfRobotsOnWhiteSite
31849,27,19
timeStep,numberOfRobotsOnBlackSite,numberOfRobotsOnWhiteSite
31850,27,19
timeStep,numberOfRobotsOnBlackSite,numberOfRobotsOnWhiteSite
31851,27,19
timeStep,numberOfRobotsOnBlackSite,numberOfRobotsOnWhiteSite
31852,27,19
timeStep,numberOfRobotsOnBlackSite,numberOfRobotsOnWhiteSite
31853,27,19
timeStep,numberOfRobotsOnBlackSite,numberOfRobotsOnWhiteSite
31854,27,19
timeStep,numberOfRobotsOnBlackSite,numberOfRobotsOnWhiteSite
31855,27,19
timeStep,numberOfRobotsOnBlackSite,numberOfRobotsOnWhiteSite
31856,27,19
timeStep,numberOfRobotsOnBlackSite,numberOfRobotsOnWhiteSite
31857,27,19
timeStep,numberOfRobotsOnBlackSite,numberOfRobotsOnWhiteSite
31858,27,19
timeStep,numberOfRobotsOnBlackSite,numberOfRobotsOnWhiteSite
31859,27,19
timeStep,numberOfRobotsOnBlackSite,numberOfRobotsOnWhiteSite
31860,27,19
timeStep,numberOfRobotsOnBlackSite,numberOfRobotsOnWhiteSite
31861,27,19
timeStep,numberOfRobotsOnBlackSite,numberOfRobotsOnWhiteSite
31862,27,19
timeStep,numberOfRobotsOnBlackSite,numberOfRobotsOnWhiteSite
31863,27,19
timeStep,numberOfRobotsOnBlackSite,numberOfRobotsOnWhiteSite
31864,27,19
timeStep,numberOfRobotsOnBlackSite,numberOfRobotsOnWhiteSite
31865,27,19
timeStep,numberOfRobotsOnBlackSite,numberOfRobotsOnWhiteSite
31866,27,19
timeStep,numberOfRobotsOnBlackSite,numberOfRobotsOnWhiteSite
31867,27,19
timeStep,numberOfRobotsOnBlackSite,numberOfRobotsOnWhiteSite
31868,27,19
timeStep,numberOfRobotsOnBlackSite,numberOfRobotsOnWhiteSite
31869,27,19
timeStep,numberOfRobotsOnBlackSite,numberOfRobotsOnWhiteSite
31870,27,19
timeStep,numberOfRobotsOnBlackSite,numberOfRobotsOnWhiteSite
31871,27,19
timeStep,numberOfRobotsOnBlackSite,numberOfRobotsOnWhiteSite
31872,27,19
timeStep,numberOfRobotsOnBlackSite,numberOfRobotsOnWhiteSite
31873,27,19
timeStep,numberOfRobotsOnBlackSite,numberOfRobotsOnWhiteSite
31874,27,19
timeStep,numberOfRobotsOnBlackSite,numberOfRobotsOnWhiteSite
31875,27,19
timeStep,numberOfRobotsOnBlackSite,numberOfRobotsOnWhiteSite
31876,27,19
timeStep,numberOfRobotsOnBlackSite,numberOfRobotsOnWhiteSite
31877,27,19
timeStep,numberOfRobotsOnBlackSite,numberOfRobotsOnWhiteSite
31878,27,19
timeStep,numberOfRobotsOnBlackSite,numberOfRobotsOnWhiteSite
31879,27,19
timeStep,numberOfRobotsOnBlackSite,numberOfRobotsOnWhiteSite
31880,27,19
timeStep,numberOfRobotsOnBlackSite,numberOfRobotsOnWhiteSite
31881,27,19
timeStep,numberOfRobotsOnBlackSite,numberOfRobotsOnWhiteSite
31882,27,19
timeStep,numberOfRobotsOnBlackSite,numberOfRobotsOnWhiteSite
31883,27,19
timeStep,numberOfRobotsOnBlackSite,numberOfRobotsOnWhiteSite
31884,27,19
timeStep,numberOfRobotsOnBlackSite,numberOfRobotsOnWhiteSite
31885,27,19
timeStep,numberOfRobotsOnBlackSite,numberOfRobotsOnWhiteSite
31886,27,19
timeStep,numberOfRobotsOnBlackSite,numberOfRobotsOnWhiteSite
31887,27,19
timeStep,numberOfRobotsOnBlackSite,numberOfRobotsOnWhiteSite
31888,27,19
timeStep,numberOfRobotsOnBlackSite,numberOfRobotsOnWhiteSite
31889,27,19
timeStep,numberOfRobotsOnBlackSite,numberOfRobotsOnWhiteSite
31890,27,19
timeStep,numberOfRobotsOnBlackSite,numberOfRobotsOnWhiteSite
31891,27,19
timeStep,numberOfRobotsOnBlackSite,numberOfRobotsOnWhiteSite
31892,27,19
timeStep,numberOfRobotsOnBlackSite,numberOfRobotsOnWhiteSite
31893,27,19
timeStep,numberOfRobotsOnBlackSite,numberOfRobotsOnWhiteSite
31894,27,19
timeStep,numberOfRobotsOnBlackSite,numberOfRobotsOnWhiteSite
31895,27,19
timeStep,numberOfRobotsOnBlackSite,numberOfRobotsOnWhiteSite
31896,27,19
timeStep,numberOfRobotsOnBlackSite,numberOfRobotsOnWhiteSite
31897,27,19
timeStep,numberOfRobotsOnBlackSite,numberOfRobotsOnWhiteSite
31898,27,19
timeStep,numberOfRobotsOnBlackSite,numberOfRobotsOnWhiteSite
31899,27,19
timeStep,numberOfRobotsOnBlackSite,numberOfRobotsOnWhiteSite
31900,27,19
timeStep,numberOfRobotsOnBlackSite,numberOfRobotsOnWhiteSite
31901,27,19
timeStep,numberOfRobotsOnBlackSite,numberOfRobotsOnWhiteSite
31902,27,19
timeStep,numberOfRobotsOnBlackSite,numberOfRobotsOnWhiteSite
31903,27,19
timeStep,numberOfRobotsOnBlackSite,numberOfRobotsOnWhiteSite
31904,27,19
timeStep,numberOfRobotsOnBlackSite,numberOfRobotsOnWhiteSite
31905,27,19
timeStep,numberOfRobotsOnBlackSite,numberOfRobotsOnWhiteSite
31906,27,19
timeStep,numberOfRobotsOnBlackSite,numberOfRobotsOnWhiteSite
31907,27,19
timeStep,numberOfRobotsOnBlackSite,numberOfRobotsOnWhiteSite
31908,27,19
timeStep,numberOfRobotsOnBlackSite,numberOfRobotsOnWhiteSite
31909,27,19
timeStep,numberOfRobotsOnBlackSite,numberOfRobotsOnWhiteSite
31910,27,19
timeStep,numberOfRobotsOnBlackSite,numberOfRobotsOnWhiteSite
31911,27,19
timeStep,numberOfRobotsOnBlackSite,numberOfRobotsOnWhiteSite
31912,27,19
timeStep,numberOfRobotsOnBlackSite,numberOfRobotsOnWhiteSite
31913,27,19
timeStep,numberOfRobotsOnBlackSite,numberOfRobotsOnWhiteSite
31914,27,19
timeStep,numberOfRobotsOnBlackSite,numberOfRobotsOnWhiteSite
31915,27,19
timeStep,numberOfRobotsOnBlackSite,numberOfRobotsOnWhiteSite
31916,27,19
timeStep,numberOfRobotsOnBlackSite,numberOfRobotsOnWhiteSite
31917,27,19
timeStep,numberOfRobotsOnBlackSite,numberOfRobotsOnWhiteSite
31918,27,19
timeStep,numberOfRobotsOnBlackSite,numberOfRobotsOnWhiteSite
31919,27,19
timeStep,numberOfRobotsOnBlackSite,numberOfRobotsOnWhiteSite
31920,27,19
timeStep,numberOfRobotsOnBlackSite,numberOfRobotsOnWhiteSite
31921,27,19
timeStep,numberOfRobotsOnBlackSite,numberOfRobotsOnWhiteSite
31922,27,19
timeStep,numberOfRobotsOnBlackSite,numberOfRobotsOnWhiteSite
31923,27,19
timeStep,numberOfRobotsOnBlackSite,numberOfRobotsOnWhiteSite
31924,27,19
timeStep,numberOfRobotsOnBlackSite,numberOfRobotsOnWhiteSite
31925,27,19
timeStep,numberOfRobotsOnBlackSite,numberOfRobotsOnWhiteSite
31926,27,19
timeStep,numberOfRobotsOnBlackSite,numberOfRobotsOnWhiteSite
31927,27,19
timeStep,numberOfRobotsOnBlackSite,numberOfRobotsOnWhiteSite
31928,27,19
timeStep,numberOfRobotsOnBlackSite,numberOfRobotsOnWhiteSite
31929,27,19
timeStep,numberOfRobotsOnBlackSite,numberOfRobotsOnWhiteSite
31930,27,18
timeStep,numberOfRobotsOnBlackSite,numberOfRobotsOnWhiteSite
31931,27,18
timeStep,numberOfRobotsOnBlackSite,numberOfRobotsOnWhiteSite
31932,27,18
timeStep,numberOfRobotsOnBlackSite,numberOfRobotsOnWhiteSite
31933,27,18
timeStep,numberOfRobotsOnBlackSite,numberOfRobotsOnWhiteSite
31934,27,18
timeStep,numberOfRobotsOnBlackSite,numberOfRobotsOnWhiteSite
31935,27,18
timeStep,numberOfRobotsOnBlackSite,numberOfRobotsOnWhiteSite
31936,27,18
timeStep,numberOfRobotsOnBlackSite,numberOfRobotsOnWhiteSite
31937,27,18
timeStep,numberOfRobotsOnBlackSite,numberOfRobotsOnWhiteSite
31938,27,18
timeStep,numberOfRobotsOnBlackSite,numberOfRobotsOnWhiteSite
31939,27,18
timeStep,numberOfRobotsOnBlackSite,numberOfRobotsOnWhiteSite
31940,27,18
timeStep,numberOfRobotsOnBlackSite,numberOfRobotsOnWhiteSite
31941,27,18
timeStep,numberOfRobotsOnBlackSite,numberOfRobotsOnWhiteSite
31942,27,18
timeStep,numberOfRobotsOnBlackSite,numberOfRobotsOnWhiteSite
31943,27,18
timeStep,numberOfRobotsOnBlackSite,numberOfRobotsOnWhiteSite
31944,27,18
timeStep,numberOfRobotsOnBlackSite,numberOfRobotsOnWhiteSite
31945,27,18
timeStep,numberOfRobotsOnBlackSite,numberOfRobotsOnWhiteSite
31946,27,18
timeStep,numberOfRobotsOnBlackSite,numberOfRobotsOnWhiteSite
31947,27,18
timeStep,numberOfRobotsOnBlackSite,numberOfRobotsOnWhiteSite
31948,27,18
timeStep,numberOfRobotsOnBlackSite,numberOfRobotsOnWhiteSite
31949,27,18
timeStep,numberOfRobotsOnBlackSite,numberOfRobotsOnWhiteSite
31950,27,19
timeStep,numberOfRobotsOnBlackSite,numberOfRobotsOnWhiteSite
31951,27,19
timeStep,numberOfRobotsOnBlackSite,numberOfRobotsOnWhiteSite
31952,27,19
timeStep,numberOfRobotsOnBlackSite,numberOfRobotsOnWhiteSite
31953,27,19
timeStep,numberOfRobotsOnBlackSite,numberOfRobotsOnWhiteSite
31954,27,19
timeStep,numberOfRobotsOnBlackSite,numberOfRobotsOnWhiteSite
31955,27,19
timeStep,numberOfRobotsOnBlackSite,numberOfRobotsOnWhiteSite
31956,27,19
timeStep,numberOfRobotsOnBlackSite,numberOfRobotsOnWhiteSite
31957,27,19
timeStep,numberOfRobotsOnBlackSite,numberOfRobotsOnWhiteSite
31958,27,19
timeStep,numberOfRobotsOnBlackSite,numberOfRobotsOnWhiteSite
31959,27,19
timeStep,numberOfRobotsOnBlackSite,numberOfRobotsOnWhiteSite
31960,27,19
timeStep,numberOfRobotsOnBlackSite,numberOfRobotsOnWhiteSite
31961,27,19
timeStep,numberOfRobotsOnBlackSite,numberOfRobotsOnWhiteSite
31962,27,19
timeStep,numberOfRobotsOnBlackSite,numberOfRobotsOnWhiteSite
31963,27,19
timeStep,numberOfRobotsOnBlackSite,numberOfRobotsOnWhiteSite
31964,27,19
timeStep,numberOfRobotsOnBlackSite,numberOfRobotsOnWhiteSite
31965,27,19
timeStep,numberOfRobotsOnBlackSite,numberOfRobotsOnWhiteSite
31966,27,19
timeStep,numberOfRobotsOnBlackSite,numberOfRobotsOnWhiteSite
31967,27,19
timeStep,numberOfRobotsOnBlackSite,numberOfRobotsOnWhiteSite
31968,27,19
timeStep,numberOfRobotsOnBlackSite,numberOfRobotsOnWhiteSite
31969,27,19
timeStep,numberOfRobotsOnBlackSite,numberOfRobotsOnWhiteSite
31970,27,19
timeStep,numberOfRobotsOnBlackSite,numberOfRobotsOnWhiteSite
31971,27,19
timeStep,numberOfRobotsOnBlackSite,numberOfRobotsOnWhiteSite
31972,27,19
timeStep,numberOfRobotsOnBlackSite,numberOfRobotsOnWhiteSite
31973,27,19
timeStep,numberOfRobotsOnBlackSite,numberOfRobotsOnWhiteSite
31974,27,19
timeStep,numberOfRobotsOnBlackSite,numberOfRobotsOnWhiteSite
31975,27,19
timeStep,numberOfRobotsOnBlackSite,numberOfRobotsOnWhiteSite
31976,27,19
timeStep,numberOfRobotsOnBlackSite,numberOfRobotsOnWhiteSite
31977,27,19
timeStep,numberOfRobotsOnBlackSite,numberOfRobotsOnWhiteSite
31978,27,19
timeStep,numberOfRobotsOnBlackSite,numberOfRobotsOnWhiteSite
31979,27,19
timeStep,numberOfRobotsOnBlackSite,numberOfRobotsOnWhiteSite
31980,27,19
timeStep,numberOfRobotsOnBlackSite,numberOfRobotsOnWhiteSite
31981,27,19
timeStep,numberOfRobotsOnBlackSite,numberOfRobotsOnWhiteSite
31982,27,19
timeStep,numberOfRobotsOnBlackSite,numberOfRobotsOnWhiteSite
31983,27,19
timeStep,numberOfRobotsOnBlackSite,numberOfRobotsOnWhiteSite
31984,27,19
timeStep,numberOfRobotsOnBlackSite,numberOfRobotsOnWhiteSite
31985,27,19
timeStep,numberOfRobotsOnBlackSite,numberOfRobotsOnWhiteSite
31986,27,19
timeStep,numberOfRobotsOnBlackSite,numberOfRobotsOnWhiteSite
31987,27,19
timeStep,numberOfRobotsOnBlackSite,numberOfRobotsOnWhiteSite
31988,27,19
timeStep,numberOfRobotsOnBlackSite,numberOfRobotsOnWhiteSite
31989,27,19
timeStep,numberOfRobotsOnBlackSite,numberOfRobotsOnWhiteSite
31990,27,19
timeStep,numberOfRobotsOnBlackSite,numberOfRobotsOnWhiteSite
31991,27,19
timeStep,numberOfRobotsOnBlackSite,numberOfRobotsOnWhiteSite
31992,27,19
timeStep,numberOfRobotsOnBlackSite,numberOfRobotsOnWhiteSite
31993,27,19
timeStep,numberOfRobotsOnBlackSite,numberOfRobotsOnWhiteSite
31994,27,19
timeStep,numberOfRobotsOnBlackSite,numberOfRobotsOnWhiteSite
31995,27,19
timeStep,numberOfRobotsOnBlackSite,numberOfRobotsOnWhiteSite
31996,27,19
timeStep,numberOfRobotsOnBlackSite,numberOfRobotsOnWhiteSite
31997,27,19
timeStep,numberOfRobotsOnBlackSite,numberOfRobotsOnWhiteSite
31998,27,19
timeStep,numberOfRobotsOnBlackSite,numberOfRobotsOnWhiteSite
31999,27,19
timeStep,numberOfRobotsOnBlackSite,numberOfRobotsOnWhiteSite
32000,26,19
timeStep,numberOfRobotsOnBlackSite,numberOfRobotsOnWhiteSite
32001,26,19
timeStep,numberOfRobotsOnBlackSite,numberOfRobotsOnWhiteSite
32002,26,19
timeStep,numberOfRobotsOnBlackSite,numberOfRobotsOnWhiteSite
32003,26,19
timeStep,numberOfRobotsOnBlackSite,numberOfRobotsOnWhiteSite
32004,26,19
timeStep,numberOfRobotsOnBlackSite,numberOfRobotsOnWhiteSite
32005,26,19
timeStep,numberOfRobotsOnBlackSite,numberOfRobotsOnWhiteSite
32006,26,19
timeStep,numberOfRobotsOnBlackSite,numberOfRobotsOnWhiteSite
32007,26,19
timeStep,numberOfRobotsOnBlackSite,numberOfRobotsOnWhiteSite
32008,26,19
timeStep,numberOfRobotsOnBlackSite,numberOfRobotsOnWhiteSite
32009,26,19
timeStep,numberOfRobotsOnBlackSite,numberOfRobotsOnWhiteSite
32010,26,19
timeStep,numberOfRobotsOnBlackSite,numberOfRobotsOnWhiteSite
32011,26,19
timeStep,numberOfRobotsOnBlackSite,numberOfRobotsOnWhiteSite
32012,26,19
timeStep,numberOfRobotsOnBlackSite,numberOfRobotsOnWhiteSite
32013,26,19
timeStep,numberOfRobotsOnBlackSite,numberOfRobotsOnWhiteSite
32014,26,19
timeStep,numberOfRobotsOnBlackSite,numberOfRobotsOnWhiteSite
32015,26,19
timeStep,numberOfRobotsOnBlackSite,numberOfRobotsOnWhiteSite
32016,26,19
timeStep,numberOfRobotsOnBlackSite,numberOfRobotsOnWhiteSite
32017,26,19
timeStep,numberOfRobotsOnBlackSite,numberOfRobotsOnWhiteSite
32018,26,19
timeStep,numberOfRobotsOnBlackSite,numberOfRobotsOnWhiteSite
32019,26,19
timeStep,numberOfRobotsOnBlackSite,numberOfRobotsOnWhiteSite
32020,26,19
timeStep,numberOfRobotsOnBlackSite,numberOfRobotsOnWhiteSite
32021,26,19
timeStep,numberOfRobotsOnBlackSite,numberOfRobotsOnWhiteSite
32022,26,19
timeStep,numberOfRobotsOnBlackSite,numberOfRobotsOnWhiteSite
32023,26,19
timeStep,numberOfRobotsOnBlackSite,numberOfRobotsOnWhiteSite
32024,26,19
timeStep,numberOfRobotsOnBlackSite,numberOfRobotsOnWhiteSite
32025,26,19
timeStep,numberOfRobotsOnBlackSite,numberOfRobotsOnWhiteSite
32026,26,19
timeStep,numberOfRobotsOnBlackSite,numberOfRobotsOnWhiteSite
32027,26,19
timeStep,numberOfRobotsOnBlackSite,numberOfRobotsOnWhiteSite
32028,26,19
timeStep,numberOfRobotsOnBlackSite,numberOfRobotsOnWhiteSite
32029,26,19
timeStep,numberOfRobotsOnBlackSite,numberOfRobotsOnWhiteSite
32030,26,19
timeStep,numberOfRobotsOnBlackSite,numberOfRobotsOnWhiteSite
32031,26,19
timeStep,numberOfRobotsOnBlackSite,numberOfRobotsOnWhiteSite
32032,26,19
timeStep,numberOfRobotsOnBlackSite,numberOfRobotsOnWhiteSite
32033,26,19
timeStep,numberOfRobotsOnBlackSite,numberOfRobotsOnWhiteSite
32034,26,19
timeStep,numberOfRobotsOnBlackSite,numberOfRobotsOnWhiteSite
32035,26,19
timeStep,numberOfRobotsOnBlackSite,numberOfRobotsOnWhiteSite
32036,26,19
timeStep,numberOfRobotsOnBlackSite,numberOfRobotsOnWhiteSite
32037,26,19
timeStep,numberOfRobotsOnBlackSite,numberOfRobotsOnWhiteSite
32038,26,19
timeStep,numberOfRobotsOnBlackSite,numberOfRobotsOnWhiteSite
32039,26,19
timeStep,numberOfRobotsOnBlackSite,numberOfRobotsOnWhiteSite
32040,26,19
timeStep,numberOfRobotsOnBlackSite,numberOfRobotsOnWhiteSite
32041,26,19
timeStep,numberOfRobotsOnBlackSite,numberOfRobotsOnWhiteSite
32042,26,19
timeStep,numberOfRobotsOnBlackSite,numberOfRobotsOnWhiteSite
32043,26,19
timeStep,numberOfRobotsOnBlackSite,numberOfRobotsOnWhiteSite
32044,26,19
timeStep,numberOfRobotsOnBlackSite,numberOfRobotsOnWhiteSite
32045,26,19
timeStep,numberOfRobotsOnBlackSite,numberOfRobotsOnWhiteSite
32046,26,19
timeStep,numberOfRobotsOnBlackSite,numberOfRobotsOnWhiteSite
32047,26,19
timeStep,numberOfRobotsOnBlackSite,numberOfRobotsOnWhiteSite
32048,26,19
timeStep,numberOfRobotsOnBlackSite,numberOfRobotsOnWhiteSite
32049,26,19
timeStep,numberOfRobotsOnBlackSite,numberOfRobotsOnWhiteSite
32050,26,19
timeStep,numberOfRobotsOnBlackSite,numberOfRobotsOnWhiteSite
32051,26,19
timeStep,numberOfRobotsOnBlackSite,numberOfRobotsOnWhiteSite
32052,26,19
timeStep,numberOfRobotsOnBlackSite,numberOfRobotsOnWhiteSite
32053,26,19
timeStep,numberOfRobotsOnBlackSite,numberOfRobotsOnWhiteSite
32054,26,19
timeStep,numberOfRobotsOnBlackSite,numberOfRobotsOnWhiteSite
32055,26,19
timeStep,numberOfRobotsOnBlackSite,numberOfRobotsOnWhiteSite
32056,26,19
timeStep,numberOfRobotsOnBlackSite,numberOfRobotsOnWhiteSite
32057,26,19
timeStep,numberOfRobotsOnBlackSite,numberOfRobotsOnWhiteSite
32058,26,19
timeStep,numberOfRobotsOnBlackSite,numberOfRobotsOnWhiteSite
32059,26,19
timeStep,numberOfRobotsOnBlackSite,numberOfRobotsOnWhiteSite
32060,26,19
timeStep,numberOfRobotsOnBlackSite,numberOfRobotsOnWhiteSite
32061,26,19
timeStep,numberOfRobotsOnBlackSite,numberOfRobotsOnWhiteSite
32062,26,19
timeStep,numberOfRobotsOnBlackSite,numberOfRobotsOnWhiteSite
32063,26,19
timeStep,numberOfRobotsOnBlackSite,numberOfRobotsOnWhiteSite
32064,26,19
timeStep,numberOfRobotsOnBlackSite,numberOfRobotsOnWhiteSite
32065,26,19
timeStep,numberOfRobotsOnBlackSite,numberOfRobotsOnWhiteSite
32066,26,19
timeStep,numberOfRobotsOnBlackSite,numberOfRobotsOnWhiteSite
32067,26,19
timeStep,numberOfRobotsOnBlackSite,numberOfRobotsOnWhiteSite
32068,26,19
timeStep,numberOfRobotsOnBlackSite,numberOfRobotsOnWhiteSite
32069,26,19
timeStep,numberOfRobotsOnBlackSite,numberOfRobotsOnWhiteSite
32070,26,19
timeStep,numberOfRobotsOnBlackSite,numberOfRobotsOnWhiteSite
32071,26,19
timeStep,numberOfRobotsOnBlackSite,numberOfRobotsOnWhiteSite
32072,26,19
timeStep,numberOfRobotsOnBlackSite,numberOfRobotsOnWhiteSite
32073,26,19
timeStep,numberOfRobotsOnBlackSite,numberOfRobotsOnWhiteSite
32074,26,19
timeStep,numberOfRobotsOnBlackSite,numberOfRobotsOnWhiteSite
32075,26,19
timeStep,numberOfRobotsOnBlackSite,numberOfRobotsOnWhiteSite
32076,26,19
timeStep,numberOfRobotsOnBlackSite,numberOfRobotsOnWhiteSite
32077,26,19
timeStep,numberOfRobotsOnBlackSite,numberOfRobotsOnWhiteSite
32078,26,19
timeStep,numberOfRobotsOnBlackSite,numberOfRobotsOnWhiteSite
32079,26,19
timeStep,numberOfRobotsOnBlackSite,numberOfRobotsOnWhiteSite
32080,26,19
timeStep,numberOfRobotsOnBlackSite,numberOfRobotsOnWhiteSite
32081,26,19
timeStep,numberOfRobotsOnBlackSite,numberOfRobotsOnWhiteSite
32082,26,19
timeStep,numberOfRobotsOnBlackSite,numberOfRobotsOnWhiteSite
32083,26,19
timeStep,numberOfRobotsOnBlackSite,numberOfRobotsOnWhiteSite
32084,26,19
timeStep,numberOfRobotsOnBlackSite,numberOfRobotsOnWhiteSite
32085,26,19
timeStep,numberOfRobotsOnBlackSite,numberOfRobotsOnWhiteSite
32086,26,19
timeStep,numberOfRobotsOnBlackSite,numberOfRobotsOnWhiteSite
32087,26,19
timeStep,numberOfRobotsOnBlackSite,numberOfRobotsOnWhiteSite
32088,26,19
timeStep,numberOfRobotsOnBlackSite,numberOfRobotsOnWhiteSite
32089,26,19
timeStep,numberOfRobotsOnBlackSite,numberOfRobotsOnWhiteSite
32090,26,19
timeStep,numberOfRobotsOnBlackSite,numberOfRobotsOnWhiteSite
32091,26,19
timeStep,numberOfRobotsOnBlackSite,numberOfRobotsOnWhiteSite
32092,26,19
timeStep,numberOfRobotsOnBlackSite,numberOfRobotsOnWhiteSite
32093,26,19
timeStep,numberOfRobotsOnBlackSite,numberOfRobotsOnWhiteSite
32094,26,19
timeStep,numberOfRobotsOnBlackSite,numberOfRobotsOnWhiteSite
32095,26,19
timeStep,numberOfRobotsOnBlackSite,numberOfRobotsOnWhiteSite
32096,26,19
timeStep,numberOfRobotsOnBlackSite,numberOfRobotsOnWhiteSite
32097,26,19
timeStep,numberOfRobotsOnBlackSite,numberOfRobotsOnWhiteSite
32098,26,19
timeStep,numberOfRobotsOnBlackSite,numberOfRobotsOnWhiteSite
32099,26,19
timeStep,numberOfRobotsOnBlackSite,numberOfRobotsOnWhiteSite
32100,26,19
timeStep,numberOfRobotsOnBlackSite,numberOfRobotsOnWhiteSite
32101,26,19
timeStep,numberOfRobotsOnBlackSite,numberOfRobotsOnWhiteSite
32102,26,19
timeStep,numberOfRobotsOnBlackSite,numberOfRobotsOnWhiteSite
32103,26,19
timeStep,numberOfRobotsOnBlackSite,numberOfRobotsOnWhiteSite
32104,26,19
timeStep,numberOfRobotsOnBlackSite,numberOfRobotsOnWhiteSite
32105,26,19
timeStep,numberOfRobotsOnBlackSite,numberOfRobotsOnWhiteSite
32106,26,19
timeStep,numberOfRobotsOnBlackSite,numberOfRobotsOnWhiteSite
32107,26,19
timeStep,numberOfRobotsOnBlackSite,numberOfRobotsOnWhiteSite
32108,26,19
timeStep,numberOfRobotsOnBlackSite,numberOfRobotsOnWhiteSite
32109,26,19
timeStep,numberOfRobotsOnBlackSite,numberOfRobotsOnWhiteSite
32110,26,19
timeStep,numberOfRobotsOnBlackSite,numberOfRobotsOnWhiteSite
32111,26,19
timeStep,numberOfRobotsOnBlackSite,numberOfRobotsOnWhiteSite
32112,26,19
timeStep,numberOfRobotsOnBlackSite,numberOfRobotsOnWhiteSite
32113,26,19
timeStep,numberOfRobotsOnBlackSite,numberOfRobotsOnWhiteSite
32114,26,19
timeStep,numberOfRobotsOnBlackSite,numberOfRobotsOnWhiteSite
32115,26,19
timeStep,numberOfRobotsOnBlackSite,numberOfRobotsOnWhiteSite
32116,26,19
timeStep,numberOfRobotsOnBlackSite,numberOfRobotsOnWhiteSite
32117,26,19
timeStep,numberOfRobotsOnBlackSite,numberOfRobotsOnWhiteSite
32118,26,19
timeStep,numberOfRobotsOnBlackSite,numberOfRobotsOnWhiteSite
32119,26,19
timeStep,numberOfRobotsOnBlackSite,numberOfRobotsOnWhiteSite
32120,26,19
timeStep,numberOfRobotsOnBlackSite,numberOfRobotsOnWhiteSite
32121,26,19
timeStep,numberOfRobotsOnBlackSite,numberOfRobotsOnWhiteSite
32122,26,19
timeStep,numberOfRobotsOnBlackSite,numberOfRobotsOnWhiteSite
32123,26,19
timeStep,numberOfRobotsOnBlackSite,numberOfRobotsOnWhiteSite
32124,26,19
timeStep,numberOfRobotsOnBlackSite,numberOfRobotsOnWhiteSite
32125,26,19
timeStep,numberOfRobotsOnBlackSite,numberOfRobotsOnWhiteSite
32126,26,19
timeStep,numberOfRobotsOnBlackSite,numberOfRobotsOnWhiteSite
32127,26,19
timeStep,numberOfRobotsOnBlackSite,numberOfRobotsOnWhiteSite
32128,26,19
timeStep,numberOfRobotsOnBlackSite,numberOfRobotsOnWhiteSite
32129,26,19
timeStep,numberOfRobotsOnBlackSite,numberOfRobotsOnWhiteSite
32130,26,19
timeStep,numberOfRobotsOnBlackSite,numberOfRobotsOnWhiteSite
32131,26,19
timeStep,numberOfRobotsOnBlackSite,numberOfRobotsOnWhiteSite
32132,26,19
timeStep,numberOfRobotsOnBlackSite,numberOfRobotsOnWhiteSite
32133,26,19
timeStep,numberOfRobotsOnBlackSite,numberOfRobotsOnWhiteSite
32134,26,19
timeStep,numberOfRobotsOnBlackSite,numberOfRobotsOnWhiteSite
32135,26,19
timeStep,numberOfRobotsOnBlackSite,numberOfRobotsOnWhiteSite
32136,26,19
timeStep,numberOfRobotsOnBlackSite,numberOfRobotsOnWhiteSite
32137,26,19
timeStep,numberOfRobotsOnBlackSite,numberOfRobotsOnWhiteSite
32138,26,19
timeStep,numberOfRobotsOnBlackSite,numberOfRobotsOnWhiteSite
32139,26,19
timeStep,numberOfRobotsOnBlackSite,numberOfRobotsOnWhiteSite
32140,26,19
timeStep,numberOfRobotsOnBlackSite,numberOfRobotsOnWhiteSite
32141,26,19
timeStep,numberOfRobotsOnBlackSite,numberOfRobotsOnWhiteSite
32142,26,19
timeStep,numberOfRobotsOnBlackSite,numberOfRobotsOnWhiteSite
32143,26,19
timeStep,numberOfRobotsOnBlackSite,numberOfRobotsOnWhiteSite
32144,26,19
timeStep,numberOfRobotsOnBlackSite,numberOfRobotsOnWhiteSite
32145,26,19
timeStep,numberOfRobotsOnBlackSite,numberOfRobotsOnWhiteSite
32146,26,19
timeStep,numberOfRobotsOnBlackSite,numberOfRobotsOnWhiteSite
32147,26,19
timeStep,numberOfRobotsOnBlackSite,numberOfRobotsOnWhiteSite
32148,26,19
timeStep,numberOfRobotsOnBlackSite,numberOfRobotsOnWhiteSite
32149,26,19
timeStep,numberOfRobotsOnBlackSite,numberOfRobotsOnWhiteSite
32150,26,19
timeStep,numberOfRobotsOnBlackSite,numberOfRobotsOnWhiteSite
32151,26,19
timeStep,numberOfRobotsOnBlackSite,numberOfRobotsOnWhiteSite
32152,26,19
timeStep,numberOfRobotsOnBlackSite,numberOfRobotsOnWhiteSite
32153,26,19
timeStep,numberOfRobotsOnBlackSite,numberOfRobotsOnWhiteSite
32154,26,19
timeStep,numberOfRobotsOnBlackSite,numberOfRobotsOnWhiteSite
32155,26,19
timeStep,numberOfRobotsOnBlackSite,numberOfRobotsOnWhiteSite
32156,26,19
timeStep,numberOfRobotsOnBlackSite,numberOfRobotsOnWhiteSite
32157,26,19
timeStep,numberOfRobotsOnBlackSite,numberOfRobotsOnWhiteSite
32158,26,19
timeStep,numberOfRobotsOnBlackSite,numberOfRobotsOnWhiteSite
32159,26,19
timeStep,numberOfRobotsOnBlackSite,numberOfRobotsOnWhiteSite
32160,26,19
timeStep,numberOfRobotsOnBlackSite,numberOfRobotsOnWhiteSite
32161,26,19
timeStep,numberOfRobotsOnBlackSite,numberOfRobotsOnWhiteSite
32162,26,19
timeStep,numberOfRobotsOnBlackSite,numberOfRobotsOnWhiteSite
32163,26,19
timeStep,numberOfRobotsOnBlackSite,numberOfRobotsOnWhiteSite
32164,26,19
timeStep,numberOfRobotsOnBlackSite,numberOfRobotsOnWhiteSite
32165,26,19
timeStep,numberOfRobotsOnBlackSite,numberOfRobotsOnWhiteSite
32166,26,19
timeStep,numberOfRobotsOnBlackSite,numberOfRobotsOnWhiteSite
32167,26,19
timeStep,numberOfRobotsOnBlackSite,numberOfRobotsOnWhiteSite
32168,26,19
timeStep,numberOfRobotsOnBlackSite,numberOfRobotsOnWhiteSite
32169,26,19
timeStep,numberOfRobotsOnBlackSite,numberOfRobotsOnWhiteSite
32170,26,19
timeStep,numberOfRobotsOnBlackSite,numberOfRobotsOnWhiteSite
32171,26,19
timeStep,numberOfRobotsOnBlackSite,numberOfRobotsOnWhiteSite
32172,26,19
timeStep,numberOfRobotsOnBlackSite,numberOfRobotsOnWhiteSite
32173,26,19
timeStep,numberOfRobotsOnBlackSite,numberOfRobotsOnWhiteSite
32174,26,19
timeStep,numberOfRobotsOnBlackSite,numberOfRobotsOnWhiteSite
32175,26,19
timeStep,numberOfRobotsOnBlackSite,numberOfRobotsOnWhiteSite
32176,26,19
timeStep,numberOfRobotsOnBlackSite,numberOfRobotsOnWhiteSite
32177,26,19
timeStep,numberOfRobotsOnBlackSite,numberOfRobotsOnWhiteSite
32178,26,19
timeStep,numberOfRobotsOnBlackSite,numberOfRobotsOnWhiteSite
32179,26,19
timeStep,numberOfRobotsOnBlackSite,numberOfRobotsOnWhiteSite
32180,26,19
timeStep,numberOfRobotsOnBlackSite,numberOfRobotsOnWhiteSite
32181,26,19
timeStep,numberOfRobotsOnBlackSite,numberOfRobotsOnWhiteSite
32182,26,19
timeStep,numberOfRobotsOnBlackSite,numberOfRobotsOnWhiteSite
32183,26,19
timeStep,numberOfRobotsOnBlackSite,numberOfRobotsOnWhiteSite
32184,26,19
timeStep,numberOfRobotsOnBlackSite,numberOfRobotsOnWhiteSite
32185,26,19
timeStep,numberOfRobotsOnBlackSite,numberOfRobotsOnWhiteSite
32186,26,19
timeStep,numberOfRobotsOnBlackSite,numberOfRobotsOnWhiteSite
32187,26,19
timeStep,numberOfRobotsOnBlackSite,numberOfRobotsOnWhiteSite
32188,26,19
timeStep,numberOfRobotsOnBlackSite,numberOfRobotsOnWhiteSite
32189,26,19
timeStep,numberOfRobotsOnBlackSite,numberOfRobotsOnWhiteSite
32190,26,19
timeStep,numberOfRobotsOnBlackSite,numberOfRobotsOnWhiteSite
32191,26,19
timeStep,numberOfRobotsOnBlackSite,numberOfRobotsOnWhiteSite
32192,26,19
timeStep,numberOfRobotsOnBlackSite,numberOfRobotsOnWhiteSite
32193,26,19
timeStep,numberOfRobotsOnBlackSite,numberOfRobotsOnWhiteSite
32194,26,19
timeStep,numberOfRobotsOnBlackSite,numberOfRobotsOnWhiteSite
32195,26,19
timeStep,numberOfRobotsOnBlackSite,numberOfRobotsOnWhiteSite
32196,26,19
timeStep,numberOfRobotsOnBlackSite,numberOfRobotsOnWhiteSite
32197,26,19
timeStep,numberOfRobotsOnBlackSite,numberOfRobotsOnWhiteSite
32198,26,19
timeStep,numberOfRobotsOnBlackSite,numberOfRobotsOnWhiteSite
32199,26,19
timeStep,numberOfRobotsOnBlackSite,numberOfRobotsOnWhiteSite
32200,26,19
timeStep,numberOfRobotsOnBlackSite,numberOfRobotsOnWhiteSite
32201,26,19
timeStep,numberOfRobotsOnBlackSite,numberOfRobotsOnWhiteSite
32202,26,19
timeStep,numberOfRobotsOnBlackSite,numberOfRobotsOnWhiteSite
32203,26,19
timeStep,numberOfRobotsOnBlackSite,numberOfRobotsOnWhiteSite
32204,26,19
timeStep,numberOfRobotsOnBlackSite,numberOfRobotsOnWhiteSite
32205,26,19
timeStep,numberOfRobotsOnBlackSite,numberOfRobotsOnWhiteSite
32206,26,19
timeStep,numberOfRobotsOnBlackSite,numberOfRobotsOnWhiteSite
32207,26,19
timeStep,numberOfRobotsOnBlackSite,numberOfRobotsOnWhiteSite
32208,26,19
timeStep,numberOfRobotsOnBlackSite,numberOfRobotsOnWhiteSite
32209,26,19
timeStep,numberOfRobotsOnBlackSite,numberOfRobotsOnWhiteSite
32210,26,19
timeStep,numberOfRobotsOnBlackSite,numberOfRobotsOnWhiteSite
32211,26,19
timeStep,numberOfRobotsOnBlackSite,numberOfRobotsOnWhiteSite
32212,26,19
timeStep,numberOfRobotsOnBlackSite,numberOfRobotsOnWhiteSite
32213,26,19
timeStep,numberOfRobotsOnBlackSite,numberOfRobotsOnWhiteSite
32214,26,19
timeStep,numberOfRobotsOnBlackSite,numberOfRobotsOnWhiteSite
32215,26,19
timeStep,numberOfRobotsOnBlackSite,numberOfRobotsOnWhiteSite
32216,26,19
timeStep,numberOfRobotsOnBlackSite,numberOfRobotsOnWhiteSite
32217,26,19
timeStep,numberOfRobotsOnBlackSite,numberOfRobotsOnWhiteSite
32218,26,19
timeStep,numberOfRobotsOnBlackSite,numberOfRobotsOnWhiteSite
32219,26,19
timeStep,numberOfRobotsOnBlackSite,numberOfRobotsOnWhiteSite
32220,26,19
timeStep,numberOfRobotsOnBlackSite,numberOfRobotsOnWhiteSite
32221,26,19
timeStep,numberOfRobotsOnBlackSite,numberOfRobotsOnWhiteSite
32222,26,19
timeStep,numberOfRobotsOnBlackSite,numberOfRobotsOnWhiteSite
32223,26,19
timeStep,numberOfRobotsOnBlackSite,numberOfRobotsOnWhiteSite
32224,26,19
timeStep,numberOfRobotsOnBlackSite,numberOfRobotsOnWhiteSite
32225,26,19
timeStep,numberOfRobotsOnBlackSite,numberOfRobotsOnWhiteSite
32226,26,19
timeStep,numberOfRobotsOnBlackSite,numberOfRobotsOnWhiteSite
32227,26,19
timeStep,numberOfRobotsOnBlackSite,numberOfRobotsOnWhiteSite
32228,26,19
timeStep,numberOfRobotsOnBlackSite,numberOfRobotsOnWhiteSite
32229,26,19
timeStep,numberOfRobotsOnBlackSite,numberOfRobotsOnWhiteSite
32230,26,19
timeStep,numberOfRobotsOnBlackSite,numberOfRobotsOnWhiteSite
32231,26,19
timeStep,numberOfRobotsOnBlackSite,numberOfRobotsOnWhiteSite
32232,26,19
timeStep,numberOfRobotsOnBlackSite,numberOfRobotsOnWhiteSite
32233,26,19
timeStep,numberOfRobotsOnBlackSite,numberOfRobotsOnWhiteSite
32234,26,19
timeStep,numberOfRobotsOnBlackSite,numberOfRobotsOnWhiteSite
32235,26,19
timeStep,numberOfRobotsOnBlackSite,numberOfRobotsOnWhiteSite
32236,26,19
timeStep,numberOfRobotsOnBlackSite,numberOfRobotsOnWhiteSite
32237,26,19
timeStep,numberOfRobotsOnBlackSite,numberOfRobotsOnWhiteSite
32238,26,19
timeStep,numberOfRobotsOnBlackSite,numberOfRobotsOnWhiteSite
32239,26,19
timeStep,numberOfRobotsOnBlackSite,numberOfRobotsOnWhiteSite
32240,26,19
timeStep,numberOfRobotsOnBlackSite,numberOfRobotsOnWhiteSite
32241,26,19
timeStep,numberOfRobotsOnBlackSite,numberOfRobotsOnWhiteSite
32242,26,19
timeStep,numberOfRobotsOnBlackSite,numberOfRobotsOnWhiteSite
32243,26,19
timeStep,numberOfRobotsOnBlackSite,numberOfRobotsOnWhiteSite
32244,26,19
timeStep,numberOfRobotsOnBlackSite,numberOfRobotsOnWhiteSite
32245,26,19
timeStep,numberOfRobotsOnBlackSite,numberOfRobotsOnWhiteSite
32246,26,19
timeStep,numberOfRobotsOnBlackSite,numberOfRobotsOnWhiteSite
32247,26,19
timeStep,numberOfRobotsOnBlackSite,numberOfRobotsOnWhiteSite
32248,26,19
timeStep,numberOfRobotsOnBlackSite,numberOfRobotsOnWhiteSite
32249,26,19
timeStep,numberOfRobotsOnBlackSite,numberOfRobotsOnWhiteSite
32250,26,19
timeStep,numberOfRobotsOnBlackSite,numberOfRobotsOnWhiteSite
32251,26,19
timeStep,numberOfRobotsOnBlackSite,numberOfRobotsOnWhiteSite
32252,26,19
timeStep,numberOfRobotsOnBlackSite,numberOfRobotsOnWhiteSite
32253,26,19
timeStep,numberOfRobotsOnBlackSite,numberOfRobotsOnWhiteSite
32254,26,19
timeStep,numberOfRobotsOnBlackSite,numberOfRobotsOnWhiteSite
32255,26,19
timeStep,numberOfRobotsOnBlackSite,numberOfRobotsOnWhiteSite
32256,26,19
timeStep,numberOfRobotsOnBlackSite,numberOfRobotsOnWhiteSite
32257,26,19
timeStep,numberOfRobotsOnBlackSite,numberOfRobotsOnWhiteSite
32258,26,19
timeStep,numberOfRobotsOnBlackSite,numberOfRobotsOnWhiteSite
32259,26,19
timeStep,numberOfRobotsOnBlackSite,numberOfRobotsOnWhiteSite
32260,26,19
timeStep,numberOfRobotsOnBlackSite,numberOfRobotsOnWhiteSite
32261,26,19
timeStep,numberOfRobotsOnBlackSite,numberOfRobotsOnWhiteSite
32262,26,19
timeStep,numberOfRobotsOnBlackSite,numberOfRobotsOnWhiteSite
32263,26,19
timeStep,numberOfRobotsOnBlackSite,numberOfRobotsOnWhiteSite
32264,26,19
timeStep,numberOfRobotsOnBlackSite,numberOfRobotsOnWhiteSite
32265,26,19
timeStep,numberOfRobotsOnBlackSite,numberOfRobotsOnWhiteSite
32266,26,19
timeStep,numberOfRobotsOnBlackSite,numberOfRobotsOnWhiteSite
32267,26,19
timeStep,numberOfRobotsOnBlackSite,numberOfRobotsOnWhiteSite
32268,26,19
timeStep,numberOfRobotsOnBlackSite,numberOfRobotsOnWhiteSite
32269,26,19
timeStep,numberOfRobotsOnBlackSite,numberOfRobotsOnWhiteSite
32270,26,19
timeStep,numberOfRobotsOnBlackSite,numberOfRobotsOnWhiteSite
32271,26,19
timeStep,numberOfRobotsOnBlackSite,numberOfRobotsOnWhiteSite
32272,26,19
timeStep,numberOfRobotsOnBlackSite,numberOfRobotsOnWhiteSite
32273,26,19
timeStep,numberOfRobotsOnBlackSite,numberOfRobotsOnWhiteSite
32274,26,19
timeStep,numberOfRobotsOnBlackSite,numberOfRobotsOnWhiteSite
32275,26,19
timeStep,numberOfRobotsOnBlackSite,numberOfRobotsOnWhiteSite
32276,26,19
timeStep,numberOfRobotsOnBlackSite,numberOfRobotsOnWhiteSite
32277,26,19
timeStep,numberOfRobotsOnBlackSite,numberOfRobotsOnWhiteSite
32278,26,19
timeStep,numberOfRobotsOnBlackSite,numberOfRobotsOnWhiteSite
32279,26,19
timeStep,numberOfRobotsOnBlackSite,numberOfRobotsOnWhiteSite
32280,26,19
timeStep,numberOfRobotsOnBlackSite,numberOfRobotsOnWhiteSite
32281,26,19
timeStep,numberOfRobotsOnBlackSite,numberOfRobotsOnWhiteSite
32282,26,19
timeStep,numberOfRobotsOnBlackSite,numberOfRobotsOnWhiteSite
32283,26,19
timeStep,numberOfRobotsOnBlackSite,numberOfRobotsOnWhiteSite
32284,26,19
timeStep,numberOfRobotsOnBlackSite,numberOfRobotsOnWhiteSite
32285,26,19
timeStep,numberOfRobotsOnBlackSite,numberOfRobotsOnWhiteSite
32286,26,19
timeStep,numberOfRobotsOnBlackSite,numberOfRobotsOnWhiteSite
32287,26,19
timeStep,numberOfRobotsOnBlackSite,numberOfRobotsOnWhiteSite
32288,26,19
timeStep,numberOfRobotsOnBlackSite,numberOfRobotsOnWhiteSite
32289,26,19
timeStep,numberOfRobotsOnBlackSite,numberOfRobotsOnWhiteSite
32290,26,19
timeStep,numberOfRobotsOnBlackSite,numberOfRobotsOnWhiteSite
32291,26,19
timeStep,numberOfRobotsOnBlackSite,numberOfRobotsOnWhiteSite
32292,26,19
timeStep,numberOfRobotsOnBlackSite,numberOfRobotsOnWhiteSite
32293,26,19
timeStep,numberOfRobotsOnBlackSite,numberOfRobotsOnWhiteSite
32294,26,19
timeStep,numberOfRobotsOnBlackSite,numberOfRobotsOnWhiteSite
32295,26,19
timeStep,numberOfRobotsOnBlackSite,numberOfRobotsOnWhiteSite
32296,26,19
timeStep,numberOfRobotsOnBlackSite,numberOfRobotsOnWhiteSite
32297,26,19
timeStep,numberOfRobotsOnBlackSite,numberOfRobotsOnWhiteSite
32298,26,19
timeStep,numberOfRobotsOnBlackSite,numberOfRobotsOnWhiteSite
32299,26,19
timeStep,numberOfRobotsOnBlackSite,numberOfRobotsOnWhiteSite
32300,26,19
timeStep,numberOfRobotsOnBlackSite,numberOfRobotsOnWhiteSite
32301,26,19
timeStep,numberOfRobotsOnBlackSite,numberOfRobotsOnWhiteSite
32302,26,19
timeStep,numberOfRobotsOnBlackSite,numberOfRobotsOnWhiteSite
32303,26,19
timeStep,numberOfRobotsOnBlackSite,numberOfRobotsOnWhiteSite
32304,26,19
timeStep,numberOfRobotsOnBlackSite,numberOfRobotsOnWhiteSite
32305,27,19
timeStep,numberOfRobotsOnBlackSite,numberOfRobotsOnWhiteSite
32306,27,19
timeStep,numberOfRobotsOnBlackSite,numberOfRobotsOnWhiteSite
32307,27,19
timeStep,numberOfRobotsOnBlackSite,numberOfRobotsOnWhiteSite
32308,27,19
timeStep,numberOfRobotsOnBlackSite,numberOfRobotsOnWhiteSite
32309,27,19
timeStep,numberOfRobotsOnBlackSite,numberOfRobotsOnWhiteSite
32310,27,19
timeStep,numberOfRobotsOnBlackSite,numberOfRobotsOnWhiteSite
32311,27,19
timeStep,numberOfRobotsOnBlackSite,numberOfRobotsOnWhiteSite
32312,27,19
timeStep,numberOfRobotsOnBlackSite,numberOfRobotsOnWhiteSite
32313,27,19
timeStep,numberOfRobotsOnBlackSite,numberOfRobotsOnWhiteSite
32314,27,19
timeStep,numberOfRobotsOnBlackSite,numberOfRobotsOnWhiteSite
32315,27,19
timeStep,numberOfRobotsOnBlackSite,numberOfRobotsOnWhiteSite
32316,27,19
timeStep,numberOfRobotsOnBlackSite,numberOfRobotsOnWhiteSite
32317,27,19
timeStep,numberOfRobotsOnBlackSite,numberOfRobotsOnWhiteSite
32318,27,19
timeStep,numberOfRobotsOnBlackSite,numberOfRobotsOnWhiteSite
32319,27,19
timeStep,numberOfRobotsOnBlackSite,numberOfRobotsOnWhiteSite
32320,27,19
timeStep,numberOfRobotsOnBlackSite,numberOfRobotsOnWhiteSite
32321,27,19
timeStep,numberOfRobotsOnBlackSite,numberOfRobotsOnWhiteSite
32322,27,19
timeStep,numberOfRobotsOnBlackSite,numberOfRobotsOnWhiteSite
32323,27,19
timeStep,numberOfRobotsOnBlackSite,numberOfRobotsOnWhiteSite
32324,27,19
timeStep,numberOfRobotsOnBlackSite,numberOfRobotsOnWhiteSite
32325,27,19
timeStep,numberOfRobotsOnBlackSite,numberOfRobotsOnWhiteSite
32326,27,19
timeStep,numberOfRobotsOnBlackSite,numberOfRobotsOnWhiteSite
32327,27,19
timeStep,numberOfRobotsOnBlackSite,numberOfRobotsOnWhiteSite
32328,27,19
timeStep,numberOfRobotsOnBlackSite,numberOfRobotsOnWhiteSite
32329,27,19
timeStep,numberOfRobotsOnBlackSite,numberOfRobotsOnWhiteSite
32330,27,19
timeStep,numberOfRobotsOnBlackSite,numberOfRobotsOnWhiteSite
32331,27,19
timeStep,numberOfRobotsOnBlackSite,numberOfRobotsOnWhiteSite
32332,27,19
timeStep,numberOfRobotsOnBlackSite,numberOfRobotsOnWhiteSite
32333,27,19
timeStep,numberOfRobotsOnBlackSite,numberOfRobotsOnWhiteSite
32334,27,19
timeStep,numberOfRobotsOnBlackSite,numberOfRobotsOnWhiteSite
32335,27,19
timeStep,numberOfRobotsOnBlackSite,numberOfRobotsOnWhiteSite
32336,27,19
timeStep,numberOfRobotsOnBlackSite,numberOfRobotsOnWhiteSite
32337,27,19
timeStep,numberOfRobotsOnBlackSite,numberOfRobotsOnWhiteSite
32338,27,19
timeStep,numberOfRobotsOnBlackSite,numberOfRobotsOnWhiteSite
32339,27,19
timeStep,numberOfRobotsOnBlackSite,numberOfRobotsOnWhiteSite
32340,27,19
timeStep,numberOfRobotsOnBlackSite,numberOfRobotsOnWhiteSite
32341,27,19
timeStep,numberOfRobotsOnBlackSite,numberOfRobotsOnWhiteSite
32342,27,19
timeStep,numberOfRobotsOnBlackSite,numberOfRobotsOnWhiteSite
32343,27,19
timeStep,numberOfRobotsOnBlackSite,numberOfRobotsOnWhiteSite
32344,27,19
timeStep,numberOfRobotsOnBlackSite,numberOfRobotsOnWhiteSite
32345,27,19
timeStep,numberOfRobotsOnBlackSite,numberOfRobotsOnWhiteSite
32346,27,19
timeStep,numberOfRobotsOnBlackSite,numberOfRobotsOnWhiteSite
32347,27,19
timeStep,numberOfRobotsOnBlackSite,numberOfRobotsOnWhiteSite
32348,27,19
timeStep,numberOfRobotsOnBlackSite,numberOfRobotsOnWhiteSite
32349,27,19
timeStep,numberOfRobotsOnBlackSite,numberOfRobotsOnWhiteSite
32350,27,19
timeStep,numberOfRobotsOnBlackSite,numberOfRobotsOnWhiteSite
32351,27,19
timeStep,numberOfRobotsOnBlackSite,numberOfRobotsOnWhiteSite
32352,27,19
timeStep,numberOfRobotsOnBlackSite,numberOfRobotsOnWhiteSite
32353,27,19
timeStep,numberOfRobotsOnBlackSite,numberOfRobotsOnWhiteSite
32354,27,19
timeStep,numberOfRobotsOnBlackSite,numberOfRobotsOnWhiteSite
32355,27,19
timeStep,numberOfRobotsOnBlackSite,numberOfRobotsOnWhiteSite
32356,27,19
timeStep,numberOfRobotsOnBlackSite,numberOfRobotsOnWhiteSite
32357,27,19
timeStep,numberOfRobotsOnBlackSite,numberOfRobotsOnWhiteSite
32358,27,19
timeStep,numberOfRobotsOnBlackSite,numberOfRobotsOnWhiteSite
32359,27,19
timeStep,numberOfRobotsOnBlackSite,numberOfRobotsOnWhiteSite
32360,27,19
timeStep,numberOfRobotsOnBlackSite,numberOfRobotsOnWhiteSite
32361,27,19
timeStep,numberOfRobotsOnBlackSite,numberOfRobotsOnWhiteSite
32362,27,19
timeStep,numberOfRobotsOnBlackSite,numberOfRobotsOnWhiteSite
32363,27,19
timeStep,numberOfRobotsOnBlackSite,numberOfRobotsOnWhiteSite
32364,27,19
timeStep,numberOfRobotsOnBlackSite,numberOfRobotsOnWhiteSite
32365,27,19
timeStep,numberOfRobotsOnBlackSite,numberOfRobotsOnWhiteSite
32366,27,19
timeStep,numberOfRobotsOnBlackSite,numberOfRobotsOnWhiteSite
32367,27,19
timeStep,numberOfRobotsOnBlackSite,numberOfRobotsOnWhiteSite
32368,27,19
timeStep,numberOfRobotsOnBlackSite,numberOfRobotsOnWhiteSite
32369,27,19
timeStep,numberOfRobotsOnBlackSite,numberOfRobotsOnWhiteSite
32370,27,19
timeStep,numberOfRobotsOnBlackSite,numberOfRobotsOnWhiteSite
32371,27,19
timeStep,numberOfRobotsOnBlackSite,numberOfRobotsOnWhiteSite
32372,27,19
timeStep,numberOfRobotsOnBlackSite,numberOfRobotsOnWhiteSite
32373,27,19
timeStep,numberOfRobotsOnBlackSite,numberOfRobotsOnWhiteSite
32374,27,19
timeStep,numberOfRobotsOnBlackSite,numberOfRobotsOnWhiteSite
32375,27,19
timeStep,numberOfRobotsOnBlackSite,numberOfRobotsOnWhiteSite
32376,27,19
timeStep,numberOfRobotsOnBlackSite,numberOfRobotsOnWhiteSite
32377,27,19
timeStep,numberOfRobotsOnBlackSite,numberOfRobotsOnWhiteSite
32378,27,19
timeStep,numberOfRobotsOnBlackSite,numberOfRobotsOnWhiteSite
32379,27,19
timeStep,numberOfRobotsOnBlackSite,numberOfRobotsOnWhiteSite
32380,27,19
timeStep,numberOfRobotsOnBlackSite,numberOfRobotsOnWhiteSite
32381,27,19
timeStep,numberOfRobotsOnBlackSite,numberOfRobotsOnWhiteSite
32382,27,19
timeStep,numberOfRobotsOnBlackSite,numberOfRobotsOnWhiteSite
32383,27,19
timeStep,numberOfRobotsOnBlackSite,numberOfRobotsOnWhiteSite
32384,27,19
timeStep,numberOfRobotsOnBlackSite,numberOfRobotsOnWhiteSite
32385,27,19
timeStep,numberOfRobotsOnBlackSite,numberOfRobotsOnWhiteSite
32386,27,19
timeStep,numberOfRobotsOnBlackSite,numberOfRobotsOnWhiteSite
32387,27,19
timeStep,numberOfRobotsOnBlackSite,numberOfRobotsOnWhiteSite
32388,27,19
timeStep,numberOfRobotsOnBlackSite,numberOfRobotsOnWhiteSite
32389,27,19
timeStep,numberOfRobotsOnBlackSite,numberOfRobotsOnWhiteSite
32390,27,19
timeStep,numberOfRobotsOnBlackSite,numberOfRobotsOnWhiteSite
32391,27,19
timeStep,numberOfRobotsOnBlackSite,numberOfRobotsOnWhiteSite
32392,27,19
timeStep,numberOfRobotsOnBlackSite,numberOfRobotsOnWhiteSite
32393,27,19
timeStep,numberOfRobotsOnBlackSite,numberOfRobotsOnWhiteSite
32394,27,19
timeStep,numberOfRobotsOnBlackSite,numberOfRobotsOnWhiteSite
32395,27,19
timeStep,numberOfRobotsOnBlackSite,numberOfRobotsOnWhiteSite
32396,27,19
timeStep,numberOfRobotsOnBlackSite,numberOfRobotsOnWhiteSite
32397,27,19
timeStep,numberOfRobotsOnBlackSite,numberOfRobotsOnWhiteSite
32398,27,19
timeStep,numberOfRobotsOnBlackSite,numberOfRobotsOnWhiteSite
32399,27,19
timeStep,numberOfRobotsOnBlackSite,numberOfRobotsOnWhiteSite
32400,27,19
timeStep,numberOfRobotsOnBlackSite,numberOfRobotsOnWhiteSite
32401,27,19
timeStep,numberOfRobotsOnBlackSite,numberOfRobotsOnWhiteSite
32402,27,19
timeStep,numberOfRobotsOnBlackSite,numberOfRobotsOnWhiteSite
32403,27,19
timeStep,numberOfRobotsOnBlackSite,numberOfRobotsOnWhiteSite
32404,27,19
timeStep,numberOfRobotsOnBlackSite,numberOfRobotsOnWhiteSite
32405,27,19
timeStep,numberOfRobotsOnBlackSite,numberOfRobotsOnWhiteSite
32406,27,19
timeStep,numberOfRobotsOnBlackSite,numberOfRobotsOnWhiteSite
32407,27,19
timeStep,numberOfRobotsOnBlackSite,numberOfRobotsOnWhiteSite
32408,27,19
timeStep,numberOfRobotsOnBlackSite,numberOfRobotsOnWhiteSite
32409,27,19
timeStep,numberOfRobotsOnBlackSite,numberOfRobotsOnWhiteSite
32410,27,19
timeStep,numberOfRobotsOnBlackSite,numberOfRobotsOnWhiteSite
32411,27,19
timeStep,numberOfRobotsOnBlackSite,numberOfRobotsOnWhiteSite
32412,27,19
timeStep,numberOfRobotsOnBlackSite,numberOfRobotsOnWhiteSite
32413,27,19
timeStep,numberOfRobotsOnBlackSite,numberOfRobotsOnWhiteSite
32414,27,19
timeStep,numberOfRobotsOnBlackSite,numberOfRobotsOnWhiteSite
32415,27,19
timeStep,numberOfRobotsOnBlackSite,numberOfRobotsOnWhiteSite
32416,27,19
timeStep,numberOfRobotsOnBlackSite,numberOfRobotsOnWhiteSite
32417,27,19
timeStep,numberOfRobotsOnBlackSite,numberOfRobotsOnWhiteSite
32418,27,19
timeStep,numberOfRobotsOnBlackSite,numberOfRobotsOnWhiteSite
32419,27,19
timeStep,numberOfRobotsOnBlackSite,numberOfRobotsOnWhiteSite
32420,27,19
timeStep,numberOfRobotsOnBlackSite,numberOfRobotsOnWhiteSite
32421,27,19
timeStep,numberOfRobotsOnBlackSite,numberOfRobotsOnWhiteSite
32422,27,19
timeStep,numberOfRobotsOnBlackSite,numberOfRobotsOnWhiteSite
32423,27,19
timeStep,numberOfRobotsOnBlackSite,numberOfRobotsOnWhiteSite
32424,27,19
timeStep,numberOfRobotsOnBlackSite,numberOfRobotsOnWhiteSite
32425,26,19
timeStep,numberOfRobotsOnBlackSite,numberOfRobotsOnWhiteSite
32426,26,19
timeStep,numberOfRobotsOnBlackSite,numberOfRobotsOnWhiteSite
32427,26,19
timeStep,numberOfRobotsOnBlackSite,numberOfRobotsOnWhiteSite
32428,26,19
timeStep,numberOfRobotsOnBlackSite,numberOfRobotsOnWhiteSite
32429,26,19
timeStep,numberOfRobotsOnBlackSite,numberOfRobotsOnWhiteSite
32430,26,19
timeStep,numberOfRobotsOnBlackSite,numberOfRobotsOnWhiteSite
32431,26,19
timeStep,numberOfRobotsOnBlackSite,numberOfRobotsOnWhiteSite
32432,26,19
timeStep,numberOfRobotsOnBlackSite,numberOfRobotsOnWhiteSite
32433,26,19
timeStep,numberOfRobotsOnBlackSite,numberOfRobotsOnWhiteSite
32434,26,19
timeStep,numberOfRobotsOnBlackSite,numberOfRobotsOnWhiteSite
32435,26,19
timeStep,numberOfRobotsOnBlackSite,numberOfRobotsOnWhiteSite
32436,26,19
timeStep,numberOfRobotsOnBlackSite,numberOfRobotsOnWhiteSite
32437,26,19
timeStep,numberOfRobotsOnBlackSite,numberOfRobotsOnWhiteSite
32438,26,19
timeStep,numberOfRobotsOnBlackSite,numberOfRobotsOnWhiteSite
32439,26,19
timeStep,numberOfRobotsOnBlackSite,numberOfRobotsOnWhiteSite
32440,26,19
timeStep,numberOfRobotsOnBlackSite,numberOfRobotsOnWhiteSite
32441,26,19
timeStep,numberOfRobotsOnBlackSite,numberOfRobotsOnWhiteSite
32442,26,19
timeStep,numberOfRobotsOnBlackSite,numberOfRobotsOnWhiteSite
32443,26,19
timeStep,numberOfRobotsOnBlackSite,numberOfRobotsOnWhiteSite
32444,26,19
timeStep,numberOfRobotsOnBlackSite,numberOfRobotsOnWhiteSite
32445,26,19
timeStep,numberOfRobotsOnBlackSite,numberOfRobotsOnWhiteSite
32446,26,19
timeStep,numberOfRobotsOnBlackSite,numberOfRobotsOnWhiteSite
32447,26,19
timeStep,numberOfRobotsOnBlackSite,numberOfRobotsOnWhiteSite
32448,26,19
timeStep,numberOfRobotsOnBlackSite,numberOfRobotsOnWhiteSite
32449,26,19
timeStep,numberOfRobotsOnBlackSite,numberOfRobotsOnWhiteSite
32450,26,19
timeStep,numberOfRobotsOnBlackSite,numberOfRobotsOnWhiteSite
32451,26,19
timeStep,numberOfRobotsOnBlackSite,numberOfRobotsOnWhiteSite
32452,26,19
timeStep,numberOfRobotsOnBlackSite,numberOfRobotsOnWhiteSite
32453,26,19
timeStep,numberOfRobotsOnBlackSite,numberOfRobotsOnWhiteSite
32454,26,19
timeStep,numberOfRobotsOnBlackSite,numberOfRobotsOnWhiteSite
32455,26,19
timeStep,numberOfRobotsOnBlackSite,numberOfRobotsOnWhiteSite
32456,26,19
timeStep,numberOfRobotsOnBlackSite,numberOfRobotsOnWhiteSite
32457,26,19
timeStep,numberOfRobotsOnBlackSite,numberOfRobotsOnWhiteSite
32458,26,19
timeStep,numberOfRobotsOnBlackSite,numberOfRobotsOnWhiteSite
32459,26,19
timeStep,numberOfRobotsOnBlackSite,numberOfRobotsOnWhiteSite
32460,26,19
timeStep,numberOfRobotsOnBlackSite,numberOfRobotsOnWhiteSite
32461,26,19
timeStep,numberOfRobotsOnBlackSite,numberOfRobotsOnWhiteSite
32462,26,19
timeStep,numberOfRobotsOnBlackSite,numberOfRobotsOnWhiteSite
32463,26,19
timeStep,numberOfRobotsOnBlackSite,numberOfRobotsOnWhiteSite
32464,26,19
timeStep,numberOfRobotsOnBlackSite,numberOfRobotsOnWhiteSite
32465,26,19
timeStep,numberOfRobotsOnBlackSite,numberOfRobotsOnWhiteSite
32466,26,19
timeStep,numberOfRobotsOnBlackSite,numberOfRobotsOnWhiteSite
32467,26,19
timeStep,numberOfRobotsOnBlackSite,numberOfRobotsOnWhiteSite
32468,26,19
timeStep,numberOfRobotsOnBlackSite,numberOfRobotsOnWhiteSite
32469,26,19
timeStep,numberOfRobotsOnBlackSite,numberOfRobotsOnWhiteSite
32470,26,19
timeStep,numberOfRobotsOnBlackSite,numberOfRobotsOnWhiteSite
32471,26,19
timeStep,numberOfRobotsOnBlackSite,numberOfRobotsOnWhiteSite
32472,26,19
timeStep,numberOfRobotsOnBlackSite,numberOfRobotsOnWhiteSite
32473,26,19
timeStep,numberOfRobotsOnBlackSite,numberOfRobotsOnWhiteSite
32474,26,19
timeStep,numberOfRobotsOnBlackSite,numberOfRobotsOnWhiteSite
32475,26,19
timeStep,numberOfRobotsOnBlackSite,numberOfRobotsOnWhiteSite
32476,26,19
timeStep,numberOfRobotsOnBlackSite,numberOfRobotsOnWhiteSite
32477,26,19
timeStep,numberOfRobotsOnBlackSite,numberOfRobotsOnWhiteSite
32478,26,19
timeStep,numberOfRobotsOnBlackSite,numberOfRobotsOnWhiteSite
32479,26,19
timeStep,numberOfRobotsOnBlackSite,numberOfRobotsOnWhiteSite
32480,26,19
timeStep,numberOfRobotsOnBlackSite,numberOfRobotsOnWhiteSite
32481,26,19
timeStep,numberOfRobotsOnBlackSite,numberOfRobotsOnWhiteSite
32482,26,19
timeStep,numberOfRobotsOnBlackSite,numberOfRobotsOnWhiteSite
32483,26,19
timeStep,numberOfRobotsOnBlackSite,numberOfRobotsOnWhiteSite
32484,26,19
timeStep,numberOfRobotsOnBlackSite,numberOfRobotsOnWhiteSite
32485,26,19
timeStep,numberOfRobotsOnBlackSite,numberOfRobotsOnWhiteSite
32486,26,19
timeStep,numberOfRobotsOnBlackSite,numberOfRobotsOnWhiteSite
32487,26,19
timeStep,numberOfRobotsOnBlackSite,numberOfRobotsOnWhiteSite
32488,26,19
timeStep,numberOfRobotsOnBlackSite,numberOfRobotsOnWhiteSite
32489,26,19
timeStep,numberOfRobotsOnBlackSite,numberOfRobotsOnWhiteSite
32490,26,19
timeStep,numberOfRobotsOnBlackSite,numberOfRobotsOnWhiteSite
32491,26,19
timeStep,numberOfRobotsOnBlackSite,numberOfRobotsOnWhiteSite
32492,26,19
timeStep,numberOfRobotsOnBlackSite,numberOfRobotsOnWhiteSite
32493,26,19
timeStep,numberOfRobotsOnBlackSite,numberOfRobotsOnWhiteSite
32494,26,19
timeStep,numberOfRobotsOnBlackSite,numberOfRobotsOnWhiteSite
32495,26,19
timeStep,numberOfRobotsOnBlackSite,numberOfRobotsOnWhiteSite
32496,26,19
timeStep,numberOfRobotsOnBlackSite,numberOfRobotsOnWhiteSite
32497,26,19
timeStep,numberOfRobotsOnBlackSite,numberOfRobotsOnWhiteSite
32498,26,19
timeStep,numberOfRobotsOnBlackSite,numberOfRobotsOnWhiteSite
32499,26,19
timeStep,numberOfRobotsOnBlackSite,numberOfRobotsOnWhiteSite
32500,26,19
timeStep,numberOfRobotsOnBlackSite,numberOfRobotsOnWhiteSite
32501,26,19
timeStep,numberOfRobotsOnBlackSite,numberOfRobotsOnWhiteSite
32502,26,19
timeStep,numberOfRobotsOnBlackSite,numberOfRobotsOnWhiteSite
32503,26,19
timeStep,numberOfRobotsOnBlackSite,numberOfRobotsOnWhiteSite
32504,26,19
timeStep,numberOfRobotsOnBlackSite,numberOfRobotsOnWhiteSite
32505,26,19
timeStep,numberOfRobotsOnBlackSite,numberOfRobotsOnWhiteSite
32506,26,19
timeStep,numberOfRobotsOnBlackSite,numberOfRobotsOnWhiteSite
32507,26,19
timeStep,numberOfRobotsOnBlackSite,numberOfRobotsOnWhiteSite
32508,26,19
timeStep,numberOfRobotsOnBlackSite,numberOfRobotsOnWhiteSite
32509,26,19
timeStep,numberOfRobotsOnBlackSite,numberOfRobotsOnWhiteSite
32510,26,19
timeStep,numberOfRobotsOnBlackSite,numberOfRobotsOnWhiteSite
32511,26,19
timeStep,numberOfRobotsOnBlackSite,numberOfRobotsOnWhiteSite
32512,26,19
timeStep,numberOfRobotsOnBlackSite,numberOfRobotsOnWhiteSite
32513,26,19
timeStep,numberOfRobotsOnBlackSite,numberOfRobotsOnWhiteSite
32514,26,19
timeStep,numberOfRobotsOnBlackSite,numberOfRobotsOnWhiteSite
32515,26,19
timeStep,numberOfRobotsOnBlackSite,numberOfRobotsOnWhiteSite
32516,26,19
timeStep,numberOfRobotsOnBlackSite,numberOfRobotsOnWhiteSite
32517,26,19
timeStep,numberOfRobotsOnBlackSite,numberOfRobotsOnWhiteSite
32518,26,19
timeStep,numberOfRobotsOnBlackSite,numberOfRobotsOnWhiteSite
32519,26,19
timeStep,numberOfRobotsOnBlackSite,numberOfRobotsOnWhiteSite
32520,26,19
timeStep,numberOfRobotsOnBlackSite,numberOfRobotsOnWhiteSite
32521,26,19
timeStep,numberOfRobotsOnBlackSite,numberOfRobotsOnWhiteSite
32522,26,19
timeStep,numberOfRobotsOnBlackSite,numberOfRobotsOnWhiteSite
32523,26,19
timeStep,numberOfRobotsOnBlackSite,numberOfRobotsOnWhiteSite
32524,26,19
timeStep,numberOfRobotsOnBlackSite,numberOfRobotsOnWhiteSite
32525,26,19
timeStep,numberOfRobotsOnBlackSite,numberOfRobotsOnWhiteSite
32526,26,19
timeStep,numberOfRobotsOnBlackSite,numberOfRobotsOnWhiteSite
32527,26,19
timeStep,numberOfRobotsOnBlackSite,numberOfRobotsOnWhiteSite
32528,26,19
timeStep,numberOfRobotsOnBlackSite,numberOfRobotsOnWhiteSite
32529,26,19
timeStep,numberOfRobotsOnBlackSite,numberOfRobotsOnWhiteSite
32530,26,19
timeStep,numberOfRobotsOnBlackSite,numberOfRobotsOnWhiteSite
32531,26,19
timeStep,numberOfRobotsOnBlackSite,numberOfRobotsOnWhiteSite
32532,26,19
timeStep,numberOfRobotsOnBlackSite,numberOfRobotsOnWhiteSite
32533,26,19
timeStep,numberOfRobotsOnBlackSite,numberOfRobotsOnWhiteSite
32534,26,19
timeStep,numberOfRobotsOnBlackSite,numberOfRobotsOnWhiteSite
32535,26,19
timeStep,numberOfRobotsOnBlackSite,numberOfRobotsOnWhiteSite
32536,26,19
timeStep,numberOfRobotsOnBlackSite,numberOfRobotsOnWhiteSite
32537,26,19
timeStep,numberOfRobotsOnBlackSite,numberOfRobotsOnWhiteSite
32538,26,19
timeStep,numberOfRobotsOnBlackSite,numberOfRobotsOnWhiteSite
32539,26,19
timeStep,numberOfRobotsOnBlackSite,numberOfRobotsOnWhiteSite
32540,26,19
timeStep,numberOfRobotsOnBlackSite,numberOfRobotsOnWhiteSite
32541,26,19
timeStep,numberOfRobotsOnBlackSite,numberOfRobotsOnWhiteSite
32542,26,19
timeStep,numberOfRobotsOnBlackSite,numberOfRobotsOnWhiteSite
32543,26,19
timeStep,numberOfRobotsOnBlackSite,numberOfRobotsOnWhiteSite
32544,26,19
timeStep,numberOfRobotsOnBlackSite,numberOfRobotsOnWhiteSite
32545,26,19
timeStep,numberOfRobotsOnBlackSite,numberOfRobotsOnWhiteSite
32546,26,19
timeStep,numberOfRobotsOnBlackSite,numberOfRobotsOnWhiteSite
32547,26,19
timeStep,numberOfRobotsOnBlackSite,numberOfRobotsOnWhiteSite
32548,26,19
timeStep,numberOfRobotsOnBlackSite,numberOfRobotsOnWhiteSite
32549,26,19
timeStep,numberOfRobotsOnBlackSite,numberOfRobotsOnWhiteSite
32550,26,19
timeStep,numberOfRobotsOnBlackSite,numberOfRobotsOnWhiteSite
32551,26,19
timeStep,numberOfRobotsOnBlackSite,numberOfRobotsOnWhiteSite
32552,26,19
timeStep,numberOfRobotsOnBlackSite,numberOfRobotsOnWhiteSite
32553,26,19
timeStep,numberOfRobotsOnBlackSite,numberOfRobotsOnWhiteSite
32554,26,19
timeStep,numberOfRobotsOnBlackSite,numberOfRobotsOnWhiteSite
32555,26,19
timeStep,numberOfRobotsOnBlackSite,numberOfRobotsOnWhiteSite
32556,26,19
timeStep,numberOfRobotsOnBlackSite,numberOfRobotsOnWhiteSite
32557,26,19
timeStep,numberOfRobotsOnBlackSite,numberOfRobotsOnWhiteSite
32558,26,19
timeStep,numberOfRobotsOnBlackSite,numberOfRobotsOnWhiteSite
32559,26,19
timeStep,numberOfRobotsOnBlackSite,numberOfRobotsOnWhiteSite
32560,26,19
timeStep,numberOfRobotsOnBlackSite,numberOfRobotsOnWhiteSite
32561,26,19
timeStep,numberOfRobotsOnBlackSite,numberOfRobotsOnWhiteSite
32562,26,19
timeStep,numberOfRobotsOnBlackSite,numberOfRobotsOnWhiteSite
32563,26,19
timeStep,numberOfRobotsOnBlackSite,numberOfRobotsOnWhiteSite
32564,26,19
timeStep,numberOfRobotsOnBlackSite,numberOfRobotsOnWhiteSite
32565,26,19
timeStep,numberOfRobotsOnBlackSite,numberOfRobotsOnWhiteSite
32566,26,19
timeStep,numberOfRobotsOnBlackSite,numberOfRobotsOnWhiteSite
32567,26,19
timeStep,numberOfRobotsOnBlackSite,numberOfRobotsOnWhiteSite
32568,26,19
timeStep,numberOfRobotsOnBlackSite,numberOfRobotsOnWhiteSite
32569,26,19
timeStep,numberOfRobotsOnBlackSite,numberOfRobotsOnWhiteSite
32570,26,19
timeStep,numberOfRobotsOnBlackSite,numberOfRobotsOnWhiteSite
32571,26,19
timeStep,numberOfRobotsOnBlackSite,numberOfRobotsOnWhiteSite
32572,26,19
timeStep,numberOfRobotsOnBlackSite,numberOfRobotsOnWhiteSite
32573,26,19
timeStep,numberOfRobotsOnBlackSite,numberOfRobotsOnWhiteSite
32574,26,19
timeStep,numberOfRobotsOnBlackSite,numberOfRobotsOnWhiteSite
32575,26,19
timeStep,numberOfRobotsOnBlackSite,numberOfRobotsOnWhiteSite
32576,26,19
timeStep,numberOfRobotsOnBlackSite,numberOfRobotsOnWhiteSite
32577,26,19
timeStep,numberOfRobotsOnBlackSite,numberOfRobotsOnWhiteSite
32578,26,19
timeStep,numberOfRobotsOnBlackSite,numberOfRobotsOnWhiteSite
32579,26,19
timeStep,numberOfRobotsOnBlackSite,numberOfRobotsOnWhiteSite
32580,26,19
timeStep,numberOfRobotsOnBlackSite,numberOfRobotsOnWhiteSite
32581,26,19
timeStep,numberOfRobotsOnBlackSite,numberOfRobotsOnWhiteSite
32582,26,19
timeStep,numberOfRobotsOnBlackSite,numberOfRobotsOnWhiteSite
32583,26,19
timeStep,numberOfRobotsOnBlackSite,numberOfRobotsOnWhiteSite
32584,26,19
timeStep,numberOfRobotsOnBlackSite,numberOfRobotsOnWhiteSite
32585,26,19
timeStep,numberOfRobotsOnBlackSite,numberOfRobotsOnWhiteSite
32586,26,19
timeStep,numberOfRobotsOnBlackSite,numberOfRobotsOnWhiteSite
32587,26,19
timeStep,numberOfRobotsOnBlackSite,numberOfRobotsOnWhiteSite
32588,26,19
timeStep,numberOfRobotsOnBlackSite,numberOfRobotsOnWhiteSite
32589,26,19
timeStep,numberOfRobotsOnBlackSite,numberOfRobotsOnWhiteSite
32590,26,19
timeStep,numberOfRobotsOnBlackSite,numberOfRobotsOnWhiteSite
32591,26,19
timeStep,numberOfRobotsOnBlackSite,numberOfRobotsOnWhiteSite
32592,26,19
timeStep,numberOfRobotsOnBlackSite,numberOfRobotsOnWhiteSite
32593,26,19
timeStep,numberOfRobotsOnBlackSite,numberOfRobotsOnWhiteSite
32594,26,19
timeStep,numberOfRobotsOnBlackSite,numberOfRobotsOnWhiteSite
32595,26,19
timeStep,numberOfRobotsOnBlackSite,numberOfRobotsOnWhiteSite
32596,26,19
timeStep,numberOfRobotsOnBlackSite,numberOfRobotsOnWhiteSite
32597,26,19
timeStep,numberOfRobotsOnBlackSite,numberOfRobotsOnWhiteSite
32598,26,19
timeStep,numberOfRobotsOnBlackSite,numberOfRobotsOnWhiteSite
32599,26,19
timeStep,numberOfRobotsOnBlackSite,numberOfRobotsOnWhiteSite
32600,26,19
timeStep,numberOfRobotsOnBlackSite,numberOfRobotsOnWhiteSite
32601,26,19
timeStep,numberOfRobotsOnBlackSite,numberOfRobotsOnWhiteSite
32602,26,19
timeStep,numberOfRobotsOnBlackSite,numberOfRobotsOnWhiteSite
32603,26,19
timeStep,numberOfRobotsOnBlackSite,numberOfRobotsOnWhiteSite
32604,26,19
timeStep,numberOfRobotsOnBlackSite,numberOfRobotsOnWhiteSite
32605,26,19
timeStep,numberOfRobotsOnBlackSite,numberOfRobotsOnWhiteSite
32606,26,19
timeStep,numberOfRobotsOnBlackSite,numberOfRobotsOnWhiteSite
32607,26,19
timeStep,numberOfRobotsOnBlackSite,numberOfRobotsOnWhiteSite
32608,26,19
timeStep,numberOfRobotsOnBlackSite,numberOfRobotsOnWhiteSite
32609,26,19
timeStep,numberOfRobotsOnBlackSite,numberOfRobotsOnWhiteSite
32610,26,19
timeStep,numberOfRobotsOnBlackSite,numberOfRobotsOnWhiteSite
32611,26,19
timeStep,numberOfRobotsOnBlackSite,numberOfRobotsOnWhiteSite
32612,26,19
timeStep,numberOfRobotsOnBlackSite,numberOfRobotsOnWhiteSite
32613,26,19
timeStep,numberOfRobotsOnBlackSite,numberOfRobotsOnWhiteSite
32614,26,19
timeStep,numberOfRobotsOnBlackSite,numberOfRobotsOnWhiteSite
32615,26,19
timeStep,numberOfRobotsOnBlackSite,numberOfRobotsOnWhiteSite
32616,26,19
timeStep,numberOfRobotsOnBlackSite,numberOfRobotsOnWhiteSite
32617,26,19
timeStep,numberOfRobotsOnBlackSite,numberOfRobotsOnWhiteSite
32618,26,19
timeStep,numberOfRobotsOnBlackSite,numberOfRobotsOnWhiteSite
32619,26,19
timeStep,numberOfRobotsOnBlackSite,numberOfRobotsOnWhiteSite
32620,26,19
timeStep,numberOfRobotsOnBlackSite,numberOfRobotsOnWhiteSite
32621,26,19
timeStep,numberOfRobotsOnBlackSite,numberOfRobotsOnWhiteSite
32622,26,19
timeStep,numberOfRobotsOnBlackSite,numberOfRobotsOnWhiteSite
32623,26,19
timeStep,numberOfRobotsOnBlackSite,numberOfRobotsOnWhiteSite
32624,26,19
timeStep,numberOfRobotsOnBlackSite,numberOfRobotsOnWhiteSite
32625,26,19
timeStep,numberOfRobotsOnBlackSite,numberOfRobotsOnWhiteSite
32626,26,19
timeStep,numberOfRobotsOnBlackSite,numberOfRobotsOnWhiteSite
32627,26,19
timeStep,numberOfRobotsOnBlackSite,numberOfRobotsOnWhiteSite
32628,26,19
timeStep,numberOfRobotsOnBlackSite,numberOfRobotsOnWhiteSite
32629,26,19
timeStep,numberOfRobotsOnBlackSite,numberOfRobotsOnWhiteSite
32630,26,19
timeStep,numberOfRobotsOnBlackSite,numberOfRobotsOnWhiteSite
32631,26,19
timeStep,numberOfRobotsOnBlackSite,numberOfRobotsOnWhiteSite
32632,26,19
timeStep,numberOfRobotsOnBlackSite,numberOfRobotsOnWhiteSite
32633,26,19
timeStep,numberOfRobotsOnBlackSite,numberOfRobotsOnWhiteSite
32634,26,19
timeStep,numberOfRobotsOnBlackSite,numberOfRobotsOnWhiteSite
32635,26,19
timeStep,numberOfRobotsOnBlackSite,numberOfRobotsOnWhiteSite
32636,26,19
timeStep,numberOfRobotsOnBlackSite,numberOfRobotsOnWhiteSite
32637,26,19
timeStep,numberOfRobotsOnBlackSite,numberOfRobotsOnWhiteSite
32638,26,19
timeStep,numberOfRobotsOnBlackSite,numberOfRobotsOnWhiteSite
32639,26,19
timeStep,numberOfRobotsOnBlackSite,numberOfRobotsOnWhiteSite
32640,26,19
timeStep,numberOfRobotsOnBlackSite,numberOfRobotsOnWhiteSite
32641,26,19
timeStep,numberOfRobotsOnBlackSite,numberOfRobotsOnWhiteSite
32642,26,19
timeStep,numberOfRobotsOnBlackSite,numberOfRobotsOnWhiteSite
32643,26,19
timeStep,numberOfRobotsOnBlackSite,numberOfRobotsOnWhiteSite
32644,26,19
timeStep,numberOfRobotsOnBlackSite,numberOfRobotsOnWhiteSite
32645,26,19
timeStep,numberOfRobotsOnBlackSite,numberOfRobotsOnWhiteSite
32646,26,19
timeStep,numberOfRobotsOnBlackSite,numberOfRobotsOnWhiteSite
32647,26,19
timeStep,numberOfRobotsOnBlackSite,numberOfRobotsOnWhiteSite
32648,26,19
timeStep,numberOfRobotsOnBlackSite,numberOfRobotsOnWhiteSite
32649,26,19
timeStep,numberOfRobotsOnBlackSite,numberOfRobotsOnWhiteSite
32650,26,19
timeStep,numberOfRobotsOnBlackSite,numberOfRobotsOnWhiteSite
32651,26,19
timeStep,numberOfRobotsOnBlackSite,numberOfRobotsOnWhiteSite
32652,26,19
timeStep,numberOfRobotsOnBlackSite,numberOfRobotsOnWhiteSite
32653,26,19
timeStep,numberOfRobotsOnBlackSite,numberOfRobotsOnWhiteSite
32654,26,19
timeStep,numberOfRobotsOnBlackSite,numberOfRobotsOnWhiteSite
32655,26,19
timeStep,numberOfRobotsOnBlackSite,numberOfRobotsOnWhiteSite
32656,26,19
timeStep,numberOfRobotsOnBlackSite,numberOfRobotsOnWhiteSite
32657,26,19
timeStep,numberOfRobotsOnBlackSite,numberOfRobotsOnWhiteSite
32658,26,19
timeStep,numberOfRobotsOnBlackSite,numberOfRobotsOnWhiteSite
32659,26,19
timeStep,numberOfRobotsOnBlackSite,numberOfRobotsOnWhiteSite
32660,26,19
timeStep,numberOfRobotsOnBlackSite,numberOfRobotsOnWhiteSite
32661,26,19
timeStep,numberOfRobotsOnBlackSite,numberOfRobotsOnWhiteSite
32662,26,19
timeStep,numberOfRobotsOnBlackSite,numberOfRobotsOnWhiteSite
32663,26,19
timeStep,numberOfRobotsOnBlackSite,numberOfRobotsOnWhiteSite
32664,26,19
timeStep,numberOfRobotsOnBlackSite,numberOfRobotsOnWhiteSite
32665,26,19
timeStep,numberOfRobotsOnBlackSite,numberOfRobotsOnWhiteSite
32666,26,19
timeStep,numberOfRobotsOnBlackSite,numberOfRobotsOnWhiteSite
32667,26,19
timeStep,numberOfRobotsOnBlackSite,numberOfRobotsOnWhiteSite
32668,26,19
timeStep,numberOfRobotsOnBlackSite,numberOfRobotsOnWhiteSite
32669,26,19
timeStep,numberOfRobotsOnBlackSite,numberOfRobotsOnWhiteSite
32670,26,19
timeStep,numberOfRobotsOnBlackSite,numberOfRobotsOnWhiteSite
32671,26,19
timeStep,numberOfRobotsOnBlackSite,numberOfRobotsOnWhiteSite
32672,26,19
timeStep,numberOfRobotsOnBlackSite,numberOfRobotsOnWhiteSite
32673,26,19
timeStep,numberOfRobotsOnBlackSite,numberOfRobotsOnWhiteSite
32674,26,19
timeStep,numberOfRobotsOnBlackSite,numberOfRobotsOnWhiteSite
32675,26,19
timeStep,numberOfRobotsOnBlackSite,numberOfRobotsOnWhiteSite
32676,26,19
timeStep,numberOfRobotsOnBlackSite,numberOfRobotsOnWhiteSite
32677,26,19
timeStep,numberOfRobotsOnBlackSite,numberOfRobotsOnWhiteSite
32678,26,19
timeStep,numberOfRobotsOnBlackSite,numberOfRobotsOnWhiteSite
32679,26,19
timeStep,numberOfRobotsOnBlackSite,numberOfRobotsOnWhiteSite
32680,26,19
timeStep,numberOfRobotsOnBlackSite,numberOfRobotsOnWhiteSite
32681,26,19
timeStep,numberOfRobotsOnBlackSite,numberOfRobotsOnWhiteSite
32682,26,19
timeStep,numberOfRobotsOnBlackSite,numberOfRobotsOnWhiteSite
32683,26,19
timeStep,numberOfRobotsOnBlackSite,numberOfRobotsOnWhiteSite
32684,26,19
timeStep,numberOfRobotsOnBlackSite,numberOfRobotsOnWhiteSite
32685,26,19
timeStep,numberOfRobotsOnBlackSite,numberOfRobotsOnWhiteSite
32686,26,19
timeStep,numberOfRobotsOnBlackSite,numberOfRobotsOnWhiteSite
32687,26,19
timeStep,numberOfRobotsOnBlackSite,numberOfRobotsOnWhiteSite
32688,26,19
timeStep,numberOfRobotsOnBlackSite,numberOfRobotsOnWhiteSite
32689,26,19
timeStep,numberOfRobotsOnBlackSite,numberOfRobotsOnWhiteSite
32690,26,19
timeStep,numberOfRobotsOnBlackSite,numberOfRobotsOnWhiteSite
32691,26,19
timeStep,numberOfRobotsOnBlackSite,numberOfRobotsOnWhiteSite
32692,26,19
timeStep,numberOfRobotsOnBlackSite,numberOfRobotsOnWhiteSite
32693,26,19
timeStep,numberOfRobotsOnBlackSite,numberOfRobotsOnWhiteSite
32694,26,19
timeStep,numberOfRobotsOnBlackSite,numberOfRobotsOnWhiteSite
32695,26,19
timeStep,numberOfRobotsOnBlackSite,numberOfRobotsOnWhiteSite
32696,26,19
timeStep,numberOfRobotsOnBlackSite,numberOfRobotsOnWhiteSite
32697,26,19
timeStep,numberOfRobotsOnBlackSite,numberOfRobotsOnWhiteSite
32698,26,19
timeStep,numberOfRobotsOnBlackSite,numberOfRobotsOnWhiteSite
32699,26,19
timeStep,numberOfRobotsOnBlackSite,numberOfRobotsOnWhiteSite
32700,26,19
timeStep,numberOfRobotsOnBlackSite,numberOfRobotsOnWhiteSite
32701,26,19
timeStep,numberOfRobotsOnBlackSite,numberOfRobotsOnWhiteSite
32702,26,19
timeStep,numberOfRobotsOnBlackSite,numberOfRobotsOnWhiteSite
32703,26,19
timeStep,numberOfRobotsOnBlackSite,numberOfRobotsOnWhiteSite
32704,26,19
timeStep,numberOfRobotsOnBlackSite,numberOfRobotsOnWhiteSite
32705,26,19
timeStep,numberOfRobotsOnBlackSite,numberOfRobotsOnWhiteSite
32706,26,19
timeStep,numberOfRobotsOnBlackSite,numberOfRobotsOnWhiteSite
32707,26,19
timeStep,numberOfRobotsOnBlackSite,numberOfRobotsOnWhiteSite
32708,26,19
timeStep,numberOfRobotsOnBlackSite,numberOfRobotsOnWhiteSite
32709,26,19
timeStep,numberOfRobotsOnBlackSite,numberOfRobotsOnWhiteSite
32710,26,19
timeStep,numberOfRobotsOnBlackSite,numberOfRobotsOnWhiteSite
32711,26,19
timeStep,numberOfRobotsOnBlackSite,numberOfRobotsOnWhiteSite
32712,26,19
timeStep,numberOfRobotsOnBlackSite,numberOfRobotsOnWhiteSite
32713,26,19
timeStep,numberOfRobotsOnBlackSite,numberOfRobotsOnWhiteSite
32714,26,19
timeStep,numberOfRobotsOnBlackSite,numberOfRobotsOnWhiteSite
32715,26,19
timeStep,numberOfRobotsOnBlackSite,numberOfRobotsOnWhiteSite
32716,26,19
timeStep,numberOfRobotsOnBlackSite,numberOfRobotsOnWhiteSite
32717,26,19
timeStep,numberOfRobotsOnBlackSite,numberOfRobotsOnWhiteSite
32718,26,19
timeStep,numberOfRobotsOnBlackSite,numberOfRobotsOnWhiteSite
32719,26,19
timeStep,numberOfRobotsOnBlackSite,numberOfRobotsOnWhiteSite
32720,26,19
timeStep,numberOfRobotsOnBlackSite,numberOfRobotsOnWhiteSite
32721,26,19
timeStep,numberOfRobotsOnBlackSite,numberOfRobotsOnWhiteSite
32722,26,19
timeStep,numberOfRobotsOnBlackSite,numberOfRobotsOnWhiteSite
32723,26,19
timeStep,numberOfRobotsOnBlackSite,numberOfRobotsOnWhiteSite
32724,26,19
timeStep,numberOfRobotsOnBlackSite,numberOfRobotsOnWhiteSite
32725,26,19
timeStep,numberOfRobotsOnBlackSite,numberOfRobotsOnWhiteSite
32726,26,19
timeStep,numberOfRobotsOnBlackSite,numberOfRobotsOnWhiteSite
32727,26,19
timeStep,numberOfRobotsOnBlackSite,numberOfRobotsOnWhiteSite
32728,26,19
timeStep,numberOfRobotsOnBlackSite,numberOfRobotsOnWhiteSite
32729,26,19
timeStep,numberOfRobotsOnBlackSite,numberOfRobotsOnWhiteSite
32730,26,19
timeStep,numberOfRobotsOnBlackSite,numberOfRobotsOnWhiteSite
32731,26,19
timeStep,numberOfRobotsOnBlackSite,numberOfRobotsOnWhiteSite
32732,26,19
timeStep,numberOfRobotsOnBlackSite,numberOfRobotsOnWhiteSite
32733,26,19
timeStep,numberOfRobotsOnBlackSite,numberOfRobotsOnWhiteSite
32734,26,19
timeStep,numberOfRobotsOnBlackSite,numberOfRobotsOnWhiteSite
32735,26,19
timeStep,numberOfRobotsOnBlackSite,numberOfRobotsOnWhiteSite
32736,26,19
timeStep,numberOfRobotsOnBlackSite,numberOfRobotsOnWhiteSite
32737,26,19
timeStep,numberOfRobotsOnBlackSite,numberOfRobotsOnWhiteSite
32738,26,19
timeStep,numberOfRobotsOnBlackSite,numberOfRobotsOnWhiteSite
32739,26,19
timeStep,numberOfRobotsOnBlackSite,numberOfRobotsOnWhiteSite
32740,26,19
timeStep,numberOfRobotsOnBlackSite,numberOfRobotsOnWhiteSite
32741,26,19
timeStep,numberOfRobotsOnBlackSite,numberOfRobotsOnWhiteSite
32742,26,19
timeStep,numberOfRobotsOnBlackSite,numberOfRobotsOnWhiteSite
32743,26,19
timeStep,numberOfRobotsOnBlackSite,numberOfRobotsOnWhiteSite
32744,26,19
timeStep,numberOfRobotsOnBlackSite,numberOfRobotsOnWhiteSite
32745,26,19
timeStep,numberOfRobotsOnBlackSite,numberOfRobotsOnWhiteSite
32746,26,19
timeStep,numberOfRobotsOnBlackSite,numberOfRobotsOnWhiteSite
32747,26,19
timeStep,numberOfRobotsOnBlackSite,numberOfRobotsOnWhiteSite
32748,26,19
timeStep,numberOfRobotsOnBlackSite,numberOfRobotsOnWhiteSite
32749,26,19
timeStep,numberOfRobotsOnBlackSite,numberOfRobotsOnWhiteSite
32750,26,19
timeStep,numberOfRobotsOnBlackSite,numberOfRobotsOnWhiteSite
32751,26,19
timeStep,numberOfRobotsOnBlackSite,numberOfRobotsOnWhiteSite
32752,26,19
timeStep,numberOfRobotsOnBlackSite,numberOfRobotsOnWhiteSite
32753,26,19
timeStep,numberOfRobotsOnBlackSite,numberOfRobotsOnWhiteSite
32754,26,19
timeStep,numberOfRobotsOnBlackSite,numberOfRobotsOnWhiteSite
32755,26,19
timeStep,numberOfRobotsOnBlackSite,numberOfRobotsOnWhiteSite
32756,26,19
timeStep,numberOfRobotsOnBlackSite,numberOfRobotsOnWhiteSite
32757,26,19
timeStep,numberOfRobotsOnBlackSite,numberOfRobotsOnWhiteSite
32758,26,19
timeStep,numberOfRobotsOnBlackSite,numberOfRobotsOnWhiteSite
32759,26,19
timeStep,numberOfRobotsOnBlackSite,numberOfRobotsOnWhiteSite
32760,26,19
timeStep,numberOfRobotsOnBlackSite,numberOfRobotsOnWhiteSite
32761,26,19
timeStep,numberOfRobotsOnBlackSite,numberOfRobotsOnWhiteSite
32762,26,19
timeStep,numberOfRobotsOnBlackSite,numberOfRobotsOnWhiteSite
32763,26,19
timeStep,numberOfRobotsOnBlackSite,numberOfRobotsOnWhiteSite
32764,26,19
timeStep,numberOfRobotsOnBlackSite,numberOfRobotsOnWhiteSite
32765,26,19
timeStep,numberOfRobotsOnBlackSite,numberOfRobotsOnWhiteSite
32766,26,19
timeStep,numberOfRobotsOnBlackSite,numberOfRobotsOnWhiteSite
32767,26,19
timeStep,numberOfRobotsOnBlackSite,numberOfRobotsOnWhiteSite
32768,26,19
timeStep,numberOfRobotsOnBlackSite,numberOfRobotsOnWhiteSite
32769,26,19
timeStep,numberOfRobotsOnBlackSite,numberOfRobotsOnWhiteSite
32770,26,19
timeStep,numberOfRobotsOnBlackSite,numberOfRobotsOnWhiteSite
32771,26,19
timeStep,numberOfRobotsOnBlackSite,numberOfRobotsOnWhiteSite
32772,26,19
timeStep,numberOfRobotsOnBlackSite,numberOfRobotsOnWhiteSite
32773,26,19
timeStep,numberOfRobotsOnBlackSite,numberOfRobotsOnWhiteSite
32774,26,19
timeStep,numberOfRobotsOnBlackSite,numberOfRobotsOnWhiteSite
32775,26,19
timeStep,numberOfRobotsOnBlackSite,numberOfRobotsOnWhiteSite
32776,26,19
timeStep,numberOfRobotsOnBlackSite,numberOfRobotsOnWhiteSite
32777,26,19
timeStep,numberOfRobotsOnBlackSite,numberOfRobotsOnWhiteSite
32778,26,19
timeStep,numberOfRobotsOnBlackSite,numberOfRobotsOnWhiteSite
32779,26,19
timeStep,numberOfRobotsOnBlackSite,numberOfRobotsOnWhiteSite
32780,26,19
timeStep,numberOfRobotsOnBlackSite,numberOfRobotsOnWhiteSite
32781,26,19
timeStep,numberOfRobotsOnBlackSite,numberOfRobotsOnWhiteSite
32782,26,19
timeStep,numberOfRobotsOnBlackSite,numberOfRobotsOnWhiteSite
32783,26,19
timeStep,numberOfRobotsOnBlackSite,numberOfRobotsOnWhiteSite
32784,26,19
timeStep,numberOfRobotsOnBlackSite,numberOfRobotsOnWhiteSite
32785,26,19
timeStep,numberOfRobotsOnBlackSite,numberOfRobotsOnWhiteSite
32786,26,19
timeStep,numberOfRobotsOnBlackSite,numberOfRobotsOnWhiteSite
32787,26,19
timeStep,numberOfRobotsOnBlackSite,numberOfRobotsOnWhiteSite
32788,26,19
timeStep,numberOfRobotsOnBlackSite,numberOfRobotsOnWhiteSite
32789,26,19
timeStep,numberOfRobotsOnBlackSite,numberOfRobotsOnWhiteSite
32790,26,19
timeStep,numberOfRobotsOnBlackSite,numberOfRobotsOnWhiteSite
32791,26,19
timeStep,numberOfRobotsOnBlackSite,numberOfRobotsOnWhiteSite
32792,26,19
timeStep,numberOfRobotsOnBlackSite,numberOfRobotsOnWhiteSite
32793,26,19
timeStep,numberOfRobotsOnBlackSite,numberOfRobotsOnWhiteSite
32794,26,19
timeStep,numberOfRobotsOnBlackSite,numberOfRobotsOnWhiteSite
32795,26,19
timeStep,numberOfRobotsOnBlackSite,numberOfRobotsOnWhiteSite
32796,26,19
timeStep,numberOfRobotsOnBlackSite,numberOfRobotsOnWhiteSite
32797,26,19
timeStep,numberOfRobotsOnBlackSite,numberOfRobotsOnWhiteSite
32798,26,19
timeStep,numberOfRobotsOnBlackSite,numberOfRobotsOnWhiteSite
32799,26,19
timeStep,numberOfRobotsOnBlackSite,numberOfRobotsOnWhiteSite
32800,26,19
timeStep,numberOfRobotsOnBlackSite,numberOfRobotsOnWhiteSite
32801,26,19
timeStep,numberOfRobotsOnBlackSite,numberOfRobotsOnWhiteSite
32802,26,19
timeStep,numberOfRobotsOnBlackSite,numberOfRobotsOnWhiteSite
32803,26,19
timeStep,numberOfRobotsOnBlackSite,numberOfRobotsOnWhiteSite
32804,26,19
timeStep,numberOfRobotsOnBlackSite,numberOfRobotsOnWhiteSite
32805,26,19
timeStep,numberOfRobotsOnBlackSite,numberOfRobotsOnWhiteSite
32806,26,19
timeStep,numberOfRobotsOnBlackSite,numberOfRobotsOnWhiteSite
32807,26,19
timeStep,numberOfRobotsOnBlackSite,numberOfRobotsOnWhiteSite
32808,26,19
timeStep,numberOfRobotsOnBlackSite,numberOfRobotsOnWhiteSite
32809,26,19
timeStep,numberOfRobotsOnBlackSite,numberOfRobotsOnWhiteSite
32810,26,19
timeStep,numberOfRobotsOnBlackSite,numberOfRobotsOnWhiteSite
32811,26,19
timeStep,numberOfRobotsOnBlackSite,numberOfRobotsOnWhiteSite
32812,26,19
timeStep,numberOfRobotsOnBlackSite,numberOfRobotsOnWhiteSite
32813,26,19
timeStep,numberOfRobotsOnBlackSite,numberOfRobotsOnWhiteSite
32814,26,19
timeStep,numberOfRobotsOnBlackSite,numberOfRobotsOnWhiteSite
32815,26,19
timeStep,numberOfRobotsOnBlackSite,numberOfRobotsOnWhiteSite
32816,26,19
timeStep,numberOfRobotsOnBlackSite,numberOfRobotsOnWhiteSite
32817,26,19
timeStep,numberOfRobotsOnBlackSite,numberOfRobotsOnWhiteSite
32818,26,19
timeStep,numberOfRobotsOnBlackSite,numberOfRobotsOnWhiteSite
32819,26,19
timeStep,numberOfRobotsOnBlackSite,numberOfRobotsOnWhiteSite
32820,26,19
timeStep,numberOfRobotsOnBlackSite,numberOfRobotsOnWhiteSite
32821,26,19
timeStep,numberOfRobotsOnBlackSite,numberOfRobotsOnWhiteSite
32822,26,19
timeStep,numberOfRobotsOnBlackSite,numberOfRobotsOnWhiteSite
32823,26,19
timeStep,numberOfRobotsOnBlackSite,numberOfRobotsOnWhiteSite
32824,26,19
timeStep,numberOfRobotsOnBlackSite,numberOfRobotsOnWhiteSite
32825,26,19
timeStep,numberOfRobotsOnBlackSite,numberOfRobotsOnWhiteSite
32826,26,19
timeStep,numberOfRobotsOnBlackSite,numberOfRobotsOnWhiteSite
32827,26,19
timeStep,numberOfRobotsOnBlackSite,numberOfRobotsOnWhiteSite
32828,26,19
timeStep,numberOfRobotsOnBlackSite,numberOfRobotsOnWhiteSite
32829,26,19
timeStep,numberOfRobotsOnBlackSite,numberOfRobotsOnWhiteSite
32830,26,19
timeStep,numberOfRobotsOnBlackSite,numberOfRobotsOnWhiteSite
32831,26,19
timeStep,numberOfRobotsOnBlackSite,numberOfRobotsOnWhiteSite
32832,26,19
timeStep,numberOfRobotsOnBlackSite,numberOfRobotsOnWhiteSite
32833,26,19
timeStep,numberOfRobotsOnBlackSite,numberOfRobotsOnWhiteSite
32834,26,19
timeStep,numberOfRobotsOnBlackSite,numberOfRobotsOnWhiteSite
32835,26,19
timeStep,numberOfRobotsOnBlackSite,numberOfRobotsOnWhiteSite
32836,26,19
timeStep,numberOfRobotsOnBlackSite,numberOfRobotsOnWhiteSite
32837,26,19
timeStep,numberOfRobotsOnBlackSite,numberOfRobotsOnWhiteSite
32838,26,19
timeStep,numberOfRobotsOnBlackSite,numberOfRobotsOnWhiteSite
32839,26,19
timeStep,numberOfRobotsOnBlackSite,numberOfRobotsOnWhiteSite
32840,26,19
timeStep,numberOfRobotsOnBlackSite,numberOfRobotsOnWhiteSite
32841,26,19
timeStep,numberOfRobotsOnBlackSite,numberOfRobotsOnWhiteSite
32842,26,19
timeStep,numberOfRobotsOnBlackSite,numberOfRobotsOnWhiteSite
32843,26,19
timeStep,numberOfRobotsOnBlackSite,numberOfRobotsOnWhiteSite
32844,26,19
timeStep,numberOfRobotsOnBlackSite,numberOfRobotsOnWhiteSite
32845,26,19
timeStep,numberOfRobotsOnBlackSite,numberOfRobotsOnWhiteSite
32846,26,19
timeStep,numberOfRobotsOnBlackSite,numberOfRobotsOnWhiteSite
32847,26,19
timeStep,numberOfRobotsOnBlackSite,numberOfRobotsOnWhiteSite
32848,26,19
timeStep,numberOfRobotsOnBlackSite,numberOfRobotsOnWhiteSite
32849,26,19
timeStep,numberOfRobotsOnBlackSite,numberOfRobotsOnWhiteSite
32850,26,19
timeStep,numberOfRobotsOnBlackSite,numberOfRobotsOnWhiteSite
32851,26,19
timeStep,numberOfRobotsOnBlackSite,numberOfRobotsOnWhiteSite
32852,26,19
timeStep,numberOfRobotsOnBlackSite,numberOfRobotsOnWhiteSite
32853,26,19
timeStep,numberOfRobotsOnBlackSite,numberOfRobotsOnWhiteSite
32854,26,19
timeStep,numberOfRobotsOnBlackSite,numberOfRobotsOnWhiteSite
32855,26,19
timeStep,numberOfRobotsOnBlackSite,numberOfRobotsOnWhiteSite
32856,26,19
timeStep,numberOfRobotsOnBlackSite,numberOfRobotsOnWhiteSite
32857,26,19
timeStep,numberOfRobotsOnBlackSite,numberOfRobotsOnWhiteSite
32858,26,19
timeStep,numberOfRobotsOnBlackSite,numberOfRobotsOnWhiteSite
32859,26,19
timeStep,numberOfRobotsOnBlackSite,numberOfRobotsOnWhiteSite
32860,26,19
timeStep,numberOfRobotsOnBlackSite,numberOfRobotsOnWhiteSite
32861,26,19
timeStep,numberOfRobotsOnBlackSite,numberOfRobotsOnWhiteSite
32862,26,19
timeStep,numberOfRobotsOnBlackSite,numberOfRobotsOnWhiteSite
32863,26,19
timeStep,numberOfRobotsOnBlackSite,numberOfRobotsOnWhiteSite
32864,26,19
timeStep,numberOfRobotsOnBlackSite,numberOfRobotsOnWhiteSite
32865,26,19
timeStep,numberOfRobotsOnBlackSite,numberOfRobotsOnWhiteSite
32866,26,19
timeStep,numberOfRobotsOnBlackSite,numberOfRobotsOnWhiteSite
32867,26,19
timeStep,numberOfRobotsOnBlackSite,numberOfRobotsOnWhiteSite
32868,26,19
timeStep,numberOfRobotsOnBlackSite,numberOfRobotsOnWhiteSite
32869,26,19
timeStep,numberOfRobotsOnBlackSite,numberOfRobotsOnWhiteSite
32870,26,19
timeStep,numberOfRobotsOnBlackSite,numberOfRobotsOnWhiteSite
32871,26,19
timeStep,numberOfRobotsOnBlackSite,numberOfRobotsOnWhiteSite
32872,26,19
timeStep,numberOfRobotsOnBlackSite,numberOfRobotsOnWhiteSite
32873,26,19
timeStep,numberOfRobotsOnBlackSite,numberOfRobotsOnWhiteSite
32874,26,19
timeStep,numberOfRobotsOnBlackSite,numberOfRobotsOnWhiteSite
32875,26,19
timeStep,numberOfRobotsOnBlackSite,numberOfRobotsOnWhiteSite
32876,26,19
timeStep,numberOfRobotsOnBlackSite,numberOfRobotsOnWhiteSite
32877,26,19
timeStep,numberOfRobotsOnBlackSite,numberOfRobotsOnWhiteSite
32878,26,19
timeStep,numberOfRobotsOnBlackSite,numberOfRobotsOnWhiteSite
32879,26,19
timeStep,numberOfRobotsOnBlackSite,numberOfRobotsOnWhiteSite
32880,26,19
timeStep,numberOfRobotsOnBlackSite,numberOfRobotsOnWhiteSite
32881,26,19
timeStep,numberOfRobotsOnBlackSite,numberOfRobotsOnWhiteSite
32882,26,19
timeStep,numberOfRobotsOnBlackSite,numberOfRobotsOnWhiteSite
32883,26,19
timeStep,numberOfRobotsOnBlackSite,numberOfRobotsOnWhiteSite
32884,26,19
timeStep,numberOfRobotsOnBlackSite,numberOfRobotsOnWhiteSite
32885,26,19
timeStep,numberOfRobotsOnBlackSite,numberOfRobotsOnWhiteSite
32886,26,19
timeStep,numberOfRobotsOnBlackSite,numberOfRobotsOnWhiteSite
32887,26,19
timeStep,numberOfRobotsOnBlackSite,numberOfRobotsOnWhiteSite
32888,26,19
timeStep,numberOfRobotsOnBlackSite,numberOfRobotsOnWhiteSite
32889,26,19
timeStep,numberOfRobotsOnBlackSite,numberOfRobotsOnWhiteSite
32890,26,19
timeStep,numberOfRobotsOnBlackSite,numberOfRobotsOnWhiteSite
32891,26,19
timeStep,numberOfRobotsOnBlackSite,numberOfRobotsOnWhiteSite
32892,26,19
timeStep,numberOfRobotsOnBlackSite,numberOfRobotsOnWhiteSite
32893,26,19
timeStep,numberOfRobotsOnBlackSite,numberOfRobotsOnWhiteSite
32894,26,19
timeStep,numberOfRobotsOnBlackSite,numberOfRobotsOnWhiteSite
32895,26,19
timeStep,numberOfRobotsOnBlackSite,numberOfRobotsOnWhiteSite
32896,26,19
timeStep,numberOfRobotsOnBlackSite,numberOfRobotsOnWhiteSite
32897,26,19
timeStep,numberOfRobotsOnBlackSite,numberOfRobotsOnWhiteSite
32898,26,19
timeStep,numberOfRobotsOnBlackSite,numberOfRobotsOnWhiteSite
32899,26,19
timeStep,numberOfRobotsOnBlackSite,numberOfRobotsOnWhiteSite
32900,26,19
timeStep,numberOfRobotsOnBlackSite,numberOfRobotsOnWhiteSite
32901,26,19
timeStep,numberOfRobotsOnBlackSite,numberOfRobotsOnWhiteSite
32902,26,19
timeStep,numberOfRobotsOnBlackSite,numberOfRobotsOnWhiteSite
32903,26,19
timeStep,numberOfRobotsOnBlackSite,numberOfRobotsOnWhiteSite
32904,26,19
timeStep,numberOfRobotsOnBlackSite,numberOfRobotsOnWhiteSite
32905,26,19
timeStep,numberOfRobotsOnBlackSite,numberOfRobotsOnWhiteSite
32906,26,19
timeStep,numberOfRobotsOnBlackSite,numberOfRobotsOnWhiteSite
32907,26,19
timeStep,numberOfRobotsOnBlackSite,numberOfRobotsOnWhiteSite
32908,26,19
timeStep,numberOfRobotsOnBlackSite,numberOfRobotsOnWhiteSite
32909,26,19
timeStep,numberOfRobotsOnBlackSite,numberOfRobotsOnWhiteSite
32910,26,19
timeStep,numberOfRobotsOnBlackSite,numberOfRobotsOnWhiteSite
32911,26,19
timeStep,numberOfRobotsOnBlackSite,numberOfRobotsOnWhiteSite
32912,26,19
timeStep,numberOfRobotsOnBlackSite,numberOfRobotsOnWhiteSite
32913,26,19
timeStep,numberOfRobotsOnBlackSite,numberOfRobotsOnWhiteSite
32914,26,19
timeStep,numberOfRobotsOnBlackSite,numberOfRobotsOnWhiteSite
32915,26,19
timeStep,numberOfRobotsOnBlackSite,numberOfRobotsOnWhiteSite
32916,26,19
timeStep,numberOfRobotsOnBlackSite,numberOfRobotsOnWhiteSite
32917,26,19
timeStep,numberOfRobotsOnBlackSite,numberOfRobotsOnWhiteSite
32918,26,19
timeStep,numberOfRobotsOnBlackSite,numberOfRobotsOnWhiteSite
32919,26,19
timeStep,numberOfRobotsOnBlackSite,numberOfRobotsOnWhiteSite
32920,26,19
timeStep,numberOfRobotsOnBlackSite,numberOfRobotsOnWhiteSite
32921,26,19
timeStep,numberOfRobotsOnBlackSite,numberOfRobotsOnWhiteSite
32922,26,19
timeStep,numberOfRobotsOnBlackSite,numberOfRobotsOnWhiteSite
32923,26,19
timeStep,numberOfRobotsOnBlackSite,numberOfRobotsOnWhiteSite
32924,26,19
timeStep,numberOfRobotsOnBlackSite,numberOfRobotsOnWhiteSite
32925,26,19
timeStep,numberOfRobotsOnBlackSite,numberOfRobotsOnWhiteSite
32926,26,19
timeStep,numberOfRobotsOnBlackSite,numberOfRobotsOnWhiteSite
32927,26,19
timeStep,numberOfRobotsOnBlackSite,numberOfRobotsOnWhiteSite
32928,26,19
timeStep,numberOfRobotsOnBlackSite,numberOfRobotsOnWhiteSite
32929,26,19
timeStep,numberOfRobotsOnBlackSite,numberOfRobotsOnWhiteSite
32930,26,19
timeStep,numberOfRobotsOnBlackSite,numberOfRobotsOnWhiteSite
32931,26,19
timeStep,numberOfRobotsOnBlackSite,numberOfRobotsOnWhiteSite
32932,26,19
timeStep,numberOfRobotsOnBlackSite,numberOfRobotsOnWhiteSite
32933,26,19
timeStep,numberOfRobotsOnBlackSite,numberOfRobotsOnWhiteSite
32934,26,19
timeStep,numberOfRobotsOnBlackSite,numberOfRobotsOnWhiteSite
32935,26,19
timeStep,numberOfRobotsOnBlackSite,numberOfRobotsOnWhiteSite
32936,26,19
timeStep,numberOfRobotsOnBlackSite,numberOfRobotsOnWhiteSite
32937,26,19
timeStep,numberOfRobotsOnBlackSite,numberOfRobotsOnWhiteSite
32938,26,19
timeStep,numberOfRobotsOnBlackSite,numberOfRobotsOnWhiteSite
32939,26,19
timeStep,numberOfRobotsOnBlackSite,numberOfRobotsOnWhiteSite
32940,26,19
timeStep,numberOfRobotsOnBlackSite,numberOfRobotsOnWhiteSite
32941,26,19
timeStep,numberOfRobotsOnBlackSite,numberOfRobotsOnWhiteSite
32942,26,19
timeStep,numberOfRobotsOnBlackSite,numberOfRobotsOnWhiteSite
32943,26,19
timeStep,numberOfRobotsOnBlackSite,numberOfRobotsOnWhiteSite
32944,26,19
timeStep,numberOfRobotsOnBlackSite,numberOfRobotsOnWhiteSite
32945,26,19
timeStep,numberOfRobotsOnBlackSite,numberOfRobotsOnWhiteSite
32946,26,19
timeStep,numberOfRobotsOnBlackSite,numberOfRobotsOnWhiteSite
32947,26,19
timeStep,numberOfRobotsOnBlackSite,numberOfRobotsOnWhiteSite
32948,26,19
timeStep,numberOfRobotsOnBlackSite,numberOfRobotsOnWhiteSite
32949,26,19
timeStep,numberOfRobotsOnBlackSite,numberOfRobotsOnWhiteSite
32950,26,19
timeStep,numberOfRobotsOnBlackSite,numberOfRobotsOnWhiteSite
32951,26,19
timeStep,numberOfRobotsOnBlackSite,numberOfRobotsOnWhiteSite
32952,26,19
timeStep,numberOfRobotsOnBlackSite,numberOfRobotsOnWhiteSite
32953,26,19
timeStep,numberOfRobotsOnBlackSite,numberOfRobotsOnWhiteSite
32954,26,19
timeStep,numberOfRobotsOnBlackSite,numberOfRobotsOnWhiteSite
32955,26,19
timeStep,numberOfRobotsOnBlackSite,numberOfRobotsOnWhiteSite
32956,26,19
timeStep,numberOfRobotsOnBlackSite,numberOfRobotsOnWhiteSite
32957,26,19
timeStep,numberOfRobotsOnBlackSite,numberOfRobotsOnWhiteSite
32958,26,19
timeStep,numberOfRobotsOnBlackSite,numberOfRobotsOnWhiteSite
32959,26,19
timeStep,numberOfRobotsOnBlackSite,numberOfRobotsOnWhiteSite
32960,26,19
timeStep,numberOfRobotsOnBlackSite,numberOfRobotsOnWhiteSite
32961,26,19
timeStep,numberOfRobotsOnBlackSite,numberOfRobotsOnWhiteSite
32962,26,19
timeStep,numberOfRobotsOnBlackSite,numberOfRobotsOnWhiteSite
32963,26,19
timeStep,numberOfRobotsOnBlackSite,numberOfRobotsOnWhiteSite
32964,26,19
timeStep,numberOfRobotsOnBlackSite,numberOfRobotsOnWhiteSite
32965,26,19
timeStep,numberOfRobotsOnBlackSite,numberOfRobotsOnWhiteSite
32966,26,19
timeStep,numberOfRobotsOnBlackSite,numberOfRobotsOnWhiteSite
32967,26,19
timeStep,numberOfRobotsOnBlackSite,numberOfRobotsOnWhiteSite
32968,26,19
timeStep,numberOfRobotsOnBlackSite,numberOfRobotsOnWhiteSite
32969,26,19
timeStep,numberOfRobotsOnBlackSite,numberOfRobotsOnWhiteSite
32970,26,19
timeStep,numberOfRobotsOnBlackSite,numberOfRobotsOnWhiteSite
32971,26,19
timeStep,numberOfRobotsOnBlackSite,numberOfRobotsOnWhiteSite
32972,26,19
timeStep,numberOfRobotsOnBlackSite,numberOfRobotsOnWhiteSite
32973,26,19
timeStep,numberOfRobotsOnBlackSite,numberOfRobotsOnWhiteSite
32974,26,19
timeStep,numberOfRobotsOnBlackSite,numberOfRobotsOnWhiteSite
32975,26,19
timeStep,numberOfRobotsOnBlackSite,numberOfRobotsOnWhiteSite
32976,26,19
timeStep,numberOfRobotsOnBlackSite,numberOfRobotsOnWhiteSite
32977,26,19
timeStep,numberOfRobotsOnBlackSite,numberOfRobotsOnWhiteSite
32978,26,19
timeStep,numberOfRobotsOnBlackSite,numberOfRobotsOnWhiteSite
32979,26,19
timeStep,numberOfRobotsOnBlackSite,numberOfRobotsOnWhiteSite
32980,26,19
timeStep,numberOfRobotsOnBlackSite,numberOfRobotsOnWhiteSite
32981,26,19
timeStep,numberOfRobotsOnBlackSite,numberOfRobotsOnWhiteSite
32982,26,19
timeStep,numberOfRobotsOnBlackSite,numberOfRobotsOnWhiteSite
32983,26,19
timeStep,numberOfRobotsOnBlackSite,numberOfRobotsOnWhiteSite
32984,26,19
timeStep,numberOfRobotsOnBlackSite,numberOfRobotsOnWhiteSite
32985,26,19
timeStep,numberOfRobotsOnBlackSite,numberOfRobotsOnWhiteSite
32986,26,19
timeStep,numberOfRobotsOnBlackSite,numberOfRobotsOnWhiteSite
32987,26,19
timeStep,numberOfRobotsOnBlackSite,numberOfRobotsOnWhiteSite
32988,26,19
timeStep,numberOfRobotsOnBlackSite,numberOfRobotsOnWhiteSite
32989,26,19
timeStep,numberOfRobotsOnBlackSite,numberOfRobotsOnWhiteSite
32990,26,19
timeStep,numberOfRobotsOnBlackSite,numberOfRobotsOnWhiteSite
32991,26,19
timeStep,numberOfRobotsOnBlackSite,numberOfRobotsOnWhiteSite
32992,26,19
timeStep,numberOfRobotsOnBlackSite,numberOfRobotsOnWhiteSite
32993,26,19
timeStep,numberOfRobotsOnBlackSite,numberOfRobotsOnWhiteSite
32994,26,19
timeStep,numberOfRobotsOnBlackSite,numberOfRobotsOnWhiteSite
32995,26,19
timeStep,numberOfRobotsOnBlackSite,numberOfRobotsOnWhiteSite
32996,26,19
timeStep,numberOfRobotsOnBlackSite,numberOfRobotsOnWhiteSite
32997,26,19
timeStep,numberOfRobotsOnBlackSite,numberOfRobotsOnWhiteSite
32998,26,19
timeStep,numberOfRobotsOnBlackSite,numberOfRobotsOnWhiteSite
32999,26,19
timeStep,numberOfRobotsOnBlackSite,numberOfRobotsOnWhiteSite
33000,26,19
timeStep,numberOfRobotsOnBlackSite,numberOfRobotsOnWhiteSite
33001,26,19
timeStep,numberOfRobotsOnBlackSite,numberOfRobotsOnWhiteSite
33002,26,19
timeStep,numberOfRobotsOnBlackSite,numberOfRobotsOnWhiteSite
33003,26,19
timeStep,numberOfRobotsOnBlackSite,numberOfRobotsOnWhiteSite
33004,26,19
timeStep,numberOfRobotsOnBlackSite,numberOfRobotsOnWhiteSite
33005,26,19
timeStep,numberOfRobotsOnBlackSite,numberOfRobotsOnWhiteSite
33006,26,19
timeStep,numberOfRobotsOnBlackSite,numberOfRobotsOnWhiteSite
33007,26,19
timeStep,numberOfRobotsOnBlackSite,numberOfRobotsOnWhiteSite
33008,26,19
timeStep,numberOfRobotsOnBlackSite,numberOfRobotsOnWhiteSite
33009,26,19
timeStep,numberOfRobotsOnBlackSite,numberOfRobotsOnWhiteSite
33010,26,19
timeStep,numberOfRobotsOnBlackSite,numberOfRobotsOnWhiteSite
33011,26,19
timeStep,numberOfRobotsOnBlackSite,numberOfRobotsOnWhiteSite
33012,26,19
timeStep,numberOfRobotsOnBlackSite,numberOfRobotsOnWhiteSite
33013,26,19
timeStep,numberOfRobotsOnBlackSite,numberOfRobotsOnWhiteSite
33014,26,19
timeStep,numberOfRobotsOnBlackSite,numberOfRobotsOnWhiteSite
33015,26,19
timeStep,numberOfRobotsOnBlackSite,numberOfRobotsOnWhiteSite
33016,26,19
timeStep,numberOfRobotsOnBlackSite,numberOfRobotsOnWhiteSite
33017,26,19
timeStep,numberOfRobotsOnBlackSite,numberOfRobotsOnWhiteSite
33018,26,19
timeStep,numberOfRobotsOnBlackSite,numberOfRobotsOnWhiteSite
33019,26,19
timeStep,numberOfRobotsOnBlackSite,numberOfRobotsOnWhiteSite
33020,26,19
timeStep,numberOfRobotsOnBlackSite,numberOfRobotsOnWhiteSite
33021,26,19
timeStep,numberOfRobotsOnBlackSite,numberOfRobotsOnWhiteSite
33022,26,19
timeStep,numberOfRobotsOnBlackSite,numberOfRobotsOnWhiteSite
33023,26,19
timeStep,numberOfRobotsOnBlackSite,numberOfRobotsOnWhiteSite
33024,26,19
timeStep,numberOfRobotsOnBlackSite,numberOfRobotsOnWhiteSite
33025,26,19
timeStep,numberOfRobotsOnBlackSite,numberOfRobotsOnWhiteSite
33026,26,19
timeStep,numberOfRobotsOnBlackSite,numberOfRobotsOnWhiteSite
33027,26,19
timeStep,numberOfRobotsOnBlackSite,numberOfRobotsOnWhiteSite
33028,26,19
timeStep,numberOfRobotsOnBlackSite,numberOfRobotsOnWhiteSite
33029,26,19
timeStep,numberOfRobotsOnBlackSite,numberOfRobotsOnWhiteSite
33030,26,19
timeStep,numberOfRobotsOnBlackSite,numberOfRobotsOnWhiteSite
33031,26,19
timeStep,numberOfRobotsOnBlackSite,numberOfRobotsOnWhiteSite
33032,26,19
timeStep,numberOfRobotsOnBlackSite,numberOfRobotsOnWhiteSite
33033,26,19
timeStep,numberOfRobotsOnBlackSite,numberOfRobotsOnWhiteSite
33034,26,19
timeStep,numberOfRobotsOnBlackSite,numberOfRobotsOnWhiteSite
33035,26,19
timeStep,numberOfRobotsOnBlackSite,numberOfRobotsOnWhiteSite
33036,26,19
timeStep,numberOfRobotsOnBlackSite,numberOfRobotsOnWhiteSite
33037,26,19
timeStep,numberOfRobotsOnBlackSite,numberOfRobotsOnWhiteSite
33038,26,19
timeStep,numberOfRobotsOnBlackSite,numberOfRobotsOnWhiteSite
33039,26,19
timeStep,numberOfRobotsOnBlackSite,numberOfRobotsOnWhiteSite
33040,27,19
timeStep,numberOfRobotsOnBlackSite,numberOfRobotsOnWhiteSite
33041,27,19
timeStep,numberOfRobotsOnBlackSite,numberOfRobotsOnWhiteSite
33042,27,19
timeStep,numberOfRobotsOnBlackSite,numberOfRobotsOnWhiteSite
33043,27,19
timeStep,numberOfRobotsOnBlackSite,numberOfRobotsOnWhiteSite
33044,27,19
timeStep,numberOfRobotsOnBlackSite,numberOfRobotsOnWhiteSite
33045,27,19
timeStep,numberOfRobotsOnBlackSite,numberOfRobotsOnWhiteSite
33046,27,19
timeStep,numberOfRobotsOnBlackSite,numberOfRobotsOnWhiteSite
33047,27,19
timeStep,numberOfRobotsOnBlackSite,numberOfRobotsOnWhiteSite
33048,27,19
timeStep,numberOfRobotsOnBlackSite,numberOfRobotsOnWhiteSite
33049,27,19
timeStep,numberOfRobotsOnBlackSite,numberOfRobotsOnWhiteSite
33050,27,19
timeStep,numberOfRobotsOnBlackSite,numberOfRobotsOnWhiteSite
33051,27,19
timeStep,numberOfRobotsOnBlackSite,numberOfRobotsOnWhiteSite
33052,27,19
timeStep,numberOfRobotsOnBlackSite,numberOfRobotsOnWhiteSite
33053,27,19
timeStep,numberOfRobotsOnBlackSite,numberOfRobotsOnWhiteSite
33054,27,19
timeStep,numberOfRobotsOnBlackSite,numberOfRobotsOnWhiteSite
33055,27,19
timeStep,numberOfRobotsOnBlackSite,numberOfRobotsOnWhiteSite
33056,27,19
timeStep,numberOfRobotsOnBlackSite,numberOfRobotsOnWhiteSite
33057,27,19
timeStep,numberOfRobotsOnBlackSite,numberOfRobotsOnWhiteSite
33058,27,19
timeStep,numberOfRobotsOnBlackSite,numberOfRobotsOnWhiteSite
33059,27,19
timeStep,numberOfRobotsOnBlackSite,numberOfRobotsOnWhiteSite
33060,27,19
timeStep,numberOfRobotsOnBlackSite,numberOfRobotsOnWhiteSite
33061,27,19
timeStep,numberOfRobotsOnBlackSite,numberOfRobotsOnWhiteSite
33062,27,19
timeStep,numberOfRobotsOnBlackSite,numberOfRobotsOnWhiteSite
33063,27,19
timeStep,numberOfRobotsOnBlackSite,numberOfRobotsOnWhiteSite
33064,27,19
timeStep,numberOfRobotsOnBlackSite,numberOfRobotsOnWhiteSite
33065,27,19
timeStep,numberOfRobotsOnBlackSite,numberOfRobotsOnWhiteSite
33066,27,19
timeStep,numberOfRobotsOnBlackSite,numberOfRobotsOnWhiteSite
33067,27,19
timeStep,numberOfRobotsOnBlackSite,numberOfRobotsOnWhiteSite
33068,27,19
timeStep,numberOfRobotsOnBlackSite,numberOfRobotsOnWhiteSite
33069,27,19
timeStep,numberOfRobotsOnBlackSite,numberOfRobotsOnWhiteSite
33070,27,19
timeStep,numberOfRobotsOnBlackSite,numberOfRobotsOnWhiteSite
33071,27,19
timeStep,numberOfRobotsOnBlackSite,numberOfRobotsOnWhiteSite
33072,27,19
timeStep,numberOfRobotsOnBlackSite,numberOfRobotsOnWhiteSite
33073,27,19
timeStep,numberOfRobotsOnBlackSite,numberOfRobotsOnWhiteSite
33074,27,19
timeStep,numberOfRobotsOnBlackSite,numberOfRobotsOnWhiteSite
33075,27,19
timeStep,numberOfRobotsOnBlackSite,numberOfRobotsOnWhiteSite
33076,27,19
timeStep,numberOfRobotsOnBlackSite,numberOfRobotsOnWhiteSite
33077,27,19
timeStep,numberOfRobotsOnBlackSite,numberOfRobotsOnWhiteSite
33078,27,19
timeStep,numberOfRobotsOnBlackSite,numberOfRobotsOnWhiteSite
33079,27,19
timeStep,numberOfRobotsOnBlackSite,numberOfRobotsOnWhiteSite
33080,27,19
timeStep,numberOfRobotsOnBlackSite,numberOfRobotsOnWhiteSite
33081,27,19
timeStep,numberOfRobotsOnBlackSite,numberOfRobotsOnWhiteSite
33082,27,19
timeStep,numberOfRobotsOnBlackSite,numberOfRobotsOnWhiteSite
33083,27,19
timeStep,numberOfRobotsOnBlackSite,numberOfRobotsOnWhiteSite
33084,27,19
timeStep,numberOfRobotsOnBlackSite,numberOfRobotsOnWhiteSite
33085,27,19
timeStep,numberOfRobotsOnBlackSite,numberOfRobotsOnWhiteSite
33086,27,19
timeStep,numberOfRobotsOnBlackSite,numberOfRobotsOnWhiteSite
33087,27,19
timeStep,numberOfRobotsOnBlackSite,numberOfRobotsOnWhiteSite
33088,27,19
timeStep,numberOfRobotsOnBlackSite,numberOfRobotsOnWhiteSite
33089,27,19
timeStep,numberOfRobotsOnBlackSite,numberOfRobotsOnWhiteSite
33090,27,19
timeStep,numberOfRobotsOnBlackSite,numberOfRobotsOnWhiteSite
33091,27,19
timeStep,numberOfRobotsOnBlackSite,numberOfRobotsOnWhiteSite
33092,27,19
timeStep,numberOfRobotsOnBlackSite,numberOfRobotsOnWhiteSite
33093,27,19
timeStep,numberOfRobotsOnBlackSite,numberOfRobotsOnWhiteSite
33094,27,19
timeStep,numberOfRobotsOnBlackSite,numberOfRobotsOnWhiteSite
33095,27,19
timeStep,numberOfRobotsOnBlackSite,numberOfRobotsOnWhiteSite
33096,27,19
timeStep,numberOfRobotsOnBlackSite,numberOfRobotsOnWhiteSite
33097,27,19
timeStep,numberOfRobotsOnBlackSite,numberOfRobotsOnWhiteSite
33098,27,19
timeStep,numberOfRobotsOnBlackSite,numberOfRobotsOnWhiteSite
33099,27,19
timeStep,numberOfRobotsOnBlackSite,numberOfRobotsOnWhiteSite
33100,27,19
timeStep,numberOfRobotsOnBlackSite,numberOfRobotsOnWhiteSite
33101,27,19
timeStep,numberOfRobotsOnBlackSite,numberOfRobotsOnWhiteSite
33102,27,19
timeStep,numberOfRobotsOnBlackSite,numberOfRobotsOnWhiteSite
33103,27,19
timeStep,numberOfRobotsOnBlackSite,numberOfRobotsOnWhiteSite
33104,27,19
timeStep,numberOfRobotsOnBlackSite,numberOfRobotsOnWhiteSite
33105,27,19
timeStep,numberOfRobotsOnBlackSite,numberOfRobotsOnWhiteSite
33106,27,19
timeStep,numberOfRobotsOnBlackSite,numberOfRobotsOnWhiteSite
33107,27,19
timeStep,numberOfRobotsOnBlackSite,numberOfRobotsOnWhiteSite
33108,27,19
timeStep,numberOfRobotsOnBlackSite,numberOfRobotsOnWhiteSite
33109,27,19
timeStep,numberOfRobotsOnBlackSite,numberOfRobotsOnWhiteSite
33110,27,19
timeStep,numberOfRobotsOnBlackSite,numberOfRobotsOnWhiteSite
33111,27,19
timeStep,numberOfRobotsOnBlackSite,numberOfRobotsOnWhiteSite
33112,27,19
timeStep,numberOfRobotsOnBlackSite,numberOfRobotsOnWhiteSite
33113,27,19
timeStep,numberOfRobotsOnBlackSite,numberOfRobotsOnWhiteSite
33114,27,19
timeStep,numberOfRobotsOnBlackSite,numberOfRobotsOnWhiteSite
33115,27,19
timeStep,numberOfRobotsOnBlackSite,numberOfRobotsOnWhiteSite
33116,27,19
timeStep,numberOfRobotsOnBlackSite,numberOfRobotsOnWhiteSite
33117,27,19
timeStep,numberOfRobotsOnBlackSite,numberOfRobotsOnWhiteSite
33118,27,19
timeStep,numberOfRobotsOnBlackSite,numberOfRobotsOnWhiteSite
33119,27,19
timeStep,numberOfRobotsOnBlackSite,numberOfRobotsOnWhiteSite
33120,27,19
timeStep,numberOfRobotsOnBlackSite,numberOfRobotsOnWhiteSite
33121,27,19
timeStep,numberOfRobotsOnBlackSite,numberOfRobotsOnWhiteSite
33122,27,19
timeStep,numberOfRobotsOnBlackSite,numberOfRobotsOnWhiteSite
33123,27,19
timeStep,numberOfRobotsOnBlackSite,numberOfRobotsOnWhiteSite
33124,27,19
timeStep,numberOfRobotsOnBlackSite,numberOfRobotsOnWhiteSite
33125,27,19
timeStep,numberOfRobotsOnBlackSite,numberOfRobotsOnWhiteSite
33126,27,19
timeStep,numberOfRobotsOnBlackSite,numberOfRobotsOnWhiteSite
33127,27,19
timeStep,numberOfRobotsOnBlackSite,numberOfRobotsOnWhiteSite
33128,27,19
timeStep,numberOfRobotsOnBlackSite,numberOfRobotsOnWhiteSite
33129,27,19
timeStep,numberOfRobotsOnBlackSite,numberOfRobotsOnWhiteSite
33130,27,19
timeStep,numberOfRobotsOnBlackSite,numberOfRobotsOnWhiteSite
33131,27,19
timeStep,numberOfRobotsOnBlackSite,numberOfRobotsOnWhiteSite
33132,27,19
timeStep,numberOfRobotsOnBlackSite,numberOfRobotsOnWhiteSite
33133,27,19
timeStep,numberOfRobotsOnBlackSite,numberOfRobotsOnWhiteSite
33134,27,19
timeStep,numberOfRobotsOnBlackSite,numberOfRobotsOnWhiteSite
33135,27,19
timeStep,numberOfRobotsOnBlackSite,numberOfRobotsOnWhiteSite
33136,27,19
timeStep,numberOfRobotsOnBlackSite,numberOfRobotsOnWhiteSite
33137,27,19
timeStep,numberOfRobotsOnBlackSite,numberOfRobotsOnWhiteSite
33138,27,19
timeStep,numberOfRobotsOnBlackSite,numberOfRobotsOnWhiteSite
33139,27,19
timeStep,numberOfRobotsOnBlackSite,numberOfRobotsOnWhiteSite
33140,27,19
timeStep,numberOfRobotsOnBlackSite,numberOfRobotsOnWhiteSite
33141,27,19
timeStep,numberOfRobotsOnBlackSite,numberOfRobotsOnWhiteSite
33142,27,19
timeStep,numberOfRobotsOnBlackSite,numberOfRobotsOnWhiteSite
33143,27,19
timeStep,numberOfRobotsOnBlackSite,numberOfRobotsOnWhiteSite
33144,27,19
timeStep,numberOfRobotsOnBlackSite,numberOfRobotsOnWhiteSite
33145,27,19
timeStep,numberOfRobotsOnBlackSite,numberOfRobotsOnWhiteSite
33146,27,19
timeStep,numberOfRobotsOnBlackSite,numberOfRobotsOnWhiteSite
33147,27,19
timeStep,numberOfRobotsOnBlackSite,numberOfRobotsOnWhiteSite
33148,27,19
timeStep,numberOfRobotsOnBlackSite,numberOfRobotsOnWhiteSite
33149,27,19
timeStep,numberOfRobotsOnBlackSite,numberOfRobotsOnWhiteSite
33150,27,19
timeStep,numberOfRobotsOnBlackSite,numberOfRobotsOnWhiteSite
33151,27,19
timeStep,numberOfRobotsOnBlackSite,numberOfRobotsOnWhiteSite
33152,27,19
timeStep,numberOfRobotsOnBlackSite,numberOfRobotsOnWhiteSite
33153,27,19
timeStep,numberOfRobotsOnBlackSite,numberOfRobotsOnWhiteSite
33154,27,19
timeStep,numberOfRobotsOnBlackSite,numberOfRobotsOnWhiteSite
33155,27,19
timeStep,numberOfRobotsOnBlackSite,numberOfRobotsOnWhiteSite
33156,27,19
timeStep,numberOfRobotsOnBlackSite,numberOfRobotsOnWhiteSite
33157,27,19
timeStep,numberOfRobotsOnBlackSite,numberOfRobotsOnWhiteSite
33158,27,19
timeStep,numberOfRobotsOnBlackSite,numberOfRobotsOnWhiteSite
33159,27,19
timeStep,numberOfRobotsOnBlackSite,numberOfRobotsOnWhiteSite
33160,27,19
timeStep,numberOfRobotsOnBlackSite,numberOfRobotsOnWhiteSite
33161,27,19
timeStep,numberOfRobotsOnBlackSite,numberOfRobotsOnWhiteSite
33162,27,19
timeStep,numberOfRobotsOnBlackSite,numberOfRobotsOnWhiteSite
33163,27,19
timeStep,numberOfRobotsOnBlackSite,numberOfRobotsOnWhiteSite
33164,27,19
timeStep,numberOfRobotsOnBlackSite,numberOfRobotsOnWhiteSite
33165,27,19
timeStep,numberOfRobotsOnBlackSite,numberOfRobotsOnWhiteSite
33166,27,19
timeStep,numberOfRobotsOnBlackSite,numberOfRobotsOnWhiteSite
33167,27,19
timeStep,numberOfRobotsOnBlackSite,numberOfRobotsOnWhiteSite
33168,27,19
timeStep,numberOfRobotsOnBlackSite,numberOfRobotsOnWhiteSite
33169,27,19
timeStep,numberOfRobotsOnBlackSite,numberOfRobotsOnWhiteSite
33170,27,19
timeStep,numberOfRobotsOnBlackSite,numberOfRobotsOnWhiteSite
33171,27,19
timeStep,numberOfRobotsOnBlackSite,numberOfRobotsOnWhiteSite
33172,27,19
timeStep,numberOfRobotsOnBlackSite,numberOfRobotsOnWhiteSite
33173,27,19
timeStep,numberOfRobotsOnBlackSite,numberOfRobotsOnWhiteSite
33174,27,19
timeStep,numberOfRobotsOnBlackSite,numberOfRobotsOnWhiteSite
33175,27,19
timeStep,numberOfRobotsOnBlackSite,numberOfRobotsOnWhiteSite
33176,27,19
timeStep,numberOfRobotsOnBlackSite,numberOfRobotsOnWhiteSite
33177,27,19
timeStep,numberOfRobotsOnBlackSite,numberOfRobotsOnWhiteSite
33178,27,19
timeStep,numberOfRobotsOnBlackSite,numberOfRobotsOnWhiteSite
33179,27,19
timeStep,numberOfRobotsOnBlackSite,numberOfRobotsOnWhiteSite
33180,27,19
timeStep,numberOfRobotsOnBlackSite,numberOfRobotsOnWhiteSite
33181,27,19
timeStep,numberOfRobotsOnBlackSite,numberOfRobotsOnWhiteSite
33182,27,19
timeStep,numberOfRobotsOnBlackSite,numberOfRobotsOnWhiteSite
33183,27,19
timeStep,numberOfRobotsOnBlackSite,numberOfRobotsOnWhiteSite
33184,27,19
timeStep,numberOfRobotsOnBlackSite,numberOfRobotsOnWhiteSite
33185,27,19
timeStep,numberOfRobotsOnBlackSite,numberOfRobotsOnWhiteSite
33186,27,19
timeStep,numberOfRobotsOnBlackSite,numberOfRobotsOnWhiteSite
33187,27,19
timeStep,numberOfRobotsOnBlackSite,numberOfRobotsOnWhiteSite
33188,27,19
timeStep,numberOfRobotsOnBlackSite,numberOfRobotsOnWhiteSite
33189,27,19
timeStep,numberOfRobotsOnBlackSite,numberOfRobotsOnWhiteSite
33190,27,19
timeStep,numberOfRobotsOnBlackSite,numberOfRobotsOnWhiteSite
33191,27,19
timeStep,numberOfRobotsOnBlackSite,numberOfRobotsOnWhiteSite
33192,27,19
timeStep,numberOfRobotsOnBlackSite,numberOfRobotsOnWhiteSite
33193,27,19
timeStep,numberOfRobotsOnBlackSite,numberOfRobotsOnWhiteSite
33194,27,19
timeStep,numberOfRobotsOnBlackSite,numberOfRobotsOnWhiteSite
33195,27,19
timeStep,numberOfRobotsOnBlackSite,numberOfRobotsOnWhiteSite
33196,27,19
timeStep,numberOfRobotsOnBlackSite,numberOfRobotsOnWhiteSite
33197,27,19
timeStep,numberOfRobotsOnBlackSite,numberOfRobotsOnWhiteSite
33198,27,19
timeStep,numberOfRobotsOnBlackSite,numberOfRobotsOnWhiteSite
33199,27,19
timeStep,numberOfRobotsOnBlackSite,numberOfRobotsOnWhiteSite
33200,27,19
timeStep,numberOfRobotsOnBlackSite,numberOfRobotsOnWhiteSite
33201,27,19
timeStep,numberOfRobotsOnBlackSite,numberOfRobotsOnWhiteSite
33202,27,19
timeStep,numberOfRobotsOnBlackSite,numberOfRobotsOnWhiteSite
33203,27,19
timeStep,numberOfRobotsOnBlackSite,numberOfRobotsOnWhiteSite
33204,27,19
timeStep,numberOfRobotsOnBlackSite,numberOfRobotsOnWhiteSite
33205,27,19
timeStep,numberOfRobotsOnBlackSite,numberOfRobotsOnWhiteSite
33206,27,19
timeStep,numberOfRobotsOnBlackSite,numberOfRobotsOnWhiteSite
33207,27,19
timeStep,numberOfRobotsOnBlackSite,numberOfRobotsOnWhiteSite
33208,27,19
timeStep,numberOfRobotsOnBlackSite,numberOfRobotsOnWhiteSite
33209,27,19
timeStep,numberOfRobotsOnBlackSite,numberOfRobotsOnWhiteSite
33210,27,19
timeStep,numberOfRobotsOnBlackSite,numberOfRobotsOnWhiteSite
33211,27,19
timeStep,numberOfRobotsOnBlackSite,numberOfRobotsOnWhiteSite
33212,27,19
timeStep,numberOfRobotsOnBlackSite,numberOfRobotsOnWhiteSite
33213,27,19
timeStep,numberOfRobotsOnBlackSite,numberOfRobotsOnWhiteSite
33214,27,19
timeStep,numberOfRobotsOnBlackSite,numberOfRobotsOnWhiteSite
33215,27,19
timeStep,numberOfRobotsOnBlackSite,numberOfRobotsOnWhiteSite
33216,27,19
timeStep,numberOfRobotsOnBlackSite,numberOfRobotsOnWhiteSite
33217,27,19
timeStep,numberOfRobotsOnBlackSite,numberOfRobotsOnWhiteSite
33218,27,19
timeStep,numberOfRobotsOnBlackSite,numberOfRobotsOnWhiteSite
33219,27,19
timeStep,numberOfRobotsOnBlackSite,numberOfRobotsOnWhiteSite
33220,27,19
timeStep,numberOfRobotsOnBlackSite,numberOfRobotsOnWhiteSite
33221,27,19
timeStep,numberOfRobotsOnBlackSite,numberOfRobotsOnWhiteSite
33222,27,19
timeStep,numberOfRobotsOnBlackSite,numberOfRobotsOnWhiteSite
33223,27,19
timeStep,numberOfRobotsOnBlackSite,numberOfRobotsOnWhiteSite
33224,27,19
timeStep,numberOfRobotsOnBlackSite,numberOfRobotsOnWhiteSite
33225,27,19
timeStep,numberOfRobotsOnBlackSite,numberOfRobotsOnWhiteSite
33226,27,19
timeStep,numberOfRobotsOnBlackSite,numberOfRobotsOnWhiteSite
33227,27,19
timeStep,numberOfRobotsOnBlackSite,numberOfRobotsOnWhiteSite
33228,27,19
timeStep,numberOfRobotsOnBlackSite,numberOfRobotsOnWhiteSite
33229,27,19
timeStep,numberOfRobotsOnBlackSite,numberOfRobotsOnWhiteSite
33230,27,19
timeStep,numberOfRobotsOnBlackSite,numberOfRobotsOnWhiteSite
33231,27,19
timeStep,numberOfRobotsOnBlackSite,numberOfRobotsOnWhiteSite
33232,27,19
timeStep,numberOfRobotsOnBlackSite,numberOfRobotsOnWhiteSite
33233,27,19
timeStep,numberOfRobotsOnBlackSite,numberOfRobotsOnWhiteSite
33234,27,19
timeStep,numberOfRobotsOnBlackSite,numberOfRobotsOnWhiteSite
33235,27,19
timeStep,numberOfRobotsOnBlackSite,numberOfRobotsOnWhiteSite
33236,27,19
timeStep,numberOfRobotsOnBlackSite,numberOfRobotsOnWhiteSite
33237,27,19
timeStep,numberOfRobotsOnBlackSite,numberOfRobotsOnWhiteSite
33238,27,19
timeStep,numberOfRobotsOnBlackSite,numberOfRobotsOnWhiteSite
33239,27,19
timeStep,numberOfRobotsOnBlackSite,numberOfRobotsOnWhiteSite
33240,27,19
timeStep,numberOfRobotsOnBlackSite,numberOfRobotsOnWhiteSite
33241,27,19
timeStep,numberOfRobotsOnBlackSite,numberOfRobotsOnWhiteSite
33242,27,19
timeStep,numberOfRobotsOnBlackSite,numberOfRobotsOnWhiteSite
33243,27,19
timeStep,numberOfRobotsOnBlackSite,numberOfRobotsOnWhiteSite
33244,27,19
timeStep,numberOfRobotsOnBlackSite,numberOfRobotsOnWhiteSite
33245,27,19
timeStep,numberOfRobotsOnBlackSite,numberOfRobotsOnWhiteSite
33246,27,19
timeStep,numberOfRobotsOnBlackSite,numberOfRobotsOnWhiteSite
33247,27,19
timeStep,numberOfRobotsOnBlackSite,numberOfRobotsOnWhiteSite
33248,27,19
timeStep,numberOfRobotsOnBlackSite,numberOfRobotsOnWhiteSite
33249,27,19
timeStep,numberOfRobotsOnBlackSite,numberOfRobotsOnWhiteSite
33250,27,19
timeStep,numberOfRobotsOnBlackSite,numberOfRobotsOnWhiteSite
33251,27,19
timeStep,numberOfRobotsOnBlackSite,numberOfRobotsOnWhiteSite
33252,27,19
timeStep,numberOfRobotsOnBlackSite,numberOfRobotsOnWhiteSite
33253,27,19
timeStep,numberOfRobotsOnBlackSite,numberOfRobotsOnWhiteSite
33254,27,19
timeStep,numberOfRobotsOnBlackSite,numberOfRobotsOnWhiteSite
33255,27,19
timeStep,numberOfRobotsOnBlackSite,numberOfRobotsOnWhiteSite
33256,27,19
timeStep,numberOfRobotsOnBlackSite,numberOfRobotsOnWhiteSite
33257,27,19
timeStep,numberOfRobotsOnBlackSite,numberOfRobotsOnWhiteSite
33258,27,19
timeStep,numberOfRobotsOnBlackSite,numberOfRobotsOnWhiteSite
33259,27,19
timeStep,numberOfRobotsOnBlackSite,numberOfRobotsOnWhiteSite
33260,27,19
timeStep,numberOfRobotsOnBlackSite,numberOfRobotsOnWhiteSite
33261,27,19
timeStep,numberOfRobotsOnBlackSite,numberOfRobotsOnWhiteSite
33262,27,19
timeStep,numberOfRobotsOnBlackSite,numberOfRobotsOnWhiteSite
33263,27,19
timeStep,numberOfRobotsOnBlackSite,numberOfRobotsOnWhiteSite
33264,27,19
timeStep,numberOfRobotsOnBlackSite,numberOfRobotsOnWhiteSite
33265,27,19
timeStep,numberOfRobotsOnBlackSite,numberOfRobotsOnWhiteSite
33266,27,19
timeStep,numberOfRobotsOnBlackSite,numberOfRobotsOnWhiteSite
33267,27,19
timeStep,numberOfRobotsOnBlackSite,numberOfRobotsOnWhiteSite
33268,27,19
timeStep,numberOfRobotsOnBlackSite,numberOfRobotsOnWhiteSite
33269,27,19
timeStep,numberOfRobotsOnBlackSite,numberOfRobotsOnWhiteSite
33270,27,19
timeStep,numberOfRobotsOnBlackSite,numberOfRobotsOnWhiteSite
33271,27,19
timeStep,numberOfRobotsOnBlackSite,numberOfRobotsOnWhiteSite
33272,27,19
timeStep,numberOfRobotsOnBlackSite,numberOfRobotsOnWhiteSite
33273,27,19
timeStep,numberOfRobotsOnBlackSite,numberOfRobotsOnWhiteSite
33274,27,19
timeStep,numberOfRobotsOnBlackSite,numberOfRobotsOnWhiteSite
33275,27,19
timeStep,numberOfRobotsOnBlackSite,numberOfRobotsOnWhiteSite
33276,27,19
timeStep,numberOfRobotsOnBlackSite,numberOfRobotsOnWhiteSite
33277,27,19
timeStep,numberOfRobotsOnBlackSite,numberOfRobotsOnWhiteSite
33278,27,19
timeStep,numberOfRobotsOnBlackSite,numberOfRobotsOnWhiteSite
33279,27,19
timeStep,numberOfRobotsOnBlackSite,numberOfRobotsOnWhiteSite
33280,27,19
timeStep,numberOfRobotsOnBlackSite,numberOfRobotsOnWhiteSite
33281,27,19
timeStep,numberOfRobotsOnBlackSite,numberOfRobotsOnWhiteSite
33282,27,19
timeStep,numberOfRobotsOnBlackSite,numberOfRobotsOnWhiteSite
33283,27,19
timeStep,numberOfRobotsOnBlackSite,numberOfRobotsOnWhiteSite
33284,27,19
timeStep,numberOfRobotsOnBlackSite,numberOfRobotsOnWhiteSite
33285,28,19
timeStep,numberOfRobotsOnBlackSite,numberOfRobotsOnWhiteSite
33286,28,19
timeStep,numberOfRobotsOnBlackSite,numberOfRobotsOnWhiteSite
33287,28,19
timeStep,numberOfRobotsOnBlackSite,numberOfRobotsOnWhiteSite
33288,28,19
timeStep,numberOfRobotsOnBlackSite,numberOfRobotsOnWhiteSite
33289,28,19
timeStep,numberOfRobotsOnBlackSite,numberOfRobotsOnWhiteSite
33290,28,19
timeStep,numberOfRobotsOnBlackSite,numberOfRobotsOnWhiteSite
33291,28,19
timeStep,numberOfRobotsOnBlackSite,numberOfRobotsOnWhiteSite
33292,28,19
timeStep,numberOfRobotsOnBlackSite,numberOfRobotsOnWhiteSite
33293,28,19
timeStep,numberOfRobotsOnBlackSite,numberOfRobotsOnWhiteSite
33294,28,19
timeStep,numberOfRobotsOnBlackSite,numberOfRobotsOnWhiteSite
33295,28,19
timeStep,numberOfRobotsOnBlackSite,numberOfRobotsOnWhiteSite
33296,28,19
timeStep,numberOfRobotsOnBlackSite,numberOfRobotsOnWhiteSite
33297,28,19
timeStep,numberOfRobotsOnBlackSite,numberOfRobotsOnWhiteSite
33298,28,19
timeStep,numberOfRobotsOnBlackSite,numberOfRobotsOnWhiteSite
33299,28,19
timeStep,numberOfRobotsOnBlackSite,numberOfRobotsOnWhiteSite
33300,28,19
timeStep,numberOfRobotsOnBlackSite,numberOfRobotsOnWhiteSite
33301,28,19
timeStep,numberOfRobotsOnBlackSite,numberOfRobotsOnWhiteSite
33302,28,19
timeStep,numberOfRobotsOnBlackSite,numberOfRobotsOnWhiteSite
33303,28,19
timeStep,numberOfRobotsOnBlackSite,numberOfRobotsOnWhiteSite
33304,28,19
timeStep,numberOfRobotsOnBlackSite,numberOfRobotsOnWhiteSite
33305,28,19
timeStep,numberOfRobotsOnBlackSite,numberOfRobotsOnWhiteSite
33306,28,19
timeStep,numberOfRobotsOnBlackSite,numberOfRobotsOnWhiteSite
33307,28,19
timeStep,numberOfRobotsOnBlackSite,numberOfRobotsOnWhiteSite
33308,28,19
timeStep,numberOfRobotsOnBlackSite,numberOfRobotsOnWhiteSite
33309,28,19
timeStep,numberOfRobotsOnBlackSite,numberOfRobotsOnWhiteSite
33310,28,19
timeStep,numberOfRobotsOnBlackSite,numberOfRobotsOnWhiteSite
33311,28,19
timeStep,numberOfRobotsOnBlackSite,numberOfRobotsOnWhiteSite
33312,28,19
timeStep,numberOfRobotsOnBlackSite,numberOfRobotsOnWhiteSite
33313,28,19
timeStep,numberOfRobotsOnBlackSite,numberOfRobotsOnWhiteSite
33314,28,19
timeStep,numberOfRobotsOnBlackSite,numberOfRobotsOnWhiteSite
33315,28,19
timeStep,numberOfRobotsOnBlackSite,numberOfRobotsOnWhiteSite
33316,28,19
timeStep,numberOfRobotsOnBlackSite,numberOfRobotsOnWhiteSite
33317,28,19
timeStep,numberOfRobotsOnBlackSite,numberOfRobotsOnWhiteSite
33318,28,19
timeStep,numberOfRobotsOnBlackSite,numberOfRobotsOnWhiteSite
33319,28,19
timeStep,numberOfRobotsOnBlackSite,numberOfRobotsOnWhiteSite
33320,28,19
timeStep,numberOfRobotsOnBlackSite,numberOfRobotsOnWhiteSite
33321,28,19
timeStep,numberOfRobotsOnBlackSite,numberOfRobotsOnWhiteSite
33322,28,19
timeStep,numberOfRobotsOnBlackSite,numberOfRobotsOnWhiteSite
33323,28,19
timeStep,numberOfRobotsOnBlackSite,numberOfRobotsOnWhiteSite
33324,28,19
timeStep,numberOfRobotsOnBlackSite,numberOfRobotsOnWhiteSite
33325,28,19
timeStep,numberOfRobotsOnBlackSite,numberOfRobotsOnWhiteSite
33326,28,19
timeStep,numberOfRobotsOnBlackSite,numberOfRobotsOnWhiteSite
33327,28,19
timeStep,numberOfRobotsOnBlackSite,numberOfRobotsOnWhiteSite
33328,28,19
timeStep,numberOfRobotsOnBlackSite,numberOfRobotsOnWhiteSite
33329,28,19
timeStep,numberOfRobotsOnBlackSite,numberOfRobotsOnWhiteSite
33330,28,19
timeStep,numberOfRobotsOnBlackSite,numberOfRobotsOnWhiteSite
33331,28,19
timeStep,numberOfRobotsOnBlackSite,numberOfRobotsOnWhiteSite
33332,28,19
timeStep,numberOfRobotsOnBlackSite,numberOfRobotsOnWhiteSite
33333,28,19
timeStep,numberOfRobotsOnBlackSite,numberOfRobotsOnWhiteSite
33334,28,19
timeStep,numberOfRobotsOnBlackSite,numberOfRobotsOnWhiteSite
33335,28,19
timeStep,numberOfRobotsOnBlackSite,numberOfRobotsOnWhiteSite
33336,28,19
timeStep,numberOfRobotsOnBlackSite,numberOfRobotsOnWhiteSite
33337,28,19
timeStep,numberOfRobotsOnBlackSite,numberOfRobotsOnWhiteSite
33338,28,19
timeStep,numberOfRobotsOnBlackSite,numberOfRobotsOnWhiteSite
33339,28,19
timeStep,numberOfRobotsOnBlackSite,numberOfRobotsOnWhiteSite
33340,28,19
timeStep,numberOfRobotsOnBlackSite,numberOfRobotsOnWhiteSite
33341,28,19
timeStep,numberOfRobotsOnBlackSite,numberOfRobotsOnWhiteSite
33342,28,19
timeStep,numberOfRobotsOnBlackSite,numberOfRobotsOnWhiteSite
33343,28,19
timeStep,numberOfRobotsOnBlackSite,numberOfRobotsOnWhiteSite
33344,28,19
timeStep,numberOfRobotsOnBlackSite,numberOfRobotsOnWhiteSite
33345,28,19
timeStep,numberOfRobotsOnBlackSite,numberOfRobotsOnWhiteSite
33346,28,19
timeStep,numberOfRobotsOnBlackSite,numberOfRobotsOnWhiteSite
33347,28,19
timeStep,numberOfRobotsOnBlackSite,numberOfRobotsOnWhiteSite
33348,28,19
timeStep,numberOfRobotsOnBlackSite,numberOfRobotsOnWhiteSite
33349,28,19
timeStep,numberOfRobotsOnBlackSite,numberOfRobotsOnWhiteSite
33350,28,19
timeStep,numberOfRobotsOnBlackSite,numberOfRobotsOnWhiteSite
33351,28,19
timeStep,numberOfRobotsOnBlackSite,numberOfRobotsOnWhiteSite
33352,28,19
timeStep,numberOfRobotsOnBlackSite,numberOfRobotsOnWhiteSite
33353,28,19
timeStep,numberOfRobotsOnBlackSite,numberOfRobotsOnWhiteSite
33354,28,19
timeStep,numberOfRobotsOnBlackSite,numberOfRobotsOnWhiteSite
33355,28,19
timeStep,numberOfRobotsOnBlackSite,numberOfRobotsOnWhiteSite
33356,28,19
timeStep,numberOfRobotsOnBlackSite,numberOfRobotsOnWhiteSite
33357,28,19
timeStep,numberOfRobotsOnBlackSite,numberOfRobotsOnWhiteSite
33358,28,19
timeStep,numberOfRobotsOnBlackSite,numberOfRobotsOnWhiteSite
33359,28,19
timeStep,numberOfRobotsOnBlackSite,numberOfRobotsOnWhiteSite
33360,28,19
timeStep,numberOfRobotsOnBlackSite,numberOfRobotsOnWhiteSite
33361,28,19
timeStep,numberOfRobotsOnBlackSite,numberOfRobotsOnWhiteSite
33362,28,19
timeStep,numberOfRobotsOnBlackSite,numberOfRobotsOnWhiteSite
33363,28,19
timeStep,numberOfRobotsOnBlackSite,numberOfRobotsOnWhiteSite
33364,28,19
timeStep,numberOfRobotsOnBlackSite,numberOfRobotsOnWhiteSite
33365,28,19
timeStep,numberOfRobotsOnBlackSite,numberOfRobotsOnWhiteSite
33366,28,19
timeStep,numberOfRobotsOnBlackSite,numberOfRobotsOnWhiteSite
33367,28,19
timeStep,numberOfRobotsOnBlackSite,numberOfRobotsOnWhiteSite
33368,28,19
timeStep,numberOfRobotsOnBlackSite,numberOfRobotsOnWhiteSite
33369,28,19
timeStep,numberOfRobotsOnBlackSite,numberOfRobotsOnWhiteSite
33370,28,19
timeStep,numberOfRobotsOnBlackSite,numberOfRobotsOnWhiteSite
33371,28,19
timeStep,numberOfRobotsOnBlackSite,numberOfRobotsOnWhiteSite
33372,28,19
timeStep,numberOfRobotsOnBlackSite,numberOfRobotsOnWhiteSite
33373,28,19
timeStep,numberOfRobotsOnBlackSite,numberOfRobotsOnWhiteSite
33374,28,19
timeStep,numberOfRobotsOnBlackSite,numberOfRobotsOnWhiteSite
33375,28,19
timeStep,numberOfRobotsOnBlackSite,numberOfRobotsOnWhiteSite
33376,28,19
timeStep,numberOfRobotsOnBlackSite,numberOfRobotsOnWhiteSite
33377,28,19
timeStep,numberOfRobotsOnBlackSite,numberOfRobotsOnWhiteSite
33378,28,19
timeStep,numberOfRobotsOnBlackSite,numberOfRobotsOnWhiteSite
33379,28,19
timeStep,numberOfRobotsOnBlackSite,numberOfRobotsOnWhiteSite
33380,28,19
timeStep,numberOfRobotsOnBlackSite,numberOfRobotsOnWhiteSite
33381,28,19
timeStep,numberOfRobotsOnBlackSite,numberOfRobotsOnWhiteSite
33382,28,19
timeStep,numberOfRobotsOnBlackSite,numberOfRobotsOnWhiteSite
33383,28,19
timeStep,numberOfRobotsOnBlackSite,numberOfRobotsOnWhiteSite
33384,28,19
timeStep,numberOfRobotsOnBlackSite,numberOfRobotsOnWhiteSite
33385,28,19
timeStep,numberOfRobotsOnBlackSite,numberOfRobotsOnWhiteSite
33386,28,19
timeStep,numberOfRobotsOnBlackSite,numberOfRobotsOnWhiteSite
33387,28,19
timeStep,numberOfRobotsOnBlackSite,numberOfRobotsOnWhiteSite
33388,28,19
timeStep,numberOfRobotsOnBlackSite,numberOfRobotsOnWhiteSite
33389,28,19
timeStep,numberOfRobotsOnBlackSite,numberOfRobotsOnWhiteSite
33390,28,19
timeStep,numberOfRobotsOnBlackSite,numberOfRobotsOnWhiteSite
33391,28,19
timeStep,numberOfRobotsOnBlackSite,numberOfRobotsOnWhiteSite
33392,28,19
timeStep,numberOfRobotsOnBlackSite,numberOfRobotsOnWhiteSite
33393,28,19
timeStep,numberOfRobotsOnBlackSite,numberOfRobotsOnWhiteSite
33394,28,19
timeStep,numberOfRobotsOnBlackSite,numberOfRobotsOnWhiteSite
33395,28,19
timeStep,numberOfRobotsOnBlackSite,numberOfRobotsOnWhiteSite
33396,28,19
timeStep,numberOfRobotsOnBlackSite,numberOfRobotsOnWhiteSite
33397,28,19
timeStep,numberOfRobotsOnBlackSite,numberOfRobotsOnWhiteSite
33398,28,19
timeStep,numberOfRobotsOnBlackSite,numberOfRobotsOnWhiteSite
33399,28,19
timeStep,numberOfRobotsOnBlackSite,numberOfRobotsOnWhiteSite
33400,28,19
timeStep,numberOfRobotsOnBlackSite,numberOfRobotsOnWhiteSite
33401,28,19
timeStep,numberOfRobotsOnBlackSite,numberOfRobotsOnWhiteSite
33402,28,19
timeStep,numberOfRobotsOnBlackSite,numberOfRobotsOnWhiteSite
33403,28,19
timeStep,numberOfRobotsOnBlackSite,numberOfRobotsOnWhiteSite
33404,28,19
timeStep,numberOfRobotsOnBlackSite,numberOfRobotsOnWhiteSite
33405,28,19
timeStep,numberOfRobotsOnBlackSite,numberOfRobotsOnWhiteSite
33406,28,19
timeStep,numberOfRobotsOnBlackSite,numberOfRobotsOnWhiteSite
33407,28,19
timeStep,numberOfRobotsOnBlackSite,numberOfRobotsOnWhiteSite
33408,28,19
timeStep,numberOfRobotsOnBlackSite,numberOfRobotsOnWhiteSite
33409,28,19
timeStep,numberOfRobotsOnBlackSite,numberOfRobotsOnWhiteSite
33410,28,19
timeStep,numberOfRobotsOnBlackSite,numberOfRobotsOnWhiteSite
33411,28,19
timeStep,numberOfRobotsOnBlackSite,numberOfRobotsOnWhiteSite
33412,28,19
timeStep,numberOfRobotsOnBlackSite,numberOfRobotsOnWhiteSite
33413,28,19
timeStep,numberOfRobotsOnBlackSite,numberOfRobotsOnWhiteSite
33414,28,19
timeStep,numberOfRobotsOnBlackSite,numberOfRobotsOnWhiteSite
33415,28,19
timeStep,numberOfRobotsOnBlackSite,numberOfRobotsOnWhiteSite
33416,28,19
timeStep,numberOfRobotsOnBlackSite,numberOfRobotsOnWhiteSite
33417,28,19
timeStep,numberOfRobotsOnBlackSite,numberOfRobotsOnWhiteSite
33418,28,19
timeStep,numberOfRobotsOnBlackSite,numberOfRobotsOnWhiteSite
33419,28,19
timeStep,numberOfRobotsOnBlackSite,numberOfRobotsOnWhiteSite
33420,28,19
timeStep,numberOfRobotsOnBlackSite,numberOfRobotsOnWhiteSite
33421,28,19
timeStep,numberOfRobotsOnBlackSite,numberOfRobotsOnWhiteSite
33422,28,19
timeStep,numberOfRobotsOnBlackSite,numberOfRobotsOnWhiteSite
33423,28,19
timeStep,numberOfRobotsOnBlackSite,numberOfRobotsOnWhiteSite
33424,28,19
timeStep,numberOfRobotsOnBlackSite,numberOfRobotsOnWhiteSite
33425,28,19
timeStep,numberOfRobotsOnBlackSite,numberOfRobotsOnWhiteSite
33426,28,19
timeStep,numberOfRobotsOnBlackSite,numberOfRobotsOnWhiteSite
33427,28,19
timeStep,numberOfRobotsOnBlackSite,numberOfRobotsOnWhiteSite
33428,28,19
timeStep,numberOfRobotsOnBlackSite,numberOfRobotsOnWhiteSite
33429,28,19
timeStep,numberOfRobotsOnBlackSite,numberOfRobotsOnWhiteSite
33430,28,19
timeStep,numberOfRobotsOnBlackSite,numberOfRobotsOnWhiteSite
33431,28,19
timeStep,numberOfRobotsOnBlackSite,numberOfRobotsOnWhiteSite
33432,28,19
timeStep,numberOfRobotsOnBlackSite,numberOfRobotsOnWhiteSite
33433,28,19
timeStep,numberOfRobotsOnBlackSite,numberOfRobotsOnWhiteSite
33434,28,19
timeStep,numberOfRobotsOnBlackSite,numberOfRobotsOnWhiteSite
33435,27,19
timeStep,numberOfRobotsOnBlackSite,numberOfRobotsOnWhiteSite
33436,27,19
timeStep,numberOfRobotsOnBlackSite,numberOfRobotsOnWhiteSite
33437,27,19
timeStep,numberOfRobotsOnBlackSite,numberOfRobotsOnWhiteSite
33438,27,19
timeStep,numberOfRobotsOnBlackSite,numberOfRobotsOnWhiteSite
33439,27,19
timeStep,numberOfRobotsOnBlackSite,numberOfRobotsOnWhiteSite
33440,27,19
timeStep,numberOfRobotsOnBlackSite,numberOfRobotsOnWhiteSite
33441,27,19
timeStep,numberOfRobotsOnBlackSite,numberOfRobotsOnWhiteSite
33442,27,19
timeStep,numberOfRobotsOnBlackSite,numberOfRobotsOnWhiteSite
33443,27,19
timeStep,numberOfRobotsOnBlackSite,numberOfRobotsOnWhiteSite
33444,27,19
timeStep,numberOfRobotsOnBlackSite,numberOfRobotsOnWhiteSite
33445,27,19
timeStep,numberOfRobotsOnBlackSite,numberOfRobotsOnWhiteSite
33446,27,19
timeStep,numberOfRobotsOnBlackSite,numberOfRobotsOnWhiteSite
33447,27,19
timeStep,numberOfRobotsOnBlackSite,numberOfRobotsOnWhiteSite
33448,27,19
timeStep,numberOfRobotsOnBlackSite,numberOfRobotsOnWhiteSite
33449,27,19
timeStep,numberOfRobotsOnBlackSite,numberOfRobotsOnWhiteSite
33450,27,19
timeStep,numberOfRobotsOnBlackSite,numberOfRobotsOnWhiteSite
33451,27,19
timeStep,numberOfRobotsOnBlackSite,numberOfRobotsOnWhiteSite
33452,27,19
timeStep,numberOfRobotsOnBlackSite,numberOfRobotsOnWhiteSite
33453,27,19
timeStep,numberOfRobotsOnBlackSite,numberOfRobotsOnWhiteSite
33454,27,19
timeStep,numberOfRobotsOnBlackSite,numberOfRobotsOnWhiteSite
33455,27,19
timeStep,numberOfRobotsOnBlackSite,numberOfRobotsOnWhiteSite
33456,27,19
timeStep,numberOfRobotsOnBlackSite,numberOfRobotsOnWhiteSite
33457,27,19
timeStep,numberOfRobotsOnBlackSite,numberOfRobotsOnWhiteSite
33458,27,19
timeStep,numberOfRobotsOnBlackSite,numberOfRobotsOnWhiteSite
33459,27,19
timeStep,numberOfRobotsOnBlackSite,numberOfRobotsOnWhiteSite
33460,27,19
timeStep,numberOfRobotsOnBlackSite,numberOfRobotsOnWhiteSite
33461,27,19
timeStep,numberOfRobotsOnBlackSite,numberOfRobotsOnWhiteSite
33462,27,19
timeStep,numberOfRobotsOnBlackSite,numberOfRobotsOnWhiteSite
33463,27,19
timeStep,numberOfRobotsOnBlackSite,numberOfRobotsOnWhiteSite
33464,27,19
timeStep,numberOfRobotsOnBlackSite,numberOfRobotsOnWhiteSite
33465,27,19
timeStep,numberOfRobotsOnBlackSite,numberOfRobotsOnWhiteSite
33466,27,19
timeStep,numberOfRobotsOnBlackSite,numberOfRobotsOnWhiteSite
33467,27,19
timeStep,numberOfRobotsOnBlackSite,numberOfRobotsOnWhiteSite
33468,27,19
timeStep,numberOfRobotsOnBlackSite,numberOfRobotsOnWhiteSite
33469,27,19
timeStep,numberOfRobotsOnBlackSite,numberOfRobotsOnWhiteSite
33470,27,19
timeStep,numberOfRobotsOnBlackSite,numberOfRobotsOnWhiteSite
33471,27,19
timeStep,numberOfRobotsOnBlackSite,numberOfRobotsOnWhiteSite
33472,27,19
timeStep,numberOfRobotsOnBlackSite,numberOfRobotsOnWhiteSite
33473,27,19
timeStep,numberOfRobotsOnBlackSite,numberOfRobotsOnWhiteSite
33474,27,19
timeStep,numberOfRobotsOnBlackSite,numberOfRobotsOnWhiteSite
33475,27,19
timeStep,numberOfRobotsOnBlackSite,numberOfRobotsOnWhiteSite
33476,27,19
timeStep,numberOfRobotsOnBlackSite,numberOfRobotsOnWhiteSite
33477,27,19
timeStep,numberOfRobotsOnBlackSite,numberOfRobotsOnWhiteSite
33478,27,19
timeStep,numberOfRobotsOnBlackSite,numberOfRobotsOnWhiteSite
33479,27,19
timeStep,numberOfRobotsOnBlackSite,numberOfRobotsOnWhiteSite
33480,27,19
timeStep,numberOfRobotsOnBlackSite,numberOfRobotsOnWhiteSite
33481,27,19
timeStep,numberOfRobotsOnBlackSite,numberOfRobotsOnWhiteSite
33482,27,19
timeStep,numberOfRobotsOnBlackSite,numberOfRobotsOnWhiteSite
33483,27,19
timeStep,numberOfRobotsOnBlackSite,numberOfRobotsOnWhiteSite
33484,27,19
timeStep,numberOfRobotsOnBlackSite,numberOfRobotsOnWhiteSite
33485,27,19
timeStep,numberOfRobotsOnBlackSite,numberOfRobotsOnWhiteSite
33486,27,19
timeStep,numberOfRobotsOnBlackSite,numberOfRobotsOnWhiteSite
33487,27,19
timeStep,numberOfRobotsOnBlackSite,numberOfRobotsOnWhiteSite
33488,27,19
timeStep,numberOfRobotsOnBlackSite,numberOfRobotsOnWhiteSite
33489,27,19
timeStep,numberOfRobotsOnBlackSite,numberOfRobotsOnWhiteSite
33490,27,19
timeStep,numberOfRobotsOnBlackSite,numberOfRobotsOnWhiteSite
33491,27,19
timeStep,numberOfRobotsOnBlackSite,numberOfRobotsOnWhiteSite
33492,27,19
timeStep,numberOfRobotsOnBlackSite,numberOfRobotsOnWhiteSite
33493,27,19
timeStep,numberOfRobotsOnBlackSite,numberOfRobotsOnWhiteSite
33494,27,19
timeStep,numberOfRobotsOnBlackSite,numberOfRobotsOnWhiteSite
33495,27,19
timeStep,numberOfRobotsOnBlackSite,numberOfRobotsOnWhiteSite
33496,27,19
timeStep,numberOfRobotsOnBlackSite,numberOfRobotsOnWhiteSite
33497,27,19
timeStep,numberOfRobotsOnBlackSite,numberOfRobotsOnWhiteSite
33498,27,19
timeStep,numberOfRobotsOnBlackSite,numberOfRobotsOnWhiteSite
33499,27,19
timeStep,numberOfRobotsOnBlackSite,numberOfRobotsOnWhiteSite
33500,27,19
timeStep,numberOfRobotsOnBlackSite,numberOfRobotsOnWhiteSite
33501,27,19
timeStep,numberOfRobotsOnBlackSite,numberOfRobotsOnWhiteSite
33502,27,19
timeStep,numberOfRobotsOnBlackSite,numberOfRobotsOnWhiteSite
33503,27,19
timeStep,numberOfRobotsOnBlackSite,numberOfRobotsOnWhiteSite
33504,27,19
timeStep,numberOfRobotsOnBlackSite,numberOfRobotsOnWhiteSite
33505,27,19
timeStep,numberOfRobotsOnBlackSite,numberOfRobotsOnWhiteSite
33506,27,19
timeStep,numberOfRobotsOnBlackSite,numberOfRobotsOnWhiteSite
33507,27,19
timeStep,numberOfRobotsOnBlackSite,numberOfRobotsOnWhiteSite
33508,27,19
timeStep,numberOfRobotsOnBlackSite,numberOfRobotsOnWhiteSite
33509,27,19
timeStep,numberOfRobotsOnBlackSite,numberOfRobotsOnWhiteSite
33510,27,19
timeStep,numberOfRobotsOnBlackSite,numberOfRobotsOnWhiteSite
33511,27,19
timeStep,numberOfRobotsOnBlackSite,numberOfRobotsOnWhiteSite
33512,27,19
timeStep,numberOfRobotsOnBlackSite,numberOfRobotsOnWhiteSite
33513,27,19
timeStep,numberOfRobotsOnBlackSite,numberOfRobotsOnWhiteSite
33514,27,19
timeStep,numberOfRobotsOnBlackSite,numberOfRobotsOnWhiteSite
33515,27,19
timeStep,numberOfRobotsOnBlackSite,numberOfRobotsOnWhiteSite
33516,27,19
timeStep,numberOfRobotsOnBlackSite,numberOfRobotsOnWhiteSite
33517,27,19
timeStep,numberOfRobotsOnBlackSite,numberOfRobotsOnWhiteSite
33518,27,19
timeStep,numberOfRobotsOnBlackSite,numberOfRobotsOnWhiteSite
33519,27,19
timeStep,numberOfRobotsOnBlackSite,numberOfRobotsOnWhiteSite
33520,27,19
timeStep,numberOfRobotsOnBlackSite,numberOfRobotsOnWhiteSite
33521,27,19
timeStep,numberOfRobotsOnBlackSite,numberOfRobotsOnWhiteSite
33522,27,19
timeStep,numberOfRobotsOnBlackSite,numberOfRobotsOnWhiteSite
33523,27,19
timeStep,numberOfRobotsOnBlackSite,numberOfRobotsOnWhiteSite
33524,27,19
timeStep,numberOfRobotsOnBlackSite,numberOfRobotsOnWhiteSite
33525,27,19
timeStep,numberOfRobotsOnBlackSite,numberOfRobotsOnWhiteSite
33526,27,19
timeStep,numberOfRobotsOnBlackSite,numberOfRobotsOnWhiteSite
33527,27,19
timeStep,numberOfRobotsOnBlackSite,numberOfRobotsOnWhiteSite
33528,27,19
timeStep,numberOfRobotsOnBlackSite,numberOfRobotsOnWhiteSite
33529,27,19
timeStep,numberOfRobotsOnBlackSite,numberOfRobotsOnWhiteSite
33530,27,19
timeStep,numberOfRobotsOnBlackSite,numberOfRobotsOnWhiteSite
33531,27,19
timeStep,numberOfRobotsOnBlackSite,numberOfRobotsOnWhiteSite
33532,27,19
timeStep,numberOfRobotsOnBlackSite,numberOfRobotsOnWhiteSite
33533,27,19
timeStep,numberOfRobotsOnBlackSite,numberOfRobotsOnWhiteSite
33534,27,19
timeStep,numberOfRobotsOnBlackSite,numberOfRobotsOnWhiteSite
33535,27,19
timeStep,numberOfRobotsOnBlackSite,numberOfRobotsOnWhiteSite
33536,27,19
timeStep,numberOfRobotsOnBlackSite,numberOfRobotsOnWhiteSite
33537,27,19
timeStep,numberOfRobotsOnBlackSite,numberOfRobotsOnWhiteSite
33538,27,19
timeStep,numberOfRobotsOnBlackSite,numberOfRobotsOnWhiteSite
33539,27,19
timeStep,numberOfRobotsOnBlackSite,numberOfRobotsOnWhiteSite
33540,27,19
timeStep,numberOfRobotsOnBlackSite,numberOfRobotsOnWhiteSite
33541,27,19
timeStep,numberOfRobotsOnBlackSite,numberOfRobotsOnWhiteSite
33542,27,19
timeStep,numberOfRobotsOnBlackSite,numberOfRobotsOnWhiteSite
33543,27,19
timeStep,numberOfRobotsOnBlackSite,numberOfRobotsOnWhiteSite
33544,27,19
timeStep,numberOfRobotsOnBlackSite,numberOfRobotsOnWhiteSite
33545,27,19
timeStep,numberOfRobotsOnBlackSite,numberOfRobotsOnWhiteSite
33546,27,19
timeStep,numberOfRobotsOnBlackSite,numberOfRobotsOnWhiteSite
33547,27,19
timeStep,numberOfRobotsOnBlackSite,numberOfRobotsOnWhiteSite
33548,27,19
timeStep,numberOfRobotsOnBlackSite,numberOfRobotsOnWhiteSite
33549,27,19
timeStep,numberOfRobotsOnBlackSite,numberOfRobotsOnWhiteSite
33550,27,19
timeStep,numberOfRobotsOnBlackSite,numberOfRobotsOnWhiteSite
33551,27,19
timeStep,numberOfRobotsOnBlackSite,numberOfRobotsOnWhiteSite
33552,27,19
timeStep,numberOfRobotsOnBlackSite,numberOfRobotsOnWhiteSite
33553,27,19
timeStep,numberOfRobotsOnBlackSite,numberOfRobotsOnWhiteSite
33554,27,19
timeStep,numberOfRobotsOnBlackSite,numberOfRobotsOnWhiteSite
33555,27,19
timeStep,numberOfRobotsOnBlackSite,numberOfRobotsOnWhiteSite
33556,27,19
timeStep,numberOfRobotsOnBlackSite,numberOfRobotsOnWhiteSite
33557,27,19
timeStep,numberOfRobotsOnBlackSite,numberOfRobotsOnWhiteSite
33558,27,19
timeStep,numberOfRobotsOnBlackSite,numberOfRobotsOnWhiteSite
33559,27,19
timeStep,numberOfRobotsOnBlackSite,numberOfRobotsOnWhiteSite
33560,27,19
timeStep,numberOfRobotsOnBlackSite,numberOfRobotsOnWhiteSite
33561,27,19
timeStep,numberOfRobotsOnBlackSite,numberOfRobotsOnWhiteSite
33562,27,19
timeStep,numberOfRobotsOnBlackSite,numberOfRobotsOnWhiteSite
33563,27,19
timeStep,numberOfRobotsOnBlackSite,numberOfRobotsOnWhiteSite
33564,27,19
timeStep,numberOfRobotsOnBlackSite,numberOfRobotsOnWhiteSite
33565,27,19
timeStep,numberOfRobotsOnBlackSite,numberOfRobotsOnWhiteSite
33566,27,19
timeStep,numberOfRobotsOnBlackSite,numberOfRobotsOnWhiteSite
33567,27,19
timeStep,numberOfRobotsOnBlackSite,numberOfRobotsOnWhiteSite
33568,27,19
timeStep,numberOfRobotsOnBlackSite,numberOfRobotsOnWhiteSite
33569,27,19
timeStep,numberOfRobotsOnBlackSite,numberOfRobotsOnWhiteSite
33570,27,19
timeStep,numberOfRobotsOnBlackSite,numberOfRobotsOnWhiteSite
33571,27,19
timeStep,numberOfRobotsOnBlackSite,numberOfRobotsOnWhiteSite
33572,27,19
timeStep,numberOfRobotsOnBlackSite,numberOfRobotsOnWhiteSite
33573,27,19
timeStep,numberOfRobotsOnBlackSite,numberOfRobotsOnWhiteSite
33574,27,19
timeStep,numberOfRobotsOnBlackSite,numberOfRobotsOnWhiteSite
33575,27,19
timeStep,numberOfRobotsOnBlackSite,numberOfRobotsOnWhiteSite
33576,27,19
timeStep,numberOfRobotsOnBlackSite,numberOfRobotsOnWhiteSite
33577,27,19
timeStep,numberOfRobotsOnBlackSite,numberOfRobotsOnWhiteSite
33578,27,19
timeStep,numberOfRobotsOnBlackSite,numberOfRobotsOnWhiteSite
33579,27,19
timeStep,numberOfRobotsOnBlackSite,numberOfRobotsOnWhiteSite
33580,27,18
timeStep,numberOfRobotsOnBlackSite,numberOfRobotsOnWhiteSite
33581,27,18
timeStep,numberOfRobotsOnBlackSite,numberOfRobotsOnWhiteSite
33582,27,18
timeStep,numberOfRobotsOnBlackSite,numberOfRobotsOnWhiteSite
33583,27,18
timeStep,numberOfRobotsOnBlackSite,numberOfRobotsOnWhiteSite
33584,27,18
timeStep,numberOfRobotsOnBlackSite,numberOfRobotsOnWhiteSite
33585,27,18
timeStep,numberOfRobotsOnBlackSite,numberOfRobotsOnWhiteSite
33586,27,18
timeStep,numberOfRobotsOnBlackSite,numberOfRobotsOnWhiteSite
33587,27,18
timeStep,numberOfRobotsOnBlackSite,numberOfRobotsOnWhiteSite
33588,27,18
timeStep,numberOfRobotsOnBlackSite,numberOfRobotsOnWhiteSite
33589,27,18
timeStep,numberOfRobotsOnBlackSite,numberOfRobotsOnWhiteSite
33590,27,18
timeStep,numberOfRobotsOnBlackSite,numberOfRobotsOnWhiteSite
33591,27,18
timeStep,numberOfRobotsOnBlackSite,numberOfRobotsOnWhiteSite
33592,27,18
timeStep,numberOfRobotsOnBlackSite,numberOfRobotsOnWhiteSite
33593,27,18
timeStep,numberOfRobotsOnBlackSite,numberOfRobotsOnWhiteSite
33594,27,18
timeStep,numberOfRobotsOnBlackSite,numberOfRobotsOnWhiteSite
33595,27,18
timeStep,numberOfRobotsOnBlackSite,numberOfRobotsOnWhiteSite
33596,27,18
timeStep,numberOfRobotsOnBlackSite,numberOfRobotsOnWhiteSite
33597,27,18
timeStep,numberOfRobotsOnBlackSite,numberOfRobotsOnWhiteSite
33598,27,18
timeStep,numberOfRobotsOnBlackSite,numberOfRobotsOnWhiteSite
33599,27,18
timeStep,numberOfRobotsOnBlackSite,numberOfRobotsOnWhiteSite
33600,27,18
timeStep,numberOfRobotsOnBlackSite,numberOfRobotsOnWhiteSite
33601,27,18
timeStep,numberOfRobotsOnBlackSite,numberOfRobotsOnWhiteSite
33602,27,18
timeStep,numberOfRobotsOnBlackSite,numberOfRobotsOnWhiteSite
33603,27,18
timeStep,numberOfRobotsOnBlackSite,numberOfRobotsOnWhiteSite
33604,27,18
timeStep,numberOfRobotsOnBlackSite,numberOfRobotsOnWhiteSite
33605,27,18
timeStep,numberOfRobotsOnBlackSite,numberOfRobotsOnWhiteSite
33606,27,18
timeStep,numberOfRobotsOnBlackSite,numberOfRobotsOnWhiteSite
33607,27,18
timeStep,numberOfRobotsOnBlackSite,numberOfRobotsOnWhiteSite
33608,27,18
timeStep,numberOfRobotsOnBlackSite,numberOfRobotsOnWhiteSite
33609,27,18
timeStep,numberOfRobotsOnBlackSite,numberOfRobotsOnWhiteSite
33610,27,18
timeStep,numberOfRobotsOnBlackSite,numberOfRobotsOnWhiteSite
33611,27,18
timeStep,numberOfRobotsOnBlackSite,numberOfRobotsOnWhiteSite
33612,27,18
timeStep,numberOfRobotsOnBlackSite,numberOfRobotsOnWhiteSite
33613,27,18
timeStep,numberOfRobotsOnBlackSite,numberOfRobotsOnWhiteSite
33614,27,18
timeStep,numberOfRobotsOnBlackSite,numberOfRobotsOnWhiteSite
33615,27,18
timeStep,numberOfRobotsOnBlackSite,numberOfRobotsOnWhiteSite
33616,27,18
timeStep,numberOfRobotsOnBlackSite,numberOfRobotsOnWhiteSite
33617,27,18
timeStep,numberOfRobotsOnBlackSite,numberOfRobotsOnWhiteSite
33618,27,18
timeStep,numberOfRobotsOnBlackSite,numberOfRobotsOnWhiteSite
33619,27,18
timeStep,numberOfRobotsOnBlackSite,numberOfRobotsOnWhiteSite
33620,27,18
timeStep,numberOfRobotsOnBlackSite,numberOfRobotsOnWhiteSite
33621,27,18
timeStep,numberOfRobotsOnBlackSite,numberOfRobotsOnWhiteSite
33622,27,18
timeStep,numberOfRobotsOnBlackSite,numberOfRobotsOnWhiteSite
33623,27,18
timeStep,numberOfRobotsOnBlackSite,numberOfRobotsOnWhiteSite
33624,27,18
timeStep,numberOfRobotsOnBlackSite,numberOfRobotsOnWhiteSite
33625,27,18
timeStep,numberOfRobotsOnBlackSite,numberOfRobotsOnWhiteSite
33626,27,18
timeStep,numberOfRobotsOnBlackSite,numberOfRobotsOnWhiteSite
33627,27,18
timeStep,numberOfRobotsOnBlackSite,numberOfRobotsOnWhiteSite
33628,27,18
timeStep,numberOfRobotsOnBlackSite,numberOfRobotsOnWhiteSite
33629,27,18
timeStep,numberOfRobotsOnBlackSite,numberOfRobotsOnWhiteSite
33630,27,18
timeStep,numberOfRobotsOnBlackSite,numberOfRobotsOnWhiteSite
33631,27,18
timeStep,numberOfRobotsOnBlackSite,numberOfRobotsOnWhiteSite
33632,27,18
timeStep,numberOfRobotsOnBlackSite,numberOfRobotsOnWhiteSite
33633,27,18
timeStep,numberOfRobotsOnBlackSite,numberOfRobotsOnWhiteSite
33634,27,18
timeStep,numberOfRobotsOnBlackSite,numberOfRobotsOnWhiteSite
33635,27,18
timeStep,numberOfRobotsOnBlackSite,numberOfRobotsOnWhiteSite
33636,27,18
timeStep,numberOfRobotsOnBlackSite,numberOfRobotsOnWhiteSite
33637,27,18
timeStep,numberOfRobotsOnBlackSite,numberOfRobotsOnWhiteSite
33638,27,18
timeStep,numberOfRobotsOnBlackSite,numberOfRobotsOnWhiteSite
33639,27,18
timeStep,numberOfRobotsOnBlackSite,numberOfRobotsOnWhiteSite
33640,27,18
timeStep,numberOfRobotsOnBlackSite,numberOfRobotsOnWhiteSite
33641,27,18
timeStep,numberOfRobotsOnBlackSite,numberOfRobotsOnWhiteSite
33642,27,18
timeStep,numberOfRobotsOnBlackSite,numberOfRobotsOnWhiteSite
33643,27,18
timeStep,numberOfRobotsOnBlackSite,numberOfRobotsOnWhiteSite
33644,27,18
timeStep,numberOfRobotsOnBlackSite,numberOfRobotsOnWhiteSite
33645,27,18
timeStep,numberOfRobotsOnBlackSite,numberOfRobotsOnWhiteSite
33646,27,18
timeStep,numberOfRobotsOnBlackSite,numberOfRobotsOnWhiteSite
33647,27,18
timeStep,numberOfRobotsOnBlackSite,numberOfRobotsOnWhiteSite
33648,27,18
timeStep,numberOfRobotsOnBlackSite,numberOfRobotsOnWhiteSite
33649,27,18
timeStep,numberOfRobotsOnBlackSite,numberOfRobotsOnWhiteSite
33650,27,18
timeStep,numberOfRobotsOnBlackSite,numberOfRobotsOnWhiteSite
33651,27,18
timeStep,numberOfRobotsOnBlackSite,numberOfRobotsOnWhiteSite
33652,27,18
timeStep,numberOfRobotsOnBlackSite,numberOfRobotsOnWhiteSite
33653,27,18
timeStep,numberOfRobotsOnBlackSite,numberOfRobotsOnWhiteSite
33654,27,18
timeStep,numberOfRobotsOnBlackSite,numberOfRobotsOnWhiteSite
33655,27,19
timeStep,numberOfRobotsOnBlackSite,numberOfRobotsOnWhiteSite
33656,27,19
timeStep,numberOfRobotsOnBlackSite,numberOfRobotsOnWhiteSite
33657,27,19
timeStep,numberOfRobotsOnBlackSite,numberOfRobotsOnWhiteSite
33658,27,19
timeStep,numberOfRobotsOnBlackSite,numberOfRobotsOnWhiteSite
33659,27,19
timeStep,numberOfRobotsOnBlackSite,numberOfRobotsOnWhiteSite
33660,27,19
timeStep,numberOfRobotsOnBlackSite,numberOfRobotsOnWhiteSite
33661,27,19
timeStep,numberOfRobotsOnBlackSite,numberOfRobotsOnWhiteSite
33662,27,19
timeStep,numberOfRobotsOnBlackSite,numberOfRobotsOnWhiteSite
33663,27,19
timeStep,numberOfRobotsOnBlackSite,numberOfRobotsOnWhiteSite
33664,27,19
timeStep,numberOfRobotsOnBlackSite,numberOfRobotsOnWhiteSite
33665,27,19
timeStep,numberOfRobotsOnBlackSite,numberOfRobotsOnWhiteSite
33666,27,19
timeStep,numberOfRobotsOnBlackSite,numberOfRobotsOnWhiteSite
33667,27,19
timeStep,numberOfRobotsOnBlackSite,numberOfRobotsOnWhiteSite
33668,27,19
timeStep,numberOfRobotsOnBlackSite,numberOfRobotsOnWhiteSite
33669,27,19
timeStep,numberOfRobotsOnBlackSite,numberOfRobotsOnWhiteSite
33670,27,19
timeStep,numberOfRobotsOnBlackSite,numberOfRobotsOnWhiteSite
33671,27,19
timeStep,numberOfRobotsOnBlackSite,numberOfRobotsOnWhiteSite
33672,27,19
timeStep,numberOfRobotsOnBlackSite,numberOfRobotsOnWhiteSite
33673,27,19
timeStep,numberOfRobotsOnBlackSite,numberOfRobotsOnWhiteSite
33674,27,19
timeStep,numberOfRobotsOnBlackSite,numberOfRobotsOnWhiteSite
33675,28,19
timeStep,numberOfRobotsOnBlackSite,numberOfRobotsOnWhiteSite
33676,28,19
timeStep,numberOfRobotsOnBlackSite,numberOfRobotsOnWhiteSite
33677,28,19
timeStep,numberOfRobotsOnBlackSite,numberOfRobotsOnWhiteSite
33678,28,19
timeStep,numberOfRobotsOnBlackSite,numberOfRobotsOnWhiteSite
33679,28,19
timeStep,numberOfRobotsOnBlackSite,numberOfRobotsOnWhiteSite
33680,28,19
timeStep,numberOfRobotsOnBlackSite,numberOfRobotsOnWhiteSite
33681,28,19
timeStep,numberOfRobotsOnBlackSite,numberOfRobotsOnWhiteSite
33682,28,19
timeStep,numberOfRobotsOnBlackSite,numberOfRobotsOnWhiteSite
33683,28,19
timeStep,numberOfRobotsOnBlackSite,numberOfRobotsOnWhiteSite
33684,28,19
timeStep,numberOfRobotsOnBlackSite,numberOfRobotsOnWhiteSite
33685,28,19
timeStep,numberOfRobotsOnBlackSite,numberOfRobotsOnWhiteSite
33686,28,19
timeStep,numberOfRobotsOnBlackSite,numberOfRobotsOnWhiteSite
33687,28,19
timeStep,numberOfRobotsOnBlackSite,numberOfRobotsOnWhiteSite
33688,28,19
timeStep,numberOfRobotsOnBlackSite,numberOfRobotsOnWhiteSite
33689,28,19
timeStep,numberOfRobotsOnBlackSite,numberOfRobotsOnWhiteSite
33690,28,19
timeStep,numberOfRobotsOnBlackSite,numberOfRobotsOnWhiteSite
33691,28,19
timeStep,numberOfRobotsOnBlackSite,numberOfRobotsOnWhiteSite
33692,28,19
timeStep,numberOfRobotsOnBlackSite,numberOfRobotsOnWhiteSite
33693,28,19
timeStep,numberOfRobotsOnBlackSite,numberOfRobotsOnWhiteSite
33694,28,19
timeStep,numberOfRobotsOnBlackSite,numberOfRobotsOnWhiteSite
33695,28,19
timeStep,numberOfRobotsOnBlackSite,numberOfRobotsOnWhiteSite
33696,28,19
timeStep,numberOfRobotsOnBlackSite,numberOfRobotsOnWhiteSite
33697,28,19
timeStep,numberOfRobotsOnBlackSite,numberOfRobotsOnWhiteSite
33698,28,19
timeStep,numberOfRobotsOnBlackSite,numberOfRobotsOnWhiteSite
33699,28,19
timeStep,numberOfRobotsOnBlackSite,numberOfRobotsOnWhiteSite
33700,28,19
timeStep,numberOfRobotsOnBlackSite,numberOfRobotsOnWhiteSite
33701,28,19
timeStep,numberOfRobotsOnBlackSite,numberOfRobotsOnWhiteSite
33702,28,19
timeStep,numberOfRobotsOnBlackSite,numberOfRobotsOnWhiteSite
33703,28,19
timeStep,numberOfRobotsOnBlackSite,numberOfRobotsOnWhiteSite
33704,28,19
timeStep,numberOfRobotsOnBlackSite,numberOfRobotsOnWhiteSite
33705,28,19
timeStep,numberOfRobotsOnBlackSite,numberOfRobotsOnWhiteSite
33706,28,19
timeStep,numberOfRobotsOnBlackSite,numberOfRobotsOnWhiteSite
33707,28,19
timeStep,numberOfRobotsOnBlackSite,numberOfRobotsOnWhiteSite
33708,28,19
timeStep,numberOfRobotsOnBlackSite,numberOfRobotsOnWhiteSite
33709,28,19
timeStep,numberOfRobotsOnBlackSite,numberOfRobotsOnWhiteSite
33710,28,19
timeStep,numberOfRobotsOnBlackSite,numberOfRobotsOnWhiteSite
33711,28,19
timeStep,numberOfRobotsOnBlackSite,numberOfRobotsOnWhiteSite
33712,28,19
timeStep,numberOfRobotsOnBlackSite,numberOfRobotsOnWhiteSite
33713,28,19
timeStep,numberOfRobotsOnBlackSite,numberOfRobotsOnWhiteSite
33714,28,19
timeStep,numberOfRobotsOnBlackSite,numberOfRobotsOnWhiteSite
33715,28,19
timeStep,numberOfRobotsOnBlackSite,numberOfRobotsOnWhiteSite
33716,28,19
timeStep,numberOfRobotsOnBlackSite,numberOfRobotsOnWhiteSite
33717,28,19
timeStep,numberOfRobotsOnBlackSite,numberOfRobotsOnWhiteSite
33718,28,19
timeStep,numberOfRobotsOnBlackSite,numberOfRobotsOnWhiteSite
33719,28,19
timeStep,numberOfRobotsOnBlackSite,numberOfRobotsOnWhiteSite
33720,28,19
timeStep,numberOfRobotsOnBlackSite,numberOfRobotsOnWhiteSite
33721,28,19
timeStep,numberOfRobotsOnBlackSite,numberOfRobotsOnWhiteSite
33722,28,19
timeStep,numberOfRobotsOnBlackSite,numberOfRobotsOnWhiteSite
33723,28,19
timeStep,numberOfRobotsOnBlackSite,numberOfRobotsOnWhiteSite
33724,28,19
timeStep,numberOfRobotsOnBlackSite,numberOfRobotsOnWhiteSite
33725,28,19
timeStep,numberOfRobotsOnBlackSite,numberOfRobotsOnWhiteSite
33726,28,19
timeStep,numberOfRobotsOnBlackSite,numberOfRobotsOnWhiteSite
33727,28,19
timeStep,numberOfRobotsOnBlackSite,numberOfRobotsOnWhiteSite
33728,28,19
timeStep,numberOfRobotsOnBlackSite,numberOfRobotsOnWhiteSite
33729,28,19
timeStep,numberOfRobotsOnBlackSite,numberOfRobotsOnWhiteSite
33730,28,19
timeStep,numberOfRobotsOnBlackSite,numberOfRobotsOnWhiteSite
33731,28,19
timeStep,numberOfRobotsOnBlackSite,numberOfRobotsOnWhiteSite
33732,28,19
timeStep,numberOfRobotsOnBlackSite,numberOfRobotsOnWhiteSite
33733,28,19
timeStep,numberOfRobotsOnBlackSite,numberOfRobotsOnWhiteSite
33734,28,19
timeStep,numberOfRobotsOnBlackSite,numberOfRobotsOnWhiteSite
33735,28,19
timeStep,numberOfRobotsOnBlackSite,numberOfRobotsOnWhiteSite
33736,28,19
timeStep,numberOfRobotsOnBlackSite,numberOfRobotsOnWhiteSite
33737,28,19
timeStep,numberOfRobotsOnBlackSite,numberOfRobotsOnWhiteSite
33738,28,19
timeStep,numberOfRobotsOnBlackSite,numberOfRobotsOnWhiteSite
33739,28,19
timeStep,numberOfRobotsOnBlackSite,numberOfRobotsOnWhiteSite
33740,28,19
timeStep,numberOfRobotsOnBlackSite,numberOfRobotsOnWhiteSite
33741,28,19
timeStep,numberOfRobotsOnBlackSite,numberOfRobotsOnWhiteSite
33742,28,19
timeStep,numberOfRobotsOnBlackSite,numberOfRobotsOnWhiteSite
33743,28,19
timeStep,numberOfRobotsOnBlackSite,numberOfRobotsOnWhiteSite
33744,28,19
timeStep,numberOfRobotsOnBlackSite,numberOfRobotsOnWhiteSite
33745,28,19
timeStep,numberOfRobotsOnBlackSite,numberOfRobotsOnWhiteSite
33746,28,19
timeStep,numberOfRobotsOnBlackSite,numberOfRobotsOnWhiteSite
33747,28,19
timeStep,numberOfRobotsOnBlackSite,numberOfRobotsOnWhiteSite
33748,28,19
timeStep,numberOfRobotsOnBlackSite,numberOfRobotsOnWhiteSite
33749,28,19
timeStep,numberOfRobotsOnBlackSite,numberOfRobotsOnWhiteSite
33750,28,19
timeStep,numberOfRobotsOnBlackSite,numberOfRobotsOnWhiteSite
33751,28,19
timeStep,numberOfRobotsOnBlackSite,numberOfRobotsOnWhiteSite
33752,28,19
timeStep,numberOfRobotsOnBlackSite,numberOfRobotsOnWhiteSite
33753,28,19
timeStep,numberOfRobotsOnBlackSite,numberOfRobotsOnWhiteSite
33754,28,19
timeStep,numberOfRobotsOnBlackSite,numberOfRobotsOnWhiteSite
33755,28,18
timeStep,numberOfRobotsOnBlackSite,numberOfRobotsOnWhiteSite
33756,28,18
timeStep,numberOfRobotsOnBlackSite,numberOfRobotsOnWhiteSite
33757,28,18
timeStep,numberOfRobotsOnBlackSite,numberOfRobotsOnWhiteSite
33758,28,18
timeStep,numberOfRobotsOnBlackSite,numberOfRobotsOnWhiteSite
33759,28,18
timeStep,numberOfRobotsOnBlackSite,numberOfRobotsOnWhiteSite
33760,28,18
timeStep,numberOfRobotsOnBlackSite,numberOfRobotsOnWhiteSite
33761,28,18
timeStep,numberOfRobotsOnBlackSite,numberOfRobotsOnWhiteSite
33762,28,18
timeStep,numberOfRobotsOnBlackSite,numberOfRobotsOnWhiteSite
33763,28,18
timeStep,numberOfRobotsOnBlackSite,numberOfRobotsOnWhiteSite
33764,28,18
timeStep,numberOfRobotsOnBlackSite,numberOfRobotsOnWhiteSite
33765,28,18
timeStep,numberOfRobotsOnBlackSite,numberOfRobotsOnWhiteSite
33766,28,18
timeStep,numberOfRobotsOnBlackSite,numberOfRobotsOnWhiteSite
33767,28,18
timeStep,numberOfRobotsOnBlackSite,numberOfRobotsOnWhiteSite
33768,28,18
timeStep,numberOfRobotsOnBlackSite,numberOfRobotsOnWhiteSite
33769,28,18
timeStep,numberOfRobotsOnBlackSite,numberOfRobotsOnWhiteSite
33770,28,18
timeStep,numberOfRobotsOnBlackSite,numberOfRobotsOnWhiteSite
33771,28,18
timeStep,numberOfRobotsOnBlackSite,numberOfRobotsOnWhiteSite
33772,28,18
timeStep,numberOfRobotsOnBlackSite,numberOfRobotsOnWhiteSite
33773,28,18
timeStep,numberOfRobotsOnBlackSite,numberOfRobotsOnWhiteSite
33774,28,18
timeStep,numberOfRobotsOnBlackSite,numberOfRobotsOnWhiteSite
33775,28,18
timeStep,numberOfRobotsOnBlackSite,numberOfRobotsOnWhiteSite
33776,28,18
timeStep,numberOfRobotsOnBlackSite,numberOfRobotsOnWhiteSite
33777,28,18
timeStep,numberOfRobotsOnBlackSite,numberOfRobotsOnWhiteSite
33778,28,18
timeStep,numberOfRobotsOnBlackSite,numberOfRobotsOnWhiteSite
33779,28,18
timeStep,numberOfRobotsOnBlackSite,numberOfRobotsOnWhiteSite
33780,27,18
timeStep,numberOfRobotsOnBlackSite,numberOfRobotsOnWhiteSite
33781,27,18
timeStep,numberOfRobotsOnBlackSite,numberOfRobotsOnWhiteSite
33782,27,18
timeStep,numberOfRobotsOnBlackSite,numberOfRobotsOnWhiteSite
33783,27,18
timeStep,numberOfRobotsOnBlackSite,numberOfRobotsOnWhiteSite
33784,27,18
timeStep,numberOfRobotsOnBlackSite,numberOfRobotsOnWhiteSite
33785,27,18
timeStep,numberOfRobotsOnBlackSite,numberOfRobotsOnWhiteSite
33786,27,18
timeStep,numberOfRobotsOnBlackSite,numberOfRobotsOnWhiteSite
33787,27,18
timeStep,numberOfRobotsOnBlackSite,numberOfRobotsOnWhiteSite
33788,27,18
timeStep,numberOfRobotsOnBlackSite,numberOfRobotsOnWhiteSite
33789,27,18
timeStep,numberOfRobotsOnBlackSite,numberOfRobotsOnWhiteSite
33790,27,18
timeStep,numberOfRobotsOnBlackSite,numberOfRobotsOnWhiteSite
33791,27,18
timeStep,numberOfRobotsOnBlackSite,numberOfRobotsOnWhiteSite
33792,27,18
timeStep,numberOfRobotsOnBlackSite,numberOfRobotsOnWhiteSite
33793,27,18
timeStep,numberOfRobotsOnBlackSite,numberOfRobotsOnWhiteSite
33794,27,18
timeStep,numberOfRobotsOnBlackSite,numberOfRobotsOnWhiteSite
33795,27,18
timeStep,numberOfRobotsOnBlackSite,numberOfRobotsOnWhiteSite
33796,27,18
timeStep,numberOfRobotsOnBlackSite,numberOfRobotsOnWhiteSite
33797,27,18
timeStep,numberOfRobotsOnBlackSite,numberOfRobotsOnWhiteSite
33798,27,18
timeStep,numberOfRobotsOnBlackSite,numberOfRobotsOnWhiteSite
33799,27,18
timeStep,numberOfRobotsOnBlackSite,numberOfRobotsOnWhiteSite
33800,27,18
timeStep,numberOfRobotsOnBlackSite,numberOfRobotsOnWhiteSite
33801,27,18
timeStep,numberOfRobotsOnBlackSite,numberOfRobotsOnWhiteSite
33802,27,18
timeStep,numberOfRobotsOnBlackSite,numberOfRobotsOnWhiteSite
33803,27,18
timeStep,numberOfRobotsOnBlackSite,numberOfRobotsOnWhiteSite
33804,27,18
timeStep,numberOfRobotsOnBlackSite,numberOfRobotsOnWhiteSite
33805,27,18
timeStep,numberOfRobotsOnBlackSite,numberOfRobotsOnWhiteSite
33806,27,18
timeStep,numberOfRobotsOnBlackSite,numberOfRobotsOnWhiteSite
33807,27,18
timeStep,numberOfRobotsOnBlackSite,numberOfRobotsOnWhiteSite
33808,27,18
timeStep,numberOfRobotsOnBlackSite,numberOfRobotsOnWhiteSite
33809,27,18
timeStep,numberOfRobotsOnBlackSite,numberOfRobotsOnWhiteSite
33810,27,18
timeStep,numberOfRobotsOnBlackSite,numberOfRobotsOnWhiteSite
33811,27,18
timeStep,numberOfRobotsOnBlackSite,numberOfRobotsOnWhiteSite
33812,27,18
timeStep,numberOfRobotsOnBlackSite,numberOfRobotsOnWhiteSite
33813,27,18
timeStep,numberOfRobotsOnBlackSite,numberOfRobotsOnWhiteSite
33814,27,18
timeStep,numberOfRobotsOnBlackSite,numberOfRobotsOnWhiteSite
33815,27,18
timeStep,numberOfRobotsOnBlackSite,numberOfRobotsOnWhiteSite
33816,27,18
timeStep,numberOfRobotsOnBlackSite,numberOfRobotsOnWhiteSite
33817,27,18
timeStep,numberOfRobotsOnBlackSite,numberOfRobotsOnWhiteSite
33818,27,18
timeStep,numberOfRobotsOnBlackSite,numberOfRobotsOnWhiteSite
33819,27,18
timeStep,numberOfRobotsOnBlackSite,numberOfRobotsOnWhiteSite
33820,27,18
timeStep,numberOfRobotsOnBlackSite,numberOfRobotsOnWhiteSite
33821,27,18
timeStep,numberOfRobotsOnBlackSite,numberOfRobotsOnWhiteSite
33822,27,18
timeStep,numberOfRobotsOnBlackSite,numberOfRobotsOnWhiteSite
33823,27,18
timeStep,numberOfRobotsOnBlackSite,numberOfRobotsOnWhiteSite
33824,27,18
timeStep,numberOfRobotsOnBlackSite,numberOfRobotsOnWhiteSite
33825,27,18
timeStep,numberOfRobotsOnBlackSite,numberOfRobotsOnWhiteSite
33826,27,18
timeStep,numberOfRobotsOnBlackSite,numberOfRobotsOnWhiteSite
33827,27,18
timeStep,numberOfRobotsOnBlackSite,numberOfRobotsOnWhiteSite
33828,27,18
timeStep,numberOfRobotsOnBlackSite,numberOfRobotsOnWhiteSite
33829,27,18
timeStep,numberOfRobotsOnBlackSite,numberOfRobotsOnWhiteSite
33830,27,18
timeStep,numberOfRobotsOnBlackSite,numberOfRobotsOnWhiteSite
33831,27,18
timeStep,numberOfRobotsOnBlackSite,numberOfRobotsOnWhiteSite
33832,27,18
timeStep,numberOfRobotsOnBlackSite,numberOfRobotsOnWhiteSite
33833,27,18
timeStep,numberOfRobotsOnBlackSite,numberOfRobotsOnWhiteSite
33834,27,18
timeStep,numberOfRobotsOnBlackSite,numberOfRobotsOnWhiteSite
33835,27,18
timeStep,numberOfRobotsOnBlackSite,numberOfRobotsOnWhiteSite
33836,27,18
timeStep,numberOfRobotsOnBlackSite,numberOfRobotsOnWhiteSite
33837,27,18
timeStep,numberOfRobotsOnBlackSite,numberOfRobotsOnWhiteSite
33838,27,18
timeStep,numberOfRobotsOnBlackSite,numberOfRobotsOnWhiteSite
33839,27,18
timeStep,numberOfRobotsOnBlackSite,numberOfRobotsOnWhiteSite
33840,27,18
timeStep,numberOfRobotsOnBlackSite,numberOfRobotsOnWhiteSite
33841,27,18
timeStep,numberOfRobotsOnBlackSite,numberOfRobotsOnWhiteSite
33842,27,18
timeStep,numberOfRobotsOnBlackSite,numberOfRobotsOnWhiteSite
33843,27,18
timeStep,numberOfRobotsOnBlackSite,numberOfRobotsOnWhiteSite
33844,27,18
timeStep,numberOfRobotsOnBlackSite,numberOfRobotsOnWhiteSite
33845,27,18
timeStep,numberOfRobotsOnBlackSite,numberOfRobotsOnWhiteSite
33846,27,18
timeStep,numberOfRobotsOnBlackSite,numberOfRobotsOnWhiteSite
33847,27,18
timeStep,numberOfRobotsOnBlackSite,numberOfRobotsOnWhiteSite
33848,27,18
timeStep,numberOfRobotsOnBlackSite,numberOfRobotsOnWhiteSite
33849,27,18
timeStep,numberOfRobotsOnBlackSite,numberOfRobotsOnWhiteSite
33850,27,18
timeStep,numberOfRobotsOnBlackSite,numberOfRobotsOnWhiteSite
33851,27,18
timeStep,numberOfRobotsOnBlackSite,numberOfRobotsOnWhiteSite
33852,27,18
timeStep,numberOfRobotsOnBlackSite,numberOfRobotsOnWhiteSite
33853,27,18
timeStep,numberOfRobotsOnBlackSite,numberOfRobotsOnWhiteSite
33854,27,18
timeStep,numberOfRobotsOnBlackSite,numberOfRobotsOnWhiteSite
33855,27,18
timeStep,numberOfRobotsOnBlackSite,numberOfRobotsOnWhiteSite
33856,27,18
timeStep,numberOfRobotsOnBlackSite,numberOfRobotsOnWhiteSite
33857,27,18
timeStep,numberOfRobotsOnBlackSite,numberOfRobotsOnWhiteSite
33858,27,18
timeStep,numberOfRobotsOnBlackSite,numberOfRobotsOnWhiteSite
33859,27,18
timeStep,numberOfRobotsOnBlackSite,numberOfRobotsOnWhiteSite
33860,27,18
timeStep,numberOfRobotsOnBlackSite,numberOfRobotsOnWhiteSite
33861,27,18
timeStep,numberOfRobotsOnBlackSite,numberOfRobotsOnWhiteSite
33862,27,18
timeStep,numberOfRobotsOnBlackSite,numberOfRobotsOnWhiteSite
33863,27,18
timeStep,numberOfRobotsOnBlackSite,numberOfRobotsOnWhiteSite
33864,27,18
timeStep,numberOfRobotsOnBlackSite,numberOfRobotsOnWhiteSite
33865,27,18
timeStep,numberOfRobotsOnBlackSite,numberOfRobotsOnWhiteSite
33866,27,18
timeStep,numberOfRobotsOnBlackSite,numberOfRobotsOnWhiteSite
33867,27,18
timeStep,numberOfRobotsOnBlackSite,numberOfRobotsOnWhiteSite
33868,27,18
timeStep,numberOfRobotsOnBlackSite,numberOfRobotsOnWhiteSite
33869,27,18
timeStep,numberOfRobotsOnBlackSite,numberOfRobotsOnWhiteSite
33870,27,18
timeStep,numberOfRobotsOnBlackSite,numberOfRobotsOnWhiteSite
33871,27,18
timeStep,numberOfRobotsOnBlackSite,numberOfRobotsOnWhiteSite
33872,27,18
timeStep,numberOfRobotsOnBlackSite,numberOfRobotsOnWhiteSite
33873,27,18
timeStep,numberOfRobotsOnBlackSite,numberOfRobotsOnWhiteSite
33874,27,18
timeStep,numberOfRobotsOnBlackSite,numberOfRobotsOnWhiteSite
33875,27,18
timeStep,numberOfRobotsOnBlackSite,numberOfRobotsOnWhiteSite
33876,27,18
timeStep,numberOfRobotsOnBlackSite,numberOfRobotsOnWhiteSite
33877,27,18
timeStep,numberOfRobotsOnBlackSite,numberOfRobotsOnWhiteSite
33878,27,18
timeStep,numberOfRobotsOnBlackSite,numberOfRobotsOnWhiteSite
33879,27,18
timeStep,numberOfRobotsOnBlackSite,numberOfRobotsOnWhiteSite
33880,27,18
timeStep,numberOfRobotsOnBlackSite,numberOfRobotsOnWhiteSite
33881,27,18
timeStep,numberOfRobotsOnBlackSite,numberOfRobotsOnWhiteSite
33882,27,18
timeStep,numberOfRobotsOnBlackSite,numberOfRobotsOnWhiteSite
33883,27,18
timeStep,numberOfRobotsOnBlackSite,numberOfRobotsOnWhiteSite
33884,27,18
timeStep,numberOfRobotsOnBlackSite,numberOfRobotsOnWhiteSite
33885,27,18
timeStep,numberOfRobotsOnBlackSite,numberOfRobotsOnWhiteSite
33886,27,18
timeStep,numberOfRobotsOnBlackSite,numberOfRobotsOnWhiteSite
33887,27,18
timeStep,numberOfRobotsOnBlackSite,numberOfRobotsOnWhiteSite
33888,27,18
timeStep,numberOfRobotsOnBlackSite,numberOfRobotsOnWhiteSite
33889,27,18
timeStep,numberOfRobotsOnBlackSite,numberOfRobotsOnWhiteSite
33890,27,18
timeStep,numberOfRobotsOnBlackSite,numberOfRobotsOnWhiteSite
33891,27,18
timeStep,numberOfRobotsOnBlackSite,numberOfRobotsOnWhiteSite
33892,27,18
timeStep,numberOfRobotsOnBlackSite,numberOfRobotsOnWhiteSite
33893,27,18
timeStep,numberOfRobotsOnBlackSite,numberOfRobotsOnWhiteSite
33894,27,18
timeStep,numberOfRobotsOnBlackSite,numberOfRobotsOnWhiteSite
33895,27,18
timeStep,numberOfRobotsOnBlackSite,numberOfRobotsOnWhiteSite
33896,27,18
timeStep,numberOfRobotsOnBlackSite,numberOfRobotsOnWhiteSite
33897,27,18
timeStep,numberOfRobotsOnBlackSite,numberOfRobotsOnWhiteSite
33898,27,18
timeStep,numberOfRobotsOnBlackSite,numberOfRobotsOnWhiteSite
33899,27,18
timeStep,numberOfRobotsOnBlackSite,numberOfRobotsOnWhiteSite
33900,27,18
timeStep,numberOfRobotsOnBlackSite,numberOfRobotsOnWhiteSite
33901,27,18
timeStep,numberOfRobotsOnBlackSite,numberOfRobotsOnWhiteSite
33902,27,18
timeStep,numberOfRobotsOnBlackSite,numberOfRobotsOnWhiteSite
33903,27,18
timeStep,numberOfRobotsOnBlackSite,numberOfRobotsOnWhiteSite
33904,27,18
timeStep,numberOfRobotsOnBlackSite,numberOfRobotsOnWhiteSite
33905,27,18
timeStep,numberOfRobotsOnBlackSite,numberOfRobotsOnWhiteSite
33906,27,18
timeStep,numberOfRobotsOnBlackSite,numberOfRobotsOnWhiteSite
33907,27,18
timeStep,numberOfRobotsOnBlackSite,numberOfRobotsOnWhiteSite
33908,27,18
timeStep,numberOfRobotsOnBlackSite,numberOfRobotsOnWhiteSite
33909,27,18
timeStep,numberOfRobotsOnBlackSite,numberOfRobotsOnWhiteSite
33910,27,18
timeStep,numberOfRobotsOnBlackSite,numberOfRobotsOnWhiteSite
33911,27,18
timeStep,numberOfRobotsOnBlackSite,numberOfRobotsOnWhiteSite
33912,27,18
timeStep,numberOfRobotsOnBlackSite,numberOfRobotsOnWhiteSite
33913,27,18
timeStep,numberOfRobotsOnBlackSite,numberOfRobotsOnWhiteSite
33914,27,18
timeStep,numberOfRobotsOnBlackSite,numberOfRobotsOnWhiteSite
33915,27,18
timeStep,numberOfRobotsOnBlackSite,numberOfRobotsOnWhiteSite
33916,27,18
timeStep,numberOfRobotsOnBlackSite,numberOfRobotsOnWhiteSite
33917,27,18
timeStep,numberOfRobotsOnBlackSite,numberOfRobotsOnWhiteSite
33918,27,18
timeStep,numberOfRobotsOnBlackSite,numberOfRobotsOnWhiteSite
33919,27,18
timeStep,numberOfRobotsOnBlackSite,numberOfRobotsOnWhiteSite
33920,27,18
timeStep,numberOfRobotsOnBlackSite,numberOfRobotsOnWhiteSite
33921,27,18
timeStep,numberOfRobotsOnBlackSite,numberOfRobotsOnWhiteSite
33922,27,18
timeStep,numberOfRobotsOnBlackSite,numberOfRobotsOnWhiteSite
33923,27,18
timeStep,numberOfRobotsOnBlackSite,numberOfRobotsOnWhiteSite
33924,27,18
timeStep,numberOfRobotsOnBlackSite,numberOfRobotsOnWhiteSite
33925,27,18
timeStep,numberOfRobotsOnBlackSite,numberOfRobotsOnWhiteSite
33926,27,18
timeStep,numberOfRobotsOnBlackSite,numberOfRobotsOnWhiteSite
33927,27,18
timeStep,numberOfRobotsOnBlackSite,numberOfRobotsOnWhiteSite
33928,27,18
timeStep,numberOfRobotsOnBlackSite,numberOfRobotsOnWhiteSite
33929,27,18
timeStep,numberOfRobotsOnBlackSite,numberOfRobotsOnWhiteSite
33930,27,18
timeStep,numberOfRobotsOnBlackSite,numberOfRobotsOnWhiteSite
33931,27,18
timeStep,numberOfRobotsOnBlackSite,numberOfRobotsOnWhiteSite
33932,27,18
timeStep,numberOfRobotsOnBlackSite,numberOfRobotsOnWhiteSite
33933,27,18
timeStep,numberOfRobotsOnBlackSite,numberOfRobotsOnWhiteSite
33934,27,18
timeStep,numberOfRobotsOnBlackSite,numberOfRobotsOnWhiteSite
33935,27,18
timeStep,numberOfRobotsOnBlackSite,numberOfRobotsOnWhiteSite
33936,27,18
timeStep,numberOfRobotsOnBlackSite,numberOfRobotsOnWhiteSite
33937,27,18
timeStep,numberOfRobotsOnBlackSite,numberOfRobotsOnWhiteSite
33938,27,18
timeStep,numberOfRobotsOnBlackSite,numberOfRobotsOnWhiteSite
33939,27,18
timeStep,numberOfRobotsOnBlackSite,numberOfRobotsOnWhiteSite
33940,27,18
timeStep,numberOfRobotsOnBlackSite,numberOfRobotsOnWhiteSite
33941,27,18
timeStep,numberOfRobotsOnBlackSite,numberOfRobotsOnWhiteSite
33942,27,18
timeStep,numberOfRobotsOnBlackSite,numberOfRobotsOnWhiteSite
33943,27,18
timeStep,numberOfRobotsOnBlackSite,numberOfRobotsOnWhiteSite
33944,27,18
timeStep,numberOfRobotsOnBlackSite,numberOfRobotsOnWhiteSite
33945,27,18
timeStep,numberOfRobotsOnBlackSite,numberOfRobotsOnWhiteSite
33946,27,18
timeStep,numberOfRobotsOnBlackSite,numberOfRobotsOnWhiteSite
33947,27,18
timeStep,numberOfRobotsOnBlackSite,numberOfRobotsOnWhiteSite
33948,27,18
timeStep,numberOfRobotsOnBlackSite,numberOfRobotsOnWhiteSite
33949,27,18
timeStep,numberOfRobotsOnBlackSite,numberOfRobotsOnWhiteSite
33950,27,18
timeStep,numberOfRobotsOnBlackSite,numberOfRobotsOnWhiteSite
33951,27,18
timeStep,numberOfRobotsOnBlackSite,numberOfRobotsOnWhiteSite
33952,27,18
timeStep,numberOfRobotsOnBlackSite,numberOfRobotsOnWhiteSite
33953,27,18
timeStep,numberOfRobotsOnBlackSite,numberOfRobotsOnWhiteSite
33954,27,18
timeStep,numberOfRobotsOnBlackSite,numberOfRobotsOnWhiteSite
33955,27,18
timeStep,numberOfRobotsOnBlackSite,numberOfRobotsOnWhiteSite
33956,27,18
timeStep,numberOfRobotsOnBlackSite,numberOfRobotsOnWhiteSite
33957,27,18
timeStep,numberOfRobotsOnBlackSite,numberOfRobotsOnWhiteSite
33958,27,18
timeStep,numberOfRobotsOnBlackSite,numberOfRobotsOnWhiteSite
33959,27,18
timeStep,numberOfRobotsOnBlackSite,numberOfRobotsOnWhiteSite
33960,27,18
timeStep,numberOfRobotsOnBlackSite,numberOfRobotsOnWhiteSite
33961,27,18
timeStep,numberOfRobotsOnBlackSite,numberOfRobotsOnWhiteSite
33962,27,18
timeStep,numberOfRobotsOnBlackSite,numberOfRobotsOnWhiteSite
33963,27,18
timeStep,numberOfRobotsOnBlackSite,numberOfRobotsOnWhiteSite
33964,27,18
timeStep,numberOfRobotsOnBlackSite,numberOfRobotsOnWhiteSite
33965,27,18
timeStep,numberOfRobotsOnBlackSite,numberOfRobotsOnWhiteSite
33966,27,18
timeStep,numberOfRobotsOnBlackSite,numberOfRobotsOnWhiteSite
33967,27,18
timeStep,numberOfRobotsOnBlackSite,numberOfRobotsOnWhiteSite
33968,27,18
timeStep,numberOfRobotsOnBlackSite,numberOfRobotsOnWhiteSite
33969,27,18
timeStep,numberOfRobotsOnBlackSite,numberOfRobotsOnWhiteSite
33970,27,18
timeStep,numberOfRobotsOnBlackSite,numberOfRobotsOnWhiteSite
33971,27,18
timeStep,numberOfRobotsOnBlackSite,numberOfRobotsOnWhiteSite
33972,27,18
timeStep,numberOfRobotsOnBlackSite,numberOfRobotsOnWhiteSite
33973,27,18
timeStep,numberOfRobotsOnBlackSite,numberOfRobotsOnWhiteSite
33974,27,18
timeStep,numberOfRobotsOnBlackSite,numberOfRobotsOnWhiteSite
33975,27,18
timeStep,numberOfRobotsOnBlackSite,numberOfRobotsOnWhiteSite
33976,27,18
timeStep,numberOfRobotsOnBlackSite,numberOfRobotsOnWhiteSite
33977,27,18
timeStep,numberOfRobotsOnBlackSite,numberOfRobotsOnWhiteSite
33978,27,18
timeStep,numberOfRobotsOnBlackSite,numberOfRobotsOnWhiteSite
33979,27,18
timeStep,numberOfRobotsOnBlackSite,numberOfRobotsOnWhiteSite
33980,27,18
timeStep,numberOfRobotsOnBlackSite,numberOfRobotsOnWhiteSite
33981,27,18
timeStep,numberOfRobotsOnBlackSite,numberOfRobotsOnWhiteSite
33982,27,18
timeStep,numberOfRobotsOnBlackSite,numberOfRobotsOnWhiteSite
33983,27,18
timeStep,numberOfRobotsOnBlackSite,numberOfRobotsOnWhiteSite
33984,27,18
timeStep,numberOfRobotsOnBlackSite,numberOfRobotsOnWhiteSite
33985,27,18
timeStep,numberOfRobotsOnBlackSite,numberOfRobotsOnWhiteSite
33986,27,18
timeStep,numberOfRobotsOnBlackSite,numberOfRobotsOnWhiteSite
33987,27,18
timeStep,numberOfRobotsOnBlackSite,numberOfRobotsOnWhiteSite
33988,27,18
timeStep,numberOfRobotsOnBlackSite,numberOfRobotsOnWhiteSite
33989,27,18
timeStep,numberOfRobotsOnBlackSite,numberOfRobotsOnWhiteSite
33990,27,18
timeStep,numberOfRobotsOnBlackSite,numberOfRobotsOnWhiteSite
33991,27,18
timeStep,numberOfRobotsOnBlackSite,numberOfRobotsOnWhiteSite
33992,27,18
timeStep,numberOfRobotsOnBlackSite,numberOfRobotsOnWhiteSite
33993,27,18
timeStep,numberOfRobotsOnBlackSite,numberOfRobotsOnWhiteSite
33994,27,18
timeStep,numberOfRobotsOnBlackSite,numberOfRobotsOnWhiteSite
33995,27,18
timeStep,numberOfRobotsOnBlackSite,numberOfRobotsOnWhiteSite
33996,27,18
timeStep,numberOfRobotsOnBlackSite,numberOfRobotsOnWhiteSite
33997,27,18
timeStep,numberOfRobotsOnBlackSite,numberOfRobotsOnWhiteSite
33998,27,18
timeStep,numberOfRobotsOnBlackSite,numberOfRobotsOnWhiteSite
33999,27,18
timeStep,numberOfRobotsOnBlackSite,numberOfRobotsOnWhiteSite
34000,27,18
timeStep,numberOfRobotsOnBlackSite,numberOfRobotsOnWhiteSite
34001,27,18
timeStep,numberOfRobotsOnBlackSite,numberOfRobotsOnWhiteSite
34002,27,18
timeStep,numberOfRobotsOnBlackSite,numberOfRobotsOnWhiteSite
34003,27,18
timeStep,numberOfRobotsOnBlackSite,numberOfRobotsOnWhiteSite
34004,27,18
timeStep,numberOfRobotsOnBlackSite,numberOfRobotsOnWhiteSite
34005,27,18
timeStep,numberOfRobotsOnBlackSite,numberOfRobotsOnWhiteSite
34006,27,18
timeStep,numberOfRobotsOnBlackSite,numberOfRobotsOnWhiteSite
34007,27,18
timeStep,numberOfRobotsOnBlackSite,numberOfRobotsOnWhiteSite
34008,27,18
timeStep,numberOfRobotsOnBlackSite,numberOfRobotsOnWhiteSite
34009,27,18
timeStep,numberOfRobotsOnBlackSite,numberOfRobotsOnWhiteSite
34010,27,18
timeStep,numberOfRobotsOnBlackSite,numberOfRobotsOnWhiteSite
34011,27,18
timeStep,numberOfRobotsOnBlackSite,numberOfRobotsOnWhiteSite
34012,27,18
timeStep,numberOfRobotsOnBlackSite,numberOfRobotsOnWhiteSite
34013,27,18
timeStep,numberOfRobotsOnBlackSite,numberOfRobotsOnWhiteSite
34014,27,18
timeStep,numberOfRobotsOnBlackSite,numberOfRobotsOnWhiteSite
34015,27,18
timeStep,numberOfRobotsOnBlackSite,numberOfRobotsOnWhiteSite
34016,27,18
timeStep,numberOfRobotsOnBlackSite,numberOfRobotsOnWhiteSite
34017,27,18
timeStep,numberOfRobotsOnBlackSite,numberOfRobotsOnWhiteSite
34018,27,18
timeStep,numberOfRobotsOnBlackSite,numberOfRobotsOnWhiteSite
34019,27,18
timeStep,numberOfRobotsOnBlackSite,numberOfRobotsOnWhiteSite
34020,27,18
timeStep,numberOfRobotsOnBlackSite,numberOfRobotsOnWhiteSite
34021,27,18
timeStep,numberOfRobotsOnBlackSite,numberOfRobotsOnWhiteSite
34022,27,18
timeStep,numberOfRobotsOnBlackSite,numberOfRobotsOnWhiteSite
34023,27,18
timeStep,numberOfRobotsOnBlackSite,numberOfRobotsOnWhiteSite
34024,27,18
timeStep,numberOfRobotsOnBlackSite,numberOfRobotsOnWhiteSite
34025,27,18
timeStep,numberOfRobotsOnBlackSite,numberOfRobotsOnWhiteSite
34026,27,18
timeStep,numberOfRobotsOnBlackSite,numberOfRobotsOnWhiteSite
34027,27,18
timeStep,numberOfRobotsOnBlackSite,numberOfRobotsOnWhiteSite
34028,27,18
timeStep,numberOfRobotsOnBlackSite,numberOfRobotsOnWhiteSite
34029,27,18
timeStep,numberOfRobotsOnBlackSite,numberOfRobotsOnWhiteSite
34030,27,18
timeStep,numberOfRobotsOnBlackSite,numberOfRobotsOnWhiteSite
34031,27,18
timeStep,numberOfRobotsOnBlackSite,numberOfRobotsOnWhiteSite
34032,27,18
timeStep,numberOfRobotsOnBlackSite,numberOfRobotsOnWhiteSite
34033,27,18
timeStep,numberOfRobotsOnBlackSite,numberOfRobotsOnWhiteSite
34034,27,18
timeStep,numberOfRobotsOnBlackSite,numberOfRobotsOnWhiteSite
34035,27,18
timeStep,numberOfRobotsOnBlackSite,numberOfRobotsOnWhiteSite
34036,27,18
timeStep,numberOfRobotsOnBlackSite,numberOfRobotsOnWhiteSite
34037,27,18
timeStep,numberOfRobotsOnBlackSite,numberOfRobotsOnWhiteSite
34038,27,18
timeStep,numberOfRobotsOnBlackSite,numberOfRobotsOnWhiteSite
34039,27,18
timeStep,numberOfRobotsOnBlackSite,numberOfRobotsOnWhiteSite
34040,27,18
timeStep,numberOfRobotsOnBlackSite,numberOfRobotsOnWhiteSite
34041,27,18
timeStep,numberOfRobotsOnBlackSite,numberOfRobotsOnWhiteSite
34042,27,18
timeStep,numberOfRobotsOnBlackSite,numberOfRobotsOnWhiteSite
34043,27,18
timeStep,numberOfRobotsOnBlackSite,numberOfRobotsOnWhiteSite
34044,27,18
timeStep,numberOfRobotsOnBlackSite,numberOfRobotsOnWhiteSite
34045,27,18
timeStep,numberOfRobotsOnBlackSite,numberOfRobotsOnWhiteSite
34046,27,18
timeStep,numberOfRobotsOnBlackSite,numberOfRobotsOnWhiteSite
34047,27,18
timeStep,numberOfRobotsOnBlackSite,numberOfRobotsOnWhiteSite
34048,27,18
timeStep,numberOfRobotsOnBlackSite,numberOfRobotsOnWhiteSite
34049,27,18
timeStep,numberOfRobotsOnBlackSite,numberOfRobotsOnWhiteSite
34050,27,18
timeStep,numberOfRobotsOnBlackSite,numberOfRobotsOnWhiteSite
34051,27,18
timeStep,numberOfRobotsOnBlackSite,numberOfRobotsOnWhiteSite
34052,27,18
timeStep,numberOfRobotsOnBlackSite,numberOfRobotsOnWhiteSite
34053,27,18
timeStep,numberOfRobotsOnBlackSite,numberOfRobotsOnWhiteSite
34054,27,18
timeStep,numberOfRobotsOnBlackSite,numberOfRobotsOnWhiteSite
34055,27,18
timeStep,numberOfRobotsOnBlackSite,numberOfRobotsOnWhiteSite
34056,27,18
timeStep,numberOfRobotsOnBlackSite,numberOfRobotsOnWhiteSite
34057,27,18
timeStep,numberOfRobotsOnBlackSite,numberOfRobotsOnWhiteSite
34058,27,18
timeStep,numberOfRobotsOnBlackSite,numberOfRobotsOnWhiteSite
34059,27,18
timeStep,numberOfRobotsOnBlackSite,numberOfRobotsOnWhiteSite
34060,27,18
timeStep,numberOfRobotsOnBlackSite,numberOfRobotsOnWhiteSite
34061,27,18
timeStep,numberOfRobotsOnBlackSite,numberOfRobotsOnWhiteSite
34062,27,18
timeStep,numberOfRobotsOnBlackSite,numberOfRobotsOnWhiteSite
34063,27,18
timeStep,numberOfRobotsOnBlackSite,numberOfRobotsOnWhiteSite
34064,27,18
timeStep,numberOfRobotsOnBlackSite,numberOfRobotsOnWhiteSite
34065,27,18
timeStep,numberOfRobotsOnBlackSite,numberOfRobotsOnWhiteSite
34066,27,18
timeStep,numberOfRobotsOnBlackSite,numberOfRobotsOnWhiteSite
34067,27,18
timeStep,numberOfRobotsOnBlackSite,numberOfRobotsOnWhiteSite
34068,27,18
timeStep,numberOfRobotsOnBlackSite,numberOfRobotsOnWhiteSite
34069,27,18
timeStep,numberOfRobotsOnBlackSite,numberOfRobotsOnWhiteSite
34070,27,18
timeStep,numberOfRobotsOnBlackSite,numberOfRobotsOnWhiteSite
34071,27,18
timeStep,numberOfRobotsOnBlackSite,numberOfRobotsOnWhiteSite
34072,27,18
timeStep,numberOfRobotsOnBlackSite,numberOfRobotsOnWhiteSite
34073,27,18
timeStep,numberOfRobotsOnBlackSite,numberOfRobotsOnWhiteSite
34074,27,18
timeStep,numberOfRobotsOnBlackSite,numberOfRobotsOnWhiteSite
34075,27,18
timeStep,numberOfRobotsOnBlackSite,numberOfRobotsOnWhiteSite
34076,27,18
timeStep,numberOfRobotsOnBlackSite,numberOfRobotsOnWhiteSite
34077,27,18
timeStep,numberOfRobotsOnBlackSite,numberOfRobotsOnWhiteSite
34078,27,18
timeStep,numberOfRobotsOnBlackSite,numberOfRobotsOnWhiteSite
34079,27,18
timeStep,numberOfRobotsOnBlackSite,numberOfRobotsOnWhiteSite
34080,27,18
timeStep,numberOfRobotsOnBlackSite,numberOfRobotsOnWhiteSite
34081,27,18
timeStep,numberOfRobotsOnBlackSite,numberOfRobotsOnWhiteSite
34082,27,18
timeStep,numberOfRobotsOnBlackSite,numberOfRobotsOnWhiteSite
34083,27,18
timeStep,numberOfRobotsOnBlackSite,numberOfRobotsOnWhiteSite
34084,27,18
timeStep,numberOfRobotsOnBlackSite,numberOfRobotsOnWhiteSite
34085,28,18
timeStep,numberOfRobotsOnBlackSite,numberOfRobotsOnWhiteSite
34086,28,18
timeStep,numberOfRobotsOnBlackSite,numberOfRobotsOnWhiteSite
34087,28,18
timeStep,numberOfRobotsOnBlackSite,numberOfRobotsOnWhiteSite
34088,28,18
timeStep,numberOfRobotsOnBlackSite,numberOfRobotsOnWhiteSite
34089,28,18
timeStep,numberOfRobotsOnBlackSite,numberOfRobotsOnWhiteSite
34090,28,18
timeStep,numberOfRobotsOnBlackSite,numberOfRobotsOnWhiteSite
34091,28,18
timeStep,numberOfRobotsOnBlackSite,numberOfRobotsOnWhiteSite
34092,28,18
timeStep,numberOfRobotsOnBlackSite,numberOfRobotsOnWhiteSite
34093,28,18
timeStep,numberOfRobotsOnBlackSite,numberOfRobotsOnWhiteSite
34094,28,18
timeStep,numberOfRobotsOnBlackSite,numberOfRobotsOnWhiteSite
34095,28,18
timeStep,numberOfRobotsOnBlackSite,numberOfRobotsOnWhiteSite
34096,28,18
timeStep,numberOfRobotsOnBlackSite,numberOfRobotsOnWhiteSite
34097,28,18
timeStep,numberOfRobotsOnBlackSite,numberOfRobotsOnWhiteSite
34098,28,18
timeStep,numberOfRobotsOnBlackSite,numberOfRobotsOnWhiteSite
34099,28,18
timeStep,numberOfRobotsOnBlackSite,numberOfRobotsOnWhiteSite
34100,28,17
timeStep,numberOfRobotsOnBlackSite,numberOfRobotsOnWhiteSite
34101,28,17
timeStep,numberOfRobotsOnBlackSite,numberOfRobotsOnWhiteSite
34102,28,17
timeStep,numberOfRobotsOnBlackSite,numberOfRobotsOnWhiteSite
34103,28,17
timeStep,numberOfRobotsOnBlackSite,numberOfRobotsOnWhiteSite
34104,28,17
timeStep,numberOfRobotsOnBlackSite,numberOfRobotsOnWhiteSite
34105,28,16
timeStep,numberOfRobotsOnBlackSite,numberOfRobotsOnWhiteSite
34106,28,16
timeStep,numberOfRobotsOnBlackSite,numberOfRobotsOnWhiteSite
34107,28,16
timeStep,numberOfRobotsOnBlackSite,numberOfRobotsOnWhiteSite
34108,28,16
timeStep,numberOfRobotsOnBlackSite,numberOfRobotsOnWhiteSite
34109,28,16
timeStep,numberOfRobotsOnBlackSite,numberOfRobotsOnWhiteSite
34110,28,16
timeStep,numberOfRobotsOnBlackSite,numberOfRobotsOnWhiteSite
34111,28,16
timeStep,numberOfRobotsOnBlackSite,numberOfRobotsOnWhiteSite
34112,28,16
timeStep,numberOfRobotsOnBlackSite,numberOfRobotsOnWhiteSite
34113,28,16
timeStep,numberOfRobotsOnBlackSite,numberOfRobotsOnWhiteSite
34114,28,16
timeStep,numberOfRobotsOnBlackSite,numberOfRobotsOnWhiteSite
34115,28,16
timeStep,numberOfRobotsOnBlackSite,numberOfRobotsOnWhiteSite
34116,28,16
timeStep,numberOfRobotsOnBlackSite,numberOfRobotsOnWhiteSite
34117,28,16
timeStep,numberOfRobotsOnBlackSite,numberOfRobotsOnWhiteSite
34118,28,16
timeStep,numberOfRobotsOnBlackSite,numberOfRobotsOnWhiteSite
34119,28,16
timeStep,numberOfRobotsOnBlackSite,numberOfRobotsOnWhiteSite
34120,28,16
timeStep,numberOfRobotsOnBlackSite,numberOfRobotsOnWhiteSite
34121,28,16
timeStep,numberOfRobotsOnBlackSite,numberOfRobotsOnWhiteSite
34122,28,16
timeStep,numberOfRobotsOnBlackSite,numberOfRobotsOnWhiteSite
34123,28,16
timeStep,numberOfRobotsOnBlackSite,numberOfRobotsOnWhiteSite
34124,28,16
timeStep,numberOfRobotsOnBlackSite,numberOfRobotsOnWhiteSite
34125,28,16
timeStep,numberOfRobotsOnBlackSite,numberOfRobotsOnWhiteSite
34126,28,16
timeStep,numberOfRobotsOnBlackSite,numberOfRobotsOnWhiteSite
34127,28,16
timeStep,numberOfRobotsOnBlackSite,numberOfRobotsOnWhiteSite
34128,28,16
timeStep,numberOfRobotsOnBlackSite,numberOfRobotsOnWhiteSite
34129,28,16
timeStep,numberOfRobotsOnBlackSite,numberOfRobotsOnWhiteSite
34130,27,16
timeStep,numberOfRobotsOnBlackSite,numberOfRobotsOnWhiteSite
34131,27,16
timeStep,numberOfRobotsOnBlackSite,numberOfRobotsOnWhiteSite
34132,27,16
timeStep,numberOfRobotsOnBlackSite,numberOfRobotsOnWhiteSite
34133,27,16
timeStep,numberOfRobotsOnBlackSite,numberOfRobotsOnWhiteSite
34134,27,16
timeStep,numberOfRobotsOnBlackSite,numberOfRobotsOnWhiteSite
34135,27,16
timeStep,numberOfRobotsOnBlackSite,numberOfRobotsOnWhiteSite
34136,27,16
timeStep,numberOfRobotsOnBlackSite,numberOfRobotsOnWhiteSite
34137,27,16
timeStep,numberOfRobotsOnBlackSite,numberOfRobotsOnWhiteSite
34138,27,16
timeStep,numberOfRobotsOnBlackSite,numberOfRobotsOnWhiteSite
34139,27,16
timeStep,numberOfRobotsOnBlackSite,numberOfRobotsOnWhiteSite
34140,27,16
timeStep,numberOfRobotsOnBlackSite,numberOfRobotsOnWhiteSite
34141,27,16
timeStep,numberOfRobotsOnBlackSite,numberOfRobotsOnWhiteSite
34142,27,16
timeStep,numberOfRobotsOnBlackSite,numberOfRobotsOnWhiteSite
34143,27,16
timeStep,numberOfRobotsOnBlackSite,numberOfRobotsOnWhiteSite
34144,27,16
timeStep,numberOfRobotsOnBlackSite,numberOfRobotsOnWhiteSite
34145,27,16
timeStep,numberOfRobotsOnBlackSite,numberOfRobotsOnWhiteSite
34146,27,16
timeStep,numberOfRobotsOnBlackSite,numberOfRobotsOnWhiteSite
34147,27,16
timeStep,numberOfRobotsOnBlackSite,numberOfRobotsOnWhiteSite
34148,27,16
timeStep,numberOfRobotsOnBlackSite,numberOfRobotsOnWhiteSite
34149,27,16
timeStep,numberOfRobotsOnBlackSite,numberOfRobotsOnWhiteSite
34150,27,16
timeStep,numberOfRobotsOnBlackSite,numberOfRobotsOnWhiteSite
34151,27,16
timeStep,numberOfRobotsOnBlackSite,numberOfRobotsOnWhiteSite
34152,27,16
timeStep,numberOfRobotsOnBlackSite,numberOfRobotsOnWhiteSite
34153,27,16
timeStep,numberOfRobotsOnBlackSite,numberOfRobotsOnWhiteSite
34154,27,16
timeStep,numberOfRobotsOnBlackSite,numberOfRobotsOnWhiteSite
34155,27,16
timeStep,numberOfRobotsOnBlackSite,numberOfRobotsOnWhiteSite
34156,27,16
timeStep,numberOfRobotsOnBlackSite,numberOfRobotsOnWhiteSite
34157,27,16
timeStep,numberOfRobotsOnBlackSite,numberOfRobotsOnWhiteSite
34158,27,16
timeStep,numberOfRobotsOnBlackSite,numberOfRobotsOnWhiteSite
34159,27,16
timeStep,numberOfRobotsOnBlackSite,numberOfRobotsOnWhiteSite
34160,27,16
timeStep,numberOfRobotsOnBlackSite,numberOfRobotsOnWhiteSite
34161,27,16
timeStep,numberOfRobotsOnBlackSite,numberOfRobotsOnWhiteSite
34162,27,16
timeStep,numberOfRobotsOnBlackSite,numberOfRobotsOnWhiteSite
34163,27,16
timeStep,numberOfRobotsOnBlackSite,numberOfRobotsOnWhiteSite
34164,27,16
timeStep,numberOfRobotsOnBlackSite,numberOfRobotsOnWhiteSite
34165,27,16
timeStep,numberOfRobotsOnBlackSite,numberOfRobotsOnWhiteSite
34166,27,16
timeStep,numberOfRobotsOnBlackSite,numberOfRobotsOnWhiteSite
34167,27,16
timeStep,numberOfRobotsOnBlackSite,numberOfRobotsOnWhiteSite
34168,27,16
timeStep,numberOfRobotsOnBlackSite,numberOfRobotsOnWhiteSite
34169,27,16
timeStep,numberOfRobotsOnBlackSite,numberOfRobotsOnWhiteSite
34170,27,16
timeStep,numberOfRobotsOnBlackSite,numberOfRobotsOnWhiteSite
34171,27,16
timeStep,numberOfRobotsOnBlackSite,numberOfRobotsOnWhiteSite
34172,27,16
timeStep,numberOfRobotsOnBlackSite,numberOfRobotsOnWhiteSite
34173,27,16
timeStep,numberOfRobotsOnBlackSite,numberOfRobotsOnWhiteSite
34174,27,16
timeStep,numberOfRobotsOnBlackSite,numberOfRobotsOnWhiteSite
34175,27,16
timeStep,numberOfRobotsOnBlackSite,numberOfRobotsOnWhiteSite
34176,27,16
timeStep,numberOfRobotsOnBlackSite,numberOfRobotsOnWhiteSite
34177,27,16
timeStep,numberOfRobotsOnBlackSite,numberOfRobotsOnWhiteSite
34178,27,16
timeStep,numberOfRobotsOnBlackSite,numberOfRobotsOnWhiteSite
34179,27,16
timeStep,numberOfRobotsOnBlackSite,numberOfRobotsOnWhiteSite
34180,27,16
timeStep,numberOfRobotsOnBlackSite,numberOfRobotsOnWhiteSite
34181,27,16
timeStep,numberOfRobotsOnBlackSite,numberOfRobotsOnWhiteSite
34182,27,16
timeStep,numberOfRobotsOnBlackSite,numberOfRobotsOnWhiteSite
34183,27,16
timeStep,numberOfRobotsOnBlackSite,numberOfRobotsOnWhiteSite
34184,27,16
timeStep,numberOfRobotsOnBlackSite,numberOfRobotsOnWhiteSite
34185,27,16
timeStep,numberOfRobotsOnBlackSite,numberOfRobotsOnWhiteSite
34186,27,16
timeStep,numberOfRobotsOnBlackSite,numberOfRobotsOnWhiteSite
34187,27,16
timeStep,numberOfRobotsOnBlackSite,numberOfRobotsOnWhiteSite
34188,27,16
timeStep,numberOfRobotsOnBlackSite,numberOfRobotsOnWhiteSite
34189,27,16
timeStep,numberOfRobotsOnBlackSite,numberOfRobotsOnWhiteSite
34190,27,16
timeStep,numberOfRobotsOnBlackSite,numberOfRobotsOnWhiteSite
34191,27,16
timeStep,numberOfRobotsOnBlackSite,numberOfRobotsOnWhiteSite
34192,27,16
timeStep,numberOfRobotsOnBlackSite,numberOfRobotsOnWhiteSite
34193,27,16
timeStep,numberOfRobotsOnBlackSite,numberOfRobotsOnWhiteSite
34194,27,16
timeStep,numberOfRobotsOnBlackSite,numberOfRobotsOnWhiteSite
34195,27,16
timeStep,numberOfRobotsOnBlackSite,numberOfRobotsOnWhiteSite
34196,27,16
timeStep,numberOfRobotsOnBlackSite,numberOfRobotsOnWhiteSite
34197,27,16
timeStep,numberOfRobotsOnBlackSite,numberOfRobotsOnWhiteSite
34198,27,16
timeStep,numberOfRobotsOnBlackSite,numberOfRobotsOnWhiteSite
34199,27,16
timeStep,numberOfRobotsOnBlackSite,numberOfRobotsOnWhiteSite
34200,27,16
timeStep,numberOfRobotsOnBlackSite,numberOfRobotsOnWhiteSite
34201,27,16
timeStep,numberOfRobotsOnBlackSite,numberOfRobotsOnWhiteSite
34202,27,16
timeStep,numberOfRobotsOnBlackSite,numberOfRobotsOnWhiteSite
34203,27,16
timeStep,numberOfRobotsOnBlackSite,numberOfRobotsOnWhiteSite
34204,27,16
timeStep,numberOfRobotsOnBlackSite,numberOfRobotsOnWhiteSite
34205,27,16
timeStep,numberOfRobotsOnBlackSite,numberOfRobotsOnWhiteSite
34206,27,16
timeStep,numberOfRobotsOnBlackSite,numberOfRobotsOnWhiteSite
34207,27,16
timeStep,numberOfRobotsOnBlackSite,numberOfRobotsOnWhiteSite
34208,27,16
timeStep,numberOfRobotsOnBlackSite,numberOfRobotsOnWhiteSite
34209,27,16
timeStep,numberOfRobotsOnBlackSite,numberOfRobotsOnWhiteSite
34210,27,16
timeStep,numberOfRobotsOnBlackSite,numberOfRobotsOnWhiteSite
34211,27,16
timeStep,numberOfRobotsOnBlackSite,numberOfRobotsOnWhiteSite
34212,27,16
timeStep,numberOfRobotsOnBlackSite,numberOfRobotsOnWhiteSite
34213,27,16
timeStep,numberOfRobotsOnBlackSite,numberOfRobotsOnWhiteSite
34214,27,16
timeStep,numberOfRobotsOnBlackSite,numberOfRobotsOnWhiteSite
34215,27,16
timeStep,numberOfRobotsOnBlackSite,numberOfRobotsOnWhiteSite
34216,27,16
timeStep,numberOfRobotsOnBlackSite,numberOfRobotsOnWhiteSite
34217,27,16
timeStep,numberOfRobotsOnBlackSite,numberOfRobotsOnWhiteSite
34218,27,16
timeStep,numberOfRobotsOnBlackSite,numberOfRobotsOnWhiteSite
34219,27,16
timeStep,numberOfRobotsOnBlackSite,numberOfRobotsOnWhiteSite
34220,27,16
timeStep,numberOfRobotsOnBlackSite,numberOfRobotsOnWhiteSite
34221,27,16
timeStep,numberOfRobotsOnBlackSite,numberOfRobotsOnWhiteSite
34222,27,16
timeStep,numberOfRobotsOnBlackSite,numberOfRobotsOnWhiteSite
34223,27,16
timeStep,numberOfRobotsOnBlackSite,numberOfRobotsOnWhiteSite
34224,27,16
timeStep,numberOfRobotsOnBlackSite,numberOfRobotsOnWhiteSite
34225,27,16
timeStep,numberOfRobotsOnBlackSite,numberOfRobotsOnWhiteSite
34226,27,16
timeStep,numberOfRobotsOnBlackSite,numberOfRobotsOnWhiteSite
34227,27,16
timeStep,numberOfRobotsOnBlackSite,numberOfRobotsOnWhiteSite
34228,27,16
timeStep,numberOfRobotsOnBlackSite,numberOfRobotsOnWhiteSite
34229,27,16
timeStep,numberOfRobotsOnBlackSite,numberOfRobotsOnWhiteSite
34230,27,16
timeStep,numberOfRobotsOnBlackSite,numberOfRobotsOnWhiteSite
34231,27,16
timeStep,numberOfRobotsOnBlackSite,numberOfRobotsOnWhiteSite
34232,27,16
timeStep,numberOfRobotsOnBlackSite,numberOfRobotsOnWhiteSite
34233,27,16
timeStep,numberOfRobotsOnBlackSite,numberOfRobotsOnWhiteSite
34234,27,16
timeStep,numberOfRobotsOnBlackSite,numberOfRobotsOnWhiteSite
34235,27,16
timeStep,numberOfRobotsOnBlackSite,numberOfRobotsOnWhiteSite
34236,27,16
timeStep,numberOfRobotsOnBlackSite,numberOfRobotsOnWhiteSite
34237,27,16
timeStep,numberOfRobotsOnBlackSite,numberOfRobotsOnWhiteSite
34238,27,16
timeStep,numberOfRobotsOnBlackSite,numberOfRobotsOnWhiteSite
34239,27,16
timeStep,numberOfRobotsOnBlackSite,numberOfRobotsOnWhiteSite
34240,27,16
timeStep,numberOfRobotsOnBlackSite,numberOfRobotsOnWhiteSite
34241,27,16
timeStep,numberOfRobotsOnBlackSite,numberOfRobotsOnWhiteSite
34242,27,16
timeStep,numberOfRobotsOnBlackSite,numberOfRobotsOnWhiteSite
34243,27,16
timeStep,numberOfRobotsOnBlackSite,numberOfRobotsOnWhiteSite
34244,27,16
timeStep,numberOfRobotsOnBlackSite,numberOfRobotsOnWhiteSite
34245,27,16
timeStep,numberOfRobotsOnBlackSite,numberOfRobotsOnWhiteSite
34246,27,16
timeStep,numberOfRobotsOnBlackSite,numberOfRobotsOnWhiteSite
34247,27,16
timeStep,numberOfRobotsOnBlackSite,numberOfRobotsOnWhiteSite
34248,27,16
timeStep,numberOfRobotsOnBlackSite,numberOfRobotsOnWhiteSite
34249,27,16
timeStep,numberOfRobotsOnBlackSite,numberOfRobotsOnWhiteSite
34250,27,17
timeStep,numberOfRobotsOnBlackSite,numberOfRobotsOnWhiteSite
34251,27,17
timeStep,numberOfRobotsOnBlackSite,numberOfRobotsOnWhiteSite
34252,27,17
timeStep,numberOfRobotsOnBlackSite,numberOfRobotsOnWhiteSite
34253,27,17
timeStep,numberOfRobotsOnBlackSite,numberOfRobotsOnWhiteSite
34254,27,17
timeStep,numberOfRobotsOnBlackSite,numberOfRobotsOnWhiteSite
34255,27,17
timeStep,numberOfRobotsOnBlackSite,numberOfRobotsOnWhiteSite
34256,27,17
timeStep,numberOfRobotsOnBlackSite,numberOfRobotsOnWhiteSite
34257,27,17
timeStep,numberOfRobotsOnBlackSite,numberOfRobotsOnWhiteSite
34258,27,17
timeStep,numberOfRobotsOnBlackSite,numberOfRobotsOnWhiteSite
34259,27,17
timeStep,numberOfRobotsOnBlackSite,numberOfRobotsOnWhiteSite
34260,27,17
timeStep,numberOfRobotsOnBlackSite,numberOfRobotsOnWhiteSite
34261,27,17
timeStep,numberOfRobotsOnBlackSite,numberOfRobotsOnWhiteSite
34262,27,17
timeStep,numberOfRobotsOnBlackSite,numberOfRobotsOnWhiteSite
34263,27,17
timeStep,numberOfRobotsOnBlackSite,numberOfRobotsOnWhiteSite
34264,27,17
timeStep,numberOfRobotsOnBlackSite,numberOfRobotsOnWhiteSite
34265,27,17
timeStep,numberOfRobotsOnBlackSite,numberOfRobotsOnWhiteSite
34266,27,17
timeStep,numberOfRobotsOnBlackSite,numberOfRobotsOnWhiteSite
34267,27,17
timeStep,numberOfRobotsOnBlackSite,numberOfRobotsOnWhiteSite
34268,27,17
timeStep,numberOfRobotsOnBlackSite,numberOfRobotsOnWhiteSite
34269,27,17
timeStep,numberOfRobotsOnBlackSite,numberOfRobotsOnWhiteSite
34270,27,17
timeStep,numberOfRobotsOnBlackSite,numberOfRobotsOnWhiteSite
34271,27,17
timeStep,numberOfRobotsOnBlackSite,numberOfRobotsOnWhiteSite
34272,27,17
timeStep,numberOfRobotsOnBlackSite,numberOfRobotsOnWhiteSite
34273,27,17
timeStep,numberOfRobotsOnBlackSite,numberOfRobotsOnWhiteSite
34274,27,17
timeStep,numberOfRobotsOnBlackSite,numberOfRobotsOnWhiteSite
34275,27,17
timeStep,numberOfRobotsOnBlackSite,numberOfRobotsOnWhiteSite
34276,27,17
timeStep,numberOfRobotsOnBlackSite,numberOfRobotsOnWhiteSite
34277,27,17
timeStep,numberOfRobotsOnBlackSite,numberOfRobotsOnWhiteSite
34278,27,17
timeStep,numberOfRobotsOnBlackSite,numberOfRobotsOnWhiteSite
34279,27,17
timeStep,numberOfRobotsOnBlackSite,numberOfRobotsOnWhiteSite
34280,27,16
timeStep,numberOfRobotsOnBlackSite,numberOfRobotsOnWhiteSite
34281,27,16
timeStep,numberOfRobotsOnBlackSite,numberOfRobotsOnWhiteSite
34282,27,16
timeStep,numberOfRobotsOnBlackSite,numberOfRobotsOnWhiteSite
34283,27,16
timeStep,numberOfRobotsOnBlackSite,numberOfRobotsOnWhiteSite
34284,27,16
timeStep,numberOfRobotsOnBlackSite,numberOfRobotsOnWhiteSite
34285,27,16
timeStep,numberOfRobotsOnBlackSite,numberOfRobotsOnWhiteSite
34286,27,16
timeStep,numberOfRobotsOnBlackSite,numberOfRobotsOnWhiteSite
34287,27,16
timeStep,numberOfRobotsOnBlackSite,numberOfRobotsOnWhiteSite
34288,27,16
timeStep,numberOfRobotsOnBlackSite,numberOfRobotsOnWhiteSite
34289,27,16
timeStep,numberOfRobotsOnBlackSite,numberOfRobotsOnWhiteSite
34290,27,16
timeStep,numberOfRobotsOnBlackSite,numberOfRobotsOnWhiteSite
34291,27,16
timeStep,numberOfRobotsOnBlackSite,numberOfRobotsOnWhiteSite
34292,27,16
timeStep,numberOfRobotsOnBlackSite,numberOfRobotsOnWhiteSite
34293,27,16
timeStep,numberOfRobotsOnBlackSite,numberOfRobotsOnWhiteSite
34294,27,16
timeStep,numberOfRobotsOnBlackSite,numberOfRobotsOnWhiteSite
34295,27,16
timeStep,numberOfRobotsOnBlackSite,numberOfRobotsOnWhiteSite
34296,27,16
timeStep,numberOfRobotsOnBlackSite,numberOfRobotsOnWhiteSite
34297,27,16
timeStep,numberOfRobotsOnBlackSite,numberOfRobotsOnWhiteSite
34298,27,16
timeStep,numberOfRobotsOnBlackSite,numberOfRobotsOnWhiteSite
34299,27,16
timeStep,numberOfRobotsOnBlackSite,numberOfRobotsOnWhiteSite
34300,27,15
timeStep,numberOfRobotsOnBlackSite,numberOfRobotsOnWhiteSite
34301,27,15
timeStep,numberOfRobotsOnBlackSite,numberOfRobotsOnWhiteSite
34302,27,15
timeStep,numberOfRobotsOnBlackSite,numberOfRobotsOnWhiteSite
34303,27,15
timeStep,numberOfRobotsOnBlackSite,numberOfRobotsOnWhiteSite
34304,27,15
timeStep,numberOfRobotsOnBlackSite,numberOfRobotsOnWhiteSite
34305,27,15
timeStep,numberOfRobotsOnBlackSite,numberOfRobotsOnWhiteSite
34306,27,15
timeStep,numberOfRobotsOnBlackSite,numberOfRobotsOnWhiteSite
34307,27,15
timeStep,numberOfRobotsOnBlackSite,numberOfRobotsOnWhiteSite
34308,27,15
timeStep,numberOfRobotsOnBlackSite,numberOfRobotsOnWhiteSite
34309,27,15
timeStep,numberOfRobotsOnBlackSite,numberOfRobotsOnWhiteSite
34310,27,15
timeStep,numberOfRobotsOnBlackSite,numberOfRobotsOnWhiteSite
34311,27,15
timeStep,numberOfRobotsOnBlackSite,numberOfRobotsOnWhiteSite
34312,27,15
timeStep,numberOfRobotsOnBlackSite,numberOfRobotsOnWhiteSite
34313,27,15
timeStep,numberOfRobotsOnBlackSite,numberOfRobotsOnWhiteSite
34314,27,15
timeStep,numberOfRobotsOnBlackSite,numberOfRobotsOnWhiteSite
34315,27,15
timeStep,numberOfRobotsOnBlackSite,numberOfRobotsOnWhiteSite
34316,27,15
timeStep,numberOfRobotsOnBlackSite,numberOfRobotsOnWhiteSite
34317,27,15
timeStep,numberOfRobotsOnBlackSite,numberOfRobotsOnWhiteSite
34318,27,15
timeStep,numberOfRobotsOnBlackSite,numberOfRobotsOnWhiteSite
34319,27,15
timeStep,numberOfRobotsOnBlackSite,numberOfRobotsOnWhiteSite
34320,27,15
timeStep,numberOfRobotsOnBlackSite,numberOfRobotsOnWhiteSite
34321,27,15
timeStep,numberOfRobotsOnBlackSite,numberOfRobotsOnWhiteSite
34322,27,15
timeStep,numberOfRobotsOnBlackSite,numberOfRobotsOnWhiteSite
34323,27,15
timeStep,numberOfRobotsOnBlackSite,numberOfRobotsOnWhiteSite
34324,27,15
timeStep,numberOfRobotsOnBlackSite,numberOfRobotsOnWhiteSite
34325,27,16
timeStep,numberOfRobotsOnBlackSite,numberOfRobotsOnWhiteSite
34326,27,16
timeStep,numberOfRobotsOnBlackSite,numberOfRobotsOnWhiteSite
34327,27,16
timeStep,numberOfRobotsOnBlackSite,numberOfRobotsOnWhiteSite
34328,27,16
timeStep,numberOfRobotsOnBlackSite,numberOfRobotsOnWhiteSite
34329,27,16
timeStep,numberOfRobotsOnBlackSite,numberOfRobotsOnWhiteSite
34330,27,16
timeStep,numberOfRobotsOnBlackSite,numberOfRobotsOnWhiteSite
34331,27,16
timeStep,numberOfRobotsOnBlackSite,numberOfRobotsOnWhiteSite
34332,27,16
timeStep,numberOfRobotsOnBlackSite,numberOfRobotsOnWhiteSite
34333,27,16
timeStep,numberOfRobotsOnBlackSite,numberOfRobotsOnWhiteSite
34334,27,16
timeStep,numberOfRobotsOnBlackSite,numberOfRobotsOnWhiteSite
34335,27,16
timeStep,numberOfRobotsOnBlackSite,numberOfRobotsOnWhiteSite
34336,27,16
timeStep,numberOfRobotsOnBlackSite,numberOfRobotsOnWhiteSite
34337,27,16
timeStep,numberOfRobotsOnBlackSite,numberOfRobotsOnWhiteSite
34338,27,16
timeStep,numberOfRobotsOnBlackSite,numberOfRobotsOnWhiteSite
34339,27,16
timeStep,numberOfRobotsOnBlackSite,numberOfRobotsOnWhiteSite
34340,27,16
timeStep,numberOfRobotsOnBlackSite,numberOfRobotsOnWhiteSite
34341,27,16
timeStep,numberOfRobotsOnBlackSite,numberOfRobotsOnWhiteSite
34342,27,16
timeStep,numberOfRobotsOnBlackSite,numberOfRobotsOnWhiteSite
34343,27,16
timeStep,numberOfRobotsOnBlackSite,numberOfRobotsOnWhiteSite
34344,27,16
timeStep,numberOfRobotsOnBlackSite,numberOfRobotsOnWhiteSite
34345,26,16
timeStep,numberOfRobotsOnBlackSite,numberOfRobotsOnWhiteSite
34346,26,16
timeStep,numberOfRobotsOnBlackSite,numberOfRobotsOnWhiteSite
34347,26,16
timeStep,numberOfRobotsOnBlackSite,numberOfRobotsOnWhiteSite
34348,26,16
timeStep,numberOfRobotsOnBlackSite,numberOfRobotsOnWhiteSite
34349,26,16
timeStep,numberOfRobotsOnBlackSite,numberOfRobotsOnWhiteSite
34350,26,16
timeStep,numberOfRobotsOnBlackSite,numberOfRobotsOnWhiteSite
34351,26,16
timeStep,numberOfRobotsOnBlackSite,numberOfRobotsOnWhiteSite
34352,26,16
timeStep,numberOfRobotsOnBlackSite,numberOfRobotsOnWhiteSite
34353,26,16
timeStep,numberOfRobotsOnBlackSite,numberOfRobotsOnWhiteSite
34354,26,16
timeStep,numberOfRobotsOnBlackSite,numberOfRobotsOnWhiteSite
34355,26,16
timeStep,numberOfRobotsOnBlackSite,numberOfRobotsOnWhiteSite
34356,26,16
timeStep,numberOfRobotsOnBlackSite,numberOfRobotsOnWhiteSite
34357,26,16
timeStep,numberOfRobotsOnBlackSite,numberOfRobotsOnWhiteSite
34358,26,16
timeStep,numberOfRobotsOnBlackSite,numberOfRobotsOnWhiteSite
34359,26,16
timeStep,numberOfRobotsOnBlackSite,numberOfRobotsOnWhiteSite
34360,26,17
timeStep,numberOfRobotsOnBlackSite,numberOfRobotsOnWhiteSite
34361,26,17
timeStep,numberOfRobotsOnBlackSite,numberOfRobotsOnWhiteSite
34362,26,17
timeStep,numberOfRobotsOnBlackSite,numberOfRobotsOnWhiteSite
34363,26,17
timeStep,numberOfRobotsOnBlackSite,numberOfRobotsOnWhiteSite
34364,26,17
timeStep,numberOfRobotsOnBlackSite,numberOfRobotsOnWhiteSite
34365,26,17
timeStep,numberOfRobotsOnBlackSite,numberOfRobotsOnWhiteSite
34366,26,17
timeStep,numberOfRobotsOnBlackSite,numberOfRobotsOnWhiteSite
34367,26,17
timeStep,numberOfRobotsOnBlackSite,numberOfRobotsOnWhiteSite
34368,26,17
timeStep,numberOfRobotsOnBlackSite,numberOfRobotsOnWhiteSite
34369,26,17
timeStep,numberOfRobotsOnBlackSite,numberOfRobotsOnWhiteSite
34370,26,17
timeStep,numberOfRobotsOnBlackSite,numberOfRobotsOnWhiteSite
34371,26,17
timeStep,numberOfRobotsOnBlackSite,numberOfRobotsOnWhiteSite
34372,26,17
timeStep,numberOfRobotsOnBlackSite,numberOfRobotsOnWhiteSite
34373,26,17
timeStep,numberOfRobotsOnBlackSite,numberOfRobotsOnWhiteSite
34374,26,17
timeStep,numberOfRobotsOnBlackSite,numberOfRobotsOnWhiteSite
34375,26,17
timeStep,numberOfRobotsOnBlackSite,numberOfRobotsOnWhiteSite
34376,26,17
timeStep,numberOfRobotsOnBlackSite,numberOfRobotsOnWhiteSite
34377,26,17
timeStep,numberOfRobotsOnBlackSite,numberOfRobotsOnWhiteSite
34378,26,17
timeStep,numberOfRobotsOnBlackSite,numberOfRobotsOnWhiteSite
34379,26,17
timeStep,numberOfRobotsOnBlackSite,numberOfRobotsOnWhiteSite
34380,26,17
timeStep,numberOfRobotsOnBlackSite,numberOfRobotsOnWhiteSite
34381,26,17
timeStep,numberOfRobotsOnBlackSite,numberOfRobotsOnWhiteSite
34382,26,17
timeStep,numberOfRobotsOnBlackSite,numberOfRobotsOnWhiteSite
34383,26,17
timeStep,numberOfRobotsOnBlackSite,numberOfRobotsOnWhiteSite
34384,26,17
timeStep,numberOfRobotsOnBlackSite,numberOfRobotsOnWhiteSite
34385,26,17
timeStep,numberOfRobotsOnBlackSite,numberOfRobotsOnWhiteSite
34386,26,17
timeStep,numberOfRobotsOnBlackSite,numberOfRobotsOnWhiteSite
34387,26,17
timeStep,numberOfRobotsOnBlackSite,numberOfRobotsOnWhiteSite
34388,26,17
timeStep,numberOfRobotsOnBlackSite,numberOfRobotsOnWhiteSite
34389,26,17
timeStep,numberOfRobotsOnBlackSite,numberOfRobotsOnWhiteSite
34390,26,17
timeStep,numberOfRobotsOnBlackSite,numberOfRobotsOnWhiteSite
34391,26,17
timeStep,numberOfRobotsOnBlackSite,numberOfRobotsOnWhiteSite
34392,26,17
timeStep,numberOfRobotsOnBlackSite,numberOfRobotsOnWhiteSite
34393,26,17
timeStep,numberOfRobotsOnBlackSite,numberOfRobotsOnWhiteSite
34394,26,17
timeStep,numberOfRobotsOnBlackSite,numberOfRobotsOnWhiteSite
34395,26,17
timeStep,numberOfRobotsOnBlackSite,numberOfRobotsOnWhiteSite
34396,26,17
timeStep,numberOfRobotsOnBlackSite,numberOfRobotsOnWhiteSite
34397,26,17
timeStep,numberOfRobotsOnBlackSite,numberOfRobotsOnWhiteSite
34398,26,17
timeStep,numberOfRobotsOnBlackSite,numberOfRobotsOnWhiteSite
34399,26,17
timeStep,numberOfRobotsOnBlackSite,numberOfRobotsOnWhiteSite
34400,26,17
timeStep,numberOfRobotsOnBlackSite,numberOfRobotsOnWhiteSite
34401,26,17
timeStep,numberOfRobotsOnBlackSite,numberOfRobotsOnWhiteSite
34402,26,17
timeStep,numberOfRobotsOnBlackSite,numberOfRobotsOnWhiteSite
34403,26,17
timeStep,numberOfRobotsOnBlackSite,numberOfRobotsOnWhiteSite
34404,26,17
timeStep,numberOfRobotsOnBlackSite,numberOfRobotsOnWhiteSite
34405,26,17
timeStep,numberOfRobotsOnBlackSite,numberOfRobotsOnWhiteSite
34406,26,17
timeStep,numberOfRobotsOnBlackSite,numberOfRobotsOnWhiteSite
34407,26,17
timeStep,numberOfRobotsOnBlackSite,numberOfRobotsOnWhiteSite
34408,26,17
timeStep,numberOfRobotsOnBlackSite,numberOfRobotsOnWhiteSite
34409,26,17
timeStep,numberOfRobotsOnBlackSite,numberOfRobotsOnWhiteSite
34410,26,17
timeStep,numberOfRobotsOnBlackSite,numberOfRobotsOnWhiteSite
34411,26,17
timeStep,numberOfRobotsOnBlackSite,numberOfRobotsOnWhiteSite
34412,26,17
timeStep,numberOfRobotsOnBlackSite,numberOfRobotsOnWhiteSite
34413,26,17
timeStep,numberOfRobotsOnBlackSite,numberOfRobotsOnWhiteSite
34414,26,17
timeStep,numberOfRobotsOnBlackSite,numberOfRobotsOnWhiteSite
34415,26,17
timeStep,numberOfRobotsOnBlackSite,numberOfRobotsOnWhiteSite
34416,26,17
timeStep,numberOfRobotsOnBlackSite,numberOfRobotsOnWhiteSite
34417,26,17
timeStep,numberOfRobotsOnBlackSite,numberOfRobotsOnWhiteSite
34418,26,17
timeStep,numberOfRobotsOnBlackSite,numberOfRobotsOnWhiteSite
34419,26,17
timeStep,numberOfRobotsOnBlackSite,numberOfRobotsOnWhiteSite
34420,26,17
timeStep,numberOfRobotsOnBlackSite,numberOfRobotsOnWhiteSite
34421,26,17
timeStep,numberOfRobotsOnBlackSite,numberOfRobotsOnWhiteSite
34422,26,17
timeStep,numberOfRobotsOnBlackSite,numberOfRobotsOnWhiteSite
34423,26,17
timeStep,numberOfRobotsOnBlackSite,numberOfRobotsOnWhiteSite
34424,26,17
timeStep,numberOfRobotsOnBlackSite,numberOfRobotsOnWhiteSite
34425,26,17
timeStep,numberOfRobotsOnBlackSite,numberOfRobotsOnWhiteSite
34426,26,17
timeStep,numberOfRobotsOnBlackSite,numberOfRobotsOnWhiteSite
34427,26,17
timeStep,numberOfRobotsOnBlackSite,numberOfRobotsOnWhiteSite
34428,26,17
timeStep,numberOfRobotsOnBlackSite,numberOfRobotsOnWhiteSite
34429,26,17
timeStep,numberOfRobotsOnBlackSite,numberOfRobotsOnWhiteSite
34430,26,17
timeStep,numberOfRobotsOnBlackSite,numberOfRobotsOnWhiteSite
34431,26,17
timeStep,numberOfRobotsOnBlackSite,numberOfRobotsOnWhiteSite
34432,26,17
timeStep,numberOfRobotsOnBlackSite,numberOfRobotsOnWhiteSite
34433,26,17
timeStep,numberOfRobotsOnBlackSite,numberOfRobotsOnWhiteSite
34434,26,17
timeStep,numberOfRobotsOnBlackSite,numberOfRobotsOnWhiteSite
34435,26,17
timeStep,numberOfRobotsOnBlackSite,numberOfRobotsOnWhiteSite
34436,26,17
timeStep,numberOfRobotsOnBlackSite,numberOfRobotsOnWhiteSite
34437,26,17
timeStep,numberOfRobotsOnBlackSite,numberOfRobotsOnWhiteSite
34438,26,17
timeStep,numberOfRobotsOnBlackSite,numberOfRobotsOnWhiteSite
34439,26,17
timeStep,numberOfRobotsOnBlackSite,numberOfRobotsOnWhiteSite
34440,26,16
timeStep,numberOfRobotsOnBlackSite,numberOfRobotsOnWhiteSite
34441,26,16
timeStep,numberOfRobotsOnBlackSite,numberOfRobotsOnWhiteSite
34442,26,16
timeStep,numberOfRobotsOnBlackSite,numberOfRobotsOnWhiteSite
34443,26,16
timeStep,numberOfRobotsOnBlackSite,numberOfRobotsOnWhiteSite
34444,26,16
timeStep,numberOfRobotsOnBlackSite,numberOfRobotsOnWhiteSite
34445,26,16
timeStep,numberOfRobotsOnBlackSite,numberOfRobotsOnWhiteSite
34446,26,16
timeStep,numberOfRobotsOnBlackSite,numberOfRobotsOnWhiteSite
34447,26,16
timeStep,numberOfRobotsOnBlackSite,numberOfRobotsOnWhiteSite
34448,26,16
timeStep,numberOfRobotsOnBlackSite,numberOfRobotsOnWhiteSite
34449,26,16
timeStep,numberOfRobotsOnBlackSite,numberOfRobotsOnWhiteSite
34450,26,16
timeStep,numberOfRobotsOnBlackSite,numberOfRobotsOnWhiteSite
34451,26,16
timeStep,numberOfRobotsOnBlackSite,numberOfRobotsOnWhiteSite
34452,26,16
timeStep,numberOfRobotsOnBlackSite,numberOfRobotsOnWhiteSite
34453,26,16
timeStep,numberOfRobotsOnBlackSite,numberOfRobotsOnWhiteSite
34454,26,16
timeStep,numberOfRobotsOnBlackSite,numberOfRobotsOnWhiteSite
34455,26,16
timeStep,numberOfRobotsOnBlackSite,numberOfRobotsOnWhiteSite
34456,26,16
timeStep,numberOfRobotsOnBlackSite,numberOfRobotsOnWhiteSite
34457,26,16
timeStep,numberOfRobotsOnBlackSite,numberOfRobotsOnWhiteSite
34458,26,16
timeStep,numberOfRobotsOnBlackSite,numberOfRobotsOnWhiteSite
34459,26,16
timeStep,numberOfRobotsOnBlackSite,numberOfRobotsOnWhiteSite
34460,26,16
timeStep,numberOfRobotsOnBlackSite,numberOfRobotsOnWhiteSite
34461,26,16
timeStep,numberOfRobotsOnBlackSite,numberOfRobotsOnWhiteSite
34462,26,16
timeStep,numberOfRobotsOnBlackSite,numberOfRobotsOnWhiteSite
34463,26,16
timeStep,numberOfRobotsOnBlackSite,numberOfRobotsOnWhiteSite
34464,26,16
timeStep,numberOfRobotsOnBlackSite,numberOfRobotsOnWhiteSite
34465,26,16
timeStep,numberOfRobotsOnBlackSite,numberOfRobotsOnWhiteSite
34466,26,16
timeStep,numberOfRobotsOnBlackSite,numberOfRobotsOnWhiteSite
34467,26,16
timeStep,numberOfRobotsOnBlackSite,numberOfRobotsOnWhiteSite
34468,26,16
timeStep,numberOfRobotsOnBlackSite,numberOfRobotsOnWhiteSite
34469,26,16
timeStep,numberOfRobotsOnBlackSite,numberOfRobotsOnWhiteSite
34470,26,16
timeStep,numberOfRobotsOnBlackSite,numberOfRobotsOnWhiteSite
34471,26,16
timeStep,numberOfRobotsOnBlackSite,numberOfRobotsOnWhiteSite
34472,26,16
timeStep,numberOfRobotsOnBlackSite,numberOfRobotsOnWhiteSite
34473,26,16
timeStep,numberOfRobotsOnBlackSite,numberOfRobotsOnWhiteSite
34474,26,16
timeStep,numberOfRobotsOnBlackSite,numberOfRobotsOnWhiteSite
34475,26,16
timeStep,numberOfRobotsOnBlackSite,numberOfRobotsOnWhiteSite
34476,26,16
timeStep,numberOfRobotsOnBlackSite,numberOfRobotsOnWhiteSite
34477,26,16
timeStep,numberOfRobotsOnBlackSite,numberOfRobotsOnWhiteSite
34478,26,16
timeStep,numberOfRobotsOnBlackSite,numberOfRobotsOnWhiteSite
34479,26,16
timeStep,numberOfRobotsOnBlackSite,numberOfRobotsOnWhiteSite
34480,26,16
timeStep,numberOfRobotsOnBlackSite,numberOfRobotsOnWhiteSite
34481,26,16
timeStep,numberOfRobotsOnBlackSite,numberOfRobotsOnWhiteSite
34482,26,16
timeStep,numberOfRobotsOnBlackSite,numberOfRobotsOnWhiteSite
34483,26,16
timeStep,numberOfRobotsOnBlackSite,numberOfRobotsOnWhiteSite
34484,26,16
timeStep,numberOfRobotsOnBlackSite,numberOfRobotsOnWhiteSite
34485,26,16
timeStep,numberOfRobotsOnBlackSite,numberOfRobotsOnWhiteSite
34486,26,16
timeStep,numberOfRobotsOnBlackSite,numberOfRobotsOnWhiteSite
34487,26,16
timeStep,numberOfRobotsOnBlackSite,numberOfRobotsOnWhiteSite
34488,26,16
timeStep,numberOfRobotsOnBlackSite,numberOfRobotsOnWhiteSite
34489,26,16
timeStep,numberOfRobotsOnBlackSite,numberOfRobotsOnWhiteSite
34490,26,16
timeStep,numberOfRobotsOnBlackSite,numberOfRobotsOnWhiteSite
34491,26,16
timeStep,numberOfRobotsOnBlackSite,numberOfRobotsOnWhiteSite
34492,26,16
timeStep,numberOfRobotsOnBlackSite,numberOfRobotsOnWhiteSite
34493,26,16
timeStep,numberOfRobotsOnBlackSite,numberOfRobotsOnWhiteSite
34494,26,16
timeStep,numberOfRobotsOnBlackSite,numberOfRobotsOnWhiteSite
34495,26,15
timeStep,numberOfRobotsOnBlackSite,numberOfRobotsOnWhiteSite
34496,26,15
timeStep,numberOfRobotsOnBlackSite,numberOfRobotsOnWhiteSite
34497,26,15
timeStep,numberOfRobotsOnBlackSite,numberOfRobotsOnWhiteSite
34498,26,15
timeStep,numberOfRobotsOnBlackSite,numberOfRobotsOnWhiteSite
34499,26,15
timeStep,numberOfRobotsOnBlackSite,numberOfRobotsOnWhiteSite
34500,27,15
timeStep,numberOfRobotsOnBlackSite,numberOfRobotsOnWhiteSite
34501,27,15
timeStep,numberOfRobotsOnBlackSite,numberOfRobotsOnWhiteSite
34502,27,15
timeStep,numberOfRobotsOnBlackSite,numberOfRobotsOnWhiteSite
34503,27,15
timeStep,numberOfRobotsOnBlackSite,numberOfRobotsOnWhiteSite
34504,27,15
timeStep,numberOfRobotsOnBlackSite,numberOfRobotsOnWhiteSite
34505,27,15
timeStep,numberOfRobotsOnBlackSite,numberOfRobotsOnWhiteSite
34506,27,15
timeStep,numberOfRobotsOnBlackSite,numberOfRobotsOnWhiteSite
34507,27,15
timeStep,numberOfRobotsOnBlackSite,numberOfRobotsOnWhiteSite
34508,27,15
timeStep,numberOfRobotsOnBlackSite,numberOfRobotsOnWhiteSite
34509,27,15
timeStep,numberOfRobotsOnBlackSite,numberOfRobotsOnWhiteSite
34510,27,15
timeStep,numberOfRobotsOnBlackSite,numberOfRobotsOnWhiteSite
34511,27,15
timeStep,numberOfRobotsOnBlackSite,numberOfRobotsOnWhiteSite
34512,27,15
timeStep,numberOfRobotsOnBlackSite,numberOfRobotsOnWhiteSite
34513,27,15
timeStep,numberOfRobotsOnBlackSite,numberOfRobotsOnWhiteSite
34514,27,15
timeStep,numberOfRobotsOnBlackSite,numberOfRobotsOnWhiteSite
34515,27,15
timeStep,numberOfRobotsOnBlackSite,numberOfRobotsOnWhiteSite
34516,27,15
timeStep,numberOfRobotsOnBlackSite,numberOfRobotsOnWhiteSite
34517,27,15
timeStep,numberOfRobotsOnBlackSite,numberOfRobotsOnWhiteSite
34518,27,15
timeStep,numberOfRobotsOnBlackSite,numberOfRobotsOnWhiteSite
34519,27,15
timeStep,numberOfRobotsOnBlackSite,numberOfRobotsOnWhiteSite
34520,27,15
timeStep,numberOfRobotsOnBlackSite,numberOfRobotsOnWhiteSite
34521,27,15
timeStep,numberOfRobotsOnBlackSite,numberOfRobotsOnWhiteSite
34522,27,15
timeStep,numberOfRobotsOnBlackSite,numberOfRobotsOnWhiteSite
34523,27,15
timeStep,numberOfRobotsOnBlackSite,numberOfRobotsOnWhiteSite
34524,27,15
timeStep,numberOfRobotsOnBlackSite,numberOfRobotsOnWhiteSite
34525,27,15
timeStep,numberOfRobotsOnBlackSite,numberOfRobotsOnWhiteSite
34526,27,15
timeStep,numberOfRobotsOnBlackSite,numberOfRobotsOnWhiteSite
34527,27,15
timeStep,numberOfRobotsOnBlackSite,numberOfRobotsOnWhiteSite
34528,27,15
timeStep,numberOfRobotsOnBlackSite,numberOfRobotsOnWhiteSite
34529,27,15
timeStep,numberOfRobotsOnBlackSite,numberOfRobotsOnWhiteSite
34530,27,15
timeStep,numberOfRobotsOnBlackSite,numberOfRobotsOnWhiteSite
34531,27,15
timeStep,numberOfRobotsOnBlackSite,numberOfRobotsOnWhiteSite
34532,27,15
timeStep,numberOfRobotsOnBlackSite,numberOfRobotsOnWhiteSite
34533,27,15
timeStep,numberOfRobotsOnBlackSite,numberOfRobotsOnWhiteSite
34534,27,15
timeStep,numberOfRobotsOnBlackSite,numberOfRobotsOnWhiteSite
34535,27,14
timeStep,numberOfRobotsOnBlackSite,numberOfRobotsOnWhiteSite
34536,27,14
timeStep,numberOfRobotsOnBlackSite,numberOfRobotsOnWhiteSite
34537,27,14
timeStep,numberOfRobotsOnBlackSite,numberOfRobotsOnWhiteSite
34538,27,14
timeStep,numberOfRobotsOnBlackSite,numberOfRobotsOnWhiteSite
34539,27,14
timeStep,numberOfRobotsOnBlackSite,numberOfRobotsOnWhiteSite
34540,27,14
timeStep,numberOfRobotsOnBlackSite,numberOfRobotsOnWhiteSite
34541,27,14
timeStep,numberOfRobotsOnBlackSite,numberOfRobotsOnWhiteSite
34542,27,14
timeStep,numberOfRobotsOnBlackSite,numberOfRobotsOnWhiteSite
34543,27,14
timeStep,numberOfRobotsOnBlackSite,numberOfRobotsOnWhiteSite
34544,27,14
timeStep,numberOfRobotsOnBlackSite,numberOfRobotsOnWhiteSite
34545,27,14
timeStep,numberOfRobotsOnBlackSite,numberOfRobotsOnWhiteSite
34546,27,14
timeStep,numberOfRobotsOnBlackSite,numberOfRobotsOnWhiteSite
34547,27,14
timeStep,numberOfRobotsOnBlackSite,numberOfRobotsOnWhiteSite
34548,27,14
timeStep,numberOfRobotsOnBlackSite,numberOfRobotsOnWhiteSite
34549,27,14
timeStep,numberOfRobotsOnBlackSite,numberOfRobotsOnWhiteSite
34550,27,15
timeStep,numberOfRobotsOnBlackSite,numberOfRobotsOnWhiteSite
34551,27,15
timeStep,numberOfRobotsOnBlackSite,numberOfRobotsOnWhiteSite
34552,27,15
timeStep,numberOfRobotsOnBlackSite,numberOfRobotsOnWhiteSite
34553,27,15
timeStep,numberOfRobotsOnBlackSite,numberOfRobotsOnWhiteSite
34554,27,15
timeStep,numberOfRobotsOnBlackSite,numberOfRobotsOnWhiteSite
34555,27,15
timeStep,numberOfRobotsOnBlackSite,numberOfRobotsOnWhiteSite
34556,27,15
timeStep,numberOfRobotsOnBlackSite,numberOfRobotsOnWhiteSite
34557,27,15
timeStep,numberOfRobotsOnBlackSite,numberOfRobotsOnWhiteSite
34558,27,15
timeStep,numberOfRobotsOnBlackSite,numberOfRobotsOnWhiteSite
34559,27,15
timeStep,numberOfRobotsOnBlackSite,numberOfRobotsOnWhiteSite
34560,27,15
timeStep,numberOfRobotsOnBlackSite,numberOfRobotsOnWhiteSite
34561,27,15
timeStep,numberOfRobotsOnBlackSite,numberOfRobotsOnWhiteSite
34562,27,15
timeStep,numberOfRobotsOnBlackSite,numberOfRobotsOnWhiteSite
34563,27,15
timeStep,numberOfRobotsOnBlackSite,numberOfRobotsOnWhiteSite
34564,27,15
timeStep,numberOfRobotsOnBlackSite,numberOfRobotsOnWhiteSite
34565,27,15
timeStep,numberOfRobotsOnBlackSite,numberOfRobotsOnWhiteSite
34566,27,15
timeStep,numberOfRobotsOnBlackSite,numberOfRobotsOnWhiteSite
34567,27,15
timeStep,numberOfRobotsOnBlackSite,numberOfRobotsOnWhiteSite
34568,27,15
timeStep,numberOfRobotsOnBlackSite,numberOfRobotsOnWhiteSite
34569,27,15
timeStep,numberOfRobotsOnBlackSite,numberOfRobotsOnWhiteSite
34570,27,15
timeStep,numberOfRobotsOnBlackSite,numberOfRobotsOnWhiteSite
34571,27,15
timeStep,numberOfRobotsOnBlackSite,numberOfRobotsOnWhiteSite
34572,27,15
timeStep,numberOfRobotsOnBlackSite,numberOfRobotsOnWhiteSite
34573,27,15
timeStep,numberOfRobotsOnBlackSite,numberOfRobotsOnWhiteSite
34574,27,15
timeStep,numberOfRobotsOnBlackSite,numberOfRobotsOnWhiteSite
34575,28,15
timeStep,numberOfRobotsOnBlackSite,numberOfRobotsOnWhiteSite
34576,28,15
timeStep,numberOfRobotsOnBlackSite,numberOfRobotsOnWhiteSite
34577,28,15
timeStep,numberOfRobotsOnBlackSite,numberOfRobotsOnWhiteSite
34578,28,15
timeStep,numberOfRobotsOnBlackSite,numberOfRobotsOnWhiteSite
34579,28,15
timeStep,numberOfRobotsOnBlackSite,numberOfRobotsOnWhiteSite
34580,28,15
timeStep,numberOfRobotsOnBlackSite,numberOfRobotsOnWhiteSite
34581,28,15
timeStep,numberOfRobotsOnBlackSite,numberOfRobotsOnWhiteSite
34582,28,15
timeStep,numberOfRobotsOnBlackSite,numberOfRobotsOnWhiteSite
34583,28,15
timeStep,numberOfRobotsOnBlackSite,numberOfRobotsOnWhiteSite
34584,28,15
timeStep,numberOfRobotsOnBlackSite,numberOfRobotsOnWhiteSite
34585,28,15
timeStep,numberOfRobotsOnBlackSite,numberOfRobotsOnWhiteSite
34586,28,15
timeStep,numberOfRobotsOnBlackSite,numberOfRobotsOnWhiteSite
34587,28,15
timeStep,numberOfRobotsOnBlackSite,numberOfRobotsOnWhiteSite
34588,28,15
timeStep,numberOfRobotsOnBlackSite,numberOfRobotsOnWhiteSite
34589,28,15
timeStep,numberOfRobotsOnBlackSite,numberOfRobotsOnWhiteSite
34590,28,15
timeStep,numberOfRobotsOnBlackSite,numberOfRobotsOnWhiteSite
34591,28,15
timeStep,numberOfRobotsOnBlackSite,numberOfRobotsOnWhiteSite
34592,28,15
timeStep,numberOfRobotsOnBlackSite,numberOfRobotsOnWhiteSite
34593,28,15
timeStep,numberOfRobotsOnBlackSite,numberOfRobotsOnWhiteSite
34594,28,15
timeStep,numberOfRobotsOnBlackSite,numberOfRobotsOnWhiteSite
34595,28,15
timeStep,numberOfRobotsOnBlackSite,numberOfRobotsOnWhiteSite
34596,28,15
timeStep,numberOfRobotsOnBlackSite,numberOfRobotsOnWhiteSite
34597,28,15
timeStep,numberOfRobotsOnBlackSite,numberOfRobotsOnWhiteSite
34598,28,15
timeStep,numberOfRobotsOnBlackSite,numberOfRobotsOnWhiteSite
34599,28,15
timeStep,numberOfRobotsOnBlackSite,numberOfRobotsOnWhiteSite
34600,28,15
timeStep,numberOfRobotsOnBlackSite,numberOfRobotsOnWhiteSite
34601,28,15
timeStep,numberOfRobotsOnBlackSite,numberOfRobotsOnWhiteSite
34602,28,15
timeStep,numberOfRobotsOnBlackSite,numberOfRobotsOnWhiteSite
34603,28,15
timeStep,numberOfRobotsOnBlackSite,numberOfRobotsOnWhiteSite
34604,28,15
timeStep,numberOfRobotsOnBlackSite,numberOfRobotsOnWhiteSite
34605,28,15
timeStep,numberOfRobotsOnBlackSite,numberOfRobotsOnWhiteSite
34606,28,15
timeStep,numberOfRobotsOnBlackSite,numberOfRobotsOnWhiteSite
34607,28,15
timeStep,numberOfRobotsOnBlackSite,numberOfRobotsOnWhiteSite
34608,28,15
timeStep,numberOfRobotsOnBlackSite,numberOfRobotsOnWhiteSite
34609,28,15
timeStep,numberOfRobotsOnBlackSite,numberOfRobotsOnWhiteSite
34610,28,15
timeStep,numberOfRobotsOnBlackSite,numberOfRobotsOnWhiteSite
34611,28,15
timeStep,numberOfRobotsOnBlackSite,numberOfRobotsOnWhiteSite
34612,28,15
timeStep,numberOfRobotsOnBlackSite,numberOfRobotsOnWhiteSite
34613,28,15
timeStep,numberOfRobotsOnBlackSite,numberOfRobotsOnWhiteSite
34614,28,15
timeStep,numberOfRobotsOnBlackSite,numberOfRobotsOnWhiteSite
34615,28,15
timeStep,numberOfRobotsOnBlackSite,numberOfRobotsOnWhiteSite
34616,28,15
timeStep,numberOfRobotsOnBlackSite,numberOfRobotsOnWhiteSite
34617,28,15
timeStep,numberOfRobotsOnBlackSite,numberOfRobotsOnWhiteSite
34618,28,15
timeStep,numberOfRobotsOnBlackSite,numberOfRobotsOnWhiteSite
34619,28,15
timeStep,numberOfRobotsOnBlackSite,numberOfRobotsOnWhiteSite
34620,28,15
timeStep,numberOfRobotsOnBlackSite,numberOfRobotsOnWhiteSite
34621,28,15
timeStep,numberOfRobotsOnBlackSite,numberOfRobotsOnWhiteSite
34622,28,15
timeStep,numberOfRobotsOnBlackSite,numberOfRobotsOnWhiteSite
34623,28,15
timeStep,numberOfRobotsOnBlackSite,numberOfRobotsOnWhiteSite
34624,28,15
timeStep,numberOfRobotsOnBlackSite,numberOfRobotsOnWhiteSite
34625,28,15
timeStep,numberOfRobotsOnBlackSite,numberOfRobotsOnWhiteSite
34626,28,15
timeStep,numberOfRobotsOnBlackSite,numberOfRobotsOnWhiteSite
34627,28,15
timeStep,numberOfRobotsOnBlackSite,numberOfRobotsOnWhiteSite
34628,28,15
timeStep,numberOfRobotsOnBlackSite,numberOfRobotsOnWhiteSite
34629,28,15
timeStep,numberOfRobotsOnBlackSite,numberOfRobotsOnWhiteSite
34630,28,15
timeStep,numberOfRobotsOnBlackSite,numberOfRobotsOnWhiteSite
34631,28,15
timeStep,numberOfRobotsOnBlackSite,numberOfRobotsOnWhiteSite
34632,28,15
timeStep,numberOfRobotsOnBlackSite,numberOfRobotsOnWhiteSite
34633,28,15
timeStep,numberOfRobotsOnBlackSite,numberOfRobotsOnWhiteSite
34634,28,15
timeStep,numberOfRobotsOnBlackSite,numberOfRobotsOnWhiteSite
34635,28,15
timeStep,numberOfRobotsOnBlackSite,numberOfRobotsOnWhiteSite
34636,28,15
timeStep,numberOfRobotsOnBlackSite,numberOfRobotsOnWhiteSite
34637,28,15
timeStep,numberOfRobotsOnBlackSite,numberOfRobotsOnWhiteSite
34638,28,15
timeStep,numberOfRobotsOnBlackSite,numberOfRobotsOnWhiteSite
34639,28,15
timeStep,numberOfRobotsOnBlackSite,numberOfRobotsOnWhiteSite
34640,28,15
timeStep,numberOfRobotsOnBlackSite,numberOfRobotsOnWhiteSite
34641,28,15
timeStep,numberOfRobotsOnBlackSite,numberOfRobotsOnWhiteSite
34642,28,15
timeStep,numberOfRobotsOnBlackSite,numberOfRobotsOnWhiteSite
34643,28,15
timeStep,numberOfRobotsOnBlackSite,numberOfRobotsOnWhiteSite
34644,28,15
timeStep,numberOfRobotsOnBlackSite,numberOfRobotsOnWhiteSite
34645,28,15
timeStep,numberOfRobotsOnBlackSite,numberOfRobotsOnWhiteSite
34646,28,15
timeStep,numberOfRobotsOnBlackSite,numberOfRobotsOnWhiteSite
34647,28,15
timeStep,numberOfRobotsOnBlackSite,numberOfRobotsOnWhiteSite
34648,28,15
timeStep,numberOfRobotsOnBlackSite,numberOfRobotsOnWhiteSite
34649,28,15
timeStep,numberOfRobotsOnBlackSite,numberOfRobotsOnWhiteSite
34650,28,15
timeStep,numberOfRobotsOnBlackSite,numberOfRobotsOnWhiteSite
34651,28,15
timeStep,numberOfRobotsOnBlackSite,numberOfRobotsOnWhiteSite
34652,28,15
timeStep,numberOfRobotsOnBlackSite,numberOfRobotsOnWhiteSite
34653,28,15
timeStep,numberOfRobotsOnBlackSite,numberOfRobotsOnWhiteSite
34654,28,15
timeStep,numberOfRobotsOnBlackSite,numberOfRobotsOnWhiteSite
34655,28,15
timeStep,numberOfRobotsOnBlackSite,numberOfRobotsOnWhiteSite
34656,28,15
timeStep,numberOfRobotsOnBlackSite,numberOfRobotsOnWhiteSite
34657,28,15
timeStep,numberOfRobotsOnBlackSite,numberOfRobotsOnWhiteSite
34658,28,15
timeStep,numberOfRobotsOnBlackSite,numberOfRobotsOnWhiteSite
34659,28,15
timeStep,numberOfRobotsOnBlackSite,numberOfRobotsOnWhiteSite
34660,28,15
timeStep,numberOfRobotsOnBlackSite,numberOfRobotsOnWhiteSite
34661,28,15
timeStep,numberOfRobotsOnBlackSite,numberOfRobotsOnWhiteSite
34662,28,15
timeStep,numberOfRobotsOnBlackSite,numberOfRobotsOnWhiteSite
34663,28,15
timeStep,numberOfRobotsOnBlackSite,numberOfRobotsOnWhiteSite
34664,28,15
timeStep,numberOfRobotsOnBlackSite,numberOfRobotsOnWhiteSite
34665,28,15
timeStep,numberOfRobotsOnBlackSite,numberOfRobotsOnWhiteSite
34666,28,15
timeStep,numberOfRobotsOnBlackSite,numberOfRobotsOnWhiteSite
34667,28,15
timeStep,numberOfRobotsOnBlackSite,numberOfRobotsOnWhiteSite
34668,28,15
timeStep,numberOfRobotsOnBlackSite,numberOfRobotsOnWhiteSite
34669,28,15
timeStep,numberOfRobotsOnBlackSite,numberOfRobotsOnWhiteSite
34670,28,15
timeStep,numberOfRobotsOnBlackSite,numberOfRobotsOnWhiteSite
34671,28,15
timeStep,numberOfRobotsOnBlackSite,numberOfRobotsOnWhiteSite
34672,28,15
timeStep,numberOfRobotsOnBlackSite,numberOfRobotsOnWhiteSite
34673,28,15
timeStep,numberOfRobotsOnBlackSite,numberOfRobotsOnWhiteSite
34674,28,15
timeStep,numberOfRobotsOnBlackSite,numberOfRobotsOnWhiteSite
34675,28,15
timeStep,numberOfRobotsOnBlackSite,numberOfRobotsOnWhiteSite
34676,28,15
timeStep,numberOfRobotsOnBlackSite,numberOfRobotsOnWhiteSite
34677,28,15
timeStep,numberOfRobotsOnBlackSite,numberOfRobotsOnWhiteSite
34678,28,15
timeStep,numberOfRobotsOnBlackSite,numberOfRobotsOnWhiteSite
34679,28,15
timeStep,numberOfRobotsOnBlackSite,numberOfRobotsOnWhiteSite
34680,28,14
timeStep,numberOfRobotsOnBlackSite,numberOfRobotsOnWhiteSite
34681,28,14
timeStep,numberOfRobotsOnBlackSite,numberOfRobotsOnWhiteSite
34682,28,14
timeStep,numberOfRobotsOnBlackSite,numberOfRobotsOnWhiteSite
34683,28,14
timeStep,numberOfRobotsOnBlackSite,numberOfRobotsOnWhiteSite
34684,28,14
timeStep,numberOfRobotsOnBlackSite,numberOfRobotsOnWhiteSite
34685,28,14
timeStep,numberOfRobotsOnBlackSite,numberOfRobotsOnWhiteSite
34686,28,14
timeStep,numberOfRobotsOnBlackSite,numberOfRobotsOnWhiteSite
34687,28,14
timeStep,numberOfRobotsOnBlackSite,numberOfRobotsOnWhiteSite
34688,28,14
timeStep,numberOfRobotsOnBlackSite,numberOfRobotsOnWhiteSite
34689,28,14
timeStep,numberOfRobotsOnBlackSite,numberOfRobotsOnWhiteSite
34690,28,14
timeStep,numberOfRobotsOnBlackSite,numberOfRobotsOnWhiteSite
34691,28,14
timeStep,numberOfRobotsOnBlackSite,numberOfRobotsOnWhiteSite
34692,28,14
timeStep,numberOfRobotsOnBlackSite,numberOfRobotsOnWhiteSite
34693,28,14
timeStep,numberOfRobotsOnBlackSite,numberOfRobotsOnWhiteSite
34694,28,14
timeStep,numberOfRobotsOnBlackSite,numberOfRobotsOnWhiteSite
34695,28,14
timeStep,numberOfRobotsOnBlackSite,numberOfRobotsOnWhiteSite
34696,28,14
timeStep,numberOfRobotsOnBlackSite,numberOfRobotsOnWhiteSite
34697,28,14
timeStep,numberOfRobotsOnBlackSite,numberOfRobotsOnWhiteSite
34698,28,14
timeStep,numberOfRobotsOnBlackSite,numberOfRobotsOnWhiteSite
34699,28,14
timeStep,numberOfRobotsOnBlackSite,numberOfRobotsOnWhiteSite
34700,28,14
timeStep,numberOfRobotsOnBlackSite,numberOfRobotsOnWhiteSite
34701,28,14
timeStep,numberOfRobotsOnBlackSite,numberOfRobotsOnWhiteSite
34702,28,14
timeStep,numberOfRobotsOnBlackSite,numberOfRobotsOnWhiteSite
34703,28,14
timeStep,numberOfRobotsOnBlackSite,numberOfRobotsOnWhiteSite
34704,28,14
timeStep,numberOfRobotsOnBlackSite,numberOfRobotsOnWhiteSite
34705,28,14
timeStep,numberOfRobotsOnBlackSite,numberOfRobotsOnWhiteSite
34706,28,14
timeStep,numberOfRobotsOnBlackSite,numberOfRobotsOnWhiteSite
34707,28,14
timeStep,numberOfRobotsOnBlackSite,numberOfRobotsOnWhiteSite
34708,28,14
timeStep,numberOfRobotsOnBlackSite,numberOfRobotsOnWhiteSite
34709,28,14
timeStep,numberOfRobotsOnBlackSite,numberOfRobotsOnWhiteSite
34710,28,14
timeStep,numberOfRobotsOnBlackSite,numberOfRobotsOnWhiteSite
34711,28,14
timeStep,numberOfRobotsOnBlackSite,numberOfRobotsOnWhiteSite
34712,28,14
timeStep,numberOfRobotsOnBlackSite,numberOfRobotsOnWhiteSite
34713,28,14
timeStep,numberOfRobotsOnBlackSite,numberOfRobotsOnWhiteSite
34714,28,14
timeStep,numberOfRobotsOnBlackSite,numberOfRobotsOnWhiteSite
34715,28,14
timeStep,numberOfRobotsOnBlackSite,numberOfRobotsOnWhiteSite
34716,28,14
timeStep,numberOfRobotsOnBlackSite,numberOfRobotsOnWhiteSite
34717,28,14
timeStep,numberOfRobotsOnBlackSite,numberOfRobotsOnWhiteSite
34718,28,14
timeStep,numberOfRobotsOnBlackSite,numberOfRobotsOnWhiteSite
34719,28,14
timeStep,numberOfRobotsOnBlackSite,numberOfRobotsOnWhiteSite
34720,28,14
timeStep,numberOfRobotsOnBlackSite,numberOfRobotsOnWhiteSite
34721,28,14
timeStep,numberOfRobotsOnBlackSite,numberOfRobotsOnWhiteSite
34722,28,14
timeStep,numberOfRobotsOnBlackSite,numberOfRobotsOnWhiteSite
34723,28,14
timeStep,numberOfRobotsOnBlackSite,numberOfRobotsOnWhiteSite
34724,28,14
timeStep,numberOfRobotsOnBlackSite,numberOfRobotsOnWhiteSite
34725,28,14
timeStep,numberOfRobotsOnBlackSite,numberOfRobotsOnWhiteSite
34726,28,14
timeStep,numberOfRobotsOnBlackSite,numberOfRobotsOnWhiteSite
34727,28,14
timeStep,numberOfRobotsOnBlackSite,numberOfRobotsOnWhiteSite
34728,28,14
timeStep,numberOfRobotsOnBlackSite,numberOfRobotsOnWhiteSite
34729,28,14
timeStep,numberOfRobotsOnBlackSite,numberOfRobotsOnWhiteSite
34730,28,14
timeStep,numberOfRobotsOnBlackSite,numberOfRobotsOnWhiteSite
34731,28,14
timeStep,numberOfRobotsOnBlackSite,numberOfRobotsOnWhiteSite
34732,28,14
timeStep,numberOfRobotsOnBlackSite,numberOfRobotsOnWhiteSite
34733,28,14
timeStep,numberOfRobotsOnBlackSite,numberOfRobotsOnWhiteSite
34734,28,14
timeStep,numberOfRobotsOnBlackSite,numberOfRobotsOnWhiteSite
34735,28,14
timeStep,numberOfRobotsOnBlackSite,numberOfRobotsOnWhiteSite
34736,28,14
timeStep,numberOfRobotsOnBlackSite,numberOfRobotsOnWhiteSite
34737,28,14
timeStep,numberOfRobotsOnBlackSite,numberOfRobotsOnWhiteSite
34738,28,14
timeStep,numberOfRobotsOnBlackSite,numberOfRobotsOnWhiteSite
34739,28,14
timeStep,numberOfRobotsOnBlackSite,numberOfRobotsOnWhiteSite
34740,28,14
timeStep,numberOfRobotsOnBlackSite,numberOfRobotsOnWhiteSite
34741,28,14
timeStep,numberOfRobotsOnBlackSite,numberOfRobotsOnWhiteSite
34742,28,14
timeStep,numberOfRobotsOnBlackSite,numberOfRobotsOnWhiteSite
34743,28,14
timeStep,numberOfRobotsOnBlackSite,numberOfRobotsOnWhiteSite
34744,28,14
timeStep,numberOfRobotsOnBlackSite,numberOfRobotsOnWhiteSite
34745,28,14
timeStep,numberOfRobotsOnBlackSite,numberOfRobotsOnWhiteSite
34746,28,14
timeStep,numberOfRobotsOnBlackSite,numberOfRobotsOnWhiteSite
34747,28,14
timeStep,numberOfRobotsOnBlackSite,numberOfRobotsOnWhiteSite
34748,28,14
timeStep,numberOfRobotsOnBlackSite,numberOfRobotsOnWhiteSite
34749,28,14
timeStep,numberOfRobotsOnBlackSite,numberOfRobotsOnWhiteSite
34750,28,14
timeStep,numberOfRobotsOnBlackSite,numberOfRobotsOnWhiteSite
34751,28,14
timeStep,numberOfRobotsOnBlackSite,numberOfRobotsOnWhiteSite
34752,28,14
timeStep,numberOfRobotsOnBlackSite,numberOfRobotsOnWhiteSite
34753,28,14
timeStep,numberOfRobotsOnBlackSite,numberOfRobotsOnWhiteSite
34754,28,14
timeStep,numberOfRobotsOnBlackSite,numberOfRobotsOnWhiteSite
34755,28,14
timeStep,numberOfRobotsOnBlackSite,numberOfRobotsOnWhiteSite
34756,28,14
timeStep,numberOfRobotsOnBlackSite,numberOfRobotsOnWhiteSite
34757,28,14
timeStep,numberOfRobotsOnBlackSite,numberOfRobotsOnWhiteSite
34758,28,14
timeStep,numberOfRobotsOnBlackSite,numberOfRobotsOnWhiteSite
34759,28,14
timeStep,numberOfRobotsOnBlackSite,numberOfRobotsOnWhiteSite
34760,28,14
timeStep,numberOfRobotsOnBlackSite,numberOfRobotsOnWhiteSite
34761,28,14
timeStep,numberOfRobotsOnBlackSite,numberOfRobotsOnWhiteSite
34762,28,14
timeStep,numberOfRobotsOnBlackSite,numberOfRobotsOnWhiteSite
34763,28,14
timeStep,numberOfRobotsOnBlackSite,numberOfRobotsOnWhiteSite
34764,28,14
timeStep,numberOfRobotsOnBlackSite,numberOfRobotsOnWhiteSite
34765,28,14
timeStep,numberOfRobotsOnBlackSite,numberOfRobotsOnWhiteSite
34766,28,14
timeStep,numberOfRobotsOnBlackSite,numberOfRobotsOnWhiteSite
34767,28,14
timeStep,numberOfRobotsOnBlackSite,numberOfRobotsOnWhiteSite
34768,28,14
timeStep,numberOfRobotsOnBlackSite,numberOfRobotsOnWhiteSite
34769,28,14
timeStep,numberOfRobotsOnBlackSite,numberOfRobotsOnWhiteSite
34770,28,14
timeStep,numberOfRobotsOnBlackSite,numberOfRobotsOnWhiteSite
34771,28,14
timeStep,numberOfRobotsOnBlackSite,numberOfRobotsOnWhiteSite
34772,28,14
timeStep,numberOfRobotsOnBlackSite,numberOfRobotsOnWhiteSite
34773,28,14
timeStep,numberOfRobotsOnBlackSite,numberOfRobotsOnWhiteSite
34774,28,14
timeStep,numberOfRobotsOnBlackSite,numberOfRobotsOnWhiteSite
34775,28,14
timeStep,numberOfRobotsOnBlackSite,numberOfRobotsOnWhiteSite
34776,28,14
timeStep,numberOfRobotsOnBlackSite,numberOfRobotsOnWhiteSite
34777,28,14
timeStep,numberOfRobotsOnBlackSite,numberOfRobotsOnWhiteSite
34778,28,14
timeStep,numberOfRobotsOnBlackSite,numberOfRobotsOnWhiteSite
34779,28,14
timeStep,numberOfRobotsOnBlackSite,numberOfRobotsOnWhiteSite
34780,28,14
timeStep,numberOfRobotsOnBlackSite,numberOfRobotsOnWhiteSite
34781,28,14
timeStep,numberOfRobotsOnBlackSite,numberOfRobotsOnWhiteSite
34782,28,14
timeStep,numberOfRobotsOnBlackSite,numberOfRobotsOnWhiteSite
34783,28,14
timeStep,numberOfRobotsOnBlackSite,numberOfRobotsOnWhiteSite
34784,28,14
timeStep,numberOfRobotsOnBlackSite,numberOfRobotsOnWhiteSite
34785,28,14
timeStep,numberOfRobotsOnBlackSite,numberOfRobotsOnWhiteSite
34786,28,14
timeStep,numberOfRobotsOnBlackSite,numberOfRobotsOnWhiteSite
34787,28,14
timeStep,numberOfRobotsOnBlackSite,numberOfRobotsOnWhiteSite
34788,28,14
timeStep,numberOfRobotsOnBlackSite,numberOfRobotsOnWhiteSite
34789,28,14
timeStep,numberOfRobotsOnBlackSite,numberOfRobotsOnWhiteSite
34790,28,14
timeStep,numberOfRobotsOnBlackSite,numberOfRobotsOnWhiteSite
34791,28,14
timeStep,numberOfRobotsOnBlackSite,numberOfRobotsOnWhiteSite
34792,28,14
timeStep,numberOfRobotsOnBlackSite,numberOfRobotsOnWhiteSite
34793,28,14
timeStep,numberOfRobotsOnBlackSite,numberOfRobotsOnWhiteSite
34794,28,14
timeStep,numberOfRobotsOnBlackSite,numberOfRobotsOnWhiteSite
34795,28,14
timeStep,numberOfRobotsOnBlackSite,numberOfRobotsOnWhiteSite
34796,28,14
timeStep,numberOfRobotsOnBlackSite,numberOfRobotsOnWhiteSite
34797,28,14
timeStep,numberOfRobotsOnBlackSite,numberOfRobotsOnWhiteSite
34798,28,14
timeStep,numberOfRobotsOnBlackSite,numberOfRobotsOnWhiteSite
34799,28,14
timeStep,numberOfRobotsOnBlackSite,numberOfRobotsOnWhiteSite
34800,28,14
timeStep,numberOfRobotsOnBlackSite,numberOfRobotsOnWhiteSite
34801,28,14
timeStep,numberOfRobotsOnBlackSite,numberOfRobotsOnWhiteSite
34802,28,14
timeStep,numberOfRobotsOnBlackSite,numberOfRobotsOnWhiteSite
34803,28,14
timeStep,numberOfRobotsOnBlackSite,numberOfRobotsOnWhiteSite
34804,28,14
timeStep,numberOfRobotsOnBlackSite,numberOfRobotsOnWhiteSite
34805,28,14
timeStep,numberOfRobotsOnBlackSite,numberOfRobotsOnWhiteSite
34806,28,14
timeStep,numberOfRobotsOnBlackSite,numberOfRobotsOnWhiteSite
34807,28,14
timeStep,numberOfRobotsOnBlackSite,numberOfRobotsOnWhiteSite
34808,28,14
timeStep,numberOfRobotsOnBlackSite,numberOfRobotsOnWhiteSite
34809,28,14
timeStep,numberOfRobotsOnBlackSite,numberOfRobotsOnWhiteSite
34810,28,14
timeStep,numberOfRobotsOnBlackSite,numberOfRobotsOnWhiteSite
34811,28,14
timeStep,numberOfRobotsOnBlackSite,numberOfRobotsOnWhiteSite
34812,28,14
timeStep,numberOfRobotsOnBlackSite,numberOfRobotsOnWhiteSite
34813,28,14
timeStep,numberOfRobotsOnBlackSite,numberOfRobotsOnWhiteSite
34814,28,14
timeStep,numberOfRobotsOnBlackSite,numberOfRobotsOnWhiteSite
34815,28,14
timeStep,numberOfRobotsOnBlackSite,numberOfRobotsOnWhiteSite
34816,28,14
timeStep,numberOfRobotsOnBlackSite,numberOfRobotsOnWhiteSite
34817,28,14
timeStep,numberOfRobotsOnBlackSite,numberOfRobotsOnWhiteSite
34818,28,14
timeStep,numberOfRobotsOnBlackSite,numberOfRobotsOnWhiteSite
34819,28,14
timeStep,numberOfRobotsOnBlackSite,numberOfRobotsOnWhiteSite
34820,28,14
timeStep,numberOfRobotsOnBlackSite,numberOfRobotsOnWhiteSite
34821,28,14
timeStep,numberOfRobotsOnBlackSite,numberOfRobotsOnWhiteSite
34822,28,14
timeStep,numberOfRobotsOnBlackSite,numberOfRobotsOnWhiteSite
34823,28,14
timeStep,numberOfRobotsOnBlackSite,numberOfRobotsOnWhiteSite
34824,28,14
timeStep,numberOfRobotsOnBlackSite,numberOfRobotsOnWhiteSite
34825,28,14
timeStep,numberOfRobotsOnBlackSite,numberOfRobotsOnWhiteSite
34826,28,14
timeStep,numberOfRobotsOnBlackSite,numberOfRobotsOnWhiteSite
34827,28,14
timeStep,numberOfRobotsOnBlackSite,numberOfRobotsOnWhiteSite
34828,28,14
timeStep,numberOfRobotsOnBlackSite,numberOfRobotsOnWhiteSite
34829,28,14
timeStep,numberOfRobotsOnBlackSite,numberOfRobotsOnWhiteSite
34830,28,14
timeStep,numberOfRobotsOnBlackSite,numberOfRobotsOnWhiteSite
34831,28,14
timeStep,numberOfRobotsOnBlackSite,numberOfRobotsOnWhiteSite
34832,28,14
timeStep,numberOfRobotsOnBlackSite,numberOfRobotsOnWhiteSite
34833,28,14
timeStep,numberOfRobotsOnBlackSite,numberOfRobotsOnWhiteSite
34834,28,14
timeStep,numberOfRobotsOnBlackSite,numberOfRobotsOnWhiteSite
34835,28,14
timeStep,numberOfRobotsOnBlackSite,numberOfRobotsOnWhiteSite
34836,28,14
timeStep,numberOfRobotsOnBlackSite,numberOfRobotsOnWhiteSite
34837,28,14
timeStep,numberOfRobotsOnBlackSite,numberOfRobotsOnWhiteSite
34838,28,14
timeStep,numberOfRobotsOnBlackSite,numberOfRobotsOnWhiteSite
34839,28,14
timeStep,numberOfRobotsOnBlackSite,numberOfRobotsOnWhiteSite
34840,28,14
timeStep,numberOfRobotsOnBlackSite,numberOfRobotsOnWhiteSite
34841,28,14
timeStep,numberOfRobotsOnBlackSite,numberOfRobotsOnWhiteSite
34842,28,14
timeStep,numberOfRobotsOnBlackSite,numberOfRobotsOnWhiteSite
34843,28,14
timeStep,numberOfRobotsOnBlackSite,numberOfRobotsOnWhiteSite
34844,28,14
timeStep,numberOfRobotsOnBlackSite,numberOfRobotsOnWhiteSite
34845,28,14
timeStep,numberOfRobotsOnBlackSite,numberOfRobotsOnWhiteSite
34846,28,14
timeStep,numberOfRobotsOnBlackSite,numberOfRobotsOnWhiteSite
34847,28,14
timeStep,numberOfRobotsOnBlackSite,numberOfRobotsOnWhiteSite
34848,28,14
timeStep,numberOfRobotsOnBlackSite,numberOfRobotsOnWhiteSite
34849,28,14
timeStep,numberOfRobotsOnBlackSite,numberOfRobotsOnWhiteSite
34850,28,14
timeStep,numberOfRobotsOnBlackSite,numberOfRobotsOnWhiteSite
34851,28,14
timeStep,numberOfRobotsOnBlackSite,numberOfRobotsOnWhiteSite
34852,28,14
timeStep,numberOfRobotsOnBlackSite,numberOfRobotsOnWhiteSite
34853,28,14
timeStep,numberOfRobotsOnBlackSite,numberOfRobotsOnWhiteSite
34854,28,14
timeStep,numberOfRobotsOnBlackSite,numberOfRobotsOnWhiteSite
34855,28,14
timeStep,numberOfRobotsOnBlackSite,numberOfRobotsOnWhiteSite
34856,28,14
timeStep,numberOfRobotsOnBlackSite,numberOfRobotsOnWhiteSite
34857,28,14
timeStep,numberOfRobotsOnBlackSite,numberOfRobotsOnWhiteSite
34858,28,14
timeStep,numberOfRobotsOnBlackSite,numberOfRobotsOnWhiteSite
34859,28,14
timeStep,numberOfRobotsOnBlackSite,numberOfRobotsOnWhiteSite
34860,28,14
timeStep,numberOfRobotsOnBlackSite,numberOfRobotsOnWhiteSite
34861,28,14
timeStep,numberOfRobotsOnBlackSite,numberOfRobotsOnWhiteSite
34862,28,14
timeStep,numberOfRobotsOnBlackSite,numberOfRobotsOnWhiteSite
34863,28,14
timeStep,numberOfRobotsOnBlackSite,numberOfRobotsOnWhiteSite
34864,28,14
timeStep,numberOfRobotsOnBlackSite,numberOfRobotsOnWhiteSite
34865,28,14
timeStep,numberOfRobotsOnBlackSite,numberOfRobotsOnWhiteSite
34866,28,14
timeStep,numberOfRobotsOnBlackSite,numberOfRobotsOnWhiteSite
34867,28,14
timeStep,numberOfRobotsOnBlackSite,numberOfRobotsOnWhiteSite
34868,28,14
timeStep,numberOfRobotsOnBlackSite,numberOfRobotsOnWhiteSite
34869,28,14
timeStep,numberOfRobotsOnBlackSite,numberOfRobotsOnWhiteSite
34870,28,14
timeStep,numberOfRobotsOnBlackSite,numberOfRobotsOnWhiteSite
34871,28,14
timeStep,numberOfRobotsOnBlackSite,numberOfRobotsOnWhiteSite
34872,28,14
timeStep,numberOfRobotsOnBlackSite,numberOfRobotsOnWhiteSite
34873,28,14
timeStep,numberOfRobotsOnBlackSite,numberOfRobotsOnWhiteSite
34874,28,14
timeStep,numberOfRobotsOnBlackSite,numberOfRobotsOnWhiteSite
34875,28,14
timeStep,numberOfRobotsOnBlackSite,numberOfRobotsOnWhiteSite
34876,28,14
timeStep,numberOfRobotsOnBlackSite,numberOfRobotsOnWhiteSite
34877,28,14
timeStep,numberOfRobotsOnBlackSite,numberOfRobotsOnWhiteSite
34878,28,14
timeStep,numberOfRobotsOnBlackSite,numberOfRobotsOnWhiteSite
34879,28,14
timeStep,numberOfRobotsOnBlackSite,numberOfRobotsOnWhiteSite
34880,28,14
timeStep,numberOfRobotsOnBlackSite,numberOfRobotsOnWhiteSite
34881,28,14
timeStep,numberOfRobotsOnBlackSite,numberOfRobotsOnWhiteSite
34882,28,14
timeStep,numberOfRobotsOnBlackSite,numberOfRobotsOnWhiteSite
34883,28,14
timeStep,numberOfRobotsOnBlackSite,numberOfRobotsOnWhiteSite
34884,28,14
timeStep,numberOfRobotsOnBlackSite,numberOfRobotsOnWhiteSite
34885,28,14
timeStep,numberOfRobotsOnBlackSite,numberOfRobotsOnWhiteSite
34886,28,14
timeStep,numberOfRobotsOnBlackSite,numberOfRobotsOnWhiteSite
34887,28,14
timeStep,numberOfRobotsOnBlackSite,numberOfRobotsOnWhiteSite
34888,28,14
timeStep,numberOfRobotsOnBlackSite,numberOfRobotsOnWhiteSite
34889,28,14
timeStep,numberOfRobotsOnBlackSite,numberOfRobotsOnWhiteSite
34890,28,14
timeStep,numberOfRobotsOnBlackSite,numberOfRobotsOnWhiteSite
34891,28,14
timeStep,numberOfRobotsOnBlackSite,numberOfRobotsOnWhiteSite
34892,28,14
timeStep,numberOfRobotsOnBlackSite,numberOfRobotsOnWhiteSite
34893,28,14
timeStep,numberOfRobotsOnBlackSite,numberOfRobotsOnWhiteSite
34894,28,14
timeStep,numberOfRobotsOnBlackSite,numberOfRobotsOnWhiteSite
34895,28,14
timeStep,numberOfRobotsOnBlackSite,numberOfRobotsOnWhiteSite
34896,28,14
timeStep,numberOfRobotsOnBlackSite,numberOfRobotsOnWhiteSite
34897,28,14
timeStep,numberOfRobotsOnBlackSite,numberOfRobotsOnWhiteSite
34898,28,14
timeStep,numberOfRobotsOnBlackSite,numberOfRobotsOnWhiteSite
34899,28,14
timeStep,numberOfRobotsOnBlackSite,numberOfRobotsOnWhiteSite
34900,28,14
timeStep,numberOfRobotsOnBlackSite,numberOfRobotsOnWhiteSite
34901,28,14
timeStep,numberOfRobotsOnBlackSite,numberOfRobotsOnWhiteSite
34902,28,14
timeStep,numberOfRobotsOnBlackSite,numberOfRobotsOnWhiteSite
34903,28,14
timeStep,numberOfRobotsOnBlackSite,numberOfRobotsOnWhiteSite
34904,28,14
timeStep,numberOfRobotsOnBlackSite,numberOfRobotsOnWhiteSite
34905,28,14
timeStep,numberOfRobotsOnBlackSite,numberOfRobotsOnWhiteSite
34906,28,14
timeStep,numberOfRobotsOnBlackSite,numberOfRobotsOnWhiteSite
34907,28,14
timeStep,numberOfRobotsOnBlackSite,numberOfRobotsOnWhiteSite
34908,28,14
timeStep,numberOfRobotsOnBlackSite,numberOfRobotsOnWhiteSite
34909,28,14
timeStep,numberOfRobotsOnBlackSite,numberOfRobotsOnWhiteSite
34910,28,14
timeStep,numberOfRobotsOnBlackSite,numberOfRobotsOnWhiteSite
34911,28,14
timeStep,numberOfRobotsOnBlackSite,numberOfRobotsOnWhiteSite
34912,28,14
timeStep,numberOfRobotsOnBlackSite,numberOfRobotsOnWhiteSite
34913,28,14
timeStep,numberOfRobotsOnBlackSite,numberOfRobotsOnWhiteSite
34914,28,14
timeStep,numberOfRobotsOnBlackSite,numberOfRobotsOnWhiteSite
34915,28,14
timeStep,numberOfRobotsOnBlackSite,numberOfRobotsOnWhiteSite
34916,28,14
timeStep,numberOfRobotsOnBlackSite,numberOfRobotsOnWhiteSite
34917,28,14
timeStep,numberOfRobotsOnBlackSite,numberOfRobotsOnWhiteSite
34918,28,14
timeStep,numberOfRobotsOnBlackSite,numberOfRobotsOnWhiteSite
34919,28,14
timeStep,numberOfRobotsOnBlackSite,numberOfRobotsOnWhiteSite
34920,28,14
timeStep,numberOfRobotsOnBlackSite,numberOfRobotsOnWhiteSite
34921,28,14
timeStep,numberOfRobotsOnBlackSite,numberOfRobotsOnWhiteSite
34922,28,14
timeStep,numberOfRobotsOnBlackSite,numberOfRobotsOnWhiteSite
34923,28,14
timeStep,numberOfRobotsOnBlackSite,numberOfRobotsOnWhiteSite
34924,28,14
timeStep,numberOfRobotsOnBlackSite,numberOfRobotsOnWhiteSite
34925,28,14
timeStep,numberOfRobotsOnBlackSite,numberOfRobotsOnWhiteSite
34926,28,14
timeStep,numberOfRobotsOnBlackSite,numberOfRobotsOnWhiteSite
34927,28,14
timeStep,numberOfRobotsOnBlackSite,numberOfRobotsOnWhiteSite
34928,28,14
timeStep,numberOfRobotsOnBlackSite,numberOfRobotsOnWhiteSite
34929,28,14
timeStep,numberOfRobotsOnBlackSite,numberOfRobotsOnWhiteSite
34930,28,14
timeStep,numberOfRobotsOnBlackSite,numberOfRobotsOnWhiteSite
34931,28,14
timeStep,numberOfRobotsOnBlackSite,numberOfRobotsOnWhiteSite
34932,28,14
timeStep,numberOfRobotsOnBlackSite,numberOfRobotsOnWhiteSite
34933,28,14
timeStep,numberOfRobotsOnBlackSite,numberOfRobotsOnWhiteSite
34934,28,14
timeStep,numberOfRobotsOnBlackSite,numberOfRobotsOnWhiteSite
34935,28,14
timeStep,numberOfRobotsOnBlackSite,numberOfRobotsOnWhiteSite
34936,28,14
timeStep,numberOfRobotsOnBlackSite,numberOfRobotsOnWhiteSite
34937,28,14
timeStep,numberOfRobotsOnBlackSite,numberOfRobotsOnWhiteSite
34938,28,14
timeStep,numberOfRobotsOnBlackSite,numberOfRobotsOnWhiteSite
34939,28,14
timeStep,numberOfRobotsOnBlackSite,numberOfRobotsOnWhiteSite
34940,28,14
timeStep,numberOfRobotsOnBlackSite,numberOfRobotsOnWhiteSite
34941,28,14
timeStep,numberOfRobotsOnBlackSite,numberOfRobotsOnWhiteSite
34942,28,14
timeStep,numberOfRobotsOnBlackSite,numberOfRobotsOnWhiteSite
34943,28,14
timeStep,numberOfRobotsOnBlackSite,numberOfRobotsOnWhiteSite
34944,28,14
timeStep,numberOfRobotsOnBlackSite,numberOfRobotsOnWhiteSite
34945,28,13
timeStep,numberOfRobotsOnBlackSite,numberOfRobotsOnWhiteSite
34946,28,13
timeStep,numberOfRobotsOnBlackSite,numberOfRobotsOnWhiteSite
34947,28,13
timeStep,numberOfRobotsOnBlackSite,numberOfRobotsOnWhiteSite
34948,28,13
timeStep,numberOfRobotsOnBlackSite,numberOfRobotsOnWhiteSite
34949,28,13
timeStep,numberOfRobotsOnBlackSite,numberOfRobotsOnWhiteSite
34950,28,13
timeStep,numberOfRobotsOnBlackSite,numberOfRobotsOnWhiteSite
34951,28,13
timeStep,numberOfRobotsOnBlackSite,numberOfRobotsOnWhiteSite
34952,28,13
timeStep,numberOfRobotsOnBlackSite,numberOfRobotsOnWhiteSite
34953,28,13
timeStep,numberOfRobotsOnBlackSite,numberOfRobotsOnWhiteSite
34954,28,13
timeStep,numberOfRobotsOnBlackSite,numberOfRobotsOnWhiteSite
34955,28,13
timeStep,numberOfRobotsOnBlackSite,numberOfRobotsOnWhiteSite
34956,28,13
timeStep,numberOfRobotsOnBlackSite,numberOfRobotsOnWhiteSite
34957,28,13
timeStep,numberOfRobotsOnBlackSite,numberOfRobotsOnWhiteSite
34958,28,13
timeStep,numberOfRobotsOnBlackSite,numberOfRobotsOnWhiteSite
34959,28,13
timeStep,numberOfRobotsOnBlackSite,numberOfRobotsOnWhiteSite
34960,28,13
timeStep,numberOfRobotsOnBlackSite,numberOfRobotsOnWhiteSite
34961,28,13
timeStep,numberOfRobotsOnBlackSite,numberOfRobotsOnWhiteSite
34962,28,13
timeStep,numberOfRobotsOnBlackSite,numberOfRobotsOnWhiteSite
34963,28,13
timeStep,numberOfRobotsOnBlackSite,numberOfRobotsOnWhiteSite
34964,28,13
timeStep,numberOfRobotsOnBlackSite,numberOfRobotsOnWhiteSite
34965,28,13
timeStep,numberOfRobotsOnBlackSite,numberOfRobotsOnWhiteSite
34966,28,13
timeStep,numberOfRobotsOnBlackSite,numberOfRobotsOnWhiteSite
34967,28,13
timeStep,numberOfRobotsOnBlackSite,numberOfRobotsOnWhiteSite
34968,28,13
timeStep,numberOfRobotsOnBlackSite,numberOfRobotsOnWhiteSite
34969,28,13
timeStep,numberOfRobotsOnBlackSite,numberOfRobotsOnWhiteSite
34970,28,13
timeStep,numberOfRobotsOnBlackSite,numberOfRobotsOnWhiteSite
34971,28,13
timeStep,numberOfRobotsOnBlackSite,numberOfRobotsOnWhiteSite
34972,28,13
timeStep,numberOfRobotsOnBlackSite,numberOfRobotsOnWhiteSite
34973,28,13
timeStep,numberOfRobotsOnBlackSite,numberOfRobotsOnWhiteSite
34974,28,13
timeStep,numberOfRobotsOnBlackSite,numberOfRobotsOnWhiteSite
34975,28,13
timeStep,numberOfRobotsOnBlackSite,numberOfRobotsOnWhiteSite
34976,28,13
timeStep,numberOfRobotsOnBlackSite,numberOfRobotsOnWhiteSite
34977,28,13
timeStep,numberOfRobotsOnBlackSite,numberOfRobotsOnWhiteSite
34978,28,13
timeStep,numberOfRobotsOnBlackSite,numberOfRobotsOnWhiteSite
34979,28,13
timeStep,numberOfRobotsOnBlackSite,numberOfRobotsOnWhiteSite
34980,28,13
timeStep,numberOfRobotsOnBlackSite,numberOfRobotsOnWhiteSite
34981,28,13
timeStep,numberOfRobotsOnBlackSite,numberOfRobotsOnWhiteSite
34982,28,13
timeStep,numberOfRobotsOnBlackSite,numberOfRobotsOnWhiteSite
34983,28,13
timeStep,numberOfRobotsOnBlackSite,numberOfRobotsOnWhiteSite
34984,28,13
timeStep,numberOfRobotsOnBlackSite,numberOfRobotsOnWhiteSite
34985,28,13
timeStep,numberOfRobotsOnBlackSite,numberOfRobotsOnWhiteSite
34986,28,13
timeStep,numberOfRobotsOnBlackSite,numberOfRobotsOnWhiteSite
34987,28,13
timeStep,numberOfRobotsOnBlackSite,numberOfRobotsOnWhiteSite
34988,28,13
timeStep,numberOfRobotsOnBlackSite,numberOfRobotsOnWhiteSite
34989,28,13
timeStep,numberOfRobotsOnBlackSite,numberOfRobotsOnWhiteSite
34990,28,13
timeStep,numberOfRobotsOnBlackSite,numberOfRobotsOnWhiteSite
34991,28,13
timeStep,numberOfRobotsOnBlackSite,numberOfRobotsOnWhiteSite
34992,28,13
timeStep,numberOfRobotsOnBlackSite,numberOfRobotsOnWhiteSite
34993,28,13
timeStep,numberOfRobotsOnBlackSite,numberOfRobotsOnWhiteSite
34994,28,13
timeStep,numberOfRobotsOnBlackSite,numberOfRobotsOnWhiteSite
34995,28,14
timeStep,numberOfRobotsOnBlackSite,numberOfRobotsOnWhiteSite
34996,28,14
timeStep,numberOfRobotsOnBlackSite,numberOfRobotsOnWhiteSite
34997,28,14
timeStep,numberOfRobotsOnBlackSite,numberOfRobotsOnWhiteSite
34998,28,14
timeStep,numberOfRobotsOnBlackSite,numberOfRobotsOnWhiteSite
34999,28,14
timeStep,numberOfRobotsOnBlackSite,numberOfRobotsOnWhiteSite
35000,28,14
timeStep,numberOfRobotsOnBlackSite,numberOfRobotsOnWhiteSite
35001,28,14
timeStep,numberOfRobotsOnBlackSite,numberOfRobotsOnWhiteSite
35002,28,14
timeStep,numberOfRobotsOnBlackSite,numberOfRobotsOnWhiteSite
35003,28,14
timeStep,numberOfRobotsOnBlackSite,numberOfRobotsOnWhiteSite
35004,28,14
timeStep,numberOfRobotsOnBlackSite,numberOfRobotsOnWhiteSite
35005,28,14
timeStep,numberOfRobotsOnBlackSite,numberOfRobotsOnWhiteSite
35006,28,14
timeStep,numberOfRobotsOnBlackSite,numberOfRobotsOnWhiteSite
35007,28,14
timeStep,numberOfRobotsOnBlackSite,numberOfRobotsOnWhiteSite
35008,28,14
timeStep,numberOfRobotsOnBlackSite,numberOfRobotsOnWhiteSite
35009,28,14
timeStep,numberOfRobotsOnBlackSite,numberOfRobotsOnWhiteSite
35010,28,14
timeStep,numberOfRobotsOnBlackSite,numberOfRobotsOnWhiteSite
35011,28,14
timeStep,numberOfRobotsOnBlackSite,numberOfRobotsOnWhiteSite
35012,28,14
timeStep,numberOfRobotsOnBlackSite,numberOfRobotsOnWhiteSite
35013,28,14
timeStep,numberOfRobotsOnBlackSite,numberOfRobotsOnWhiteSite
35014,28,14
timeStep,numberOfRobotsOnBlackSite,numberOfRobotsOnWhiteSite
35015,28,14
timeStep,numberOfRobotsOnBlackSite,numberOfRobotsOnWhiteSite
35016,28,14
timeStep,numberOfRobotsOnBlackSite,numberOfRobotsOnWhiteSite
35017,28,14
timeStep,numberOfRobotsOnBlackSite,numberOfRobotsOnWhiteSite
35018,28,14
timeStep,numberOfRobotsOnBlackSite,numberOfRobotsOnWhiteSite
35019,28,14
timeStep,numberOfRobotsOnBlackSite,numberOfRobotsOnWhiteSite
35020,28,14
timeStep,numberOfRobotsOnBlackSite,numberOfRobotsOnWhiteSite
35021,28,14
timeStep,numberOfRobotsOnBlackSite,numberOfRobotsOnWhiteSite
35022,28,14
timeStep,numberOfRobotsOnBlackSite,numberOfRobotsOnWhiteSite
35023,28,14
timeStep,numberOfRobotsOnBlackSite,numberOfRobotsOnWhiteSite
35024,28,14
timeStep,numberOfRobotsOnBlackSite,numberOfRobotsOnWhiteSite
35025,28,14
timeStep,numberOfRobotsOnBlackSite,numberOfRobotsOnWhiteSite
35026,28,14
timeStep,numberOfRobotsOnBlackSite,numberOfRobotsOnWhiteSite
35027,28,14
timeStep,numberOfRobotsOnBlackSite,numberOfRobotsOnWhiteSite
35028,28,14
timeStep,numberOfRobotsOnBlackSite,numberOfRobotsOnWhiteSite
35029,28,14
timeStep,numberOfRobotsOnBlackSite,numberOfRobotsOnWhiteSite
35030,29,14
timeStep,numberOfRobotsOnBlackSite,numberOfRobotsOnWhiteSite
35031,29,14
timeStep,numberOfRobotsOnBlackSite,numberOfRobotsOnWhiteSite
35032,29,14
timeStep,numberOfRobotsOnBlackSite,numberOfRobotsOnWhiteSite
35033,29,14
timeStep,numberOfRobotsOnBlackSite,numberOfRobotsOnWhiteSite
35034,29,14
timeStep,numberOfRobotsOnBlackSite,numberOfRobotsOnWhiteSite
35035,29,14
timeStep,numberOfRobotsOnBlackSite,numberOfRobotsOnWhiteSite
35036,29,14
timeStep,numberOfRobotsOnBlackSite,numberOfRobotsOnWhiteSite
35037,29,14
timeStep,numberOfRobotsOnBlackSite,numberOfRobotsOnWhiteSite
35038,29,14
timeStep,numberOfRobotsOnBlackSite,numberOfRobotsOnWhiteSite
35039,29,14
timeStep,numberOfRobotsOnBlackSite,numberOfRobotsOnWhiteSite
35040,29,14
timeStep,numberOfRobotsOnBlackSite,numberOfRobotsOnWhiteSite
35041,29,14
timeStep,numberOfRobotsOnBlackSite,numberOfRobotsOnWhiteSite
35042,29,14
timeStep,numberOfRobotsOnBlackSite,numberOfRobotsOnWhiteSite
35043,29,14
timeStep,numberOfRobotsOnBlackSite,numberOfRobotsOnWhiteSite
35044,29,14
timeStep,numberOfRobotsOnBlackSite,numberOfRobotsOnWhiteSite
35045,29,14
timeStep,numberOfRobotsOnBlackSite,numberOfRobotsOnWhiteSite
35046,29,14
timeStep,numberOfRobotsOnBlackSite,numberOfRobotsOnWhiteSite
35047,29,14
timeStep,numberOfRobotsOnBlackSite,numberOfRobotsOnWhiteSite
35048,29,14
timeStep,numberOfRobotsOnBlackSite,numberOfRobotsOnWhiteSite
35049,29,14
timeStep,numberOfRobotsOnBlackSite,numberOfRobotsOnWhiteSite
35050,28,14
timeStep,numberOfRobotsOnBlackSite,numberOfRobotsOnWhiteSite
35051,28,14
timeStep,numberOfRobotsOnBlackSite,numberOfRobotsOnWhiteSite
35052,28,14
timeStep,numberOfRobotsOnBlackSite,numberOfRobotsOnWhiteSite
35053,28,14
timeStep,numberOfRobotsOnBlackSite,numberOfRobotsOnWhiteSite
35054,28,14
timeStep,numberOfRobotsOnBlackSite,numberOfRobotsOnWhiteSite
35055,28,14
timeStep,numberOfRobotsOnBlackSite,numberOfRobotsOnWhiteSite
35056,28,14
timeStep,numberOfRobotsOnBlackSite,numberOfRobotsOnWhiteSite
35057,28,14
timeStep,numberOfRobotsOnBlackSite,numberOfRobotsOnWhiteSite
35058,28,14
timeStep,numberOfRobotsOnBlackSite,numberOfRobotsOnWhiteSite
35059,28,14
timeStep,numberOfRobotsOnBlackSite,numberOfRobotsOnWhiteSite
35060,28,14
timeStep,numberOfRobotsOnBlackSite,numberOfRobotsOnWhiteSite
35061,28,14
timeStep,numberOfRobotsOnBlackSite,numberOfRobotsOnWhiteSite
35062,28,14
timeStep,numberOfRobotsOnBlackSite,numberOfRobotsOnWhiteSite
35063,28,14
timeStep,numberOfRobotsOnBlackSite,numberOfRobotsOnWhiteSite
35064,28,14
timeStep,numberOfRobotsOnBlackSite,numberOfRobotsOnWhiteSite
35065,28,14
timeStep,numberOfRobotsOnBlackSite,numberOfRobotsOnWhiteSite
35066,28,14
timeStep,numberOfRobotsOnBlackSite,numberOfRobotsOnWhiteSite
35067,28,14
timeStep,numberOfRobotsOnBlackSite,numberOfRobotsOnWhiteSite
35068,28,14
timeStep,numberOfRobotsOnBlackSite,numberOfRobotsOnWhiteSite
35069,28,14
timeStep,numberOfRobotsOnBlackSite,numberOfRobotsOnWhiteSite
35070,28,14
timeStep,numberOfRobotsOnBlackSite,numberOfRobotsOnWhiteSite
35071,28,14
timeStep,numberOfRobotsOnBlackSite,numberOfRobotsOnWhiteSite
35072,28,14
timeStep,numberOfRobotsOnBlackSite,numberOfRobotsOnWhiteSite
35073,28,14
timeStep,numberOfRobotsOnBlackSite,numberOfRobotsOnWhiteSite
35074,28,14
timeStep,numberOfRobotsOnBlackSite,numberOfRobotsOnWhiteSite
35075,28,14
timeStep,numberOfRobotsOnBlackSite,numberOfRobotsOnWhiteSite
35076,28,14
timeStep,numberOfRobotsOnBlackSite,numberOfRobotsOnWhiteSite
35077,28,14
timeStep,numberOfRobotsOnBlackSite,numberOfRobotsOnWhiteSite
35078,28,14
timeStep,numberOfRobotsOnBlackSite,numberOfRobotsOnWhiteSite
35079,28,14
timeStep,numberOfRobotsOnBlackSite,numberOfRobotsOnWhiteSite
35080,28,14
timeStep,numberOfRobotsOnBlackSite,numberOfRobotsOnWhiteSite
35081,28,14
timeStep,numberOfRobotsOnBlackSite,numberOfRobotsOnWhiteSite
35082,28,14
timeStep,numberOfRobotsOnBlackSite,numberOfRobotsOnWhiteSite
35083,28,14
timeStep,numberOfRobotsOnBlackSite,numberOfRobotsOnWhiteSite
35084,28,14
timeStep,numberOfRobotsOnBlackSite,numberOfRobotsOnWhiteSite
35085,28,14
timeStep,numberOfRobotsOnBlackSite,numberOfRobotsOnWhiteSite
35086,28,14
timeStep,numberOfRobotsOnBlackSite,numberOfRobotsOnWhiteSite
35087,28,14
timeStep,numberOfRobotsOnBlackSite,numberOfRobotsOnWhiteSite
35088,28,14
timeStep,numberOfRobotsOnBlackSite,numberOfRobotsOnWhiteSite
35089,28,14
timeStep,numberOfRobotsOnBlackSite,numberOfRobotsOnWhiteSite
35090,28,14
timeStep,numberOfRobotsOnBlackSite,numberOfRobotsOnWhiteSite
35091,28,14
timeStep,numberOfRobotsOnBlackSite,numberOfRobotsOnWhiteSite
35092,28,14
timeStep,numberOfRobotsOnBlackSite,numberOfRobotsOnWhiteSite
35093,28,14
timeStep,numberOfRobotsOnBlackSite,numberOfRobotsOnWhiteSite
35094,28,14
timeStep,numberOfRobotsOnBlackSite,numberOfRobotsOnWhiteSite
35095,28,14
timeStep,numberOfRobotsOnBlackSite,numberOfRobotsOnWhiteSite
35096,28,14
timeStep,numberOfRobotsOnBlackSite,numberOfRobotsOnWhiteSite
35097,28,14
timeStep,numberOfRobotsOnBlackSite,numberOfRobotsOnWhiteSite
35098,28,14
timeStep,numberOfRobotsOnBlackSite,numberOfRobotsOnWhiteSite
35099,28,14
timeStep,numberOfRobotsOnBlackSite,numberOfRobotsOnWhiteSite
35100,28,14
timeStep,numberOfRobotsOnBlackSite,numberOfRobotsOnWhiteSite
35101,28,14
timeStep,numberOfRobotsOnBlackSite,numberOfRobotsOnWhiteSite
35102,28,14
timeStep,numberOfRobotsOnBlackSite,numberOfRobotsOnWhiteSite
35103,28,14
timeStep,numberOfRobotsOnBlackSite,numberOfRobotsOnWhiteSite
35104,28,14
timeStep,numberOfRobotsOnBlackSite,numberOfRobotsOnWhiteSite
35105,28,14
timeStep,numberOfRobotsOnBlackSite,numberOfRobotsOnWhiteSite
35106,28,14
timeStep,numberOfRobotsOnBlackSite,numberOfRobotsOnWhiteSite
35107,28,14
timeStep,numberOfRobotsOnBlackSite,numberOfRobotsOnWhiteSite
35108,28,14
timeStep,numberOfRobotsOnBlackSite,numberOfRobotsOnWhiteSite
35109,28,14
timeStep,numberOfRobotsOnBlackSite,numberOfRobotsOnWhiteSite
35110,28,14
timeStep,numberOfRobotsOnBlackSite,numberOfRobotsOnWhiteSite
35111,28,14
timeStep,numberOfRobotsOnBlackSite,numberOfRobotsOnWhiteSite
35112,28,14
timeStep,numberOfRobotsOnBlackSite,numberOfRobotsOnWhiteSite
35113,28,14
timeStep,numberOfRobotsOnBlackSite,numberOfRobotsOnWhiteSite
35114,28,14
timeStep,numberOfRobotsOnBlackSite,numberOfRobotsOnWhiteSite
35115,28,14
timeStep,numberOfRobotsOnBlackSite,numberOfRobotsOnWhiteSite
35116,28,14
timeStep,numberOfRobotsOnBlackSite,numberOfRobotsOnWhiteSite
35117,28,14
timeStep,numberOfRobotsOnBlackSite,numberOfRobotsOnWhiteSite
35118,28,14
timeStep,numberOfRobotsOnBlackSite,numberOfRobotsOnWhiteSite
35119,28,14
timeStep,numberOfRobotsOnBlackSite,numberOfRobotsOnWhiteSite
35120,27,14
timeStep,numberOfRobotsOnBlackSite,numberOfRobotsOnWhiteSite
35121,27,14
timeStep,numberOfRobotsOnBlackSite,numberOfRobotsOnWhiteSite
35122,27,14
timeStep,numberOfRobotsOnBlackSite,numberOfRobotsOnWhiteSite
35123,27,14
timeStep,numberOfRobotsOnBlackSite,numberOfRobotsOnWhiteSite
35124,27,14
timeStep,numberOfRobotsOnBlackSite,numberOfRobotsOnWhiteSite
35125,27,14
timeStep,numberOfRobotsOnBlackSite,numberOfRobotsOnWhiteSite
35126,27,14
timeStep,numberOfRobotsOnBlackSite,numberOfRobotsOnWhiteSite
35127,27,14
timeStep,numberOfRobotsOnBlackSite,numberOfRobotsOnWhiteSite
35128,27,14
timeStep,numberOfRobotsOnBlackSite,numberOfRobotsOnWhiteSite
35129,27,14
timeStep,numberOfRobotsOnBlackSite,numberOfRobotsOnWhiteSite
35130,26,14
timeStep,numberOfRobotsOnBlackSite,numberOfRobotsOnWhiteSite
35131,26,14
timeStep,numberOfRobotsOnBlackSite,numberOfRobotsOnWhiteSite
35132,26,14
timeStep,numberOfRobotsOnBlackSite,numberOfRobotsOnWhiteSite
35133,26,14
timeStep,numberOfRobotsOnBlackSite,numberOfRobotsOnWhiteSite
35134,26,14
timeStep,numberOfRobotsOnBlackSite,numberOfRobotsOnWhiteSite
35135,26,14
timeStep,numberOfRobotsOnBlackSite,numberOfRobotsOnWhiteSite
35136,26,14
timeStep,numberOfRobotsOnBlackSite,numberOfRobotsOnWhiteSite
35137,26,14
timeStep,numberOfRobotsOnBlackSite,numberOfRobotsOnWhiteSite
35138,26,14
timeStep,numberOfRobotsOnBlackSite,numberOfRobotsOnWhiteSite
35139,26,14
timeStep,numberOfRobotsOnBlackSite,numberOfRobotsOnWhiteSite
35140,26,14
timeStep,numberOfRobotsOnBlackSite,numberOfRobotsOnWhiteSite
35141,26,14
timeStep,numberOfRobotsOnBlackSite,numberOfRobotsOnWhiteSite
35142,26,14
timeStep,numberOfRobotsOnBlackSite,numberOfRobotsOnWhiteSite
35143,26,14
timeStep,numberOfRobotsOnBlackSite,numberOfRobotsOnWhiteSite
35144,26,14
timeStep,numberOfRobotsOnBlackSite,numberOfRobotsOnWhiteSite
35145,26,14
timeStep,numberOfRobotsOnBlackSite,numberOfRobotsOnWhiteSite
35146,26,14
timeStep,numberOfRobotsOnBlackSite,numberOfRobotsOnWhiteSite
35147,26,14
timeStep,numberOfRobotsOnBlackSite,numberOfRobotsOnWhiteSite
35148,26,14
timeStep,numberOfRobotsOnBlackSite,numberOfRobotsOnWhiteSite
35149,26,14
timeStep,numberOfRobotsOnBlackSite,numberOfRobotsOnWhiteSite
35150,26,14
timeStep,numberOfRobotsOnBlackSite,numberOfRobotsOnWhiteSite
35151,26,14
timeStep,numberOfRobotsOnBlackSite,numberOfRobotsOnWhiteSite
35152,26,14
timeStep,numberOfRobotsOnBlackSite,numberOfRobotsOnWhiteSite
35153,26,14
timeStep,numberOfRobotsOnBlackSite,numberOfRobotsOnWhiteSite
35154,26,14
timeStep,numberOfRobotsOnBlackSite,numberOfRobotsOnWhiteSite
35155,26,14
timeStep,numberOfRobotsOnBlackSite,numberOfRobotsOnWhiteSite
35156,26,14
timeStep,numberOfRobotsOnBlackSite,numberOfRobotsOnWhiteSite
35157,26,14
timeStep,numberOfRobotsOnBlackSite,numberOfRobotsOnWhiteSite
35158,26,14
timeStep,numberOfRobotsOnBlackSite,numberOfRobotsOnWhiteSite
35159,26,14
timeStep,numberOfRobotsOnBlackSite,numberOfRobotsOnWhiteSite
35160,26,14
timeStep,numberOfRobotsOnBlackSite,numberOfRobotsOnWhiteSite
35161,26,14
timeStep,numberOfRobotsOnBlackSite,numberOfRobotsOnWhiteSite
35162,26,14
timeStep,numberOfRobotsOnBlackSite,numberOfRobotsOnWhiteSite
35163,26,14
timeStep,numberOfRobotsOnBlackSite,numberOfRobotsOnWhiteSite
35164,26,14
timeStep,numberOfRobotsOnBlackSite,numberOfRobotsOnWhiteSite
35165,26,14
timeStep,numberOfRobotsOnBlackSite,numberOfRobotsOnWhiteSite
35166,26,14
timeStep,numberOfRobotsOnBlackSite,numberOfRobotsOnWhiteSite
35167,26,14
timeStep,numberOfRobotsOnBlackSite,numberOfRobotsOnWhiteSite
35168,26,14
timeStep,numberOfRobotsOnBlackSite,numberOfRobotsOnWhiteSite
35169,26,14
timeStep,numberOfRobotsOnBlackSite,numberOfRobotsOnWhiteSite
35170,26,14
timeStep,numberOfRobotsOnBlackSite,numberOfRobotsOnWhiteSite
35171,26,14
timeStep,numberOfRobotsOnBlackSite,numberOfRobotsOnWhiteSite
35172,26,14
timeStep,numberOfRobotsOnBlackSite,numberOfRobotsOnWhiteSite
35173,26,14
timeStep,numberOfRobotsOnBlackSite,numberOfRobotsOnWhiteSite
35174,26,14
timeStep,numberOfRobotsOnBlackSite,numberOfRobotsOnWhiteSite
35175,26,14
timeStep,numberOfRobotsOnBlackSite,numberOfRobotsOnWhiteSite
35176,26,14
timeStep,numberOfRobotsOnBlackSite,numberOfRobotsOnWhiteSite
35177,26,14
timeStep,numberOfRobotsOnBlackSite,numberOfRobotsOnWhiteSite
35178,26,14
timeStep,numberOfRobotsOnBlackSite,numberOfRobotsOnWhiteSite
35179,26,14
timeStep,numberOfRobotsOnBlackSite,numberOfRobotsOnWhiteSite
35180,26,14
timeStep,numberOfRobotsOnBlackSite,numberOfRobotsOnWhiteSite
35181,26,14
timeStep,numberOfRobotsOnBlackSite,numberOfRobotsOnWhiteSite
35182,26,14
timeStep,numberOfRobotsOnBlackSite,numberOfRobotsOnWhiteSite
35183,26,14
timeStep,numberOfRobotsOnBlackSite,numberOfRobotsOnWhiteSite
35184,26,14
timeStep,numberOfRobotsOnBlackSite,numberOfRobotsOnWhiteSite
35185,26,14
timeStep,numberOfRobotsOnBlackSite,numberOfRobotsOnWhiteSite
35186,26,14
timeStep,numberOfRobotsOnBlackSite,numberOfRobotsOnWhiteSite
35187,26,14
timeStep,numberOfRobotsOnBlackSite,numberOfRobotsOnWhiteSite
35188,26,14
timeStep,numberOfRobotsOnBlackSite,numberOfRobotsOnWhiteSite
35189,26,14
timeStep,numberOfRobotsOnBlackSite,numberOfRobotsOnWhiteSite
35190,26,14
timeStep,numberOfRobotsOnBlackSite,numberOfRobotsOnWhiteSite
35191,26,14
timeStep,numberOfRobotsOnBlackSite,numberOfRobotsOnWhiteSite
35192,26,14
timeStep,numberOfRobotsOnBlackSite,numberOfRobotsOnWhiteSite
35193,26,14
timeStep,numberOfRobotsOnBlackSite,numberOfRobotsOnWhiteSite
35194,26,14
timeStep,numberOfRobotsOnBlackSite,numberOfRobotsOnWhiteSite
35195,26,14
timeStep,numberOfRobotsOnBlackSite,numberOfRobotsOnWhiteSite
35196,26,14
timeStep,numberOfRobotsOnBlackSite,numberOfRobotsOnWhiteSite
35197,26,14
timeStep,numberOfRobotsOnBlackSite,numberOfRobotsOnWhiteSite
35198,26,14
timeStep,numberOfRobotsOnBlackSite,numberOfRobotsOnWhiteSite
35199,26,14
timeStep,numberOfRobotsOnBlackSite,numberOfRobotsOnWhiteSite
35200,26,14
timeStep,numberOfRobotsOnBlackSite,numberOfRobotsOnWhiteSite
35201,26,14
timeStep,numberOfRobotsOnBlackSite,numberOfRobotsOnWhiteSite
35202,26,14
timeStep,numberOfRobotsOnBlackSite,numberOfRobotsOnWhiteSite
35203,26,14
timeStep,numberOfRobotsOnBlackSite,numberOfRobotsOnWhiteSite
35204,26,14
timeStep,numberOfRobotsOnBlackSite,numberOfRobotsOnWhiteSite
35205,26,14
timeStep,numberOfRobotsOnBlackSite,numberOfRobotsOnWhiteSite
35206,26,14
timeStep,numberOfRobotsOnBlackSite,numberOfRobotsOnWhiteSite
35207,26,14
timeStep,numberOfRobotsOnBlackSite,numberOfRobotsOnWhiteSite
35208,26,14
timeStep,numberOfRobotsOnBlackSite,numberOfRobotsOnWhiteSite
35209,26,14
timeStep,numberOfRobotsOnBlackSite,numberOfRobotsOnWhiteSite
35210,26,14
timeStep,numberOfRobotsOnBlackSite,numberOfRobotsOnWhiteSite
35211,26,14
timeStep,numberOfRobotsOnBlackSite,numberOfRobotsOnWhiteSite
35212,26,14
timeStep,numberOfRobotsOnBlackSite,numberOfRobotsOnWhiteSite
35213,26,14
timeStep,numberOfRobotsOnBlackSite,numberOfRobotsOnWhiteSite
35214,26,14
timeStep,numberOfRobotsOnBlackSite,numberOfRobotsOnWhiteSite
35215,26,14
timeStep,numberOfRobotsOnBlackSite,numberOfRobotsOnWhiteSite
35216,26,14
timeStep,numberOfRobotsOnBlackSite,numberOfRobotsOnWhiteSite
35217,26,14
timeStep,numberOfRobotsOnBlackSite,numberOfRobotsOnWhiteSite
35218,26,14
timeStep,numberOfRobotsOnBlackSite,numberOfRobotsOnWhiteSite
35219,26,14
timeStep,numberOfRobotsOnBlackSite,numberOfRobotsOnWhiteSite
35220,26,14
timeStep,numberOfRobotsOnBlackSite,numberOfRobotsOnWhiteSite
35221,26,14
timeStep,numberOfRobotsOnBlackSite,numberOfRobotsOnWhiteSite
35222,26,14
timeStep,numberOfRobotsOnBlackSite,numberOfRobotsOnWhiteSite
35223,26,14
timeStep,numberOfRobotsOnBlackSite,numberOfRobotsOnWhiteSite
35224,26,14
timeStep,numberOfRobotsOnBlackSite,numberOfRobotsOnWhiteSite
35225,26,14
timeStep,numberOfRobotsOnBlackSite,numberOfRobotsOnWhiteSite
35226,26,14
timeStep,numberOfRobotsOnBlackSite,numberOfRobotsOnWhiteSite
35227,26,14
timeStep,numberOfRobotsOnBlackSite,numberOfRobotsOnWhiteSite
35228,26,14
timeStep,numberOfRobotsOnBlackSite,numberOfRobotsOnWhiteSite
35229,26,14
timeStep,numberOfRobotsOnBlackSite,numberOfRobotsOnWhiteSite
35230,26,14
timeStep,numberOfRobotsOnBlackSite,numberOfRobotsOnWhiteSite
35231,26,14
timeStep,numberOfRobotsOnBlackSite,numberOfRobotsOnWhiteSite
35232,26,14
timeStep,numberOfRobotsOnBlackSite,numberOfRobotsOnWhiteSite
35233,26,14
timeStep,numberOfRobotsOnBlackSite,numberOfRobotsOnWhiteSite
35234,26,14
timeStep,numberOfRobotsOnBlackSite,numberOfRobotsOnWhiteSite
35235,26,14
timeStep,numberOfRobotsOnBlackSite,numberOfRobotsOnWhiteSite
35236,26,14
timeStep,numberOfRobotsOnBlackSite,numberOfRobotsOnWhiteSite
35237,26,14
timeStep,numberOfRobotsOnBlackSite,numberOfRobotsOnWhiteSite
35238,26,14
timeStep,numberOfRobotsOnBlackSite,numberOfRobotsOnWhiteSite
35239,26,14
timeStep,numberOfRobotsOnBlackSite,numberOfRobotsOnWhiteSite
35240,26,14
timeStep,numberOfRobotsOnBlackSite,numberOfRobotsOnWhiteSite
35241,26,14
timeStep,numberOfRobotsOnBlackSite,numberOfRobotsOnWhiteSite
35242,26,14
timeStep,numberOfRobotsOnBlackSite,numberOfRobotsOnWhiteSite
35243,26,14
timeStep,numberOfRobotsOnBlackSite,numberOfRobotsOnWhiteSite
35244,26,14
timeStep,numberOfRobotsOnBlackSite,numberOfRobotsOnWhiteSite
35245,26,14
timeStep,numberOfRobotsOnBlackSite,numberOfRobotsOnWhiteSite
35246,26,14
timeStep,numberOfRobotsOnBlackSite,numberOfRobotsOnWhiteSite
35247,26,14
timeStep,numberOfRobotsOnBlackSite,numberOfRobotsOnWhiteSite
35248,26,14
timeStep,numberOfRobotsOnBlackSite,numberOfRobotsOnWhiteSite
35249,26,14
timeStep,numberOfRobotsOnBlackSite,numberOfRobotsOnWhiteSite
35250,26,14
timeStep,numberOfRobotsOnBlackSite,numberOfRobotsOnWhiteSite
35251,26,14
timeStep,numberOfRobotsOnBlackSite,numberOfRobotsOnWhiteSite
35252,26,14
timeStep,numberOfRobotsOnBlackSite,numberOfRobotsOnWhiteSite
35253,26,14
timeStep,numberOfRobotsOnBlackSite,numberOfRobotsOnWhiteSite
35254,26,14
timeStep,numberOfRobotsOnBlackSite,numberOfRobotsOnWhiteSite
35255,26,14
timeStep,numberOfRobotsOnBlackSite,numberOfRobotsOnWhiteSite
35256,26,14
timeStep,numberOfRobotsOnBlackSite,numberOfRobotsOnWhiteSite
35257,26,14
timeStep,numberOfRobotsOnBlackSite,numberOfRobotsOnWhiteSite
35258,26,14
timeStep,numberOfRobotsOnBlackSite,numberOfRobotsOnWhiteSite
35259,26,14
timeStep,numberOfRobotsOnBlackSite,numberOfRobotsOnWhiteSite
35260,26,14
timeStep,numberOfRobotsOnBlackSite,numberOfRobotsOnWhiteSite
35261,26,14
timeStep,numberOfRobotsOnBlackSite,numberOfRobotsOnWhiteSite
35262,26,14
timeStep,numberOfRobotsOnBlackSite,numberOfRobotsOnWhiteSite
35263,26,14
timeStep,numberOfRobotsOnBlackSite,numberOfRobotsOnWhiteSite
35264,26,14
timeStep,numberOfRobotsOnBlackSite,numberOfRobotsOnWhiteSite
35265,26,14
timeStep,numberOfRobotsOnBlackSite,numberOfRobotsOnWhiteSite
35266,26,14
timeStep,numberOfRobotsOnBlackSite,numberOfRobotsOnWhiteSite
35267,26,14
timeStep,numberOfRobotsOnBlackSite,numberOfRobotsOnWhiteSite
35268,26,14
timeStep,numberOfRobotsOnBlackSite,numberOfRobotsOnWhiteSite
35269,26,14
timeStep,numberOfRobotsOnBlackSite,numberOfRobotsOnWhiteSite
35270,26,14
timeStep,numberOfRobotsOnBlackSite,numberOfRobotsOnWhiteSite
35271,26,14
timeStep,numberOfRobotsOnBlackSite,numberOfRobotsOnWhiteSite
35272,26,14
timeStep,numberOfRobotsOnBlackSite,numberOfRobotsOnWhiteSite
35273,26,14
timeStep,numberOfRobotsOnBlackSite,numberOfRobotsOnWhiteSite
35274,26,14
timeStep,numberOfRobotsOnBlackSite,numberOfRobotsOnWhiteSite
35275,26,14
timeStep,numberOfRobotsOnBlackSite,numberOfRobotsOnWhiteSite
35276,26,14
timeStep,numberOfRobotsOnBlackSite,numberOfRobotsOnWhiteSite
35277,26,14
timeStep,numberOfRobotsOnBlackSite,numberOfRobotsOnWhiteSite
35278,26,14
timeStep,numberOfRobotsOnBlackSite,numberOfRobotsOnWhiteSite
35279,26,14
timeStep,numberOfRobotsOnBlackSite,numberOfRobotsOnWhiteSite
35280,26,14
timeStep,numberOfRobotsOnBlackSite,numberOfRobotsOnWhiteSite
35281,26,14
timeStep,numberOfRobotsOnBlackSite,numberOfRobotsOnWhiteSite
35282,26,14
timeStep,numberOfRobotsOnBlackSite,numberOfRobotsOnWhiteSite
35283,26,14
timeStep,numberOfRobotsOnBlackSite,numberOfRobotsOnWhiteSite
35284,26,14
timeStep,numberOfRobotsOnBlackSite,numberOfRobotsOnWhiteSite
35285,26,14
timeStep,numberOfRobotsOnBlackSite,numberOfRobotsOnWhiteSite
35286,26,14
timeStep,numberOfRobotsOnBlackSite,numberOfRobotsOnWhiteSite
35287,26,14
timeStep,numberOfRobotsOnBlackSite,numberOfRobotsOnWhiteSite
35288,26,14
timeStep,numberOfRobotsOnBlackSite,numberOfRobotsOnWhiteSite
35289,26,14
timeStep,numberOfRobotsOnBlackSite,numberOfRobotsOnWhiteSite
35290,27,14
timeStep,numberOfRobotsOnBlackSite,numberOfRobotsOnWhiteSite
35291,27,14
timeStep,numberOfRobotsOnBlackSite,numberOfRobotsOnWhiteSite
35292,27,14
timeStep,numberOfRobotsOnBlackSite,numberOfRobotsOnWhiteSite
35293,27,14
timeStep,numberOfRobotsOnBlackSite,numberOfRobotsOnWhiteSite
35294,27,14
timeStep,numberOfRobotsOnBlackSite,numberOfRobotsOnWhiteSite
35295,27,14
timeStep,numberOfRobotsOnBlackSite,numberOfRobotsOnWhiteSite
35296,27,14
timeStep,numberOfRobotsOnBlackSite,numberOfRobotsOnWhiteSite
35297,27,14
timeStep,numberOfRobotsOnBlackSite,numberOfRobotsOnWhiteSite
35298,27,14
timeStep,numberOfRobotsOnBlackSite,numberOfRobotsOnWhiteSite
35299,27,14
timeStep,numberOfRobotsOnBlackSite,numberOfRobotsOnWhiteSite
35300,27,14
timeStep,numberOfRobotsOnBlackSite,numberOfRobotsOnWhiteSite
35301,27,14
timeStep,numberOfRobotsOnBlackSite,numberOfRobotsOnWhiteSite
35302,27,14
timeStep,numberOfRobotsOnBlackSite,numberOfRobotsOnWhiteSite
35303,27,14
timeStep,numberOfRobotsOnBlackSite,numberOfRobotsOnWhiteSite
35304,27,14
timeStep,numberOfRobotsOnBlackSite,numberOfRobotsOnWhiteSite
35305,27,14
timeStep,numberOfRobotsOnBlackSite,numberOfRobotsOnWhiteSite
35306,27,14
timeStep,numberOfRobotsOnBlackSite,numberOfRobotsOnWhiteSite
35307,27,14
timeStep,numberOfRobotsOnBlackSite,numberOfRobotsOnWhiteSite
35308,27,14
timeStep,numberOfRobotsOnBlackSite,numberOfRobotsOnWhiteSite
35309,27,14
timeStep,numberOfRobotsOnBlackSite,numberOfRobotsOnWhiteSite
35310,27,14
timeStep,numberOfRobotsOnBlackSite,numberOfRobotsOnWhiteSite
35311,27,14
timeStep,numberOfRobotsOnBlackSite,numberOfRobotsOnWhiteSite
35312,27,14
timeStep,numberOfRobotsOnBlackSite,numberOfRobotsOnWhiteSite
35313,27,14
timeStep,numberOfRobotsOnBlackSite,numberOfRobotsOnWhiteSite
35314,27,14
timeStep,numberOfRobotsOnBlackSite,numberOfRobotsOnWhiteSite
35315,27,14
timeStep,numberOfRobotsOnBlackSite,numberOfRobotsOnWhiteSite
35316,27,14
timeStep,numberOfRobotsOnBlackSite,numberOfRobotsOnWhiteSite
35317,27,14
timeStep,numberOfRobotsOnBlackSite,numberOfRobotsOnWhiteSite
35318,27,14
timeStep,numberOfRobotsOnBlackSite,numberOfRobotsOnWhiteSite
35319,27,14
timeStep,numberOfRobotsOnBlackSite,numberOfRobotsOnWhiteSite
35320,27,14
timeStep,numberOfRobotsOnBlackSite,numberOfRobotsOnWhiteSite
35321,27,14
timeStep,numberOfRobotsOnBlackSite,numberOfRobotsOnWhiteSite
35322,27,14
timeStep,numberOfRobotsOnBlackSite,numberOfRobotsOnWhiteSite
35323,27,14
timeStep,numberOfRobotsOnBlackSite,numberOfRobotsOnWhiteSite
35324,27,14
timeStep,numberOfRobotsOnBlackSite,numberOfRobotsOnWhiteSite
35325,27,14
timeStep,numberOfRobotsOnBlackSite,numberOfRobotsOnWhiteSite
35326,27,14
timeStep,numberOfRobotsOnBlackSite,numberOfRobotsOnWhiteSite
35327,27,14
timeStep,numberOfRobotsOnBlackSite,numberOfRobotsOnWhiteSite
35328,27,14
timeStep,numberOfRobotsOnBlackSite,numberOfRobotsOnWhiteSite
35329,27,14
timeStep,numberOfRobotsOnBlackSite,numberOfRobotsOnWhiteSite
35330,27,14
timeStep,numberOfRobotsOnBlackSite,numberOfRobotsOnWhiteSite
35331,27,14
timeStep,numberOfRobotsOnBlackSite,numberOfRobotsOnWhiteSite
35332,27,14
timeStep,numberOfRobotsOnBlackSite,numberOfRobotsOnWhiteSite
35333,27,14
timeStep,numberOfRobotsOnBlackSite,numberOfRobotsOnWhiteSite
35334,27,14
timeStep,numberOfRobotsOnBlackSite,numberOfRobotsOnWhiteSite
35335,27,14
timeStep,numberOfRobotsOnBlackSite,numberOfRobotsOnWhiteSite
35336,27,14
timeStep,numberOfRobotsOnBlackSite,numberOfRobotsOnWhiteSite
35337,27,14
timeStep,numberOfRobotsOnBlackSite,numberOfRobotsOnWhiteSite
35338,27,14
timeStep,numberOfRobotsOnBlackSite,numberOfRobotsOnWhiteSite
35339,27,14
timeStep,numberOfRobotsOnBlackSite,numberOfRobotsOnWhiteSite
35340,27,14
timeStep,numberOfRobotsOnBlackSite,numberOfRobotsOnWhiteSite
35341,27,14
timeStep,numberOfRobotsOnBlackSite,numberOfRobotsOnWhiteSite
35342,27,14
timeStep,numberOfRobotsOnBlackSite,numberOfRobotsOnWhiteSite
35343,27,14
timeStep,numberOfRobotsOnBlackSite,numberOfRobotsOnWhiteSite
35344,27,14
timeStep,numberOfRobotsOnBlackSite,numberOfRobotsOnWhiteSite
35345,27,14
timeStep,numberOfRobotsOnBlackSite,numberOfRobotsOnWhiteSite
35346,27,14
timeStep,numberOfRobotsOnBlackSite,numberOfRobotsOnWhiteSite
35347,27,14
timeStep,numberOfRobotsOnBlackSite,numberOfRobotsOnWhiteSite
35348,27,14
timeStep,numberOfRobotsOnBlackSite,numberOfRobotsOnWhiteSite
35349,27,14
timeStep,numberOfRobotsOnBlackSite,numberOfRobotsOnWhiteSite
35350,27,14
timeStep,numberOfRobotsOnBlackSite,numberOfRobotsOnWhiteSite
35351,27,14
timeStep,numberOfRobotsOnBlackSite,numberOfRobotsOnWhiteSite
35352,27,14
timeStep,numberOfRobotsOnBlackSite,numberOfRobotsOnWhiteSite
35353,27,14
timeStep,numberOfRobotsOnBlackSite,numberOfRobotsOnWhiteSite
35354,27,14
timeStep,numberOfRobotsOnBlackSite,numberOfRobotsOnWhiteSite
35355,27,14
timeStep,numberOfRobotsOnBlackSite,numberOfRobotsOnWhiteSite
35356,27,14
timeStep,numberOfRobotsOnBlackSite,numberOfRobotsOnWhiteSite
35357,27,14
timeStep,numberOfRobotsOnBlackSite,numberOfRobotsOnWhiteSite
35358,27,14
timeStep,numberOfRobotsOnBlackSite,numberOfRobotsOnWhiteSite
35359,27,14
timeStep,numberOfRobotsOnBlackSite,numberOfRobotsOnWhiteSite
35360,27,14
timeStep,numberOfRobotsOnBlackSite,numberOfRobotsOnWhiteSite
35361,27,14
timeStep,numberOfRobotsOnBlackSite,numberOfRobotsOnWhiteSite
35362,27,14
timeStep,numberOfRobotsOnBlackSite,numberOfRobotsOnWhiteSite
35363,27,14
timeStep,numberOfRobotsOnBlackSite,numberOfRobotsOnWhiteSite
35364,27,14
timeStep,numberOfRobotsOnBlackSite,numberOfRobotsOnWhiteSite
35365,28,14
timeStep,numberOfRobotsOnBlackSite,numberOfRobotsOnWhiteSite
35366,28,14
timeStep,numberOfRobotsOnBlackSite,numberOfRobotsOnWhiteSite
35367,28,14
timeStep,numberOfRobotsOnBlackSite,numberOfRobotsOnWhiteSite
35368,28,14
timeStep,numberOfRobotsOnBlackSite,numberOfRobotsOnWhiteSite
35369,28,14
timeStep,numberOfRobotsOnBlackSite,numberOfRobotsOnWhiteSite
35370,29,14
timeStep,numberOfRobotsOnBlackSite,numberOfRobotsOnWhiteSite
35371,29,14
timeStep,numberOfRobotsOnBlackSite,numberOfRobotsOnWhiteSite
35372,29,14
timeStep,numberOfRobotsOnBlackSite,numberOfRobotsOnWhiteSite
35373,29,14
timeStep,numberOfRobotsOnBlackSite,numberOfRobotsOnWhiteSite
35374,29,14
timeStep,numberOfRobotsOnBlackSite,numberOfRobotsOnWhiteSite
35375,29,14
timeStep,numberOfRobotsOnBlackSite,numberOfRobotsOnWhiteSite
35376,29,14
timeStep,numberOfRobotsOnBlackSite,numberOfRobotsOnWhiteSite
35377,29,14
timeStep,numberOfRobotsOnBlackSite,numberOfRobotsOnWhiteSite
35378,29,14
timeStep,numberOfRobotsOnBlackSite,numberOfRobotsOnWhiteSite
35379,29,14
timeStep,numberOfRobotsOnBlackSite,numberOfRobotsOnWhiteSite
35380,30,14
timeStep,numberOfRobotsOnBlackSite,numberOfRobotsOnWhiteSite
35381,30,14
timeStep,numberOfRobotsOnBlackSite,numberOfRobotsOnWhiteSite
35382,30,14
timeStep,numberOfRobotsOnBlackSite,numberOfRobotsOnWhiteSite
35383,30,14
timeStep,numberOfRobotsOnBlackSite,numberOfRobotsOnWhiteSite
35384,30,14
timeStep,numberOfRobotsOnBlackSite,numberOfRobotsOnWhiteSite
35385,30,14
timeStep,numberOfRobotsOnBlackSite,numberOfRobotsOnWhiteSite
35386,30,14
timeStep,numberOfRobotsOnBlackSite,numberOfRobotsOnWhiteSite
35387,30,14
timeStep,numberOfRobotsOnBlackSite,numberOfRobotsOnWhiteSite
35388,30,14
timeStep,numberOfRobotsOnBlackSite,numberOfRobotsOnWhiteSite
35389,30,14
timeStep,numberOfRobotsOnBlackSite,numberOfRobotsOnWhiteSite
35390,30,14
timeStep,numberOfRobotsOnBlackSite,numberOfRobotsOnWhiteSite
35391,30,14
timeStep,numberOfRobotsOnBlackSite,numberOfRobotsOnWhiteSite
35392,30,14
timeStep,numberOfRobotsOnBlackSite,numberOfRobotsOnWhiteSite
35393,30,14
timeStep,numberOfRobotsOnBlackSite,numberOfRobotsOnWhiteSite
35394,30,14
timeStep,numberOfRobotsOnBlackSite,numberOfRobotsOnWhiteSite
35395,30,14
timeStep,numberOfRobotsOnBlackSite,numberOfRobotsOnWhiteSite
35396,30,14
timeStep,numberOfRobotsOnBlackSite,numberOfRobotsOnWhiteSite
35397,30,14
timeStep,numberOfRobotsOnBlackSite,numberOfRobotsOnWhiteSite
35398,30,14
timeStep,numberOfRobotsOnBlackSite,numberOfRobotsOnWhiteSite
35399,30,14
timeStep,numberOfRobotsOnBlackSite,numberOfRobotsOnWhiteSite
35400,30,14
timeStep,numberOfRobotsOnBlackSite,numberOfRobotsOnWhiteSite
35401,30,14
timeStep,numberOfRobotsOnBlackSite,numberOfRobotsOnWhiteSite
35402,30,14
timeStep,numberOfRobotsOnBlackSite,numberOfRobotsOnWhiteSite
35403,30,14
timeStep,numberOfRobotsOnBlackSite,numberOfRobotsOnWhiteSite
35404,30,14
timeStep,numberOfRobotsOnBlackSite,numberOfRobotsOnWhiteSite
35405,29,14
timeStep,numberOfRobotsOnBlackSite,numberOfRobotsOnWhiteSite
35406,29,14
timeStep,numberOfRobotsOnBlackSite,numberOfRobotsOnWhiteSite
35407,29,14
timeStep,numberOfRobotsOnBlackSite,numberOfRobotsOnWhiteSite
35408,29,14
timeStep,numberOfRobotsOnBlackSite,numberOfRobotsOnWhiteSite
35409,29,14
timeStep,numberOfRobotsOnBlackSite,numberOfRobotsOnWhiteSite
35410,29,14
timeStep,numberOfRobotsOnBlackSite,numberOfRobotsOnWhiteSite
35411,29,14
timeStep,numberOfRobotsOnBlackSite,numberOfRobotsOnWhiteSite
35412,29,14
timeStep,numberOfRobotsOnBlackSite,numberOfRobotsOnWhiteSite
35413,29,14
timeStep,numberOfRobotsOnBlackSite,numberOfRobotsOnWhiteSite
35414,29,14
timeStep,numberOfRobotsOnBlackSite,numberOfRobotsOnWhiteSite
35415,29,14
timeStep,numberOfRobotsOnBlackSite,numberOfRobotsOnWhiteSite
35416,29,14
timeStep,numberOfRobotsOnBlackSite,numberOfRobotsOnWhiteSite
35417,29,14
timeStep,numberOfRobotsOnBlackSite,numberOfRobotsOnWhiteSite
35418,29,14
timeStep,numberOfRobotsOnBlackSite,numberOfRobotsOnWhiteSite
35419,29,14
timeStep,numberOfRobotsOnBlackSite,numberOfRobotsOnWhiteSite
35420,29,14
timeStep,numberOfRobotsOnBlackSite,numberOfRobotsOnWhiteSite
35421,29,14
timeStep,numberOfRobotsOnBlackSite,numberOfRobotsOnWhiteSite
35422,29,14
timeStep,numberOfRobotsOnBlackSite,numberOfRobotsOnWhiteSite
35423,29,14
timeStep,numberOfRobotsOnBlackSite,numberOfRobotsOnWhiteSite
35424,29,14
timeStep,numberOfRobotsOnBlackSite,numberOfRobotsOnWhiteSite
35425,29,14
timeStep,numberOfRobotsOnBlackSite,numberOfRobotsOnWhiteSite
35426,29,14
timeStep,numberOfRobotsOnBlackSite,numberOfRobotsOnWhiteSite
35427,29,14
timeStep,numberOfRobotsOnBlackSite,numberOfRobotsOnWhiteSite
35428,29,14
timeStep,numberOfRobotsOnBlackSite,numberOfRobotsOnWhiteSite
35429,29,14
timeStep,numberOfRobotsOnBlackSite,numberOfRobotsOnWhiteSite
35430,29,14
timeStep,numberOfRobotsOnBlackSite,numberOfRobotsOnWhiteSite
35431,29,14
timeStep,numberOfRobotsOnBlackSite,numberOfRobotsOnWhiteSite
35432,29,14
timeStep,numberOfRobotsOnBlackSite,numberOfRobotsOnWhiteSite
35433,29,14
timeStep,numberOfRobotsOnBlackSite,numberOfRobotsOnWhiteSite
35434,29,14
timeStep,numberOfRobotsOnBlackSite,numberOfRobotsOnWhiteSite
35435,29,14
timeStep,numberOfRobotsOnBlackSite,numberOfRobotsOnWhiteSite
35436,29,14
timeStep,numberOfRobotsOnBlackSite,numberOfRobotsOnWhiteSite
35437,29,14
timeStep,numberOfRobotsOnBlackSite,numberOfRobotsOnWhiteSite
35438,29,14
timeStep,numberOfRobotsOnBlackSite,numberOfRobotsOnWhiteSite
35439,29,14
timeStep,numberOfRobotsOnBlackSite,numberOfRobotsOnWhiteSite
35440,30,14
timeStep,numberOfRobotsOnBlackSite,numberOfRobotsOnWhiteSite
35441,30,14
timeStep,numberOfRobotsOnBlackSite,numberOfRobotsOnWhiteSite
35442,30,14
timeStep,numberOfRobotsOnBlackSite,numberOfRobotsOnWhiteSite
35443,30,14
timeStep,numberOfRobotsOnBlackSite,numberOfRobotsOnWhiteSite
35444,30,14
timeStep,numberOfRobotsOnBlackSite,numberOfRobotsOnWhiteSite
35445,30,14
timeStep,numberOfRobotsOnBlackSite,numberOfRobotsOnWhiteSite
35446,30,14
timeStep,numberOfRobotsOnBlackSite,numberOfRobotsOnWhiteSite
35447,30,14
timeStep,numberOfRobotsOnBlackSite,numberOfRobotsOnWhiteSite
35448,30,14
timeStep,numberOfRobotsOnBlackSite,numberOfRobotsOnWhiteSite
35449,30,14
timeStep,numberOfRobotsOnBlackSite,numberOfRobotsOnWhiteSite
35450,30,14
timeStep,numberOfRobotsOnBlackSite,numberOfRobotsOnWhiteSite
35451,30,14
timeStep,numberOfRobotsOnBlackSite,numberOfRobotsOnWhiteSite
35452,30,14
timeStep,numberOfRobotsOnBlackSite,numberOfRobotsOnWhiteSite
35453,30,14
timeStep,numberOfRobotsOnBlackSite,numberOfRobotsOnWhiteSite
35454,30,14
timeStep,numberOfRobotsOnBlackSite,numberOfRobotsOnWhiteSite
35455,30,14
timeStep,numberOfRobotsOnBlackSite,numberOfRobotsOnWhiteSite
35456,30,14
timeStep,numberOfRobotsOnBlackSite,numberOfRobotsOnWhiteSite
35457,30,14
timeStep,numberOfRobotsOnBlackSite,numberOfRobotsOnWhiteSite
35458,30,14
timeStep,numberOfRobotsOnBlackSite,numberOfRobotsOnWhiteSite
35459,30,14
timeStep,numberOfRobotsOnBlackSite,numberOfRobotsOnWhiteSite
35460,30,14
timeStep,numberOfRobotsOnBlackSite,numberOfRobotsOnWhiteSite
35461,30,14
timeStep,numberOfRobotsOnBlackSite,numberOfRobotsOnWhiteSite
35462,30,14
timeStep,numberOfRobotsOnBlackSite,numberOfRobotsOnWhiteSite
35463,30,14
timeStep,numberOfRobotsOnBlackSite,numberOfRobotsOnWhiteSite
35464,30,14
timeStep,numberOfRobotsOnBlackSite,numberOfRobotsOnWhiteSite
35465,30,14
timeStep,numberOfRobotsOnBlackSite,numberOfRobotsOnWhiteSite
35466,30,14
timeStep,numberOfRobotsOnBlackSite,numberOfRobotsOnWhiteSite
35467,30,14
timeStep,numberOfRobotsOnBlackSite,numberOfRobotsOnWhiteSite
35468,30,14
timeStep,numberOfRobotsOnBlackSite,numberOfRobotsOnWhiteSite
35469,30,14
timeStep,numberOfRobotsOnBlackSite,numberOfRobotsOnWhiteSite
35470,30,14
timeStep,numberOfRobotsOnBlackSite,numberOfRobotsOnWhiteSite
35471,30,14
timeStep,numberOfRobotsOnBlackSite,numberOfRobotsOnWhiteSite
35472,30,14
timeStep,numberOfRobotsOnBlackSite,numberOfRobotsOnWhiteSite
35473,30,14
timeStep,numberOfRobotsOnBlackSite,numberOfRobotsOnWhiteSite
35474,30,14
timeStep,numberOfRobotsOnBlackSite,numberOfRobotsOnWhiteSite
35475,30,14
timeStep,numberOfRobotsOnBlackSite,numberOfRobotsOnWhiteSite
35476,30,14
timeStep,numberOfRobotsOnBlackSite,numberOfRobotsOnWhiteSite
35477,30,14
timeStep,numberOfRobotsOnBlackSite,numberOfRobotsOnWhiteSite
35478,30,14
timeStep,numberOfRobotsOnBlackSite,numberOfRobotsOnWhiteSite
35479,30,14
timeStep,numberOfRobotsOnBlackSite,numberOfRobotsOnWhiteSite
35480,30,14
timeStep,numberOfRobotsOnBlackSite,numberOfRobotsOnWhiteSite
35481,30,14
timeStep,numberOfRobotsOnBlackSite,numberOfRobotsOnWhiteSite
35482,30,14
timeStep,numberOfRobotsOnBlackSite,numberOfRobotsOnWhiteSite
35483,30,14
timeStep,numberOfRobotsOnBlackSite,numberOfRobotsOnWhiteSite
35484,30,14
timeStep,numberOfRobotsOnBlackSite,numberOfRobotsOnWhiteSite
35485,30,14
timeStep,numberOfRobotsOnBlackSite,numberOfRobotsOnWhiteSite
35486,30,14
timeStep,numberOfRobotsOnBlackSite,numberOfRobotsOnWhiteSite
35487,30,14
timeStep,numberOfRobotsOnBlackSite,numberOfRobotsOnWhiteSite
35488,30,14
timeStep,numberOfRobotsOnBlackSite,numberOfRobotsOnWhiteSite
35489,30,14
timeStep,numberOfRobotsOnBlackSite,numberOfRobotsOnWhiteSite
35490,30,14
timeStep,numberOfRobotsOnBlackSite,numberOfRobotsOnWhiteSite
35491,30,14
timeStep,numberOfRobotsOnBlackSite,numberOfRobotsOnWhiteSite
35492,30,14
timeStep,numberOfRobotsOnBlackSite,numberOfRobotsOnWhiteSite
35493,30,14
timeStep,numberOfRobotsOnBlackSite,numberOfRobotsOnWhiteSite
35494,30,14
timeStep,numberOfRobotsOnBlackSite,numberOfRobotsOnWhiteSite
35495,30,14
timeStep,numberOfRobotsOnBlackSite,numberOfRobotsOnWhiteSite
35496,30,14
timeStep,numberOfRobotsOnBlackSite,numberOfRobotsOnWhiteSite
35497,30,14
timeStep,numberOfRobotsOnBlackSite,numberOfRobotsOnWhiteSite
35498,30,14
timeStep,numberOfRobotsOnBlackSite,numberOfRobotsOnWhiteSite
35499,30,14
timeStep,numberOfRobotsOnBlackSite,numberOfRobotsOnWhiteSite
35500,30,14
timeStep,numberOfRobotsOnBlackSite,numberOfRobotsOnWhiteSite
35501,30,14
timeStep,numberOfRobotsOnBlackSite,numberOfRobotsOnWhiteSite
35502,30,14
timeStep,numberOfRobotsOnBlackSite,numberOfRobotsOnWhiteSite
35503,30,14
timeStep,numberOfRobotsOnBlackSite,numberOfRobotsOnWhiteSite
35504,30,14
timeStep,numberOfRobotsOnBlackSite,numberOfRobotsOnWhiteSite
35505,30,14
timeStep,numberOfRobotsOnBlackSite,numberOfRobotsOnWhiteSite
35506,30,14
timeStep,numberOfRobotsOnBlackSite,numberOfRobotsOnWhiteSite
35507,30,14
timeStep,numberOfRobotsOnBlackSite,numberOfRobotsOnWhiteSite
35508,30,14
timeStep,numberOfRobotsOnBlackSite,numberOfRobotsOnWhiteSite
35509,30,14
timeStep,numberOfRobotsOnBlackSite,numberOfRobotsOnWhiteSite
35510,30,14
timeStep,numberOfRobotsOnBlackSite,numberOfRobotsOnWhiteSite
35511,30,14
timeStep,numberOfRobotsOnBlackSite,numberOfRobotsOnWhiteSite
35512,30,14
timeStep,numberOfRobotsOnBlackSite,numberOfRobotsOnWhiteSite
35513,30,14
timeStep,numberOfRobotsOnBlackSite,numberOfRobotsOnWhiteSite
35514,30,14
timeStep,numberOfRobotsOnBlackSite,numberOfRobotsOnWhiteSite
35515,30,14
timeStep,numberOfRobotsOnBlackSite,numberOfRobotsOnWhiteSite
35516,30,14
timeStep,numberOfRobotsOnBlackSite,numberOfRobotsOnWhiteSite
35517,30,14
timeStep,numberOfRobotsOnBlackSite,numberOfRobotsOnWhiteSite
35518,30,14
timeStep,numberOfRobotsOnBlackSite,numberOfRobotsOnWhiteSite
35519,30,14
timeStep,numberOfRobotsOnBlackSite,numberOfRobotsOnWhiteSite
35520,30,14
timeStep,numberOfRobotsOnBlackSite,numberOfRobotsOnWhiteSite
35521,30,14
timeStep,numberOfRobotsOnBlackSite,numberOfRobotsOnWhiteSite
35522,30,14
timeStep,numberOfRobotsOnBlackSite,numberOfRobotsOnWhiteSite
35523,30,14
timeStep,numberOfRobotsOnBlackSite,numberOfRobotsOnWhiteSite
35524,30,14
timeStep,numberOfRobotsOnBlackSite,numberOfRobotsOnWhiteSite
35525,30,14
timeStep,numberOfRobotsOnBlackSite,numberOfRobotsOnWhiteSite
35526,30,14
timeStep,numberOfRobotsOnBlackSite,numberOfRobotsOnWhiteSite
35527,30,14
timeStep,numberOfRobotsOnBlackSite,numberOfRobotsOnWhiteSite
35528,30,14
timeStep,numberOfRobotsOnBlackSite,numberOfRobotsOnWhiteSite
35529,30,14
timeStep,numberOfRobotsOnBlackSite,numberOfRobotsOnWhiteSite
35530,30,14
timeStep,numberOfRobotsOnBlackSite,numberOfRobotsOnWhiteSite
35531,30,14
timeStep,numberOfRobotsOnBlackSite,numberOfRobotsOnWhiteSite
35532,30,14
timeStep,numberOfRobotsOnBlackSite,numberOfRobotsOnWhiteSite
35533,30,14
timeStep,numberOfRobotsOnBlackSite,numberOfRobotsOnWhiteSite
35534,30,14
timeStep,numberOfRobotsOnBlackSite,numberOfRobotsOnWhiteSite
35535,30,14
timeStep,numberOfRobotsOnBlackSite,numberOfRobotsOnWhiteSite
35536,30,14
timeStep,numberOfRobotsOnBlackSite,numberOfRobotsOnWhiteSite
35537,30,14
timeStep,numberOfRobotsOnBlackSite,numberOfRobotsOnWhiteSite
35538,30,14
timeStep,numberOfRobotsOnBlackSite,numberOfRobotsOnWhiteSite
35539,30,14
timeStep,numberOfRobotsOnBlackSite,numberOfRobotsOnWhiteSite
35540,30,14
timeStep,numberOfRobotsOnBlackSite,numberOfRobotsOnWhiteSite
35541,30,14
timeStep,numberOfRobotsOnBlackSite,numberOfRobotsOnWhiteSite
35542,30,14
timeStep,numberOfRobotsOnBlackSite,numberOfRobotsOnWhiteSite
35543,30,14
timeStep,numberOfRobotsOnBlackSite,numberOfRobotsOnWhiteSite
35544,30,14
timeStep,numberOfRobotsOnBlackSite,numberOfRobotsOnWhiteSite
35545,30,14
timeStep,numberOfRobotsOnBlackSite,numberOfRobotsOnWhiteSite
35546,30,14
timeStep,numberOfRobotsOnBlackSite,numberOfRobotsOnWhiteSite
35547,30,14
timeStep,numberOfRobotsOnBlackSite,numberOfRobotsOnWhiteSite
35548,30,14
timeStep,numberOfRobotsOnBlackSite,numberOfRobotsOnWhiteSite
35549,30,14
timeStep,numberOfRobotsOnBlackSite,numberOfRobotsOnWhiteSite
35550,30,14
timeStep,numberOfRobotsOnBlackSite,numberOfRobotsOnWhiteSite
35551,30,14
timeStep,numberOfRobotsOnBlackSite,numberOfRobotsOnWhiteSite
35552,30,14
timeStep,numberOfRobotsOnBlackSite,numberOfRobotsOnWhiteSite
35553,30,14
timeStep,numberOfRobotsOnBlackSite,numberOfRobotsOnWhiteSite
35554,30,14
timeStep,numberOfRobotsOnBlackSite,numberOfRobotsOnWhiteSite
35555,30,14
timeStep,numberOfRobotsOnBlackSite,numberOfRobotsOnWhiteSite
35556,30,14
timeStep,numberOfRobotsOnBlackSite,numberOfRobotsOnWhiteSite
35557,30,14
timeStep,numberOfRobotsOnBlackSite,numberOfRobotsOnWhiteSite
35558,30,14
timeStep,numberOfRobotsOnBlackSite,numberOfRobotsOnWhiteSite
35559,30,14
timeStep,numberOfRobotsOnBlackSite,numberOfRobotsOnWhiteSite
35560,30,14
timeStep,numberOfRobotsOnBlackSite,numberOfRobotsOnWhiteSite
35561,30,14
timeStep,numberOfRobotsOnBlackSite,numberOfRobotsOnWhiteSite
35562,30,14
timeStep,numberOfRobotsOnBlackSite,numberOfRobotsOnWhiteSite
35563,30,14
timeStep,numberOfRobotsOnBlackSite,numberOfRobotsOnWhiteSite
35564,30,14
timeStep,numberOfRobotsOnBlackSite,numberOfRobotsOnWhiteSite
35565,30,14
timeStep,numberOfRobotsOnBlackSite,numberOfRobotsOnWhiteSite
35566,30,14
timeStep,numberOfRobotsOnBlackSite,numberOfRobotsOnWhiteSite
35567,30,14
timeStep,numberOfRobotsOnBlackSite,numberOfRobotsOnWhiteSite
35568,30,14
timeStep,numberOfRobotsOnBlackSite,numberOfRobotsOnWhiteSite
35569,30,14
timeStep,numberOfRobotsOnBlackSite,numberOfRobotsOnWhiteSite
35570,30,14
timeStep,numberOfRobotsOnBlackSite,numberOfRobotsOnWhiteSite
35571,30,14
timeStep,numberOfRobotsOnBlackSite,numberOfRobotsOnWhiteSite
35572,30,14
timeStep,numberOfRobotsOnBlackSite,numberOfRobotsOnWhiteSite
35573,30,14
timeStep,numberOfRobotsOnBlackSite,numberOfRobotsOnWhiteSite
35574,30,14
timeStep,numberOfRobotsOnBlackSite,numberOfRobotsOnWhiteSite
35575,30,14
timeStep,numberOfRobotsOnBlackSite,numberOfRobotsOnWhiteSite
35576,30,14
timeStep,numberOfRobotsOnBlackSite,numberOfRobotsOnWhiteSite
35577,30,14
timeStep,numberOfRobotsOnBlackSite,numberOfRobotsOnWhiteSite
35578,30,14
timeStep,numberOfRobotsOnBlackSite,numberOfRobotsOnWhiteSite
35579,30,14
timeStep,numberOfRobotsOnBlackSite,numberOfRobotsOnWhiteSite
35580,30,14
timeStep,numberOfRobotsOnBlackSite,numberOfRobotsOnWhiteSite
35581,30,14
timeStep,numberOfRobotsOnBlackSite,numberOfRobotsOnWhiteSite
35582,30,14
timeStep,numberOfRobotsOnBlackSite,numberOfRobotsOnWhiteSite
35583,30,14
timeStep,numberOfRobotsOnBlackSite,numberOfRobotsOnWhiteSite
35584,30,14
timeStep,numberOfRobotsOnBlackSite,numberOfRobotsOnWhiteSite
35585,30,14
timeStep,numberOfRobotsOnBlackSite,numberOfRobotsOnWhiteSite
35586,30,14
timeStep,numberOfRobotsOnBlackSite,numberOfRobotsOnWhiteSite
35587,30,14
timeStep,numberOfRobotsOnBlackSite,numberOfRobotsOnWhiteSite
35588,30,14
timeStep,numberOfRobotsOnBlackSite,numberOfRobotsOnWhiteSite
35589,30,14
timeStep,numberOfRobotsOnBlackSite,numberOfRobotsOnWhiteSite
35590,30,14
timeStep,numberOfRobotsOnBlackSite,numberOfRobotsOnWhiteSite
35591,30,14
timeStep,numberOfRobotsOnBlackSite,numberOfRobotsOnWhiteSite
35592,30,14
timeStep,numberOfRobotsOnBlackSite,numberOfRobotsOnWhiteSite
35593,30,14
timeStep,numberOfRobotsOnBlackSite,numberOfRobotsOnWhiteSite
35594,30,14
timeStep,numberOfRobotsOnBlackSite,numberOfRobotsOnWhiteSite
35595,30,13
timeStep,numberOfRobotsOnBlackSite,numberOfRobotsOnWhiteSite
35596,30,13
timeStep,numberOfRobotsOnBlackSite,numberOfRobotsOnWhiteSite
35597,30,13
timeStep,numberOfRobotsOnBlackSite,numberOfRobotsOnWhiteSite
35598,30,13
timeStep,numberOfRobotsOnBlackSite,numberOfRobotsOnWhiteSite
35599,30,13
timeStep,numberOfRobotsOnBlackSite,numberOfRobotsOnWhiteSite
35600,30,13
timeStep,numberOfRobotsOnBlackSite,numberOfRobotsOnWhiteSite
35601,30,13
timeStep,numberOfRobotsOnBlackSite,numberOfRobotsOnWhiteSite
35602,30,13
timeStep,numberOfRobotsOnBlackSite,numberOfRobotsOnWhiteSite
35603,30,13
timeStep,numberOfRobotsOnBlackSite,numberOfRobotsOnWhiteSite
35604,30,13
timeStep,numberOfRobotsOnBlackSite,numberOfRobotsOnWhiteSite
35605,30,13
timeStep,numberOfRobotsOnBlackSite,numberOfRobotsOnWhiteSite
35606,30,13
timeStep,numberOfRobotsOnBlackSite,numberOfRobotsOnWhiteSite
35607,30,13
timeStep,numberOfRobotsOnBlackSite,numberOfRobotsOnWhiteSite
35608,30,13
timeStep,numberOfRobotsOnBlackSite,numberOfRobotsOnWhiteSite
35609,30,13
timeStep,numberOfRobotsOnBlackSite,numberOfRobotsOnWhiteSite
35610,30,13
timeStep,numberOfRobotsOnBlackSite,numberOfRobotsOnWhiteSite
35611,30,13
timeStep,numberOfRobotsOnBlackSite,numberOfRobotsOnWhiteSite
35612,30,13
timeStep,numberOfRobotsOnBlackSite,numberOfRobotsOnWhiteSite
35613,30,13
timeStep,numberOfRobotsOnBlackSite,numberOfRobotsOnWhiteSite
35614,30,13
timeStep,numberOfRobotsOnBlackSite,numberOfRobotsOnWhiteSite
35615,30,13
timeStep,numberOfRobotsOnBlackSite,numberOfRobotsOnWhiteSite
35616,30,13
timeStep,numberOfRobotsOnBlackSite,numberOfRobotsOnWhiteSite
35617,30,13
timeStep,numberOfRobotsOnBlackSite,numberOfRobotsOnWhiteSite
35618,30,13
timeStep,numberOfRobotsOnBlackSite,numberOfRobotsOnWhiteSite
35619,30,13
timeStep,numberOfRobotsOnBlackSite,numberOfRobotsOnWhiteSite
35620,30,13
timeStep,numberOfRobotsOnBlackSite,numberOfRobotsOnWhiteSite
35621,30,13
timeStep,numberOfRobotsOnBlackSite,numberOfRobotsOnWhiteSite
35622,30,13
timeStep,numberOfRobotsOnBlackSite,numberOfRobotsOnWhiteSite
35623,30,13
timeStep,numberOfRobotsOnBlackSite,numberOfRobotsOnWhiteSite
35624,30,13
timeStep,numberOfRobotsOnBlackSite,numberOfRobotsOnWhiteSite
35625,30,13
timeStep,numberOfRobotsOnBlackSite,numberOfRobotsOnWhiteSite
35626,30,13
timeStep,numberOfRobotsOnBlackSite,numberOfRobotsOnWhiteSite
35627,30,13
timeStep,numberOfRobotsOnBlackSite,numberOfRobotsOnWhiteSite
35628,30,13
timeStep,numberOfRobotsOnBlackSite,numberOfRobotsOnWhiteSite
35629,30,13
timeStep,numberOfRobotsOnBlackSite,numberOfRobotsOnWhiteSite
35630,30,13
timeStep,numberOfRobotsOnBlackSite,numberOfRobotsOnWhiteSite
35631,30,13
timeStep,numberOfRobotsOnBlackSite,numberOfRobotsOnWhiteSite
35632,30,13
timeStep,numberOfRobotsOnBlackSite,numberOfRobotsOnWhiteSite
35633,30,13
timeStep,numberOfRobotsOnBlackSite,numberOfRobotsOnWhiteSite
35634,30,13
timeStep,numberOfRobotsOnBlackSite,numberOfRobotsOnWhiteSite
35635,30,13
timeStep,numberOfRobotsOnBlackSite,numberOfRobotsOnWhiteSite
35636,30,13
timeStep,numberOfRobotsOnBlackSite,numberOfRobotsOnWhiteSite
35637,30,13
timeStep,numberOfRobotsOnBlackSite,numberOfRobotsOnWhiteSite
35638,30,13
timeStep,numberOfRobotsOnBlackSite,numberOfRobotsOnWhiteSite
35639,30,13
timeStep,numberOfRobotsOnBlackSite,numberOfRobotsOnWhiteSite
35640,30,13
timeStep,numberOfRobotsOnBlackSite,numberOfRobotsOnWhiteSite
35641,30,13
timeStep,numberOfRobotsOnBlackSite,numberOfRobotsOnWhiteSite
35642,30,13
timeStep,numberOfRobotsOnBlackSite,numberOfRobotsOnWhiteSite
35643,30,13
timeStep,numberOfRobotsOnBlackSite,numberOfRobotsOnWhiteSite
35644,30,13
timeStep,numberOfRobotsOnBlackSite,numberOfRobotsOnWhiteSite
35645,30,13
timeStep,numberOfRobotsOnBlackSite,numberOfRobotsOnWhiteSite
35646,30,13
timeStep,numberOfRobotsOnBlackSite,numberOfRobotsOnWhiteSite
35647,30,13
timeStep,numberOfRobotsOnBlackSite,numberOfRobotsOnWhiteSite
35648,30,13
timeStep,numberOfRobotsOnBlackSite,numberOfRobotsOnWhiteSite
35649,30,13
timeStep,numberOfRobotsOnBlackSite,numberOfRobotsOnWhiteSite
35650,30,13
timeStep,numberOfRobotsOnBlackSite,numberOfRobotsOnWhiteSite
35651,30,13
timeStep,numberOfRobotsOnBlackSite,numberOfRobotsOnWhiteSite
35652,30,13
timeStep,numberOfRobotsOnBlackSite,numberOfRobotsOnWhiteSite
35653,30,13
timeStep,numberOfRobotsOnBlackSite,numberOfRobotsOnWhiteSite
35654,30,13
timeStep,numberOfRobotsOnBlackSite,numberOfRobotsOnWhiteSite
35655,30,13
timeStep,numberOfRobotsOnBlackSite,numberOfRobotsOnWhiteSite
35656,30,13
timeStep,numberOfRobotsOnBlackSite,numberOfRobotsOnWhiteSite
35657,30,13
timeStep,numberOfRobotsOnBlackSite,numberOfRobotsOnWhiteSite
35658,30,13
timeStep,numberOfRobotsOnBlackSite,numberOfRobotsOnWhiteSite
35659,30,13
timeStep,numberOfRobotsOnBlackSite,numberOfRobotsOnWhiteSite
35660,29,13
timeStep,numberOfRobotsOnBlackSite,numberOfRobotsOnWhiteSite
35661,29,13
timeStep,numberOfRobotsOnBlackSite,numberOfRobotsOnWhiteSite
35662,29,13
timeStep,numberOfRobotsOnBlackSite,numberOfRobotsOnWhiteSite
35663,29,13
timeStep,numberOfRobotsOnBlackSite,numberOfRobotsOnWhiteSite
35664,29,13
timeStep,numberOfRobotsOnBlackSite,numberOfRobotsOnWhiteSite
35665,29,13
timeStep,numberOfRobotsOnBlackSite,numberOfRobotsOnWhiteSite
35666,29,13
timeStep,numberOfRobotsOnBlackSite,numberOfRobotsOnWhiteSite
35667,29,13
timeStep,numberOfRobotsOnBlackSite,numberOfRobotsOnWhiteSite
35668,29,13
timeStep,numberOfRobotsOnBlackSite,numberOfRobotsOnWhiteSite
35669,29,13
timeStep,numberOfRobotsOnBlackSite,numberOfRobotsOnWhiteSite
35670,29,13
timeStep,numberOfRobotsOnBlackSite,numberOfRobotsOnWhiteSite
35671,29,13
timeStep,numberOfRobotsOnBlackSite,numberOfRobotsOnWhiteSite
35672,29,13
timeStep,numberOfRobotsOnBlackSite,numberOfRobotsOnWhiteSite
35673,29,13
timeStep,numberOfRobotsOnBlackSite,numberOfRobotsOnWhiteSite
35674,29,13
timeStep,numberOfRobotsOnBlackSite,numberOfRobotsOnWhiteSite
35675,29,13
timeStep,numberOfRobotsOnBlackSite,numberOfRobotsOnWhiteSite
35676,29,13
timeStep,numberOfRobotsOnBlackSite,numberOfRobotsOnWhiteSite
35677,29,13
timeStep,numberOfRobotsOnBlackSite,numberOfRobotsOnWhiteSite
35678,29,13
timeStep,numberOfRobotsOnBlackSite,numberOfRobotsOnWhiteSite
35679,29,13
timeStep,numberOfRobotsOnBlackSite,numberOfRobotsOnWhiteSite
35680,29,13
timeStep,numberOfRobotsOnBlackSite,numberOfRobotsOnWhiteSite
35681,29,13
timeStep,numberOfRobotsOnBlackSite,numberOfRobotsOnWhiteSite
35682,29,13
timeStep,numberOfRobotsOnBlackSite,numberOfRobotsOnWhiteSite
35683,29,13
timeStep,numberOfRobotsOnBlackSite,numberOfRobotsOnWhiteSite
35684,29,13
timeStep,numberOfRobotsOnBlackSite,numberOfRobotsOnWhiteSite
35685,29,13
timeStep,numberOfRobotsOnBlackSite,numberOfRobotsOnWhiteSite
35686,29,13
timeStep,numberOfRobotsOnBlackSite,numberOfRobotsOnWhiteSite
35687,29,13
timeStep,numberOfRobotsOnBlackSite,numberOfRobotsOnWhiteSite
35688,29,13
timeStep,numberOfRobotsOnBlackSite,numberOfRobotsOnWhiteSite
35689,29,13
timeStep,numberOfRobotsOnBlackSite,numberOfRobotsOnWhiteSite
35690,30,13
timeStep,numberOfRobotsOnBlackSite,numberOfRobotsOnWhiteSite
35691,30,13
timeStep,numberOfRobotsOnBlackSite,numberOfRobotsOnWhiteSite
35692,30,13
timeStep,numberOfRobotsOnBlackSite,numberOfRobotsOnWhiteSite
35693,30,13
timeStep,numberOfRobotsOnBlackSite,numberOfRobotsOnWhiteSite
35694,30,13
timeStep,numberOfRobotsOnBlackSite,numberOfRobotsOnWhiteSite
35695,30,13
timeStep,numberOfRobotsOnBlackSite,numberOfRobotsOnWhiteSite
35696,30,13
timeStep,numberOfRobotsOnBlackSite,numberOfRobotsOnWhiteSite
35697,30,13
timeStep,numberOfRobotsOnBlackSite,numberOfRobotsOnWhiteSite
35698,30,13
timeStep,numberOfRobotsOnBlackSite,numberOfRobotsOnWhiteSite
35699,30,13
timeStep,numberOfRobotsOnBlackSite,numberOfRobotsOnWhiteSite
35700,30,13
timeStep,numberOfRobotsOnBlackSite,numberOfRobotsOnWhiteSite
35701,30,13
timeStep,numberOfRobotsOnBlackSite,numberOfRobotsOnWhiteSite
35702,30,13
timeStep,numberOfRobotsOnBlackSite,numberOfRobotsOnWhiteSite
35703,30,13
timeStep,numberOfRobotsOnBlackSite,numberOfRobotsOnWhiteSite
35704,30,13
timeStep,numberOfRobotsOnBlackSite,numberOfRobotsOnWhiteSite
35705,30,13
timeStep,numberOfRobotsOnBlackSite,numberOfRobotsOnWhiteSite
35706,30,13
timeStep,numberOfRobotsOnBlackSite,numberOfRobotsOnWhiteSite
35707,30,13
timeStep,numberOfRobotsOnBlackSite,numberOfRobotsOnWhiteSite
35708,30,13
timeStep,numberOfRobotsOnBlackSite,numberOfRobotsOnWhiteSite
35709,30,13
timeStep,numberOfRobotsOnBlackSite,numberOfRobotsOnWhiteSite
35710,30,13
timeStep,numberOfRobotsOnBlackSite,numberOfRobotsOnWhiteSite
35711,30,13
timeStep,numberOfRobotsOnBlackSite,numberOfRobotsOnWhiteSite
35712,30,13
timeStep,numberOfRobotsOnBlackSite,numberOfRobotsOnWhiteSite
35713,30,13
timeStep,numberOfRobotsOnBlackSite,numberOfRobotsOnWhiteSite
35714,30,13
timeStep,numberOfRobotsOnBlackSite,numberOfRobotsOnWhiteSite
35715,30,13
timeStep,numberOfRobotsOnBlackSite,numberOfRobotsOnWhiteSite
35716,30,13
timeStep,numberOfRobotsOnBlackSite,numberOfRobotsOnWhiteSite
35717,30,13
timeStep,numberOfRobotsOnBlackSite,numberOfRobotsOnWhiteSite
35718,30,13
timeStep,numberOfRobotsOnBlackSite,numberOfRobotsOnWhiteSite
35719,30,13
timeStep,numberOfRobotsOnBlackSite,numberOfRobotsOnWhiteSite
35720,30,13
timeStep,numberOfRobotsOnBlackSite,numberOfRobotsOnWhiteSite
35721,30,13
timeStep,numberOfRobotsOnBlackSite,numberOfRobotsOnWhiteSite
35722,30,13
timeStep,numberOfRobotsOnBlackSite,numberOfRobotsOnWhiteSite
35723,30,13
timeStep,numberOfRobotsOnBlackSite,numberOfRobotsOnWhiteSite
35724,30,13
timeStep,numberOfRobotsOnBlackSite,numberOfRobotsOnWhiteSite
35725,30,14
timeStep,numberOfRobotsOnBlackSite,numberOfRobotsOnWhiteSite
35726,30,14
timeStep,numberOfRobotsOnBlackSite,numberOfRobotsOnWhiteSite
35727,30,14
timeStep,numberOfRobotsOnBlackSite,numberOfRobotsOnWhiteSite
35728,30,14
timeStep,numberOfRobotsOnBlackSite,numberOfRobotsOnWhiteSite
35729,30,14
timeStep,numberOfRobotsOnBlackSite,numberOfRobotsOnWhiteSite
35730,31,14
timeStep,numberOfRobotsOnBlackSite,numberOfRobotsOnWhiteSite
35731,31,14
timeStep,numberOfRobotsOnBlackSite,numberOfRobotsOnWhiteSite
35732,31,14
timeStep,numberOfRobotsOnBlackSite,numberOfRobotsOnWhiteSite
35733,31,14
timeStep,numberOfRobotsOnBlackSite,numberOfRobotsOnWhiteSite
35734,31,14
timeStep,numberOfRobotsOnBlackSite,numberOfRobotsOnWhiteSite
35735,31,14
timeStep,numberOfRobotsOnBlackSite,numberOfRobotsOnWhiteSite
35736,31,14
timeStep,numberOfRobotsOnBlackSite,numberOfRobotsOnWhiteSite
35737,31,14
timeStep,numberOfRobotsOnBlackSite,numberOfRobotsOnWhiteSite
35738,31,14
timeStep,numberOfRobotsOnBlackSite,numberOfRobotsOnWhiteSite
35739,31,14
timeStep,numberOfRobotsOnBlackSite,numberOfRobotsOnWhiteSite
35740,31,14
timeStep,numberOfRobotsOnBlackSite,numberOfRobotsOnWhiteSite
35741,31,14
timeStep,numberOfRobotsOnBlackSite,numberOfRobotsOnWhiteSite
35742,31,14
timeStep,numberOfRobotsOnBlackSite,numberOfRobotsOnWhiteSite
35743,31,14
timeStep,numberOfRobotsOnBlackSite,numberOfRobotsOnWhiteSite
35744,31,14
timeStep,numberOfRobotsOnBlackSite,numberOfRobotsOnWhiteSite
35745,31,14
timeStep,numberOfRobotsOnBlackSite,numberOfRobotsOnWhiteSite
35746,31,14
timeStep,numberOfRobotsOnBlackSite,numberOfRobotsOnWhiteSite
35747,31,14
timeStep,numberOfRobotsOnBlackSite,numberOfRobotsOnWhiteSite
35748,31,14
timeStep,numberOfRobotsOnBlackSite,numberOfRobotsOnWhiteSite
35749,31,14
timeStep,numberOfRobotsOnBlackSite,numberOfRobotsOnWhiteSite
35750,31,14
timeStep,numberOfRobotsOnBlackSite,numberOfRobotsOnWhiteSite
35751,31,14
timeStep,numberOfRobotsOnBlackSite,numberOfRobotsOnWhiteSite
35752,31,14
timeStep,numberOfRobotsOnBlackSite,numberOfRobotsOnWhiteSite
35753,31,14
timeStep,numberOfRobotsOnBlackSite,numberOfRobotsOnWhiteSite
35754,31,14
timeStep,numberOfRobotsOnBlackSite,numberOfRobotsOnWhiteSite
35755,31,14
timeStep,numberOfRobotsOnBlackSite,numberOfRobotsOnWhiteSite
35756,31,14
timeStep,numberOfRobotsOnBlackSite,numberOfRobotsOnWhiteSite
35757,31,14
timeStep,numberOfRobotsOnBlackSite,numberOfRobotsOnWhiteSite
35758,31,14
timeStep,numberOfRobotsOnBlackSite,numberOfRobotsOnWhiteSite
35759,31,14
timeStep,numberOfRobotsOnBlackSite,numberOfRobotsOnWhiteSite
35760,31,14
timeStep,numberOfRobotsOnBlackSite,numberOfRobotsOnWhiteSite
35761,31,14
timeStep,numberOfRobotsOnBlackSite,numberOfRobotsOnWhiteSite
35762,31,14
timeStep,numberOfRobotsOnBlackSite,numberOfRobotsOnWhiteSite
35763,31,14
timeStep,numberOfRobotsOnBlackSite,numberOfRobotsOnWhiteSite
35764,31,14
timeStep,numberOfRobotsOnBlackSite,numberOfRobotsOnWhiteSite
35765,31,14
timeStep,numberOfRobotsOnBlackSite,numberOfRobotsOnWhiteSite
35766,31,14
timeStep,numberOfRobotsOnBlackSite,numberOfRobotsOnWhiteSite
35767,31,14
timeStep,numberOfRobotsOnBlackSite,numberOfRobotsOnWhiteSite
35768,31,14
timeStep,numberOfRobotsOnBlackSite,numberOfRobotsOnWhiteSite
35769,31,14
timeStep,numberOfRobotsOnBlackSite,numberOfRobotsOnWhiteSite
35770,31,14
timeStep,numberOfRobotsOnBlackSite,numberOfRobotsOnWhiteSite
35771,31,14
timeStep,numberOfRobotsOnBlackSite,numberOfRobotsOnWhiteSite
35772,31,14
timeStep,numberOfRobotsOnBlackSite,numberOfRobotsOnWhiteSite
35773,31,14
timeStep,numberOfRobotsOnBlackSite,numberOfRobotsOnWhiteSite
35774,31,14
timeStep,numberOfRobotsOnBlackSite,numberOfRobotsOnWhiteSite
35775,31,14
timeStep,numberOfRobotsOnBlackSite,numberOfRobotsOnWhiteSite
35776,31,14
timeStep,numberOfRobotsOnBlackSite,numberOfRobotsOnWhiteSite
35777,31,14
timeStep,numberOfRobotsOnBlackSite,numberOfRobotsOnWhiteSite
35778,31,14
timeStep,numberOfRobotsOnBlackSite,numberOfRobotsOnWhiteSite
35779,31,14
timeStep,numberOfRobotsOnBlackSite,numberOfRobotsOnWhiteSite
35780,31,14
timeStep,numberOfRobotsOnBlackSite,numberOfRobotsOnWhiteSite
35781,31,14
timeStep,numberOfRobotsOnBlackSite,numberOfRobotsOnWhiteSite
35782,31,14
timeStep,numberOfRobotsOnBlackSite,numberOfRobotsOnWhiteSite
35783,31,14
timeStep,numberOfRobotsOnBlackSite,numberOfRobotsOnWhiteSite
35784,31,14
timeStep,numberOfRobotsOnBlackSite,numberOfRobotsOnWhiteSite
35785,31,14
timeStep,numberOfRobotsOnBlackSite,numberOfRobotsOnWhiteSite
35786,31,14
timeStep,numberOfRobotsOnBlackSite,numberOfRobotsOnWhiteSite
35787,31,14
timeStep,numberOfRobotsOnBlackSite,numberOfRobotsOnWhiteSite
35788,31,14
timeStep,numberOfRobotsOnBlackSite,numberOfRobotsOnWhiteSite
35789,31,14
timeStep,numberOfRobotsOnBlackSite,numberOfRobotsOnWhiteSite
35790,31,14
timeStep,numberOfRobotsOnBlackSite,numberOfRobotsOnWhiteSite
35791,31,14
timeStep,numberOfRobotsOnBlackSite,numberOfRobotsOnWhiteSite
35792,31,14
timeStep,numberOfRobotsOnBlackSite,numberOfRobotsOnWhiteSite
35793,31,14
timeStep,numberOfRobotsOnBlackSite,numberOfRobotsOnWhiteSite
35794,31,14
timeStep,numberOfRobotsOnBlackSite,numberOfRobotsOnWhiteSite
35795,31,14
timeStep,numberOfRobotsOnBlackSite,numberOfRobotsOnWhiteSite
35796,31,14
timeStep,numberOfRobotsOnBlackSite,numberOfRobotsOnWhiteSite
35797,31,14
timeStep,numberOfRobotsOnBlackSite,numberOfRobotsOnWhiteSite
35798,31,14
timeStep,numberOfRobotsOnBlackSite,numberOfRobotsOnWhiteSite
35799,31,14
timeStep,numberOfRobotsOnBlackSite,numberOfRobotsOnWhiteSite
35800,31,14
timeStep,numberOfRobotsOnBlackSite,numberOfRobotsOnWhiteSite
35801,31,14
timeStep,numberOfRobotsOnBlackSite,numberOfRobotsOnWhiteSite
35802,31,14
timeStep,numberOfRobotsOnBlackSite,numberOfRobotsOnWhiteSite
35803,31,14
timeStep,numberOfRobotsOnBlackSite,numberOfRobotsOnWhiteSite
35804,31,14
timeStep,numberOfRobotsOnBlackSite,numberOfRobotsOnWhiteSite
35805,31,14
timeStep,numberOfRobotsOnBlackSite,numberOfRobotsOnWhiteSite
35806,31,14
timeStep,numberOfRobotsOnBlackSite,numberOfRobotsOnWhiteSite
35807,31,14
timeStep,numberOfRobotsOnBlackSite,numberOfRobotsOnWhiteSite
35808,31,14
timeStep,numberOfRobotsOnBlackSite,numberOfRobotsOnWhiteSite
35809,31,14
timeStep,numberOfRobotsOnBlackSite,numberOfRobotsOnWhiteSite
35810,31,14
timeStep,numberOfRobotsOnBlackSite,numberOfRobotsOnWhiteSite
35811,31,14
timeStep,numberOfRobotsOnBlackSite,numberOfRobotsOnWhiteSite
35812,31,14
timeStep,numberOfRobotsOnBlackSite,numberOfRobotsOnWhiteSite
35813,31,14
timeStep,numberOfRobotsOnBlackSite,numberOfRobotsOnWhiteSite
35814,31,14
timeStep,numberOfRobotsOnBlackSite,numberOfRobotsOnWhiteSite
35815,31,14
timeStep,numberOfRobotsOnBlackSite,numberOfRobotsOnWhiteSite
35816,31,14
timeStep,numberOfRobotsOnBlackSite,numberOfRobotsOnWhiteSite
35817,31,14
timeStep,numberOfRobotsOnBlackSite,numberOfRobotsOnWhiteSite
35818,31,14
timeStep,numberOfRobotsOnBlackSite,numberOfRobotsOnWhiteSite
35819,31,14
timeStep,numberOfRobotsOnBlackSite,numberOfRobotsOnWhiteSite
35820,31,14
timeStep,numberOfRobotsOnBlackSite,numberOfRobotsOnWhiteSite
35821,31,14
timeStep,numberOfRobotsOnBlackSite,numberOfRobotsOnWhiteSite
35822,31,14
timeStep,numberOfRobotsOnBlackSite,numberOfRobotsOnWhiteSite
35823,31,14
timeStep,numberOfRobotsOnBlackSite,numberOfRobotsOnWhiteSite
35824,31,14
timeStep,numberOfRobotsOnBlackSite,numberOfRobotsOnWhiteSite
35825,31,14
timeStep,numberOfRobotsOnBlackSite,numberOfRobotsOnWhiteSite
35826,31,14
timeStep,numberOfRobotsOnBlackSite,numberOfRobotsOnWhiteSite
35827,31,14
timeStep,numberOfRobotsOnBlackSite,numberOfRobotsOnWhiteSite
35828,31,14
timeStep,numberOfRobotsOnBlackSite,numberOfRobotsOnWhiteSite
35829,31,14
timeStep,numberOfRobotsOnBlackSite,numberOfRobotsOnWhiteSite
35830,31,14
timeStep,numberOfRobotsOnBlackSite,numberOfRobotsOnWhiteSite
35831,31,14
timeStep,numberOfRobotsOnBlackSite,numberOfRobotsOnWhiteSite
35832,31,14
timeStep,numberOfRobotsOnBlackSite,numberOfRobotsOnWhiteSite
35833,31,14
timeStep,numberOfRobotsOnBlackSite,numberOfRobotsOnWhiteSite
35834,31,14
timeStep,numberOfRobotsOnBlackSite,numberOfRobotsOnWhiteSite
35835,31,14
timeStep,numberOfRobotsOnBlackSite,numberOfRobotsOnWhiteSite
35836,31,14
timeStep,numberOfRobotsOnBlackSite,numberOfRobotsOnWhiteSite
35837,31,14
timeStep,numberOfRobotsOnBlackSite,numberOfRobotsOnWhiteSite
35838,31,14
timeStep,numberOfRobotsOnBlackSite,numberOfRobotsOnWhiteSite
35839,31,14
timeStep,numberOfRobotsOnBlackSite,numberOfRobotsOnWhiteSite
35840,31,14
timeStep,numberOfRobotsOnBlackSite,numberOfRobotsOnWhiteSite
35841,31,14
timeStep,numberOfRobotsOnBlackSite,numberOfRobotsOnWhiteSite
35842,31,14
timeStep,numberOfRobotsOnBlackSite,numberOfRobotsOnWhiteSite
35843,31,14
timeStep,numberOfRobotsOnBlackSite,numberOfRobotsOnWhiteSite
35844,31,14
timeStep,numberOfRobotsOnBlackSite,numberOfRobotsOnWhiteSite
35845,31,14
timeStep,numberOfRobotsOnBlackSite,numberOfRobotsOnWhiteSite
35846,31,14
timeStep,numberOfRobotsOnBlackSite,numberOfRobotsOnWhiteSite
35847,31,14
timeStep,numberOfRobotsOnBlackSite,numberOfRobotsOnWhiteSite
35848,31,14
timeStep,numberOfRobotsOnBlackSite,numberOfRobotsOnWhiteSite
35849,31,14
timeStep,numberOfRobotsOnBlackSite,numberOfRobotsOnWhiteSite
35850,31,14
timeStep,numberOfRobotsOnBlackSite,numberOfRobotsOnWhiteSite
35851,31,14
timeStep,numberOfRobotsOnBlackSite,numberOfRobotsOnWhiteSite
35852,31,14
timeStep,numberOfRobotsOnBlackSite,numberOfRobotsOnWhiteSite
35853,31,14
timeStep,numberOfRobotsOnBlackSite,numberOfRobotsOnWhiteSite
35854,31,14
timeStep,numberOfRobotsOnBlackSite,numberOfRobotsOnWhiteSite
35855,31,14
timeStep,numberOfRobotsOnBlackSite,numberOfRobotsOnWhiteSite
35856,31,14
timeStep,numberOfRobotsOnBlackSite,numberOfRobotsOnWhiteSite
35857,31,14
timeStep,numberOfRobotsOnBlackSite,numberOfRobotsOnWhiteSite
35858,31,14
timeStep,numberOfRobotsOnBlackSite,numberOfRobotsOnWhiteSite
35859,31,14
timeStep,numberOfRobotsOnBlackSite,numberOfRobotsOnWhiteSite
35860,31,14
timeStep,numberOfRobotsOnBlackSite,numberOfRobotsOnWhiteSite
35861,31,14
timeStep,numberOfRobotsOnBlackSite,numberOfRobotsOnWhiteSite
35862,31,14
timeStep,numberOfRobotsOnBlackSite,numberOfRobotsOnWhiteSite
35863,31,14
timeStep,numberOfRobotsOnBlackSite,numberOfRobotsOnWhiteSite
35864,31,14
timeStep,numberOfRobotsOnBlackSite,numberOfRobotsOnWhiteSite
35865,31,14
timeStep,numberOfRobotsOnBlackSite,numberOfRobotsOnWhiteSite
35866,31,14
timeStep,numberOfRobotsOnBlackSite,numberOfRobotsOnWhiteSite
35867,31,14
timeStep,numberOfRobotsOnBlackSite,numberOfRobotsOnWhiteSite
35868,31,14
timeStep,numberOfRobotsOnBlackSite,numberOfRobotsOnWhiteSite
35869,31,14
timeStep,numberOfRobotsOnBlackSite,numberOfRobotsOnWhiteSite
35870,31,14
timeStep,numberOfRobotsOnBlackSite,numberOfRobotsOnWhiteSite
35871,31,14
timeStep,numberOfRobotsOnBlackSite,numberOfRobotsOnWhiteSite
35872,31,14
timeStep,numberOfRobotsOnBlackSite,numberOfRobotsOnWhiteSite
35873,31,14
timeStep,numberOfRobotsOnBlackSite,numberOfRobotsOnWhiteSite
35874,31,14
timeStep,numberOfRobotsOnBlackSite,numberOfRobotsOnWhiteSite
35875,31,14
timeStep,numberOfRobotsOnBlackSite,numberOfRobotsOnWhiteSite
35876,31,14
timeStep,numberOfRobotsOnBlackSite,numberOfRobotsOnWhiteSite
35877,31,14
timeStep,numberOfRobotsOnBlackSite,numberOfRobotsOnWhiteSite
35878,31,14
timeStep,numberOfRobotsOnBlackSite,numberOfRobotsOnWhiteSite
35879,31,14
timeStep,numberOfRobotsOnBlackSite,numberOfRobotsOnWhiteSite
35880,31,14
timeStep,numberOfRobotsOnBlackSite,numberOfRobotsOnWhiteSite
35881,31,14
timeStep,numberOfRobotsOnBlackSite,numberOfRobotsOnWhiteSite
35882,31,14
timeStep,numberOfRobotsOnBlackSite,numberOfRobotsOnWhiteSite
35883,31,14
timeStep,numberOfRobotsOnBlackSite,numberOfRobotsOnWhiteSite
35884,31,14
timeStep,numberOfRobotsOnBlackSite,numberOfRobotsOnWhiteSite
35885,31,14
timeStep,numberOfRobotsOnBlackSite,numberOfRobotsOnWhiteSite
35886,31,14
timeStep,numberOfRobotsOnBlackSite,numberOfRobotsOnWhiteSite
35887,31,14
timeStep,numberOfRobotsOnBlackSite,numberOfRobotsOnWhiteSite
35888,31,14
timeStep,numberOfRobotsOnBlackSite,numberOfRobotsOnWhiteSite
35889,31,14
timeStep,numberOfRobotsOnBlackSite,numberOfRobotsOnWhiteSite
35890,31,14
timeStep,numberOfRobotsOnBlackSite,numberOfRobotsOnWhiteSite
35891,31,14
timeStep,numberOfRobotsOnBlackSite,numberOfRobotsOnWhiteSite
35892,31,14
timeStep,numberOfRobotsOnBlackSite,numberOfRobotsOnWhiteSite
35893,31,14
timeStep,numberOfRobotsOnBlackSite,numberOfRobotsOnWhiteSite
35894,31,14
timeStep,numberOfRobotsOnBlackSite,numberOfRobotsOnWhiteSite
35895,31,14
timeStep,numberOfRobotsOnBlackSite,numberOfRobotsOnWhiteSite
35896,31,14
timeStep,numberOfRobotsOnBlackSite,numberOfRobotsOnWhiteSite
35897,31,14
timeStep,numberOfRobotsOnBlackSite,numberOfRobotsOnWhiteSite
35898,31,14
timeStep,numberOfRobotsOnBlackSite,numberOfRobotsOnWhiteSite
35899,31,14
timeStep,numberOfRobotsOnBlackSite,numberOfRobotsOnWhiteSite
35900,31,14
timeStep,numberOfRobotsOnBlackSite,numberOfRobotsOnWhiteSite
35901,31,14
timeStep,numberOfRobotsOnBlackSite,numberOfRobotsOnWhiteSite
35902,31,14
timeStep,numberOfRobotsOnBlackSite,numberOfRobotsOnWhiteSite
35903,31,14
timeStep,numberOfRobotsOnBlackSite,numberOfRobotsOnWhiteSite
35904,31,14
timeStep,numberOfRobotsOnBlackSite,numberOfRobotsOnWhiteSite
35905,31,15
timeStep,numberOfRobotsOnBlackSite,numberOfRobotsOnWhiteSite
35906,31,15
timeStep,numberOfRobotsOnBlackSite,numberOfRobotsOnWhiteSite
35907,31,15
timeStep,numberOfRobotsOnBlackSite,numberOfRobotsOnWhiteSite
35908,31,15
timeStep,numberOfRobotsOnBlackSite,numberOfRobotsOnWhiteSite
35909,31,15
timeStep,numberOfRobotsOnBlackSite,numberOfRobotsOnWhiteSite
35910,31,15
timeStep,numberOfRobotsOnBlackSite,numberOfRobotsOnWhiteSite
35911,31,15
timeStep,numberOfRobotsOnBlackSite,numberOfRobotsOnWhiteSite
35912,31,15
timeStep,numberOfRobotsOnBlackSite,numberOfRobotsOnWhiteSite
35913,31,15
timeStep,numberOfRobotsOnBlackSite,numberOfRobotsOnWhiteSite
35914,31,15
timeStep,numberOfRobotsOnBlackSite,numberOfRobotsOnWhiteSite
35915,31,15
timeStep,numberOfRobotsOnBlackSite,numberOfRobotsOnWhiteSite
35916,31,15
timeStep,numberOfRobotsOnBlackSite,numberOfRobotsOnWhiteSite
35917,31,15
timeStep,numberOfRobotsOnBlackSite,numberOfRobotsOnWhiteSite
35918,31,15
timeStep,numberOfRobotsOnBlackSite,numberOfRobotsOnWhiteSite
35919,31,15
timeStep,numberOfRobotsOnBlackSite,numberOfRobotsOnWhiteSite
35920,31,15
timeStep,numberOfRobotsOnBlackSite,numberOfRobotsOnWhiteSite
35921,31,15
timeStep,numberOfRobotsOnBlackSite,numberOfRobotsOnWhiteSite
35922,31,15
timeStep,numberOfRobotsOnBlackSite,numberOfRobotsOnWhiteSite
35923,31,15
timeStep,numberOfRobotsOnBlackSite,numberOfRobotsOnWhiteSite
35924,31,15
timeStep,numberOfRobotsOnBlackSite,numberOfRobotsOnWhiteSite
35925,31,15
timeStep,numberOfRobotsOnBlackSite,numberOfRobotsOnWhiteSite
35926,31,15
timeStep,numberOfRobotsOnBlackSite,numberOfRobotsOnWhiteSite
35927,31,15
timeStep,numberOfRobotsOnBlackSite,numberOfRobotsOnWhiteSite
35928,31,15
timeStep,numberOfRobotsOnBlackSite,numberOfRobotsOnWhiteSite
35929,31,15
timeStep,numberOfRobotsOnBlackSite,numberOfRobotsOnWhiteSite
35930,31,15
timeStep,numberOfRobotsOnBlackSite,numberOfRobotsOnWhiteSite
35931,31,15
timeStep,numberOfRobotsOnBlackSite,numberOfRobotsOnWhiteSite
35932,31,15
timeStep,numberOfRobotsOnBlackSite,numberOfRobotsOnWhiteSite
35933,31,15
timeStep,numberOfRobotsOnBlackSite,numberOfRobotsOnWhiteSite
35934,31,15
timeStep,numberOfRobotsOnBlackSite,numberOfRobotsOnWhiteSite
35935,31,15
timeStep,numberOfRobotsOnBlackSite,numberOfRobotsOnWhiteSite
35936,31,15
timeStep,numberOfRobotsOnBlackSite,numberOfRobotsOnWhiteSite
35937,31,15
timeStep,numberOfRobotsOnBlackSite,numberOfRobotsOnWhiteSite
35938,31,15
timeStep,numberOfRobotsOnBlackSite,numberOfRobotsOnWhiteSite
35939,31,15
timeStep,numberOfRobotsOnBlackSite,numberOfRobotsOnWhiteSite
35940,31,15
timeStep,numberOfRobotsOnBlackSite,numberOfRobotsOnWhiteSite
35941,31,15
timeStep,numberOfRobotsOnBlackSite,numberOfRobotsOnWhiteSite
35942,31,15
timeStep,numberOfRobotsOnBlackSite,numberOfRobotsOnWhiteSite
35943,31,15
timeStep,numberOfRobotsOnBlackSite,numberOfRobotsOnWhiteSite
35944,31,15
timeStep,numberOfRobotsOnBlackSite,numberOfRobotsOnWhiteSite
35945,31,15
timeStep,numberOfRobotsOnBlackSite,numberOfRobotsOnWhiteSite
35946,31,15
timeStep,numberOfRobotsOnBlackSite,numberOfRobotsOnWhiteSite
35947,31,15
timeStep,numberOfRobotsOnBlackSite,numberOfRobotsOnWhiteSite
35948,31,15
timeStep,numberOfRobotsOnBlackSite,numberOfRobotsOnWhiteSite
35949,31,15
timeStep,numberOfRobotsOnBlackSite,numberOfRobotsOnWhiteSite
35950,31,15
timeStep,numberOfRobotsOnBlackSite,numberOfRobotsOnWhiteSite
35951,31,15
timeStep,numberOfRobotsOnBlackSite,numberOfRobotsOnWhiteSite
35952,31,15
timeStep,numberOfRobotsOnBlackSite,numberOfRobotsOnWhiteSite
35953,31,15
timeStep,numberOfRobotsOnBlackSite,numberOfRobotsOnWhiteSite
35954,31,15
timeStep,numberOfRobotsOnBlackSite,numberOfRobotsOnWhiteSite
35955,31,15
timeStep,numberOfRobotsOnBlackSite,numberOfRobotsOnWhiteSite
35956,31,15
timeStep,numberOfRobotsOnBlackSite,numberOfRobotsOnWhiteSite
35957,31,15
timeStep,numberOfRobotsOnBlackSite,numberOfRobotsOnWhiteSite
35958,31,15
timeStep,numberOfRobotsOnBlackSite,numberOfRobotsOnWhiteSite
35959,31,15
timeStep,numberOfRobotsOnBlackSite,numberOfRobotsOnWhiteSite
35960,31,15
timeStep,numberOfRobotsOnBlackSite,numberOfRobotsOnWhiteSite
35961,31,15
timeStep,numberOfRobotsOnBlackSite,numberOfRobotsOnWhiteSite
35962,31,15
timeStep,numberOfRobotsOnBlackSite,numberOfRobotsOnWhiteSite
35963,31,15
timeStep,numberOfRobotsOnBlackSite,numberOfRobotsOnWhiteSite
35964,31,15
timeStep,numberOfRobotsOnBlackSite,numberOfRobotsOnWhiteSite
35965,31,15
timeStep,numberOfRobotsOnBlackSite,numberOfRobotsOnWhiteSite
35966,31,15
timeStep,numberOfRobotsOnBlackSite,numberOfRobotsOnWhiteSite
35967,31,15
timeStep,numberOfRobotsOnBlackSite,numberOfRobotsOnWhiteSite
35968,31,15
timeStep,numberOfRobotsOnBlackSite,numberOfRobotsOnWhiteSite
35969,31,15
timeStep,numberOfRobotsOnBlackSite,numberOfRobotsOnWhiteSite
35970,31,15
timeStep,numberOfRobotsOnBlackSite,numberOfRobotsOnWhiteSite
35971,31,15
timeStep,numberOfRobotsOnBlackSite,numberOfRobotsOnWhiteSite
35972,31,15
timeStep,numberOfRobotsOnBlackSite,numberOfRobotsOnWhiteSite
35973,31,15
timeStep,numberOfRobotsOnBlackSite,numberOfRobotsOnWhiteSite
35974,31,15
timeStep,numberOfRobotsOnBlackSite,numberOfRobotsOnWhiteSite
35975,31,15
timeStep,numberOfRobotsOnBlackSite,numberOfRobotsOnWhiteSite
35976,31,15
timeStep,numberOfRobotsOnBlackSite,numberOfRobotsOnWhiteSite
35977,31,15
timeStep,numberOfRobotsOnBlackSite,numberOfRobotsOnWhiteSite
35978,31,15
timeStep,numberOfRobotsOnBlackSite,numberOfRobotsOnWhiteSite
35979,31,15
timeStep,numberOfRobotsOnBlackSite,numberOfRobotsOnWhiteSite
35980,31,15
timeStep,numberOfRobotsOnBlackSite,numberOfRobotsOnWhiteSite
35981,31,15
timeStep,numberOfRobotsOnBlackSite,numberOfRobotsOnWhiteSite
35982,31,15
timeStep,numberOfRobotsOnBlackSite,numberOfRobotsOnWhiteSite
35983,31,15
timeStep,numberOfRobotsOnBlackSite,numberOfRobotsOnWhiteSite
35984,31,15
timeStep,numberOfRobotsOnBlackSite,numberOfRobotsOnWhiteSite
35985,31,15
timeStep,numberOfRobotsOnBlackSite,numberOfRobotsOnWhiteSite
35986,31,15
timeStep,numberOfRobotsOnBlackSite,numberOfRobotsOnWhiteSite
35987,31,15
timeStep,numberOfRobotsOnBlackSite,numberOfRobotsOnWhiteSite
35988,31,15
timeStep,numberOfRobotsOnBlackSite,numberOfRobotsOnWhiteSite
35989,31,15
timeStep,numberOfRobotsOnBlackSite,numberOfRobotsOnWhiteSite
35990,31,15
timeStep,numberOfRobotsOnBlackSite,numberOfRobotsOnWhiteSite
35991,31,15
timeStep,numberOfRobotsOnBlackSite,numberOfRobotsOnWhiteSite
35992,31,15
timeStep,numberOfRobotsOnBlackSite,numberOfRobotsOnWhiteSite
35993,31,15
timeStep,numberOfRobotsOnBlackSite,numberOfRobotsOnWhiteSite
35994,31,15
timeStep,numberOfRobotsOnBlackSite,numberOfRobotsOnWhiteSite
35995,31,15
timeStep,numberOfRobotsOnBlackSite,numberOfRobotsOnWhiteSite
35996,31,15
timeStep,numberOfRobotsOnBlackSite,numberOfRobotsOnWhiteSite
35997,31,15
timeStep,numberOfRobotsOnBlackSite,numberOfRobotsOnWhiteSite
35998,31,15
timeStep,numberOfRobotsOnBlackSite,numberOfRobotsOnWhiteSite
35999,31,15
timeStep,numberOfRobotsOnBlackSite,numberOfRobotsOnWhiteSite
36000,31,15
